1609
10
18 19 36 36 19 20 21 26 19 21
801

0 0 0 0 0 8 0 22 0 38 30 99 94 0 56 81 0 63
718 0 928 736 79 0 90 0 0 96 76 0 73 77 0 0 62 0 0
984 407 688 0 0 164 0 0 0 41 4 35 85 62 57 74 0 30 53 0 38 1 0 54 0 0 22 40 0 32 15 68 0 0 0 0
0 0 572 931 0 61 0 84 0 5 0 72 0 0 21 0 0 0 61 18 0 0 0 91 0 0 70 59 0 0 75 12 0 0 10 49
461 0 0 0 42 38 0 91 0 0 99 0 43 82 0 72 6 22 41
0 297 0 664 81 90 0 94 23 0 57 51 62 100 0 36 38 0 0 46
268 659 0 730 0 0 6 0 61 0 96 75 0 0 0 43 23 0 0 0 45
0 0 124 0 0 48 79 0 69 6 0 0 49 0 28 0 65 6 0 0 39 81 31 25 97 0
0 244 430 15 0 0 0 0 0 0 91 79 94 99 87 22 26 90 0
0 242 222 0 0 0 0 79 0 0 96 100 0 0 66 22 52 5 0 53 94

0 0 8
0 0 18
0 1 3
0 1 9
0 1 10
0 1 13
0 2 3
0 2 6
0 2 9
0 3 6
0 4 3
0 4 4
0 4 5
0 4 10
0 4 17
0 5 10
0 5 15
0 6 0
0 6 1
0 6 9
0 6 13
0 7 2
0 7 8
0 7 12
0 8 7
0 8 12
0 8 13
0 8 16
0 9 1
0 12 0
0 12 3
0 12 15
0 13 0
0 13 8
0 13 11
0 13 12
0 14 2
0 15 4
0 15 7
0 15 16
0 16 9
0 16 12
0 16 17
0 17 4
0 17 9
1 0 2
1 0 3
1 0 24
1 0 32
1 1 0
1 1 2
1 1 16
1 1 24
1 1 25
1 1 29
1 1 30
1 2 1
1 2 6
1 2 11
1 2 15
1 2 17
1 2 18
1 2 31
1 2 32
1 2 35
1 3 0
1 3 2
1 3 6
1 3 23
1 3 28
1 3 31
1 3 33
1 4 6
1 4 11
1 4 20
1 4 28
1 5 8
1 5 14
1 5 20
1 5 23
1 5 25
1 5 26
1 5 34
1 6 4
1 6 17
1 6 18
1 6 21
1 6 26
1 6 28
1 7 0
1 7 13
1 7 16
1 7 18
1 7 21
1 7 26
1 7 30
1 8 0
1 8 1
1 8 9
1 8 25
1 9 5
1 9 11
1 9 16
1 9 21
1 9 23
1 9 26
1 9 31
1 9 32
1 9 33
1 10 1
1 10 29
1 10 31
1 11 5
1 11 27
1 11 31
1 12 1
1 12 3
1 12 8
1 12 11
1 12 13
1 12 14
1 12 22
1 12 31
1 13 3
1 13 17
1 13 22
1 13 24
1 13 33
1 14 6
1 14 32
1 15 8
1 15 9
1 15 24
1 15 28
1 15 29
1 15 30
1 16 2
1 16 12
1 16 25
1 17 8
1 17 9
1 17 11
1 17 12
1 18 9
1 18 16
1 18 23
1 18 33
2 0 9
2 0 13
2 0 14
2 0 15
2 0 16
2 0 17
2 0 22
2 0 24
2 0 29
2 1 5
2 1 8
2 1 10
2 1 24
2 2 7
2 2 8
2 2 13
2 2 19
2 2 26
2 2 33
2 3 3
2 3 17
2 3 18
2 3 24
2 3 28
2 3 29
2 3 30
2 3 31
2 3 34
2 4 3
2 4 10
2 4 12
2 4 15
2 4 19
2 5 25
2 5 26
2 6 9
2 6 15
2 6 18
2 6 19
2 6 24
2 6 27
2 6 33
2 7 2
2 7 6
2 7 7
2 7 18
2 7 21
2 7 33
2 8 0
2 8 2
2 8 13
2 8 17
2 8 19
2 8 31
2 8 33
2 9 0
2 9 15
2 9 19
2 9 20
2 10 4
2 10 7
2 10 9
2 10 27
2 10 29
2 10 35
2 11 2
2 11 16
2 11 17
2 11 21
2 11 25
2 11 31
2 11 35
2 12 21
2 12 26
2 12 29
2 12 31
2 13 3
2 13 19
2 13 21
2 13 24
2 13 26
2 13 28
2 13 31
2 13 34
2 13 35
2 14 3
2 14 29
2 14 35
2 15 2
2 15 15
2 15 24
2 15 29
2 15 31
2 16 2
2 16 5
2 16 6
2 16 13
2 16 20
2 16 31
2 17 7
2 17 17
2 17 21
2 17 22
2 17 23
2 17 30
2 17 33
2 17 34
2 18 12
2 18 17
2 18 22
2 18 26
2 19 7
2 19 8
2 19 10
2 19 32
2 19 35
2 20 1
2 20 6
2 20 10
2 20 14
2 20 15
2 20 18
2 20 19
2 20 22
2 20 32
2 21 7
2 21 11
2 21 15
2 21 18
2 21 19
2 21 21
2 21 23
2 21 25
2 21 29
2 21 33
2 21 34
2 22 4
2 22 14
2 22 20
2 22 26
2 23 0
2 23 4
2 23 13
2 23 15
2 23 22
2 23 29
2 23 34
2 24 5
2 24 9
2 24 11
2 24 24
2 24 29
2 24 35
2 25 2
2 25 3
2 25 8
2 25 9
2 25 11
2 25 17
2 25 28
2 25 31
2 26 0
2 26 8
2 26 9
2 26 25
2 27 13
2 27 27
2 28 0
2 28 13
2 29 2
2 29 17
2 29 22
2 29 30
2 30 7
2 30 15
2 30 25
2 30 26
2 30 30
2 31 7
2 31 10
2 31 25
2 31 32
2 32 4
2 32 8
2 32 11
2 32 25
2 32 27
2 32 31
2 33 9
2 33 17
2 33 18
2 33 20
2 33 25
2 33 26
2 33 28
2 34 19
2 34 27
2 35 0
2 35 3
2 35 9
2 35 12
2 35 13
2 35 29
3 0 3
3 0 9
3 0 12
3 1 0
3 1 7
3 1 9
3 1 10
3 1 11
3 1 12
3 1 17
3 2 1
3 2 17
3 3 0
3 3 2
3 3 13
3 4 2
3 4 11
3 5 0
3 5 12
3 5 14
3 5 17
3 6 4
3 6 7
3 7 17
3 8 6
3 8 12
3 8 18
3 9 7
3 9 9
3 9 15
3 10 2
3 10 9
3 10 18
3 11 2
3 11 6
3 11 12
3 11 16
3 11 17
3 12 0
3 12 2
3 12 6
3 12 7
3 13 6
3 14 0
3 14 3
3 14 13
3 15 6
3 15 8
3 16 12
3 16 17
3 17 6
3 17 7
3 17 10
3 17 17
3 18 2
3 18 6
3 18 12
3 19 0
3 19 12
3 19 17
3 20 4
3 20 7
3 20 14
3 21 2
3 21 10
3 21 16
3 22 2
3 22 15
3 23 2
3 23 8
3 24 1
3 25 1
3 25 5
3 25 13
3 26 0
3 26 4
3 26 14
3 26 15
3 27 3
3 27 11
3 28 4
3 28 11
3 28 17
3 29 7
3 29 8
3 29 9
3 29 10
3 29 18
3 30 0
3 30 1
3 30 3
3 30 5
3 30 11
3 30 15
3 31 3
3 31 12
3 31 13
3 32 2
3 32 8
3 32 9
3 33 14
3 34 12
3 35 7
3 35 10
3 35 15
4 0 0
4 0 9
4 1 3
4 1 8
4 1 10
4 1 17
4 2 10
4 2 14
4 2 19
4 3 6
4 3 13
4 3 14
4 4 2
4 4 7
4 4 10
4 5 2
4 5 7
4 6 3
4 6 7
4 6 8
4 6 9
4 6 11
4 7 3
4 7 8
4 8 0
4 8 2
4 8 7
4 8 13
4 8 15
4 8 17
4 8 19
4 9 7
4 9 9
4 9 13
4 10 0
4 10 12
4 10 16
4 11 6
4 11 19
4 12 11
4 12 13
4 12 15
4 13 0
4 13 6
4 14 4
4 14 6
4 14 7
4 14 14
4 14 17
4 15 2
4 15 3
4 15 13
4 15 14
4 16 12
4 16 15
4 16 18
4 17 3
4 17 6
4 17 11
4 17 14
4 18 0
4 18 4
4 18 8
5 0 7
5 0 16
5 0 17
5 1 2
5 2 7
5 2 14
5 3 18
5 5 8
5 5 9
5 6 6
5 6 14
5 7 3
5 7 6
5 7 14
5 7 16
5 7 20
5 8 13
5 9 4
5 9 5
5 9 12
5 9 13
5 9 18
5 10 17
5 10 18
5 11 8
5 11 20
5 12 9
5 12 11
5 12 16
5 12 18
5 13 11
5 13 20
5 14 14
5 14 19
5 15 0
5 16 19
5 17 7
5 17 8
5 17 10
5 17 19
5 19 5
5 19 12
5 19 16
5 19 19
6 0 4
6 0 6
6 0 15
6 0 22
6 0 23
6 0 25
6 1 8
6 1 11
6 1 22
6 1 23
6 2 0
6 2 7
6 2 15
6 2 18
6 2 20
6 2 21
6 2 23
6 3 3
6 3 4
6 3 13
6 3 20
6 3 23
6 4 3
6 4 4
6 4 8
6 4 9
6 4 23
6 5 3
6 6 1
6 6 7
6 6 17
6 7 6
6 7 7
6 7 17
6 7 24
6 8 6
6 8 11
6 8 20
6 9 1
6 9 2
6 9 5
6 9 6
6 10 3
6 10 4
6 10 9
6 10 10
6 10 16
6 11 0
6 11 19
6 12 4
6 12 13
6 12 17
6 12 22
6 13 2
6 13 6
6 13 15
6 13 21
6 13 22
6 14 5
6 14 10
6 14 13
6 14 25
6 15 2
6 15 12
6 15 13
6 15 23
6 17 3
6 17 20
6 18 1
6 18 3
6 18 7
6 18 10
6 18 12
6 18 15
6 18 17
6 18 23
6 19 1
6 19 2
6 19 6
6 19 10
6 19 21
6 19 22
6 19 23
6 20 2
6 20 17
7 0 3
7 0 5
7 0 6
7 0 8
7 0 12
7 0 16
7 1 6
7 2 1
7 2 13
7 2 14
7 2 17
7 3 12
7 4 2
7 4 8
7 4 14
7 4 16
7 4 17
7 5 0
7 5 2
7 5 3
7 5 10
7 5 18
7 6 7
7 6 17
7 7 3
7 7 4
7 8 10
7 8 14
7 8 16
7 8 18
7 9 6
7 9 8
7 9 15
7 10 9
7 10 16
7 11 1
7 11 11
7 11 17
7 12 5
7 12 12
7 13 2
7 13 12
7 13 14
7 14 3
7 14 8
7 14 16
7 14 18
7 15 3
7 15 4
7 15 14
7 15 18
7 16 2
7 16 4
7 16 9
7 17 11
7 17 14
7 17 16
7 18 1
7 18 7
7 18 14
7 19 1
7 19 6
7 19 12
7 19 17
7 20 2
7 20 3
7 20 18
7 21 6
7 21 8
7 21 13
7 21 16
7 22 0
7 22 5
7 22 6
7 22 13
7 23 2
7 23 9
7 23 16
7 24 2
7 24 9
7 24 15
7 24 16
7 25 8
7 25 13
7 25 18
8 0 2
8 0 12
8 0 15
8 0 18
8 1 2
8 1 5
8 1 14
8 1 15
8 1 16
8 2 9
8 2 10
8 3 7
8 4 0
8 4 2
8 4 3
8 4 15
8 4 17
8 5 0
8 5 17
8 5 18
8 6 4
8 6 7
8 6 10
8 6 12
8 6 16
8 7 3
8 7 5
8 7 8
8 7 14
8 8 2
8 8 6
8 8 7
8 8 16
8 8 19
8 9 1
8 10 1
8 11 3
8 11 4
8 11 5
8 11 11
8 11 15
8 11 16
8 11 19
8 12 0
8 12 2
8 12 6
8 12 7
8 12 11
8 12 15
8 12 16
8 13 17
8 14 11
8 14 13
8 14 18
8 15 7
8 15 8
8 15 14
8 16 7
8 16 9
8 17 3
8 17 5
8 17 11
8 17 15
8 17 16
8 17 20
8 18 1
8 18 3
8 18 10
8 18 15