527
8
29 28 51 23 23 28 32 23
459

883 957 0 933 0 821 0 5 0 99 0 0 8 77 0 93 57 0 0 92 8 0 72 0 72 0 0 92 0
915 131 0 826 0 0 91 93 0 0 90 0 0 0 55 0 0 81 7 61 94 30 0 38 31 89 0 0
0 0 510 588 246 0 966 0 348 0 0 0 0 95 71 0 0 96 91 0 30 0 96 81 30 61 58 0 0 0 0 0 0 80 0 0 0 0 0 0 0 73 0 48 0 0 18 0 44 0 69
41 915 724 511 0 0 65 0 0 68 0 0 88 0 0 0 0 59 43 0 0 38 0
0 0 327 326 290 27 0 20 0 56 66 0 0 0 0 66 67 0 0 0 46 63 90
132 0 752 973 0 0 35 0 74 15 40 0 0 0 0 0 85 0 67 0 100 22 99 3 77 60 87 0
795 25 257 693 0 0 0 0 6 0 0 0 0 44 23 0 18 0 47 83 0 42 0 82 0 0 0 0 83 0 0 0
800 0 237 0 750 50 0 91 11 59 59 0 0 0 0 0 0 0 0 0 0 2 0

0 0 13
0 0 21
0 1 2
0 2 3
0 2 6
0 3 2
0 3 5
0 3 7
0 3 23
0 5 4
0 5 10
0 5 12
0 5 22
0 6 20
0 6 25
0 7 5
0 7 14
0 8 2
0 8 16
0 8 20
0 9 16
0 9 21
0 10 23
0 11 7
0 11 10
0 11 19
0 11 21
0 12 2
0 12 3
0 12 18
0 12 25
0 13 10
0 14 15
0 15 16
0 15 20
0 17 7
0 18 8
0 19 10
0 19 12
0 19 24
0 20 1
0 20 15
0 20 16
0 20 19
0 21 19
0 22 0
0 22 10
0 22 11
0 23 21
0 23 24
0 24 0
0 25 16
0 25 18
0 25 19
0 26 1
0 26 15
0 26 17
0 26 24
0 28 9
0 28 10
0 28 11
0 28 12
0 28 27
1 0 9
1 0 42
1 0 43
1 1 7
1 1 29
1 1 32
1 1 47
1 1 49
1 2 3
1 2 28
1 2 48
1 3 5
1 3 6
1 3 8
1 3 19
1 3 23
1 3 25
1 3 28
1 3 29
1 3 41
1 4 12
1 4 42
1 4 43
1 4 44
1 5 8
1 5 9
1 5 15
1 5 42
1 5 43
1 6 11
1 6 21
1 6 24
1 6 28
1 6 29
1 6 35
1 7 10
1 7 41
1 7 44
1 8 10
1 8 11
1 8 18
1 8 22
1 8 40
1 8 41
1 9 3
1 9 9
1 9 15
1 9 49
1 10 19
1 10 41
1 10 47
1 11 29
1 11 34
1 12 9
1 12 39
1 12 42
1 13 28
1 13 45
1 13 46
1 14 7
1 14 36
1 14 43
1 14 49
1 15 14
1 15 22
1 15 27
1 16 1
1 16 17
1 16 27
1 16 32
1 16 35
1 16 46
1 17 4
1 17 22
1 17 35
1 17 41
1 17 42
1 17 43
1 18 17
1 18 20
1 18 31
1 18 43
1 19 8
1 19 9
1 19 27
1 19 50
1 20 17
1 20 38
1 21 16
1 21 50
1 22 8
1 22 10
1 22 45
1 22 50
1 23 29
1 23 34
1 23 44
1 23 50
1 24 17
1 24 21
1 24 24
1 24 35
1 24 37
1 25 14
1 25 19
1 25 26
1 25 33
1 25 42
1 27 11
1 27 14
1 27 18
1 27 22
1 27 44
1 27 45
2 0 8
2 0 20
2 1 6
2 2 13
2 3 6
2 3 9
2 3 16
2 5 13
2 5 16
2 6 1
2 6 9
2 6 14
2 7 6
2 7 11
2 8 11
2 11 2
2 11 17
2 12 17
2 14 0
2 15 21
2 17 9
2 17 17
2 18 19
2 19 3
2 19 14
2 20 5
2 20 11
2 22 11
2 22 17
2 24 7
2 25 17
2 25 21
2 26 1
2 26 10
2 26 15
2 27 5
2 28 0
2 30 2
2 31 12
2 32 19
2 33 12
2 34 18
2 35 12
2 35 13
2 35 20
2 36 5
2 37 0
2 37 12
2 37 16
2 37 18
2 38 4
2 38 10
2 38 15
2 40 7
2 40 8
2 42 1
2 42 8
2 42 17
2 42 21
2 43 1
2 43 15
2 43 17
2 44 2
2 44 3
2 44 13
2 44 17
2 45 11
2 45 13
2 46 0
2 46 14
2 48 11
2 48 12
2 48 13
2 49 2
2 50 8
2 50 18
3 0 20
3 1 4
3 1 16
3 1 21
3 2 7
3 2 16
3 3 9
3 3 20
3 4 2
3 4 13
3 4 17
3 5 2
3 5 14
3 6 9
3 6 10
3 6 14
3 6 17
3 6 20
3 6 21
3 7 13
3 7 16
3 8 2
3 8 7
3 9 4
3 9 5
3 9 7
3 10 9
3 11 2
3 11 11
3 12 4
3 12 12
3 12 22
3 13 15
3 14 12
3 15 8
3 15 11
3 17 2
3 17 12
3 18 1
3 18 10
3 19 7
3 20 8
3 21 4
3 21 11
3 21 13
3 21 20
3 21 22
3 22 8
3 22 11
3 22 17
3 22 19
4 0 7
4 0 9
4 1 0
4 1 8
4 1 11
4 1 18
4 2 0
4 2 4
4 4 24
4 7 12
4 7 13
4 7 16
4 9 17
4 10 19
4 10 23
4 10 25
4 10 27
4 11 15
4 12 23
4 13 4
4 14 5
4 14 20
4 14 27
4 15 26
4 17 5
4 17 17
4 17 22
4 18 24
4 19 0
4 19 3
4 19 20
4 19 25
4 20 12
4 20 16
4 20 19
5 0 9
5 0 13
5 0 23
5 0 29
5 0 30
5 1 19
5 1 20
5 1 25
5 2 29
5 2 30
5 3 12
5 3 15
5 4 26
5 4 30
5 5 4
5 5 16
5 5 19
5 5 24
5 6 3
5 6 12
5 7 15
5 8 16
5 8 31
5 9 11
5 9 12
5 11 17
5 11 18
5 13 30
5 14 0
5 14 6
5 14 7
5 14 11
5 14 28
5 15 4
5 16 1
5 16 24
5 17 25
5 18 8
5 18 9
5 18 22
5 18 23
5 18 31
5 19 3
5 19 4
5 19 16
5 19 19
5 20 8
5 20 15
5 21 4
5 21 21
5 21 26
5 23 14
5 24 19
5 25 3
5 26 28
5 27 1
5 27 2
5 27 5
5 27 10
5 27 26
6 1 10
6 2 4
6 2 7
6 2 22
6 3 5
6 3 6
6 4 4
6 4 11
6 4 13
6 4 21
6 5 14
6 6 11
6 7 13
6 7 15
6 8 3
6 9 8
6 9 11
6 9 22
6 10 15
6 10 16
6 11 3
6 11 10
6 11 12
6 11 16
6 13 0
6 13 7
6 14 0
6 14 10
6 14 14
6 15 2
6 15 7
6 15 14
6 15 22
6 16 22
6 17 4
6 17 7
6 17 14
6 18 9
6 19 4
6 19 14
6 19 15
6 19 17
6 20 4
6 21 7
6 21 18
6 22 5
6 24 11
6 25 0
6 26 12
6 26 13
6 27 5
6 27 17
6 29 1
6 29 10
6 30 7
6 30 9
6 30 17
6 31 12
6 31 19
6 31 20