874
8
49 28 30 36 47 30 28 29
300

0 629 0 371 0 413 648 0 0 7 0 74 5 91 0 39 0 0 0 33 0 0 0 64 62 91 41 69 0 73 76 0 0 0 8 15 13 81 0 0 99 69 100 8 99 27 59 97 9
983 0 93 0 467 0 0 0 25 0 0 16 0 5 6 85 16 0 0 0 0 0 52 24 0 23 0 0
702 968 0 0 0 29 0 0 0 72 0 34 93 0 0 0 15 89 15 90 40 0 0 0 77 0 0 0 0 0
892 50 0 0 696 895 0 0 0 0 0 40 78 70 0 63 0 3 89 76 0 49 0 0 0 0 0 24 0 0 0 0 0 0 0 0
0 576 0 541 0 0 0 62 0 74 58 28 9 0 13 0 16 89 50 0 4 62 0 0 0 77 19 0 0 0 59 0 0 74 0 0 0 4 33 8 44 38 0 0 0 0 0
675 0 0 0 355 0 61 0 65 0 41 2 0 0 46 4 66 69 12 0 0 0 35 0 0 0 0 13 19 0
0 0 753 0 0 78 0 99 0 0 0 94 0 68 0 0 0 77 0 83 0 0 75 26 74 89 0 33
956 0 0 80 0 0 0 0 98 74 98 0 0 77 0 42 0 0 0 35 0 0 72 0 0 32 69 38 44

0 0 5
0 1 3
0 3 10
0 3 19
0 4 19
0 4 21
0 4 23
0 4 26
0 5 7
0 7 14
0 8 24
0 9 22
0 10 18
0 11 6
0 12 5
0 12 27
0 13 10
0 14 2
0 14 18
0 14 20
0 14 22
0 17 16
0 18 23
0 19 25
0 22 0
0 22 13
0 26 10
0 27 3
0 27 14
0 27 27
0 28 4
0 28 19
0 30 22
0 32 3
0 32 14
0 32 20
0 34 1
0 34 6
0 34 25
0 35 0
0 36 18
0 39 10
0 40 9
0 40 27
0 41 10
0 42 1
0 42 19
0 43 24
0 45 1
0 45 23
0 46 21
0 47 2
0 47 7
0 48 17
1 0 3
1 0 18
1 1 9
1 4 27
1 5 2
1 7 26
1 8 7
1 8 28
1 9 24
1 10 7
1 10 19
1 11 13
1 11 24
1 12 19
1 12 21
1 12 22
1 14 2
1 17 21
1 20 9
1 20 24
1 20 28
1 21 3
1 21 23
1 22 4
1 23 24
1 24 9
1 24 17
1 25 1
1 25 9
1 25 14
1 25 26
1 27 0
1 27 5
2 0 14
2 2 27
2 5 27
2 5 28
2 6 14
2 6 34
2 8 5
2 8 11
2 8 22
2 9 5
2 9 13
2 10 21
2 11 7
2 11 17
2 11 22
2 14 4
2 14 13
2 14 23
2 16 14
2 16 19
2 17 35
2 18 3
2 19 8
2 20 3
2 20 4
2 20 6
2 20 8
2 20 31
2 22 0
2 22 7
2 22 27
2 23 20
2 23 27
2 23 35
2 24 26
2 24 30
2 27 29
2 28 22
2 29 18
3 0 9
3 0 28
3 0 32
3 0 33
3 1 1
3 1 10
3 1 22
3 1 26
3 1 40
3 2 10
3 2 23
3 6 2
3 6 9
3 6 34
3 7 24
3 7 25
3 9 22
3 11 24
3 11 45
3 12 16
3 12 31
3 13 2
3 13 17
3 13 45
3 14 26
3 15 21
3 15 42
3 17 37
3 18 27
3 18 29
3 18 42
3 20 15
3 20 34
3 20 41
3 21 38
3 22 19
3 23 6
3 24 6
3 24 36
3 24 46
3 25 8
3 26 43
3 27 29
3 28 17
3 28 28
3 28 31
3 28 33
3 28 39
3 28 46
3 29 40
3 29 41
3 30 38
3 31 14
3 31 42
3 32 4
3 32 38
3 33 14
3 34 3
3 34 13
3 35 37
4 1 10
4 1 14
4 1 15
4 2 4
4 3 0
4 3 12
4 4 19
4 4 26
4 6 22
4 7 8
4 7 20
4 8 19
4 8 21
4 9 10
4 9 12
4 9 13
4 9 18
4 11 14
4 12 14
4 13 17
4 14 14
4 14 24
4 15 24
4 19 6
4 20 15
4 20 26
4 21 3
4 21 6
4 21 20
4 25 3
4 26 3
4 26 13
4 26 24
4 27 13
4 27 26
4 28 14
4 28 28
4 29 14
4 29 25
4 30 14
4 31 3
4 32 25
4 32 26
4 33 0
4 33 19
4 35 14
4 36 1
4 36 3
4 37 6
4 37 19
4 37 29
4 38 7
4 39 5
4 39 25
4 43 28
4 44 23
4 45 13
4 45 26
4 46 23
5 0 18
5 3 16
5 5 18
5 5 27
5 7 0
5 7 24
5 8 22
5 10 3
5 10 12
5 10 16
5 13 8
5 14 15
5 15 10
5 15 15
5 15 23
5 16 9
5 16 16
5 17 2
5 18 8
5 18 25
5 21 13
5 21 26
5 23 6
5 23 12
5 25 3
5 26 25
5 27 24
5 28 18
5 29 17
5 29 24
6 1 6
6 3 24
6 7 3
6 8 26
6 9 23
6 10 3
6 10 5
6 11 17
6 12 5
6 16 26
6 18 7
6 18 15
6 19 2
6 19 6
6 19 10
6 19 25
6 20 19
6 21 21
6 21 27
6 22 6
6 23 6
6 24 7
6 25 13
6 25 28
6 26 22