1671
6
54 39 52 50 36 40
384

456 0 0 0 866 0 217 0 431 0 0 0 0 0 83 64 0 94 0 43 0 45 57 0 0 33 98 0 60 7 84 0 40 54 9 13 0 83 8 0 0 0 0 0 89 92 9 0 49 0 31 24 0 48
0 787 0 0 0 0 0 0 22 0 59 0 69 0 0 69 0 25 31 0 0 79 85 0 0 46 59 0 0 0 0 89 53 54 0 68 0 0 98
46 760 641 134 0 0 0 0 471 738 17 0 34 0 0 0 77 86 19 56 0 54 0 33 0 0 32 0 0 0 0 39 60 41 91 0 0 0 0 0 54 0 17 71 0 87 0 0 0 0 8 0
0 0 109 206 0 0 0 982 0 12 0 33 31 32 44 0 99 0 17 93 0 4 36 60 0 65 48 63 0 0 40 0 26 0 3 0 0 73 36 83 0 60 0 10 71 0 19 0 98 0
798 0 0 0 0 0 90 74 35 66 85 0 97 0 97 14 57 52 25 25 0 0 69 0 31 0 71 0 0 81 0 38 0 0 0 0
0 0 0 244 0 0 341 35 17 0 0 0 0 41 39 0 0 62 0 0 0 75 0 0 8 3 0 0 15 0 0 73 0 0 82 28 0 90 5 15

0 1 2
0 1 27
0 2 18
0 2 27
0 2 31
0 2 37
0 3 32
0 4 9
0 4 18
0 4 34
0 5 29
0 7 5
0 7 6
0 7 24
0 8 17
0 10 8
0 13 30
0 14 29
0 16 7
0 16 15
0 17 9
0 17 15
0 17 16
0 17 31
0 18 23
0 19 16
0 19 26
0 20 2
0 20 19
0 21 11
0 21 28
0 21 34
0 22 10
0 25 18
0 25 29
0 26 33
0 26 37
0 27 13
0 27 37
0 27 38
0 29 38
0 30 10
0 30 22
0 30 32
0 31 8
0 31 13
0 31 20
0 31 32
0 32 2
0 32 8
0 32 17
0 32 24
0 32 30
0 33 25
0 33 30
0 35 23
0 35 38
0 37 3
0 39 5
0 39 19
0 40 13
0 41 25
0 42 2
0 43 2
0 44 26
0 45 27
0 47 28
0 47 31
0 48 35
0 49 9
0 49 21
0 51 4
0 51 7
0 51 13
0 51 32
0 52 11
0 52 26
0 53 6
1 0 8
1 0 10
1 1 1
1 1 25
1 2 15
1 2 47
1 3 16
1 3 28
1 3 41
1 4 35
1 5 1
1 5 41
1 6 1
1 6 3
1 6 48
1 7 11
1 7 48
1 8 1
1 8 15
1 8 49
1 9 0
1 9 14
1 9 30
1 10 7
1 10 28
1 12 7
1 12 43
1 13 10
1 13 12
1 13 26
1 14 1
1 14 17
1 14 43
1 15 1
1 15 2
1 15 6
1 15 28
1 15 32
1 15 49
1 16 31
1 16 35
1 17 34
1 17 51
1 18 42
1 19 12
1 19 25
1 19 39
1 19 44
1 20 15
1 20 32
1 21 9
1 21 28
1 23 12
1 23 29
1 23 31
1 25 44
1 26 17
1 26 40
1 29 25
1 29 48
1 30 4
1 30 15
1 30 30
1 30 36
1 30 40
1 31 49
1 31 51
1 32 0
1 32 1
1 32 15
1 32 41
1 33 22
1 34 31
1 34 47
1 35 20
1 35 43
1 36 2
1 36 5
1 36 32
1 37 1
1 37 16
1 37 28
1 37 29
1 38 31
2 0 18
2 0 41
2 2 28
2 3 5
2 3 12
2 3 17
2 3 44
2 4 14
2 5 12
2 5 14
2 5 36
2 5 42
2 6 0
2 6 33
2 9 44
2 10 6
2 12 8
2 12 22
2 13 11
2 15 30
2 16 23
2 16 24
2 17 29
2 18 13
2 19 15
2 19 35
2 20 3
2 20 9
2 20 17
2 21 31
2 22 6
2 22 14
2 24 44
2 25 30
2 25 34
2 25 49
2 26 35
2 26 36
2 27 20
2 27 26
2 27 27
2 28 26
2 29 4
2 29 6
2 29 13
2 29 29
2 29 44
2 30 16
2 31 13
2 31 21
2 31 38
2 32 32
2 33 14
2 33 16
2 34 35
2 34 40
2 35 2
2 35 8
2 36 33
2 36 43
2 38 24
2 39 45
2 40 25
2 41 33
2 41 34
2 41 35
2 42 23
2 42 40
2 43 14
2 45 3
2 45 5
2 45 11
2 45 44
2 46 16
2 46 27
2 46 40
2 47 41
2 47 45
2 47 47
2 48 6
2 48 26
2 48 37
2 48 49
2 49 9
2 49 14
2 49 39
2 49 41
2 50 21
3 0 17
3 0 24
3 1 21
3 1 27
3 2 4
3 2 12
3 3 5
3 3 8
3 3 35
3 4 15
3 4 19
3 5 1
3 5 2
3 5 6
3 5 11
3 6 34
3 8 12
3 9 14
3 9 17
3 10 0
3 10 20
3 10 31
3 11 34
3 12 7
3 12 28
3 13 16
3 14 17
3 14 28
3 16 0
3 16 24
3 16 35
3 17 2
3 17 8
3 19 17
3 21 15
3 23 16
3 25 14
3 26 19
3 26 29
3 27 7
3 27 15
3 27 23
3 27 35
3 28 8
3 29 10
3 29 19
3 29 33
3 29 34
3 30 5
3 30 15
3 31 0
3 31 12
3 31 14
3 31 20
3 31 22
3 32 11
3 32 32
3 33 6
3 33 28
3 33 31
3 34 0
3 34 4
3 35 9
3 37 26
3 37 35
3 38 20
3 39 0
3 39 18
3 40 23
3 43 14
3 43 20
3 44 0
3 44 6
3 44 7
3 46 23
3 47 7
3 47 8
3 47 13
3 47 15
3 47 20
3 48 32
3 49 19
4 0 30
4 1 24
4 4 6
4 6 1
4 6 16
4 6 24
4 7 14
4 7 19
4 8 10
4 8 26
4 9 0
4 9 2
4 9 27
4 11 27
4 12 15
4 13 12
4 13 24
4 14 21
4 14 23
4 15 31
4 15 35
4 17 13
4 19 15
4 20 31
4 20 33
4 21 17
4 21 27
4 22 16
4 22 25
4 22 27
4 23 2
4 24 22
4 24 26
4 25 18
4 25 23
4 27 22
4 27 31
4 27 35
4 28 6
4 28 27
4 28 30
4 28 37
4 29 19
4 29 28
4 30 6
4 31 24
4 31 35
4 32 17
4 32 23
4 32 30
4 32 31
4 34 13