1168
10
28 27 34 24 30 23 22 26 26 30
939

264 348 0 0 548 361 0 0 21 91 0 58 57 44 0 2 16 92 52 0 0 0 85 97 0 0 0 44
737 758 0 0 94 0 0 3 81 0 10 10 0 33 0 25 7 0 0 3 51 7 7 28 54 3 17
330 0 0 0 0 0 0 860 0 0 55 0 0 0 0 0 42 0 73 57 93 47 0 57 0 0 25 6 40 96 83 0 0 29
0 550 0 689 225 0 0 39 84 0 0 0 93 0 24 22 0 0 0 0 94 0 0 0
0 0 0 853 508 0 727 0 0 38 5 1 66 0 31 17 0 42 0 0 26 0 0 0 33 70 70 40 0 0
515 0 0 657 0 0 25 0 0 29 89 99 0 14 0 11 73 0 36 0 0 100 42
189 798 349 0 522 0 0 69 2 0 27 3 0 67 0 0 3 0 0 87 79 91
0 597 639 0 705 0 591 79 16 0 0 99 0 0 20 0 0 89 2 59 0 41 48 0 78 38
0 0 0 882 55 0 0 79 0 7 0 21 34 17 33 31 0 98 0 2 54 17 0 0 0 0
0 774 716 0 0 416 960 549 38 88 0 0 77 96 0 27 0 0 31 0 0 12 19 30 33 93 94 0 0 72

0 0 8
0 0 21
0 1 5
0 1 12
0 1 24
0 2 1
0 2 5
0 2 8
0 2 18
0 2 25
0 3 5
0 3 11
0 3 13
0 3 14
0 4 17
0 4 20
0 4 26
0 5 13
0 5 18
0 5 22
0 5 26
0 6 0
0 6 7
0 6 21
0 7 11
0 7 13
0 7 16
0 7 17
0 7 23
0 8 1
0 8 21
0 8 24
0 9 1
0 9 15
0 9 18
0 10 4
0 10 13
0 10 16
0 10 18
0 10 25
0 11 16
0 11 24
0 12 7
0 12 13
0 12 19
0 12 21
0 13 14
0 13 24
0 14 13
0 14 21
0 15 5
0 15 8
0 15 15
0 15 18
0 15 20
0 15 25
0 16 1
0 16 2
0 16 3
0 16 6
0 16 7
0 16 10
0 16 11
0 16 13
0 16 14
0 16 20
0 16 21
0 17 5
0 17 6
0 17 7
0 18 6
0 18 9
0 18 19
0 18 22
0 19 1
0 19 4
0 19 15
0 19 23
0 20 6
0 20 11
0 20 24
0 20 25
0 21 1
0 21 3
0 21 10
0 21 14
0 21 15
0 21 21
0 21 24
0 21 25
0 22 3
0 22 8
0 22 18
0 22 20
0 23 8
0 23 13
0 23 18
0 24 0
0 24 3
0 24 4
0 24 5
0 24 9
0 24 12
0 24 20
0 24 22
0 25 0
0 25 1
0 25 4
0 25 5
0 25 8
0 25 12
0 26 1
0 26 3
0 26 5
0 26 6
0 26 26
0 27 7
0 27 9
0 27 11
0 27 14
0 27 15
0 27 20
0 27 21
0 27 22
1 0 1
1 0 17
1 0 25
1 0 29
1 1 22
1 1 27
1 1 33
1 2 1
1 2 6
1 2 8
1 2 15
1 2 18
1 2 22
1 3 5
1 3 7
1 3 10
1 3 11
1 3 13
1 3 18
1 3 19
1 3 25
1 5 0
1 5 4
1 5 10
1 5 14
1 5 15
1 5 26
1 5 28
1 5 29
1 5 31
1 6 26
1 7 5
1 7 6
1 7 29
1 8 2
1 8 5
1 8 11
1 9 1
1 9 12
1 9 33
1 10 0
1 10 2
1 10 5
1 10 13
1 10 17
1 10 19
1 11 4
1 11 14
1 11 15
1 11 16
1 11 27
1 11 28
1 11 29
1 11 30
1 12 0
1 12 19
1 12 21
1 12 26
1 12 27
1 12 31
1 12 32
1 13 7
1 13 9
1 13 15
1 13 18
1 13 24
1 13 29
1 14 0
1 14 24
1 14 30
1 15 1
1 15 4
1 15 5
1 15 7
1 15 8
1 15 13
1 15 24
1 15 26
1 16 9
1 16 24
1 16 31
1 17 3
1 17 11
1 17 17
1 17 21
1 17 23
1 17 29
1 18 1
1 18 8
1 18 11
1 18 22
1 18 25
1 19 0
1 19 3
1 19 25
1 20 0
1 20 6
1 20 11
1 20 12
1 20 27
1 21 9
1 21 26
1 22 0
1 22 9
1 22 12
1 22 18
1 22 21
1 22 22
1 22 24
1 22 25
1 23 9
1 23 11
1 23 13
1 23 19
1 23 25
1 24 14
1 24 15
1 24 19
1 24 22
1 24 26
1 25 1
1 25 5
1 25 16
1 25 18
1 25 20
1 25 24
1 25 27
1 25 29
1 26 3
1 26 8
1 26 11
1 26 14
1 26 17
1 26 24
2 0 13
2 0 14
2 0 17
2 0 20
2 1 3
2 1 5
2 1 10
2 1 15
2 1 18
2 1 21
2 1 22
2 2 5
2 2 14
2 3 3
2 3 8
2 3 9
2 3 14
2 4 0
2 4 7
2 4 17
2 4 22
2 5 14
2 5 15
2 5 19
2 6 2
2 6 15
2 6 17
2 7 4
2 7 10
2 7 11
2 8 7
2 8 8
2 8 14
2 9 3
2 9 5
2 9 8
2 9 15
2 9 20
2 10 0
2 10 7
2 10 11
2 10 17
2 10 23
2 11 4
2 11 15
2 12 0
2 12 14
2 13 15
2 13 18
2 14 11
2 15 3
2 15 23
2 16 2
2 17 8
2 17 9
2 17 14
2 17 20
2 17 22
2 17 23
2 18 0
2 18 9
2 18 13
2 18 15
2 18 17
2 18 19
2 18 22
2 19 2
2 19 4
2 19 5
2 19 7
2 19 13
2 19 20
2 20 9
2 20 19
2 21 3
2 21 9
2 21 16
2 21 19
2 21 23
2 22 1
2 22 14
2 22 23
2 23 4
2 23 8
2 23 11
2 23 15
2 24 11
2 25 2
2 25 4
2 25 17
2 26 7
2 26 14
2 26 20
2 26 22
2 27 8
2 27 10
2 27 14
2 27 20
2 27 23
2 28 12
2 28 14
2 28 18
2 28 22
2 29 4
2 30 7
2 30 8
2 30 13
2 30 15
2 30 20
2 31 1
2 31 2
2 31 3
2 32 6
2 32 8
2 32 14
2 32 23
2 33 0
2 33 5
2 33 7
2 33 15
2 33 18
2 33 22
3 0 0
3 0 4
3 0 7
3 0 13
3 0 23
3 0 26
3 1 10
3 1 14
3 1 15
3 1 18
3 2 5
3 2 6
3 2 11
3 2 23
3 2 25
3 2 27
3 3 0
3 3 9
3 3 14
3 3 15
3 3 29
3 4 1
3 4 2
3 4 11
3 4 24
3 4 29
3 5 7
3 5 27
3 6 3
3 6 6
3 6 9
3 6 15
3 6 18
3 6 22
3 6 27
3 6 29
3 7 1
3 7 3
3 7 14
3 7 28
3 8 1
3 8 2
3 8 11
3 8 17
3 8 21
3 8 26
3 8 28
3 10 11
3 10 12
3 10 16
3 10 23
3 10 24
3 10 25
3 10 26
3 11 22
3 11 27
3 11 28
3 12 3
3 12 7
3 12 10
3 12 13
3 12 19
3 12 23
3 13 4
3 13 5
3 13 26
3 14 8
3 14 29
3 15 12
3 15 13
3 16 18
3 16 20
3 16 21
3 16 22
3 16 27
3 17 4
3 17 13
3 17 19
3 18 8
3 18 11
3 18 12
3 18 20
3 18 23
3 18 24
3 19 3
3 19 4
3 19 8
3 19 16
3 19 17
3 19 22
3 19 29
3 20 4
3 20 6
3 20 24
3 20 25
3 20 27
3 20 28
3 21 7
3 21 12
3 22 0
3 22 8
3 22 18
3 23 15
3 23 23
3 23 26
4 0 0
4 1 19
4 2 1
4 2 20
4 2 22
4 3 1
4 3 4
4 3 16
4 4 7
4 4 8
4 4 12
4 4 19
4 5 7
4 5 22
4 6 0
4 6 6
4 7 10
4 7 18
4 7 20
4 8 2
4 8 11
4 9 3
4 9 13
4 9 21
4 10 3
4 10 12
4 10 15
4 10 16
4 11 1
4 11 6
4 11 20
4 13 6
4 13 8
4 13 14
4 13 16
4 14 8
4 14 13
4 14 22
4 15 7
4 15 8
4 15 13
4 16 6
4 16 11
4 16 18
4 16 21
4 17 2
4 17 15
4 17 18
4 17 21
4 17 22
4 18 0
4 18 1
4 18 4
4 18 7
4 18 11
4 18 21
4 19 2
4 19 8
4 19 10
4 20 3
4 20 5
4 20 7
4 21 1
4 21 4
4 21 14
4 21 17
4 21 21
4 22 0
4 22 7
4 22 15
4 23 9
4 23 15
4 23 18
4 25 0
4 25 8
4 25 12
4 26 4
4 26 11
4 26 19
4 26 20
4 27 2
4 27 14
4 27 17
4 28 12
4 28 17
4 28 20
4 29 7
5 0 7
5 0 21
5 1 8
5 2 1
5 2 6
5 2 8
5 2 19
5 3 0
5 3 9
5 3 15
5 3 16
5 3 18
5 5 3
5 5 15
5 6 6
5 6 10
5 6 11
5 7 4
5 7 11
5 7 21
5 8 0
5 8 5
5 8 17
5 9 5
5 9 8
5 9 16
5 9 18
5 10 0
5 10 1
5 10 13
5 11 0
5 11 7
5 11 8
5 11 9
5 11 15
5 11 18
5 12 1
5 12 5
5 12 11
5 12 12
5 12 19
5 13 6
5 13 16
5 13 17
5 13 21
5 14 5
5 14 8
5 14 16
5 14 18
5 15 7
5 15 9
5 16 7
5 16 9
5 16 13
5 16 17
5 17 4
5 17 6
5 17 12
5 17 14
5 18 9
5 18 20
5 19 2
5 19 4
5 19 11
5 19 16
5 20 6
5 20 8
5 20 12
5 20 19
5 21 7
5 21 8
5 21 9
5 21 14
5 21 18
5 21 19
5 21 20
5 21 21
5 22 2
5 22 11
6 0 0
6 0 9
6 0 12
6 0 16
6 1 1
6 1 3
6 1 4
6 1 10
6 1 12
6 1 13
6 1 23
6 1 25
6 2 1
6 2 5
6 2 9
6 2 11
6 2 16
6 3 3
6 3 4
6 3 9
6 3 14
6 3 23
6 4 5
6 4 6
6 4 16
6 4 21
6 4 22
6 5 15
6 5 20
6 5 25
6 6 0
6 6 1
6 6 9
6 6 12
6 6 18
6 6 21
6 6 23
6 6 25
6 7 17
6 7 22
6 8 0
6 8 6
6 8 7
6 8 18
6 8 20
6 9 3
6 9 8
6 9 15
6 9 16
6 9 25
6 10 15
6 11 0
6 11 10
6 11 18
6 11 24
6 12 3
6 12 5
6 12 7
6 12 11
6 12 14
6 12 15
6 12 17
6 12 23
6 13 17
6 13 22
6 13 25
6 14 8
6 14 16
6 14 17
6 14 21
6 15 10
6 15 14
6 15 22
6 16 8
6 16 9
6 17 8
6 18 1
6 18 16
6 18 21
6 19 3
6 19 12
6 19 13
6 19 25
6 20 3
6 20 4
6 20 13
6 20 14
6 20 17
6 21 20
6 21 21
6 21 22
7 0 0
7 0 6
7 0 9
7 0 24
7 1 1
7 1 2
7 1 3
7 1 7
7 1 13
7 2 7
7 2 9
7 2 11
7 2 17
7 2 18
7 3 1
7 4 0
7 4 7
7 4 15
7 4 21
7 4 22
7 5 0
7 5 1
7 5 11
7 5 18
7 5 19
7 6 9
7 6 25
7 7 10
7 7 14
7 7 15
7 7 20
7 8 25
7 9 2
7 9 5
7 9 11
7 9 21
7 10 13
7 10 16
7 10 19
7 10 21
7 10 23
7 11 25
7 12 3
7 12 4
7 12 10
7 13 0
7 13 1
7 13 23
7 14 11
7 14 12
7 14 19
7 15 4
7 16 6
7 16 11
7 16 17
7 16 19
7 16 20
7 16 22
7 17 6
7 17 8
7 17 11
7 17 20
7 18 3
7 18 6
7 18 7
7 19 7
7 20 2
7 20 6
7 20 9
7 20 14
7 20 15
7 21 9
7 21 15
7 22 6
7 22 13
7 22 20
7 22 24
7 22 25
7 23 1
7 23 8
7 23 14
7 23 18
7 23 23
7 23 25
7 24 2
7 24 5
7 24 9
7 24 24
7 25 1
7 25 6
7 25 16
7 25 19
8 0 0
8 0 6
8 0 14
8 0 15
8 0 17
8 0 21
8 0 23
8 0 28
8 1 8
8 1 10
8 1 14
8 1 22
8 1 23
8 2 24
8 3 13
8 3 20
8 3 23
8 4 16
8 4 21
8 4 25
8 5 13
8 5 23
8 5 28
8 6 11
8 6 17
8 6 19
8 6 22
8 7 3
8 7 5
8 7 23
8 7 26
8 8 6
8 8 8
8 8 11
8 8 13
8 8 20
8 8 27
8 9 7
8 9 28
8 10 10
8 10 17
8 11 21
8 11 22
8 11 24
8 12 11
8 12 15
8 13 1
8 13 5
8 13 16
8 13 18
8 13 28
8 14 3
8 14 4
8 14 13
8 14 14
8 14 20
8 14 23
8 15 9
8 15 10
8 16 8
8 16 11
8 16 16
8 16 18
8 16 23
8 17 4
8 17 7
8 17 9
8 17 13
8 17 14
8 17 18
8 17 25
8 18 11
8 18 20
8 18 21
8 18 29
8 19 8
8 20 1
8 20 2
8 20 8
8 20 19
8 20 20
8 20 21
8 20 24
8 21 16
8 21 19
8 21 21
8 21 28
8 22 10
8 22 18
8 22 23
8 22 27
8 23 2
8 23 14
8 24 0
8 24 4
8 24 27
8 24 28
8 25 2
8 25 5
8 25 8
8 25 10
8 25 16
8 25 18
8 25 24
8 25 29