1712
3
94 83 68
1209

306 0 0 600 88 0 0 847 0 154 366 0 0 560 0 0 0 527 383 0 0 0 26 0 0 0 0 0 82 17 0 0 0 8 48 0 100 0 0 91 0 0 12 0 0 0 46 0 0 7 0 0 0 0 0 0 97 90 6 0 0 82 82 57 98 0 0 40 0 0 0 75 0 0 0 2 28 49 0 42 0 49 0 89 0 0 0 76 0 62 0 66 0 0
648 0 0 0 0 596 116 22 0 0 72 614 0 766 795 287 0 0 74 0 0 87 48 0 0 0 78 80 73 71 0 92 1 0 0 0 53 0 54 56 57 0 0 0 92 71 0 59 0 0 0 0 0 0 0 0 0 0 0 2 97 0 48 0 86 0 66 0 10 0 0 41 88 0 0 11 75 52 0 0 28 0 28
307 0 32 187 375 447 96 589 326 0 737 221 0 820 0 0 73 0 0 0 0 0 57 18 99 0 69 14 0 8 0 0 29 0 74 0 72 15 0 49 0 0 30 10 61 4 32 34 0 34 98 83 47 55 32 88 73 0 0 0 0 0 33 62 0 0 99 0

0 0 1
0 0 22
0 0 34
0 0 42
0 0 48
0 0 55
0 0 72
0 1 7
0 1 11
0 1 21
0 1 22
0 1 27
0 1 32
0 1 34
0 1 36
0 1 37
0 1 39
0 1 47
0 1 51
0 1 68
0 2 7
0 2 15
0 2 18
0 2 22
0 2 44
0 2 48
0 2 49
0 2 58
0 3 18
0 3 30
0 3 34
0 3 36
0 4 2
0 4 4
0 4 14
0 4 41
0 4 50
0 4 72
0 4 78
0 5 32
0 5 43
0 5 50
0 5 61
0 5 65
0 5 69
0 6 9
0 6 10
0 6 37
0 6 67
0 7 2
0 7 23
0 7 35
0 7 54
0 8 2
0 8 16
0 8 22
0 8 54
0 8 57
0 8 78
0 8 79
0 9 16
0 9 32
0 9 41
0 9 48
0 9 57
0 9 58
0 9 59
0 9 63
0 10 6
0 10 16
0 10 17
0 10 20
0 10 24
0 10 31
0 10 33
0 10 37
0 11 6
0 11 18
0 11 20
0 11 27
0 11 49
0 12 1
0 12 58
0 12 61
0 12 66
0 12 78
0 13 19
0 13 78
0 14 6
0 14 15
0 14 27
0 14 32
0 14 37
0 14 53
0 14 56
0 14 70
0 14 77
0 15 4
0 15 27
0 15 35
0 15 39
0 15 44
0 15 59
0 15 61
0 15 73
0 15 79
0 16 17
0 16 20
0 16 28
0 16 60
0 16 75
0 17 17
0 17 41
0 17 48
0 17 55
0 17 63
0 17 66
0 18 10
0 18 11
0 18 14
0 18 19
0 18 20
0 18 24
0 18 48
0 18 54
0 18 67
0 18 78
0 19 18
0 19 20
0 19 21
0 19 46
0 19 48
0 19 65
0 19 69
0 20 9
0 20 21
0 20 26
0 20 33
0 20 39
0 20 48
0 20 54
0 20 58
0 21 1
0 21 2
0 21 7
0 21 8
0 21 9
0 21 13
0 21 23
0 21 30
0 21 60
0 21 63
0 22 9
0 22 11
0 22 26
0 22 34
0 22 41
0 22 42
0 22 43
0 22 48
0 22 55
0 22 79
0 23 18
0 23 24
0 23 32
0 23 36
0 23 39
0 23 40
0 23 62
0 23 74
0 23 77
0 24 11
0 24 14
0 24 30
0 24 44
0 24 50
0 24 58
0 24 70
0 25 1
0 25 2
0 25 5
0 25 11
0 25 15
0 25 23
0 25 31
0 25 41
0 25 49
0 25 76
0 26 6
0 26 9
0 26 35
0 26 68
0 26 82
0 27 14
0 27 37
0 27 67
0 27 77
0 28 14
0 28 33
0 28 42
0 28 46
0 29 1
0 29 7
0 29 11
0 29 20
0 29 22
0 29 26
0 29 27
0 29 31
0 29 36
0 29 53
0 29 65
0 30 8
0 30 19
0 30 20
0 30 34
0 30 35
0 30 58
0 30 68
0 30 73
0 30 78
0 31 12
0 31 17
0 31 36
0 31 39
0 31 74
0 32 2
0 32 15
0 32 18
0 33 19
0 33 27
0 33 53
0 33 60
0 33 62
0 33 64
0 33 68
0 34 1
0 34 6
0 34 72
0 34 74
0 35 36
0 35 55
0 35 56
0 35 62
0 35 80
0 36 5
0 36 48
0 36 49
0 36 82
0 37 22
0 37 50
0 37 65
0 37 78
0 38 1
0 38 13
0 38 53
0 38 54
0 38 67
0 38 74
0 38 82
0 39 9
0 39 35
0 39 40
0 39 53
0 39 59
0 39 63
0 39 69
0 39 74
0 39 75
0 39 82
0 40 27
0 40 38
0 40 41
0 40 43
0 40 57
0 40 61
0 40 80
0 41 9
0 41 13
0 41 15
0 41 24
0 41 25
0 41 28
0 41 61
0 41 81
0 42 5
0 42 9
0 42 24
0 42 31
0 42 36
0 42 39
0 42 41
0 42 51
0 43 8
0 43 25
0 43 30
0 43 31
0 43 38
0 43 40
0 43 58
0 43 70
0 44 11
0 44 12
0 44 21
0 44 30
0 44 48
0 44 55
0 44 63
0 44 78
0 45 2
0 45 37
0 45 40
0 45 49
0 45 66
0 46 6
0 46 11
0 46 15
0 46 21
0 46 51
0 46 54
0 46 55
0 46 67
0 46 69
0 47 22
0 47 36
0 47 42
0 47 44
0 47 56
0 47 67
0 47 69
0 48 37
0 48 65
0 48 68
0 48 78
0 48 80
0 48 81
0 49 22
0 49 24
0 49 26
0 49 49
0 49 67
0 49 77
0 50 1
0 50 13
0 50 19
0 50 33
0 50 54
0 50 63
0 51 5
0 51 17
0 51 22
0 51 27
0 51 30
0 51 32
0 51 50
0 51 68
0 51 77
0 52 12
0 52 17
0 52 22
0 52 46
0 52 51
0 52 67
0 52 70
0 52 73
0 52 82
0 53 4
0 53 22
0 53 25
0 53 45
0 53 48
0 53 49
0 53 65
0 53 72
0 53 79
0 54 3
0 54 6
0 54 25
0 55 5
0 55 14
0 55 24
0 55 32
0 55 46
0 55 55
0 55 62
0 55 67
0 55 75
0 55 76
0 55 80
0 55 82
0 56 1
0 56 8
0 56 10
0 56 14
0 56 19
0 56 21
0 56 33
0 56 69
0 56 74
0 56 80
0 56 81
0 57 12
0 57 13
0 57 21
0 57 62
0 57 67
0 57 70
0 58 3
0 58 4
0 58 14
0 58 16
0 58 24
0 58 39
0 58 49
0 58 55
0 58 56
0 58 65
0 58 79
0 59 1
0 59 24
0 59 32
0 59 41
0 59 54
0 59 65
0 59 76
0 60 5
0 60 13
0 60 21
0 60 24
0 60 37
0 60 47
0 60 64
0 61 9
0 61 11
0 61 13
0 61 23
0 61 25
0 61 31
0 61 77
0 62 19
0 62 38
0 62 42
0 62 43
0 62 59
0 63 10
0 63 30
0 63 32
0 63 38
0 63 48
0 63 62
0 63 82
0 64 16
0 64 24
0 64 72
0 64 76
0 65 0
0 65 4
0 65 5
0 65 12
0 65 16
0 65 47
0 65 50
0 65 55
0 65 62
0 65 71
0 65 79
0 66 18
0 66 24
0 66 29
0 66 30
0 66 35
0 66 40
0 66 51
0 66 64
0 67 0
0 67 2
0 67 15
0 67 21
0 67 40
0 67 49
0 67 52
0 67 63
0 67 71
0 67 72
0 67 73
0 67 82
0 68 2
0 68 48
0 68 55
0 68 59
0 68 60
0 68 77
0 69 0
0 69 8
0 69 14
0 69 17
0 69 22
0 69 79
0 70 7
0 70 9
0 70 13
0 70 29
0 70 30
0 70 81
0 71 3
0 71 4
0 71 8
0 71 10
0 71 21
0 71 34
0 71 40
0 71 45
0 72 10
0 72 17
0 72 22
0 72 32
0 72 53
0 72 70
0 72 72
0 72 74
0 73 8
0 73 29
0 73 32
0 73 35
0 73 42
0 73 44
0 73 46
0 74 2
0 74 9
0 74 13
0 74 15
0 74 24
0 74 30
0 74 42
0 74 46
0 75 1
0 75 13
0 75 18
0 75 22
0 75 41
0 75 47
0 75 51
0 75 53
0 75 62
0 75 69
0 75 81
0 76 2
0 76 3
0 76 8
0 76 21
0 76 24
0 76 54
0 76 57
0 76 79
0 77 0
0 77 2
0 77 5
0 77 19
0 77 34
0 77 40
0 77 42
0 77 49
0 77 52
0 77 67
0 77 73
0 77 76
0 78 13
0 78 19
0 78 20
0 78 21
0 78 47
0 78 67
0 78 69
0 78 80
0 79 3
0 79 15
0 79 29
0 79 45
0 79 49
0 79 51
0 79 54
0 80 7
0 80 48
0 80 54
0 80 74
0 80 82
0 81 5
0 81 11
0 81 14
0 81 33
0 81 34
0 81 63
0 81 64
0 81 70
0 81 78
0 81 79
0 81 80
0 82 1
0 82 27
0 82 29
0 82 32
0 82 34
0 82 42
0 82 48
0 82 55
0 82 79
0 82 81
0 82 82
0 83 3
0 83 34
0 83 49
0 83 54
0 83 61
0 83 63
0 83 76
0 83 78
0 83 79
0 84 13
0 84 16
0 84 59
0 84 63
0 84 79
0 85 17
0 85 28
0 85 30
0 85 41
0 85 49
0 85 50
0 85 73
0 86 5
0 86 22
0 86 28
0 86 43
0 86 45
0 87 0
0 87 1
0 87 12
0 87 16
0 87 34
0 87 39
0 87 50
0 87 56
0 88 16
0 88 24
0 88 30
0 88 47
0 88 48
0 89 2
0 89 9
0 89 24
0 89 32
0 89 34
0 89 37
0 89 38
0 89 47
0 89 49
0 89 76
0 90 3
0 90 17
0 90 19
0 90 42
0 90 43
0 90 58
0 90 72
0 91 8
0 91 48
0 91 55
0 91 80
0 92 3
0 92 18
0 92 40
0 92 57
0 92 80
0 93 15
0 93 19
0 93 22
0 93 51
0 93 60
0 93 73
0 93 74
0 93 76
1 0 7
1 0 27
1 0 37
1 0 42
1 0 44
1 1 1
1 1 3
1 1 6
1 1 10
1 1 11
1 1 44
1 1 45
1 1 46
1 1 52
1 1 58
1 1 61
1 2 38
1 2 48
1 2 51
1 2 62
1 3 6
1 3 22
1 3 40
1 3 41
1 3 48
1 3 49
1 3 54
1 3 65
1 4 10
1 4 23
1 4 37
1 5 5
1 5 7
1 5 23
1 5 46
1 5 49
1 5 50
1 5 59
1 6 18
1 6 20
1 6 34
1 6 35
1 6 39
1 7 33
1 7 44
1 7 54
1 7 56
1 7 59
1 8 16
1 8 17
1 8 30
1 8 32
1 8 38
1 8 42
1 8 50
1 8 58
1 8 61
1 9 1
1 9 3
1 9 8
1 9 18
1 9 36
1 9 59
1 10 0
1 10 6
1 10 13
1 10 18
1 10 49
1 10 55
1 10 62
1 11 14
1 11 15
1 11 31
1 11 36
1 11 44
1 11 47
1 11 51
1 11 56
1 11 57
1 11 58
1 11 66
1 11 67
1 12 1
1 12 26
1 12 43
1 12 63
1 13 4
1 13 14
1 13 24
1 13 29
1 13 30
1 13 46
1 14 8
1 14 20
1 14 21
1 15 10
1 15 26
1 15 28
1 15 31
1 15 50
1 15 53
1 15 54
1 15 55
1 16 21
1 16 25
1 16 33
1 16 48
1 17 30
1 17 38
1 17 42
1 17 50
1 18 9
1 18 10
1 18 14
1 18 16
1 18 27
1 18 28
1 18 34
1 18 37
1 18 44
1 18 54
1 19 7
1 19 12
1 19 51
1 19 62
1 20 3
1 20 9
1 20 14
1 20 19
1 20 35
1 20 47
1 20 64
1 20 67
1 21 4
1 21 11
1 21 24
1 21 27
1 21 46
1 21 50
1 21 54
1 21 66
1 22 0
1 22 5
1 22 26
1 22 55
1 23 7
1 23 11
1 23 18
1 23 30
1 23 38
1 23 40
1 23 62
1 24 30
1 24 33
1 24 38
1 24 39
1 24 54
1 24 55
1 24 56
1 25 4
1 25 28
1 25 31
1 25 42
1 25 44
1 25 57
1 25 63
1 26 2
1 26 19
1 26 24
1 26 35
1 27 0
1 27 1
1 27 4
1 27 6
1 27 13
1 27 15
1 27 18
1 27 20
1 27 21
1 27 34
1 27 44
1 27 52
1 27 56
1 27 66
1 28 7
1 28 17
1 28 21
1 28 52
1 28 67
1 29 8
1 29 17
1 29 26
1 29 48
1 29 60
1 30 1
1 30 6
1 30 8
1 30 25
1 30 38
1 30 45
1 31 5
1 31 6
1 31 41
1 31 51
1 31 64
1 32 19
1 32 23
1 32 50
1 32 59
1 33 3
1 33 28
1 33 30
1 33 54
1 33 57
1 33 59
1 33 62
1 33 64
1 33 65
1 34 1
1 34 10
1 34 20
1 34 34
1 34 35
1 34 39
1 34 66
1 35 11
1 35 18
1 35 19
1 35 31
1 35 45
1 35 48
1 36 1
1 36 14
1 36 16
1 36 18
1 36 35
1 36 44
1 36 59
1 36 60
1 36 62
1 36 66
1 37 38
1 37 52
1 37 65
1 38 16
1 38 18
1 38 24
1 38 30
1 38 33
1 38 34
1 38 53
1 38 57
1 39 0
1 39 5
1 39 6
1 39 10
1 39 21
1 39 22
1 39 37
1 39 40
1 39 52
1 39 55
1 39 65
1 40 6
1 40 13
1 40 19
1 40 20
1 40 28
1 40 65
1 41 13
1 41 17
1 41 22
1 41 31
1 41 41
1 41 44
1 41 56
1 41 65
1 42 13
1 42 26
1 42 29
1 42 38
1 42 57
1 43 9
1 43 13
1 43 56
1 43 58
1 44 0
1 44 27
1 44 34
1 44 47
1 44 49
1 44 59
1 45 10
1 45 15
1 45 16
1 45 18
1 45 27
1 45 32
1 45 35
1 45 36
1 45 39
1 45 40
1 45 53
1 45 60
1 46 6
1 46 15
1 46 21
1 46 28
1 46 29
1 46 56
1 46 59
1 46 67
1 47 40
1 47 64
1 48 0
1 48 15
1 48 30
1 48 32
1 48 49
1 48 58
1 48 67
1 49 0
1 49 18
1 49 35
1 49 57
1 49 61
1 50 4
1 50 6
1 50 46
1 51 10
1 51 14
1 51 22
1 51 26
1 51 33
1 51 44
1 52 1
1 52 23
1 52 37
1 52 48
1 52 55
1 52 56
1 53 9
1 53 13
1 53 20
1 53 27
1 53 53
1 54 6
1 54 13
1 54 17
1 54 25
1 54 26
1 54 30
1 54 41
1 54 61
1 55 17
1 55 18
1 55 23
1 55 38
1 55 53
1 55 63
1 56 2
1 56 4
1 56 14
1 56 27
1 56 28
1 56 30
1 56 33
1 56 40
1 56 50
1 56 59
1 56 62
1 57 1
1 57 7
1 57 13
1 57 17
1 57 23
1 57 32
1 57 56
1 57 60
1 58 37
1 58 49
1 58 58
1 58 61
1 59 6
1 59 7
1 59 18
1 59 31
1 59 33
1 59 35
1 59 37
1 59 41
1 59 43
1 59 49
1 59 62
1 59 66
1 60 14
1 60 17
1 60 19
1 60 23
1 60 38
1 60 41
1 60 43
1 60 64
1 61 8
1 61 14
1 61 16
1 61 27
1 61 32
1 61 36
1 61 38
1 61 48
1 61 53
1 62 14
1 62 15
1 62 19
1 62 36
1 62 44
1 63 8
1 63 16
1 63 25
1 63 38
1 63 47
1 63 57
1 64 6
1 64 41
1 64 43
1 65 32
1 65 46
1 65 51
1 65 56
1 65 60
1 66 10
1 66 31
1 66 51
1 66 60
1 66 64
1 67 14
1 67 22
1 67 29
1 67 53
1 67 61
1 67 63
1 68 15
1 68 29
1 68 42
1 68 46
1 68 51
1 68 64
1 68 65
1 68 66
1 69 9
1 69 17
1 69 22
1 69 25
1 69 31
1 69 46
1 70 4
1 70 23
1 70 29
1 70 33
1 70 58
1 71 7
1 71 22
1 71 24
1 71 33
1 71 36
1 71 41
1 71 65
1 72 14
1 72 39
1 72 59
1 72 60
1 73 15
1 73 22
1 73 23
1 73 27
1 73 33
1 73 59
1 73 60
1 74 43
1 74 44
1 74 62
1 75 0
1 75 10
1 75 22
1 75 25
1 75 38
1 75 42
1 76 2
1 76 7
1 76 22
1 76 31
1 76 42
1 76 56
1 76 63
1 77 19
1 77 26
1 77 42
1 77 43
1 77 52
1 78 63
1 79 12
1 79 14
1 79 24
1 79 27
1 79 31
1 79 44
1 79 52
1 79 59
1 80 0
1 80 5
1 80 6
1 80 7
1 80 10
1 80 12
1 80 24
1 80 27
1 80 41
1 80 65
1 81 47
1 82 2
1 82 10
1 82 13
1 82 14
1 82 23
1 82 33
1 82 36
1 82 40