1382
6
21 23 26 22 32 30
1017

36 951 0 851 76 94 27 81 0 72 0 0 0 3 0 53 16 76 35 94 9
501 373 0 403 70 0 0 17 0 3 75 33 58 89 0 0 98 9 74 0 0 0 2
871 894 608 0 637 89 28 34 98 0 22 0 0 0 37 21 0 56 13 34 0 8 0 0 65 93
0 0 0 231 0 65 0 92 52 81 0 37 98 0 86 23 0 0 0 3 0 17
0 0 574 231 704 0 33 0 27 72 32 58 0 0 97 15 0 0 0 0 6 62 0 71 0 0 84 21 4 72 49 0
0 0 921 618 988 91 3 44 34 19 19 0 0 60 32 98 57 24 70 59 31 0 36 0 19 97 4 0 67 0

0 0 2
0 0 3
0 0 5
0 0 6
0 0 9
0 0 10
0 0 11
0 0 12
0 0 14
0 0 19
0 1 9
0 1 11
0 1 12
0 1 13
0 1 19
0 1 20
0 1 22
0 2 0
0 2 8
0 2 16
0 2 17
0 2 19
0 2 20
0 3 0
0 3 5
0 3 6
0 3 11
0 3 13
0 3 15
0 3 16
0 3 21
0 4 2
0 4 4
0 4 7
0 4 8
0 4 12
0 4 17
0 5 2
0 5 7
0 5 8
0 5 15
0 5 20
0 6 0
0 6 4
0 6 6
0 6 9
0 6 10
0 6 12
0 6 20
0 6 22
0 7 0
0 7 1
0 7 4
0 7 5
0 7 6
0 7 7
0 7 8
0 7 11
0 7 12
0 7 16
0 7 19
0 7 20
0 7 21
0 8 5
0 8 7
0 8 18
0 8 20
0 9 1
0 9 5
0 9 8
0 9 9
0 9 10
0 9 11
0 9 14
0 9 15
0 9 18
0 9 19
0 9 20
0 10 9
0 10 10
0 10 12
0 10 19
0 10 20
0 11 3
0 11 9
0 11 13
0 11 15
0 11 18
0 11 19
0 11 21
0 12 9
0 12 13
0 12 16
0 13 10
0 13 12
0 13 13
0 13 16
0 13 17
0 13 20
0 14 0
0 14 5
0 14 6
0 14 8
0 14 11
0 14 15
0 14 19
0 15 8
0 15 14
0 15 15
0 15 16
0 15 21
0 15 22
0 16 10
0 16 12
0 16 13
0 16 21
0 17 2
0 17 4
0 17 5
0 17 6
0 17 9
0 17 11
0 17 17
0 17 19
0 17 20
0 18 4
0 18 9
0 18 14
0 18 15
0 18 17
0 18 22
0 19 0
0 19 2
0 19 4
0 19 5
0 19 11
0 19 14
0 19 16
0 19 20
0 20 0
0 20 1
0 20 12
0 20 16
0 20 18
0 20 21
1 0 12
1 0 16
1 0 24
1 1 1
1 1 11
1 1 12
1 1 14
1 1 16
1 1 21
1 2 0
1 2 5
1 2 7
1 2 9
1 2 10
1 2 13
1 2 15
1 2 16
1 2 18
1 2 20
1 2 22
1 2 23
1 2 25
1 3 4
1 3 9
1 3 11
1 3 15
1 3 18
1 3 25
1 4 0
1 4 5
1 4 14
1 4 17
1 4 18
1 4 19
1 4 24
1 5 2
1 5 9
1 5 11
1 5 12
1 5 18
1 5 20
1 5 21
1 5 23
1 6 4
1 6 5
1 6 9
1 6 11
1 6 12
1 6 14
1 6 15
1 6 18
1 6 21
1 7 0
1 7 3
1 7 5
1 7 7
1 7 13
1 7 15
1 7 16
1 7 23
1 8 5
1 8 11
1 8 12
1 8 15
1 8 18
1 8 19
1 8 20
1 9 2
1 9 6
1 9 9
1 9 13
1 9 15
1 9 16
1 9 18
1 9 19
1 9 21
1 9 25
1 10 2
1 10 3
1 10 4
1 10 5
1 10 8
1 10 20
1 11 1
1 11 3
1 11 5
1 11 6
1 11 10
1 11 11
1 11 15
1 11 17
1 11 19
1 11 21
1 12 0
1 12 1
1 12 3
1 12 13
1 12 15
1 12 22
1 12 23
1 13 3
1 13 6
1 13 9
1 13 15
1 13 17
1 13 19
1 13 21
1 13 22
1 13 23
1 13 25
1 14 6
1 14 8
1 14 10
1 14 14
1 14 15
1 14 20
1 14 23
1 14 24
1 15 1
1 15 3
1 15 4
1 15 11
1 15 15
1 15 18
1 15 21
1 15 24
1 15 25
1 16 0
1 16 1
1 16 2
1 16 7
1 16 12
1 16 25
1 17 0
1 17 2
1 17 3
1 17 6
1 17 7
1 17 10
1 17 16
1 17 24
1 18 0
1 18 6
1 18 8
1 18 10
1 18 11
1 18 12
1 18 16
1 18 17
1 18 19
1 19 2
1 19 3
1 19 6
1 19 10
1 19 11
1 19 14
1 19 15
1 19 17
1 19 19
1 19 23
1 20 4
1 20 10
1 20 13
1 20 14
1 20 18
1 20 19
1 20 21
1 21 9
1 21 12
1 21 14
1 21 18
1 21 19
1 21 20
1 21 21
1 22 4
1 22 5
1 22 13
1 22 14
1 22 17
1 22 18
1 22 20
1 22 22
2 0 0
2 0 7
2 0 8
2 0 11
2 0 15
2 0 18
2 0 20
2 1 2
2 1 3
2 1 4
2 1 5
2 1 11
2 1 13
2 1 15
2 2 1
2 2 4
2 2 5
2 2 9
2 2 12
2 2 13
2 2 14
2 2 17
2 2 19
2 3 0
2 3 2
2 3 8
2 3 10
2 3 13
2 3 14
2 3 15
2 3 17
2 3 19
2 4 8
2 4 11
2 4 15
2 4 17
2 4 19
2 5 1
2 5 2
2 5 3
2 5 5
2 5 12
2 5 17
2 5 19
2 6 0
2 6 3
2 6 6
2 6 8
2 6 9
2 6 13
2 6 17
2 6 20
2 7 4
2 7 5
2 7 7
2 7 8
2 7 11
2 7 15
2 7 19
2 8 2
2 8 9
2 8 11
2 8 21
2 9 2
2 9 8
2 9 10
2 9 11
2 9 20
2 10 3
2 10 11
2 10 18
2 10 21
2 11 0
2 11 1
2 11 5
2 11 7
2 11 8
2 11 10
2 11 12
2 11 14
2 11 15
2 11 18
2 12 6
2 12 13
2 12 14
2 12 16
2 12 17
2 12 21
2 13 2
2 13 3
2 13 6
2 13 9
2 13 11
2 13 12
2 13 14
2 13 17
2 13 18
2 14 4
2 14 8
2 14 9
2 14 13
2 14 18
2 14 19
2 15 2
2 15 3
2 15 5
2 15 8
2 15 9
2 15 11
2 15 21
2 16 1
2 16 2
2 16 3
2 16 4
2 16 7
2 16 12
2 16 15
2 16 19
2 16 20
2 17 4
2 17 10
2 17 11
2 17 14
2 17 15
2 17 16
2 17 19
2 18 0
2 18 2
2 18 8
2 18 11
2 18 14
2 18 16
2 18 20
2 18 21
2 19 0
2 19 2
2 19 8
2 19 9
2 19 11
2 19 15
2 19 17
2 19 19
2 19 21
2 20 1
2 20 2
2 20 3
2 20 5
2 20 6
2 20 7
2 20 11
2 20 20
2 21 1
2 21 3
2 21 5
2 21 12
2 21 18
2 22 5
2 22 7
2 22 14
2 22 20
2 22 21
2 23 2
2 23 6
2 23 7
2 23 10
2 23 11
2 23 16
2 23 17
2 23 20
2 24 0
2 24 4
2 24 6
2 24 10
2 24 11
2 24 17
2 24 20
2 24 21
2 25 6
2 25 8
2 25 11
2 25 15
2 25 17
3 0 7
3 0 9
3 0 22
3 0 26
3 0 29
3 1 2
3 1 7
3 1 9
3 1 14
3 1 19
3 1 24
3 1 25
3 1 27
3 1 28
3 2 4
3 2 5
3 2 8
3 2 14
3 2 15
3 2 25
3 2 31
3 3 3
3 3 10
3 3 14
3 3 15
3 3 16
3 3 18
3 3 19
3 3 25
3 3 26
3 3 28
3 3 29
3 3 31
3 4 6
3 4 7
3 4 10
3 4 15
3 4 19
3 4 23
3 4 28
3 4 29
3 5 2
3 5 7
3 5 8
3 5 13
3 5 16
3 5 18
3 5 27
3 5 30
3 6 1
3 6 7
3 6 14
3 6 16
3 6 27
3 7 4
3 7 5
3 7 6
3 7 10
3 7 13
3 7 18
3 7 20
3 7 22
3 7 26
3 7 29
3 8 2
3 8 4
3 8 5
3 8 10
3 8 15
3 8 16
3 8 23
3 8 26
3 8 28
3 8 30
3 8 31
3 9 1
3 9 2
3 9 5
3 9 6
3 9 7
3 9 8
3 9 14
3 9 15
3 9 18
3 9 23
3 9 24
3 9 27
3 9 28
3 10 3
3 10 4
3 10 8
3 10 18
3 10 20
3 10 23
3 10 26
3 10 27
3 10 30
3 11 0
3 11 6
3 11 10
3 11 11
3 11 12
3 11 14
3 11 17
3 11 21
3 11 24
3 11 27
3 11 28
3 11 29
3 12 0
3 12 3
3 12 6
3 12 11
3 12 13
3 12 17
3 12 24
3 12 25
3 12 26
3 12 27
3 12 28
3 13 1
3 13 7
3 13 9
3 13 13
3 13 14
3 13 15
3 13 16
3 13 18
3 13 22
3 13 23
3 13 29
3 13 30
3 14 3
3 14 9
3 14 10
3 14 13
3 14 15
3 14 17
3 14 20
3 14 23
3 14 27
3 14 28
3 14 30
3 14 31
3 15 3
3 15 10
3 15 15
3 15 16
3 15 23
3 15 24
3 15 30
3 16 3
3 16 4
3 16 7
3 16 8
3 16 11
3 16 12
3 16 14
3 16 16
3 16 19
3 16 22
3 16 26
3 16 27
3 16 29
3 16 30
3 16 31
3 17 4
3 17 6
3 17 7
3 17 11
3 17 12
3 17 13
3 17 15
3 17 19
3 17 22
3 18 1
3 18 6
3 18 7
3 18 9
3 18 20
3 18 23
3 18 25
3 18 26
3 18 28
3 18 31
3 19 0
3 19 3
3 19 9
3 19 10
3 19 16
3 19 18
3 19 26
3 19 27
3 20 2
3 20 7
3 20 8
3 20 9
3 20 10
3 20 13
3 20 18
3 20 20
3 20 25
3 20 30
3 20 31
3 21 0
3 21 7
3 21 10
3 21 12
3 21 20
3 21 21
3 21 25
3 21 26
3 21 28
4 0 0
4 0 1
4 0 3
4 0 5
4 0 6
4 0 9
4 0 13
4 0 14
4 0 15
4 0 17
4 0 23
4 0 25
4 0 27
4 0 28
4 0 29
4 1 3
4 1 6
4 1 8
4 1 10
4 1 13
4 1 19
4 1 23
4 1 24
4 1 25
4 1 27
4 2 1
4 2 3
4 2 6
4 2 8
4 2 14
4 2 15
4 2 25
4 2 27
4 3 0
4 3 6
4 3 8
4 3 12
4 3 25
4 3 27
4 4 0
4 4 10
4 4 11
4 4 12
4 4 13
4 4 15
4 4 20
4 4 21
4 4 23
4 4 25
4 4 26
4 5 1
4 5 11
4 5 14
4 5 15
4 5 16
4 5 19
4 5 28
4 6 3
4 6 6
4 6 7
4 6 9
4 6 11
4 6 14
4 6 17
4 6 19
4 6 23
4 7 0
4 7 4
4 7 6
4 7 11
4 7 12
4 7 13
4 7 14
4 7 18
4 7 19
4 7 20
4 7 21
4 7 25
4 7 26
4 7 28
4 7 29
4 8 6
4 8 7
4 8 9
4 8 10
4 8 12
4 8 15
4 8 18
4 8 20
4 8 22
4 8 27
4 8 29
4 9 4
4 9 6
4 9 15
4 9 18
4 9 21
4 10 0
4 10 4
4 10 7
4 10 8
4 10 9
4 10 10
4 10 11
4 10 12
4 10 13
4 10 16
4 10 17
4 10 18
4 10 19
4 10 20
4 10 21
4 10 23
4 11 0
4 11 4
4 11 5
4 11 8
4 11 9
4 11 11
4 11 19
4 11 20
4 12 2
4 12 5
4 12 12
4 12 15
4 12 19
4 12 20
4 12 29
4 13 0
4 13 1
4 13 2
4 13 3
4 13 4
4 13 6
4 13 8
4 13 18
4 13 19
4 13 20
4 13 21
4 13 22
4 13 26
4 13 29
4 14 0
4 14 1
4 14 2
4 14 9
4 14 12
4 14 14
4 14 16
4 14 19
4 14 22
4 14 25
4 14 28
4 14 29
4 15 4
4 15 7
4 15 10
4 15 11
4 15 16
4 15 19
4 15 28
4 15 29
4 16 1
4 16 2
4 16 4
4 16 7
4 16 8
4 16 12
4 16 17
4 16 18
4 16 23
4 16 27
4 17 4
4 17 5
4 17 6
4 17 9
4 17 10
4 17 17
4 17 20
4 17 26
4 17 29
4 18 2
4 18 3
4 18 4
4 18 5
4 18 10
4 18 11
4 18 16
4 18 23
4 19 0
4 19 4
4 19 5
4 19 7
4 19 10
4 19 11
4 19 13
4 19 16
4 19 18
4 19 19
4 19 21
4 19 23
4 20 6
4 20 10
4 20 14
4 20 17
4 20 21
4 20 29
4 21 8
4 21 9
4 21 14
4 21 26
4 22 1
4 22 3
4 22 5
4 22 10
4 22 11
4 22 23
4 22 24
4 23 2
4 23 4
4 23 6
4 23 12
4 23 13
4 23 15
4 23 16
4 23 20
4 23 22
4 23 24
4 24 0
4 24 1
4 24 5
4 24 8
4 24 11
4 24 12
4 24 17
4 24 18
4 24 19
4 24 20
4 24 24
4 25 2
4 25 3
4 25 4
4 25 12
4 25 13
4 25 20
4 25 22
4 25 27
4 25 28
4 26 5
4 26 6
4 26 10
4 26 17
4 26 18
4 26 20
4 26 22
4 26 24
4 26 27
4 27 10
4 27 12
4 27 16
4 27 19
4 27 20
4 27 24
4 27 25
4 27 26
4 27 27
4 28 0
4 28 18
4 28 21
4 28 23
4 28 27
4 29 12
4 29 15
4 29 19
4 29 21
4 29 23
4 29 25
4 29 26
4 30 6
4 30 9
4 30 13
4 30 15
4 30 18
4 30 21
4 30 23
4 30 29
4 31 2
4 31 5
4 31 9
4 31 20
4 31 22
4 31 25
4 31 27
4 31 28
4 31 29