531
6
159 111 162 149 108 111
9873

0 0 751 432 0 0 0 191 0 0 527 381 488 584 795 892 0 523 121 0 98 66 35 0 0 0 35 273 0 227 0 311 146 417 0 699 0 179 0 902 207 555 140 431 0 121 0 0 0 0 517 0 342 0 0 313 540 0 0 0 0 524 0 367 0 0 415 137 0 534 0 0 645 0 0 812 626 733 0 117 726 118 0 0 0 340 0 21 0 0 0 0 0 806 0 0 0 187 930 0 443 0 269 0 507 678 0 0 500 0 245 592 903 0 0 6 74 0 43 54 0 0 88 83 0 0 0 0 45 0 0 65 48 82 0 0 7 29 0 73 58 0 0 0 98 0 0 92 0 87 0 0 0 0 18 17 9 87 0
569 244 295 296 0 0 513 0 0 967 0 235 0 101 0 0 369 0 0 554 661 396 0 0 0 0 985 0 0 0 0 0 0 0 501 0 410 11 505 872 0 25 406 0 0 0 0 21 0 0 485 715 0 433 520 677 885 0 286 0 0 0 560 0 462 97 0 0 329 196 956 761 637 0 0 0 0 283 0 0 23 36 69 0 9 0 100 62 0 0 69 76 67 0 20 0 0 54 0 49 0 58 0 1 29 0 10 97 0 0 44
0 0 490 0 0 0 278 47 305 677 166 0 0 0 0 0 0 0 133 0 0 0 473 575 815 424 562 457 50 135 340 0 42 0 83 731 0 0 190 0 0 0 64 0 656 0 0 0 940 244 0 0 0 0 0 715 0 0 0 0 0 0 665 630 0 0 554 0 0 0 893 314 817 313 0 0 17 0 0 354 0 478 303 0 796 60 461 520 0 528 504 94 0 0 0 6 101 0 336 773 0 0 381 758 272 0 219 0 719 0 0 0 247 0 0 96 46 42 0 0 9 0 0 44 99 0 0 41 0 0 74 0 0 0 34 0 0 26 6 0 65 0 0 3 51 52 42 0 0 0 31 97 0 0 83 44 0 67 37 77 48 93
0 49 0 154 14 0 57 171 275 0 641 0 0 0 977 878 0 0 0 0 965 0 38 0 932 844 632 534 0 0 0 0 0 0 0 0 0 92 110 542 0 0 0 607 732 0 0 479 0 847 0 0 0 0 657 0 0 0 0 692 809 921 0 0 96 195 737 0 749 643 0 787 140 690 0 0 528 375 0 359 212 105 0 94 0 0 0 54 0 593 85 947 901 0 78 46 0 0 0 723 402 0 628 0 433 0 98 73 0 9 0 0 65 52 21 24 0 20 0 0 0 11 0 0 0 58 0 54 75 0 0 90 19 37 0 0 31 87 49 86 30 0 0 13 20 0 0 59 27
0 382 0 0 0 0 0 656 925 635 0 725 288 0 686 0 979 823 0 0 346 428 0 0 0 37 0 269 0 827 271 168 204 0 0 0 0 467 0 199 766 512 176 26 0 732 0 867 439 130 0 0 437 0 0 606 800 0 715 448 0 0 0 0 369 0 0 0 0 493 202 408 699 882 481 0 30 0 0 0 95 40 52 25 86 98 0 18 0 72 91 66 0 0 78 0 97 0 74 40 96 50 0 2 0 29 79 58
0 831 0 0 673 712 0 0 0 909 730 840 0 0 340 0 0 110 0 0 0 0 0 647 780 894 0 0 809 902 0 0 0 214 766 688 112 0 902 0 562 0 0 0 0 0 434 922 858 0 0 0 863 0 0 0 0 0 0 622 821 0 373 0 0 184 306 0 410 490 221 716 601 485 0 0 0 0 41 27 25 0 100 0 0 0 0 68 0 83 41 76 65 73 0 0 49 4 19 74 82 0 0 0 90 0 0 0 0 7 64

0 0 5
0 0 7
0 0 11
0 0 21
0 0 24
0 0 49
0 0 62
0 0 65
0 0 70
0 0 93
0 0 94
0 0 98
0 0 103
0 0 106
0 0 107
0 0 108
0 1 5
0 1 19
0 1 20
0 1 35
0 1 40
0 1 43
0 1 61
0 1 67
0 1 75
0 1 90
0 1 98
0 1 99
0 1 100
0 1 103
0 1 104
0 2 13
0 2 15
0 2 27
0 2 29
0 2 43
0 2 63
0 2 97
0 2 98
0 2 101
0 3 1
0 3 5
0 3 23
0 3 24
0 3 42
0 3 43
0 3 50
0 3 53
0 3 61
0 3 75
0 3 84
0 3 94
0 3 100
0 3 101
0 3 103
0 4 7
0 4 12
0 4 13
0 4 16
0 4 43
0 4 47
0 4 55
0 4 59
0 4 67
0 4 92
0 4 99
0 4 102
0 5 1
0 5 4
0 5 13
0 5 21
0 5 41
0 5 42
0 5 46
0 5 49
0 5 65
0 5 67
0 5 77
0 5 79
0 5 81
0 5 85
0 5 95
0 5 96
0 6 14
0 6 19
0 6 32
0 6 49
0 6 51
0 6 53
0 6 57
0 6 62
0 6 70
0 6 79
0 6 86
0 6 103
0 6 107
0 7 5
0 7 11
0 7 12
0 7 17
0 7 19
0 7 20
0 7 24
0 7 52
0 7 56
0 7 65
0 7 86
0 7 104
0 7 106
0 8 0
0 8 1
0 8 4
0 8 9
0 8 12
0 8 20
0 8 24
0 8 37
0 8 44
0 8 53
0 8 54
0 8 61
0 8 69
0 8 76
0 8 78
0 8 109
0 9 0
0 9 13
0 9 16
0 9 22
0 9 26
0 9 30
0 9 42
0 9 44
0 9 47
0 9 54
0 9 57
0 9 68
0 9 75
0 9 78
0 9 80
0 9 83
0 9 94
0 9 97
0 9 101
0 9 103
0 9 106
0 10 2
0 10 28
0 10 36
0 10 37
0 10 43
0 10 47
0 10 60
0 10 65
0 10 66
0 10 69
0 10 71
0 10 74
0 10 75
0 10 90
0 10 96
0 11 0
0 11 15
0 11 17
0 11 21
0 11 27
0 11 43
0 11 46
0 11 52
0 11 57
0 11 60
0 11 66
0 11 89
0 11 98
0 11 103
0 11 104
0 12 20
0 12 28
0 12 33
0 12 39
0 12 41
0 12 47
0 12 53
0 12 58
0 12 72
0 12 76
0 12 90
0 12 91
0 13 0
0 13 3
0 13 6
0 13 20
0 13 23
0 13 30
0 13 31
0 13 33
0 13 47
0 13 62
0 13 64
0 13 66
0 13 77
0 13 79
0 13 101
0 14 0
0 14 2
0 14 16
0 14 27
0 14 30
0 14 36
0 14 49
0 14 65
0 14 80
0 14 98
0 15 0
0 15 20
0 15 26
0 15 36
0 15 52
0 15 56
0 15 64
0 15 77
0 15 79
0 15 80
0 15 101
0 15 108
0 16 10
0 16 19
0 16 22
0 16 27
0 16 28
0 16 30
0 16 32
0 16 43
0 16 53
0 16 63
0 16 65
0 16 73
0 16 94
0 16 100
0 16 102
0 16 104
0 17 2
0 17 13
0 17 30
0 17 35
0 17 37
0 17 38
0 17 41
0 17 51
0 17 59
0 17 62
0 17 65
0 17 92
0 18 0
0 18 3
0 18 19
0 18 30
0 18 34
0 18 35
0 18 36
0 18 41
0 18 53
0 18 56
0 18 64
0 18 78
0 19 12
0 19 15
0 19 27
0 19 29
0 19 41
0 19 55
0 19 58
0 19 68
0 19 75
0 20 16
0 20 23
0 20 26
0 20 33
0 20 46
0 20 49
0 20 64
0 20 71
0 20 74
0 20 80
0 20 87
0 20 91
0 20 96
0 20 107
0 21 8
0 21 9
0 21 14
0 21 25
0 21 64
0 21 70
0 21 76
0 21 79
0 21 95
0 22 8
0 22 11
0 22 17
0 22 33
0 22 39
0 22 45
0 22 53
0 22 58
0 22 63
0 22 83
0 22 92
0 22 102
0 23 10
0 23 13
0 23 15
0 23 28
0 23 29
0 23 53
0 23 55
0 23 56
0 23 61
0 23 67
0 23 69
0 23 81
0 23 98
0 23 106
0 24 10
0 24 17
0 24 24
0 24 31
0 24 38
0 24 54
0 24 58
0 24 66
0 24 67
0 24 72
0 24 82
0 24 90
0 24 95
0 24 105
0 25 0
0 25 4
0 25 23
0 25 31
0 25 35
0 25 36
0 25 44
0 25 80
0 25 95
0 25 97
0 25 103
0 26 20
0 26 26
0 26 51
0 26 78
0 26 82
0 26 90
0 27 2
0 27 6
0 27 11
0 27 30
0 27 75
0 27 76
0 27 82
0 27 84
0 27 88
0 27 99
0 28 1
0 28 12
0 28 37
0 28 38
0 28 42
0 28 43
0 28 44
0 28 49
0 28 51
0 28 52
0 28 56
0 28 58
0 28 62
0 28 67
0 28 92
0 28 109
0 28 110
0 29 5
0 29 16
0 29 19
0 29 33
0 29 44
0 29 56
0 29 65
0 29 92
0 30 0
0 30 9
0 30 27
0 30 28
0 30 35
0 30 39
0 30 57
0 30 63
0 30 67
0 30 77
0 30 80
0 30 108
0 31 6
0 31 15
0 31 19
0 31 21
0 31 22
0 31 31
0 31 34
0 31 38
0 31 39
0 31 48
0 31 49
0 31 60
0 31 61
0 31 67
0 31 72
0 31 99
0 32 3
0 32 28
0 32 29
0 32 31
0 32 33
0 32 34
0 32 37
0 32 47
0 32 58
0 32 72
0 32 81
0 32 84
0 32 87
0 32 92
0 32 104
0 32 107
0 33 1
0 33 3
0 33 11
0 33 18
0 33 28
0 33 31
0 33 37
0 33 45
0 33 47
0 33 68
0 33 72
0 33 82
0 33 101
0 33 110
0 34 2
0 34 8
0 34 11
0 34 14
0 34 17
0 34 20
0 34 25
0 34 27
0 34 32
0 34 38
0 34 47
0 34 48
0 34 54
0 34 61
0 34 87
0 34 95
0 35 3
0 35 22
0 35 30
0 35 35
0 35 40
0 35 43
0 35 46
0 35 47
0 35 52
0 35 60
0 35 63
0 35 64
0 35 69
0 35 84
0 35 90
0 35 93
0 35 104
0 35 106
0 36 9
0 36 16
0 36 32
0 36 43
0 36 54
0 36 58
0 36 69
0 36 72
0 36 81
0 36 104
0 37 2
0 37 11
0 37 19
0 37 22
0 37 24
0 37 34
0 37 36
0 37 37
0 37 51
0 37 57
0 37 68
0 37 76
0 37 80
0 37 83
0 37 85
0 37 102
0 37 108
0 38 14
0 38 16
0 38 31
0 38 32
0 38 35
0 38 41
0 38 60
0 38 61
0 38 62
0 38 66
0 38 68
0 38 71
0 38 76
0 38 83
0 38 89
0 38 101
0 38 108
0 38 110
0 39 6
0 39 16
0 39 20
0 39 27
0 39 53
0 39 70
0 39 71
0 39 94
0 40 10
0 40 18
0 40 20
0 40 30
0 40 39
0 40 53
0 40 54
0 40 58
0 40 65
0 40 70
0 40 83
0 40 86
0 40 99
0 40 101
0 41 11
0 41 17
0 41 32
0 41 60
0 41 66
0 41 73
0 41 75
0 41 81
0 41 90
0 41 92
0 41 95
0 41 107
0 41 108
0 42 12
0 42 16
0 42 17
0 42 32
0 42 39
0 42 41
0 42 42
0 42 45
0 42 58
0 42 63
0 42 64
0 42 71
0 42 74
0 42 80
0 42 88
0 42 93
0 42 105
0 42 107
0 43 28
0 43 31
0 43 46
0 43 47
0 43 64
0 43 73
0 43 77
0 43 92
0 43 93
0 43 102
0 43 109
0 44 9
0 44 18
0 44 19
0 44 20
0 44 23
0 44 49
0 44 50
0 44 68
0 44 70
0 44 73
0 44 82
0 44 87
0 44 97
0 44 105
0 44 108
0 45 8
0 45 10
0 45 18
0 45 21
0 45 30
0 45 31
0 45 39
0 45 53
0 45 63
0 45 70
0 45 90
0 45 96
0 46 8
0 46 16
0 46 17
0 46 26
0 46 31
0 46 38
0 46 41
0 46 53
0 46 56
0 46 59
0 46 62
0 46 64
0 46 66
0 46 67
0 46 89
0 46 103
0 46 107
0 46 108
0 47 4
0 47 9
0 47 17
0 47 28
0 47 31
0 47 47
0 47 53
0 47 60
0 47 74
0 47 87
0 47 90
0 47 94
0 47 103
0 47 109
0 48 10
0 48 13
0 48 14
0 48 36
0 48 47
0 48 50
0 48 58
0 48 66
0 48 70
0 48 71
0 48 76
0 48 77
0 48 83
0 48 97
0 48 100
0 48 110
0 49 21
0 49 23
0 49 30
0 49 34
0 49 44
0 49 51
0 49 67
0 49 74
0 49 94
0 49 110
0 50 24
0 50 40
0 50 42
0 50 59
0 50 67
0 50 78
0 50 92
0 51 14
0 51 17
0 51 20
0 51 36
0 51 42
0 51 43
0 51 48
0 51 58
0 51 60
0 51 75
0 51 91
0 52 3
0 52 34
0 52 44
0 52 47
0 52 49
0 52 55
0 52 59
0 52 60
0 52 93
0 52 99
0 52 100
0 52 105
0 53 5
0 53 17
0 53 18
0 53 99
0 53 104
0 54 3
0 54 18
0 54 19
0 54 37
0 54 39
0 54 40
0 54 43
0 54 45
0 54 59
0 54 60
0 54 62
0 54 64
0 54 71
0 54 88
0 54 90
0 54 94
0 54 102
0 54 110
0 55 2
0 55 3
0 55 5
0 55 16
0 55 17
0 55 35
0 55 38
0 55 52
0 55 53
0 55 55
0 55 59
0 55 65
0 55 80
0 55 91
0 55 109
0 56 3
0 56 30
0 56 31
0 56 32
0 56 34
0 56 37
0 56 43
0 56 47
0 56 61
0 56 67
0 56 90
0 56 102
0 56 106
0 56 110
0 57 5
0 57 11
0 57 18
0 57 29
0 57 30
0 57 42
0 57 43
0 57 49
0 57 56
0 57 60
0 57 74
0 57 78
0 57 79
0 57 95
0 57 102
0 58 7
0 58 8
0 58 10
0 58 16
0 58 20
0 58 25
0 58 31
0 58 36
0 58 38
0 58 68
0 58 86
0 58 103
0 58 109
0 59 0
0 59 3
0 59 4
0 59 31
0 59 37
0 59 40
0 59 44
0 59 59
0 59 67
0 59 81
0 59 104
0 60 1
0 60 2
0 60 3
0 60 12
0 60 13
0 60 24
0 60 34
0 60 37
0 60 40
0 60 55
0 60 64
0 60 66
0 60 70
0 60 71
0 60 76
0 60 77
0 60 83
0 60 94
0 60 97
0 60 104
0 61 0
0 61 17
0 61 20
0 61 25
0 61 34
0 61 56
0 61 75
0 61 77
0 61 78
0 61 83
0 61 96
0 61 101
0 62 1
0 62 6
0 62 9
0 62 16
0 62 26
0 62 27
0 62 49
0 62 68
0 62 69
0 62 79
0 62 81
0 62 84
0 62 86
0 62 95
0 62 103
0 62 106
0 63 28
0 63 40
0 63 41
0 63 42
0 63 52
0 63 82
0 64 19
0 64 21
0 64 25
0 64 29
0 64 39
0 64 43
0 64 46
0 64 47
0 64 53
0 64 59
0 64 63
0 64 65
0 64 79
0 64 90
0 64 95
0 64 104
0 64 105
0 64 106
0 64 110
0 65 54
0 65 55
0 65 69
0 65 73
0 65 76
0 65 84
0 65 86
0 65 90
0 65 94
0 65 99
0 65 106
0 66 1
0 66 16
0 66 17
0 66 19
0 66 20
0 66 22
0 66 24
0 66 35
0 66 40
0 66 49
0 66 51
0 66 62
0 66 67
0 66 69
0 66 83
0 66 90
0 66 100
0 67 40
0 67 46
0 67 48
0 67 73
0 67 91
0 67 106
0 68 8
0 68 12
0 68 15
0 68 21
0 68 26
0 68 41
0 68 43
0 68 61
0 68 69
0 68 78
0 68 93
0 68 94
0 68 103
0 69 3
0 69 4
0 69 11
0 69 12
0 69 14
0 69 34
0 69 45
0 69 47
0 69 50
0 69 55
0 69 66
0 69 78
0 69 82
0 69 100
0 69 107
0 70 1
0 70 8
0 70 11
0 70 25
0 70 28
0 70 32
0 70 37
0 70 50
0 70 59
0 70 66
0 70 72
0 71 8
0 71 12
0 71 15
0 71 32
0 71 34
0 71 40
0 71 46
0 71 53
0 71 71
0 71 72
0 71 74
0 71 82
0 71 110
0 72 5
0 72 11
0 72 13
0 72 15
0 72 20
0 72 25
0 72 31
0 72 33
0 72 39
0 72 65
0 72 70
0 72 73
0 72 79
0 72 89
0 72 93
0 72 102
0 72 103
0 73 1
0 73 9
0 73 52
0 73 66
0 73 74
0 73 77
0 73 81
0 73 101
0 73 102
0 74 8
0 74 22
0 74 41
0 74 51
0 74 56
0 74 58
0 74 64
0 74 68
0 74 72
0 74 80
0 74 93
0 74 94
0 74 102
0 74 105
0 74 109
0 75 0
0 75 3
0 75 4
0 75 6
0 75 10
0 75 11
0 75 19
0 75 23
0 75 49
0 75 54
0 75 58
0 75 60
0 75 65
0 75 72
0 75 79
0 75 83
0 75 87
0 75 96
0 76 5
0 76 15
0 76 16
0 76 19
0 76 35
0 76 56
0 76 59
0 76 67
0 76 75
0 76 89
0 77 2
0 77 6
0 77 11
0 77 13
0 77 15
0 77 16
0 77 28
0 77 33
0 77 35
0 77 38
0 77 59
0 77 60
0 77 74
0 77 75
0 77 90
0 77 91
0 77 92
0 77 95
0 77 102
0 77 109
0 78 7
0 78 15
0 78 18
0 78 29
0 78 30
0 78 33
0 78 37
0 78 42
0 78 43
0 78 47
0 78 48
0 78 49
0 78 52
0 78 71
0 78 73
0 78 77
0 78 79
0 78 94
0 78 100
0 79 5
0 79 8
0 79 12
0 79 22
0 79 25
0 79 32
0 79 33
0 79 52
0 79 66
0 79 95
0 79 96
0 79 98
0 79 100
0 79 108
0 80 11
0 80 19
0 80 23
0 80 29
0 80 39
0 80 43
0 80 52
0 80 55
0 80 61
0 80 65
0 80 67
0 80 69
0 80 75
0 80 77
0 81 6
0 81 19
0 81 37
0 81 45
0 81 56
0 81 59
0 81 79
0 81 80
0 81 86
0 81 88
0 81 91
0 81 104
0 82 0
0 82 2
0 82 8
0 82 12
0 82 25
0 82 26
0 82 43
0 82 46
0 82 63
0 82 70
0 82 75
0 82 78
0 82 80
0 82 83
0 82 85
0 82 93
0 82 94
0 82 102
0 83 10
0 83 19
0 83 22
0 83 36
0 83 40
0 83 48
0 83 55
0 83 59
0 83 62
0 83 63
0 83 71
0 83 74
0 83 80
0 83 81
0 83 94
0 83 100
0 83 102
0 84 0
0 84 29
0 84 32
0 84 45
0 84 48
0 84 64
0 84 72
0 84 81
0 84 84
0 84 104
0 85 7
0 85 28
0 85 44
0 85 47
0 85 62
0 85 77
0 86 6
0 86 11
0 86 15
0 86 29
0 86 44
0 86 48
0 86 73
0 86 77
0 86 79
0 86 90
0 86 95
0 86 104
0 87 0
0 87 31
0 87 38
0 87 46
0 87 52
0 87 55
0 87 59
0 87 64
0 87 82
0 87 108
0 87 110
0 88 1
0 88 7
0 88 21
0 88 26
0 88 28
0 88 29
0 88 32
0 88 33
0 88 38
0 88 58
0 88 61
0 88 68
0 88 69
0 88 77
0 88 83
0 88 87
0 88 105
0 89 1
0 89 2
0 89 14
0 89 23
0 89 25
0 89 33
0 89 43
0 89 53
0 89 64
0 89 79
0 89 95
0 89 104
0 90 8
0 90 14
0 90 15
0 90 19
0 90 23
0 90 31
0 90 39
0 90 45
0 90 55
0 90 70
0 90 71
0 90 75
0 90 81
0 90 97
0 91 9
0 91 28
0 91 29
0 91 37
0 91 45
0 91 53
0 91 56
0 91 74
0 91 76
0 91 86
0 91 93
0 92 0
0 92 9
0 92 12
0 92 27
0 92 37
0 92 43
0 92 45
0 92 61
0 92 75
0 92 79
0 92 87
0 93 4
0 93 11
0 93 18
0 93 25
0 93 29
0 93 31
0 93 42
0 93 45
0 93 46
0 93 61
0 93 62
0 93 66
0 93 77
0 93 80
0 93 83
0 94 6
0 94 7
0 94 12
0 94 17
0 94 19
0 94 25
0 94 33
0 94 35
0 94 36
0 94 39
0 94 40
0 94 48
0 94 53
0 94 57
0 94 61
0 94 62
0 94 69
0 94 74
0 94 84
0 94 89
0 94 94
0 95 2
0 95 4
0 95 14
0 95 38
0 95 42
0 95 43
0 95 45
0 95 59
0 95 60
0 95 61
0 95 66
0 95 67
0 95 70
0 95 71
0 95 82
0 95 108
0 95 109
0 96 4
0 96 29
0 96 30
0 96 42
0 96 48
0 96 65
0 96 66
0 96 71
0 97 1
0 97 8
0 97 9
0 97 24
0 97 40
0 97 61
0 97 63
0 97 65
0 97 72
0 97 78
0 98 14
0 98 21
0 98 30
0 98 34
0 98 35
0 98 36
0 98 39
0 98 40
0 98 46
0 98 85
0 98 91
0 98 97
0 98 101
0 99 11
0 99 20
0 99 22
0 99 25
0 99 29
0 99 41
0 99 45
0 99 48
0 99 86
0 100 2
0 100 4
0 100 21
0 100 22
0 100 26
0 100 28
0 100 33
0 100 41
0 100 60
0 100 78
0 100 84
0 101 3
0 101 7
0 101 9
0 101 14
0 101 15
0 101 20
0 101 25
0 101 36
0 101 47
0 101 58
0 101 62
0 101 71
0 101 83
0 101 102
0 102 3
0 102 5
0 102 16
0 102 17
0 102 19
0 102 25
0 102 28
0 102 49
0 102 50
0 102 69
0 102 72
0 102 77
0 102 83
0 102 88
0 103 12
0 103 23
0 103 26
0 103 33
0 103 39
0 103 51
0 103 74
0 103 83
0 103 95
0 103 101
0 104 0
0 104 10
0 104 11
0 104 43
0 104 60
0 104 65
0 104 68
0 104 72
0 104 80
0 104 93
0 104 101
0 104 103
0 104 106
0 105 25
0 105 27
0 105 31
0 105 40
0 105 51
0 105 54
0 105 65
0 105 78
0 105 80
0 105 85
0 105 92
0 105 100
0 106 5
0 106 12
0 106 19
0 106 25
0 106 33
0 106 35
0 106 37
0 106 39
0 106 53
0 106 71
0 106 74
0 106 78
0 106 93
0 107 20
0 107 24
0 107 27
0 107 36
0 107 45
0 107 49
0 107 62
0 107 63
0 107 68
0 107 76
0 107 92
0 107 103
0 107 105
0 108 6
0 108 8
0 108 16
0 108 32
0 108 41
0 108 54
0 108 67
0 108 73
0 108 78
0 108 85
0 108 95
0 108 97
0 108 105
0 109 13
0 109 20
0 109 23
0 109 43
0 109 49
0 109 64
0 109 70
0 109 80
0 109 87
0 109 88
0 109 92
0 109 95
0 109 109
0 110 5
0 110 12
0 110 13
0 110 29
0 110 67
0 110 71
0 110 76
0 110 88
0 110 93
0 110 103
0 111 2
0 111 10
0 111 18
0 111 23
0 111 25
0 111 27
0 111 46
0 111 66
0 111 70
0 111 72
0 111 75
0 111 79
0 111 90
0 111 91
0 112 7
0 112 23
0 112 28
0 112 39
0 112 40
0 112 53
0 112 77
0 113 3
0 113 6
0 113 22
0 113 52
0 113 54
0 113 69
0 113 82
0 113 91
0 113 110
0 114 30
0 114 70
0 114 84
0 114 92
0 114 104
0 115 14
0 115 18
0 115 37
0 115 48
0 115 78
0 115 89
0 115 100
0 115 109
0 116 2
0 116 7
0 116 42
0 116 73
0 116 78
0 116 87
0 116 102
0 116 109
0 117 5
0 117 7
0 117 9
0 117 44
0 117 72
0 117 82
0 117 87
0 117 94
0 117 104
0 117 105
0 117 107
0 117 109
0 118 2
0 118 23
0 118 26
0 118 36
0 118 44
0 118 59
0 118 62
0 118 86
0 118 101
0 119 5
0 119 10
0 119 21
0 119 39
0 119 64
0 119 91
0 119 96
0 119 105
0 120 5
0 120 7
0 120 8
0 120 14
0 120 18
0 120 22
0 120 38
0 120 48
0 120 49
0 120 67
0 120 73
0 120 83
0 120 93
0 120 100
0 120 108
0 121 16
0 121 22
0 121 63
0 121 67
0 121 90
0 121 91
0 121 93
0 121 100
0 121 109
0 122 21
0 122 36
0 122 52
0 122 62
0 122 89
0 122 108
0 123 5
0 123 17
0 123 56
0 123 59
0 123 63
0 123 74
0 123 79
0 123 80
0 123 82
0 123 90
0 123 91
0 123 92
0 123 102
0 123 103
0 123 107
0 123 108
0 124 5
0 124 30
0 124 50
0 124 58
0 124 69
0 124 74
0 124 79
0 124 85
0 124 88
0 124 102
0 124 106
0 125 7
0 125 9
0 125 20
0 125 28
0 125 56
0 125 60
0 125 63
0 125 81
0 125 83
0 125 86
0 125 89
0 125 90
0 125 93
0 125 97
0 126 15
0 126 24
0 126 40
0 126 45
0 126 53
0 126 66
0 126 74
0 126 86
0 126 87
0 126 89
0 126 99
0 127 10
0 127 11
0 127 13
0 127 14
0 127 25
0 127 32
0 127 49
0 127 56
0 127 63
0 127 86
0 127 99
0 128 1
0 128 9
0 128 27
0 128 47
0 128 59
0 128 78
0 128 84
0 128 101
0 128 104
0 128 105
0 128 106
0 128 107
0 128 108
0 128 109
0 129 6
0 129 33
0 129 39
0 129 53
0 129 71
0 129 76
0 129 78
0 129 80
0 129 81
0 129 91
0 129 100
0 129 103
0 129 104
0 129 109
0 130 16
0 130 19
0 130 25
0 130 48
0 130 50
0 130 59
0 130 69
0 130 83
0 130 85
0 130 88
0 130 94
0 130 96
0 130 97
0 130 102
0 130 107
0 131 15
0 131 43
0 131 45
0 131 51
0 131 56
0 131 82
0 131 83
0 131 90
0 131 92
0 131 94
0 131 97
0 131 104
0 131 106
0 132 4
0 132 22
0 132 29
0 132 41
0 132 43
0 132 47
0 132 60
0 132 62
0 132 68
0 132 71
0 132 79
0 132 93
0 132 94
0 132 99
0 132 108
0 133 14
0 133 23
0 133 25
0 133 37
0 133 42
0 133 46
0 133 61
0 133 62
0 133 69
0 133 72
0 133 100
0 134 42
0 134 44
0 134 47
0 134 56
0 134 61
0 134 62
0 134 93
0 134 97
0 134 99
0 134 103
0 134 107
0 135 22
0 135 41
0 135 45
0 135 67
0 135 68
0 135 71
0 135 73
0 135 84
0 135 86
0 135 95
0 135 96
0 135 106
0 136 5
0 136 16
0 136 17
0 136 31
0 136 41
0 136 42
0 136 51
0 136 69
0 136 72
0 136 74
0 136 75
0 136 86
0 136 87
0 136 93
0 136 99
0 137 10
0 137 16
0 137 28
0 137 42
0 137 43
0 137 48
0 137 59
0 137 77
0 137 80
0 137 91
0 138 10
0 138 25
0 138 48
0 138 59
0 138 71
0 138 92
0 138 100
0 139 2
0 139 8
0 139 13
0 139 16
0 139 76
0 139 78
0 139 79
0 139 84
0 139 91
0 139 93
0 139 108
0 140 7
0 140 27
0 140 40
0 140 49
0 140 52
0 140 81
0 140 88
0 140 93
0 140 95
0 140 98
0 141 0
0 141 35
0 141 49
0 141 50
0 141 76
0 141 82
0 141 93
0 141 104
0 141 108
0 142 24
0 142 25
0 142 36
0 142 41
0 142 45
0 142 54
0 142 58
0 142 67
0 142 76
0 142 82
0 142 84
0 142 85
0 143 0
0 143 1
0 143 3
0 143 32
0 143 43
0 143 47
0 143 98
0 143 100
0 143 110
0 144 12
0 144 17
0 144 20
0 144 28
0 144 34
0 144 53
0 144 54
0 144 60
0 144 99
0 144 103
0 145 13
0 145 29
0 145 74
0 145 75
0 145 96
0 145 109
0 146 5
0 146 11
0 146 20
0 146 36
0 146 42
0 146 65
0 146 80
0 146 82
0 146 100
0 146 105
0 147 2
0 147 6
0 147 26
0 147 41
0 147 42
0 147 45
0 147 56
0 147 72
0 147 88
0 147 95
0 147 96
0 147 103
0 147 105
0 148 10
0 148 19
0 148 23
0 148 27
0 148 61
0 148 76
0 148 83
0 148 91
0 149 9
0 149 21
0 149 33
0 149 42
0 149 50
0 149 56
0 149 67
0 149 72
0 149 83
0 149 86
0 149 99
0 149 100
0 150 9
0 150 18
0 150 20
0 150 47
0 150 56
0 150 63
0 150 67
0 150 74
0 150 81
0 150 87
0 150 90
0 150 101
0 150 110
0 151 0
0 151 10
0 151 17
0 151 19
0 151 24
0 151 26
0 151 51
0 151 81
0 151 84
0 151 101
0 152 14
0 152 24
0 152 31
0 152 35
0 152 70
0 152 71
0 152 95
0 152 110
0 153 22
0 153 33
0 153 43
0 153 53
0 153 76
0 153 86
0 153 91
0 153 92
0 153 95
0 153 97
0 153 108
0 154 21
0 154 45
0 154 50
0 154 66
0 154 79
0 154 87
0 154 98
0 154 100
0 154 103
0 155 0
0 155 6
0 155 11
0 155 15
0 155 32
0 155 40
0 155 44
0 155 53
0 155 76
0 155 77
0 155 106
0 156 36
0 156 42
0 156 65
0 156 74
0 156 86
0 156 91
0 156 92
0 156 108
0 157 6
0 157 30
0 157 69
0 157 73
0 157 92
0 157 98
0 157 99
0 157 106
0 158 6
0 158 22
0 158 25
0 158 31
0 158 45
0 158 53
0 158 68
0 158 69
0 158 81
0 158 85
0 158 103
0 158 104
0 158 105
1 0 10
1 0 11
1 0 12
1 0 13
1 0 24
1 0 32
1 0 35
1 0 49
1 0 50
1 0 54
1 0 69
1 0 81
1 0 86
1 0 87
1 0 96
1 0 102
1 0 111
1 0 131
1 0 146
1 0 160
1 1 9
1 1 14
1 1 25
1 1 31
1 1 42
1 1 50
1 1 54
1 1 65
1 1 67
1 1 68
1 1 91
1 1 97
1 1 103
1 1 107
1 1 114
1 1 118
1 1 149
1 2 12
1 2 39
1 2 40
1 2 63
1 2 68
1 2 74
1 2 86
1 2 98
1 2 99
1 2 112
1 2 113
1 2 144
1 3 13
1 3 21
1 3 22
1 3 25
1 3 34
1 3 36
1 3 41
1 3 44
1 3 46
1 3 64
1 3 72
1 3 74
1 3 75
1 3 77
1 3 83
1 3 94
1 3 95
1 3 99
1 3 104
1 3 106
1 3 107
1 3 109
1 3 111
1 3 129
1 3 143
1 3 151
1 3 160
1 4 7
1 4 14
1 4 23
1 4 27
1 4 31
1 4 52
1 4 61
1 4 67
1 4 71
1 4 90
1 4 95
1 4 99
1 4 101
1 4 103
1 4 104
1 4 107
1 4 115
1 4 120
1 4 126
1 4 145
1 4 152
1 5 6
1 5 24
1 5 31
1 5 33
1 5 38
1 5 41
1 5 47
1 5 61
1 5 92
1 5 107
1 5 118
1 5 149
1 5 161
1 6 4
1 6 8
1 6 11
1 6 28
1 6 31
1 6 37
1 6 56
1 6 62
1 6 78
1 6 83
1 6 85
1 6 90
1 6 105
1 6 106
1 6 127
1 6 154
1 7 6
1 7 15
1 7 27
1 7 32
1 7 36
1 7 51
1 7 67
1 7 80
1 7 81
1 7 91
1 7 96
1 7 113
1 7 117
1 7 136
1 7 138
1 7 148
1 7 159
1 8 0
1 8 19
1 8 20
1 8 30
1 8 35
1 8 43
1 8 45
1 8 55
1 8 61
1 8 74
1 8 88
1 8 91
1 8 92
1 8 94
1 8 99
1 8 102
1 8 107
1 8 133
1 8 142
1 8 146
1 8 161
1 9 1
1 9 5
1 9 13
1 9 18
1 9 29
1 9 30
1 9 36
1 9 71
1 9 72
1 9 87
1 9 93
1 9 95
1 9 96
1 9 98
1 9 104
1 9 116
1 9 118
1 9 122
1 9 147
1 9 159
1 10 4
1 10 19
1 10 22
1 10 27
1 10 34
1 10 42
1 10 50
1 10 52
1 10 55
1 10 64
1 10 80
1 10 85
1 10 92
1 10 94
1 10 108
1 10 122
1 10 138
1 10 144
1 10 146
1 11 17
1 11 19
1 11 35
1 11 38
1 11 43
1 11 54
1 11 58
1 11 59
1 11 64
1 11 68
1 11 76
1 11 80
1 11 89
1 11 96
1 11 97
1 11 105
1 11 108
1 11 113
1 11 125
1 11 143
1 11 151
1 11 155
1 11 156
1 11 160
1 12 16
1 12 24
1 12 31
1 12 32
1 12 36
1 12 50
1 12 55
1 12 65
1 12 67
1 12 69
1 12 78
1 12 82
1 12 83
1 12 96
1 12 97
1 12 99
1 12 101
1 12 103
1 12 112
1 12 159
1 13 5
1 13 15
1 13 21
1 13 23
1 13 24
1 13 27
1 13 35
1 13 43
1 13 55
1 13 57
1 13 64
1 13 65
1 13 70
1 13 82
1 13 85
1 13 88
1 13 93
1 13 108
1 13 112
1 13 115
1 13 122
1 13 141
1 13 146
1 13 149
1 14 14
1 14 17
1 14 24
1 14 44
1 14 62
1 14 82
1 14 83
1 14 87
1 14 92
1 14 94
1 14 130
1 14 141
1 14 150
1 14 154
1 15 2
1 15 8
1 15 11
1 15 18
1 15 20
1 15 24
1 15 35
1 15 47
1 15 49
1 15 52
1 15 53
1 15 58
1 15 71
1 15 77
1 15 83
1 15 92
1 15 109
1 15 119
1 15 123
1 15 125
1 15 152
1 16 8
1 16 15
1 16 23
1 16 25
1 16 44
1 16 48
1 16 49
1 16 51
1 16 52
1 16 53
1 16 56
1 16 77
1 16 79
1 16 88
1 16 92
1 16 105
1 16 133
1 17 0
1 17 12
1 17 17
1 17 29
1 17 33
1 17 34
1 17 36
1 17 38
1 17 49
1 17 60
1 17 86
1 17 89
1 17 95
1 17 115
1 17 124
1 17 135
1 17 136
1 17 144
1 18 1
1 18 5
1 18 34
1 18 36
1 18 54
1 18 55
1 18 59
1 18 64
1 18 67
1 18 76
1 18 99
1 18 103
1 18 105
1 18 106
1 18 108
1 18 112
1 18 133
1 18 160
1 19 4
1 19 5
1 19 14
1 19 25
1 19 32
1 19 40
1 19 53
1 19 54
1 19 64
1 19 71
1 19 73
1 19 91
1 19 97
1 19 118
1 19 121
1 19 125
1 19 129
1 19 131
1 20 3
1 20 4
1 20 15
1 20 18
1 20 20
1 20 24
1 20 25
1 20 43
1 20 44
1 20 47
1 20 55
1 20 67
1 20 69
1 20 75
1 20 81
1 20 84
1 20 99
1 20 110
1 20 142
1 21 4
1 21 8
1 21 13
1 21 14
1 21 15
1 21 21
1 21 32
1 21 37
1 21 38
1 21 43
1 21 71
1 21 81
1 21 83
1 21 99
1 21 110
1 21 124
1 21 138
1 21 150
1 22 8
1 22 13
1 22 18
1 22 22
1 22 27
1 22 29
1 22 37
1 22 66
1 22 87
1 22 89
1 22 98
1 22 102
1 22 106
1 22 150
1 23 0
1 23 14
1 23 48
1 23 55
1 23 57
1 23 60
1 23 62
1 23 69
1 23 79
1 23 90
1 23 91
1 23 96
1 23 112
1 23 115
1 23 123
1 23 125
1 23 131
1 23 138
1 23 152
1 23 160
1 23 161
1 24 18
1 24 22
1 24 46
1 24 55
1 24 68
1 24 80
1 24 88
1 24 94
1 24 100
1 24 106
1 24 120
1 24 129
1 25 7
1 25 12
1 25 21
1 25 33
1 25 72
1 25 76
1 25 79
1 25 85
1 25 94
1 25 97
1 25 110
1 25 119
1 25 124
1 25 132
1 25 145
1 25 147
1 25 150
1 25 155
1 26 3
1 26 11
1 26 28
1 26 43
1 26 46
1 26 54
1 26 58
1 26 59
1 26 70
1 26 72
1 26 73
1 26 76
1 26 87
1 26 98
1 26 99
1 26 110
1 26 113
1 26 116
1 26 121
1 26 130
1 26 155
1 26 159
1 27 2
1 27 14
1 27 18
1 27 20
1 27 27
1 27 34
1 27 53
1 27 66
1 27 74
1 27 86
1 27 94
1 27 95
1 27 97
1 27 100
1 27 108
1 27 111
1 27 127
1 27 137
1 27 142
1 28 18
1 28 33
1 28 49
1 28 51
1 28 70
1 28 74
1 28 78
1 28 84
1 28 87
1 28 89
1 28 90
1 28 103
1 28 108
1 28 111
1 28 116
1 28 143
1 28 157
1 29 2
1 29 10
1 29 16
1 29 23
1 29 32
1 29 50
1 29 51
1 29 65
1 29 72
1 29 76
1 29 87
1 29 97
1 29 99
1 29 105
1 29 125
1 30 24
1 30 26
1 30 45
1 30 53
1 30 57
1 30 59
1 30 62
1 30 72
1 30 75
1 30 81
1 30 82
1 30 87
1 30 92
1 30 94
1 30 100
1 30 112
1 30 125
1 30 157
1 31 8
1 31 9
1 31 17
1 31 26
1 31 33
1 31 34
1 31 47
1 31 54
1 31 67
1 31 81
1 31 92
1 31 97
1 31 103
1 31 122
1 31 124
1 31 146
1 31 154
1 32 8
1 32 36
1 32 45
1 32 46
1 32 48
1 32 50
1 32 52
1 32 57
1 32 74
1 32 76
1 32 78
1 32 82
1 32 88
1 32 91
1 32 93
1 32 95
1 32 104
1 32 105
1 32 113
1 32 117
1 32 128
1 32 149
1 32 154
1 33 0
1 33 11
1 33 22
1 33 42
1 33 59
1 33 69
1 33 70
1 33 72
1 33 78
1 33 83
1 33 89
1 33 98
1 33 104
1 33 141
1 33 150
1 33 159
1 34 4
1 34 12
1 34 13
1 34 65
1 34 66
1 34 74
1 34 76
1 34 89
1 34 111
1 34 120
1 34 141
1 34 146
1 34 154
1 35 16
1 35 20
1 35 26
1 35 27
1 35 32
1 35 33
1 35 37
1 35 45
1 35 55
1 35 77
1 35 79
1 35 82
1 35 84
1 35 108
1 35 110
1 36 0
1 36 5
1 36 17
1 36 19
1 36 31
1 36 48
1 36 54
1 36 64
1 36 70
1 36 78
1 36 84
1 36 92
1 36 101
1 36 112
1 36 113
1 37 11
1 37 15
1 37 20
1 37 35
1 37 37
1 37 54
1 37 77
1 37 82
1 37 83
1 37 84
1 37 107
1 37 118
1 37 125
1 37 141
1 37 142
1 37 145
1 37 146
1 37 153
1 37 156
1 38 8
1 38 13
1 38 17
1 38 36
1 38 54
1 38 63
1 38 66
1 38 68
1 38 74
1 38 81
1 38 96
1 38 101
1 38 109
1 38 112
1 38 116
1 38 133
1 38 145
1 38 147
1 38 154
1 39 8
1 39 14
1 39 18
1 39 20
1 39 22
1 39 33
1 39 49
1 39 61
1 39 65
1 39 94
1 39 110
1 39 124
1 39 133
1 39 140
1 39 147
1 40 8
1 40 22
1 40 30
1 40 34
1 40 45
1 40 51
1 40 53
1 40 56
1 40 73
1 40 81
1 40 87
1 40 93
1 40 99
1 40 113
1 40 122
1 40 133
1 40 143
1 41 6
1 41 7
1 41 15
1 41 26
1 41 48
1 41 50
1 41 69
1 41 71
1 41 78
1 41 90
1 41 92
1 41 94
1 41 102
1 41 112
1 41 113
1 41 122
1 41 133
1 41 135
1 42 6
1 42 8
1 42 30
1 42 43
1 42 45
1 42 48
1 42 58
1 42 70
1 42 84
1 42 88
1 42 89
1 42 91
1 42 101
1 42 108
1 42 110
1 42 114
1 42 115
1 42 134
1 42 136
1 42 147
1 43 6
1 43 10
1 43 13
1 43 23
1 43 25
1 43 26
1 43 28
1 43 35
1 43 42
1 43 49
1 43 50
1 43 52
1 43 53
1 43 55
1 43 60
1 43 66
1 43 76
1 43 84
1 43 85
1 43 91
1 43 99
1 43 109
1 43 123
1 43 136
1 43 146
1 43 155
1 43 156
1 43 157
1 44 36
1 44 56
1 44 60
1 44 72
1 44 73
1 44 74
1 44 76
1 44 90
1 45 1
1 45 15
1 45 16
1 45 36
1 45 38
1 45 52
1 45 55
1 45 69
1 45 74
1 45 79
1 45 91
1 45 99
1 45 119
1 45 143
1 45 146
1 45 154
1 46 4
1 46 9
1 46 22
1 46 28
1 46 42
1 46 57
1 46 69
1 46 82
1 46 90
1 46 91
1 46 99
1 46 105
1 46 108
1 46 109
1 46 112
1 46 146
1 46 159
1 47 9
1 47 19
1 47 26
1 47 34
1 47 43
1 47 45
1 47 48
1 47 56
1 47 65
1 47 68
1 47 78
1 47 79
1 47 88
1 47 91
1 47 100
1 47 110
1 47 112
1 47 113
1 47 117
1 47 119
1 47 131
1 47 141
1 47 143
1 48 11
1 48 19
1 48 23
1 48 26
1 48 41
1 48 57
1 48 61
1 48 62
1 48 63
1 48 71
1 48 90
1 48 97
1 48 100
1 48 104
1 48 110
1 48 112
1 48 121
1 48 123
1 48 140
1 48 151
1 48 153
1 49 10
1 49 19
1 49 24
1 49 27
1 49 37
1 49 38
1 49 69
1 49 74
1 49 76
1 49 78
1 49 83
1 49 94
1 49 99
1 49 101
1 49 109
1 49 143
1 50 5
1 50 9
1 50 14
1 50 29
1 50 46
1 50 51
1 50 53
1 50 68
1 50 74
1 50 83
1 50 84
1 50 95
1 50 105
1 50 106
1 50 121
1 50 136
1 50 141
1 50 154
1 50 156
1 51 8
1 51 10
1 51 20
1 51 35
1 51 40
1 51 42
1 51 45
1 51 56
1 51 59
1 51 60
1 51 74
1 51 78
1 51 141
1 51 146
1 51 157
1 52 1
1 52 4
1 52 24
1 52 30
1 52 46
1 52 48
1 52 60
1 52 132
1 52 133
1 52 136
1 52 145
1 53 4
1 53 22
1 53 24
1 53 37
1 53 40
1 53 45
1 53 47
1 53 59
1 53 66
1 53 68
1 53 90
1 53 101
1 53 108
1 53 109
1 53 142
1 53 150
1 54 3
1 54 7
1 54 9
1 54 17
1 54 45
1 54 49
1 54 56
1 54 64
1 54 70
1 54 84
1 54 92
1 54 103
1 54 105
1 54 106
1 54 107
1 54 112
1 54 113
1 54 149
1 55 8
1 55 26
1 55 34
1 55 36
1 55 43
1 55 44
1 55 63
1 55 65
1 55 76
1 55 88
1 55 91
1 55 92
1 55 96
1 55 114
1 55 123
1 55 140
1 55 147
1 55 161
1 56 1
1 56 7
1 56 10
1 56 12
1 56 21
1 56 32
1 56 41
1 56 43
1 56 53
1 56 71
1 56 72
1 56 77
1 56 92
1 56 94
1 56 110
1 56 135
1 56 151
1 57 19
1 57 26
1 57 57
1 57 63
1 57 78
1 57 91
1 57 108
1 57 114
1 57 122
1 57 135
1 57 143
1 57 150
1 57 155
1 57 160
1 58 3
1 58 9
1 58 33
1 58 44
1 58 48
1 58 53
1 58 65
1 58 76
1 58 78
1 58 79
1 58 80
1 58 125
1 58 129
1 58 137
1 58 143
1 58 144
1 58 150
1 58 153
1 58 157
1 59 18
1 59 33
1 59 48
1 59 56
1 59 57
1 59 73
1 59 87
1 59 88
1 59 93
1 59 95
1 59 98
1 59 99
1 59 100
1 59 130
1 59 131
1 60 2
1 60 6
1 60 9
1 60 17
1 60 30
1 60 31
1 60 40
1 60 43
1 60 45
1 60 52
1 60 55
1 60 63
1 60 64
1 60 65
1 60 66
1 60 67
1 60 74
1 60 76
1 60 78
1 60 84
1 60 88
1 60 92
1 60 97
1 60 103
1 60 109
1 60 112
1 60 114
1 60 147
1 60 160
1 61 14
1 61 20
1 61 29
1 61 35
1 61 39
1 61 42
1 61 48
1 61 50
1 61 54
1 61 68
1 61 76
1 61 79
1 61 86
1 61 109
1 61 112
1 61 115
1 61 138
1 61 148
1 62 9
1 62 13
1 62 20
1 62 21
1 62 33
1 62 42
1 62 52
1 62 58
1 62 69
1 62 73
1 62 83
1 62 85
1 62 87
1 62 90
1 62 97
1 62 115
1 62 120
1 62 123
1 62 127
1 62 129
1 62 142
1 62 151
1 63 0
1 63 12
1 63 14
1 63 22
1 63 23
1 63 24
1 63 27
1 63 29
1 63 44
1 63 45
1 63 52
1 63 64
1 63 69
1 63 70
1 63 87
1 63 98
1 63 99
1 63 107
1 63 109
1 63 126
1 64 3
1 64 6
1 64 11
1 64 14
1 64 15
1 64 20
1 64 24
1 64 35
1 64 49
1 64 64
1 64 65
1 64 72
1 64 73
1 64 76
1 64 89
1 64 101
1 64 102
1 64 104
1 64 114
1 64 129
1 64 154
1 64 157
1 65 9
1 65 17
1 65 18
1 65 19
1 65 30
1 65 37
1 65 42
1 65 57
1 65 59
1 65 60
1 65 61
1 65 76
1 65 85
1 65 88
1 65 92
1 65 103
1 65 118
1 65 120
1 65 121
1 65 144
1 66 13
1 66 18
1 66 25
1 66 38
1 66 40
1 66 49
1 66 54
1 66 55
1 66 68
1 66 70
1 66 94
1 66 104
1 66 110
1 66 135
1 66 148
1 66 156
1 67 7
1 67 16
1 67 19
1 67 53
1 67 63
1 67 66
1 67 67
1 67 68
1 67 71
1 67 126
1 67 138
1 67 144
1 68 2
1 68 12
1 68 22
1 68 32
1 68 38
1 68 40
1 68 48
1 68 51
1 68 72
1 68 94
1 68 102
1 68 103
1 68 113
1 68 123
1 68 124
1 68 131
1 69 20
1 69 26
1 69 33
1 69 40
1 69 41
1 69 46
1 69 51
1 69 56
1 69 59
1 69 74
1 69 104
1 69 114
1 69 116
1 69 137
1 69 142
1 69 143
1 69 151
1 69 159
1 70 0
1 70 22
1 70 32
1 70 36
1 70 43
1 70 67
1 70 78
1 70 81
1 70 84
1 70 95
1 70 108
1 70 125
1 70 134
1 70 140
1 70 158
1 71 0
1 71 8
1 71 14
1 71 29
1 71 39
1 71 41
1 71 46
1 71 47
1 71 48
1 71 80
1 71 84
1 71 86
1 71 93
1 71 100
1 71 101
1 71 106
1 71 117
1 71 144
1 71 151
1 71 159
1 71 160
1 72 1
1 72 18
1 72 20
1 72 23
1 72 36
1 72 50
1 72 56
1 72 59
1 72 64
1 72 75
1 72 84
1 72 85
1 72 87
1 72 90
1 72 109
1 72 113
1 72 116
1 72 126
1 72 129
1 72 132
1 73 9
1 73 17
1 73 26
1 73 28
1 73 72
1 73 75
1 73 92
1 73 98
1 73 104
1 73 116
1 73 123
1 73 134
1 73 153
1 74 7
1 74 8
1 74 15
1 74 44
1 74 55
1 74 77
1 74 100
1 74 114
1 74 123
1 74 130
1 75 9
1 75 25
1 75 31
1 75 37
1 75 46
1 75 48
1 75 60
1 75 77
1 75 85
1 75 86
1 75 91
1 75 92
1 75 98
1 75 111
1 75 137
1 75 140
1 75 142
1 75 158
1 76 23
1 76 28
1 76 29
1 76 36
1 76 41
1 76 42
1 76 47
1 76 52
1 76 79
1 76 81
1 76 90
1 76 91
1 76 97
1 76 131
1 76 138
1 76 145
1 76 149
1 77 9
1 77 12
1 77 14
1 77 26
1 77 34
1 77 36
1 77 47
1 77 59
1 77 65
1 77 76
1 77 87
1 77 108
1 77 112
1 77 113
1 77 130
1 77 155
1 77 160
1 78 8
1 78 10
1 78 16
1 78 20
1 78 38
1 78 41
1 78 50
1 78 66
1 78 72
1 78 95
1 78 97
1 78 102
1 78 107
1 78 108
1 78 114
1 78 116
1 78 126
1 78 142
1 78 151
1 78 153
1 79 1
1 79 5
1 79 23
1 79 30
1 79 35
1 79 59
1 79 70
1 79 73
1 79 82
1 79 84
1 79 92
1 79 94
1 79 96
1 79 99
1 79 100
1 79 106
1 79 107
1 79 123
1 79 126
1 79 127
1 79 128
1 79 148
1 79 151
1 79 154
1 79 160
1 80 0
1 80 19
1 80 31
1 80 32
1 80 49
1 80 50
1 80 56
1 80 60
1 80 68
1 80 71
1 80 75
1 80 77
1 80 93
1 80 116
1 80 153
1 80 158
1 81 10
1 81 25
1 81 36
1 81 42
1 81 43
1 81 56
1 81 85
1 81 90
1 81 100
1 81 120
1 81 122
1 81 130
1 81 132
1 81 133
1 81 136
1 81 137
1 81 143
1 81 144
1 81 146
1 81 157
1 82 6
1 82 12
1 82 20
1 82 29
1 82 39
1 82 118
1 82 127
1 82 136
1 82 139
1 82 147
1 82 152
1 82 156
1 82 159
1 83 14
1 83 16
1 83 19
1 83 23
1 83 24
1 83 37
1 83 45
1 83 55
1 83 69
1 83 73
1 83 74
1 83 75
1 83 87
1 83 97
1 83 100
1 83 109
1 83 117
1 83 128
1 83 130
1 83 141
1 83 153
1 83 156
1 84 41
1 84 42
1 84 45
1 84 65
1 84 87
1 84 89
1 84 98
1 84 111
1 84 118
1 84 132
1 84 134
1 84 135
1 84 147
1 85 3
1 85 7
1 85 29
1 85 32
1 85 70
1 85 79
1 85 92
1 85 104
1 85 115
1 85 118
1 85 128
1 85 135
1 85 153
1 85 157
1 85 160
1 86 1
1 86 24
1 86 36
1 86 44
1 86 59
1 86 102
1 86 117
1 86 120
1 86 127
1 86 152
1 86 156
1 86 158
1 87 13
1 87 30
1 87 37
1 87 43
1 87 52
1 87 69
1 87 70
1 87 72
1 87 91
1 87 102
1 87 113
1 87 116
1 87 120
1 87 123
1 87 128
1 87 136
1 87 142
1 87 144
1 87 155
1 88 0
1 88 9
1 88 20
1 88 22
1 88 32
1 88 44
1 88 56
1 88 57
1 88 66
1 88 75
1 88 115
1 88 116
1 88 119
1 88 128
1 88 130
1 88 132
1 88 139
1 88 141
1 88 151
1 88 159
1 89 4
1 89 24
1 89 26
1 89 38
1 89 50
1 89 58
1 89 71
1 89 75
1 89 79
1 89 87
1 89 92
1 89 106
1 89 109
1 89 118
1 89 132
1 89 135
1 89 139
1 89 141
1 89 150
1 89 157
1 89 158
1 90 12
1 90 30
1 90 34
1 90 48
1 90 70
1 90 77
1 90 81
1 90 84
1 90 88
1 90 106
1 90 115
1 90 116
1 90 119
1 90 123
1 90 129
1 90 130
1 90 132
1 90 133
1 90 136
1 90 139
1 90 141
1 90 143
1 90 145
1 90 147
1 90 148
1 91 18
1 91 28
1 91 32
1 91 33
1 91 37
1 91 52
1 91 71
1 91 74
1 91 76
1 91 77
1 91 78
1 91 86
1 91 89
1 91 91
1 91 99
1 91 101
1 91 102
1 91 123
1 91 128
1 91 144
1 91 153
1 91 161
1 92 0
1 92 2
1 92 41
1 92 50
1 92 60
1 92 69
1 92 97
1 92 107
1 92 115
1 92 125
1 92 130
1 92 131
1 92 136
1 92 140
1 92 141
1 92 154
1 93 4
1 93 11
1 93 38
1 93 47
1 93 52
1 93 62
1 93 64
1 93 70
1 93 71
1 93 75
1 93 114
1 93 120
1 93 131
1 93 134
1 93 140
1 93 148
1 93 157
1 93 158
1 93 161
1 94 23
1 94 24
1 94 25
1 94 41
1 94 65
1 94 69
1 94 96
1 94 101
1 94 102
1 94 106
1 94 115
1 94 116
1 94 119
1 94 129
1 94 130
1 94 131
1 94 133
1 94 134
1 94 136
1 94 142
1 94 149
1 94 150
1 94 154
1 95 8
1 95 46
1 95 48
1 95 50
1 95 81
1 95 103
1 95 107
1 95 109
1 95 111
1 95 116
1 95 139
1 95 141
1 95 142
1 95 143
1 95 147
1 95 148
1 95 149
1 95 161
1 96 10
1 96 15
1 96 22
1 96 37
1 96 38
1 96 42
1 96 44
1 96 46
1 96 76
1 96 79
1 96 85
1 96 93
1 96 102
1 96 105
1 96 112
1 96 127
1 96 140
1 96 148
1 96 153
1 96 154
1 96 155
1 96 160
1 97 12
1 97 18
1 97 25
1 97 26
1 97 38
1 97 40
1 97 80
1 97 90
1 97 122
1 97 126
1 97 129
1 97 134
1 97 138
1 97 139
1 97 143
1 97 148
1 97 150
1 97 158
1 98 4
1 98 7
1 98 15
1 98 39
1 98 40
1 98 58
1 98 68
1 98 70
1 98 73
1 98 85
1 98 98
1 98 99
1 98 105
1 98 109
1 98 115
1 98 123
1 98 140
1 98 143
1 99 13
1 99 14
1 99 58
1 99 76
1 99 78
1 99 87
1 99 99
1 99 118
1 99 122
1 99 145
1 99 155
1 99 157
1 100 7
1 100 34
1 100 35
1 100 36
1 100 37
1 100 48
1 100 51
1 100 79
1 100 92
1 100 115
1 100 117
1 100 118
1 100 121
1 100 122
1 100 132
1 100 157
1 100 161
1 101 14
1 101 17
1 101 50
1 101 54
1 101 58
1 101 63
1 101 75
1 101 83
1 101 104
1 101 114
1 101 118
1 101 127
1 101 133
1 101 154
1 101 158
1 101 159
1 101 160
1 102 3
1 102 7
1 102 66
1 102 68
1 102 73
1 102 77
1 102 81
1 102 90
1 102 113
1 102 120
1 102 126
1 102 129
1 102 140
1 102 145
1 102 158
1 102 160
1 103 30
1 103 35
1 103 62
1 103 66
1 103 67
1 103 89
1 103 90
1 103 96
1 103 97
1 103 103
1 103 135
1 103 143
1 103 145
1 103 148
1 103 149
1 103 160
1 103 161
1 104 14
1 104 25
1 104 44
1 104 46
1 104 95
1 104 101
1 104 106
1 104 114
1 104 118
1 104 126
1 104 131
1 104 138
1 104 141
1 104 143
1 104 153
1 104 155
1 105 2
1 105 7
1 105 13
1 105 16
1 105 23
1 105 28
1 105 29
1 105 57
1 105 66
1 105 70
1 105 76
1 105 99
1 105 103
1 105 115
1 105 116
1 105 117
1 105 122
1 105 125
1 105 128
1 105 132
1 105 141
1 105 146
1 105 148
1 105 152
1 105 155
1 105 156
1 106 19
1 106 25
1 106 26
1 106 29
1 106 32
1 106 34
1 106 68
1 106 80
1 106 88
1 106 93
1 106 102
1 106 107
1 106 115
1 106 119
1 106 127
1 106 134
1 106 136
1 106 143
1 106 151
1 106 161
1 107 6
1 107 14
1 107 30
1 107 31
1 107 42
1 107 72
1 107 85
1 107 105
1 107 119
1 107 129
1 107 136
1 107 142
1 108 14
1 108 67
1 108 69
1 108 74
1 108 75
1 108 83
1 108 95
1 108 115
1 108 117
1 108 121
1 108 124
1 108 127
1 108 145
1 108 159
1 108 160
1 108 161
1 109 21
1 109 29
1 109 43
1 109 50
1 109 64
1 109 68
1 109 80
1 109 91
1 109 113
1 109 114
1 109 115
1 109 117
1 109 130
1 109 150
1 109 158
1 109 159
1 110 24
1 110 34
1 110 38
1 110 57
1 110 62
1 110 63
1 110 64
1 110 70
1 110 74
1 110 78
1 110 87
1 110 92
1 110 94
1 110 103
1 110 104
1 110 108
1 110 113
1 110 120
1 110 121
1 110 125
1 110 126
1 110 127
1 110 128
1 110 133
1 110 149
1 110 154
1 110 160
2 0 22
2 0 40
2 0 44
2 0 51
2 0 61
2 0 72
2 0 74
2 0 100
2 0 126
2 0 129
2 0 133
2 1 11
2 1 14
2 1 19
2 1 31
2 1 32
2 1 43
2 1 61
2 1 62
2 1 67
2 1 80
2 1 88
2 1 132
2 2 1
2 2 3
2 2 15
2 2 16
2 2 18
2 2 48
2 2 50
2 2 70
2 2 72
2 2 78
2 2 82
2 2 93
2 2 97
2 2 107
2 2 122
2 2 126
2 2 128
2 2 131
2 2 143
2 2 145
2 3 14
2 3 15
2 3 17
2 3 21
2 3 34
2 3 35
2 3 59
2 3 60
2 3 84
2 3 100
2 3 107
2 3 123
2 3 130
2 3 133
2 3 136
2 4 1
2 4 7
2 4 9
2 4 45
2 4 48
2 4 51
2 4 60
2 4 78
2 4 79
2 4 80
2 4 87
2 4 89
2 4 90
2 4 136
2 5 14
2 5 23
2 5 25
2 5 30
2 5 39
2 5 65
2 5 71
2 5 77
2 5 89
2 5 92
2 5 97
2 5 101
2 5 104
2 5 105
2 5 140
2 6 14
2 6 17
2 6 25
2 6 38
2 6 42
2 6 57
2 6 61
2 6 63
2 6 68
2 6 80
2 6 94
2 6 95
2 6 105
2 6 115
2 6 134
2 6 144
2 7 8
2 7 10
2 7 20
2 7 41
2 7 49
2 7 55
2 7 66
2 7 75
2 7 100
2 7 104
2 7 120
2 8 0
2 8 5
2 8 25
2 8 39
2 8 44
2 8 45
2 8 55
2 8 60
2 8 64
2 8 68
2 8 124
2 8 130
2 8 131
2 8 143
2 8 144
2 8 147
2 8 148
2 9 10
2 9 17
2 9 20
2 9 25
2 9 27
2 9 30
2 9 32
2 9 37
2 9 43
2 9 68
2 9 109
2 9 111
2 9 116
2 9 120
2 9 131
2 9 139
2 9 148
2 10 7
2 10 24
2 10 37
2 10 46
2 10 57
2 10 66
2 10 75
2 10 97
2 10 127
2 10 144
2 10 145
2 10 147
2 11 21
2 11 26
2 11 28
2 11 38
2 11 48
2 11 52
2 11 61
2 11 67
2 11 69
2 11 94
2 11 96
2 11 97
2 11 100
2 11 124
2 11 125
2 11 130
2 11 131
2 11 137
2 11 143
2 12 4
2 12 18
2 12 38
2 12 43
2 12 59
2 12 73
2 12 88
2 12 92
2 12 94
2 12 106
2 12 107
2 12 117
2 12 133
2 12 136
2 12 138
2 13 10
2 13 45
2 13 50
2 13 58
2 13 61
2 13 62
2 13 71
2 13 81
2 13 84
2 13 92
2 13 97
2 13 100
2 13 120
2 13 122
2 13 136
2 14 26
2 14 33
2 14 57
2 14 59
2 14 67
2 14 72
2 14 78
2 14 81
2 14 84
2 14 100
2 14 112
2 14 122
2 14 124
2 15 13
2 15 16
2 15 22
2 15 39
2 15 59
2 15 76
2 15 82
2 15 87
2 15 100
2 15 110
2 15 120
2 15 125
2 15 132
2 16 0
2 16 13
2 16 14
2 16 24
2 16 27
2 16 34
2 16 51
2 16 68
2 16 77
2 16 82
2 16 83
2 16 86
2 16 102
2 16 126
2 16 131
2 16 138
2 17 1
2 17 3
2 17 6
2 17 16
2 17 26
2 17 39
2 17 48
2 17 50
2 17 85
2 17 92
2 17 101
2 17 106
2 17 136
2 17 137
2 18 15
2 18 16
2 18 29
2 18 40
2 18 68
2 18 74
2 18 78
2 18 81
2 18 93
2 18 117
2 19 8
2 19 21
2 19 24
2 19 35
2 19 39
2 19 49
2 19 53
2 19 61
2 19 72
2 19 75
2 19 83
2 19 94
2 19 96
2 19 100
2 19 111
2 19 139
2 19 148
2 20 8
2 20 11
2 20 23
2 20 40
2 20 54
2 20 58
2 20 75
2 20 84
2 20 93
2 20 98
2 20 99
2 20 142
2 21 2
2 21 13
2 21 25
2 21 27
2 21 39
2 21 42
2 21 46
2 21 48
2 21 49
2 21 55
2 21 78
2 21 80
2 21 84
2 21 87
2 21 89
2 21 102
2 21 143
2 22 16
2 22 18
2 22 26
2 22 38
2 22 49
2 22 75
2 22 103
2 22 146
2 23 1
2 23 6
2 23 32
2 23 41
2 23 42
2 23 44
2 23 46
2 23 47
2 23 80
2 23 82
2 23 86
2 23 90
2 23 115
2 24 16
2 24 40
2 24 46
2 24 65
2 24 74
2 24 78
2 24 87
2 24 90
2 24 100
2 24 111
2 24 121
2 24 127
2 24 130
2 24 141
2 25 2
2 25 36
2 25 37
2 25 41
2 25 44
2 25 46
2 25 75
2 25 113
2 25 124
2 25 130
2 25 135
2 26 8
2 26 19
2 26 23
2 26 29
2 26 33
2 26 40
2 26 53
2 26 73
2 26 90
2 26 94
2 26 97
2 26 99
2 26 103
2 26 105
2 26 129
2 26 130
2 26 131
2 27 1
2 27 11
2 27 15
2 27 18
2 27 30
2 27 31
2 27 37
2 27 39
2 27 48
2 27 59
2 27 72
2 27 73
2 27 83
2 27 87
2 27 99
2 27 102
2 27 143
2 28 6
2 28 7
2 28 25
2 28 36
2 28 37
2 28 40
2 28 58
2 28 70
2 28 89
2 28 98
2 28 101
2 28 117
2 28 138
2 29 5
2 29 12
2 29 13
2 29 38
2 29 41
2 29 79
2 29 86
2 29 97
2 29 115
2 29 127
2 30 1
2 30 14
2 30 16
2 30 25
2 30 35
2 30 43
2 30 44
2 30 60
2 30 85
2 30 94
2 30 97
2 30 99
2 30 105
2 30 123
2 30 130
2 30 137
2 31 0
2 31 11
2 31 29
2 31 41
2 31 45
2 31 56
2 31 61
2 31 71
2 31 72
2 31 92
2 31 101
2 31 104
2 31 112
2 31 146
2 32 8
2 32 22
2 32 24
2 32 29
2 32 34
2 32 47
2 32 56
2 32 59
2 32 63
2 32 67
2 32 69
2 32 88
2 32 92
2 32 103
2 32 116
2 32 135
2 32 145
2 33 10
2 33 17
2 33 30
2 33 36
2 33 39
2 33 43
2 33 47
2 33 53
2 33 54
2 33 59
2 33 78
2 33 86
2 33 96
2 33 103
2 33 112
2 33 137
2 33 145
2 34 2
2 34 10
2 34 31
2 34 46
2 34 51
2 34 59
2 34 60
2 34 78
2 34 84
2 34 86
2 34 90
2 34 118
2 34 139
2 34 148
2 35 6
2 35 33
2 35 39
2 35 43
2 35 53
2 35 60
2 35 61
2 35 82
2 35 87
2 35 108
2 35 111
2 35 118
2 35 123
2 35 135
2 35 137
2 36 19
2 36 20
2 36 30
2 36 34
2 36 40
2 36 58
2 36 72
2 36 76
2 36 88
2 36 96
2 36 129
2 36 141
2 36 142
2 37 21
2 37 22
2 37 36
2 37 43
2 37 45
2 37 47
2 37 49
2 37 53
2 37 64
2 37 66
2 37 75
2 37 78
2 37 81
2 37 99
2 37 123
2 37 147
2 38 0
2 38 2
2 38 30
2 38 65
2 38 71
2 38 91
2 38 95
2 38 100
2 38 110
2 38 116
2 38 127
2 39 9
2 39 19
2 39 20
2 39 25
2 39 36
2 39 38
2 39 47
2 39 54
2 39 66
2 39 70
2 39 93
2 39 99
2 39 107
2 39 130
2 39 134
2 39 141
2 39 144
2 40 10
2 40 13
2 40 14
2 40 18
2 40 23
2 40 24
2 40 28
2 40 38
2 40 45
2 40 55
2 40 59
2 40 72
2 40 96
2 40 99
2 40 109
2 40 133
2 40 134
2 40 135
2 40 139
2 40 146
2 41 10
2 41 21
2 41 23
2 41 35
2 41 37
2 41 45
2 41 50
2 41 81
2 41 93
2 41 112
2 41 126
2 41 131
2 41 140
2 41 143
2 42 0
2 42 6
2 42 13
2 42 40
2 42 43
2 42 45
2 42 52
2 42 56
2 42 60
2 42 62
2 42 65
2 42 92
2 42 109
2 42 122
2 42 128
2 42 143
2 42 148
2 43 8
2 43 34
2 43 52
2 43 56
2 43 59
2 43 81
2 43 84
2 43 96
2 43 101
2 43 113
2 43 117
2 43 118
2 43 129
2 43 132
2 43 138
2 43 139
2 44 15
2 44 19
2 44 24
2 44 37
2 44 40
2 44 48
2 44 77
2 44 90
2 44 99
2 44 119
2 44 120
2 44 133
2 44 136
2 44 143
2 45 6
2 45 25
2 45 26
2 45 44
2 45 53
2 45 63
2 45 67
2 45 69
2 45 73
2 45 89
2 45 92
2 45 99
2 45 119
2 45 122
2 45 131
2 45 139
2 45 140
2 45 141
2 45 144
2 45 146
2 46 0
2 46 12
2 46 20
2 46 41
2 46 57
2 46 62
2 46 78
2 46 81
2 46 117
2 46 129
2 46 130
2 46 134
2 46 147
2 47 12
2 47 31
2 47 53
2 47 59
2 47 68
2 47 91
2 47 93
2 47 101
2 47 117
2 47 122
2 47 132
2 47 143
2 47 145
2 47 146
2 48 4
2 48 7
2 48 19
2 48 26
2 48 31
2 48 35
2 48 44
2 48 47
2 48 56
2 48 67
2 48 81
2 48 82
2 48 83
2 48 87
2 48 97
2 48 142
2 49 0
2 49 5
2 49 9
2 49 24
2 49 42
2 49 43
2 49 44
2 49 58
2 49 60
2 49 61
2 49 64
2 49 82
2 49 105
2 49 111
2 49 115
2 49 119
2 49 121
2 49 129
2 49 141
2 49 142
2 49 148
2 50 4
2 50 16
2 50 17
2 50 22
2 50 29
2 50 58
2 50 69
2 50 73
2 50 74
2 50 86
2 50 87
2 50 92
2 50 96
2 50 99
2 50 100
2 50 103
2 51 6
2 51 20
2 51 28
2 51 30
2 51 39
2 51 54
2 51 76
2 51 80
2 51 100
2 51 126
2 51 129
2 51 135
2 51 144
2 52 34
2 52 50
2 52 63
2 52 92
2 52 101
2 52 126
2 53 41
2 53 52
2 53 84
2 53 89
2 53 97
2 53 99
2 53 115
2 54 4
2 54 16
2 54 19
2 54 27
2 54 29
2 54 31
2 54 32
2 54 44
2 54 50
2 54 52
2 54 56
2 54 57
2 54 64
2 54 66
2 54 71
2 54 97
2 54 103
2 54 132
2 54 147
2 55 2
2 55 11
2 55 19
2 55 51
2 55 62
2 55 73
2 55 74
2 55 76
2 55 92
2 55 98
2 55 118
2 55 120
2 55 148
2 56 1
2 56 8
2 56 21
2 56 31
2 56 36
2 56 38
2 56 44
2 56 49
2 56 76
2 56 81
2 56 85
2 56 86
2 56 89
2 56 104
2 56 105
2 56 109
2 56 133
2 57 9
2 57 17
2 57 28
2 57 32
2 57 36
2 57 40
2 57 50
2 57 72
2 57 89
2 57 107
2 57 112
2 57 125
2 57 129
2 57 138
2 57 148
2 58 3
2 58 25
2 58 56
2 58 62
2 58 67
2 58 90
2 58 100
2 58 128
2 59 4
2 59 7
2 59 12
2 59 16
2 59 18
2 59 29
2 59 41
2 59 56
2 59 62
2 59 69
2 59 79
2 59 83
2 59 84
2 60 8
2 60 11
2 60 15
2 60 17
2 60 33
2 60 48
2 60 50
2 60 53
2 60 60
2 60 63
2 60 67
2 60 76
2 60 78
2 60 80
2 60 102
2 60 123
2 60 125
2 60 136
2 61 1
2 61 16
2 61 32
2 61 43
2 61 55
2 61 56
2 61 66
2 61 71
2 61 82
2 61 86
2 61 99
2 61 101
2 61 107
2 61 116
2 61 123
2 61 132
2 61 140
2 62 12
2 62 19
2 62 22
2 62 24
2 62 35
2 62 58
2 62 66
2 62 75
2 62 83
2 62 84
2 62 90
2 62 94
2 62 97
2 62 99
2 62 101
2 62 110
2 62 116
2 63 15
2 63 16
2 63 20
2 63 22
2 63 26
2 63 31
2 63 32
2 63 44
2 63 52
2 63 55
2 63 58
2 63 59
2 63 69
2 63 86
2 63 126
2 63 138
2 64 40
2 64 41
2 64 47
2 64 50
2 64 58
2 64 61
2 64 67
2 64 73
2 64 77
2 64 83
2 64 84
2 64 87
2 64 147
2 65 0
2 65 11
2 65 20
2 65 33
2 65 45
2 65 54
2 65 60
2 65 77
2 65 90
2 65 91
2 65 98
2 65 105
2 65 127
2 65 136
2 65 140
2 66 47
2 66 50
2 66 62
2 66 88
2 66 93
2 66 104
2 66 105
2 66 117
2 66 119
2 66 120
2 67 0
2 67 1
2 67 5
2 67 7
2 67 21
2 67 24
2 67 38
2 67 41
2 67 42
2 67 54
2 67 82
2 67 89
2 67 116
2 67 147
2 68 1
2 68 11
2 68 13
2 68 18
2 68 22
2 68 24
2 68 28
2 68 36
2 68 38
2 68 41
2 68 52
2 68 60
2 68 68
2 68 111
2 68 117
2 68 119
2 68 124
2 68 139
2 68 147
2 69 10
2 69 11
2 69 12
2 69 23
2 69 24
2 69 26
2 69 28
2 69 32
2 69 35
2 69 43
2 69 44
2 69 77
2 69 80
2 69 81
2 69 93
2 69 103
2 69 105
2 69 118
2 69 147
2 70 33
2 70 50
2 70 53
2 70 60
2 70 62
2 70 71
2 70 77
2 70 102
2 70 103
2 70 104
2 70 112
2 70 118
2 70 124
2 70 126
2 70 148
2 71 12
2 71 19
2 71 24
2 71 28
2 71 39
2 71 56
2 71 62
2 71 67
2 71 69
2 71 71
2 71 74
2 71 91
2 71 93
2 71 95
2 71 98
2 71 100
2 71 105
2 71 121
2 71 123
2 71 125
2 71 127
2 71 131
2 71 147
2 72 5
2 72 8
2 72 21
2 72 22
2 72 24
2 72 43
2 72 50
2 72 58
2 72 64
2 72 67
2 72 77
2 72 80
2 72 86
2 72 93
2 72 106
2 72 123
2 72 125
2 72 132
2 72 143
2 73 18
2 73 31
2 73 45
2 73 52
2 73 80
2 73 81
2 73 84
2 73 95
2 73 112
2 73 115
2 73 125
2 73 132
2 73 133
2 73 143
2 74 9
2 74 12
2 74 19
2 74 21
2 74 22
2 74 28
2 74 48
2 74 61
2 74 68
2 74 70
2 74 72
2 74 96
2 74 112
2 74 130
2 74 147
2 75 11
2 75 21
2 75 24
2 75 28
2 75 65
2 75 68
2 75 71
2 75 75
2 75 85
2 75 96
2 75 109
2 76 4
2 76 14
2 76 19
2 76 29
2 76 33
2 76 37
2 76 48
2 76 52
2 76 54
2 76 83
2 76 89
2 76 90
2 76 97
2 76 123
2 76 127
2 76 129
2 77 11
2 77 13
2 77 25
2 77 27
2 77 35
2 77 45
2 77 46
2 77 58
2 77 61
2 77 76
2 77 91
2 77 92
2 77 108
2 77 126
2 77 135
2 77 145
2 78 16
2 78 34
2 78 36
2 78 53
2 78 61
2 78 71
2 78 73
2 78 88
2 78 91
2 78 94
2 78 96
2 78 103
2 78 104
2 78 107
2 78 117
2 79 18
2 79 43
2 79 47
2 79 53
2 79 62
2 79 69
2 79 81
2 79 87
2 79 90
2 79 102
2 79 108
2 79 123
2 79 134
2 80 2
2 80 7
2 80 15
2 80 16
2 80 32
2 80 42
2 80 56
2 80 60
2 80 102
2 80 103
2 80 104
2 80 114
2 80 128
2 80 129
2 80 131
2 80 132
2 81 0
2 81 2
2 81 37
2 81 41
2 81 47
2 81 48
2 81 52
2 81 61
2 81 63
2 81 66
2 81 67
2 81 75
2 81 86
2 81 95
2 81 99
2 81 107
2 81 109
2 81 126
2 82 8
2 82 26
2 82 52
2 82 73
2 82 74
2 82 81
2 82 84
2 82 88
2 82 103
2 82 122
2 82 144
2 82 148
2 83 2
2 83 23
2 83 27
2 83 29
2 83 60
2 83 62
2 83 73
2 83 75
2 83 78
2 83 85
2 83 97
2 83 101
2 83 105
2 83 120
2 83 129
2 84 18
2 84 21
2 84 28
2 84 57
2 84 62
2 84 69
2 84 76
2 84 86
2 84 97
2 84 99
2 84 103
2 84 105
2 84 118
2 84 119
2 84 124
2 84 139
2 85 2
2 85 12
2 85 23
2 85 30
2 85 40
2 85 53
2 85 69
2 85 76
2 85 85
2 85 105
2 85 108
2 85 115
2 85 134
2 86 30
2 86 44
2 86 46
2 86 49
2 86 59
2 86 76
2 86 94
2 86 95
2 86 97
2 86 121
2 86 131
2 87 10
2 87 15
2 87 22
2 87 33
2 87 39
2 87 42
2 87 54
2 87 73
2 87 94
2 87 107
2 87 109
2 87 120
2 87 125
2 88 0
2 88 10
2 88 31
2 88 47
2 88 53
2 88 58
2 88 59
2 88 66
2 88 77
2 88 108
2 88 109
2 88 115
2 89 1
2 89 14
2 89 15
2 89 21
2 89 27
2 89 44
2 89 45
2 89 54
2 89 60
2 89 62
2 89 70
2 89 77
2 89 86
2 89 89
2 89 102
2 89 104
2 89 105
2 89 118
2 89 122
2 89 132
2 90 2
2 90 16
2 90 21
2 90 33
2 90 45
2 90 46
2 90 63
2 90 65
2 90 66
2 90 69
2 90 71
2 90 74
2 90 80
2 90 89
2 90 95
2 90 102
2 90 103
2 90 108
2 90 123
2 90 124
2 90 138
2 91 19
2 91 26
2 91 32
2 91 36
2 91 48
2 91 49
2 91 58
2 91 71
2 91 86
2 91 102
2 91 116
2 91 120
2 91 135
2 92 4
2 92 24
2 92 28
2 92 29
2 92 38
2 92 41
2 92 44
2 92 46
2 92 70
2 92 72
2 92 80
2 92 85
2 92 103
2 93 1
2 93 3
2 93 14
2 93 24
2 93 29
2 93 58
2 93 72
2 93 73
2 93 79
2 93 100
2 93 103
2 93 107
2 93 111
2 93 124
2 93 137
2 93 139
2 93 141
2 94 3
2 94 6
2 94 11
2 94 12
2 94 40
2 94 43
2 94 78
2 94 81
2 94 87
2 94 97
2 94 133
2 94 138
2 94 145
2 95 4
2 95 16
2 95 32
2 95 36
2 95 45
2 95 46
2 95 49
2 95 62
2 95 67
2 95 78
2 95 87
2 95 120
2 95 131
2 95 141
2 95 144
2 95 148
2 96 8
2 96 27
2 96 30
2 96 31
2 96 35
2 96 55
2 96 56
2 96 75
2 96 100
2 96 137
2 96 148
2 97 10
2 97 19
2 97 40
2 97 48
2 97 59
2 97 89
2 97 90
2 97 94
2 97 96
2 97 101
2 97 128
2 97 131
2 97 138
2 98 2
2 98 16
2 98 19
2 98 41
2 98 42
2 98 44
2 98 50
2 98 52
2 98 60
2 98 73
2 98 78
2 98 89
2 98 92
2 98 107
2 98 117
2 98 119
2 98 127
2 98 131
2 99 6
2 99 22
2 99 27
2 99 47
2 99 48
2 99 78
2 99 81
2 99 86
2 99 94
2 99 96
2 99 108
2 99 132
2 99 144
2 100 2
2 100 5
2 100 10
2 100 16
2 100 33
2 100 35
2 100 39
2 100 63
2 100 71
2 100 81
2 100 84
2 100 86
2 100 89
2 100 91
2 100 105
2 100 110
2 100 125
2 100 131
2 101 10
2 101 21
2 101 30
2 101 31
2 101 33
2 101 42
2 101 48
2 101 54
2 101 58
2 101 71
2 101 77
2 101 98
2 101 105
2 101 123
2 102 2
2 102 32
2 102 43
2 102 52
2 102 57
2 102 60
2 102 63
2 102 79
2 102 86
2 102 89
2 102 91
2 102 120
2 103 20
2 103 24
2 103 29
2 103 37
2 103 43
2 103 44
2 103 46
2 103 47
2 103 60
2 103 67
2 103 80
2 103 87
2 103 88
2 103 109
2 103 118
2 103 121
2 103 133
2 103 137
2 104 8
2 104 20
2 104 47
2 104 52
2 104 68
2 104 77
2 104 89
2 104 108
2 105 12
2 105 15
2 105 40
2 105 46
2 105 64
2 105 74
2 105 98
2 105 116
2 105 117
2 105 127
2 106 7
2 106 13
2 106 27
2 106 29
2 106 31
2 106 32
2 106 38
2 106 40
2 106 45
2 106 48
2 106 61
2 106 62
2 106 74
2 106 99
2 106 100
2 106 105
2 106 107
2 106 131
2 106 148
2 107 1
2 107 5
2 107 17
2 107 27
2 107 32
2 107 45
2 107 48
2 107 52
2 107 55
2 107 66
2 107 73
2 107 82
2 107 85
2 107 96
2 107 98
2 107 103
2 107 107
2 107 112
2 107 115
2 107 134
2 108 6
2 108 8
2 108 14
2 108 16
2 108 36
2 108 40
2 108 69
2 108 70
2 108 77
2 108 81
2 108 88
2 108 118
2 108 119
2 108 124
2 108 128
2 109 9
2 109 17
2 109 28
2 109 36
2 109 46
2 109 56
2 109 63
2 109 74
2 109 81
2 109 93
2 109 95
2 109 127
2 109 141
2 109 145
2 109 148
2 110 18
2 110 21
2 110 36
2 110 38
2 110 71
2 110 82
2 110 83
2 110 86
2 110 92
2 110 94
2 110 95
2 110 97
2 110 98
2 110 100
2 110 139
2 111 11
2 111 22
2 111 27
2 111 29
2 111 31
2 111 44
2 111 51
2 111 60
2 111 85
2 111 93
2 111 104
2 111 109
2 111 113
2 111 143
2 112 1
2 112 34
2 112 46
2 112 54
2 112 61
2 112 64
2 112 70
2 112 74
2 112 84
2 112 90
2 112 92
2 112 106
2 112 109
2 112 130
2 112 136
2 112 139
2 112 146
2 113 2
2 113 3
2 113 8
2 113 9
2 113 20
2 113 30
2 113 45
2 113 57
2 113 73
2 113 76
2 113 80
2 113 83
2 113 85
2 113 86
2 113 93
2 113 96
2 113 104
2 113 105
2 113 110
2 113 121
2 113 124
2 114 19
2 114 20
2 114 25
2 114 27
2 114 40
2 114 41
2 114 49
2 114 52
2 114 58
2 114 65
2 114 68
2 114 86
2 114 95
2 114 138
2 115 3
2 115 8
2 115 17
2 115 35
2 115 36
2 115 42
2 115 48
2 115 56
2 115 57
2 115 89
2 115 99
2 115 116
2 115 134
2 116 1
2 116 2
2 116 3
2 116 5
2 116 10
2 116 37
2 116 43
2 116 56
2 116 60
2 116 69
2 116 74
2 116 75
2 116 99
2 116 114
2 116 122
2 116 127
2 116 136
2 116 146
2 117 4
2 117 17
2 117 20
2 117 28
2 117 42
2 117 46
2 117 58
2 117 65
2 117 72
2 117 74
2 117 79
2 117 82
2 117 90
2 117 92
2 117 117
2 117 124
2 117 131
2 117 134
2 117 135
2 117 138
2 118 17
2 118 21
2 118 35
2 118 49
2 118 92
2 118 111
2 118 148
2 119 40
2 119 53
2 119 74
2 119 80
2 119 82
2 119 88
2 119 92
2 119 108
2 119 113
2 119 119
2 119 141
2 119 143
2 119 144
2 119 145
2 120 6
2 120 8
2 120 11
2 120 16
2 120 19
2 120 22
2 120 25
2 120 32
2 120 64
2 120 74
2 120 79
2 120 113
2 120 122
2 120 140
2 120 143
2 121 23
2 121 30
2 121 66
2 121 88
2 121 117
2 121 130
2 121 136
2 121 139
2 121 140
2 122 17
2 122 18
2 122 37
2 122 50
2 122 53
2 122 89
2 122 90
2 122 106
2 122 110
2 122 114
2 122 117
2 122 121
2 122 122
2 122 126
2 122 127
2 122 130
2 122 133
2 122 135
2 123 8
2 123 14
2 123 28
2 123 33
2 123 52
2 123 64
2 123 69
2 123 77
2 123 94
2 123 95
2 123 108
2 123 110
2 123 125
2 123 130
2 123 132
2 123 134
2 123 141
2 124 3
2 124 4
2 124 10
2 124 25
2 124 35
2 124 37
2 124 52
2 124 57
2 124 74
2 124 78
2 124 79
2 124 91
2 124 99
2 124 103
2 124 123
2 124 138
2 124 139
2 125 4
2 125 17
2 125 32
2 125 66
2 125 73
2 125 76
2 125 81
2 125 89
2 125 90
2 125 91
2 125 92
2 125 99
2 125 103
2 125 106
2 125 110
2 125 123
2 125 127
2 125 138
2 126 11
2 126 24
2 126 40
2 126 43
2 126 49
2 126 52
2 126 53
2 126 57
2 126 60
2 126 68
2 126 74
2 126 75
2 126 81
2 126 83
2 126 84
2 126 86
2 126 101
2 126 106
2 127 35
2 127 48
2 127 50
2 127 58
2 127 59
2 127 88
2 127 93
2 127 116
2 127 117
2 127 121
2 127 127
2 127 128
2 127 142
2 127 143
2 128 13
2 128 72
2 128 81
2 128 106
2 128 144
2 129 12
2 129 33
2 129 38
2 129 46
2 129 47
2 129 69
2 129 109
2 129 111
2 129 120
2 129 123
2 129 126
2 129 129
2 129 134
2 129 137
2 129 139
2 129 148
2 130 12
2 130 22
2 130 30
2 130 54
2 130 72
2 130 89
2 130 125
2 130 131
2 130 138
2 130 140
2 131 24
2 131 29
2 131 39
2 131 51
2 131 56
2 131 71
2 131 109
2 131 121
2 131 129
2 131 130
2 131 136
2 131 141
2 132 2
2 132 9
2 132 24
2 132 38
2 132 41
2 132 42
2 132 45
2 132 47
2 132 52
2 132 72
2 132 75
2 132 83
2 132 99
2 132 128
2 132 146
2 133 4
2 133 5
2 133 22
2 133 45
2 133 56
2 133 61
2 133 68
2 133 82
2 133 95
2 133 113
2 133 120
2 133 123
2 133 125
2 133 128
2 133 133
2 133 136
2 134 21
2 134 27
2 134 29
2 134 34
2 134 45
2 134 70
2 134 93
2 134 95
2 134 99
2 134 120
2 134 128
2 135 2
2 135 7
2 135 24
2 135 31
2 135 32
2 135 48
2 135 94
2 135 96
2 135 101
2 135 106
2 135 108
2 135 124
2 135 135
2 136 0
2 136 10
2 136 23
2 136 27
2 136 29
2 136 34
2 136 39
2 136 40
2 136 68
2 136 99
2 136 100
2 136 114
2 136 116
2 136 139
2 137 22
2 137 65
2 137 107
2 137 123
2 137 127
2 137 128
2 137 131
2 137 141
2 138 1
2 138 15
2 138 33
2 138 55
2 138 58
2 138 63
2 138 69
2 138 74
2 138 78
2 138 101
2 138 108
2 138 120
2 138 122
2 138 134
2 138 142
2 138 143
2 138 144
2 139 1
2 139 5
2 139 8
2 139 31
2 139 32
2 139 33
2 139 35
2 139 36
2 139 46
2 139 62
2 139 72
2 139 75
2 139 105
2 139 108
2 139 112
2 139 117
2 139 119
2 139 125
2 139 126
2 139 133
2 139 143
2 140 4
2 140 13
2 140 33
2 140 38
2 140 40
2 140 71
2 140 75
2 140 82
2 140 123
2 140 142
2 140 147
2 141 12
2 141 36
2 141 50
2 141 53
2 141 55
2 141 64
2 141 75
2 141 90
2 141 111
2 141 124
2 141 126
2 141 133
2 141 135
2 141 143
2 141 145
2 141 147
2 142 2
2 142 40
2 142 49
2 142 111
2 142 118
2 142 142
2 143 13
2 143 25
2 143 37
2 143 40
2 143 70
2 143 80
2 143 115
2 143 121
2 143 124
2 143 125
2 143 130
2 143 138
2 143 142
2 144 13
2 144 29
2 144 39
2 144 56
2 144 68
2 144 96
2 144 97
2 144 119
2 144 129
2 144 142
2 144 146
2 145 10
2 145 16
2 145 79
2 145 95
2 145 97
2 145 104
2 145 116
2 145 120
2 145 131
2 145 133
2 145 134
2 145 144
2 145 147
2 146 14
2 146 22
2 146 29
2 146 36
2 146 38
2 146 45
2 146 55
2 146 58
2 146 67
2 146 73
2 146 94
2 146 102
2 146 121
2 146 123
2 146 144
2 146 145
2 147 13
2 147 35
2 147 47
2 147 52
2 147 55
2 147 61
2 147 62
2 147 87
2 147 89
2 147 90
2 147 94
2 147 102
2 147 119
2 147 124
2 147 125
2 147 131
2 147 134
2 147 138
2 147 145
2 148 2
2 148 16
2 148 28
2 148 96
2 148 113
2 148 117
2 148 121
2 148 128
2 148 129
2 148 133
2 148 144
2 148 145
2 148 148
2 149 32
2 149 36
2 149 37
2 149 38
2 149 42
2 149 50
2 149 60
2 149 67
2 149 83
2 149 96
2 149 101
2 149 107
2 149 129
2 149 147
2 150 1
2 150 14
2 150 18
2 150 21
2 150 24
2 150 31
2 150 33
2 150 47
2 150 52
2 150 55
2 150 58
2 150 70
2 150 86
2 150 104
2 150 110
2 150 118
2 150 119
2 150 127
2 150 128
2 150 134
2 150 142
2 151 4
2 151 8
2 151 26
2 151 37
2 151 64
2 151 93
2 151 104
2 151 111
2 151 116
2 151 118
2 151 128
2 151 138
2 151 148
2 152 13
2 152 16
2 152 18
2 152 23
2 152 43
2 152 90
2 152 117
2 152 127
2 152 133
2 152 138
2 152 141
2 152 143
2 152 144
2 152 147
2 153 5
2 153 16
2 153 26
2 153 29
2 153 39
2 153 69
2 153 96
2 153 106
2 153 108
2 153 109
2 153 128
2 154 12
2 154 17
2 154 19
2 154 20
2 154 34
2 154 41
2 154 47
2 154 55
2 154 61
2 154 113
2 154 116
2 154 117
2 154 122
2 154 129
2 154 136
2 155 10
2 155 11
2 155 18
2 155 39
2 155 40
2 155 55
2 155 78
2 155 82
2 155 91
2 155 118
2 155 126
2 155 127
2 155 148
2 156 17
2 156 41
2 156 47
2 156 56
2 156 57
2 156 65
2 156 87
2 156 92
2 156 93
2 156 95
2 156 105
2 156 138
2 156 146
2 157 12
2 157 55
2 157 58
2 157 100
2 157 102
2 157 107
2 157 114
2 157 133
2 157 136
2 157 137
2 157 145
2 158 17
2 158 19
2 158 63
2 158 113
2 158 121
2 158 131
2 158 145
2 159 3
2 159 7
2 159 15
2 159 40
2 159 50
2 159 52
2 159 60
2 159 81
2 159 95
2 159 103
2 159 111
2 159 115
2 159 119
2 159 121
2 159 137
2 159 147
2 160 4
2 160 7
2 160 43
2 160 57
2 160 58
2 160 61
2 160 85
2 160 102
2 160 111
2 160 113
2 160 122
2 160 141
2 161 9
2 161 26
2 161 27
2 161 54
2 161 58
2 161 64
2 161 74
2 161 87
2 161 99
2 161 108
2 161 110
2 161 126
2 161 146
3 0 3
3 0 4
3 0 9
3 0 26
3 0 34
3 0 48
3 0 53
3 0 54
3 0 62
3 0 69
3 0 84
3 0 86
3 0 95
3 1 7
3 1 11
3 1 14
3 1 19
3 1 20
3 1 23
3 1 42
3 1 48
3 1 50
3 1 62
3 1 71
3 1 75
3 1 89
3 1 97
3 1 100
3 2 2
3 2 8
3 2 23
3 2 27
3 2 34
3 2 43
3 2 44
3 2 56
3 2 62
3 2 68
3 2 76
3 2 79
3 2 88
3 2 97
3 2 104
3 3 15
3 3 16
3 3 18
3 3 25
3 3 27
3 3 39
3 3 40
3 3 66
3 3 85
3 3 87
3 3 88
3 3 96
3 3 99
3 4 11
3 4 12
3 4 32
3 4 37
3 4 38
3 4 42
3 4 59
3 4 67
3 4 74
3 4 76
3 5 10
3 5 17
3 5 22
3 5 25
3 5 32
3 5 38
3 5 39
3 5 42
3 5 46
3 5 48
3 5 53
3 5 61
3 5 67
3 5 70
3 5 71
3 5 77
3 5 94
3 6 22
3 6 26
3 6 32
3 6 35
3 6 39
3 6 43
3 6 62
3 6 75
3 6 77
3 6 84
3 6 87
3 6 90
3 6 105
3 6 107
3 7 4
3 7 10
3 7 47
3 7 71
3 7 74
3 7 79
3 7 88
3 7 99
3 7 107
3 8 0
3 8 2
3 8 11
3 8 12
3 8 30
3 8 36
3 8 38
3 8 42
3 8 47
3 8 50
3 8 58
3 8 59
3 8 70
3 8 87
3 8 92
3 8 96
3 8 99
3 8 100
3 8 101
3 9 0
3 9 1
3 9 8
3 9 21
3 9 25
3 9 36
3 9 38
3 9 42
3 9 44
3 9 45
3 9 49
3 9 51
3 9 56
3 9 58
3 9 59
3 9 60
3 9 71
3 9 73
3 9 74
3 9 75
3 9 88
3 9 95
3 9 102
3 9 103
3 10 1
3 10 2
3 10 4
3 10 5
3 10 6
3 10 8
3 10 10
3 10 11
3 10 13
3 10 19
3 10 22
3 10 25
3 10 26
3 10 27
3 10 45
3 10 55
3 10 62
3 10 66
3 10 74
3 10 76
3 10 97
3 11 3
3 11 8
3 11 46
3 11 47
3 11 54
3 11 59
3 11 63
3 11 65
3 11 69
3 11 73
3 11 75
3 11 80
3 11 85
3 11 87
3 11 98
3 12 3
3 12 25
3 12 32
3 12 37
3 12 68
3 12 70
3 12 71
3 12 73
3 12 75
3 12 82
3 12 90
3 12 107
3 13 9
3 13 30
3 13 36
3 13 48
3 13 56
3 13 59
3 13 70
3 13 96
3 14 11
3 14 22
3 14 26
3 14 44
3 14 49
3 14 77
3 14 95
3 15 8
3 15 16
3 15 18
3 15 19
3 15 22
3 15 24
3 15 31
3 15 32
3 15 34
3 15 40
3 15 41
3 15 47
3 15 51
3 15 67
3 15 88
3 15 90
3 15 91
3 15 93
3 15 98
3 15 105
3 16 0
3 16 21
3 16 25
3 16 30
3 16 32
3 16 52
3 16 60
3 16 67
3 16 68
3 16 79
3 16 83
3 16 94
3 16 106
3 17 2
3 17 21
3 17 28
3 17 48
3 17 50
3 17 65
3 17 70
3 17 73
3 17 100
3 17 102
3 18 6
3 18 8
3 18 12
3 18 21
3 18 53
3 18 65
3 18 69
3 18 75
3 18 77
3 18 91
3 18 103
3 19 13
3 19 14
3 19 19
3 19 24
3 19 25
3 19 35
3 19 36
3 19 37
3 19 56
3 19 57
3 19 61
3 19 64
3 19 71
3 19 75
3 19 78
3 19 80
3 20 3
3 20 8
3 20 12
3 20 24
3 20 25
3 20 30
3 20 31
3 20 32
3 20 35
3 20 38
3 20 44
3 20 48
3 20 63
3 20 69
3 20 87
3 20 102
3 21 1
3 21 5
3 21 12
3 21 14
3 21 19
3 21 41
3 21 43
3 21 49
3 21 50
3 21 51
3 21 65
3 21 68
3 21 72
3 21 91
3 21 92
3 21 93
3 21 94
3 21 102
3 22 11
3 22 13
3 22 17
3 22 26
3 22 31
3 22 44
3 22 52
3 22 53
3 22 54
3 22 61
3 22 62
3 22 67
3 22 72
3 22 78
3 22 93
3 22 96
3 22 104
3 23 7
3 23 11
3 23 31
3 23 32
3 23 52
3 23 63
3 23 71
3 23 75
3 23 84
3 23 98
3 24 7
3 24 8
3 24 22
3 24 26
3 24 33
3 24 37
3 24 39
3 24 49
3 24 62
3 24 64
3 24 82
3 24 86
3 24 95
3 25 16
3 25 19
3 25 22
3 25 29
3 25 47
3 25 62
3 25 83
3 25 92
3 25 100
3 25 102
3 25 104
3 26 8
3 26 17
3 26 20
3 26 31
3 26 46
3 26 51
3 26 58
3 26 61
3 26 62
3 26 63
3 26 67
3 26 80
3 26 95
3 26 104
3 26 107
3 27 2
3 27 17
3 27 36
3 27 38
3 27 56
3 27 57
3 27 62
3 27 63
3 27 66
3 27 74
3 27 103
3 28 0
3 28 2
3 28 7
3 28 8
3 28 13
3 28 22
3 28 23
3 28 32
3 28 36
3 28 44
3 28 63
3 28 72
3 28 73
3 28 76
3 28 89
3 28 96
3 28 99
3 29 3
3 29 4
3 29 8
3 29 11
3 29 16
3 29 24
3 29 38
3 29 41
3 29 44
3 29 46
3 29 51
3 29 62
3 29 66
3 29 71
3 29 79
3 30 2
3 30 15
3 30 17
3 30 51
3 30 82
3 30 92
3 31 10
3 31 11
3 31 27
3 31 29
3 31 32
3 31 37
3 31 55
3 31 59
3 31 71
3 31 76
3 31 81
3 31 82
3 31 83
3 31 89
3 31 91
3 31 94
3 31 96
3 31 98
3 31 103
3 32 2
3 32 3
3 32 14
3 32 16
3 32 33
3 32 42
3 32 66
3 32 68
3 32 70
3 32 71
3 32 72
3 32 76
3 32 89
3 32 91
3 32 96
3 32 102
3 32 107
3 33 0
3 33 1
3 33 20
3 33 22
3 33 25
3 33 36
3 33 58
3 33 62
3 33 67
3 33 68
3 33 80
3 33 87
3 33 104
3 34 8
3 34 9
3 34 28
3 34 31
3 34 39
3 34 40
3 34 41
3 34 55
3 34 68
3 34 78
3 34 82
3 34 95
3 35 5
3 35 6
3 35 7
3 35 18
3 35 30
3 35 32
3 35 35
3 35 41
3 35 47
3 35 49
3 35 56
3 35 58
3 35 65
3 35 67
3 36 3
3 36 7
3 36 9
3 36 16
3 36 28
3 36 36
3 36 44
3 36 46
3 36 48
3 36 49
3 36 50
3 36 52
3 36 59
3 36 61
3 36 63
3 36 75
3 36 90
3 36 107
3 37 13
3 37 19
3 37 22
3 37 47
3 37 74
3 37 95
3 38 13
3 38 16
3 38 21
3 38 49
3 38 50
3 38 76
3 38 81
3 38 88
3 38 90
3 38 100
3 39 1
3 39 7
3 39 8
3 39 14
3 39 16
3 39 22
3 39 23
3 39 24
3 39 29
3 39 34
3 39 37
3 39 40
3 39 48
3 39 59
3 39 64
3 39 66
3 39 71
3 39 75
3 39 106
3 40 4
3 40 5
3 40 8
3 40 11
3 40 20
3 40 27
3 40 31
3 40 39
3 40 54
3 40 66
3 40 76
3 40 79
3 40 81
3 41 2
3 41 7
3 41 15
3 41 23
3 41 24
3 41 29
3 41 35
3 41 37
3 41 50
3 41 81
3 41 86
3 41 93
3 41 100
3 42 8
3 42 11
3 42 47
3 42 63
3 42 67
3 42 69
3 42 77
3 42 105
3 42 106
3 43 1
3 43 10
3 43 11
3 43 15
3 43 27
3 43 33
3 43 35
3 43 36
3 43 37
3 43 42
3 43 50
3 43 54
3 43 56
3 43 75
3 43 82
3 43 95
3 43 97
3 43 101
3 44 10
3 44 21
3 44 26
3 44 28
3 44 32
3 44 33
3 44 40
3 44 43
3 44 49
3 44 50
3 44 51
3 44 57
3 44 62
3 44 65
3 44 70
3 44 72
3 44 87
3 44 91
3 45 1
3 45 14
3 45 33
3 45 46
3 45 50
3 45 54
3 45 70
3 45 76
3 45 80
3 45 92
3 45 98
3 45 102
3 45 103
3 45 105
3 46 5
3 46 14
3 46 23
3 46 24
3 46 32
3 46 44
3 46 55
3 46 56
3 46 60
3 46 70
3 46 71
3 46 72
3 46 85
3 46 101
3 46 102
3 46 104
3 47 5
3 47 12
3 47 29
3 47 45
3 47 46
3 47 48
3 47 64
3 47 65
3 47 67
3 47 80
3 47 102
3 47 106
3 48 12
3 48 21
3 48 24
3 48 28
3 48 38
3 48 40
3 48 42
3 48 61
3 48 64
3 48 78
3 48 80
3 48 83
3 48 90
3 49 4
3 49 13
3 49 26
3 49 36
3 49 37
3 49 41
3 49 42
3 49 43
3 49 44
3 49 53
3 49 55
3 49 63
3 49 69
3 49 70
3 49 71
3 49 78
3 50 11
3 50 13
3 50 23
3 50 27
3 50 34
3 50 35
3 50 39
3 50 42
3 50 48
3 50 56
3 50 58
3 50 89
3 50 94
3 50 100
3 51 15
3 51 16
3 51 22
3 51 24
3 51 63
3 51 65
3 51 68
3 51 84
3 51 103
3 51 106
3 52 6
3 52 8
3 52 9
3 52 17
3 52 22
3 52 43
3 52 45
3 52 54
3 52 63
3 52 70
3 52 71
3 52 73
3 52 75
3 52 76
3 52 87
3 52 90
3 52 94
3 52 96
3 52 105
3 53 3
3 53 9
3 53 12
3 53 13
3 53 14
3 53 20
3 53 24
3 53 41
3 53 56
3 53 63
3 53 80
3 53 97
3 53 99
3 53 103
3 53 106
3 53 107
3 54 8
3 54 10
3 54 12
3 54 24
3 54 30
3 54 40
3 54 41
3 54 45
3 54 71
3 54 76
3 54 84
3 54 85
3 54 87
3 54 89
3 55 4
3 55 14
3 55 21
3 55 28
3 55 45
3 55 56
3 55 59
3 55 74
3 55 86
3 55 97
3 55 98
3 55 105
3 56 4
3 56 5
3 56 9
3 56 12
3 56 14
3 56 20
3 56 32
3 56 33
3 56 45
3 56 47
3 56 53
3 56 56
3 56 57
3 56 61
3 56 71
3 56 72
3 56 76
3 56 78
3 56 93
3 57 5
3 57 18
3 57 36
3 57 37
3 57 41
3 57 44
3 57 45
3 57 61
3 57 63
3 57 66
3 57 77
3 57 82
3 57 86
3 57 94
3 58 5
3 58 7
3 58 8
3 58 17
3 58 28
3 58 34
3 58 38
3 58 53
3 58 61
3 58 65
3 58 69
3 58 74
3 58 97
3 58 103
3 59 0
3 59 1
3 59 20
3 59 25
3 59 33
3 59 36
3 59 38
3 59 43
3 59 47
3 59 52
3 59 54
3 59 58
3 59 79
3 59 88
3 59 93
3 59 94
3 60 9
3 60 10
3 60 12
3 60 17
3 60 39
3 60 46
3 60 53
3 60 58
3 60 62
3 60 70
3 60 78
3 60 93
3 61 3
3 61 15
3 61 60
3 61 70
3 61 82
3 61 89
3 61 98
3 62 2
3 62 7
3 62 15
3 62 21
3 62 28
3 62 68
3 62 69
3 62 77
3 62 87
3 62 98
3 62 102
3 62 103
3 62 104
3 63 20
3 63 28
3 63 42
3 63 65
3 63 69
3 63 75
3 63 99
3 64 11
3 64 17
3 64 18
3 64 20
3 64 23
3 64 33
3 64 35
3 64 39
3 64 42
3 64 63
3 64 72
3 64 77
3 64 81
3 64 84
3 64 90
3 64 95
3 65 2
3 65 21
3 65 22
3 65 38
3 65 39
3 65 45
3 65 54
3 65 55
3 65 57
3 65 58
3 65 60
3 65 74
3 65 75
3 65 88
3 65 94
3 65 99
3 66 2
3 66 5
3 66 8
3 66 12
3 66 17
3 66 22
3 66 45
3 66 54
3 66 74
3 66 79
3 66 84
3 66 94
3 66 99
3 67 1
3 67 3
3 67 4
3 67 8
3 67 17
3 67 18
3 67 20
3 67 23
3 67 40
3 67 43
3 67 47
3 67 67
3 67 72
3 67 73
3 67 80
3 67 86
3 67 94
3 67 100
3 68 3
3 68 6
3 68 14
3 68 20
3 68 22
3 68 28
3 68 30
3 68 35
3 68 40
3 68 44
3 68 46
3 68 48
3 68 68
3 68 70
3 68 91
3 68 101
3 69 3
3 69 8
3 69 24
3 69 25
3 69 26
3 69 27
3 69 32
3 69 46
3 69 49
3 69 51
3 69 56
3 69 57
3 69 65
3 69 68
3 69 78
3 69 89
3 69 94
3 69 103
3 70 4
3 70 13
3 70 21
3 70 24
3 70 27
3 70 28
3 70 39
3 70 58
3 70 63
3 70 78
3 70 91
3 70 99
3 70 100
3 71 2
3 71 31
3 71 39
3 71 48
3 71 52
3 71 66
3 71 74
3 71 90
3 71 99
3 72 16
3 72 21
3 72 24
3 72 29
3 72 46
3 72 58
3 72 59
3 72 80
3 72 94
3 73 4
3 73 14
3 73 21
3 73 24
3 73 27
3 73 30
3 73 39
3 73 42
3 73 57
3 73 59
3 73 64
3 73 76
3 73 90
3 73 105
3 73 107
3 74 13
3 74 18
3 74 19
3 74 20
3 74 27
3 74 32
3 74 39
3 74 51
3 74 53
3 74 55
3 74 64
3 74 80
3 74 87
3 74 90
3 74 98
3 74 102
3 74 104
3 75 22
3 75 28
3 75 34
3 75 48
3 75 49
3 75 58
3 75 59
3 75 60
3 75 61
3 75 86
3 75 88
3 75 97
3 76 35
3 76 36
3 76 40
3 76 50
3 76 61
3 76 64
3 76 70
3 76 92
3 77 5
3 77 7
3 77 12
3 77 42
3 77 51
3 77 57
3 77 73
3 77 76
3 77 77
3 77 79
3 77 105
3 78 10
3 78 22
3 78 28
3 78 32
3 78 37
3 78 41
3 78 53
3 78 54
3 78 56
3 78 79
3 78 88
3 78 91
3 78 105
3 78 106
3 79 4
3 79 9
3 79 11
3 79 25
3 79 27
3 79 32
3 79 44
3 79 45
3 79 48
3 79 68
3 79 74
3 79 92
3 80 8
3 80 17
3 80 19
3 80 20
3 80 38
3 80 67
3 80 77
3 80 81
3 80 102
3 80 104
3 81 5
3 81 13
3 81 16
3 81 30
3 81 33
3 81 42
3 81 44
3 81 46
3 81 53
3 81 66
3 81 71
3 81 75
3 81 80
3 81 85
3 81 88
3 81 92
3 82 1
3 82 3
3 82 7
3 82 17
3 82 18
3 82 27
3 82 37
3 82 42
3 82 50
3 82 55
3 82 60
3 82 69
3 82 89
3 82 97
3 82 100
3 83 41
3 83 45
3 83 50
3 83 66
3 83 68
3 83 79
3 83 82
3 83 91
3 83 98
3 84 1
3 84 3
3 84 8
3 84 21
3 84 23
3 84 28
3 84 33
3 84 34
3 84 36
3 84 38
3 84 39
3 84 50
3 84 56
3 84 63
3 84 66
3 84 80
3 84 89
3 84 90
3 84 99
3 85 2
3 85 11
3 85 13
3 85 21
3 85 25
3 85 35
3 85 41
3 85 47
3 85 51
3 85 52
3 85 54
3 85 61
3 85 62
3 85 63
3 85 65
3 85 68
3 85 69
3 85 82
3 85 84
3 85 86
3 85 90
3 85 94
3 86 1
3 86 10
3 86 18
3 86 31
3 86 33
3 86 52
3 86 53
3 86 57
3 86 66
3 86 68
3 86 70
3 87 5
3 87 6
3 87 7
3 87 12
3 87 15
3 87 42
3 87 53
3 87 56
3 87 57
3 87 73
3 87 79
3 87 81
3 87 97
3 88 0
3 88 16
3 88 17
3 88 26
3 88 45
3 88 46
3 88 49
3 88 53
3 88 94
3 88 95
3 88 96
3 89 10
3 89 11
3 89 17
3 89 21
3 89 22
3 89 30
3 89 36
3 89 49
3 89 76
3 89 90
3 90 1
3 90 10
3 90 11
3 90 17
3 90 30
3 90 31
3 90 55
3 90 68
3 90 70
3 90 72
3 90 73
3 90 80
3 90 91
3 90 99
3 90 104
3 91 5
3 91 13
3 91 16
3 91 18
3 91 27
3 91 32
3 91 39
3 91 40
3 91 58
3 91 65
3 91 72
3 91 74
3 91 90
3 92 9
3 92 10
3 92 15
3 92 19
3 92 20
3 92 25
3 92 29
3 92 45
3 92 68
3 92 70
3 92 72
3 92 75
3 92 82
3 92 88
3 93 10
3 93 15
3 93 16
3 93 40
3 93 47
3 93 49
3 93 52
3 93 53
3 93 55
3 93 73
3 93 76
3 93 94
3 93 100
3 93 106
3 94 2
3 94 9
3 94 13
3 94 22
3 94 30
3 94 35
3 94 43
3 94 44
3 94 53
3 94 58
3 94 62
3 94 68
3 94 73
3 94 85
3 94 94
3 94 98
3 94 99
3 94 107
3 95 34
3 95 57
3 95 67
3 95 69
3 95 71
3 95 72
3 95 87
3 95 91
3 95 99
3 95 105
3 95 107
3 96 1
3 96 4
3 96 6
3 96 16
3 96 18
3 96 33
3 96 36
3 96 43
3 96 46
3 96 48
3 96 52
3 96 98
3 96 102
3 97 7
3 97 10
3 97 22
3 97 24
3 97 25
3 97 27
3 97 32
3 97 48
3 97 49
3 97 102
3 98 3
3 98 6
3 98 8
3 98 22
3 98 58
3 98 60
3 98 66
3 98 71
3 98 75
3 98 84
3 98 92
3 98 95
3 99 1
3 99 10
3 99 16
3 99 18
3 99 21
3 99 26
3 99 31
3 99 32
3 99 43
3 99 54
3 99 55
3 99 56
3 99 58
3 99 59
3 99 63
3 99 74
3 99 82
3 99 86
3 99 101
3 99 102
3 99 103
3 99 105
3 100 17
3 100 21
3 100 26
3 100 27
3 100 28
3 100 33
3 100 37
3 100 50
3 100 51
3 100 56
3 100 60
3 100 69
3 100 81
3 100 96
3 101 4
3 101 5
3 101 6
3 101 8
3 101 18
3 101 26
3 101 28
3 101 45
3 101 55
3 101 77
3 101 84
3 101 88
3 101 96
3 101 98
3 102 7
3 102 17
3 102 29
3 102 30
3 102 39
3 102 47
3 102 65
3 102 93
3 102 94
3 102 99
3 102 107
3 103 6
3 103 8
3 103 15
3 103 16
3 103 26
3 103 33
3 103 42
3 103 43
3 103 48
3 103 54
3 103 55
3 103 70
3 103 81
3 103 82
3 103 86
3 103 89
3 103 99
3 103 102
3 103 106
3 103 107
3 104 8
3 104 9
3 104 13
3 104 20
3 104 27
3 104 41
3 104 47
3 104 61
3 104 78
3 104 87
3 104 90
3 104 92
3 104 98
3 105 1
3 105 27
3 105 29
3 105 39
3 105 45
3 105 50
3 105 72
3 105 76
3 105 84
3 105 86
3 105 96
3 105 97
3 105 98
3 106 15
3 106 16
3 106 33
3 106 49
3 106 51
3 106 77
3 106 86
3 106 90
3 106 91
3 107 2
3 107 4
3 107 9
3 107 19
3 107 29
3 107 53
3 107 55
3 107 84
3 107 97
3 108 2
3 108 28
3 108 29
3 108 36
3 108 43
3 108 51
3 108 58
3 108 78
3 108 86
3 108 94
3 108 95
3 108 96
3 108 99
3 108 101
3 108 102
3 108 106
3 109 2
3 109 18
3 109 22
3 109 25
3 109 39
3 109 47
3 109 79
3 109 97
3 110 27
3 110 47
3 110 60
3 110 64
3 110 81
3 110 84
3 110 85
3 110 99
3 110 100
3 110 102
3 110 105
3 111 13
3 111 39
3 111 55
3 111 64
3 111 70
3 111 97
3 111 102
3 111 105
3 112 7
3 112 8
3 112 11
3 112 58
3 112 70
3 112 84
3 112 98
3 112 106
3 113 5
3 113 8
3 113 9
3 113 27
3 113 30
3 113 36
3 113 43
3 113 57
3 113 66
3 113 94
3 113 97
3 114 3
3 114 7
3 114 12
3 114 21
3 114 45
3 114 78
3 114 82
3 114 86
3 114 89
3 114 90
3 114 105
3 114 106
3 115 36
3 115 38
3 115 52
3 115 56
3 115 76
3 115 81
3 115 88
3 115 93
3 115 97
3 116 6
3 116 27
3 116 31
3 116 39
3 116 46
3 116 53
3 116 59
3 116 74
3 116 89
3 116 91
3 116 93
3 116 102
3 117 13
3 117 38
3 117 48
3 117 55
3 117 82
3 117 85
3 117 98
3 118 4
3 118 36
3 118 43
3 118 56
3 118 87
3 118 94
3 118 98
3 119 2
3 119 19
3 119 45
3 119 61
3 119 62
3 119 64
3 119 65
3 119 66
3 119 94
3 120 15
3 120 16
3 120 26
3 120 30
3 120 38
3 120 58
3 120 59
3 120 87
3 120 89
3 120 94
3 120 98
3 121 0
3 121 14
3 121 27
3 121 55
3 121 67
3 121 72
3 121 74
3 121 79
3 121 93
3 121 97
3 121 106
3 121 107
3 122 29
3 122 37
3 122 48
3 122 70
3 122 71
3 122 73
3 122 104
3 122 106
3 123 12
3 123 17
3 123 24
3 123 30
3 123 39
3 123 51
3 123 78
3 123 79
3 123 95
3 124 2
3 124 4
3 124 20
3 124 25
3 124 34
3 124 37
3 124 46
3 124 47
3 124 54
3 124 80
3 124 85
3 124 88
3 124 89
3 124 90
3 124 91
3 124 107
3 125 22
3 125 23
3 125 24
3 125 37
3 125 62
3 125 78
3 125 91
3 125 94
3 126 37
3 126 38
3 126 52
3 126 85
3 126 93
3 126 100
3 126 101
3 126 105
3 126 107
3 127 19
3 127 31
3 127 46
3 127 57
3 127 65
3 127 76
3 127 78
3 127 80
3 127 92
3 127 98
3 128 18
3 128 30
3 128 36
3 128 40
3 128 49
3 128 50
3 128 51
3 128 64
3 128 79
3 128 89
3 128 91
3 129 9
3 129 22
3 129 52
3 129 54
3 129 57
3 129 60
3 129 73
3 129 85
3 129 90
3 129 93
3 129 99
3 129 107
3 130 11
3 130 13
3 130 15
3 130 21
3 130 28
3 130 31
3 130 33
3 130 46
3 130 53
3 130 58
3 130 66
3 130 78
3 130 79
3 130 81
3 130 93
3 130 96
3 130 98
3 131 3
3 131 11
3 131 26
3 131 45
3 131 59
3 131 66
3 131 76
3 131 95
3 131 100
3 131 104
3 132 12
3 132 13
3 132 16
3 132 28
3 132 36
3 132 45
3 132 55
3 132 56
3 132 84
3 132 100
3 133 24
3 133 35
3 133 44
3 133 48
3 133 52
3 133 81
3 133 85
3 133 88
3 133 94
3 133 97
3 133 99
3 133 100
3 133 101
3 134 1
3 134 2
3 134 20
3 134 25
3 134 26
3 134 52
3 134 78
3 134 85
3 134 87
3 134 88
3 134 96
3 135 4
3 135 26
3 135 35
3 135 38
3 135 48
3 135 51
3 135 52
3 135 58
3 136 11
3 136 13
3 136 27
3 136 51
3 136 81
3 136 82
3 136 83
3 136 88
3 136 90
3 137 4
3 137 20
3 137 25
3 137 42
3 137 46
3 137 60
3 137 65
3 137 81
3 137 84
3 137 89
3 137 99
3 138 20
3 138 34
3 138 50
3 138 79
3 138 80
3 138 86
3 138 91
3 138 92
3 138 93
3 138 96
3 138 99
3 138 105
3 139 0
3 139 4
3 139 11
3 139 15
3 139 22
3 139 43
3 139 45
3 139 64
3 139 71
3 139 77
3 139 82
3 139 83
3 139 90
3 139 91
3 139 96
3 139 98
3 140 0
3 140 9
3 140 34
3 140 35
3 140 43
3 140 59
3 140 81
3 140 82
3 140 95
3 140 96
3 141 0
3 141 3
3 141 56
3 141 67
3 141 78
3 141 86
3 141 99
3 142 1
3 142 7
3 142 8
3 142 9
3 142 29
3 142 56
3 142 57
3 142 70
3 142 80
3 142 83
3 142 91
3 143 1
3 143 7
3 143 16
3 143 22
3 143 24
3 143 37
3 143 43
3 143 44
3 143 62
3 143 64
3 143 69
3 143 83
3 143 84
3 143 88
3 143 90
3 143 95
3 143 101
3 143 103
3 144 10
3 144 18
3 144 44
3 144 78
3 144 84
3 144 90
3 144 97
3 144 107
3 145 14
3 145 15
3 145 48
3 145 56
3 145 64
3 145 69
3 145 70
3 145 77
3 145 80
3 145 81
3 145 86
3 145 88
3 145 91
3 145 99
3 145 100
3 145 103
3 146 3
3 146 42
3 146 78
3 146 82
3 146 94
3 146 97
3 146 102
3 146 106
3 147 40
3 147 54
3 147 74
3 147 83
3 147 87
3 147 88
3 147 101
3 148 4
3 148 7
3 148 14
3 148 19
3 148 20
3 148 31
3 148 54
3 148 77
3 148 80
3 148 101
3 148 106
4 0 0
4 0 16
4 0 30
4 0 37
4 0 39
4 0 43
4 0 47
4 0 52
4 0 53
4 0 65
4 0 72
4 0 74
4 0 79
4 0 81
4 0 84
4 0 86
4 0 87
4 0 90
4 0 98
4 0 100
4 0 101
4 0 107
4 0 108
4 1 8
4 1 11
4 1 15
4 1 16
4 1 19
4 1 20
4 1 27
4 1 29
4 1 31
4 1 42
4 1 48
4 1 49
4 1 50
4 1 63
4 1 67
4 1 77
4 1 85
4 1 110
4 2 2
4 2 7
4 2 16
4 2 17
4 2 33
4 2 43
4 2 58
4 2 69
4 2 73
4 2 85
4 2 93
4 2 96
4 3 10
4 3 13
4 3 27
4 3 28
4 3 36
4 3 41
4 3 47
4 3 49
4 3 54
4 3 69
4 3 71
4 3 76
4 3 81
4 3 82
4 3 92
4 3 104
4 3 106
4 3 109
4 4 7
4 4 8
4 4 12
4 4 25
4 4 30
4 4 33
4 4 44
4 4 46
4 4 50
4 4 55
4 4 58
4 4 71
4 4 77
4 4 88
4 4 95
4 4 109
4 5 0
4 5 1
4 5 2
4 5 3
4 5 9
4 5 10
4 5 28
4 5 41
4 5 43
4 5 48
4 5 62
4 5 69
4 5 73
4 5 109
4 6 1
4 6 17
4 6 29
4 6 31
4 6 39
4 6 54
4 6 57
4 6 61
4 6 63
4 6 77
4 6 83
4 6 101
4 7 4
4 7 15
4 7 34
4 7 55
4 7 56
4 7 64
4 7 66
4 7 77
4 7 90
4 8 1
4 8 2
4 8 15
4 8 17
4 8 38
4 8 55
4 8 68
4 8 72
4 8 75
4 8 88
4 8 109
4 9 18
4 9 35
4 9 49
4 9 59
4 9 68
4 9 89
4 9 91
4 9 94
4 9 100
4 9 101
4 10 0
4 10 11
4 10 12
4 10 16
4 10 18
4 10 22
4 10 24
4 10 28
4 10 29
4 10 37
4 10 45
4 10 54
4 10 57
4 10 70
4 10 72
4 10 81
4 10 88
4 11 5
4 11 7
4 11 9
4 11 14
4 11 36
4 11 38
4 11 42
4 11 43
4 11 54
4 11 56
4 11 64
4 11 69
4 11 87
4 11 93
4 11 95
4 11 98
4 11 100
4 11 104
4 12 1
4 12 3
4 12 14
4 12 15
4 12 23
4 12 28
4 12 32
4 12 37
4 12 38
4 12 40
4 12 46
4 12 60
4 12 78
4 12 103
4 12 104
4 13 5
4 13 14
4 13 17
4 13 28
4 13 32
4 13 33
4 13 42
4 13 51
4 13 52
4 13 60
4 13 88
4 13 103
4 14 4
4 14 14
4 14 24
4 14 28
4 14 29
4 14 30
4 14 35
4 14 36
4 14 38
4 14 42
4 14 45
4 14 48
4 14 55
4 14 57
4 14 69
4 14 70
4 14 74
4 14 75
4 14 99
4 15 12
4 15 18
4 15 20
4 15 29
4 15 35
4 15 44
4 15 48
4 15 52
4 15 68
4 15 70
4 15 71
4 15 73
4 15 76
4 15 77
4 15 83
4 15 86
4 15 99
4 15 105
4 15 107
4 16 0
4 16 1
4 16 9
4 16 10
4 16 11
4 16 12
4 16 14
4 16 15
4 16 30
4 16 33
4 16 50
4 16 52
4 16 54
4 16 55
4 16 59
4 16 74
4 16 87
4 16 95
4 16 104
4 17 7
4 17 11
4 17 13
4 17 14
4 17 20
4 17 25
4 17 31
4 17 49
4 17 51
4 17 74
4 17 78
4 17 84
4 17 102
4 17 110
4 18 11
4 18 12
4 18 13
4 18 22
4 18 27
4 18 30
4 18 39
4 18 41
4 18 42
4 18 45
4 18 49
4 18 57
4 18 64
4 18 67
4 18 72
4 18 78
4 18 83
4 18 100
4 18 104
4 19 1
4 19 12
4 19 13
4 19 15
4 19 19
4 19 26
4 19 32
4 19 36
4 19 56
4 19 58
4 19 65
4 19 68
4 19 73
4 19 77
4 19 85
4 19 86
4 19 110
4 20 1
4 20 2
4 20 13
4 20 17
4 20 27
4 20 33
4 20 58
4 20 63
4 20 66
4 20 89
4 20 96
4 20 97
4 20 108
4 21 0
4 21 2
4 21 6
4 21 14
4 21 15
4 21 22
4 21 23
4 21 29
4 21 37
4 21 41
4 21 43
4 21 55
4 21 66
4 21 72
4 21 74
4 21 78
4 21 80
4 21 87
4 21 97
4 21 99
4 21 100
4 21 102
4 21 104
4 22 2
4 22 24
4 22 34
4 22 41
4 22 69
4 22 88
4 23 0
4 23 12
4 23 13
4 23 22
4 23 26
4 23 30
4 23 37
4 23 39
4 23 43
4 23 44
4 23 47
4 23 63
4 23 64
4 23 65
4 23 71
4 23 87
4 23 98
4 23 101
4 24 10
4 24 14
4 24 24
4 24 26
4 24 30
4 24 32
4 24 38
4 24 42
4 24 43
4 24 46
4 24 48
4 24 50
4 24 52
4 24 55
4 24 62
4 24 64
4 24 65
4 24 73
4 24 77
4 24 78
4 24 85
4 24 106
4 24 108
4 25 4
4 25 12
4 25 15
4 25 21
4 25 36
4 25 41
4 25 55
4 25 57
4 25 62
4 25 79
4 25 92
4 25 103
4 25 105
4 26 11
4 26 17
4 26 24
4 26 31
4 26 44
4 26 52
4 26 57
4 26 58
4 26 69
4 26 71
4 26 72
4 26 86
4 26 97
4 26 103
4 26 109
4 27 1
4 27 2
4 27 9
4 27 17
4 27 23
4 27 26
4 27 31
4 27 32
4 27 52
4 27 62
4 27 63
4 27 66
4 27 70
4 27 75
4 27 77
4 27 98
4 28 15
4 28 20
4 28 25
4 28 35
4 28 45
4 28 46
4 28 51
4 28 53
4 28 54
4 28 57
4 28 59
4 28 70
4 28 74
4 28 83
4 28 99
4 28 102
4 28 109
4 29 17
4 29 26
4 29 35
4 29 39
4 29 47
4 29 55
4 29 69
4 29 81
4 29 83
4 29 90
4 29 96
4 29 100
4 29 102
4 30 16
4 30 40
4 30 54
4 30 79
4 30 84
4 30 91
4 30 93
4 30 95
4 30 106
4 31 7
4 31 10
4 31 18
4 31 20
4 31 22
4 31 27
4 31 28
4 31 29
4 31 40
4 31 54
4 31 55
4 31 75
4 31 90
4 31 104
4 31 106
4 32 3
4 32 8
4 32 20
4 32 23
4 32 38
4 32 39
4 32 45
4 32 51
4 32 57
4 32 62
4 32 63
4 32 64
4 32 67
4 32 76
4 32 88
4 32 90
4 33 1
4 33 22
4 33 25
4 33 61
4 33 77
4 33 81
4 33 97
4 33 99
4 33 100
4 33 108
4 34 4
4 34 9
4 34 45
4 34 47
4 34 52
4 34 54
4 34 62
4 34 67
4 34 69
4 34 70
4 34 76
4 34 106
4 35 7
4 35 12
4 35 15
4 35 17
4 35 25
4 35 26
4 35 32
4 35 38
4 35 46
4 35 47
4 35 53
4 35 54
4 35 59
4 35 77
4 35 85
4 35 87
4 35 89
4 35 92
4 35 106
4 36 5
4 36 8
4 36 10
4 36 12
4 36 16
4 36 22
4 36 37
4 36 42
4 36 55
4 36 58
4 36 61
4 36 68
4 36 78
4 36 82
4 36 86
4 36 91
4 36 92
4 36 104
4 36 106
4 37 0
4 37 13
4 37 14
4 37 25
4 37 37
4 37 55
4 37 63
4 37 93
4 37 95
4 38 5
4 38 12
4 38 15
4 38 22
4 38 33
4 38 35
4 38 37
4 38 38
4 38 63
4 38 67
4 38 70
4 38 71
4 38 99
4 39 4
4 39 6
4 39 16
4 39 22
4 39 25
4 39 37
4 39 60
4 39 70
4 39 80
4 39 84
4 39 94
4 40 11
4 40 13
4 40 14
4 40 16
4 40 30
4 40 35
4 40 38
4 40 48
4 40 52
4 40 53
4 40 54
4 40 60
4 40 69
4 40 75
4 40 94
4 40 107
4 41 6
4 41 10
4 41 11
4 41 13
4 41 18
4 41 20
4 41 21
4 41 35
4 41 43
4 41 60
4 41 67
4 41 71
4 41 75
4 41 78
4 41 90
4 41 102
4 41 109
4 42 3
4 42 4
4 42 13
4 42 15
4 42 22
4 42 26
4 42 34
4 42 38
4 42 48
4 42 58
4 42 72
4 42 80
4 42 103
4 43 0
4 43 1
4 43 4
4 43 10
4 43 12
4 43 16
4 43 34
4 43 39
4 43 51
4 43 72
4 43 73
4 43 76
4 43 101
4 43 107
4 44 0
4 44 1
4 44 3
4 44 8
4 44 11
4 44 25
4 44 28
4 44 29
4 44 39
4 44 49
4 44 56
4 44 60
4 44 64
4 44 65
4 44 69
4 44 72
4 44 75
4 44 78
4 44 107
4 45 1
4 45 12
4 45 13
4 45 20
4 45 31
4 45 32
4 45 36
4 45 45
4 45 49
4 45 58
4 45 70
4 45 74
4 45 94
4 45 99
4 45 102
4 45 103
4 46 0
4 46 1
4 46 15
4 46 20
4 46 30
4 46 33
4 46 34
4 46 37
4 46 43
4 46 55
4 46 60
4 46 70
4 46 76
4 46 77
4 46 99
4 47 17
4 47 22
4 47 23
4 47 27
4 47 29
4 47 33
4 47 40
4 47 41
4 47 65
4 47 75
4 47 88
4 47 108
4 48 10
4 48 13
4 48 14
4 48 15
4 48 16
4 48 22
4 48 23
4 48 26
4 48 30
4 48 35
4 48 53
4 48 60
4 48 83
4 48 92
4 48 109
4 49 1
4 49 3
4 49 29
4 49 32
4 49 39
4 49 57
4 49 61
4 49 66
4 49 67
4 49 72
4 49 74
4 49 78
4 49 98
4 49 99
4 50 0
4 50 5
4 50 6
4 50 9
4 50 20
4 50 23
4 50 41
4 50 45
4 50 49
4 50 60
4 50 74
4 50 84
4 51 6
4 51 11
4 51 12
4 51 39
4 51 48
4 51 53
4 51 60
4 51 62
4 51 71
4 51 92
4 51 93
4 51 97
4 52 12
4 52 15
4 52 18
4 52 27
4 52 33
4 52 38
4 52 49
4 52 50
4 52 63
4 52 80
4 52 81
4 52 84
4 52 86
4 52 91
4 53 7
4 53 10
4 53 15
4 53 19
4 53 21
4 53 32
4 53 35
4 53 40
4 53 51
4 53 72
4 53 73
4 53 75
4 53 95
4 53 109
4 54 1
4 54 8
4 54 13
4 54 22
4 54 27
4 54 43
4 54 44
4 54 55
4 54 60
4 54 63
4 54 67
4 54 69
4 54 74
4 54 90
4 54 93
4 54 102
4 55 6
4 55 10
4 55 29
4 55 32
4 55 34
4 55 46
4 55 47
4 55 81
4 55 84
4 55 91
4 55 98
4 55 107
4 56 5
4 56 11
4 56 14
4 56 15
4 56 21
4 56 29
4 56 34
4 56 38
4 56 40
4 56 42
4 56 49
4 56 56
4 56 64
4 56 70
4 56 78
4 56 89
4 56 96
4 56 99
4 56 109
4 57 9
4 57 10
4 57 18
4 57 31
4 57 34
4 57 35
4 57 49
4 57 51
4 57 54
4 57 60
4 57 73
4 57 75
4 57 101
4 57 103
4 57 106
4 58 1
4 58 5
4 58 13
4 58 16
4 58 20
4 58 23
4 58 28
4 58 31
4 58 54
4 58 65
4 58 76
4 58 78
4 58 88
4 58 108
4 59 1
4 59 13
4 59 14
4 59 17
4 59 21
4 59 25
4 59 27
4 59 29
4 59 31
4 59 39
4 59 44
4 59 48
4 59 52
4 59 61
4 59 68
4 59 70
4 59 77
4 59 78
4 59 97
4 59 102
4 59 107
4 60 3
4 60 5
4 60 17
4 60 18
4 60 19
4 60 22
4 60 29
4 60 34
4 60 39
4 60 53
4 60 59
4 60 60
4 60 97
4 60 98
4 61 4
4 61 6
4 61 14
4 61 20
4 61 22
4 61 23
4 61 39
4 61 41
4 61 47
4 61 57
4 61 58
4 61 78
4 61 79
4 61 101
4 62 1
4 62 5
4 62 8
4 62 17
4 62 32
4 62 33
4 62 36
4 62 37
4 62 40
4 62 47
4 62 50
4 62 57
4 62 59
4 62 68
4 62 69
4 62 73
4 62 74
4 62 78
4 62 80
4 62 90
4 62 100
4 62 110
4 63 1
4 63 6
4 63 10
4 63 11
4 63 22
4 63 25
4 63 31
4 63 33
4 63 37
4 63 67
4 63 68
4 63 70
4 63 80
4 63 81
4 63 84
4 63 93
4 63 97
4 63 98
4 63 99
4 63 107
4 64 7
4 64 8
4 64 11
4 64 35
4 64 36
4 64 39
4 64 45
4 64 48
4 64 52
4 64 57
4 64 70
4 64 96
4 64 102
4 64 108
4 64 109
4 65 7
4 65 10
4 65 11
4 65 24
4 65 31
4 65 36
4 65 39
4 65 51
4 65 54
4 65 57
4 65 58
4 65 70
4 65 71
4 65 72
4 65 80
4 65 84
4 65 86
4 65 89
4 66 6
4 66 8
4 66 11
4 66 19
4 66 24
4 66 27
4 66 32
4 66 40
4 66 44
4 66 47
4 66 51
4 66 58
4 66 62
4 66 65
4 66 69
4 66 72
4 66 92
4 66 99
4 66 103
4 67 6
4 67 7
4 67 29
4 67 39
4 67 40
4 67 43
4 67 44
4 67 77
4 67 88
4 67 104
4 68 4
4 68 6
4 68 7
4 68 23
4 68 38
4 68 40
4 68 65
4 68 72
4 69 3
4 69 5
4 69 6
4 69 7
4 69 21
4 69 31
4 69 34
4 69 44
4 69 62
4 69 63
4 69 64
4 69 68
4 69 69
4 69 73
4 69 74
4 69 77
4 69 91
4 69 107
4 69 109
4 70 2
4 70 9
4 70 11
4 70 28
4 70 35
4 70 37
4 70 39
4 70 46
4 70 52
4 70 57
4 70 60
4 70 62
4 70 69
4 70 78
4 70 80
4 70 88
4 70 91
4 70 100
4 71 1
4 71 23
4 71 35
4 71 40
4 71 60
4 71 62
4 71 76
4 71 84
4 71 85
4 71 102
4 71 103
4 72 8
4 72 29
4 72 31
4 72 35
4 72 40
4 72 49
4 72 70
4 72 80
4 72 83
4 72 87
4 72 88
4 73 0
4 73 1
4 73 11
4 73 25
4 73 29
4 73 30
4 73 31
4 73 32
4 73 41
4 73 45
4 73 58
4 73 63
4 73 65
4 73 67
4 73 70
4 73 74
4 73 87
4 73 88
4 73 91
4 73 92
4 73 98
4 74 0
4 74 1
4 74 5
4 74 12
4 74 13
4 74 23
4 74 26
4 74 52
4 74 53
4 74 54
4 74 62
4 74 63
4 74 70
4 74 72
4 74 78
4 75 7
4 75 9
4 75 22
4 75 25
4 75 28
4 75 39
4 75 59
4 75 71
4 75 83
4 75 85
4 75 96
4 75 97
4 75 100
4 76 2
4 76 14
4 76 24
4 76 28
4 76 29
4 76 33
4 76 34
4 76 37
4 76 39
4 76 66
4 76 67
4 76 69
4 76 88
4 76 101
4 76 103
4 77 3
4 77 7
4 77 13
4 77 33
4 77 36
4 77 38
4 77 41
4 77 46
4 77 50
4 77 56
4 77 60
4 77 89
4 77 91
4 77 98
4 78 26
4 78 39
4 78 48
4 78 68
4 78 74
4 78 83
4 78 86
4 78 91
4 78 92
4 78 94
4 78 95
4 78 107
4 79 29
4 79 31
4 79 36
4 79 40
4 79 44
4 79 64
4 79 78
4 79 85
4 79 99
4 79 107
4 80 22
4 80 27
4 80 29
4 80 30
4 80 53
4 80 57
4 80 68
4 80 75
4 80 79
4 80 80
4 80 82
4 80 83
4 80 85
4 80 86
4 80 94
4 80 95
4 80 96
4 80 102
4 81 9
4 81 14
4 81 28
4 81 33
4 81 36
4 81 44
4 81 48
4 81 55
4 81 57
4 81 59
4 81 63
4 81 65
4 81 66
4 81 71
4 81 79
4 81 85
4 81 86
4 81 88
4 81 90
4 81 94
4 81 96
4 81 98
4 81 106
4 81 107
4 81 108
4 82 1
4 82 13
4 82 38
4 82 46
4 82 51
4 82 55
4 82 67
4 82 82
4 82 83
4 82 84
4 82 88
4 82 89
4 82 93
4 83 4
4 83 5
4 83 6
4 83 44
4 83 45
4 83 78
4 83 79
4 83 81
4 83 84
4 83 101
4 83 102
4 84 1
4 84 7
4 84 12
4 84 20
4 84 35
4 84 40
4 84 41
4 84 49
4 84 53
4 84 55
4 84 60
4 84 64
4 84 80
4 84 91
4 84 93
4 84 96
4 84 97
4 84 100
4 84 105
4 84 108
4 85 2
4 85 11
4 85 12
4 85 19
4 85 40
4 85 50
4 85 78
4 85 80
4 85 83
4 85 84
4 85 90
4 85 107
4 86 5
4 86 10
4 86 26
4 86 27
4 86 33
4 86 54
4 86 55
4 86 60
4 86 63
4 86 73
4 86 86
4 86 90
4 86 99
4 86 104
4 86 106
4 86 108
4 87 18
4 87 34
4 87 39
4 87 43
4 87 45
4 87 73
4 87 74
4 87 88
4 88 12
4 88 36
4 88 46
4 88 51
4 88 56
4 88 60
4 88 65
4 88 81
4 88 90
4 88 93
4 88 105
4 88 110
4 89 56
4 89 66
4 89 76
4 89 80
4 89 84
4 89 88
4 89 98
4 89 105
4 89 108
4 89 110
4 90 6
4 90 13
4 90 14
4 90 29
4 90 47
4 90 48
4 90 50
4 90 53
4 90 54
4 90 56
4 90 60
4 90 66
4 90 77
4 90 80
4 90 84
4 90 98
4 90 104
4 90 105
4 90 110
4 91 8
4 91 27
4 91 38
4 91 46
4 91 50
4 91 51
4 91 69
4 91 74
4 91 82
4 91 97
4 91 104
4 91 106
4 91 110
4 92 3
4 92 17
4 92 26
4 92 31
4 92 52
4 92 59
4 92 64
4 92 68
4 92 81
4 92 84
4 92 90
4 92 97
4 92 99
4 92 105
4 92 106
4 93 6
4 93 10
4 93 15
4 93 25
4 93 54
4 93 66
4 93 72
4 93 73
4 93 74
4 93 88
4 93 95
4 93 97
4 93 109
4 94 25
4 94 32
4 94 34
4 94 38
4 94 39
4 94 46
4 94 47
4 94 48
4 94 51
4 94 63
4 94 64
4 94 70
4 94 72
4 94 78
4 94 80
4 94 83
4 94 88
4 95 12
4 95 20
4 95 21
4 95 23
4 95 54
4 95 57
4 95 66
4 95 78
4 95 84
4 95 109
4 96 0
4 96 1
4 96 20
4 96 25
4 96 32
4 96 48
4 96 56
4 96 77
4 96 78
4 96 84
4 96 85
4 96 100
4 96 104
4 96 107
4 97 15
4 97 16
4 97 37
4 97 39
4 97 44
4 97 51
4 97 59
4 97 64
4 97 66
4 97 79
4 97 81
4 97 87
4 97 94
4 97 104
4 97 105
4 98 8
4 98 15
4 98 37
4 98 39
4 98 40
4 98 41
4 98 43
4 98 69
4 98 91
4 98 93
4 98 95
4 98 96
4 98 104
4 99 10
4 99 21
4 99 22
4 99 28
4 99 32
4 99 34
4 99 36
4 99 40
4 99 42
4 99 51
4 99 58
4 99 61
4 99 62
4 99 86
4 99 88
4 99 89
4 99 91
4 99 94
4 99 99
4 99 100
4 99 105
4 99 110
4 100 43
4 100 47
4 100 57
4 100 84
4 100 86
4 100 94
4 100 101
4 100 104
4 100 106
4 100 110
4 101 27
4 101 31
4 101 37
4 101 53
4 101 58
4 101 60
4 101 72
4 101 75
4 101 85
4 101 90
4 101 95
4 101 105
4 101 110
4 102 2
4 102 6
4 102 20
4 102 22
4 102 24
4 102 32
4 102 37
4 102 43
4 102 62
4 102 65
4 102 70
4 102 81
4 102 93
4 102 96
4 102 110
4 103 3
4 103 12
4 103 15
4 103 18
4 103 25
4 103 45
4 103 47
4 103 50
4 103 73
4 103 74
4 103 77
4 103 81
4 103 90
4 103 93
4 103 96
4 103 97
4 103 98
4 103 101
4 103 103
4 103 105
4 104 11
4 104 12
4 104 21
4 104 22
4 104 51
4 104 53
4 104 54
4 104 62
4 104 63
4 104 90
4 104 103
4 105 3
4 105 13
4 105 20
4 105 24
4 105 28
4 105 38
4 105 44
4 105 45
4 105 46
4 105 63
4 105 64
4 105 69
4 105 79
4 105 80
4 105 86
4 105 92
4 105 101
4 105 106
4 105 108
4 106 15
4 106 33
4 106 38
4 106 54
4 106 55
4 106 69
4 106 70
4 106 77
4 106 80
4 106 81
4 106 83
4 106 85
4 106 96
4 106 108
4 107 3
4 107 7
4 107 21
4 107 29
4 107 31
4 107 33
4 107 52
4 107 57
4 107 61
4 107 69
4 107 71
4 107 74
4 107 81
4 107 89
4 107 103
4 107 109