437
6
173 128 154 128 106 111
10146

0 798 70 0 0 827 2 810 102 868 0 0 0 0 419 289 0 784 239 0 570 47 259 0 0 193 0 0 0 0 162 542 0 0 968 621 0 62 0 530 727 886 671 0 0 0 183 830 164 269 319 572 0 0 424 575 13 0 0 0 0 397 816 0 0 0 0 925 362 606 0 0 0 897 0 0 165 755 0 0 0 217 82 0 0 0 8 77 0 53 21 0 0 0 0 0 50 78 4 61 39 0 15 93 100 52 29 24 36 0 0 77 0 61 0 38 0 0 8 69 71 98 29 21 77 9 32 8 0 24 28 90 99 0 0 0 0 61 0 22 91 0 0 0 0 46 0 0 0 0 0 0 0 60 43 83 76 0 0 41 31 61 0 0 14 0 0 87 94 0 87 0 51
0 0 0 431 0 0 339 871 245 646 188 0 0 0 0 0 0 0 0 492 306 834 0 290 0 0 532 384 757 453 0 0 701 222 0 0 470 288 724 881 0 467 0 0 0 0 0 411 0 0 16 475 0 0 160 0 197 237 0 777 570 0 14 15 88 84 0 0 100 52 0 58 0 0 0 0 60 0 75 0 0 0 63 82 0 13 85 0 0 0 9 0 68 36 0 0 63 12 0 0 67 46 0 0 0 0 17 0 0 0 0 27 0 29 23 14 0 0 83 0 26 88 0 0 0 7 47 0
961 0 169 253 0 160 0 662 0 0 0 764 0 0 0 0 895 0 95 885 375 0 519 615 0 0 223 216 918 503 0 339 859 0 0 484 0 0 0 0 0 0 0 0 0 69 0 28 0 387 0 196 0 653 491 0 0 0 0 299 0 0 839 827 0 794 536 23 886 124 0 713 251 0 0 0 27 83 0 0 51 15 0 35 61 0 44 0 15 0 32 0 64 67 48 56 89 11 0 77 98 0 63 41 0 0 35 0 0 87 1 27 55 85 64 91 0 0 0 42 33 0 0 16 0 0 0 0 0 0 4 13 41 17 0 0 15 93 0 0 11 0 0 66 0 0 24 10 0 17 59 0 0 11
27 607 420 288 0 680 0 672 799 0 752 701 336 659 0 427 603 0 787 0 817 0 0 0 165 0 637 745 0 0 0 936 0 277 60 0 123 679 0 0 844 10 473 0 0 0 0 309 0 640 73 0 103 677 629 0 0 823 0 0 0 0 0 17 37 77 0 5 19 0 87 0 0 43 0 66 82 0 0 0 0 0 0 0 93 99 79 0 0 0 0 43 0 84 37 88 0 84 31 0 0 0 0 0 61 0 0 53 0 19 38 94 84 18 0 0 0 0 63 96 38 19 0 53 57 0 0 0
435 954 0 511 617 832 577 0 752 0 388 120 712 0 672 445 0 930 122 0 794 0 650 613 0 0 857 0 84 0 0 418 482 0 854 659 0 0 0 0 0 465 689 1 0 210 49 0 0 0 66 5 0 19 0 0 40 46 57 43 25 0 34 0 0 84 25 68 0 0 49 0 2 0 0 11 60 24 0 28 0 73 0 2 0 25 99 0 0 49 0 0 0 24 30 62 100 13 47 0 77 0 63 57 65 0
0 0 909 0 0 158 819 243 612 583 0 0 0 712 299 0 406 0 0 0 748 0 0 833 645 0 168 0 0 856 0 63 405 0 0 0 0 0 0 0 0 0 0 0 0 0 0 0 0 885 540 909 380 0 0 16 0 72 0 30 0 76 62 0 67 0 0 0 45 81 95 1 45 6 42 0 64 0 33 0 37 55 0 63 84 0 32 75 12 69 41 60 45 27 0 0 0 0 15 0 78 78 91 0 0 0 0 0 36 50 0

0 0 5
0 0 7
0 0 10
0 0 11
0 0 12
0 0 20
0 0 21
0 0 22
0 0 27
0 0 30
0 0 31
0 0 38
0 0 43
0 0 44
0 0 47
0 0 53
0 0 60
0 1 0
0 1 12
0 1 17
0 1 20
0 1 29
0 1 32
0 1 33
0 1 35
0 1 37
0 1 40
0 1 42
0 1 44
0 1 46
0 1 50
0 1 51
0 1 57
0 1 69
0 1 76
0 1 123
0 2 4
0 2 7
0 2 11
0 2 12
0 2 13
0 2 16
0 2 25
0 2 29
0 2 32
0 2 34
0 2 35
0 2 37
0 2 41
0 2 43
0 2 45
0 2 53
0 2 65
0 2 68
0 2 94
0 3 2
0 3 5
0 3 6
0 3 9
0 3 11
0 3 14
0 3 16
0 3 21
0 3 22
0 3 29
0 3 31
0 3 32
0 3 36
0 3 40
0 3 42
0 3 45
0 3 46
0 3 47
0 3 51
0 3 59
0 3 77
0 4 4
0 4 8
0 4 9
0 4 14
0 4 22
0 4 23
0 4 24
0 4 32
0 4 35
0 4 37
0 4 44
0 4 45
0 4 46
0 4 53
0 4 58
0 4 59
0 4 65
0 4 126
0 5 0
0 5 5
0 5 6
0 5 8
0 5 26
0 5 34
0 5 44
0 5 47
0 5 52
0 5 53
0 5 59
0 5 66
0 5 69
0 6 6
0 6 26
0 6 29
0 6 32
0 6 33
0 6 36
0 6 44
0 6 47
0 6 50
0 6 51
0 6 54
0 6 56
0 6 58
0 6 59
0 6 60
0 7 4
0 7 5
0 7 6
0 7 14
0 7 15
0 7 17
0 7 18
0 7 24
0 7 28
0 7 35
0 7 45
0 7 51
0 7 52
0 7 53
0 7 56
0 7 57
0 7 62
0 7 86
0 7 94
0 7 95
0 7 121
0 8 3
0 8 7
0 8 8
0 8 13
0 8 14
0 8 16
0 8 20
0 8 40
0 8 43
0 8 49
0 8 55
0 8 59
0 8 60
0 9 9
0 9 11
0 9 12
0 9 13
0 9 18
0 9 24
0 9 29
0 9 30
0 9 31
0 9 36
0 9 38
0 9 40
0 9 44
0 9 49
0 9 59
0 9 60
0 9 77
0 9 97
0 10 1
0 10 2
0 10 8
0 10 10
0 10 12
0 10 15
0 10 20
0 10 21
0 10 22
0 10 24
0 10 25
0 10 29
0 10 30
0 10 31
0 10 41
0 10 44
0 10 45
0 10 49
0 10 52
0 10 54
0 10 57
0 10 67
0 10 71
0 10 104
0 10 122
0 11 4
0 11 7
0 11 9
0 11 11
0 11 15
0 11 17
0 11 22
0 11 26
0 11 28
0 11 33
0 11 36
0 11 40
0 11 44
0 11 50
0 11 54
0 11 55
0 11 59
0 11 100
0 12 0
0 12 1
0 12 2
0 12 3
0 12 7
0 12 10
0 12 14
0 12 15
0 12 21
0 12 22
0 12 25
0 12 30
0 12 31
0 12 34
0 12 40
0 12 42
0 12 44
0 12 48
0 12 51
0 12 58
0 12 60
0 12 110
0 13 0
0 13 3
0 13 5
0 13 6
0 13 10
0 13 11
0 13 14
0 13 20
0 13 21
0 13 23
0 13 29
0 13 33
0 13 38
0 13 41
0 13 46
0 13 49
0 13 50
0 13 53
0 13 54
0 13 57
0 14 3
0 14 8
0 14 9
0 14 16
0 14 33
0 14 37
0 14 45
0 14 46
0 14 50
0 14 53
0 14 54
0 14 55
0 14 59
0 14 116
0 15 3
0 15 5
0 15 8
0 15 9
0 15 10
0 15 14
0 15 15
0 15 21
0 15 27
0 15 29
0 15 31
0 15 33
0 15 34
0 15 37
0 15 40
0 15 44
0 15 48
0 15 60
0 15 105
0 15 122
0 16 0
0 16 6
0 16 7
0 16 10
0 16 11
0 16 23
0 16 29
0 16 39
0 16 40
0 16 43
0 16 47
0 16 51
0 16 59
0 16 60
0 16 66
0 16 80
0 17 3
0 17 5
0 17 23
0 17 37
0 17 41
0 17 42
0 17 77
0 17 115
0 17 118
0 18 4
0 18 10
0 18 15
0 18 19
0 18 22
0 18 24
0 18 27
0 18 29
0 18 32
0 18 35
0 18 39
0 18 44
0 18 45
0 18 46
0 18 49
0 18 55
0 18 56
0 18 85
0 18 107
0 19 2
0 19 6
0 19 7
0 19 11
0 19 25
0 19 26
0 19 30
0 19 32
0 19 33
0 19 35
0 19 36
0 19 39
0 19 42
0 19 45
0 19 46
0 19 47
0 19 52
0 19 53
0 19 55
0 19 56
0 19 105
0 20 7
0 20 8
0 20 15
0 20 17
0 20 29
0 20 30
0 20 31
0 20 32
0 20 37
0 20 42
0 20 43
0 20 50
0 20 51
0 20 55
0 20 57
0 21 1
0 21 5
0 21 6
0 21 7
0 21 17
0 21 19
0 21 24
0 21 38
0 21 47
0 21 52
0 21 53
0 21 54
0 21 55
0 21 117
0 21 124
0 22 4
0 22 5
0 22 6
0 22 19
0 22 22
0 22 27
0 22 32
0 22 39
0 22 40
0 22 46
0 22 47
0 22 48
0 22 50
0 22 53
0 22 54
0 22 58
0 22 66
0 22 75
0 22 91
0 23 1
0 23 3
0 23 8
0 23 9
0 23 11
0 23 14
0 23 20
0 23 22
0 23 25
0 23 31
0 23 35
0 23 38
0 23 40
0 23 41
0 23 45
0 23 46
0 23 48
0 23 49
0 23 51
0 23 53
0 23 66
0 23 84
0 24 6
0 24 23
0 24 25
0 24 29
0 24 31
0 24 35
0 24 38
0 24 40
0 24 51
0 24 58
0 24 59
0 24 62
0 24 117
0 25 1
0 25 7
0 25 8
0 25 15
0 25 17
0 25 18
0 25 20
0 25 24
0 25 27
0 25 29
0 25 30
0 25 40
0 25 41
0 25 49
0 25 52
0 25 53
0 25 58
0 26 0
0 26 7
0 26 20
0 26 24
0 26 25
0 26 27
0 26 38
0 26 39
0 26 45
0 26 46
0 26 49
0 26 52
0 26 57
0 26 60
0 27 1
0 27 6
0 27 10
0 27 13
0 27 15
0 27 18
0 27 32
0 27 40
0 27 41
0 27 48
0 27 49
0 27 51
0 27 53
0 27 60
0 28 0
0 28 2
0 28 8
0 28 9
0 28 12
0 28 14
0 28 16
0 28 17
0 28 19
0 28 20
0 28 21
0 28 26
0 28 29
0 28 32
0 28 33
0 28 42
0 28 46
0 28 47
0 28 48
0 28 50
0 28 53
0 28 56
0 28 57
0 28 60
0 28 107
0 29 0
0 29 2
0 29 3
0 29 6
0 29 11
0 29 13
0 29 20
0 29 22
0 29 23
0 29 24
0 29 29
0 29 34
0 29 40
0 29 45
0 29 46
0 29 47
0 29 50
0 29 51
0 29 57
0 29 103
0 29 114
0 29 125
0 30 5
0 30 7
0 30 9
0 30 14
0 30 15
0 30 18
0 30 33
0 30 34
0 30 39
0 30 43
0 30 50
0 30 51
0 30 53
0 30 54
0 30 59
0 30 64
0 30 79
0 30 122
0 30 123
0 31 1
0 31 7
0 31 9
0 31 12
0 31 18
0 31 22
0 31 24
0 31 26
0 31 28
0 31 37
0 31 41
0 31 42
0 31 49
0 31 50
0 31 53
0 31 54
0 31 56
0 31 79
0 31 83
0 31 108
0 31 119
0 32 4
0 32 6
0 32 11
0 32 12
0 32 17
0 32 19
0 32 20
0 32 25
0 32 26
0 32 30
0 32 31
0 32 35
0 32 38
0 32 41
0 32 42
0 32 44
0 32 46
0 32 47
0 32 54
0 32 56
0 32 59
0 32 71
0 33 1
0 33 2
0 33 6
0 33 9
0 33 11
0 33 15
0 33 20
0 33 21
0 33 24
0 33 31
0 33 34
0 33 36
0 33 43
0 33 44
0 33 46
0 33 47
0 33 50
0 33 52
0 33 54
0 33 57
0 33 58
0 33 127
0 34 0
0 34 5
0 34 7
0 34 8
0 34 13
0 34 15
0 34 17
0 34 25
0 34 26
0 34 27
0 34 29
0 34 31
0 34 36
0 34 53
0 34 57
0 34 92
0 34 102
0 35 3
0 35 5
0 35 6
0 35 8
0 35 21
0 35 27
0 35 30
0 35 33
0 35 34
0 35 35
0 35 39
0 35 44
0 35 50
0 35 53
0 35 57
0 35 58
0 35 122
0 36 0
0 36 3
0 36 4
0 36 10
0 36 14
0 36 22
0 36 34
0 36 37
0 36 39
0 36 41
0 36 42
0 36 44
0 36 52
0 36 53
0 36 59
0 36 60
0 36 65
0 36 71
0 36 79
0 37 1
0 37 4
0 37 9
0 37 10
0 37 13
0 37 24
0 37 42
0 37 49
0 37 54
0 37 55
0 37 57
0 37 59
0 37 104
0 37 105
0 38 3
0 38 4
0 38 6
0 38 14
0 38 15
0 38 16
0 38 18
0 38 26
0 38 34
0 38 40
0 38 44
0 38 49
0 38 54
0 38 70
0 38 74
0 38 87
0 38 89
0 39 2
0 39 3
0 39 7
0 39 8
0 39 11
0 39 12
0 39 20
0 39 23
0 39 25
0 39 27
0 39 30
0 39 39
0 39 50
0 39 58
0 39 59
0 39 60
0 39 63
0 39 113
0 40 3
0 40 7
0 40 9
0 40 10
0 40 15
0 40 17
0 40 24
0 40 30
0 40 38
0 40 41
0 40 42
0 40 45
0 40 46
0 40 47
0 40 54
0 40 56
0 40 75
0 41 0
0 41 2
0 41 6
0 41 9
0 41 15
0 41 19
0 41 20
0 41 27
0 41 32
0 41 33
0 41 34
0 41 36
0 41 38
0 41 39
0 41 47
0 41 56
0 42 0
0 42 4
0 42 5
0 42 6
0 42 7
0 42 11
0 42 23
0 42 28
0 42 34
0 42 35
0 42 48
0 42 51
0 42 56
0 42 83
0 42 94
0 43 1
0 43 3
0 43 5
0 43 6
0 43 8
0 43 15
0 43 16
0 43 17
0 43 18
0 43 19
0 43 22
0 43 26
0 43 28
0 43 29
0 43 44
0 43 50
0 43 51
0 43 57
0 44 2
0 44 6
0 44 9
0 44 11
0 44 12
0 44 16
0 44 20
0 44 21
0 44 26
0 44 32
0 44 34
0 44 38
0 44 42
0 44 45
0 44 46
0 44 52
0 44 87
0 44 117
0 44 123
0 45 0
0 45 4
0 45 5
0 45 7
0 45 10
0 45 12
0 45 14
0 45 24
0 45 25
0 45 26
0 45 27
0 45 31
0 45 32
0 45 34
0 45 37
0 45 38
0 45 39
0 45 40
0 45 41
0 45 43
0 45 57
0 46 8
0 46 11
0 46 18
0 46 28
0 46 29
0 46 30
0 46 40
0 46 45
0 46 50
0 46 60
0 46 100
0 46 101
0 47 1
0 47 3
0 47 8
0 47 10
0 47 14
0 47 15
0 47 18
0 47 19
0 47 21
0 47 22
0 47 23
0 47 28
0 47 32
0 47 39
0 47 46
0 47 53
0 47 54
0 47 56
0 47 57
0 47 118
0 48 4
0 48 5
0 48 6
0 48 8
0 48 9
0 48 17
0 48 18
0 48 24
0 48 27
0 48 28
0 48 29
0 48 31
0 48 34
0 48 35
0 48 37
0 48 41
0 48 44
0 48 47
0 48 48
0 48 50
0 48 52
0 48 55
0 48 57
0 48 58
0 48 108
0 49 0
0 49 4
0 49 5
0 49 6
0 49 9
0 49 10
0 49 11
0 49 14
0 49 20
0 49 22
0 49 24
0 49 26
0 49 29
0 49 31
0 49 36
0 49 38
0 49 40
0 49 42
0 49 43
0 49 44
0 49 45
0 49 54
0 49 56
0 50 2
0 50 5
0 50 6
0 50 8
0 50 9
0 50 12
0 50 16
0 50 18
0 50 23
0 50 27
0 50 28
0 50 32
0 50 38
0 50 40
0 50 41
0 50 44
0 50 45
0 50 50
0 50 51
0 50 95
0 50 117
0 50 123
0 50 125
0 51 11
0 51 24
0 51 26
0 51 28
0 51 33
0 51 34
0 51 36
0 51 37
0 51 41
0 51 42
0 51 44
0 51 46
0 51 47
0 51 49
0 51 52
0 51 57
0 51 60
0 51 110
0 52 2
0 52 12
0 52 13
0 52 21
0 52 29
0 52 34
0 52 35
0 52 37
0 52 45
0 52 46
0 52 51
0 52 53
0 52 55
0 52 74
0 52 102
0 53 3
0 53 5
0 53 7
0 53 12
0 53 15
0 53 17
0 53 18
0 53 21
0 53 22
0 53 23
0 53 29
0 53 30
0 53 35
0 53 36
0 53 38
0 53 40
0 53 45
0 53 46
0 53 49
0 53 50
0 53 57
0 53 60
0 53 69
0 54 0
0 54 7
0 54 11
0 54 14
0 54 15
0 54 22
0 54 23
0 54 27
0 54 29
0 54 34
0 54 46
0 54 53
0 54 57
0 54 59
0 54 89
0 55 0
0 55 15
0 55 17
0 55 20
0 55 23
0 55 24
0 55 30
0 55 33
0 55 34
0 55 35
0 55 36
0 55 41
0 55 42
0 55 43
0 55 51
0 55 55
0 55 56
0 55 58
0 55 59
0 55 65
0 55 77
0 55 113
0 56 0
0 56 1
0 56 5
0 56 10
0 56 15
0 56 17
0 56 21
0 56 23
0 56 24
0 56 29
0 56 35
0 56 38
0 56 39
0 56 41
0 56 45
0 56 47
0 56 48
0 56 49
0 56 50
0 56 51
0 56 60
0 56 72
0 56 78
0 56 100
0 57 7
0 57 18
0 57 38
0 57 40
0 57 44
0 57 47
0 57 49
0 57 51
0 57 54
0 57 59
0 57 62
0 58 11
0 58 12
0 58 19
0 58 24
0 58 26
0 58 27
0 58 32
0 58 36
0 58 38
0 58 41
0 58 47
0 58 53
0 58 58
0 58 111
0 59 4
0 59 7
0 59 9
0 59 10
0 59 17
0 59 18
0 59 24
0 59 27
0 59 32
0 59 34
0 59 36
0 59 39
0 59 47
0 59 48
0 59 49
0 59 50
0 59 52
0 59 54
0 59 55
0 59 57
0 59 58
0 59 60
0 59 118
0 59 119
0 60 0
0 60 1
0 60 3
0 60 4
0 60 5
0 60 7
0 60 9
0 60 10
0 60 11
0 60 19
0 60 22
0 60 25
0 60 32
0 60 35
0 60 36
0 60 40
0 60 48
0 60 49
0 60 50
0 60 51
0 60 53
0 60 55
0 60 57
0 60 58
0 60 110
0 61 2
0 61 4
0 61 10
0 61 18
0 61 21
0 61 22
0 61 34
0 61 36
0 61 37
0 61 42
0 61 43
0 61 48
0 61 53
0 61 54
0 61 56
0 61 59
0 61 60
0 61 84
0 61 92
0 61 120
0 62 6
0 62 13
0 62 15
0 62 27
0 62 28
0 62 29
0 62 31
0 62 39
0 62 40
0 62 41
0 62 43
0 62 51
0 62 55
0 62 56
0 62 100
0 63 3
0 63 5
0 63 10
0 63 11
0 63 13
0 63 15
0 63 16
0 63 20
0 63 22
0 63 23
0 63 26
0 63 33
0 63 34
0 63 39
0 63 45
0 63 47
0 63 48
0 63 49
0 63 53
0 63 54
0 63 59
0 63 60
0 63 64
0 63 93
0 63 96
0 63 101
0 64 1
0 64 2
0 64 9
0 64 10
0 64 14
0 64 17
0 64 26
0 64 37
0 64 40
0 64 42
0 64 43
0 64 45
0 64 50
0 64 51
0 64 52
0 64 53
0 64 59
0 64 60
0 64 78
0 65 0
0 65 3
0 65 7
0 65 8
0 65 11
0 65 27
0 65 28
0 65 32
0 65 33
0 65 34
0 65 41
0 65 43
0 65 44
0 65 48
0 65 54
0 65 58
0 65 60
0 65 70
0 65 111
0 66 0
0 66 2
0 66 3
0 66 14
0 66 15
0 66 16
0 66 19
0 66 22
0 66 23
0 66 30
0 66 32
0 66 36
0 66 40
0 66 41
0 66 51
0 67 5
0 67 8
0 67 9
0 67 10
0 67 13
0 67 16
0 67 20
0 67 27
0 67 32
0 67 34
0 67 41
0 67 42
0 67 50
0 67 52
0 67 57
0 67 59
0 67 106
0 67 114
0 68 3
0 68 6
0 68 14
0 68 15
0 68 16
0 68 20
0 68 24
0 68 25
0 68 26
0 68 28
0 68 30
0 68 32
0 68 34
0 68 36
0 68 40
0 68 46
0 68 48
0 68 52
0 68 53
0 68 54
0 68 56
0 68 60
0 68 117
0 69 0
0 69 8
0 69 12
0 69 18
0 69 20
0 69 27
0 69 33
0 69 36
0 69 42
0 69 43
0 69 45
0 69 46
0 69 50
0 69 51
0 69 56
0 69 58
0 69 60
0 69 92
0 69 112
0 70 1
0 70 6
0 70 9
0 70 10
0 70 12
0 70 19
0 70 26
0 70 29
0 70 34
0 70 36
0 70 37
0 70 38
0 70 43
0 70 49
0 70 54
0 70 55
0 70 56
0 70 58
0 70 60
0 71 2
0 71 6
0 71 7
0 71 10
0 71 12
0 71 13
0 71 16
0 71 20
0 71 21
0 71 27
0 71 30
0 71 37
0 71 44
0 71 45
0 71 47
0 71 48
0 71 50
0 71 51
0 71 53
0 71 58
0 71 86
0 71 92
0 71 101
0 72 3
0 72 6
0 72 15
0 72 18
0 72 22
0 72 30
0 72 31
0 72 33
0 72 34
0 72 35
0 72 37
0 72 43
0 72 44
0 72 57
0 72 58
0 72 127
0 73 7
0 73 8
0 73 9
0 73 13
0 73 14
0 73 20
0 73 22
0 73 24
0 73 27
0 73 46
0 73 51
0 73 55
0 73 56
0 73 100
0 74 6
0 74 9
0 74 11
0 74 15
0 74 17
0 74 18
0 74 20
0 74 24
0 74 26
0 74 28
0 74 35
0 74 38
0 74 44
0 74 45
0 74 46
0 74 48
0 74 50
0 74 51
0 74 52
0 74 57
0 74 77
0 74 83
0 74 121
0 75 8
0 75 17
0 75 19
0 75 24
0 75 27
0 75 28
0 75 32
0 75 46
0 75 47
0 75 49
0 75 52
0 75 55
0 75 58
0 76 0
0 76 14
0 76 23
0 76 26
0 76 28
0 76 30
0 76 40
0 76 42
0 76 44
0 76 46
0 76 48
0 76 53
0 76 74
0 76 90
0 77 0
0 77 3
0 77 11
0 77 17
0 77 25
0 77 26
0 77 27
0 77 28
0 77 31
0 77 39
0 77 41
0 77 44
0 77 49
0 77 50
0 77 73
0 77 95
0 77 103
0 77 118
0 78 3
0 78 7
0 78 24
0 78 26
0 78 29
0 78 32
0 78 33
0 78 35
0 78 42
0 78 51
0 78 53
0 78 59
0 78 92
0 78 106
0 79 1
0 79 4
0 79 7
0 79 11
0 79 16
0 79 35
0 79 36
0 79 40
0 79 41
0 79 47
0 79 49
0 79 82
0 79 111
0 79 120
0 80 2
0 80 3
0 80 7
0 80 11
0 80 13
0 80 17
0 80 19
0 80 29
0 80 33
0 80 34
0 80 37
0 80 38
0 80 45
0 80 50
0 80 51
0 80 52
0 80 53
0 80 57
0 80 58
0 80 72
0 80 97
0 80 99
0 81 1
0 81 8
0 81 11
0 81 13
0 81 15
0 81 16
0 81 21
0 81 23
0 81 24
0 81 26
0 81 28
0 81 30
0 81 34
0 81 38
0 81 39
0 81 42
0 81 43
0 81 44
0 81 51
0 81 69
0 81 115
0 82 30
0 82 69
0 82 73
0 82 77
0 82 83
0 82 89
0 82 94
0 82 107
0 82 109
0 82 119
0 83 4
0 83 20
0 83 29
0 83 65
0 83 86
0 83 96
0 83 108
0 84 17
0 84 39
0 84 83
0 84 90
0 84 96
0 84 98
0 84 102
0 84 119
0 84 123
0 84 127
0 85 4
0 85 36
0 85 62
0 85 69
0 85 91
0 85 94
0 85 96
0 85 102
0 85 106
0 86 3
0 86 8
0 86 34
0 86 65
0 86 74
0 86 84
0 86 95
0 86 119
0 86 125
0 87 41
0 87 63
0 87 81
0 87 84
0 87 105
0 87 125
0 88 19
0 88 47
0 88 49
0 88 78
0 88 85
0 88 89
0 88 115
0 89 5
0 89 37
0 89 55
0 89 69
0 89 93
0 89 102
0 89 105
0 89 108
0 89 110
0 89 116
0 90 13
0 90 28
0 90 40
0 90 64
0 90 66
0 90 70
0 90 86
0 90 118
0 91 0
0 91 16
0 91 64
0 91 65
0 91 67
0 91 68
0 91 70
0 91 93
0 91 101
0 91 105
0 91 110
0 91 124
0 92 59
0 92 65
0 92 73
0 92 79
0 92 100
0 93 1
0 93 40
0 93 45
0 93 68
0 93 73
0 93 78
0 93 83
0 93 84
0 93 123
0 93 127
0 94 8
0 94 10
0 94 22
0 94 30
0 94 40
0 94 41
0 94 71
0 94 73
0 94 84
0 94 92
0 94 94
0 94 98
0 94 116
0 94 123
0 95 27
0 95 77
0 95 104
0 95 107
0 95 113
0 95 117
0 95 125
0 96 14
0 96 64
0 96 100
0 96 107
0 96 116
0 96 124
0 97 14
0 97 15
0 97 27
0 97 40
0 97 61
0 97 63
0 97 65
0 97 73
0 97 74
0 97 83
0 97 85
0 97 88
0 97 98
0 97 110
0 98 15
0 98 45
0 98 64
0 98 71
0 98 73
0 98 87
0 98 89
0 98 124
0 99 63
0 99 73
0 99 86
0 99 100
0 99 117
0 99 127
0 100 10
0 100 71
0 100 82
0 100 90
0 100 98
0 100 99
0 100 102
0 100 108
0 100 123
0 100 127
0 101 57
0 101 76
0 101 79
0 101 87
0 101 101
0 101 116
0 101 118
0 101 124
0 102 19
0 102 61
0 102 67
0 102 71
0 102 74
0 102 78
0 102 88
0 102 98
0 102 105
0 102 112
0 102 124
0 103 64
0 103 71
0 103 94
0 103 107
0 103 109
0 103 110
0 103 114
0 104 5
0 104 8
0 104 42
0 104 64
0 104 107
0 104 111
0 105 16
0 105 48
0 105 81
0 105 83
0 105 84
0 105 116
0 105 118
0 105 127
0 106 40
0 106 47
0 106 72
0 106 87
0 106 91
0 106 103
0 106 125
0 107 11
0 107 12
0 107 22
0 107 44
0 107 45
0 107 49
0 107 72
0 107 76
0 107 83
0 107 103
0 107 110
0 107 121
0 107 124
0 108 38
0 108 60
0 108 79
0 108 94
0 108 96
0 108 109
0 108 127
0 109 78
0 109 94
0 109 95
0 109 109
0 109 110
0 110 2
0 110 33
0 110 66
0 110 67
0 110 68
0 110 95
0 110 106
0 110 107
0 110 110
0 110 117
0 110 120
0 111 1
0 111 21
0 111 38
0 111 65
0 111 69
0 111 70
0 111 93
0 111 104
0 111 108
0 111 110
0 112 38
0 112 46
0 112 71
0 112 77
0 112 78
0 112 79
0 112 93
0 112 94
0 112 107
0 112 110
0 112 116
0 113 36
0 113 65
0 113 70
0 113 77
0 113 85
0 113 90
0 114 37
0 114 76
0 114 82
0 114 84
0 114 86
0 114 108
0 114 112
0 114 113
0 115 30
0 115 46
0 115 65
0 115 70
0 115 74
0 115 77
0 115 84
0 116 2
0 116 16
0 116 59
0 116 66
0 116 79
0 116 89
0 116 103
0 116 106
0 116 107
0 116 125
0 117 20
0 117 35
0 117 55
0 117 76
0 117 83
0 117 108
0 117 109
0 117 111
0 117 124
0 117 125
0 117 127
0 118 31
0 118 42
0 118 52
0 118 61
0 118 63
0 118 69
0 118 85
0 118 86
0 118 107
0 118 108
0 118 116
0 118 118
0 118 120
0 119 11
0 119 49
0 119 103
0 119 113
0 120 28
0 120 63
0 120 65
0 120 70
0 120 79
0 120 100
0 121 5
0 121 8
0 121 28
0 121 36
0 121 53
0 121 89
0 121 93
0 121 94
0 121 95
0 121 122
0 122 4
0 122 10
0 122 17
0 122 33
0 122 39
0 122 50
0 122 63
0 122 64
0 122 70
0 122 85
0 122 93
0 122 99
0 122 103
0 122 126
0 123 10
0 123 32
0 123 46
0 123 73
0 123 76
0 123 78
0 123 96
0 123 107
0 123 118
0 123 119
0 123 120
0 124 72
0 124 93
0 124 107
0 124 108
0 124 115
0 124 124
0 125 63
0 125 92
0 125 96
0 125 107
0 125 111
0 125 123
0 126 60
0 126 82
0 126 86
0 126 101
0 126 102
0 126 104
0 127 33
0 127 37
0 127 67
0 127 69
0 127 71
0 127 72
0 127 73
0 127 95
0 127 105
0 127 117
0 128 21
0 128 40
0 128 48
0 128 78
0 128 86
0 128 110
0 129 7
0 129 118
0 130 13
0 130 19
0 130 53
0 130 55
0 130 91
0 130 100
0 130 105
0 130 109
0 130 121
0 130 122
0 130 127
0 131 21
0 131 34
0 131 56
0 131 79
0 131 105
0 131 106
0 132 34
0 132 59
0 132 71
0 132 91
0 132 115
0 133 69
0 133 120
0 134 79
0 134 81
0 134 98
0 134 113
0 134 121
0 134 124
0 135 35
0 135 86
0 135 93
0 135 96
0 135 100
0 135 103
0 135 112
0 135 118
0 136 40
0 136 101
0 136 113
0 136 121
0 136 127
0 137 31
0 137 43
0 137 73
0 137 93
0 137 109
0 137 111
0 138 10
0 138 43
0 138 59
0 138 60
0 138 65
0 138 95
0 138 98
0 138 99
0 138 114
0 139 45
0 139 50
0 139 61
0 139 66
0 139 83
0 139 87
0 139 103
0 139 107
0 140 15
0 140 61
0 140 73
0 140 78
0 140 99
0 140 111
0 141 35
0 141 38
0 141 88
0 141 90
0 141 91
0 141 97
0 141 108
0 141 120
0 141 121
0 141 125
0 142 39
0 142 80
0 142 82
0 142 84
0 142 95
0 142 110
0 142 116
0 142 123
0 143 32
0 143 39
0 143 70
0 143 86
0 143 102
0 143 105
0 143 107
0 143 112
0 143 114
0 143 127
0 144 97
0 144 98
0 144 102
0 144 103
0 144 104
0 144 115
0 144 125
0 145 16
0 145 27
0 145 35
0 145 40
0 145 82
0 145 95
0 145 98
0 145 114
0 145 123
0 145 127
0 146 13
0 146 39
0 146 52
0 146 66
0 146 67
0 146 75
0 146 78
0 146 90
0 146 92
0 146 103
0 146 120
0 146 121
0 146 125
0 147 20
0 147 34
0 147 49
0 147 75
0 147 76
0 147 83
0 147 84
0 147 85
0 147 106
0 147 112
0 147 123
0 147 125
0 148 62
0 148 66
0 148 86
0 148 94
0 148 100
0 148 110
0 149 67
0 149 80
0 149 89
0 149 90
0 149 94
0 149 109
0 149 112
0 149 115
0 149 125
0 150 12
0 150 18
0 150 31
0 150 42
0 150 68
0 150 78
0 150 95
0 150 96
0 150 98
0 150 105
0 150 106
0 150 109
0 150 112
0 150 116
0 151 16
0 151 52
0 151 61
0 151 66
0 151 79
0 151 84
0 151 89
0 151 91
0 151 96
0 151 97
0 151 108
0 151 109
0 151 112
0 151 127
0 152 71
0 152 72
0 152 78
0 152 85
0 152 89
0 152 95
0 152 96
0 152 103
0 152 109
0 152 114
0 152 124
0 153 67
0 153 71
0 153 73
0 153 75
0 153 76
0 153 85
0 153 91
0 153 97
0 153 117
0 153 123
0 154 45
0 154 60
0 154 90
0 154 94
0 154 95
0 154 96
0 154 97
0 154 105
0 154 113
0 154 127
0 155 43
0 155 66
0 155 68
0 155 75
0 155 86
0 155 110
0 155 113
0 155 118
0 156 19
0 156 40
0 156 48
0 156 64
0 156 72
0 156 81
0 156 83
0 156 99
0 156 106
0 156 121
0 156 125
0 157 3
0 157 11
0 157 19
0 157 29
0 157 65
0 157 71
0 157 89
0 157 99
0 157 100
0 157 118
0 157 124
0 158 23
0 158 72
0 158 73
0 158 89
0 158 100
0 158 106
0 158 110
0 158 120
0 159 63
0 159 68
0 159 69
0 159 81
0 159 94
0 159 98
0 159 122
0 159 123
0 160 22
0 160 62
0 160 78
0 160 83
0 160 88
0 160 94
0 160 106
0 160 107
0 160 112
0 161 63
0 161 70
0 161 81
0 161 91
0 161 96
0 161 120
0 161 125
0 162 14
0 162 68
0 162 72
0 162 78
0 162 94
0 162 96
0 162 109
0 162 121
0 162 123
0 163 75
0 163 76
0 163 80
0 163 103
0 163 108
0 163 110
0 163 115
0 163 118
0 163 119
0 163 121
0 163 127
0 164 33
0 164 56
0 164 63
0 164 73
0 164 83
0 164 86
0 164 96
0 164 104
0 164 116
0 164 117
0 164 119
0 164 126
0 165 64
0 165 65
0 165 70
0 165 95
0 165 97
0 165 102
0 165 107
0 165 117
0 165 125
0 166 14
0 166 33
0 166 57
0 166 78
0 166 86
0 166 101
0 166 112
0 166 115
0 166 124
0 167 80
0 167 81
0 167 83
0 167 85
0 167 100
0 167 101
0 167 120
0 168 61
0 168 65
0 168 70
0 168 85
0 168 90
0 168 118
0 168 123
0 169 82
0 169 83
0 170 85
0 170 87
0 170 93
0 170 98
0 170 121
0 171 32
0 171 53
0 171 57
0 171 61
0 171 63
0 171 77
0 171 78
0 171 80
0 171 92
0 171 116
0 171 121
0 171 123
0 171 125
0 172 20
0 172 43
0 172 63
0 172 76
0 172 78
0 172 90
0 172 97
0 172 118
0 172 123
0 172 124
1 0 3
1 0 4
1 0 6
1 0 10
1 0 11
1 0 13
1 0 18
1 0 21
1 0 24
1 0 25
1 0 29
1 0 34
1 0 39
1 0 40
1 0 41
1 0 43
1 0 53
1 0 59
1 0 62
1 0 63
1 0 65
1 0 67
1 0 68
1 0 69
1 0 70
1 0 72
1 0 82
1 0 93
1 0 104
1 0 145
1 1 1
1 1 8
1 1 10
1 1 15
1 1 16
1 1 20
1 1 21
1 1 22
1 1 26
1 1 27
1 1 44
1 1 47
1 1 50
1 1 55
1 1 56
1 1 58
1 1 59
1 1 67
1 1 102
1 2 8
1 2 11
1 2 16
1 2 20
1 2 25
1 2 29
1 2 30
1 2 39
1 2 42
1 2 47
1 2 48
1 2 49
1 2 51
1 2 52
1 2 55
1 2 57
1 2 58
1 2 60
1 2 62
1 2 64
1 2 68
1 2 69
1 2 76
1 2 78
1 2 96
1 3 3
1 3 5
1 3 7
1 3 11
1 3 13
1 3 20
1 3 21
1 3 22
1 3 26
1 3 31
1 3 34
1 3 37
1 3 39
1 3 41
1 3 42
1 3 43
1 3 49
1 3 50
1 3 58
1 3 61
1 3 63
1 3 65
1 3 68
1 3 72
1 3 113
1 3 134
1 4 1
1 4 4
1 4 9
1 4 14
1 4 18
1 4 19
1 4 21
1 4 23
1 4 26
1 4 31
1 4 32
1 4 37
1 4 39
1 4 40
1 4 43
1 4 46
1 4 55
1 4 56
1 4 60
1 4 63
1 4 64
1 4 67
1 4 72
1 4 103
1 4 125
1 4 150
1 5 0
1 5 5
1 5 8
1 5 12
1 5 13
1 5 18
1 5 26
1 5 30
1 5 33
1 5 41
1 5 45
1 5 50
1 5 53
1 5 59
1 5 61
1 5 62
1 5 65
1 5 66
1 5 72
1 5 76
1 5 117
1 5 121
1 6 0
1 6 3
1 6 7
1 6 13
1 6 19
1 6 22
1 6 24
1 6 25
1 6 28
1 6 29
1 6 30
1 6 32
1 6 33
1 6 43
1 6 46
1 6 47
1 6 48
1 6 51
1 6 53
1 6 54
1 6 55
1 6 57
1 6 60
1 6 61
1 6 69
1 6 71
1 6 72
1 6 141
1 6 150
1 7 0
1 7 7
1 7 8
1 7 13
1 7 22
1 7 24
1 7 26
1 7 30
1 7 32
1 7 34
1 7 36
1 7 40
1 7 41
1 7 46
1 7 50
1 7 59
1 7 65
1 7 70
1 7 85
1 7 86
1 7 102
1 8 1
1 8 2
1 8 4
1 8 5
1 8 9
1 8 10
1 8 12
1 8 17
1 8 18
1 8 20
1 8 24
1 8 25
1 8 29
1 8 34
1 8 36
1 8 41
1 8 42
1 8 43
1 8 46
1 8 47
1 8 51
1 8 53
1 8 62
1 8 66
1 8 69
1 8 72
1 8 94
1 9 0
1 9 7
1 9 8
1 9 11
1 9 14
1 9 16
1 9 20
1 9 21
1 9 23
1 9 30
1 9 31
1 9 37
1 9 39
1 9 45
1 9 46
1 9 51
1 9 56
1 9 57
1 9 59
1 9 61
1 9 65
1 9 71
1 9 81
1 9 87
1 9 93
1 10 0
1 10 1
1 10 2
1 10 8
1 10 14
1 10 18
1 10 21
1 10 24
1 10 25
1 10 31
1 10 33
1 10 37
1 10 48
1 10 49
1 10 55
1 10 59
1 10 66
1 10 69
1 10 71
1 10 79
1 10 121
1 10 146
1 11 5
1 11 6
1 11 15
1 11 17
1 11 20
1 11 26
1 11 27
1 11 29
1 11 35
1 11 37
1 11 39
1 11 44
1 11 51
1 11 52
1 11 54
1 11 56
1 11 57
1 11 68
1 11 70
1 11 71
1 11 78
1 11 99
1 11 104
1 12 3
1 12 4
1 12 6
1 12 8
1 12 18
1 12 23
1 12 27
1 12 30
1 12 31
1 12 32
1 12 37
1 12 39
1 12 41
1 12 48
1 12 50
1 12 52
1 12 56
1 12 59
1 12 66
1 12 69
1 12 71
1 12 72
1 12 153
1 13 9
1 13 15
1 13 17
1 13 19
1 13 20
1 13 21
1 13 24
1 13 25
1 13 31
1 13 32
1 13 33
1 13 44
1 13 46
1 13 47
1 13 48
1 13 52
1 13 54
1 13 56
1 13 67
1 13 137
1 14 2
1 14 7
1 14 9
1 14 14
1 14 15
1 14 19
1 14 22
1 14 25
1 14 29
1 14 36
1 14 46
1 14 63
1 14 64
1 14 65
1 14 67
1 14 68
1 14 72
1 14 75
1 14 101
1 14 115
1 15 3
1 15 4
1 15 8
1 15 14
1 15 24
1 15 32
1 15 35
1 15 37
1 15 38
1 15 42
1 15 43
1 15 47
1 15 52
1 15 53
1 15 55
1 15 56
1 15 57
1 15 68
1 15 69
1 15 95
1 15 106
1 15 117
1 16 3
1 16 7
1 16 20
1 16 23
1 16 38
1 16 40
1 16 41
1 16 42
1 16 43
1 16 50
1 16 57
1 16 69
1 16 71
1 16 88
1 17 1
1 17 3
1 17 6
1 17 7
1 17 11
1 17 14
1 17 22
1 17 23
1 17 25
1 17 35
1 17 41
1 17 43
1 17 49
1 17 56
1 17 60
1 17 61
1 17 62
1 17 63
1 17 67
1 17 68
1 17 93
1 17 104
1 17 131
1 18 0
1 18 2
1 18 6
1 18 9
1 18 12
1 18 16
1 18 20
1 18 27
1 18 30
1 18 35
1 18 42
1 18 44
1 18 46
1 18 47
1 18 54
1 18 59
1 18 60
1 18 63
1 18 67
1 18 68
1 18 70
1 18 117
1 18 141
1 18 143
1 19 4
1 19 6
1 19 7
1 19 9
1 19 12
1 19 30
1 19 31
1 19 32
1 19 34
1 19 36
1 19 40
1 19 43
1 19 47
1 19 54
1 19 70
1 19 72
1 19 118
1 20 1
1 20 2
1 20 5
1 20 10
1 20 16
1 20 19
1 20 23
1 20 25
1 20 26
1 20 27
1 20 34
1 20 40
1 20 44
1 20 46
1 20 47
1 20 49
1 20 52
1 20 55
1 20 63
1 20 64
1 20 68
1 20 72
1 20 100
1 20 116
1 20 137
1 21 3
1 21 7
1 21 8
1 21 10
1 21 12
1 21 14
1 21 17
1 21 18
1 21 21
1 21 23
1 21 25
1 21 27
1 21 29
1 21 43
1 21 44
1 21 45
1 21 47
1 21 50
1 21 52
1 21 53
1 21 57
1 21 58
1 21 61
1 21 63
1 21 68
1 21 73
1 22 2
1 22 3
1 22 8
1 22 10
1 22 11
1 22 12
1 22 13
1 22 16
1 22 17
1 22 21
1 22 35
1 22 39
1 22 42
1 22 51
1 22 55
1 22 57
1 22 58
1 22 61
1 22 67
1 22 69
1 22 71
1 22 72
1 22 77
1 22 81
1 22 85
1 22 118
1 22 149
1 23 0
1 23 6
1 23 9
1 23 11
1 23 18
1 23 20
1 23 21
1 23 22
1 23 23
1 23 24
1 23 29
1 23 30
1 23 35
1 23 43
1 23 45
1 23 47
1 23 48
1 23 49
1 23 50
1 23 51
1 23 52
1 23 55
1 23 58
1 23 69
1 23 102
1 23 108
1 23 112
1 24 0
1 24 1
1 24 3
1 24 11
1 24 13
1 24 14
1 24 23
1 24 24
1 24 28
1 24 29
1 24 30
1 24 49
1 24 52
1 24 53
1 24 56
1 24 59
1 24 62
1 24 63
1 24 66
1 24 68
1 24 69
1 24 87
1 24 122
1 24 124
1 24 139
1 24 152
1 25 1
1 25 11
1 25 13
1 25 15
1 25 16
1 25 18
1 25 21
1 25 23
1 25 28
1 25 34
1 25 37
1 25 38
1 25 39
1 25 40
1 25 43
1 25 47
1 25 51
1 25 52
1 25 56
1 25 62
1 25 65
1 25 67
1 25 69
1 25 81
1 26 0
1 26 5
1 26 6
1 26 11
1 26 12
1 26 22
1 26 27
1 26 33
1 26 34
1 26 48
1 26 49
1 26 50
1 26 60
1 26 61
1 26 62
1 26 66
1 26 67
1 26 69
1 26 101
1 26 115
1 27 2
1 27 8
1 27 14
1 27 15
1 27 19
1 27 26
1 27 34
1 27 36
1 27 37
1 27 38
1 27 43
1 27 45
1 27 46
1 27 52
1 27 54
1 27 55
1 27 56
1 27 58
1 27 66
1 27 69
1 27 75
1 27 110
1 28 0
1 28 2
1 28 5
1 28 7
1 28 9
1 28 10
1 28 15
1 28 16
1 28 20
1 28 23
1 28 24
1 28 27
1 28 30
1 28 31
1 28 33
1 28 35
1 28 36
1 28 38
1 28 42
1 28 44
1 28 45
1 28 48
1 28 51
1 28 59
1 28 70
1 28 72
1 28 145
1 29 3
1 29 13
1 29 19
1 29 24
1 29 27
1 29 33
1 29 35
1 29 36
1 29 37
1 29 38
1 29 39
1 29 43
1 29 49
1 29 52
1 29 54
1 29 56
1 29 63
1 29 69
1 29 72
1 29 77
1 29 79
1 29 112
1 29 139
1 30 1
1 30 2
1 30 7
1 30 12
1 30 17
1 30 21
1 30 36
1 30 39
1 30 40
1 30 44
1 30 46
1 30 50
1 30 53
1 30 57
1 30 67
1 30 71
1 30 97
1 30 125
1 31 0
1 31 4
1 31 6
1 31 8
1 31 9
1 31 11
1 31 12
1 31 15
1 31 18
1 31 21
1 31 24
1 31 25
1 31 26
1 31 30
1 31 31
1 31 35
1 31 40
1 31 45
1 31 51
1 31 58
1 31 59
1 31 60
1 31 61
1 31 62
1 31 66
1 31 67
1 31 69
1 31 71
1 31 73
1 31 89
1 31 90
1 31 95
1 31 105
1 31 108
1 31 116
1 31 122
1 31 147
1 32 5
1 32 10
1 32 16
1 32 29
1 32 30
1 32 33
1 32 34
1 32 35
1 32 43
1 32 44
1 32 45
1 32 47
1 32 50
1 32 52
1 32 53
1 32 56
1 32 58
1 32 59
1 32 61
1 32 63
1 32 71
1 32 72
1 32 73
1 32 104
1 33 6
1 33 8
1 33 9
1 33 13
1 33 15
1 33 19
1 33 21
1 33 24
1 33 27
1 33 29
1 33 30
1 33 35
1 33 48
1 33 61
1 33 71
1 33 126
1 33 138
1 34 0
1 34 3
1 34 4
1 34 5
1 34 10
1 34 19
1 34 22
1 34 23
1 34 36
1 34 37
1 34 38
1 34 42
1 34 44
1 34 52
1 34 54
1 34 59
1 34 60
1 34 71
1 34 133
1 35 3
1 35 5
1 35 10
1 35 11
1 35 13
1 35 14
1 35 15
1 35 17
1 35 19
1 35 25
1 35 27
1 35 30
1 35 32
1 35 33
1 35 35
1 35 36
1 35 41
1 35 45
1 35 50
1 35 55
1 35 57
1 35 65
1 35 72
1 35 102
1 35 123
1 35 149
1 36 1
1 36 2
1 36 7
1 36 9
1 36 11
1 36 16
1 36 18
1 36 37
1 36 42
1 36 49
1 36 52
1 36 53
1 36 56
1 36 58
1 36 63
1 36 65
1 36 72
1 36 76
1 36 120
1 36 135
1 37 0
1 37 3
1 37 4
1 37 6
1 37 7
1 37 8
1 37 13
1 37 14
1 37 34
1 37 36
1 37 39
1 37 42
1 37 46
1 37 55
1 37 58
1 37 59
1 37 68
1 37 69
1 38 7
1 38 11
1 38 13
1 38 16
1 38 20
1 38 26
1 38 27
1 38 38
1 38 44
1 38 47
1 38 49
1 38 53
1 38 56
1 38 58
1 38 63
1 38 65
1 38 72
1 38 108
1 38 126
1 38 131
1 38 136
1 38 153
1 39 0
1 39 4
1 39 11
1 39 14
1 39 18
1 39 21
1 39 23
1 39 34
1 39 38
1 39 41
1 39 45
1 39 48
1 39 49
1 39 54
1 39 57
1 39 59
1 39 60
1 39 65
1 39 71
1 39 78
1 39 105
1 39 145
1 40 4
1 40 5
1 40 12
1 40 15
1 40 16
1 40 17
1 40 18
1 40 26
1 40 29
1 40 39
1 40 42
1 40 43
1 40 46
1 40 47
1 40 57
1 40 65
1 40 66
1 40 78
1 41 1
1 41 2
1 41 9
1 41 13
1 41 22
1 41 33
1 41 38
1 41 43
1 41 46
1 41 48
1 41 49
1 41 50
1 41 51
1 41 52
1 41 55
1 41 58
1 41 62
1 41 63
1 41 65
1 41 66
1 41 69
1 41 111
1 42 6
1 42 10
1 42 11
1 42 12
1 42 16
1 42 19
1 42 22
1 42 27
1 42 31
1 42 44
1 42 46
1 42 48
1 42 49
1 42 50
1 42 59
1 42 68
1 42 69
1 42 72
1 42 73
1 42 75
1 42 112
1 42 134
1 42 150
1 43 2
1 43 8
1 43 18
1 43 21
1 43 28
1 43 30
1 43 33
1 43 34
1 43 35
1 43 40
1 43 41
1 43 45
1 43 46
1 43 47
1 43 56
1 43 57
1 43 67
1 43 72
1 43 109
1 43 116
1 43 118
1 43 136
1 43 137
1 44 0
1 44 2
1 44 3
1 44 4
1 44 8
1 44 10
1 44 12
1 44 20
1 44 23
1 44 24
1 44 25
1 44 29
1 44 33
1 44 35
1 44 37
1 44 38
1 44 39
1 44 41
1 44 46
1 44 47
1 44 52
1 44 55
1 44 59
1 44 61
1 44 62
1 44 65
1 44 66
1 44 68
1 44 69
1 44 71
1 44 109
1 44 115
1 44 146
1 45 2
1 45 7
1 45 8
1 45 9
1 45 12
1 45 16
1 45 19
1 45 24
1 45 27
1 45 28
1 45 30
1 45 32
1 45 36
1 45 39
1 45 40
1 45 41
1 45 42
1 45 50
1 45 52
1 45 54
1 45 55
1 45 58
1 45 62
1 45 67
1 45 80
1 45 82
1 45 90
1 45 121
1 45 127
1 45 153
1 46 6
1 46 13
1 46 14
1 46 16
1 46 17
1 46 19
1 46 20
1 46 21
1 46 22
1 46 23
1 46 26
1 46 28
1 46 31
1 46 39
1 46 48
1 46 49
1 46 51
1 46 52
1 46 54
1 46 55
1 46 56
1 46 58
1 46 59
1 46 63
1 46 66
1 46 88
1 47 7
1 47 8
1 47 9
1 47 10
1 47 12
1 47 13
1 47 14
1 47 20
1 47 21
1 47 24
1 47 34
1 47 35
1 47 36
1 47 43
1 47 46
1 47 48
1 47 49
1 47 51
1 47 52
1 47 55
1 47 57
1 47 58
1 47 64
1 47 99
1 47 103
1 47 115
1 47 126
1 48 2
1 48 3
1 48 4
1 48 5
1 48 6
1 48 7
1 48 8
1 48 10
1 48 11
1 48 21
1 48 23
1 48 27
1 48 30
1 48 33
1 48 35
1 48 41
1 48 42
1 48 44
1 48 45
1 48 50
1 48 52
1 48 53
1 48 58
1 48 59
1 48 61
1 48 66
1 48 67
1 48 70
1 48 146
1 48 151
1 49 5
1 49 7
1 49 8
1 49 12
1 49 14
1 49 15
1 49 18
1 49 20
1 49 29
1 49 35
1 49 42
1 49 43
1 49 44
1 49 45
1 49 51
1 49 62
1 49 66
1 49 67
1 49 68
1 49 70
1 49 108
1 50 0
1 50 8
1 50 13
1 50 22
1 50 24
1 50 29
1 50 30
1 50 31
1 50 32
1 50 33
1 50 37
1 50 39
1 50 43
1 50 44
1 50 47
1 50 56
1 50 58
1 50 71
1 50 72
1 50 80
1 50 81
1 50 95
1 50 153
1 51 0
1 51 2
1 51 5
1 51 7
1 51 12
1 51 17
1 51 24
1 51 26
1 51 28
1 51 29
1 51 38
1 51 43
1 51 47
1 51 48
1 51 49
1 51 50
1 51 52
1 51 54
1 51 56
1 51 58
1 51 62
1 51 64
1 51 70
1 51 71
1 51 72
1 51 85
1 51 106
1 51 120
1 51 130
1 52 0
1 52 9
1 52 17
1 52 19
1 52 21
1 52 30
1 52 32
1 52 33
1 52 35
1 52 44
1 52 49
1 52 50
1 52 52
1 52 54
1 52 62
1 52 65
1 52 95
1 53 2
1 53 3
1 53 4
1 53 5
1 53 7
1 53 12
1 53 13
1 53 22
1 53 24
1 53 26
1 53 28
1 53 29
1 53 32
1 53 33
1 53 35
1 53 39
1 53 41
1 53 52
1 53 53
1 53 55
1 53 58
1 53 69
1 53 104
1 53 115
1 53 120
1 53 132
1 53 151
1 54 1
1 54 7
1 54 8
1 54 9
1 54 19
1 54 21
1 54 23
1 54 26
1 54 27
1 54 30
1 54 31
1 54 34
1 54 37
1 54 38
1 54 43
1 54 46
1 54 51
1 54 52
1 54 55
1 54 61
1 54 63
1 54 64
1 54 65
1 54 66
1 54 69
1 54 70
1 54 145
1 55 0
1 55 3
1 55 11
1 55 13
1 55 17
1 55 22
1 55 31
1 55 34
1 55 49
1 55 50
1 55 51
1 55 54
1 55 57
1 55 58
1 55 60
1 55 67
1 55 103
1 55 109
1 56 14
1 56 17
1 56 21
1 56 26
1 56 29
1 56 32
1 56 35
1 56 40
1 56 41
1 56 49
1 56 52
1 56 53
1 56 57
1 56 66
1 56 68
1 56 70
1 56 72
1 56 80
1 56 131
1 57 0
1 57 3
1 57 4
1 57 5
1 57 7
1 57 14
1 57 21
1 57 22
1 57 23
1 57 26
1 57 27
1 57 28
1 57 33
1 57 40
1 57 43
1 57 44
1 57 45
1 57 49
1 57 52
1 57 57
1 57 61
1 57 66
1 57 68
1 57 99
1 57 149
1 58 6
1 58 7
1 58 10
1 58 14
1 58 15
1 58 17
1 58 18
1 58 20
1 58 22
1 58 28
1 58 30
1 58 31
1 58 35
1 58 37
1 58 38
1 58 40
1 58 41
1 58 47
1 58 56
1 58 57
1 58 62
1 58 64
1 58 67
1 58 110
1 59 0
1 59 2
1 59 9
1 59 11
1 59 14
1 59 16
1 59 27
1 59 28
1 59 29
1 59 33
1 59 34
1 59 35
1 59 36
1 59 38
1 59 39
1 59 43
1 59 46
1 59 47
1 59 48
1 59 53
1 59 56
1 59 57
1 59 58
1 59 60
1 59 66
1 59 74
1 59 93
1 60 4
1 60 6
1 60 14
1 60 20
1 60 22
1 60 24
1 60 25
1 60 34
1 60 41
1 60 42
1 60 43
1 60 46
1 60 47
1 60 51
1 60 53
1 60 57
1 60 58
1 60 59
1 60 60
1 60 65
1 60 68
1 60 78
1 60 80
1 60 116
1 61 1
1 61 24
1 61 27
1 61 49
1 61 64
1 61 76
1 61 82
1 61 93
1 61 96
1 61 98
1 61 104
1 61 105
1 61 106
1 61 126
1 61 131
1 61 133
1 61 138
1 62 46
1 62 55
1 62 68
1 62 77
1 62 82
1 62 88
1 62 100
1 62 106
1 62 120
1 62 124
1 62 129
1 62 146
1 62 147
1 63 9
1 63 43
1 63 45
1 63 48
1 63 81
1 63 86
1 63 87
1 63 91
1 63 100
1 63 102
1 63 105
1 63 111
1 63 114
1 63 115
1 63 117
1 63 119
1 63 121
1 63 133
1 63 137
1 63 143
1 64 7
1 64 76
1 64 88
1 64 94
1 64 103
1 64 113
1 64 114
1 64 119
1 64 125
1 64 126
1 65 43
1 65 73
1 65 101
1 65 127
1 65 134
1 66 94
1 66 99
1 66 124
1 66 146
1 67 84
1 67 92
1 67 97
1 67 101
1 67 122
1 67 125
1 67 132
1 68 0
1 68 16
1 68 62
1 68 88
1 68 95
1 68 96
1 68 108
1 68 112
1 68 124
1 68 131
1 68 138
1 69 42
1 69 60
1 69 69
1 69 72
1 69 83
1 69 87
1 69 92
1 69 101
1 69 104
1 69 107
1 69 119
1 69 121
1 69 127
1 69 132
1 69 134
1 69 139
1 70 76
1 70 80
1 70 117
1 70 125
1 70 151
1 71 77
1 71 83
1 71 85
1 71 86
1 71 90
1 71 92
1 71 109
1 71 117
1 71 136
1 72 71
1 72 83
1 72 92
1 72 93
1 72 95
1 72 124
1 72 129
1 72 138
1 72 149
1 72 152
1 73 13
1 73 32
1 73 39
1 73 69
1 73 74
1 73 82
1 73 91
1 73 95
1 73 106
1 73 118
1 73 125
1 73 131
1 73 133
1 73 140
1 73 151
1 74 1
1 74 69
1 74 114
1 74 133
1 74 142
1 74 143
1 75 25
1 75 84
1 75 104
1 75 118
1 75 122
1 75 126
1 75 130
1 75 131
1 75 134
1 75 140
1 75 145
1 75 147
1 75 148
1 76 81
1 76 82
1 76 85
1 76 86
1 76 87
1 76 88
1 76 95
1 76 99
1 76 102
1 76 105
1 76 116
1 76 123
1 76 126
1 76 134
1 76 135
1 76 147
1 77 0
1 77 1
1 77 2
1 77 71
1 77 75
1 77 77
1 77 86
1 77 89
1 77 97
1 77 105
1 77 106
1 77 107
1 77 115
1 77 124
1 77 126
1 77 132
1 77 137
1 77 139
1 78 9
1 78 15
1 78 30
1 78 41
1 78 53
1 78 82
1 78 86
1 78 89
1 78 97
1 78 105
1 78 114
1 78 118
1 78 124
1 78 140
1 78 141
1 78 153
1 79 53
1 79 81
1 79 83
1 79 103
1 79 106
1 79 107
1 79 108
1 79 112
1 79 116
1 79 127
1 79 139
1 80 63
1 80 77
1 80 79
1 80 88
1 80 92
1 80 103
1 80 105
1 80 107
1 80 142
1 80 148
1 80 149
1 80 150
1 80 152
1 81 9
1 81 26
1 81 34
1 81 50
1 81 51
1 81 58
1 81 71
1 81 73
1 81 79
1 81 88
1 81 92
1 81 93
1 81 94
1 81 98
1 81 99
1 81 100
1 81 119
1 81 120
1 81 131
1 81 140
1 81 141
1 82 17
1 82 50
1 82 76
1 82 78
1 82 101
1 82 120
1 82 121
1 82 126
1 82 127
1 82 142
1 82 147
1 83 5
1 83 23
1 83 25
1 83 59
1 83 69
1 83 88
1 83 91
1 83 102
1 83 129
1 83 142
1 83 148
1 84 13
1 84 35
1 84 43
1 84 68
1 84 89
1 84 98
1 84 101
1 84 115
1 84 116
1 84 118
1 84 141
1 85 8
1 85 47
1 85 94
1 85 114
1 85 115
1 85 119
1 85 138
1 85 140
1 85 142
1 85 147
1 86 28
1 86 76
1 86 79
1 86 80
1 86 82
1 86 85
1 86 93
1 86 100
1 86 103
1 86 143
1 86 147
1 86 148
1 87 1
1 87 28
1 87 61
1 87 75
1 87 82
1 87 98
1 87 106
1 87 117
1 87 120
1 87 131
1 87 151
1 88 42
1 88 60
1 88 74
1 88 88
1 88 104
1 88 119
1 88 133
1 88 138
1 88 142
1 88 145
1 89 62
1 89 63
1 89 77
1 89 92
1 89 95
1 89 102
1 89 103
1 89 108
1 89 119
1 89 133
1 89 139
1 89 140
1 89 151
1 90 11
1 90 32
1 90 38
1 90 64
1 90 82
1 90 91
1 90 103
1 90 111
1 90 113
1 90 117
1 90 124
1 90 134
1 90 136
1 90 147
1 90 151
1 91 45
1 91 68
1 91 80
1 91 91
1 91 92
1 91 118
1 91 120
1 91 137
1 91 151
1 92 76
1 92 107
1 92 118
1 92 123
1 92 128
1 92 130
1 92 137
1 92 144
1 93 58
1 93 88
1 93 89
1 93 96
1 93 102
1 93 109
1 93 116
1 93 117
1 93 145
1 93 146
1 93 150
1 94 36
1 94 38
1 94 48
1 94 58
1 94 65
1 94 86
1 94 97
1 94 98
1 94 107
1 94 110
1 94 117
1 94 124
1 94 127
1 94 136
1 94 141
1 94 150
1 95 35
1 95 57
1 95 78
1 95 84
1 95 90
1 95 108
1 95 128
1 95 129
1 95 133
1 95 136
1 95 140
1 95 142
1 96 56
1 96 68
1 96 74
1 96 83
1 96 87
1 96 93
1 96 100
1 96 120
1 96 138
1 96 139
1 97 78
1 97 79
1 97 86
1 97 130
1 97 152
1 97 153
1 98 23
1 98 40
1 98 55
1 98 72
1 98 74
1 98 82
1 98 96
1 98 106
1 98 119
1 98 123
1 98 124
1 98 139
1 99 73
1 99 99
1 99 126
1 99 127
1 99 137
1 99 139
1 99 140
1 99 141
1 99 143
1 99 146
1 99 147
1 100 16
1 100 21
1 100 32
1 100 82
1 100 83
1 100 91
1 100 104
1 100 108
1 100 119
1 100 120
1 100 137
1 100 138
1 101 3
1 101 78
1 101 89
1 101 93
1 101 98
1 101 100
1 101 101
1 101 105
1 101 106
1 101 112
1 101 119
1 101 121
1 101 134
1 101 135
1 101 136
1 102 71
1 102 78
1 102 89
1 102 94
1 102 107
1 102 109
1 102 122
1 102 147
1 103 37
1 103 77
1 103 89
1 103 100
1 103 111
1 103 126
1 103 127
1 103 129
1 103 135
1 103 137
1 104 35
1 104 63
1 104 72
1 104 74
1 104 80
1 104 91
1 104 92
1 104 95
1 104 113
1 104 123
1 104 126
1 104 131
1 104 132
1 104 139
1 104 151
1 105 11
1 105 67
1 105 75
1 105 76
1 105 95
1 105 98
1 105 109
1 105 110
1 105 141
1 105 143
1 105 144
1 106 27
1 106 39
1 106 66
1 106 99
1 106 112
1 106 116
1 106 119
1 106 133
1 106 135
1 106 136
1 107 14
1 107 15
1 107 29
1 107 36
1 107 76
1 107 80
1 107 108
1 107 116
1 107 120
1 107 123
1 107 140
1 107 148
1 107 150
1 108 18
1 108 27
1 108 32
1 108 77
1 108 88
1 108 95
1 108 97
1 108 117
1 108 120
1 108 122
1 108 125
1 108 143
1 108 153
1 109 1
1 109 37
1 109 80
1 109 81
1 109 82
1 109 98
1 109 99
1 109 104
1 109 106
1 109 108
1 109 116
1 109 119
1 109 140
1 109 150
1 110 16
1 110 78
1 110 81
1 110 84
1 110 113
1 110 127
1 110 144
1 110 145
1 110 148
1 111 67
1 111 74
1 111 76
1 111 77
1 111 107
1 111 116
1 111 123
1 111 130
1 111 133
1 111 138
1 111 140
1 111 141
1 112 31
1 112 36
1 112 52
1 112 74
1 112 78
1 112 80
1 112 81
1 112 84
1 112 91
1 112 93
1 112 107
1 112 140
1 112 142
1 113 23
1 113 50
1 113 82
1 113 93
1 113 102
1 113 135
1 113 137
1 113 145
1 114 27
1 114 64
1 114 93
1 114 105
1 114 125
1 114 150
1 115 5
1 115 29
1 115 85
1 115 89
1 115 95
1 115 96
1 115 107
1 115 108
1 115 119
1 115 135
1 115 141
1 115 153
1 116 13
1 116 45
1 116 50
1 116 78
1 116 80
1 116 81
1 116 83
1 116 86
1 116 90
1 116 95
1 116 111
1 116 120
1 116 121
1 116 124
1 116 127
1 116 143
1 116 151
1 117 48
1 117 53
1 117 60
1 117 96
1 117 97
1 117 103
1 117 113
1 117 116
1 117 123
1 117 124
1 117 138
1 117 139
1 117 142
1 117 149
1 117 152
1 118 5
1 118 76
1 118 89
1 118 92
1 118 135
1 119 5
1 119 44
1 119 55
1 119 57
1 119 77
1 119 83
1 119 105
1 119 110
1 119 117
1 119 132
1 119 136
1 119 145
1 119 148
1 120 54
1 120 59
1 120 62
1 120 67
1 120 78
1 120 84
1 120 114
1 120 122
1 120 124
1 120 134
1 120 143
1 120 144
1 121 26
1 121 28
1 121 77
1 121 95
1 121 113
1 121 114
1 121 119
1 121 122
1 121 127
1 121 131
1 121 142
1 121 151
1 122 4
1 122 33
1 122 74
1 122 75
1 122 82
1 122 92
1 122 110
1 122 112
1 122 118
1 122 119
1 122 123
1 122 124
1 122 131
1 122 134
1 122 137
1 122 141
1 122 144
1 122 148
1 122 151
1 123 71
1 123 102
1 123 130
1 123 144
1 124 3
1 124 34
1 124 58
1 124 63
1 124 74
1 124 75
1 124 81
1 124 83
1 124 95
1 124 100
1 124 120
1 124 122
1 124 124
1 124 128
1 124 150
1 125 6
1 125 8
1 125 20
1 125 77
1 125 79
1 125 93
1 125 119
1 125 126
1 125 130
1 125 143
1 126 69
1 126 75
1 126 83
1 126 86
1 126 89
1 126 99
1 126 102
1 126 103
1 126 104
1 126 113
1 126 125
1 126 130
1 126 134
1 126 149
1 126 152
1 127 71
1 127 74
1 127 75
1 127 76
1 127 97
1 127 98
1 127 101
1 127 109
1 127 123
1 127 125
1 127 138
1 127 143
1 127 151
2 0 1
2 0 2
2 0 3
2 0 8
2 0 9
2 0 11
2 0 12
2 0 14
2 0 17
2 0 20
2 0 24
2 0 25
2 0 28
2 0 31
2 0 33
2 0 45
2 0 49
2 0 52
2 0 56
2 0 58
2 0 102
2 1 0
2 1 3
2 1 7
2 1 11
2 1 32
2 1 40
2 1 42
2 1 46
2 1 47
2 1 48
2 1 51
2 1 54
2 1 58
2 1 82
2 2 0
2 2 3
2 2 4
2 2 6
2 2 12
2 2 15
2 2 16
2 2 18
2 2 25
2 2 31
2 2 40
2 2 41
2 2 44
2 2 48
2 2 52
2 2 53
2 2 56
2 2 65
2 2 93
2 2 114
2 2 125
2 3 6
2 3 8
2 3 14
2 3 24
2 3 27
2 3 34
2 3 35
2 3 37
2 3 38
2 3 51
2 3 55
2 3 57
2 3 104
2 3 108
2 3 120
2 4 2
2 4 4
2 4 6
2 4 12
2 4 13
2 4 18
2 4 19
2 4 20
2 4 24
2 4 25
2 4 28
2 4 31
2 4 36
2 4 39
2 4 41
2 4 47
2 4 53
2 4 54
2 4 59
2 4 60
2 4 70
2 5 7
2 5 8
2 5 13
2 5 14
2 5 15
2 5 21
2 5 23
2 5 26
2 5 37
2 5 38
2 5 43
2 5 46
2 5 47
2 5 50
2 5 52
2 5 53
2 5 54
2 5 60
2 5 90
2 6 1
2 6 4
2 6 7
2 6 9
2 6 10
2 6 11
2 6 12
2 6 16
2 6 22
2 6 27
2 6 29
2 6 31
2 6 33
2 6 37
2 6 45
2 6 48
2 6 49
2 6 54
2 6 55
2 6 58
2 6 59
2 6 60
2 6 62
2 7 0
2 7 3
2 7 9
2 7 11
2 7 19
2 7 21
2 7 23
2 7 24
2 7 28
2 7 35
2 7 46
2 7 47
2 7 49
2 7 50
2 7 56
2 7 57
2 7 58
2 7 60
2 7 80
2 8 0
2 8 6
2 8 8
2 8 13
2 8 14
2 8 17
2 8 22
2 8 24
2 8 30
2 8 39
2 8 41
2 8 48
2 8 50
2 8 51
2 8 52
2 8 53
2 8 55
2 8 59
2 8 106
2 8 118
2 9 5
2 9 8
2 9 9
2 9 13
2 9 15
2 9 19
2 9 20
2 9 23
2 9 24
2 9 25
2 9 26
2 9 29
2 9 34
2 9 35
2 9 39
2 9 41
2 9 48
2 9 49
2 9 51
2 9 53
2 9 60
2 10 0
2 10 1
2 10 7
2 10 9
2 10 14
2 10 15
2 10 16
2 10 20
2 10 30
2 10 32
2 10 39
2 10 40
2 10 46
2 10 48
2 10 50
2 10 54
2 10 56
2 10 74
2 10 75
2 10 121
2 10 122
2 11 5
2 11 7
2 11 8
2 11 9
2 11 11
2 11 12
2 11 13
2 11 14
2 11 18
2 11 23
2 11 27
2 11 28
2 11 29
2 11 31
2 11 39
2 11 47
2 11 50
2 11 56
2 11 59
2 11 111
2 12 7
2 12 12
2 12 14
2 12 15
2 12 19
2 12 20
2 12 22
2 12 23
2 12 24
2 12 30
2 12 40
2 12 41
2 12 43
2 12 46
2 12 49
2 12 51
2 12 54
2 12 58
2 12 59
2 12 60
2 12 91
2 12 106
2 13 6
2 13 9
2 13 10
2 13 15
2 13 17
2 13 18
2 13 21
2 13 24
2 13 35
2 13 37
2 13 39
2 13 49
2 13 51
2 13 55
2 13 64
2 14 3
2 14 4
2 14 6
2 14 11
2 14 16
2 14 23
2 14 26
2 14 28
2 14 37
2 14 38
2 14 43
2 14 55
2 14 56
2 14 57
2 14 58
2 14 68
2 14 76
2 14 114
2 15 2
2 15 5
2 15 10
2 15 11
2 15 12
2 15 14
2 15 15
2 15 18
2 15 24
2 15 27
2 15 41
2 15 43
2 15 46
2 15 51
2 15 54
2 15 55
2 15 56
2 15 58
2 15 71
2 15 108
2 16 6
2 16 7
2 16 10
2 16 11
2 16 14
2 16 16
2 16 21
2 16 32
2 16 33
2 16 40
2 16 45
2 16 51
2 16 55
2 16 64
2 16 68
2 16 71
2 17 7
2 17 12
2 17 16
2 17 18
2 17 19
2 17 24
2 17 28
2 17 31
2 17 32
2 17 33
2 17 34
2 17 39
2 17 40
2 17 45
2 17 55
2 17 56
2 17 57
2 17 71
2 17 85
2 17 95
2 17 115
2 18 0
2 18 6
2 18 9
2 18 10
2 18 12
2 18 14
2 18 15
2 18 24
2 18 28
2 18 29
2 18 33
2 18 40
2 18 41
2 18 48
2 18 55
2 18 56
2 18 60
2 18 92
2 18 116
2 19 2
2 19 3
2 19 4
2 19 12
2 19 14
2 19 22
2 19 23
2 19 29
2 19 34
2 19 37
2 19 41
2 19 43
2 19 44
2 19 52
2 19 56
2 19 57
2 19 81
2 19 99
2 19 101
2 20 6
2 20 7
2 20 14
2 20 16
2 20 19
2 20 20
2 20 23
2 20 28
2 20 29
2 20 34
2 20 37
2 20 38
2 20 40
2 20 42
2 20 49
2 20 59
2 20 64
2 20 85
2 21 2
2 21 12
2 21 13
2 21 21
2 21 25
2 21 29
2 21 38
2 21 40
2 21 42
2 21 44
2 21 45
2 21 46
2 21 48
2 21 49
2 21 51
2 21 52
2 21 81
2 21 92
2 21 103
2 22 2
2 22 4
2 22 5
2 22 6
2 22 9
2 22 13
2 22 19
2 22 21
2 22 23
2 22 30
2 22 31
2 22 42
2 22 46
2 22 50
2 22 54
2 22 58
2 22 74
2 22 82
2 22 92
2 22 119
2 23 0
2 23 6
2 23 9
2 23 18
2 23 21
2 23 22
2 23 24
2 23 25
2 23 31
2 23 32
2 23 34
2 23 36
2 23 40
2 23 41
2 23 45
2 23 47
2 23 57
2 23 78
2 23 112
2 24 5
2 24 8
2 24 9
2 24 13
2 24 16
2 24 18
2 24 19
2 24 24
2 24 25
2 24 35
2 24 40
2 24 41
2 24 46
2 24 55
2 24 56
2 24 110
2 25 4
2 25 7
2 25 11
2 25 17
2 25 21
2 25 22
2 25 23
2 25 28
2 25 33
2 25 37
2 25 38
2 25 39
2 25 45
2 25 47
2 25 49
2 25 52
2 25 54
2 25 57
2 25 59
2 25 115
2 26 2
2 26 4
2 26 10
2 26 14
2 26 16
2 26 20
2 26 31
2 26 37
2 26 43
2 26 45
2 26 57
2 26 70
2 26 92
2 26 110
2 27 1
2 27 2
2 27 5
2 27 6
2 27 9
2 27 14
2 27 15
2 27 17
2 27 25
2 27 26
2 27 27
2 27 35
2 27 40
2 27 43
2 27 44
2 27 58
2 27 59
2 27 60
2 27 82
2 27 96
2 28 0
2 28 6
2 28 7
2 28 13
2 28 14
2 28 15
2 28 19
2 28 20
2 28 22
2 28 23
2 28 24
2 28 25
2 28 30
2 28 33
2 28 37
2 28 39
2 28 41
2 28 42
2 28 49
2 28 58
2 28 79
2 28 104
2 29 0
2 29 2
2 29 4
2 29 15
2 29 18
2 29 20
2 29 31
2 29 34
2 29 37
2 29 41
2 29 42
2 29 43
2 29 44
2 29 45
2 29 49
2 29 51
2 29 58
2 29 59
2 29 85
2 30 1
2 30 4
2 30 7
2 30 12
2 30 16
2 30 19
2 30 21
2 30 23
2 30 27
2 30 29
2 30 34
2 30 36
2 30 42
2 30 45
2 30 46
2 30 55
2 30 59
2 30 60
2 30 94
2 31 7
2 31 8
2 31 9
2 31 10
2 31 12
2 31 14
2 31 17
2 31 20
2 31 28
2 31 31
2 31 36
2 31 43
2 31 44
2 31 46
2 31 49
2 31 57
2 32 0
2 32 6
2 32 9
2 32 10
2 32 17
2 32 21
2 32 30
2 32 33
2 32 34
2 32 37
2 32 44
2 32 47
2 32 49
2 32 52
2 32 55
2 32 60
2 32 99
2 32 100
2 32 112
2 33 3
2 33 7
2 33 9
2 33 15
2 33 18
2 33 20
2 33 23
2 33 32
2 33 37
2 33 38
2 33 45
2 33 56
2 33 57
2 33 59
2 33 97
2 33 104
2 34 7
2 34 16
2 34 18
2 34 19
2 34 20
2 34 26
2 34 30
2 34 31
2 34 33
2 34 36
2 34 40
2 34 41
2 34 42
2 34 44
2 34 46
2 34 53
2 34 55
2 34 56
2 34 58
2 34 77
2 34 97
2 34 103
2 35 0
2 35 2
2 35 3
2 35 5
2 35 23
2 35 26
2 35 27
2 35 34
2 35 36
2 35 37
2 35 39
2 35 40
2 35 48
2 35 52
2 35 56
2 35 57
2 35 60
2 35 86
2 35 87
2 36 0
2 36 5
2 36 8
2 36 12
2 36 17
2 36 20
2 36 24
2 36 29
2 36 41
2 36 45
2 36 46
2 36 55
2 36 63
2 36 69
2 37 3
2 37 4
2 37 5
2 37 8
2 37 11
2 37 17
2 37 21
2 37 25
2 37 26
2 37 31
2 37 33
2 37 34
2 37 40
2 37 42
2 37 47
2 37 51
2 37 58
2 37 59
2 37 60
2 37 74
2 37 100
2 38 0
2 38 3
2 38 4
2 38 7
2 38 8
2 38 9
2 38 12
2 38 15
2 38 16
2 38 19
2 38 22
2 38 25
2 38 27
2 38 28
2 38 29
2 38 31
2 38 45
2 38 46
2 38 47
2 38 48
2 38 49
2 38 50
2 38 54
2 38 55
2 38 58
2 38 96
2 39 2
2 39 6
2 39 8
2 39 9
2 39 10
2 39 11
2 39 13
2 39 14
2 39 15
2 39 17
2 39 21
2 39 22
2 39 23
2 39 28
2 39 39
2 39 55
2 39 77
2 39 103
2 40 0
2 40 1
2 40 10
2 40 15
2 40 21
2 40 22
2 40 24
2 40 29
2 40 35
2 40 37
2 40 43
2 40 44
2 40 46
2 40 48
2 40 50
2 40 58
2 40 84
2 40 88
2 41 0
2 41 3
2 41 5
2 41 9
2 41 12
2 41 23
2 41 24
2 41 26
2 41 27
2 41 33
2 41 36
2 41 37
2 41 39
2 41 43
2 41 51
2 41 58
2 41 60
2 41 94
2 41 111
2 42 3
2 42 6
2 42 7
2 42 8
2 42 18
2 42 21
2 42 28
2 42 38
2 42 51
2 42 53
2 42 56
2 42 105
2 43 7
2 43 8
2 43 13
2 43 16
2 43 18
2 43 21
2 43 22
2 43 26
2 43 27
2 43 31
2 43 36
2 43 38
2 43 42
2 43 48
2 43 49
2 43 50
2 43 53
2 43 58
2 43 61
2 43 70
2 43 116
2 44 2
2 44 4
2 44 5
2 44 11
2 44 12
2 44 22
2 44 24
2 44 25
2 44 26
2 44 28
2 44 33
2 44 34
2 44 37
2 44 41
2 44 44
2 44 47
2 44 49
2 44 56
2 44 57
2 44 58
2 44 60
2 44 102
2 44 122
2 44 123
2 45 0
2 45 2
2 45 14
2 45 17
2 45 18
2 45 20
2 45 23
2 45 33
2 45 35
2 45 38
2 45 40
2 45 47
2 45 54
2 46 5
2 46 7
2 46 10
2 46 18
2 46 20
2 46 21
2 46 26
2 46 28
2 46 29
2 46 31
2 46 33
2 46 35
2 46 37
2 46 38
2 46 39
2 46 41
2 46 42
2 46 46
2 46 48
2 46 50
2 46 53
2 46 84
2 47 0
2 47 1
2 47 4
2 47 10
2 47 14
2 47 20
2 47 22
2 47 23
2 47 24
2 47 27
2 47 28
2 47 32
2 47 40
2 47 44
2 47 45
2 47 47
2 47 49
2 47 50
2 47 52
2 47 64
2 47 86
2 47 114
2 48 3
2 48 10
2 48 11
2 48 12
2 48 13
2 48 14
2 48 19
2 48 25
2 48 26
2 48 43
2 48 44
2 48 50
2 48 51
2 48 88
2 48 104
2 49 3
2 49 5
2 49 7
2 49 13
2 49 16
2 49 18
2 49 21
2 49 26
2 49 35
2 49 37
2 49 40
2 49 60
2 50 2
2 50 4
2 50 6
2 50 12
2 50 13
2 50 16
2 50 17
2 50 18
2 50 19
2 50 38
2 50 43
2 50 44
2 50 52
2 50 53
2 50 54
2 50 55
2 50 58
2 50 60
2 51 5
2 51 6
2 51 7
2 51 10
2 51 12
2 51 14
2 51 15
2 51 16
2 51 24
2 51 29
2 51 36
2 51 39
2 51 42
2 51 53
2 51 54
2 51 57
2 51 76
2 51 83
2 52 5
2 52 8
2 52 12
2 52 16
2 52 17
2 52 20
2 52 33
2 52 34
2 52 36
2 52 45
2 52 46
2 52 47
2 52 49
2 52 51
2 52 53
2 52 59
2 52 87
2 52 91
2 52 94
2 52 103
2 53 1
2 53 2
2 53 3
2 53 7
2 53 14
2 53 19
2 53 44
2 53 45
2 53 46
2 53 52
2 53 53
2 53 57
2 53 127
2 54 4
2 54 7
2 54 8
2 54 10
2 54 15
2 54 18
2 54 20
2 54 21
2 54 23
2 54 30
2 54 31
2 54 32
2 54 33
2 54 38
2 54 41
2 54 44
2 54 45
2 54 46
2 54 47
2 54 56
2 54 57
2 54 62
2 55 1
2 55 5
2 55 7
2 55 10
2 55 15
2 55 23
2 55 24
2 55 31
2 55 36
2 55 37
2 55 40
2 55 41
2 55 42
2 55 43
2 55 46
2 55 50
2 55 52
2 55 66
2 55 81
2 55 104
2 55 110
2 55 115
2 55 118
2 56 6
2 56 9
2 56 12
2 56 24
2 56 27
2 56 33
2 56 40
2 56 41
2 56 42
2 56 46
2 56 52
2 56 54
2 56 55
2 56 56
2 56 58
2 56 60
2 56 106
2 57 5
2 57 12
2 57 14
2 57 15
2 57 18
2 57 20
2 57 27
2 57 30
2 57 32
2 57 37
2 57 38
2 57 41
2 57 42
2 57 45
2 57 48
2 57 56
2 57 57
2 57 72
2 57 88
2 57 117
2 58 4
2 58 10
2 58 11
2 58 17
2 58 18
2 58 19
2 58 21
2 58 26
2 58 29
2 58 33
2 58 35
2 58 36
2 58 40
2 58 43
2 58 49
2 58 56
2 58 75
2 58 85
2 59 9
2 59 11
2 59 13
2 59 15
2 59 16
2 59 22
2 59 23
2 59 27
2 59 34
2 59 37
2 59 46
2 59 47
2 59 53
2 59 54
2 59 59
2 59 61
2 59 116
2 59 123
2 60 2
2 60 5
2 60 9
2 60 15
2 60 20
2 60 27
2 60 36
2 60 38
2 60 43
2 60 44
2 60 45
2 60 50
2 60 51
2 60 55
2 60 56
2 60 58
2 60 62
2 60 82
2 60 104
2 60 112
2 60 114
2 60 116
2 60 117
2 61 5
2 61 10
2 61 11
2 61 14
2 61 16
2 61 17
2 61 18
2 61 21
2 61 22
2 61 23
2 61 29
2 61 33
2 61 36
2 61 43
2 61 46
2 61 49
2 61 54
2 61 58
2 61 69
2 61 74
2 61 108
2 61 114
2 61 122
2 62 4
2 62 5
2 62 7
2 62 15
2 62 16
2 62 17
2 62 20
2 62 32
2 62 33
2 62 35
2 62 37
2 62 41
2 62 43
2 62 45
2 62 58
2 62 59
2 62 60
2 62 96
2 63 9
2 63 11
2 63 13
2 63 14
2 63 16
2 63 17
2 63 24
2 63 31
2 63 37
2 63 43
2 63 48
2 63 51
2 63 56
2 63 60
2 63 92
2 64 9
2 64 11
2 64 15
2 64 22
2 64 24
2 64 32
2 64 35
2 64 36
2 64 37
2 64 42
2 64 45
2 64 57
2 64 114
2 65 0
2 65 2
2 65 4
2 65 13
2 65 16
2 65 17
2 65 19
2 65 27
2 65 30
2 65 33
2 65 38
2 65 39
2 65 41
2 65 42
2 65 43
2 65 45
2 65 47
2 65 51
2 65 53
2 65 58
2 65 59
2 65 103
2 65 109
2 66 4
2 66 20
2 66 22
2 66 25
2 66 28
2 66 32
2 66 33
2 66 43
2 66 46
2 66 47
2 66 52
2 66 55
2 66 58
2 67 0
2 67 2
2 67 8
2 67 9
2 67 10
2 67 16
2 67 17
2 67 19
2 67 31
2 67 34
2 67 35
2 67 39
2 67 40
2 67 43
2 67 48
2 67 50
2 67 57
2 67 59
2 67 60
2 67 95
2 67 117
2 68 4
2 68 5
2 68 6
2 68 9
2 68 10
2 68 19
2 68 21
2 68 22
2 68 23
2 68 25
2 68 27
2 68 29
2 68 33
2 68 40
2 68 41
2 68 43
2 68 49
2 68 50
2 68 51
2 68 59
2 68 60
2 68 100
2 68 114
2 68 125
2 69 2
2 69 3
2 69 7
2 69 11
2 69 14
2 69 21
2 69 22
2 69 29
2 69 33
2 69 34
2 69 36
2 69 39
2 69 40
2 69 42
2 69 48
2 69 57
2 69 60
2 69 65
2 69 72
2 69 73
2 69 96
2 69 104
2 69 127
2 70 0
2 70 3
2 70 8
2 70 10
2 70 11
2 70 15
2 70 24
2 70 29
2 70 31
2 70 32
2 70 34
2 70 38
2 70 47
2 70 49
2 70 50
2 70 54
2 70 57
2 70 59
2 70 87
2 71 13
2 71 19
2 71 22
2 71 23
2 71 24
2 71 31
2 71 34
2 71 36
2 71 37
2 71 39
2 71 43
2 71 45
2 71 49
2 71 53
2 71 57
2 71 73
2 71 81
2 71 107
2 72 1
2 72 5
2 72 6
2 72 7
2 72 12
2 72 13
2 72 15
2 72 16
2 72 24
2 72 28
2 72 29
2 72 33
2 72 34
2 72 36
2 72 37
2 72 41
2 72 54
2 72 55
2 72 108
2 73 18
2 73 68
2 73 71
2 73 84
2 73 87
2 73 96
2 73 98
2 73 104
2 74 0
2 74 3
2 74 36
2 74 65
2 74 70
2 74 84
2 74 89
2 74 93
2 74 95
2 74 97
2 74 102
2 74 121
2 75 14
2 75 21
2 75 31
2 75 62
2 75 67
2 75 70
2 75 71
2 75 85
2 75 91
2 75 95
2 75 98
2 75 102
2 75 112
2 75 114
2 76 24
2 76 69
2 76 73
2 76 76
2 76 77
2 76 80
2 76 95
2 76 120
2 77 19
2 77 29
2 77 32
2 77 44
2 77 77
2 77 80
2 77 86
2 77 102
2 77 105
2 77 111
2 77 121
2 77 127
2 78 9
2 78 22
2 78 31
2 78 36
2 78 62
2 78 68
2 78 93
2 78 99
2 78 112
2 78 117
2 78 120
2 78 125
2 79 13
2 79 75
2 79 79
2 79 80
2 79 83
2 79 116
2 79 123
2 80 47
2 80 65
2 80 68
2 80 86
2 80 92
2 80 94
2 80 100
2 80 101
2 80 104
2 80 114
2 80 116
2 80 118
2 81 1
2 81 18
2 81 41
2 81 48
2 81 67
2 81 76
2 81 83
2 81 91
2 81 92
2 81 106
2 81 113
2 82 48
2 82 108
2 82 109
2 82 112
2 82 115
2 83 0
2 83 53
2 83 62
2 83 67
2 83 72
2 83 74
2 83 76
2 83 78
2 83 83
2 83 85
2 83 91
2 83 92
2 83 107
2 83 111
2 83 113
2 84 16
2 84 24
2 84 26
2 84 66
2 84 102
2 84 107
2 84 115
2 84 125
2 85 11
2 85 69
2 85 82
2 85 86
2 85 88
2 85 102
2 86 7
2 86 20
2 86 38
2 86 50
2 86 60
2 86 80
2 86 116
2 87 10
2 87 21
2 87 35
2 87 39
2 87 44
2 87 58
2 87 65
2 87 71
2 87 80
2 87 89
2 87 101
2 87 102
2 87 111
2 88 22
2 88 23
2 88 66
2 88 67
2 88 69
2 88 74
2 88 75
2 88 82
2 88 86
2 88 106
2 88 109
2 88 112
2 88 113
2 88 122
2 88 126
2 89 62
2 89 66
2 89 67
2 89 70
2 89 83
2 89 99
2 89 104
2 89 127
2 90 47
2 90 53
2 90 66
2 90 98
2 90 103
2 90 123
2 91 2
2 91 6
2 91 64
2 91 78
2 91 79
2 91 87
2 91 91
2 91 97
2 91 98
2 91 106
2 91 109
2 91 111
2 91 121
2 92 13
2 92 78
2 92 81
2 92 84
2 92 88
2 92 100
2 92 102
2 92 105
2 92 119
2 92 121
2 93 1
2 93 15
2 93 19
2 93 20
2 93 21
2 93 39
2 93 65
2 93 73
2 93 78
2 93 96
2 93 102
2 93 106
2 93 116
2 93 118
2 93 123
2 94 10
2 94 31
2 94 49
2 94 57
2 94 63
2 94 69
2 94 84
2 94 87
2 94 90
2 94 113
2 94 114
2 94 117
2 94 120
2 94 121
2 94 125
2 94 127
2 95 9
2 95 30
2 95 51
2 95 59
2 95 61
2 95 68
2 95 75
2 95 83
2 95 86
2 95 124
2 96 46
2 96 84
2 96 85
2 96 88
2 96 89
2 96 96
2 96 127
2 97 73
2 97 87
2 97 88
2 97 94
2 97 120
2 98 85
2 98 90
2 98 93
2 98 100
2 98 102
2 98 103
2 98 111
2 98 121
2 99 13
2 99 27
2 99 51
2 99 82
2 99 83
2 99 89
2 99 97
2 99 98
2 99 105
2 99 124
2 100 6
2 100 8
2 100 23
2 100 69
2 100 82
2 100 91
2 100 99
2 100 105
2 100 116
2 100 117
2 100 123
2 101 9
2 101 80
2 101 85
2 101 90
2 101 96
2 101 97
2 101 99
2 101 102
2 101 107
2 101 112
2 101 114
2 101 115
2 102 5
2 102 10
2 102 16
2 102 35
2 102 50
2 102 58
2 102 67
2 102 68
2 102 70
2 102 123
2 102 124
2 103 9
2 103 48
2 103 66
2 103 69
2 103 87
2 103 88
2 103 95
2 103 112
2 103 113
2 103 119
2 103 126
2 104 23
2 104 41
2 104 52
2 104 84
2 104 98
2 104 108
2 104 112
2 105 28
2 105 32
2 105 63
2 105 64
2 105 71
2 105 73
2 105 80
2 105 88
2 105 94
2 105 110
2 105 112
2 105 115
2 105 116
2 106 16
2 106 45
2 106 61
2 106 72
2 106 77
2 106 84
2 106 86
2 106 87
2 106 98
2 106 101
2 106 112
2 106 114
2 106 115
2 107 24
2 107 25
2 107 65
2 107 71
2 107 75
2 107 114
2 107 117
2 108 64
2 108 94
2 108 105
2 108 125
2 109 44
2 109 66
2 109 84
2 109 89
2 109 90
2 109 101
2 109 104
2 109 107
2 109 112
2 109 125
2 110 9
2 110 61
2 110 66
2 110 69
2 110 96
2 110 109
2 110 113
2 111 10
2 111 17
2 111 58
2 111 64
2 111 74
2 111 76
2 111 80
2 111 84
2 111 87
2 111 88
2 111 96
2 111 101
2 111 102
2 111 126
2 112 53
2 112 60
2 112 66
2 112 67
2 112 91
2 112 103
2 112 105
2 112 107
2 112 110
2 112 112
2 112 116
2 112 117
2 112 122
2 113 47
2 113 66
2 113 68
2 113 73
2 113 75
2 113 89
2 113 92
2 113 105
2 113 116
2 114 2
2 114 33
2 114 72
2 114 75
2 114 83
2 114 112
2 115 7
2 115 34
2 115 81
2 115 86
2 115 90
2 115 95
2 115 115
2 115 117
2 115 123
2 115 127
2 116 13
2 116 18
2 116 35
2 116 81
2 116 82
2 116 92
2 116 93
2 116 97
2 116 98
2 116 100
2 116 105
2 116 110
2 116 123
2 116 124
2 117 11
2 117 80
2 117 85
2 117 95
2 117 108
2 117 110
2 117 119
2 117 122
2 117 125
2 118 0
2 118 10
2 118 65
2 118 66
2 118 70
2 118 73
2 118 82
2 118 87
2 118 110
2 118 126
2 119 2
2 119 20
2 119 22
2 119 54
2 119 70
2 119 81
2 119 110
2 120 22
2 120 51
2 120 75
2 120 93
2 120 107
2 120 122
2 120 124
2 121 79
2 121 85
2 121 87
2 121 102
2 121 107
2 121 110
2 121 114
2 121 120
2 121 123
2 122 27
2 122 60
2 122 65
2 122 66
2 122 69
2 122 70
2 122 100
2 123 76
2 123 81
2 123 92
2 123 103
2 123 116
2 123 123
2 124 11
2 124 20
2 124 72
2 124 74
2 124 76
2 124 78
2 124 79
2 124 93
2 124 110
2 124 123
2 125 50
2 125 52
2 125 83
2 125 88
2 125 93
2 125 104
2 125 120
2 125 121
2 126 64
2 126 68
2 126 75
2 126 78
2 126 79
2 126 96
2 126 102
2 126 109
2 126 116
2 126 123
2 126 126
2 127 1
2 127 8
2 127 18
2 127 77
2 127 80
2 127 83
2 127 89
2 127 100
2 127 106
2 127 116
2 127 118
2 127 119
2 127 120
2 127 124
2 128 5
2 128 68
2 128 76
2 128 81
2 128 83
2 128 109
2 128 124
2 129 64
2 129 69
2 129 70
2 129 76
2 129 80
2 129 82
2 129 92
2 129 109
2 129 116
2 129 121
2 130 5
2 130 74
2 130 77
2 130 104
2 130 113
2 130 120
2 131 23
2 131 50
2 131 61
2 131 62
2 131 68
2 131 74
2 131 75
2 131 83
2 131 117
2 131 122
2 132 4
2 132 5
2 132 61
2 132 62
2 132 69
2 132 74
2 132 79
2 132 89
2 132 101
2 132 111
2 132 118
2 132 124
2 132 126
2 133 3
2 133 23
2 133 62
2 133 63
2 133 81
2 133 86
2 133 91
2 133 113
2 133 116
2 134 1
2 134 15
2 134 62
2 134 82
2 134 90
2 134 96
2 134 102
2 134 117
2 134 126
2 135 48
2 135 55
2 135 61
2 135 63
2 135 65
2 135 74
2 135 90
2 135 91
2 135 92
2 135 112
2 135 115
2 135 119
2 136 67
2 136 84
2 136 88
2 136 98
2 136 115
2 136 119
2 136 121
2 137 59
2 137 61
2 137 81
2 137 95
2 137 96
2 137 113
2 138 66
2 138 70
2 138 79
2 138 83
2 138 123
2 139 63
2 139 64
2 139 70
2 139 75
2 139 78
2 139 114
2 139 117
2 139 122
2 140 61
2 140 77
2 140 81
2 140 82
2 140 106
2 140 109
2 140 113
2 140 116
2 141 13
2 141 29
2 141 60
2 141 63
2 141 64
2 141 67
2 141 69
2 141 84
2 141 108
2 141 109
2 141 119
2 142 62
2 142 65
2 142 70
2 142 108
2 142 116
2 142 117
2 142 119
2 142 123
2 142 126
2 143 47
2 143 61
2 143 66
2 143 67
2 143 90
2 143 95
2 143 98
2 143 101
2 143 107
2 143 117
2 144 66
2 144 72
2 144 78
2 144 106
2 144 107
2 144 109
2 144 117
2 144 121
2 145 60
2 145 74
2 145 75
2 145 77
2 145 79
2 145 84
2 145 87
2 145 89
2 145 98
2 145 113
2 145 115
2 145 127
2 146 24
2 146 61
2 146 62
2 146 64
2 146 66
2 146 70
2 146 75
2 146 82
2 146 92
2 146 93
2 146 97
2 147 1
2 147 59
2 147 75
2 147 76
2 147 77
2 147 99
2 147 114
2 147 123
2 147 125
2 148 58
2 148 66
2 148 67
2 148 69
2 148 71
2 148 82
2 148 91
2 148 96
2 148 107
2 148 108
2 148 117
2 148 119
2 149 19
2 149 42
2 149 65
2 149 70
2 149 79
2 149 81
2 149 89
2 149 92
2 149 97
2 149 99
2 149 100
2 149 101
2 149 105
2 149 107
2 149 111
2 149 120
2 149 125
2 150 72
2 150 80
2 150 84
2 150 88
2 150 93
2 150 104
2 150 123
2 151 13
2 151 57
2 151 59
2 151 66
2 151 75
2 151 79
2 151 85
2 151 86
2 151 90
2 151 92
2 151 103
2 151 116
2 152 69
2 152 72
2 152 79
2 152 89
2 152 96
2 152 107
2 153 64
2 153 79
2 153 101
2 153 102
2 153 120
2 153 126
3 0 1
3 0 5
3 0 10
3 0 13
3 0 14
3 0 15
3 0 16
3 0 18
3 0 19
3 0 20
3 0 21
3 0 28
3 0 29
3 0 32
3 0 34
3 0 35
3 0 40
3 0 42
3 0 43
3 0 46
3 0 47
3 0 49
3 0 93
3 0 99
3 1 0
3 1 4
3 1 7
3 1 11
3 1 12
3 1 16
3 1 17
3 1 18
3 1 25
3 1 29
3 1 30
3 1 32
3 1 34
3 1 40
3 1 42
3 1 45
3 1 47
3 1 49
3 1 59
3 1 61
3 2 2
3 2 12
3 2 13
3 2 14
3 2 15
3 2 16
3 2 19
3 2 22
3 2 30
3 2 32
3 2 34
3 2 37
3 2 38
3 2 39
3 2 40
3 2 41
3 2 42
3 2 43
3 2 46
3 2 97
3 3 2
3 3 8
3 3 17
3 3 18
3 3 23
3 3 24
3 3 27
3 3 28
3 3 31
3 3 32
3 3 35
3 3 44
3 3 72
3 3 79
3 3 98
3 4 1
3 4 2
3 4 4
3 4 5
3 4 7
3 4 9
3 4 13
3 4 16
3 4 19
3 4 22
3 4 24
3 4 27
3 4 29
3 4 30
3 4 31
3 4 32
3 4 35
3 4 41
3 4 48
3 5 1
3 5 2
3 5 4
3 5 7
3 5 9
3 5 10
3 5 13
3 5 15
3 5 18
3 5 21
3 5 22
3 5 25
3 5 28
3 5 29
3 5 36
3 5 38
3 5 40
3 5 44
3 5 48
3 5 65
3 6 1
3 6 3
3 6 4
3 6 10
3 6 11
3 6 18
3 6 27
3 6 28
3 6 29
3 6 30
3 6 32
3 6 33
3 6 35
3 6 38
3 6 45
3 6 48
3 6 49
3 6 84
3 7 4
3 7 7
3 7 11
3 7 14
3 7 18
3 7 20
3 7 22
3 7 23
3 7 30
3 7 33
3 7 34
3 7 35
3 7 36
3 7 39
3 7 44
3 7 47
3 7 49
3 7 72
3 7 82
3 7 84
3 8 1
3 8 2
3 8 3
3 8 4
3 8 9
3 8 10
3 8 14
3 8 15
3 8 17
3 8 18
3 8 19
3 8 20
3 8 23
3 8 30
3 8 35
3 8 39
3 8 49
3 8 62
3 8 85
3 8 88
3 8 100
3 9 1
3 9 2
3 9 6
3 9 9
3 9 18
3 9 22
3 9 23
3 9 24
3 9 29
3 9 30
3 9 32
3 9 36
3 9 37
3 9 39
3 9 40
3 9 43
3 9 46
3 9 49
3 10 2
3 10 5
3 10 7
3 10 9
3 10 16
3 10 18
3 10 20
3 10 21
3 10 25
3 10 26
3 10 29
3 10 34
3 10 39
3 10 40
3 10 46
3 11 0
3 11 2
3 11 3
3 11 8
3 11 9
3 11 16
3 11 26
3 11 27
3 11 29
3 11 32
3 11 34
3 11 38
3 11 39
3 11 41
3 11 46
3 11 102
3 12 5
3 12 6
3 12 8
3 12 9
3 12 24
3 12 28
3 12 31
3 12 33
3 12 34
3 12 38
3 12 45
3 12 47
3 12 48
3 12 64
3 13 2
3 13 3
3 13 4
3 13 5
3 13 7
3 13 10
3 13 14
3 13 21
3 13 24
3 13 30
3 13 31
3 13 38
3 13 40
3 13 43
3 13 47
3 13 49
3 13 88
3 14 0
3 14 2
3 14 4
3 14 6
3 14 8
3 14 9
3 14 19
3 14 21
3 14 23
3 14 29
3 14 37
3 14 52
3 14 97
3 15 0
3 15 10
3 15 11
3 15 12
3 15 17
3 15 18
3 15 20
3 15 22
3 15 23
3 15 24
3 15 25
3 15 27
3 15 32
3 15 35
3 15 36
3 15 42
3 15 46
3 15 69
3 15 93
3 15 104
3 16 0
3 16 2
3 16 3
3 16 5
3 16 8
3 16 9
3 16 11
3 16 14
3 16 16
3 16 19
3 16 21
3 16 25
3 16 30
3 16 33
3 16 34
3 16 36
3 16 37
3 16 47
3 16 49
3 16 85
3 17 1
3 17 2
3 17 8
3 17 10
3 17 15
3 17 16
3 17 17
3 17 24
3 17 34
3 17 36
3 17 37
3 17 38
3 17 40
3 17 42
3 17 43
3 17 44
3 17 47
3 17 48
3 17 49
3 17 57
3 17 76
3 18 0
3 18 1
3 18 8
3 18 11
3 18 15
3 18 19
3 18 23
3 18 25
3 18 26
3 18 29
3 18 36
3 18 40
3 18 49
3 18 57
3 19 1
3 19 4
3 19 17
3 19 18
3 19 19
3 19 20
3 19 24
3 19 27
3 19 28
3 19 30
3 19 32
3 19 38
3 19 40
3 19 43
3 19 44
3 19 47
3 19 48
3 19 49
3 19 60
3 19 64
3 19 70
3 19 83
3 20 3
3 20 9
3 20 13
3 20 14
3 20 15
3 20 19
3 20 20
3 20 21
3 20 23
3 20 27
3 20 34
3 20 35
3 20 37
3 20 38
3 20 41
3 20 43
3 20 45
3 20 48
3 20 49
3 20 54
3 20 63
3 20 71
3 20 97
3 21 1
3 21 3
3 21 5
3 21 7
3 21 10
3 21 15
3 21 17
3 21 19
3 21 20
3 21 21
3 21 24
3 21 28
3 21 31
3 21 32
3 21 33
3 21 44
3 21 45
3 21 66
3 21 94
3 22 0
3 22 1
3 22 5
3 22 9
3 22 11
3 22 16
3 22 21
3 22 22
3 22 23
3 22 24
3 22 28
3 22 29
3 22 32
3 22 36
3 22 38
3 22 42
3 22 43
3 22 44
3 22 47
3 22 95
3 23 1
3 23 3
3 23 6
3 23 10
3 23 11
3 23 14
3 23 15
3 23 18
3 23 29
3 23 31
3 23 32
3 23 36
3 23 38
3 23 45
3 23 50
3 23 92
3 23 93
3 24 0
3 24 5
3 24 9
3 24 11
3 24 14
3 24 16
3 24 22
3 24 28
3 24 30
3 24 33
3 24 36
3 24 38
3 24 41
3 24 47
3 24 65
3 24 70
3 24 78
3 25 2
3 25 3
3 25 10
3 25 13
3 25 17
3 25 19
3 25 20
3 25 24
3 25 27
3 25 28
3 25 33
3 25 38
3 25 47
3 25 85
3 25 86
3 26 3
3 26 6
3 26 8
3 26 11
3 26 17
3 26 18
3 26 19
3 26 23
3 26 36
3 26 45
3 26 47
3 27 2
3 27 3
3 27 4
3 27 6
3 27 14
3 27 19
3 27 20
3 27 22
3 27 25
3 27 27
3 27 29
3 27 33
3 27 34
3 27 36
3 27 37
3 27 38
3 27 43
3 27 47
3 27 90
3 28 3
3 28 4
3 28 8
3 28 12
3 28 13
3 28 16
3 28 17
3 28 22
3 28 23
3 28 28
3 28 32
3 28 35
3 28 36
3 28 37
3 28 38
3 28 41
3 28 42
3 28 44
3 28 48
3 29 0
3 29 2
3 29 7
3 29 9
3 29 11
3 29 13
3 29 16
3 29 18
3 29 19
3 29 27
3 29 28
3 29 29
3 29 31
3 29 33
3 29 37
3 29 41
3 29 42
3 29 43
3 29 44
3 29 45
3 29 47
3 29 49
3 29 84
3 30 0
3 30 1
3 30 2
3 30 3
3 30 6
3 30 7
3 30 10
3 30 12
3 30 14
3 30 17
3 30 20
3 30 22
3 30 24
3 30 25
3 30 27
3 30 28
3 30 35
3 30 37
3 30 39
3 30 42
3 30 45
3 30 49
3 30 86
3 30 94
3 30 104
3 31 0
3 31 2
3 31 3
3 31 7
3 31 9
3 31 10
3 31 12
3 31 14
3 31 20
3 31 21
3 31 28
3 31 30
3 31 31
3 31 36
3 31 41
3 31 44
3 31 47
3 31 48
3 31 53
3 32 5
3 32 6
3 32 7
3 32 9
3 32 13
3 32 18
3 32 20
3 32 21
3 32 22
3 32 23
3 32 26
3 32 30
3 32 33
3 32 34
3 32 40
3 32 44
3 32 46
3 32 48
3 32 49
3 32 91
3 32 92
3 33 1
3 33 9
3 33 18
3 33 21
3 33 22
3 33 23
3 33 26
3 33 31
3 33 32
3 33 34
3 33 35
3 33 37
3 33 38
3 33 39
3 33 42
3 33 44
3 33 45
3 33 47
3 33 75
3 34 0
3 34 6
3 34 9
3 34 10
3 34 14
3 34 15
3 34 19
3 34 20
3 34 33
3 34 35
3 34 42
3 34 43
3 34 47
3 34 55
3 34 66
3 35 0
3 35 1
3 35 2
3 35 3
3 35 8
3 35 11
3 35 13
3 35 14
3 35 19
3 35 27
3 35 28
3 35 34
3 35 41
3 35 42
3 35 44
3 35 54
3 35 81
3 35 85
3 35 89
3 35 91
3 36 0
3 36 3
3 36 9
3 36 16
3 36 17
3 36 18
3 36 19
3 36 20
3 36 21
3 36 25
3 36 35
3 36 38
3 36 39
3 36 67
3 36 77
3 36 78
3 36 96
3 37 2
3 37 4
3 37 7
3 37 8
3 37 13
3 37 14
3 37 15
3 37 21
3 37 22
3 37 23
3 37 24
3 37 25
3 37 30
3 37 35
3 37 37
3 37 40
3 37 43
3 37 45
3 37 49
3 37 59
3 37 101
3 38 0
3 38 3
3 38 5
3 38 18
3 38 19
3 38 23
3 38 34
3 38 37
3 38 40
3 38 41
3 38 42
3 38 45
3 38 46
3 38 47
3 39 2
3 39 8
3 39 9
3 39 10
3 39 11
3 39 12
3 39 13
3 39 14
3 39 15
3 39 25
3 39 27
3 39 33
3 39 35
3 39 36
3 39 42
3 39 45
3 39 59
3 39 74
3 40 3
3 40 4
3 40 5
3 40 7
3 40 11
3 40 13
3 40 14
3 40 15
3 40 19
3 40 24
3 40 26
3 40 31
3 40 32
3 40 33
3 40 35
3 40 40
3 40 46
3 40 56
3 40 57
3 40 74
3 41 1
3 41 3
3 41 4
3 41 5
3 41 6
3 41 7
3 41 10
3 41 16
3 41 18
3 41 20
3 41 22
3 41 24
3 41 25
3 41 27
3 41 32
3 41 37
3 41 39
3 41 40
3 41 42
3 41 43
3 41 44
3 41 46
3 41 58
3 41 61
3 41 62
3 41 66
3 41 81
3 41 98
3 42 5
3 42 6
3 42 7
3 42 11
3 42 17
3 42 21
3 42 23
3 42 27
3 42 28
3 42 31
3 42 38
3 42 41
3 42 45
3 42 46
3 42 79
3 42 86
3 42 94
3 43 3
3 43 5
3 43 6
3 43 7
3 43 20
3 43 22
3 43 26
3 43 27
3 43 32
3 43 37
3 43 44
3 43 45
3 43 46
3 44 2
3 44 4
3 44 5
3 44 9
3 44 13
3 44 22
3 44 23
3 44 24
3 44 25
3 44 32
3 44 36
3 44 37
3 44 41
3 44 44
3 44 45
3 44 46
3 44 47
3 44 49
3 44 78
3 45 2
3 45 6
3 45 9
3 45 11
3 45 12
3 45 13
3 45 15
3 45 17
3 45 18
3 45 19
3 45 21
3 45 25
3 45 26
3 45 27
3 45 33
3 45 36
3 45 38
3 45 39
3 45 43
3 45 46
3 45 49
3 45 80
3 46 4
3 46 5
3 46 6
3 46 8
3 46 12
3 46 13
3 46 17
3 46 21
3 46 22
3 46 23
3 46 24
3 46 30
3 46 34
3 46 37
3 46 40
3 46 43
3 46 55
3 46 73
3 47 0
3 47 1
3 47 2
3 47 5
3 47 7
3 47 8
3 47 9
3 47 10
3 47 13
3 47 20
3 47 22
3 47 23
3 47 24
3 47 25
3 47 26
3 47 29
3 47 31
3 47 33
3 47 34
3 47 35
3 47 36
3 47 39
3 47 40
3 47 45
3 47 46
3 47 47
3 47 102
3 48 0
3 48 3
3 48 6
3 48 8
3 48 11
3 48 13
3 48 14
3 48 17
3 48 23
3 48 29
3 48 32
3 48 39
3 48 41
3 48 42
3 48 43
3 48 45
3 48 51
3 48 78
3 49 0
3 49 3
3 49 5
3 49 7
3 49 8
3 49 12
3 49 16
3 49 19
3 49 20
3 49 23
3 49 25
3 49 27
3 49 31
3 49 35
3 49 37
3 49 40
3 49 47
3 49 56
3 50 0
3 50 7
3 50 9
3 50 10
3 50 12
3 50 17
3 50 18
3 50 25
3 50 26
3 50 36
3 50 38
3 50 39
3 50 42
3 50 44
3 50 45
3 50 46
3 50 47
3 51 5
3 51 9
3 51 11
3 51 13
3 51 15
3 51 19
3 51 22
3 51 26
3 51 29
3 51 33
3 51 35
3 51 38
3 51 42
3 51 45
3 51 47
3 51 48
3 51 49
3 51 68
3 51 71
3 51 90
3 51 98
3 51 103
3 52 1
3 52 2
3 52 3
3 52 8
3 52 15
3 52 16
3 52 18
3 52 19
3 52 22
3 52 23
3 52 25
3 52 28
3 52 32
3 52 40
3 52 41
3 52 42
3 52 45
3 52 48
3 52 49
3 52 91
3 53 5
3 53 8
3 53 16
3 53 17
3 53 18
3 53 19
3 53 23
3 53 24
3 53 28
3 53 29
3 53 38
3 53 41
3 53 43
3 53 47
3 53 48
3 53 49
3 53 57
3 53 65
3 53 88
3 54 3
3 54 4
3 54 5
3 54 6
3 54 7
3 54 10
3 54 11
3 54 12
3 54 16
3 54 23
3 54 26
3 54 30
3 54 31
3 54 33
3 54 34
3 54 35
3 54 38
3 54 39
3 54 41
3 54 42
3 54 51
3 54 52
3 54 104
3 55 7
3 55 8
3 55 10
3 55 13
3 55 19
3 55 20
3 55 23
3 55 25
3 55 32
3 55 34
3 55 35
3 55 39
3 55 40
3 55 41
3 55 42
3 55 45
3 55 46
3 55 48
3 55 66
3 55 78
3 55 88
3 56 1
3 56 3
3 56 4
3 56 8
3 56 9
3 56 11
3 56 16
3 56 21
3 56 25
3 56 27
3 56 29
3 56 30
3 56 32
3 56 34
3 56 36
3 56 40
3 56 41
3 56 42
3 56 46
3 56 47
3 56 48
3 56 64
3 56 72
3 56 74
3 56 94
3 57 2
3 57 6
3 57 7
3 57 9
3 57 12
3 57 14
3 57 15
3 57 21
3 57 27
3 57 29
3 57 32
3 57 36
3 57 38
3 57 42
3 57 45
3 57 58
3 57 67
3 57 76
3 58 0
3 58 1
3 58 9
3 58 11
3 58 12
3 58 13
3 58 14
3 58 17
3 58 18
3 58 21
3 58 22
3 58 28
3 58 30
3 58 32
3 58 36
3 58 40
3 58 46
3 58 68
3 58 71
3 58 75
3 59 1
3 59 11
3 59 12
3 59 15
3 59 20
3 59 25
3 59 27
3 59 31
3 59 33
3 59 35
3 59 37
3 59 40
3 59 41
3 59 43
3 59 46
3 59 49
3 59 64
3 60 2
3 60 5
3 60 6
3 60 7
3 60 11
3 60 12
3 60 13
3 60 17
3 60 19
3 60 20
3 60 28
3 60 34
3 60 35
3 60 37
3 60 43
3 60 44
3 60 49
3 60 63
3 61 28
3 61 37
3 61 43
3 61 53
3 61 64
3 61 66
3 61 80
3 61 88
3 61 92
3 61 94
3 61 97
3 61 102
3 62 7
3 62 38
3 62 60
3 62 65
3 62 68
3 62 70
3 62 97
3 63 63
3 63 66
3 63 76
3 63 78
3 63 86
3 63 94
3 63 95
3 63 97
3 63 104
3 64 14
3 64 31
3 64 48
3 64 56
3 64 62
3 64 80
3 64 82
3 64 83
3 64 84
3 64 87
3 65 11
3 65 54
3 65 67
3 65 71
3 65 73
3 65 74
3 65 75
3 65 97
3 65 100
3 65 102
3 66 1
3 66 3
3 66 25
3 66 53
3 66 55
3 66 56
3 66 59
3 66 74
3 66 79
3 66 84
3 66 85
3 66 88
3 66 90
3 67 10
3 67 21
3 67 35
3 67 46
3 67 49
3 67 62
3 67 68
3 67 70
3 67 75
3 67 76
3 67 89
3 68 2
3 68 9
3 68 47
3 68 50
3 68 61
3 68 68
3 68 75
3 68 85
3 68 86
3 68 100
3 68 105
3 69 55
3 69 61
3 69 78
3 69 84
3 69 86
3 69 93
3 69 99
3 69 105
3 70 20
3 70 72
3 70 99
3 70 101
3 71 1
3 71 54
3 71 62
3 71 64
3 71 73
3 71 76
3 71 83
3 71 84
3 71 87
3 71 88
3 71 89
3 71 91
3 72 16
3 72 51
3 72 52
3 72 61
3 72 62
3 72 73
3 72 79
3 72 83
3 72 84
3 72 88
3 73 38
3 73 50
3 73 51
3 73 53
3 73 65
3 73 76
3 73 82
3 73 90
3 73 102
3 74 50
3 74 52
3 74 63
3 74 64
3 74 71
3 74 79
3 74 88
3 74 91
3 74 93
3 75 14
3 75 21
3 75 25
3 75 36
3 75 71
3 75 79
3 75 85
3 75 95
3 75 100
3 76 7
3 76 54
3 76 75
3 76 94
3 76 95
3 76 99
3 76 103
3 77 7
3 77 14
3 77 22
3 77 31
3 77 34
3 77 40
3 77 50
3 77 51
3 77 60
3 77 74
3 77 97
3 77 101
3 78 16
3 78 20
3 78 30
3 78 54
3 78 58
3 78 62
3 78 63
3 78 88
3 78 97
3 78 105
3 79 52
3 79 67
3 79 68
3 79 83
3 79 87
3 79 91
3 79 100
3 79 103
3 80 53
3 80 60
3 80 71
3 80 72
3 80 83
3 81 34
3 81 53
3 81 59
3 81 68
3 81 73
3 81 83
3 81 92
3 81 95
3 81 102
3 82 40
3 82 48
3 82 70
3 82 77
3 82 85
3 83 45
3 83 82
3 83 87
3 83 91
3 83 97
3 83 98
3 84 8
3 84 18
3 84 20
3 84 54
3 84 55
3 84 66
3 84 83
3 84 85
3 84 103
3 85 1
3 85 6
3 85 13
3 85 50
3 85 51
3 85 52
3 85 55
3 85 58
3 85 59
3 85 60
3 85 75
3 85 78
3 85 79
3 85 82
3 85 93
3 85 102
3 85 104
3 86 0
3 86 20
3 86 28
3 86 50
3 86 55
3 86 57
3 86 59
3 86 60
3 86 62
3 86 80
3 86 85
3 86 91
3 86 103
3 87 15
3 87 22
3 87 40
3 87 50
3 87 53
3 87 81
3 87 84
3 87 86
3 87 90
3 87 101
3 88 3
3 88 18
3 88 58
3 88 64
3 88 73
3 88 74
3 88 88
3 89 27
3 89 56
3 89 59
3 89 61
3 89 66
3 89 74
3 89 79
3 89 89
3 89 90
3 89 94
3 90 20
3 90 53
3 90 55
3 90 77
3 90 85
3 90 87
3 90 91
3 90 95
3 91 19
3 91 33
3 91 48
3 91 50
3 91 53
3 91 64
3 91 69
3 91 86
3 91 94
3 92 50
3 92 66
3 92 68
3 92 85
3 92 86
3 92 93
3 93 55
3 93 66
3 93 96
3 93 102
3 94 9
3 94 29
3 94 62
3 94 88
3 94 103
3 95 45
3 95 48
3 95 89
3 95 98
3 95 100
3 96 27
3 96 32
3 96 38
3 96 46
3 96 47
3 96 82
3 96 83
3 96 86
3 96 100
3 96 103
3 96 104
3 97 43
3 97 65
3 97 80
3 97 90
3 97 92
3 97 97
3 97 102
3 98 59
3 98 61
3 98 65
3 98 67
3 98 97
3 98 100
3 99 17
3 99 23
3 99 28
3 99 50
3 99 54
3 99 55
3 99 61
3 99 80
3 99 83
3 99 87
3 100 6
3 100 33
3 100 45
3 100 50
3 100 51
3 100 61
3 100 64
3 100 84
3 100 87
3 100 93
3 100 95
3 100 96
3 101 12
3 101 25
3 101 28
3 101 54
3 101 55
3 101 63
3 101 94
3 101 97
3 101 101
3 102 39
3 102 61
3 102 63
3 102 67
3 102 71
3 102 82
3 102 101
3 103 23
3 103 50
3 103 51
3 103 56
3 103 72
3 103 79
3 103 82
3 103 84
3 103 85
3 103 91
3 103 96
3 103 105
3 104 23
3 104 51
3 104 60
3 104 72
3 104 95
3 104 105
3 105 62
3 105 65
3 105 72
3 105 77
3 105 96
3 105 99
3 106 17
3 106 34
3 106 69
3 106 74
3 106 81
3 106 85
3 106 89
3 106 91
3 106 94
3 106 96
3 107 1
3 107 4
3 107 19
3 107 24
3 107 57
3 107 78
3 107 87
3 107 95
3 107 100
3 107 101
3 107 102
3 108 29
3 108 31
3 108 40
3 108 53
3 108 79
3 108 80
3 108 89
3 108 100
3 109 14
3 109 25
3 109 47
3 109 56
3 109 63
3 109 84
3 109 86
3 109 92
3 110 66
3 110 79
3 110 97
3 111 65
3 111 68
3 111 72
3 111 76
3 111 78
3 111 92
3 111 95
3 111 97
3 112 13
3 112 35
3 112 41
3 112 52
3 112 55
3 112 57
3 112 62
3 112 65
3 112 72
3 112 74
3 112 78
3 112 84
3 112 89
3 112 97
3 113 21
3 113 53
3 113 56
3 113 67
3 113 69
3 113 85
3 113 94
3 113 101
3 114 17
3 114 30
3 114 50
3 114 67
3 114 68
3 114 80
3 114 85
3 114 86
3 114 94
3 114 104
3 115 29
3 115 39
3 115 50
3 115 51
3 115 55
3 115 58
3 115 59
3 115 75
3 115 83
3 115 99
3 116 45
3 116 50
3 116 51
3 116 60
3 116 64
3 116 70
3 116 73
3 116 80
3 116 82
3 116 84
3 116 87
3 116 88
3 116 89
3 116 97
3 116 99
3 116 103
3 117 43
3 117 52
3 117 61
3 117 63
3 117 79
3 117 101
3 118 0
3 118 30
3 118 34
3 118 38
3 118 46
3 118 54
3 118 61
3 118 67
3 118 80
3 118 81
3 118 86
3 118 87
3 118 98
3 118 102
3 119 0
3 119 56
3 119 60
3 119 62
3 119 69
3 119 77
3 119 78
3 119 81
3 119 103
3 120 23
3 120 52
3 120 63
3 120 78
3 120 81
3 120 83
3 120 102
3 120 103
3 120 104
3 121 3
3 121 5
3 121 28
3 121 54
3 121 55
3 121 70
3 121 72
3 121 81
3 121 83
3 121 93
3 121 95
3 121 97
3 121 105
3 122 7
3 122 60
3 122 66
3 122 68
3 122 80
3 122 82
3 122 83
3 122 91
3 122 93
3 122 104
3 123 21
3 123 42
3 123 54
3 123 67
3 123 73
3 123 82
3 123 86
3 123 90
3 123 94
3 123 95
3 123 103
3 124 11
3 124 33
3 124 42
3 124 59
3 124 68
3 124 69
3 124 72
3 124 79
3 124 84
3 124 85
3 124 105
3 125 20
3 125 61
3 125 70
3 125 83
3 125 84
3 125 105
3 126 9
3 126 14
3 126 16
3 126 21
3 126 42
3 126 53
3 126 54
3 126 68
3 126 70
3 126 83
3 126 96
3 126 101
3 126 104
3 127 17
3 127 32
3 127 54
3 127 58
3 127 61
3 127 64
3 127 69
3 127 76
3 127 82
3 127 87
3 127 91
3 127 92
4 0 2
4 0 4
4 0 5
4 0 6
4 0 7
4 0 8
4 0 9
4 0 13
4 0 16
4 0 17
4 0 21
4 0 23
4 0 27
4 0 29
4 0 30
4 0 31
4 0 32
4 0 34
4 0 37
4 0 38
4 0 39
4 0 40
4 0 46
4 0 47
4 0 48
4 0 49
4 0 62
4 0 78
4 0 79
4 1 7
4 1 8
4 1 9
4 1 15
4 1 16
4 1 21
4 1 26
4 1 29
4 1 32
4 1 40
4 1 41
4 1 42
4 1 44
4 1 45
4 1 47
4 1 49
4 1 51
4 1 63
4 1 70
4 2 1
4 2 2
4 2 5
4 2 9
4 2 18
4 2 19
4 2 20
4 2 25
4 2 28
4 2 29
4 2 30
4 2 31
4 2 34
4 2 36
4 2 38
4 2 42
4 2 49
4 2 51
4 2 52
4 2 59
4 2 71
4 2 110
4 3 0
4 3 1
4 3 2
4 3 4
4 3 5
4 3 11
4 3 12
4 3 16
4 3 21
4 3 22
4 3 26
4 3 30
4 3 31
4 3 32
4 3 38
4 3 39
4 3 41
4 3 45
4 3 47
4 3 48
4 3 49
4 3 56
4 4 0
4 4 9
4 4 13
4 4 14
4 4 18
4 4 23
4 4 25
4 4 31
4 4 32
4 4 34
4 4 35
4 4 37
4 4 39
4 4 40
4 4 49
4 4 51
4 4 82
4 5 1
4 5 3
4 5 4
4 5 5
4 5 8
4 5 9
4 5 12
4 5 17
4 5 19
4 5 20
4 5 21
4 5 29
4 5 30
4 5 31
4 5 33
4 5 34
4 5 37
4 5 40
4 5 41
4 5 42
4 5 49
4 5 50
4 5 60
4 5 91
4 6 1
4 6 3
4 6 4
4 6 7
4 6 17
4 6 19
4 6 20
4 6 21
4 6 22
4 6 23
4 6 25
4 6 29
4 6 33
4 6 35
4 6 38
4 6 40
4 6 52
4 6 58
4 6 71
4 6 102
4 7 5
4 7 9
4 7 11
4 7 12
4 7 13
4 7 14
4 7 16
4 7 20
4 7 21
4 7 22
4 7 25
4 7 28
4 7 33
4 7 37
4 7 40
4 7 44
4 7 45
4 7 47
4 7 51
4 7 52
4 7 53
4 7 99
4 7 103
4 8 0
4 8 2
4 8 4
4 8 5
4 8 6
4 8 8
4 8 9
4 8 11
4 8 13
4 8 14
4 8 15
4 8 18
4 8 21
4 8 22
4 8 25
4 8 26
4 8 27
4 8 31
4 8 33
4 8 34
4 8 40
4 8 42
4 8 43
4 8 44
4 8 50
4 8 51
4 8 62
4 8 90
4 9 1
4 9 2
4 9 5
4 9 11
4 9 14
4 9 16
4 9 17
4 9 25
4 9 26
4 9 28
4 9 32
4 9 39
4 9 41
4 9 46
4 9 47
4 9 48
4 9 52
4 9 70
4 9 82
4 9 84
4 10 0
4 10 3
4 10 4
4 10 5
4 10 6
4 10 8
4 10 12
4 10 16
4 10 22
4 10 27
4 10 28
4 10 38
4 10 43
4 10 45
4 10 48
4 10 72
4 10 76
4 11 1
4 11 2
4 11 4
4 11 5
4 11 6
4 11 7
4 11 8
4 11 14
4 11 15
4 11 20
4 11 21
4 11 25
4 11 27
4 11 30
4 11 31
4 11 32
4 11 33
4 11 34
4 11 35
4 11 38
4 11 41
4 11 42
4 11 43
4 11 46
4 11 52
4 11 70
4 11 73
4 11 104
4 12 2
4 12 4
4 12 5
4 12 6
4 12 7
4 12 9
4 12 13
4 12 15
4 12 17
4 12 19
4 12 25
4 12 27
4 12 29
4 12 32
4 12 37
4 12 38
4 12 44
4 12 48
4 12 51
4 12 56
4 12 59
4 13 3
4 13 5
4 13 6
4 13 11
4 13 12
4 13 14
4 13 16
4 13 22
4 13 27
4 13 29
4 13 30
4 13 32
4 13 33
4 13 34
4 13 39
4 13 47
4 13 51
4 13 54
4 13 56
4 13 70
4 13 81
4 13 96
4 13 99
4 14 1
4 14 6
4 14 10
4 14 13
4 14 16
4 14 19
4 14 20
4 14 25
4 14 28
4 14 30
4 14 32
4 14 33
4 14 37
4 14 44
4 14 51
4 14 108
4 15 0
4 15 3
4 15 5
4 15 6
4 15 7
4 15 8
4 15 9
4 15 10
4 15 11
4 15 12
4 15 13
4 15 15
4 15 17
4 15 20
4 15 24
4 15 26
4 15 27
4 15 33
4 15 37
4 15 39
4 15 40
4 15 43
4 15 51
4 15 52
4 15 71
4 15 102
4 16 2
4 16 4
4 16 11
4 16 12
4 16 14
4 16 16
4 16 21
4 16 23
4 16 24
4 16 25
4 16 28
4 16 29
4 16 30
4 16 33
4 16 34
4 16 36
4 16 38
4 16 39
4 16 41
4 16 44
4 16 49
4 16 79
4 16 81
4 16 83
4 16 104
4 17 0
4 17 2
4 17 3
4 17 4
4 17 5
4 17 6
4 17 7
4 17 10
4 17 11
4 17 12
4 17 21
4 17 23
4 17 29
4 17 30
4 17 32
4 17 38
4 17 40
4 17 57
4 17 58
4 18 0
4 18 1
4 18 3
4 18 4
4 18 6
4 18 7
4 18 8
4 18 14
4 18 16
4 18 18
4 18 20
4 18 21
4 18 22
4 18 25
4 18 27
4 18 29
4 18 31
4 18 33
4 18 35
4 18 42
4 18 44
4 18 51
4 18 65
4 19 7
4 19 8
4 19 10
4 19 14
4 19 16
4 19 17
4 19 18
4 19 20
4 19 22
4 19 23
4 19 24
4 19 30
4 19 32
4 19 37
4 19 38
4 19 39
4 19 40
4 19 42
4 19 44
4 19 47
4 19 48
4 19 50
4 19 52
4 19 55
4 19 56
4 19 70
4 19 97
4 20 0
4 20 1
4 20 9
4 20 10
4 20 21
4 20 22
4 20 27
4 20 34
4 20 35
4 20 37
4 20 40
4 20 42
4 20 45
4 20 47
4 20 49
4 20 63
4 20 71
4 21 3
4 21 5
4 21 6
4 21 10
4 21 11
4 21 19
4 21 20
4 21 21
4 21 24
4 21 27
4 21 35
4 21 37
4 21 38
4 21 41
4 21 45
4 21 46
4 21 49
4 21 54
4 21 109
4 22 0
4 22 3
4 22 4
4 22 5
4 22 7
4 22 8
4 22 12
4 22 13
4 22 15
4 22 16
4 22 17
4 22 20
4 22 23
4 22 25
4 22 27
4 22 28
4 22 31
4 22 35
4 22 37
4 22 38
4 22 41
4 22 44
4 22 45
4 22 46
4 22 49
4 22 50
4 22 51
4 22 83
4 22 96
4 23 2
4 23 6
4 23 7
4 23 9
4 23 10
4 23 12
4 23 16
4 23 19
4 23 21
4 23 25
4 23 30
4 23 31
4 23 32
4 23 35
4 23 37
4 23 39
4 23 40
4 23 42
4 23 44
4 23 46
4 23 47
4 23 51
4 23 98
4 23 102
4 24 0
4 24 4
4 24 5
4 24 7
4 24 13
4 24 16
4 24 17
4 24 19
4 24 26
4 24 29
4 24 30
4 24 32
4 24 38
4 24 39
4 24 41
4 24 42
4 24 43
4 24 45
4 24 51
4 24 52
4 24 108
4 25 3
4 25 7
4 25 10
4 25 14
4 25 16
4 25 17
4 25 21
4 25 24
4 25 25
4 25 26
4 25 27
4 25 32
4 25 33
4 25 35
4 25 44
4 25 48
4 25 50
4 25 51
4 25 56
4 26 2
4 26 3
4 26 4
4 26 5
4 26 12
4 26 19
4 26 21
4 26 24
4 26 28
4 26 29
4 26 34
4 26 35
4 26 46
4 26 49
4 26 63
4 27 1
4 27 7
4 27 10
4 27 11
4 27 14
4 27 15
4 27 17
4 27 18
4 27 23
4 27 24
4 27 27
4 27 30
4 27 33
4 27 39
4 27 42
4 27 47
4 27 48
4 27 49
4 27 90
4 27 110
4 28 4
4 28 5
4 28 7
4 28 8
4 28 12
4 28 14
4 28 15
4 28 19
4 28 20
4 28 24
4 28 25
4 28 27
4 28 29
4 28 32
4 28 33
4 28 34
4 28 35
4 28 36
4 28 39
4 28 40
4 28 47
4 28 48
4 28 50
4 28 51
4 28 68
4 28 106
4 29 0
4 29 5
4 29 10
4 29 13
4 29 20
4 29 23
4 29 27
4 29 28
4 29 31
4 29 32
4 29 33
4 29 38
4 29 40
4 29 42
4 29 43
4 29 44
4 29 49
4 29 87
4 29 90
4 30 4
4 30 7
4 30 9
4 30 10
4 30 15
4 30 17
4 30 21
4 30 22
4 30 25
4 30 26
4 30 27
4 30 28
4 30 32
4 30 36
4 30 37
4 30 38
4 30 43
4 30 48
4 30 50
4 30 66
4 30 110
4 31 0
4 31 2
4 31 6
4 31 7
4 31 9
4 31 11
4 31 12
4 31 14
4 31 15
4 31 16
4 31 17
4 31 25
4 31 27
4 31 29
4 31 30
4 31 31
4 31 34
4 31 35
4 31 36
4 31 39
4 31 45
4 31 46
4 31 51
4 31 71
4 32 0
4 32 3
4 32 5
4 32 6
4 32 7
4 32 8
4 32 13
4 32 15
4 32 16
4 32 18
4 32 19
4 32 22
4 32 23
4 32 31
4 32 32
4 32 33
4 32 36
4 32 38
4 32 40
4 32 42
4 32 43
4 32 44
4 32 45
4 32 49
4 32 52
4 32 67
4 32 88
4 33 0
4 33 5
4 33 7
4 33 9
4 33 10
4 33 11
4 33 12
4 33 13
4 33 14
4 33 15
4 33 16
4 33 21
4 33 26
4 33 33
4 33 36
4 33 38
4 33 41
4 33 52
4 34 4
4 34 6
4 34 7
4 34 11
4 34 12
4 34 14
4 34 15
4 34 18
4 34 25
4 34 27
4 34 29
4 34 33
4 34 35
4 34 36
4 34 39
4 34 45
4 34 46
4 34 47
4 34 50
4 34 52
4 34 81
4 34 99
4 35 0
4 35 4
4 35 5
4 35 6
4 35 7
4 35 13
4 35 14
4 35 15
4 35 16
4 35 23
4 35 24
4 35 25
4 35 27
4 35 30
4 35 31
4 35 32
4 35 37
4 35 38
4 35 39
4 35 40
4 35 45
4 35 78
4 36 4
4 36 6
4 36 13
4 36 14
4 36 16
4 36 17
4 36 25
4 36 36
4 36 39
4 36 45
4 36 48
4 36 59
4 37 0
4 37 2
4 37 3
4 37 5
4 37 6
4 37 7
4 37 9
4 37 10
4 37 11
4 37 15
4 37 18
4 37 25
4 37 28
4 37 32
4 37 33
4 37 42
4 37 43
4 37 44
4 37 49
4 37 52
4 37 53
4 37 63
4 37 88
4 38 6
4 38 7
4 38 13
4 38 15
4 38 16
4 38 18
4 38 26
4 38 30
4 38 33
4 38 34
4 38 39
4 38 45
4 38 48
4 38 49
4 38 52
4 38 59
4 38 67
4 38 87
4 38 99
4 39 2
4 39 5
4 39 6
4 39 7
4 39 12
4 39 14
4 39 16
4 39 19
4 39 22
4 39 26
4 39 28
4 39 32
4 39 33
4 39 38
4 39 44
4 39 45
4 39 46
4 39 47
4 39 50
4 40 0
4 40 2
4 40 4
4 40 6
4 40 8
4 40 12
4 40 14
4 40 19
4 40 20
4 40 30
4 40 35
4 40 36
4 40 40
4 40 41
4 40 50
4 40 63
4 40 92
4 40 101
4 40 102
4 40 110
4 41 7
4 41 8
4 41 9
4 41 10
4 41 14
4 41 15
4 41 16
4 41 17
4 41 18
4 41 21
4 41 22
4 41 23
4 41 24
4 41 25
4 41 27
4 41 29
4 41 32
4 41 33
4 41 35
4 41 36
4 41 37
4 41 38
4 41 39
4 41 40
4 41 43
4 41 45
4 41 46
4 41 47
4 41 50
4 41 51
4 41 54
4 41 55
4 41 69
4 41 92
4 42 1
4 42 2
4 42 5
4 42 8
4 42 10
4 42 16
4 42 17
4 42 18
4 42 21
4 42 26
4 42 27
4 42 30
4 42 32
4 42 35
4 42 37
4 42 39
4 42 41
4 42 44
4 42 45
4 42 47
4 42 49
4 42 50
4 42 51
4 42 52
4 42 72
4 43 3
4 43 4
4 43 7
4 43 8
4 43 9
4 43 13
4 43 15
4 43 16
4 43 20
4 43 26
4 43 29
4 43 32
4 43 35
4 43 36
4 43 41
4 43 42
4 43 43
4 43 44
4 43 46
4 43 47
4 43 52
4 43 67
4 43 70
4 43 88
4 44 0
4 44 6
4 44 8
4 44 11
4 44 12
4 44 14
4 44 24
4 44 26
4 44 29
4 44 30
4 44 32
4 44 34
4 44 36
4 44 37
4 44 42
4 44 44
4 44 47
4 44 50
4 44 51
4 44 83
4 44 88
4 44 96
4 44 100
4 44 102
4 44 103
4 45 2
4 45 3
4 45 6
4 45 7
4 45 16
4 45 20
4 45 22
4 45 24
4 45 27
4 45 28
4 45 32
4 45 40
4 45 43
4 45 44
4 45 45
4 45 47
4 45 48
4 45 49
4 45 50
4 45 61
4 45 73
4 45 76
4 45 109
4 46 0
4 46 1
4 46 7
4 46 14
4 46 19
4 46 22
4 46 23
4 46 30
4 46 38
4 46 39
4 46 41
4 46 47
4 46 51
4 46 93
4 46 109
4 47 0
4 47 1
4 47 2
4 47 3
4 47 4
4 47 5
4 47 6
4 47 12
4 47 14
4 47 16
4 47 17
4 47 20
4 47 21
4 47 26
4 47 31
4 47 32
4 47 33
4 47 35
4 47 36
4 47 40
4 47 41
4 47 42
4 47 45
4 47 47
4 47 52
4 47 74
4 47 83
4 47 105
4 48 5
4 48 8
4 48 13
4 48 17
4 48 18
4 48 19
4 48 20
4 48 26
4 48 33
4 48 34
4 48 39
4 48 45
4 48 48
4 48 49
4 48 50
4 48 52
4 48 62
4 48 70
4 48 75
4 48 77
4 49 4
4 49 6
4 49 8
4 49 13
4 49 14
4 49 16
4 49 18
4 49 19
4 49 21
4 49 23
4 49 25
4 49 27
4 49 28
4 49 31
4 49 36
4 49 37
4 49 38
4 49 39
4 49 40
4 49 45
4 49 48
4 49 49
4 49 52
4 49 70
4 50 3
4 50 8
4 50 25
4 50 58
4 50 69
4 50 71
4 50 73
4 50 75
4 50 76
4 50 80
4 50 91
4 50 92
4 50 98
4 50 100
4 51 34
4 51 35
4 51 60
4 51 62
4 51 67
4 51 69
4 51 80
4 51 82
4 51 83
4 51 96
4 51 97
4 51 98
4 51 105
4 51 106
4 51 107
4 51 110
4 52 36
4 52 59
4 52 79
4 52 89
4 52 94
4 52 98
4 52 103
4 52 105
4 53 11
4 53 17
4 53 27
4 53 55
4 53 61
4 53 68
4 53 71
4 53 85
4 53 98
4 53 103
4 53 106
4 53 107
4 54 6
4 54 32
4 54 40
4 54 55
4 54 62
4 54 69
4 54 73
4 54 78
4 54 79
4 54 85
4 54 87
4 54 92
4 54 100
4 54 102
4 54 104
4 54 110
4 55 23
4 55 55
4 55 61
4 55 64
4 55 71
4 55 76
4 55 79
4 55 85
4 55 89
4 55 94
4 55 96
4 55 101
4 55 104
4 55 106
4 55 110
4 56 10
4 56 12
4 56 36
4 56 39
4 56 43
4 56 57
4 56 58
4 56 61
4 56 64
4 56 66
4 56 69
4 56 76
4 56 87
4 56 92
4 56 98
4 57 0
4 57 4
4 57 53
4 57 62
4 57 75
4 57 84
4 57 93
4 57 97
4 58 1
4 58 14
4 58 27
4 58 54
4 58 59
4 58 62
4 58 66
4 58 72
4 58 86
4 58 93
4 58 97
4 58 100
4 59 61
4 59 68
4 59 77
4 59 81
4 59 85
4 59 89
4 59 104
4 59 105
4 60 10
4 60 18
4 60 32
4 60 55
4 60 66
4 60 72
4 60 73
4 60 75
4 60 77
4 60 81
4 60 89
4 60 92
4 60 98
4 60 104
4 61 39
4 61 51
4 61 59
4 61 98
4 61 100
4 62 21
4 62 23
4 62 44
4 62 64
4 62 77
4 62 78
4 62 87
4 62 90
4 62 95
4 62 107
4 63 21
4 63 43
4 63 58
4 63 60
4 63 61
4 63 66
4 63 68
4 63 76
4 63 78
4 63 81
4 63 82
4 63 88
4 63 108
4 64 8
4 64 9
4 64 37
4 64 56
4 64 59
4 64 73
4 64 88
4 64 90
4 64 95
4 64 102
4 64 105
4 65 57
4 65 61
4 65 67
4 65 75
4 65 80
4 65 88
4 65 100
4 66 65
4 66 81
4 66 83
4 66 85
4 66 97
4 66 102
4 67 40
4 67 43
4 67 44
4 67 54
4 67 58
4 67 76
4 67 80
4 67 87
4 67 92
4 67 102
4 67 103
4 67 107
4 68 5
4 68 40
4 68 42
4 68 46
4 68 55
4 68 56
4 68 92
4 68 93
4 68 95
4 68 97
4 68 107
4 68 108
4 68 110
4 69 14
4 69 43
4 69 51
4 69 65
4 69 66
4 69 68
4 69 69
4 69 70
4 69 89
4 69 95
4 69 98
4 69 107
4 70 58
4 70 59
4 70 74
4 70 80
4 70 81
4 70 83
4 70 89
4 70 96
4 70 103
4 70 110
4 71 30
4 71 58
4 71 61
4 71 83
4 71 84
4 71 85
4 71 91
4 71 106
4 72 19
4 72 45
4 72 55
4 72 60
4 72 69
4 72 70
4 72 72
4 72 90
4 72 106
4 73 30
4 73 53
4 73 60
4 73 74
4 73 85
4 73 103
4 73 108
4 74 54
4 74 55
4 74 59
4 74 62
4 74 64
4 74 67
4 74 72
4 74 80
4 74 83
4 74 96
4 74 98
4 75 1
4 75 6
4 75 23
4 75 30
4 75 53
4 75 68
4 75 72
4 75 77
4 75 92
4 75 94
4 75 101
4 75 110
4 76 38
4 76 58
4 76 60
4 76 68
4 76 88
4 76 94
4 76 101
4 76 102
4 76 108
4 77 16
4 77 55
4 77 59
4 77 60
4 77 63
4 77 75
4 77 83
4 78 11
4 78 15
4 78 53
4 78 55
4 78 57
4 78 58
4 78 79
4 78 80
4 78 82
4 78 85
4 78 90
4 78 99
4 78 108
4 79 57
4 79 72
4 79 73
4 79 75
4 79 76
4 79 79
4 79 83
4 79 89
4 79 95
4 79 96
4 79 98
4 79 101
4 79 104
4 79 109
4 80 42
4 80 58
4 80 66
4 80 68
4 80 98
4 80 108
4 81 32
4 81 61
4 81 68
4 81 70
4 81 75
4 81 88
4 81 98
4 81 99
4 81 101
4 81 102
4 81 110
4 82 42
4 82 52
4 82 75
4 82 80
4 82 85
4 82 86
4 82 100
4 82 105
4 83 34
4 83 69
4 83 71
4 83 73
4 83 89
4 83 96
4 83 98
4 83 102
4 83 109
4 84 60
4 84 65
4 84 79
4 84 80
4 84 87
4 84 88
4 84 89
4 84 91
4 84 92
4 85 5
4 85 12
4 85 41
4 85 44
4 85 52
4 85 56
4 85 76
4 85 93
4 85 95
4 85 107
4 86 44
4 86 49
4 86 56
4 86 62
4 86 70
4 87 40
4 87 59
4 87 66
4 87 79
4 87 86
4 87 93
4 87 96
4 87 98
4 87 100
4 88 37
4 88 43
4 88 58
4 88 61
4 88 63
4 88 67
4 88 76
4 88 90
4 88 110
4 89 22
4 89 56
4 89 57
4 89 60
4 89 70
4 89 75
4 89 80
4 89 81
4 89 86
4 89 89
4 89 91
4 89 93
4 89 95
4 90 30
4 90 59
4 90 62
4 90 73
4 90 82
4 90 87
4 90 93
4 90 96
4 90 101
4 90 102
4 91 2
4 91 51
4 91 64
4 91 67
4 91 74
4 91 75
4 91 77
4 91 85
4 91 98
4 92 11
4 92 63
4 92 64
4 92 71
4 92 72
4 92 74
4 92 81
4 92 84
4 92 93
4 92 100
4 92 103
4 92 105
4 93 3
4 93 30
4 93 49
4 93 57
4 93 58
4 93 64
4 93 65
4 93 86
4 93 87
4 93 90
4 93 91
4 93 92
4 93 100
4 93 103
4 94 0
4 94 8
4 94 21
4 94 34
4 94 37
4 94 58
4 94 84
4 94 87
4 94 88
4 94 91
4 94 92
4 94 99
4 95 13
4 95 48
4 95 63
4 95 74
4 95 76
4 95 80
4 95 82
4 95 89
4 95 104
4 96 21
4 96 28
4 96 59
4 96 61
4 96 69
4 96 71
4 96 74
4 96 88
4 96 100
4 96 108
4 97 10
4 97 12
4 97 27
4 97 54
4 97 62
4 97 64
4 97 75
4 97 78
4 97 81
4 97 83
4 97 85
4 97 87
4 97 92
4 97 98
4 98 1
4 98 2
4 98 25
4 98 37
4 98 55
4 98 58
4 98 61
4 98 67
4 98 68
4 98 71
4 98 78
4 98 81
4 98 84
4 98 86
4 98 100
4 98 106
4 98 107
4 99 0
4 99 8
4 99 37
4 99 67
4 99 69
4 99 76
4 99 85
4 99 92
4 99 94
4 99 102
4 99 103
4 100 17
4 100 20
4 100 29
4 100 40
4 100 56
4 100 63
4 100 74
4 100 78
4 100 80
4 100 86
4 100 91
4 100 92
4 100 96
4 100 105
4 100 106
4 101 17
4 101 44
4 101 66
4 101 79
4 101 82
4 101 87
4 101 93
4 101 95
4 101 105
4 102 54
4 102 58
4 102 61
4 102 73
4 102 77
4 102 81
4 102 82
4 102 86
4 102 90
4 103 45
4 103 60
4 103 65
4 103 74
4 103 76
4 103 85
4 103 96
4 103 101
4 103 108
4 104 19
4 104 34
4 104 43
4 104 49
4 104 52
4 104 70
4 104 75
4 104 77
4 104 83
4 104 88
4 104 100
4 104 102
4 104 108
4 105 12
4 105 20
4 105 59
4 105 74
4 105 88
4 105 97