505
6
116 132 117 199 114 122
6628

995 0 10 43 722 513 0 0 174 0 81 333 0 837 221 273 0 947 0 0 0 568 790 117 659 827 0 816 0 0 0 0 0 0 0 334 0 514 0 0 228 0 0 650 0 778 485 981 0 367 572 317 486 111 919 798 0 927 456 634 325 0 0 0 719 0 0 108 0 0 289 355 78 399 26 74 39 0 99 97 0 44 36 57 0 0 41 0 88 10 0 26 29 0 0 0 35 0 0 17 7 0 0 47 0 8 0 0 0 71 99 0 0 0 0 0
0 0 108 153 262 212 902 0 377 0 0 0 0 615 0 0 851 0 503 916 127 0 695 746 0 768 422 0 0 0 125 0 527 744 569 0 193 0 531 462 974 0 0 386 400 488 0 0 916 0 0 300 673 0 0 256 0 0 0 0 0 0 15 571 0 0 0 0 399 0 0 652 355 604 321 802 0 353 576 802 929 167 470 296 42 0 0 0 0 93 76 0 0 0 0 37 14 77 67 0 65 6 0 21 72 90 77 89 0 74 0 96 49 86 0 20 0 57 5 0 0 100 0 0 41 0 48 0 0 0 0 91
721 0 191 0 288 0 0 160 0 0 460 0 0 320 273 970 0 271 0 713 0 0 0 0 641 0 188 192 608 177 517 0 178 0 243 466 726 631 61 359 0 193 12 0 63 0 0 0 677 983 530 0 0 0 0 0 0 0 138 99 454 767 0 722 0 543 0 0 0 582 0 0 0 0 0 0 39 0 0 60 0 0 94 0 0 46 0 0 59 0 99 22 0 7 80 93 0 25 0 16 0 0 87 78 0 0 55 0 84 61 23 99 42 11 0 0 80
0 0 997 0 0 0 0 878 117 0 967 508 614 452 0 295 972 351 0 0 0 0 850 0 0 422 0 0 0 642 180 927 0 345 0 0 0 791 0 10 0 174 0 0 0 0 0 92 0 448 0 920 252 0 0 424 0 222 525 528 0 340 0 0 0 0 37 0 776 0 672 34 591 551 783 517 0 628 206 976 138 140 0 498 0 0 0 184 335 459 420 0 607 116 0 190 0 0 0 0 0 0 0 906 0 278 136 20 20 86 304 0 81 346 81 0 0 0 0 326 947 431 343 942 0 0 0 0 0 0 0 0 0 0 6 55 0 27 50 67 0 31 0 5 6 2 0 0 0 0 0 0 0 0 18 0 18 20 31 8 0 0 23 1 0 0 42 0 9 0 0 0 0 0 96 84 6 98 36 99 73 26 35 0 0 0 13 0 34 0 56 0 0 28 52 98 0 0 41
0 0 380 786 0 233 0 0 111 666 0 731 232 557 0 0 648 957 0 0 0 0 0 871 111 0 950 864 0 0 0 0 908 553 690 499 0 0 765 0 0 769 924 833 0 0 667 347 503 56 210 704 0 0 0 0 0 0 0 0 0 614 0 929 224 930 769 64 0 0 343 0 981 59 97 98 0 0 67 76 91 0 17 43 11 0 0 0 0 0 0 69 0 65 78 20 55 0 5 50 0 10 0 83 0 0 0 0 11 0 0 2 0 31
0 705 0 0 476 0 665 0 670 0 0 11 0 353 701 418 0 0 677 0 0 875 0 0 0 0 646 262 0 620 0 0 260 170 0 0 146 573 167 0 0 0 440 831 66 0 0 0 0 270 453 175 0 319 193 0 399 887 152 443 392 525 0 577 564 376 0 798 0 0 278 920 706 454 0 303 469 27 0 7 0 19 0 0 0 0 0 0 36 0 0 66 63 61 88 45 17 0 0 13 54 0 0 0 98 82 0 0 0 0 7 62 0 72 0 74 0 0 0 0 0 0

0 0 15
0 0 19
0 0 37
0 0 42
0 0 52
0 0 68
0 0 73
0 0 81
0 0 83
0 0 119
0 0 120
0 0 123
0 1 28
0 1 35
0 1 55
0 1 61
0 1 68
0 1 94
0 1 95
0 1 97
0 1 119
0 1 124
0 2 7
0 2 18
0 2 22
0 2 35
0 2 37
0 2 59
0 2 63
0 2 87
0 2 90
0 2 93
0 2 120
0 2 127
0 3 0
0 3 22
0 3 23
0 3 30
0 3 34
0 3 47
0 3 51
0 3 58
0 3 60
0 3 74
0 3 88
0 3 98
0 3 99
0 3 104
0 3 105
0 4 12
0 4 18
0 4 23
0 4 27
0 4 30
0 4 42
0 4 53
0 4 71
0 4 75
0 4 116
0 4 117
0 5 8
0 5 13
0 5 19
0 5 23
0 5 27
0 5 30
0 5 37
0 5 44
0 5 63
0 5 66
0 5 81
0 5 84
0 5 99
0 5 114
0 5 125
0 5 127
0 6 3
0 6 7
0 6 8
0 6 26
0 6 42
0 6 46
0 6 58
0 6 60
0 6 67
0 6 91
0 6 93
0 6 112
0 6 124
0 7 0
0 7 3
0 7 5
0 7 8
0 7 27
0 7 41
0 7 54
0 7 100
0 8 12
0 8 16
0 8 18
0 8 21
0 8 28
0 8 30
0 8 37
0 8 38
0 8 55
0 8 62
0 8 72
0 8 80
0 8 105
0 8 114
0 8 125
0 8 130
0 9 0
0 9 6
0 9 13
0 9 14
0 9 27
0 9 48
0 9 49
0 9 62
0 9 69
0 9 72
0 9 118
0 10 0
0 10 5
0 10 18
0 10 26
0 10 30
0 10 32
0 10 35
0 10 43
0 10 48
0 10 96
0 10 100
0 10 104
0 10 107
0 10 108
0 10 127
0 11 1
0 11 31
0 11 44
0 11 60
0 11 63
0 11 73
0 11 74
0 11 127
0 11 131
0 12 12
0 12 14
0 12 16
0 12 19
0 12 30
0 12 53
0 12 57
0 12 64
0 12 67
0 12 114
0 12 116
0 13 13
0 13 32
0 13 45
0 13 52
0 13 53
0 13 74
0 13 77
0 13 82
0 13 86
0 14 0
0 14 1
0 14 25
0 14 31
0 14 33
0 14 40
0 14 47
0 14 55
0 14 77
0 14 79
0 14 93
0 14 119
0 15 4
0 15 49
0 15 57
0 15 61
0 15 70
0 15 71
0 15 81
0 15 85
0 15 86
0 15 87
0 15 101
0 15 115
0 16 13
0 16 16
0 16 29
0 16 36
0 16 42
0 16 52
0 16 55
0 16 67
0 16 68
0 16 95
0 16 97
0 16 102
0 16 118
0 16 124
0 17 2
0 17 7
0 17 19
0 17 25
0 17 30
0 17 49
0 17 68
0 17 70
0 17 78
0 17 79
0 17 92
0 17 97
0 17 107
0 17 118
0 18 4
0 18 19
0 18 34
0 18 42
0 18 47
0 18 51
0 18 67
0 18 77
0 18 83
0 18 88
0 18 103
0 18 123
0 18 128
0 19 5
0 19 11
0 19 15
0 19 19
0 19 20
0 19 21
0 19 26
0 19 44
0 19 57
0 19 66
0 19 72
0 19 73
0 19 75
0 19 110
0 19 116
0 19 123
0 20 10
0 20 14
0 20 34
0 20 49
0 20 56
0 20 62
0 20 66
0 20 72
0 20 76
0 20 80
0 20 114
0 20 125
0 20 128
0 21 4
0 21 5
0 21 10
0 21 11
0 21 16
0 21 21
0 21 25
0 21 41
0 21 42
0 21 43
0 21 50
0 21 58
0 21 61
0 21 69
0 21 74
0 21 86
0 21 88
0 21 103
0 21 111
0 22 8
0 22 10
0 22 31
0 22 34
0 22 56
0 22 58
0 22 80
0 22 83
0 22 90
0 23 7
0 23 13
0 23 19
0 23 21
0 23 27
0 23 36
0 23 37
0 23 46
0 23 50
0 23 64
0 23 73
0 23 76
0 23 90
0 23 92
0 23 96
0 23 100
0 24 0
0 24 1
0 24 7
0 24 11
0 24 26
0 24 32
0 24 43
0 24 46
0 24 50
0 24 51
0 24 59
0 24 68
0 24 76
0 24 79
0 24 82
0 24 85
0 24 87
0 24 89
0 24 131
0 25 9
0 25 14
0 25 17
0 25 18
0 25 27
0 25 45
0 25 50
0 25 70
0 25 76
0 25 112
0 25 122
0 26 11
0 26 29
0 26 37
0 26 58
0 26 65
0 26 88
0 26 97
0 26 122
0 26 129
0 27 5
0 27 30
0 27 40
0 27 75
0 27 79
0 27 81
0 27 88
0 27 91
0 27 100
0 27 119
0 28 4
0 28 15
0 28 17
0 28 27
0 28 28
0 28 36
0 28 41
0 28 63
0 28 70
0 28 75
0 28 79
0 28 82
0 28 120
0 29 11
0 29 33
0 29 34
0 29 38
0 29 44
0 29 45
0 29 59
0 29 102
0 29 103
0 29 113
0 29 117
0 29 118
0 30 28
0 30 30
0 30 51
0 30 53
0 30 54
0 30 55
0 30 74
0 30 82
0 30 89
0 30 106
0 30 118
0 31 19
0 31 27
0 31 29
0 31 45
0 31 47
0 31 54
0 31 57
0 31 68
0 31 73
0 31 74
0 31 110
0 32 3
0 32 6
0 32 7
0 32 15
0 32 16
0 32 50
0 32 51
0 32 77
0 32 81
0 32 116
0 33 8
0 33 13
0 33 14
0 33 18
0 33 40
0 33 52
0 33 55
0 33 57
0 33 61
0 33 65
0 33 70
0 33 74
0 33 75
0 33 95
0 33 99
0 33 117
0 33 118
0 34 3
0 34 27
0 34 36
0 34 51
0 34 53
0 34 61
0 34 67
0 34 68
0 34 75
0 34 87
0 34 94
0 34 101
0 34 126
0 35 5
0 35 27
0 35 32
0 35 79
0 35 85
0 35 86
0 35 93
0 35 113
0 36 9
0 36 45
0 36 64
0 36 71
0 36 80
0 36 97
0 37 7
0 37 16
0 37 23
0 37 25
0 37 29
0 37 31
0 37 48
0 37 50
0 37 82
0 37 86
0 37 90
0 37 124
0 38 4
0 38 8
0 38 18
0 38 41
0 38 71
0 38 86
0 38 91
0 38 106
0 38 113
0 38 119
0 38 127
0 39 5
0 39 19
0 39 47
0 39 57
0 39 68
0 39 71
0 39 83
0 39 130
0 40 28
0 40 43
0 40 44
0 40 55
0 40 70
0 40 80
0 40 114
0 41 6
0 41 8
0 41 17
0 41 31
0 41 36
0 41 42
0 41 71
0 41 82
0 41 94
0 41 106
0 41 113
0 42 27
0 42 36
0 42 55
0 42 62
0 42 63
0 42 65
0 42 68
0 42 69
0 42 74
0 42 112
0 42 115
0 43 0
0 43 15
0 43 17
0 43 35
0 43 42
0 43 43
0 43 59
0 43 65
0 43 77
0 43 90
0 43 101
0 43 115
0 43 117
0 43 121
0 43 131
0 44 16
0 44 19
0 44 24
0 44 35
0 44 48
0 44 54
0 44 58
0 44 59
0 44 60
0 44 62
0 44 64
0 44 80
0 44 102
0 45 4
0 45 22
0 45 45
0 45 85
0 45 103
0 45 108
0 45 114
0 46 24
0 46 37
0 46 45
0 46 66
0 46 113
0 46 115
0 46 124
0 46 127
0 47 3
0 47 26
0 47 37
0 47 43
0 47 47
0 47 56
0 47 61
0 47 65
0 47 88
0 47 89
0 47 97
0 47 100
0 47 105
0 47 124
0 47 128
0 48 16
0 48 17
0 48 20
0 48 26
0 48 43
0 48 44
0 48 49
0 48 50
0 48 56
0 48 61
0 48 66
0 48 70
0 48 83
0 48 90
0 48 96
0 48 116
0 48 124
0 49 1
0 49 3
0 49 4
0 49 32
0 49 41
0 49 57
0 49 62
0 49 70
0 49 76
0 50 7
0 50 9
0 50 16
0 50 36
0 50 47
0 50 48
0 50 49
0 50 55
0 50 56
0 50 65
0 50 83
0 50 87
0 50 103
0 50 104
0 50 121
0 50 126
0 51 5
0 51 13
0 51 24
0 51 27
0 51 33
0 51 37
0 51 45
0 51 70
0 51 80
0 51 92
0 51 95
0 51 96
0 51 112
0 51 114
0 51 125
0 52 6
0 52 11
0 52 14
0 52 27
0 52 30
0 52 41
0 52 46
0 52 56
0 52 65
0 52 79
0 52 80
0 52 81
0 52 98
0 52 118
0 53 20
0 53 29
0 53 34
0 53 38
0 53 55
0 53 64
0 53 66
0 53 70
0 53 122
0 54 6
0 54 8
0 54 15
0 54 25
0 54 27
0 54 44
0 54 48
0 54 61
0 54 72
0 54 79
0 54 83
0 54 114
0 54 131
0 55 2
0 55 11
0 55 21
0 55 30
0 55 56
0 55 58
0 55 63
0 55 70
0 55 76
0 55 104
0 55 108
0 56 1
0 56 10
0 56 12
0 56 31
0 56 63
0 56 83
0 56 86
0 57 4
0 57 6
0 57 9
0 57 12
0 57 14
0 57 20
0 57 25
0 57 35
0 57 40
0 57 60
0 57 71
0 57 78
0 57 89
0 57 120
0 58 12
0 58 24
0 58 31
0 58 36
0 58 37
0 58 41
0 58 65
0 58 79
0 58 102
0 58 106
0 58 122
0 58 125
0 59 9
0 59 10
0 59 57
0 59 70
0 59 81
0 59 88
0 59 96
0 59 121
0 59 131
0 60 3
0 60 11
0 60 14
0 60 17
0 60 22
0 60 30
0 60 33
0 60 38
0 60 47
0 60 59
0 60 60
0 60 68
0 60 76
0 60 77
0 60 81
0 60 83
0 60 85
0 60 92
0 60 102
0 61 8
0 61 11
0 61 24
0 61 34
0 61 48
0 61 50
0 61 52
0 61 55
0 61 59
0 61 72
0 61 80
0 61 83
0 61 108
0 61 128
0 62 12
0 62 17
0 62 21
0 62 38
0 62 52
0 62 68
0 62 115
0 63 18
0 63 20
0 63 82
0 63 91
0 63 94
0 63 118
0 63 128
0 63 130
0 64 9
0 64 16
0 64 21
0 64 32
0 64 35
0 64 36
0 64 38
0 64 53
0 64 61
0 64 86
0 64 92
0 65 11
0 65 13
0 65 29
0 65 35
0 65 36
0 65 38
0 65 54
0 65 62
0 65 72
0 65 74
0 65 85
0 65 90
0 65 93
0 65 117
0 66 2
0 66 4
0 66 20
0 66 36
0 66 39
0 66 41
0 66 60
0 66 63
0 66 71
0 66 73
0 66 79
0 66 80
0 66 85
0 66 95
0 66 97
0 66 99
0 66 113
0 66 115
0 66 116
0 66 130
0 67 0
0 67 3
0 67 17
0 67 22
0 67 44
0 67 61
0 67 76
0 67 91
0 67 102
0 68 1
0 68 3
0 68 9
0 68 13
0 68 64
0 68 66
0 68 81
0 68 92
0 69 10
0 69 25
0 69 46
0 69 70
0 69 71
0 69 107
0 69 128
0 70 11
0 70 31
0 70 35
0 70 37
0 70 38
0 70 54
0 70 68
0 70 71
0 70 77
0 70 100
0 70 121
0 70 129
0 71 3
0 71 8
0 71 14
0 71 31
0 71 50
0 71 52
0 71 81
0 71 127
0 72 9
0 72 14
0 72 28
0 72 45
0 72 49
0 72 52
0 72 68
0 72 77
0 72 81
0 72 86
0 72 124
0 72 130
0 73 13
0 73 18
0 73 35
0 73 44
0 73 54
0 73 66
0 73 75
0 73 81
0 73 89
0 73 122
0 73 127
0 74 7
0 74 80
0 74 93
0 75 28
0 75 32
0 75 43
0 75 58
0 75 92
0 75 101
0 75 123
0 76 1
0 76 38
0 76 40
0 76 56
0 76 67
0 76 72
0 76 79
0 76 93
0 76 109
0 77 20
0 77 21
0 77 43
0 77 99
0 77 107
0 78 9
0 78 15
0 78 25
0 78 26
0 78 32
0 78 63
0 78 67
0 78 79
0 78 98
0 78 109
0 78 112
0 79 11
0 79 50
0 79 60
0 79 63
0 79 80
0 79 81
0 79 83
0 79 85
0 79 130
0 80 34
0 80 62
0 80 79
0 80 80
0 80 111
0 81 16
0 81 27
0 81 31
0 81 38
0 81 80
0 81 83
0 82 7
0 82 8
0 82 26
0 82 58
0 82 63
0 82 73
0 82 102
0 82 125
0 83 8
0 83 10
0 83 32
0 83 38
0 83 39
0 83 64
0 83 65
0 83 86
0 83 113
0 83 120
0 84 7
0 84 58
0 84 64
0 84 65
0 84 70
0 84 80
0 84 83
0 84 84
0 84 90
0 84 101
0 85 1
0 85 20
0 85 46
0 85 80
0 85 88
0 85 104
0 85 115
0 86 9
0 86 40
0 86 52
0 86 53
0 86 59
0 86 88
0 86 109
0 86 128
0 87 8
0 87 11
0 87 16
0 87 47
0 87 63
0 87 84
0 87 94
0 88 4
0 88 27
0 88 42
0 88 59
0 88 66
0 88 70
0 88 94
0 89 1
0 89 27
0 89 33
0 89 35
0 89 52
0 89 61
0 89 80
0 89 107
0 89 121
0 89 125
0 89 129
0 90 5
0 90 7
0 90 13
0 90 20
0 90 23
0 90 34
0 90 40
0 90 54
0 90 68
0 90 73
0 90 76
0 90 128
0 90 129
0 91 23
0 91 34
0 91 98
0 91 108
0 92 9
0 92 44
0 92 80
0 93 14
0 93 23
0 93 24
0 93 32
0 93 78
0 93 90
0 93 107
0 93 111
0 94 16
0 94 45
0 94 83
0 94 101
0 95 10
0 95 18
0 95 59
0 95 67
0 95 75
0 95 107
0 96 0
0 96 4
0 96 29
0 96 43
0 96 60
0 96 81
0 96 83
0 96 105
0 97 9
0 97 12
0 97 16
0 97 53
0 97 57
0 97 69
0 97 72
0 97 80
0 97 93
0 98 1
0 98 12
0 98 30
0 98 36
0 98 50
0 98 57
0 98 58
0 98 63
0 98 68
0 99 12
0 99 26
0 99 35
0 99 46
0 99 49
0 99 63
0 100 11
0 100 14
0 100 15
0 100 18
0 100 31
0 100 45
0 100 47
0 100 72
0 100 73
0 100 110
0 100 130
0 101 8
0 101 14
0 101 40
0 101 42
0 101 46
0 101 47
0 101 60
0 101 116
0 101 129
0 101 131
0 102 14
0 102 62
0 102 82
0 102 115
0 103 7
0 103 8
0 103 41
0 103 57
0 103 65
0 103 67
0 103 86
0 103 121
0 103 126
0 104 2
0 104 5
0 104 25
0 104 31
0 104 46
0 104 53
0 104 62
0 104 71
0 104 75
0 104 82
0 104 102
0 104 108
0 105 38
0 105 60
0 105 65
0 105 72
0 105 108
0 105 123
0 105 124
0 106 15
0 106 24
0 106 27
0 106 30
0 106 33
0 106 71
0 106 96
0 106 99
0 106 109
0 107 18
0 107 23
0 107 123
0 108 7
0 108 30
0 108 34
0 108 43
0 108 67
0 108 126
0 109 53
0 109 61
0 109 66
0 109 75
0 109 76
0 109 92
0 110 11
0 110 17
0 111 19
0 111 22
0 111 23
0 111 44
0 112 3
0 112 15
0 112 25
0 112 26
0 112 48
0 112 50
0 112 67
0 112 69
0 112 72
0 112 77
0 112 117
0 113 21
0 113 24
0 113 26
0 113 39
0 113 47
0 113 57
0 113 62
0 113 81
0 113 115
0 114 4
0 114 6
0 114 8
0 114 28
0 114 29
0 114 39
0 114 59
0 114 63
0 114 65
0 114 77
0 114 80
0 114 102
0 114 105
0 114 118
0 114 127
0 114 131
0 115 29
0 115 41
0 115 44
0 115 47
0 115 83
0 115 99
0 115 124
0 115 127
1 0 2
1 0 13
1 0 24
1 0 31
1 0 42
1 0 45
1 0 55
1 0 77
1 0 86
1 0 113
1 1 0
1 1 26
1 1 28
1 1 43
1 1 45
1 1 50
1 1 52
1 1 63
1 1 67
1 1 81
1 1 109
1 2 5
1 2 12
1 2 13
1 2 18
1 2 25
1 2 62
1 2 69
1 2 71
1 2 82
1 2 105
1 3 6
1 3 17
1 3 31
1 3 36
1 3 48
1 3 59
1 3 60
1 3 61
1 3 62
1 3 65
1 3 82
1 3 105
1 4 9
1 4 13
1 4 24
1 4 49
1 4 72
1 4 75
1 4 108
1 5 4
1 5 19
1 5 30
1 5 34
1 5 38
1 5 57
1 5 63
1 5 74
1 5 76
1 5 81
1 6 8
1 6 11
1 6 12
1 6 18
1 6 20
1 6 33
1 6 34
1 6 39
1 6 50
1 6 56
1 6 87
1 6 102
1 7 4
1 7 10
1 7 15
1 7 22
1 7 29
1 7 31
1 7 36
1 7 51
1 7 59
1 7 65
1 7 68
1 7 73
1 7 79
1 7 81
1 7 100
1 7 107
1 7 115
1 7 116
1 8 1
1 8 6
1 8 14
1 8 24
1 8 29
1 8 63
1 8 66
1 8 68
1 8 80
1 8 83
1 8 94
1 8 96
1 8 97
1 8 113
1 9 19
1 9 23
1 9 34
1 9 41
1 9 43
1 10 7
1 10 9
1 10 10
1 10 21
1 10 22
1 10 23
1 10 30
1 10 36
1 10 40
1 10 51
1 10 81
1 10 85
1 11 13
1 11 30
1 11 33
1 11 38
1 11 42
1 11 65
1 11 75
1 11 91
1 11 97
1 11 105
1 11 108
1 11 114
1 12 2
1 12 23
1 12 30
1 12 44
1 12 47
1 12 54
1 12 59
1 12 72
1 12 88
1 13 0
1 13 2
1 13 16
1 13 24
1 13 26
1 13 33
1 13 47
1 13 60
1 13 68
1 13 71
1 13 104
1 14 2
1 14 13
1 14 30
1 14 33
1 14 35
1 14 50
1 14 53
1 14 55
1 14 62
1 14 69
1 14 70
1 14 93
1 14 98
1 14 101
1 15 4
1 15 12
1 15 16
1 15 17
1 15 21
1 15 30
1 15 43
1 15 61
1 15 63
1 15 70
1 15 95
1 15 102
1 15 106
1 15 109
1 15 114
1 16 13
1 16 14
1 16 19
1 16 23
1 16 24
1 16 50
1 16 63
1 16 76
1 16 80
1 17 5
1 17 15
1 17 16
1 17 24
1 17 42
1 17 48
1 17 51
1 17 58
1 17 60
1 17 67
1 17 95
1 17 110
1 17 114
1 17 116
1 18 34
1 18 35
1 18 46
1 18 56
1 18 71
1 18 86
1 18 94
1 18 105
1 18 114
1 19 8
1 19 13
1 19 16
1 19 18
1 19 28
1 19 31
1 19 39
1 19 49
1 19 63
1 19 64
1 19 85
1 19 90
1 19 92
1 19 109
1 19 111
1 20 2
1 20 3
1 20 28
1 20 36
1 20 38
1 20 56
1 20 58
1 20 75
1 20 104
1 21 18
1 21 27
1 21 30
1 21 53
1 21 68
1 21 78
1 21 85
1 21 97
1 21 99
1 21 108
1 22 3
1 22 10
1 22 11
1 22 18
1 22 45
1 22 52
1 22 65
1 22 67
1 22 76
1 22 92
1 22 99
1 22 115
1 23 2
1 23 6
1 23 10
1 23 16
1 23 18
1 23 21
1 23 22
1 23 27
1 23 40
1 23 92
1 23 94
1 23 97
1 24 0
1 24 1
1 24 10
1 24 19
1 24 34
1 24 40
1 24 46
1 24 52
1 24 62
1 24 66
1 24 94
1 24 99
1 25 1
1 25 21
1 25 40
1 25 63
1 25 64
1 25 67
1 25 68
1 25 83
1 25 114
1 26 1
1 26 13
1 26 21
1 26 25
1 26 29
1 26 35
1 26 36
1 26 37
1 26 41
1 26 51
1 26 62
1 26 70
1 26 77
1 26 79
1 26 91
1 26 97
1 26 104
1 27 2
1 27 7
1 27 11
1 27 29
1 27 64
1 27 69
1 27 91
1 28 1
1 28 16
1 28 40
1 28 45
1 28 55
1 28 62
1 28 71
1 28 84
1 28 89
1 28 94
1 28 107
1 28 113
1 29 13
1 29 18
1 29 26
1 29 31
1 29 39
1 29 54
1 29 55
1 29 63
1 29 68
1 29 86
1 29 94
1 29 95
1 29 103
1 29 109
1 30 0
1 30 9
1 30 18
1 30 25
1 30 51
1 30 54
1 30 56
1 30 61
1 30 64
1 30 73
1 30 75
1 30 89
1 30 99
1 30 116
1 31 7
1 31 30
1 31 41
1 31 54
1 31 57
1 31 64
1 31 66
1 31 68
1 31 75
1 31 86
1 31 102
1 31 108
1 32 7
1 32 15
1 32 19
1 32 42
1 32 62
1 32 68
1 32 69
1 32 92
1 32 97
1 32 104
1 33 15
1 33 16
1 33 34
1 33 63
1 33 84
1 33 104
1 33 107
1 34 0
1 34 2
1 34 19
1 34 29
1 34 38
1 34 53
1 34 57
1 34 59
1 34 72
1 34 91
1 34 97
1 34 100
1 34 113
1 34 114
1 35 8
1 35 15
1 35 18
1 35 24
1 35 33
1 35 42
1 35 44
1 35 45
1 35 50
1 35 59
1 35 62
1 35 70
1 36 9
1 36 17
1 36 23
1 36 28
1 36 29
1 36 31
1 36 32
1 36 38
1 36 42
1 36 46
1 36 48
1 36 49
1 36 64
1 36 68
1 36 104
1 37 22
1 37 28
1 37 65
1 37 95
1 37 103
1 37 113
1 37 115
1 38 0
1 38 11
1 38 21
1 38 24
1 38 43
1 38 59
1 38 68
1 38 71
1 39 1
1 39 8
1 39 36
1 39 50
1 39 53
1 39 70
1 39 86
1 39 88
1 39 111
1 40 2
1 40 6
1 40 12
1 40 20
1 40 28
1 40 35
1 40 37
1 40 60
1 40 61
1 40 69
1 40 72
1 40 73
1 40 96
1 40 99
1 40 111
1 41 4
1 41 6
1 41 14
1 41 15
1 41 21
1 41 27
1 41 31
1 41 50
1 41 59
1 41 61
1 41 74
1 41 83
1 41 85
1 41 109
1 42 13
1 42 17
1 42 22
1 42 26
1 42 37
1 42 54
1 42 56
1 42 63
1 42 64
1 42 65
1 42 67
1 42 74
1 42 78
1 42 82
1 42 90
1 42 95
1 42 97
1 42 103
1 43 9
1 43 10
1 43 16
1 43 20
1 43 31
1 43 49
1 43 52
1 43 56
1 43 59
1 43 64
1 43 65
1 43 74
1 43 75
1 43 96
1 43 110
1 43 111
1 43 114
1 44 3
1 44 10
1 44 18
1 44 29
1 44 30
1 44 57
1 44 89
1 45 7
1 45 10
1 45 26
1 45 27
1 45 45
1 45 53
1 45 56
1 45 87
1 45 96
1 45 103
1 45 105
1 46 21
1 46 28
1 46 35
1 46 38
1 46 46
1 46 56
1 46 62
1 46 88
1 46 115
1 47 5
1 47 25
1 47 35
1 47 49
1 47 65
1 47 67
1 47 85
1 47 93
1 47 96
1 47 103
1 47 116
1 48 1
1 48 15
1 48 18
1 48 19
1 48 31
1 48 34
1 48 42
1 48 52
1 48 56
1 48 73
1 48 74
1 49 1
1 49 12
1 49 69
1 49 74
1 49 108
1 49 116
1 50 33
1 50 43
1 50 57
1 50 106
1 51 5
1 51 18
1 51 26
1 51 41
1 51 42
1 51 63
1 51 71
1 51 77
1 51 78
1 52 19
1 52 35
1 52 36
1 52 41
1 52 51
1 52 52
1 52 57
1 52 63
1 52 71
1 52 72
1 52 74
1 52 81
1 52 92
1 53 48
1 53 58
1 53 64
1 53 69
1 53 73
1 53 103
1 54 1
1 54 7
1 54 15
1 54 17
1 54 21
1 54 25
1 54 30
1 54 32
1 54 60
1 54 61
1 54 62
1 54 71
1 54 94
1 54 97
1 54 99
1 54 109
1 54 114
1 55 0
1 55 8
1 55 22
1 55 24
1 55 26
1 55 46
1 55 53
1 55 69
1 55 116
1 56 6
1 56 17
1 56 28
1 56 47
1 56 56
1 56 71
1 56 109
1 56 110
1 57 12
1 57 15
1 57 49
1 57 63
1 57 66
1 57 67
1 57 68
1 57 80
1 57 93
1 57 99
1 57 100
1 57 104
1 58 0
1 58 4
1 58 6
1 58 10
1 58 50
1 58 69
1 58 85
1 58 96
1 58 101
1 58 116
1 59 0
1 59 9
1 59 16
1 59 24
1 59 53
1 59 105
1 59 108
1 60 2
1 60 3
1 60 10
1 60 15
1 60 41
1 60 49
1 60 55
1 60 76
1 60 82
1 60 106
1 60 116
1 61 12
1 61 38
1 61 40
1 61 44
1 61 54
1 61 63
1 61 68
1 61 85
1 61 94
1 61 100
1 61 104
1 61 112
1 62 5
1 62 21
1 62 45
1 62 49
1 62 61
1 62 62
1 62 65
1 62 102
1 63 6
1 63 10
1 63 25
1 63 26
1 63 35
1 63 46
1 63 52
1 63 64
1 63 65
1 63 71
1 63 100
1 64 4
1 64 8
1 64 9
1 64 12
1 64 16
1 64 21
1 64 38
1 64 48
1 64 54
1 64 72
1 64 74
1 64 88
1 65 25
1 65 29
1 65 37
1 65 44
1 65 52
1 65 56
1 65 74
1 65 83
1 65 94
1 66 7
1 66 14
1 66 15
1 66 21
1 66 43
1 66 48
1 66 59
1 66 67
1 66 91
1 67 2
1 67 39
1 67 40
1 67 53
1 67 60
1 67 73
1 67 104
1 67 108
1 67 110
1 68 39
1 68 46
1 68 60
1 68 71
1 68 91
1 69 23
1 69 37
1 69 50
1 69 62
1 69 67
1 69 75
1 69 94
1 69 103
1 69 104
1 70 4
1 70 5
1 70 34
1 70 38
1 70 45
1 70 83
1 71 3
1 71 18
1 71 32
1 71 39
1 71 52
1 71 53
1 71 59
1 71 71
1 71 73
1 71 74
1 71 92
1 71 99
1 71 110
1 72 0
1 72 6
1 72 7
1 72 11
1 72 18
1 72 31
1 72 35
1 72 42
1 72 50
1 72 57
1 72 58
1 72 59
1 72 94
1 72 100
1 72 105
1 72 109
1 72 111
1 73 7
1 73 17
1 73 24
1 73 47
1 73 58
1 73 60
1 73 71
1 73 79
1 73 86
1 73 88
1 73 94
1 73 101
1 74 1
1 74 13
1 74 27
1 74 29
1 74 36
1 74 57
1 74 62
1 74 69
1 74 84
1 74 91
1 74 102
1 74 107
1 74 113
1 74 114
1 75 2
1 75 12
1 75 13
1 75 29
1 75 34
1 75 40
1 75 41
1 75 47
1 75 49
1 75 65
1 75 70
1 75 72
1 75 105
1 75 113
1 76 12
1 76 17
1 76 32
1 76 37
1 76 43
1 76 61
1 76 85
1 76 104
1 77 3
1 77 49
1 77 69
1 77 73
1 77 75
1 77 108
1 78 14
1 78 22
1 78 23
1 78 35
1 78 49
1 78 50
1 78 54
1 78 55
1 78 60
1 78 61
1 78 66
1 78 97
1 78 100
1 78 108
1 79 12
1 79 20
1 79 28
1 79 36
1 79 44
1 79 46
1 79 66
1 79 72
1 79 87
1 80 1
1 80 3
1 80 20
1 80 30
1 80 37
1 80 49
1 80 98
1 80 116
1 81 3
1 81 19
1 81 24
1 81 38
1 81 57
1 81 60
1 81 63
1 81 65
1 81 69
1 81 72
1 81 79
1 81 107
1 82 2
1 82 6
1 82 9
1 82 10
1 82 11
1 82 21
1 82 22
1 82 26
1 82 50
1 82 56
1 82 57
1 82 74
1 82 91
1 82 94
1 82 100
1 82 101
1 82 112
1 83 10
1 83 17
1 83 23
1 83 30
1 83 31
1 83 48
1 83 50
1 83 75
1 83 116
1 84 2
1 84 10
1 84 24
1 84 57
1 84 66
1 84 92
1 85 2
1 85 5
1 85 16
1 85 20
1 85 37
1 85 60
1 85 76
1 85 89
1 86 40
1 86 47
1 86 53
1 86 60
1 86 62
1 86 99
1 86 103
1 86 111
1 86 114
1 87 11
1 87 14
1 87 15
1 87 20
1 87 26
1 87 34
1 87 46
1 87 49
1 87 67
1 87 71
1 87 80
1 87 90
1 87 100
1 88 24
1 88 56
1 88 67
1 88 83
1 88 85
1 88 88
1 89 0
1 89 4
1 89 16
1 89 17
1 89 31
1 89 39
1 89 57
1 89 60
1 89 64
1 90 0
1 90 1
1 90 32
1 90 34
1 90 71
1 90 80
1 90 92
1 90 110
1 91 40
1 91 54
1 91 56
1 91 57
1 91 65
1 91 69
1 91 98
1 92 6
1 92 20
1 92 28
1 92 33
1 92 55
1 92 67
1 92 76
1 92 99
1 92 106
1 92 108
1 93 36
1 93 69
1 93 83
1 94 5
1 94 7
1 94 12
1 94 19
1 94 42
1 94 45
1 94 46
1 94 47
1 94 48
1 94 52
1 94 63
1 94 114
1 95 1
1 95 51
1 95 66
1 96 14
1 96 26
1 96 51
1 96 57
1 96 61
1 97 1
1 97 19
1 97 20
1 97 22
1 97 44
1 97 49
1 97 79
1 97 95
1 97 113
1 98 2
1 98 30
1 98 40
1 98 58
1 98 65
1 98 67
1 98 78
1 98 93
1 98 99
1 99 5
1 99 30
1 99 42
1 99 44
1 99 46
1 99 81
1 99 94
1 100 5
1 100 31
1 100 35
1 100 36
1 100 43
1 100 44
1 100 58
1 100 75
1 101 1
1 101 10
1 101 14
1 101 59
1 101 81
1 102 4
1 102 7
1 102 16
1 102 42
1 103 13
1 103 15
1 103 21
1 103 23
1 103 47
1 103 51
1 104 85
1 105 0
1 105 17
1 105 25
1 105 28
1 105 41
1 105 43
1 105 105
1 106 4
1 106 30
1 106 48
1 106 58
1 106 67
1 106 114
1 107 3
1 107 10
1 107 39
1 107 49
1 107 67
1 107 95
1 107 105
1 107 115
1 108 4
1 108 18
1 108 39
1 108 52
1 108 98
1 108 113
1 109 8
1 109 12
1 109 43
1 109 58
1 109 64
1 109 65
1 109 92
1 109 106
1 110 19
1 110 42
1 110 46
1 110 56
1 110 62
1 110 71
1 110 86
1 110 109
1 111 14
1 111 65
1 111 111
1 112 41
1 112 45
1 112 83
1 112 114
1 113 40
1 113 56
1 113 69
1 113 70
1 113 109
1 114 19
1 114 40
1 114 96
1 115 4
1 115 10
1 115 28
1 115 29
1 115 32
1 115 54
1 115 88
1 115 111
1 116 72
1 116 79
1 116 98
1 117 7
1 117 12
1 117 15
1 117 18
1 117 44
1 117 48
1 117 51
1 117 61
1 117 85
1 118 5
1 118 27
1 118 42
1 118 47
1 118 59
1 118 63
1 118 64
1 118 82
1 118 97
1 118 99
1 118 103
1 119 12
1 119 14
1 119 33
1 119 34
1 119 47
1 119 48
1 119 50
1 119 58
1 119 72
1 119 74
1 119 77
1 119 81
1 119 100
1 120 5
1 120 24
1 120 39
1 120 47
1 120 59
1 120 64
1 121 63
1 121 112
1 122 2
1 122 27
1 122 41
1 122 53
1 123 27
1 123 29
1 123 36
1 123 46
1 123 70
1 123 110
1 124 2
1 124 23
1 124 71
1 125 15
1 125 54
1 125 56
1 125 74
1 125 79
1 126 1
1 126 6
1 126 18
1 126 20
1 126 28
1 126 54
1 126 60
1 126 65
1 126 74
1 127 24
1 127 34
1 127 65
1 127 66
1 127 98
1 128 36
1 128 40
1 128 48
1 128 50
1 128 60
1 128 66
1 128 114
1 129 1
1 129 20
1 129 27
1 129 43
1 129 53
1 129 61
1 129 69
1 129 90
1 129 92
1 130 30
1 130 31
1 130 32
1 130 42
1 130 45
1 130 46
1 130 59
1 130 60
1 130 66
1 130 67
1 130 93
1 131 7
1 131 13
1 131 26
1 131 35
1 131 38
1 131 50
1 131 61
1 131 62
1 131 95
2 0 4
2 0 23
2 0 39
2 0 40
2 0 44
2 0 65
2 0 77
2 0 83
2 0 132
2 0 190
2 1 23
2 1 31
2 1 36
2 1 42
2 1 57
2 1 63
2 1 91
2 1 94
2 1 123
2 1 125
2 1 136
2 1 152
2 1 157
2 1 197
2 2 6
2 2 10
2 2 30
2 2 35
2 2 44
2 2 52
2 2 59
2 2 73
2 2 77
2 2 80
2 2 92
2 2 111
2 2 120
2 2 161
2 2 168
2 2 169
2 2 171
2 2 173
2 2 181
2 2 188
2 2 196
2 3 15
2 3 33
2 3 72
2 3 98
2 3 129
2 3 142
2 3 192
2 4 12
2 4 17
2 4 64
2 4 66
2 4 102
2 4 104
2 4 113
2 4 117
2 4 125
2 4 130
2 4 137
2 4 155
2 5 18
2 5 27
2 5 37
2 5 39
2 5 47
2 5 65
2 5 68
2 5 90
2 5 93
2 5 100
2 5 124
2 5 145
2 5 168
2 5 173
2 5 195
2 6 3
2 6 5
2 6 11
2 6 13
2 6 29
2 6 47
2 6 76
2 6 79
2 6 90
2 6 94
2 6 106
2 6 109
2 6 130
2 6 134
2 6 135
2 6 148
2 6 161
2 6 167
2 6 195
2 7 4
2 7 8
2 7 11
2 7 52
2 7 61
2 7 70
2 7 85
2 7 93
2 7 100
2 7 104
2 7 108
2 7 113
2 7 116
2 7 117
2 7 124
2 7 131
2 7 138
2 7 145
2 7 178
2 8 26
2 8 35
2 8 56
2 8 68
2 8 77
2 8 82
2 8 84
2 8 120
2 8 122
2 8 124
2 8 157
2 8 182
2 9 8
2 9 10
2 9 24
2 9 29
2 9 36
2 9 38
2 9 49
2 9 50
2 9 71
2 9 88
2 9 89
2 9 98
2 9 114
2 9 117
2 9 122
2 9 144
2 9 160
2 9 161
2 9 195
2 10 15
2 10 20
2 10 22
2 10 63
2 10 66
2 10 72
2 10 82
2 10 87
2 10 102
2 10 104
2 10 112
2 10 114
2 10 123
2 10 151
2 10 181
2 10 182
2 10 191
2 10 193
2 10 195
2 11 27
2 11 30
2 11 40
2 11 44
2 11 48
2 11 57
2 11 58
2 11 62
2 11 64
2 11 80
2 11 101
2 11 111
2 11 162
2 11 188
2 12 1
2 12 10
2 12 14
2 12 19
2 12 40
2 12 48
2 12 54
2 12 74
2 12 81
2 12 82
2 12 90
2 12 91
2 12 94
2 12 100
2 12 111
2 12 172
2 12 174
2 13 7
2 13 26
2 13 30
2 13 33
2 13 57
2 13 60
2 13 83
2 13 111
2 13 112
2 13 115
2 13 120
2 13 121
2 13 133
2 13 147
2 13 192
2 13 198
2 14 7
2 14 8
2 14 33
2 14 37
2 14 46
2 14 79
2 14 104
2 14 105
2 14 111
2 14 112
2 14 114
2 14 142
2 14 191
2 14 195
2 15 8
2 15 15
2 15 25
2 15 32
2 15 40
2 15 43
2 15 46
2 15 58
2 15 59
2 15 87
2 15 89
2 15 99
2 15 121
2 15 180
2 16 25
2 16 36
2 16 42
2 16 53
2 16 59
2 16 64
2 16 79
2 16 87
2 16 98
2 16 102
2 16 116
2 16 122
2 16 125
2 16 135
2 16 140
2 16 149
2 16 154
2 16 167
2 16 197
2 17 11
2 17 15
2 17 32
2 17 41
2 17 55
2 17 57
2 17 89
2 17 112
2 17 116
2 17 132
2 17 151
2 17 154
2 17 156
2 17 167
2 18 6
2 18 12
2 18 40
2 18 45
2 18 46
2 18 56
2 18 82
2 18 158
2 18 172
2 18 185
2 18 190
2 18 191
2 19 9
2 19 10
2 19 19
2 19 36
2 19 65
2 19 77
2 19 102
2 19 117
2 19 127
2 19 129
2 19 132
2 19 158
2 19 163
2 19 171
2 20 3
2 20 10
2 20 13
2 20 14
2 20 15
2 20 25
2 20 28
2 20 49
2 20 55
2 20 74
2 20 81
2 20 104
2 20 111
2 20 146
2 20 151
2 20 195
2 21 23
2 21 28
2 21 30
2 21 69
2 21 86
2 21 145
2 21 150
2 21 151
2 21 155
2 22 5
2 22 7
2 22 11
2 22 34
2 22 41
2 22 64
2 22 78
2 22 83
2 22 84
2 22 92
2 22 95
2 22 103
2 22 109
2 22 111
2 22 124
2 22 166
2 22 188
2 22 198
2 23 3
2 23 5
2 23 9
2 23 35
2 23 76
2 23 94
2 23 102
2 23 110
2 23 118
2 23 125
2 23 127
2 23 144
2 23 146
2 24 1
2 24 5
2 24 7
2 24 10
2 24 35
2 24 71
2 24 74
2 24 100
2 24 103
2 24 105
2 24 108
2 24 126
2 24 132
2 24 173
2 25 9
2 25 15
2 25 18
2 25 21
2 25 35
2 25 42
2 25 72
2 25 77
2 25 96
2 25 102
2 25 105
2 25 115
2 25 119
2 25 123
2 25 145
2 25 191
2 25 197
2 26 0
2 26 21
2 26 36
2 26 47
2 26 49
2 26 53
2 26 54
2 26 63
2 26 65
2 26 68
2 26 72
2 26 75
2 26 92
2 26 106
2 26 114
2 26 121
2 26 144
2 26 146
2 26 169
2 26 196
2 27 18
2 27 26
2 27 61
2 27 63
2 27 64
2 27 74
2 27 83
2 27 91
2 27 92
2 27 115
2 27 124
2 27 140
2 27 168
2 27 181
2 27 183
2 28 20
2 28 33
2 28 81
2 28 94
2 28 121
2 28 126
2 28 151
2 28 164
2 28 186
2 28 198
2 29 23
2 29 25
2 29 27
2 29 29
2 29 36
2 29 44
2 29 53
2 29 87
2 29 94
2 29 107
2 29 118
2 29 179
2 29 180
2 29 196
2 30 8
2 30 22
2 30 25
2 30 62
2 30 64
2 30 85
2 30 99
2 30 104
2 30 118
2 30 121
2 30 151
2 30 166
2 30 169
2 30 179
2 30 193
2 31 8
2 31 23
2 31 35
2 31 43
2 31 47
2 31 63
2 31 69
2 31 78
2 31 91
2 31 128
2 31 190
2 31 198
2 32 14
2 32 21
2 32 47
2 32 56
2 32 65
2 32 79
2 32 100
2 32 104
2 32 113
2 32 122
2 32 134
2 32 153
2 32 170
2 32 179
2 33 7
2 33 11
2 33 19
2 33 26
2 33 30
2 33 45
2 33 67
2 33 70
2 33 79
2 33 80
2 33 104
2 33 115
2 33 150
2 33 188
2 33 194
2 33 197
2 34 2
2 34 31
2 34 36
2 34 41
2 34 47
2 34 50
2 34 57
2 34 61
2 34 77
2 34 79
2 34 87
2 34 122
2 34 135
2 34 158
2 34 185
2 34 189
2 34 195
2 35 4
2 35 18
2 35 19
2 35 25
2 35 50
2 35 76
2 35 78
2 35 104
2 35 105
2 35 106
2 35 125
2 35 164
2 35 178
2 36 19
2 36 31
2 36 37
2 36 45
2 36 52
2 36 58
2 36 69
2 36 70
2 36 76
2 36 93
2 36 100
2 36 103
2 36 127
2 36 138
2 36 141
2 36 153
2 36 154
2 37 6
2 37 9
2 37 19
2 37 38
2 37 39
2 37 52
2 37 63
2 37 67
2 37 77
2 37 82
2 37 94
2 37 95
2 37 104
2 37 107
2 37 124
2 37 134
2 37 138
2 37 173
2 37 197
2 38 2
2 38 20
2 38 21
2 38 24
2 38 30
2 38 45
2 38 47
2 38 70
2 38 79
2 38 117
2 38 119
2 38 127
2 38 156
2 38 158
2 38 165
2 38 184
2 39 1
2 39 3
2 39 15
2 39 18
2 39 40
2 39 45
2 39 84
2 39 90
2 39 124
2 39 128
2 39 141
2 39 155
2 39 177
2 40 6
2 40 14
2 40 18
2 40 57
2 40 77
2 40 80
2 40 86
2 40 92
2 40 106
2 40 108
2 40 114
2 40 124
2 40 126
2 40 128
2 40 137
2 40 146
2 40 169
2 40 179
2 41 1
2 41 6
2 41 8
2 41 32
2 41 44
2 41 45
2 41 49
2 41 61
2 41 66
2 41 111
2 41 152
2 41 175
2 41 184
2 41 188
2 42 10
2 42 17
2 42 24
2 42 27
2 42 31
2 42 34
2 42 35
2 42 44
2 42 52
2 42 60
2 42 68
2 42 76
2 42 84
2 42 92
2 42 98
2 42 107
2 42 108
2 42 122
2 42 181
2 43 18
2 43 38
2 43 45
2 43 73
2 43 80
2 43 81
2 43 85
2 43 99
2 43 106
2 43 114
2 43 138
2 43 139
2 43 144
2 43 171
2 44 15
2 44 26
2 44 42
2 44 66
2 44 72
2 44 81
2 44 86
2 44 106
2 44 107
2 44 114
2 44 159
2 44 170
2 44 177
2 44 182
2 44 192
2 44 193
2 45 21
2 45 35
2 45 52
2 45 58
2 45 64
2 45 74
2 45 90
2 45 96
2 45 115
2 45 117
2 45 120
2 45 133
2 45 151
2 45 175
2 45 192
2 46 30
2 46 38
2 46 40
2 46 58
2 46 59
2 46 65
2 46 72
2 46 108
2 46 109
2 46 155
2 46 156
2 46 165
2 47 0
2 47 4
2 47 17
2 47 18
2 47 36
2 47 58
2 47 87
2 47 97
2 47 145
2 47 151
2 47 154
2 47 188
2 48 1
2 48 13
2 48 39
2 48 40
2 48 48
2 48 58
2 48 63
2 48 69
2 48 103
2 48 111
2 48 115
2 48 120
2 48 187
2 49 29
2 49 31
2 49 60
2 49 61
2 49 75
2 49 135
2 49 154
2 49 169
2 49 174
2 49 180
2 49 185
2 50 31
2 50 42
2 50 45
2 50 46
2 50 67
2 50 79
2 50 94
2 50 96
2 50 101
2 50 110
2 50 124
2 50 125
2 50 127
2 50 143
2 50 163
2 50 164
2 51 4
2 51 16
2 51 18
2 51 19
2 51 22
2 51 24
2 51 28
2 51 49
2 51 56
2 51 61
2 51 62
2 51 77
2 51 102
2 51 110
2 51 113
2 51 122
2 51 143
2 51 148
2 51 153
2 51 155
2 51 176
2 51 183
2 52 24
2 52 30
2 52 37
2 52 46
2 52 72
2 52 84
2 52 86
2 52 104
2 52 105
2 52 107
2 52 119
2 52 122
2 52 125
2 52 192
2 53 9
2 53 27
2 53 29
2 53 31
2 53 36
2 53 69
2 53 79
2 53 84
2 53 91
2 53 100
2 53 105
2 53 114
2 53 125
2 53 164
2 53 177
2 53 186
2 54 7
2 54 16
2 54 29
2 54 45
2 54 74
2 54 89
2 54 102
2 54 104
2 54 106
2 54 113
2 54 116
2 54 122
2 54 159
2 54 169
2 54 180
2 55 6
2 55 11
2 55 41
2 55 66
2 55 86
2 55 88
2 55 89
2 55 106
2 55 113
2 55 162
2 56 10
2 56 22
2 56 23
2 56 27
2 56 28
2 56 30
2 56 47
2 56 56
2 56 61
2 56 63
2 56 71
2 56 76
2 56 79
2 56 88
2 56 99
2 56 101
2 56 123
2 56 132
2 56 133
2 56 158
2 56 167
2 56 168
2 56 180
2 56 196
2 57 23
2 57 41
2 57 60
2 57 66
2 57 85
2 57 86
2 57 90
2 57 94
2 57 111
2 57 123
2 57 140
2 57 145
2 57 163
2 57 196
2 58 16
2 58 34
2 58 49
2 58 51
2 58 81
2 58 93
2 58 158
2 59 17
2 59 18
2 59 39
2 59 43
2 59 80
2 59 83
2 59 98
2 59 107
2 59 108
2 59 112
2 59 114
2 59 160
2 59 180
2 59 186
2 59 187
2 59 192
2 59 196
2 59 197
2 60 2
2 60 7
2 60 14
2 60 29
2 60 45
2 60 49
2 60 72
2 60 98
2 60 101
2 60 125
2 60 142
2 60 181
2 60 195
2 61 25
2 61 38
2 61 41
2 61 80
2 61 88
2 61 97
2 61 101
2 61 104
2 61 111
2 61 126
2 61 143
2 62 3
2 62 9
2 62 33
2 62 44
2 62 64
2 62 80
2 62 82
2 62 102
2 62 103
2 62 105
2 62 112
2 62 118
2 62 171
2 62 184
2 63 5
2 63 17
2 63 28
2 63 44
2 63 58
2 63 61
2 63 74
2 63 81
2 63 105
2 63 109
2 63 129
2 63 152
2 63 162
2 63 175
2 64 1
2 64 3
2 64 4
2 64 8
2 64 9
2 64 15
2 64 47
2 64 56
2 64 66
2 64 68
2 64 69
2 64 77
2 64 79
2 64 89
2 64 105
2 64 111
2 64 113
2 64 118
2 64 153
2 64 173
2 64 185
2 64 191
2 65 16
2 65 20
2 65 59
2 65 67
2 65 70
2 65 76
2 65 84
2 65 93
2 65 98
2 65 104
2 65 107
2 65 111
2 65 121
2 65 146
2 65 170
2 66 7
2 66 10
2 66 52
2 66 55
2 66 63
2 66 67
2 66 100
2 66 109
2 66 112
2 66 139
2 66 180
2 66 181
2 67 7
2 67 29
2 67 36
2 67 50
2 67 52
2 67 61
2 67 68
2 67 74
2 67 90
2 67 95
2 67 98
2 67 115
2 67 125
2 67 133
2 67 146
2 67 158
2 67 163
2 67 179
2 68 0
2 68 4
2 68 10
2 68 24
2 68 29
2 68 36
2 68 53
2 68 60
2 68 63
2 68 65
2 68 78
2 68 98
2 68 104
2 68 110
2 68 119
2 68 120
2 68 124
2 68 133
2 68 140
2 68 174
2 68 175
2 69 5
2 69 46
2 69 56
2 69 63
2 69 68
2 69 71
2 69 85
2 69 101
2 69 107
2 69 112
2 69 124
2 69 134
2 69 147
2 69 177
2 69 188
2 70 3
2 70 9
2 70 24
2 70 29
2 70 40
2 70 45
2 70 53
2 70 72
2 70 76
2 70 87
2 70 104
2 70 126
2 70 161
2 71 5
2 71 6
2 71 12
2 71 33
2 71 63
2 71 66
2 71 70
2 71 97
2 71 100
2 71 116
2 71 120
2 71 123
2 71 161
2 71 192
2 72 4
2 72 15
2 72 24
2 72 33
2 72 46
2 72 54
2 72 62
2 72 74
2 72 76
2 72 77
2 72 82
2 72 92
2 72 110
2 72 121
2 72 173
2 72 183
2 73 38
2 73 54
2 73 60
2 73 62
2 73 63
2 73 66
2 73 73
2 73 74
2 73 76
2 73 77
2 73 85
2 73 101
2 73 104
2 73 105
2 73 113
2 73 140
2 73 153
2 73 155
2 73 184
2 73 187
2 74 35
2 74 59
2 74 70
2 74 73
2 74 93
2 74 106
2 74 108
2 74 109
2 74 156
2 74 170
2 74 178
2 75 2
2 75 33
2 75 54
2 75 63
2 75 93
2 75 97
2 75 102
2 76 25
2 76 34
2 76 38
2 76 39
2 76 74
2 76 90
2 76 115
2 76 118
2 76 170
2 77 1
2 77 7
2 77 9
2 77 22
2 77 23
2 77 24
2 77 29
2 77 31
2 77 37
2 77 60
2 77 64
2 77 96
2 77 131
2 77 135
2 78 4
2 78 14
2 78 19
2 78 26
2 78 36
2 78 37
2 78 71
2 78 117
2 78 120
2 78 151
2 78 153
2 78 189
2 79 10
2 79 11
2 79 17
2 79 20
2 79 38
2 79 67
2 79 68
2 79 99
2 79 107
2 79 154
2 80 19
2 80 23
2 80 68
2 80 77
2 80 83
2 80 84
2 80 86
2 81 3
2 81 15
2 81 38
2 81 49
2 81 57
2 81 67
2 81 93
2 81 129
2 81 135
2 81 180
2 82 26
2 82 40
2 82 60
2 82 63
2 82 67
2 82 96
2 82 183
2 83 26
2 83 27
2 83 39
2 83 43
2 83 54
2 83 81
2 83 87
2 83 100
2 83 112
2 83 154
2 83 158
2 83 163
2 83 192
2 84 7
2 84 33
2 84 59
2 84 68
2 84 87
2 84 111
2 84 171
2 85 3
2 85 15
2 85 47
2 85 49
2 85 70
2 85 98
2 85 102
2 85 108
2 85 157
2 86 3
2 86 36
2 86 149
2 86 171
2 87 23
2 87 50
2 87 70
2 87 72
2 87 102
2 87 110
2 87 120
2 87 121
2 88 3
2 88 12
2 88 24
2 88 37
2 88 44
2 88 49
2 88 53
2 88 55
2 88 60
2 88 86
2 88 100
2 88 104
2 88 126
2 88 153
2 88 164
2 89 1
2 89 15
2 89 58
2 89 59
2 89 64
2 89 90
2 89 91
2 89 101
2 89 105
2 89 106
2 89 125
2 89 147
2 89 182
2 90 12
2 90 43
2 90 65
2 90 78
2 90 94
2 90 96
2 90 99
2 90 172
2 91 21
2 91 24
2 91 61
2 91 76
2 91 78
2 91 92
2 91 113
2 91 134
2 91 146
2 91 168
2 92 2
2 92 114
2 92 121
2 92 125
2 92 158
2 92 186
2 93 3
2 93 19
2 93 33
2 93 53
2 93 63
2 93 76
2 93 87
2 93 131
2 93 193
2 94 39
2 94 40
2 94 51
2 94 84
2 94 99
2 94 108
2 94 150
2 95 6
2 95 12
2 95 19
2 95 51
2 95 65
2 95 69
2 95 86
2 95 88
2 95 91
2 95 95
2 95 168
2 96 54
2 96 159
2 96 188
2 97 8
2 97 13
2 97 27
2 97 29
2 97 38
2 97 54
2 97 77
2 97 89
2 97 100
2 97 114
2 97 121
2 97 134
2 98 43
2 98 60
2 98 64
2 98 76
2 98 81
2 98 118
2 98 158
2 98 174
2 99 0
2 99 2
2 99 13
2 99 23
2 99 24
2 99 81
2 99 113
2 99 115
2 99 138
2 99 160
2 100 2
2 100 28
2 100 39
2 100 72
2 100 78
2 100 81
2 100 107
2 100 187
2 101 19
2 101 40
2 101 41
2 101 56
2 101 102
2 101 106
2 101 120
2 101 154
2 102 70
2 102 125
2 102 154
2 102 177
2 103 30
2 103 38
2 103 58
2 103 76
2 103 189
2 104 11
2 104 21
2 104 38
2 104 45
2 104 50
2 104 55
2 104 62
2 104 67
2 104 98
2 104 104
2 104 111
2 104 114
2 105 4
2 105 33
2 105 54
2 105 70
2 105 80
2 105 141
2 105 145
2 105 160
2 105 179
2 105 180
2 105 183
2 106 8
2 106 25
2 106 28
2 106 56
2 106 58
2 106 59
2 106 89
2 106 126
2 106 132
2 106 182
2 107 16
2 107 17
2 107 20
2 107 28
2 107 29
2 107 44
2 107 52
2 107 59
2 107 114
2 107 136
2 107 166
2 107 193
2 108 5
2 108 6
2 108 10
2 108 11
2 108 14
2 108 19
2 108 31
2 108 79
2 108 96
2 108 98
2 108 126
2 108 148
2 108 152
2 108 156
2 109 13
2 109 27
2 109 47
2 109 61
2 109 181
2 110 16
2 110 17
2 110 19
2 110 21
2 110 38
2 110 50
2 110 89
2 110 94
2 110 117
2 110 141
2 110 162
2 110 168
2 111 41
2 111 79
2 111 112
2 111 118
2 111 119
2 111 141
2 111 150
2 111 160
2 111 169
2 111 198
2 112 9
2 112 63
2 112 75
2 112 76
2 112 104
2 112 107
2 112 142
2 112 172
2 112 197
2 113 13
2 113 26
2 113 27
2 113 28
2 113 30
2 113 37
2 113 52
2 113 56
2 113 59
2 113 106
2 113 107
2 113 108
2 113 112
2 113 123
2 113 154
2 114 3
2 114 30
2 114 37
2 114 50
2 114 53
2 114 72
2 114 80
2 114 88
2 114 103
2 114 129
2 114 154
2 114 169
2 115 5
2 115 10
2 115 44
2 115 73
2 115 74
2 115 78
2 115 80
2 115 104
2 115 105
2 115 125
2 115 147
2 115 154
2 115 161
2 116 3
2 116 19
2 116 23
2 116 32
2 116 41
2 116 50
2 116 86
2 116 94
2 116 98
2 116 126
2 116 146
2 116 179
3 0 1
3 0 9
3 0 12
3 0 22
3 0 24
3 0 41
3 0 46
3 0 51
3 0 54
3 0 58
3 0 73
3 1 28
3 1 36
3 1 41
3 1 53
3 1 54
3 1 55
3 1 63
3 1 64
3 1 83
3 1 89
3 1 90
3 1 106
3 2 8
3 2 10
3 2 34
3 2 51
3 2 53
3 2 67
3 2 88
3 2 91
3 3 1
3 3 7
3 3 8
3 3 27
3 3 31
3 3 34
3 3 37
3 3 49
3 3 59
3 3 60
3 3 63
3 3 80
3 3 83
3 3 95
3 3 99
3 4 3
3 4 36
3 4 42
3 4 46
3 4 59
3 4 64
3 4 68
3 4 110
3 5 19
3 5 37
3 5 47
3 5 78
3 5 104
3 6 2
3 6 12
3 6 51
3 6 54
3 6 57
3 6 59
3 6 86
3 6 109
3 7 0
3 7 5
3 7 11
3 7 23
3 7 24
3 7 40
3 7 67
3 7 72
3 7 80
3 7 98
3 8 9
3 8 12
3 8 44
3 8 47
3 8 60
3 8 62
3 8 66
3 8 75
3 9 13
3 9 16
3 9 29
3 9 38
3 9 39
3 9 41
3 9 43
3 9 47
3 9 53
3 9 58
3 9 59
3 9 66
3 9 89
3 10 9
3 10 14
3 10 37
3 10 38
3 10 69
3 10 109
3 11 7
3 11 19
3 11 41
3 11 46
3 11 53
3 11 67
3 11 69
3 11 92
3 11 100
3 11 113
3 12 37
3 12 46
3 12 50
3 12 54
3 12 64
3 12 76
3 12 96
3 12 97
3 12 102
3 13 25
3 13 28
3 13 40
3 13 47
3 13 57
3 13 58
3 13 85
3 13 90
3 13 100
3 14 5
3 14 20
3 14 26
3 14 34
3 14 43
3 14 45
3 14 62
3 14 76
3 15 8
3 15 20
3 15 27
3 15 36
3 15 54
3 15 62
3 15 72
3 15 98
3 16 47
3 16 51
3 16 62
3 16 76
3 16 86
3 16 88
3 16 108
3 17 3
3 17 14
3 17 45
3 17 48
3 17 67
3 17 68
3 17 72
3 17 85
3 18 4
3 18 16
3 18 20
3 18 21
3 18 22
3 18 24
3 18 30
3 18 35
3 18 40
3 18 47
3 18 55
3 18 57
3 18 59
3 18 63
3 18 94
3 19 0
3 19 6
3 19 9
3 19 21
3 19 23
3 19 40
3 19 51
3 19 54
3 19 67
3 19 69
3 19 75
3 19 113
3 20 15
3 20 19
3 20 38
3 20 39
3 20 44
3 20 73
3 20 78
3 20 87
3 21 8
3 21 42
3 21 57
3 21 67
3 21 71
3 21 81
3 21 85
3 21 107
3 22 1
3 22 8
3 22 12
3 22 23
3 22 25
3 22 43
3 22 45
3 22 54
3 22 61
3 22 82
3 22 88
3 22 91
3 22 108
3 23 0
3 23 2
3 23 6
3 23 10
3 23 24
3 23 27
3 23 29
3 23 34
3 23 44
3 23 45
3 23 49
3 23 51
3 23 60
3 23 74
3 23 108
3 24 5
3 24 15
3 24 29
3 24 37
3 24 61
3 24 65
3 24 72
3 24 91
3 24 97
3 24 106
3 24 111
3 25 6
3 25 7
3 25 9
3 25 12
3 25 13
3 25 26
3 25 46
3 25 55
3 25 56
3 25 87
3 25 99
3 25 100
3 26 0
3 26 3
3 26 7
3 26 12
3 26 52
3 26 53
3 26 67
3 26 82
3 26 107
3 27 43
3 27 44
3 27 55
3 27 60
3 27 96
3 27 99
3 27 113
3 28 0
3 28 15
3 28 39
3 28 55
3 28 60
3 28 82
3 28 92
3 28 97
3 28 113
3 29 0
3 29 5
3 29 34
3 29 44
3 29 75
3 29 110
3 30 21
3 30 22
3 30 31
3 30 34
3 30 44
3 30 46
3 30 52
3 30 73
3 30 75
3 30 81
3 30 82
3 30 103
3 31 1
3 31 12
3 31 14
3 31 30
3 31 40
3 31 57
3 31 82
3 31 93
3 32 0
3 32 9
3 32 27
3 32 28
3 32 56
3 32 65
3 32 67
3 32 80
3 32 91
3 33 4
3 33 6
3 33 8
3 33 35
3 33 41
3 33 44
3 33 46
3 33 48
3 33 50
3 33 51
3 33 80
3 33 95
3 33 102
3 33 105
3 33 106
3 34 1
3 34 22
3 34 26
3 34 31
3 34 35
3 34 68
3 35 17
3 35 28
3 35 29
3 35 41
3 35 54
3 35 64
3 35 74
3 35 75
3 35 78
3 35 106
3 36 0
3 36 5
3 36 14
3 36 23
3 36 46
3 36 59
3 36 69
3 36 70
3 36 74
3 36 78
3 36 98
3 36 106
3 36 109
3 36 110
3 37 9
3 37 14
3 37 24
3 37 43
3 37 73
3 37 96
3 38 1
3 38 16
3 38 27
3 38 39
3 38 41
3 38 48
3 38 49
3 38 54
3 38 58
3 38 63
3 39 6
3 39 12
3 39 13
3 39 15
3 39 28
3 39 43
3 39 49
3 39 66
3 39 72
3 39 78
3 39 85
3 39 90
3 40 10
3 40 16
3 40 25
3 40 26
3 40 35
3 40 54
3 40 55
3 40 56
3 40 104
3 41 2
3 41 5
3 41 7
3 41 34
3 41 62
3 41 65
3 41 70
3 41 71
3 41 73
3 41 77
3 41 81
3 41 92
3 41 103
3 41 105
3 42 22
3 42 24
3 42 31
3 42 49
3 42 65
3 42 66
3 42 67
3 42 78
3 43 0
3 43 42
3 43 59
3 43 87
3 43 105
3 43 106
3 43 109
3 44 5
3 44 11
3 44 16
3 44 21
3 44 45
3 44 57
3 44 66
3 44 70
3 44 71
3 44 99
3 45 1
3 45 6
3 45 8
3 45 64
3 45 67
3 45 78
3 45 81
3 45 101
3 45 112
3 46 4
3 46 22
3 46 26
3 46 51
3 46 61
3 46 69
3 46 70
3 46 77
3 46 95
3 46 97
3 46 108
3 47 4
3 47 16
3 47 32
3 47 57
3 47 65
3 47 76
3 47 83
3 47 92
3 47 102
3 47 104
3 48 25
3 48 36
3 48 57
3 48 58
3 48 59
3 48 74
3 48 81
3 48 85
3 49 20
3 49 25
3 49 30
3 49 58
3 49 70
3 49 71
3 49 100
3 50 0
3 50 37
3 50 51
3 50 65
3 50 69
3 50 70
3 50 91
3 50 99
3 51 13
3 51 15
3 51 18
3 51 25
3 51 29
3 51 35
3 51 41
3 51 54
3 51 56
3 51 58
3 51 68
3 51 113
3 52 12
3 52 17
3 52 21
3 52 29
3 52 31
3 52 43
3 52 46
3 52 49
3 52 63
3 52 72
3 52 77
3 52 84
3 52 85
3 52 93
3 53 6
3 53 11
3 53 15
3 53 46
3 53 58
3 53 59
3 53 73
3 53 79
3 53 91
3 53 92
3 54 1
3 54 8
3 54 11
3 54 20
3 54 37
3 54 38
3 54 42
3 54 113
3 55 3
3 55 30
3 55 33
3 55 46
3 55 56
3 55 86
3 56 15
3 56 16
3 56 27
3 56 38
3 56 55
3 56 113
3 57 10
3 57 16
3 57 54
3 57 60
3 57 73
3 57 97
3 57 98
3 58 39
3 58 61
3 58 88
3 58 94
3 59 4
3 59 22
3 59 25
3 59 30
3 59 32
3 59 41
3 59 61
3 59 64
3 59 89
3 60 39
3 60 41
3 60 53
3 60 62
3 60 67
3 60 86
3 61 3
3 61 10
3 61 11
3 61 28
3 61 38
3 61 40
3 61 57
3 61 63
3 61 73
3 61 104
3 62 6
3 62 9
3 62 15
3 62 16
3 62 17
3 62 37
3 62 67
3 62 109
3 63 2
3 63 17
3 63 19
3 63 38
3 63 45
3 63 58
3 63 89
3 63 105
3 64 5
3 64 7
3 64 11
3 64 35
3 64 36
3 64 54
3 64 61
3 64 70
3 64 83
3 64 85
3 64 94
3 65 13
3 65 32
3 65 42
3 65 48
3 65 49
3 65 68
3 65 99
3 65 111
3 66 3
3 66 23
3 66 36
3 66 46
3 66 56
3 66 67
3 66 89
3 66 102
3 67 7
3 67 52
3 67 54
3 67 57
3 67 66
3 67 76
3 67 77
3 67 88
3 67 102
3 68 6
3 68 19
3 68 23
3 68 32
3 68 35
3 68 44
3 68 58
3 68 68
3 68 70
3 68 86
3 68 87
3 69 2
3 69 9
3 69 12
3 69 17
3 69 24
3 69 32
3 69 35
3 69 41
3 69 42
3 69 56
3 69 57
3 69 85
3 69 109
3 69 110
3 70 14
3 70 15
3 70 22
3 70 61
3 70 66
3 70 67
3 70 86
3 70 108
3 71 0
3 71 2
3 71 11
3 71 17
3 71 23
3 71 24
3 71 66
3 71 93
3 71 113
3 72 3
3 72 37
3 72 94
3 73 13
3 73 17
3 73 28
3 73 33
3 73 39
3 73 46
3 73 48
3 73 60
3 73 62
3 73 63
3 73 66
3 73 71
3 73 85
3 73 100
3 74 1
3 74 7
3 74 23
3 74 43
3 74 69
3 74 72
3 74 81
3 74 82
3 74 83
3 74 88
3 74 98
3 75 22
3 75 34
3 75 53
3 75 61
3 75 62
3 76 2
3 76 15
3 76 24
3 76 37
3 76 64
3 76 77
3 76 84
3 76 85
3 76 102
3 77 52
3 77 54
3 77 103
3 78 19
3 78 35
3 78 50
3 78 67
3 78 82
3 78 112
3 79 21
3 79 37
3 79 49
3 79 50
3 79 52
3 79 62
3 79 63
3 79 70
3 79 80
3 79 87
3 80 16
3 80 26
3 80 33
3 80 56
3 80 66
3 80 70
3 80 94
3 80 97
3 80 100
3 80 106
3 81 3
3 81 28
3 81 37
3 81 46
3 82 8
3 82 18
3 82 29
3 82 35
3 82 51
3 82 53
3 82 58
3 82 61
3 82 75
3 82 79
3 83 28
3 83 33
3 83 35
3 83 43
3 83 48
3 83 59
3 83 67
3 83 76
3 83 86
3 83 113
3 84 6
3 84 16
3 84 20
3 84 25
3 84 38
3 84 42
3 84 49
3 84 50
3 84 58
3 84 61
3 84 68
3 84 69
3 84 82
3 85 0
3 85 1
3 85 19
3 85 23
3 85 27
3 85 33
3 85 40
3 85 42
3 85 47
3 85 50
3 85 54
3 85 57
3 85 66
3 85 78
3 86 13
3 86 28
3 86 29
3 86 44
3 86 65
3 86 71
3 86 79
3 86 104
3 87 6
3 87 14
3 87 23
3 87 34
3 87 51
3 87 62
3 87 65
3 87 72
3 87 91
3 87 98
3 88 9
3 88 25
3 88 86
3 89 10
3 89 16
3 89 18
3 89 23
3 89 41
3 89 46
3 89 51
3 89 75
3 89 82
3 89 94
3 89 98
3 90 33
3 90 47
3 90 76
3 90 77
3 90 88
3 90 95
3 90 100
3 90 101
3 90 103
3 90 105
3 91 1
3 91 2
3 91 8
3 91 12
3 91 19
3 91 22
3 91 26
3 91 38
3 91 47
3 91 108
3 92 11
3 92 17
3 92 29
3 92 35
3 92 44
3 92 45
3 92 59
3 92 91
3 92 92
3 92 102
3 92 107
3 93 14
3 93 19
3 93 26
3 93 44
3 93 46
3 93 55
3 93 63
3 93 102
3 94 13
3 94 23
3 94 27
3 94 30
3 94 36
3 94 42
3 94 47
3 94 51
3 94 70
3 94 71
3 94 111
3 95 0
3 95 16
3 95 20
3 95 23
3 95 28
3 95 37
3 95 39
3 95 59
3 95 68
3 95 75
3 95 80
3 95 98
3 95 101
3 96 19
3 96 30
3 96 32
3 96 34
3 96 38
3 96 50
3 96 62
3 96 63
3 96 74
3 96 77
3 96 89
3 96 99
3 97 1
3 97 4
3 97 18
3 97 21
3 97 40
3 97 55
3 97 60
3 97 62
3 97 112
3 97 113
3 98 7
3 98 8
3 98 11
3 98 18
3 98 19
3 98 34
3 98 35
3 98 38
3 98 51
3 98 58
3 98 61
3 98 65
3 98 68
3 98 71
3 98 78
3 98 104
3 98 106
3 99 17
3 99 50
3 99 72
3 99 74
3 99 89
3 100 7
3 100 35
3 100 43
3 100 58
3 100 70
3 100 79
3 101 6
3 101 31
3 101 38
3 101 40
3 101 42
3 101 46
3 101 53
3 101 62
3 101 76
3 102 24
3 102 28
3 102 41
3 102 45
3 102 47
3 102 64
3 102 67
3 102 73
3 102 76
3 103 0
3 103 1
3 103 14
3 103 16
3 103 26
3 103 45
3 103 47
3 103 59
3 103 86
3 103 102
3 103 108
3 103 113
3 104 13
3 104 26
3 104 37
3 104 53
3 104 57
3 104 65
3 104 73
3 105 9
3 105 29
3 105 32
3 105 33
3 105 38
3 105 41
3 105 45
3 105 86
3 105 110
3 105 113
3 106 14
3 106 49
3 106 50
3 106 60
3 106 63
3 106 71
3 106 74
3 106 76
3 106 101
3 106 113
3 107 3
3 107 26
3 107 50
3 107 55
3 107 64
3 107 76
3 107 94
3 107 101
3 107 104
3 107 111
3 108 3
3 108 10
3 108 15
3 108 22
3 108 34
3 108 40
3 108 57
3 108 77
3 108 96
3 109 9
3 109 26
3 109 28
3 109 36
3 109 38
3 109 40
3 109 46
3 109 57
3 109 69
3 109 73
3 109 78
3 109 90
3 109 98
3 109 110
3 110 10
3 110 30
3 110 37
3 110 47
3 110 71
3 110 90
3 110 95
3 110 100
3 110 112
3 111 3
3 111 14
3 111 19
3 111 40
3 111 55
3 111 64
3 111 68
3 112 5
3 112 50
3 112 52
3 112 53
3 112 55
3 112 57
3 112 58
3 112 67
3 112 92
3 112 102
3 112 105
3 113 6
3 113 15
3 113 23
3 113 25
3 113 43
3 113 55
3 113 66
3 113 69
3 113 75
3 113 88
3 113 93
3 113 110
3 114 22
3 114 34
3 114 54
3 114 55
3 114 66
3 114 87
3 114 88
3 114 99
3 115 8
3 115 15
3 115 18
3 115 23
3 115 28
3 115 35
3 115 62
3 115 64
3 115 80
3 115 94
3 115 96
3 116 18
3 116 73
3 116 96
3 116 108
3 117 2
3 117 3
3 117 19
3 117 26
3 117 46
3 117 50
3 117 51
3 117 58
3 117 60
3 117 62
3 117 66
3 117 76
3 117 82
3 117 102
3 117 112
3 118 14
3 118 38
3 118 40
3 118 44
3 118 65
3 118 94
3 118 105
3 119 0
3 119 9
3 119 15
3 119 25
3 119 34
3 119 35
3 119 50
3 119 51
3 119 70
3 119 87
3 119 88
3 119 112
3 120 1
3 120 4
3 120 19
3 120 29
3 120 31
3 120 61
3 120 64
3 120 83
3 121 10
3 121 95
3 121 106
3 121 113
3 122 13
3 122 44
3 122 45
3 122 50
3 122 81
3 122 88
3 122 94
3 122 98
3 122 102
3 123 3
3 123 15
3 123 27
3 123 32
3 123 54
3 123 59
3 123 87
3 123 99
3 123 104
3 124 2
3 124 11
3 124 36
3 124 42
3 124 57
3 124 59
3 124 67
3 124 101
3 125 26
3 125 41
3 125 44
3 125 45
3 125 47
3 125 58
3 125 65
3 125 87
3 125 98
3 125 103
3 126 1
3 126 4
3 126 18
3 126 26
3 126 30
3 126 33
3 126 37
3 126 48
3 126 55
3 126 70
3 126 80
3 126 94
3 126 109
3 126 112
3 127 21
3 127 33
3 127 46
3 127 61
3 127 81
3 127 105
3 128 51
3 128 57
3 129 16
3 129 34
3 129 47
3 129 50
3 130 10
3 130 39
3 130 40
3 130 42
3 130 55
3 130 58
3 130 63
3 130 74
3 131 5
3 131 8
3 131 23
3 131 26
3 131 46
3 131 53
3 131 67
3 131 73
3 132 31
3 132 45
3 132 58
3 133 0
3 133 12
3 133 28
3 133 34
3 133 48
3 133 57
3 133 93
3 134 12
3 134 33
3 134 36
3 134 38
3 134 69
3 134 72
3 134 109
3 135 14
3 135 20
3 135 45
3 135 57
3 135 58
3 135 68
3 135 111
3 136 1
3 136 11
3 136 24
3 136 83
3 136 91
3 136 113
3 137 3
3 137 11
3 137 18
3 137 25
3 137 30
3 137 99
3 138 6
3 138 25
3 138 32
3 138 57
3 138 71
3 138 100
3 139 9
3 139 12
3 139 16
3 139 18
3 139 19
3 140 27
3 140 35
3 140 51
3 140 57
3 140 91
3 141 0
3 141 50
3 141 54
3 141 97
3 142 29
3 143 0
3 143 21
3 143 33
3 143 40
3 143 107
3 144 1
3 144 23
3 144 32
3 144 62
3 144 67
3 145 4
3 145 74
3 146 15
3 146 22
3 146 28
3 146 51
3 146 60
3 146 93
3 147 32
3 148 16
3 148 19
3 148 31
3 148 50
3 148 70
3 148 72
3 149 9
3 149 15
3 149 66
3 149 88
3 150 11
3 150 17
3 150 24
3 150 27
3 150 50
3 150 67
3 150 101
3 151 6
3 151 8
3 151 20
3 151 61
3 151 67
3 151 70
3 151 75
3 151 78
3 151 81
3 151 82
3 152 53
3 152 106
3 152 110
3 153 23
3 153 24
3 153 35
3 153 38
3 153 48
3 153 54
3 153 59
3 153 63
3 153 84
3 154 4
3 154 22
3 154 31
3 154 33
3 154 55
3 154 61
3 154 86
3 155 6
3 155 9
3 155 21
3 155 26
3 155 31
3 155 51
3 155 66
3 155 68
3 155 70
3 155 102
3 156 2
3 156 5
3 156 54
3 157 2
3 157 28
3 157 42
3 157 68
3 157 72
3 158 16
3 158 35
3 158 111
3 159 17
3 159 73
3 159 93
3 160 23
3 161 21
3 161 30
3 161 48
3 161 88
3 162 2
3 162 60
3 162 61
3 162 99
3 163 19
3 163 25
3 163 48
3 163 97
3 163 113
3 164 8
3 164 55
3 164 101
3 165 2
3 165 25
3 165 42
3 165 94
3 165 110
3 166 23
3 166 40
3 166 41
3 166 55
3 166 65
3 167 52
3 167 77
3 167 101
3 168 8
3 168 10
3 168 22
3 168 33
3 168 34
3 168 52
3 168 54
3 168 56
3 168 68
3 168 72
3 169 23
3 169 32
3 169 44
3 169 54
3 169 58
3 169 62
3 169 69
3 169 75
3 169 83
3 170 63
3 171 7
3 171 37
3 171 45
3 171 108
3 172 84
3 173 0
3 173 38
3 173 42
3 173 67
3 173 69
3 174 26
3 174 60
3 174 63
3 175 22
3 175 25
3 175 36
3 175 48
3 175 50
3 175 60
3 175 68
3 175 71
3 175 103
3 176 5
3 176 32
3 176 48
3 176 50
3 176 51
3 177 30
3 177 64
3 177 67
3 177 69
3 177 90
3 178 51
3 178 60
3 178 64
3 179 2
3 179 55
3 179 83
3 180 21
3 180 39
3 180 106
3 181 0
3 181 12
3 181 36
3 181 43
3 181 97
3 182 23
3 182 30
3 182 31
3 182 89
3 182 100
3 183 7
3 183 15
3 183 39
3 183 43
3 183 68
3 184 26
3 184 54
3 184 60
3 184 112
3 185 50
3 185 85
3 185 102
3 186 14
3 186 18
3 186 23
3 186 54
3 186 108
3 187 43
3 187 47
3 187 48
3 187 57
3 187 71
3 187 99
3 187 109
3 188 4
3 188 23
3 188 31
3 188 32
3 188 57
3 188 59
3 188 68
3 188 71
3 188 91
3 189 5
3 189 22
3 189 25
3 189 33
3 189 42
3 189 61
3 189 84
3 189 107
3 189 110
3 190 28
3 190 38
3 190 100
3 191 0
3 191 2
3 191 76
3 191 90
3 192 27
3 192 33
3 192 37
3 192 39
3 192 53
3 192 71
3 193 13
3 193 20
3 193 71
3 193 96
3 193 102
3 194 18
3 194 21
3 194 54
3 194 82
3 194 110
3 195 13
3 195 49
3 195 61
3 195 62
3 195 87
3 196 47
3 196 69
3 196 70
3 196 77
3 196 88
3 197 0
3 197 35
3 197 44
3 197 46
3 197 57
3 198 4
3 198 16
3 198 61
3 198 73
3 198 74
4 0 12
4 0 36
4 0 64
4 0 65
4 0 68
4 0 70
4 0 72
4 0 76
4 0 90
4 0 117
4 1 35
4 1 38
4 1 43
4 1 48
4 1 59
4 1 60
4 1 61
4 1 68
4 1 114
4 2 3
4 2 5
4 2 11
4 2 41
4 2 53
4 2 57
4 2 74
4 2 90
4 3 5
4 3 35
4 3 37
4 3 38
4 3 39
4 3 48
4 3 49
4 3 51
4 3 56
4 3 66
4 3 79
4 4 18
4 4 25
4 4 27
4 4 32
4 4 41
4 4 49
4 4 54
4 4 56
4 4 68
4 4 99
4 5 8
4 5 15
4 5 21
4 5 24
4 5 35
4 5 46
4 5 48
4 5 54
4 5 65
4 5 84
4 5 95
4 6 1
4 6 2
4 6 14
4 6 28
4 6 33
4 6 50
4 6 61
4 6 67
4 6 73
4 6 75
4 6 114
4 7 27
4 7 31
4 7 36
4 7 42
4 7 50
4 7 59
4 7 83
4 7 96
4 7 101
4 7 102
4 7 109
4 7 110
4 7 111
4 8 14
4 8 16
4 8 17
4 8 30
4 8 74
4 8 87
4 8 119
4 9 21
4 9 28
4 9 29
4 9 31
4 9 32
4 9 40
4 9 53
4 9 61
4 9 67
4 9 69
4 9 76
4 9 96
4 9 110
4 9 114
4 10 25
4 10 37
4 10 70
4 10 98
4 11 10
4 11 18
4 11 25
4 11 40
4 11 50
4 11 52
4 11 53
4 11 78
4 11 93
4 11 97
4 11 102
4 11 112
4 12 4
4 12 6
4 12 12
4 12 35
4 12 38
4 12 55
4 12 60
4 12 76
4 12 88
4 13 3
4 13 10
4 13 25
4 13 34
4 13 49
4 13 68
4 13 71
4 13 90
4 14 8
4 14 20
4 14 21
4 14 22
4 14 24
4 14 26
4 14 60
4 14 63
4 14 103
4 14 114
4 14 120
4 15 8
4 15 10
4 15 16
4 15 17
4 15 19
4 15 24
4 15 27
4 15 31
4 15 36
4 15 41
4 15 62
4 15 93
4 15 94
4 15 103
4 16 0
4 16 20
4 16 39
4 16 40
4 16 42
4 16 51
4 16 54
4 16 60
4 16 79
4 16 91
4 16 94
4 16 100
4 16 108
4 17 8
4 17 10
4 17 11
4 17 17
4 17 37
4 17 95
4 17 96
4 18 8
4 18 18
4 18 19
4 18 32
4 18 41
4 18 56
4 18 64
4 18 75
4 18 80
4 18 92
4 18 100
4 19 9
4 19 24
4 19 40
4 19 61
4 19 65
4 19 75
4 19 100
4 19 107
4 19 115
4 20 8
4 20 24
4 20 42
4 20 72
4 20 73
4 20 77
4 20 120
4 21 1
4 21 7
4 21 9
4 21 19
4 21 27
4 21 30
4 21 39
4 21 50
4 21 61
4 21 76
4 21 84
4 22 24
4 22 36
4 22 42
4 22 50
4 22 56
4 22 63
4 22 100
4 22 109
4 23 3
4 23 17
4 23 22
4 23 26
4 23 34
4 23 38
4 23 40
4 23 50
4 23 54
4 23 70
4 23 73
4 23 74
4 23 114
4 23 120
4 24 2
4 24 10
4 24 46
4 24 49
4 24 63
4 24 80
4 25 1
4 25 13
4 25 21
4 25 25
4 25 28
4 25 29
4 25 31
4 25 42
4 25 55
4 25 56
4 25 74
4 25 96
4 25 113
4 25 121
4 26 2
4 26 3
4 26 10
4 26 20
4 26 43
4 26 45
4 26 54
4 26 57
4 26 64
4 26 93
4 26 94
4 27 12
4 27 29
4 27 36
4 27 37
4 27 40
4 27 42
4 27 47
4 27 57
4 27 58
4 27 62
4 27 63
4 27 65
4 27 85
4 27 96
4 27 104
4 27 110
4 27 116
4 27 119
4 28 8
4 28 15
4 28 22
4 28 28
4 28 34
4 28 65
4 28 66
4 28 74
4 28 79
4 28 90
4 28 94
4 29 1
4 29 10
4 29 32
4 29 46
4 29 56
4 29 66
4 29 67
4 29 68
4 29 71
4 29 87
4 29 108
4 30 10
4 30 18
4 30 24
4 30 47
4 30 51
4 30 54
4 30 75
4 30 80
4 30 99
4 31 1
4 31 4
4 31 9
4 31 27
4 31 30
4 31 37
4 31 56
4 31 57
4 31 74
4 31 95
4 31 106
4 32 52
4 32 63
4 32 70
4 32 92
4 32 108
4 33 2
4 33 4
4 33 5
4 33 8
4 33 21
4 33 24
4 33 51
4 33 57
4 33 58
4 33 67
4 33 83
4 33 88
4 33 111
4 33 113
4 34 2
4 34 4
4 34 14
4 34 21
4 34 27
4 34 37
4 34 38
4 34 51
4 34 70
4 34 73
4 34 79
4 34 82
4 34 110
4 35 8
4 35 23
4 35 41
4 35 47
4 35 54
4 35 71
4 35 98
4 35 100
4 35 104
4 35 120
4 36 2
4 36 9
4 36 31
4 36 32
4 36 51
4 36 59
4 36 67
4 36 68
4 36 75
4 36 101
4 36 110
4 37 0
4 37 8
4 37 14
4 37 16
4 37 30
4 37 39
4 37 41
4 37 64
4 37 67
4 37 85
4 37 96
4 37 97
4 38 18
4 38 28
4 38 44
4 38 60
4 38 63
4 38 77
4 39 0
4 39 16
4 39 19
4 39 21
4 39 35
4 39 44
4 39 46
4 39 48
4 39 50
4 39 51
4 39 54
4 39 56
4 39 59
4 40 19
4 40 31
4 40 63
4 40 99
4 40 100
4 40 120
4 41 17
4 41 20
4 41 48
4 41 49
4 41 53
4 41 62
4 41 73
4 41 76
4 41 108
4 41 112
4 41 117
4 42 0
4 42 9
4 42 21
4 42 24
4 42 31
4 42 32
4 42 33
4 42 44
4 42 45
4 42 46
4 42 49
4 42 69
4 42 99
4 42 106
4 43 3
4 43 31
4 43 32
4 43 34
4 43 36
4 43 47
4 43 65
4 43 84
4 43 91
4 43 99
4 43 101
4 43 104
4 43 120
4 44 2
4 44 24
4 44 38
4 44 43
4 44 52
4 44 56
4 44 61
4 44 65
4 44 82
4 44 91
4 44 110
4 45 1
4 45 4
4 45 36
4 45 37
4 45 41
4 45 54
4 45 73
4 45 78
4 45 80
4 45 101
4 45 105
4 45 116
4 46 12
4 46 40
4 46 42
4 46 49
4 46 50
4 46 57
4 46 62
4 46 99
4 46 107
4 46 111
4 46 119
4 47 3
4 47 29
4 47 30
4 47 32
4 47 42
4 47 47
4 47 49
4 47 55
4 47 65
4 47 67
4 47 74
4 47 84
4 47 85
4 47 102
4 47 107
4 47 111
4 48 16
4 48 19
4 48 43
4 48 55
4 48 62
4 48 92
4 48 100
4 48 103
4 48 104
4 48 105
4 48 113
4 48 114
4 49 1
4 49 6
4 49 28
4 49 30
4 49 39
4 49 44
4 49 55
4 49 56
4 49 59
4 49 69
4 49 72
4 49 74
4 49 85
4 49 118
4 50 2
4 50 13
4 50 19
4 50 29
4 50 31
4 50 35
4 50 37
4 50 43
4 50 56
4 50 66
4 50 68
4 50 73
4 50 76
4 50 86
4 51 6
4 51 12
4 51 17
4 51 27
4 51 30
4 51 52
4 51 63
4 51 65
4 51 70
4 51 86
4 51 93
4 51 99
4 51 107
4 51 112
4 52 1
4 52 3
4 52 23
4 52 27
4 52 42
4 52 43
4 52 45
4 52 50
4 52 52
4 52 56
4 52 70
4 52 108
4 52 119
4 52 121
4 53 0
4 53 6
4 53 8
4 53 16
4 53 24
4 53 34
4 53 59
4 53 60
4 53 67
4 53 85
4 53 95
4 53 97
4 53 102
4 54 4
4 54 22
4 54 35
4 54 37
4 54 43
4 54 56
4 54 62
4 54 67
4 54 69
4 54 71
4 54 75
4 54 76
4 54 80
4 54 96
4 54 99
4 55 7
4 55 24
4 55 40
4 55 64
4 55 78
4 55 83
4 55 94
4 55 103
4 55 110
4 55 113
4 55 119
4 55 120
4 56 5
4 56 17
4 56 20
4 56 22
4 56 33
4 56 37
4 56 42
4 56 44
4 56 45
4 56 51
4 56 54
4 56 73
4 56 92
4 56 94
4 56 111
4 57 0
4 57 17
4 57 19
4 57 21
4 57 27
4 57 36
4 57 43
4 57 47
4 57 51
4 57 57
4 57 58
4 57 78
4 57 92
4 57 109
4 57 117
4 57 119
4 58 12
4 58 14
4 58 19
4 58 20
4 58 32
4 58 38
4 58 47
4 58 48
4 58 51
4 58 52
4 58 70
4 58 81
4 58 87
4 58 89
4 58 92
4 59 4
4 59 10
4 59 16
4 59 21
4 59 41
4 59 52
4 59 60
4 59 91
4 59 93
4 59 100
4 60 12
4 60 26
4 60 28
4 60 48
4 60 53
4 60 64
4 60 101
4 60 113
4 61 2
4 61 13
4 61 24
4 61 25
4 61 86
4 61 94
4 61 103
4 61 104
4 62 0
4 62 28
4 62 38
4 62 39
4 62 56
4 62 59
4 62 77
4 62 80
4 62 91
4 62 96
4 62 101
4 62 108
4 63 3
4 63 49
4 63 57
4 63 75
4 63 78
4 63 95
4 63 106
4 63 113
4 64 9
4 64 17
4 64 20
4 64 34
4 64 40
4 64 64
4 64 65
4 64 85
4 64 111
4 64 119
4 65 6
4 65 12
4 65 22
4 65 36
4 65 42
4 65 49
4 65 54
4 65 60
4 65 76
4 65 78
4 65 85
4 65 87
4 65 93
4 65 111
4 66 4
4 66 11
4 66 19
4 66 23
4 66 34
4 66 36
4 66 42
4 66 62
4 66 119
4 67 4
4 67 5
4 67 11
4 67 15
4 67 16
4 67 19
4 67 32
4 67 35
4 67 37
4 67 42
4 67 53
4 67 54
4 67 66
4 67 67
4 67 80
4 67 91
4 68 0
4 68 6
4 68 18
4 68 29
4 68 41
4 68 64
4 68 108
4 68 114
4 68 116
4 69 6
4 69 7
4 69 12
4 69 14
4 69 15
4 69 17
4 69 47
4 69 48
4 69 49
4 69 51
4 69 52
4 69 54
4 69 55
4 69 73
4 70 4
4 70 7
4 70 16
4 70 21
4 70 26
4 70 40
4 70 57
4 70 58
4 70 61
4 70 76
4 70 117
4 71 14
4 71 25
4 71 33
4 71 37
4 71 39
4 71 44
4 71 52
4 71 59
4 71 67
4 71 100
4 72 24
4 72 27
4 72 33
4 72 34
4 72 35
4 72 36
4 72 37
4 72 92
4 72 112
4 72 118
4 73 4
4 73 30
4 73 32
4 73 40
4 73 50
4 73 73
4 73 113
4 74 4
4 74 28
4 74 50
4 74 68
4 74 95
4 75 11
4 75 17
4 75 35
4 75 38
4 75 102
4 75 109
4 76 4
4 76 19
4 76 21
4 76 47
4 76 52
4 76 67
4 76 70
4 76 92
4 76 114
4 77 8
4 77 29
4 77 45
4 77 68
4 77 69
4 77 87
4 77 94
4 78 8
4 78 12
4 78 31
4 78 39
4 78 48
4 78 58
4 79 3
4 79 13
4 79 49
4 79 53
4 79 66
4 79 72
4 79 92
4 79 94
4 79 118
4 80 7
4 80 37
4 80 48
4 80 64
4 80 78
4 81 19
4 81 36
4 81 39
4 81 43
4 81 46
4 81 50
4 81 69
4 81 70
4 81 72
4 82 6
4 82 40
4 82 59
4 82 74
4 82 81
4 82 82
4 82 108
4 82 119
4 83 12
4 83 21
4 83 22
4 83 31
4 83 41
4 83 46
4 83 121
4 84 7
4 84 11
4 84 90
4 85 4
4 85 14
4 85 26
4 85 35
4 85 82
4 85 93
4 85 121
4 86 4
4 86 34
4 86 39
4 86 42
4 86 63
4 86 77
4 87 1
4 87 24
4 87 59
4 88 13
4 88 21
4 88 22
4 88 38
4 88 44
4 89 56
4 89 61
4 90 2
4 90 21
4 90 39
4 90 45
4 90 71
4 90 83
4 91 5
4 91 33
4 91 44
4 91 47
4 91 59
4 91 64
4 91 65
4 92 15
4 92 17
4 92 20
4 92 44
4 92 61
4 92 71
4 92 73
4 92 76
4 92 78
4 92 120
4 93 16
4 93 25
4 93 27
4 93 87
4 94 34
4 94 54
4 94 58
4 94 61
4 94 71
4 94 106
4 94 118
4 95 10
4 95 21
4 95 27
4 95 38
4 95 53
4 95 95
4 96 8
4 96 22
4 96 23
4 96 29
4 96 41
4 96 47
4 96 53
4 96 58
4 96 68
4 96 78
4 96 101
4 96 106
4 97 36
4 97 42
4 97 58
4 97 62
4 97 102
4 97 108
4 98 10
4 98 34
4 98 37
4 98 46
4 98 74
4 98 97
4 99 1
4 99 12
4 99 20
4 99 27
4 99 35
4 99 44
4 99 86
4 99 92
4 99 104
4 99 121
4 100 10
4 100 49
4 100 69
4 100 77
4 100 101
4 100 113
4 101 11
4 101 19
4 101 24
4 101 30
4 101 51
4 101 57
4 101 71
4 101 102
4 101 116
4 101 119
4 102 22
4 102 24
4 102 29
4 102 31
4 102 32
4 102 45
4 102 61
4 102 65
4 102 73
4 102 97
4 102 107
4 103 12
4 103 23
4 103 26
4 103 45
4 103 58
4 103 73
4 103 75
4 104 15
4 104 30
4 104 40
4 104 53
4 104 66
4 104 74
4 104 79
4 104 103
4 105 19
4 105 67
4 105 80
4 105 86
4 105 98
4 105 99
4 105 118
4 106 11
4 106 13
4 106 36
4 106 42
4 106 52
4 106 70
4 107 14
4 107 25
4 107 35
4 107 38
4 107 49
4 107 61
4 107 63
4 107 68
4 108 5
4 108 12
4 108 16
4 108 29
4 108 47
4 108 48
4 108 56
4 108 59
4 108 79
4 108 112
4 109 33
4 109 36
4 109 43
4 109 74
4 109 76
4 110 23
4 110 46
4 110 56
4 110 73
4 110 79
4 110 113
4 110 116
4 110 121
4 111 6
4 111 10
4 111 20
4 111 39
4 111 105
4 112 2
4 112 3
4 112 18
4 112 19
4 112 33
4 112 71
4 112 83
4 113 5
4 113 7
4 113 21
4 113 22
4 113 26
4 113 38
4 113 39
4 113 43
4 113 51
4 113 58
4 113 67
4 113 70