13505
4
329 355 332 281
3385

0 778 473 118 639 0 789 422 852 721 857 338 722 0 140 379 627 961 0 0 826 0 0 0 474 745 0 510 424 401 408 0 0 0 2 801 137 0 0 955 553 437 410 0 670 0 0 0 0 0 37 0 568 0 0 0 0 118 0 0 185 397 438 640 634 0 815 164 688 0 0 176 0 0 0 491 0 428 0 537 908 0 668 204 117 0 963 0 715 905 0 985 0 501 0 259 277 279 0 96 0 26 0 77 0 9 65 55 28 16 97 0 0 69 9 0 61 60 0 78 88 75 0 28 81 51 100 0 100 42 0 0 33 24 0 64 0 42 0 18 76 22 0 45 0 19 34 68 0 66 78 0 99 0 0 84 55 84 3 0 0 3 5 13 81 0 58 100 60 0 69 0 0 23 15 26 83 94 30 0 0 57 0 0 0 0 18 0 0 54 58 0 17 0 91 96 0 0 0 0 54 55 93 11 44 0 0 7 17 0 32 49 0 0 0 81 41 0 0 60 39 0 13 0 45 61 0 0 0 52 94 46 0 43 0 34 0 0 50 0 46 73 8 0 0 8 79 65 12 0 0 24 0 0 44 63 0 0 0 0 0 0 0 58 0 56 96 7 0 0 0 0 62 0 79 0 18 83 74 17 0 0 0 60 70 0 44 22 18 67 37 32 0 0 14 0 19 0 0 0 29 11 37 13 0 91 0 0 25 0 6 11 96 0 0 0 72 82 36 0 0 90 0 81 74 67 0 16 23
0 0 441 0 0 0 0 394 0 964 0 651 552 0 632 0 0 0 0 0 843 0 0 0 0 0 0 0 0 0 0 0 203 0 0 0 0 0 290 36 0 689 0 416 736 846 0 0 0 0 253 195 0 0 764 480 0 161 481 562 48 803 484 90 0 0 0 613 0 0 0 710 138 67 804 604 0 0 923 0 686 747 621 0 0 0 217 0 0 0 0 0 455 0 916 871 184 0 294 596 0 373 336 92 94 0 0 0 0 0 0 0 8 0 15 75 97 54 0 0 0 100 0 89 0 0 61 0 14 0 0 0 85 50 0 0 64 91 22 0 74 18 0 89 0 17 75 64 0 20 61 0 52 8 0 73 62 73 3 0 0 78 0 78 0 73 40 64 86 72 0 0 0 0 0 20 54 0 5 87 0 0 57 0 98 0 0 97 0 44 0 0 0 30 28 0 56 0 30 0 74 24 66 0 0 0 77 0 0 17 53 76 61 0 0 11 0 0 0 0 0 66 0 0 0 0 0 0 69 0 0 20 2 0 6 57 0 0 0 100 99 15 0 70 0 0 0 44 0 0 60 21 71 5 0 95 0 0 40 0 0 96 68 0 0 27 91 0 83 5 0 100 0 0 0 0 97 91 0 0 0 0 1 0 0 0 0 0 39 0 82 0 61 87 0 54 42 90 47 0 42 0 0 0 86 0 44 52 42 0 0 0 75 0 74 0 11 20 0 0 66 0 79 0 19 88 85 0 0 0 0 9 0 66 0 81 0 0 59 0 2 0 37 0 0 29 0 0 0 0 44 52 57 76 0
0 645 855 0 0 404 994 0 55 778 0 534 337 0 954 393 239 0 274 822 0 377 609 0 134 0 0 551 860 0 0 0 102 468 0 0 0 853 607 0 720 377 333 335 0 0 0 0 0 0 0 399 0 0 919 0 619 164 0 0 208 0 0 301 217 0 103 0 0 0 0 201 149 39 698 0 0 484 0 0 0 0 641 604 111 186 0 0 0 0 0 0 0 519 0 0 26 0 0 37 0 0 4 0 0 70 0 71 0 55 0 33 59 50 50 0 62 49 18 0 0 36 39 93 0 60 0 0 0 86 16 0 0 0 0 0 75 0 78 81 0 82 25 0 74 0 0 0 0 0 65 45 0 0 57 0 89 71 0 0 0 0 72 0 84 0 0 31 80 90 0 0 0 76 0 44 41 80 0 0 0 5 12 2 69 25 41 0 88 0 6 0 58 22 25 33 40 13 48 0 0 0 2 87 34 23 38 0 95 17 85 67 0 89 0 77 0 60 50 0 0 0 0 19 0 24 1 7 0 0 0 48 59 12 14 74 0 0 0 0 7 46 0 8 38 69 0 67 88 80 0 11 0 15 33 61 7 0 0 63 46 0 0 25 0 0 0 0 0 0 21 0 84 99 0 0 37 0 0 0 36 0 0 0 0 0 89 0 0 0 0 0 0 0 75 0 0 0 0 7 0 66 91 0 0 0 0 35 0 0 78 0 0 0 0 30 46 0 36 45 0 23 0 17 0 68 99 0 38 24 0 16
129 669 0 0 662 0 277 908 115 0 0 631 377 684 0 280 800 0 0 0 0 597 204 0 610 0 0 273 591 728 0 0 452 0 0 0 0 303 669 765 65 653 0 875 129 0 460 0 565 0 883 0 742 0 0 0 842 535 0 0 385 0 0 0 785 454 959 0 140 961 0 0 394 761 0 0 973 0 210 792 704 0 0 815 12 39 0 0 42 0 99 0 0 15 0 70 0 0 0 11 0 0 0 0 12 94 13 47 93 30 0 34 12 31 0 0 0 80 43 0 0 10 0 87 22 0 91 0 0 8 0 94 0 43 0 0 37 0 31 0 0 0 0 0 1 4 40 0 81 29 28 25 73 84 95 0 0 98 0 41 0 0 0 67 57 81 51 0 0 99 0 0 0 32 0 46 82 0 76 14 0 0 9 0 81 9 22 0 30 0 0 13 21 87 83 0 4 0 65 39 77 0 0 70 0 0 3 0 0 0 0 0 0 0 0 0 83 75 0 29 0 15 24 70 0 0 66 0 94 48 56 0 0 55 46 2 0 0 0 54 0 0 24 6 0 0 0 50 23 0 98 0 0 97 0 26 0 0 60 0 0 76 0 93 94 46 66 27 75 97 0 0 0 10 0 0 78 0 0 0 0

0 0 18
0 0 41
0 0 56
0 0 65
0 0 93
0 0 236
0 1 27
0 1 79
0 1 320
0 1 330
0 2 134
0 2 261
0 2 264
0 2 301
0 3 10
0 3 40
0 3 66
0 3 243
0 3 245
0 3 320
0 4 17
0 4 32
0 4 37
0 4 88
0 4 145
0 4 208
0 4 242
0 5 9
0 5 51
0 5 60
0 5 269
0 6 8
0 6 48
0 6 302
0 7 11
0 7 334
0 8 2
0 8 11
0 8 300
0 9 125
0 9 199
0 9 294
0 10 30
0 10 63
0 10 70
0 10 184
0 10 239
0 11 120
0 11 146
0 11 276
0 12 29
0 12 53
0 12 73
0 12 81
0 12 144
0 13 9
0 13 29
0 13 294
0 14 54
0 14 119
0 14 180
0 14 234
0 15 14
0 15 32
0 15 34
0 15 50
0 15 73
0 15 77
0 16 168
0 17 10
0 17 39
0 17 196
0 18 56
0 18 88
0 19 84
0 19 105
0 19 170
0 20 44
0 20 54
0 20 225
0 20 325
0 21 19
0 21 25
0 21 113
0 21 151
0 21 175
0 21 209
0 21 262
0 21 308
0 22 54
0 22 139
0 23 21
0 23 40
0 23 48
0 23 212
0 23 280
0 24 0
0 24 36
0 24 46
0 24 50
0 24 231
0 25 26
0 25 40
0 25 64
0 25 96
0 25 111
0 25 350
0 26 29
0 26 47
0 26 269
0 27 10
0 27 31
0 27 43
0 27 61
0 27 132
0 28 42
0 28 78
0 28 256
0 29 22
0 29 40
0 29 45
0 29 109
0 29 145
0 29 263
0 30 129
0 30 209
0 31 7
0 31 13
0 31 138
0 31 336
0 32 38
0 32 41
0 32 51
0 32 64
0 32 70
0 32 214
0 33 30
0 34 36
0 34 276
0 35 26
0 35 201
0 36 5
0 36 29
0 36 79
0 36 100
0 36 179
0 36 259
0 37 15
0 37 59
0 37 65
0 37 109
0 37 225
0 38 4
0 38 16
0 38 66
0 38 74
0 38 125
0 38 276
0 39 2
0 39 22
0 39 25
0 39 43
0 39 105
0 39 180
0 39 261
0 39 268
0 40 142
0 40 250
0 40 286
0 40 304
0 40 344
0 41 95
0 41 277
0 41 337
0 42 15
0 42 71
0 42 72
0 42 352
0 43 20
0 43 42
0 43 179
0 43 190
0 43 332
0 44 9
0 44 59
0 44 88
0 45 53
0 45 95
0 46 237
0 46 312
0 47 44
0 47 75
0 47 82
0 47 211
0 47 262
0 48 4
0 48 36
0 48 40
0 48 174
0 48 229
0 48 261
0 49 182
0 49 262
0 50 20
0 50 73
0 50 153
0 51 78
0 51 105
0 51 238
0 52 12
0 53 20
0 53 47
0 53 74
0 53 75
0 53 168
0 53 348
0 54 124
0 54 257
0 54 325
0 55 5
0 55 7
0 55 16
0 55 18
0 55 96
0 55 254
0 56 278
0 57 98
0 57 136
0 57 279
0 58 94
0 58 285
0 59 150
0 59 311
0 60 30
0 61 28
0 61 103
0 61 119
0 61 259
0 61 284
0 62 50
0 62 99
0 62 189
0 63 65
0 63 107
0 63 162
0 63 224
0 63 315
0 63 341
0 64 45
0 64 71
0 64 73
0 64 85
0 64 92
0 64 299
0 64 308
0 65 20
0 65 85
0 65 164
0 65 208
0 65 321
0 66 19
0 66 33
0 66 40
0 66 41
0 66 50
0 66 57
0 66 87
0 66 299
0 67 15
0 68 11
0 69 0
0 69 6
0 69 31
0 69 39
0 69 226
0 70 82
0 70 178
0 70 303
0 71 42
0 71 68
0 71 334
0 72 2
0 72 172
0 72 173
0 72 286
0 72 290
0 72 311
0 73 0
0 73 42
0 73 51
0 73 57
0 73 62
0 73 104
0 74 21
0 74 85
0 74 90
0 74 93
0 74 275
0 75 24
0 75 59
0 75 307
0 75 320
0 76 75
0 76 84
0 76 221
0 76 239
0 77 25
0 77 73
0 77 182
0 77 315
0 78 34
0 78 44
0 78 45
0 78 53
0 78 69
0 78 321
0 79 1
0 79 8
0 79 11
0 79 26
0 79 186
0 79 266
0 79 323
0 80 79
0 80 82
0 80 92
0 80 103
0 81 71
0 82 86
0 82 98
0 82 99
0 83 40
0 83 51
0 83 91
0 83 216
0 83 263
0 83 269
0 84 60
0 84 193
0 84 296
0 85 24
0 85 27
0 85 69
0 85 77
0 85 78
0 86 30
0 86 71
0 86 113
0 86 189
0 86 195
0 86 230
0 86 335
0 86 342
0 88 7
0 88 277
0 89 30
0 89 161
0 89 254
0 90 30
0 90 54
0 90 82
0 90 146
0 90 204
0 90 324
0 90 347
0 91 22
0 91 56
0 92 85
0 92 98
0 93 110
0 93 260
0 94 34
0 94 43
0 94 65
0 94 186
0 95 173
0 95 293
0 96 0
0 96 56
0 96 85
0 96 138
0 96 177
0 96 353
0 97 29
0 97 126
0 97 134
0 97 147
0 98 291
0 99 163
0 99 179
0 100 4
0 100 107
0 100 205
0 100 258
0 100 294
0 101 96
0 101 101
0 102 200
0 102 255
0 102 269
0 103 61
0 103 68
0 103 78
0 103 152
0 103 178
0 103 181
0 103 228
0 103 342
0 104 284
0 105 13
0 105 197
0 105 344
0 106 258
0 106 271
0 106 274
0 106 338
0 107 10
0 107 169
0 107 273
0 107 354
0 108 88
0 108 105
0 108 318
0 108 342
0 109 6
0 109 91
0 109 162
0 109 165
0 109 220
0 109 315
0 109 337
0 110 199
0 110 303
0 111 177
0 111 225
0 111 294
0 111 300
0 112 180
0 112 253
0 113 209
0 113 273
0 113 324
0 114 172
0 114 256
0 115 51
0 115 109
0 115 112
0 115 298
0 115 318
0 115 320
0 116 250
0 117 93
0 117 107
0 117 143
0 117 183
0 117 252
0 117 330
0 118 336
0 119 35
0 119 48
0 119 133
0 119 259
0 119 341
0 120 189
0 120 195
0 120 294
0 120 298
0 120 337
0 121 80
0 121 152
0 121 168
0 121 203
0 121 297
0 121 321
0 122 97
0 122 177
0 122 328
0 123 185
0 123 291
0 123 299
0 123 323
0 124 94
0 124 288
0 124 292
0 125 36
0 125 49
0 125 104
0 125 124
0 125 136
0 125 262
0 125 271
0 126 155
0 126 299
0 126 313
0 127 292
0 127 347
0 128 236
0 129 253
0 129 303
0 129 312
0 130 69
0 130 204
0 130 265
0 131 175
0 131 227
0 131 304
0 132 4
0 132 38
0 133 70
0 133 103
0 133 222
0 133 312
0 134 2
0 134 64
0 134 185
0 134 202
0 135 145
0 135 194
0 136 63
0 136 139
0 136 141
0 136 245
0 136 257
0 136 276
0 136 288
0 137 77
0 137 107
0 137 123
0 137 140
0 137 173
0 137 278
0 137 346
0 138 201
0 138 354
0 139 119
0 139 195
0 139 242
0 140 54
0 140 150
0 140 208
0 140 216
0 140 270
0 141 299
0 141 330
0 142 110
0 142 261
0 142 314
0 142 328
0 142 337
0 143 99
0 143 110
0 143 167
0 143 290
0 143 310
0 144 51
0 145 72
0 145 113
0 145 117
0 145 140
0 145 228
0 145 288
0 145 331
0 146 246
0 147 86
0 147 114
0 147 190
0 147 211
0 148 17
0 148 172
0 148 174
0 148 218
0 149 185
0 149 241
0 149 332
0 149 343
0 150 187
0 150 282
0 151 106
0 151 217
0 151 232
0 151 280
0 151 292
0 151 298
0 151 320
0 152 91
0 152 186
0 152 199
0 152 273
0 152 307
0 153 165
0 153 181
0 153 242
0 153 284
0 154 143
0 154 212
0 154 221
0 155 193
0 155 270
0 155 278
0 155 305
0 155 306
0 155 322
0 157 122
0 157 194
0 157 230
0 157 236
0 157 294
0 158 82
0 158 146
0 159 143
0 159 145
0 159 176
0 159 323
0 160 86
0 160 295
0 160 318
0 162 196
0 162 229
0 162 230
0 163 19
0 163 32
0 163 161
0 163 182
0 163 223
0 164 144
0 164 205
0 164 241
0 164 250
0 165 138
0 165 150
0 165 160
0 165 184
0 165 206
0 165 212
0 165 225
0 165 266
0 165 313
0 166 52
0 166 64
0 166 347
0 168 115
0 168 149
0 168 167
0 168 194
0 168 260
0 169 84
0 169 321
0 169 327
0 170 206
0 170 234
0 170 236
0 171 197
0 172 51
0 172 116
0 172 266
0 172 267
0 173 26
0 173 124
0 173 132
0 173 232
0 174 4
0 174 227
0 174 271
0 174 353
0 175 130
0 175 247
0 176 127
0 176 222
0 176 278
0 176 282
0 177 79
0 177 84
0 177 154
0 177 266
0 177 340
0 178 188
0 178 228
0 178 262
0 179 57
0 179 60
0 179 162
0 179 348
0 180 77
0 180 112
0 180 223
0 180 344
0 181 111
0 181 274
0 181 279
0 181 317
0 181 350
0 182 204
0 182 235
0 182 257
0 182 346
0 182 349
0 183 13
0 183 16
0 183 200
0 183 347
0 183 353
0 184 55
0 184 119
0 184 133
0 184 217
0 184 278
0 184 289
0 185 133
0 185 200
0 185 262
0 186 43
0 186 221
0 186 278
0 186 303
0 187 46
0 187 108
0 187 181
0 189 56
0 189 151
0 189 169
0 189 328
0 190 46
0 190 109
0 190 219
0 190 288
0 190 289
0 191 91
0 191 283
0 191 303
0 192 56
0 192 131
0 192 143
0 192 146
0 192 277
0 193 41
0 193 121
0 193 188
0 193 283
0 194 203
0 194 286
0 194 305
0 195 7
0 195 202
0 196 115
0 196 188
0 196 251
0 197 109
0 197 190
0 197 241
0 197 292
0 197 307
0 198 35
0 198 63
0 198 310
0 198 332
0 199 83
0 199 223
0 199 230
0 199 263
0 199 344
0 200 294
0 201 93
0 201 197
0 201 247
0 201 273
0 202 75
0 202 270
0 203 124
0 203 151
0 203 223
0 204 166
0 204 297
0 204 339
0 205 201
0 205 202
0 205 258
0 205 301
0 206 87
0 206 166
0 206 224
0 206 240
0 208 272
0 208 285
0 208 300
0 209 42
0 209 52
0 209 61
0 209 327
0 210 204
0 210 251
0 211 117
0 211 277
0 211 286
0 212 128
0 212 246
0 212 353
0 213 352
0 214 117
0 214 310
0 214 319
0 215 113
0 215 156
0 215 157
0 216 27
0 216 131
0 216 202
0 218 9
0 218 77
0 218 131
0 219 215
0 219 291
0 220 80
0 220 211
0 221 208
0 221 313
0 221 328
0 223 115
0 223 190
0 223 220
0 223 305
0 224 149
0 224 207
0 224 220
0 224 301
0 224 346
0 225 83
0 225 207
0 225 224
0 225 225
0 225 293
0 226 34
0 226 57
0 226 86
0 226 92
0 226 286
0 226 289
0 227 258
0 228 47
0 228 81
0 228 100
0 228 183
0 228 239
0 228 293
0 229 136
0 229 157
0 229 192
0 229 193
0 229 339
0 230 6
0 230 292
0 231 163
0 231 299
0 232 103
0 232 175
0 232 343
0 233 16
0 233 18
0 233 281
0 233 282
0 234 187
0 234 203
0 234 275
0 234 316
0 234 329
0 235 311
0 236 109
0 236 225
0 236 267
0 237 30
0 237 160
0 237 248
0 237 325
0 238 33
0 238 115
0 238 157
0 238 289
0 238 331
0 239 108
0 239 208
0 239 245
0 239 295
0 239 349
0 240 72
0 240 86
0 240 134
0 240 313
0 241 253
0 242 71
0 242 227
0 242 247
0 242 285
0 242 321
0 243 79
0 243 106
0 243 332
0 244 5
0 244 242
0 245 1
0 245 43
0 245 58
0 245 158
0 245 188
0 245 212
0 245 306
0 246 45
0 246 106
0 246 122
0 246 160
0 246 291
0 246 293
0 247 9
0 247 167
0 247 214
0 247 251
0 248 115
0 248 143
0 248 236
0 249 116
0 249 221
0 251 29
0 251 245
0 251 333
0 252 90
0 252 353
0 253 94
0 253 169
0 253 170
0 253 245
0 253 288
0 254 56
0 254 101
0 254 144
0 254 174
0 254 349
0 255 165
0 256 162
0 256 280
0 257 48
0 257 114
0 257 165
0 257 175
0 257 209
0 257 319
0 258 34
0 258 81
0 258 87
0 259 19
0 259 156
0 259 233
0 259 256
0 259 342
0 260 85
0 260 116
0 260 266
0 261 31
0 261 66
0 261 105
0 261 280
0 262 208
0 262 223
0 262 231
0 263 94
0 263 129
0 263 223
0 263 273
0 263 335
0 264 55
0 264 238
0 264 342
0 266 53
0 266 109
0 266 122
0 266 215
0 266 290
0 267 55
0 267 181
0 267 182
0 267 198
0 267 269
0 267 333
0 268 31
0 268 118
0 268 216
0 268 278
0 269 61
0 269 94
0 269 107
0 269 177
0 269 191
0 269 243
0 270 47
0 270 128
0 270 129
0 271 189
0 271 233
0 272 113
0 272 189
0 272 273
0 272 279
0 272 341
0 273 291
0 274 63
0 274 343
0 275 79
0 275 216
0 275 320
0 275 331
0 276 276
0 277 213
0 277 223
0 278 106
0 278 169
0 279 51
0 279 176
0 279 229
0 279 316
0 280 219
0 280 253
0 280 290
0 280 319
0 281 2
0 281 64
0 281 191
0 281 215
0 282 86
0 282 131
0 282 132
0 282 287
0 282 321
0 283 78
0 283 110
0 283 143
0 283 280
0 283 318
0 283 326
0 283 349
0 284 98
0 284 271
0 284 317
0 284 331
0 284 351
0 285 262
0 285 264
0 286 41
0 286 308
0 286 346
0 287 164
0 287 284
0 288 54
0 288 113
0 288 249
0 289 182
0 289 227
0 290 102
0 290 200
0 290 339
0 291 128
0 291 190
0 291 331
0 292 202
0 292 329
0 293 7
0 293 41
0 293 50
0 293 311
0 293 344
0 294 61
0 294 102
0 294 303
0 295 82
0 295 119
0 295 293
0 295 318
0 296 53
0 296 116
0 296 180
0 296 246
0 297 152
0 297 157
0 297 252
0 297 344
0 298 74
0 298 206
0 298 212
0 298 278
0 298 352
0 299 203
0 299 281
0 299 292
0 300 106
0 300 146
0 300 208
0 300 212
0 300 246
0 300 292
0 301 182
0 302 109
0 302 147
0 302 189
0 302 336
0 303 1
0 303 193
0 303 258
0 303 336
0 304 14
0 304 27
0 304 198
0 304 218
0 305 250
0 305 351
0 306 118
0 306 126
0 306 200
0 306 223
0 306 300
0 307 69
0 309 14
0 309 121
0 309 153
0 309 202
0 309 294
0 310 10
0 310 286
0 311 171
0 311 196
0 312 122
0 312 154
0 312 276
0 313 115
0 313 226
0 313 245
0 313 269
0 314 115
0 314 229
0 314 278
0 314 328
0 315 57
0 315 211
0 315 230
0 315 236
0 315 309
0 316 102
0 317 220
0 317 331
0 318 65
0 318 100
0 318 141
0 318 197
0 319 151
0 319 230
0 320 15
0 320 47
0 320 198
0 321 42
0 322 3
0 322 225
0 322 295
0 322 318
0 323 61
0 323 261
0 323 267
0 324 39
0 324 73
0 324 186
0 324 238
0 324 275
0 325 79
0 325 129
0 325 144
0 325 200
0 325 205
0 326 73
0 326 196
0 326 223
0 326 281
0 326 282
0 327 113
0 327 126
0 327 221
0 327 253
0 328 120
0 328 205
0 328 251
0 328 333
1 0 97
1 1 60
1 1 61
1 2 4
1 2 13
1 2 37
1 2 50
1 2 64
1 2 176
1 2 193
1 2 252
1 3 109
1 3 247
1 3 253
1 3 314
1 4 18
1 5 17
1 5 33
1 5 71
1 5 155
1 5 194
1 5 284
1 6 28
1 6 48
1 6 98
1 6 219
1 7 26
1 7 51
1 7 120
1 7 270
1 8 30
1 9 87
1 9 241
1 9 255
1 9 306
1 10 14
1 10 20
1 10 192
1 11 20
1 11 243
1 12 18
1 12 35
1 12 154
1 13 43
1 13 95
1 13 262
1 14 199
1 14 258
1 14 308
1 15 40
1 15 41
1 15 46
1 15 53
1 15 132
1 15 218
1 15 295
1 16 23
1 16 49
1 16 65
1 16 144
1 17 67
1 17 166
1 18 18
1 18 46
1 18 50
1 18 94
1 18 215
1 19 31
1 19 57
1 19 82
1 19 84
1 19 271
1 20 169
1 20 206
1 21 8
1 21 21
1 21 324
1 22 13
1 22 79
1 22 117
1 22 233
1 22 294
1 23 7
1 23 9
1 23 63
1 23 78
1 24 38
1 24 79
1 24 132
1 25 4
1 25 13
1 25 37
1 25 89
1 25 90
1 25 186
1 25 227
1 25 271
1 26 11
1 26 57
1 26 180
1 26 323
1 29 49
1 29 54
1 29 73
1 30 19
1 30 85
1 30 195
1 31 48
1 31 76
1 31 91
1 31 99
1 31 180
1 31 182
1 31 200
1 31 331
1 32 75
1 33 62
1 33 165
1 33 298
1 34 241
1 35 10
1 35 16
1 35 21
1 35 42
1 35 66
1 35 88
1 35 172
1 36 5
1 36 32
1 36 72
1 36 84
1 36 118
1 36 192
1 37 6
1 37 14
1 37 53
1 37 59
1 37 217
1 38 6
1 38 36
1 38 67
1 39 71
1 39 149
1 40 74
1 40 86
1 40 94
1 40 225
1 41 36
1 41 48
1 41 61
1 41 81
1 41 261
1 41 270
1 41 286
1 42 33
1 42 63
1 42 76
1 42 245
1 43 22
1 43 96
1 43 148
1 44 49
1 44 213
1 45 7
1 45 52
1 45 67
1 45 78
1 45 260
1 46 16
1 46 23
1 46 67
1 46 145
1 46 315
1 47 4
1 47 225
1 48 28
1 48 76
1 48 267
1 48 295
1 48 331
1 49 98
1 49 263
1 49 319
1 50 0
1 50 59
1 50 96
1 50 254
1 51 25
1 52 89
1 53 70
1 53 121
1 53 224
1 53 321
1 54 27
1 54 41
1 54 108
1 54 327
1 55 61
1 55 92
1 55 198
1 55 319
1 56 44
1 56 50
1 56 52
1 56 84
1 56 100
1 56 249
1 57 84
1 57 269
1 57 299
1 58 39
1 58 62
1 58 78
1 58 89
1 58 127
1 58 130
1 58 256
1 59 42
1 59 64
1 59 188
1 59 230
1 60 65
1 60 86
1 61 7
1 61 62
1 61 117
1 61 151
1 62 48
1 62 247
1 62 312
1 63 61
1 63 96
1 63 176
1 63 234
1 63 275
1 64 19
1 64 58
1 65 44
1 66 26
1 66 38
1 66 48
1 66 161
1 67 17
1 67 250
1 67 295
1 68 96
1 69 10
1 69 31
1 69 35
1 69 43
1 69 100
1 70 31
1 70 34
1 70 94
1 70 265
1 71 5
1 71 52
1 71 66
1 72 7
1 72 12
1 72 66
1 72 167
1 73 5
1 73 16
1 73 69
1 73 157
1 73 273
1 74 6
1 74 17
1 74 46
1 74 64
1 74 88
1 75 39
1 75 70
1 75 93
1 75 177
1 76 105
1 76 139
1 76 284
1 77 89
1 77 93
1 77 119
1 77 264
1 78 7
1 78 22
1 78 91
1 78 151
1 78 212
1 78 269
1 78 324
1 79 25
1 79 40
1 79 201
1 80 7
1 80 33
1 80 117
1 80 211
1 81 16
1 81 35
1 81 36
1 81 103
1 81 207
1 81 213
1 82 35
1 82 67
1 82 296
1 82 298
1 83 93
1 83 111
1 83 225
1 83 280
1 84 18
1 84 25
1 84 303
1 85 30
1 85 97
1 86 6
1 86 19
1 86 92
1 86 145
1 86 189
1 87 86
1 87 207
1 88 35
1 88 41
1 88 48
1 88 98
1 88 114
1 88 169
1 88 251
1 89 74
1 89 131
1 89 313
1 90 61
1 90 91
1 90 249
1 91 30
1 91 38
1 91 70
1 91 145
1 91 226
1 92 19
1 92 73
1 93 1
1 93 93
1 93 198
1 94 88
1 94 320
1 95 27
1 95 82
1 96 15
1 96 46
1 96 93
1 96 242
1 96 273
1 98 16
1 98 72
1 98 144
1 98 274
1 99 0
1 99 10
1 99 76
1 99 78
1 99 79
1 99 114
1 99 285
1 100 4
1 100 125
1 100 180
1 100 322
1 101 197
1 101 216
1 101 260
1 102 192
1 102 254
1 102 305
1 104 14
1 104 63
1 105 5
1 105 15
1 105 35
1 105 86
1 105 234
1 105 259
1 105 311
1 106 121
1 106 192
1 106 263
1 106 297
1 107 86
1 107 102
1 107 202
1 107 246
1 107 315
1 107 323
1 108 241
1 109 39
1 109 43
1 109 45
1 109 267
1 109 268
1 109 275
1 109 318
1 110 144
1 110 285
1 110 329
1 111 119
1 111 151
1 111 296
1 112 15
1 112 64
1 112 324
1 113 267
1 114 163
1 114 164
1 114 206
1 115 246
1 115 296
1 116 49
1 116 174
1 116 271
1 117 265
1 118 63
1 118 321
1 119 71
1 119 121
1 119 195
1 119 259
1 120 81
1 120 147
1 120 158
1 120 270
1 121 76
1 121 109
1 122 63
1 122 125
1 122 140
1 122 143
1 122 170
1 123 9
1 123 25
1 123 34
1 123 50
1 123 218
1 123 312
1 124 15
1 124 125
1 124 205
1 124 228
1 126 247
1 126 274
1 126 323
1 127 47
1 127 93
1 127 161
1 127 192
1 128 102
1 128 144
1 128 145
1 128 304
1 129 17
1 129 162
1 129 182
1 129 250
1 130 146
1 130 188
1 131 87
1 133 154
1 133 193
1 133 197
1 133 216
1 133 218
1 133 300
1 134 24
1 134 47
1 134 84
1 134 265
1 136 98
1 136 124
1 136 141
1 136 232
1 136 267
1 136 272
1 136 330
1 137 117
1 137 135
1 137 281
1 137 297
1 137 309
1 137 322
1 138 65
1 138 97
1 138 185
1 138 186
1 138 263
1 138 305
1 138 307
1 139 116
1 139 198
1 139 212
1 139 249
1 140 119
1 140 172
1 140 186
1 140 196
1 140 199
1 140 200
1 140 285
1 140 330
1 141 151
1 141 199
1 141 209
1 141 304
1 142 176
1 142 187
1 142 189
1 142 217
1 142 252
1 143 302
1 143 329
1 144 120
1 144 151
1 144 185
1 145 302
1 146 122
1 146 163
1 146 169
1 146 204
1 146 243
1 147 85
1 147 169
1 148 45
1 148 130
1 148 229
1 149 85
1 149 132
1 149 260
1 150 44
1 150 66
1 150 165
1 150 182
1 150 280
1 152 149
1 152 256
1 153 7
1 153 100
1 153 109
1 153 230
1 153 331
1 154 110
1 154 130
1 154 241
1 154 303
1 154 313
1 155 53
1 155 66
1 155 113
1 155 183
1 156 146
1 156 179
1 156 276
1 157 51
1 157 137
1 157 205
1 158 206
1 158 213
1 158 257
1 159 32
1 159 65
1 159 90
1 159 112
1 159 113
1 161 49
1 161 121
1 161 284
1 161 299
1 162 24
1 162 109
1 162 182
1 162 215
1 162 238
1 163 62
1 163 192
1 164 38
1 164 62
1 164 191
1 164 231
1 164 256
1 164 292
1 165 159
1 166 314
1 167 31
1 167 124
1 167 151
1 167 168
1 167 226
1 168 8
1 169 102
1 169 104
1 169 233
1 170 100
1 170 262
1 171 253
1 171 271
1 172 111
1 172 126
1 172 188
1 173 233
1 173 263
1 174 88
1 174 253
1 174 273
1 175 147
1 175 216
1 175 258
1 176 74
1 176 80
1 176 138
1 176 177
1 176 207
1 176 251
1 176 292
1 177 202
1 177 313
1 178 11
1 178 134
1 178 165
1 178 225
1 179 174
1 179 295
1 180 94
1 181 120
1 182 187
1 183 110
1 183 122
1 183 299
1 183 319
1 183 322
1 184 127
1 184 322
1 185 71
1 185 74
1 185 288
1 186 32
1 186 84
1 186 163
1 186 200
1 186 247
1 186 265
1 187 56
1 187 68
1 187 318
1 188 63
1 188 149
1 188 192
1 188 202
1 189 252
1 190 127
1 190 166
1 190 183
1 190 254
1 191 145
1 191 149
1 191 167
1 191 306
1 191 311
1 191 313
1 192 170
1 192 261
1 193 137
1 193 276
1 194 129
1 194 148
1 194 156
1 194 160
1 194 260
1 194 295
1 194 305
1 195 37
1 195 134
1 195 225
1 195 237
1 195 274
1 196 85
1 196 92
1 196 157
1 196 200
1 196 243
1 196 255
1 196 274
1 197 56
1 197 60
1 197 96
1 197 104
1 197 126
1 197 131
1 197 222
1 198 96
1 198 211
1 198 247
1 198 262
1 199 19
1 200 146
1 200 161
1 200 166
1 200 181
1 200 257
1 200 300
1 201 296
1 201 309
1 202 205
1 202 274
1 203 21
1 203 200
1 203 229
1 203 287
1 204 38
1 204 177
1 204 192
1 204 252
1 205 13
1 205 115
1 205 243
1 205 247
1 205 257
1 206 25
1 206 182
1 206 232
1 206 255
1 207 68
1 207 134
1 207 194
1 208 8
1 208 142
1 208 151
1 208 217
1 208 289
1 208 295
1 209 154
1 210 78
1 210 156
1 210 166
1 210 310
1 211 34
1 211 151
1 211 202
1 211 302
1 212 318
1 213 118
1 213 202
1 213 203
1 213 286
1 214 307
1 214 327
1 215 181
1 215 320
1 216 92
1 216 196
1 217 35
1 217 39
1 217 56
1 217 98
1 217 201
1 218 17
1 218 172
1 219 15
1 219 149
1 219 224
1 219 261
1 219 285
1 220 241
1 220 250
1 220 255
1 220 257
1 220 263
1 221 69
1 221 136
1 221 185
1 221 222
1 221 292
1 222 91
1 222 113
1 223 237
1 223 297
1 224 182
1 224 311
1 225 10
1 226 15
1 226 68
1 226 107
1 227 72
1 227 80
1 227 82
1 228 9
1 228 64
1 228 238
1 228 247
1 229 110
1 229 183
1 230 285
1 231 326
1 232 40
1 232 50
1 232 183
1 232 274
1 233 157
1 233 231
1 233 260
1 234 66
1 234 190
1 235 42
1 235 50
1 235 181
1 235 242
1 235 325
1 237 99
1 237 161
1 237 204
1 237 253
1 238 304
1 239 50
1 239 113
1 239 265
1 239 289
1 240 210
1 240 239
1 240 253
1 240 306
1 240 326
1 241 24
1 241 83
1 241 187
1 241 216
1 242 15
1 242 26
1 242 54
1 242 224
1 242 270
1 243 29
1 243 104
1 244 300
1 245 19
1 245 63
1 245 258
1 246 48
1 246 191
1 246 199
1 246 203
1 247 205
1 248 109
1 249 16
1 249 56
1 249 72
1 249 123
1 249 132
1 249 224
1 249 300
1 250 144
1 250 307
1 251 190
1 251 216
1 251 222
1 251 234
1 251 238
1 251 243
1 253 173
1 253 214
1 254 179
1 255 127
1 255 195
1 255 204
1 255 210
1 255 297
1 256 329
1 257 147
1 257 232
1 259 180
1 260 0
1 260 206
1 260 216
1 260 321
1 261 115
1 261 199
1 262 196
1 262 256
1 262 269
1 262 289
1 262 329
1 263 17
1 263 107
1 263 108
1 263 247
1 263 277
1 263 301
1 264 94
1 264 113
1 264 172
1 265 136
1 265 157
1 267 47
1 267 70
1 267 216
1 267 219
1 267 288
1 268 139
1 268 140
1 268 228
1 268 260
1 270 169
1 270 225
1 270 283
1 270 324
1 271 85
1 271 185
1 271 212
1 272 75
1 272 126
1 272 201
1 273 49
1 273 59
1 273 143
1 273 205
1 273 319
1 274 225
1 275 13
1 275 166
1 275 235
1 276 295
1 277 101
1 277 247
1 277 259
1 277 315
1 278 78
1 278 246
1 278 288
1 279 116
1 279 121
1 279 209
1 280 59
1 280 114
1 280 191
1 280 279
1 280 328
1 281 114
1 281 147
1 281 309
1 282 121
1 282 254
1 282 287
1 282 316
1 282 324
1 283 196
1 283 220
1 284 127
1 284 140
1 284 190
1 286 101
1 286 142
1 286 273
1 287 65
1 287 167
1 287 207
1 287 284
1 287 285
1 287 320
1 287 328
1 288 195
1 288 222
1 288 322
1 289 107
1 289 164
1 290 311
1 291 48
1 291 51
1 291 121
1 291 266
1 291 269
1 292 84
1 292 188
1 292 282
1 292 326
1 293 143
1 293 215
1 293 330
1 294 4
1 294 100
1 294 106
1 295 48
1 295 107
1 295 269
1 296 24
1 296 105
1 296 115
1 296 181
1 296 327
1 298 146
1 299 0
1 299 104
1 299 161
1 299 177
1 299 210
1 299 213
1 300 176
1 302 69
1 302 103
1 302 176
1 302 215
1 303 132
1 303 166
1 303 187
1 303 213
1 303 274
1 304 193
1 304 225
1 305 220
1 305 242
1 305 302
1 305 304
1 306 106
1 306 119
1 306 143
1 306 153
1 307 4
1 307 131
1 307 192
1 307 219
1 307 232
1 307 313
1 308 291
1 309 216
1 309 228
1 309 267
1 310 242
1 310 286
1 311 146
1 311 229
1 311 260
1 311 265
1 312 183
1 312 184
1 312 196
1 313 145
1 313 288
1 313 301
1 314 55
1 314 268
1 315 35
1 315 106
1 315 193
1 315 203
1 315 286
1 316 56
1 316 211
1 316 221
1 316 295
1 317 107
1 317 311
1 318 38
1 318 242
1 318 301
1 318 317
1 319 131
1 319 160
1 320 79
1 320 164
1 320 237
1 321 135
1 321 150
1 321 154
1 321 223
1 322 51
1 322 179
1 322 261
1 323 121
1 323 214
1 323 253
1 324 160
1 324 250
1 324 269
1 324 272
1 324 277
1 325 8
1 325 83
1 325 171
1 326 31
1 326 41
1 326 136
1 326 144
1 326 188
1 326 257
1 327 141
1 327 229
1 327 269
1 327 309
1 328 118
1 328 174
1 329 122
1 329 176
1 329 285
1 330 84
1 330 182
1 330 235
1 330 305
1 330 314
1 331 223
1 331 312
1 332 29
1 332 187
1 332 244
1 332 259
1 332 296
1 332 319
1 333 243
1 334 9
1 334 326
1 335 51
1 335 78
1 335 102
1 335 311
1 336 18
1 336 39
1 336 230
1 336 274
1 337 23
1 337 44
1 337 114
1 337 202
1 338 112
1 338 129
1 338 136
1 338 171
1 339 110
1 340 15
1 340 109
1 340 229
1 341 56
1 341 181
1 341 220
1 341 236
1 341 282
1 342 6
1 342 251
1 342 304
1 343 30
1 343 133
1 343 165
1 343 200
1 343 268
1 344 95
1 344 223
1 344 248
1 345 101
1 345 162
1 345 289
1 345 299
1 345 313
1 347 145
1 347 289
1 349 98
1 349 117
1 349 168
1 349 277
1 350 38
1 350 196
1 351 233
1 351 244
1 351 280
1 352 10
1 352 240
1 353 69
1 353 106
1 353 142
1 353 251
1 353 259
1 354 144
1 354 188
1 354 248
1 354 294
1 354 316
1 354 317
2 0 19
2 1 1
2 1 30
2 1 212
2 2 20
2 2 122
2 3 50
2 4 5
2 4 35
2 4 47
2 4 62
2 4 78
2 4 83
2 4 222
2 4 223
2 5 45
2 5 143
2 5 235
2 6 27
2 6 69
2 6 124
2 6 225
2 7 17
2 7 39
2 7 173
2 7 233
2 7 258
2 8 77
2 9 4
2 9 7
2 9 252
2 10 5
2 10 53
2 10 69
2 10 162
2 11 22
2 11 37
2 11 62
2 11 267
2 12 1
2 12 36
2 12 66
2 12 154
2 12 192
2 12 213
2 13 6
2 13 35
2 13 76
2 13 232
2 14 2
2 14 70
2 14 78
2 15 5
2 15 44
2 15 117
2 15 162
2 15 173
2 15 265
2 16 7
2 16 187
2 16 207
2 17 29
2 17 42
2 17 50
2 17 57
2 18 16
2 18 169
2 19 7
2 19 29
2 19 180
2 19 198
2 20 40
2 20 42
2 21 38
2 21 67
2 21 74
2 21 83
2 21 236
2 21 258
2 22 12
2 22 34
2 22 82
2 22 98
2 22 103
2 22 135
2 22 212
2 23 11
2 24 6
2 24 20
2 24 21
2 24 26
2 24 54
2 24 65
2 24 90
2 25 144
2 26 15
2 26 37
2 26 201
2 26 256
2 27 42
2 27 170
2 27 227
2 28 7
2 28 94
2 28 160
2 28 173
2 29 17
2 29 47
2 29 206
2 30 3
2 30 34
2 30 144
2 30 262
2 31 13
2 31 30
2 31 48
2 31 106
2 32 30
2 32 42
2 32 227
2 33 18
2 33 25
2 33 63
2 33 66
2 33 114
2 33 164
2 34 20
2 34 30
2 34 70
2 34 83
2 34 116
2 36 59
2 36 64
2 36 72
2 37 28
2 37 34
2 37 38
2 37 163
2 38 61
2 38 150
2 38 186
2 39 30
2 39 144
2 39 156
2 39 204
2 40 15
2 40 25
2 40 52
2 40 134
2 40 172
2 41 48
2 41 90
2 42 14
2 42 224
2 42 246
2 43 26
2 43 39
2 43 41
2 44 8
2 44 12
2 44 174
2 44 215
2 44 236
2 44 260
2 45 82
2 45 274
2 46 4
2 46 46
2 47 30
2 48 0
2 48 30
2 48 55
2 48 89
2 50 11
2 50 18
2 51 8
2 51 61
2 51 71
2 51 239
2 52 49
2 55 37
2 55 72
2 55 101
2 55 237
2 55 260
2 56 53
2 57 25
2 57 31
2 58 3
2 58 47
2 58 55
2 58 186
2 58 198
2 58 206
2 58 254
2 59 83
2 59 129
2 59 175
2 60 1
2 60 24
2 60 39
2 60 53
2 60 76
2 60 104
2 60 156
2 60 267
2 61 5
2 61 7
2 61 11
2 61 21
2 61 22
2 61 38
2 61 39
2 61 107
2 61 117
2 61 221
2 62 72
2 62 98
2 62 134
2 62 151
2 62 181
2 62 225
2 63 0
2 63 48
2 63 77
2 63 80
2 63 96
2 64 18
2 64 211
2 65 0
2 65 14
2 65 55
2 66 10
2 66 19
2 66 38
2 66 186
2 66 258
2 67 16
2 67 42
2 67 94
2 68 3
2 68 75
2 68 116
2 68 153
2 69 11
2 69 38
2 69 143
2 70 4
2 70 67
2 70 94
2 70 112
2 70 125
2 70 170
2 70 194
2 71 56
2 71 70
2 73 44
2 73 53
2 73 139
2 74 211
2 75 56
2 76 9
2 76 120
2 77 20
2 77 27
2 77 48
2 77 74
2 77 253
2 78 46
2 78 79
2 78 81
2 79 2
2 79 150
2 79 259
2 80 41
2 81 22
2 81 39
2 81 52
2 81 155
2 81 242
2 82 36
2 82 74
2 82 78
2 83 59
2 83 192
2 84 15
2 84 43
2 84 64
2 85 5
2 85 29
2 85 179
2 86 18
2 86 22
2 86 24
2 86 28
2 86 200
2 87 37
2 87 53
2 88 26
2 88 58
2 88 61
2 88 62
2 88 90
2 88 99
2 88 267
2 88 268
2 89 23
2 89 51
2 89 76
2 89 77
2 89 78
2 90 2
2 90 73
2 90 75
2 90 111
2 90 114
2 91 36
2 91 74
2 91 80
2 91 129
2 91 208
2 91 242
2 92 30
2 92 48
2 92 131
2 92 202
2 93 13
2 93 22
2 93 26
2 94 5
2 94 109
2 94 238
2 95 27
2 95 34
2 95 179
2 96 27
2 96 50
2 96 144
2 96 184
2 97 0
2 97 6
2 97 55
2 97 198
2 98 219
2 98 275
2 100 116
2 100 170
2 100 180
2 101 13
2 101 222
2 101 228
2 101 262
2 102 30
2 102 158
2 103 97
2 103 198
2 104 23
2 104 82
2 104 172
2 104 197
2 104 213
2 104 267
2 105 146
2 106 190
2 106 204
2 106 269
2 107 45
2 108 27
2 108 142
2 108 193
2 109 172
2 109 263
2 110 99
2 110 118
2 110 136
2 110 196
2 110 217
2 110 234
2 111 119
2 111 229
2 111 252
2 112 57
2 112 188
2 112 227
2 115 144
2 116 10
2 116 251
2 118 128
2 118 243
2 119 189
2 119 216
2 120 2
2 120 166
2 120 225
2 120 259
2 120 267
2 123 238
2 124 130
2 125 3
2 125 157
2 126 53
2 126 83
2 126 157
2 126 257
2 127 258
2 127 275
2 128 47
2 128 111
2 128 131
2 129 210
2 129 217
2 129 249
2 130 124
2 130 256
2 131 1
2 131 10
2 131 50
2 131 112
2 131 200
2 132 2
2 132 173
2 133 211
2 134 60
2 134 275
2 135 100
2 135 145
2 135 149
2 135 219
2 135 265
2 137 38
2 137 43
2 137 230
2 137 274
2 138 21
2 138 90
2 138 139
2 138 145
2 138 167
2 138 185
2 139 60
2 139 229
2 140 207
2 140 269
2 140 271
2 141 269
2 142 246
2 142 280
2 143 128
2 143 164
2 143 192
2 144 117
2 145 74
2 145 111
2 145 184
2 146 68
2 146 173
2 146 263
2 147 41
2 147 196
2 147 246
2 148 158
2 149 108
2 149 115
2 149 132
2 149 199
2 149 226
2 150 174
2 151 18
2 151 119
2 151 150
2 151 253
2 152 17
2 152 89
2 152 140
2 153 193
2 153 199
2 153 212
2 153 230
2 153 280
2 154 38
2 154 180
2 155 150
2 155 224
2 155 278
2 156 32
2 156 48
2 156 185
2 156 209
2 156 230
2 157 74
2 157 117
2 158 54
2 158 146
2 159 151
2 159 172
2 159 187
2 159 271
2 160 0
2 160 62
2 160 93
2 160 246
2 160 274
2 161 18
2 161 74
2 162 64
2 162 169
2 162 231
2 162 268
2 162 272
2 163 116
2 164 131
2 164 139
2 164 170
2 164 230
2 165 201
2 165 261
2 166 242
2 166 247
2 167 2
2 167 84
2 167 107
2 167 124
2 167 167
2 167 193
2 167 278
2 168 120
2 169 147
2 170 74
2 170 145
2 170 217
2 170 269
2 171 154
2 171 188
2 171 201
2 171 216
2 171 242
2 171 270
2 171 275
2 172 85
2 173 5
2 173 8
2 174 85
2 174 260
2 175 68
2 175 81
2 175 90
2 176 18
2 176 20
2 176 40
2 176 46
2 177 51
2 178 12
2 178 91
2 178 185
2 178 201
2 178 269
2 179 54
2 179 150
2 179 182
2 179 187
2 179 238
2 179 269
2 180 97
2 180 111
2 181 163
2 182 3
2 182 124
2 182 193
2 183 102
2 183 118
2 183 151
2 183 181
2 184 50
2 184 87
2 184 201
2 184 217
2 185 28
2 185 81
2 185 175
2 185 191
2 186 99
2 186 189
2 186 198
2 187 156
2 187 241
2 188 119
2 189 92
2 189 106
2 189 182
2 189 250
2 190 154
2 190 197
2 190 215
2 191 148
2 191 160
2 191 211
2 191 219
2 192 140
2 192 206
2 192 211
2 192 226
2 193 108
2 193 170
2 193 238
2 193 256
2 194 167
2 194 177
2 194 248
2 194 258
2 195 190
2 195 204
2 196 80
2 196 140
2 196 157
2 196 176
2 196 224
2 196 225
2 197 132
2 197 156
2 198 105
2 198 180
2 198 221
2 199 83
2 199 115
2 199 127
2 199 175
2 199 252
2 200 93
2 200 132
2 200 193
2 200 227
2 201 61
2 201 102
2 201 152
2 201 177
2 201 245
2 201 258
2 202 241
2 203 85
2 203 87
2 203 194
2 203 196
2 204 61
2 204 265
2 205 10
2 205 134
2 205 199
2 205 214
2 206 136
2 206 181
2 207 88
2 207 182
2 207 207
2 207 228
2 207 234
2 208 60
2 208 145
2 208 248
2 208 262
2 208 264
2 209 82
2 209 195
2 210 22
2 210 37
2 210 40
2 211 52
2 211 148
2 211 268
2 212 178
2 212 243
2 213 150
2 214 74
2 214 248
2 215 162
2 215 192
2 215 203
2 216 20
2 216 50
2 217 95
2 217 100
2 217 231
2 218 32
2 219 75
2 219 134
2 219 221
2 219 236
2 220 64
2 220 119
2 221 16
2 221 115
2 221 221
2 222 146
2 223 73
2 223 113
2 224 116
2 224 177
2 224 239
2 224 257
2 225 40
2 225 76
2 225 122
2 225 167
2 226 58
2 226 224
2 227 100
2 228 87
2 228 95
2 228 100
2 228 111
2 228 164
2 228 196
2 228 240
2 228 273
2 229 169
2 229 176
2 229 267
2 229 269
2 230 11
2 230 99
2 230 101
2 230 150
2 230 244
2 230 253
2 230 261
2 230 276
2 231 126
2 231 166
2 231 235
2 231 254
2 232 101
2 232 279
2 233 34
2 233 164
2 234 171
2 234 176
2 234 260
2 235 115
2 235 119
2 235 253
2 236 17
2 236 151
2 236 194
2 236 250
2 237 68
2 237 181
2 237 199
2 237 236
2 237 244
2 238 268
2 239 7
2 239 43
2 239 128
2 240 77
2 240 140
2 240 147
2 240 159
2 240 193
2 241 33
2 241 122
2 241 157
2 241 242
2 241 249
2 242 20
2 242 153
2 242 176
2 242 181
2 242 277
2 243 33
2 243 186
2 244 85
2 244 231
2 244 274
2 246 78
2 246 112
2 246 171
2 246 182
2 246 201
2 246 253
2 247 243
2 249 97
2 249 215
2 249 218
2 250 79
2 250 102
2 250 174
2 250 223
2 250 230
2 250 269
2 251 18
2 251 20
2 251 136
2 251 191
2 251 212
2 251 248
2 251 278
2 252 54
2 253 40
2 253 156
2 253 200
2 254 21
2 254 65
2 254 71
2 254 101
2 254 150
2 254 180
2 255 146
2 255 253
2 256 66
2 256 143
2 256 209
2 256 232
2 257 245
2 258 140
2 259 121
2 259 149
2 260 16
2 260 242
2 260 245
2 260 250
2 261 46
2 261 77
2 261 170
2 261 222
2 262 239
2 263 43
2 263 131
2 263 220
2 263 242
2 264 95
2 264 167
2 264 222
2 264 224
2 265 80
2 265 114
2 265 168
2 265 185
2 265 199
2 265 212
2 266 156
2 266 249
2 267 170
2 267 238
2 268 89
2 268 96
2 268 117
2 269 48
2 269 52
2 269 91
2 269 100
2 269 159
2 269 164
2 270 260
2 270 273
2 271 52
2 271 84
2 271 130
2 271 186
2 271 248
2 271 271
2 272 12
2 272 41
2 272 191
2 273 54
2 273 145
2 273 157
2 274 105
2 274 210
2 275 165
2 275 215
2 275 278
2 276 48
2 276 51
2 276 100
2 276 129
2 276 225
2 276 240
2 277 106
2 277 224
2 278 202
2 278 278
2 279 24
2 279 98
2 279 175
2 279 236
2 280 142
2 280 246
2 281 89
2 281 248
2 282 246
2 283 50
2 283 188
2 283 258
2 283 271
2 284 109
2 284 162
2 284 228
2 284 234
2 284 254
2 284 263
2 285 20
2 285 78
2 286 55
2 286 168
2 287 55
2 287 106
2 287 155
2 287 180
2 287 222
2 288 30
2 288 34
2 288 78
2 288 255
2 289 169
2 290 241
2 291 221
2 292 148
2 292 169
2 292 200
2 292 213
2 293 61
2 294 142
2 295 51
2 295 148
2 295 179
2 296 143
2 296 146
2 296 196
2 297 120
2 297 130
2 297 156
2 297 194
2 297 246
2 297 257
2 297 273
2 298 60
2 298 129
2 300 109
2 300 124
2 300 131
2 300 136
2 300 154
2 300 166
2 300 186
2 301 173
2 301 215
2 302 130
2 302 143
2 302 197
2 302 277
2 303 7
2 303 201
2 304 201
2 305 86
2 305 123
2 305 124
2 305 243
2 305 244
2 306 207
2 306 219
2 308 56
2 309 224
2 309 247
2 309 253
2 309 279
2 310 77
2 310 277
2 311 58
2 311 79
2 312 87
2 312 236
2 313 145
2 313 176
2 313 191
2 313 200
2 313 236
2 314 53
2 314 135
2 315 37
2 316 21
2 316 115
2 316 153
2 317 207
2 317 254
2 318 57
2 318 245
2 319 122
2 320 20
2 320 93
2 320 94
2 320 209
2 320 249
2 322 18
2 322 64
2 322 92
2 322 149
2 322 170
2 322 225
2 323 119
2 324 119
2 324 170
2 325 113
2 325 134
2 325 145
2 325 175
2 325 216
2 325 253
2 325 274
2 326 148
2 326 196
2 326 256
2 327 95
2 328 31
2 328 197
2 328 221
2 329 3
2 330 227
2 331 54
2 331 96
2 331 136
2 331 142
2 331 205