12523
3
377 489 443
3865

0 0 250 347 0 181 0 942 0 184 566 0 0 0 0 146 237 0 0 0 0 894 469 0 0 0 0 0 299 0 0 812 630 0 175 0 318 374 0 612 771 890 875 0 0 949 832 0 617 0 783 164 0 19 0 769 0 722 0 0 353 0 651 377 0 183 939 534 990 0 323 0 208 939 648 245 870 0 0 256 936 859 0 0 0 0 303 0 651 99 420 94 0 0 0 1 0 14 0 0 37 83 0 0 0 46 0 0 71 61 59 39 0 0 75 44 94 0 75 2 0 83 0 0 85 0 0 0 0 0 0 0 0 0 0 66 0 0 0 0 43 0 96 62 27 99 32 82 0 40 0 46 0 0 7 56 0 58 45 0 0 0 0 0 10 0 97 0 36 0 0 93 98 22 78 48 0 58 0 0 63 0 0 0 0 5 0 41 0 3 53 77 96 0 0 0 0 0 0 0 0 43 32 0 31 72 0 37 11 0 94 0 5 0 0 0 55 0 0 0 0 10 0 0 95 28 0 0 0 0 82 0 0 24 0 0 0 0 0 94 12 20 21 0 0 0 0 0 0 70 65 0 0 2 64 0 66 75 0 0 0 0 0 100 0 0 72 88 0 83 0 0 0 15 0 0 35 0 78 78 80 0 26 37 0 39 0 0 0 0 75 39 65 35 0 0 0 92 27 0 11 0 78 0 0 14 61 78 0 68 0 0 0 90 42 42 0 33 55 0 15 0 3 0 6 45 0 24 0 37 11 0 36 23 32 47 37 0 0 0 99 0 0 7 0 80 79 100 0 8 15 77 71 8 18 0 70 0 0 0 0 0 6 11 100 89 0 80 0 96 0 5 39 0 25 0 75
754 0 753 346 764 0 66 0 0 0 427 1000 0 0 0 938 0 0 887 0 158 0 518 0 0 828 0 0 0 0 0 92 398 699 0 770 0 0 0 0 750 0 528 244 431 346 459 472 810 0 0 0 0 0 257 583 77 0 0 0 143 694 94 0 0 804 0 0 312 841 0 0 925 0 831 0 0 701 0 0 0 0 273 354 410 330 699 279 316 658 598 340 31 0 0 0 0 0 0 834 0 0 0 441 392 747 0 945 0 0 0 0 0 0 577 341 463 0 0 478 0 0 0 17 19 4 50 0 0 32 68 0 0 0 99 71 4 87 63 0 0 38 13 0 61 70 0 0 0 100 80 0 0 0 0 66 0 0 0 0 20 98 29 3 0 32 15 2 0 93 11 40 18 63 0 0 6 84 0 54 0 5 3 43 75 6 0 73 0 0 0 12 71 99 89 0 50 61 44 0 87 73 75 72 90 27 0 0 52 0 0 32 0 0 0 31 0 0 0 0 96 47 0 73 0 26 11 0 96 85 0 0 0 0 0 0 0 12 58 0 17 87 0 0 3 0 0 0 30 27 5 0 0 67 0 49 45 0 0 0 0 53 0 58 0 92 0 9 0 0 1 0 0 84 24 96 0 0 20 0 82 0 0 84 4 46 17 21 89 13 97 2 47 0 0 0 0 52 0 0 0 64 0 53 3 94 77 24 19 0 0 0 62 8 48 0 81 0 78 0 34 39 43 0 98 45 0 31 55 0 0 34 27 65 0 0 19 0 0 10 0 56 94 0 0 40 0 4 50 97 78 0 95 21 33 59 0 0 0 2 0 0 9 0 4 0 79 59 0 0 87 61 52 0 0 0 0 1 0 100 0 0 0 0 61 0 0 0 41 27 0 13 0 63 0 0 0 0 0 0 0 0 8 66 7 20 0 0 0 73 82 0 93 39 0 0 38 0 0 95 0 0 0 0 22 0 27 9 17 0 0 0 0 94 19 94 74 0 45 0 0 0 0 0 0 0 0 43 44 34 48 0 11 0 0 45 0 18 38 0 80 0 0 8 75 79 0 0 0 26 0 0 49 0 0 0 0 0 0 0 98 0 71 15 0 0 82 0 92
613 282 0 651 0 682 0 0 0 812 0 0 0 765 25 0 0 0 0 31 601 0 0 0 782 802 391 695 0 0 0 0 0 33 789 411 0 0 979 115 0 33 0 0 342 514 0 0 0 570 825 457 545 0 0 0 361 128 845 0 479 169 0 718 537 0 658 0 819 0 668 0 844 0 741 0 275 0 887 112 0 0 0 0 0 139 0 844 778 872 145 611 0 0 236 0 327 0 0 162 590 350 0 0 903 281 221 0 887 0 68 171 0 99 0 44 30 38 97 0 0 24 0 37 84 0 25 35 0 0 0 0 84 0 54 69 35 80 0 0 37 64 65 0 0 0 69 0 0 0 0 22 0 93 32 0 86 0 44 0 0 83 0 33 57 0 0 0 38 99 96 71 22 0 0 0 84 0 44 92 45 64 0 17 66 0 75 4 0 0 45 0 64 0 85 0 76 89 24 0 100 0 0 0 18 81 0 0 0 61 0 0 0 78 0 0 0 72 0 48 86 0 0 0 49 95 0 0 36 72 0 76 0 75 0 81 0 0 0 43 0 34 0 62 0 0 0 0 0 0 0 0 1 16 0 93 12 77 0 49 85 0 0 0 0 0 0 90 0 26 100 0 0 0 0 0 0 0 0 0 0 88 68 89 60 0 27 0 50 9 0 0 36 25 31 2 84 0 93 49 52 31 4 0 78 0 9 0 12 56 0 0 69 23 0 63 0 93 0 12 32 0 67 0 17 79 0 0 0 0 0 15 0 0 64 9 60 50 0 0 4 0 91 0 0 26 91 9 2 0 15 92 79 36 0 36 43 13 0 0 0 0 0 0 0 0 0 8 0 0 0 44 0 92 0 0 0 16 0 0 87 0 51 32 84 12 78 0 11 87 0 0 11 4 2 47 98 0 0 94 44 0 45 0 63 75 84 39 99 64 44 0 34 45 0 0 0 0 7 41 0 35 36 0 0 0 0 87 0 23 0 0 0 49 5 23 41 28 53 0 0 0 0

0 0 12
0 0 44
0 0 54
0 0 57
0 0 61
0 0 66
0 0 71
0 0 88
0 0 107
0 0 152
0 0 261
0 0 375
0 0 412
0 0 425
0 1 5
0 1 10
0 1 19
0 1 23
0 1 25
0 1 47
0 1 59
0 1 65
0 1 73
0 1 80
0 1 109
0 1 111
0 1 112
0 1 175
0 1 254
0 1 409
0 1 425
0 2 3
0 2 25
0 2 32
0 2 33
0 2 53
0 2 67
0 2 73
0 2 97
0 2 112
0 2 125
0 2 215
0 2 334
0 2 410
0 2 416
0 2 483
0 3 6
0 3 12
0 3 13
0 3 17
0 3 43
0 3 46
0 3 48
0 3 51
0 3 74
0 3 87
0 3 94
0 3 116
0 3 122
0 3 147
0 3 336
0 3 458
0 3 479
0 4 2
0 4 36
0 4 90
0 4 96
0 4 100
0 4 104
0 4 109
0 4 114
0 4 117
0 4 128
0 4 225
0 4 291
0 4 298
0 5 40
0 5 78
0 5 111
0 5 122
0 5 202
0 5 276
0 5 408
0 6 1
0 6 50
0 6 84
0 6 87
0 6 118
0 6 132
0 6 154
0 6 157
0 6 215
0 6 251
0 6 380
0 6 415
0 6 466
0 6 486
0 7 28
0 7 38
0 7 40
0 7 42
0 7 74
0 7 82
0 7 188
0 7 226
0 7 355
0 7 424
0 8 27
0 8 32
0 8 47
0 8 71
0 8 97
0 8 119
0 8 230
0 8 281
0 9 22
0 9 85
0 9 109
0 9 110
0 9 114
0 9 116
0 9 122
0 9 130
0 9 353
0 10 11
0 10 37
0 10 39
0 10 51
0 10 64
0 10 100
0 10 110
0 10 164
0 10 191
0 10 250
0 11 27
0 11 63
0 11 70
0 11 73
0 11 79
0 11 82
0 11 102
0 11 119
0 11 150
0 11 300
0 11 466
0 12 33
0 12 92
0 12 101
0 12 117
0 12 271
0 12 302
0 12 412
0 13 5
0 13 23
0 13 27
0 13 28
0 13 31
0 13 38
0 13 44
0 13 50
0 13 201
0 13 323
0 13 473
0 14 30
0 14 38
0 14 66
0 14 90
0 14 91
0 14 106
0 14 140
0 15 11
0 15 26
0 15 28
0 15 55
0 15 66
0 15 325
0 15 411
0 15 451
0 16 0
0 16 37
0 16 38
0 16 83
0 16 127
0 16 269
0 16 382
0 16 453
0 16 463
0 17 5
0 17 34
0 17 46
0 17 47
0 17 68
0 17 90
0 17 105
0 17 130
0 17 154
0 17 236
0 17 286
0 18 1
0 18 49
0 18 80
0 18 84
0 18 113
0 18 115
0 18 193
0 18 400
0 18 430
0 19 9
0 19 10
0 19 42
0 19 115
0 19 197
0 19 237
0 19 270
0 19 314
0 20 2
0 20 7
0 20 65
0 20 69
0 20 125
0 20 140
0 20 212
0 21 8
0 21 27
0 21 75
0 21 112
0 21 221
0 21 300
0 21 302
0 21 344
0 21 357
0 21 402
0 21 428
0 21 445
0 21 467
0 22 6
0 22 68
0 22 72
0 22 76
0 22 81
0 22 93
0 22 94
0 22 104
0 22 136
0 22 216
0 23 9
0 23 19
0 23 36
0 23 49
0 23 98
0 23 99
0 23 107
0 23 201
0 23 383
0 24 8
0 24 59
0 24 61
0 24 65
0 24 67
0 24 83
0 24 217
0 24 482
0 25 8
0 25 16
0 25 42
0 25 49
0 25 56
0 25 68
0 25 74
0 25 109
0 25 147
0 25 168
0 25 231
0 25 295
0 25 328
0 25 447
0 26 57
0 26 66
0 26 99
0 26 112
0 26 118
0 26 130
0 26 285
0 26 332
0 26 342
0 27 22
0 27 37
0 27 76
0 27 79
0 27 115
0 27 118
0 27 300
0 27 374
0 27 401
0 28 2
0 28 6
0 28 10
0 28 13
0 28 27
0 28 35
0 28 40
0 28 52
0 28 118
0 28 119
0 28 120
0 28 222
0 28 241
0 29 68
0 29 72
0 29 86
0 29 100
0 29 161
0 29 205
0 29 419
0 30 12
0 30 16
0 30 21
0 30 45
0 30 48
0 30 64
0 30 87
0 30 98
0 30 114
0 30 115
0 30 168
0 30 370
0 30 382
0 30 425
0 30 455
0 31 7
0 31 9
0 31 34
0 31 76
0 31 91
0 31 94
0 31 98
0 31 106
0 31 122
0 31 325
0 31 377
0 31 383
0 31 483
0 32 42
0 32 56
0 32 106
0 32 116
0 32 135
0 32 293
0 32 354
0 32 426
0 32 437
0 32 467
0 33 13
0 33 15
0 33 17
0 33 19
0 33 54
0 33 66
0 33 67
0 33 70
0 33 91
0 33 95
0 33 106
0 33 120
0 34 6
0 34 91
0 34 107
0 34 109
0 34 321
0 35 19
0 35 30
0 35 52
0 35 61
0 35 104
0 35 114
0 35 122
0 35 168
0 35 229
0 35 359
0 35 433
0 36 53
0 36 56
0 36 68
0 36 79
0 36 115
0 36 355
0 36 367
0 37 34
0 37 49
0 37 58
0 37 76
0 37 95
0 37 122
0 37 137
0 37 192
0 37 201
0 37 330
0 37 405
0 37 435
0 37 456
0 38 8
0 38 19
0 38 30
0 38 47
0 38 57
0 38 88
0 38 104
0 38 106
0 38 108
0 38 112
0 38 191
0 38 197
0 38 230
0 38 367
0 39 38
0 39 49
0 39 59
0 39 62
0 39 81
0 39 85
0 39 93
0 39 98
0 39 145
0 39 166
0 39 328
0 39 340
0 39 482
0 40 13
0 40 58
0 40 101
0 40 113
0 40 134
0 40 171
0 40 215
0 40 276
0 40 343
0 40 382
0 40 392
0 40 485
0 41 31
0 41 51
0 41 79
0 41 83
0 41 139
0 41 292
0 41 312
0 41 332
0 41 350
0 41 431
0 42 14
0 42 17
0 42 53
0 42 65
0 42 69
0 42 81
0 42 102
0 42 116
0 42 152
0 42 230
0 42 275
0 42 324
0 42 380
0 42 442
0 43 51
0 43 54
0 43 69
0 43 85
0 43 89
0 43 95
0 43 107
0 43 108
0 43 113
0 44 8
0 44 29
0 44 34
0 44 59
0 44 62
0 44 74
0 44 87
0 44 88
0 44 92
0 44 122
0 44 473
0 45 55
0 45 114
0 45 462
0 46 4
0 46 5
0 46 28
0 46 30
0 46 38
0 46 45
0 46 57
0 46 115
0 46 246
0 46 249
0 46 277
0 46 325
0 46 354
0 47 12
0 47 74
0 47 148
0 47 202
0 47 220
0 47 248
0 47 473
0 48 8
0 48 16
0 48 52
0 48 62
0 48 107
0 48 126
0 48 168
0 48 211
0 48 239
0 48 241
0 48 316
0 48 385
0 48 435
0 49 1
0 49 10
0 49 70
0 49 106
0 49 121
0 49 166
0 49 182
0 49 228
0 49 340
0 49 389
0 49 406
0 50 18
0 50 89
0 50 92
0 50 96
0 50 136
0 51 39
0 51 44
0 51 46
0 51 70
0 51 102
0 51 298
0 51 422
0 51 440
0 51 441
0 52 25
0 52 30
0 52 34
0 52 50
0 52 60
0 52 93
0 52 101
0 52 110
0 52 348
0 52 390
0 52 438
0 53 37
0 53 46
0 53 59
0 53 63
0 53 65
0 53 83
0 53 101
0 53 333
0 53 365
0 53 406
0 53 467
0 54 6
0 54 29
0 54 68
0 54 82
0 54 83
0 54 90
0 54 94
0 54 107
0 54 137
0 54 153
0 54 202
0 55 13
0 55 22
0 55 24
0 55 36
0 55 47
0 55 62
0 55 81
0 55 85
0 55 91
0 55 95
0 55 104
0 55 106
0 55 114
0 55 151
0 55 239
0 55 361
0 56 8
0 56 21
0 56 25
0 56 35
0 56 46
0 56 63
0 56 258
0 56 334
0 56 376
0 56 449
0 56 451
0 57 12
0 57 46
0 57 50
0 57 87
0 57 90
0 57 91
0 57 102
0 57 115
0 57 147
0 57 154
0 57 224
0 57 230
0 57 288
0 57 304
0 57 384
0 57 405
0 58 4
0 58 15
0 58 51
0 58 74
0 58 101
0 58 107
0 58 114
0 58 334
0 58 343
0 59 0
0 59 45
0 59 53
0 59 68
0 59 88
0 59 165
0 59 200
0 59 235
0 59 264
0 59 269
0 59 307
0 59 479
0 60 22
0 60 30
0 60 37
0 60 69
0 60 122
0 61 21
0 61 24
0 61 25
0 61 26
0 61 33
0 61 194
0 61 255
0 61 453
0 61 476
0 62 7
0 62 11
0 62 15
0 62 25
0 62 60
0 62 187
0 62 375
0 62 376
0 63 6
0 63 27
0 63 33
0 63 54
0 63 56
0 63 58
0 63 71
0 63 73
0 63 157
0 63 194
0 64 23
0 64 35
0 64 40
0 64 53
0 64 54
0 64 84
0 64 116
0 64 210
0 64 299
0 64 330
0 64 347
0 64 431
0 65 7
0 65 26
0 65 48
0 65 50
0 65 81
0 65 105
0 65 115
0 65 117
0 65 152
0 65 166
0 65 318
0 65 358
0 65 368
0 65 394
0 65 474
0 65 481
0 66 29
0 66 33
0 66 57
0 66 65
0 66 80
0 66 97
0 66 116
0 66 120
0 66 241
0 66 456
0 67 24
0 67 29
0 67 43
0 67 52
0 67 73
0 67 92
0 67 103
0 67 112
0 67 156
0 67 238
0 68 4
0 68 11
0 68 24
0 68 36
0 68 46
0 68 54
0 68 88
0 68 98
0 68 112
0 68 187
0 68 195
0 68 226
0 68 254
0 68 324
0 68 383
0 68 401
0 68 416
0 69 5
0 69 21
0 69 60
0 69 227
0 69 282
0 69 310
0 69 353
0 69 368
0 69 431
0 70 29
0 70 46
0 70 47
0 70 64
0 70 85
0 70 116
0 70 208
0 70 293
0 70 307
0 70 480
0 71 0
0 71 38
0 71 51
0 71 76
0 71 339
0 71 345
0 71 377
0 71 390
0 71 451
0 71 481
0 72 20
0 72 30
0 72 57
0 72 85
0 72 97
0 72 102
0 72 108
0 72 120
0 72 121
0 72 219
0 72 251
0 72 278
0 72 328
0 72 435
0 72 473
0 73 12
0 73 58
0 73 77
0 73 102
0 73 105
0 73 204
0 73 298
0 73 434
0 73 487
0 74 6
0 74 8
0 74 27
0 74 55
0 74 321
0 74 462
0 75 85
0 75 110
0 75 296
0 75 329
0 75 364
0 75 371
0 76 10
0 76 15
0 76 56
0 76 75
0 76 82
0 76 125
0 76 242
0 76 427
0 77 3
0 77 25
0 77 43
0 77 72
0 77 74
0 77 216
0 77 315
0 77 402
0 77 426
0 77 486
0 78 44
0 78 45
0 78 46
0 78 49
0 78 62
0 78 75
0 78 84
0 78 121
0 78 315
0 78 327
0 78 375
0 78 464
0 79 12
0 79 55
0 79 74
0 79 90
0 79 109
0 79 111
0 79 113
0 79 115
0 79 118
0 79 138
0 79 295
0 79 385
0 80 1
0 80 36
0 80 37
0 80 43
0 80 48
0 80 64
0 80 67
0 80 89
0 80 102
0 80 115
0 80 120
0 80 127
0 80 134
0 80 248
0 80 274
0 81 36
0 81 38
0 81 42
0 81 139
0 81 154
0 81 356
0 81 397
0 82 12
0 82 13
0 82 23
0 82 27
0 82 29
0 82 58
0 82 71
0 82 85
0 82 100
0 82 105
0 82 116
0 82 120
0 82 322
0 82 326
0 82 398
0 83 28
0 83 40
0 83 54
0 83 55
0 83 86
0 83 104
0 83 155
0 83 318
0 83 456
0 84 7
0 84 13
0 84 15
0 84 25
0 84 29
0 84 37
0 84 68
0 84 70
0 84 84
0 84 93
0 84 107
0 84 245
0 84 264
0 84 306
0 85 51
0 85 65
0 85 66
0 85 79
0 85 82
0 85 112
0 85 124
0 85 181
0 85 253
0 85 267
0 85 360
0 86 8
0 86 49
0 86 92
0 86 104
0 86 119
0 86 164
0 86 211
0 86 223
0 86 395
0 86 464
0 87 27
0 87 40
0 87 115
0 87 128
0 87 399
0 88 19
0 88 22
0 88 62
0 88 69
0 88 104
0 88 213
0 88 350
0 89 14
0 89 18
0 89 28
0 89 29
0 89 34
0 89 36
0 89 37
0 89 38
0 89 74
0 89 77
0 89 83
0 89 116
0 89 122
0 89 375
0 89 423
0 90 31
0 90 470
0 91 0
0 91 4
0 91 7
0 91 19
0 91 23
0 91 25
0 91 52
0 91 62
0 91 74
0 91 80
0 91 136
0 91 252
0 91 317
0 92 2
0 92 3
0 92 36
0 92 39
0 92 62
0 92 174
0 92 187
0 92 194
0 92 197
0 92 208
0 92 351
0 92 421
0 93 2
0 93 86
0 93 115
0 93 475
0 94 19
0 94 57
0 94 80
0 94 97
0 94 108
0 94 125
0 94 135
0 94 147
0 94 181
0 94 397
0 94 444
0 94 448
0 94 479
0 96 11
0 96 48
0 96 151
0 96 210
0 96 326
0 99 112
0 99 289
0 99 354
0 100 169
0 100 214
0 100 282
0 100 413
0 100 455
0 101 30
0 101 45
0 101 76
0 101 214
0 101 381
0 101 423
0 101 425
0 102 107
0 102 274
0 103 12
0 103 181
0 103 308
0 104 1
0 104 13
0 104 180
0 104 487
0 105 203
0 105 292
0 105 296
0 106 78
0 106 213
0 106 219
0 106 241
0 107 269
0 107 368
0 107 475
0 108 450
0 109 56
0 109 112
0 109 293
0 109 365
0 110 112
0 110 273
0 110 471
0 112 8
0 112 107
0 113 66
0 113 110
0 113 146
0 113 165
0 113 429
0 114 74
0 114 140
0 114 273
0 114 342
0 114 357
0 115 21
0 115 22
0 115 119
0 116 178
0 117 119
0 117 409
0 117 419
0 118 69
0 118 77
0 118 199
0 118 210
0 119 105
0 119 152
0 119 204
0 119 301
0 119 454
0 120 4
0 120 28
0 120 71
0 121 107
0 121 117
0 122 47
0 122 167
0 123 244
0 124 147
0 124 307
0 125 84
0 125 99
0 125 474
0 126 21
0 126 99
0 126 432
0 126 457
0 127 48
0 127 120
0 127 442
0 128 192
0 128 284
0 128 303
0 128 405
0 129 123
0 129 160
0 130 272
0 130 280
0 130 295
0 131 29
0 131 59
0 131 76
0 131 101
0 132 316
0 133 65
0 133 115
0 133 215
0 133 341
0 133 464
0 134 55
0 134 78
0 134 116
0 134 299
0 135 82
0 135 267
0 135 343
0 135 346
0 136 7
0 136 102
0 136 122
0 136 171
0 136 457
0 137 80
0 137 305
0 138 81
0 138 84
0 138 130
0 138 148
0 138 237
0 138 405
0 138 407
0 139 116
0 139 379
0 140 20
0 141 237
0 142 45
0 142 182
0 143 43
0 143 191
0 143 241
0 143 309
0 143 431
0 144 47
0 144 60
0 144 91
0 144 101
0 145 23
0 145 87
0 145 114
0 145 201
0 146 285
0 146 465
0 147 314
0 148 62
0 148 83
0 149 57
0 149 76
0 149 352
0 150 6
0 150 265
0 150 418
0 151 93
0 151 128
0 151 226
0 151 254
0 151 324
0 151 375
0 152 36
0 152 49
0 152 61
0 152 278
0 152 287
0 153 20
0 153 106
0 154 58
0 154 118
0 154 136
0 154 409
0 154 467
0 155 11
0 155 95
0 155 403
0 156 0
0 156 42
0 156 85
0 156 143
0 156 205
0 157 24
0 157 313
0 157 422
0 157 425
0 157 441
0 158 32
0 158 42
0 158 425
0 159 25
0 159 130
0 159 172
0 159 482
0 160 30
0 160 121
0 160 144
0 160 324
0 160 465
0 161 55
0 161 337
0 161 413
0 162 12
0 162 47
0 163 8
0 163 23
0 163 71
0 163 175
0 163 367
0 163 459
0 164 17
0 164 39
0 164 148
0 164 212
0 165 70
0 166 174
0 166 221
0 166 338
0 167 19
0 167 46
0 168 5
0 168 355
0 169 90
0 169 245
0 169 366
0 170 101
0 170 361
0 171 13
0 171 109
0 171 284
0 171 324
0 171 426
0 172 68
0 173 68
0 173 80
0 173 118
0 173 475
0 174 11
0 174 95
0 174 149
0 174 337
0 174 341
0 174 449
0 174 452
0 174 464
0 175 98
0 175 208
0 176 27
0 176 96
0 176 102
0 176 139
0 176 167
0 177 19
0 177 246
0 177 351
0 177 354
0 178 4
0 178 164
0 178 299
0 178 356
0 178 432
0 179 165
0 179 229
0 179 404
0 180 308
0 180 351
0 180 367
0 181 88
0 181 211
0 181 314
0 181 359
0 181 379
0 182 91
0 182 352
0 183 194
0 184 2
0 184 457
0 185 198
0 185 298
0 185 342
0 187 112
0 187 235
0 187 441
0 189 149
0 189 437
0 190 5
0 190 51
0 190 59
0 190 150
0 190 334
0 191 36
0 191 73
0 191 311
0 192 334
0 192 364
0 193 56
0 193 80
0 193 142
0 193 176
0 193 251
0 194 110
0 194 321
0 194 412
0 194 446
0 195 10
0 195 26
0 195 37
0 195 66
0 195 217
0 195 249
0 195 322
0 195 328
0 195 358
0 196 52
0 196 86
0 196 109
0 196 113
0 196 214
0 196 218
0 196 485
0 197 51
0 197 153
0 197 228
0 197 477
0 198 193
0 199 13
0 199 78
0 199 166
0 200 50
0 200 63
0 200 146
0 200 245
0 201 356
0 202 122
0 202 264
0 202 304
0 202 393
0 203 116
0 203 269
0 204 41
0 204 62
0 204 64
0 204 182
0 205 17
0 205 207
0 205 294
0 205 412
0 206 109
0 206 315
0 207 52
0 207 81
0 207 89
0 208 75
0 208 320
0 208 368
0 209 12
0 209 383
0 209 389
0 210 38
0 210 49
0 210 89
0 210 151
0 210 166
0 210 351
0 211 13
0 211 43
0 211 231
0 211 339
0 211 436
0 212 85
0 213 462
0 213 478
0 214 108
0 214 423
0 215 175
0 216 38
0 216 88
0 216 352
0 216 361
0 217 117
0 217 128
0 217 300
0 217 362
0 217 441
0 218 12
0 219 0
0 219 50
0 219 105
0 219 115
0 219 273
0 219 277
0 219 393
0 219 437
0 220 423
0 221 39
0 221 91
0 221 121
0 221 161
0 222 59
0 222 362
0 223 37
0 223 51
0 223 67
0 223 360
0 224 351
0 224 385
0 225 8
0 225 36
0 225 169
0 225 295
0 226 294
0 226 382
0 227 54
0 227 311
0 228 45
0 228 53
0 228 143
0 228 248
0 228 388
0 229 38
0 229 250
0 229 275
0 229 456
0 229 465
0 230 34
0 230 89
0 230 172
0 230 173
0 230 358
0 230 364
0 230 419
0 231 33
0 231 380
0 233 36
0 233 422
0 234 88
0 234 417
0 235 115
0 235 149
0 235 191
0 236 151
0 237 35
0 237 228
0 237 238
0 237 409
0 238 11
0 239 22
0 239 140
0 239 196
0 240 47
0 240 80
0 240 132
0 240 276
0 241 64
0 241 75
0 241 77
0 241 104
0 241 467
0 242 243
0 242 338
0 242 471
0 243 33
0 243 375
0 244 58
0 244 60
0 244 190
0 244 406
0 245 39
0 245 47
0 245 157
0 245 487
0 246 87
0 246 89
0 246 184
0 246 343
0 246 405
0 246 424
0 246 428
0 246 488
0 248 83
0 248 90
0 248 182
0 249 38
0 249 105
0 249 122
0 249 238
0 250 408
0 252 12
0 252 68
0 252 224
0 252 338
0 252 396
0 253 97
0 253 164
0 253 201
0 253 243
0 253 370
0 254 12
0 254 347
0 254 466
0 255 118
0 255 178
0 255 314
0 255 360
0 256 13
0 256 113
0 256 258
0 256 276
0 257 115
0 257 373
0 258 95
0 258 125
0 258 436
0 260 84
0 260 213
0 260 255
0 260 381
0 261 191
0 261 231
0 261 404
0 262 45
0 262 100
0 262 190
0 262 192
0 262 444
0 263 59
0 263 68
0 263 384
0 263 415
0 264 68
0 264 193
0 264 240
0 264 293
0 264 359
0 265 18
0 266 191
0 266 234
0 266 271
0 266 364
0 266 434
0 266 444
0 266 457
0 267 60
0 267 178
0 267 197
0 267 398
0 267 413
0 267 437
0 268 7
0 268 94
0 268 480
0 269 54
0 269 140
0 269 167
0 269 258
0 269 431
0 270 90
0 270 115
0 270 224
0 270 276
0 270 293
0 270 467
0 271 8
0 271 124
0 271 160
0 271 164
0 271 220
0 271 312
0 271 449
0 272 65
0 272 93
0 272 140
0 272 165
0 272 188
0 272 386
0 273 336
0 274 145
0 274 191
0 274 212
0 274 238
0 274 436
0 275 6
0 275 20
0 275 110
0 275 203
0 275 237
0 275 421
0 275 426
0 277 76
0 277 449
0 278 207
0 278 246
0 278 340
0 279 38
0 280 33
0 280 200
0 280 457
0 280 478
0 281 319
0 282 10
0 282 436
0 283 41
0 283 105
0 283 354
0 284 54
0 284 63
0 284 120
0 284 139
0 284 168
0 284 418
0 285 99
0 285 163
0 285 191
0 287 110
0 287 171
0 287 386
0 288 45
0 288 196
0 288 387
0 289 62
0 289 65
0 289 91
0 289 112
0 289 343
0 290 460
0 291 88
0 291 114
0 291 148
0 292 35
0 292 53
0 292 221
0 292 413
0 292 442
0 292 450
0 293 27
0 293 404
0 294 110
0 296 146
0 296 279
0 296 349
0 297 325
0 297 440
0 298 98
0 298 170
0 298 260
0 298 322
0 299 347
0 299 369
0 299 419
0 300 26
0 300 93
0 300 110
0 300 285
0 301 65
0 301 453
0 302 77
0 302 88
0 302 124
0 302 437
0 303 42
0 303 194
0 303 325
0 303 344
0 304 133
0 305 215
0 306 272
0 306 350
0 307 0
0 307 287
0 308 103
0 308 267
0 308 370
0 308 463
0 309 125
0 309 238
0 310 242
0 310 456
0 311 320
0 311 481
0 312 31
0 312 74
0 312 79
0 312 111
0 313 60
0 313 102
0 313 111
0 314 4
0 314 29
0 314 140
0 314 358
0 314 378
0 314 442
0 315 43
0 315 74
0 315 142
0 316 73
0 316 146
0 316 446
0 317 19
0 317 61
0 317 422
0 318 11
0 318 389
0 318 411
0 319 233
0 320 23
0 320 266
0 320 416
0 320 419
0 322 39
0 322 43
0 322 48
0 322 249
0 323 2
0 323 93
0 323 142
0 323 253
0 324 104
0 324 247
0 324 403
0 325 7
0 325 234
0 326 0
0 326 96
0 326 129
0 327 51
0 327 82
0 327 205
0 327 259
0 327 292
0 328 92
0 329 140
0 329 169
0 329 185
0 329 211
0 329 388
0 329 451
0 330 178
0 330 355
0 331 10
0 332 23
0 333 48
0 333 94
0 333 118
0 333 288
0 334 187
0 335 26
0 335 51
0 335 53
0 335 345
0 336 0
0 336 22
0 336 460
0 336 480
0 337 144
0 337 216
0 337 432
0 337 476
0 338 34
0 338 83
0 338 93
0 338 112
0 338 190
0 338 426
0 340 1
0 340 472
0 341 207
0 341 266
0 342 68
0 342 73
0 343 28
0 343 72
0 344 71
0 344 211
0 344 241
0 345 53
0 345 192
0 345 484
0 346 266
0 347 320
0 348 133
0 348 313
0 348 341
0 350 120
0 350 230
0 350 269
0 350 477
0 351 60
0 352 44
0 352 155
0 352 332
0 352 416
0 353 10
0 353 45
0 353 186
0 353 240
0 354 102
0 354 307
0 354 465
0 355 97
0 355 214
0 355 324
0 355 469
0 356 143
0 356 182
0 356 185
0 356 218
0 357 349
0 358 12
0 358 78
0 358 115
0 358 126
0 358 324
0 358 375
0 358 378
0 359 19
0 359 21
0 359 48
0 359 173
0 360 35
0 360 152
0 360 161
0 360 199
0 360 214
0 360 335
0 360 401
0 361 79
0 361 282
0 361 362
0 361 483
0 362 29
0 362 45
0 362 66
0 362 77
0 363 158
0 363 268
0 363 332
0 364 112
0 365 266
0 365 292
0 365 483
0 366 35
0 366 96
0 366 244
0 366 417
0 366 423
0 367 50
0 367 64
0 367 208
0 368 21
0 368 144
0 368 213
0 368 320
0 369 77
0 370 194
0 370 293
0 370 297
0 370 447
0 371 98
0 371 118
0 371 125
0 371 169
0 371 432
0 372 16
0 372 415
0 372 461
0 373 26
0 373 27
0 373 241
0 373 274
0 373 356
0 374 98
0 374 439
0 375 231
0 375 304
0 375 330
0 376 84
1 0 28
1 0 34
1 0 36
1 0 48
1 0 59
1 0 75
1 0 78
1 0 106
1 0 126
1 0 377
1 0 398
1 1 15
1 1 21
1 1 22
1 1 27
1 1 31
1 1 42
1 1 91
1 1 191
1 1 198
1 1 265
1 1 338
1 1 406
1 2 6
1 2 21
1 2 22
1 2 23
1 2 38
1 2 57
1 2 73
1 2 91
1 2 101
1 2 320
1 3 1
1 3 6
1 3 24
1 3 50
1 3 79
1 3 80
1 3 88
1 3 97
1 3 102
1 3 329
1 3 360
1 3 417
1 4 16
1 4 51
1 4 59
1 4 166
1 4 216
1 4 254
1 4 323
1 4 327
1 4 357
1 5 7
1 5 32
1 5 72
1 5 97
1 5 110
1 5 216
1 5 288
1 6 7
1 6 11
1 6 30
1 6 58
1 6 105
1 7 6
1 7 24
1 7 40
1 7 69
1 7 81
1 7 83
1 7 263
1 7 269
1 7 378
1 8 28
1 8 65
1 8 89
1 8 102
1 8 306
1 8 366
1 8 376
1 8 390
1 9 27
1 9 48
1 9 58
1 9 59
1 9 61
1 9 80
1 9 88
1 9 293
1 9 328
1 9 424
1 9 433
1 10 5
1 10 24
1 10 28
1 10 49
1 10 55
1 10 60
1 10 80
1 10 88
1 10 101
1 10 109
1 10 439
1 11 8
1 11 15
1 11 22
1 11 77
1 11 97
1 11 102
1 11 104
1 11 201
1 11 378
1 12 13
1 12 24
1 12 68
1 12 73
1 12 80
1 12 98
1 12 311
1 12 415
1 13 1
1 13 20
1 13 49
1 13 78
1 13 115
1 13 213
1 13 295
1 13 296
1 13 306
1 13 316
1 13 366
1 13 387
1 13 397
1 14 10
1 14 31
1 14 37
1 14 48
1 14 63
1 14 69
1 14 200
1 14 214
1 14 429
1 15 17
1 15 18
1 15 44
1 15 56
1 15 72
1 15 98
1 15 108
1 15 152
1 15 160
1 15 240
1 15 266
1 15 310
1 15 348
1 16 22
1 16 24
1 16 36
1 16 48
1 16 65
1 16 68
1 16 70
1 16 108
1 16 327
1 17 3
1 17 43
1 17 83
1 17 87
1 17 95
1 17 226
1 17 246
1 17 306
1 18 57
1 18 82
1 18 142
1 18 264
1 18 276
1 18 366
1 19 31
1 19 37
1 19 46
1 19 202
1 19 251
1 20 47
1 20 77
1 20 156
1 20 226
1 20 297
1 20 368
1 20 372
1 20 390
1 21 20
1 21 31
1 21 63
1 21 95
1 21 100
1 21 108
1 21 111
1 21 128
1 21 319
1 22 5
1 22 22
1 22 27
1 22 51
1 22 52
1 22 82
1 22 113
1 23 18
1 23 23
1 23 50
1 23 58
1 23 78
1 23 86
1 23 92
1 23 96
1 23 100
1 24 8
1 24 13
1 24 31
1 24 32
1 24 34
1 24 65
1 24 94
1 24 111
1 24 190
1 24 210
1 24 238
1 24 294
1 24 412
1 25 10
1 25 50
1 25 79
1 25 87
1 25 90
1 25 106
1 25 253
1 25 273
1 25 321
1 26 15
1 26 20
1 26 45
1 26 56
1 26 66
1 26 109
1 26 136
1 26 168
1 27 26
1 27 51
1 27 82
1 27 103
1 27 108
1 27 231
1 27 303
1 28 8
1 28 15
1 28 31
1 28 34
1 28 59
1 28 80
1 28 92
1 28 94
1 28 105
1 28 123
1 28 217
1 28 272
1 29 28
1 29 39
1 29 74
1 29 79
1 29 111
1 29 144
1 29 162
1 29 214
1 29 224
1 29 269
1 29 290
1 30 67
1 30 77
1 30 79
1 30 93
1 30 161
1 31 5
1 31 33
1 31 57
1 31 62
1 31 86
1 31 95
1 31 97
1 31 207
1 31 379
1 32 50
1 32 56
1 32 81
1 32 96
1 32 137
1 33 40
1 33 53
1 33 92
1 33 102
1 33 111
1 33 189
1 33 272
1 33 273
1 33 392
1 33 422
1 33 439
1 34 3
1 34 8
1 34 17
1 34 29
1 34 40
1 34 104
1 34 129
1 34 206
1 34 262
1 34 414
1 34 434
1 35 11
1 35 34
1 35 95
1 35 107
1 35 111
1 35 170
1 35 177
1 35 253
1 35 278
1 35 424
1 36 4
1 36 5
1 36 18
1 36 34
1 36 68
1 36 70
1 36 72
1 36 84
1 36 94
1 36 106
1 36 121
1 36 283
1 36 296
1 36 306
1 36 308
1 36 353
1 36 377
1 37 8
1 37 40
1 37 50
1 37 82
1 37 87
1 37 92
1 37 97
1 37 104
1 37 118
1 37 168
1 37 268
1 37 339
1 37 388
1 37 391
1 37 434
1 38 11
1 38 15
1 38 52
1 38 195
1 38 288
1 38 332
1 39 5
1 39 32
1 39 99
1 39 398
1 40 12
1 40 28
1 40 29
1 40 44
1 40 65
1 40 86
1 40 90
1 40 108
1 40 208
1 40 292
1 40 373
1 40 404
1 41 3
1 41 19
1 41 31
1 41 51
1 41 61
1 41 62
1 41 246
1 41 259
1 41 311
1 41 414
1 42 4
1 42 11
1 42 27
1 42 29
1 42 38
1 42 61
1 42 100
1 42 189
1 42 216
1 42 222
1 42 313
1 42 329
1 42 384
1 43 3
1 43 6
1 43 66
1 43 86
1 43 87
1 43 107
1 43 109
1 43 209
1 43 323
1 43 326
1 43 328
1 44 20
1 44 29
1 44 62
1 44 78
1 44 98
1 44 107
1 44 260
1 45 2
1 45 35
1 45 42
1 45 63
1 45 71
1 45 78
1 45 148
1 45 246
1 46 10
1 46 14
1 46 35
1 46 59
1 46 61
1 46 79
1 46 155
1 46 269
1 46 432
1 47 5
1 47 35
1 47 50
1 47 60
1 47 63
1 47 89
1 47 109
1 47 115
1 48 21
1 48 66
1 48 70
1 48 75
1 48 97
1 48 106
1 48 110
1 48 154
1 48 170
1 48 341
1 48 342
1 48 393
1 49 61
1 49 100
1 49 433
1 50 12
1 50 65
1 50 68
1 50 85
1 50 88
1 50 106
1 50 110
1 50 186
1 50 225
1 50 263
1 51 51
1 51 170
1 51 175
1 51 329
1 51 354
1 52 5
1 52 42
1 52 50
1 52 74
1 52 78
1 52 94
1 53 39
1 53 49
1 53 317
1 53 427
1 54 2
1 54 10
1 54 42
1 54 69
1 54 70
1 54 112
1 54 151
1 54 232
1 54 283
1 55 1
1 55 101
1 55 171
1 55 219
1 55 247
1 56 15
1 56 23
1 56 31
1 56 48
1 56 52
1 56 55
1 56 78
1 56 92
1 56 100
1 56 438
1 57 4
1 57 60
1 57 71
1 57 77
1 57 99
1 57 104
1 57 244
1 57 252
1 57 265
1 57 286
1 58 2
1 58 66
1 58 133
1 58 168
1 58 229
1 58 253
1 58 324
1 58 346
1 59 3
1 59 18
1 59 30
1 59 75
1 59 130
1 59 229
1 59 234
1 59 299
1 59 393
1 60 5
1 60 7
1 60 23
1 60 72
1 60 83
1 60 270
1 60 324
1 60 378
1 60 383
1 61 30
1 61 49
1 61 50
1 61 57
1 61 89
1 61 91
1 61 100
1 61 101
1 61 107
1 61 165
1 61 218
1 61 415
1 62 1
1 62 2
1 62 13
1 62 34
1 62 47
1 62 84
1 63 7
1 63 11
1 63 23
1 63 37
1 63 68
1 63 150
1 63 275
1 63 338
1 63 359
1 64 22
1 64 75
1 64 102
1 64 108
1 64 245
1 64 325
1 64 381
1 64 431
1 65 106
1 65 288
1 65 341
1 65 359
1 65 426
1 66 42
1 66 90
1 66 112
1 66 171
1 66 346
1 67 1
1 67 7
1 67 73
1 67 105
1 67 393
1 68 15
1 68 24
1 68 29
1 68 84
1 68 90
1 68 286
1 68 317
1 68 406
1 69 23
1 69 25
1 69 65
1 69 92
1 69 275
1 69 316
1 70 6
1 70 19
1 70 33
1 70 40
1 70 53
1 70 75
1 70 82
1 70 101
1 70 106
1 70 107
1 70 289
1 71 4
1 71 33
1 71 41
1 71 77
1 71 81
1 71 86
1 71 93
1 71 249
1 71 255
1 71 414
1 72 4
1 72 37
1 72 73
1 72 83
1 72 250
1 72 270
1 72 408
1 73 18
1 73 22
1 73 62
1 73 64
1 73 88
1 73 110
1 73 199
1 73 253
1 73 396
1 74 27
1 74 62
1 74 95
1 74 125
1 74 251
1 75 6
1 75 29
1 75 49
1 75 71
1 75 85
1 75 98
1 75 264
1 75 324
1 75 380
1 75 385
1 76 4
1 76 23
1 76 56
1 76 57
1 76 61
1 76 71
1 76 96
1 76 128
1 76 145
1 76 161
1 77 63
1 77 107
1 77 378
1 78 32
1 78 48
1 78 58
1 78 144
1 78 328
1 79 33
1 79 38
1 79 87
1 79 90
1 79 141
1 79 297
1 79 390
1 79 433
1 80 5
1 80 15
1 80 45
1 80 68
1 80 76
1 80 99
1 80 310
1 80 399
1 81 6
1 81 32
1 81 37
1 81 39
1 81 45
1 81 70
1 81 149
1 81 256
1 81 283
1 81 366
1 81 368
1 82 15
1 82 35
1 82 59
1 82 91
1 82 230
1 82 323
1 82 333
1 82 362
1 82 363
1 83 14
1 83 18
1 83 62
1 83 70
1 83 79
1 83 84
1 83 95
1 83 105
1 83 110
1 83 222
1 83 327
1 84 4
1 84 15
1 84 29
1 84 55
1 84 133
1 84 260
1 84 349
1 85 13
1 85 25
1 85 39
1 85 51
1 85 78
1 85 83
1 85 111
1 85 118
1 85 148
1 85 371
1 86 11
1 86 21
1 86 27
1 86 50
1 86 55
1 86 68
1 86 339
1 86 363
1 87 22
1 87 25
1 87 27
1 87 29
1 87 34
1 87 72
1 87 86
1 87 87
1 87 91
1 87 96
1 87 312
1 87 423
1 88 17
1 88 18
1 88 24
1 88 35
1 88 39
1 88 54
1 88 92
1 88 197
1 88 328
1 88 440
1 89 30
1 89 100
1 89 102
1 89 110
1 89 113
1 89 131
1 89 327
1 89 392
1 90 15
1 90 21
1 90 42
1 90 44
1 90 54
1 90 67
1 90 82
1 90 85
1 90 99
1 90 105
1 90 116
1 90 121
1 90 196
1 90 201
1 90 215
1 90 244
1 90 295
1 90 406
1 90 425
1 90 426
1 90 433
1 91 32
1 91 55
1 91 65
1 91 82
1 91 323
1 91 403
1 92 1
1 92 7
1 92 37
1 92 74
1 92 79
1 92 80
1 92 97
1 92 105
1 93 8
1 93 14
1 93 27
1 93 50
1 93 54
1 93 94
1 94 1
1 94 3
1 94 9
1 94 10
1 94 13
1 94 25
1 94 69
1 94 92
1 94 112
1 94 225
1 95 3
1 95 5
1 95 213
1 95 241
1 95 264
1 95 292
1 95 365
1 95 398
1 96 3
1 96 8
1 96 20
1 96 52
1 96 73
1 96 107
1 96 115
1 96 116
1 96 212
1 96 265
1 96 350
1 97 0
1 97 1
1 97 19
1 97 20
1 97 63
1 97 83
1 97 374
1 98 16
1 98 18
1 98 154
1 98 214
1 98 366
1 99 0
1 99 9
1 99 10
1 99 12
1 99 20
1 99 25
1 99 81
1 99 85
1 99 236
1 99 423
1 100 45
1 100 55
1 100 285
1 100 376
1 101 36
1 101 74
1 101 88
1 101 253
1 101 324
1 101 370
1 102 0
1 102 13
1 102 31
1 102 33
1 102 58
1 102 81
1 102 174
1 102 251
1 103 29
1 103 30
1 103 31
1 103 53
1 103 55
1 103 71
1 103 94
1 103 104
1 103 194
1 103 358
1 103 385
1 103 441
1 104 40
1 104 98
1 104 101
1 104 147
1 104 196
1 104 292
1 104 398
1 104 406
1 105 2
1 105 41
1 105 61
1 105 63
1 105 95
1 105 105
1 105 160
1 106 9
1 106 21
1 106 27
1 106 29
1 106 61
1 106 74
1 106 87
1 106 194
1 106 314
1 106 329
1 107 48
1 107 89
1 107 109
1 107 110
1 107 138
1 107 236
1 108 13
1 108 14
1 108 21
1 108 87
1 108 98
1 108 186
1 108 382
1 109 12
1 109 32
1 109 36
1 109 37
1 109 38
1 109 54
1 109 59
1 109 80
1 109 101
1 109 256
1 109 272
1 109 425
1 110 44
1 110 65
1 110 104
1 110 109
1 110 124
1 111 32
1 111 35
1 111 50
1 111 55
1 111 69
1 111 89
1 111 109
1 111 290
1 111 322
1 111 429
1 112 1
1 112 52
1 112 55
1 112 77
1 112 90
1 112 335
1 112 356
1 112 391
1 113 28
1 113 36
1 113 77
1 113 91
1 113 95
1 113 104
1 113 106
1 113 151
1 113 428
1 114 6
1 114 8
1 114 27
1 114 43
1 114 45
1 114 68
1 114 90
1 114 103
1 114 236
1 115 7
1 115 27
1 115 62
1 115 92
1 115 97
1 115 256
1 115 312
1 115 438
1 116 32
1 116 86
1 116 144
1 116 211
1 116 326
1 117 6
1 117 21
1 117 33
1 117 48
1 117 69
1 117 77
1 117 80
1 117 92
1 117 105
1 117 107
1 117 125
1 117 153
1 117 346
1 117 374
1 117 409
1 118 5
1 118 13
1 118 33
1 118 46
1 118 63
1 118 65
1 118 322
1 118 337
1 119 28
1 119 44
1 119 89
1 119 100
1 119 108
1 119 146
1 119 161
1 119 178
1 119 334
1 120 27
1 120 51
1 120 60
1 120 73
1 120 81
1 120 96
1 120 101
1 121 1
1 121 15
1 121 56
1 121 62
1 121 65
1 121 77
1 121 81
1 121 336
1 121 377
1 121 429
1 122 11
1 122 39
1 122 55
1 122 73
1 122 101
1 122 102
1 122 115
1 122 131
1 122 436
1 123 189
1 124 298
1 125 157
1 126 145
1 126 277
1 127 11
1 127 31
1 127 97
1 127 203
1 128 132
1 128 183
1 128 212
1 128 250
1 128 251
1 129 42
1 130 95
1 130 415
1 131 81
1 131 95
1 131 129
1 131 188
1 131 271
1 132 153
1 134 101
1 134 123
1 134 263
1 135 95
1 135 229
1 135 261
1 135 386
1 136 22
1 136 23
1 136 236
1 137 70
1 137 91
1 137 121
1 137 426
1 138 56
1 138 184
1 139 29
1 139 128
1 140 0
1 140 120
1 140 217
1 140 374
1 141 81
1 141 260
1 142 42
1 142 80
1 142 128
1 143 9
1 143 122
1 143 166
1 143 271
1 143 316
1 144 30
1 144 59
1 144 78
1 144 120
1 144 228
1 145 11
1 145 38
1 145 70
1 145 226
1 145 329
1 146 68
1 146 98
1 146 433
1 147 242
1 148 12
1 148 44
1 148 110
1 149 91
1 149 103
1 149 264
1 151 323
1 151 403
1 152 74
1 153 61
1 153 77
1 153 168
1 154 122
1 154 242
1 155 61
1 156 15
1 156 234
1 156 259
1 156 282
1 157 197
1 158 27
1 158 233
1 158 399
1 159 42
1 160 35
1 160 258
1 160 356
1 163 60
1 163 68
1 163 288
1 164 29
1 164 179
1 164 303
1 169 24
1 169 38
1 169 88
1 170 232
1 170 367
1 171 201
1 171 209
1 172 188
1 173 55
1 173 278
1 173 291
1 173 321
1 174 62
1 174 64
1 174 72
1 174 271
1 175 41
1 175 89
1 175 410
1 176 22
1 176 190
1 176 404
1 177 55
1 177 104
1 178 7
1 178 264
1 178 369
1 179 39
1 179 218
1 180 10
1 180 88
1 181 90
1 181 111
1 181 141
1 181 199
1 181 248
1 182 324
1 183 407
1 184 74
1 184 308
1 184 413
1 185 62
1 185 91
1 185 380
1 188 216
1 188 393
1 188 397
1 189 87
1 189 98
1 189 367
1 190 98
1 190 193
1 192 114
1 192 117
1 192 251
1 192 297
1 193 99
1 193 389
1 194 110
1 194 160
1 194 395
1 195 47
1 195 181
1 195 414
1 196 282
1 197 10
1 197 150
1 197 328
1 198 31
1 198 115
1 198 172
1 198 388
1 199 37
1 199 42
1 199 111
1 199 206
1 199 248
1 199 280
1 199 295
1 200 199
1 200 238
1 200 241
1 200 256
1 200 290
1 200 334
1 200 353
1 200 433
1 201 3
1 201 71
1 201 279
1 203 131
1 203 293
1 204 72
1 204 132
1 204 157
1 204 159
1 204 250
1 204 283
1 205 40
1 205 213
1 205 334
1 206 21
1 206 270
1 206 275
1 207 155
1 207 179
1 207 250
1 207 272
1 208 25
1 208 167
1 208 384
1 209 37
1 209 103
1 209 408
1 209 422
1 210 75
1 210 168
1 210 308
1 211 94
1 211 155
1 211 328
1 212 346
1 213 22
1 213 37
1 213 53
1 213 272
1 214 54
1 214 125
1 214 214
1 214 430
1 215 297
1 216 28
1 216 79
1 216 183
1 216 283
1 217 27
1 217 81
1 217 280
1 218 0
1 218 77
1 219 39
1 219 59
1 219 230
1 219 262
1 220 233
1 220 437
1 221 85
1 222 14
1 222 53
1 222 74
1 222 161
1 223 251
1 224 68
1 224 289
1 225 44
1 225 46
1 225 100
1 226 90
1 227 31
1 227 241
1 227 341
1 228 128
1 229 21
1 229 172
1 229 280
1 229 298
1 229 306
1 230 83
1 230 118
1 230 249
1 231 23
1 231 70
1 231 442
1 232 81
1 232 187
1 233 64
1 233 361
1 234 70
1 234 112
1 234 150
1 234 344
1 235 164
1 236 212
1 236 283
1 236 353
1 237 301
1 237 418
1 239 33
1 239 312
1 239 316
1 239 405
1 240 285
1 240 376
1 241 40
1 241 41
1 241 195
1 241 216
1 241 309
1 241 336
1 241 362
1 242 5
1 243 93
1 243 98
1 243 373
1 244 99
1 244 191
1 245 156
1 245 157
1 245 176
1 245 178
1 245 343
1 246 127
1 246 133
1 246 282
1 246 346
1 247 97
1 247 304
1 247 437
1 248 188
1 249 22
1 249 128
1 249 436
1 250 126
1 251 214
1 252 73
1 252 147
1 252 285
1 253 21
1 253 32
1 253 83
1 253 103
1 253 119
1 253 214
1 253 220
1 254 22
1 254 296
1 255 93
1 255 216
1 255 342
1 256 61
1 257 352
1 258 346
1 258 378
1 259 94
1 259 159
1 259 315
1 259 362
1 260 64
1 260 190
1 261 9
1 261 65
1 261 70
1 261 103
1 262 43
1 262 104
1 262 140
1 262 349
1 263 2
1 263 420
1 264 65
1 264 177
1 264 385
1 265 83
1 266 219
1 266 249
1 266 276
1 268 45
1 268 111
1 268 365
1 269 52
1 270 54
1 270 156
1 270 184
1 270 327
1 270 329
1 271 48
1 271 75
1 271 139
1 271 428
1 272 1
1 272 108
1 272 250
1 272 411
1 272 427
1 273 105
1 274 93
1 274 101
1 274 115
1 274 389
1 275 13
1 275 28
1 275 262
1 276 2
1 276 310
1 277 19
1 277 99
1 277 159
1 277 232
1 278 24
1 278 344
1 279 74
1 279 196
1 279 278
1 280 75
1 280 119
1 281 48
1 281 81
1 281 142
1 282 12
1 282 64
1 282 327
1 282 353
1 282 405
1 282 407
1 283 48
1 283 359
1 284 9
1 284 25
1 285 57
1 285 83
1 285 98
1 285 135
1 285 407
1 286 124
1 286 380
1 286 389
1 287 0
1 287 21
1 288 13
1 288 33
1 288 313
1 288 366
1 289 394
1 290 39
1 290 73
1 290 111
1 290 376
1 291 57
1 291 60
1 291 270
1 292 16
1 292 61
1 292 214
1 292 306
1 292 325
1 293 68
1 293 95
1 293 295
1 294 1
1 295 80
1 295 318
1 296 211
1 296 424
1 297 63
1 297 261
1 298 18
1 298 91
1 298 107
1 299 115
1 299 285
1 300 115
1 301 383
1 302 44
1 302 311
1 303 30
1 303 190
1 303 347
1 304 107
1 307 2
1 307 40
1 307 81
1 308 89
1 308 96
1 308 143
1 308 298
1 308 347
1 309 76
1 309 81
1 309 122
1 309 281
1 309 368
1 310 91
1 310 98
1 310 332
1 311 9
1 311 94
1 313 30
1 313 41
1 313 383
1 313 436
1 314 11
1 315 80
1 315 158
1 315 162
1 316 186
1 316 249
1 317 233
1 318 247
1 318 348
1 319 175
1 319 314
1 320 146
1 322 61
1 322 330
1 323 174
1 323 227
1 324 57
1 324 157
1 324 371
1 325 302
1 325 317
1 326 91
1 326 441
1 327 401
1 328 209
1 328 236
1 328 347
1 329 74
1 329 75
1 329 124
1 329 191
1 329 257
1 329 265
1 329 329
1 330 97
1 330 115
1 331 106
1 331 193
1 332 195
1 333 41
1 333 98
1 334 102
1 334 251
1 335 7
1 335 59
1 335 94
1 335 287
1 335 383
1 336 256
1 336 416
1 337 194
1 337 238
1 337 247
1 338 408
1 339 108
1 339 115
1 339 200
1 339 339
1 340 69
1 340 154
1 340 318
1 340 330
1 340 394
1 341 59
1 341 72
1 341 95
1 341 281
1 341 353
1 342 54
1 343 411
1 344 97
1 344 354
1 346 23
1 346 368
1 347 44
1 347 95
1 347 254
1 347 423
1 348 36
1 348 333
1 349 366
1 350 340
1 351 74
1 352 150
1 352 263
1 352 302
1 352 371
1 353 35
1 353 78
1 353 101
1 353 126
1 353 160
1 353 242
1 353 250
1 353 365
1 354 3
1 354 9
1 354 71
1 354 102
1 355 405
1 355 432
1 356 19
1 356 105
1 358 91
1 358 92
1 358 396
1 359 45
1 361 419
1 362 246
1 362 252
1 363 78
1 363 115
1 363 153
1 363 278
1 364 41
1 364 50
1 365 43
1 366 56
1 366 184
1 367 44
1 369 5
1 369 218
1 370 159
1 371 37
1 371 214
1 371 227
1 371 290
1 372 10
1 373 10
1 373 37
1 373 49
1 373 151
1 373 376
1 374 40
1 374 354
1 374 407
1 374 419
1 375 15
1 375 30
1 375 159
1 375 239
1 375 300
1 376 126
1 376 332
1 377 297
1 378 7
1 378 173
1 378 185
1 378 301
1 379 87
1 379 141
1 380 60
1 380 205
1 380 358
1 381 30
1 381 93
1 381 150
1 382 369
1 383 86
1 383 89
1 383 340
1 383 362
1 383 365
1 383 381
1 385 388
1 386 0
1 387 1
1 387 12
1 387 144
1 387 403
1 388 100
1 388 235
1 388 360
1 389 68
1 389 435
1 390 13
1 390 270
1 390 289
1 390 337
1 391 135
1 392 87
1 392 89
1 393 355
1 394 11
1 394 370
1 394 423
1 395 31
1 395 280
1 396 111
1 396 192
1 396 247
1 396 416
1 398 229
1 398 306
1 398 398
1 399 61
1 399 153
1 399 398
1 400 6
1 400 132
1 400 434
1 401 303
1 402 245
1 402 404
1 403 287
1 403 330
1 403 440
1 404 231
1 405 13
1 405 39
1 406 57
1 406 383
1 407 195
1 407 198
1 407 245
1 408 205
1 408 221
1 408 262
1 408 305
1 409 92
1 410 35
1 410 218
1 410 250
1 411 58
1 411 78
1 411 341
1 412 404
1 413 72
1 414 0
1 414 85
1 414 345
1 415 82
1 415 92
1 415 273
1 415 276
1 415 344
1 416 338
1 417 27
1 417 241
1 417 270
1 417 341
1 418 196
1 418 335
1 419 155
1 419 327
1 419 374
1 420 75
1 420 217
1 420 414
1 421 81
1 421 199
1 422 39
1 422 57
1 422 185
1 423 398
1 424 198
1 424 231
1 424 318
1 425 246
1 425 292
1 426 91
1 426 305
1 426 417
1 427 40
1 427 48
1 427 53
1 428 108
1 428 329
1 428 355
1 429 166
1 429 218
1 429 240
1 429 440
1 430 83
1 430 278
1 431 122
1 431 146
1 433 3
1 433 187
1 433 289
1 434 43
1 435 4
1 435 17
1 435 89
1 435 127
1 435 251
1 435 332
1 435 391
1 436 339
1 436 395
1 437 42
1 437 161
1 437 186
1 437 210
1 438 50
1 438 435
1 439 95
1 439 106
1 439 111
1 439 123
1 440 3
1 440 111
1 441 6
1 441 407
1 442 66
1 442 80
1 442 116
1 443 211
1 443 251
1 444 79
1 444 126
1 444 282
1 445 90
1 446 46
1 446 52
1 446 165
1 447 1
1 447 36
1 447 211
1 447 415
1 448 13
1 448 14
1 448 108
1 448 134
1 448 183
1 449 48
1 449 177
1 449 196
1 450 56
1 450 88
1 450 284
1 450 309
1 450 376
1 450 381
1 451 0
1 451 28
1 451 66
1 451 191
1 451 290
1 454 67
1 454 137
1 454 362
1 455 15
1 455 44
1 455 198
1 455 324
1 455 357
1 456 126
1 456 281
1 456 347
1 456 407
1 457 305
1 458 116
1 458 297
1 459 205
1 459 345
1 459 375
1 460 18
1 460 97
1 460 144
1 460 218
1 461 6
1 462 93
1 463 39
1 463 46
1 463 64
1 463 428
1 464 2
1 464 133
1 464 173
1 466 63
1 466 108
1 467 88
1 467 218
1 468 46
1 468 86
1 468 90
1 468 99
1 469 48
1 469 52
1 469 167
1 469 232
1 470 115
1 471 11
1 471 416
1 472 48
1 472 51
1 473 56
1 473 92
1 473 147
1 473 294
1 474 89
1 475 85
1 475 194
1 476 402
1 477 321
1 478 158
1 478 234
1 479 14
1 479 21
1 479 22
1 480 328
1 481 45
1 481 188
1 482 39
1 482 75
1 482 93
1 482 117
1 482 393
1 483 219
1 484 147
1 484 180
1 485 225
1 485 280
1 485 426
1 486 22
1 486 52
1 487 107
1 487 427
1 488 393