12717
7
213 211 181 175 240 258 255
6124

0 0 0 362 0 162 570 236 25 0 115 0 20 0 584 0 0 0 0 0 869 0 0 0 276 0 0 0 0 0 0 0 403 112 0 426 0 360 0 0 0 813 364 0 938 0 1 0 0 83 95 63 7 0 0 0 0 88 43 0 20 0 0 0 0 0 93 14 0 88 57 0 0 80 51 0 0 0 24 0 70 0 31 96 0 41 43 20 47 0 0 51 63 0 46 0 26 0 0 0 84 0 99 50 0 0 0 59 0 21 95 0 7 0 43 0 45 64 0 0 91 0 0 97 39 70 77 96 0 78 68 63 92 59 0 31 0 36 19 0 16 64 0 19 0 0 0 0 0 53 19 0 90 0 0 0 0 0 29 0 0 0 0 44 0 0 97 0 43 0 0 80 0 98 0 0 0 7 88 0 0 0 0 27 18 12 0 0 70 44 18 47 0 10 0 22 31 0 0 96 0 25 49 0 0 0 1 0 53 0 0 83 68
0 259 0 288 0 0 486 802 271 439 0 814 0 336 0 0 0 0 306 986 269 998 841 0 0 0 991 0 0 435 0 934 0 652 0 412 857 398 913 0 572 874 317 459 794 5 19 0 0 91 31 0 36 25 21 0 0 0 0 0 0 12 0 0 42 43 0 43 38 0 95 0 0 44 0 0 0 61 0 16 0 0 0 81 0 0 0 0 53 0 0 61 0 0 77 0 81 1 74 0 4 0 70 0 0 71 0 50 0 12 48 0 16 2 0 0 55 0 91 26 0 0 45 0 0 0 64 0 22 61 0 39 82 100 0 43 70 0 93 69 0 96 57 0 40 79 18 0 0 0 49 0 0 0 0 0 0 42 0 93 0 0 56 53 54 51 0 34 0 0 85 57 23 75 1 0 0 28 0 33 0 0 0 0 0 30 0 93 0 0 0 0 90 0 76 52 24 40 58 0 0 0 0 0 72 22 0 5 0 0 0
144 0 0 747 0 0 250 675 0 0 0 230 791 90 316 344 0 0 397 951 0 618 297 0 25 0 0 165 0 575 0 948 597 0 804 0 0 0 0 0 0 0 52 0 0 1 36 63 0 28 0 0 74 0 0 67 0 22 0 0 91 0 36 54 5 7 0 96 83 3 6 22 71 77 0 0 98 0 0 0 18 0 63 6 60 1 19 92 0 17 0 33 0 16 0 49 0 35 76 41 0 20 0 11 0 87 0 74 0 0 27 0 64 0 47 57 0 0 0 46 59 69 95 16 0 0 9 0 94 90 0 0 7 0 15 0 53 0 0 0 0 46 28 87 56 0 0 0 0 29 0 30 0 0 47 31 0 0 0 0 0 31 0 32 68 23 60 77 0 0 21 6 0 0 0 32 0 20 0 0 38
0 0 416 591 0 0 586 133 755 83 0 0 54 0 148 809 294 651 0 411 368 826 0 0 0 722 297 0 879 190 335 38 0 0 692 0 0 0 0 44 43 0 26 29 96 84 0 89 0 0 0 0 0 0 47 0 0 60 0 88 80 69 0 99 0 0 0 0 0 0 46 63 0 96 0 0 23 77 100 87 0 8 92 30 39 0 0 0 0 88 79 96 64 4 0 0 94 38 39 0 0 0 0 2 10 93 24 3 0 94 53 55 0 0 19 95 96 0 49 83 98 77 9 0 63 95 5 0 55 73 0 0 0 59 10 0 0 68 82 36 0 0 0 90 40 0 93 0 50 0 0 0 24 0 0 0 1 75 40 0 54 0 47 12 91 90 0 0 0 48 0 0 0 9 0
232 0 0 509 0 480 0 730 0 0 0 952 0 118 1000 0 778 112 14 2 435 0 0 245 0 0 127 0 0 277 505 0 136 595 7 729 0 953 0 482 773 0 989 0 31 0 0 0 846 0 0 16 84 95 22 100 0 0 0 81 0 0 16 83 17 63 0 29 95 0 0 0 48 83 87 48 0 0 52 0 21 0 32 59 59 90 0 3 0 45 93 51 89 0 50 0 0 28 69 39 0 88 72 0 0 56 0 0 7 0 68 21 0 0 0 0 0 0 0 92 100 20 69 15 0 0 9 92 0 0 42 51 0 11 56 0 0 0 0 97 42 0 0 0 44 0 0 0 0 76 0 0 99 84 16 0 0 78 51 0 0 0 0 92 97 0 34 69 78 0 0 17 28 0 0 0 33 50 0 11 51 9 0 0 69 0 56 0 91 0 0 0 0 0 0 1 0 0 50 35 0 45 0 11 0 48 3 25 90 0 65 55 62 37 85 0 25 0 0 0 67 0 0 64 0 0 43 46 0 0 32 45 0 68 0 0 36 92 90 4
0 0 0 372 737 531 0 0 273 0 0 707 587 293 500 937 661 0 0 342 224 343 600 0 0 0 165 0 0 815 0 0 168 779 0 0 272 0 962 981 648 465 0 410 704 762 0 379 0 173 0 639 308 0 407 0 0 0 24 25 0 0 66 51 51 0 84 0 56 0 36 45 84 0 0 35 34 0 0 30 75 47 0 0 0 20 81 93 44 71 59 0 10 0 0 28 54 0 23 0 0 0 0 0 0 39 54 0 13 17 72 0 0 0 74 7 0 0 0 87 21 23 0 0 0 0 0 0 0 0 0 0 9 0 42 4 21 49 75 0 0 25 94 0 0 84 0 0 43 0 97 64 0 48 0 0 65 0 0 33 24 0 0 7 0 73 74 64 99 0 45 0 0 80 0 0 0 11 16 2 0 8 0 0 0 0 93 60 0 0 0 0 13 0 0 26 28 0 50 57 0 0 33 0 14 54 0 0 13 0 0 32 0 0 97 0 68 0 73 64 0 52 55 88 58 0 74 0 0 0 31 0 0 32 0 0 0 59 79 0 0 0 0 6 0 69 11 20 41 0 93 69 1 39 51 0 0 57
386 0 639 0 441 556 673 140 0 0 0 0 284 0 133 0 0 0 588 0 0 544 598 0 580 0 0 252 0 0 0 0 0 0 521 0 0 0 948 219 171 198 0 828 297 0 0 893 0 38 0 182 0 0 34 61 0 13 33 0 0 0 69 55 0 51 0 49 24 1 0 0 15 0 22 0 47 0 0 93 0 0 26 73 71 0 0 0 0 0 85 0 0 17 0 69 87 0 0 9 88 95 0 0 69 84 0 52 0 14 0 6 0 0 44 0 0 9 0 51 0 0 69 22 87 9 36 4 0 97 0 0 64 50 28 0 0 25 0 0 0 0 51 42 42 7 100 22 50 87 8 0 0 0 13 0 3 0 62 0 87 61 81 16 58 68 0 62 24 13 59 0 83 0 0 0 18 2 0 0 40 0 0 28 30 37 81 0 13 13 0 0 44 0 0 76 0 0 4 84 92 0 0 0 85 0 0 78 0 0 0 85 59 24 85 83 0 34 0 0 0 0 63 0 61 0 0 0 96 0 0 2 29 0 0 73 0 0 81 72 51 0 0 49 0 62 66 0 0 0 62 0 0 0 0

0 0 15
0 0 18
0 0 29
0 0 37
0 0 43
0 0 100
0 0 112
0 0 115
0 0 148
0 0 169
0 0 210
0 1 1
0 1 38
0 1 156
0 1 179
0 1 203
0 1 205
0 2 22
0 2 27
0 2 30
0 2 53
0 2 84
0 2 149
0 2 175
0 2 183
0 2 184
0 3 24
0 3 28
0 3 31
0 3 41
0 3 163
0 3 180
0 4 5
0 4 22
0 4 55
0 4 85
0 4 102
0 4 139
0 4 160
0 4 172
0 4 180
0 4 189
0 5 5
0 5 15
0 5 42
0 5 98
0 5 163
0 5 166
0 6 8
0 6 150
0 6 207
0 7 17
0 7 37
0 7 40
0 7 81
0 7 98
0 7 139
0 8 1
0 8 33
0 8 133
0 8 162
0 8 201
0 9 0
0 9 11
0 9 13
0 9 22
0 9 26
0 9 28
0 9 30
0 9 31
0 9 34
0 9 36
0 9 38
0 9 41
0 9 42
0 9 56
0 9 83
0 9 110
0 9 129
0 10 6
0 10 17
0 10 28
0 10 33
0 10 100
0 10 174
0 10 199
0 11 27
0 11 56
0 11 129
0 11 136
0 12 23
0 12 28
0 12 66
0 12 68
0 13 0
0 13 14
0 13 88
0 13 94
0 13 122
0 13 173
0 14 22
0 14 35
0 14 48
0 14 86
0 14 93
0 14 124
0 14 132
0 14 187
0 14 196
0 15 4
0 15 5
0 15 9
0 15 10
0 15 22
0 15 67
0 15 111
0 15 125
0 15 144
0 15 159
0 15 204
0 16 2
0 16 11
0 16 17
0 16 27
0 16 61
0 17 1
0 17 3
0 17 23
0 17 75
0 17 112
0 17 123
0 17 192
0 17 207
0 18 20
0 18 34
0 18 36
0 18 43
0 18 77
0 18 98
0 18 113
0 18 133
0 19 19
0 19 31
0 19 41
0 19 96
0 19 122
0 19 129
0 19 183
0 20 15
0 20 29
0 20 43
0 20 66
0 20 102
0 20 135
0 21 10
0 21 12
0 21 17
0 21 39
0 21 47
0 21 120
0 21 148
0 22 0
0 22 20
0 22 21
0 22 31
0 22 32
0 22 43
0 22 67
0 23 18
0 23 34
0 23 42
0 23 44
0 23 69
0 23 84
0 23 96
0 23 152
0 23 162
0 24 1
0 24 3
0 24 28
0 24 36
0 24 103
0 24 114
0 24 139
0 24 141
0 24 165
0 24 193
0 25 0
0 25 14
0 25 30
0 25 41
0 25 43
0 25 70
0 25 78
0 25 106
0 25 108
0 25 133
0 25 141
0 26 3
0 26 8
0 26 15
0 26 18
0 26 42
0 26 69
0 26 95
0 26 102
0 26 114
0 26 155
0 26 162
0 27 23
0 27 43
0 27 109
0 27 129
0 27 156
0 28 2
0 28 6
0 28 17
0 28 18
0 28 33
0 28 63
0 28 66
0 28 121
0 28 163
0 28 202
0 29 2
0 29 13
0 29 17
0 30 2
0 30 31
0 30 44
0 30 102
0 30 121
0 30 157
0 30 196
0 31 4
0 31 61
0 31 62
0 31 67
0 31 185
0 31 196
0 32 9
0 32 28
0 32 54
0 32 57
0 32 120
0 32 143
0 32 145
0 32 170
0 33 0
0 33 3
0 33 9
0 33 28
0 33 38
0 33 39
0 33 60
0 33 141
0 33 171
0 33 205
0 34 7
0 34 39
0 34 68
0 34 71
0 34 94
0 34 113
0 35 8
0 35 22
0 35 28
0 35 38
0 35 41
0 35 52
0 35 68
0 35 74
0 35 134
0 35 157
0 35 189
0 35 203
0 36 24
0 36 36
0 36 41
0 36 74
0 36 110
0 36 111
0 36 114
0 36 130
0 36 164
0 37 14
0 37 17
0 37 19
0 37 31
0 37 33
0 37 39
0 37 104
0 37 138
0 37 163
0 37 196
0 38 31
0 38 33
0 38 34
0 38 95
0 38 113
0 38 133
0 38 184
0 38 194
0 38 209
0 39 7
0 39 16
0 39 22
0 39 32
0 39 39
0 39 112
0 40 3
0 40 10
0 40 19
0 40 26
0 40 72
0 40 92
0 40 158
0 40 168
0 40 181
0 40 189
0 41 6
0 41 7
0 41 12
0 41 16
0 41 19
0 41 40
0 41 76
0 41 77
0 41 171
0 42 15
0 42 28
0 42 61
0 42 106
0 42 144
0 42 208
0 43 3
0 43 25
0 43 34
0 43 41
0 43 84
0 43 117
0 43 190
0 44 8
0 44 31
0 44 35
0 44 38
0 44 52
0 44 143
0 44 187
0 44 190
0 44 199
0 45 17
0 45 73
0 45 108
0 45 125
0 45 128
0 45 147
0 45 149
0 45 203
0 46 5
0 46 13
0 46 178
0 47 2
0 47 30
0 47 52
0 47 72
0 47 154
0 48 9
0 48 81
0 49 39
0 49 42
0 49 52
0 49 67
0 49 191
0 49 194
0 50 37
0 50 56
0 50 143
0 50 186
0 51 31
0 51 162
0 51 176
0 52 161
0 53 8
0 53 67
0 53 151
0 53 181
0 53 183
0 54 60
0 54 82
0 54 97
0 54 169
0 54 174
0 54 192
0 55 33
0 55 84
0 55 111
0 55 138
0 55 146
0 55 163
0 55 200
0 56 31
0 56 33
0 56 62
0 56 105
0 56 111
0 56 197
0 57 173
0 57 195
0 58 6
0 58 88
0 58 136
0 58 184
0 59 134
0 59 183
0 59 206
0 60 6
0 60 36
0 60 49
0 60 87
0 60 120
0 60 185
0 61 97
0 61 143
0 61 158
0 61 201
0 63 45
0 63 118
0 63 138
0 63 140
0 64 50
0 64 161
0 64 206
0 65 5
0 65 15
0 65 94
0 65 170
0 66 57
0 66 59
0 66 106
0 67 16
0 67 23
0 67 27
0 67 33
0 67 51
0 67 56
0 67 103
0 67 193
0 68 0
0 68 20
0 68 77
0 69 120
0 69 136
0 69 164
0 69 170
0 69 182
0 70 17
0 70 29
0 70 37
0 70 62
0 70 118
0 71 146
0 71 174
0 72 148
0 73 109
0 73 171
0 73 203
0 74 0
0 74 34
0 74 106
0 74 107
0 74 148
0 74 169
0 74 170
0 75 28
0 75 111
0 75 179
0 75 194
0 76 30
0 76 131
0 76 166
0 76 172
0 76 183
0 77 14
0 77 42
0 77 74
0 77 198
0 78 9
0 78 130
0 79 81
0 79 105
0 79 116
0 80 92
0 80 136
0 80 173
0 81 13
0 81 100
0 82 107
0 83 32
0 84 205
0 85 1
0 85 139
0 86 37
0 86 145
0 87 19
0 87 23
0 87 144
0 87 157
0 87 188
0 87 195
0 88 70
0 88 85
0 88 177
0 89 25
0 89 38
0 89 78
0 89 128
0 89 190
0 90 6
0 90 11
0 90 15
0 90 82
0 90 91
0 90 200
0 91 17
0 91 90
0 91 112
0 92 2
0 92 20
0 92 23
0 92 59
0 92 172
0 93 35
0 93 36
0 93 154
0 93 197
0 93 202
0 94 77
0 94 84
0 94 103
0 94 160
0 95 8
0 95 35
0 95 83
0 95 84
0 95 105
0 95 138
0 95 164
0 95 170
0 95 209
0 96 178
0 97 12
0 97 27
0 97 46
0 97 117
0 98 8
0 98 27
0 98 39
0 98 83
0 98 86
0 98 117
0 98 139
0 98 150
0 98 175
0 99 33
0 99 56
0 99 143
0 99 172
0 99 200
0 100 15
0 100 18
0 100 64
0 100 168
0 101 60
0 101 100
0 101 127
0 101 147
0 102 21
0 102 93
0 102 106
0 102 108
0 102 179
0 102 187
0 102 195
0 103 2
0 103 7
0 103 159
0 103 184
0 104 0
0 104 8
0 104 187
0 105 17
0 105 40
0 105 103
0 105 107
0 105 123
0 105 136
0 105 147
0 105 170
0 106 41
0 106 110
0 106 114
0 106 165
0 106 174
0 107 12
0 107 13
0 107 38
0 107 201
0 108 30
0 108 102
0 108 170
0 108 184
0 109 42
0 109 48
0 109 174
0 110 2
0 110 85
0 111 1
0 111 59
0 111 64
0 111 70
0 112 57
0 112 151
0 112 160
0 112 179
0 113 33
0 113 46
0 113 136
0 113 194
0 114 23
0 114 39
0 114 66
0 114 69
0 114 70
0 114 131
0 114 202
0 116 73
0 116 133
0 117 37
0 117 44
0 117 45
0 117 66
0 117 137
0 117 140
0 118 49
0 118 74
0 118 183
0 118 200
0 118 207
0 119 108
0 119 115
0 119 124
0 119 177
0 119 182
0 121 8
0 121 34
0 121 37
0 121 100
0 121 129
0 121 187
0 122 59
0 122 209
0 123 10
0 123 108
0 123 137
0 123 184
0 124 9
0 124 64
0 124 88
0 124 192
0 125 8
0 125 116
0 125 179
0 125 189
0 126 52
0 127 0
0 127 12
0 127 91
0 127 108
0 127 183
0 127 193
0 128 20
0 128 104
0 128 154
0 128 197
0 129 15
0 129 24
0 129 62
0 129 81
0 129 104
0 129 116
0 129 144
0 129 174
0 130 46
0 130 68
0 130 163
0 131 6
0 131 38
0 131 107
0 131 133
0 131 149
0 131 190
0 132 74
0 132 122
0 132 157
0 132 165
0 132 203
0 133 1
0 133 8
0 133 30
0 133 144
0 134 37
0 134 70
0 134 173
0 134 203
0 135 44
0 135 85
0 135 97
0 135 130
0 135 153
0 135 210
0 136 17
0 136 37
0 136 72
0 136 107
0 136 116
0 136 117
0 137 22
0 137 203
0 137 204
0 138 66
0 139 102
0 139 104
0 139 194
0 139 195
0 140 202
0 141 14
0 141 22
0 141 106
0 142 61
0 142 79
0 142 132
0 142 195
0 143 14
0 143 26
0 143 89
0 143 126
0 144 62
0 144 166
0 144 179
0 145 42
0 145 59
0 146 6
0 146 12
0 146 200
0 147 11
0 148 9
0 148 61
0 148 116
0 148 135
0 148 185
0 149 82
0 149 98
0 150 61
0 150 118
0 150 165
0 150 184
0 151 8
0 151 45
0 151 84
0 151 136
0 152 19
0 152 22
0 152 47
0 152 154
0 153 61
0 153 137
0 153 144
0 154 38
0 154 40
0 154 196
0 155 116
0 155 119
0 155 174
0 156 11
0 156 41
0 156 196
0 156 200
0 157 9
0 157 46
0 158 26
0 158 70
0 158 133
0 158 162
0 158 164
0 158 206
0 159 11
0 159 38
0 159 99
0 159 151
0 159 197
0 159 201
0 160 27
0 160 34
0 160 40
0 160 150
0 161 33
0 161 67
0 161 106
0 161 195
0 162 48
0 162 119
0 163 23
0 163 81
0 163 110
0 163 125
0 163 163
0 164 66
0 164 70
0 164 75
0 164 153
0 165 3
0 165 33
0 165 97
0 165 103
0 165 127
0 165 180
0 166 33
0 166 188
0 167 87
0 167 133
0 168 8
0 169 14
0 169 169
0 169 187
0 170 36
0 170 171
0 170 176
0 171 28
0 171 59
0 171 83
0 171 113
0 171 159
0 171 162
0 172 42
0 172 71
0 172 90
0 173 34
0 173 45
0 173 70
0 174 13
0 174 57
0 174 100
0 175 134
0 176 3
0 176 13
0 176 130
0 176 149
0 176 180
0 176 207
0 177 18
0 177 33
0 177 59
0 177 174
0 177 207
0 177 208
0 178 35
0 178 39
0 178 133
0 178 152
0 178 183
0 179 53
0 179 55
0 179 113
0 179 206
0 180 37
0 180 55
0 180 126
0 180 193
0 180 201
0 181 29
0 181 95
0 181 98
0 181 103
0 181 192
0 182 19
0 182 23
0 182 38
0 182 69
0 182 128
0 182 175
0 182 187
0 183 11
0 184 58
0 184 70
0 185 13
0 185 19
0 185 61
0 185 126
0 185 152
0 185 159
0 185 181
0 185 203
0 185 206
0 186 14
0 186 94
0 186 199
0 186 205
0 187 6
0 187 69
0 187 89
0 187 117
0 187 180
0 187 208
0 188 5
0 188 38
0 188 90
0 188 101
0 188 110
0 189 210
0 190 6
0 190 34
0 191 4
0 191 13
0 191 28
0 191 51
0 191 123
0 191 165
0 192 26
0 192 135
0 193 69
0 193 81
0 193 207
0 194 31
0 194 76
0 195 100
0 195 138
0 195 158
0 196 35
0 196 85
0 196 86
0 196 111
0 197 4
0 197 87
0 197 175
0 197 200
0 198 76
0 198 165
0 199 74
0 199 81
0 199 160
0 199 189
0 199 206
0 200 13
0 200 30
0 200 31
0 200 152
0 200 156
0 200 192
0 201 67
0 202 99
0 202 136
0 202 162
0 202 192
0 204 126
0 205 42
0 205 58
0 205 83
0 205 153
0 205 167
0 206 17
0 206 63
0 206 91
0 206 96
0 207 15
0 207 43
0 207 49
0 207 131
0 207 141
0 207 157
0 208 6
0 208 82
0 208 102
0 208 134
0 208 138
0 208 163
0 209 42
0 209 76
0 209 110
0 209 112
0 209 117
0 209 144
0 210 5
0 210 30
0 210 55
0 210 105
0 210 165
0 210 186
0 211 0
0 211 79
0 211 118
0 211 165
0 212 27
0 212 114
1 0 36
1 0 69
1 0 110
1 1 3
1 1 7
1 1 9
1 1 14
1 1 16
1 1 22
1 1 28
1 1 60
1 1 89
1 1 146
1 2 20
1 2 32
1 2 34
1 2 45
1 2 85
1 2 126
1 2 175
1 3 12
1 3 28
1 3 32
1 3 124
1 3 156
1 4 9
1 4 13
1 4 22
1 4 28
1 4 31
1 4 139
1 4 146
1 4 153
1 4 161
1 5 4
1 5 6
1 5 24
1 5 25
1 5 72
1 5 79
1 5 110
1 5 131
1 5 150
1 6 0
1 6 1
1 6 13
1 6 17
1 6 25
1 6 26
1 6 36
1 6 96
1 7 7
1 7 10
1 7 13
1 7 16
1 7 19
1 7 34
1 7 36
1 7 60
1 7 102
1 7 138
1 7 169
1 8 35
1 8 90
1 8 115
1 9 19
1 9 31
1 9 64
1 9 158
1 9 159
1 10 7
1 10 18
1 10 141
1 11 10
1 11 22
1 11 32
1 11 116
1 11 176
1 12 7
1 12 12
1 12 13
1 12 18
1 12 21
1 12 22
1 12 23
1 12 60
1 12 94
1 12 96
1 12 151
1 13 0
1 13 9
1 13 14
1 13 19
1 13 38
1 13 39
1 13 46
1 13 48
1 13 153
1 13 163
1 14 33
1 14 71
1 14 85
1 14 104
1 14 145
1 14 167
1 15 13
1 15 32
1 15 37
1 15 40
1 15 52
1 15 64
1 15 113
1 15 119
1 15 148
1 15 156
1 16 6
1 16 37
1 16 83
1 16 99
1 16 107
1 17 4
1 17 18
1 17 26
1 17 33
1 17 53
1 17 101
1 17 145
1 17 157
1 18 13
1 18 17
1 18 28
1 18 39
1 18 71
1 18 77
1 18 78
1 18 93
1 18 110
1 18 122
1 18 144
1 19 10
1 19 14
1 19 32
1 19 36
1 19 40
1 19 139
1 19 179
1 20 1
1 20 9
1 20 31
1 20 47
1 20 62
1 20 132
1 20 164
1 20 180
1 21 12
1 21 14
1 21 21
1 21 27
1 21 28
1 21 31
1 21 35
1 21 58
1 21 59
1 21 106
1 21 111
1 21 161
1 21 168
1 22 0
1 22 6
1 22 19
1 22 22
1 22 25
1 22 113
1 23 5
1 23 23
1 23 30
1 23 34
1 23 35
1 24 18
1 24 56
1 24 75
1 24 120
1 24 121
1 25 7
1 25 10
1 25 37
1 25 50
1 25 100
1 25 107
1 26 15
1 26 17
1 26 18
1 26 21
1 26 23
1 26 24
1 26 27
1 26 36
1 26 46
1 26 50
1 26 81
1 26 110
1 26 132
1 26 141
1 26 145
1 27 6
1 27 25
1 27 32
1 27 35
1 27 49
1 27 60
1 27 82
1 27 85
1 27 157
1 28 6
1 28 8
1 28 14
1 28 17
1 28 37
1 28 54
1 28 65
1 28 87
1 28 133
1 28 162
1 28 176
1 29 5
1 29 9
1 29 28
1 29 37
1 29 62
1 29 117
1 29 163
1 30 5
1 30 13
1 30 18
1 30 29
1 30 46
1 30 76
1 30 168
1 31 5
1 31 12
1 31 16
1 31 17
1 31 19
1 31 80
1 31 104
1 31 144
1 31 145
1 31 169
1 31 178
1 32 5
1 32 11
1 32 16
1 32 33
1 32 36
1 32 54
1 32 74
1 32 114
1 32 119
1 32 164
1 32 174
1 33 14
1 33 19
1 33 160
1 34 15
1 34 17
1 34 22
1 34 23
1 34 29
1 34 44
1 34 54
1 34 86
1 34 88
1 34 92
1 34 104
1 35 1
1 35 3
1 35 31
1 35 36
1 36 14
1 36 19
1 36 25
1 36 30
1 36 50
1 36 113
1 36 124
1 36 130
1 37 10
1 37 12
1 37 13
1 37 16
1 37 20
1 37 115
1 37 163
1 37 170
1 38 24
1 38 27
1 38 81
1 38 85
1 38 128
1 38 154
1 39 14
1 39 18
1 39 21
1 39 22
1 39 31
1 39 54
1 39 66
1 39 95
1 39 119
1 40 5
1 40 7
1 40 18
1 40 23
1 40 30
1 40 58
1 40 156
1 40 170
1 40 176
1 41 2
1 41 8
1 41 30
1 41 32
1 41 49
1 41 74
1 41 119
1 41 140
1 42 26
1 42 92
1 42 123
1 43 22
1 43 33
1 43 145
1 43 178
1 44 2
1 44 13
1 44 20
1 44 36
1 44 56
1 44 87
1 44 129
1 45 9
1 45 131
1 45 140
1 45 170
1 46 49
1 46 80
1 46 132
1 46 166
1 46 177
1 47 40
1 47 157
1 48 51
1 49 117
1 49 140
1 49 142
1 50 20
1 50 29
1 50 48
1 50 84
1 50 161
1 50 166
1 51 133
1 51 154
1 51 173
1 53 33
1 53 40
1 53 158
1 54 102
1 55 46
1 55 62
1 55 140
1 55 165
1 55 179
1 56 25
1 57 12
1 57 174
1 57 179
1 58 6
1 58 92
1 58 104
1 58 134
1 59 2
1 59 22
1 59 87
1 59 123
1 59 138
1 60 21
1 60 62
1 60 117
1 60 128
1 61 15
1 61 146
1 62 13
1 62 37
1 62 80
1 62 89
1 62 118
1 62 160
1 63 62
1 63 154
1 64 57
1 64 64
1 64 105
1 64 157
1 65 54
1 66 64
1 66 86
1 66 98
1 67 3
1 67 35
1 68 104
1 69 1
1 69 12
1 69 57
1 69 95
1 69 114
1 69 123
1 70 89
1 70 93
1 71 84
1 71 95
1 72 62
1 72 117
1 72 174
1 72 176
1 73 3
1 73 36
1 73 65
1 74 12
1 74 18
1 74 33
1 74 107
1 74 144
1 75 26
1 75 50
1 75 92
1 75 126
1 75 133
1 76 2
1 76 10
1 76 90
1 77 16
1 77 103
1 77 148
1 78 1
1 78 12
1 78 43
1 78 75
1 78 129
1 78 179
1 79 5
1 79 11
1 79 35
1 79 55
1 79 92
1 79 96
1 79 118
1 79 174
1 80 21
1 80 74
1 80 76
1 80 174
1 81 113
1 82 94
1 83 19
1 84 18
1 84 57
1 84 65
1 84 98
1 85 57
1 86 31
1 86 32
1 86 53
1 86 117
1 86 147
1 86 179
1 87 5
1 87 12
1 87 15
1 87 25
1 87 67
1 87 84
1 87 95
1 87 101
1 87 113
1 87 162
1 87 180
1 88 3
1 88 34
1 88 49
1 88 58
1 88 72
1 88 76
1 88 99
1 88 133
1 89 16
1 89 33
1 89 49
1 89 160
1 90 26
1 90 48
1 90 83
1 90 100
1 90 138
1 91 37
1 91 164
1 92 17
1 92 27
1 92 36
1 92 111
1 92 154
1 93 162
1 94 2
1 94 40
1 94 133
1 94 148
1 95 73
1 95 120
1 97 35
1 97 71
1 97 123
1 97 134
1 97 155
1 97 177
1 98 4
1 98 22
1 98 104
1 98 114
1 98 139
1 98 141
1 98 155
1 99 2
1 99 32
1 99 47
1 99 56
1 99 110
1 99 180
1 100 39
1 100 70
1 100 114
1 101 16
1 101 21
1 101 27
1 101 54
1 101 58
1 101 146
1 101 157
1 102 10
1 102 49
1 102 142
1 103 23
1 103 31
1 103 37
1 103 53
1 103 119
1 103 131
1 103 138
1 103 175
1 104 6
1 104 14
1 104 29
1 104 57
1 104 88
1 104 143
1 105 128
1 105 139
1 105 156
1 106 178
1 107 3
1 107 8
1 107 21
1 107 82
1 107 94
1 107 169
1 108 16
1 108 20
1 108 134
1 109 0
1 109 121
1 109 164
1 109 179
1 110 2
1 110 7
1 110 38
1 110 112
1 110 123
1 110 177
1 111 141
1 112 42
1 113 71
1 114 12
1 114 15
1 114 131
1 115 22
1 115 31
1 116 15
1 116 78
1 116 79
1 116 117
1 116 137
1 116 170
1 117 33
1 117 61
1 117 110
1 118 1
1 118 7
1 119 50
1 120 70
1 121 4
1 121 77
1 121 102
1 121 131
1 121 132
1 122 8
1 122 173
1 123 37
1 123 42
1 123 66
1 123 106
1 124 62
1 124 79
1 124 124
1 124 169
1 125 30
1 125 33
1 125 79
1 125 92
1 125 97
1 126 18
1 126 55
1 126 103
1 126 118
1 126 138
1 126 146
1 126 164
1 126 178
1 127 5
1 127 41
1 127 55
1 127 153
1 127 162
1 128 43
1 128 88
1 128 114
1 128 132
1 128 174
1 129 0
1 129 77
1 129 169
1 130 84
1 130 115
1 130 127
1 131 23
1 131 33
1 131 87
1 131 148
1 132 18
1 132 48
1 132 87
1 132 94
1 133 24
1 133 29
1 133 122
1 134 122
1 135 10
1 135 12
1 135 66
1 135 113
1 136 15
1 136 22
1 136 42
1 136 84
1 136 95
1 137 11
1 137 148
1 137 157
1 138 106
1 138 116
1 138 148
1 139 62
1 139 154
1 139 163
1 140 145
1 140 176
1 141 48
1 141 76
1 141 86
1 141 111
1 141 150
1 141 155
1 141 158
1 142 21
1 142 90
1 142 120
1 142 131
1 143 17
1 143 130
1 143 156
1 144 8
1 144 17
1 144 19
1 144 103
1 144 150
1 145 117
1 145 171
1 146 1
1 146 19
1 146 52
1 146 102
1 146 167
1 146 168
1 147 112
1 147 140
1 148 24
1 148 67
1 148 94
1 148 126
1 148 147
1 148 179
1 149 11
1 149 48
1 149 114
1 149 130
1 149 135
1 149 141
1 149 174
1 150 64
1 150 74
1 150 117
1 150 122
1 150 135
1 150 137
1 151 10
1 151 87
1 152 19
1 152 109
1 152 165
1 153 114
1 153 133
1 153 134
1 153 144
1 154 22
1 154 36
1 154 64
1 154 79
1 154 123
1 154 126
1 154 136
1 154 142
1 154 149
1 155 9
1 155 31
1 155 48
1 155 97
1 156 4
1 156 14
1 156 47
1 156 56
1 156 84
1 156 88
1 156 95
1 156 159
1 157 39
1 158 11
1 158 65
1 158 93
1 158 171
1 159 13
1 159 63
1 159 74
1 159 123
1 159 174
1 160 5
1 160 20
1 160 27
1 160 35
1 160 89
1 160 94
1 160 99
1 160 122
1 161 0
1 161 136
1 161 153
1 162 53
1 162 79
1 162 85
1 162 124
1 162 170
1 163 7
1 163 12
1 163 23
1 163 29
1 163 33
1 163 105
1 163 172
1 164 62
1 164 101
1 164 162
1 165 0
1 165 31
1 165 142
1 166 12
1 166 21
1 166 24
1 166 70
1 166 177
1 167 13
1 167 39
1 167 135
1 167 176
1 168 51
1 169 34
1 169 85
1 169 128
1 169 147
1 170 12
1 170 45
1 171 28
1 171 71
1 171 111
1 171 147
1 172 26
1 172 57
1 172 67
1 173 29
1 173 32
1 173 123
1 173 137
1 173 147
1 174 33
1 174 107
1 174 161
1 175 20
1 175 55
1 175 85
1 175 89
1 175 143
1 175 180
1 176 19
1 176 128
1 176 144
1 177 11
1 177 31
1 177 63
1 177 95
1 177 123
1 178 30
1 178 47
1 178 62
1 178 99
1 179 175
1 180 17
1 180 50
1 180 87
1 180 128
1 181 69
1 181 88
1 182 29
1 182 42
1 182 137
1 182 144
1 182 162
1 183 15
1 183 20
1 183 95
1 183 157
1 184 14
1 184 39
1 184 83
1 184 98
1 184 119
1 185 27
1 185 115
1 185 117
1 186 39
1 186 74
1 186 142
1 186 153
1 186 168
1 187 11
1 187 18
1 187 68
1 187 139
1 187 170
1 188 64
1 188 107
1 189 24
1 189 26
1 189 29
1 189 39
1 189 79
1 189 83
1 190 21
1 190 24
1 190 46
1 190 134
1 191 19
1 191 48
1 191 139
1 192 49
1 192 82
1 192 87
1 192 143
1 193 31
1 193 75
1 193 123
1 194 2
1 194 3
1 194 85
1 194 96
1 194 128
1 194 159
1 195 144
1 195 160
1 195 168
1 195 171
1 196 49
1 196 86
1 196 149
1 197 78
1 197 94
1 197 118
1 197 165
1 198 31
1 198 53
1 198 106
1 198 110
1 198 148
1 199 142
1 200 20
1 200 93
1 200 94
1 200 109
1 200 132
1 200 179
1 201 39
1 201 172
1 202 16
1 202 99
1 202 148
1 202 162
1 203 33
1 203 118
1 203 127
1 204 176
1 205 20
1 205 143
1 206 158
1 207 71
1 207 87
1 207 108
1 207 149
1 208 39
1 208 46
1 208 106
1 208 135
1 208 136
1 209 10
1 209 173
1 209 176
1 210 19
1 210 129
1 210 130
1 210 136
2 0 4
2 0 8
2 0 9
2 0 14
2 0 17
2 0 29
2 0 41
2 0 44
2 0 49
2 0 95
2 0 139
2 1 0
2 1 12
2 1 31
2 1 126
2 1 153
2 2 7
2 2 14
2 2 17
2 2 18
2 2 21
2 2 26
2 2 34
2 2 73
2 2 84
2 2 99
2 2 143
2 2 158
2 3 6
2 3 7
2 3 11
2 3 29
2 3 32
2 3 34
2 3 35
2 3 116
2 3 154
2 3 174
2 4 1
2 4 3
2 4 12
2 4 27
2 4 29
2 4 128
2 5 8
2 5 11
2 5 12
2 5 14
2 5 27
2 5 91
2 5 142
2 5 169
2 6 16
2 6 28
2 6 62
2 6 86
2 6 160
2 6 168
2 7 4
2 7 11
2 7 24
2 7 33
2 7 89
2 7 116
2 7 173
2 8 7
2 8 22
2 8 27
2 8 28
2 8 31
2 8 34
2 8 57
2 8 62
2 9 12
2 9 33
2 9 60
2 9 61
2 9 63
2 9 84
2 9 89
2 9 98
2 9 137
2 10 20
2 10 32
2 10 106
2 10 117
2 10 168
2 11 10
2 11 20
2 11 21
2 11 26
2 11 34
2 11 150
2 12 5
2 12 7
2 12 18
2 12 22
2 12 62
2 12 88
2 12 90
2 12 151
2 13 0
2 13 2
2 13 3
2 13 6
2 13 15
2 13 16
2 13 23
2 13 33
2 13 86
2 13 95
2 13 99
2 13 121
2 13 131
2 13 171
2 14 4
2 14 51
2 14 75
2 14 83
2 14 110
2 14 149
2 14 162
2 14 171
2 15 17
2 15 19
2 15 53
2 15 92
2 15 106
2 16 0
2 16 9
2 16 78
2 16 122
2 16 140
2 16 166
2 17 8
2 17 20
2 17 23
2 17 27
2 17 40
2 17 128
2 17 143
2 17 160
2 17 168
2 18 10
2 18 15
2 18 25
2 18 82
2 19 2
2 19 4
2 19 20
2 19 23
2 19 50
2 19 66
2 19 81
2 19 119
2 20 7
2 20 15
2 20 20
2 20 23
2 20 63
2 20 95
2 20 174
2 21 1
2 21 2
2 21 5
2 21 14
2 21 34
2 21 54
2 21 63
2 21 148
2 22 2
2 22 6
2 22 11
2 22 13
2 22 16
2 22 24
2 22 58
2 22 82
2 22 137
2 23 4
2 23 5
2 23 12
2 23 31
2 23 33
2 23 39
2 23 43
2 23 57
2 23 90
2 23 92
2 23 100
2 23 112
2 23 133
2 24 0
2 24 12
2 24 30
2 24 65
2 24 73
2 24 97
2 24 146
2 24 156
2 25 5
2 25 22
2 25 24
2 25 99
2 25 110
2 25 171
2 26 1
2 26 7
2 26 27
2 26 29
2 26 33
2 26 34
2 26 41
2 26 42
2 27 17
2 27 30
2 27 36
2 27 37
2 27 39
2 27 50
2 27 85
2 27 102
2 27 114
2 28 0
2 28 7
2 28 20
2 28 22
2 28 100
2 28 142
2 28 162
2 29 5
2 29 6
2 29 13
2 29 15
2 29 22
2 29 28
2 29 31
2 29 65
2 29 69
2 29 83
2 29 93
2 29 100
2 30 3
2 30 9
2 30 10
2 30 15
2 30 16
2 30 34
2 30 119
2 30 164
2 31 0
2 31 13
2 31 22
2 31 28
2 31 35
2 31 88
2 31 128
2 31 130
2 32 0
2 32 7
2 32 13
2 32 17
2 32 32
2 32 106
2 32 142
2 33 4
2 33 6
2 33 10
2 33 15
2 33 35
2 33 42
2 33 56
2 33 88
2 33 93
2 34 19
2 34 36
2 34 46
2 35 1
2 35 2
2 35 9
2 35 16
2 35 20
2 35 25
2 35 83
2 35 87
2 35 120
2 35 148
2 35 156
2 36 7
2 36 22
2 36 32
2 36 103
2 36 122
2 36 132
2 37 0
2 37 5
2 37 6
2 37 11
2 37 13
2 37 16
2 37 20
2 37 23
2 37 30
2 37 40
2 37 91
2 38 39
2 38 100
2 38 101
2 39 47
2 39 78
2 39 143
2 40 19
2 40 32
2 40 71
2 40 92
2 40 108
2 40 146
2 40 147
2 40 152
2 41 28
2 41 48
2 43 63
2 43 80
2 43 84
2 43 153
2 44 25
2 44 36
2 46 18
2 46 106
2 47 2
2 47 23
2 47 30
2 47 102
2 48 152
2 48 154
2 49 10
2 49 27
2 49 73
2 49 106
2 49 117
2 49 161
2 50 34
2 50 98
2 50 100
2 51 34
2 51 61
2 52 17
2 52 61
2 52 101
2 52 104
2 52 121
2 52 131
2 52 137
2 53 14
2 54 2
2 54 35
2 54 49
2 54 66
2 54 123
2 54 153
2 55 30
2 55 71
2 55 89
2 55 116
2 55 160
2 56 52
2 57 7
2 57 60
2 57 129
2 57 130
2 58 0
2 58 44
2 58 100
2 58 136
2 59 18
2 59 30
2 59 97
2 59 132
2 59 140
2 59 171
2 60 6
2 60 11
2 60 35
2 60 88
2 60 93
2 61 28
2 61 121
2 61 149
2 62 54
2 62 64
2 62 97
2 62 114
2 62 129
2 63 63
2 63 72
2 63 100
2 63 145
2 63 156
2 63 158
2 64 17
2 64 27
2 64 130
2 64 140
2 64 148
2 65 1
2 65 29
2 65 67
2 65 160
2 66 6
2 66 94
2 66 109
2 67 20
2 67 28
2 67 58
2 67 78
2 67 159
2 68 12
2 68 145
2 69 7
2 69 39
2 69 69
2 69 102
2 69 133
2 69 156
2 70 8
2 70 19
2 70 41
2 70 155
2 71 16
2 71 65
2 71 76
2 72 38
2 72 95
2 72 115
2 72 161
2 72 174
2 73 19
2 73 138
2 73 157
2 74 32
2 74 101
2 75 78
2 75 134
2 76 24
2 76 114
2 76 120
2 77 20
2 77 25
2 77 32
2 77 59
2 77 72
2 77 76
2 77 171
2 78 29
2 78 49
2 78 94
2 78 127
2 79 9
2 79 44
2 79 54
2 79 159
2 80 21
2 80 38
2 80 55
2 80 110
2 81 14
2 81 28
2 81 103
2 81 141
2 81 146
2 82 2
2 82 42
2 82 85
2 82 98
2 82 102
2 82 111
2 82 116
2 82 134
2 82 169
2 83 3
2 83 21
2 83 55
2 83 94
2 83 96
2 83 158
2 84 55
2 84 56
2 84 85
2 84 102
2 84 164
2 84 166
2 86 23
2 86 93
2 86 106
2 87 14
2 87 74
2 87 76
2 87 101
2 87 106
2 87 138
2 87 149
2 87 154
2 87 169
2 87 170
2 87 174
2 88 57
2 88 65
2 88 74
2 88 105
2 88 138
2 89 37
2 89 135
2 90 7
2 90 72
2 91 10
2 91 12
2 91 55
2 91 152
2 91 171
2 92 2
2 92 3
2 92 5
2 92 24
2 92 127
2 92 149
2 92 154
2 92 157
2 93 15
2 93 44
2 93 64
2 93 69
2 93 99
2 93 116
2 94 19
2 95 42
2 95 51
2 95 118
2 95 155
2 96 1
2 96 102
2 97 17
2 97 81
2 98 40
2 98 46
2 98 47
2 98 136
2 99 24
2 99 81
2 99 82
2 99 167
2 100 6
2 100 9
2 100 67
2 100 90
2 101 15
2 101 16
2 101 28
2 101 90
2 101 103
2 102 63
2 102 106
2 103 15
2 103 48
2 103 60
2 103 104
2 103 134
2 103 151
2 103 159
2 104 5
2 104 19
2 104 26
2 104 127
2 105 2
2 105 22
2 105 57
2 105 94
2 105 95
2 105 112
2 105 138
2 105 170
2 106 17
2 106 20
2 106 32
2 106 173
2 107 5
2 107 126
2 108 1
2 109 40
2 109 41
2 109 63
2 109 70
2 109 101
2 109 123
2 109 138
2 109 156
2 110 9
2 110 32
2 110 120
2 110 149
2 111 35
2 111 57
2 111 69
2 111 108
2 111 121
2 111 151
2 112 70
2 112 148
2 113 15
2 113 63
2 113 140
2 113 149
2 113 162
2 114 3
2 114 13
2 114 85
2 114 93
2 114 108
2 114 145
2 115 133
2 116 43
2 116 72
2 117 20
2 117 24
2 117 42
2 117 73
2 117 141
2 117 165
2 118 28
2 118 51
2 118 100
2 119 28
2 119 63
2 119 103
2 119 171
2 120 44
2 120 93
2 120 113
2 120 129
2 120 141
2 120 162
2 121 11
2 122 7
2 122 83
2 122 142
2 123 29
2 123 66
2 124 5
2 124 10
2 124 50
2 124 75
2 124 124
2 124 140
2 125 7
2 125 158
2 126 7
2 126 82
2 126 138
2 126 150
2 126 162
2 126 163
2 127 51
2 127 145
2 127 169
2 128 7
2 129 36
2 129 134
2 129 147
2 129 171
2 130 21
2 130 32
2 130 80
2 130 130
2 130 142
2 130 150
2 130 163
2 131 26
2 131 28
2 131 120
2 131 161
2 131 169
2 132 0
2 132 69
2 132 86
2 132 109
2 133 31
2 133 60
2 133 111
2 133 160
2 133 164
2 134 7
2 134 87
2 134 88
2 134 93
2 135 127
2 135 135
2 135 168
2 136 51
2 137 10
2 137 43
2 137 87
2 137 117
2 137 160
2 137 173
2 138 6
2 138 50
2 138 158
2 139 3
2 139 38
2 139 133
2 139 159
2 140 6
2 140 77
2 140 84
2 140 87
2 140 154
2 141 12
2 141 44
2 141 82
2 142 4
2 143 6
2 143 33
2 143 55
2 143 108
2 143 168
2 144 8
2 144 24
2 144 35
2 144 85
2 144 96
2 144 169
2 145 16
2 145 55
2 145 63
2 145 95
2 145 102
2 146 8
2 146 122
2 146 134
2 146 140
2 147 16
2 147 24
2 147 127
2 147 161
2 148 20
2 148 35
2 148 48
2 148 64
2 148 116
2 148 174
2 149 8
2 149 42
2 149 87
2 150 42
2 150 61
2 150 168
2 151 11
2 151 32
2 151 47
2 151 56
2 151 72
2 151 108
2 151 113
2 152 2
2 152 62
2 152 67
2 153 44
2 153 63
2 153 65
2 153 79
2 154 5
2 155 10
2 155 97
2 155 165
2 156 94
2 156 112
2 156 170
2 158 26
2 158 89
2 158 138
2 158 149
2 158 168
2 159 50
2 159 120
2 159 134
2 159 163
2 160 57
2 160 96
2 160 165
2 161 33
2 161 37
2 161 97
2 161 136
2 161 143
2 161 169
2 162 25
2 162 29
2 162 41
2 162 81
2 163 86
2 163 94
2 163 136
2 163 162
2 164 14
2 164 22
2 164 76
2 165 26
2 165 35
2 165 36
2 165 68
2 166 25
2 166 44
2 166 81
2 166 92
2 167 8
2 167 13
2 167 14
2 167 68
2 167 103
2 167 107
2 167 139
2 168 0
2 168 25
2 168 37
2 168 79
2 169 23
2 169 36
2 169 101
2 169 145
2 169 168
2 170 87
2 170 126
2 171 46
2 171 146
2 172 92
2 172 101
2 173 20
2 173 28
2 173 74
2 173 152
2 173 157
2 173 166
2 174 84
2 174 165
2 175 4
2 175 10
2 175 12
2 175 13
2 175 15
2 175 42
2 176 43
2 176 60
2 176 127
2 177 11
2 177 23
2 177 26
2 177 29
2 177 31
2 177 84
2 177 104
2 178 60
2 178 70
2 178 132
2 178 171
2 178 172
2 179 11
2 179 80
2 179 154
2 180 32
2 180 40
2 180 82
2 180 105
2 180 111
2 180 135
2 180 153
3 0 22
3 0 47
3 0 61
3 0 157
3 0 161
3 0 206
3 0 234
3 1 49
3 1 50
3 1 65
3 1 152
3 1 157
3 1 164
3 1 189
3 1 195
3 1 203
3 1 229
3 2 9
3 2 15
3 2 21
3 2 32
3 2 34
3 2 69
3 2 124
3 2 132
3 2 171
3 2 192
3 2 199
3 2 204
3 2 223
3 2 233
3 2 234
3 3 3
3 3 4
3 3 26
3 3 45
3 3 54
3 3 71
3 3 121
3 3 130
3 3 236
3 4 18
3 4 20
3 4 31
3 4 38
3 4 96
3 4 111
3 4 151
3 4 160
3 4 181
3 4 218
3 4 232
3 5 14
3 5 17
3 5 48
3 5 49
3 5 74
3 5 80
3 5 104
3 5 112
3 5 118
3 5 170
3 5 200
3 6 19
3 6 28
3 6 42
3 6 51
3 6 52
3 6 62
3 6 90
3 6 112
3 6 185
3 6 213
3 7 14
3 7 35
3 7 43
3 7 46
3 7 64
3 7 129
3 7 131
3 7 158
3 7 163
3 7 183
3 7 191
3 8 0
3 8 2
3 8 21
3 8 39
3 8 45
3 8 47
3 8 82
3 8 89
3 8 94
3 8 187
3 8 212
3 9 5
3 9 23
3 9 30
3 9 33
3 9 40
3 9 48
3 9 56
3 9 61
3 9 110
3 9 159
3 9 213
3 9 235
3 10 1
3 10 17
3 10 25
3 10 37
3 10 42
3 10 45
3 10 121
3 10 228
3 11 24
3 11 32
3 11 70
3 11 73
3 11 127
3 11 128
3 11 181
3 11 182
3 12 24
3 12 28
3 12 30
3 12 35
3 12 44
3 12 108
3 12 122
3 12 211
3 13 15
3 13 111
3 13 223
3 13 234
3 14 9
3 14 12
3 14 15
3 14 24
3 14 26
3 14 32
3 14 46
3 14 114
3 14 122
3 14 232
3 15 4
3 15 15
3 15 38
3 15 46
3 15 49
3 15 50
3 15 86
3 15 174
3 15 178
3 15 194
3 15 232
3 16 1
3 16 4
3 16 65
3 16 158
3 17 11
3 17 38
3 17 40
3 17 41
3 17 82
3 17 99
3 17 112
3 17 114
3 17 197
3 17 214
3 17 217
3 18 5
3 18 6
3 18 9
3 18 37
3 18 42
3 18 46
3 18 72
3 18 92
3 18 143
3 18 188
3 19 6
3 19 9
3 19 100
3 19 131
3 19 146
3 19 169
3 19 190
3 19 205
3 20 1
3 20 11
3 20 13
3 20 18
3 20 21
3 20 31
3 20 32
3 20 44
3 20 223
3 21 4
3 21 22
3 21 27
3 21 81
3 21 100
3 21 147
3 21 154
3 21 155
3 21 219
3 22 4
3 22 30
3 22 32
3 22 34
3 22 36
3 22 101
3 22 108
3 22 186
3 23 20
3 23 32
3 23 49
3 23 188
3 23 238
3 24 9
3 24 34
3 24 41
3 24 60
3 24 79
3 24 104
3 25 19
3 25 37
3 25 42
3 25 44
3 25 48
3 25 54
3 25 100
3 25 106
3 26 2
3 26 10
3 26 22
3 26 38
3 26 41
3 26 107
3 26 139
3 26 188
3 26 217
3 26 238
3 27 5
3 27 25
3 27 27
3 27 34
3 27 44
3 27 69
3 27 80
3 27 143
3 27 230
3 27 235
3 28 11
3 28 27
3 28 81
3 28 144
3 28 176
3 28 194
3 28 200
3 28 212
3 28 239
3 29 13
3 29 29
3 29 153
3 29 172
3 29 173
3 29 181
3 30 38
3 30 57
3 30 67
3 30 77
3 30 123
3 30 127
3 30 135
3 30 149
3 30 153
3 30 235
3 31 1
3 31 35
3 31 42
3 31 46
3 31 107
3 31 155
3 31 169
3 31 172
3 31 229
3 32 2
3 32 5
3 32 35
3 32 41
3 32 44
3 32 46
3 32 48
3 32 49
3 32 84
3 32 110
3 32 221
3 33 13
3 33 34
3 33 42
3 33 45
3 33 46
3 33 47
3 33 130
3 33 153
3 33 218
3 34 7
3 34 10
3 34 12
3 34 37
3 34 40
3 34 41
3 34 83
3 34 152
3 34 192
3 34 195
3 34 203
3 34 239
3 35 16
3 35 23
3 35 36
3 35 41
3 35 47
3 35 64
3 35 92
3 35 143
3 35 191
3 35 199
3 36 13
3 36 22
3 36 40
3 36 49
3 36 115
3 36 174
3 36 236
3 37 24
3 37 40
3 37 136
3 37 158
3 37 233
3 38 54
3 38 103
3 38 171
3 38 180
3 38 226
3 39 13
3 39 155
3 39 159
3 39 164
3 40 0
3 40 4
3 40 18
3 40 21
3 40 199
3 40 210
3 41 13
3 41 16
3 41 63
3 41 66
3 41 98
3 41 133
3 41 181
3 42 18
3 42 32
3 42 83
3 42 207
3 43 146
3 43 232
3 44 85
3 44 116
3 44 121
3 44 198
3 44 219
3 45 10
3 45 104
3 45 108
3 45 109
3 45 126
3 45 132
3 45 144
3 46 2
3 46 157
3 46 222
3 46 230
3 47 33
3 47 47
3 47 48
3 47 62
3 47 75
3 47 109
3 47 115
3 47 229
3 48 11
3 48 15
3 48 58
3 48 96
3 48 111
3 48 131
3 48 161
3 48 182
3 48 205
3 48 206
3 49 11
3 49 45
3 49 63
3 49 67
3 49 95
3 49 187
3 50 80
3 51 203
3 52 21
3 52 148
3 52 172
3 52 216
3 53 1
3 53 56
3 53 105
3 53 224
3 54 20
3 54 145
3 54 146
3 55 11
3 55 205
3 55 230
3 56 9
3 56 15
3 56 28
3 56 61
3 56 63
3 56 69
3 56 136
3 56 174
3 56 229
3 56 230
3 57 10
3 57 68
3 57 107
3 57 220
3 58 30
3 58 81
3 58 105
3 59 61
3 59 88
3 59 118
3 59 119
3 59 221
3 60 26
3 60 43
3 60 100
3 60 196
3 60 208
3 60 220
3 61 50
3 61 59
3 61 133
3 61 159
3 62 22
3 62 157
3 62 225
3 63 34
3 63 153
3 63 222
3 63 231
3 64 26
3 64 42
3 64 43
3 64 52
3 64 130
3 65 26
3 65 77
3 65 200
3 66 124
3 66 231
3 67 20
3 67 40
3 67 183
3 68 50
3 68 127
3 68 175
3 68 192
3 68 232
3 69 9
3 69 27
3 69 233
3 70 46
3 70 73
3 70 87
3 70 164
3 71 126
3 71 198
3 71 202
3 71 207
3 71 221
3 72 70
3 72 79
3 72 122
3 72 123
3 72 147
3 73 25
3 73 53
3 73 92
3 73 129
3 73 160
3 73 167
3 74 40
3 74 163
3 74 208
3 74 223
3 75 4
3 75 8
3 75 15
3 75 37
3 75 144
3 75 164
3 75 223
3 75 238
3 76 5
3 76 30
3 76 123
3 76 165
3 77 32
3 77 79
3 77 114
3 77 135
3 78 44
3 78 76
3 78 114
3 79 4
3 79 46
3 79 114
3 79 143
3 80 50
3 80 113
3 80 147
3 80 151
3 80 157
3 80 168
3 80 173
3 80 202
3 80 213
3 81 26
3 81 72
3 81 76
3 81 128
3 81 166
3 81 190
3 82 9
3 82 24
3 82 197
3 82 217
3 83 60
3 83 100
3 83 108
3 83 132
3 83 154
3 83 211
3 84 19
3 84 46
3 85 201
3 86 144
3 86 214
3 87 2
3 87 43
3 87 155
3 87 203
3 87 225
3 88 2
3 88 24
3 88 122
3 88 154
3 88 221
3 89 43
3 89 76
3 90 6
3 90 41
3 90 129
3 90 225
3 91 12
3 91 101
3 91 134
3 93 26
3 93 51
3 93 209
3 93 219
3 93 226
3 94 80
3 94 101
3 94 117
3 94 153
3 94 160
3 95 0
3 95 27
3 95 29
3 95 151
3 95 220
3 96 1
3 96 6
3 96 29
3 96 76
3 96 231
3 97 15
3 97 68
3 97 77
3 97 146
3 97 227
3 98 3
3 98 49
3 98 217
3 99 25
3 99 40
3 99 45
3 99 50
3 100 137
3 100 148
3 101 7
3 101 46
3 101 125
3 101 220
3 102 123
3 102 208
3 103 21
3 103 65
3 103 133
3 103 145
3 104 30
3 104 124
3 104 193
3 104 226
3 105 53
3 105 207
3 105 234
3 105 237
3 106 22
3 107 115
3 107 139
3 107 145
3 107 167
3 107 239
3 108 10
3 108 109
3 109 20
3 109 41
3 109 58
3 109 77
3 109 141
3 109 216
3 110 47
3 110 95
3 111 111
3 111 127
3 111 138
3 111 223
3 112 7
3 112 109
3 112 188
3 112 216
3 113 26
3 113 42
3 113 49
3 113 140
3 114 7
3 114 12
3 114 37
3 114 60
3 114 102
3 114 160
3 114 188
3 114 190
3 114 208
3 114 215
3 115 46
3 115 48
3 116 18
3 116 21
3 116 34
3 116 56
3 116 63
3 116 105
3 116 130
3 116 150
3 116 192
3 117 236
3 119 123
3 119 189
3 119 206
3 119 210
3 120 99
3 120 178
3 120 183
3 120 196
3 120 204
3 120 215
3 121 38
3 121 104
3 121 199
3 121 230
3 122 41
3 122 56
3 122 181
3 122 216
3 123 61
3 123 145
3 123 148
3 123 215
3 124 40
3 124 72
3 124 144
3 124 160
3 124 172
3 124 228
3 125 80
3 125 166
3 125 226
3 126 20
3 126 56
3 126 90
3 126 201
3 127 48
3 127 120
3 128 47
3 128 191
3 128 201
3 128 231
3 129 25
3 129 65
3 129 91
3 129 194
3 129 214
3 130 43
3 130 157
3 131 81
3 131 108
3 132 51
3 132 79
3 132 85
3 132 118
3 132 221
3 133 37
3 133 48
3 133 154
3 133 196
3 133 197
3 134 43
3 134 56
3 134 71
3 134 181
3 134 226
3 135 109
3 135 233
3 136 2
3 136 8
3 136 21
3 136 51
3 136 105
3 136 122
3 136 218
3 136 223
3 137 11
3 137 40
3 137 46
3 137 149
3 137 204
3 138 6
3 138 12
3 139 59
3 139 63
3 139 79
3 139 233
3 140 0
3 140 12
3 140 24
3 140 69
3 140 80
3 140 88
3 140 94
3 140 102
3 140 164
3 140 205
3 140 208
3 140 234
3 141 4
3 141 23
3 141 43
3 141 54
3 141 56
3 141 81
3 141 85
3 141 87
3 141 213
3 142 42
3 142 60
3 142 63
3 142 81
3 142 158
3 142 178
3 143 5
3 143 30
3 143 45
3 143 52
3 144 2
3 144 24
3 144 36
3 144 59
3 144 72
3 144 107
3 144 236
3 145 3
3 145 9
3 145 12
3 145 51
3 146 65
3 146 71
3 146 137
3 147 40
3 147 44
3 147 73
3 147 82
3 147 106
3 148 1
3 148 8
3 148 19
3 148 48
3 148 57
3 148 72
3 148 104
3 149 62
3 149 145
3 149 153
3 149 179
3 149 187
3 149 198
3 150 179
3 150 187
3 150 235
3 151 35
3 151 43
3 151 103
3 151 157
3 151 200
3 152 21
3 152 121
3 152 152
3 152 234
3 153 74
3 153 75
3 154 24
3 154 27
3 154 46
3 154 67
3 154 130
3 154 190
3 154 199
3 155 24
3 155 33
3 155 182
3 156 23
3 156 32
3 156 87
3 156 100
3 156 145
3 157 94
3 157 148
3 158 184
3 158 239
3 159 6
3 159 18
3 159 67
3 159 92
3 159 173
3 160 17
3 160 57
3 160 91
3 160 152
3 160 163
3 161 64
3 161 97
3 161 112
3 162 6
3 162 81
3 162 132
3 162 140
3 162 166
3 163 39
3 163 101
3 163 109
3 163 170
3 163 196
3 163 205
3 163 233
3 164 31
3 164 54
3 164 55
3 164 132
3 165 22
3 165 86
3 165 87
3 165 120
3 165 126
3 165 232
3 166 7
3 166 22
3 166 23
3 166 126
3 166 154
3 166 161
3 166 234
3 166 239
3 167 2
3 167 12
3 167 144
3 167 179
3 167 188
3 167 211
3 167 212
3 167 217
3 167 230
3 168 64
3 168 113
3 169 50
3 169 70
3 169 88
3 169 213
3 170 38
3 170 122
3 170 143
3 170 160
3 170 202
3 171 107
3 172 43
3 172 158
3 172 188
3 172 193
3 172 226
3 173 105
3 173 149
3 173 177
3 173 195
3 173 217
3 173 237
3 174 4
3 174 144
4 0 13
4 0 31
4 0 53
4 0 99
4 0 220
4 1 13
4 1 39
4 1 100
4 1 105
4 1 188
4 2 1
4 2 5
4 2 17
4 2 18
4 2 43
4 2 212
4 2 232
4 3 2
4 3 11
4 3 16
4 3 23
4 3 38
4 3 41
4 3 51
4 3 146
4 3 164
4 3 166
4 3 181
4 4 10
4 4 12
4 4 17
4 4 20
4 4 24
4 4 30
4 4 52
4 4 91
4 4 112
4 4 129
4 4 155
4 4 158
4 4 240
4 5 34
4 5 68
4 5 97
4 5 127
4 5 187
4 5 200
4 6 39
4 6 43
4 6 49
4 6 69
4 6 82
4 6 94
4 6 157
4 6 220
4 6 246
4 7 4
4 7 5
4 7 7
4 7 9
4 7 11
4 7 12
4 7 34
4 7 51
4 7 63
4 7 127
4 7 175
4 7 203
4 7 226
4 7 235
4 7 247
4 7 251
4 8 3
4 8 30
4 8 165
4 8 178
4 9 6
4 9 8
4 9 23
4 9 25
4 9 35
4 9 49
4 9 61
4 9 67
4 9 111
4 9 205
4 9 237
4 10 10
4 10 13
4 10 26
4 10 39
4 10 42
4 10 50
4 10 74
4 10 137
4 10 226
4 10 242
4 11 27
4 11 63
4 11 65
4 11 135
4 11 208
4 11 253
4 12 11
4 12 23
4 12 94
4 12 99
4 12 128
4 12 145
4 12 151
4 12 208
4 12 246
4 13 11
4 13 19
4 13 37
4 13 77
4 13 169
4 13 179
4 13 256
4 14 20
4 14 43
4 14 46
4 14 50
4 14 147
4 14 160
4 14 181
4 14 231
4 15 45
4 15 58
4 15 60
4 15 96
4 15 170
4 15 190
4 15 201
4 15 212
4 15 236
4 16 37
4 16 41
4 16 49
4 16 62
4 16 75
4 16 184
4 16 203
4 16 249
4 17 0
4 17 3
4 17 8
4 17 12
4 17 25
4 17 28
4 17 36
4 17 84
4 17 141
4 17 183
4 17 192
4 17 202
4 17 221
4 17 240
4 18 14
4 18 30
4 18 68
4 18 207
4 18 215
4 18 248
4 19 24
4 19 25
4 19 33
4 19 34
4 19 48
4 19 170
4 19 180
4 20 11
4 20 16
4 20 17
4 20 42
4 20 45
4 20 52
4 20 81
4 20 85
4 20 133
4 20 168
4 20 229
4 20 235
4 21 15
4 21 18
4 21 51
4 21 65
4 21 128
4 21 187
4 22 26
4 22 45
4 22 49
4 22 50
4 22 73
4 22 139
4 23 34
4 23 90
4 23 93
4 23 139
4 23 191
4 24 6
4 24 14
4 24 17
4 24 51
4 24 70
4 24 230
4 24 252
4 24 254
4 25 24
4 25 52
4 25 54
4 25 154
4 25 202
4 26 6
4 26 24
4 26 39
4 26 41
4 26 45
4 26 49
4 26 100
4 26 125
4 26 126
4 26 153
4 26 186
4 27 30
4 27 60
4 27 75
4 27 76
4 27 195
4 27 231
4 28 6
4 28 41
4 28 42
4 28 79
4 29 4
4 29 83
4 29 123
4 29 195
4 29 247
4 29 256
4 30 9
4 30 27
4 30 28
4 30 92
4 30 238
4 31 30
4 31 57
4 31 129
4 31 256
4 32 28
4 32 56
4 32 58
4 32 95
4 32 102
4 32 165
4 32 207
4 33 1
4 33 14
4 33 102
4 33 147
4 33 156
4 33 165
4 34 1
4 34 22
4 34 34
4 34 61
4 34 91
4 34 115
4 34 140
4 34 185
4 34 189
4 35 6
4 35 17
4 35 21
4 35 48
4 35 79
4 35 126
4 35 135
4 35 193
4 36 19
4 36 35
4 36 50
4 36 134
4 36 137
4 36 235
4 36 249
4 37 11
4 37 18
4 37 23
4 37 69
4 37 86
4 37 146
4 37 212
4 37 218
4 37 227
4 38 17
4 38 20
4 38 31
4 38 37
4 38 75
4 38 198
4 39 0
4 39 16
4 39 54
4 39 135
4 39 222
4 40 3
4 40 12
4 40 23
4 40 26
4 40 96
4 41 43
4 41 56
4 41 99
4 41 170
4 42 35
4 42 121
4 42 186
4 43 12
4 43 23
4 43 217
4 43 237
4 44 4
4 44 16
4 44 29
4 44 73
4 44 113
4 44 131
4 44 181
4 44 187
4 45 51
4 45 103
4 45 131
4 45 135
4 45 176
4 45 181
4 45 257
4 46 15
4 46 41
4 46 138
4 46 172
4 46 233
4 46 257
4 47 26
4 47 29
4 47 36
4 47 38
4 47 40
4 47 47
4 47 230
4 48 8
4 48 22
4 48 27
4 48 48
4 48 61
4 48 67
4 48 84
4 48 127
4 48 146
4 49 16
4 49 43
4 49 48
4 49 75
4 49 194
4 50 5
4 50 19
4 50 27
4 50 54
4 50 95
4 50 96
4 50 132
4 50 134
4 51 76
4 51 152
4 51 209
4 51 211
4 51 213
4 51 256
4 52 41
4 52 91
4 52 136
4 53 83
4 53 233
4 54 13
4 54 60
4 54 75
4 54 115
4 54 211
4 55 42
4 55 58
4 55 71
4 55 92
4 55 109
4 56 105
4 56 186
4 56 243
4 56 245
4 56 256
4 57 17
4 57 74
4 57 126
4 58 8
4 58 15
4 58 54
4 58 145
4 58 185
4 58 234
4 59 16
4 59 68
4 59 137
4 59 146
4 59 217
4 59 240
4 60 83
4 60 165
4 61 39
4 61 94
4 61 129
4 61 159
4 61 166
4 61 248
4 62 12
4 62 22
4 63 23
4 63 151
4 63 200
4 64 4
4 64 214
4 64 256
4 65 12
4 65 16
4 65 51
4 65 122
4 65 184
4 66 60
4 66 82
4 66 117
4 66 154
4 66 158
4 67 5
4 67 21
4 67 47
4 67 51
4 67 124
4 67 149
4 67 188
4 68 17
4 68 72
4 68 107
4 68 238
4 69 22
4 69 49
4 69 56
4 69 59
4 69 88
4 69 161
4 70 3
4 70 7
4 70 48
4 70 50
4 70 98
4 70 223
4 71 18
4 71 119
4 71 172
4 71 199
4 72 175
4 72 251
4 72 254
4 73 26
4 73 35
4 73 131
4 73 193
4 74 48
4 74 50
4 74 115
4 74 183
4 74 220
4 75 97
4 75 136
4 75 157
4 75 231
4 75 241
4 76 42
4 76 97
4 77 29
4 77 66
4 77 171
4 77 195
4 78 18
4 78 28
4 78 83
4 78 129
4 78 151
4 78 254
4 79 8
4 79 110
4 79 194
4 79 198
4 79 200
4 79 233
4 80 39
4 81 93
4 81 96
4 81 135
4 81 137
4 81 219
4 81 248
4 82 12
4 82 122
4 82 172
4 82 228
4 83 153
4 83 217
4 83 229
4 83 244
4 84 97
4 84 102
4 84 140
4 84 202
4 84 221
4 84 239
4 84 247
4 85 54
4 86 19
4 86 173
4 87 57
4 87 64
4 87 78
4 87 130
4 87 164
4 87 180
4 87 190
4 87 206
4 87 238
4 88 23
4 88 108
4 88 118
4 88 155
4 88 167
4 89 13
4 89 103
4 89 185
4 89 238
4 90 31
4 90 159
4 90 169
4 91 19
4 91 39
4 91 58
4 91 112
4 91 121
4 91 127
4 91 204
4 92 13
4 92 54
4 92 56
4 92 143
4 92 249
4 93 6
4 94 175
4 94 180
4 95 30
4 95 92
4 95 158
4 95 218
4 96 67
4 96 93
4 96 132
4 96 166
4 96 226
4 96 240
4 97 21
4 97 149
4 97 169
4 97 170
4 97 191
4 98 49
4 98 195
4 99 22
4 99 28
4 99 58
4 99 139
4 99 236
4 100 35
4 100 181
4 100 218
4 100 227
4 101 11
4 101 77
4 102 100
4 103 58
4 103 74
4 103 174
4 104 105
4 104 153
4 104 212
4 104 243
4 104 249
4 104 250
4 104 252
4 105 28
4 105 105
4 106 15
4 106 100
4 107 20
4 107 74
4 107 249
4 108 66
4 108 155
4 108 189
4 109 46
4 109 98
4 109 123
4 109 152
4 109 170
4 110 25
4 110 83
4 110 116
4 110 120
4 110 201
4 111 5
4 111 15
4 111 44
4 111 77
4 111 157
4 112 93
4 112 207
4 112 242
4 113 67
4 113 88
4 113 99
4 113 133
4 114 71
4 114 92
4 114 162
4 114 211
4 114 241
4 115 24
4 115 53
4 115 226
4 116 68
4 116 90
4 117 21
4 117 36
4 117 89
4 117 126
4 117 132
4 117 160
4 117 191
4 117 215
4 118 9
4 118 72
4 118 79
4 118 162
4 119 38
4 119 48
4 119 52
4 119 69
4 119 76
4 119 181
4 119 257
4 120 8
4 120 111
4 120 125
4 120 174
4 120 197
4 121 171
4 121 242
4 122 48
4 122 189
4 123 14
4 123 96
4 123 171
4 124 61
4 124 230
4 125 32
4 125 162
4 126 35
4 127 53
4 127 68
4 127 79
4 127 147
4 127 211
4 128 52
4 128 121
4 128 163
4 128 187
4 129 12
4 129 113
4 129 127
4 129 129
4 129 164
4 129 166
4 129 222
4 130 59
4 130 105
4 130 125
4 130 136
4 130 154
4 131 3
4 131 37
4 131 79
4 131 156
4 131 157
4 131 174
4 132 0
4 132 32
4 132 56
4 132 76
4 132 95
4 132 128
4 132 158
4 132 200
4 133 17
4 133 34
4 133 41
4 133 81
4 133 93
4 133 128
4 133 137
4 134 58
4 134 60
4 134 117
4 134 144
4 134 179
4 134 218
4 135 8
4 135 88
4 135 144
4 135 245
4 135 251
4 136 35
4 137 192
4 138 158
4 138 176
4 139 52
4 139 75
4 139 80
4 139 169
4 139 236
4 139 244
4 140 10
4 140 65
4 140 137
4 140 163
4 140 216
4 140 230
4 141 109
4 141 242
4 142 39
4 142 53
4 142 142
4 142 191
4 142 206
4 143 92
4 143 115
4 143 116
4 143 122
4 143 148
4 143 171
4 143 172
4 143 190
4 143 244
4 144 9
4 144 28
4 144 48
4 144 132
4 144 221
4 144 245
4 145 7
4 145 32
4 145 52
4 145 177
4 145 195
4 146 8
4 146 153
4 146 172
4 146 184
4 146 198
4 146 254
4 147 73
4 147 143
4 147 215
4 147 245
4 148 1
4 148 38
4 148 116
4 148 124
4 148 162
4 148 168
4 148 170
4 148 206
4 148 223
4 149 81
4 149 126
4 149 244
4 150 3
4 150 11
4 150 19
4 150 35
4 150 41
4 150 107
4 150 123
4 150 151
4 150 162
4 150 205
4 150 233
4 151 32
4 151 166
4 151 197
4 151 253
4 152 26
4 152 52
4 152 86
4 152 87
4 152 147
4 152 157
4 152 189
4 152 222
4 153 42
4 154 14
4 154 127
4 154 142
4 154 147
4 154 166
4 154 225
4 154 249
4 155 41
4 155 44
4 155 108
4 155 221
4 156 45
4 157 124
4 157 184
4 158 45
4 158 96
4 158 107
4 158 203
4 159 6
4 159 9
4 159 53
4 159 120
4 159 146
4 159 198
4 159 210
4 160 198
4 161 49
4 163 88
4 163 100
4 164 6
4 164 212
4 164 250
4 165 77
4 165 129
4 165 169
4 165 184
4 165 207
4 166 0
4 166 16
4 166 119
4 166 190
4 167 2
4 167 56
4 167 59
4 167 253
4 168 171
4 168 187
4 168 248
4 169 92
4 169 104
4 169 114
4 169 169
4 169 171
4 169 201
4 169 230
4 169 254
4 170 141
4 171 21
4 171 88
4 171 157
4 171 179
4 171 249
4 172 46
4 172 53
4 172 143
4 172 195
4 173 42
4 173 81
4 173 193
4 174 47
4 174 162
4 175 20
4 175 158
4 175 163
4 176 89
4 176 95
4 176 141
4 176 151
4 176 228
4 176 248
4 177 105
4 177 207
4 178 36
4 178 48
4 178 84
4 178 96
4 178 104
4 178 200
4 178 241
4 179 21
4 179 101
4 179 126
4 179 134
4 180 24
4 180 52
4 180 54
4 180 115
4 180 119
4 180 184
4 181 29
4 181 114
4 181 159
4 181 209
4 181 257
4 182 4
4 182 28
4 182 81
4 182 102
4 182 181
4 183 86
4 184 211
4 185 6
4 185 116
4 185 218
4 185 239
4 186 102
4 186 105
4 187 17
4 187 45
4 187 132
4 188 50
4 188 86
4 189 71
4 189 199
4 189 208
4 189 244
4 190 52
4 190 76
4 190 183
4 190 187
4 190 229
4 191 50
4 191 58
4 191 70
4 191 113
4 191 116
4 191 127
4 191 132
4 192 0
4 192 134
4 192 201
4 193 40
4 193 110
4 193 130
4 194 77
4 194 121
4 195 48
4 195 179
4 196 84
4 196 123
4 196 165
4 196 180
4 196 184
4 196 191
4 197 106
4 197 162
4 197 186
4 198 11
4 198 69
4 198 208
4 199 14
4 199 64
4 199 228
4 200 16
4 200 20
4 200 44
4 200 90
4 200 121
4 200 191
4 201 91
4 201 186
4 201 219
4 201 239
4 202 114
4 202 130
4 202 143
4 202 165
4 202 196
4 202 239
4 203 18
4 203 100
4 204 49
4 204 94
4 204 105
4 205 40
4 205 41
4 205 85
4 205 169
4 205 186
4 206 9
4 206 126
4 207 197
4 207 252
4 208 24
4 208 223
4 209 167
4 210 8
4 210 223
4 210 226
4 211 125
4 211 176
4 211 180
4 211 182
4 213 42
4 213 64
4 213 69
4 213 104
4 214 49
4 214 114
4 214 256
4 215 41
4 215 185
4 215 210
4 216 53
4 216 143
4 216 193
4 217 21
4 217 48
4 217 73
4 218 43
4 218 51
4 218 210
4 219 1
4 219 68
4 219 191
4 220 53
4 220 75
4 220 109
4 220 113
4 220 132
4 220 134
4 220 135
4 220 153
4 220 165
4 220 177
4 220 181
4 221 118
4 221 133
4 222 2
4 222 8
4 222 208
4 222 242
4 223 30
4 223 100
4 223 148
4 223 188
4 224 12
4 224 17
4 224 94
4 224 106
4 224 165
4 225 21
4 225 173
4 225 181
4 225 250
4 226 80
4 226 98
4 226 104
4 226 128
4 226 148
4 226 168
4 226 177
4 226 208
4 226 209
4 227 11
4 227 31
4 227 132
4 227 137
4 227 145
4 228 59
4 228 102
4 228 154
4 228 193
4 228 253
4 228 257
4 229 40
4 229 196
4 229 239
4 229 250
4 230 50
4 231 111
4 232 33
4 232 58
4 232 118
4 233 1
4 233 49
4 233 94
4 233 172
4 234 51
4 234 122
4 234 130
4 234 131
4 234 216
4 235 9
4 235 30
4 235 141
4 235 228
4 236 104
4 236 133
4 236 245
4 237 17
4 237 28
4 237 106
4 237 230
4 237 240
4 238 5
4 238 8
4 238 11
4 238 105
4 238 162
4 238 213
4 238 253
4 239 23
4 239 35
4 239 113
4 239 126
4 239 134
4 239 195
4 239 218
5 0 5
5 0 10
5 0 151
5 0 213
5 0 234
5 1 1
5 1 53
5 1 160
5 1 214
5 1 248
5 2 3
5 2 20
5 2 21
5 3 15
5 3 20
5 3 25
5 3 41
5 3 139
5 3 144
5 3 160
5 3 236
5 3 243
5 4 0
5 4 2
5 4 15
5 4 19
5 4 36
5 4 52
5 4 126
5 4 136
5 4 176
5 4 217
5 4 231
5 5 15
5 5 20
5 5 29
5 5 38
5 5 42
5 5 53
5 5 69
5 5 181
5 5 224
5 6 36
5 6 50
5 6 142
5 6 183
5 6 190
5 6 224
5 6 240
5 7 7
5 7 8
5 7 48
5 7 50
5 7 111
5 7 181
5 7 212
5 7 231
5 8 13
5 8 21
5 8 36
5 8 128
5 8 224
5 9 26
5 9 36
5 9 40
5 9 51
5 9 113
5 9 114
5 9 147
5 9 156
5 9 223
5 10 2
5 10 12
5 10 22
5 10 23
5 10 69
5 10 78
5 10 80
5 10 89
5 10 109
5 10 167
5 10 173
5 10 217
5 11 32
5 11 78
5 11 138
5 11 165
5 11 167
5 11 180
5 11 222
5 11 246
5 12 8
5 12 23
5 12 24
5 12 41
5 12 49
5 12 79
5 12 80
5 12 104
5 12 106
5 12 144
5 12 227
5 13 8
5 13 12
5 13 17
5 13 40
5 13 165
5 13 171
5 13 195
5 13 205
5 13 230
5 14 0
5 14 26
5 14 34
5 14 39
5 14 124
5 15 1
5 15 17
5 15 29
5 15 33
5 15 98
5 15 227
5 16 8
5 16 16
5 16 24
5 16 36
5 16 43
5 16 47
5 16 126
5 16 224
5 17 3
5 17 16
5 17 36
5 17 51
5 17 134
5 17 202
5 17 213
5 18 0
5 18 12
5 18 13
5 18 31
5 18 33
5 18 36
5 18 86
5 18 109
5 18 134
5 18 181
5 18 192
5 18 216
5 18 224
5 18 234
5 19 11
5 19 12
5 19 50
5 19 86
5 19 108
5 19 110
5 19 191
5 19 203
5 20 1
5 20 3
5 20 10
5 20 51
5 20 118
5 20 203
5 20 226
5 21 68
5 21 151
5 22 8
5 22 9
5 22 10
5 22 36
5 22 37
5 22 50
5 22 71
5 22 78
5 22 121
5 22 220
5 23 18
5 23 77
5 23 114
5 24 23
5 24 34
5 24 45
5 24 96
5 24 121
5 24 185
5 25 3
5 25 9
5 25 44
5 25 82
5 25 189
5 25 217
5 26 44
5 26 48
5 26 55
5 26 59
5 26 87
5 26 94
5 26 210
5 27 45
5 27 78
5 27 105
5 27 119
5 27 168
5 27 202
5 27 254
5 28 3
5 28 6
5 28 21
5 28 42
5 28 75
5 28 77
5 28 95
5 28 158
5 28 213
5 28 222
5 29 17
5 29 27
5 29 50
5 29 58
5 29 90
5 29 186
5 30 8
5 30 14
5 30 20
5 30 35
5 30 39
5 30 46
5 30 65
5 30 87
5 30 198
5 30 213
5 30 220
5 30 244
5 31 4
5 31 20
5 31 21
5 31 39
5 31 48
5 31 51
5 31 119
5 32 9
5 32 10
5 32 21
5 32 24
5 32 30
5 32 107
5 32 112
5 32 143
5 32 169
5 33 26
5 33 27
5 33 63
5 33 108
5 33 160
5 33 179
5 33 182
5 33 206
5 34 4
5 34 6
5 34 10
5 34 11
5 34 13
5 34 17
5 34 21
5 34 29
5 34 39
5 34 41
5 34 44
5 34 50
5 34 72
5 34 77
5 34 97
5 34 99
5 34 106
5 34 111
5 34 187
5 34 193
5 35 24
5 35 41
5 35 130
5 35 240
5 36 6
5 36 28
5 36 40
5 36 108
5 36 235
5 37 4
5 37 5
5 37 17
5 37 22
5 37 77
5 38 11
5 38 33
5 38 73
5 38 145
5 38 161
5 38 220
5 38 228
5 38 251
5 39 6
5 39 15
5 39 37
5 39 73
5 39 168
5 39 236
5 39 244
5 40 52
5 40 148
5 40 150
5 40 212
5 40 245
5 41 5
5 41 29
5 41 35
5 41 42
5 41 76
5 41 119
5 41 170
5 41 228
5 42 9
5 42 15
5 42 25
5 42 84
5 42 119
5 42 124
5 42 142
5 42 167
5 42 195
5 42 245
5 43 3
5 43 13
5 43 15
5 43 17
5 43 74
5 43 83
5 43 119
5 43 197
5 43 243
5 44 35
5 44 38
5 44 49
5 44 53
5 44 91
5 44 100
5 44 113
5 44 138
5 44 145
5 44 179
5 45 15
5 45 70
5 45 130
5 45 143
5 45 173
5 46 13
5 46 75
5 46 116
5 46 155
5 46 219
5 47 4
5 47 32
5 47 34
5 47 38
5 47 70
5 47 242
5 48 5
5 48 12
5 48 26
5 48 46
5 48 77
5 48 103
5 48 214
5 49 2
5 49 21
5 49 37
5 49 41
5 49 42
5 49 43
5 49 228
5 49 249
5 50 7
5 50 28
5 50 29
5 50 32
5 50 51
5 50 102
5 50 153
5 50 202
5 50 214
5 51 23
5 51 26
5 51 29
5 51 117
5 51 157
5 51 186
5 52 4
5 52 15
5 52 17
5 52 38
5 52 114
5 52 165
5 52 236
5 53 2
5 53 8
5 53 10
5 53 12
5 53 24
5 53 32
5 53 50
5 53 53
5 53 70
5 53 98
5 53 159
5 54 4
5 54 16
5 54 57
5 54 73
5 54 74
5 54 101
5 54 154
5 54 156
5 54 194
5 54 197
5 54 209
5 54 251
5 55 39
5 56 20
5 56 23
5 56 24
5 56 50
5 56 86
5 56 93
5 56 248
5 57 11
5 57 156
5 57 168
5 57 227
5 58 22
5 58 172
5 58 231
5 59 64
5 59 78
5 59 182
5 60 21
5 60 47
5 60 148
5 60 220
5 60 222
5 61 5
5 61 88
5 61 105
5 61 217
5 61 252
5 62 15
5 62 117
5 62 188
5 62 228
5 62 243
5 63 95
5 63 142
5 63 171
5 63 202
5 63 209
5 63 230
5 64 4
5 64 44
5 64 161
5 64 165
5 65 42
5 65 94
5 65 111
5 65 163
5 65 249
5 66 124
5 66 166
5 66 195
5 66 233
5 67 26
5 67 187
5 68 17
5 68 54
5 68 119
5 68 172
5 69 175
5 69 202
5 70 14
5 70 29
5 70 42
5 70 132
5 70 166
5 70 223
5 71 101
5 71 248
5 72 42
5 72 155
5 73 19
5 73 27
5 73 221
5 73 233
5 74 107
5 74 205
5 75 37
5 75 85
5 75 94
5 76 16
5 76 108
5 76 179
5 76 213
5 76 231
5 77 86
5 77 145
5 77 151
5 77 176
5 77 211
5 77 213
5 78 0
5 78 23
5 78 34
5 78 35
5 78 122
5 78 228
5 79 7
5 79 213
5 80 85
5 80 170
5 81 8
5 81 27
5 81 36
5 82 34
5 82 88
5 82 93
5 82 119
5 83 14
5 83 66
5 83 149
5 83 192
5 83 233
5 83 237
5 84 14
5 84 83
5 84 93
5 84 150
5 84 224
5 85 0
5 85 85
5 86 84
5 87 52
5 87 88
5 87 149
5 88 4
5 88 41
5 88 138
5 88 177
5 88 180
5 88 234
5 88 250
5 89 23
5 89 84
5 89 102
5 89 168
5 90 37
5 90 121
5 90 135
5 90 214
5 91 33
5 91 51
5 91 125
5 91 142
5 91 185
5 91 197
5 92 65
5 92 148
5 92 198
5 92 237
5 93 26
5 93 32
5 93 71
5 93 241
5 93 247
5 94 40
5 94 44
5 94 127
5 94 157
5 94 177
5 94 223
5 94 249
5 95 48
5 95 62
5 96 38
5 96 91
5 96 113
5 96 116
5 96 125
5 97 37
5 97 41
5 97 47
5 97 184
5 97 199
5 98 2
5 98 3
5 98 37
5 98 60
5 98 159
5 99 43
5 99 157
5 99 190
5 100 17
5 100 46
5 100 66
5 100 150
5 101 36
5 101 113
5 101 139
5 101 183
5 101 251
5 102 107
5 102 174
5 104 26
5 104 46
5 104 54
5 104 196
5 105 124
5 105 183
5 106 116
5 106 134
5 106 155
5 107 86
5 107 187
5 108 17
5 108 96
5 108 107
5 108 216
5 109 213
5 110 2
5 110 9
5 110 82
5 110 108
5 110 132
5 111 56
5 111 202
5 111 211
5 111 222
5 112 0
5 112 71
5 112 72
5 112 94
5 112 150
5 112 170
5 113 48
5 113 50
5 113 188
5 114 51
5 114 163
5 114 200
5 115 39
5 115 61
5 115 177
5 115 216
5 115 253
5 115 254
5 116 117
5 116 124
5 117 22
5 117 25
5 117 73
5 117 89
5 117 179
5 117 188
5 117 216
5 117 225
5 117 243
5 118 137
5 118 181
5 118 211
5 118 228
5 119 5
5 119 72
5 119 139
5 120 135
5 120 157
5 120 192
5 121 38
5 121 44
5 121 52
5 121 85
5 121 120
5 121 233
5 122 158
5 122 210
5 123 67
5 123 72
5 123 127
5 124 88
5 124 216
5 124 230
5 124 250
5 125 180
5 126 41
5 127 135
5 127 144
5 128 175
5 128 192
5 128 223
5 129 33
5 129 47
5 129 179
5 129 241
5 130 9
5 130 22
5 130 35
5 130 142
5 131 140
5 132 46
5 132 93
5 133 89
5 133 91
5 134 155
5 134 207
5 135 8
5 135 47
5 135 86
5 135 108
5 135 155
5 135 193
5 135 237
5 136 38
5 136 77
5 136 81
5 136 201
5 137 7
5 137 31
5 137 82
5 137 101
5 137 116
5 137 205
5 137 220
5 138 63
5 138 134
5 138 142
5 138 143
5 139 32
5 139 109
5 139 136
5 140 72
5 140 100
5 140 179
5 140 217
5 141 9
5 141 99
5 141 115
5 141 131
5 141 239
5 142 3
5 142 117
5 143 5
5 143 118
5 143 191
5 143 196
5 143 224
5 144 22
5 144 171
5 144 195
5 145 7
5 145 15
5 145 21
5 145 107
5 145 203
5 146 196
5 147 149
5 147 199
5 148 66
5 148 69
5 148 82
5 148 119
5 148 195
5 149 33
5 149 68
5 149 73
5 149 84
5 149 115
5 149 160
5 149 178
5 149 186
5 149 244
5 150 163
5 150 196
5 151 40
5 151 73
5 151 94
5 151 103
5 151 117
5 151 161
5 152 14
5 152 22
5 152 31
5 152 42
5 152 61
5 153 42
5 153 114
5 154 19
5 154 27
5 154 49
5 154 90
5 154 91
5 154 106
5 154 122
5 154 151
5 155 10
5 155 101
5 155 175
5 156 21
5 156 27
5 156 37
5 156 62
5 156 103
5 156 208
5 157 1
5 157 20
5 157 44
5 157 45
5 157 73
5 157 95
5 157 136
5 157 148
5 157 175
5 157 180
5 158 8
5 158 139
5 158 157
5 159 24
5 159 32
5 159 39
5 159 50
5 159 145
5 159 213
5 160 24
5 160 150
5 160 158
5 161 37
5 161 85
5 161 194
5 162 63
5 162 66
5 162 227
5 163 58
5 164 57
5 164 145
5 164 214
5 164 234
5 164 254
5 165 13
5 165 78
5 165 87
5 165 135
5 166 31
5 166 67
5 167 1
5 167 25
5 167 50
5 167 118
5 167 141
5 168 107
5 168 118
5 168 123
5 169 116
5 169 135
5 169 204
5 170 80
5 170 89
5 170 100
5 170 154
5 170 203
5 170 222
5 171 190
5 171 207
5 172 14
5 172 107
5 172 129
5 172 208
5 173 33
5 173 47
5 173 254
5 174 3
5 175 63
5 176 5
5 176 19
5 176 23
5 176 91
5 176 104
5 176 195
5 176 221
5 177 117
5 178 36
5 179 7
5 179 144
5 179 240
5 180 148
5 180 171
5 181 42
5 181 69
5 181 97
5 181 102
5 181 129
5 181 169
5 182 1
5 182 21
5 182 61
5 182 90
5 182 102
5 183 61
5 183 210
5 184 148
5 184 200
5 184 201
5 184 209
5 184 239
5 184 246
5 185 41
5 185 55
5 185 87
5 185 196
5 185 241
5 186 22
5 186 78
5 187 51
5 187 55
5 187 105
5 187 207
5 188 17
5 188 180
5 189 49
5 189 109
5 189 180
5 189 182
5 190 68
5 190 119
5 190 167
5 191 16
5 191 38
5 191 128
5 191 129
5 191 222
5 191 224
5 192 119
5 192 167
5 192 182
5 192 219
5 192 243
5 193 63
5 193 219
5 193 237
5 194 18
5 194 40
5 194 60
5 194 168
5 194 247
5 194 254
5 195 36
5 195 97
5 195 204
5 195 214
5 196 19
5 196 21
5 196 197
5 196 218
5 197 207
5 197 253
5 198 87
5 198 228
5 199 62
5 199 197
5 200 5
5 200 45
5 200 54
5 200 82
5 200 202
5 200 248
5 201 25
5 201 121
5 201 143
5 201 200
5 202 83
5 202 220
5 203 21
5 203 40
5 203 140
5 204 34
5 204 40
5 204 212
5 205 58
5 205 72
5 205 139
5 206 4
5 206 22
5 206 157
5 206 210
5 206 219
5 207 128
5 207 158
5 207 225
5 207 244
5 208 37
5 208 52
5 208 65
5 208 71
5 209 47
5 209 125
5 209 157
5 210 63
5 210 112
5 210 122
5 210 197
5 210 203
5 211 28
5 211 142
5 211 146
5 212 9
5 212 45
5 213 42
5 213 44
5 213 57
5 213 64
5 213 106
5 214 27
5 214 70
5 214 80
5 214 125
5 214 135
5 214 159
5 214 201
5 214 250
5 215 17
5 215 50
5 215 147
5 215 186
5 215 200
5 215 245
5 215 250
5 216 21
5 216 70
5 216 91
5 216 244
5 217 12
5 217 49
5 217 107
5 217 194
5 218 40
5 218 174
5 219 44
5 219 51
5 219 77
5 219 175
5 219 179
5 219 199
5 219 214
5 220 3
5 220 47
5 220 140
5 220 160
5 220 253
5 221 31
5 221 134
5 221 193
5 222 143
5 222 241
5 223 38
5 223 69
5 223 181
5 223 182
5 223 207
5 224 99
5 224 108
5 224 146
5 224 212
5 224 233
5 224 253
5 225 3
5 225 6
5 225 37
5 226 32
5 226 105
5 226 193
5 227 23
5 227 37
5 227 62
5 227 110
5 227 197
5 228 14
5 228 77
5 228 151
5 228 173
5 228 174
5 229 79
5 229 105
5 229 183
5 230 1
5 230 39
5 230 158
5 230 203
5 230 222
5 230 231
5 231 40
5 231 84
5 232 10
5 232 32
5 232 103
5 232 146
5 232 161
5 232 170
5 232 236
5 233 39
5 233 53
5 233 246
5 234 40
5 234 75
5 234 84
5 234 106
5 235 251
5 236 43
5 236 155
5 236 198
5 237 108
5 238 22
5 238 36
5 238 80
5 238 180
5 239 17
5 239 29
5 239 44
5 239 86
5 239 135
5 239 157
5 239 158
5 239 190
5 239 192
5 239 224
5 240 73
5 240 198
5 240 213
5 240 220
5 240 244
5 241 28
5 241 59
5 241 82
5 241 185
5 241 187
5 241 225
5 242 167
5 242 202
5 243 23
5 243 128
5 243 200
5 246 36
5 246 45
5 246 97
5 246 211
5 246 235
5 247 46
5 247 50
5 247 63
5 247 110
5 247 162
5 247 168
5 247 207
5 247 240
5 247 243
5 248 26
5 248 31
5 248 149
5 249 11
5 249 25
5 249 26
5 249 148
5 250 19
5 250 167
5 251 12
5 251 254
5 252 5
5 252 49
5 252 97
5 252 196
5 253 24
5 253 180
5 253 199
5 254 15
5 254 20
5 254 74
5 254 210
5 255 18
5 255 45
5 255 97
5 255 177
5 255 198
5 256 69
5 256 118
5 256 130
5 257 77
5 257 104