12185
4
297 276 369 355
3999

0 0 0 0 0 0 136 0 21 0 0 220 181 358 892 0 510 301 0 0 7 234 0 0 50 0 0 787 597 0 466 408 0 789 856 572 938 372 403 500 0 826 0 0 243 0 610 0 0 0 0 0 221 163 0 0 0 0 0 0 516 0 0 905 0 0 0 60 0 0 0 955 0 0 0 0 18 0 13 211 762 27 0 0 21 5 81 35 0 13 0 80 6 22 0 0 87 0 0 0 70 3 0 45 15 0 40 0 45 73 0 0 59 0 9 0 0 0 0 0 51 39 33 0 42 0 9 92 92 0 0 0 0 0 0 27 75 4 0 0 0 28 70 0 17 57 0 47 0 5 0 2 0 0 67 0 9 0 0 0 51 0 0 0 0 0 89 21 17 0 0 0 0 16 24 0 0 88 0 3 43 51 73 0 0 0 83 0 0 0 0 25 90 0 32 81 37 48 10 36 78 0 0 0 44 4 0 58 9 0 17 0 0 10 0 0 50 0 48 52 0 0 67 0 35 93 23 33 0 69 82 0 54 27 0 76 36 0 9 0 12 64 0 0 0 94 0 0 0 0 0 0 0 73 50 36 68 0 46 0 78 0 0 3 32 84 53 0 37 0 37 0 72 0 73 24 8 9 0 0 41 30 0 0 59 95 0 62 83 5 15 0 0 0 0 0 0
527 0 273 0 0 0 426 0 0 0 591 0 957 0 195 448 0 0 0 289 153 0 892 0 940 447 0 0 0 0 0 0 0 0 639 167 0 38 282 0 0 0 963 0 61 0 0 212 731 252 873 0 18 0 525 859 0 0 0 0 0 361 0 506 0 0 146 43 269 0 0 0 492 118 634 74 335 97 0 75 84 0 0 0 91 82 0 63 0 6 0 0 0 95 0 42 76 76 8 42 0 0 85 0 0 70 96 80 93 62 0 74 85 96 0 37 0 0 34 20 0 0 23 0 0 0 0 15 0 0 25 0 0 0 0 0 18 0 79 30 0 0 14 0 0 0 0 67 0 0 0 75 0 22 0 0 99 33 0 66 100 23 0 0 76 84 0 32 0 68 15 33 23 4 53 0 97 5 19 0 9 0 0 50 0 0 0 12 93 0 62 0 0 58 0 7 95 73 27 84 41 32 73 0 30 0 0 0 97 2 0 0 59 0 0 0 0 0 0 0 0 0 24 10 0 68 0 26 97 55 71 0 0 14 0 18 0 0 0 0 0 86 0 88 55 44 0 47 0 0 0 10 0 40 48 0 0 45 76 4 67 1 0 7 61 0 0 42 0 0 30 0 39 0 50 67
465 0 324 0 263 0 0 0 0 528 63 221 124 0 102 103 0 907 531 0 0 329 485 369 661 0 0 356 0 0 0 968 0 871 523 0 0 0 0 784 390 594 118 48 878 198 22 792 675 0 881 233 0 605 895 271 0 59 0 80 0 0 0 0 653 0 735 914 0 201 0 994 0 0 430 0 0 287 773 799 378 551 275 0 753 288 920 233 994 777 411 201 0 0 0 322 0 584 0 785 0 0 48 53 0 36 38 60 0 0 45 0 1 0 0 0 0 95 0 85 0 1 0 0 0 0 0 36 0 0 66 0 33 0 0 66 24 0 9 0 36 73 38 60 46 91 0 0 0 85 45 8 95 12 0 0 51 73 80 2 0 0 53 0 0 10 0 30 62 12 88 0 50 0 0 29 46 0 0 0 0 0 86 55 97 0 0 0 98 79 0 0 45 9 64 0 0 0 89 96 0 0 0 0 4 0 0 8 41 54 51 45 0 0 0 79 0 13 53 10 0 0 0 0 0 0 59 0 92 10 0 85 31 0 0 0 0 63 0 0 0 0 97 21 8 0 0 0 92 0 0 0 20 0 0 0 75 0 0 0 24 0 45 0 0 85 0 97 48 0 0 66 11 67 0 0 75 0 25 0 67 0 64 0 39 0 34 0 48 0 87 0 35 2 12 16 0 0 0 0 74 0 84 0 89 86 17 0 0 0 0 61 0 55 0 0 77 8 0 32 0 0 0 92 0 92 0 95 5 0 0 34 56 72 0 53 18 87 59 0 0 0 0 64 32 0 0 0 0 0 21 75 0 43 0 93 0 0 0 35 90 0 21 0 86 83 0 54 0
0 149 0 0 648 459 0 0 0 292 693 543 239 0 0 728 0 518 0 0 0 0 238 0 0 0 514 293 544 853 591 0 365 0 848 685 0 0 0 0 486 819 0 0 0 0 0 797 0 0 0 0 242 493 0 0 0 128 563 0 0 778 134 924 423 0 345 0 313 0 0 631 0 275 0 145 259 250 77 380 747 0 0 533 126 0 166 0 0 0 988 0 684 744 698 0 292 0 95 0 21 24 3 0 0 0 0 79 23 0 71 0 72 35 84 99 0 0 28 65 0 78 0 0 26 47 0 30 45 0 0 0 59 89 0 80 0 30 58 0 0 0 0 75 0 0 84 66 0 60 55 73 0 18 0 0 1 70 73 0 0 0 0 0 0 21 0 0 15 38 28 0 91 0 0 53 0 13 0 28 6 0 41 49 46 0 19 75 0 0 0 0 0 0 74 0 74 22 38 58 0 0 0 0 0 79 0 75 0 2 21 0 30 13 0 0 73 96 0 0 0 0 69 75 31 0 0 87 92 0 0 0 0 0 39 22 0 33 0 76 24 51 0 66 48 84 65 0 86 47 69 0 0 29 53 20 50 0 60 3 0 0 0 13 53 0 0 0 75 0 21 0 0 18 0 24 0 0 88 33 12 85 61 81 12 0 48 84 0 0 0 33 0 27 66 0 78 0 0 0 0 2 29 0 0 37 0 0 0 91 0 47 0 71 25 0 76 0 39 99 86 71 68 0 0 0 76 0 0 95 0 30 0 0 66 0 13 0 10 14 63 0 0 35 0 40 0 0 71 7 0 0 47 0 63

0 0 16
0 1 257
0 2 21
0 2 62
0 2 145
0 3 10
0 3 13
0 3 164
0 4 43
0 4 49
0 4 165
0 4 255
0 4 274
0 6 35
0 6 145
0 6 181
0 7 49
0 7 69
0 7 150
0 7 236
0 7 263
0 8 0
0 8 12
0 8 15
0 8 69
0 8 103
0 8 250
0 9 47
0 9 83
0 9 161
0 9 218
0 9 241
0 9 275
0 10 27
0 10 30
0 10 58
0 10 156
0 10 163
0 10 197
0 11 7
0 11 57
0 11 223
0 12 4
0 12 34
0 12 206
0 12 253
0 12 270
0 13 37
0 13 90
0 13 138
0 13 148
0 13 200
0 13 239
0 14 16
0 14 101
0 15 173
0 15 272
0 16 44
0 16 48
0 16 68
0 16 94
0 16 158
0 16 217
0 16 233
0 17 43
0 17 62
0 17 102
0 17 111
0 17 157
0 17 160
0 17 192
0 17 213
0 18 52
0 18 185
0 19 90
0 19 171
0 20 5
0 20 15
0 20 73
0 20 160
0 20 273
0 21 23
0 21 80
0 21 163
0 21 206
0 21 213
0 22 18
0 22 48
0 22 146
0 22 228
0 22 259
0 22 261
0 22 273
0 23 63
0 23 76
0 23 90
0 23 93
0 23 263
0 24 24
0 24 57
0 24 65
0 24 67
0 24 95
0 24 139
0 24 245
0 24 254
0 25 34
0 25 49
0 25 79
0 25 124
0 26 2
0 26 33
0 26 35
0 26 128
0 26 153
0 26 168
0 27 11
0 27 24
0 27 43
0 27 59
0 27 73
0 27 116
0 27 122
0 28 68
0 28 102
0 28 155
0 28 198
0 29 7
0 29 126
0 29 210
0 30 116
0 30 129
0 30 219
0 30 232
0 31 3
0 31 76
0 31 95
0 32 17
0 32 75
0 33 75
0 33 134
0 33 153
0 33 164
0 33 254
0 34 18
0 34 126
0 35 32
0 35 138
0 35 145
0 36 44
0 36 142
0 36 262
0 37 177
0 38 64
0 38 208
0 38 272
0 39 4
0 39 32
0 39 225
0 39 227
0 39 261
0 39 275
0 40 4
0 40 26
0 40 56
0 40 123
0 42 69
0 42 103
0 42 237
0 43 17
0 43 80
0 43 125
0 44 109
0 44 125
0 44 165
0 44 193
0 45 70
0 45 133
0 45 156
0 46 89
0 46 110
0 46 151
0 46 260
0 47 37
0 47 210
0 48 55
0 48 61
0 48 92
0 48 166
0 49 11
0 49 234
0 50 59
0 50 207
0 50 233
0 50 240
0 50 242
0 51 25
0 51 28
0 51 31
0 51 143
0 51 199
0 51 236
0 51 263
0 52 28
0 52 50
0 52 234
0 53 10
0 53 48
0 53 259
0 54 200
0 54 205
0 54 207
0 55 178
0 55 184
0 55 227
0 55 275
0 56 25
0 56 36
0 56 55
0 56 61
0 56 67
0 56 89
0 56 99
0 56 110
0 56 111
0 56 209
0 57 42
0 57 62
0 57 70
0 57 206
0 57 210
0 58 13
0 58 206
0 58 262
0 59 13
0 59 15
0 59 46
0 59 115
0 59 172
0 60 31
0 60 53
0 60 59
0 60 121
0 60 128
0 60 153
0 60 164
0 60 171
0 60 191
0 60 196
0 60 201
0 60 258
0 61 53
0 61 66
0 61 68
0 61 100
0 62 18
0 62 35
0 62 158
0 63 29
0 63 54
0 63 204
0 64 37
0 64 43
0 64 181
0 64 205
0 64 252
0 65 125
0 65 183
0 65 190
0 65 203
0 65 257
0 66 61
0 66 74
0 66 142
0 66 238
0 67 39
0 67 112
0 68 15
0 68 27
0 68 45
0 68 51
0 68 123
0 68 197
0 68 204
0 69 32
0 69 81
0 69 98
0 69 189
0 69 270
0 70 27
0 70 163
0 70 197
0 70 210
0 71 52
0 71 57
0 71 102
0 71 107
0 71 202
0 71 209
0 72 11
0 72 130
0 72 150
0 72 186
0 72 234
0 72 253
0 72 257
0 73 30
0 73 38
0 73 42
0 73 81
0 73 100
0 73 180
0 74 33
0 74 159
0 75 5
0 75 149
0 76 48
0 76 74
0 76 215
0 76 264
0 77 122
0 77 243
0 77 256
0 77 267
0 78 1
0 78 47
0 78 106
0 78 275
0 79 2
0 79 16
0 79 40
0 79 109
0 79 219
0 79 253
0 80 141
0 81 6
0 81 18
0 81 136
0 81 157
0 81 207
0 81 259
0 82 81
0 83 24
0 83 100
0 83 118
0 83 165
0 83 174
0 84 91
0 84 138
0 85 13
0 85 113
0 85 118
0 86 171
0 86 187
0 86 249
0 87 60
0 87 118
0 87 166
0 88 36
0 88 53
0 88 174
0 88 175
0 88 200
0 89 41
0 89 89
0 89 260
0 90 9
0 90 102
0 90 119
0 90 188
0 90 259
0 91 11
0 91 25
0 91 29
0 91 32
0 91 111
0 91 114
0 91 118
0 91 242
0 92 229
0 93 112
0 93 140
0 93 152
0 93 156
0 93 221
0 94 13
0 94 15
0 94 69
0 94 90
0 95 83
0 95 163
0 95 236
0 96 15
0 96 156
0 97 7
0 97 33
0 98 53
0 98 62
0 98 118
0 98 152
0 98 171
0 98 236
0 98 248
0 99 127
0 99 135
0 99 151
0 99 249
0 99 259
0 100 10
0 101 37
0 101 41
0 101 72
0 101 142
0 101 160
0 101 175
0 101 190
0 101 236
0 102 13
0 102 36
0 102 56
0 102 97
0 102 127
0 102 139
0 102 268
0 104 212
0 105 147
0 106 105
0 106 122
0 106 124
0 106 170
0 106 242
0 107 66
0 107 241
0 108 85
0 108 162
0 108 184
0 108 186
0 108 268
0 108 273
0 110 21
0 110 46
0 110 65
0 110 150
0 111 41
0 111 79
0 111 102
0 111 212
0 111 218
0 111 253
0 112 105
0 112 164
0 112 170
0 112 176
0 113 63
0 113 93
0 113 95
0 114 6
0 114 29
0 114 98
0 114 228
0 114 244
0 115 72
0 115 211
0 115 269
0 116 71
0 116 156
0 117 1
0 117 252
0 118 3
0 118 91
0 118 154
0 118 208
0 119 185
0 119 202
0 119 205
0 119 265
0 120 68
0 120 208
0 121 5
0 121 55
0 121 98
0 121 145
0 121 233
0 122 63
0 122 84
0 122 99
0 123 4
0 123 74
0 123 118
0 123 145
0 123 158
0 123 234
0 123 245
0 124 67
0 124 110
0 124 144
0 124 248
0 124 251
0 125 42
0 125 69
0 125 184
0 125 261
0 126 73
0 126 83
0 126 113
0 126 127
0 126 173
0 126 260
0 127 45
0 127 72
0 127 103
0 127 184
0 127 217
0 127 275
0 128 17
0 128 41
0 128 66
0 128 199
0 128 250
0 129 70
0 129 163
0 130 23
0 130 44
0 130 53
0 130 54
0 130 213
0 130 214
0 131 213
0 131 216
0 131 220
0 132 84
0 132 87
0 132 178
0 133 65
0 133 67
0 133 118
0 133 167
0 133 263
0 133 272
0 133 274
0 134 248
0 135 11
0 135 54
0 135 163
0 135 185
0 136 26
0 136 224
0 136 229
0 136 235
0 137 31
0 137 112
0 137 118
0 137 150
0 137 168
0 137 215
0 138 89
0 138 197
0 138 240
0 139 103
0 139 213
0 139 237
0 139 274
0 140 83
0 140 194
0 140 215
0 141 18
0 141 55
0 141 83
0 142 27
0 142 34
0 142 36
0 142 45
0 142 195
0 143 76
0 144 91
0 144 92
0 144 165
0 145 137
0 145 244
0 146 28
0 146 61
0 146 90
0 146 183
0 147 58
0 147 80
0 147 113
0 147 119
0 147 199
0 147 206
0 148 30
0 148 40
0 148 153
0 149 7
0 149 104
0 149 173
0 149 190
0 149 211
0 150 28
0 150 45
0 150 148
0 150 167
0 150 226
0 151 55
0 151 196
0 151 204
0 151 235
0 152 167
0 152 189
0 154 68
0 154 85
0 154 144
0 154 171
0 154 240
0 155 21
0 155 59
0 155 194
0 155 243
0 155 272
0 156 5
0 156 47
0 156 87
0 156 172
0 156 199
0 156 238
0 157 4
0 157 48
0 157 52
0 157 62
0 157 119
0 157 229
0 158 83
0 158 162
0 158 190
0 159 10
0 159 11
0 159 28
0 159 64
0 159 196
0 159 225
0 159 232
0 159 245
0 160 34
0 160 105
0 160 127
0 160 162
0 160 191
0 161 231
0 162 10
0 162 16
0 162 203
0 162 232
0 163 53
0 163 75
0 163 111
0 163 147
0 163 209
0 163 256
0 164 45
0 164 61
0 164 63
0 164 87
0 164 128
0 166 49
0 166 51
0 166 62
0 166 174
0 167 20
0 167 46
0 168 142
0 168 150
0 168 216
0 169 68
0 169 73
0 169 113
0 169 126
0 169 139
0 169 185
0 170 13
0 171 74
0 171 143
0 171 266
0 172 38
0 172 55
0 172 249
0 173 247
0 174 22
0 174 67
0 174 126
0 174 135
0 174 218
0 174 241
0 175 65
0 175 96
0 175 105
0 175 110
0 175 124
0 175 159
0 175 167
0 175 184
0 175 193
0 176 144
0 176 269
0 177 92
0 177 174
0 178 2
0 178 12
0 178 117
0 178 160
0 178 174
0 179 89
0 179 123
0 179 241
0 180 52
0 180 69
0 180 242
0 181 81
0 181 87
0 181 164
0 181 239
0 182 24
0 182 229
0 183 42
0 183 79
0 183 131
0 183 217
0 184 41
0 184 67
0 184 90
0 184 105
0 184 244
0 185 32
0 185 198
0 186 107
0 186 138
0 186 146
0 186 159
0 186 195
0 186 218
0 186 221
0 187 128
0 187 168
0 187 267
0 188 34
0 188 64
0 188 83
0 188 207
0 188 239
0 188 247
0 188 266
0 188 274
0 189 34
0 189 128
0 190 52
0 190 57
0 190 64
0 190 167
0 190 227
0 191 9
0 191 29
0 191 84
0 191 199
0 191 200
0 192 140
0 192 180
0 193 112
0 194 9
0 194 12
0 194 36
0 194 97
0 194 126
0 194 155
0 194 217
0 194 229
0 194 259
0 195 183
0 196 243
0 197 172
0 197 180
0 197 213
0 198 113
0 198 248
0 199 45
0 199 223
0 199 256
0 200 22
0 200 51
0 200 132
0 200 214
0 200 244
0 201 240
0 202 103
0 202 153
0 202 159
0 203 107
0 203 248
0 204 66
0 204 119
0 204 123
0 204 161
0 204 256
0 205 1
0 205 16
0 205 89
0 207 90
0 207 121
0 207 174
0 208 34
0 208 109
0 208 150
0 209 149
0 209 166
0 209 232
0 209 245
0 210 144
0 210 210
0 210 226
0 212 3
0 212 13
0 212 16
0 212 19
0 212 42
0 212 245
0 213 230
0 214 57
0 214 120
0 215 23
0 215 25
0 215 72
0 215 89
0 215 94
0 215 120
0 215 260
0 216 7
0 217 74
0 217 135
0 217 218
0 217 219
0 218 0
0 218 91
0 218 157
0 218 169
0 218 183
0 218 198
0 219 10
0 219 99
0 219 109
0 219 254
0 219 260
0 220 98
0 221 6
0 221 34
0 222 61
0 222 165
0 222 199
0 223 59
0 223 97
0 223 146
0 223 154
0 223 208
0 223 255
0 224 1
0 224 40
0 224 206
0 225 23
0 225 27
0 225 147
0 225 253
0 225 261
0 226 16
0 226 78
0 226 184
0 226 228
0 226 235
0 227 38
0 227 76
0 227 106
0 227 243
0 227 257
0 228 13
0 228 25
0 228 35
0 228 72
0 228 203
0 228 244
0 229 183
0 229 196
0 229 269
0 230 1
0 232 39
0 232 243
0 233 74
0 233 107
0 233 135
0 233 145
0 233 179
0 233 222
0 233 240
0 234 28
0 234 53
0 234 150
0 234 243
0 234 269
0 235 53
0 235 55
0 235 95
0 235 119
0 235 192
0 235 233
0 236 12
0 236 85
0 236 114
0 236 151
0 236 199
0 236 214
0 237 12
0 237 43
0 237 58
0 237 138
0 237 155
0 237 175
0 237 193
0 237 200
0 237 205
0 237 242
0 238 76
0 238 79
0 238 141
0 238 181
0 238 190
0 239 18
0 239 191
0 239 229
0 239 250
0 240 138
0 240 177
0 241 22
0 241 87
0 241 129
0 241 155
0 241 264
0 242 58
0 242 141
0 242 161
0 243 41
0 243 71
0 243 79
0 243 95
0 243 107
0 243 192
0 243 220
0 244 74
0 244 119
0 244 255
0 244 264
0 245 76
0 245 116
0 245 138
0 245 193
0 246 35
0 246 37
0 246 69
0 246 113
0 246 123
0 247 155
0 248 149
0 248 241
0 248 248
0 249 10
0 249 25
0 249 73
0 249 228
0 249 275
0 250 179
0 251 129
0 251 131
0 251 187
0 252 43
0 252 159
0 252 228
0 252 250
0 252 269
0 252 275
0 253 72
0 254 39
0 254 71
0 254 142
0 254 175
0 254 185
0 255 38
0 255 41
0 255 228
0 255 267
0 255 268
0 256 14
0 256 63
0 256 150
0 256 155
0 256 236
0 256 264
0 257 128
0 257 159
0 257 274
0 258 91
0 258 110
0 258 124
0 258 134
0 258 143
0 258 171
0 258 189
0 258 220
0 258 233
0 259 37
0 259 253
0 260 78
0 260 187
0 260 232
0 261 180
0 261 192
0 262 180
0 263 14
0 263 119
0 263 142
0 264 19
0 264 20
0 264 54
0 264 103
0 264 113
0 264 207
0 264 220
0 264 269
0 265 27
0 265 59
0 265 183
0 266 5
0 266 44
0 266 66
0 266 71
0 266 101
0 266 201
0 266 204
0 267 33
0 267 102
0 267 111
0 267 232
0 268 0
0 269 129
0 269 174
0 270 48
0 270 52
0 270 61
0 270 105
0 270 106
0 270 118
0 270 225
0 271 83
0 271 203
0 272 180
0 273 1
0 273 33
0 273 96
0 273 229
0 274 99
0 274 150
0 274 169
0 274 171
0 274 249
0 275 41
0 275 57
0 275 87
0 275 114
0 276 14
0 276 44
0 276 92
0 276 151
0 276 168
0 276 243
0 276 253
0 276 273
0 277 22
0 277 55
0 277 272
0 278 146
0 278 179
0 278 267
0 279 35
0 279 42
0 279 176
0 279 196
0 279 199
0 279 211
0 279 263
0 279 264
0 280 23
0 280 81
0 280 116
0 280 223
0 280 247
0 280 275
0 281 27
0 281 54
0 281 124
0 281 138
0 281 185
0 281 212
0 281 232
0 281 266
0 281 272
0 282 29
0 282 149
0 282 191
0 282 254
0 282 264
0 283 3
0 283 30
0 283 59
0 283 148
0 284 37
0 284 164
0 284 257
0 284 263
0 285 213
0 286 45
0 286 94
0 286 147
0 286 213
0 286 223
0 286 258
0 287 90
0 287 160
0 287 236
0 288 13
0 288 239
0 289 20
0 289 76
0 289 98
0 289 141
0 289 261
0 290 9
0 290 88
0 290 92
0 290 119
0 290 172
0 291 25
0 291 53
0 291 195
0 291 199
0 291 261
0 292 65
0 292 94
0 292 131
0 292 142
0 293 93
0 293 135
0 294 30
0 294 68
0 294 116
0 294 219
0 294 264
0 295 1
0 295 107
0 295 181
0 296 3
0 296 69
0 296 181
0 296 242
1 0 27
1 0 37
1 0 45
1 0 56
1 0 76
1 1 60
1 1 80
1 1 312
1 2 56
1 2 84
1 2 148
1 2 203
1 2 205
1 3 18
1 3 87
1 3 97
1 3 166
1 3 347
1 4 47
1 4 77
1 4 102
1 4 116
1 4 135
1 5 37
1 5 50
1 5 276
1 5 327
1 5 366
1 6 53
1 6 170
1 6 177
1 6 195
1 6 262
1 7 53
1 7 96
1 7 103
1 7 242
1 8 11
1 8 67
1 8 95
1 8 110
1 8 115
1 8 165
1 8 211
1 8 327
1 8 353
1 9 39
1 9 50
1 9 317
1 9 339
1 10 17
1 10 40
1 10 216
1 10 360
1 11 33
1 11 320
1 12 180
1 12 205
1 12 240
1 12 258
1 12 259
1 12 301
1 12 320
1 12 328
1 13 20
1 13 33
1 13 149
1 13 221
1 13 274
1 13 278
1 14 11
1 14 55
1 14 316
1 14 325
1 15 48
1 15 127
1 15 301
1 15 335
1 16 19
1 16 29
1 16 62
1 16 111
1 16 129
1 16 184
1 16 221
1 16 246
1 17 68
1 17 217
1 18 259
1 19 51
1 19 53
1 19 72
1 19 139
1 19 150
1 19 159
1 19 190
1 19 248
1 19 291
1 19 313
1 19 322
1 20 104
1 20 226
1 20 350
1 21 7
1 21 62
1 21 109
1 21 116
1 21 120
1 21 282
1 21 292
1 21 319
1 22 85
1 22 96
1 22 155
1 22 184
1 22 208
1 22 306
1 23 0
1 23 227
1 23 367
1 24 37
1 24 197
1 24 208
1 24 305
1 24 353
1 25 3
1 25 204
1 25 251
1 25 265
1 25 272
1 26 18
1 26 20
1 26 48
1 26 51
1 26 286
1 26 352
1 27 75
1 27 108
1 27 162
1 27 178
1 27 290
1 27 295
1 28 29
1 28 158
1 28 238
1 28 270
1 28 298
1 28 299
1 29 9
1 29 148
1 29 177
1 29 213
1 29 271
1 29 318
1 30 97
1 30 173
1 30 234
1 30 289
1 31 11
1 31 224
1 31 310
1 32 65
1 32 96
1 32 98
1 33 191
1 33 240
1 33 314
1 34 50
1 34 266
1 34 292
1 34 300
1 34 363
1 35 5
1 35 92
1 35 155
1 35 209
1 35 295
1 36 6
1 36 60
1 36 251
1 37 68
1 37 70
1 37 105
1 37 148
1 37 195
1 37 212
1 37 266
1 37 274
1 37 351
1 38 8
1 38 46
1 38 83
1 38 84
1 38 106
1 38 110
1 38 174
1 38 229
1 38 302
1 38 342
1 39 56
1 39 75
1 39 78
1 39 336
1 40 200
1 40 265
1 41 133
1 42 12
1 42 102
1 42 224
1 43 17
1 43 179
1 43 355
1 43 360
1 43 367
1 44 114
1 44 183
1 44 186
1 45 1
1 45 31
1 45 56
1 45 67
1 45 98
1 45 240
1 46 162
1 46 184
1 46 193
1 46 280
1 46 307
1 47 20
1 47 227
1 47 238
1 47 256
1 47 308
1 47 333
1 48 57
1 48 70
1 48 344
1 48 354
1 49 117
1 49 118
1 49 146
1 49 163
1 49 254
1 49 291
1 50 11
1 50 18
1 50 39
1 50 40
1 50 94
1 50 170
1 50 268
1 50 269
1 50 294
1 50 360
1 51 98
1 51 197
1 51 246
1 51 270
1 52 42
1 52 65
1 52 99
1 52 134
1 52 158
1 52 199
1 52 290
1 52 308
1 52 366
1 53 185
1 53 248
1 53 273
1 53 303
1 53 308
1 54 70
1 54 147
1 54 198
1 54 214
1 54 292
1 54 335
1 54 337
1 55 51
1 55 93
1 55 156
1 55 282
1 55 299
1 56 264
1 56 355
1 57 56
1 57 68
1 57 81
1 57 107
1 57 138
1 57 156
1 57 211
1 58 114
1 58 160
1 58 209
1 58 268
1 59 67
1 59 139
1 59 144
1 59 216
1 59 274
1 59 281
1 59 283
1 60 65
1 60 115
1 60 171
1 61 191
1 61 294
1 62 54
1 62 226
1 63 61
1 63 71
1 63 86
1 63 148
1 63 156
1 63 204
1 63 207
1 63 215
1 63 279
1 64 76
1 64 81
1 64 118
1 64 132
1 64 218
1 64 316
1 65 38
1 65 42
1 65 114
1 65 220
1 65 281
1 65 355
1 66 199
1 67 8
1 67 21
1 67 149
1 67 161
1 67 219
1 67 246
1 67 290
1 68 47
1 68 206
1 68 234
1 68 334
1 68 358
1 69 38
1 69 125
1 69 233
1 69 333
1 70 4
1 70 236
1 70 279
1 70 298
1 70 355
1 71 36
1 71 38
1 71 44
1 71 62
1 71 77
1 71 110
1 71 135
1 71 223
1 71 277
1 71 306
1 71 309
1 71 367
1 72 250
1 72 363
1 73 92
1 73 113
1 73 155
1 73 201
1 73 228
1 73 273
1 73 335
1 74 12
1 74 17
1 74 196
1 74 217
1 74 247
1 74 293
1 74 327
1 75 36
1 75 40
1 75 80
1 75 154
1 75 181
1 75 236
1 75 239
1 75 242
1 76 34
1 76 66
1 76 71
1 76 156
1 76 233
1 76 250
1 76 262
1 76 315
1 77 22
1 77 144
1 77 238
1 78 104
1 78 138
1 78 171
1 79 16
1 79 80
1 79 125
1 79 126
1 79 142
1 79 185
1 79 335
1 80 23
1 80 54
1 80 152
1 80 230
1 80 253
1 80 333
1 81 8
1 81 89
1 81 122
1 81 131
1 81 193
1 81 276
1 81 297
1 81 325
1 81 347
1 81 359
1 82 11
1 82 260
1 83 151
1 83 297
1 83 343
1 83 355
1 84 41
1 84 47
1 84 137
1 84 179
1 84 206
1 84 210
1 84 287
1 85 219
1 85 347
1 86 5
1 86 70
1 86 171
1 86 202
1 86 234
1 86 252
1 87 187
1 87 215
1 88 99
1 88 125
1 88 127
1 88 166
1 88 197
1 88 257
1 88 292
1 89 133
1 89 141
1 89 223
1 89 232
1 89 246
1 89 351
1 89 352
1 90 22
1 90 35
1 90 36
1 90 106
1 90 186
1 90 225
1 90 248
1 90 303
1 90 368
1 91 164
1 91 178
1 91 183
1 91 223
1 91 242
1 91 297
1 91 329
1 92 107
1 92 124
1 92 127
1 92 364
1 93 32
1 93 129
1 93 180
1 93 216
1 93 291
1 93 358
1 94 46
1 94 89
1 94 245
1 94 342
1 94 365
1 94 367
1 96 17
1 96 31
1 96 81
1 96 254
1 96 267
1 96 275
1 97 67
1 97 80
1 97 162
1 97 199
1 97 223
1 98 43
1 98 127
1 98 165
1 99 7
1 99 161
1 99 254
1 100 50
1 100 66
1 100 179
1 100 216
1 100 242
1 100 284
1 100 336
1 101 237
1 101 363
1 102 100
1 102 182
1 102 292
1 103 36
1 103 69
1 103 135
1 103 232
1 103 286
1 103 320
1 104 88
1 104 96
1 104 316
1 104 347
1 104 348
1 105 40
1 105 156
1 105 177
1 105 221
1 105 286
1 105 314
1 106 174
1 106 178
1 106 200
1 106 224
1 106 225
1 106 359
1 106 363
1 107 53
1 108 19
1 108 39
1 108 67
1 108 184
1 108 240
1 108 255
1 108 292
1 109 32
1 109 36
1 109 67
1 109 160
1 109 186
1 109 254
1 109 258
1 109 365
1 110 4
1 110 64
1 110 108
1 110 148
1 110 161
1 110 171
1 110 306
1 110 347
1 110 355
1 110 365
1 110 366
1 111 67
1 111 77
1 111 112
1 111 176
1 111 236
1 111 263
1 111 351
1 112 124
1 112 167
1 112 361
1 113 68
1 113 154
1 113 352
1 113 355
1 114 4
1 114 239
1 114 262
1 115 24
1 115 61
1 115 136
1 115 187
1 116 300
1 116 307
1 116 335
1 116 351
1 117 28
1 117 42
1 117 110
1 117 211
1 117 233
1 118 74
1 118 239
1 118 340
1 118 363
1 119 87
1 119 120
1 119 144
1 119 227
1 119 275
1 120 13
1 120 114
1 120 206
1 120 234
1 120 364
1 121 76
1 121 166
1 121 189
1 121 218
1 121 303
1 121 340
1 121 341
1 122 0
1 122 56
1 122 111
1 122 143
1 122 200
1 122 278
1 122 337
1 123 269
1 124 1
1 124 57
1 124 193
1 124 204
1 124 307
1 125 60
1 125 95
1 125 120
1 126 8
1 126 13
1 126 50
1 126 274
1 126 315
1 127 40
1 127 112
1 127 124
1 127 125
1 127 309
1 128 8
1 129 52
1 129 76
1 129 77
1 129 129
1 129 131
1 129 136
1 129 280
1 130 265
1 131 3
1 131 32
1 131 36
1 131 74
1 131 131
1 131 153
1 131 242
1 131 245
1 131 251
1 131 318
1 132 74
1 132 163
1 132 306
1 132 309
1 133 52
1 133 174
1 133 199
1 133 225
1 133 262
1 133 329
1 133 344
1 134 72
1 134 186
1 134 189
1 134 207
1 134 279
1 134 366
1 135 19
1 135 35
1 135 144
1 135 146
1 135 198
1 135 208
1 135 212
1 135 229
1 135 362
1 136 193
1 136 194
1 136 246
1 136 298
1 136 341
1 137 100
1 137 130
1 137 152
1 137 163
1 137 229
1 137 244
1 138 44
1 138 170
1 138 216
1 140 38
1 140 77
1 140 195
1 141 305
1 142 31
1 142 81
1 142 284
1 142 359
1 143 125
1 143 165
1 143 202
1 143 316
1 143 321
1 143 324
1 144 114
1 145 55
1 145 164
1 145 276
1 145 335
1 146 184
1 146 228
1 146 232
1 147 86
1 147 337
1 147 339
1 148 70
1 148 118
1 148 158
1 148 167
1 148 306
1 149 80
1 149 158
1 149 315
1 150 47
1 150 181
1 150 258
1 150 337
1 151 88
1 152 46
1 152 107
1 152 144
1 152 239
1 152 254
1 152 297
1 152 348
1 153 1
1 153 29
1 153 32
1 153 136
1 153 142
1 153 161
1 153 199
1 154 58
1 154 77
1 154 106
1 155 103
1 155 178
1 155 345
1 155 368
1 156 98
1 156 180
1 156 227
1 156 305
1 156 322
1 156 344
1 156 349
1 157 23
1 157 39
1 157 136
1 157 173
1 157 298
1 157 310
1 157 331
1 157 361
1 158 15
1 158 60
1 158 83
1 158 313
1 159 71
1 159 134
1 159 140
1 159 157
1 159 163
1 159 172
1 160 294
1 161 14
1 161 17
1 161 34
1 161 99
1 161 126
1 161 157
1 161 182
1 161 346
1 162 81
1 162 91
1 162 154
1 162 171
1 162 213
1 162 248
1 162 273
1 163 77
1 163 155
1 163 294
1 164 8
1 164 147
1 164 200
1 164 243
1 164 303
1 165 68
1 166 179
1 166 188
1 166 259
1 166 352
1 167 23
1 167 53
1 167 119
1 167 132
1 167 146
1 167 196
1 167 202
1 167 290
1 167 363
1 168 55
1 168 163
1 169 40
1 169 130
1 169 231
1 169 239
1 169 254
1 169 311
1 169 366
1 170 148
1 170 238
1 171 58
1 171 146
1 171 150
1 171 192
1 171 204
1 171 287
1 171 294
1 171 321
1 172 2
1 172 35
1 172 148
1 172 158
1 172 178
1 172 206
1 172 235
1 172 255
1 173 3
1 173 85
1 173 94
1 174 233
1 174 283
1 174 335
1 175 3
1 175 17
1 175 294
1 176 13
1 176 51
1 176 89
1 176 97
1 176 230
1 176 353
1 177 52
1 177 183
1 177 252
1 178 6
1 178 213
1 179 16
1 180 60
1 180 96
1 180 132
1 180 169
1 180 179
1 180 237
1 180 250
1 180 259
1 180 365
1 181 107
1 181 129
1 181 142
1 181 220
1 181 228
1 181 266
1 181 274
1 182 211
1 182 341
1 182 359
1 183 136
1 183 211
1 183 226
1 183 259
1 183 353
1 184 265
1 184 291
1 184 339
1 185 16
1 185 86
1 185 93
1 185 102
1 185 114
1 185 236
1 185 297
1 185 320
1 185 358
1 186 18
1 186 171
1 186 232
1 186 261
1 187 124
1 187 267
1 187 311
1 188 32
1 188 144
1 188 149
1 188 233
1 188 275
1 188 279
1 188 298
1 188 299
1 188 364
1 189 203
1 189 236
1 189 293
1 189 295
1 189 348
1 190 150
1 190 186
1 190 217
1 191 37
1 191 116
1 191 249
1 192 7
1 192 67
1 192 160
1 192 223
1 193 128
1 193 181
1 193 194
1 193 214
1 193 241
1 193 265
1 193 339
1 193 365
1 194 40
1 194 68
1 194 102
1 194 115
1 194 164
1 194 196
1 194 215
1 194 306
1 194 328
1 194 355
1 195 32
1 195 36
1 195 45
1 195 237
1 195 280
1 195 301
1 195 317
1 195 320
1 196 95
1 196 200
1 196 230
1 196 287
1 197 138
1 197 196
1 197 227
1 197 236
1 197 259
1 197 293
1 197 317
1 197 332
1 198 51
1 198 105
1 198 154
1 198 163
1 198 222
1 198 225
1 198 229
1 199 247
1 199 255
1 199 283
1 199 286
1 199 291
1 199 294
1 199 299
1 200 208
1 200 303
1 200 313
1 200 346
1 200 359
1 201 112
1 201 155
1 201 225
1 201 238
1 201 245
1 202 8
1 202 26
1 202 70
1 202 178
1 202 290
1 202 310
1 202 322
1 202 324
1 203 44
1 203 49
1 203 263
1 203 264
1 203 274
1 203 314
1 203 365
1 204 97
1 204 121
1 204 190
1 204 216
1 204 232
1 204 241
1 205 57
1 205 177
1 205 190
1 205 198
1 205 243
1 205 264
1 205 332
1 205 344
1 206 130
1 206 213
1 207 75
1 207 105
1 207 125
1 207 207
1 208 4
1 208 9
1 208 13
1 208 170
1 208 213
1 208 287
1 208 357
1 209 154
1 209 180
1 209 203
1 209 223
1 209 281
1 210 10
1 210 117
1 210 189
1 210 280
1 211 29
1 211 85
1 211 116
1 211 120
1 211 141
1 211 162
1 211 220
1 211 265
1 212 60
1 212 73
1 212 181
1 212 200
1 212 202
1 212 207
1 212 221
1 212 333
1 213 75
1 213 77
1 213 93
1 213 235
1 214 36
1 214 46
1 214 94
1 214 246
1 215 71
1 215 229
1 215 274
1 216 29
1 216 53
1 216 160
1 216 164
1 216 223
1 216 312
1 217 10
1 217 254
1 218 31
1 218 86
1 218 121
1 218 124
1 218 131
1 218 264
1 218 278
1 218 286
1 218 302
1 219 39
1 219 76
1 219 185
1 219 242
1 219 250
1 220 20
1 220 45
1 220 54
1 220 158
1 220 195
1 220 223
1 221 58
1 221 185
1 221 226
1 221 325
1 222 8
1 222 124
1 222 176
1 223 81
1 223 98
1 223 140
1 223 261
1 223 268
1 224 37
1 224 60
1 224 78
1 224 92
1 224 202
1 224 310
1 224 323
1 224 331
1 224 358
1 225 35
1 225 49
1 225 81
1 225 165
1 225 352
1 226 28
1 226 128
1 226 188
1 226 214
1 226 293
1 226 326
1 226 355
1 227 17
1 227 110
1 227 129
1 227 280
1 227 284
1 228 24
1 228 52
1 228 59
1 228 216
1 228 332
1 229 15
1 229 151
1 229 208
1 229 335
1 229 357
1 230 336
1 230 365
1 231 15
1 231 105
1 231 127
1 231 128
1 231 164
1 231 170
1 231 243
1 231 250
1 231 291
1 232 88
1 232 111
1 232 187
1 232 203
1 232 302
1 233 20
1 233 34
1 233 141
1 233 224
1 233 258
1 234 36
1 234 80
1 234 270
1 235 27
1 235 330
1 235 343
1 236 220
1 236 274
1 236 317
1 237 31
1 237 117
1 237 148
1 237 153
1 237 176
1 237 291
1 238 71
1 238 91
1 238 103
1 238 267
1 238 368
1 239 4
1 239 189
1 239 235
1 240 5
1 240 62
1 240 64
1 240 269
1 240 323
1 241 11
1 241 295
1 241 297
1 241 315
1 242 53
1 242 93
1 242 143
1 242 147
1 242 176
1 242 186
1 242 250
1 242 276
1 242 322
1 242 324
1 243 123
1 243 207
1 243 223
1 243 263
1 243 288
1 244 96
1 244 115
1 244 119
1 244 192
1 244 271
1 244 291
1 244 304
1 245 98
1 246 89
1 246 204
1 247 214
1 248 6
1 248 21
1 248 106
1 248 122
1 248 163
1 248 181
1 248 233
1 248 257
1 250 5
1 250 88
1 250 204
1 250 257
1 251 80
1 251 167
1 251 246
1 251 260
1 251 361
1 252 32
1 252 42
1 252 90
1 252 195
1 252 201
1 252 255
1 252 276
1 253 119
1 253 150
1 253 176
1 253 212
1 253 243
1 253 364
1 254 74
1 254 111
1 254 134
1 254 197
1 254 205
1 254 284
1 255 0
1 255 26
1 255 77
1 255 194
1 255 197
1 255 207
1 255 236
1 255 259
1 255 305
1 255 328
1 256 1
1 256 82
1 256 234
1 256 266
1 256 349
1 256 360
1 257 160
1 257 188
1 257 247
1 257 269
1 258 34
1 258 169
1 258 189
1 258 254
1 258 282
1 258 341
1 258 343
1 259 65
1 259 83
1 259 205
1 260 33
1 260 125
1 260 212
1 260 245
1 260 263
1 261 73
1 261 121
1 261 142
1 261 204
1 261 262
1 261 326
1 262 106
1 262 124
1 262 156
1 263 82
1 263 249
1 264 240
1 264 274
1 264 313
1 265 47
1 265 99
1 265 105
1 265 109
1 265 145
1 265 165
1 265 247
1 265 297
1 265 309
1 266 12
1 266 34
1 266 44
1 266 103
1 266 212
1 266 297
1 267 74
1 267 229
1 267 244
1 267 274
1 267 310
1 268 184
1 268 264
1 268 267
1 268 319
1 269 32
1 269 56
1 269 112
1 269 209
1 269 300
1 269 318
1 269 343
1 270 279
1 270 331
1 271 0
1 271 6
1 271 82
1 271 135
1 271 235
1 271 238
1 271 265
1 271 347
1 272 161
1 272 199
1 272 205
1 272 334
1 273 110
1 273 165
1 273 211
1 273 223
1 273 328
1 274 35
1 274 49
1 274 276
1 274 309
1 274 322
1 274 339
1 274 343
1 275 221
1 275 297
2 0 123
2 0 178
2 0 195
2 0 328
2 1 3
2 1 24
2 1 57
2 1 121
2 1 264
2 2 105
2 2 350
2 3 92
2 3 163
2 3 188
2 3 242
2 3 259
2 3 311
2 4 86
2 4 176
2 4 351
2 5 257
2 5 311
2 6 30
2 6 103
2 6 105
2 6 142
2 6 303
2 7 25
2 7 194
2 7 321
2 7 333
2 8 26
2 8 77
2 8 79
2 8 93
2 8 182
2 9 26
2 9 142
2 9 169
2 9 291
2 9 346
2 10 93
2 10 151
2 11 88
2 11 93
2 11 159
2 11 194
2 11 234
2 11 265
2 12 99
2 12 287
2 13 279
2 14 23
2 14 80
2 14 139
2 14 143
2 14 181
2 14 287
2 14 330
2 15 45
2 15 73
2 15 83
2 15 171
2 15 190
2 15 200
2 15 293
2 16 19
2 16 61
2 16 129
2 16 141
2 17 41
2 17 63
2 17 130
2 17 163
2 17 191
2 17 328
2 18 202
2 18 296
2 19 142
2 19 179
2 19 312
2 20 29
2 20 30
2 20 74
2 20 78
2 20 182
2 20 256
2 20 311
2 21 198
2 21 279
2 21 285
2 22 52
2 22 65
2 22 104
2 22 301
2 23 62
2 23 194
2 23 266
2 23 270
2 24 130
2 25 15
2 25 74
2 25 109
2 25 195
2 25 247
2 25 265
2 25 345
2 26 37
2 26 45
2 26 227
2 26 254
2 26 320
2 27 40
2 27 255
2 27 323
2 28 13
2 28 25
2 28 93
2 28 94
2 28 339
2 29 6
2 29 76
2 29 84
2 29 86
2 29 128
2 29 165
2 29 167
2 29 290
2 29 291
2 30 278
2 31 70
2 31 202
2 31 247
2 31 335
2 32 59
2 32 103
2 32 123
2 32 234
2 32 252
2 32 281
2 32 342
2 33 154
2 33 248
2 33 309
2 33 315
2 34 59
2 34 134
2 34 177
2 34 288
2 35 41
2 35 91
2 35 134
2 35 184
2 35 309
2 35 326
2 35 342
2 36 17
2 36 34
2 36 66
2 36 75
2 36 134
2 37 7
2 37 326
2 38 112
2 38 150
2 38 306
2 38 310
2 39 74
2 39 156
2 40 278
2 40 289
2 40 340
2 41 69
2 41 214
2 41 296
2 41 307
2 41 321
2 42 35
2 42 148
2 42 205
2 43 20
2 43 32
2 43 50
2 43 95
2 43 298
2 44 126
2 44 193
2 44 216
2 44 251
2 44 272
2 44 329
2 44 331
2 45 129
2 45 131
2 45 187
2 45 226
2 46 37
2 46 148
2 46 223
2 46 347
2 47 96
2 48 133
2 48 294
2 49 168
2 49 352
2 50 37
2 50 225
2 50 245
2 50 315
2 50 320
2 51 30
2 52 257
2 52 260
2 53 42
2 53 78
2 53 106
2 53 118
2 53 122
2 53 204
2 53 280
2 53 346
2 54 17
2 54 174
2 54 194
2 54 242
2 55 17
2 55 40
2 55 274
2 55 334
2 56 22
2 56 30
2 56 266
2 56 302
2 56 328
2 57 54
2 57 146
2 57 208
2 57 223
2 57 313
2 57 319
2 57 351
2 58 98
2 58 115
2 58 206
2 59 7
2 59 340
2 60 70
2 60 95
2 60 158
2 60 227
2 61 127
2 61 158
2 61 185
2 61 195
2 61 314
2 62 17
2 62 134
2 62 322
2 63 12
2 63 52
2 63 96
2 63 165
2 63 224
2 63 290
2 64 17
2 64 115
2 64 301
2 65 73
2 65 75
2 65 77
2 65 117
2 65 154
2 65 218
2 65 300
2 65 338
2 66 198
2 67 25
2 67 48
2 67 335
2 68 63
2 68 155
2 68 176
2 68 282
2 69 120
2 69 285
2 69 306
2 70 2
2 70 44
2 70 106
2 70 266
2 70 308
2 71 65
2 71 83
2 71 89
2 71 108
2 71 236
2 72 83
2 72 100
2 72 212
2 73 174
2 73 242
2 73 296
2 74 7
2 74 42
2 74 74
2 74 267
2 74 317
2 75 90
2 75 285
2 76 26
2 76 39
2 76 101
2 76 104
2 77 7
2 77 151
2 78 11
2 78 39
2 78 81
2 78 161
2 78 308
2 78 343
2 79 20
2 79 50
2 79 223
2 79 318
2 80 114
2 80 138
2 80 178
2 80 312
2 80 337
2 81 202
2 82 24
2 82 121
2 82 229
2 82 243
2 82 259
2 82 268
2 83 140
2 83 186
2 83 192
2 83 298
2 83 305
2 83 326
2 84 85
2 84 178
2 84 298
2 85 72
2 85 83
2 85 157
2 85 180
2 85 200
2 85 206
2 85 265
2 85 298
2 85 312
2 85 350
2 86 121
2 86 160
2 86 259
2 87 53
2 87 215
2 87 262
2 87 338
2 88 81
2 88 154
2 88 300
2 88 338
2 89 11
2 89 61
2 89 62
2 89 73
2 89 88
2 89 191
2 89 330
2 90 35
2 90 71
2 90 87
2 90 191
2 90 251
2 90 263
2 90 265
2 90 283
2 90 299
2 91 18
2 91 54
2 91 171
2 91 175
2 91 300
2 92 2
2 92 40
2 92 66
2 92 269
2 93 73
2 93 292
2 93 324
2 94 37
2 94 57
2 94 103
2 95 24
2 95 49
2 95 58
2 95 249
2 95 289
2 95 346
2 96 5
2 96 8
2 96 52
2 96 81
2 96 210
2 96 242
2 97 26
2 97 34
2 97 69
2 97 76
2 97 112
2 97 259
2 97 279
2 97 282
2 97 288
2 97 321
2 98 22
2 98 41
2 98 109
2 99 89
2 99 323
2 99 331
2 100 115
2 100 146
2 100 201
2 100 304
2 101 6
2 101 81
2 102 92
2 102 173
2 102 255
2 102 264
2 103 69
2 103 249
2 103 261
2 104 118
2 105 60
2 105 96
2 105 139
2 105 191
2 105 222
2 105 336
2 106 30
2 106 57
2 106 116
2 106 171
2 106 174
2 106 312
2 107 22
2 107 46
2 107 227
2 108 2
2 108 7
2 108 31
2 108 54
2 108 75
2 108 164
2 108 283
2 109 42
2 109 64
2 109 75
2 109 107
2 109 132
2 109 277
2 110 74
2 110 269
2 110 309
2 110 348
2 111 209
2 111 350
2 112 75
2 112 302
2 113 209
2 113 248
2 114 126
2 114 259
2 115 171
2 115 202
2 116 7
2 116 32
2 116 110
2 116 135
2 116 272
2 116 278
2 116 346
2 117 125
2 117 133
2 117 182
2 117 186
2 117 308
2 118 27
2 118 33
2 118 288
2 119 39
2 119 84
2 119 263
2 119 313
2 120 90
2 120 304
2 120 341
2 121 20
2 121 51
2 121 84
2 121 264
2 121 337
2 122 41
2 122 55
2 122 320
2 122 349
2 123 102
2 123 246
2 124 11
2 124 61
2 124 101
2 124 109
2 124 115
2 124 131
2 124 247
2 124 284
2 125 51
2 125 230
2 126 95
2 126 245
2 126 343
2 127 97
2 127 114
2 128 30
2 128 88
2 128 204
2 128 318
2 129 50
2 129 160
2 129 239
2 129 251
2 129 274
2 129 329
2 130 48
2 130 49
2 130 67
2 130 91
2 130 122
2 130 162
2 131 3
2 131 31
2 131 131
2 131 173
2 132 142
2 132 331
2 133 85
2 133 104
2 133 131
2 133 154
2 133 177
2 133 207
2 133 305
2 133 333
2 134 18
2 134 111
2 134 317
2 135 340
2 136 78
2 136 91
2 136 137
2 136 173
2 136 219
2 136 241
2 136 269
2 136 353
2 137 7
2 137 15
2 137 48
2 137 136
2 137 194
2 137 338
2 138 139
2 138 306
2 139 51
2 139 212
2 139 298
2 140 94
2 140 181
2 140 262
2 140 297
2 140 331
2 141 41
2 141 95
2 141 230
2 141 315
2 142 78
2 142 121
2 142 136
2 142 169
2 142 313
2 142 344
2 143 261
2 143 353
2 144 6
2 144 65
2 144 116
2 145 176
2 145 262
2 146 212
2 146 263
2 146 327
2 146 343
2 147 61
2 147 63
2 147 324
2 148 31
2 148 158
2 149 130
2 149 220
2 149 263
2 150 1
2 150 14
2 150 24
2 150 61
2 150 134
2 150 299
2 151 11
2 151 71
2 151 164
2 151 190
2 151 268
2 151 276
2 152 86
2 152 110
2 152 119
2 152 157
2 152 278
2 152 311
2 152 319
2 153 35
2 153 78
2 153 175
2 153 262
2 153 354
2 154 16
2 154 112
2 154 127
2 154 131
2 154 146
2 154 228
2 155 227
2 155 299
2 156 253
2 156 285
2 156 318
2 158 6
2 158 136
2 158 198
2 158 293
2 159 189
2 159 308
2 160 286
2 160 340
2 160 353
2 161 50
2 161 150
2 161 225
2 161 239
2 162 33
2 162 151
2 162 224
2 162 225
2 162 297
2 162 306
2 163 102
2 163 219
2 163 322
2 163 331
2 164 24
2 164 164
2 165 269
2 166 96
2 166 178
2 166 187
2 166 284
2 166 312
2 166 332
2 167 161
2 167 220
2 167 306
2 168 13
2 168 46
2 168 111
2 168 325
2 169 2
2 169 35
2 169 88
2 170 216
2 170 340
2 171 74
2 171 117
2 171 159
2 171 160
2 171 173
2 171 230
2 171 241
2 172 170
2 172 172
2 172 271
2 173 51
2 173 177
2 173 191
2 173 282
2 173 320
2 174 28
2 174 35
2 174 121
2 174 138
2 174 154
2 174 186
2 174 307
2 175 18
2 175 111
2 175 115
2 175 150
2 175 173
2 175 264
2 175 277
2 176 175
2 176 190
2 176 276
2 176 306
2 177 3
2 177 33
2 177 74
2 177 88
2 177 138
2 177 311
2 177 328
2 178 335
2 179 4
2 179 15
2 179 53
2 179 64
2 179 196
2 179 203
2 180 4
2 180 85
2 180 135
2 180 149
2 180 151
2 180 196
2 180 256
2 180 258
2 180 305
2 180 313
2 180 338
2 181 3
2 181 73
2 181 182
2 181 271
2 182 40
2 182 172
2 182 200
2 182 349
2 183 250
2 183 265
2 184 19
2 184 159
2 184 234
2 184 249
2 185 13
2 185 95
2 185 211
2 185 244
2 185 263
2 186 31
2 186 76
2 186 264
2 186 317
2 187 275
2 187 301
2 187 317
2 188 39
2 188 55
2 188 98
2 188 151
2 188 177
2 188 230
2 188 245
2 189 24
2 189 112
2 189 134
2 189 168
2 189 309
2 190 334
2 191 63
2 191 146
2 191 150
2 191 202
2 191 269
2 191 308
2 192 52
2 192 160
2 192 168
2 193 145
2 193 186
2 193 252
2 193 347
2 194 209
2 194 338
2 195 39
2 195 53
2 195 81
2 195 197
2 195 215
2 195 246
2 195 274
2 195 346
2 196 8
2 196 172
2 196 201
2 197 171
2 197 199
2 197 267
2 198 25
2 198 30
2 198 43
2 198 180
2 198 292
2 198 302
2 198 317
2 199 1
2 199 12
2 199 159
2 200 157
2 201 213
2 201 242
2 201 292
2 201 302
2 201 353
2 202 54
2 202 74
2 202 110
2 202 287
2 202 345
2 203 28
2 203 111
2 203 203
2 203 288
2 204 9
2 204 57
2 204 207
2 204 220
2 204 236
2 204 327
2 205 48
2 205 115
2 206 11
2 206 23
2 206 81
2 206 92
2 206 317
2 206 328
2 206 339
2 208 77
2 209 74
2 209 83
2 209 281
2 209 300
2 210 4
2 210 113
2 210 191
2 210 337
2 211 51
2 211 134
2 212 160
2 212 193
2 212 291
2 213 82
2 213 129
2 213 162
2 213 239
2 213 279
2 214 76
2 214 165
2 214 254
2 215 38
2 215 46
2 215 258
2 215 342
2 215 345
2 216 98
2 217 85
2 217 269
2 217 333
2 218 78
2 218 199
2 218 228
2 218 293
2 219 6
2 219 19
2 219 146
2 219 240
2 220 12
2 220 190
2 220 226
2 221 159
2 222 4
2 222 98
2 222 117
2 222 301
2 223 162
2 223 222
2 223 238
2 223 354
2 224 16
2 224 66
2 224 139
2 224 207
2 224 237
2 224 249
2 224 268
2 225 203
2 226 41
2 226 179
2 226 228
2 227 168
2 227 182
2 227 192
2 227 214
2 227 264
2 227 326
2 228 3
2 228 166
2 229 27
2 229 83
2 229 126
2 229 143
2 230 5
2 230 124
2 230 147
2 230 164
2 231 23
2 231 88
2 231 97
2 231 287
2 232 119
2 233 16
2 233 184
2 233 320
2 233 326
2 234 57
2 234 69
2 234 170
2 234 171
2 235 263
2 235 285
2 235 295
2 236 77
2 236 136
2 236 148
2 236 190
2 236 350
2 237 46
2 237 257
2 238 67
2 238 184
2 238 222
2 238 311
2 238 312
2 239 44
2 239 322
2 240 21
2 240 22
2 240 35
2 240 42
2 240 77
2 240 97
2 240 244
2 240 306
2 241 30
2 241 264
2 242 27
2 242 96
2 242 194
2 242 286
2 242 309
2 243 266
2 244 214
2 245 8
2 245 185
2 245 228
2 246 2
2 247 293
2 247 353
2 248 62
2 248 272
2 249 100
2 249 201
2 249 262
2 249 313
2 249 338
2 250 92
2 250 127
2 250 280
2 250 351
2 250 354
2 251 23
2 251 73
2 251 121
2 251 150
2 251 199
2 251 232
2 251 348
2 252 31
2 252 163
2 252 207
2 252 216
2 252 223
2 252 226
2 252 273
2 252 305
2 252 339
2 253 165
2 253 212
2 253 284
2 254 3
2 254 88
2 254 170
2 254 173
2 254 247
2 255 46
2 255 73
2 255 98
2 255 273
2 255 305
2 256 57
2 256 136
2 256 266
2 257 202
2 258 264
2 258 286
2 258 313
2 258 319
2 259 14
2 259 44
2 259 59
2 259 318
2 260 14
2 260 44
2 260 137
2 261 15
2 261 245
2 261 258
2 261 264
2 262 94
2 262 295
2 263 88
2 263 248
2 263 291
2 263 314
2 263 345
2 264 11
2 264 90
2 264 277
2 264 321
2 265 39
2 265 70
2 265 153
2 265 161
2 265 199
2 265 316
2 266 51
2 266 201
2 266 246
2 266 316
2 267 17
2 267 40
2 267 74
2 267 130
2 267 140
2 267 164
2 268 113
2 268 168
2 268 210
2 268 328
2 269 116
2 269 199
2 269 249
2 270 320
2 271 173
2 271 187
2 272 36
2 272 105
2 272 163
2 272 305
2 273 77
2 273 96
2 274 7
2 274 34
2 274 49
2 274 278
2 275 66
2 275 70
2 275 87
2 275 302
2 276 70
2 276 218
2 277 206
2 278 140
2 278 160
2 278 185
2 278 204
2 279 43
2 279 264
2 280 36
2 280 271
2 280 332
2 281 1
2 281 13
2 281 88
2 281 97
2 281 181
2 281 351
2 282 57
2 282 83
2 282 272
2 283 99
2 283 290
2 284 190
2 284 319
2 284 350
2 285 23
2 285 47
2 285 283
2 286 241
2 286 277
2 286 308
2 287 15
2 287 36
2 287 51
2 287 59
2 287 76
2 287 82
2 287 159
2 287 252
2 287 351
2 288 50
2 288 71
2 288 340
2 289 174
2 289 248
2 289 321
2 290 81
2 290 122
2 290 219
2 290 327
2 291 95
2 291 99
2 291 118
2 291 335
2 293 34
2 293 199
2 293 217
2 294 26
2 294 117
2 294 325
2 295 11
2 295 104
2 295 245
2 295 284
2 296 15
2 296 97
2 296 134
2 296 135
2 297 97
2 298 97
2 298 184
2 298 236
2 299 94
2 299 257
2 299 258
2 299 275
2 299 344
2 300 183
2 300 203
2 301 50
2 301 285
2 301 302
2 301 318
2 301 349
2 301 352
2 302 49
2 302 111
2 302 141
2 302 250
2 302 304
2 302 351
2 303 100
2 303 154
2 304 100
2 304 122
2 305 28
2 305 35
2 305 160
2 305 287
2 306 4
2 306 36
2 306 118
2 306 127
2 306 137
2 306 267
2 307 93
2 307 165
2 307 281
2 307 297
2 308 259
2 308 300
2 308 323
2 308 339
2 309 69
2 309 167
2 309 318
2 310 18
2 311 5
2 311 36
2 311 190
2 311 244
2 311 282
2 312 72
2 312 178
2 314 3
2 314 142
2 314 226
2 314 234
2 315 64
2 315 134
2 315 142
2 315 157
2 315 164
2 315 249
2 316 42
2 316 63
2 316 121
2 316 167
2 316 255
2 317 352
2 318 72
2 318 93
2 319 24
2 319 126
2 319 234
2 319 268
2 321 118
2 321 304
2 321 340
2 322 109
2 322 139
2 323 20
2 323 92
2 323 146
2 323 182
2 323 218
2 324 113
2 324 329
2 325 45
2 325 67
2 325 128
2 325 221
2 325 353
2 326 7
2 326 250
2 326 275
2 326 281
2 326 343
2 327 64
2 327 118
2 327 137
2 327 159
2 327 171
2 327 206
2 327 349
2 328 106
2 328 276
2 329 51
2 329 90
2 329 326
2 330 89
2 330 153
2 330 170
2 331 65
2 331 269
2 331 293
2 331 302
2 331 341
2 332 58
2 332 75
2 332 76
2 332 155
2 332 233
2 332 242
2 334 29
2 334 83
2 334 129
2 334 227
2 335 50
2 335 143
2 335 158
2 335 215
2 335 220
2 335 316
2 335 318
2 336 46
2 336 149
2 336 241
2 336 274
2 336 279
2 336 343
2 337 63
2 337 121
2 337 259
2 337 272
2 338 5
2 338 327
2 339 214
2 339 292
2 340 26
2 340 37
2 340 135
2 340 158
2 340 247
2 340 252
2 341 56
2 341 304
2 342 20
2 342 72
2 342 136
2 342 161
2 342 167
2 342 172
2 342 225
2 342 263
2 342 270
2 342 271
2 342 283
2 342 295
2 342 327
2 342 336
2 342 346
2 343 81
2 344 100
2 344 235
2 344 275
2 344 285
2 345 38
2 345 152
2 345 286
2 345 354
2 346 214
2 347 326
2 348 48
2 348 145
2 348 168
2 348 236
2 348 281
2 349 190
2 350 182
2 350 351
2 351 111
2 351 168
2 351 185
2 351 203
2 352 29
2 352 41
2 352 46
2 352 53
2 352 125
2 352 276
2 353 255
2 354 23
2 354 181
2 354 218
2 354 308
2 355 25
2 355 32
2 355 256
2 355 280
2 355 309
2 356 60
2 356 95
2 356 172
2 356 180
2 356 188
2 357 13
2 357 71
2 357 95
2 357 140
2 357 203
2 357 204
2 358 30
2 358 38
2 358 233
2 358 246
2 358 300
2 358 325
2 359 198
2 359 219
2 359 285
2 360 165
2 360 183
2 360 254
2 360 331
2 361 18
2 361 146
2 361 244
2 361 270
2 361 349
2 362 95
2 362 131
2 362 199
2 362 291
2 362 294
2 362 349
2 363 22
2 363 167
2 364 16
2 364 287
2 365 88
2 365 110
2 365 247
2 365 295
2 366 26
2 366 85
2 366 96
2 366 123
2 366 319
2 367 77
2 367 78
2 367 84
2 367 161
2 367 162
2 368 75
2 368 100
2 368 148
2 368 183
2 368 197
2 368 216
2 368 292