13065
6
238 167 212 181 146 155
2901

0 161 999 21 0 0 0 177 0 160 659 700 0 910 554 0 997 866 269 989 0 10 0 560 267 687 246 0 0 894 586 0 0 823 0 0 0 54 346 613 0 730 207 0 658 549 598 771 635 0 738 0 4 0 0 341 0 99 0 0 1 0 0 0 12 0 0 0 0 38 0 39 0 0 93 62 43 0 74 66 0 3 88 0 22 37 0 38 28 0 11 95 32 82 30 36 24 30 71 7 0 8 63 0 6 87 99 0 0 83 3 72 0 0 0 1 0 97 64 0 0 0 97 72 35 41 0 0 0 7 70 33 9 0 0 0 97 0 0 0 71 0 0 0 2 44 24 86 0 0 0 0 0 0 0 10 0 0 84 0 0 0 0 0 27 0 0 12 25 21 0 0 99 88 0 0 0 88 0 0 0 0 11 0 55 0 0 0 0 0 100 0 47 49 39 94 49 59 0 0 16 14 27 37 0 44 0 100 0 84 19 0 0 0 0 69 0 14 0 0 90 0 46 67 14 0 13 22 0 59 0 0 83 0 42 18 4 67
10 580 342 196 437 0 0 5 0 868 529 878 465 37 0 0 0 0 576 520 307 963 0 192 174 747 0 0 205 86 684 0 474 0 0 511 0 0 0 0 60 0 58 38 0 0 28 48 20 69 0 84 0 0 0 78 89 63 0 94 97 0 92 78 44 3 0 90 51 65 0 0 0 0 0 0 0 0 25 57 0 0 0 50 92 0 47 45 0 0 21 12 0 57 0 46 65 0 0 0 0 0 0 17 0 18 3 0 78 38 83 0 0 0 2 33 0 67 73 80 91 10 75 64 16 0 47 0 88 23 44 0 0 0 0 20 51 0 0 1 0 0 97 67 15 13 97 81 0 55 75 63 5 79 0 0 3 3 0 0 0 0 0 44 34 58 0
0 0 0 574 0 0 0 918 0 19 0 0 579 0 148 0 795 692 0 0 231 0 418 0 922 0 0 517 0 840 296 332 0 795 0 947 0 260 236 0 0 0 112 0 778 0 0 0 935 0 0 0 75 60 0 68 0 0 0 0 0 0 15 0 42 0 18 0 25 14 25 0 0 0 0 0 99 30 0 0 21 0 0 73 79 0 0 0 3 0 0 0 0 83 64 78 7 0 0 0 0 0 0 0 0 0 71 0 43 0 82 0 53 0 17 0 0 40 0 0 67 28 47 0 0 34 0 0 0 73 0 62 39 44 0 61 52 0 9 0 0 7 17 66 31 0 67 73 67 0 0 76 0 19 0 74 0 0 0 29 0 0 0 17 43 0 0 0 39 47 0 0 46 94 92 0 44 0 2 0 0 16 0 0 0 0 0 0 0 34 5 70 31 48 71 0 33 67 0 0 88 91 0 70 0 95 0 88 0 0 11 9
30 0 0 825 570 0 0 682 0 912 626 0 0 0 0 0 0 58 640 659 567 13 15 23 758 157 917 0 579 0 0 0 0 715 554 0 0 0 0 247 0 143 0 2 0 91 0 0 67 67 0 0 0 5 0 0 87 99 0 32 0 0 85 1 0 0 0 0 7 96 44 0 41 0 0 53 34 95 0 47 26 89 0 9 30 0 0 0 49 46 6 78 19 0 77 0 0 0 0 34 0 36 59 0 46 0 0 55 18 0 89 0 0 0 0 0 0 75 0 59 41 0 37 50 66 0 26 8 0 34 0 0 0 0 0 19 0 85 0 74 57 0 0 0 0 60 74 0 0 0 5 93 4 0 0 68 0 22 0 10 78 65 89 0 24 69 0 0 92 56 0 49 0 0 0 0 70 0 24 0 29
0 230 630 684 0 869 998 0 0 806 0 0 914 105 273 0 530 136 847 0 0 54 702 493 0 0 0 342 0 627 0 312 0 945 0 93 94 87 77 27 97 0 0 0 15 24 0 0 0 52 0 0 55 0 0 93 10 39 0 96 13 0 43 92 21 30 52 62 0 93 93 0 59 99 13 0 0 57 78 0 0 70 3 91 0 0 91 91 37 47 0 95 62 40 25 85 92 95 41 68 64 21 0 97 26 0 7 31 0 0 0 0 84 40 0 0 0 0 0 0 0 0 54 97 0 19 91 49 100 0 0 0 49 0 0 0 79 16 33 83 44 63 0 100 0 0
381 0 0 257 0 16 654 990 374 464 0 354 513 0 0 0 295 0 42 922 910 0 0 0 0 72 0 441 0 0 0 296 0 16 963 460 842 0 0 0 52 0 14 0 0 0 97 43 24 0 0 0 40 25 97 0 0 0 0 99 0 0 0 0 50 0 0 71 0 0 67 0 78 64 0 0 72 7 0 74 29 85 0 25 0 64 94 0 0 14 44 0 8 82 0 0 0 0 15 95 0 30 0 22 7 83 34 0 0 55 0 0 0 65 0 0 63 95 93 0 0 35 0 36 32 91 83 86 12 94 0 98 21 22 0 60 0 0 47 0 0 0 99 57 0 65 92 54 0 0 3 0 14 0 8

0 0 13
0 0 36
0 1 0
0 1 2
0 1 9
0 1 10
0 1 11
0 1 21
0 1 24
0 1 26
0 1 28
0 2 8
0 2 37
0 2 38
0 3 0
0 3 12
0 3 22
0 3 26
0 4 7
0 4 21
0 4 31
0 4 35
0 4 87
0 4 161
0 5 5
0 5 13
0 5 23
0 5 28
0 5 29
0 6 22
0 6 72
0 6 81
0 6 85
0 6 95
0 7 8
0 7 11
0 7 14
0 7 18
0 7 24
0 7 26
0 7 35
0 7 69
0 7 99
0 7 105
0 7 107
0 8 6
0 8 13
0 8 26
0 8 77
0 8 78
0 8 106
0 9 0
0 9 16
0 9 17
0 9 20
0 9 39
0 9 52
0 10 6
0 10 10
0 10 11
0 10 23
0 10 28
0 10 35
0 10 37
0 10 111
0 11 15
0 11 25
0 11 33
0 11 101
0 12 11
0 12 23
0 12 39
0 13 9
0 13 16
0 13 20
0 13 24
0 13 30
0 13 137
0 14 3
0 14 23
0 14 26
0 14 75
0 15 6
0 15 7
0 15 16
0 15 23
0 15 29
0 15 33
0 16 18
0 16 24
0 16 28
0 16 36
0 16 159
0 17 0
0 17 10
0 17 11
0 17 27
0 17 32
0 18 29
0 18 34
0 18 35
0 18 36
0 18 97
0 18 156
0 19 22
0 19 24
0 20 3
0 20 12
0 20 20
0 20 34
0 20 37
0 21 0
0 21 6
0 21 15
0 21 24
0 21 32
0 21 39
0 21 108
0 22 9
0 22 37
0 22 74
0 23 1
0 23 4
0 23 21
0 23 35
0 23 53
0 23 112
0 24 3
0 24 20
0 24 95
0 24 142
0 25 10
0 25 26
0 25 33
0 25 36
0 25 38
0 25 158
0 26 9
0 26 21
0 26 32
0 26 47
0 26 140
0 27 6
0 27 17
0 27 19
0 27 21
0 27 36
0 27 119
0 28 0
0 28 12
0 28 17
0 28 22
0 28 23
0 28 31
0 28 35
0 28 118
0 28 123
0 29 13
0 29 18
0 29 24
0 29 25
0 29 27
0 29 160
0 30 7
0 30 9
0 30 24
0 30 32
0 30 38
0 30 145
0 31 2
0 31 6
0 31 7
0 31 10
0 31 18
0 31 29
0 31 38
0 31 44
0 32 3
0 32 12
0 32 13
0 32 15
0 32 22
0 32 38
0 33 5
0 33 12
0 33 24
0 33 77
0 34 12
0 34 23
0 34 76
0 35 1
0 35 4
0 35 7
0 35 19
0 35 20
0 35 30
0 35 32
0 35 37
0 35 38
0 35 126
0 36 4
0 36 8
0 36 9
0 36 19
0 36 30
0 36 34
0 37 8
0 37 9
0 37 12
0 37 16
0 37 21
0 37 42
0 38 1
0 38 5
0 38 10
0 38 19
0 38 25
0 38 29
0 38 46
0 39 10
0 39 16
0 39 33
0 40 1
0 40 4
0 40 10
0 40 23
0 40 26
0 40 30
0 40 59
0 40 63
0 40 73
0 40 148
0 41 17
0 41 27
0 41 31
0 41 35
0 42 2
0 42 12
0 42 14
0 42 29
0 42 146
0 43 16
0 43 20
0 43 33
0 43 38
0 43 90
0 43 107
0 44 30
0 44 32
0 44 34
0 44 35
0 44 37
0 44 39
0 44 112
0 45 8
0 45 11
0 45 29
0 45 32
0 45 33
0 45 41
0 45 84
0 46 16
0 46 21
0 46 22
0 46 24
0 46 39
0 47 13
0 47 14
0 47 19
0 47 22
0 47 122
0 48 0
0 48 4
0 48 11
0 48 17
0 49 3
0 49 9
0 49 10
0 49 12
0 49 17
0 49 21
0 49 28
0 49 36
0 49 68
0 49 91
0 50 7
0 50 10
0 50 24
0 50 28
0 50 33
0 50 38
0 50 89
0 51 11
0 51 13
0 51 19
0 51 20
0 51 52
0 51 78
0 52 0
0 52 1
0 52 7
0 52 27
0 52 35
0 52 39
0 52 42
0 52 73
0 52 103
0 53 0
0 53 5
0 53 27
0 53 35
0 53 131
0 54 11
0 54 21
0 54 29
0 54 37
0 54 39
0 54 53
0 55 2
0 55 20
0 55 102
0 56 101
0 57 47
0 58 25
0 59 114
0 60 56
0 60 108
0 61 53
0 61 66
0 61 70
0 61 77
0 61 157
0 61 165
0 63 6
0 63 41
0 64 12
0 64 39
0 65 56
0 66 70
0 67 140
0 70 6
0 70 63
0 70 80
0 70 108
0 70 166
0 71 35
0 72 5
0 72 58
0 72 166
0 73 82
0 73 124
0 74 20
0 74 44
0 74 143
0 75 97
0 75 139
0 77 6
0 77 31
0 77 67
0 77 88
0 77 104
0 77 145
0 78 28
0 78 70
0 78 97
0 79 98
0 80 59
0 80 68
0 81 146
0 83 16
0 83 21
0 84 89
0 84 90
0 84 99
0 84 114
0 86 12
0 86 14
0 86 134
0 86 149
0 87 71
0 88 33
0 88 114
0 88 159
0 89 67
0 91 10
0 91 138
0 91 160
0 92 21
0 92 127
0 93 135
0 93 139
0 94 78
0 94 97
0 96 117
0 96 120
0 96 130
0 97 77
0 97 82
0 98 37
0 99 55
0 99 67
0 99 116
0 100 67
0 101 163
0 102 22
0 102 36
0 102 68
0 103 3
0 103 34
0 104 33
0 104 121
0 104 150
0 105 3
0 105 112
0 105 119
0 106 55
0 107 61
0 107 77
0 107 131
0 107 153
0 109 45
0 110 44
0 110 135
0 111 132
0 111 152
0 112 1
0 112 133
0 113 38
0 113 41
0 113 60
0 116 25
0 116 128
0 117 8
0 117 123
0 117 163
0 118 63
0 118 80
0 118 164
0 119 134
0 120 80
0 120 153
0 121 0
0 121 9
0 121 44
0 121 154
0 121 163
0 122 142
0 122 144
0 122 158
0 123 145
0 124 47
0 125 144
0 125 147
0 126 71
0 126 74
0 126 81
0 126 107
0 126 139
0 126 144
0 126 159
0 128 4
0 129 9
0 129 146
0 130 15
0 130 93
0 131 63
0 131 74
0 132 51
0 132 81
0 133 20
0 133 30
0 133 125
0 137 33
0 137 38
0 137 87
0 138 147
0 140 51
0 140 118
0 140 141
0 141 128
0 142 13
0 142 62
0 142 110
0 143 20
0 143 37
0 143 98
0 144 145
0 145 9
0 145 100
0 145 110
0 145 163
0 146 46
0 147 8
0 147 22
0 147 149
0 148 119
0 148 121
0 148 165
0 149 69
0 150 82
0 150 134
0 150 137
0 151 109
0 152 78
0 152 155
0 155 139
0 156 17
0 156 39
0 156 66
0 157 42
0 157 107
0 159 7
0 159 9
0 159 123
0 161 147
0 162 4
0 162 77
0 163 84
0 163 87
0 163 118
0 163 147
0 164 161
0 165 2
0 165 10
0 165 83
0 166 61
0 166 125
0 166 129
0 167 43
0 167 50
0 167 128
0 168 12
0 168 18
0 168 155
0 169 146
0 169 156
0 170 33
0 172 149
0 173 113
0 174 30
0 174 127
0 174 129
0 174 138
0 175 122
0 176 19
0 178 50
0 178 138
0 179 65
0 179 79
0 179 114
0 180 60
0 180 79
0 180 107
0 181 14
0 181 94
0 182 28
0 182 30
0 182 146
0 183 107
0 183 133
0 184 6
0 184 24
0 184 62
0 184 74
0 185 58
0 185 105
0 187 151
0 187 156
0 189 140
0 191 66
0 191 77
0 192 55
0 192 73
0 193 123
0 193 150
0 194 37
0 194 52
0 195 17
0 195 21
0 195 30
0 196 1
0 197 57
0 197 78
0 197 98
0 197 99
0 197 109
0 197 114
0 198 39
0 198 142
0 199 21
0 199 23
0 199 88
0 200 29
0 200 138
0 201 52
0 203 63
0 204 16
0 206 156
0 207 141
0 208 153
0 209 19
0 209 148
0 210 7
0 210 33
0 210 91
0 210 92
0 211 6
0 211 117
0 212 5
0 212 49
0 212 107
0 212 144
0 213 87
0 214 13
0 214 158
0 215 56
0 215 67
0 215 91
0 216 26
0 216 62
0 216 166
0 219 111
0 219 122
0 219 124
0 219 138
0 219 155
0 221 123
0 223 107
0 223 114
0 224 26
0 226 36
0 227 16
0 228 101
0 228 125
0 229 34
0 229 158
0 230 124
0 232 67
0 233 22
0 233 43
0 234 59
0 234 101
0 234 112
0 235 55
0 235 95
0 235 133
0 235 161
0 236 13
0 236 18
0 236 88
0 236 164
0 237 107
1 0 12
1 0 48
1 0 61
1 0 72
1 0 164
1 1 16
1 1 99
1 1 111
1 2 8
1 2 31
1 2 34
1 2 41
1 2 170
1 2 175
1 3 10
1 3 30
1 3 39
1 3 43
1 3 44
1 3 50
1 3 73
1 3 178
1 4 5
1 4 6
1 4 10
1 4 16
1 4 21
1 4 33
1 4 34
1 4 35
1 4 106
1 4 151
1 5 4
1 5 6
1 5 13
1 5 24
1 5 25
1 5 26
1 5 27
1 5 30
1 5 31
1 5 35
1 5 48
1 5 50
1 5 145
1 5 147
1 6 1
1 6 23
1 6 29
1 6 36
1 6 37
1 6 192
1 7 5
1 7 11
1 7 21
1 7 26
1 7 27
1 7 34
1 7 36
1 7 42
1 7 142
1 8 4
1 8 7
1 8 8
1 8 14
1 8 21
1 8 27
1 8 28
1 8 42
1 8 89
1 8 132
1 8 185
1 8 189
1 9 6
1 9 18
1 9 33
1 9 36
1 9 45
1 9 49
1 9 81
1 9 102
1 9 124
1 9 170
1 10 0
1 10 16
1 10 17
1 10 21
1 10 23
1 10 34
1 10 44
1 10 45
1 10 49
1 10 162
1 10 170
1 11 0
1 11 10
1 11 20
1 11 152
1 12 2
1 12 22
1 12 23
1 12 25
1 12 29
1 12 30
1 12 41
1 12 126
1 12 211
1 13 1
1 13 3
1 13 12
1 13 17
1 13 26
1 13 27
1 13 34
1 13 38
1 13 42
1 13 50
1 13 80
1 13 123
1 13 198
1 14 8
1 14 18
1 14 25
1 14 30
1 14 77
1 14 106
1 14 155
1 14 166
1 15 6
1 15 23
1 15 26
1 15 30
1 15 39
1 15 41
1 15 44
1 15 94
1 15 202
1 16 13
1 16 18
1 16 27
1 16 31
1 16 32
1 16 36
1 16 40
1 16 94
1 17 5
1 17 19
1 17 24
1 17 25
1 18 7
1 18 14
1 18 18
1 18 28
1 18 29
1 18 41
1 18 66
1 18 155
1 19 1
1 19 4
1 19 6
1 19 9
1 19 17
1 19 33
1 19 42
1 19 48
1 20 13
1 20 31
1 20 32
1 20 37
1 20 43
1 20 49
1 20 175
1 20 210
1 21 5
1 21 24
1 21 25
1 21 27
1 21 30
1 21 49
1 22 9
1 22 27
1 22 47
1 22 71
1 22 101
1 23 21
1 23 37
1 23 45
1 23 46
1 23 48
1 23 126
1 24 9
1 24 19
1 24 31
1 24 42
1 24 43
1 24 88
1 25 2
1 25 5
1 25 17
1 25 26
1 25 37
1 25 48
1 25 200
1 26 0
1 26 2
1 26 3
1 26 39
1 27 1
1 27 21
1 27 23
1 27 25
1 27 32
1 27 38
1 27 46
1 27 83
1 27 119
1 27 169
1 28 9
1 28 11
1 28 13
1 28 16
1 28 19
1 28 21
1 28 24
1 28 28
1 28 32
1 28 38
1 28 40
1 28 43
1 28 170
1 29 11
1 29 14
1 29 26
1 29 30
1 29 49
1 29 121
1 29 164
1 30 9
1 30 11
1 30 26
1 30 28
1 30 31
1 30 36
1 30 104
1 31 4
1 31 9
1 31 19
1 31 22
1 31 29
1 31 33
1 31 37
1 31 40
1 31 59
1 31 65
1 31 173
1 31 195
1 32 1
1 32 3
1 32 10
1 32 13
1 32 18
1 32 21
1 32 23
1 32 25
1 32 41
1 32 44
1 32 52
1 32 70
1 32 168
1 32 198
1 33 12
1 33 16
1 33 20
1 33 22
1 33 27
1 33 29
1 33 33
1 33 48
1 33 143
1 34 2
1 34 17
1 34 19
1 34 42
1 34 45
1 34 127
1 34 135
1 35 11
1 35 16
1 35 18
1 35 25
1 35 37
1 35 40
1 35 47
1 35 48
1 35 49
1 35 148
1 36 0
1 36 16
1 36 20
1 36 21
1 36 26
1 36 36
1 36 39
1 36 108
1 36 175
1 37 8
1 37 28
1 37 44
1 37 45
1 37 107
1 38 2
1 38 3
1 38 5
1 38 15
1 38 17
1 38 35
1 38 37
1 38 40
1 38 59
1 38 78
1 38 117
1 38 144
1 38 201
1 39 6
1 39 14
1 39 17
1 39 20
1 39 24
1 39 28
1 39 39
1 39 40
1 39 43
1 39 138
1 39 154
1 41 22
1 41 130
1 41 136
1 42 31
1 44 86
1 44 87
1 44 169
1 47 94
1 48 22
1 48 144
1 49 15
1 49 43
1 49 115
1 49 163
1 49 205
1 50 196
1 51 186
1 52 6
1 52 80
1 52 125
1 52 201
1 53 58
1 54 51
1 54 156
1 54 161
1 55 65
1 56 19
1 56 89
1 56 163
1 57 4
1 57 107
1 57 110
1 59 14
1 59 39
1 59 135
1 60 32
1 60 57
1 60 110
1 60 126
1 61 173
1 63 12
1 63 58
1 63 152
1 63 159
1 64 0
1 64 102
1 65 73
1 66 37
1 66 80
1 66 99
1 67 84
1 67 97
1 68 11
1 68 26
1 69 34
1 69 173
1 70 142
1 70 145
1 71 9
1 71 64
1 71 189
1 72 69
1 72 127
1 73 113
1 74 70
1 74 104
1 74 109
1 74 128
1 74 200
1 75 22
1 75 24
1 75 89
1 76 34
1 76 42
1 76 94
1 76 160
1 76 188
1 77 185
1 77 193
1 78 16
1 79 35
1 79 85
1 79 109
1 79 136
1 79 164
1 80 112
1 80 124
1 81 174
1 82 45
1 82 113
1 82 125
1 82 211
1 83 73
1 84 6
1 84 139
1 84 195
1 85 123
1 85 188
1 86 121
1 86 151
1 87 64
1 87 68
1 87 155
1 87 186
1 88 42
1 88 124
1 90 65
1 90 122
1 91 18
1 92 115
1 93 93
1 93 176
1 94 35
1 94 137
1 94 164
1 95 203
1 95 211
1 96 33
1 96 173
1 96 208
1 97 52
1 97 112
1 97 187
1 98 47
1 100 59
1 100 73
1 100 140
1 101 10
1 101 64
1 101 95
1 101 99
1 102 41
1 102 128
1 103 6
1 104 15
1 104 59
1 105 70
1 105 88
1 105 115
1 105 185
1 106 118
1 107 25
1 107 61
1 107 96
1 108 142
1 108 165
1 108 198
1 108 202
1 108 203
1 109 9
1 109 21
1 109 70
1 109 156
1 110 30
1 110 69
1 110 128
1 111 177
1 112 26
1 112 28
1 112 66
1 113 144
1 113 210
1 114 173
1 114 210
1 115 83
1 115 121
1 115 194
1 116 67
1 116 99
1 116 185
1 117 19
1 117 124
1 117 172
1 117 182
1 118 50
1 119 40
1 119 65
1 120 81
1 120 195
1 121 3
1 121 72
1 121 106
1 122 38
1 122 137
1 123 125
1 123 183
1 123 189
1 124 74
1 124 201
1 125 13
1 125 156
1 125 158
1 126 46
1 126 74
1 126 86
1 126 168
1 126 182
1 127 124
1 128 152
1 129 108
1 130 65
1 131 8
1 131 167
1 132 9
1 132 125
1 132 138
1 132 210
1 134 57
1 134 155
1 135 198
1 136 183
1 136 200
1 137 206
1 138 19
1 138 51
1 138 80
1 138 87
1 138 108
1 139 23
1 139 162
1 140 118
1 140 183
1 142 61
1 143 8
1 143 187
1 144 78
1 144 154
1 144 192
1 145 70
1 145 191
1 146 3
1 146 112
1 147 163
1 147 190
1 148 123
1 150 155
1 151 12
1 151 36
1 151 121
1 151 202
1 152 72
1 152 81
1 152 175
1 153 124
1 153 161
1 153 167
1 154 96
1 154 206
1 155 142
1 155 188
1 156 97
1 156 106
1 156 205
1 157 8
1 157 94
1 158 30
1 158 75
1 158 195
1 158 205
1 159 0
1 159 77
1 159 82
1 161 41
1 161 208
1 162 22
1 162 34
1 162 70
1 163 203
1 164 11
1 164 63
1 164 102
1 164 163
1 164 195
1 165 125
1 165 138
1 165 157
1 166 50
1 166 72
1 166 100
1 166 135
2 0 7
2 0 10
2 0 14
2 0 18
2 0 19
2 0 26
2 0 83
2 1 1
2 1 2
2 1 23
2 1 25
2 1 29
2 1 30
2 1 32
2 1 38
2 1 85
2 1 129
2 2 145
2 2 151
2 3 10
2 3 16
2 3 20
2 3 28
2 3 31
2 4 4
2 4 5
2 4 9
2 4 13
2 4 18
2 4 25
2 4 26
2 4 40
2 4 64
2 4 135
2 4 138
2 5 17
2 5 34
2 5 38
2 6 7
2 6 32
2 6 37
2 6 103
2 6 150
2 7 11
2 7 83
2 8 2
2 8 4
2 8 11
2 8 13
2 8 19
2 8 22
2 8 25
2 8 35
2 8 113
2 8 155
2 9 4
2 9 10
2 9 11
2 9 16
2 9 27
2 9 34
2 9 177
2 10 20
2 10 36
2 11 6
2 11 10
2 11 13
2 11 23
2 11 28
2 11 38
2 11 42
2 11 128
2 12 24
2 12 40
2 12 41
2 12 88
2 13 7
2 13 10
2 13 12
2 13 31
2 13 32
2 13 38
2 13 159
2 14 6
2 14 16
2 14 23
2 14 24
2 14 37
2 14 42
2 14 55
2 14 90
2 14 157
2 14 172
2 15 0
2 15 2
2 15 7
2 15 20
2 15 22
2 15 25
2 16 28
2 16 34
2 16 35
2 16 42
2 16 57
2 16 172
2 17 27
2 17 31
2 17 61
2 17 62
2 18 31
2 18 34
2 18 36
2 18 96
2 18 132
2 18 162
2 19 2
2 19 3
2 19 10
2 19 49
2 20 1
2 20 10
2 20 24
2 20 32
2 20 38
2 20 120
2 20 154
2 21 6
2 21 13
2 21 24
2 21 25
2 21 27
2 21 116
2 21 120
2 21 133
2 22 33
2 22 36
2 22 63
2 22 104
2 23 0
2 23 2
2 23 14
2 23 16
2 23 35
2 23 36
2 23 39
2 23 41
2 23 151
2 23 168
2 24 5
2 24 13
2 24 16
2 24 18
2 24 20
2 24 28
2 24 34
2 24 36
2 24 42
2 24 140
2 25 0
2 25 16
2 25 17
2 25 18
2 25 31
2 26 0
2 26 3
2 26 14
2 26 21
2 26 32
2 26 42
2 27 6
2 27 13
2 27 32
2 27 38
2 27 41
2 27 97
2 27 112
2 28 26
2 28 28
2 28 34
2 28 37
2 28 42
2 29 0
2 29 1
2 29 11
2 29 15
2 29 21
2 29 22
2 29 155
2 30 2
2 30 10
2 30 20
2 30 26
2 30 40
2 30 153
2 31 0
2 31 2
2 31 11
2 31 27
2 31 42
2 32 14
2 32 28
2 32 35
2 32 39
2 32 89
2 32 156
2 33 17
2 33 26
2 33 29
2 33 150
2 34 19
2 34 24
2 34 42
2 34 106
2 35 2
2 35 9
2 35 15
2 35 22
2 35 24
2 35 25
2 35 36
2 35 102
2 36 7
2 36 11
2 36 27
2 36 29
2 36 93
2 36 113
2 37 9
2 37 20
2 37 39
2 37 59
2 37 95
2 38 10
2 38 23
2 38 33
2 38 38
2 38 50
2 38 92
2 39 11
2 39 12
2 39 15
2 39 17
2 40 2
2 40 22
2 40 26
2 40 27
2 40 33
2 41 12
2 41 18
2 41 25
2 41 26
2 41 28
2 41 31
2 41 35
2 41 65
2 42 8
2 42 18
2 42 28
2 42 31
2 42 36
2 43 16
2 43 166
2 44 7
2 44 28
2 44 67
2 45 6
2 45 7
2 45 11
2 45 13
2 45 19
2 45 28
2 45 32
2 45 34
2 45 42
2 46 7
2 46 9
2 46 19
2 46 23
2 46 27
2 46 28
2 46 135
2 46 146
2 47 7
2 47 8
2 47 12
2 47 21
2 47 25
2 47 37
2 48 5
2 48 15
2 48 16
2 48 20
2 48 32
2 48 35
2 48 41
2 48 42
2 49 0
2 49 26
2 49 27
2 49 33
2 49 37
2 49 39
2 50 68
2 51 45
2 51 110
2 52 18
2 52 27
2 52 91
2 53 109
2 53 119
2 53 122
2 53 129
2 54 138
2 55 24
2 55 107
2 55 131
2 56 94
2 57 1
2 57 24
2 57 62
2 57 158
2 58 49
2 59 94
2 59 96
2 59 161
2 59 178
2 60 51
2 61 162
2 61 167
2 62 121
2 63 115
2 64 31
2 64 151
2 64 165
2 65 30
2 65 90
2 65 95
2 65 114
2 66 20
2 67 1
2 67 86
2 68 24
2 68 99
2 68 122
2 68 134
2 69 52
2 70 9
2 70 48
2 70 113
2 70 174
2 71 43
2 71 86
2 71 177
2 72 72
2 73 83
2 73 92
2 74 31
2 74 83
2 74 160
2 75 14
2 76 22
2 76 83
2 76 84
2 76 87
2 77 32
2 77 94
2 78 58
2 78 63
2 78 88
2 78 94
2 78 162
2 79 4
2 79 77
2 80 116
2 80 136
2 80 141
2 81 144
2 81 161
2 82 76
2 82 114
2 82 117
2 83 20
2 83 131
2 85 126
2 85 132
2 86 103
2 86 138
2 89 53
2 89 133
2 90 69
2 90 156
2 91 50
2 91 92
2 91 113
2 92 79
2 92 110
2 93 75
2 93 118
2 94 135
2 95 12
2 96 20
2 96 59
2 96 151
2 96 169
2 97 7
2 97 125
2 97 169
2 98 52
2 99 61
2 100 13
2 100 107
2 101 69
2 102 110
2 103 73
2 103 157
2 104 76
2 104 92
2 104 95
2 105 79
2 105 127
2 106 75
2 106 81
2 106 180
2 107 67
2 107 126
2 108 7
2 108 177
2 109 33
2 110 69
2 110 97
2 110 112
2 111 131
2 112 38
2 112 168
2 113 79
2 116 88
2 116 117
2 117 54
2 117 96
2 118 15
2 119 74
2 119 168
2 120 152
2 120 156
2 122 4
2 122 90
2 123 141
2 124 2
2 124 174
2 127 55
2 128 25
2 128 40
2 129 50
2 130 24
2 131 68
2 131 174
2 133 135
2 134 58
2 137 111
2 137 150
2 137 151
2 137 171
2 138 73
2 138 104
2 139 25
2 139 39
2 139 108
2 140 5
2 140 146
2 140 148
2 141 107
2 141 125
2 141 136
2 141 161
2 142 80
2 142 175
2 143 136
2 143 172
2 144 0
2 144 6
2 144 30
2 144 36
2 144 69
2 144 101
2 144 156
2 144 180
2 145 33
2 145 51
2 145 84
2 145 85
2 145 157
2 146 80
2 146 136
2 146 178
2 148 25
2 148 116
2 149 6
2 151 114
2 152 5
2 152 96
2 152 135
2 153 43
2 153 58
2 154 3
2 154 85
2 155 99
2 155 107
2 155 124
2 156 172
2 157 77
2 157 81
2 157 103
2 157 171
2 158 110
2 159 70
2 159 155
2 160 49
2 160 72
2 161 32
2 161 110
2 162 49
2 163 112
2 164 15
2 164 66
2 164 97
2 164 123
2 164 156
2 166 33
2 166 66
2 167 21
2 167 30
2 167 48
2 167 87
2 167 115
2 168 103
2 169 162
2 169 163
2 170 73
2 170 154
2 171 36
2 171 117
2 171 119
2 172 157
2 173 10
2 173 11
2 173 82
2 174 43
2 174 113
2 175 56
2 176 50
2 177 125
2 178 39
2 179 7
2 179 31
2 179 148
2 180 24
2 180 64
2 180 178
2 181 67
2 181 72
2 181 88
2 182 69
2 182 144
2 184 34
2 186 148
2 187 50
2 187 119
2 190 90
2 191 21
2 192 47
2 193 25
2 193 72
2 193 130
2 194 59
2 194 102
2 194 115
2 195 34
2 195 41
2 195 45
2 195 51
2 195 124
2 196 160
2 197 10
2 197 126
2 198 10
2 198 32
2 198 78
2 198 113
2 200 112
2 201 4
2 201 59
2 201 149
2 202 51
2 202 77
2 203 24
2 203 41
2 203 73
2 205 42
2 205 74
2 205 111
2 206 74
2 207 17
2 207 67
2 208 59
2 209 68
2 209 152
2 210 84
2 210 103
3 0 10
3 0 16
3 0 20
3 0 27
3 0 30
3 0 83
3 1 0
3 1 27
3 1 28
3 1 30
3 1 31
3 1 88
3 1 108
3 2 1
3 2 2
3 2 5
3 2 15
3 2 19
3 2 22
3 2 34
3 2 137
3 3 3
3 3 16
3 3 23
3 3 31
3 3 33
3 3 94
3 3 98
3 4 5
3 4 10
3 4 11
3 4 16
3 4 28
3 4 30
3 4 32
3 4 91
3 5 2
3 5 22
3 5 25
3 5 30
3 6 14
3 6 20
3 6 21
3 6 60
3 6 87
3 6 96
3 6 112
3 7 1
3 7 16
3 7 18
3 7 24
3 7 25
3 7 29
3 8 7
3 8 20
3 8 25
3 8 28
3 8 31
3 8 126
3 9 23
3 9 28
3 9 82
3 9 126
3 10 1
3 10 7
3 10 18
3 10 35
3 10 59
3 10 107
3 10 119
3 10 145
3 11 11
3 11 16
3 11 19
3 11 20
3 11 21
3 11 33
3 11 72
3 11 77
3 12 13
3 13 0
3 13 8
3 13 10
3 13 12
3 13 16
3 13 26
3 13 28
3 13 33
3 13 34
3 13 96
3 14 9
3 14 16
3 14 21
3 14 26
3 14 142
3 15 9
3 15 18
3 15 26
3 15 58
3 15 120
3 16 11
3 16 16
3 16 27
3 16 58
3 17 0
3 17 5
3 17 8
3 17 16
3 17 26
3 17 32
3 17 117
3 18 3
3 18 10
3 18 12
3 18 15
3 18 37
3 19 3
3 19 4
3 19 8
3 19 10
3 19 11
3 19 14
3 19 18
3 19 29
3 19 33
3 19 35
3 20 6
3 20 16
3 20 19
3 20 33
3 20 145
3 21 8
3 22 1
3 22 8
3 22 13
3 22 20
3 23 1
3 23 19
3 23 31
3 23 33
3 23 37
3 23 62
3 24 4
3 24 5
3 24 8
3 24 10
3 24 20
3 24 21
3 24 24
3 24 28
3 24 30
3 25 4
3 25 28
3 25 61
3 25 64
3 26 5
3 26 7
3 26 17
3 26 80
3 26 116
3 27 4
3 27 6
3 27 12
3 27 15
3 27 20
3 27 21
3 27 25
3 27 31
3 27 109
3 28 1
3 28 8
3 28 13
3 28 19
3 28 112
3 28 138
3 29 1
3 29 2
3 29 7
3 29 8
3 29 11
3 29 14
3 29 17
3 29 21
3 29 32
3 29 46
3 29 138
3 30 3
3 30 4
3 31 6
3 31 20
3 31 26
3 31 33
3 31 111
3 32 16
3 32 19
3 32 28
3 32 34
3 32 37
3 32 93
3 32 104
3 32 138
3 33 10
3 33 12
3 33 14
3 33 17
3 33 20
3 33 32
3 33 34
3 34 15
3 34 34
3 34 132
3 35 3
3 35 20
3 35 33
3 35 131
3 36 1
3 36 17
3 36 21
3 36 22
3 36 32
3 37 3
3 37 4
3 37 12
3 37 31
3 37 137
3 38 18
3 38 22
3 38 24
3 38 25
3 38 116
3 39 12
3 39 17
3 39 20
3 39 21
3 39 22
3 39 23
3 39 32
3 39 33
3 40 2
3 40 6
3 40 10
3 40 16
3 40 18
3 40 20
3 40 31
3 40 32
3 40 76
3 40 145
3 41 10
3 41 14
3 41 17
3 41 33
3 42 1
3 42 6
3 42 10
3 42 20
3 42 28
3 42 31
3 43 30
3 44 17
3 44 25
3 44 38
3 45 19
3 45 56
3 45 118
3 46 27
3 47 100
3 47 116
3 48 84
3 48 135
3 48 139
3 49 2
3 49 29
3 50 22
3 51 27
3 51 88
3 51 118
3 52 52
3 52 84
3 53 12
3 54 12
3 55 66
3 55 71
3 55 88
3 55 139
3 56 3
3 56 13
3 56 132
3 58 20
3 58 33
3 58 69
3 58 129
3 61 2
3 61 28
3 61 41
3 61 81
3 61 139
3 62 29
3 62 60
3 63 2
3 63 44
3 64 5
3 65 62
3 65 75
3 65 130
3 65 144
3 66 38
3 66 39
3 67 85
3 67 118
3 68 22
3 68 114
3 68 121
3 69 8
3 69 13
3 69 86
3 69 115
3 70 70
3 70 75
3 71 46
3 72 16
3 73 75
3 74 42
3 75 2
3 75 61
3 75 75
3 75 77
3 75 113
3 75 144
3 78 1
3 78 76
3 78 95
3 78 130
3 79 11
3 79 35
3 79 71
3 80 36
3 80 47
3 80 115
3 80 116
3 80 137
3 81 22
3 81 116
3 82 101
3 82 122
3 83 57
3 84 49
3 86 117
3 86 142
3 87 10
3 87 12
3 87 121
3 88 29
3 88 87
3 88 110
3 88 118
3 90 49
3 90 135
3 92 50
3 92 74
3 92 125
3 93 78
3 95 106
3 95 138
3 96 40
3 96 45
3 96 84
3 97 55
3 97 116
3 98 90
3 98 137
3 99 28
3 99 54
3 99 82
3 99 104
3 100 13
3 100 82
3 101 38
3 101 81
3 102 0
3 102 5
3 102 56
3 102 98
3 102 138
3 103 33
3 104 123
3 105 49
3 105 79
3 105 97
3 105 100
3 105 131
3 106 79
3 106 105
3 107 4
3 107 22
3 107 29
3 107 74
3 107 122
3 108 51
3 109 36
3 109 59
3 109 64
3 109 117
3 109 120
3 110 34
3 110 80
3 111 53
3 111 92
3 111 105
3 112 75
3 112 94
3 112 104
3 114 133
3 115 23
3 115 48
3 115 68
3 115 111
3 116 11
3 117 96
3 118 51
3 118 144
3 119 81
3 119 114
3 120 89
3 121 56
3 121 135
3 123 2
3 123 32
3 123 59
3 123 63
3 123 122
3 124 59
3 124 96
3 124 110
3 124 119
3 124 129
3 125 125
3 126 61
3 127 4
3 127 120
3 127 132
3 128 51
3 130 31
3 130 69
3 132 5
3 132 55
3 132 112
3 132 115
3 133 11
3 133 138
3 134 105
3 135 18
3 135 145
3 136 28
3 136 75
3 137 69
3 138 27
3 138 70
3 138 107
3 140 113
3 141 7
3 141 13
3 141 29
3 141 39
3 141 95
3 141 130
3 143 26
3 144 61
3 144 127
3 144 144
3 145 65
3 146 57
3 146 86
3 146 143
3 147 41
3 147 71
3 147 98
3 149 34
3 149 53
3 149 113
3 149 139
3 150 38
3 150 44
3 150 86
3 150 124
3 151 18
3 151 72
3 151 101
3 152 15
3 152 19
3 153 139
3 154 145
3 156 4
3 156 142
3 157 0
3 157 15
3 157 43
3 157 49
3 159 104
3 159 116
3 160 41
3 160 120
3 161 32
3 161 76
3 161 144
3 162 30
3 162 141
3 163 8
3 163 79
3 163 112
3 164 14
3 164 94
3 164 133
3 165 20
3 165 30
3 165 63
3 165 76
3 167 116
3 168 24
3 168 93
3 169 7
3 170 93
3 171 26
3 172 95
3 172 102
3 172 145
3 173 31
3 173 92
3 174 28
3 174 71
3 175 21
3 175 78
3 175 80
3 176 54
3 177 24
3 177 25
3 177 70
3 178 143
3 179 119
3 179 136
3 180 124
4 0 4
4 0 8
4 0 13
4 0 24
4 0 36
4 0 57
4 0 75
4 0 142
4 1 4
4 1 5
4 1 15
4 1 17
4 1 20
4 1 28
4 1 29
4 1 36
4 2 17
4 2 24
4 2 35
4 2 131
4 2 143
4 3 8
4 3 13
4 3 26
4 3 28
4 3 33
4 3 34
4 3 35
4 3 42
4 3 110
4 4 9
4 4 13
4 4 16
4 4 24
4 4 26
4 4 31
4 4 65
4 4 131
4 5 5
4 5 6
4 5 25
4 5 28
4 6 5
4 6 8
4 6 21
4 6 22
4 6 30
4 6 62
4 6 121
4 6 151
4 7 1
4 7 17
4 7 55
4 7 94
4 8 0
4 8 1
4 8 6
4 8 8
4 8 15
4 8 28
4 8 31
4 8 64
4 9 8
4 9 9
4 9 22
4 9 36
4 9 46
4 9 88
4 9 135
4 9 139
4 9 140
4 10 1
4 10 14
4 10 16
4 10 21
4 10 26
4 10 31
4 11 5
4 11 6
4 11 8
4 11 17
4 11 22
4 11 35
4 11 61
4 12 0
4 12 2
4 12 4
4 12 21
4 12 24
4 12 29
4 12 34
4 12 35
4 12 36
4 12 63
4 12 143
4 13 9
4 13 31
4 13 33
4 13 130
4 13 147
4 14 10
4 14 26
4 14 28
4 14 29
4 14 35
4 15 7
4 15 17
4 15 27
4 15 28
4 15 36
4 15 93
4 15 122
4 15 152
4 16 9
4 16 10
4 16 13
4 16 15
4 16 26
4 16 34
4 16 83
4 16 149
4 17 10
4 17 31
4 17 103
4 18 12
4 18 17
4 18 32
4 18 35
4 18 86
4 18 134
4 19 8
4 19 11
4 19 28
4 19 30
4 20 0
4 20 12
4 20 16
4 20 21
4 20 23
4 20 33
4 21 0
4 21 11
4 21 31
4 21 77
4 21 82
4 21 121
4 21 153
4 22 4
4 22 6
4 22 10
4 22 18
4 22 24
4 22 25
4 22 27
4 22 31
4 22 133
4 23 12
4 23 13
4 23 108
4 24 12
4 24 22
4 24 131
4 25 9
4 25 11
4 25 25
4 25 26
4 25 29
4 25 31
4 25 36
4 25 101
4 26 1
4 26 2
4 26 3
4 26 26
4 26 54
4 27 15
4 27 17
4 27 22
4 27 23
4 27 28
4 27 32
4 27 33
4 27 100
4 27 130
4 28 1
4 28 9
4 28 10
4 28 18
4 28 22
4 28 29
4 28 31
4 28 34
4 28 48
4 28 51
4 29 4
4 29 16
4 29 25
4 29 32
4 29 33
4 29 52
4 30 0
4 30 5
4 30 10
4 30 23
4 30 29
4 30 138
4 31 9
4 31 21
4 31 22
4 31 28
4 31 29
4 31 31
4 32 6
4 32 9
4 32 11
4 32 22
4 32 36
4 32 43
4 32 50
4 33 4
4 33 16
4 33 22
4 33 52
4 33 69
4 34 13
4 34 20
4 34 23
4 34 24
4 34 35
4 34 80
4 34 108
4 34 137
4 35 1
4 35 57
4 35 75
4 35 87
4 35 134
4 36 46
4 36 142
4 36 143
4 37 55
4 37 56
4 37 115
4 38 10
4 38 11
4 38 45
4 38 90
4 38 111
4 38 134
4 39 56
4 39 121
4 39 127
4 40 49
4 40 126
4 40 133
4 41 86
4 41 92
4 41 98
4 41 143
4 42 20
4 42 28
4 42 62
4 42 105
4 43 28
4 44 56
4 44 57
4 44 121
4 44 140
4 44 153
4 45 30
4 46 88
4 46 92
4 46 113
4 47 21
4 47 112
4 47 130
4 47 139
4 49 34
4 49 92
4 50 61
4 51 28
4 51 41
4 51 91
4 51 139
4 52 16
4 52 59
4 52 132
4 53 77
4 53 78
4 53 127
4 54 79
4 54 89
4 55 102
4 55 150
4 56 9
4 56 146
4 57 75
4 59 5
4 59 36
4 59 146
4 60 30
4 60 122
4 61 17
4 61 51
4 61 154
4 62 42
4 62 100
4 62 109
4 63 21
4 63 129
4 64 41
4 64 93
4 64 141
4 65 8
4 65 111
4 65 113
4 65 146
4 66 121
4 68 62
4 69 47
4 69 70
4 69 75
4 69 107
4 69 146
4 70 64
4 71 54
4 72 18
4 72 123
4 72 136
4 73 9
4 74 117
4 76 50
4 76 58
4 76 133
4 76 146
4 78 114
4 79 86
4 80 10
4 80 84
4 81 153
4 82 44
4 83 4
4 83 21
4 83 94
4 85 16
4 85 39
4 86 131
4 88 114
4 89 69
4 89 88
4 89 125
4 89 152
4 90 22
4 90 27
4 90 29
4 90 35
4 91 47
4 91 121
4 93 31
4 93 51
4 94 104
4 94 112
4 95 16
4 95 32
4 95 67
4 95 102
4 95 129
4 96 21
4 96 105
4 97 101
4 98 0
4 98 65
4 98 136
4 99 120
4 99 123
4 100 98
4 101 11
4 101 45
4 101 131
4 103 8
4 103 43
4 103 124
4 105 87
4 106 139
4 107 69
4 107 104
4 108 39
4 108 45
4 108 103
4 109 4
4 109 12
4 109 17
4 109 53
4 109 55
4 109 92
4 110 50
4 110 106
4 111 93
4 111 126
4 111 128
4 114 71
4 114 103
4 115 138
4 116 59
4 116 62
4 116 109
4 117 9
4 117 30
4 117 151
4 119 5
4 119 42
4 119 96
4 119 121
4 120 19
4 120 25
4 120 65
4 120 67
4 120 127
4 120 137
4 121 48
4 121 92
4 121 116
4 121 123
4 122 10
4 122 29
4 122 39
4 122 153
4 123 46
4 123 79
4 123 83
4 123 127
4 124 49
4 124 54
4 124 104
4 125 26
4 125 58
4 125 128
4 126 10
4 126 18
4 126 84
4 126 136
4 126 145
4 127 54
4 128 6
4 128 21
4 128 106
4 129 29
4 129 42
4 129 45
4 129 117
4 129 140
4 130 97
4 131 31
4 131 135
4 132 153
4 133 30
4 133 50
4 133 60
4 133 61
4 133 62
4 133 131
4 134 14
4 134 140
4 135 4
4 135 80
4 135 113
4 135 125
4 135 139
4 135 147
4 136 31
4 136 42
4 136 52
4 137 50
4 138 78
4 139 76
4 139 131
4 141 5
4 142 0
4 142 63
4 142 136
4 143 120
4 145 3
4 145 16
4 145 47
4 145 72
4 145 132