13565
7
23 23 26 34 29 37 34
570

0 0 310 277 612 0 0 57 98 77 0 0 36 41 0 50 80 0 34 0 0 0 28
0 63 943 149 0 0 18 6 60 70 2 0 0 62 0 27 0 21 0 0 11 15 20
659 237 0 650 0 0 806 0 94 68 84 39 7 34 0 47 0 79 0 11 69 0 0 88 82 0
333 716 0 0 0 938 393 553 985 0 344 30 42 13 35 56 0 0 33 0 0 0 82 0 0 0 73 0 87 35 56 67 0 42
0 408 0 0 0 0 0 0 825 22 42 0 0 37 27 0 28 0 0 0 33 17 35 0 25 0 0 73 75
332 0 0 0 45 94 386 698 210 44 634 0 0 97 22 0 0 0 0 0 0 0 49 86 0 0 0 56 63 87 0 50 19 92 0 18 0
0 463 217 0 102 440 770 0 0 0 0 99 94 0 50 0 0 16 0 18 40 49 0 0 96 84 67 0 0 49 0 0 0 1

0 0 3
0 0 7
0 0 9
0 0 10
0 0 14
0 0 18
0 0 22
0 1 3
0 1 4
0 1 13
0 2 1
0 2 2
0 2 14
0 3 0
0 3 1
0 3 2
0 3 4
0 3 18
0 3 21
0 4 0
0 4 9
0 4 19
0 5 0
0 5 1
0 5 21
0 6 1
0 6 2
0 6 4
0 6 7
0 6 19
0 7 0
0 7 3
0 7 14
0 8 1
0 8 14
0 9 17
0 10 0
0 10 2
0 10 20
0 11 10
0 11 17
0 12 0
0 12 7
0 13 9
0 13 22
0 14 5
0 15 9
0 15 10
0 15 15
0 17 8
0 17 17
0 18 6
0 18 7
0 18 13
0 19 3
0 19 4
0 19 11
0 19 14
0 19 17
0 20 16
0 21 16
0 22 0
0 22 19
0 22 22
1 0 0
1 0 2
1 0 4
1 0 17
1 1 2
1 1 3
1 1 11
1 1 19
1 1 21
1 2 1
1 2 14
1 2 21
1 3 2
1 3 3
1 3 21
1 3 23
1 4 3
1 4 4
1 4 6
1 4 8
1 4 10
1 4 18
1 4 21
1 4 22
1 4 24
1 5 1
1 5 2
1 5 3
1 5 4
1 5 5
1 5 7
1 5 15
1 5 20
1 6 0
1 6 4
1 6 7
1 6 16
1 7 3
1 8 24
1 9 4
1 9 24
1 10 3
1 10 10
1 10 24
1 11 9
1 12 4
1 12 5
1 12 15
1 13 22
1 14 2
1 14 3
1 14 4
1 14 7
1 14 16
1 15 1
1 15 8
1 15 24
1 16 1
1 16 2
1 16 8
1 17 7
1 17 18
1 18 18
1 19 3
1 19 16
1 19 22
1 20 9
1 20 16
1 20 21
1 21 0
1 21 7
1 21 10
1 21 13
1 21 16
1 21 19
1 22 2
1 22 5
1 22 7
2 0 5
2 0 6
2 0 7
2 0 14
2 0 27
2 1 2
2 1 4
2 1 5
2 1 7
2 1 8
2 1 9
2 1 11
2 1 16
2 1 33
2 2 4
2 2 10
2 2 14
2 2 16
2 2 20
2 3 4
2 3 6
2 3 8
2 3 17
2 3 19
2 4 0
2 4 1
2 4 5
2 4 9
2 4 23
2 5 6
2 5 14
2 5 24
2 5 32
2 6 15
2 6 21
2 7 0
2 7 1
2 7 12
2 7 25
2 8 2
2 8 5
2 8 7
2 8 28
2 8 29
2 10 2
2 10 22
2 10 25
2 10 28
2 11 23
2 12 5
2 12 14
2 12 27
2 12 28
2 12 33
2 13 1
2 13 9
2 13 21
2 13 30
2 15 7
2 15 14
2 15 22
2 15 28
2 16 11
2 16 23
2 17 3
2 17 10
2 17 20
2 18 29
2 19 0
2 19 4
2 19 8
2 19 16
2 19 29
2 21 3
2 21 6
2 21 15
2 21 17
2 23 0
2 23 31
2 24 10
2 24 18
2 24 19
2 24 33
2 25 12
3 0 2
3 0 4
3 0 6
3 1 1
3 1 3
3 1 4
3 1 5
3 1 6
3 1 9
3 1 14
3 1 18
3 1 23
3 2 2
3 2 3
3 2 5
3 2 8
3 2 13
3 2 14
3 2 18
3 2 28
3 3 3
3 3 5
3 3 7
3 5 0
3 5 2
3 5 6
3 5 8
3 5 14
3 5 17
3 5 25
3 6 4
3 6 6
3 6 7
3 6 10
3 6 28
3 7 0
3 7 1
3 7 2
3 7 8
3 8 3
3 8 7
3 9 1
3 9 2
3 9 5
3 9 6
3 9 7
3 9 8
3 10 0
3 10 1
3 10 5
3 10 7
3 10 15
3 10 28
3 11 10
3 11 18
3 13 3
3 13 6
3 13 12
3 13 26
3 13 28
3 14 1
3 14 10
3 14 19
3 15 10
3 15 20
3 15 28
3 16 18
3 16 20
3 16 24
3 17 13
3 19 0
3 19 4
3 19 24
3 20 5
3 22 0
3 22 12
3 22 13
3 23 11
3 23 23
3 23 25
3 24 9
3 24 17
3 24 24
3 25 0
3 25 3
3 25 4
3 25 5
3 25 18
3 25 21
3 26 7
3 26 15
3 27 1
3 27 3
3 27 5
3 27 6
3 28 0
3 28 3
3 28 5
3 28 16
3 28 28
3 29 11
3 29 14
3 29 18
3 29 19
3 29 25
3 30 6
3 31 1
3 31 7
3 31 9
3 31 11
3 31 15
3 32 9
3 32 19
3 33 17
3 33 20
3 33 25
4 0 2
4 0 3
4 0 4
4 0 5
4 0 6
4 1 7
4 1 19
4 1 28
4 2 1
4 2 5
4 2 9
4 2 24
4 3 0
4 3 2
4 3 5
4 3 9
4 3 11
4 3 20
4 4 1
4 4 2
4 4 3
4 4 7
4 4 8
4 4 9
4 4 17
4 4 20
4 4 32
4 4 36
4 5 0
4 5 1
4 5 2
4 5 3
4 6 1
4 6 3
4 6 6
4 6 8
4 6 10
4 6 24
4 6 31
4 7 4
4 7 6
4 7 7
4 7 20
4 8 0
4 8 5
4 8 7
4 8 17
4 8 18
4 8 29
4 8 34
4 10 2
4 10 10
4 10 11
4 10 36
4 12 10
4 12 20
4 12 26
4 13 3
4 13 9
4 13 20
4 13 32
4 14 21
4 14 25
4 14 35
4 15 17
4 15 36
4 17 0
4 17 12
4 17 13
4 17 19
4 17 20
4 17 22
4 17 24
4 17 27
4 17 35
4 18 1
4 18 11
4 18 19
4 19 0
4 19 20
4 19 30
4 20 18
4 20 25
4 21 14
4 21 22
4 21 29
4 21 33
4 22 8
4 22 13
4 22 17
4 22 25
4 22 29
4 22 34
4 22 35
4 23 17
4 23 28
4 24 32
4 25 9
4 25 14
4 25 23
4 25 26
4 25 33
4 25 36
4 26 5
4 26 21
4 27 9
4 27 16
4 27 31
4 27 32
4 28 4
4 28 35
5 0 0
5 0 5
5 0 9
5 0 13
5 1 2
5 1 4
5 1 5
5 1 8
5 1 18
5 1 22
5 1 27
5 1 30
5 2 6
5 3 3
5 3 9
5 3 10
5 3 23
5 3 28
5 4 2
5 4 7
5 5 2
5 5 5
5 5 7
5 5 8
5 5 11
5 6 2
5 6 4
5 6 8
5 6 13
5 6 16
5 7 1
5 7 7
5 7 15
5 7 25
5 7 27
5 8 1
5 8 3
5 8 4
5 8 10
5 9 3
5 9 6
5 9 8
5 9 10
5 9 16
5 9 17
5 9 30
5 10 1
5 10 2
5 10 3
5 10 8
5 10 21
5 11 6
5 11 27
5 11 28
5 11 33
5 12 10
5 12 30
5 12 32
5 13 5
5 13 8
5 13 24
5 14 4
5 14 26
5 15 6
5 15 7
5 15 9
5 15 31
5 16 1
5 16 5
5 16 9
5 17 12
5 17 29
5 18 16
5 18 25
5 18 32
5 19 0
5 19 9
5 19 18
5 19 25
5 21 6
5 21 22
5 21 23
5 21 33
5 22 0
5 22 1
5 22 7
5 22 18
5 22 31
5 23 14
5 24 2
5 24 13
5 24 19
5 24 32
5 25 6
5 25 18
5 25 24
5 26 12
5 27 2
5 27 4
5 27 10
5 28 28
5 28 33
5 29 6
5 30 30
5 31 2
5 31 18
5 31 25
5 31 29
5 32 0
5 33 11
5 33 23
5 34 0
5 34 14
5 34 25
5 35 6
5 35 14
5 36 1