13789
7
80 102 90 86 72 101 83
2464

856 0 0 617 495 408 129 0 752 0 484 0 0 336 591 401 0 0 0 0 0 0 0 714 0 72 58 20 0 0 0 0 0 97 0 0 24 19 35 0 0 56 0 68 0 0 20 78 63 0 13 0 0 29 14 10 0 63 0 99 13 0 78 8 74 0 0 47 82 72 62 0 0 0 0 71 0 0 72 52
0 779 0 416 0 0 693 0 376 122 0 0 0 0 578 624 712 910 0 0 0 475 0 0 0 366 583 0 784 557 77 76 0 0 0 90 0 11 71 0 0 50 7 0 33 0 0 43 0 10 84 0 90 52 0 0 96 0 60 0 77 0 0 43 0 0 70 83 0 0 0 28 0 0 0 14 0 92 91 0 0 0 0 0 0 0 1 67 0 38 77 13 76 92 53 0 72 48 0 0 19 87
0 0 0 201 0 226 0 584 0 0 92 0 13 0 0 0 327 0 0 905 399 0 0 79 305 536 16 78 0 95 0 0 97 12 0 74 53 0 35 0 0 70 90 19 56 0 9 0 67 19 65 0 0 81 33 0 44 49 0 91 40 0 64 0 10 0 64 64 0 0 38 0 0 0 0 0 0 99 61 16 9 82 2 11 0 37 35 0 0 42
0 289 335 235 0 230 0 816 672 274 756 929 828 133 128 0 0 0 0 0 434 99 853 0 202 93 0 0 50 0 36 0 31 0 0 25 0 32 35 0 9 0 0 0 4 0 0 0 100 61 0 0 0 63 0 47 0 83 74 0 0 73 0 0 0 67 92 0 0 63 36 0 8 0 0 0 44 37 66 0 64 0 36 73 0 0
0 0 0 0 721 0 0 0 765 0 0 0 0 0 608 0 0 642 0 0 986 25 85 67 0 0 86 29 0 94 0 18 28 49 0 0 0 16 78 48 59 0 0 90 0 41 91 26 0 37 0 0 75 94 32 26 0 0 0 0 0 73 79 0 61 0 0 5 0 0 0 0
554 0 0 0 700 0 554 682 808 935 0 806 864 666 298 668 0 0 0 0 629 0 180 435 769 775 0 0 0 0 56 0 0 0 34 0 76 0 25 0 33 45 20 66 0 27 0 32 0 0 12 36 35 75 0 62 0 8 0 0 88 84 0 7 0 37 80 0 0 23 0 0 84 9 0 0 0 68 86 23 0 0 69 0 53 75 86 73 78 0 68 0 6 0 0 14 99 81 0 99 0
0 531 0 0 235 0 0 0 0 375 0 808 0 0 534 949 0 277 376 886 0 0 0 0 0 55 58 82 0 99 0 0 0 0 0 0 31 0 78 0 0 11 23 67 0 33 0 78 34 93 0 8 11 0 46 15 50 0 28 0 59 59 0 0 0 40 0 57 69 96 0 70 73 0 8 0 83 79 0 1 0 0 45

0 0 3
0 0 5
0 0 8
0 0 11
0 0 16
0 0 17
0 0 21
0 0 26
0 0 28
0 0 71
0 0 73
0 0 78
0 0 88
0 0 92
0 1 0
0 1 8
0 1 11
0 1 14
0 1 18
0 1 19
0 1 20
0 1 26
0 1 35
0 1 58
0 1 65
0 1 67
0 1 70
0 1 97
0 2 9
0 2 18
0 2 24
0 2 25
0 2 29
0 2 30
0 3 0
0 3 22
0 3 25
0 3 27
0 3 33
0 3 50
0 3 53
0 3 55
0 3 56
0 3 59
0 3 69
0 3 71
0 3 87
0 4 4
0 4 7
0 4 10
0 4 19
0 4 29
0 4 38
0 4 41
0 4 66
0 4 101
0 5 9
0 5 16
0 5 23
0 5 24
0 5 25
0 5 72
0 5 87
0 5 94
0 5 95
0 5 98
0 5 101
0 6 1
0 6 7
0 6 9
0 6 15
0 6 25
0 6 28
0 6 29
0 7 8
0 7 16
0 7 18
0 7 22
0 7 27
0 7 39
0 7 76
0 8 3
0 8 6
0 8 10
0 8 19
0 8 22
0 8 27
0 8 41
0 8 59
0 8 69
0 8 76
0 9 4
0 9 17
0 9 20
0 9 23
0 9 27
0 9 54
0 9 75
0 10 1
0 10 3
0 10 10
0 10 13
0 10 27
0 10 74
0 10 80
0 11 5
0 11 19
0 11 21
0 11 26
0 11 61
0 11 75
0 11 86
0 11 89
0 11 98
0 12 4
0 12 6
0 12 12
0 12 13
0 12 19
0 12 24
0 12 26
0 12 35
0 12 81
0 13 9
0 13 12
0 13 13
0 13 16
0 13 19
0 13 21
0 13 23
0 13 25
0 13 27
0 13 37
0 14 14
0 14 15
0 14 23
0 14 29
0 14 50
0 14 75
0 15 2
0 15 3
0 15 10
0 15 11
0 15 16
0 15 19
0 15 23
0 15 25
0 15 26
0 15 50
0 15 54
0 16 3
0 16 15
0 16 20
0 16 26
0 16 29
0 16 53
0 16 79
0 17 1
0 17 3
0 17 5
0 17 13
0 17 27
0 17 53
0 18 5
0 18 8
0 18 12
0 18 18
0 18 21
0 18 53
0 18 88
0 18 93
0 19 0
0 19 2
0 19 5
0 19 12
0 19 14
0 19 16
0 19 24
0 19 27
0 19 28
0 19 43
0 19 74
0 19 84
0 20 2
0 20 8
0 20 9
0 20 19
0 20 20
0 20 22
0 20 23
0 20 24
0 20 26
0 20 27
0 20 29
0 20 37
0 20 53
0 20 67
0 21 1
0 21 5
0 21 12
0 21 13
0 21 14
0 21 15
0 21 20
0 21 21
0 21 25
0 21 26
0 21 36
0 21 89
0 21 98
0 22 12
0 22 14
0 22 15
0 22 19
0 22 20
0 22 23
0 22 28
0 22 29
0 22 40
0 22 77
0 22 88
0 22 96
0 23 4
0 23 12
0 23 19
0 23 20
0 23 27
0 23 28
0 23 52
0 23 86
0 23 90
0 24 33
0 24 80
0 24 94
0 25 13
0 25 49
0 26 21
0 26 88
0 26 98
0 27 52
0 27 54
0 28 35
0 28 41
0 29 25
0 29 58
0 29 87
0 30 26
0 30 28
0 30 99
0 31 36
0 31 42
0 32 6
0 33 4
0 34 23
0 34 89
0 35 15
0 35 63
0 35 71
0 35 91
0 35 101
0 36 0
0 36 7
0 36 23
0 36 55
0 36 79
0 36 81
0 36 85
0 37 77
0 38 17
0 38 71
0 38 97
0 39 42
0 39 76
0 39 86
0 40 0
0 40 29
0 40 54
0 40 68
0 40 74
0 40 76
0 41 15
0 41 19
0 41 31
0 41 51
0 41 53
0 41 83
0 41 98
0 42 65
0 43 4
0 43 62
0 43 97
0 44 31
0 44 51
0 45 24
0 45 81
0 46 56
0 46 58
0 46 59
0 47 17
0 47 27
0 47 38
0 48 16
0 48 32
0 48 44
0 48 85
0 48 89
0 48 96
0 49 5
0 49 38
0 49 51
0 49 57
0 50 0
0 50 41
0 51 7
0 51 20
0 51 72
0 51 78
0 51 80
0 52 0
0 52 28
0 52 78
0 53 21
0 53 39
0 53 43
0 53 54
0 53 59
0 54 18
0 54 19
0 54 22
0 54 53
0 54 69
0 54 82
0 55 30
0 55 81
0 55 97
0 56 0
0 56 31
0 56 48
0 56 49
0 56 53
0 56 63
0 56 94
0 56 95
0 57 35
0 57 72
0 57 81
0 58 38
0 58 47
0 58 67
0 58 69
0 58 83
0 59 8
0 59 14
0 59 48
0 59 58
0 59 85
0 60 49
0 60 78
0 60 86
0 60 92
0 62 15
0 62 33
0 62 44
0 62 65
0 62 74
0 63 4
0 64 13
0 64 51
0 65 11
0 65 14
0 65 43
0 65 45
0 65 62
0 65 68
0 66 82
0 66 89
0 66 94
0 67 9
0 67 44
0 67 60
0 67 62
0 67 70
0 67 76
0 67 97
0 68 0
0 68 8
0 68 37
0 68 57
0 68 59
0 68 70
0 68 91
0 69 21
0 69 27
0 70 94
0 71 1
0 71 28
0 71 85
0 71 91
0 71 101
0 72 0
0 72 29
0 72 68
0 74 5
0 74 72
0 75 5
0 75 33
0 75 34
0 75 40
0 75 54
0 75 84
0 76 60
0 76 65
0 76 74
0 78 50
0 78 82
0 78 83
0 79 39
0 79 52
0 79 65
0 79 89
0 79 94
1 0 0
1 0 3
1 0 14
1 0 17
1 0 20
1 0 24
1 1 0
1 1 4
1 1 15
1 1 16
1 1 18
1 1 19
1 1 21
1 1 22
1 1 86
1 2 6
1 2 7
1 2 9
1 2 15
1 2 17
1 2 18
1 2 19
1 2 24
1 3 1
1 3 5
1 3 14
1 3 15
1 3 17
1 3 23
1 3 25
1 3 49
1 4 3
1 4 8
1 4 11
1 4 18
1 4 51
1 4 73
1 5 0
1 5 15
1 5 22
1 5 73
1 6 0
1 6 7
1 6 9
1 6 10
1 6 14
1 6 15
1 6 71
1 6 78
1 7 3
1 7 11
1 7 17
1 7 21
1 7 23
1 7 30
1 7 40
1 7 49
1 7 85
1 8 3
1 8 21
1 8 71
1 9 0
1 9 5
1 9 7
1 9 8
1 9 10
1 9 16
1 9 27
1 9 76
1 9 87
1 10 4
1 10 7
1 10 8
1 10 9
1 10 13
1 10 16
1 10 20
1 10 21
1 10 36
1 10 38
1 10 55
1 10 58
1 10 61
1 11 7
1 11 8
1 11 11
1 11 22
1 11 23
1 11 32
1 11 78
1 12 5
1 12 8
1 12 12
1 12 33
1 12 73
1 12 78
1 12 80
1 13 1
1 13 6
1 13 12
1 13 18
1 13 22
1 13 31
1 13 39
1 13 88
1 14 1
1 14 3
1 14 6
1 14 7
1 14 14
1 14 19
1 14 23
1 14 31
1 14 76
1 15 4
1 15 9
1 15 40
1 15 69
1 16 1
1 16 6
1 16 25
1 16 39
1 16 50
1 16 52
1 16 53
1 16 65
1 16 71
1 17 6
1 17 8
1 17 9
1 17 11
1 17 16
1 17 18
1 17 19
1 17 21
1 17 23
1 17 63
1 18 0
1 18 5
1 18 8
1 18 9
1 18 15
1 18 19
1 18 23
1 18 24
1 18 25
1 18 66
1 18 73
1 19 1
1 19 7
1 19 10
1 19 13
1 19 17
1 19 19
1 19 21
1 19 24
1 19 62
1 19 65
1 20 1
1 20 9
1 20 16
1 20 19
1 20 20
1 20 23
1 20 87
1 21 3
1 21 4
1 21 9
1 21 13
1 21 15
1 21 25
1 21 29
1 21 33
1 21 35
1 21 38
1 22 2
1 22 4
1 22 7
1 22 15
1 22 21
1 22 42
1 22 73
1 22 76
1 23 3
1 23 9
1 23 19
1 23 23
1 23 25
1 24 5
1 24 8
1 24 18
1 24 21
1 24 22
1 24 25
1 24 48
1 25 0
1 25 7
1 25 14
1 25 25
1 25 50
1 25 55
1 25 59
1 25 83
1 25 89
1 26 5
1 26 14
1 26 16
1 26 17
1 26 89
1 27 7
1 27 8
1 27 12
1 27 16
1 27 20
1 27 22
1 27 23
1 27 27
1 27 36
1 27 49
1 28 0
1 28 3
1 28 4
1 28 8
1 28 9
1 28 12
1 28 14
1 28 15
1 28 19
1 28 46
1 28 70
1 28 77
1 28 81
1 29 3
1 29 6
1 29 7
1 29 16
1 29 22
1 29 23
1 31 9
1 31 53
1 31 65
1 32 5
1 32 14
1 32 57
1 34 3
1 34 86
1 35 6
1 35 34
1 36 6
1 36 21
1 36 29
1 38 55
1 38 62
1 39 47
1 39 83
1 40 1
1 41 7
1 41 36
1 41 82
1 42 4
1 42 12
1 42 41
1 43 20
1 43 45
1 43 46
1 43 65
1 43 75
1 43 85
1 44 53
1 46 19
1 47 63
1 47 68
1 48 7
1 48 45
1 48 55
1 49 14
1 49 54
1 49 89
1 50 71
1 50 89
1 51 54
1 51 65
1 51 86
1 52 43
1 52 72
1 53 14
1 53 43
1 54 64
1 55 23
1 55 33
1 55 42
1 55 46
1 56 7
1 56 23
1 56 26
1 56 43
1 56 47
1 56 69
1 56 70
1 57 24
1 57 35
1 57 49
1 57 84
1 58 19
1 58 55
1 59 52
1 59 60
1 59 87
1 60 1
1 60 16
1 60 67
1 60 88
1 61 24
1 61 32
1 61 37
1 61 70
1 61 85
1 62 19
1 62 29
1 62 59
1 63 18
1 63 25
1 63 48
1 64 1
1 64 47
1 64 65
1 64 84
1 66 18
1 66 49
1 67 0
1 67 13
1 67 20
1 67 46
1 67 54
1 67 68
1 68 43
1 68 46
1 68 87
1 69 12
1 69 17
1 69 73
1 70 7
1 70 37
1 70 40
1 70 45
1 70 59
1 71 24
1 71 43
1 71 53
1 72 28
1 72 31
1 72 63
1 73 22
1 73 35
1 73 44
1 73 51
1 73 68
1 74 2
1 74 3
1 74 10
1 74 28
1 74 38
1 74 67
1 75 33
1 76 68
1 77 50
1 77 60
1 77 75
1 78 7
1 78 65
1 78 75
1 78 82
1 79 54
1 79 62
1 79 67
1 79 76
1 79 78
1 80 1
1 80 32
1 80 43
1 80 74
1 81 3
1 81 47
1 81 72
1 81 79
1 82 74
1 83 26
1 83 58
1 83 60
1 84 26
1 85 0
1 85 2
1 85 66
1 85 89
1 86 65
1 86 71
1 86 74
1 87 68
1 87 75
1 87 82
1 88 3
1 88 20
1 88 25
1 88 36
1 88 42
1 89 19
1 89 85
1 90 8
1 90 31
1 90 48
1 91 38
1 91 62
1 91 84
1 92 9
1 92 52
1 92 60
1 93 48
1 93 85
1 94 10
1 94 24
1 94 37
1 94 52
1 94 53
1 94 65
1 94 68
1 95 19
1 95 41
1 95 79
1 95 87
1 96 29
1 96 52
1 96 64
1 96 78
1 97 3
1 97 20
1 97 31
1 97 51
1 97 57
1 98 3
1 98 62
1 98 75
1 99 40
1 99 53
1 99 68
1 100 42
1 101 4
1 101 14
1 101 67
2 0 0
2 0 7
2 0 8
2 0 11
2 0 13
2 0 14
2 0 69
2 1 3
2 1 9
2 1 10
2 1 18
2 1 21
2 2 8
2 2 12
2 2 16
2 2 70
2 2 76
2 2 78
2 3 2
2 3 3
2 3 6
2 3 14
2 3 18
2 3 21
2 3 22
2 3 43
2 3 70
2 3 72
2 3 78
2 4 6
2 4 8
2 4 13
2 4 23
2 4 24
2 4 52
2 4 60
2 4 67
2 5 4
2 5 5
2 5 9
2 5 12
2 5 13
2 5 15
2 5 17
2 5 21
2 5 23
2 5 50
2 6 0
2 6 6
2 6 11
2 6 23
2 6 37
2 6 70
2 6 83
2 7 5
2 7 19
2 7 22
2 7 23
2 7 40
2 7 49
2 7 76
2 8 1
2 8 5
2 8 6
2 8 7
2 8 12
2 8 14
2 8 52
2 8 64
2 9 7
2 9 10
2 9 12
2 9 13
2 9 15
2 9 17
2 9 18
2 10 4
2 10 18
2 10 23
2 10 24
2 10 43
2 10 49
2 10 50
2 10 65
2 10 79
2 11 2
2 11 8
2 11 9
2 11 10
2 11 11
2 11 13
2 11 19
2 11 47
2 11 55
2 11 59
2 11 77
2 11 83
2 12 7
2 12 9
2 12 64
2 12 67
2 13 3
2 13 5
2 13 10
2 13 14
2 13 37
2 13 51
2 14 2
2 14 5
2 14 7
2 14 9
2 14 17
2 14 18
2 14 22
2 14 41
2 15 1
2 15 8
2 15 12
2 15 13
2 15 14
2 15 19
2 15 20
2 15 22
2 15 30
2 15 54
2 15 66
2 15 71
2 15 83
2 16 7
2 16 14
2 16 15
2 16 19
2 16 21
2 16 28
2 16 34
2 16 64
2 16 65
2 17 0
2 17 19
2 17 40
2 17 59
2 17 68
2 18 10
2 18 12
2 18 14
2 18 15
2 18 16
2 18 21
2 18 22
2 18 23
2 18 25
2 18 33
2 18 44
2 18 61
2 18 78
2 19 0
2 19 2
2 19 10
2 19 11
2 19 13
2 19 19
2 19 20
2 19 23
2 19 40
2 19 42
2 19 56
2 19 81
2 19 85
2 20 4
2 20 6
2 20 24
2 20 32
2 20 58
2 21 4
2 21 5
2 21 9
2 21 19
2 21 22
2 21 23
2 22 0
2 22 6
2 22 9
2 22 10
2 22 15
2 22 19
2 22 25
2 22 28
2 22 48
2 22 53
2 22 80
2 23 10
2 23 11
2 23 13
2 23 24
2 23 31
2 24 7
2 24 9
2 24 14
2 24 20
2 24 21
2 24 23
2 24 29
2 24 41
2 24 56
2 24 72
2 24 74
2 24 77
2 25 1
2 25 3
2 25 7
2 25 11
2 25 14
2 25 17
2 25 22
2 25 23
2 25 27
2 25 32
2 25 62
2 25 76
2 25 82
2 26 8
2 26 17
2 26 46
2 26 71
2 27 13
2 28 28
2 28 48
2 28 71
2 29 13
2 29 48
2 29 54
2 29 64
2 29 82
2 30 53
2 30 61
2 30 63
2 31 25
2 31 66
2 31 76
2 32 7
2 32 14
2 32 28
2 32 66
2 32 67
2 32 77
2 32 82
2 32 85
2 33 20
2 33 53
2 34 21
2 34 34
2 34 36
2 34 53
2 35 46
2 35 81
2 36 13
2 36 25
2 36 42
2 36 46
2 36 47
2 37 4
2 37 29
2 37 30
2 37 65
2 38 36
2 38 40
2 38 56
2 38 67
2 39 0
2 39 35
2 40 48
2 41 64
2 41 65
2 42 8
2 42 9
2 42 15
2 42 46
2 43 7
2 43 31
2 43 51
2 43 53
2 44 6
2 44 30
2 44 79
2 45 17
2 46 43
2 47 19
2 47 61
2 48 44
2 48 72
2 48 77
2 49 32
2 49 37
2 49 44
2 50 60
2 51 20
2 51 59
2 52 8
2 52 50
2 52 54
2 52 61
2 52 75
2 52 81
2 53 2
2 53 30
2 53 79
2 54 1
2 54 10
2 54 58
2 55 34
2 55 55
2 55 59
2 56 14
2 56 24
2 57 5
2 57 10
2 57 19
2 57 22
2 57 41
2 57 62
2 57 63
2 57 83
2 58 75
2 59 49
2 59 54
2 59 59
2 59 83
2 60 14
2 60 24
2 60 76
2 61 8
2 61 65
2 62 3
2 62 28
2 62 32
2 62 51
2 62 59
2 62 69
2 62 78
2 63 15
2 64 12
2 64 69
2 65 8
2 65 40
2 65 72
2 66 10
2 66 11
2 66 33
2 66 36
2 67 7
2 67 20
2 69 10
2 69 53
2 69 75
2 70 25
2 71 51
2 71 56
2 72 2
2 72 22
2 72 42
2 72 60
2 72 72
2 73 24
2 73 27
2 73 37
2 73 43
2 73 51
2 73 52
2 73 54
2 73 58
2 73 78
2 74 71
2 74 72
2 75 21
2 75 48
2 75 75
2 75 84
2 76 18
2 76 53
2 77 8
2 77 9
2 77 21
2 77 43
2 77 70
2 77 72
2 78 1
2 78 72
2 78 75
2 79 15
2 79 20
2 79 36
2 79 37
2 80 61
2 81 45
2 82 11
2 82 38
2 82 63
2 82 68
2 83 72
2 84 55
2 85 20
2 85 28
2 85 40
2 85 52
2 85 84
2 86 13
2 86 26
2 87 52
2 87 71
2 88 31
2 88 59
2 88 71
2 89 76
3 0 2
3 0 3
3 0 10
3 0 13
3 0 14
3 0 18
3 0 19
3 0 20
3 1 1
3 1 9
3 1 12
3 1 14
3 1 15
3 1 21
3 1 36
3 1 59
3 2 1
3 2 3
3 2 9
3 2 13
3 2 17
3 2 29
3 2 47
3 2 50
3 3 1
3 3 5
3 3 7
3 3 12
3 3 13
3 3 16
3 3 17
3 3 19
3 3 25
3 3 41
3 4 0
3 4 3
3 4 9
3 4 15
3 4 16
3 4 19
3 4 24
3 4 53
3 4 62
3 4 67
3 5 0
3 5 3
3 5 9
3 5 13
3 5 14
3 5 16
3 5 20
3 5 42
3 5 43
3 5 64
3 6 0
3 6 2
3 6 3
3 6 4
3 6 5
3 6 8
3 6 13
3 6 15
3 6 17
3 6 47
3 7 0
3 7 1
3 7 3
3 7 5
3 7 15
3 7 17
3 8 1
3 8 2
3 8 4
3 8 6
3 8 10
3 8 11
3 8 12
3 8 17
3 8 22
3 8 36
3 8 39
3 9 4
3 9 8
3 9 13
3 9 15
3 9 16
3 9 20
3 10 5
3 10 6
3 10 8
3 10 14
3 10 18
3 10 21
3 11 1
3 11 6
3 11 8
3 11 9
3 11 10
3 11 11
3 11 14
3 11 15
3 11 19
3 11 29
3 11 31
3 11 32
3 11 42
3 12 13
3 12 14
3 12 15
3 12 21
3 12 22
3 12 61
3 12 62
3 13 1
3 13 3
3 13 13
3 13 14
3 13 19
3 13 20
3 13 34
3 14 3
3 14 5
3 14 6
3 14 8
3 14 9
3 14 11
3 14 12
3 14 18
3 14 28
3 14 29
3 14 53
3 15 3
3 15 7
3 15 9
3 15 14
3 15 17
3 15 18
3 15 33
3 16 3
3 16 6
3 16 9
3 16 13
3 16 14
3 16 25
3 16 36
3 16 39
3 17 3
3 17 7
3 17 8
3 17 16
3 17 40
3 17 58
3 17 67
3 17 68
3 18 0
3 18 11
3 18 17
3 18 20
3 19 3
3 19 6
3 19 9
3 19 11
3 19 13
3 19 18
3 19 20
3 19 24
3 19 42
3 20 0
3 20 3
3 20 10
3 20 12
3 20 16
3 20 21
3 20 45
3 20 63
3 20 65
3 21 1
3 21 4
3 21 5
3 21 9
3 21 10
3 21 13
3 21 15
3 21 17
3 21 18
3 21 32
3 21 61
3 22 1
3 22 3
3 22 4
3 22 9
3 22 19
3 23 0
3 23 1
3 23 2
3 23 7
3 23 15
3 23 20
3 23 55
3 23 65
3 24 2
3 24 5
3 24 6
3 24 9
3 24 13
3 24 46
3 24 62
3 26 5
3 26 13
3 26 32
3 26 51
3 27 22
3 27 35
3 27 37
3 27 69
3 28 69
3 29 27
3 29 58
3 29 66
3 30 28
3 30 57
3 31 11
3 31 21
3 31 41
3 32 16
3 32 20
3 32 26
3 33 0
3 33 30
3 33 35
3 33 39
3 33 54
3 33 71
3 34 71
3 35 22
3 35 60
3 35 71
3 36 44
3 36 45
3 36 60
3 37 56
3 37 69
3 38 47
3 39 8
3 39 29
3 39 57
3 39 61
3 40 33
3 40 44
3 40 53
3 41 57
3 41 68
3 41 70
3 41 71
3 42 4
3 42 43
3 42 47
3 43 37
3 43 41
3 44 16
3 44 17
3 44 29
3 44 45
3 44 50
3 45 20
3 45 25
3 45 41
3 45 65
3 45 67
3 46 58
3 47 49
3 47 56
3 48 2
3 48 22
3 48 36
3 49 14
3 49 46
3 51 23
3 51 61
3 52 56
3 52 59
3 53 50
3 53 52
3 54 43
3 55 15
3 55 23
3 55 55
3 55 58
3 56 2
3 56 51
3 56 55
3 57 5
3 57 13
3 57 17
3 57 20
3 57 22
3 57 49
3 57 66
3 58 32
3 58 39
3 58 69
3 59 19
3 59 41
3 59 50
3 60 43
3 62 17
3 63 15
3 63 37
3 63 64
3 63 67
3 64 5
3 65 15
3 66 38
3 66 45
3 66 50
3 67 13
3 67 22
3 67 38
3 67 64
3 68 3
3 68 6
3 68 8
3 68 9
3 68 20
3 68 55
3 69 16
3 69 56
3 70 23
3 70 27
3 70 30
3 70 61
3 70 65
3 72 6
3 72 49
3 72 51
3 73 19
3 73 42
3 74 16
3 74 59
3 76 9
3 76 14
3 76 32
3 77 7
3 77 16
3 77 19
3 77 39
3 77 46
3 78 2
3 78 19
3 79 19
3 79 47
3 79 48
3 79 59
3 80 47
3 81 38
3 81 66
3 82 4
3 82 17
3 82 29
3 82 34
3 82 70
3 83 12
3 83 18
3 83 47
3 84 3
3 84 20
3 84 26
3 84 27
3 84 48
3 84 49
3 85 4
4 0 1
4 0 4
4 0 7
4 0 9
4 0 14
4 0 20
4 0 23
4 0 26
4 0 29
4 0 40
4 0 52
4 0 80
4 0 100
4 1 0
4 1 7
4 1 8
4 1 18
4 1 19
4 1 22
4 1 26
4 2 4
4 2 5
4 2 8
4 2 11
4 2 20
4 2 23
4 2 27
4 2 29
4 2 30
4 2 44
4 2 48
4 2 60
4 2 81
4 3 1
4 3 3
4 3 13
4 3 15
4 3 16
4 3 21
4 3 25
4 3 28
4 3 37
4 3 62
4 3 63
4 3 68
4 4 10
4 4 12
4 4 20
4 4 26
4 4 27
4 4 81
4 4 92
4 5 0
4 5 1
4 5 2
4 5 4
4 5 6
4 5 10
4 5 13
4 5 34
4 5 62
4 5 76
4 5 87
4 6 0
4 6 4
4 6 5
4 6 15
4 6 17
4 6 21
4 6 23
4 6 50
4 6 78
4 6 88
4 7 0
4 7 12
4 7 14
4 7 15
4 7 16
4 7 21
4 7 30
4 7 35
4 7 60
4 7 76
4 7 98
4 7 99
4 8 0
4 8 2
4 8 3
4 8 12
4 8 20
4 8 25
4 8 26
4 8 48
4 8 50
4 9 1
4 9 3
4 9 4
4 9 8
4 9 12
4 9 15
4 9 23
4 9 28
4 9 53
4 9 59
4 9 93
4 10 0
4 10 9
4 10 14
4 10 17
4 10 18
4 10 24
4 10 31
4 11 9
4 11 14
4 11 19
4 11 72
4 11 73
4 12 7
4 12 11
4 12 20
4 12 22
4 12 25
4 12 45
4 12 71
4 13 6
4 13 12
4 13 15
4 13 17
4 13 18
4 13 56
4 13 63
4 13 72
4 13 78
4 14 0
4 14 3
4 14 4
4 14 16
4 14 17
4 14 18
4 14 26
4 14 62
4 15 5
4 15 13
4 15 14
4 15 15
4 15 27
4 15 29
4 15 39
4 15 44
4 15 71
4 16 0
4 16 1
4 16 3
4 16 7
4 16 13
4 16 14
4 16 18
4 16 19
4 16 23
4 16 29
4 16 33
4 16 80
4 17 5
4 17 8
4 17 10
4 17 16
4 17 17
4 17 20
4 17 26
4 17 31
4 17 46
4 17 57
4 17 67
4 17 88
4 17 95
4 18 0
4 18 1
4 18 3
4 18 6
4 18 12
4 18 13
4 18 14
4 18 21
4 18 25
4 18 38
4 18 45
4 18 57
4 19 11
4 19 21
4 19 22
4 19 26
4 19 29
4 19 42
4 19 43
4 19 67
4 19 79
4 20 2
4 20 3
4 20 5
4 20 14
4 20 15
4 20 17
4 20 20
4 20 28
4 20 72
4 21 3
4 21 4
4 21 26
4 21 32
4 21 89
4 21 96
4 22 11
4 23 26
4 23 31
4 23 46
4 24 56
4 24 58
4 24 84
4 25 21
4 25 27
4 25 47
4 25 72
4 26 68
4 26 86
4 27 13
4 27 29
4 27 54
4 27 95
4 28 24
4 28 47
4 28 90
4 29 0
4 29 6
4 29 37
4 29 81
4 30 35
4 30 47
4 31 13
4 31 51
4 31 61
4 31 77
4 32 51
4 32 56
4 32 78
4 33 27
4 33 33
4 33 47
4 33 61
4 33 94
4 34 16
4 34 24
4 34 25
4 34 33
4 35 5
4 35 13
4 35 48
4 35 55
4 35 97
4 36 18
4 36 47
4 36 76
4 36 96
4 37 9
4 37 66
4 37 76
4 37 95
4 38 59
4 38 71
4 39 5
4 39 31
4 39 83
4 39 95
4 40 57
4 40 60
4 40 61
4 40 70
4 41 65
4 41 82
4 42 13
4 42 16
4 42 20
4 42 37
4 42 75
4 43 11
4 43 30
4 43 64
4 43 70
4 43 91
4 44 33
4 44 66
4 44 85
4 45 19
4 45 36
4 45 80
4 45 85
4 45 96
4 46 29
4 46 39
4 46 54
4 46 55
4 46 56
4 47 17
4 47 23
4 47 44
4 47 50
4 47 81
4 48 43
4 48 87
4 49 34
4 49 58
4 49 83
4 50 4
4 50 19
4 50 54
4 50 58
4 50 63
4 50 76
4 50 91
4 51 4
4 51 48
4 51 89
4 51 98
4 52 35
4 52 38
4 52 70
4 53 11
4 53 23
4 53 27
4 53 71
4 53 83
4 54 16
4 54 18
4 54 22
4 54 23
4 54 29
4 54 30
4 54 32
4 54 34
4 54 59
4 54 69
4 55 28
4 55 35
4 55 48
4 55 60
4 55 64
4 56 15
4 56 30
4 56 38
4 56 53
4 56 55
4 56 81
4 57 59
4 57 72
4 57 75
4 57 80
4 58 2
4 58 32
4 58 42
4 58 99
4 60 34
4 60 35
4 60 37
4 60 44
4 60 76
4 61 27
4 61 33
4 62 16
4 62 33
4 62 36
4 62 66
4 62 69
4 62 88
4 63 24
4 63 44
4 63 57
4 64 27
4 64 36
4 64 46
4 64 57
4 65 58
4 65 85
4 65 91
4 67 16
4 67 42
4 67 85
4 67 94
4 68 39
4 68 69
4 68 71
4 68 93
4 69 27
4 69 55
4 70 41
4 70 51
4 70 64
4 71 55
4 71 82
5 0 0
5 0 2
5 0 4
5 0 7
5 0 10
5 0 11
5 0 12
5 0 16
5 0 22
5 0 23
5 0 54
5 0 71
5 1 1
5 1 2
5 1 5
5 1 8
5 1 11
5 1 16
5 1 17
5 1 25
5 2 5
5 2 8
5 2 12
5 2 16
5 2 20
5 3 0
5 3 2
5 3 4
5 3 15
5 3 22
5 3 23
5 3 65
5 3 78
5 4 1
5 4 3
5 4 5
5 4 6
5 4 8
5 4 13
5 4 19
5 4 61
5 4 62
5 4 66
5 5 2
5 5 3
5 5 4
5 5 6
5 5 8
5 5 9
5 5 10
5 5 11
5 5 67
5 5 73
5 5 74
5 6 1
5 6 5
5 6 20
5 6 69
5 7 4
5 7 5
5 7 12
5 7 13
5 7 15
5 7 16
5 7 22
5 7 60
5 7 78
5 8 1
5 8 3
5 8 8
5 8 13
5 8 18
5 8 22
5 8 28
5 9 0
5 9 1
5 9 8
5 9 10
5 9 12
5 9 22
5 9 61
5 9 64
5 10 1
5 10 8
5 10 17
5 10 22
5 10 55
5 10 69
5 10 78
5 10 80
5 11 1
5 11 10
5 11 12
5 11 18
5 11 19
5 11 21
5 11 69
5 11 75
5 12 1
5 12 5
5 12 12
5 12 20
5 12 23
5 12 24
5 12 26
5 13 2
5 13 4
5 13 12
5 13 13
5 13 15
5 13 23
5 13 40
5 14 4
5 14 8
5 14 15
5 14 16
5 14 19
5 14 25
5 14 73
5 15 0
5 15 5
5 15 12
5 15 15
5 15 16
5 16 0
5 16 12
5 16 13
5 16 15
5 16 16
5 16 22
5 16 24
5 16 41
5 16 81
5 17 6
5 17 12
5 17 17
5 17 22
5 17 33
5 17 37
5 17 69
5 18 2
5 18 12
5 19 6
5 19 9
5 19 12
5 19 18
5 19 72
5 19 75
5 20 1
5 20 2
5 20 6
5 20 20
5 20 25
5 20 31
5 21 0
5 21 4
5 21 6
5 21 8
5 21 11
5 21 20
5 21 30
5 21 38
5 22 3
5 22 4
5 22 16
5 22 20
5 22 30
5 22 35
5 23 3
5 23 11
5 23 17
5 23 19
5 23 21
5 23 25
5 24 0
5 24 6
5 24 7
5 24 18
5 24 23
5 24 41
5 24 60
5 25 0
5 25 7
5 25 16
5 25 21
5 25 41
5 26 6
5 26 10
5 26 12
5 26 15
5 26 38
5 26 41
5 26 49
5 27 3
5 27 11
5 27 14
5 27 18
5 27 20
5 27 44
5 27 50
5 27 68
5 28 4
5 28 9
5 28 14
5 28 20
5 28 79
5 28 81
5 29 4
5 29 7
5 29 8
5 29 13
5 29 14
5 29 17
5 29 22
5 29 48
5 29 65
5 29 67
5 30 22
5 31 17
5 31 73
5 32 6
5 32 11
5 32 30
5 32 66
5 33 23
5 33 38
5 34 16
5 35 0
5 35 51
5 35 80
5 36 16
5 36 30
5 36 41
5 36 50
5 37 19
5 37 51
5 37 61
5 38 42
5 38 80
5 39 30
5 39 59
5 40 23
5 40 52
5 41 33
5 41 50
5 41 70
5 42 1
5 42 27
5 42 53
5 43 4
5 43 69
5 44 21
5 44 30
5 44 81
5 45 3
5 45 10
5 45 14
5 46 54
5 46 75
5 47 20
5 47 51
5 48 23
5 49 2
5 49 6
5 49 9
5 50 29
5 51 6
5 52 26
5 52 35
5 52 62
5 52 63
5 52 65
5 52 66
5 53 23
5 53 24
5 53 36
5 53 47
5 53 64
5 53 68
5 54 0
5 54 11
5 54 75
5 55 11
5 55 35
5 55 60
5 55 65
5 56 4
5 56 5
5 56 6
5 56 9
5 56 15
5 56 18
5 56 43
5 56 67
5 57 9
5 58 3
5 58 62
5 59 38
5 60 5
5 60 14
5 60 18
5 60 60
5 60 68
5 61 20
5 61 33
5 61 43
5 61 48
5 61 62
5 62 66
5 63 74
5 64 14
5 64 21
5 64 29
5 64 34
5 64 42
5 65 0
5 65 46
5 65 47
5 65 64
5 66 41
5 66 53
5 66 55
5 67 17
5 67 46
5 69 7
5 70 36
5 70 44
5 71 55
5 71 73
5 72 30
5 72 70
5 73 18
5 73 50
5 73 74
5 74 73
5 75 13
5 75 24
5 75 69
5 76 6
5 76 28
5 76 48
5 77 27
5 77 40
5 78 9
5 78 75
5 78 82
5 79 76
5 79 80
5 80 12
5 80 33
5 80 66
5 81 30
5 81 71
5 81 72
5 82 16
5 82 27
5 82 37
5 83 2
5 83 3
5 83 7
5 83 82
5 84 10
5 84 59
5 84 78
5 84 79
5 85 20
5 85 36
5 85 41
5 85 44
5 86 22
5 86 24
5 86 36
5 86 44
5 86 53
5 86 54
5 86 65
5 87 1
5 87 33
5 87 36
5 88 27
5 88 33
5 88 42
5 89 40
5 89 56
5 89 76
5 89 79
5 90 6
5 90 23
5 91 2
5 91 66
5 92 8
5 92 40
5 92 49
5 92 52
5 93 32
5 94 37
5 95 11
5 95 73
5 96 7
5 96 34
5 96 49
5 96 77
5 97 9
5 97 30
5 98 23
5 98 34
5 98 75
5 99 24
5 99 42
5 99 59
5 99 67
5 100 23
5 100 35
5 100 78