12689
7
64 101 65 76 67 87 60
1913

717 56 942 255 123 695 687 0 0 905 0 0 156 196 998 0 0 0 0 51 0 66 16 0 25 27 0 0 0 0 0 75 0 49 94 1 17 44 31 1 78 33 68 54 1 0 41 45 69 0 25 42 52 0 63 0 0 31 35 23 0 70 0 36
670 0 0 121 0 251 0 392 838 0 607 930 0 0 223 0 178 222 0 0 345 258 508 550 432 919 0 0 0 0 0 0 0 0 89 0 2 0 0 0 66 5 71 0 1 80 94 0 87 0 0 0 35 0 0 13 15 0 22 0 3 98 0 95 86 0 94 13 85 12 0 91 0 0 44 0 0 0 100 48 44 72 0 0 77 0 29 0 0 0 0 0 13 0 0 0 0 0 0 0 99
0 871 0 767 0 0 963 692 0 0 629 0 0 0 601 0 0 903 492 77 0 0 83 1 83 31 0 0 58 2 25 83 88 0 39 0 0 0 0 68 0 0 0 0 0 0 73 11 42 27 2 42 0 0 0 9 43 30 70 7 0 0 0 62 0
0 204 394 0 26 250 872 248 0 0 0 521 0 991 525 0 0 463 0 0 453 260 35 0 26 72 0 0 99 0 54 0 0 59 72 85 54 0 0 0 0 11 0 21 71 0 67 25 0 0 42 47 23 2 81 0 19 26 50 0 0 0 0 75 0 80 41 0 0 0 30 73 0 0 66 93
565 0 960 0 0 515 0 0 0 636 362 848 835 276 0 585 0 257 0 297 57 39 7 0 3 0 20 16 80 0 0 0 0 0 7 0 36 0 65 0 0 78 0 0 0 26 70 33 0 42 0 0 0 0 0 0 0 89 0 75 0 0 0 18 43 93 56
48 0 736 0 0 481 0 710 0 662 886 0 720 252 162 945 325 515 601 446 0 0 0 616 0 49 0 24 11 59 65 14 0 0 7 22 0 95 1 0 32 0 44 55 0 88 98 80 0 0 0 28 94 0 0 72 74 0 8 98 50 0 39 87 54 37 0 57 0 0 39 0 0 0 38 0 88 0 0 8 0 0 7 0 78 33 0
0 286 6 0 941 967 0 0 0 659 0 0 0 0 0 855 0 288 0 13 0 0 0 51 90 0 52 42 62 68 61 88 15 55 0 0 0 0 31 76 0 12 99 0 0 0 8 85 57 0 29 0 0 66 0 14 1 0 36 94

0 0 48
0 0 67
0 0 86
0 1 4
0 1 9
0 1 21
0 1 68
0 1 97
0 2 3
0 2 9
0 2 11
0 2 17
0 2 19
0 2 23
0 2 39
0 2 81
0 3 8
0 3 20
0 3 24
0 3 44
0 3 46
0 3 52
0 3 72
0 3 87
0 4 1
0 4 16
0 4 21
0 4 32
0 4 56
0 4 63
0 4 64
0 4 84
0 5 2
0 5 3
0 5 11
0 5 26
0 5 27
0 5 50
0 5 55
0 5 85
0 6 1
0 6 5
0 6 34
0 6 37
0 6 49
0 6 52
0 6 62
0 6 69
0 7 4
0 7 10
0 7 27
0 7 50
0 7 55
0 7 57
0 7 81
0 7 97
0 8 4
0 8 5
0 8 8
0 8 22
0 8 38
0 8 89
0 9 36
0 9 55
0 9 63
0 9 72
0 9 78
0 9 93
0 10 5
0 10 13
0 10 20
0 10 24
0 10 34
0 10 74
0 10 77
0 10 78
0 10 82
0 11 28
0 11 48
0 11 83
0 12 14
0 12 20
0 12 26
0 12 30
0 13 50
0 13 60
0 14 0
0 14 7
0 14 56
0 14 58
0 14 73
0 14 79
0 14 88
0 15 4
0 15 5
0 15 8
0 15 14
0 15 15
0 15 23
0 15 57
0 15 59
0 15 61
0 15 90
0 15 98
0 16 0
0 16 23
0 16 28
0 16 62
0 17 16
0 17 20
0 17 23
0 17 53
0 17 75
0 17 81
0 17 94
0 18 4
0 18 47
0 18 54
0 19 37
0 19 41
0 19 74
0 19 81
0 19 84
0 20 2
0 20 23
0 20 58
0 20 65
0 21 17
0 21 31
0 21 41
0 21 57
0 21 89
0 22 58
0 23 17
0 23 30
0 23 34
0 23 39
0 23 67
0 23 76
0 23 80
0 23 98
0 23 99
0 24 45
0 24 46
0 25 35
0 25 43
0 25 58
0 25 61
0 25 67
0 25 71
0 25 86
0 25 91
0 26 5
0 26 35
0 26 50
0 26 69
0 26 79
0 27 6
0 27 30
0 28 31
0 28 42
0 28 49
0 28 52
0 28 93
0 29 13
0 29 43
0 29 77
0 29 84
0 31 4
0 31 17
0 31 21
0 31 22
0 31 49
0 31 73
0 31 100
0 32 41
0 32 53
0 32 65
0 32 91
0 33 0
0 33 9
0 33 38
0 33 65
0 33 70
0 34 25
0 34 31
0 34 35
0 34 43
0 34 51
0 34 70
0 34 97
0 35 1
0 35 22
0 35 68
0 36 11
0 36 51
0 37 4
0 37 5
0 37 22
0 37 47
0 37 77
0 38 18
0 38 29
0 38 37
0 38 41
0 38 49
0 38 59
0 38 60
0 38 82
0 39 41
0 39 55
0 40 11
0 40 42
0 40 54
0 40 61
0 40 73
0 40 100
0 41 24
0 41 45
0 41 48
0 41 56
0 41 58
0 41 65
0 41 70
0 41 85
0 41 94
0 42 42
0 42 43
0 42 46
0 42 52
0 42 53
0 42 65
0 42 83
0 42 99
0 43 10
0 43 39
0 43 48
0 43 69
0 44 5
0 44 33
0 44 40
0 44 52
0 44 68
0 44 71
0 44 73
0 45 2
0 45 17
0 45 45
0 45 65
0 45 77
0 45 80
0 46 28
0 46 32
0 46 56
0 46 63
0 46 68
0 47 15
0 47 20
0 47 36
0 47 60
0 47 67
0 47 73
0 47 96
0 48 43
0 48 45
0 48 51
0 48 65
0 48 78
0 48 90
0 49 14
0 49 21
0 49 36
0 49 74
0 50 10
0 50 23
0 50 53
0 50 66
0 50 67
0 50 83
0 51 34
0 51 39
0 51 52
0 51 63
0 51 80
0 51 97
0 52 31
0 52 57
0 52 62
0 53 3
0 53 31
0 53 59
0 53 66
0 53 72
0 53 75
0 53 87
0 53 89
0 54 33
0 54 44
0 54 51
0 54 56
0 54 64
0 54 89
0 54 94
0 55 34
0 55 45
0 55 62
0 55 78
0 55 79
0 55 93
0 55 99
0 56 7
0 56 17
0 56 36
0 56 58
0 56 67
0 56 82
0 57 0
0 57 3
0 57 22
0 57 62
0 57 68
0 57 74
0 57 89
0 57 92
0 57 97
0 58 6
0 58 12
0 58 16
0 58 44
0 58 50
0 59 6
0 59 7
0 59 11
0 59 36
0 59 43
0 59 49
0 59 83
0 59 89
0 59 95
0 60 2
0 60 23
0 60 35
0 60 77
0 60 94
0 60 95
0 60 97
0 61 35
0 61 71
0 62 1
0 62 12
0 62 13
0 62 55
0 62 56
0 62 65
0 62 90
0 63 43
0 63 69
0 63 97
1 0 12
1 0 14
1 0 26
1 0 31
1 0 43
1 0 59
1 1 18
1 1 32
1 1 54
1 2 2
1 2 22
1 2 27
1 2 46
1 2 63
1 3 5
1 3 8
1 3 13
1 3 17
1 3 58
1 4 11
1 4 13
1 4 35
1 5 11
1 5 60
1 6 2
1 6 22
1 6 29
1 6 42
1 6 44
1 6 51
1 7 6
1 7 10
1 8 13
1 8 18
1 8 58
1 8 61
1 9 8
1 9 60
1 10 47
1 10 52
1 10 53
1 11 19
1 11 37
1 12 2
1 12 17
1 12 40
1 12 47
1 13 1
1 13 41
1 13 60
1 13 62
1 14 18
1 14 19
1 14 45
1 14 48
1 14 59
1 15 39
1 16 5
1 16 12
1 16 15
1 16 48
1 17 3
1 17 4
1 17 12
1 17 14
1 17 47
1 17 64
1 18 0
1 18 14
1 18 42
1 18 49
1 19 16
1 19 26
1 19 36
1 19 62
1 20 2
1 21 8
1 21 28
1 21 36
1 21 55
1 21 64
1 22 5
1 22 9
1 22 64
1 23 1
1 23 16
1 23 24
1 23 25
1 23 60
1 24 2
1 24 7
1 24 8
1 24 18
1 24 24
1 24 60
1 25 9
1 25 27
1 25 38
1 25 49
1 25 53
1 26 6
1 26 7
1 26 18
1 27 13
1 27 47
1 27 49
1 28 2
1 28 39
1 28 45
1 28 58
1 29 8
1 30 5
1 30 18
1 30 20
1 30 28
1 30 32
1 30 61
1 31 1
1 31 28
1 31 31
1 31 36
1 31 61
1 32 6
1 32 18
1 32 22
1 33 7
1 33 20
1 34 1
1 34 8
1 34 28
1 34 40
1 34 41
1 35 5
1 35 25
1 35 38
1 35 48
1 35 60
1 35 61
1 36 4
1 36 5
1 36 8
1 36 37
1 36 52
1 37 9
1 37 13
1 37 21
1 37 32
1 37 38
1 37 40
1 37 58
1 38 9
1 38 37
1 39 7
1 40 14
1 40 19
1 40 42
1 41 3
1 41 15
1 41 45
1 41 55
1 41 59
1 42 21
1 42 37
1 42 43
1 42 49
1 43 10
1 43 13
1 43 26
1 44 29
1 44 30
1 44 33
1 44 64
1 45 19
1 45 60
1 46 29
1 46 44
1 46 46
1 46 47
1 47 4
1 48 0
1 48 23
1 48 29
1 48 43
1 48 47
1 49 29
1 49 40
1 50 9
1 50 23
1 50 29
1 50 34
1 50 46
1 50 49
1 50 53
1 50 59
1 51 2
1 51 8
1 51 31
1 51 42
1 52 2
1 52 3
1 52 28
1 52 48
1 52 50
1 53 0
1 53 25
1 54 23
1 54 30
1 54 33
1 54 49
1 55 21
1 55 29
1 55 49
1 56 9
1 56 56
1 57 6
1 57 16
1 57 28
1 57 47
1 57 50
1 58 60
1 59 14
1 59 27
1 60 13
1 60 46
1 61 2
1 61 24
1 61 30
1 62 33
1 62 42
1 62 46
1 63 5
1 63 24
1 63 52
1 64 18
1 64 29
1 65 29
1 65 38
1 65 41
1 65 52
1 66 7
1 66 33
1 66 37
1 66 56
1 66 64
1 67 7
1 67 41
1 68 3
1 68 11
1 68 22
1 68 23
1 68 29
1 68 46
1 69 8
1 69 36
1 69 40
1 69 48
1 69 56
1 70 44
1 71 18
1 71 43
1 71 55
1 72 11
1 72 51
1 73 10
1 73 11
1 73 17
1 73 21
1 73 63
1 74 3
1 74 11
1 74 42
1 74 51
1 75 1
1 75 9
1 75 16
1 75 45
1 76 4
1 76 36
1 76 56
1 77 10
1 77 43
1 77 49
1 77 52
1 78 10
1 78 15
1 78 17
1 78 59
1 79 12
1 79 33
1 79 42
1 80 16
1 80 29
1 80 31
1 80 37
1 80 62
1 80 64
1 81 1
1 81 7
1 81 33
1 81 34
1 81 48
1 82 25
1 82 39
1 82 45
1 83 38
1 83 48
1 84 20
1 84 23
1 84 64
1 85 23
1 85 46
1 86 10
1 86 28
1 86 29
1 87 49
1 88 61
1 89 0
1 89 15
1 89 49
1 90 23
1 90 31
1 90 36
1 90 52
1 90 53
1 90 61
1 90 62
1 91 50
1 92 0
1 92 36
1 92 41
1 92 48
1 92 50
1 94 28
1 94 29
1 95 2
1 95 17
1 95 53
1 96 43
1 96 45
1 96 47
1 96 51
1 96 62
1 96 63
1 97 16
1 97 51
1 98 11
1 98 13
1 98 26
1 98 42
1 98 48
1 98 56
1 98 58
1 99 18
1 99 32
1 99 40
1 99 44
1 100 9
1 100 10
1 100 18
1 100 26
1 100 28
1 100 36
1 100 38
1 100 52
2 1 13
2 1 14
2 1 37
2 1 67
2 2 2
2 2 7
2 2 36
2 2 68
2 3 0
2 3 11
2 3 21
2 3 34
2 3 51
2 4 12
2 4 14
2 4 15
2 4 28
2 4 45
2 4 53
2 5 5
2 5 8
2 5 72
2 6 7
2 6 9
2 6 24
2 6 31
2 6 34
2 6 36
2 6 39
2 6 43
2 6 73
2 7 0
2 7 11
2 7 20
2 7 40
2 7 56
2 7 60
2 7 67
2 8 2
2 8 9
2 8 11
2 8 21
2 8 30
2 8 32
2 8 70
2 8 74
2 9 15
2 9 23
2 9 28
2 9 39
2 9 45
2 9 55
2 9 68
2 9 69
2 9 72
2 10 10
2 10 15
2 10 19
2 10 41
2 10 60
2 10 65
2 11 11
2 12 15
2 12 21
2 12 28
2 12 30
2 12 32
2 12 58
2 13 1
2 13 18
2 13 20
2 13 26
2 13 27
2 13 71
2 14 11
2 14 13
2 14 37
2 14 74
2 15 0
2 15 4
2 15 10
2 15 14
2 15 29
2 15 34
2 15 46
2 16 4
2 16 15
2 16 30
2 16 55
2 16 58
2 16 64
2 17 5
2 17 7
2 17 8
2 17 37
2 17 53
2 17 69
2 17 75
2 18 16
2 18 35
2 18 43
2 18 58
2 18 70
2 19 15
2 19 42
2 19 60
2 19 63
2 19 74
2 20 9
2 20 11
2 20 23
2 20 24
2 20 27
2 20 53
2 20 59
2 20 67
2 21 21
2 21 31
2 22 37
2 22 40
2 22 58
2 23 7
2 23 17
2 23 39
2 23 71
2 24 4
2 24 37
2 24 64
2 25 3
2 25 9
2 25 35
2 25 46
2 25 47
2 25 61
2 25 64
2 25 70
2 26 3
2 26 16
2 26 65
2 26 68
2 27 30
2 27 31
2 27 41
2 28 53
2 29 18
2 29 33
2 29 37
2 29 39
2 29 51
2 29 68
2 30 10
2 30 33
2 30 38
2 30 41
2 30 72
2 31 23
2 31 33
2 31 58
2 31 63
2 32 8
2 32 52
2 32 67
2 33 41
2 33 44
2 33 48
2 33 68
2 33 72
2 34 11
2 34 22
2 34 33
2 34 68
2 34 75
2 35 16
2 35 28
2 35 37
2 35 52
2 35 54
2 35 69
2 36 33
2 36 48
2 36 56
2 36 70
2 37 68
2 37 71
2 38 2
2 38 22
2 38 34
2 39 2
2 39 9
2 39 15
2 40 27
2 40 59
2 40 74
2 41 16
2 41 56
2 41 57
2 42 10
2 42 19
2 42 52
2 43 48
2 43 59
2 43 72
2 44 8
2 44 18
2 44 52
2 44 67
2 44 71
2 45 10
2 45 19
2 45 29
2 46 12
2 46 30
2 46 33
2 46 45
2 46 52
2 46 72
2 46 73
2 47 1
2 47 69
2 48 2
2 48 9
2 48 68
2 49 33
2 49 67
2 49 69
2 49 74
2 50 0
2 50 8
2 50 26
2 50 27
2 50 52
2 51 44
2 51 49
2 51 55
2 51 74
2 52 28
2 52 41
2 52 57
2 53 11
2 53 35
2 53 50
2 53 67
2 54 3
2 54 23
2 54 29
2 55 49
2 55 72
2 56 5
2 56 13
2 56 34
2 57 9
2 57 27
2 57 61
2 58 40
2 58 61
2 58 63
2 59 26
2 59 31
2 59 42
2 59 64
2 60 22
2 60 28
2 60 50
2 60 51
2 60 67
2 61 56
2 61 62
2 61 70
2 62 61
2 62 74
2 63 13
2 63 68
2 64 25
2 64 32
2 64 49
2 64 60
3 0 12
3 0 15
3 0 33
3 0 64
3 1 7
3 1 8
3 1 24
3 1 56
3 2 2
3 2 4
3 2 6
3 2 39
3 2 63
3 2 64
3 3 8
3 3 34
3 4 8
3 4 19
3 4 50
3 4 58
3 4 60
3 5 0
3 5 2
3 5 6
3 5 8
3 5 10
3 5 12
3 5 14
3 5 15
3 5 23
3 5 43
3 5 54
3 6 19
3 6 44
3 6 58
3 7 8
3 7 32
3 7 58
3 8 7
3 8 13
3 8 53
3 9 0
3 9 17
3 9 28
3 10 12
3 10 18
3 11 7
3 11 13
3 11 41
3 12 11
3 12 30
3 12 45
3 12 48
3 12 65
3 13 7
3 13 20
3 13 24
3 13 44
3 13 63
3 14 0
3 14 10
3 14 17
3 14 23
3 14 31
3 14 36
3 14 43
3 14 63
3 15 12
3 15 29
3 15 32
3 15 59
3 16 5
3 16 8
3 16 15
3 16 59
3 17 62
3 18 0
3 18 9
3 18 10
3 18 11
3 18 28
3 18 51
3 18 56
3 19 10
3 19 12
3 19 13
3 19 14
3 19 59
3 19 60
3 19 66
3 20 11
3 20 16
3 20 30
3 20 44
3 20 54
3 21 5
3 22 10
3 22 26
3 22 37
3 22 38
3 23 22
3 23 23
3 23 31
3 23 54
3 23 64
3 24 8
3 24 9
3 24 13
3 24 18
3 24 43
3 24 54
3 24 62
3 24 63
3 25 28
3 25 40
3 26 5
3 26 14
3 26 27
3 27 17
3 27 30
3 27 45
3 27 46
3 27 53
3 27 54
3 27 66
3 28 28
3 28 57
3 29 0
3 29 1
3 29 18
3 29 43
3 29 54
3 29 55
3 30 5
3 30 23
3 30 33
3 30 34
3 30 53
3 31 66
3 32 2
3 32 4
3 32 13
3 32 14
3 32 45
3 32 48
3 32 51
3 32 54
3 32 63
3 33 1
3 33 6
3 33 17
3 33 21
3 33 29
3 33 30
3 33 60
3 34 7
3 34 47
3 34 57
3 34 65
3 35 7
3 35 40
3 35 46
3 35 50
3 35 56
3 35 63
3 36 28
3 36 38
3 37 1
3 37 23
3 37 35
3 37 61
3 38 2
3 38 23
3 38 41
3 38 55
3 38 65
3 39 13
3 39 47
3 41 1
3 41 2
3 41 9
3 41 12
3 41 18
3 41 35
3 42 12
3 42 14
3 42 38
3 42 42
3 42 51
3 42 62
3 42 65
3 43 1
3 43 5
3 43 54
3 44 2
3 44 8
3 45 12
3 45 15
3 45 55
3 46 24
3 47 15
3 47 53
3 48 47
3 49 1
3 49 3
3 49 28
3 49 29
3 49 44
3 49 46
3 50 25
3 50 43
3 50 44
3 50 48
3 50 52
3 51 20
3 51 23
3 52 2
3 52 5
3 52 13
3 52 26
3 52 28
3 52 51
3 52 64
3 53 7
3 53 48
3 53 49
3 53 53
3 53 58
3 54 62
3 55 44
3 55 53
3 55 65
3 56 9
3 56 10
3 56 38
3 56 46
3 57 9
3 57 16
3 57 32
3 57 58
3 58 9
3 58 27
3 58 41
3 58 42
3 58 55
3 58 58
3 59 27
3 59 49
3 59 50
3 59 56
3 59 59
3 60 1
3 60 6
3 62 19
3 62 32
3 62 61
3 63 31
3 63 42
3 63 48
3 64 6
3 64 49
3 65 45
3 65 65
3 66 0
3 66 10
3 66 32
3 66 61
3 67 46
3 68 47
3 68 63
3 69 14
3 69 56
3 69 61
3 69 65
3 70 4
3 70 9
3 70 40
3 70 52
3 71 13
3 71 17
3 71 34
3 71 55
3 71 56
3 72 5
3 72 26
3 72 28
3 72 37
3 72 54
3 72 56
3 72 64
3 73 26
3 73 32
3 73 39
3 73 45
3 73 52
3 74 6
3 74 34
3 75 36
3 75 55
3 75 58
4 0 5
4 0 19
4 0 20
4 0 30
4 0 67
4 1 0
4 1 4
4 1 19
4 1 58
4 1 75
4 2 9
4 2 23
4 2 31
4 2 48
4 2 54
4 2 69
4 2 77
4 2 82
4 3 13
4 3 18
4 3 23
4 3 24
4 3 40
4 3 46
4 3 53
4 3 64
4 4 7
4 4 11
4 4 23
4 4 44
4 4 61
4 5 1
4 5 11
4 5 17
4 5 18
4 5 40
4 5 42
4 5 57
4 5 80
4 5 85
4 6 1
4 6 11
4 6 25
4 6 65
4 6 75
4 6 77
4 7 0
4 7 2
4 7 40
4 7 66
4 7 69
4 8 11
4 8 23
4 8 46
4 9 0
4 9 16
4 9 17
4 9 23
4 9 68
4 10 3
4 10 9
4 10 55
4 10 60
4 11 6
4 11 7
4 11 16
4 11 21
4 11 38
4 11 76
4 12 18
4 12 19
4 12 62
4 12 83
4 13 3
4 13 15
4 13 23
4 13 34
4 13 50
4 13 51
4 13 73
4 14 2
4 14 15
4 14 61
4 14 63
4 14 74
4 14 79
4 14 82
4 15 13
4 15 14
4 15 18
4 15 21
4 15 47
4 15 55
4 16 5
4 16 49
4 16 62
4 17 11
4 17 26
4 17 32
4 17 43
4 17 59
4 17 68
4 17 71
4 17 85
4 18 24
4 18 28
4 18 35
4 18 65
4 19 36
4 19 42
4 19 51
4 20 8
4 20 10
4 20 32
4 20 40
4 21 2
4 21 44
4 21 49
4 22 11
4 22 41
4 22 44
4 22 51
4 22 58
4 22 61
4 22 78
4 23 6
4 23 7
4 23 22
4 23 30
4 24 6
4 24 14
4 24 52
4 25 35
4 25 36
4 25 41
4 25 72
4 25 77
4 26 11
4 26 30
4 26 57
4 26 71
4 26 79
4 27 39
4 27 59
4 27 60
4 27 69
4 27 71
4 27 81
4 28 37
4 28 63
4 28 67
4 28 84
4 29 40
4 29 41
4 29 56
4 29 68
4 29 69
4 30 0
4 30 5
4 30 30
4 30 52
4 30 64
4 30 67
4 30 81
4 31 67
4 31 84
4 32 11
4 32 45
4 32 51
4 32 78
4 33 38
4 33 44
4 33 46
4 33 47
4 33 61
4 34 68
4 34 76
4 34 81
4 34 82
4 35 0
4 35 12
4 35 57
4 36 22
4 36 27
4 36 63
4 36 85
4 37 22
4 37 28
4 37 47
4 37 64
4 38 11
4 38 16
4 38 20
4 38 56
4 39 7
4 39 13
4 39 19
4 39 28
4 39 74
4 39 86
4 40 39
4 40 42
4 40 43
4 40 53
4 40 63
4 40 77
4 41 0
4 41 51
4 41 55
4 41 72
4 42 52
4 42 71
4 43 21
4 43 36
4 43 46
4 43 61
4 44 13
4 44 29
4 44 40
4 44 66
4 45 12
4 45 27
4 45 56
4 45 58
4 45 67
4 45 72
4 46 12
4 46 45
4 46 51
4 46 83
4 47 55
4 47 67
4 47 69
4 47 71
4 47 73
4 48 37
4 48 53
4 48 59
4 48 69
4 48 70
4 48 79
4 49 11
4 49 16
4 49 29
4 49 41
4 49 63
4 50 41
4 50 43
4 50 78
4 50 80
4 51 28
4 51 67
4 52 16
4 52 17
4 52 39
4 52 43
4 52 67
4 52 68
4 52 79
4 52 85
4 53 33
4 53 39
4 53 52
4 53 64
4 54 5
4 54 27
4 54 32
4 54 36
4 55 14
4 55 22
4 55 39
4 55 41
4 55 48
4 55 69
4 56 37
4 56 54
4 56 75
4 56 86
4 57 61
4 57 63
4 57 80
4 58 19
4 58 30
4 58 34
4 58 43
4 58 50
4 58 60
4 58 67
4 58 85
4 58 86
4 59 7
4 59 8
4 59 13
4 59 16
4 59 17
4 60 10
4 60 23
4 60 25
4 60 46
4 60 47
4 60 58
4 60 63
4 60 65
4 60 67
4 61 13
4 61 14
4 61 15
4 61 66
4 62 11
4 62 37
4 62 40
4 62 69
4 62 86
4 63 7
4 63 71
4 63 83
4 64 8
4 64 25
4 64 28
4 64 48
4 64 62
4 65 8
4 65 71
4 66 28
4 66 44
4 66 67
4 66 79
4 66 82
5 0 0
5 0 52
5 1 15
5 1 33
5 1 49
5 1 54
5 2 1
5 2 3
5 2 7
5 2 12
5 3 10
5 3 39
5 4 5
5 4 45
5 4 49
5 5 3
5 5 15
5 5 34
5 6 0
5 6 3
5 6 8
5 6 35
5 6 48
5 6 51
5 7 15
5 7 16
5 8 3
5 8 21
5 9 6
5 9 14
5 9 49
5 9 54
5 9 55
5 10 3
5 10 25
5 10 36
5 11 0
5 11 35
5 11 43
5 12 18
5 12 21
5 12 47
5 13 0
5 13 2
5 13 21
5 13 37
5 14 26
5 15 3
5 15 33
5 16 1
5 16 4
5 16 10
5 16 19
5 16 23
5 16 55
5 17 34
5 17 41
5 18 13
5 18 38
5 19 1
5 19 3
5 19 9
5 19 11
5 19 17
5 19 45
5 20 0
5 20 7
5 20 43
5 21 3
5 21 6
5 21 8
5 21 10
5 21 13
5 21 16
5 21 29
5 21 46
5 22 3
5 22 31
5 22 45
5 22 51
5 22 54
5 23 3
5 23 6
5 23 10
5 24 7
5 24 14
5 24 15
5 24 58
5 25 2
5 25 3
5 25 6
5 25 12
5 25 26
5 25 37
5 25 56
5 26 3
5 26 29
5 26 38
5 27 9
5 27 10
5 27 23
5 27 35
5 27 46
5 28 8
5 28 32
5 28 40
5 29 5
5 29 9
5 29 23
5 29 40
5 30 14
5 30 26
5 30 39
5 31 3
5 31 10
5 31 50
5 31 56
5 32 1
5 32 7
5 32 47
5 33 14
5 33 15
5 33 17
5 33 48
5 34 15
5 34 16
5 34 17
5 34 26
5 34 32
5 34 51
5 34 52
5 35 40
5 35 41
5 35 56
5 36 6
5 38 2
5 38 55
5 39 13
5 39 16
5 39 18
5 39 21
5 39 34
5 40 1
5 40 20
5 40 28
5 40 50
5 41 14
5 41 17
5 41 21
5 41 35
5 42 39
5 43 10
5 43 27
5 43 51
5 44 33
5 44 41
5 45 15
5 45 48
5 45 53
5 46 48
5 47 13
5 47 30
5 47 52
5 47 56
5 48 22
5 49 2
5 49 12
5 49 26
5 49 39
5 49 45
5 49 48
5 50 30
5 50 40
5 50 52
5 51 4
5 51 30
5 51 32
5 51 36
5 51 53
5 52 15
5 52 27
5 52 29
5 52 53
5 52 54
5 53 3
5 53 51
5 53 55
5 54 11
5 54 13
5 55 5
5 55 14
5 55 32
5 55 45
5 55 57
5 56 4
5 56 11
5 56 31
5 56 36
5 56 37
5 57 15
5 57 20
5 57 29
5 57 49
5 58 5
5 58 25
5 58 40
5 58 42
5 58 46
5 58 55
5 59 11
5 59 27
5 60 4
5 60 5
5 60 8
5 60 29
5 60 41
5 60 43
5 61 10
5 61 12
5 62 19
5 62 33
5 63 12
5 63 34
5 64 1
5 64 13
5 64 14
5 65 2
5 65 19
5 65 43
5 65 53
5 65 55
5 66 44
5 66 49
5 67 19
5 67 52
5 67 55
5 68 12
5 68 18
5 69 24
5 69 49
5 72 12
5 72 18
5 72 59
5 73 19
5 73 34
5 75 28
5 75 47
5 75 49
5 76 16
5 76 21
5 76 22
5 76 54
5 77 6
5 77 16
5 77 18
5 77 24
5 77 35
5 78 2
5 78 3
5 78 5
5 78 28
5 79 15
5 79 28
5 79 32
5 79 33
5 79 34
5 79 36
5 79 58
5 80 7
5 80 31
5 81 50
5 81 55
5 82 2
5 82 26
5 82 41
5 82 44
5 82 47
5 82 54
5 83 25
5 84 27
5 84 33
5 84 48
5 85 1
5 86 0
5 86 1
5 86 7
5 86 39