12275
7
106 137 142 144 136 136 128
3349

0 0 0 0 0 849 96 433 279 490 0 421 294 0 33 0 0 0 138 335 0 456 726 0 0 4 21 0 75 0 62 64 0 0 50 0 82 0 0 85 0 0 0 42 0 0 37 0 5 0 47 33 36 0 0 0 30 39 26 0 0 0 93 30 0 55 0 0 32 50 45 0 71 0 0 28 76 96 0 0 0 0 0 88 91 0 0 37 0 0 62 18 26 30 57 0 0 0 0 28 48 0 67 0 0 0
0 0 0 34 0 879 0 0 0 718 213 619 220 0 473 0 0 835 256 0 0 417 530 358 321 319 212 834 249 183 0 0 41 6 12 0 29 0 8 10 0 0 61 3 0 0 0 0 0 76 32 4 63 0 0 0 93 98 82 21 0 26 0 0 0 58 21 32 0 0 0 0 60 0 0 0 0 87 0 41 22 75 35 0 35 91 85 64 0 0 42 0 76 0 80 90 77 5 72 82 42 15 0 0 57 7 0 52 0 0 0 0 0 0 87 89 30 0 0 51 0 0 32 21 0 45 43 0 0 90 0 0 0 0 12 0 36
0 221 0 0 675 317 0 0 0 0 0 953 0 682 495 558 677 0 0 123 0 0 0 13 0 595 462 0 456 690 883 0 0 25 0 45 0 74 56 76 59 0 94 0 36 0 0 0 0 95 0 79 0 0 0 62 0 0 47 0 0 98 0 0 0 0 0 0 0 0 0 0 47 0 99 37 0 0 85 22 0 0 61 0 0 0 0 0 0 0 0 0 0 85 14 17 60 0 44 4 81 0 64 58 96 37 51 0 1 0 0 0 86 0 0 91 0 13 62 0 87 34 38 0 8 0 5 0 0 44 0 0 63 67 0 26 0 0 0 0 0 0
468 0 0 335 250 319 0 392 522 316 0 0 574 803 828 344 96 618 715 0 688 0 0 48 0 0 561 962 0 959 0 167 52 38 0 86 89 57 0 0 0 18 51 0 0 93 31 100 84 0 0 0 69 73 41 0 49 0 0 91 0 86 39 93 1 0 0 37 0 0 0 0 14 0 57 0 91 0 0 2 0 0 65 0 44 0 35 7 0 0 22 0 0 93 39 48 48 83 28 60 18 0 80 0 21 0 66 0 0 99 0 7 71 0 22 7 0 56 0 61 27 0 35 0 25 37 0 89 69 0 55 0 68 12 41 0 0 0 0 31 0 0 0 88
0 0 0 316 0 0 0 178 946 0 776 0 0 0 0 0 377 0 0 0 300 0 0 605 0 0 914 191 0 862 47 0 0 87 64 86 50 0 0 0 0 56 0 68 58 0 74 0 0 0 0 84 0 85 100 26 87 30 58 18 0 1 0 62 0 100 4 51 9 0 51 0 0 29 70 76 0 32 0 36 66 0 0 0 84 7 0 0 14 0 91 0 0 97 12 0 78 44 64 65 0 0 42 57 88 19 0 8 4 98 38 73 97 29 46 0 53 17 23 0 0 38 25 65 21 0 0 0 12 84 0 0 38 0 0 0
0 617 0 0 0 965 280 161 13 870 0 0 0 893 466 888 0 0 149 383 0 0 733 0 0 840 0 472 150 0 0 68 0 0 0 0 0 43 0 60 35 18 0 100 90 61 67 40 10 84 0 58 0 39 0 26 92 0 0 62 0 0 58 0 0 0 0 0 0 0 0 0 97 0 53 80 0 24 77 26 7 0 0 61 0 97 0 0 8 73 0 56 0 37 0 0 53 21 36 42 0 49 19 0 58 0 0 0 0 0 0 0 0 0 43 0 0 0 79 0 0 0 76 0 71 0 0 0 93 0 0 0 0 26 0 0
275 812 0 785 107 0 0 0 0 0 445 187 219 574 86 0 0 0 710 0 972 0 928 0 708 272 0 354 0 98 70 0 0 0 9 0 100 0 26 0 0 0 26 62 0 0 33 25 71 88 0 8 0 0 0 82 0 44 0 48 86 67 0 0 74 0 81 0 0 0 16 0 29 0 83 79 0 82 87 0 86 35 59 45 28 58 35 92 67 0 93 31 0 97 38 3 69 38 13 0 0 75 0 11 0 100 0 0 94 40 0 0 19 63 78 0 0 0 52 0 0 26 0 74 0 80 28 49

0 0 8
0 0 12
0 0 15
0 0 19
0 0 24
0 0 38
0 0 49
0 0 85
0 1 5
0 1 8
0 1 10
0 1 13
0 1 15
0 1 25
0 1 27
0 1 69
0 1 97
0 2 3
0 2 4
0 2 5
0 2 14
0 2 15
0 2 21
0 2 25
0 2 64
0 2 82
0 2 96
0 3 14
0 3 17
0 3 28
0 3 53
0 3 100
0 3 112
0 3 127
0 3 129
0 4 2
0 4 3
0 4 13
0 4 16
0 4 17
0 4 30
0 4 78
0 4 135
0 5 4
0 5 9
0 5 11
0 5 12
0 5 13
0 5 20
0 5 24
0 5 28
0 6 4
0 6 24
0 6 28
0 6 65
0 6 113
0 7 3
0 7 8
0 7 9
0 7 10
0 7 13
0 7 14
0 7 28
0 7 30
0 7 92
0 8 7
0 8 9
0 8 15
0 8 135
0 9 1
0 9 4
0 9 5
0 9 6
0 9 10
0 9 14
0 9 20
0 9 86
0 9 95
0 10 6
0 10 8
0 10 12
0 10 25
0 10 61
0 10 66
0 10 120
0 11 2
0 11 5
0 11 6
0 11 15
0 11 29
0 11 61
0 11 108
0 11 125
0 12 5
0 12 7
0 12 22
0 12 62
0 12 97
0 12 102
0 13 9
0 13 15
0 13 18
0 13 21
0 13 22
0 13 26
0 13 42
0 13 55
0 13 133
0 14 9
0 14 11
0 14 13
0 14 15
0 14 22
0 14 102
0 15 21
0 15 26
0 15 30
0 15 131
0 16 7
0 16 16
0 16 20
0 16 21
0 16 58
0 16 100
0 16 118
0 16 121
0 16 128
0 16 134
0 17 2
0 17 13
0 17 20
0 17 26
0 17 40
0 17 42
0 17 61
0 17 65
0 17 109
0 18 8
0 18 25
0 18 30
0 18 71
0 19 0
0 19 1
0 19 7
0 19 15
0 19 16
0 19 18
0 19 21
0 19 23
0 19 24
0 19 27
0 19 28
0 19 30
0 19 59
0 19 60
0 20 1
0 20 2
0 20 11
0 20 20
0 20 22
0 20 96
0 20 97
0 20 101
0 20 109
0 20 110
0 20 130
0 21 0
0 21 9
0 21 13
0 21 19
0 21 20
0 21 23
0 21 53
0 21 58
0 21 81
0 21 113
0 21 131
0 22 0
0 22 2
0 22 9
0 22 10
0 22 12
0 22 13
0 22 36
0 22 63
0 22 73
0 22 77
0 22 97
0 22 111
0 22 130
0 22 134
0 23 14
0 23 16
0 23 28
0 23 38
0 23 77
0 23 117
0 24 41
0 24 60
0 24 98
0 24 127
0 24 134
0 25 14
0 25 39
0 25 41
0 25 66
0 25 92
0 25 93
0 26 46
0 26 58
0 26 68
0 26 79
0 26 121
0 27 10
0 27 72
0 27 112
0 27 121
0 27 131
0 28 22
0 28 42
0 28 48
0 28 57
0 28 76
0 29 15
0 29 59
0 29 96
0 29 111
0 30 113
0 31 51
0 31 72
0 31 102
0 32 9
0 32 42
0 32 114
0 33 36
0 33 78
0 33 83
0 33 123
0 34 57
0 34 78
0 36 27
0 36 45
0 36 96
0 36 126
0 37 11
0 37 31
0 37 107
0 37 123
0 38 79
0 38 82
0 38 101
0 39 6
0 39 39
0 39 44
0 39 52
0 39 85
0 39 101
0 39 103
0 40 0
0 40 20
0 40 53
0 40 80
0 40 81
0 41 3
0 41 7
0 41 30
0 41 43
0 41 61
0 41 113
0 43 91
0 43 119
0 44 1
0 44 57
0 44 107
0 45 19
0 45 90
0 45 99
0 45 130
0 46 25
0 46 60
0 46 70
0 46 92
0 46 106
0 46 122
0 47 62
0 47 74
0 47 98
0 47 124
0 48 48
0 48 64
0 48 89
0 49 30
0 49 54
0 49 56
0 49 72
0 49 80
0 49 113
0 50 13
0 50 50
0 50 89
0 50 106
0 50 110
0 50 111
0 51 21
0 51 33
0 51 75
0 51 121
0 51 123
0 53 55
0 53 114
0 53 133
0 54 27
0 54 29
0 54 30
0 54 60
0 54 73
0 54 78
0 54 83
0 54 118
0 55 17
0 56 68
0 56 101
0 56 121
0 57 77
0 57 107
0 57 133
0 58 2
0 58 34
0 58 64
0 58 79
0 58 91
0 59 12
0 59 64
0 59 70
0 59 76
0 59 113
0 60 87
0 61 7
0 61 31
0 61 35
0 61 79
0 62 15
0 62 122
0 63 71
0 63 134
0 64 26
0 64 51
0 64 71
0 65 17
0 65 18
0 65 29
0 65 55
0 65 80
0 66 27
0 66 36
0 66 101
0 66 103
0 66 111
0 67 41
0 67 42
0 67 48
0 67 128
0 68 76
0 68 103
0 68 108
0 69 63
0 69 94
0 70 55
0 71 40
0 71 68
0 71 90
0 71 134
0 72 67
0 72 89
0 72 109
0 73 10
0 73 35
0 73 37
0 73 58
0 74 96
0 74 103
0 74 130
0 75 0
0 75 23
0 75 64
0 75 68
0 75 76
0 76 56
0 76 60
0 77 12
0 77 20
0 77 39
0 77 114
0 77 124
0 79 11
0 79 134
0 80 22
0 80 91
0 80 119
0 80 124
0 81 75
0 81 76
0 81 93
0 81 95
0 81 106
0 81 123
0 82 64
0 82 104
0 82 114
0 82 132
0 83 42
0 83 59
0 83 61
0 83 64
0 83 92
0 83 118
0 84 17
0 84 33
0 84 47
0 84 52
0 84 69
0 85 59
0 85 66
0 85 72
0 85 79
0 85 84
0 85 97
0 85 100
0 86 85
0 87 36
0 87 71
0 87 103
0 88 32
0 88 66
0 88 67
0 89 6
0 89 111
0 89 113
0 89 122
0 90 41
0 90 102
0 90 127
0 91 67
0 91 93
0 92 83
0 93 1
0 93 11
0 93 40
0 93 75
0 94 32
0 94 49
0 94 106
0 95 39
0 95 42
0 95 86
0 96 3
0 96 32
0 96 69
0 96 103
0 96 133
0 97 26
0 97 27
0 97 83
0 97 103
0 97 123
0 98 10
0 98 33
0 98 107
0 98 110
0 98 130
0 99 19
0 99 32
0 99 73
0 99 91
0 99 130
0 100 85
0 100 86
0 100 90
0 100 92
0 101 46
0 101 94
0 101 107
0 101 135
0 102 28
0 103 92
0 103 101
0 103 102
0 103 113
0 104 9
0 104 42
0 104 44
0 104 73
0 104 115
0 104 136
0 105 25
0 105 31
0 105 36
0 105 43
0 105 76
1 0 1
1 0 6
1 0 7
1 0 16
1 0 18
1 1 6
1 1 11
1 1 17
1 1 25
1 1 28
1 1 30
1 1 56
1 2 6
1 2 8
1 2 9
1 2 10
1 2 13
1 2 18
1 2 21
1 2 28
1 2 31
1 3 4
1 3 11
1 3 19
1 3 42
1 3 90
1 3 93
1 3 105
1 3 120
1 3 124
1 4 11
1 4 17
1 4 63
1 4 89
1 4 120
1 4 132
1 5 10
1 5 13
1 5 27
1 5 60
1 6 0
1 6 17
1 6 19
1 6 22
1 6 24
1 6 28
1 6 61
1 6 126
1 7 11
1 7 58
1 7 114
1 8 4
1 8 5
1 8 6
1 8 25
1 8 31
1 9 1
1 9 6
1 9 16
1 9 17
1 9 71
1 9 89
1 9 109
1 9 127
1 10 4
1 10 6
1 10 8
1 10 11
1 10 15
1 10 26
1 10 27
1 10 30
1 10 60
1 10 115
1 10 141
1 11 4
1 11 17
1 11 20
1 11 21
1 11 22
1 11 25
1 11 27
1 11 83
1 11 117
1 12 4
1 12 12
1 12 18
1 12 21
1 12 81
1 13 12
1 13 13
1 13 20
1 13 47
1 13 66
1 13 70
1 13 95
1 14 17
1 14 18
1 14 22
1 14 30
1 14 137
1 14 140
1 15 1
1 15 14
1 15 24
1 15 30
1 15 74
1 15 98
1 15 114
1 15 120
1 16 10
1 16 27
1 16 79
1 16 108
1 16 116
1 16 120
1 16 138
1 17 2
1 17 8
1 17 15
1 17 22
1 17 100
1 17 131
1 18 1
1 18 2
1 18 10
1 18 15
1 18 17
1 18 19
1 18 31
1 18 65
1 18 93
1 19 0
1 19 2
1 19 3
1 19 8
1 19 19
1 19 20
1 19 22
1 19 24
1 19 27
1 19 31
1 19 44
1 19 101
1 20 7
1 20 8
1 20 20
1 20 22
1 21 4
1 21 9
1 21 48
1 21 52
1 21 81
1 21 93
1 21 94
1 21 131
1 21 132
1 22 0
1 22 13
1 22 22
1 22 58
1 22 70
1 22 106
1 22 118
1 23 3
1 23 8
1 23 10
1 23 17
1 23 24
1 23 25
1 23 29
1 23 30
1 23 129
1 24 8
1 24 19
1 24 22
1 24 25
1 24 64
1 24 70
1 24 83
1 25 4
1 25 11
1 25 13
1 25 36
1 25 89
1 26 1
1 26 2
1 26 18
1 26 29
1 27 0
1 27 2
1 27 12
1 27 23
1 27 26
1 27 98
1 28 6
1 28 13
1 28 17
1 28 26
1 28 27
1 28 30
1 28 36
1 28 74
1 28 83
1 29 4
1 29 6
1 29 11
1 29 16
1 29 19
1 29 24
1 29 29
1 29 44
1 30 9
1 30 18
1 30 26
1 30 67
1 31 45
1 32 22
1 32 101
1 32 118
1 33 86
1 33 108
1 34 30
1 34 105
1 35 2
1 35 42
1 35 49
1 35 99
1 36 26
1 36 34
1 36 36
1 36 122
1 37 30
1 37 65
1 37 99
1 38 31
1 38 41
1 38 123
1 39 12
1 39 22
1 39 33
1 39 74
1 39 88
1 39 113
1 40 38
1 41 59
1 41 68
1 41 85
1 42 6
1 42 13
1 42 15
1 42 100
1 42 105
1 42 110
1 42 112
1 43 53
1 43 54
1 43 61
1 43 73
1 43 111
1 44 41
1 44 64
1 44 66
1 44 69
1 44 108
1 44 136
1 45 98
1 45 126
1 46 51
1 46 70
1 47 8
1 47 23
1 47 35
1 47 73
1 48 49
1 48 69
1 48 100
1 48 113
1 48 127
1 49 6
1 49 62
1 49 77
1 49 98
1 49 101
1 50 58
1 50 133
1 50 134
1 51 8
1 51 13
1 51 55
1 51 114
1 51 116
1 51 134
1 52 44
1 52 54
1 52 71
1 52 116
1 53 18
1 53 26
1 53 32
1 53 40
1 53 69
1 54 119
1 54 137
1 55 8
1 55 62
1 55 90
1 55 98
1 55 120
1 55 141
1 56 43
1 56 106
1 56 116
1 56 128
1 56 131
1 56 132
1 57 79
1 57 136
1 58 6
1 58 57
1 58 124
1 58 132
1 59 19
1 59 25
1 59 38
1 59 106
1 59 123
1 60 14
1 60 134
1 62 25
1 62 86
1 62 105
1 62 121
1 64 49
1 64 72
1 64 91
1 64 92
1 64 95
1 64 134
1 65 70
1 66 36
1 66 117
1 67 31
1 67 55
1 67 65
1 67 90
1 68 17
1 68 122
1 69 5
1 69 35
1 69 40
1 70 60
1 70 67
1 71 49
1 71 65
1 71 106
1 71 109
1 71 118
1 71 136
1 72 38
1 72 69
1 72 71
1 73 85
1 74 34
1 74 55
1 74 132
1 75 17
1 75 70
1 75 138
1 76 8
1 76 14
1 76 70
1 76 126
1 77 2
1 77 104
1 78 20
1 78 54
1 79 17
1 79 116
1 79 125
1 80 60
1 80 99
1 80 111
1 80 125
1 81 77
1 81 136
1 82 25
1 82 36
1 82 76
1 82 97
1 82 99
1 82 110
1 82 122
1 83 11
1 83 86
1 83 97
1 83 104
1 83 123
1 83 135
1 84 62
1 84 64
1 84 112
1 84 121
1 85 4
1 86 36
1 86 90
1 87 37
1 87 48
1 87 133
1 88 53
1 88 70
1 88 101
1 89 5
1 89 19
1 89 33
1 89 95
1 89 103
1 90 0
1 90 61
1 90 68
1 90 94
1 90 107
1 91 31
1 91 32
1 91 92
1 91 115
1 91 134
1 93 39
1 93 116
1 94 32
1 95 50
1 95 65
1 95 68
1 95 78
1 95 123
1 95 134
1 96 28
1 96 82
1 96 107
1 96 122
1 97 109
1 97 139
1 98 55
1 98 109
1 98 111
1 99 18
1 99 133
1 100 17
1 100 37
1 100 46
1 100 110
1 100 117
1 100 122
1 100 136
1 101 46
1 101 54
1 102 25
1 102 91
1 103 6
1 103 64
1 103 71
1 103 85
1 103 117
1 104 9
1 104 27
1 104 49
1 104 73
1 104 93
1 104 114
1 104 125
1 104 137
1 105 63
1 105 106
1 105 112
1 106 5
1 106 54
1 107 49
1 108 113
1 108 125
1 109 42
1 110 5
1 110 15
1 110 74
1 110 102
1 110 109
1 111 1
1 111 5
1 112 30
1 112 50
1 112 55
1 112 68
1 112 74
1 112 78
1 112 104
1 113 104
1 114 9
1 114 106
1 115 59
1 115 133
1 116 65
1 116 85
1 116 88
1 116 140
1 117 34
1 117 53
1 117 68
1 117 131
1 118 17
1 118 76
1 118 129
1 120 36
1 120 47
1 120 65
1 120 85
1 120 138
1 121 33
1 121 88
1 123 17
1 123 49
1 123 54
1 123 96
1 123 99
1 123 100
1 123 113
1 124 62
1 124 131
1 125 18
1 125 27
1 125 99
1 126 14
1 126 41
1 126 67
1 126 97
1 126 137
1 127 123
1 127 131
1 127 133
1 128 91
1 129 9
1 129 42
1 129 67
1 129 77
1 129 82
1 129 91
1 129 102
1 129 103
1 129 119
1 130 90
1 130 98
1 130 101
1 131 73
1 131 110
1 132 24
1 132 101
1 132 124
1 132 141
1 134 107
1 134 122
1 134 124
1 134 134
1 135 34
1 136 23
2 0 0
2 0 3
2 0 6
2 0 10
2 0 11
2 0 16
2 0 18
2 0 20
2 0 26
2 1 9
2 1 12
2 1 13
2 1 14
2 1 16
2 1 17
2 1 25
2 1 31
2 1 129
2 2 6
2 2 9
2 2 22
2 2 85
2 2 91
2 2 125
2 3 12
2 3 27
2 3 126
2 4 12
2 4 21
2 4 22
2 4 29
2 5 0
2 5 5
2 5 6
2 5 13
2 5 18
2 5 25
2 5 26
2 5 29
2 5 47
2 5 64
2 6 13
2 6 22
2 6 43
2 7 1
2 7 16
2 7 96
2 8 1
2 8 3
2 8 11
2 8 14
2 8 18
2 8 19
2 8 27
2 8 33
2 8 42
2 8 68
2 9 2
2 9 6
2 9 7
2 9 105
2 9 112
2 9 116
2 9 133
2 10 0
2 10 1
2 10 17
2 10 21
2 10 29
2 10 40
2 10 41
2 11 10
2 11 12
2 11 17
2 11 18
2 11 20
2 11 44
2 11 101
2 11 110
2 12 7
2 12 22
2 12 23
2 12 30
2 12 47
2 12 60
2 12 78
2 12 82
2 12 120
2 13 12
2 13 28
2 13 33
2 13 34
2 13 118
2 13 119
2 14 11
2 14 13
2 14 18
2 14 20
2 14 26
2 14 28
2 14 60
2 15 3
2 15 16
2 15 24
2 15 85
2 16 0
2 16 4
2 16 8
2 16 9
2 16 24
2 16 28
2 16 29
2 16 40
2 16 126
2 17 8
2 17 10
2 17 17
2 17 26
2 17 29
2 17 32
2 17 57
2 17 73
2 18 1
2 18 14
2 18 19
2 18 20
2 18 23
2 18 26
2 18 41
2 18 73
2 19 4
2 19 8
2 19 10
2 19 14
2 19 15
2 19 21
2 19 70
2 20 20
2 20 21
2 20 25
2 20 34
2 20 39
2 20 79
2 20 110
2 21 1
2 21 6
2 21 9
2 21 12
2 21 13
2 21 75
2 21 80
2 21 120
2 22 5
2 22 7
2 22 9
2 22 10
2 22 11
2 22 40
2 22 65
2 22 106
2 22 121
2 22 140
2 23 0
2 23 17
2 23 24
2 23 26
2 23 30
2 23 38
2 23 121
2 24 0
2 24 7
2 24 12
2 24 15
2 24 20
2 24 21
2 24 27
2 24 28
2 24 29
2 24 36
2 24 101
2 24 110
2 24 125
2 24 127
2 25 4
2 25 25
2 25 28
2 25 30
2 25 49
2 26 12
2 26 13
2 26 14
2 26 16
2 26 22
2 26 24
2 27 12
2 27 16
2 27 18
2 27 19
2 27 27
2 27 63
2 27 77
2 27 92
2 27 103
2 27 128
2 28 11
2 28 16
2 28 26
2 28 28
2 28 54
2 28 101
2 28 104
2 29 1
2 29 4
2 29 6
2 29 12
2 29 25
2 29 61
2 29 73
2 29 132
2 30 1
2 30 17
2 30 28
2 30 31
2 30 34
2 30 68
2 31 17
2 31 20
2 31 22
2 31 26
2 31 126
2 32 51
2 32 130
2 33 45
2 33 63
2 33 101
2 34 69
2 34 91
2 34 108
2 34 112
2 34 120
2 34 142
2 34 143
2 35 11
2 35 39
2 36 34
2 36 59
2 36 102
2 36 103
2 36 109
2 37 101
2 37 109
2 37 138
2 38 94
2 38 108
2 38 135
2 39 16
2 39 49
2 40 39
2 40 79
2 40 80
2 41 44
2 41 86
2 41 136
2 42 16
2 42 22
2 42 26
2 42 47
2 42 77
2 43 22
2 43 70
2 44 73
2 44 82
2 44 85
2 44 141
2 45 74
2 46 84
2 46 99
2 46 101
2 47 76
2 47 125
2 48 92
2 48 106
2 48 142
2 49 53
2 49 68
2 49 83
2 50 9
2 50 24
2 50 35
2 50 83
2 51 29
2 51 53
2 51 87
2 52 134
2 53 24
2 53 137
2 54 9
2 54 24
2 54 38
2 54 48
2 54 57
2 54 88
2 54 106
2 55 6
2 55 43
2 56 38
2 57 108
2 57 120
2 58 2
2 58 85
2 58 99
2 59 103
2 60 22
2 60 117
2 61 38
2 61 44
2 61 59
2 61 122
2 62 93
2 63 10
2 63 19
2 63 35
2 63 42
2 63 47
2 63 79
2 63 90
2 63 101
2 63 102
2 63 140
2 64 54
2 64 64
2 64 125
2 64 127
2 65 12
2 65 63
2 65 140
2 66 2
2 66 23
2 66 37
2 66 38
2 66 70
2 66 103
2 66 109
2 67 20
2 67 64
2 68 77
2 68 81
2 68 113
2 68 126
2 68 135
2 69 8
2 69 25
2 69 32
2 69 39
2 69 50
2 69 71
2 69 103
2 70 11
2 70 31
2 70 57
2 70 98
2 71 60
2 71 90
2 71 136
2 73 45
2 73 49
2 73 60
2 73 108
2 73 127
2 74 29
2 74 82
2 74 126
2 75 44
2 75 71
2 75 92
2 75 130
2 76 122
2 77 34
2 77 100
2 78 51
2 78 61
2 78 108
2 79 40
2 79 57
2 79 59
2 79 61
2 79 137
2 80 10
2 80 36
2 80 38
2 80 48
2 80 68
2 80 119
2 80 132
2 81 27
2 81 60
2 81 119
2 81 124
2 81 126
2 81 133
2 81 135
2 82 16
2 82 68
2 82 118
2 82 131
2 83 17
2 83 24
2 83 59
2 83 91
2 83 97
2 83 99
2 84 10
2 84 36
2 84 49
2 84 116
2 84 141
2 85 79
2 86 17
2 86 42
2 86 72
2 86 94
2 86 139
2 87 93
2 88 101
2 88 108
2 88 111
2 88 125
2 88 134
2 90 36
2 90 95
2 90 102
2 90 123
2 90 140
2 90 141
2 91 63
2 91 72
2 91 99
2 91 105
2 91 114
2 93 122
2 94 48
2 94 114
2 95 44
2 97 10
2 97 21
2 97 74
2 97 92
2 97 95
2 97 123
2 97 134
2 97 135
2 98 61
2 98 112
2 98 116
2 98 139
2 99 12
2 99 110
2 100 2
2 100 101
2 101 9
2 101 66
2 101 89
2 101 102
2 102 12
2 102 63
2 102 74
2 102 76
2 102 143
2 103 9
2 103 141
2 104 34
2 105 40
2 105 51
2 105 74
2 105 85
2 105 124
2 106 11
2 106 29
2 106 57
2 106 74
2 107 48
2 107 74
2 107 83
2 107 117
2 108 14
2 108 109
2 108 119
2 109 34
2 110 2
2 110 35
2 110 76
2 110 93
2 110 98
2 110 101
2 110 114
2 111 0
2 111 99
2 112 5
2 112 40
2 112 139
2 113 62
2 113 124
2 114 5
2 114 23
2 114 31
2 114 36
2 114 76
2 114 85
2 114 103
2 114 107
2 115 3
2 115 21
2 115 25
2 115 28
2 115 33
2 115 45
2 115 95
2 115 116
2 115 124
2 115 128
2 115 132
2 116 33
2 116 45
2 116 95
2 116 111
2 116 135
2 116 137
2 117 6
2 117 27
2 117 40
2 117 67
2 117 94
2 117 131
2 117 141
2 118 0
2 118 118
2 119 21
2 119 86
2 119 101
2 119 112
2 120 95
2 120 104
2 121 115
2 122 31
2 122 34
2 122 56
2 122 95
2 122 113
2 122 114
2 123 51
2 124 33
2 124 95
2 125 22
2 125 54
2 125 107
2 125 119
2 125 140
2 126 11
2 126 86
2 126 119
2 127 3
2 127 134
2 128 35
2 128 103
2 128 132
2 129 54
2 129 74
2 129 108
2 130 42
2 130 58
2 130 65
2 131 10
2 131 15
2 131 109
2 132 118
2 132 124
2 132 134
2 132 135
2 132 139
2 132 140
2 133 66
2 133 73
2 133 91
2 133 94
2 133 106
2 133 114
2 133 140
2 134 28
2 134 70
2 134 139
2 135 34
2 135 114
2 135 128
2 135 134
2 136 23
2 136 49
2 136 63
2 136 68
2 136 124
2 137 1
2 137 84
2 137 92
2 138 5
2 138 52
2 139 31
2 139 42
2 139 90
2 139 117
2 140 13
2 140 29
2 140 71
2 141 15
2 141 49
2 141 52
2 141 88
2 141 108
2 141 132
3 0 2
3 0 14
3 0 52
3 0 60
3 1 5
3 1 8
3 1 14
3 1 16
3 1 18
3 1 57
3 1 70
3 2 11
3 2 21
3 2 24
3 2 124
3 3 2
3 3 16
3 3 24
3 3 67
3 3 75
3 3 83
3 3 112
3 4 0
3 4 1
3 4 2
3 4 3
3 4 8
3 4 14
3 4 15
3 4 19
3 4 25
3 4 28
3 4 67
3 4 72
3 4 73
3 5 6
3 5 11
3 5 21
3 5 23
3 5 66
3 5 84
3 5 116
3 6 7
3 6 14
3 6 16
3 6 22
3 6 28
3 6 78
3 6 103
3 7 3
3 7 16
3 7 24
3 7 26
3 7 131
3 8 7
3 8 25
3 8 52
3 8 74
3 8 104
3 9 9
3 9 16
3 9 20
3 9 65
3 10 6
3 10 8
3 10 10
3 10 23
3 10 53
3 10 116
3 11 2
3 11 3
3 11 7
3 11 14
3 12 10
3 12 16
3 12 18
3 12 21
3 12 29
3 12 66
3 13 6
3 13 18
3 13 26
3 13 27
3 13 57
3 13 80
3 13 102
3 14 0
3 14 1
3 14 5
3 14 8
3 14 52
3 14 88
3 15 8
3 15 18
3 15 20
3 15 28
3 15 48
3 15 51
3 16 7
3 16 10
3 16 13
3 16 14
3 16 18
3 16 23
3 17 6
3 17 11
3 17 23
3 17 27
3 17 33
3 17 39
3 17 98
3 18 0
3 18 1
3 18 5
3 18 7
3 18 8
3 18 23
3 18 93
3 19 3
3 19 15
3 19 58
3 19 70
3 19 104
3 19 108
3 19 120
3 20 3
3 20 7
3 20 12
3 20 13
3 20 14
3 20 28
3 20 37
3 20 76
3 21 1
3 21 4
3 21 7
3 21 13
3 21 16
3 21 17
3 21 18
3 21 28
3 21 29
3 21 76
3 22 7
3 22 15
3 22 22
3 23 10
3 23 19
3 23 43
3 23 57
3 24 2
3 24 3
3 24 12
3 24 24
3 24 33
3 24 39
3 24 58
3 24 132
3 25 0
3 25 4
3 25 11
3 25 15
3 25 20
3 26 4
3 26 10
3 26 19
3 26 109
3 27 0
3 27 7
3 27 17
3 27 62
3 27 120
3 27 128
3 27 133
3 28 0
3 28 1
3 28 14
3 29 1
3 29 4
3 29 8
3 29 11
3 29 12
3 29 15
3 29 18
3 29 25
3 29 78
3 29 96
3 29 102
3 29 112
3 30 6
3 30 16
3 30 25
3 30 29
3 30 47
3 30 101
3 30 117
3 30 133
3 31 3
3 31 11
3 31 15
3 31 20
3 31 29
3 31 32
3 31 38
3 31 64
3 32 23
3 32 37
3 33 17
3 33 27
3 33 47
3 33 61
3 33 67
3 33 73
3 34 12
3 34 61
3 34 76
3 34 77
3 34 92
3 34 134
3 35 12
3 35 31
3 35 42
3 35 57
3 35 80
3 36 83
3 36 89
3 36 101
3 37 73
3 38 120
3 39 13
3 40 19
3 40 41
3 40 60
3 40 64
3 40 73
3 40 82
3 40 108
3 40 124
3 40 133
3 41 34
3 42 9
3 42 79
3 43 11
3 43 27
3 43 42
3 43 71
3 43 101
3 43 103
3 44 11
3 44 63
3 44 92
3 44 123
3 45 34
3 45 100
3 45 128
3 46 1
3 46 71
3 46 112
3 47 14
3 47 30
3 47 76
3 47 93
3 48 27
3 48 81
3 48 120
3 49 66
3 50 75
3 50 126
3 51 3
3 51 43
3 51 56
3 51 110
3 52 18
3 52 59
3 52 73
3 52 77
3 52 134
3 53 36
3 53 120
3 54 12
3 54 66
3 54 82
3 54 98
3 54 103
3 55 31
3 55 36
3 55 64
3 55 73
3 55 125
3 57 25
3 57 40
3 57 55
3 57 93
3 57 135
3 58 4
3 58 33
3 58 42
3 58 50
3 58 57
3 58 126
3 59 71
3 60 10
3 60 13
3 60 30
3 60 61
3 61 130
3 63 50
3 63 74
3 63 126
3 63 130
3 64 15
3 64 28
3 64 66
3 64 86
3 64 89
3 64 94
3 64 116
3 64 117
3 65 28
3 65 32
3 65 49
3 65 113
3 65 123
3 65 133
3 66 37
3 66 48
3 66 55
3 66 100
3 66 108
3 67 38
3 67 49
3 67 63
3 68 88
3 68 95
3 68 109
3 69 104
3 69 126
3 70 65
3 70 70
3 71 3
3 71 88
3 72 61
3 72 86
3 72 132
3 73 12
3 73 34
3 73 101
3 73 102
3 73 114
3 74 26
3 74 36
3 74 58
3 74 88
3 74 98
3 74 124
3 75 44
3 75 68
3 75 81
3 75 91
3 75 115
3 75 116
3 75 132
3 76 47
3 76 67
3 76 83
3 76 111
3 77 35
3 77 55
3 77 59
3 77 101
3 77 127
3 78 8
3 79 47
3 79 115
3 79 134
3 80 119
3 81 69
3 82 2
3 83 8
3 83 95
3 83 123
3 84 14
3 84 28
3 84 43
3 84 78
3 84 99
3 84 103
3 84 114
3 85 14
3 85 45
3 85 53
3 85 59
3 85 60
3 85 124
3 85 134
3 86 50
3 86 134
3 87 55
3 88 50
3 88 110
3 88 120
3 89 94
3 90 7
3 90 16
3 90 55
3 90 77
3 90 98
3 90 106
3 91 25
3 91 71
3 91 72
3 91 119
3 92 7
3 92 33
3 92 38
3 92 54
3 93 40
3 93 97
3 94 84
3 95 56
3 95 100
3 95 107
3 95 117
3 96 89
3 96 117
3 97 5
3 97 45
3 97 52
3 97 69
3 97 114
3 97 117
3 97 128
3 98 65
3 98 70
3 98 86
3 98 96
3 98 100
3 99 2
3 99 47
3 99 52
3 99 115
3 100 33
3 100 105
3 100 106
3 101 66
3 101 82
3 101 107
3 102 25
3 102 36
3 102 40
3 102 71
3 102 84
3 102 85
3 102 96
3 102 115
3 102 117
3 102 118
3 103 20
3 103 126
3 104 7
3 104 26
3 104 32
3 104 34
3 104 45
3 104 107
3 105 12
3 105 28
3 105 76
3 106 32
3 107 2
3 107 20
3 107 49
3 107 52
3 108 19
3 109 73
3 109 92
3 110 48
3 110 61
3 110 72
3 110 92
3 111 8
3 111 63
3 111 69
3 112 66
3 112 105
3 112 110
3 113 6
3 113 108
3 113 119
3 114 2
3 114 77
3 114 94
3 114 95
3 114 110
3 114 132
3 115 15
3 115 25
3 115 28
3 115 129
3 116 57
3 117 23
3 118 16
3 118 31
3 118 40
3 118 45
3 118 105
3 119 16
3 119 55
3 119 68
3 120 62
3 120 117
3 121 74
3 121 104
3 122 127
3 123 10
3 123 37
3 123 57
3 123 68
3 123 93
3 124 67
3 124 75
3 124 92
3 125 36
3 125 58
3 126 15
3 126 42
3 126 51
3 126 104
3 127 42
3 127 62
3 128 33
3 128 65
3 128 74
3 128 114
3 129 93
3 130 38
3 130 46
3 130 76
3 131 12
3 131 31
3 131 47
3 131 55
3 131 98
3 131 105
3 131 129
3 131 132
3 132 56
3 132 121
3 133 9
3 133 19
3 133 49
3 133 58
3 133 109
3 134 50
3 134 72
3 135 82
3 135 117
3 136 3
3 136 14
3 136 15
3 136 57
3 137 48
3 137 60
3 137 108
3 137 124
3 138 13
3 138 29
3 138 86
3 138 99
3 139 63
3 140 54
3 140 112
3 141 10
3 141 75
3 141 132
3 142 7
3 142 12
3 142 48
3 142 74
3 142 92
3 142 103
3 142 117
3 143 118
3 143 128
3 143 131
4 0 1
4 0 2
4 0 22
4 0 24
4 0 27
4 0 31
4 0 88
4 0 101
4 1 1
4 1 7
4 1 8
4 1 10
4 1 12
4 1 13
4 1 69
4 1 96
4 1 98
4 1 102
4 2 6
4 2 20
4 2 110
4 3 0
4 3 16
4 3 29
4 3 57
4 4 7
4 4 13
4 4 18
4 4 20
4 4 22
4 4 58
4 4 86
4 4 98
4 4 106
4 4 108
4 5 16
4 5 18
4 5 19
4 5 26
4 5 28
4 5 41
4 5 89
4 6 0
4 6 5
4 6 6
4 6 12
4 6 16
4 6 20
4 6 56
4 6 97
4 7 11
4 7 12
4 7 16
4 7 37
4 7 40
4 7 46
4 7 96
4 7 131
4 8 22
4 8 23
4 8 29
4 9 5
4 9 6
4 9 8
4 9 24
4 9 27
4 9 37
4 9 70
4 10 4
4 10 6
4 10 12
4 10 13
4 10 17
4 10 22
4 10 28
4 10 53
4 11 5
4 11 22
4 11 29
4 11 38
4 11 45
4 11 107
4 12 0
4 12 6
4 12 9
4 12 11
4 12 12
4 12 24
4 13 0
4 13 2
4 13 15
4 13 21
4 13 26
4 13 41
4 13 56
4 13 103
4 13 120
4 14 1
4 14 7
4 14 21
4 14 22
4 14 26
4 14 27
4 14 29
4 14 101
4 15 1
4 15 3
4 15 7
4 15 14
4 15 21
4 15 25
4 15 48
4 15 61
4 15 80
4 15 109
4 16 87
4 17 1
4 17 12
4 17 22
4 17 106
4 18 3
4 18 27
4 18 42
4 18 60
4 18 67
4 18 86
4 19 16
4 19 22
4 19 105
4 19 121
4 20 0
4 20 13
4 20 14
4 20 17
4 20 21
4 20 42
4 20 66
4 20 68
4 20 113
4 20 129
4 21 0
4 21 11
4 21 18
4 21 69
4 21 114
4 22 0
4 22 1
4 22 5
4 22 11
4 22 57
4 22 131
4 23 11
4 23 20
4 23 26
4 23 29
4 23 96
4 24 12
4 24 14
4 24 70
4 24 90
4 25 0
4 25 7
4 25 9
4 25 11
4 25 20
4 25 27
4 25 31
4 26 12
4 26 22
4 26 24
4 26 27
4 26 29
4 26 36
4 26 38
4 26 132
4 26 134
4 27 21
4 27 26
4 27 120
4 27 123
4 28 0
4 28 3
4 28 11
4 28 23
4 29 15
4 29 16
4 29 22
4 29 106
4 29 125
4 30 54
4 30 63
4 30 115
4 30 130
4 31 3
4 31 41
4 31 59
4 31 117
4 32 81
4 32 99
4 32 121
4 32 130
4 32 134
4 33 26
4 33 83
4 33 96
4 33 134
4 34 12
4 34 16
4 34 25
4 34 131
4 35 18
4 35 75
4 35 84
4 35 121
4 35 135
4 36 4
4 36 14
4 36 43
4 36 64
4 36 73
4 36 98
4 37 27
4 37 51
4 37 67
4 37 73
4 37 115
4 38 18
4 38 68
4 38 105
4 39 54
4 39 95
4 39 135
4 40 6
4 40 8
4 40 30
4 40 39
4 40 53
4 40 67
4 41 63
4 41 65
4 41 93
4 41 105
4 41 111
4 42 85
4 42 125
4 43 1
4 43 9
4 43 79
4 43 121
4 43 123
4 43 127
4 44 29
4 44 71
4 45 2
4 45 49
4 45 78
4 45 85
4 45 102
4 46 27
4 46 105
4 47 19
4 47 53
4 47 55
4 48 33
4 48 76
4 48 87
4 48 109
4 49 88
4 49 108
4 49 120
4 50 26
4 50 31
4 50 107
4 50 115
4 51 29
4 51 68
4 51 82
4 51 111
4 52 122
4 53 19
4 53 57
4 54 91
4 54 99
4 54 120
4 55 13
4 55 116
4 56 27
4 56 36
4 56 106
4 57 89
4 57 106
4 57 111
4 58 14
4 58 27
4 58 31
4 58 111
4 59 22
4 59 84
4 59 88
4 60 73
4 61 45
4 62 7
4 62 39
4 62 48
4 62 63
4 62 77
4 63 24
4 63 68
4 63 85
4 63 126
4 64 35
4 64 60
4 64 90
4 64 100
4 64 106
4 64 130
4 65 19
4 65 88
4 65 93
4 65 122
4 66 114
4 67 121
4 67 130
4 68 75
4 68 106
4 68 112
4 69 0
4 69 8
4 69 10
4 69 86
4 70 7
4 70 76
4 70 79
4 70 97
4 70 117
4 71 48
4 71 66
4 71 134
4 71 135
4 72 66
4 72 80
4 72 86
4 72 109
4 73 10
4 73 43
4 73 52
4 73 100
4 74 33
4 74 90
4 75 41
4 76 93
4 77 107
4 78 38
4 78 64
4 78 106
4 79 27
4 79 71
4 80 51
4 80 52
4 80 54
4 80 116
4 80 124
4 81 19
4 81 75
4 81 121
4 82 57
4 82 81
4 82 92
4 82 93
4 82 98
4 84 105
4 84 132
4 85 88
4 85 128
4 85 134
4 86 132
4 87 1
4 87 62
4 87 63
4 87 98
4 87 135
4 88 55
4 88 112
4 88 131
4 89 8
4 89 13
4 90 15
4 90 25
4 90 52
4 90 88
4 90 96
4 90 111
4 91 30
4 91 51
4 91 61
4 91 89
4 92 41
4 92 67
4 93 13
4 93 59
4 93 103
4 94 47
4 94 74
4 94 89
4 94 128
4 95 40
4 95 102
4 95 132
4 96 22
4 96 43
4 96 70
4 96 105
4 97 46
4 97 54
4 97 81
4 97 120
4 98 8
4 98 22
4 98 36
4 99 8
4 99 17
4 99 34
4 99 64
4 99 83
4 99 111
4 100 62
4 100 120
4 100 124
4 101 129
4 102 35
4 102 52
4 102 58
4 103 123
4 104 58
4 104 78
4 104 108
4 105 13
4 105 76
4 106 95
4 107 29
4 108 6
4 108 38
4 108 52
4 108 54
4 108 126
4 109 53
4 109 78
4 109 81
4 109 135
4 110 99
4 111 52
4 112 8
4 112 15
4 112 55
4 112 102
4 113 16
4 113 96
4 113 103
4 113 118
4 114 41
4 114 51
4 114 69
4 114 73
4 115 28
4 116 104
4 117 18
4 117 37
4 117 62
4 117 72
4 117 89
4 118 3
4 119 75
4 119 81
4 119 91
4 120 53
4 120 54
4 120 78
4 120 84
4 121 20
4 121 51
4 121 71
4 121 74
4 121 77
4 122 94
4 123 8
4 123 19
4 123 60
4 123 74
4 123 83
4 123 97
4 124 18
4 125 40
4 126 85
4 126 106
4 126 119
4 126 130
4 127 5
4 127 30
4 127 71
4 127 99
4 128 107
4 129 5
4 129 71
4 129 87
4 129 94
4 129 105
4 129 109
4 130 44
4 130 87
4 130 122
4 131 73
4 131 87
4 131 122
4 131 129
4 131 131
4 132 96
4 132 124
4 133 15
4 133 89
4 133 98
4 134 51
4 134 100
4 134 126
4 135 59
4 135 64
4 135 69
4 135 82
4 135 119
4 135 133
5 0 2
5 0 8
5 0 22
5 0 23
5 0 25
5 0 51
5 0 73
5 0 98
5 1 7
5 1 8
5 1 26
5 1 27
5 2 18
5 2 19
5 2 23
5 2 32
5 2 98
5 3 1
5 3 9
5 3 11
5 3 18
5 3 20
5 3 27
5 3 37
5 3 56
5 3 90
5 4 4
5 4 9
5 4 39
5 4 48
5 4 51
5 4 68
5 4 78
5 5 0
5 5 1
5 5 2
5 5 11
5 5 20
5 5 95
5 5 110
5 6 6
5 6 15
5 6 16
5 6 25
5 6 82
5 7 3
5 7 4
5 7 14
5 7 17
5 7 22
5 7 71
5 7 125
5 8 3
5 8 13
5 8 15
5 8 17
5 8 27
5 8 85
5 9 5
5 9 10
5 9 25
5 9 26
5 9 27
5 9 54
5 9 56
5 9 76
5 9 93
5 10 2
5 10 6
5 10 7
5 10 23
5 10 25
5 10 27
5 10 43
5 11 15
5 11 18
5 11 21
5 11 92
5 11 126
5 12 1
5 12 4
5 12 11
5 12 16
5 12 18
5 12 24
5 12 87
5 12 101
5 12 111
5 13 0
5 13 1
5 13 8
5 13 11
5 13 12
5 13 15
5 13 22
5 13 23
5 13 28
5 13 39
5 13 42
5 13 85
5 13 120
5 14 8
5 14 12
5 14 64
5 14 77
5 15 8
5 15 11
5 15 14
5 15 18
5 15 21
5 15 66
5 15 112
5 16 8
5 16 9
5 16 10
5 16 13
5 16 14
5 16 19
5 16 20
5 16 62
5 16 87
5 16 92
5 16 94
5 17 0
5 17 2
5 17 17
5 17 26
5 17 113
5 17 114
5 18 6
5 18 12
5 18 13
5 18 66
5 18 94
5 19 5
5 19 9
5 19 16
5 19 21
5 19 23
5 19 26
5 19 34
5 19 70
5 20 2
5 20 14
5 20 23
5 21 20
5 21 27
5 21 36
5 21 37
5 21 77
5 22 6
5 22 8
5 22 16
5 22 21
5 22 26
5 22 28
5 22 43
5 22 48
5 22 62
5 22 63
5 23 1
5 23 2
5 23 13
5 23 14
5 23 16
5 23 25
5 23 30
5 23 37
5 23 45
5 23 48
5 23 81
5 23 101
5 24 10
5 24 14
5 24 15
5 24 17
5 24 18
5 24 22
5 24 72
5 25 95
5 25 121
5 26 2
5 26 9
5 26 23
5 26 26
5 26 45
5 27 0
5 27 3
5 27 24
5 27 25
5 27 37
5 28 6
5 28 10
5 28 15
5 28 23
5 28 26
5 28 32
5 28 78
5 28 88
5 29 2
5 29 4
5 29 5
5 29 6
5 29 9
5 29 53
5 29 90
5 29 103
5 30 93
5 30 102
5 31 34
5 31 45
5 31 57
5 31 78
5 32 50
5 32 79
5 32 118
5 32 120
5 34 14
5 34 27
5 34 80
5 34 99
5 34 108
5 35 27
5 35 70
5 35 88
5 35 108
5 36 31
5 36 49
5 36 58
5 36 127
5 37 16
5 37 78
5 38 42
5 38 95
5 39 10
5 39 38
5 39 49
5 39 98
5 39 106
5 41 54
5 41 81
5 41 118
5 41 123
5 42 53
5 42 58
5 42 100
5 43 23
5 43 67
5 43 72
5 43 111
5 43 117
5 44 63
5 44 100
5 45 6
5 45 24
5 45 28
5 45 62
5 45 67
5 45 70
5 45 93
5 45 121
5 46 26
5 46 27
5 46 41
5 46 85
5 46 89
5 46 105
5 47 2
5 47 29
5 47 37
5 47 94
5 47 120
5 48 37
5 48 38
5 48 72
5 48 112
5 48 113
5 49 36
5 49 45
5 49 64
5 49 72
5 49 125
5 50 4
5 50 18
5 50 28
5 50 109
5 50 121
5 51 24
5 51 91
5 52 7
5 52 51
5 52 63
5 53 45
5 53 99
5 53 117
5 53 121
5 54 38
5 54 88
5 54 101
5 54 107
5 54 109
5 55 37
5 55 48
5 55 54
5 55 96
5 55 100
5 56 30
5 56 50
5 56 59
5 56 102
5 56 103
5 56 108
5 57 4
5 57 20
5 57 120
5 59 46
5 59 58
5 59 92
5 59 121
5 60 95
5 60 123
5 61 95
5 61 108
5 62 52
5 62 103
5 62 105
5 63 40
5 63 82
5 63 101
5 63 119
5 64 60
5 65 41
5 65 56
5 65 60
5 66 66
5 66 76
5 66 106
5 67 16
5 67 20
5 67 79
5 67 91
5 67 98
5 67 101
5 68 117
5 69 32
5 69 66
5 69 71
5 69 85
5 69 123
5 70 13
5 70 65
5 70 112
5 71 19
5 71 69
5 71 101
5 71 127
5 72 7
5 72 10
5 72 16
5 72 65
5 72 84
5 72 120
5 73 4
5 73 43
5 73 50
5 73 96
5 74 3
5 74 57
5 74 58
5 74 108
5 75 28
5 75 78
5 76 19
5 76 52
5 76 58
5 76 84
5 76 123
5 77 3
5 77 76
5 78 20
5 78 78
5 78 113
5 78 124
5 79 62
5 79 75
5 79 81
5 80 85
5 80 95
5 80 99
5 80 105
5 80 111
5 80 115
5 81 60
5 81 119
5 82 32
5 82 59
5 82 81
5 82 114
5 83 14
5 83 47
5 83 72
5 83 74
5 84 34
5 84 38
5 84 68
5 84 72
5 84 91
5 85 31
5 85 79
5 85 113
5 86 84
5 87 18
5 87 97
5 88 44
5 88 57
5 88 65
5 88 94
5 89 32
5 89 62
5 90 18
5 90 72
5 90 83
5 91 49
5 91 90
5 91 99
5 93 22
5 93 48
5 93 72
5 94 56
5 94 98
5 94 105
5 95 8
5 95 86
5 95 125
5 96 36
5 96 55
5 96 60
5 98 94
5 98 117
5 99 2
5 99 60
5 100 15
5 100 27
5 100 31
5 100 67
5 100 79
5 100 109
5 100 121
5 101 114
5 101 126
5 102 91
5 102 127
5 103 109
5 104 30
5 104 63
5 104 97
5 104 127
5 105 6
5 105 10
5 105 96
5 106 4
5 106 32
5 106 76
5 106 106
5 107 5
5 107 94
5 107 100
5 107 115
5 108 47
5 108 114
5 109 44
5 109 46
5 110 31
5 110 41
5 110 81
5 110 99
5 111 24
5 111 60
5 111 78
5 111 80
5 113 76
5 113 81
5 113 126
5 114 25
5 114 32
5 114 58
5 114 59
5 114 66
5 114 89
5 114 95
5 115 41
5 115 69
5 115 114
5 116 10
5 116 25
5 116 76
5 116 91
5 117 40
5 117 63
5 117 114
5 118 6
5 118 41
5 118 106
5 119 121
5 120 1
5 120 78
5 120 114
5 121 8
5 121 69
5 121 78
5 121 80
5 121 92
5 122 45
5 122 81
5 122 99
5 123 30
5 123 114
5 124 37
5 124 48
5 124 53
5 124 60
5 124 82
5 125 37
5 125 38
5 125 108
5 125 118
5 126 1
5 126 13
5 126 101
5 126 115
5 126 122
5 127 99
5 127 103
5 128 22
5 128 110
5 129 39
5 129 42
5 129 84
5 129 116
5 130 39
5 130 51
5 130 63
5 130 66
5 130 124
5 131 39
5 131 45
5 131 46
5 131 56
5 132 117
5 134 1
5 134 13
5 134 31
5 134 40
5 134 107
5 135 74
5 135 86
5 135 105