83
3
43 50 67
1650

274 288 0 0 0 0 0 0 0 0 0 0 0 0 0 565 0 734 657 0 514 515 0 799 563 0 0 0 0 0 394 548 0 782 80 0 0 0 725 0 735 0 962
834 906 206 1006 47 0 209 0 222 250 0 993 391 440 365 685 379 0 246 771 904 682 266 494 0 588 168 238 681 0 261 456 981 675 832 0 0 811 0 980 499 0 0 841 0 0 520 88 487 430
84 869 26 398 606 0 770 0 844 986 201 376 0 509 0 858 653 0 0 256 907 960 4 111 189 23 786 0 149 0 324 0 16 403 0 0 0 581 621 0 885 167 0 0 752 0 0 848 438 0 537 0 0 909 902 633 180 0 988 0 0 0 0 127 314 508 206

0 0 9
0 0 11
0 0 12
0 0 16
0 0 20
0 0 24
0 0 25
0 0 26
0 0 30
0 0 35
0 0 36
0 0 40
0 0 44
0 1 2
0 1 3
0 1 4
0 1 14
0 1 22
0 1 24
0 1 29
0 1 30
0 1 33
0 1 34
0 1 37
0 1 38
0 1 39
0 1 45
0 1 46
0 2 3
0 2 4
0 2 5
0 2 12
0 2 20
0 2 25
0 2 33
0 2 38
0 2 41
0 2 43
0 2 46
0 2 48
0 2 49
0 3 1
0 3 7
0 3 8
0 3 11
0 3 19
0 3 21
0 3 23
0 3 26
0 3 29
0 3 30
0 3 36
0 3 38
0 3 40
0 3 41
0 3 47
0 4 2
0 4 3
0 4 4
0 4 7
0 4 13
0 4 15
0 4 20
0 4 28
0 4 31
0 4 33
0 4 36
0 4 39
0 4 44
0 4 46
0 5 0
0 5 1
0 5 5
0 5 6
0 5 10
0 5 13
0 5 15
0 5 16
0 5 17
0 5 22
0 5 25
0 5 28
0 5 30
0 5 31
0 5 37
0 5 39
0 5 40
0 5 43
0 5 45
0 5 47
0 5 49
0 6 0
0 6 3
0 6 8
0 6 10
0 6 15
0 6 16
0 6 17
0 6 19
0 6 26
0 6 28
0 6 32
0 6 33
0 6 34
0 6 47
0 7 0
0 7 3
0 7 5
0 7 6
0 7 13
0 7 15
0 7 18
0 7 20
0 7 27
0 7 29
0 7 33
0 7 34
0 7 38
0 7 39
0 7 40
0 7 43
0 7 45
0 7 47
0 8 3
0 8 7
0 8 8
0 8 10
0 8 13
0 8 14
0 8 15
0 8 16
0 8 17
0 8 23
0 8 24
0 8 32
0 8 37
0 8 39
0 8 40
0 8 41
0 8 48
0 9 11
0 9 14
0 9 15
0 9 22
0 9 24
0 9 27
0 9 28
0 9 31
0 9 33
0 9 34
0 9 35
0 9 37
0 9 39
0 9 44
0 9 46
0 10 4
0 10 7
0 10 14
0 10 17
0 10 22
0 10 29
0 10 35
0 10 48
0 11 6
0 11 12
0 11 14
0 11 15
0 11 19
0 11 21
0 11 22
0 11 23
0 11 30
0 11 36
0 11 38
0 11 41
0 11 42
0 12 0
0 12 6
0 12 7
0 12 10
0 12 14
0 12 15
0 12 17
0 12 19
0 12 22
0 12 23
0 12 25
0 12 29
0 12 31
0 12 36
0 12 39
0 12 45
0 13 4
0 13 8
0 13 9
0 13 10
0 13 15
0 13 16
0 13 18
0 13 24
0 13 27
0 13 35
0 13 38
0 13 46
0 14 2
0 14 9
0 14 11
0 14 13
0 14 14
0 14 16
0 14 18
0 14 21
0 14 25
0 14 34
0 14 37
0 14 38
0 14 45
0 14 47
0 14 49
0 15 0
0 15 1
0 15 8
0 15 11
0 15 14
0 15 15
0 15 16
0 15 18
0 15 22
0 15 23
0 15 24
0 15 27
0 15 30
0 15 35
0 15 37
0 15 38
0 15 39
0 15 44
0 15 49
0 16 2
0 16 14
0 16 16
0 16 17
0 16 20
0 16 22
0 16 24
0 16 26
0 16 28
0 16 29
0 16 33
0 16 39
0 16 42
0 16 46
0 16 47
0 16 48
0 17 1
0 17 3
0 17 4
0 17 5
0 17 8
0 17 10
0 17 13
0 17 17
0 17 19
0 17 20
0 17 26
0 17 29
0 17 30
0 17 35
0 17 40
0 17 42
0 17 43
0 17 44
0 18 1
0 18 4
0 18 6
0 18 7
0 18 10
0 18 14
0 18 18
0 18 20
0 18 21
0 18 34
0 18 35
0 18 42
0 18 46
0 19 0
0 19 2
0 19 5
0 19 10
0 19 16
0 19 17
0 19 25
0 19 28
0 19 29
0 19 31
0 19 32
0 19 33
0 19 39
0 20 12
0 20 13
0 20 14
0 20 18
0 20 21
0 20 22
0 20 25
0 20 31
0 20 43
0 20 44
0 20 46
0 20 47
0 21 0
0 21 5
0 21 8
0 21 9
0 21 10
0 21 15
0 21 17
0 21 21
0 21 26
0 21 29
0 21 31
0 21 39
0 21 40
0 21 42
0 21 45
0 21 48
0 22 0
0 22 5
0 22 8
0 22 11
0 22 13
0 22 14
0 22 17
0 22 25
0 22 27
0 22 33
0 22 35
0 22 43
0 22 46
0 22 47
0 23 1
0 23 2
0 23 3
0 23 4
0 23 8
0 23 15
0 23 16
0 23 17
0 23 18
0 23 25
0 23 32
0 23 35
0 23 44
0 23 47
0 23 48
0 24 0
0 24 3
0 24 6
0 24 14
0 24 16
0 24 17
0 24 19
0 24 30
0 24 32
0 24 35
0 24 37
0 24 45
0 24 47
0 25 5
0 25 8
0 25 9
0 25 14
0 25 15
0 25 16
0 25 20
0 25 24
0 25 28
0 25 29
0 25 32
0 25 43
0 25 45
0 26 5
0 26 12
0 26 22
0 26 25
0 26 27
0 26 32
0 26 35
0 26 36
0 26 38
0 26 39
0 26 48
0 27 1
0 27 4
0 27 10
0 27 17
0 27 19
0 27 22
0 27 25
0 27 26
0 27 28
0 27 32
0 27 35
0 27 37
0 27 40
0 27 48
0 27 49
0 28 0
0 28 4
0 28 5
0 28 11
0 28 21
0 28 36
0 28 37
0 28 38
0 28 44
0 28 45
0 28 46
0 28 47
0 28 48
0 29 3
0 29 4
0 29 6
0 29 7
0 29 8
0 29 10
0 29 11
0 29 12
0 29 16
0 29 18
0 29 19
0 29 20
0 29 25
0 29 27
0 29 28
0 29 29
0 29 32
0 29 37
0 29 39
0 29 40
0 29 41
0 29 42
0 29 49
0 30 0
0 30 2
0 30 3
0 30 4
0 30 6
0 30 8
0 30 16
0 30 19
0 30 31
0 30 35
0 30 39
0 30 40
0 30 48
0 31 8
0 31 14
0 31 15
0 31 22
0 31 27
0 31 33
0 31 39
0 31 41
0 31 43
0 31 49
0 32 1
0 32 2
0 32 6
0 32 11
0 32 13
0 32 14
0 32 18
0 32 20
0 32 24
0 32 31
0 32 34
0 32 36
0 32 40
0 32 41
0 32 43
0 32 45
0 32 46
0 33 4
0 33 9
0 33 11
0 33 17
0 33 18
0 33 21
0 33 24
0 33 25
0 33 29
0 33 34
0 33 35
0 33 37
0 33 38
0 33 40
0 33 41
0 33 46
0 33 47
0 34 1
0 34 3
0 34 9
0 34 10
0 34 11
0 34 12
0 34 13
0 34 14
0 34 15
0 34 20
0 34 26
0 34 27
0 34 31
0 34 32
0 34 35
0 35 2
0 35 23
0 35 24
0 35 32
0 35 33
0 35 39
0 35 43
0 36 1
0 36 2
0 36 3
0 36 4
0 36 5
0 36 9
0 36 12
0 36 15
0 36 17
0 36 18
0 36 20
0 36 22
0 36 24
0 36 25
0 36 27
0 36 30
0 36 33
0 36 34
0 36 40
0 36 41
0 36 46
0 37 1
0 37 7
0 37 9
0 37 10
0 37 13
0 37 20
0 37 26
0 37 27
0 37 29
0 37 33
0 37 36
0 37 38
0 37 40
0 37 41
0 37 48
0 37 49
0 38 3
0 38 6
0 38 10
0 38 15
0 38 16
0 38 20
0 38 27
0 38 33
0 38 35
0 38 36
0 38 39
0 38 41
0 38 43
0 38 47
0 38 49
0 39 0
0 39 2
0 39 5
0 39 6
0 39 8
0 39 9
0 39 17
0 39 18
0 39 19
0 39 25
0 39 26
0 39 30
0 39 32
0 39 37
0 39 40
0 39 41
0 39 43
0 39 44
0 39 47
0 39 48
0 40 0
0 40 3
0 40 5
0 40 8
0 40 16
0 40 20
0 40 38
0 40 42
0 40 48
0 41 1
0 41 6
0 41 15
0 41 17
0 41 19
0 41 23
0 41 28
0 41 29
0 41 33
0 41 38
0 41 43
0 42 1
0 42 3
0 42 4
0 42 5
0 42 15
0 42 20
0 42 26
0 42 27
0 42 28
0 42 29
0 42 31
0 42 33
0 42 36
0 42 41
0 42 42
0 42 43
0 42 44
0 42 46
0 42 49
1 0 3
1 0 11
1 0 13
1 0 18
1 0 28
1 0 31
1 0 34
1 0 36
1 0 38
1 0 40
1 0 41
1 0 42
1 0 45
1 0 48
1 0 49
1 0 51
1 0 52
1 0 54
1 0 59
1 0 62
1 0 63
1 0 64
1 1 2
1 1 9
1 1 10
1 1 13
1 1 16
1 1 19
1 1 20
1 1 24
1 1 25
1 1 26
1 1 29
1 1 33
1 1 35
1 1 38
1 1 46
1 1 47
1 1 53
1 1 57
1 1 59
1 1 60
1 1 63
1 1 64
1 1 66
1 2 5
1 2 13
1 2 14
1 2 18
1 2 21
1 2 27
1 2 29
1 2 32
1 2 33
1 2 39
1 2 42
1 2 46
1 2 47
1 2 51
1 2 52
1 2 56
1 2 57
1 2 61
1 3 0
1 3 4
1 3 5
1 3 6
1 3 7
1 3 12
1 3 15
1 3 16
1 3 21
1 3 25
1 3 27
1 3 31
1 3 33
1 3 34
1 3 37
1 3 45
1 3 51
1 3 52
1 3 61
1 3 62
1 4 2
1 4 3
1 4 7
1 4 8
1 4 15
1 4 17
1 4 19
1 4 23
1 4 26
1 4 32
1 4 36
1 4 38
1 4 41
1 4 43
1 4 44
1 4 61
1 4 63
1 4 65
1 4 66
1 5 2
1 5 3
1 5 4
1 5 6
1 5 10
1 5 11
1 5 12
1 5 17
1 5 19
1 5 33
1 5 35
1 5 38
1 5 40
1 5 44
1 5 45
1 5 47
1 5 55
1 5 57
1 5 58
1 5 60
1 5 61
1 5 64
1 6 4
1 6 9
1 6 11
1 6 12
1 6 16
1 6 17
1 6 20
1 6 22
1 6 24
1 6 38
1 6 42
1 6 43
1 6 52
1 6 58
1 6 59
1 6 60
1 6 62
1 6 64
1 7 3
1 7 6
1 7 7
1 7 13
1 7 15
1 7 16
1 7 17
1 7 23
1 7 26
1 7 29
1 7 30
1 7 31
1 7 32
1 7 37
1 7 38
1 7 41
1 7 44
1 7 46
1 7 49
1 7 52
1 7 56
1 7 58
1 7 59
1 7 60
1 7 63
1 7 66
1 8 0
1 8 6
1 8 7
1 8 10
1 8 15
1 8 16
1 8 19
1 8 23
1 8 30
1 8 33
1 8 43
1 8 48
1 8 49
1 8 51
1 8 53
1 8 56
1 8 59
1 9 0
1 9 1
1 9 2
1 9 3
1 9 4
1 9 9
1 9 12
1 9 15
1 9 23
1 9 36
1 9 37
1 9 38
1 9 40
1 9 45
1 9 50
1 9 51
1 9 53
1 9 54
1 9 57
1 9 64
1 10 3
1 10 5
1 10 8
1 10 10
1 10 11
1 10 12
1 10 17
1 10 18
1 10 22
1 10 32
1 10 33
1 10 34
1 10 36
1 10 38
1 10 42
1 10 61
1 10 64
1 10 66
1 11 3
1 11 9
1 11 12
1 11 13
1 11 15
1 11 16
1 11 19
1 11 38
1 11 47
1 11 49
1 11 50
1 11 51
1 11 53
1 11 54
1 11 56
1 11 59
1 11 65
1 12 1
1 12 2
1 12 7
1 12 11
1 12 13
1 12 18
1 12 19
1 12 21
1 12 22
1 12 23
1 12 26
1 12 28
1 12 29
1 12 47
1 12 53
1 12 55
1 12 58
1 12 63
1 13 0
1 13 1
1 13 2
1 13 5
1 13 13
1 13 15
1 13 18
1 13 24
1 13 26
1 13 28
1 13 30
1 13 31
1 13 32
1 13 39
1 13 41
1 13 42
1 13 56
1 13 57
1 13 60
1 13 65
1 14 1
1 14 2
1 14 9
1 14 11
1 14 12
1 14 16
1 14 17
1 14 18
1 14 19
1 14 20
1 14 22
1 14 24
1 14 25
1 14 26
1 14 29
1 14 30
1 14 35
1 14 37
1 14 45
1 14 47
1 14 48
1 14 50
1 14 52
1 14 54
1 14 60
1 14 66
1 15 4
1 15 6
1 15 9
1 15 12
1 15 20
1 15 29
1 15 32
1 15 33
1 15 37
1 15 38
1 15 39
1 15 42
1 15 57
1 15 59
1 15 62
1 15 65
1 16 3
1 16 6
1 16 8
1 16 9
1 16 25
1 16 30
1 16 33
1 16 35
1 16 41
1 16 44
1 16 53
1 16 54
1 16 62
1 17 3
1 17 5
1 17 10
1 17 11
1 17 26
1 17 30
1 17 32
1 17 33
1 17 35
1 17 36
1 17 38
1 17 39
1 17 40
1 17 46
1 17 53
1 17 55
1 17 59
1 17 63
1 17 64
1 17 65
1 17 66
1 18 3
1 18 7
1 18 10
1 18 12
1 18 17
1 18 18
1 18 24
1 18 25
1 18 26
1 18 27
1 18 37
1 18 38
1 18 39
1 18 40
1 18 46
1 18 51
1 18 52
1 18 57
1 18 58
1 18 61
1 18 64
1 18 65
1 19 0
1 19 2
1 19 6
1 19 7
1 19 14
1 19 15
1 19 19
1 19 20
1 19 21
1 19 23
1 19 25
1 19 26
1 19 27
1 19 30
1 19 37
1 19 39
1 19 40
1 19 46
1 19 50
1 19 55
1 19 56
1 19 57
1 20 2
1 20 9
1 20 10
1 20 12
1 20 16
1 20 17
1 20 20
1 20 22
1 20 27
1 20 29
1 20 31
1 20 37
1 20 38
1 20 41
1 20 45
1 20 47
1 20 52
1 20 58
1 21 0
1 21 3
1 21 5
1 21 9
1 21 10
1 21 11
1 21 12
1 21 14
1 21 24
1 21 25
1 21 29
1 21 32
1 21 33
1 21 40
1 21 41
1 21 42
1 21 44
1 21 48
1 21 49
1 21 51
1 21 53
1 21 55
1 21 57
1 21 58
1 21 61
1 21 64
1 22 2
1 22 3
1 22 4
1 22 5
1 22 12
1 22 15
1 22 18
1 22 23
1 22 28
1 22 29
1 22 30
1 22 31
1 22 39
1 22 41
1 22 42
1 22 47
1 22 48
1 22 51
1 22 52
1 22 53
1 22 55
1 22 56
1 22 59
1 22 66
1 23 9
1 23 11
1 23 16
1 23 20
1 23 23
1 23 31
1 23 33
1 23 36
1 23 41
1 23 45
1 23 47
1 23 49
1 23 52
1 23 58
1 23 63
1 23 65
1 24 2
1 24 4
1 24 5
1 24 6
1 24 8
1 24 10
1 24 14
1 24 16
1 24 17
1 24 19
1 24 21
1 24 23
1 24 24
1 24 25
1 24 35
1 24 45
1 24 50
1 24 55
1 24 58
1 24 60
1 24 61
1 24 62
1 25 0
1 25 1
1 25 5
1 25 6
1 25 7
1 25 12
1 25 19
1 25 27
1 25 28
1 25 32
1 25 34
1 25 37
1 25 43
1 25 45
1 25 48
1 25 50
1 25 53
1 25 54
1 25 55
1 25 57
1 25 63
1 25 65
1 26 0
1 26 1
1 26 2
1 26 3
1 26 12
1 26 14
1 26 16
1 26 18
1 26 19
1 26 21
1 26 22
1 26 31
1 26 32
1 26 35
1 26 42
1 26 46
1 26 51
1 26 54
1 26 61
1 26 63
1 27 9
1 27 13
1 27 17
1 27 20
1 27 21
1 27 26
1 27 31
1 27 35
1 27 40
1 27 42
1 27 44
1 27 47
1 27 51
1 27 53
1 27 54
1 28 1
1 28 2
1 28 5
1 28 6
1 28 7
1 28 11
1 28 13
1 28 17
1 28 24
1 28 29
1 28 34
1 28 38
1 28 39
1 28 42
1 28 43
1 28 52
1 28 56
1 28 57
1 28 62
1 29 1
1 29 4
1 29 7
1 29 9
1 29 11
1 29 14
1 29 22
1 29 24
1 29 27
1 29 30
1 29 34
1 29 35
1 29 36
1 29 37
1 29 41
1 29 44
1 29 45
1 29 48
1 29 50
1 29 55
1 29 59
1 29 61
1 29 63
1 29 65
1 30 0
1 30 4
1 30 5
1 30 8
1 30 9
1 30 10
1 30 12
1 30 16
1 30 19
1 30 20
1 30 21
1 30 22
1 30 25
1 30 37
1 30 45
1 30 46
1 30 48
1 30 51
1 30 54
1 30 55
1 30 56
1 30 59
1 30 65
1 30 66
1 31 6
1 31 9
1 31 11
1 31 12
1 31 13
1 31 16
1 31 20
1 31 22
1 31 25
1 31 28
1 31 32
1 31 33
1 31 34
1 31 47
1 31 49
1 31 58
1 31 59
1 31 61
1 31 62
1 31 63
1 32 2
1 32 9
1 32 11
1 32 14
1 32 20
1 32 31
1 32 39
1 32 40
1 32 45
1 32 54
1 32 56
1 32 62
1 32 63
1 32 66
1 33 2
1 33 6
1 33 11
1 33 14
1 33 19
1 33 20
1 33 22
1 33 26
1 33 27
1 33 29
1 33 35
1 33 45
1 33 47
1 33 49
1 33 52
1 33 53
1 33 56
1 34 0
1 34 2
1 34 6
1 34 9
1 34 10
1 34 24
1 34 26
1 34 30
1 34 42
1 34 43
1 34 44
1 34 54
1 34 55
1 34 56
1 34 57
1 34 58
1 35 2
1 35 4
1 35 25
1 35 29
1 35 30
1 35 32
1 35 33
1 35 34
1 35 44
1 35 49
1 35 52
1 35 61
1 35 64
1 35 65
1 36 7
1 36 8
1 36 20
1 36 21
1 36 24
1 36 25
1 36 26
1 36 28
1 36 36
1 36 42
1 36 45
1 36 46
1 36 61
1 36 63
1 36 65
1 37 0
1 37 2
1 37 3
1 37 5
1 37 7
1 37 10
1 37 15
1 37 25
1 37 37
1 37 40
1 37 41
1 37 42
1 37 45
1 37 52
1 37 53
1 37 54
1 37 55
1 37 56
1 37 58
1 37 59
1 37 62
1 38 1
1 38 2
1 38 3
1 38 5
1 38 7
1 38 9
1 38 10
1 38 11
1 38 12
1 38 24
1 38 28
1 38 29
1 38 30
1 38 32
1 38 35
1 38 39
1 38 41
1 38 42
1 38 44
1 38 48
1 38 52
1 38 53
1 38 58
1 38 66
1 39 3
1 39 5
1 39 9
1 39 13
1 39 17
1 39 20
1 39 21
1 39 22
1 39 28
1 39 34
1 39 41
1 39 42
1 39 48
1 39 49
1 39 51
1 39 53
1 39 55
1 39 58
1 39 59
1 39 60
1 39 61
1 39 62
1 39 65
1 40 3
1 40 10
1 40 14
1 40 16
1 40 17
1 40 23
1 40 31
1 40 36
1 40 37
1 40 38
1 40 39
1 40 47
1 40 50
1 40 51
1 40 52
1 40 53
1 41 0
1 41 6
1 41 10
1 41 11
1 41 12
1 41 13
1 41 14
1 41 15
1 41 30
1 41 32
1 41 34
1 41 35
1 41 36
1 41 38
1 41 43
1 41 45
1 41 46
1 41 48
1 41 49
1 41 50
1 41 54
1 41 62
1 41 63
1 41 65
1 42 0
1 42 5
1 42 10
1 42 11
1 42 12
1 42 16
1 42 19
1 42 20
1 42 26
1 42 28
1 42 29
1 42 35
1 42 36
1 42 37
1 42 41
1 42 45
1 42 47
1 42 48
1 42 49
1 42 51
1 42 54
1 42 55
1 42 63
1 43 0
1 43 3
1 43 9
1 43 15
1 43 16
1 43 18
1 43 21
1 43 26
1 43 29
1 43 31
1 43 34
1 43 36
1 43 38
1 43 43
1 43 44
1 43 45
1 43 46
1 43 48
1 43 49
1 43 50
1 43 51
1 43 52
1 43 55
1 43 57
1 43 58
1 43 59
1 43 62
1 43 63
1 43 64
1 43 65
1 44 0
1 44 3
1 44 7
1 44 11
1 44 12
1 44 15
1 44 16
1 44 19
1 44 23
1 44 25
1 44 27
1 44 28
1 44 31
1 44 35
1 44 41
1 44 42
1 44 44
1 44 49
1 44 51
1 44 56
1 44 57
1 45 1
1 45 6
1 45 9
1 45 11
1 45 12
1 45 19
1 45 23
1 45 24
1 45 27
1 45 29
1 45 31
1 45 39
1 45 45
1 45 46
1 45 48
1 45 52
1 45 57
1 45 58
1 45 59
1 45 60
1 45 64
1 46 0
1 46 2
1 46 4
1 46 5
1 46 8
1 46 11
1 46 14
1 46 15
1 46 19
1 46 23
1 46 24
1 46 29
1 46 31
1 46 37
1 46 40
1 46 42
1 46 44
1 46 45
1 46 46
1 46 48
1 46 51
1 46 55
1 46 59
1 46 60
1 46 61
1 46 62
1 46 65
1 47 0
1 47 2
1 47 3
1 47 4
1 47 11
1 47 14
1 47 17
1 47 21
1 47 22
1 47 28
1 47 29
1 47 32
1 47 36
1 47 40
1 47 42
1 47 44
1 47 52
1 47 55
1 47 56
1 47 60
1 47 65
1 48 0
1 48 2
1 48 7
1 48 13
1 48 15
1 48 17
1 48 22
1 48 36
1 48 37
1 48 40
1 48 43
1 48 46
1 48 54
1 48 55
1 48 57
1 48 59
1 48 61
1 48 62
1 48 66
1 49 0
1 49 8
1 49 9
1 49 10
1 49 13
1 49 18
1 49 24
1 49 26
1 49 28
1 49 29
1 49 30
1 49 33
1 49 34
1 49 39
1 49 45
1 49 47
1 49 52
1 49 58
1 49 60
1 49 61
1 49 62
1 49 64
1 49 65