195
7
241 241 241 241 241 241 241
10627

90 0 160 803 0 735 307 368 150 0 286 0 0 829 0 876 0 892 308 840 388 93 549 0 0 448 0 625 0 744 686 0 292 0 46 0 868 649 260 0 734 0 0 0 996 0 0 0 541 0 505 767 403 497 0 793 0 504 511 173 495 652 83 0 0 0 0 0 0 0 0 430 0 43 0 231 0 0 252 0 176 0 0 547 0 979 98 267 0 695 774 0 0 612 0 0 0 824 733 0 212 93 271 340 0 69 0 74 0 43 0 0 74 0 0 51 0 47 0 19 16 23 0 66 0 22 0 6 40 92 95 0 0 0 0 23 53 0 6 0 0 73 13 0 0 0 0 1 0 0 0 9 53 0 34 0 0 60 0 42 0 0 42 0 75 93 0 60 7 0 0 99 36 77 4 90 92 0 0 100 72 0 80 2 51 0 0 89 61 2 0 0 2 89 0 99 0 14 41 0 0 0 90 75 0 82 21 73 0 0 0 50 0 21 25 34 0 0 0 0 0 0 82 46 0 0 79 50 0 0 0 14 0 64 0 8 50 0 0 0 0
59 823 0 0 0 0 960 0 287 992 288 799 0 0 894 0 760 0 0 115 0 898 0 638 236 884 0 231 0 242 613 0 870 966 0 639 0 0 676 0 992 0 0 853 830 0 448 0 0 0 126 0 617 0 875 0 0 951 205 251 513 917 0 0 0 178 0 778 0 639 991 0 0 678 0 0 518 0 0 214 0 256 559 0 0 0 37 0 0 259 806 939 0 226 161 345 70 570 399 0 0 418 297 0 0 10 0 96 69 55 82 34 0 35 0 32 0 44 0 0 0 58 23 72 0 0 0 0 14 0 38 21 1 28 26 9 23 86 42 0 58 0 0 98 75 0 0 79 0 96 0 0 0 87 0 0 57 0 0 0 0 0 99 0 77 0 0 0 0 0 19 0 0 0 0 0 99 71 63 0 81 0 0 73 0 48 44 30 0 47 99 0 53 0 45 60 0 14 0 36 0 0 0 60 90 0 34 0 27 0 0 65 0 16 21 10 12 0 0 44 0 90 17 15 0 37 0 17 17 34 0 73 41 89 0 14 0 97 45 27 0
0 55 491 0 397 0 0 0 0 890 0 0 308 687 935 861 0 0 0 630 918 0 0 0 746 604 207 0 141 0 0 177 770 0 0 0 62 852 0 0 0 0 227 943 884 0 0 235 0 0 0 973 490 0 418 814 0 982 964 56 0 941 673 25 749 945 238 541 964 0 0 286 0 64 190 0 0 0 757 0 0 0 0 605 0 321 631 0 0 0 291 0 0 0 0 267 805 0 0 695 164 507 927 0 250 73 57 0 0 0 0 0 23 0 7 69 31 51 4 0 90 0 0 0 0 35 0 82 0 62 52 0 0 83 38 0 0 58 12 0 19 0 99 0 0 0 35 0 0 94 50 0 0 98 99 0 74 0 87 53 44 9 0 52 0 3 6 0 91 9 23 68 0 0 29 2 0 67 68 5 15 0 76 0 0 0 0 45 0 0 12 0 0 0 0 24 84 0 0 31 39 0 0 82 0 0 0 0 40 0 0 0 75 0 0 63 94 35 53 19 0 5 54 0 0 0 96 0 8 0 0 0 96 0 85 0 0 0 72 0 45
0 0 528 0 0 772 497 0 0 0 0 0 0 919 488 0 0 0 0 985 0 571 0 0 0 0 918 313 388 863 482 806 0 570 222 920 0 0 157 315 0 675 972 0 0 0 186 0 0 0 170 0 513 868 716 887 97 227 0 0 0 0 5 0 0 0 0 0 0 0 681 252 71 0 675 846 0 0 0 714 91 0 767 500 0 279 0 0 0 0 776 0 0 664 584 0 0 0 0 398 663 590 0 398 220 0 82 33 40 52 72 95 0 23 86 74 68 0 0 0 0 0 0 0 0 0 0 79 22 94 45 41 42 0 0 98 0 0 0 0 26 43 68 0 0 0 74 58 64 18 66 0 0 8 0 0 91 86 16 0 0 0 59 0 58 0 0 0 4 0 0 0 0 27 63 67 37 77 0 0 55 0 0 0 0 0 73 0 65 36 65 0 74 0 0 0 0 0 47 0 0 1 0 0 0 0 12 0 72 0 0 0 28 0 96 5 0 11 0 0 0 13 0 36 40 0 64 70 0 58 0 0 0 0 0 0 17 0 0 64 0
0 0 0 254 0 0 0 0 436 0 89 0 496 715 0 502 411 0 0 174 0 768 0 0 883 873 924 58 0 290 0 54 87 0 358 0 0 363 455 177 469 0 0 0 202 0 10 0 0 800 332 0 0 0 0 839 651 357 602 685 0 0 0 0 442 0 944 0 0 645 758 0 0 16 241 533 0 0 305 0 0 0 0 0 272 0 281 0 0 0 326 0 0 0 666 0 84 587 0 0 819 395 0 0 694 0 82 0 0 89 0 0 0 0 0 21 0 97 22 0 0 66 0 0 14 0 87 19 11 18 38 20 0 0 32 0 0 16 80 0 88 65 52 0 0 0 0 51 0 34 0 0 48 0 11 0 63 0 0 0 57 0 0 0 23 33 0 0 0 98 0 30 95 18 0 92 0 35 82 44 49 81 29 0 37 56 5 50 38 83 0 69 57 0 0 0 77 0 69 0 0 47 0 93 61 0 0 0 0 44 39 49 71 28 81 0 44 99 0 85 32 95 0 0 0 13 79 0 0 80 22 0 0 0 49 0 49 0 0 65 47
821 101 561 0 0 0 49 0 0 703 46 318 745 0 0 64 0 0 0 514 950 340 0 0 541 0 0 891 230 25 0 578 0 997 0 0 0 0 275 0 0 556 99 831 0 418 322 330 0 0 944 51 692 446 365 0 506 0 0 0 0 523 606 749 732 0 83 0 583 0 0 986 724 84 0 537 874 511 0 0 0 0 0 946 0 845 721 31 0 0 0 125 0 658 272 0 112 0 0 0 263 540 533 0 0 0 0 99 62 74 0 98 0 37 52 0 40 77 84 26 89 43 3 20 0 34 0 0 3 0 0 36 0 22 30 54 0 40 14 0 27 0 13 0 0 77 91 0 97 51 2 0 0 0 0 29 0 0 0 62 0 0 26 94 26 0 0 0 0 85 33 0 0 0 37 4 0 0 0 61 91 20 0 67 76 0 0 0 89 68 0 38 0 39 0 84 0 0 72 97 0 89 0 0 0 67 0 24 84 0 0 0 71 89 83 0 0 50 0 0 0 0 71 0 92 0 0 63 94 50 0 0 63 52 0 44 0 0 73 32 67
290 0 0 665 125 0 923 157 687 807 0 0 0 958 0 325 143 0 0 141 466 966 0 0 397 0 487 0 0 0 647 0 583 0 0 72 280 745 431 0 0 0 0 531 93 639 0 0 0 268 0 0 207 355 965 358 0 560 0 0 338 0 0 0 455 974 999 216 976 0 374 812 434 0 0 913 422 631 282 0 0 113 0 770 0 0 0 564 0 0 0 0 0 0 0 0 0 710 0 0 972 0 942 979 1000 94 0 85 62 0 0 71 0 42 54 0 66 0 0 45 43 71 0 67 0 0 76 29 36 1 0 77 80 0 0 0 33 58 2 0 76 29 70 0 12 0 65 11 0 90 86 0 94 38 0 43 99 0 87 0 46 89 0 0 0 51 0 0 92 0 0 49 0 0 34 50 0 45 0 66 17 0 0 9 0 0 0 0 0 0 0 0 0 4 0 23 97 0 0 4 0 22 69 0 0 0 0 0 46 8 18 44 82 71 80 26 0 98 0 0 0 0 0 39 79 0 0 78 0 0 22 74 49 74 29 0 82 52 0 0 12

0 0 12
0 0 33
0 0 52
0 0 57
0 0 61
0 0 70
0 0 83
0 0 92
0 0 98
0 0 104
0 0 115
0 0 211
0 1 64
0 1 188
0 2 11
0 2 18
0 2 23
0 2 64
0 2 84
0 2 87
0 2 88
0 2 94
0 2 99
0 3 1
0 3 3
0 3 15
0 3 22
0 3 30
0 3 43
0 3 56
0 3 70
0 3 90
0 3 98
0 3 218
0 4 3
0 4 12
0 4 25
0 4 31
0 4 34
0 4 38
0 4 39
0 4 40
0 4 54
0 4 58
0 4 63
0 4 88
0 4 125
0 4 148
0 5 16
0 5 40
0 5 51
0 5 67
0 5 79
0 5 87
0 5 88
0 5 224
0 6 34
0 6 42
0 6 48
0 6 51
0 6 66
0 6 80
0 6 89
0 6 216
0 7 28
0 7 40
0 7 42
0 7 53
0 7 60
0 7 62
0 7 64
0 7 102
0 8 10
0 8 31
0 8 47
0 8 59
0 8 82
0 8 84
0 8 229
0 8 235
0 9 30
0 9 33
0 9 42
0 9 49
0 9 70
0 9 72
0 9 99
0 10 3
0 10 23
0 10 30
0 10 31
0 10 53
0 10 54
0 10 69
0 10 77
0 11 7
0 11 23
0 11 28
0 11 53
0 11 58
0 11 86
0 11 126
0 12 9
0 12 19
0 12 59
0 12 95
0 12 181
0 13 28
0 13 37
0 13 38
0 13 49
0 13 80
0 13 95
0 13 100
0 13 120
0 14 35
0 14 41
0 14 70
0 14 81
0 14 101
0 14 116
0 14 143
0 15 5
0 15 33
0 15 41
0 15 54
0 15 79
0 16 1
0 16 2
0 16 18
0 16 30
0 16 38
0 16 62
0 16 65
0 16 66
0 16 67
0 16 76
0 17 0
0 17 12
0 17 18
0 17 27
0 17 145
0 18 1
0 18 7
0 18 13
0 18 21
0 18 38
0 18 42
0 18 53
0 18 68
0 18 76
0 18 80
0 18 130
0 18 147
0 19 1
0 19 2
0 19 19
0 19 47
0 19 73
0 19 76
0 19 81
0 19 83
0 20 8
0 20 16
0 20 31
0 20 40
0 20 41
0 20 70
0 20 92
0 20 101
0 20 160
0 20 196
0 21 2
0 21 15
0 21 23
0 21 38
0 21 43
0 21 45
0 21 46
0 21 51
0 21 67
0 21 102
0 21 138
0 22 4
0 22 26
0 22 28
0 22 42
0 22 94
0 22 100
0 22 152
0 23 0
0 23 29
0 23 32
0 23 34
0 23 52
0 23 58
0 23 63
0 23 70
0 23 82
0 23 84
0 23 90
0 23 93
0 23 94
0 23 96
0 23 104
0 24 34
0 24 42
0 24 43
0 24 55
0 24 85
0 24 231
0 25 21
0 25 48
0 25 53
0 25 70
0 25 71
0 25 90
0 25 103
0 25 146
0 26 30
0 26 32
0 26 37
0 26 57
0 26 67
0 26 69
0 27 5
0 27 10
0 27 13
0 27 16
0 27 32
0 27 33
0 27 35
0 27 40
0 27 52
0 27 56
0 27 73
0 27 77
0 27 102
0 28 7
0 28 18
0 28 24
0 28 36
0 28 59
0 28 71
0 28 96
0 28 105
0 28 131
0 28 143
0 29 2
0 29 17
0 29 26
0 29 35
0 29 39
0 29 60
0 29 66
0 29 68
0 29 93
0 29 129
0 30 5
0 30 16
0 30 24
0 30 44
0 30 65
0 30 83
0 30 84
0 30 85
0 30 126
0 30 198
0 30 200
0 31 14
0 31 23
0 31 33
0 31 43
0 31 46
0 31 75
0 31 76
0 31 89
0 31 116
0 31 166
0 32 16
0 32 37
0 32 40
0 32 50
0 32 58
0 32 92
0 32 172
0 32 216
0 32 234
0 33 2
0 33 5
0 33 23
0 33 45
0 33 50
0 33 59
0 33 69
0 33 99
0 33 101
0 33 190
0 34 4
0 34 13
0 34 15
0 34 24
0 34 26
0 34 31
0 34 73
0 34 89
0 34 95
0 34 97
0 35 0
0 35 1
0 35 2
0 35 5
0 35 56
0 35 59
0 35 62
0 35 68
0 35 80
0 35 84
0 35 98
0 35 174
0 35 199
0 35 207
0 36 46
0 36 61
0 36 62
0 36 83
0 36 94
0 36 96
0 36 108
0 36 119
0 36 187
0 36 221
0 36 235
0 37 4
0 37 12
0 37 14
0 37 44
0 37 59
0 37 62
0 37 69
0 37 70
0 37 84
0 37 149
0 37 188
0 38 39
0 38 75
0 38 100
0 38 158
0 38 213
0 38 226
0 39 6
0 39 59
0 39 73
0 39 85
0 39 202
0 40 5
0 40 19
0 40 21
0 40 26
0 40 39
0 40 42
0 40 56
0 40 76
0 40 78
0 40 82
0 40 104
0 40 183
0 40 212
0 41 39
0 41 69
0 41 86
0 41 96
0 42 17
0 42 23
0 42 24
0 42 35
0 42 51
0 42 58
0 42 68
0 42 80
0 42 116
0 42 184
0 43 23
0 43 26
0 43 28
0 43 55
0 43 80
0 43 88
0 43 104
0 44 19
0 44 25
0 44 26
0 44 46
0 44 51
0 44 59
0 44 96
0 44 132
0 45 5
0 45 10
0 45 51
0 45 65
0 45 71
0 45 86
0 45 156
0 46 24
0 46 48
0 46 49
0 46 50
0 46 60
0 46 75
0 46 88
0 46 100
0 46 113
0 47 32
0 47 39
0 47 44
0 47 50
0 47 53
0 47 62
0 47 65
0 47 68
0 47 77
0 47 89
0 47 90
0 47 99
0 47 102
0 47 103
0 47 197
0 48 23
0 48 26
0 48 76
0 48 78
0 48 80
0 48 124
0 48 139
0 49 6
0 49 26
0 49 45
0 49 51
0 49 74
0 49 86
0 49 89
0 49 92
0 49 116
0 49 169
0 50 33
0 50 37
0 50 52
0 50 62
0 50 81
0 50 199
0 51 56
0 51 65
0 51 103
0 51 127
0 52 19
0 52 36
0 52 44
0 52 63
0 52 64
0 52 82
0 52 98
0 52 157
0 52 227
0 53 1
0 53 19
0 53 40
0 53 42
0 53 52
0 53 53
0 53 54
0 53 74
0 53 91
0 53 92
0 53 113
0 53 210
0 54 9
0 54 34
0 54 46
0 54 90
0 54 92
0 54 94
0 54 119
0 54 146
0 55 38
0 55 57
0 55 61
0 55 63
0 55 79
0 55 119
0 55 131
0 56 3
0 56 7
0 56 16
0 56 24
0 56 55
0 56 58
0 56 62
0 56 67
0 56 78
0 56 103
0 56 104
0 56 186
0 56 192
0 57 1
0 57 22
0 57 27
0 57 40
0 57 61
0 57 64
0 57 65
0 57 83
0 57 91
0 57 93
0 57 98
0 58 62
0 58 67
0 58 69
0 58 97
0 58 214
0 58 236
0 59 4
0 59 13
0 59 27
0 59 28
0 59 34
0 59 50
0 59 89
0 59 90
0 59 95
0 60 14
0 60 28
0 60 38
0 60 41
0 60 46
0 60 96
0 60 100
0 60 115
0 61 20
0 61 80
0 61 85
0 61 192
0 62 1
0 62 2
0 62 41
0 62 71
0 62 78
0 62 80
0 62 108
0 62 150
0 62 214
0 63 13
0 63 24
0 63 49
0 63 50
0 63 67
0 63 73
0 63 82
0 63 87
0 63 108
0 64 9
0 64 21
0 64 24
0 64 45
0 64 53
0 64 64
0 64 72
0 64 90
0 65 18
0 65 19
0 65 33
0 65 40
0 65 48
0 65 53
0 65 71
0 65 75
0 65 91
0 66 24
0 66 47
0 66 57
0 66 64
0 66 83
0 66 91
0 67 13
0 67 15
0 67 27
0 67 46
0 67 47
0 67 52
0 67 68
0 67 101
0 67 138
0 67 191
0 68 0
0 68 9
0 68 71
0 68 83
0 68 102
0 68 127
0 69 0
0 69 6
0 69 7
0 69 19
0 69 22
0 69 23
0 69 27
0 69 31
0 69 46
0 69 50
0 69 63
0 69 75
0 69 83
0 69 89
0 69 98
0 69 104
0 70 31
0 70 40
0 70 62
0 70 78
0 70 82
0 70 161
0 70 236
0 71 20
0 71 27
0 71 32
0 71 33
0 71 57
0 71 72
0 71 74
0 71 80
0 71 81
0 71 86
0 71 88
0 71 90
0 71 94
0 71 98
0 71 139
0 72 4
0 72 17
0 72 28
0 72 63
0 72 80
0 73 0
0 73 9
0 73 16
0 73 61
0 73 69
0 73 76
0 74 11
0 74 16
0 74 21
0 74 36
0 74 41
0 74 78
0 74 92
0 74 99
0 74 100
0 74 102
0 74 165
0 75 6
0 75 13
0 75 22
0 75 24
0 75 59
0 75 70
0 75 83
0 75 95
0 75 147
0 75 174
0 76 8
0 76 26
0 76 30
0 76 38
0 76 70
0 76 79
0 77 13
0 77 41
0 77 45
0 77 52
0 77 72
0 77 87
0 77 90
0 77 92
0 77 97
0 77 162
0 77 169
0 78 10
0 78 23
0 78 26
0 78 27
0 78 28
0 78 43
0 78 50
0 78 58
0 78 62
0 78 74
0 78 82
0 78 93
0 78 100
0 78 139
0 79 3
0 79 11
0 79 30
0 79 57
0 79 67
0 79 102
0 79 195
0 80 9
0 80 14
0 80 72
0 80 74
0 80 85
0 80 101
0 80 103
0 80 163
0 80 239
0 81 0
0 81 22
0 81 52
0 81 54
0 81 61
0 81 64
0 81 67
0 81 75
0 81 80
0 81 101
0 81 197
0 82 29
0 82 37
0 82 48
0 82 55
0 82 60
0 82 62
0 82 68
0 82 83
0 82 85
0 82 127
0 82 236
0 83 14
0 83 22
0 83 46
0 83 85
0 83 86
0 83 90
0 83 166
0 84 2
0 84 16
0 84 28
0 84 34
0 84 37
0 84 58
0 84 84
0 84 88
0 84 98
0 85 1
0 85 6
0 85 8
0 85 54
0 85 61
0 85 62
0 85 85
0 85 93
0 85 104
0 85 110
0 85 162
0 86 13
0 86 16
0 86 21
0 86 52
0 86 103
0 86 149
0 86 186
0 87 21
0 87 23
0 87 26
0 87 28
0 87 34
0 87 42
0 87 56
0 87 104
0 87 151
0 88 0
0 88 47
0 88 53
0 88 69
0 88 78
0 88 80
0 88 195
0 88 218
0 89 20
0 89 39
0 89 42
0 89 43
0 89 52
0 89 58
0 89 73
0 89 82
0 89 155
0 89 188
0 90 0
0 90 16
0 90 41
0 90 68
0 90 91
0 90 98
0 90 101
0 90 127
0 91 1
0 91 4
0 91 8
0 91 13
0 91 14
0 91 16
0 91 37
0 91 54
0 91 63
0 91 65
0 91 69
0 91 81
0 91 83
0 91 89
0 91 162
0 91 214
0 92 13
0 92 32
0 92 34
0 92 46
0 92 61
0 92 70
0 92 99
0 93 4
0 93 11
0 93 18
0 93 37
0 93 42
0 93 55
0 93 71
0 93 74
0 93 80
0 93 88
0 94 33
0 94 40
0 94 43
0 94 54
0 94 59
0 94 64
0 94 95
0 94 102
0 94 122
0 94 213
0 95 15
0 95 33
0 95 54
0 96 26
0 96 33
0 96 47
0 96 55
0 96 56
0 96 59
0 96 63
0 96 76
0 96 81
0 96 85
0 96 94
0 97 16
0 97 34
0 97 38
0 97 39
0 97 41
0 97 59
0 97 92
0 97 235
0 98 1
0 98 32
0 98 44
0 98 55
0 98 72
0 98 80
0 98 81
0 98 86
0 98 88
0 99 26
0 99 49
0 99 69
0 99 76
0 99 77
0 99 85
0 99 97
0 99 98
0 99 107
0 99 181
0 100 17
0 100 20
0 100 34
0 100 44
0 100 53
0 100 57
0 100 60
0 100 99
0 100 103
0 101 7
0 101 49
0 101 69
0 101 79
0 101 87
0 101 94
0 101 102
0 101 172
0 102 27
0 102 37
0 102 44
0 102 46
0 102 57
0 102 60
0 102 65
0 102 67
0 102 93
0 102 120
0 103 0
0 103 56
0 103 61
0 103 77
0 103 91
0 103 165
0 103 197
0 104 19
0 104 23
0 104 24
0 104 34
0 104 36
0 104 62
0 104 68
0 104 88
0 104 94
0 104 99
0 104 104
0 104 142
0 105 10
0 105 108
0 105 114
0 105 200
0 105 211
0 105 216
0 105 226
0 105 229
0 105 231
0 106 105
0 106 128
0 106 170
0 106 196
0 106 204
0 106 219
0 106 226
0 106 237
0 107 29
0 107 111
0 107 129
0 107 136
0 107 151
0 108 102
0 108 131
0 108 159
0 108 162
0 108 165
0 108 198
0 108 213
0 109 27
0 109 78
0 109 147
0 109 173
0 109 221
0 110 41
0 110 143
0 110 153
0 110 176
0 110 183
0 111 117
0 111 126
0 111 153
0 111 165
0 111 193
0 111 222
0 111 238
0 112 112
0 112 119
0 112 127
0 112 128
0 112 173
0 112 196
0 112 216
0 112 228
0 112 229
0 112 232
0 113 110
0 113 189
0 113 218
0 113 222
0 114 53
0 115 24
0 115 176
0 115 187
0 115 189
0 115 200
0 115 231
0 116 84
0 116 132
0 116 134
0 116 166
0 116 167
0 116 174
0 116 198
0 116 202
0 116 214
0 117 146
0 117 148
0 117 237
0 118 24
0 118 63
0 118 106
0 118 108
0 118 136
0 118 147
0 118 168
0 118 200
0 119 31
0 119 107
0 119 137
0 119 158
0 119 191
0 119 215
0 119 223
0 120 1
0 120 5
0 120 47
0 120 109
0 120 117
0 120 126
0 120 177
0 120 200
0 121 117
0 121 137
0 121 150
0 121 164
0 121 196
0 121 235
0 122 114
0 122 123
0 122 127
0 122 137
0 122 165
0 122 178
0 122 196
0 122 222
0 122 227
0 123 81
0 123 133
0 123 150
0 123 207
0 123 235
0 124 110
0 124 143
0 124 170
0 124 190
0 124 221
0 125 21
0 125 116
0 125 217
0 125 220
0 125 229
0 126 37
0 126 38
0 126 107
0 126 131
0 126 138
0 126 224
0 126 235
0 127 4
0 127 49
0 127 105
0 127 175
0 127 181
0 127 190
0 127 236
0 128 44
0 128 101
0 128 110
0 128 142
0 128 158
0 128 166
0 128 171
0 128 200
0 128 208
0 128 209
0 129 22
0 129 88
0 129 98
0 129 142
0 129 219
0 130 34
0 130 121
0 130 134
0 130 135
0 130 174
0 130 175
0 130 192
0 130 206
0 130 230
0 131 110
0 131 112
0 131 166
0 131 189
0 131 200
0 131 234
0 131 237
0 132 96
0 132 110
0 132 123
0 132 134
0 132 151
0 132 161
0 132 166
0 132 197
0 133 58
0 133 113
0 133 122
0 133 140
0 133 162
0 133 183
0 133 184
0 133 222
0 134 106
0 134 193
0 134 200
0 134 231
0 135 8
0 135 108
0 135 113
0 135 172
0 135 205
0 135 206
0 135 208
0 136 65
0 136 125
0 136 138
0 136 149
0 136 152
0 136 158
0 136 168
0 136 195
0 136 196
0 137 35
0 137 164
0 137 181
0 137 196
0 137 216
0 137 217
0 137 235
0 138 137
0 138 140
0 138 157
0 138 162
0 138 166
0 138 173
0 138 205
0 139 47
0 139 53
0 139 59
0 139 63
0 139 114
0 139 138
0 139 148
0 139 158
0 139 168
0 139 192
0 139 211
0 139 235
0 140 112
0 140 118
0 140 175
0 140 237
0 141 123
0 141 126
0 141 157
0 141 209
0 141 212
0 142 60
0 142 167
0 142 176
0 142 214
0 142 227
0 143 103
0 143 122
0 143 125
0 143 152
0 143 171
0 143 227
0 144 82
0 144 129
0 144 132
0 144 154
0 144 176
0 144 195
0 144 198
0 144 200
0 144 202
0 144 215
0 144 235
0 145 124
0 145 147
0 145 166
0 145 175
0 145 185
0 145 201
0 145 205
0 146 151
0 146 154
0 146 191
0 146 235
0 146 236
0 147 5
0 147 77
0 147 88
0 147 99
0 147 106
0 147 117
0 147 131
0 147 133
0 147 136
0 147 141
0 147 154
0 147 164
0 147 182
0 147 226
0 148 1
0 148 2
0 149 11
0 149 105
0 149 109
0 149 114
0 149 145
0 149 198
0 149 200
0 149 234
0 150 76
0 150 82
0 150 124
0 150 133
0 150 147
0 150 149
0 150 159
0 150 169
0 150 190
0 150 192
0 150 193
0 150 226
0 150 229
0 151 112
0 151 121
0 151 134
0 151 140
0 151 180
0 151 216
0 151 219
0 151 230
0 152 115
0 152 123
0 152 190
0 152 198
0 152 221
0 152 222
0 153 19
0 153 126
0 153 136
0 153 148
0 153 175
0 153 193
0 153 211
0 153 216
0 153 234
0 153 238
0 154 141
0 154 151
0 154 192
0 154 208
0 155 31
0 155 134
0 155 144
0 155 177
0 155 197
0 155 200
0 156 118
0 156 124
0 156 202
0 156 204
0 156 206
0 157 72
0 157 112
0 157 152
0 157 182
0 157 197
0 157 199
0 157 211
0 158 156
0 158 163
0 158 173
0 158 204
0 159 74
0 159 137
0 159 178
0 159 182
0 159 186
0 159 220
0 160 48
0 160 117
0 160 169
0 160 179
0 160 192
0 160 202
0 161 147
0 161 156
0 161 158
0 161 191
0 161 210
0 162 141
0 162 144
0 162 178
0 162 187
0 162 199
0 162 212
0 162 213
0 162 220
0 162 229
0 163 43
0 163 117
0 163 128
0 163 222
0 163 233
0 163 238
0 164 120
0 164 124
0 164 128
0 164 166
0 164 199
0 164 202
0 164 214
0 164 221
0 164 233
0 165 117
0 165 118
0 165 158
0 165 201
0 165 202
0 166 114
0 166 123
0 166 151
0 166 170
0 166 195
0 166 197
0 166 201
0 166 226
0 167 115
0 167 130
0 167 134
0 167 147
0 167 152
0 167 166
0 167 175
0 167 185
0 167 211
0 167 235
0 168 16
0 168 133
0 168 135
0 168 145
0 168 147
0 168 218
0 168 229
0 169 131
0 169 143
0 169 165
0 169 167
0 169 180
0 170 106
0 170 237
0 171 66
0 171 116
0 171 119
0 171 128
0 171 157
0 171 167
0 171 168
0 171 169
0 171 181
0 171 185
0 171 188
0 171 194
0 172 59
0 172 114
0 172 118
0 172 124
0 172 144
0 172 182
0 172 194
0 173 8
0 173 36
0 173 52
0 173 108
0 173 126
0 173 128
0 173 143
0 173 148
0 173 179
0 173 197
0 173 208
0 173 210
0 173 225
0 174 139
0 175 61
0 175 108
0 175 161
0 175 187
0 175 216
0 175 233
0 176 1
0 176 12
0 176 83
0 176 98
0 176 119
0 176 175
0 176 219
0 177 129
0 177 192
0 177 203
0 177 229
0 178 43
0 178 131
0 178 147
0 178 164
0 178 184
0 179 10
0 179 14
0 179 37
0 179 67
0 179 83
0 179 124
0 179 127
0 179 158
0 179 161
0 179 167
0 179 175
0 180 107
0 180 111
0 180 134
0 180 140
0 180 150
0 180 194
0 180 196
0 181 88
0 181 109
0 181 110
0 181 126
0 181 145
0 181 161
0 181 168
0 181 177
0 181 214
0 181 225
0 181 234
0 182 164
0 182 223
0 183 12
0 183 118
0 183 127
0 183 165
0 183 179
0 183 196
0 183 202
0 183 206
0 183 231
0 183 240
0 184 108
0 184 118
0 184 128
0 184 140
0 184 181
0 184 206
0 184 208
0 184 223
0 185 6
0 185 63
0 185 109
0 185 122
0 185 143
0 185 159
0 185 192
0 185 210
0 186 15
0 186 71
0 186 73
0 186 117
0 186 120
0 186 123
0 186 148
0 186 163
0 186 189
0 186 192
0 187 78
0 187 98
0 187 134
0 187 142
0 187 144
0 187 154
0 188 80
0 188 120
0 188 124
0 188 181
0 188 231
0 189 27
0 189 56
0 189 160
0 189 177
0 189 197
0 189 204
0 189 234
0 189 235
0 190 43
0 190 58
0 190 129
0 190 166
0 190 189
0 190 190
0 190 210
0 191 143
0 191 154
0 191 156
0 191 174
0 191 177
0 191 199
0 192 168
0 192 205
0 193 60
0 193 114
0 193 183
0 193 192
0 193 194
0 193 238
0 194 40
0 194 120
0 194 136
0 194 177
0 194 195
0 194 196
0 194 235
0 195 137
0 195 155
0 195 178
0 195 180
0 195 233
0 195 239
0 196 50
0 196 105
0 196 117
0 196 136
0 196 174
0 196 210
0 196 213
0 197 106
0 197 127
0 197 145
0 197 167
0 197 182
0 197 192
0 198 80
0 198 154
0 198 158
0 198 192
0 198 223
0 199 118
0 199 167
0 199 186
0 199 189
0 199 198
0 199 229
0 200 48
0 200 53
0 200 74
0 200 78
0 200 146
0 200 164
0 200 196
0 201 172
0 201 178
0 201 211
0 201 215
0 202 58
0 202 97
0 202 104
0 202 156
0 202 176
0 202 177
0 202 221
0 202 224
0 202 238
0 202 240
0 203 106
0 203 128
0 203 130
0 203 134
0 203 136
0 203 162
0 203 169
0 203 177
0 203 180
0 203 240
0 204 186
0 204 196
0 204 199
0 204 230
0 205 38
0 205 74
0 205 139
0 205 142
0 205 181
0 205 184
0 205 189
0 205 195
0 205 199
0 205 221
0 205 232
0 206 3
0 206 121
0 206 205
0 206 220
0 207 202
0 207 230
0 208 54
0 208 142
0 208 170
0 208 216
0 208 222
0 208 237
0 209 8
0 209 33
0 209 77
0 210 148
0 210 155
0 210 177
0 210 191
0 210 211
0 210 215
0 210 220
0 211 116
0 211 192
0 211 236
0 212 46
0 212 109
0 212 139
0 212 149
0 212 198
0 213 115
0 213 126
0 213 168
0 213 172
0 213 199
0 213 213
0 214 158
0 214 207
0 214 237
0 215 9
0 215 87
0 215 120
0 215 142
0 215 167
0 215 180
0 215 204
0 216 80
0 216 132
0 216 133
0 216 154
0 216 157
0 216 171
0 216 177
0 216 191
0 216 194
0 216 227
0 217 117
0 217 159
0 217 221
0 217 239
0 217 240
0 218 83
0 218 133
0 218 202
0 218 209
0 218 210
0 218 212
0 218 217
0 218 225
0 219 133
0 219 155
0 219 194
0 219 216
0 219 231
0 219 234
0 220 125
0 220 149
0 220 179
0 220 192
0 220 193
0 220 196
0 220 209
0 221 89
0 221 151
0 221 159
0 221 169
0 221 175
0 221 197
0 221 234
0 222 82
0 222 115
0 222 116
0 222 134
0 222 178
0 222 193
0 222 202
0 223 19
0 223 39
0 223 108
0 223 114
0 223 117
0 223 122
0 223 125
0 223 140
0 223 146
0 223 155
0 223 171
0 223 190
0 223 192
0 223 216
0 223 227
0 224 203
0 224 206
0 224 240
0 225 117
0 225 153
0 225 200
0 225 201
0 225 204
0 225 217
0 225 235
0 226 24
0 226 127
0 226 129
0 227 152
0 227 215
0 227 229
0 228 55
0 228 110
0 228 124
0 228 163
0 228 175
0 228 186
0 228 203
0 228 212
0 228 222
0 228 229
0 229 150
0 229 197
0 229 218
0 229 240
0 230 22
0 230 94
0 230 119
0 230 151
0 230 174
0 230 180
0 230 196
0 230 213
0 231 42
0 231 69
0 231 158
0 231 215
0 232 61
0 232 119
0 232 147
0 232 193
0 232 213
0 233 79
0 233 112
0 233 137
0 233 217
0 234 12
0 234 106
0 234 110
0 234 186
0 234 198
0 234 221
0 235 71
0 235 140
0 235 166
0 235 182
0 235 203
0 235 222
0 235 230
0 235 235
0 235 238
0 236 130
0 236 157
0 236 192
0 236 214
0 237 13
0 237 168
0 237 194
0 237 197
0 237 198
0 237 204
0 237 214
0 238 70
0 238 115
0 238 117
0 238 171
0 238 182
0 238 189
0 238 215
0 238 230
0 239 28
0 239 109
0 239 161
0 239 174
0 239 188
0 239 205
0 239 213
0 239 232
0 240 159
0 240 165
0 240 197
0 240 217
1 0 7
1 0 13
1 0 41
1 0 52
1 0 77
1 0 79
1 0 89
1 0 96
1 0 98
1 0 152
1 1 17
1 1 39
1 1 40
1 1 48
1 1 58
1 1 61
1 1 62
1 1 68
1 1 73
1 1 77
1 1 89
1 1 151
1 1 173
1 2 54
1 2 66
1 2 81
1 2 102
1 2 110
1 2 157
1 3 8
1 3 19
1 3 90
1 3 105
1 3 208
1 4 5
1 4 12
1 4 43
1 4 54
1 4 78
1 4 90
1 4 94
1 5 6
1 5 24
1 5 44
1 5 50
1 5 68
1 5 70
1 5 80
1 5 89
1 5 91
1 5 94
1 5 106
1 5 214
1 5 225
1 6 11
1 6 15
1 6 52
1 6 61
1 6 68
1 6 73
1 6 196
1 6 203
1 7 11
1 7 18
1 7 38
1 7 43
1 7 62
1 7 75
1 7 95
1 7 98
1 7 198
1 8 1
1 8 9
1 8 21
1 8 39
1 8 56
1 8 69
1 8 71
1 8 101
1 8 103
1 8 190
1 8 201
1 9 4
1 9 7
1 9 9
1 9 35
1 9 54
1 9 68
1 9 69
1 9 81
1 9 91
1 9 100
1 9 238
1 10 15
1 10 17
1 10 23
1 10 25
1 10 60
1 10 70
1 10 130
1 10 187
1 10 190
1 11 74
1 11 99
1 11 101
1 11 193
1 12 2
1 12 24
1 12 27
1 12 36
1 12 41
1 12 64
1 12 80
1 12 83
1 12 103
1 12 173
1 13 12
1 13 20
1 13 31
1 13 32
1 13 35
1 13 37
1 13 70
1 13 71
1 13 73
1 13 83
1 13 103
1 14 2
1 14 21
1 14 24
1 14 38
1 14 81
1 14 85
1 14 196
1 15 14
1 15 28
1 15 50
1 15 83
1 15 87
1 15 94
1 15 96
1 16 2
1 16 13
1 16 25
1 16 33
1 16 49
1 16 52
1 16 73
1 16 82
1 16 84
1 16 104
1 16 133
1 17 10
1 17 14
1 17 42
1 17 82
1 17 94
1 17 192
1 18 9
1 18 19
1 18 30
1 18 37
1 18 50
1 18 52
1 18 72
1 18 75
1 18 86
1 18 95
1 19 2
1 19 28
1 19 32
1 19 67
1 19 84
1 19 93
1 19 114
1 19 175
1 20 11
1 20 18
1 20 23
1 20 36
1 20 50
1 20 53
1 20 60
1 20 69
1 20 86
1 20 88
1 21 3
1 21 14
1 21 50
1 21 55
1 21 77
1 21 90
1 21 102
1 21 104
1 22 2
1 22 22
1 22 30
1 22 55
1 22 63
1 22 66
1 22 72
1 22 94
1 22 97
1 22 119
1 23 1
1 23 33
1 23 51
1 23 55
1 23 60
1 23 74
1 23 88
1 23 104
1 23 216
1 24 7
1 24 23
1 24 67
1 24 73
1 24 127
1 24 130
1 25 19
1 25 20
1 25 49
1 25 84
1 25 87
1 25 93
1 26 8
1 26 15
1 26 22
1 26 29
1 26 35
1 26 46
1 26 63
1 26 71
1 26 95
1 26 102
1 26 115
1 27 10
1 27 21
1 27 28
1 27 34
1 27 56
1 27 59
1 27 89
1 27 96
1 27 129
1 27 170
1 28 1
1 28 3
1 28 12
1 28 15
1 28 17
1 28 29
1 28 36
1 28 48
1 28 54
1 28 67
1 28 77
1 28 103
1 28 150
1 28 206
1 29 1
1 29 26
1 29 27
1 29 59
1 29 70
1 29 90
1 29 102
1 29 139
1 29 221
1 30 0
1 30 2
1 30 29
1 30 32
1 30 36
1 30 55
1 30 95
1 31 40
1 31 69
1 31 87
1 31 89
1 32 5
1 32 10
1 32 14
1 32 30
1 32 46
1 32 50
1 32 55
1 32 63
1 32 72
1 32 84
1 32 87
1 32 187
1 32 218
1 33 35
1 33 65
1 33 73
1 33 87
1 33 93
1 33 173
1 34 4
1 34 9
1 34 12
1 34 35
1 34 40
1 34 49
1 34 51
1 34 52
1 34 55
1 34 84
1 34 90
1 35 8
1 35 17
1 35 20
1 35 28
1 35 39
1 35 54
1 35 70
1 35 97
1 35 183
1 36 1
1 36 3
1 36 8
1 36 27
1 36 45
1 36 47
1 36 70
1 37 11
1 37 16
1 37 21
1 37 30
1 37 39
1 37 45
1 37 49
1 37 68
1 37 82
1 37 83
1 37 86
1 37 90
1 37 93
1 37 94
1 37 147
1 37 165
1 37 210
1 38 3
1 38 76
1 38 88
1 38 194
1 39 1
1 39 28
1 39 30
1 39 52
1 39 94
1 39 97
1 39 100
1 39 179
1 39 224
1 40 3
1 40 4
1 40 9
1 40 25
1 40 31
1 40 50
1 40 78
1 40 79
1 40 90
1 40 93
1 40 101
1 40 125
1 40 150
1 40 181
1 41 8
1 41 37
1 41 39
1 41 41
1 41 42
1 41 45
1 41 60
1 41 81
1 41 88
1 41 89
1 41 99
1 41 151
1 41 188
1 41 207
1 42 11
1 42 19
1 42 50
1 42 55
1 42 57
1 42 58
1 42 66
1 42 82
1 42 93
1 42 178
1 42 188
1 43 3
1 43 17
1 43 21
1 43 37
1 43 50
1 43 104
1 43 129
1 44 11
1 44 48
1 44 49
1 44 59
1 44 66
1 44 89
1 44 232
1 45 22
1 45 28
1 45 44
1 45 45
1 45 58
1 45 63
1 45 93
1 45 103
1 45 143
1 45 203
1 46 47
1 46 55
1 46 81
1 46 95
1 46 136
1 47 9
1 47 10
1 47 13
1 47 14
1 47 29
1 47 39
1 47 40
1 47 41
1 47 53
1 47 57
1 47 60
1 47 75
1 47 91
1 47 94
1 47 135
1 48 4
1 48 5
1 48 11
1 48 28
1 48 29
1 48 33
1 48 46
1 48 51
1 48 60
1 48 61
1 48 66
1 48 82
1 48 170
1 49 0
1 49 8
1 49 14
1 49 22
1 49 40
1 49 46
1 49 53
1 49 68
1 49 102
1 50 11
1 50 24
1 50 31
1 50 37
1 50 39
1 50 90
1 50 131
1 50 155
1 50 200
1 51 2
1 51 4
1 51 20
1 51 34
1 51 41
1 51 43
1 51 72
1 51 89
1 51 90
1 51 98
1 51 168
1 51 179
1 51 237
1 52 22
1 52 30
1 52 44
1 52 51
1 52 58
1 52 60
1 52 71
1 52 75
1 52 90
1 52 125
1 52 159
1 53 2
1 53 4
1 53 20
1 53 32
1 53 40
1 53 55
1 53 77
1 53 79
1 53 82
1 53 89
1 53 91
1 53 101
1 54 7
1 54 17
1 54 39
1 54 43
1 54 49
1 54 62
1 54 66
1 54 68
1 54 87
1 54 88
1 54 103
1 54 146
1 55 7
1 55 14
1 55 16
1 55 21
1 55 26
1 55 38
1 55 48
1 55 81
1 55 95
1 56 7
1 56 37
1 56 40
1 56 206
1 56 208
1 57 3
1 57 30
1 57 55
1 57 66
1 57 101
1 57 174
1 58 12
1 58 47
1 58 60
1 58 64
1 58 76
1 58 85
1 58 88
1 58 98
1 58 100
1 58 114
1 59 11
1 59 23
1 59 42
1 59 43
1 59 47
1 59 59
1 59 69
1 59 83
1 59 145
1 59 183
1 59 220
1 60 21
1 60 30
1 60 35
1 60 55
1 60 85
1 61 10
1 61 41
1 61 48
1 61 91
1 61 97
1 61 105
1 61 134
1 61 174
1 61 236
1 62 35
1 62 37
1 62 46
1 62 70
1 62 88
1 62 92
1 62 99
1 62 171
1 62 201
1 63 5
1 63 9
1 63 61
1 63 64
1 63 73
1 63 172
1 64 4
1 64 19
1 64 20
1 64 36
1 64 44
1 64 48
1 64 68
1 64 85
1 64 86
1 64 92
1 64 103
1 64 211
1 64 226
1 65 13
1 65 27
1 65 63
1 65 95
1 65 142
1 65 161
1 66 7
1 66 27
1 66 50
1 66 59
1 66 61
1 66 63
1 66 74
1 66 90
1 66 91
1 66 103
1 67 10
1 67 23
1 67 44
1 67 52
1 67 84
1 67 94
1 67 96
1 67 177
1 68 41
1 68 62
1 68 72
1 68 75
1 68 80
1 68 95
1 68 96
1 69 10
1 69 34
1 69 41
1 69 69
1 69 86
1 69 99
1 70 13
1 70 27
1 70 39
1 70 41
1 70 47
1 70 60
1 70 77
1 70 85
1 70 89
1 70 148
1 71 9
1 71 26
1 71 35
1 71 50
1 71 97
1 71 121
1 72 19
1 72 20
1 72 36
1 72 46
1 72 98
1 72 100
1 72 103
1 72 158
1 73 7
1 73 17
1 73 26
1 73 52
1 73 53
1 73 65
1 73 72
1 73 103
1 73 186
1 74 1
1 74 4
1 74 14
1 74 20
1 74 41
1 74 44
1 74 58
1 74 65
1 74 230
1 75 11
1 75 26
1 75 28
1 75 42
1 75 60
1 75 98
1 75 110
1 76 1
1 76 5
1 76 9
1 76 10
1 76 14
1 76 57
1 76 58
1 76 84
1 77 22
1 77 23
1 77 61
1 77 69
1 77 90
1 77 95
1 77 97
1 77 114
1 78 19
1 78 32
1 78 35
1 78 86
1 78 97
1 78 152
1 78 226
1 79 8
1 79 12
1 79 33
1 79 34
1 79 48
1 79 61
1 79 64
1 79 69
1 79 93
1 79 176
1 80 7
1 80 8
1 80 30
1 80 32
1 80 43
1 80 45
1 80 48
1 80 103
1 80 184
1 81 5
1 81 6
1 81 8
1 81 11
1 81 16
1 81 18
1 81 49
1 81 63
1 81 64
1 81 77
1 81 83
1 81 101
1 81 103
1 82 27
1 82 36
1 82 37
1 82 49
1 82 62
1 82 64
1 82 71
1 82 90
1 82 92
1 82 93
1 82 221
1 83 9
1 83 41
1 83 43
1 83 66
1 83 69
1 83 83
1 83 104
1 83 124
1 84 7
1 84 8
1 84 20
1 84 25
1 84 27
1 84 69
1 84 85
1 84 162
1 85 35
1 85 59
1 85 60
1 85 92
1 85 102
1 85 237
1 86 4
1 86 10
1 86 60
1 86 94
1 86 119
1 86 137
1 87 6
1 87 49
1 87 57
1 87 68
1 87 72
1 87 89
1 87 95
1 87 102
1 88 12
1 88 34
1 88 66
1 88 102
1 89 9
1 89 11
1 89 20
1 89 25
1 89 27
1 89 28
1 89 30
1 89 39
1 89 67
1 89 69
1 89 76
1 89 174
1 90 2
1 90 17
1 90 41
1 90 44
1 90 53
1 90 70
1 90 81
1 90 82
1 91 13
1 91 16
1 91 44
1 91 49
1 91 53
1 91 59
1 91 66
1 91 78
1 91 79
1 91 80
1 91 81
1 91 97
1 91 236
1 92 1
1 92 12
1 92 25
1 92 54
1 92 67
1 92 132
1 92 190
1 92 240
1 93 23
1 93 36
1 93 40
1 93 61
1 93 70
1 93 88
1 93 96
1 93 98
1 94 14
1 94 24
1 94 32
1 94 65
1 94 73
1 94 102
1 95 5
1 95 13
1 95 21
1 95 30
1 95 33
1 95 42
1 95 48
1 95 56
1 95 127
1 95 155
1 96 0
1 96 13
1 96 25
1 96 47
1 96 62
1 96 65
1 96 80
1 96 81
1 96 94
1 97 4
1 97 5
1 97 6
1 97 16
1 97 57
1 97 75
1 97 95
1 97 229
1 98 12
1 98 19
1 98 29
1 98 89
1 98 214
1 99 2
1 99 13
1 99 26
1 99 43
1 99 70
1 99 74
1 99 78
1 99 85
1 99 93
1 99 164
1 99 202
1 99 226
1 100 68
1 100 75
1 100 76
1 101 2
1 101 19
1 101 25
1 101 69
1 101 72
1 101 91
1 101 93
1 101 104
1 101 209
1 102 20
1 102 35
1 102 39
1 102 46
1 102 48
1 102 55
1 102 57
1 102 68
1 103 1
1 103 7
1 103 50
1 103 53
1 103 56
1 103 63
1 103 67
1 103 100
1 103 158
1 104 6
1 104 12
1 104 36
1 104 79
1 105 58
1 105 108
1 105 120
1 105 124
1 105 135
1 105 146
1 105 206
1 105 215
1 105 231
1 105 235
1 106 106
1 106 107
1 106 132
1 106 151
1 106 188
1 106 199
1 106 203
1 106 208
1 106 220
1 107 62
1 107 117
1 107 177
1 107 188
1 107 189
1 107 193
1 107 211
1 107 227
1 107 228
1 107 235
1 108 49
1 108 119
1 108 132
1 108 133
1 108 141
1 108 148
1 108 156
1 108 174
1 108 231
1 108 239
1 109 70
1 109 110
1 109 213
1 110 39
1 110 52
1 110 113
1 110 161
1 110 192
1 110 205
1 111 45
1 111 89
1 111 119
1 111 237
1 112 80
1 112 116
1 112 134
1 112 195
1 112 216
1 112 228
1 113 12
1 113 109
1 113 163
1 113 178
1 113 238
1 114 196
1 114 217
1 114 234
1 115 8
1 115 36
1 115 82
1 115 97
1 115 138
1 115 167
1 115 180
1 115 194
1 116 12
1 116 163
1 116 188
1 116 231
1 117 61
1 117 65
1 117 110
1 117 118
1 117 125
1 117 148
1 117 213
1 118 4
1 118 111
1 118 150
1 118 158
1 118 185
1 118 227
1 118 235
1 118 239
1 119 125
1 119 131
1 119 143
1 119 211
1 119 217
1 119 234
1 120 137
1 120 140
1 120 153
1 120 155
1 120 174
1 120 178
1 120 219
1 121 21
1 121 107
1 121 129
1 121 180
1 122 112
1 122 162
1 122 191
1 122 213
1 122 231
1 122 235
1 123 121
1 123 132
1 123 136
1 123 147
1 123 159
1 123 161
1 124 50
1 124 132
1 124 133
1 124 156
1 124 158
1 124 191
1 124 209
1 125 33
1 125 82
1 125 128
1 125 143
1 125 149
1 125 156
1 125 181
1 125 238
1 126 1
1 126 122
1 126 163
1 126 169
1 126 179
1 126 210
1 126 222
1 126 226
1 126 236
1 127 18
1 127 37
1 127 127
1 127 138
1 127 169
1 127 186
1 127 187
1 127 200
1 127 216
1 127 218
1 127 224
1 127 225
1 127 233
1 128 108
1 128 115
1 128 129
1 128 130
1 128 131
1 128 132
1 128 147
1 128 148
1 128 159
1 128 172
1 128 180
1 128 189
1 128 193
1 129 159
1 129 161
1 129 167
1 129 213
1 130 166
1 130 187
1 130 207
1 130 218
1 130 220
1 131 80
1 131 101
1 131 118
1 131 122
1 131 153
1 131 156
1 131 179
1 131 220
1 131 236
1 132 158
1 132 185
1 132 190
1 132 195
1 132 197
1 132 215
1 132 219
1 132 235
1 133 21
1 133 112
1 133 151
1 133 213
1 133 223
1 133 239
1 134 172
1 134 175
1 134 214
1 134 217
1 135 13
1 135 74
1 135 124
1 135 199
1 135 209
1 135 233
1 135 239
1 136 132
1 136 165
1 136 167
1 136 175
1 136 191
1 136 213
1 136 219
1 137 23
1 138 84
1 138 125
1 138 200
1 138 205
1 138 214
1 138 217
1 139 25
1 139 40
1 139 139
1 139 166
1 139 172
1 139 173
1 139 174
1 139 196
1 139 234
1 140 112
1 140 134
1 140 162
1 140 167
1 140 222
1 140 238
1 141 112
1 141 167
1 141 175
1 141 182
1 141 198
1 141 202
1 141 209
1 141 219
1 141 229
1 141 233
1 142 60
1 142 98
1 142 137
1 142 143
1 142 183
1 142 188
1 142 202
1 142 205
1 142 233
1 143 52
1 143 145
1 143 154
1 143 183
1 143 230
1 143 236
1 144 111
1 144 148
1 144 158
1 144 167
1 144 175
1 144 197
1 144 217
1 144 226
1 144 233
1 145 60
1 145 113
1 145 119
1 145 123
1 145 135
1 145 141
1 145 189
1 146 205
1 146 223
1 147 70
1 147 113
1 147 114
1 147 119
1 147 128
1 147 196
1 147 222
1 147 224
1 148 57
1 148 139
1 148 157
1 148 217
1 149 107
1 149 128
1 149 154
1 149 156
1 149 162
1 149 175
1 149 185
1 149 206
1 149 224
1 149 240
1 150 75
1 150 126
1 150 144
1 150 175
1 150 184
1 150 190
1 150 199
1 151 128
1 151 152
1 151 168
1 151 190
1 151 226
1 151 230
1 152 131
1 152 147
1 152 170
1 152 207
1 152 209
1 152 223
1 153 114
1 153 145
1 153 149
1 153 202
1 153 216
1 154 131
1 154 167
1 154 186
1 154 196
1 155 14
1 155 45
1 155 52
1 155 91
1 155 128
1 155 156
1 155 176
1 155 186
1 155 213
1 155 236
1 156 112
1 156 132
1 156 179
1 156 182
1 156 183
1 156 194
1 156 236
1 157 67
1 157 117
1 157 160
1 157 161
1 157 181
1 157 198
1 157 211
1 157 214
1 157 227
1 158 86
1 158 113
1 158 152
1 158 226
1 159 112
1 159 194
1 159 202
1 160 116
1 160 138
1 160 148
1 160 185
1 160 186
1 161 113
1 161 191
1 161 208
1 161 230
1 162 20
1 162 124
1 162 146
1 162 157
1 162 206
1 162 217
1 163 120
1 163 131
1 163 144
1 163 200
1 163 211
1 163 237
1 164 130
1 164 135
1 164 161
1 164 182
1 164 204
1 165 110
1 165 187
1 165 210
1 166 125
1 166 164
1 166 179
1 167 36
1 167 105
1 167 109
1 167 114
1 167 115
1 167 125
1 167 134
1 167 145
1 167 219
1 167 220
1 167 225
1 168 20
1 168 156
1 168 157
1 168 192
1 168 202
1 168 204
1 168 211
1 168 229
1 168 233
1 168 239
1 169 9
1 169 137
1 169 162
1 169 166
1 169 174
1 169 182
1 169 203
1 170 119
1 170 207
1 171 70
1 171 101
1 171 148
1 171 208
1 171 217
1 172 154
1 172 185
1 172 190
1 172 220
1 173 112
1 173 130
1 173 140
1 173 147
1 173 171
1 173 204
1 173 218
1 173 221
1 174 182
1 174 184
1 174 210
1 175 48
1 175 125
1 175 136
1 175 139
1 175 144
1 175 174
1 175 192
1 175 207
1 175 227
1 176 27
1 176 71
1 176 98
1 176 108
1 176 126
1 176 155
1 176 187
1 176 195
1 176 218
1 177 64
1 177 137
1 177 186
1 177 215
1 177 223
1 177 240
1 178 115
1 178 121
1 178 123
1 178 125
1 178 160
1 178 209
1 179 143
1 179 147
1 179 170
1 179 176
1 179 185
1 179 212
1 179 213
1 179 221
1 179 222
1 179 239
1 180 50
1 180 136
1 180 182
1 181 1
1 181 134
1 181 144
1 181 176
1 182 120
1 182 165
1 182 168
1 182 177
1 182 200
1 182 209
1 182 213
1 182 233
1 182 234
1 183 108
1 183 118
1 183 131
1 183 140
1 183 158
1 183 203
1 183 208
1 183 234
1 184 103
1 184 112
1 184 115
1 184 141
1 184 146
1 184 218
1 184 238
1 185 115
1 185 123
1 185 129
1 185 146
1 185 147
1 185 155
1 185 177
1 185 203
1 185 237
1 186 66
1 186 86
1 186 141
1 186 146
1 186 192
1 186 198
1 186 205
1 187 0
1 187 108
1 187 112
1 187 163
1 187 192
1 187 221
1 187 227
1 188 103
1 188 133
1 188 146
1 188 172
1 188 215
1 189 48
1 189 52
1 189 54
1 189 107
1 189 110
1 189 113
1 189 132
1 189 215
1 190 230
1 190 235
1 191 121
1 191 137
1 191 140
1 191 167
1 191 180
1 191 187
1 191 222
1 191 231
1 192 119
1 192 135
1 192 176
1 192 186
1 192 206
1 193 17
1 193 134
1 193 141
1 193 145
1 193 152
1 193 172
1 193 187
1 193 216
1 194 106
1 194 123
1 194 128
1 194 140
1 194 151
1 194 189
1 194 204
1 194 237
1 195 39
1 195 98
1 195 126
1 195 130
1 195 181
1 195 195
1 196 105
1 196 118
1 196 147
1 196 153
1 196 182
1 197 125
1 197 152
1 197 171
1 197 192
1 197 201
1 197 215
1 198 108
1 198 109
1 198 120
1 198 133
1 198 184
1 198 191
1 198 212
1 199 10
1 199 38
1 199 70
1 199 135
1 199 140
1 199 153
1 199 161
1 199 170
1 199 183
1 199 196
1 199 222
1 199 225
1 199 232
1 200 131
1 200 159
1 200 161
1 200 181
1 200 186
1 200 192
1 200 201
1 200 203
1 201 58
1 201 105
1 201 132
1 201 135
1 201 154
1 201 157
1 201 185
1 201 200
1 201 223
1 202 1
1 202 32
1 202 101
1 202 148
1 202 163
1 203 203
1 203 229
1 204 49
1 204 76
1 204 165
1 204 191
1 204 219
1 205 102
1 205 108
1 205 109
1 205 149
1 205 192
1 205 232
1 205 234
1 206 7
1 206 96
1 206 131
1 206 132
1 207 41
1 207 58
1 207 105
1 207 133
1 207 154
1 207 192
1 207 195
1 207 219
1 208 16
1 208 31
1 208 100
1 208 106
1 208 137
1 208 143
1 208 153
1 208 180
1 208 193
1 208 202
1 209 126
1 209 133
1 209 168
1 209 178
1 209 181
1 209 205
1 209 218
1 210 148
1 210 162
1 210 163
1 210 178
1 210 206
1 210 218
1 211 92
1 211 136
1 211 139
1 211 150
1 211 155
1 211 165
1 211 179
1 211 180
1 211 202
1 212 139
1 212 155
1 213 23
1 213 111
1 213 143
1 213 150
1 213 166
1 213 233
1 214 29
1 214 177
1 214 188
1 214 200
1 214 210
1 214 217
1 215 38
1 215 74
1 215 107
1 215 111
1 215 113
1 215 138
1 215 183
1 215 193
1 215 198
1 215 217
1 215 224
1 216 4
1 216 109
1 216 144
1 216 165
1 216 217
1 217 37
1 217 123
1 217 130
1 217 176
1 217 192
1 218 205
1 218 236
1 219 119
1 219 129
1 219 130
1 219 133
1 219 140
1 219 153
1 219 174
1 219 208
1 220 115
1 220 132
1 220 161
1 221 118
1 221 214
1 222 83
1 222 155
1 222 170
1 222 201
1 222 219
1 222 234
1 223 149
1 223 174
1 223 213
1 223 219
1 223 225
1 224 10
1 224 127
1 224 136
1 224 141
1 224 144
1 224 145
1 224 161
1 224 205
1 224 228
1 224 237
1 225 1
1 225 18
1 225 134
1 225 164
1 225 198
1 225 232
1 225 235
1 226 76
1 226 121
1 226 128
1 226 139
1 226 157
1 226 168
1 226 175
1 226 192
1 226 240
1 227 21
1 227 126
1 227 128
1 227 175
1 227 205
1 227 207
1 227 208
1 228 31
1 228 199
1 228 204
1 229 93
1 229 185
1 229 196
1 229 203
1 229 206
1 230 199
1 230 202
1 230 239
1 231 71
1 231 127
1 231 150
1 231 176
1 231 194
1 232 90
1 232 112
1 232 113
1 232 152
1 232 233
1 233 34
1 233 41
1 233 182
1 233 183
1 234 0
1 234 11
1 234 56
1 234 107
1 234 108
1 234 119
1 234 158
1 234 162
1 235 127
1 235 130
1 235 209
1 235 220
1 235 235
1 236 114
1 236 118
1 236 170
1 236 192
1 236 215
1 236 224
1 236 238
1 237 126
1 237 168
1 237 184
1 237 190
1 237 238
1 238 13
1 238 64
1 238 101
1 238 103
1 238 150
1 238 187
1 238 189
1 238 196
1 238 237
1 239 78
1 239 128
1 239 134
1 239 148
1 239 153
1 239 154
1 239 183
1 239 193
1 239 195
1 239 215
1 240 119
1 240 133
1 240 134
1 240 137
1 240 162
1 240 220
2 0 9
2 0 14
2 0 22
2 0 43
2 0 49
2 0 55
2 0 60
2 0 63
2 0 68
2 0 72
2 0 74
2 0 86
2 0 102
2 0 128
2 0 181
2 0 201
2 0 228
2 1 5
2 1 10
2 1 36
2 1 44
2 1 50
2 1 100
2 1 129
2 1 232
2 2 2
2 2 5
2 2 8
2 2 37
2 2 45
2 2 47
2 2 76
2 2 101
2 3 38
2 3 52
2 3 53
2 3 61
2 3 62
2 3 84
2 3 86
2 3 92
2 3 100
2 4 28
2 4 41
2 4 42
2 4 64
2 4 76
2 4 86
2 4 151
2 5 8
2 5 32
2 5 38
2 5 56
2 5 65
2 5 78
2 5 79
2 5 158
2 6 10
2 6 11
2 6 12
2 6 13
2 6 20
2 6 23
2 6 28
2 6 72
2 6 77
2 6 86
2 6 103
2 7 10
2 7 25
2 7 39
2 7 50
2 7 67
2 7 68
2 7 81
2 7 165
2 7 198
2 8 9
2 8 13
2 8 39
2 8 40
2 8 53
2 8 69
2 8 79
2 8 84
2 8 89
2 9 17
2 9 25
2 9 26
2 9 37
2 9 48
2 9 49
2 9 54
2 9 65
2 9 90
2 9 210
2 10 3
2 10 9
2 10 11
2 10 42
2 10 44
2 10 62
2 10 72
2 10 101
2 10 146
2 11 5
2 11 12
2 11 18
2 11 21
2 11 24
2 11 26
2 11 32
2 11 38
2 11 47
2 11 51
2 11 94
2 11 96
2 11 102
2 11 154
2 11 233
2 12 1
2 12 10
2 12 41
2 12 47
2 12 58
2 12 65
2 12 91
2 12 94
2 13 0
2 13 4
2 13 8
2 13 10
2 13 29
2 13 62
2 13 72
2 13 99
2 13 125
2 14 0
2 14 9
2 14 16
2 14 43
2 14 68
2 14 75
2 14 88
2 14 101
2 15 0
2 15 47
2 15 56
2 15 57
2 15 69
2 15 102
2 15 224
2 16 24
2 16 55
2 16 68
2 16 100
2 17 10
2 17 16
2 17 35
2 17 88
2 17 97
2 17 102
2 17 237
2 18 5
2 18 6
2 18 7
2 18 40
2 18 54
2 18 58
2 18 59
2 18 71
2 18 73
2 18 85
2 18 98
2 18 231
2 19 12
2 19 23
2 19 32
2 19 39
2 19 40
2 19 47
2 19 71
2 19 82
2 19 90
2 19 237
2 20 13
2 20 15
2 20 31
2 20 69
2 20 71
2 20 92
2 20 93
2 21 18
2 21 19
2 21 30
2 21 32
2 21 52
2 21 68
2 21 76
2 21 84
2 21 91
2 21 101
2 21 132
2 22 21
2 22 32
2 22 45
2 22 50
2 22 57
2 22 70
2 22 75
2 22 79
2 22 85
2 22 89
2 22 99
2 22 200
2 22 233
2 23 15
2 23 24
2 23 25
2 23 47
2 23 100
2 23 140
2 23 141
2 23 220
2 24 24
2 24 44
2 24 51
2 24 56
2 24 91
2 24 98
2 25 14
2 25 15
2 25 47
2 25 60
2 25 79
2 25 88
2 26 5
2 26 6
2 26 12
2 26 15
2 26 23
2 26 38
2 26 54
2 26 76
2 26 195
2 26 202
2 26 222
2 26 228
2 27 16
2 27 32
2 27 51
2 27 74
2 27 75
2 27 135
2 27 205
2 28 8
2 28 36
2 28 43
2 28 49
2 28 61
2 28 70
2 28 86
2 28 88
2 28 134
2 28 194
2 29 9
2 29 11
2 29 13
2 29 17
2 29 40
2 29 43
2 29 63
2 29 64
2 29 71
2 29 78
2 29 80
2 29 86
2 29 99
2 29 102
2 29 171
2 30 25
2 30 32
2 30 45
2 30 61
2 30 68
2 30 75
2 30 78
2 30 81
2 30 97
2 30 103
2 30 173
2 30 236
2 31 12
2 31 26
2 31 28
2 31 35
2 31 51
2 31 52
2 31 53
2 31 84
2 31 233
2 32 5
2 32 29
2 32 38
2 32 66
2 32 80
2 32 101
2 33 36
2 33 64
2 33 96
2 33 99
2 33 109
2 33 111
2 33 122
2 33 136
2 33 159
2 33 230
2 34 16
2 34 26
2 34 27
2 34 35
2 34 48
2 34 62
2 34 67
2 34 68
2 34 85
2 34 123
2 34 187
2 35 16
2 35 33
2 35 36
2 35 65
2 35 74
2 35 77
2 35 83
2 35 91
2 35 94
2 36 24
2 36 42
2 36 44
2 36 46
2 36 51
2 36 58
2 36 91
2 36 95
2 36 103
2 36 104
2 37 2
2 37 6
2 37 12
2 37 16
2 37 34
2 37 38
2 37 51
2 37 53
2 37 54
2 37 61
2 37 69
2 37 75
2 37 80
2 37 88
2 37 90
2 37 97
2 37 151
2 38 4
2 38 19
2 38 26
2 38 35
2 39 6
2 39 12
2 39 22
2 39 37
2 39 40
2 39 79
2 39 85
2 39 86
2 39 96
2 39 116
2 39 169
2 40 14
2 40 18
2 40 28
2 40 52
2 40 82
2 40 90
2 40 94
2 40 100
2 41 4
2 41 32
2 41 42
2 41 58
2 41 87
2 42 0
2 42 12
2 42 23
2 42 30
2 42 36
2 42 42
2 42 44
2 42 48
2 42 58
2 42 69
2 42 80
2 42 92
2 42 101
2 42 107
2 42 180
2 43 28
2 43 36
2 43 70
2 43 85
2 43 183
2 44 21
2 44 32
2 44 52
2 44 55
2 44 80
2 45 33
2 45 39
2 45 41
2 45 48
2 45 78
2 45 121
2 45 185
2 46 4
2 46 13
2 46 22
2 46 51
2 46 55
2 46 63
2 46 64
2 46 69
2 46 72
2 46 87
2 46 93
2 46 99
2 46 208
2 46 231
2 47 20
2 47 40
2 47 44
2 47 57
2 47 59
2 47 60
2 47 91
2 47 100
2 47 237
2 48 26
2 48 32
2 48 56
2 48 66
2 48 69
2 48 72
2 48 82
2 48 97
2 48 217
2 49 7
2 49 14
2 49 34
2 49 40
2 49 57
2 49 71
2 49 94
2 49 99
2 49 102
2 50 27
2 50 29
2 50 64
2 50 98
2 51 9
2 51 15
2 51 16
2 51 25
2 51 71
2 51 80
2 51 95
2 51 220
2 52 2
2 52 64
2 52 68
2 52 72
2 52 85
2 52 114
2 52 234
2 52 237
2 53 6
2 53 8
2 53 20
2 53 26
2 53 50
2 53 55
2 53 62
2 53 94
2 53 95
2 53 104
2 53 135
2 54 4
2 54 29
2 54 40
2 54 43
2 54 59
2 54 60
2 54 73
2 54 91
2 54 99
2 54 118
2 55 0
2 55 17
2 55 29
2 55 42
2 55 52
2 55 56
2 55 58
2 55 88
2 55 98
2 55 114
2 56 2
2 56 27
2 56 29
2 56 41
2 56 58
2 56 76
2 56 77
2 56 92
2 56 93
2 56 199
2 56 232
2 57 7
2 57 54
2 57 70
2 57 91
2 57 100
2 57 103
2 57 134
2 57 162
2 58 26
2 58 29
2 58 93
2 58 100
2 58 102
2 58 161
2 58 185
2 58 189
2 59 14
2 59 33
2 59 74
2 59 84
2 59 102
2 60 10
2 60 12
2 60 36
2 60 42
2 60 56
2 60 63
2 60 64
2 60 160
2 60 176
2 60 223
2 61 0
2 61 19
2 61 31
2 61 65
2 61 72
2 61 100
2 61 188
2 61 207
2 62 7
2 62 9
2 62 10
2 62 16
2 62 20
2 62 29
2 62 54
2 62 65
2 62 76
2 62 77
2 62 83
2 62 92
2 62 95
2 62 97
2 62 152
2 63 9
2 63 31
2 63 121
2 64 25
2 64 36
2 64 37
2 64 38
2 64 60
2 64 98
2 64 100
2 64 215
2 65 26
2 65 54
2 65 64
2 65 76
2 65 101
2 65 104
2 66 0
2 66 50
2 66 53
2 66 78
2 66 146
2 66 179
2 66 236
2 67 11
2 67 19
2 67 33
2 67 60
2 67 61
2 67 68
2 67 74
2 67 79
2 67 102
2 67 210
2 67 236
2 68 16
2 68 17
2 68 25
2 68 34
2 68 35
2 68 38
2 68 39
2 68 49
2 68 51
2 68 60
2 68 62
2 68 77
2 68 195
2 68 230
2 69 29
2 69 30
2 69 36
2 69 41
2 69 42
2 69 75
2 69 85
2 69 89
2 69 100
2 70 1
2 70 7
2 70 33
2 70 37
2 70 93
2 70 100
2 70 107
2 70 168
2 71 11
2 71 13
2 71 45
2 71 50
2 71 59
2 71 69
2 71 86
2 71 98
2 71 194
2 71 198
2 72 1
2 72 3
2 72 6
2 72 8
2 72 33
2 72 35
2 72 39
2 72 59
2 72 68
2 72 72
2 72 80
2 72 87
2 72 91
2 72 93
2 72 95
2 72 97
2 72 220
2 73 0
2 73 2
2 73 46
2 73 73
2 73 89
2 73 90
2 73 97
2 73 120
2 73 139
2 73 167
2 73 194
2 74 44
2 74 49
2 74 63
2 74 66
2 75 1
2 75 4
2 75 20
2 75 69
2 75 86
2 75 88
2 75 97
2 75 108
2 76 4
2 76 11
2 76 18
2 76 55
2 76 70
2 76 87
2 76 94
2 77 1
2 77 53
2 77 56
2 77 61
2 77 77
2 77 80
2 77 82
2 77 97
2 78 8
2 78 57
2 78 80
2 78 82
2 78 84
2 78 87
2 78 218
2 79 6
2 79 50
2 79 66
2 79 67
2 79 84
2 80 26
2 80 29
2 80 34
2 80 41
2 80 57
2 80 65
2 81 15
2 81 17
2 81 36
2 81 41
2 81 51
2 81 55
2 81 71
2 81 78
2 81 88
2 81 102
2 82 49
2 82 75
2 82 79
2 82 104
2 82 188
2 83 26
2 83 29
2 83 39
2 83 44
2 83 45
2 83 87
2 83 99
2 83 102
2 84 31
2 84 47
2 84 51
2 84 79
2 84 99
2 85 0
2 85 5
2 85 11
2 85 17
2 85 34
2 85 39
2 85 47
2 85 64
2 85 73
2 85 90
2 85 111
2 85 156
2 85 167
2 86 35
2 86 56
2 86 85
2 87 2
2 87 10
2 87 11
2 87 27
2 87 31
2 87 42
2 87 48
2 87 53
2 87 58
2 87 62
2 87 91
2 87 100
2 87 224
2 87 236
2 87 239
2 88 20
2 88 24
2 88 32
2 88 34
2 88 54
2 88 152
2 88 155
2 89 19
2 89 29
2 89 46
2 89 55
2 89 66
2 89 68
2 89 75
2 89 79
2 89 97
2 90 16
2 90 24
2 90 25
2 90 27
2 90 35
2 90 46
2 90 50
2 90 54
2 90 84
2 90 234
2 91 1
2 91 11
2 91 25
2 91 26
2 91 29
2 91 39
2 91 96
2 91 129
2 91 214
2 91 240
2 92 29
2 92 38
2 92 43
2 92 55
2 92 93
2 92 97
2 93 0
2 93 20
2 93 33
2 93 35
2 93 41
2 93 58
2 93 84
2 93 99
2 93 165
2 94 11
2 94 25
2 94 39
2 94 55
2 94 58
2 94 68
2 94 86
2 94 87
2 94 89
2 95 2
2 95 7
2 95 43
2 95 52
2 95 55
2 95 72
2 95 88
2 95 127
2 96 6
2 96 22
2 96 34
2 96 50
2 96 51
2 96 59
2 96 66
2 96 68
2 96 99
2 96 218
2 97 10
2 97 30
2 97 38
2 97 70
2 97 73
2 97 86
2 97 99
2 97 100
2 97 137
2 97 219
2 98 15
2 98 44
2 98 55
2 98 58
2 99 48
2 99 49
2 99 64
2 99 76
2 99 196
2 100 1
2 100 11
2 100 26
2 100 49
2 100 50
2 100 83
2 100 94
2 100 102
2 100 197
2 101 2
2 101 20
2 101 23
2 101 26
2 101 36
2 101 57
2 101 60
2 101 79
2 101 105
2 101 112
2 101 228
2 102 6
2 102 24
2 102 36
2 102 46
2 102 49
2 102 72
2 102 88
2 102 99
2 103 6
2 103 50
2 103 71
2 103 82
2 104 18
2 104 27
2 104 31
2 104 60
2 104 117
2 104 194
2 104 206
2 105 80
2 105 163
2 105 177
2 105 202
2 105 221
2 106 106
2 106 112
2 106 157
2 106 161
2 107 124
2 107 128
2 107 145
2 107 148
2 107 170
2 107 197
2 107 198
2 107 222
2 108 94
2 108 119
2 108 121
2 108 154
2 109 135
2 109 169
2 109 233
2 110 6
2 110 131
2 110 136
2 110 138
2 110 194
2 110 212
2 111 3
2 111 77
2 111 119
2 111 134
2 111 144
2 111 156
2 111 190
2 111 210
2 111 230
2 112 133
2 112 135
2 112 159
2 112 173
2 112 221
2 112 223
2 112 233
2 113 121
2 113 129
2 113 143
2 113 183
2 113 211
2 113 213
2 113 240
2 114 83
2 114 110
2 114 142
2 114 162
2 114 181
2 114 225
2 115 136
2 115 145
2 115 147
2 115 152
2 115 197
2 115 199
2 115 238
2 116 12
2 116 132
2 116 137
2 116 143
2 116 186
2 116 233
2 116 237
2 117 16
2 117 110
2 117 143
2 117 179
2 117 198
2 117 208
2 117 210
2 117 233
2 117 240
2 118 123
2 118 129
2 118 180
2 118 210
2 118 228
2 118 238
2 119 114
2 119 150
2 119 161
2 119 166
2 119 167
2 119 209
2 119 220
2 120 160
2 120 195
2 120 235
2 121 80
2 121 162
2 121 164
2 122 93
2 122 126
2 122 139
2 122 152
2 122 167
2 122 170
2 122 181
2 123 134
2 123 154
2 123 176
2 123 225
2 124 62
2 124 78
2 124 108
2 124 110
2 124 117
2 124 123
2 124 126
2 124 131
2 124 178
2 124 237
2 125 51
2 125 161
2 125 203
2 125 238
2 126 41
2 126 50
2 126 92
2 126 169
2 126 173
2 126 194
2 127 4
2 127 25
2 127 117
2 127 122
2 127 134
2 127 144
2 127 170
2 127 177
2 127 184
2 127 215
2 127 224
2 128 44
2 128 108
2 128 121
2 128 126
2 128 139
2 128 149
2 128 151
2 128 165
2 128 168
2 128 176
2 128 221
2 129 105
2 129 121
2 129 134
2 129 158
2 129 171
2 129 178
2 129 184
2 129 197
2 129 203
2 130 113
2 130 167
2 130 230
2 130 240
2 131 154
2 131 194
2 131 217
2 132 44
2 132 110
2 132 133
2 132 147
2 132 151
2 132 160
2 132 216
2 132 235
2 132 240
2 133 107
2 133 126
2 133 169
2 133 181
2 133 182
2 133 188
2 133 203
2 133 216
2 133 224
2 134 139
2 134 145
2 134 182
2 134 194
2 134 223
2 135 123
2 135 126
2 135 180
2 135 192
2 135 224
2 136 207
2 136 213
2 136 230
2 137 89
2 137 107
2 137 142
2 137 187
2 137 218
2 137 231
2 137 233
2 138 9
2 138 63
2 138 64
2 138 103
2 138 106
2 138 142
2 138 152
2 138 167
2 138 199
2 138 229
2 138 235
2 139 78
2 139 102
2 139 112
2 139 114
2 139 130
2 139 167
2 139 184
2 139 224
2 140 44
2 140 122
2 140 138
2 140 152
2 140 185
2 140 216
2 140 227
2 141 46
2 141 125
2 141 130
2 141 156
2 141 203
2 141 216
2 141 223
2 142 77
2 142 119
2 142 138
2 142 147
2 142 177
2 142 185
2 142 198
2 142 226
2 142 234
2 143 18
2 143 79
2 143 127
2 143 128
2 143 131
2 143 146
2 143 150
2 143 164
2 143 190
2 143 191
2 143 194
2 143 224
2 144 233
2 145 11
2 145 65
2 145 131
2 145 143
2 146 45
2 146 179
2 146 199
2 146 223
2 147 2
2 147 51
2 147 172
2 147 193
2 148 68
2 148 169
2 148 212
2 148 213
2 148 237
2 149 1
2 149 56
2 149 189
2 149 236
2 150 136
2 150 221
2 150 226
2 151 69
2 151 105
2 151 170
2 151 188
2 151 194
2 151 236
2 152 44
2 152 95
2 152 140
2 152 158
2 152 171
2 152 194
2 153 22
2 153 117
2 153 125
2 153 165
2 154 112
2 154 138
2 154 202
2 154 224
2 155 139
2 155 169
2 155 170
2 155 216
2 156 125
2 156 141
2 156 146
2 156 163
2 156 184
2 156 213
2 156 219
2 157 8
2 157 112
2 157 139
2 157 153
2 157 164
2 157 198
2 157 199
2 158 145
2 158 186
2 158 192
2 158 204
2 158 205
2 158 216
2 158 222
2 158 223
2 159 52
2 159 110
2 159 127
2 159 165
2 159 237
2 160 22
2 160 106
2 160 115
2 160 140
2 160 151
2 160 170
2 160 172
2 160 195
2 160 204
2 160 213
2 160 234
2 161 72
2 161 117
2 161 164
2 161 172
2 161 199
2 161 200
2 161 229
2 162 106
2 162 112
2 162 191
2 162 230
2 162 233
2 163 18
2 163 113
2 163 138
2 163 202
2 163 216
2 163 217
2 164 92
2 164 109
2 164 167
2 164 176
2 164 215
2 164 237
2 165 130
2 165 165
2 166 55
2 166 108
2 166 153
2 166 180
2 166 207
2 167 149
2 167 173
2 167 181
2 167 206
2 168 78
2 168 112
2 168 133
2 168 169
2 168 188
2 168 220
2 168 232
2 169 17
2 169 152
2 169 164
2 169 175
2 169 188
2 169 195
2 170 60
2 170 139
2 170 203
2 170 216
2 170 233
2 170 235
2 170 238
2 171 40
2 171 165
2 171 222
2 172 149
2 172 162
2 172 168
2 172 200
2 172 209
2 172 225
2 172 234
2 173 12
2 173 18
2 173 117
2 173 190
2 173 192
2 174 107
2 174 150
2 174 163
2 174 188
2 174 212
2 174 213
2 175 55
2 175 71
2 175 87
2 175 107
2 175 126
2 175 134
2 175 150
2 175 161
2 175 212
2 175 227
2 175 234
2 176 38
2 176 122
2 176 136
2 176 138
2 176 167
2 176 185
2 176 217
2 176 233
2 176 240
2 177 147
2 177 176
2 177 177
2 177 196
2 177 225
2 178 53
2 178 123
2 178 177
2 178 220
2 179 161
2 179 202
2 179 219
2 179 227
2 179 240
2 180 21
2 180 41
2 180 113
2 180 126
2 180 127
2 180 134
2 180 135
2 180 146
2 181 4
2 181 32
2 181 43
2 181 52
2 181 73
2 181 117
2 181 120
2 181 160
2 181 176
2 181 183
2 181 199
2 181 220
2 182 78
2 182 195
2 183 168
2 183 181
2 183 206
2 183 224
2 183 240
2 184 38
2 184 115
2 184 170
2 184 172
2 184 194
2 184 203
2 184 205
2 184 206
2 184 230
2 185 175
2 185 185
2 185 193
2 185 228
2 186 40
2 186 76
2 186 117
2 186 151
2 186 163
2 186 164
2 186 188
2 186 207
2 187 111
2 187 143
2 187 146
2 187 175
2 187 184
2 187 190
2 187 202
2 187 223
2 188 94
2 188 112
2 188 136
2 188 159
2 188 205
2 188 209
2 189 8
2 189 208
2 189 227
2 189 234
2 190 128
2 190 148
2 190 188
2 190 199
2 190 212
2 190 229
2 190 236
2 191 107
2 191 108
2 191 121
2 191 126
2 191 156
2 192 112
2 192 142
2 192 182
2 192 234
2 193 65
2 193 72
2 193 118
2 193 169
2 193 181
2 193 216
2 193 231
2 194 239
2 195 122
2 195 146
2 195 198
2 195 202
2 195 237
2 196 2
2 196 22
2 196 105
2 196 117
2 196 142
2 196 144
2 196 193
2 196 194
2 196 209
2 197 34
2 197 101
2 197 162
2 197 207
2 197 208
2 197 218
2 198 44
2 198 108
2 198 119
2 198 131
2 198 183
2 198 193
2 198 200
2 198 214
2 198 223
2 199 142
2 199 174
2 199 198
2 199 215
2 199 222
2 199 224
2 200 123
2 200 154
2 200 157
2 200 163
2 200 176
2 200 180
2 200 206
2 200 210
2 200 214
2 200 218
2 201 56
2 201 74
2 201 84
2 201 128
2 201 137
2 201 144
2 201 156
2 201 164
2 201 169
2 201 181
2 201 215
2 201 221
2 202 11
2 202 16
2 202 82
2 202 124
2 202 191
2 202 210
2 202 233
2 202 236
2 203 118
2 203 155
2 203 163
2 203 170
2 203 175
2 203 178
2 203 191
2 203 194
2 203 195
2 203 221
2 203 239
2 204 118
2 204 196
2 205 130
2 205 144
2 205 150
2 205 214
2 205 215
2 205 235
2 206 124
2 206 135
2 206 138
2 206 178
2 206 215
2 206 222
2 207 135
2 207 171
2 207 185
2 207 190
2 207 205
2 207 214
2 208 184
2 208 228
2 208 236
2 209 119
2 209 153
2 209 161
2 209 172
2 209 176
2 209 184
2 209 229
2 209 237
2 210 144
2 210 160
2 210 164
2 210 178
2 210 226
2 211 117
2 211 135
2 211 169
2 211 208
2 211 211
2 211 236
2 212 131
2 212 139
2 212 178
2 212 193
2 212 201
2 212 227
2 213 106
2 213 114
2 213 174
2 213 197
2 214 108
2 214 121
2 214 132
2 214 163
2 214 220
2 215 73
2 215 110
2 215 123
2 216 130
2 216 138
2 216 141
2 216 143
2 216 154
2 216 173
2 216 203
2 216 207
2 217 56
2 217 114
2 217 120
2 217 147
2 217 174
2 217 177
2 217 178
2 217 181
2 218 103
2 218 197
2 218 240
2 219 107
2 219 116
2 219 145
2 219 155
2 219 173
2 219 179
2 219 237
2 220 2
2 220 115
2 220 120
2 220 124
2 220 129
2 220 130
2 220 180
2 220 196
2 220 231
2 221 7
2 221 165
2 221 175
2 221 180
2 221 184
2 221 195
2 221 201
2 221 219
2 221 229
2 221 233
2 222 60
2 222 108
2 222 185
2 222 204
2 223 208
2 223 220
2 223 233
2 223 235
2 224 164
2 224 167
2 225 130
2 225 138
2 225 191
2 225 212
2 225 239
2 226 5
2 226 63
2 226 131
2 226 167
2 226 182
2 226 209
2 226 239
2 227 89
2 227 90
2 227 103
2 227 120
2 227 124
2 227 129
2 227 130
2 227 136
2 228 56
2 228 109
2 228 123
2 228 126
2 228 140
2 228 155
2 228 162
2 228 164
2 229 15
2 229 29
2 229 125
2 229 137
2 229 139
2 229 182
2 229 183
2 229 185
2 229 204
2 229 229
2 230 105
2 230 135
2 230 143
2 230 160
2 230 191
2 230 224
2 230 233
2 230 235
2 230 240
2 231 112
2 231 115
2 231 187
2 231 200
2 231 221
2 231 235
2 232 126
2 232 134
2 232 140
2 232 165
2 233 32
2 233 125
2 233 178
2 233 187
2 233 189
2 233 220
2 233 222
2 234 110
2 234 118
2 234 121
2 234 152
2 234 156
2 234 237
2 234 240
2 235 42
2 235 46
2 235 65
2 235 90
2 235 128
2 235 166
2 235 198
2 235 210
2 235 215
2 235 224
2 236 2
2 236 90
2 236 139
2 236 143
2 236 224
2 236 234
2 237 2
2 237 50
2 237 146
2 237 171
2 237 228
2 238 15
2 238 201
2 238 205
2 238 207
2 238 226
2 238 227
2 238 233
2 239 74
2 239 133
2 239 151
2 239 196
2 239 197
2 239 207
2 240 27
2 240 76
2 240 170
2 240 175
2 240 185
2 240 204
2 240 235
3 0 14
3 0 22
3 0 53
3 0 61
3 0 64
3 0 79
3 1 7
3 1 27
3 1 41
3 1 46
3 1 71
3 1 80
3 2 8
3 2 29
3 2 30
3 2 40
3 2 60
3 2 64
3 2 68
3 2 70
3 2 73
3 2 98
3 2 100
3 2 214
3 3 37
3 3 46
3 3 50
3 3 51
3 3 69
3 3 84
3 3 102
3 3 124
3 4 35
3 4 54
3 4 59
3 4 69
3 4 75
3 5 13
3 5 18
3 5 25
3 5 28
3 5 31
3 5 42
3 5 64
3 5 109
3 6 11
3 6 19
3 6 37
3 6 93
3 6 103
3 7 8
3 7 28
3 7 46
3 7 64
3 7 80
3 7 104
3 8 14
3 8 23
3 8 44
3 8 60
3 8 65
3 8 67
3 8 80
3 8 95
3 8 138
3 8 163
3 9 7
3 9 13
3 9 17
3 9 47
3 9 68
3 9 78
3 9 79
3 9 85
3 9 86
3 9 103
3 9 109
3 9 121
3 10 9
3 10 16
3 10 17
3 10 19
3 10 21
3 10 45
3 10 49
3 10 52
3 10 72
3 10 86
3 10 94
3 10 237
3 11 0
3 11 9
3 11 10
3 11 26
3 11 43
3 11 52
3 11 78
3 11 86
3 11 100
3 12 14
3 12 17
3 12 32
3 12 50
3 12 71
3 12 78
3 12 80
3 12 92
3 13 6
3 13 26
3 13 46
3 13 52
3 13 57
3 13 62
3 13 80
3 13 188
3 14 23
3 14 33
3 14 63
3 14 64
3 14 70
3 14 87
3 14 88
3 14 145
3 14 157
3 15 3
3 15 11
3 15 22
3 15 38
3 15 59
3 15 79
3 16 30
3 16 38
3 16 68
3 16 90
3 16 104
3 16 225
3 17 13
3 17 17
3 17 38
3 17 39
3 17 42
3 17 62
3 17 72
3 17 88
3 17 120
3 18 27
3 18 54
3 19 31
3 19 37
3 19 44
3 19 59
3 19 61
3 19 73
3 19 81
3 19 108
3 20 3
3 20 9
3 20 18
3 20 29
3 20 50
3 20 94
3 21 11
3 21 23
3 21 33
3 21 71
3 21 176
3 21 218
3 22 11
3 22 13
3 22 55
3 22 57
3 22 96
3 22 161
3 23 32
3 23 36
3 23 41
3 23 50
3 23 56
3 23 61
3 23 65
3 24 1
3 24 19
3 24 78
3 24 88
3 24 106
3 24 150
3 24 213
3 25 7
3 25 13
3 25 52
3 25 73
3 25 76
3 25 86
3 25 94
3 25 97
3 25 189
3 26 1
3 26 16
3 26 26
3 26 48
3 26 81
3 26 95
3 26 104
3 26 125
3 26 146
3 26 163
3 27 25
3 27 28
3 27 44
3 27 80
3 27 84
3 28 0
3 28 5
3 28 28
3 28 89
3 28 95
3 29 0
3 29 24
3 29 32
3 29 35
3 29 57
3 29 58
3 29 79
3 29 82
3 29 87
3 29 107
3 30 38
3 30 44
3 30 71
3 30 74
3 30 92
3 30 142
3 31 7
3 31 28
3 31 46
3 31 57
3 31 63
3 31 103
3 32 20
3 32 53
3 32 61
3 32 69
3 32 70
3 32 83
3 32 139
3 32 213
3 33 13
3 33 23
3 33 28
3 33 66
3 33 71
3 34 15
3 34 35
3 34 42
3 34 47
3 34 54
3 34 59
3 34 67
3 34 92
3 34 239
3 35 0
3 35 11
3 35 14
3 35 44
3 35 52
3 35 61
3 35 66
3 35 82
3 35 83
3 35 88
3 35 95
3 35 167
3 36 30
3 36 38
3 36 44
3 36 47
3 36 55
3 36 80
3 36 85
3 37 0
3 37 7
3 37 17
3 37 59
3 37 65
3 37 78
3 37 83
3 37 87
3 37 137
3 38 18
3 38 35
3 38 62
3 38 64
3 38 66
3 38 69
3 38 70
3 38 79
3 38 82
3 38 92
3 38 99
3 39 10
3 39 15
3 39 31
3 39 65
3 39 85
3 39 99
3 39 103
3 39 104
3 39 184
3 39 217
3 40 18
3 40 61
3 40 98
3 40 145
3 41 3
3 41 16
3 41 20
3 41 31
3 41 53
3 41 63
3 41 81
3 41 85
3 41 96
3 41 219
3 41 224
3 42 8
3 42 22
3 42 44
3 42 54
3 42 57
3 42 60
3 42 66
3 42 75
3 42 172
3 43 8
3 43 11
3 43 14
3 43 26
3 43 31
3 43 46
3 43 81
3 43 199
3 43 224
3 44 1
3 44 16
3 44 18
3 44 20
3 44 51
3 44 74
3 44 78
3 44 80
3 44 103
3 44 188
3 45 1
3 45 3
3 45 23
3 45 42
3 45 66
3 45 78
3 45 86
3 45 98
3 45 101
3 46 10
3 46 37
3 46 56
3 46 73
3 46 83
3 46 86
3 46 97
3 46 102
3 47 10
3 47 29
3 47 30
3 47 87
3 47 90
3 47 91
3 47 92
3 48 2
3 48 59
3 48 62
3 48 72
3 48 75
3 48 88
3 48 160
3 49 17
3 49 23
3 49 25
3 49 35
3 49 45
3 49 50
3 49 54
3 49 66
3 49 92
3 50 1
3 50 2
3 50 8
3 50 31
3 50 46
3 50 52
3 50 53
3 50 70
3 50 71
3 50 94
3 50 95
3 50 99
3 51 17
3 51 27
3 51 57
3 51 68
3 51 69
3 51 76
3 52 28
3 52 43
3 52 54
3 52 101
3 52 104
3 53 9
3 53 16
3 53 36
3 53 40
3 53 63
3 53 68
3 53 80
3 53 89
3 53 91
3 53 100
3 53 135
3 53 139
3 54 19
3 54 37
3 54 58
3 54 60
3 54 63
3 54 69
3 54 79
3 54 97
3 54 98
3 54 104
3 54 221
3 55 32
3 55 54
3 55 71
3 55 94
3 56 9
3 56 13
3 56 14
3 56 44
3 56 59
3 56 62
3 56 65
3 56 74
3 56 80
3 56 98
3 56 104
3 56 227
3 57 48
3 57 78
3 57 84
3 57 97
3 57 101
3 57 104
3 57 170
3 57 226
3 58 11
3 58 14
3 58 31
3 58 43
3 58 54
3 58 68
3 58 96
3 58 98
3 59 13
3 59 34
3 59 38
3 59 48
3 59 52
3 59 64
3 59 81
3 59 103
3 59 105
3 59 179
3 60 0
3 60 9
3 60 43
3 60 45
3 60 49
3 60 60
3 60 70
3 60 77
3 60 80
3 60 83
3 60 98
3 60 101
3 60 169
3 60 222
3 61 5
3 61 57
3 61 80
3 61 83
3 61 99
3 61 131
3 62 1
3 62 30
3 62 46
3 62 67
3 62 91
3 62 101
3 62 103
3 62 156
3 62 190
3 63 4
3 63 9
3 63 13
3 63 15
3 63 69
3 63 72
3 63 98
3 64 15
3 64 32
3 64 49
3 64 72
3 64 73
3 64 74
3 64 91
3 64 104
3 65 2
3 65 11
3 65 49
3 65 59
3 65 65
3 65 68
3 65 74
3 65 76
3 65 83
3 65 90
3 65 141
3 66 9
3 66 14
3 66 69
3 66 78
3 66 80
3 66 94
3 66 171
3 66 240
3 67 29
3 67 42
3 67 46
3 67 51
3 67 54
3 67 68
3 67 71
3 67 73
3 67 78
3 67 82
3 67 101
3 67 103
3 67 122
3 68 15
3 68 16
3 68 57
3 68 83
3 68 85
3 68 99
3 68 151
3 69 9
3 69 13
3 69 15
3 69 26
3 69 48
3 69 61
3 69 64
3 69 68
3 69 88
3 69 95
3 69 101
3 70 10
3 70 28
3 70 29
3 70 45
3 70 77
3 70 88
3 70 93
3 70 94
3 71 6
3 71 37
3 71 50
3 71 65
3 71 69
3 71 103
3 71 227
3 72 14
3 72 25
3 72 37
3 72 50
3 72 51
3 72 66
3 72 82
3 72 101
3 72 170
3 72 239
3 73 0
3 73 48
3 73 50
3 73 66
3 73 76
3 73 85
3 73 96
3 73 101
3 73 192
3 74 14
3 74 53
3 74 62
3 74 68
3 74 90
3 74 91
3 74 99
3 75 15
3 75 40
3 75 54
3 75 56
3 75 58
3 75 59
3 75 60
3 75 65
3 75 68
3 75 76
3 75 89
3 75 133
3 75 161
3 75 190
3 75 227
3 76 6
3 76 19
3 76 31
3 76 32
3 76 39
3 76 52
3 76 61
3 76 65
3 76 96
3 76 121
3 76 138
3 76 240
3 77 23
3 77 25
3 77 40
3 77 56
3 77 74
3 77 75
3 77 87
3 78 8
3 78 12
3 78 37
3 78 39
3 78 49
3 78 74
3 78 77
3 78 84
3 78 89
3 78 93
3 79 13
3 79 50
3 79 54
3 79 90
3 79 94
3 79 96
3 79 100
3 79 216
3 80 11
3 80 18
3 80 28
3 80 36
3 80 41
3 80 74
3 80 79
3 80 99
3 80 103
3 80 217
3 81 5
3 81 18
3 81 33
3 81 46
3 81 48
3 81 59
3 81 61
3 81 81
3 82 0
3 82 4
3 82 28
3 82 37
3 82 97
3 82 104
3 82 237
3 83 11
3 83 60
3 83 68
3 83 84
3 83 120
3 84 33
3 84 64
3 84 66
3 84 76
3 84 173
3 85 0
3 85 17
3 85 21
3 85 41
3 85 53
3 85 57
3 85 66
3 85 72
3 85 89
3 85 117
3 86 6
3 86 17
3 86 23
3 86 32
3 86 36
3 86 66
3 86 86
3 87 1
3 87 5
3 87 18
3 87 30
3 87 42
3 87 57
3 87 74
3 87 77
3 87 85
3 87 230
3 88 3
3 88 11
3 88 60
3 88 74
3 88 131
3 89 5
3 89 8
3 89 27
3 89 57
3 89 66
3 89 173
3 90 5
3 90 24
3 90 41
3 90 44
3 90 84
3 90 89
3 90 95
3 90 108
3 91 12
3 91 13
3 91 24
3 91 33
3 91 38
3 91 50
3 91 61
3 91 89
3 91 91
3 91 96
3 91 166
3 92 8
3 92 16
3 92 21
3 92 55
3 92 59
3 92 66
3 92 68
3 92 70
3 92 73
3 92 84
3 92 102
3 92 186
3 93 43
3 93 44
3 93 50
3 93 54
3 93 93
3 93 97
3 93 99
3 93 102
3 93 104
3 93 113
3 93 137
3 93 157
3 93 186
3 93 237
3 94 23
3 94 30
3 94 40
3 94 67
3 94 73
3 94 80
3 94 83
3 94 97
3 94 174
3 95 0
3 95 5
3 95 8
3 95 11
3 95 31
3 95 34
3 95 58
3 95 63
3 95 73
3 95 81
3 96 16
3 96 17
3 96 45
3 96 63
3 96 97
3 97 50
3 97 63
3 97 73
3 97 74
3 97 85
3 97 90
3 97 92
3 97 96
3 97 98
3 97 102
3 97 154
3 98 31
3 98 33
3 98 42
3 98 61
3 98 130
3 98 200
3 98 215
3 98 228
3 99 2
3 99 3
3 99 12
3 99 13
3 99 32
3 99 45
3 99 77
3 99 98
3 99 124
3 99 146
3 99 215
3 99 223
3 100 13
3 100 28
3 100 36
3 100 52
3 100 69
3 100 70
3 100 91
3 100 92
3 100 94
3 101 31
3 101 37
3 101 58
3 101 178
3 101 219
3 102 36
3 102 40
3 102 85
3 102 88
3 102 131
3 103 4
3 103 11
3 103 17
3 103 22
3 103 49
3 103 79
3 103 90
3 103 92
3 103 93
3 103 100
3 103 101
3 103 185
3 104 31
3 104 41
3 104 59
3 104 85
3 104 91
3 105 97
3 105 107
3 105 115
3 105 134
3 105 154
3 105 172
3 105 223
3 106 19
3 106 79
3 106 139
3 106 165
3 106 172
3 106 231
3 107 65
3 107 135
3 107 141
3 107 171
3 107 200
3 107 203
3 107 218
3 108 40
3 108 106
3 108 119
3 108 150
3 108 173
3 108 186
3 109 74
3 109 120
3 109 124
3 109 128
3 109 140
3 109 163
3 110 160
3 110 165
3 110 200
3 110 223
3 111 72
3 111 201
3 111 234
3 112 94
3 112 97
3 112 101
3 112 149
3 112 163
3 112 171
3 112 188
3 113 111
3 113 117
3 113 131
3 113 162
3 113 173
3 113 182
3 113 219
3 113 232
3 114 151
3 114 152
3 114 185
3 114 212
3 114 217
3 114 237
3 115 23
3 115 69
3 115 126
3 115 221
3 116 105
3 116 139
3 116 151
3 116 153
3 116 159
3 116 173
3 116 191
3 117 0
3 117 132
3 117 157
3 117 214
3 117 221
3 117 222
3 118 48
3 118 137
3 118 141
3 118 173
3 118 204
3 118 213
3 119 109
3 119 115
3 119 136
3 119 157
3 119 163
3 119 210
3 119 227
3 120 115
3 120 117
3 120 141
3 120 164
3 120 168
3 120 182
3 120 210
3 121 12
3 121 135
3 121 173
3 121 190
3 121 235
3 122 139
3 122 186
3 122 193
3 122 202
3 122 205
3 123 87
3 123 104
3 123 117
3 123 122
3 123 135
3 123 196
3 124 116
3 124 145
3 124 174
3 124 185
3 124 205
3 125 32
3 125 75
3 125 88
3 125 137
3 125 157
3 125 190
3 125 209
3 125 237
3 126 72
3 126 116
3 126 122
3 126 123
3 126 170
3 126 190
3 126 201
3 126 208
3 126 225
3 127 2
3 127 53
3 127 99
3 127 174
3 127 186
3 127 190
3 127 192
3 128 12
3 128 146
3 128 161
3 128 195
3 128 203
3 128 208
3 128 216
3 128 230
3 129 89
3 129 134
3 129 138
3 129 150
3 129 184
3 129 195
3 129 210
3 129 239
3 130 80
3 130 105
3 130 120
3 130 125
3 130 160
3 130 163
3 130 177
3 131 67
3 131 117
3 131 143
3 131 148
3 131 184
3 131 203
3 131 225
3 132 13
3 132 132
3 132 139
3 132 177
3 132 204
3 132 229
3 133 105
3 133 122
3 133 125
3 133 211
3 134 161
3 134 184
3 134 208
3 134 231
3 135 10
3 135 17
3 135 58
3 135 125
3 135 136
3 135 179
3 135 198
3 135 212
3 136 89
3 136 125
3 136 153
3 136 179
3 136 187
3 136 199
3 136 205
3 136 234
3 136 235
3 137 108
3 137 113
3 137 131
3 137 166
3 137 229
3 137 239
3 138 7
3 138 62
3 138 68
3 138 139
3 138 147
3 138 194
3 138 220
3 138 236
3 139 5
3 139 46
3 139 106
3 139 107
3 139 134
3 139 145
3 140 32
3 140 52
3 140 160
3 140 166
3 140 212
3 140 223
3 140 239
3 141 4
3 141 27
3 141 109
3 141 173
3 141 187
3 141 214
3 141 233
3 141 235
3 142 76
3 142 119
3 142 120
3 142 140
3 142 180
3 142 185
3 142 186
3 142 199
3 142 222
3 142 229
3 143 140
3 143 171
3 143 172
3 143 175
3 143 178
3 143 198
3 143 215
3 144 127
3 144 175
3 145 174
3 145 175
3 145 208
3 145 210
3 145 221
3 145 231
3 146 94
3 146 124
3 146 125
3 147 59
3 147 178
3 148 27
3 148 30
3 148 47
3 148 100
3 148 127
3 148 185
3 148 215
3 148 240
3 149 126
3 149 166
3 149 190
3 149 195
3 149 218
3 150 176
3 150 220
3 151 124
3 151 153
3 151 170
3 152 115
3 152 168
3 152 200
3 152 229
3 152 240
3 153 38
3 153 111
3 153 128
3 153 138
3 153 145
3 153 180
3 153 199
3 153 224
3 153 226
3 154 81
3 154 115
3 154 176
3 154 234
3 155 152
3 155 188
3 156 29
3 156 70
3 156 105
3 156 113
3 156 120
3 156 130
3 156 180
3 156 184
3 156 187
3 156 234
3 157 127
3 157 142
3 157 194
3 157 205
3 158 107
3 158 114
3 158 117
3 158 126
3 158 160
3 158 161
3 158 236
3 159 105
3 159 106
3 159 107
3 159 143
3 159 173
3 159 180
3 159 189
3 159 195
3 159 225
3 159 235
3 159 237
3 160 56
3 160 105
3 160 158
3 160 174
3 160 219
3 160 237
3 161 106
3 161 153
3 161 217
3 161 237
3 162 11
3 162 29
3 162 105
3 162 116
3 162 127
3 162 151
3 162 164
3 162 194
3 162 199
3 162 204
3 163 63
3 163 124
3 163 129
3 163 172
3 163 220
3 163 225
3 164 40
3 164 125
3 164 154
3 164 176
3 164 188
3 165 28
3 165 53
3 165 107
3 165 218
3 166 186
3 166 191
3 167 201
3 168 143
3 168 199
3 168 206
3 168 224
3 169 109
3 169 122
3 169 187
3 169 189
3 169 196
3 169 218
3 169 221
3 169 239
3 170 151
3 170 163
3 170 176
3 170 184
3 170 191
3 170 198
3 170 204
3 171 106
3 171 162
3 171 176
3 171 187
3 171 204
3 171 231
3 172 106
3 172 135
3 172 157
3 172 183
3 172 212
3 172 229
3 173 51
3 173 146
3 173 180
3 173 206
3 173 213
3 174 8
3 174 64
3 174 87
3 174 106
3 174 109
3 174 114
3 174 192
3 174 204
3 175 28
3 175 121
3 175 132
3 175 216
3 175 218
3 175 227
3 175 239
3 176 53
3 176 107
3 176 109
3 176 149
3 176 228
3 177 35
3 177 174
3 177 215
3 177 240
3 178 107
3 178 191
3 178 203
3 178 238
3 179 4
3 179 41
3 179 66
3 179 102
3 179 147
3 179 173
3 179 197
3 179 201
3 179 216
3 179 219
3 179 220
3 180 129
3 180 138
3 180 160
3 180 187
3 180 189
3 180 190
3 180 202
3 180 236
3 181 24
3 181 39
3 181 120
3 181 136
3 181 163
3 181 240
3 182 65
3 182 143
3 182 146
3 183 106
3 183 121
3 183 125
3 183 167
3 183 194
3 183 233
3 184 180
3 185 126
3 185 166
3 185 179
3 185 200
3 185 207
3 185 210
3 185 232
3 186 108
3 186 147
3 186 162
3 186 188
3 186 208
3 186 214
3 187 136
3 187 179
3 187 233
3 188 11
3 188 105
3 188 112
3 188 127
3 188 140
3 188 151
3 188 154
3 188 198
3 188 206
3 188 211
3 188 213
3 189 9
3 189 107
3 189 134
3 189 147
3 189 183
3 189 204
3 189 206
3 189 231
3 190 10
3 190 136
3 190 140
3 190 141
3 190 173
3 190 180
3 190 199
3 190 212
3 190 230
3 190 231
3 191 1
3 191 69
3 191 73
3 191 118
3 191 121
3 191 214
3 191 220
3 191 235
3 192 21
3 192 65
3 192 107
3 192 184
3 192 200
3 192 234
3 193 105
3 193 187
3 193 223
3 194 117
3 194 124
3 194 182
3 194 185
3 194 195
3 195 10
3 195 46
3 195 107
3 195 119
3 195 127
3 195 171
3 195 196
3 196 121
3 196 137
3 196 143
3 196 161
3 196 167
3 196 218
3 196 236
3 197 6
3 197 62
3 197 107
3 197 108
3 197 187
3 198 113
3 198 136
3 198 137
3 198 153
3 198 186
3 198 205
3 198 206
3 199 14
3 199 58
3 199 117
3 199 171
3 199 229
3 199 238
3 200 9
3 200 62
3 200 105
3 200 113
3 200 116
3 200 136
3 200 172
3 200 175
3 200 212
3 201 138
3 201 146
3 201 172
3 201 182
3 201 195
3 201 196
3 201 219
3 201 238
3 202 106
3 202 112
3 202 133
3 202 151
3 202 203
3 202 204
3 202 228
3 202 234
3 203 72
3 203 154
3 203 167
3 203 177
3 203 209
3 203 221
3 203 227
3 203 235
3 204 172
3 204 229
3 205 60
3 205 122
3 205 134
3 205 150
3 205 215
3 205 225
3 205 231
3 206 4
3 206 159
3 206 167
3 206 213
3 206 216
3 206 220
3 206 237
3 207 138
3 207 165
3 207 167
3 207 177
3 207 201
3 207 235
3 208 120
3 208 134
3 208 161
3 208 167
3 208 169
3 208 186
3 208 208
3 208 220
3 208 227
3 208 228
3 209 1
3 209 11
3 209 75
3 209 142
3 209 148
3 209 155
3 209 219
3 209 223
3 210 117
3 210 126
3 210 130
3 210 142
3 210 167
3 210 168
3 211 111
3 211 131
3 211 155
3 211 215
3 211 234
3 211 239
3 212 67
3 212 114
3 212 116
3 212 176
3 212 207
3 212 228
3 213 31
3 213 133
3 213 205
3 213 206
3 213 224
3 214 133
3 214 151
3 214 189
3 214 223
3 214 238
3 215 9
3 215 112
3 215 156
3 215 211
3 215 222
3 215 236
3 216 106
3 216 116
3 216 130
3 216 171
3 216 175
3 216 179
3 216 207
3 217 85
3 217 108
3 217 110
3 217 133
3 217 149
3 218 31
3 218 130
3 218 153
3 219 115
3 219 155
3 219 161
3 219 169
3 219 179
3 219 181
3 219 218
3 219 223
3 219 232
3 220 133
3 220 148
3 220 162
3 220 163
3 220 166
3 220 229
3 221 154
3 221 178
3 221 200
3 222 41
3 222 77
3 222 128
3 222 132
3 222 182
3 222 184
3 222 216
3 223 118
3 223 151
3 223 172
3 223 206
3 223 217
3 223 221
3 223 234
3 223 238
3 224 90
3 224 121
3 224 123
3 224 178
3 224 215
3 224 226
3 224 237
3 225 209
3 225 233
3 226 123
3 226 189
3 226 226
3 226 235
3 227 10
3 227 41
3 227 109
3 227 147
3 227 215
3 227 226
3 227 235
3 228 42
3 228 117
3 228 121
3 228 144
3 228 164
3 228 209
3 229 15
3 229 106
3 229 139
3 229 201
3 229 227
3 230 47
3 230 101
3 230 141
3 230 144
3 230 167
3 230 176
3 230 201
3 230 213
3 230 216
3 230 226
3 230 231
3 230 232
3 231 147
3 231 161
3 231 227
3 231 229
3 231 230
3 232 10
3 232 62
3 232 135
3 232 145
3 232 206
3 233 7
3 233 48
3 233 100
3 233 121
3 233 166
3 233 169
3 233 207
3 233 232
3 234 30
3 234 113
3 234 129
3 234 181
3 234 188
3 234 217
3 234 234
3 235 129
3 235 167
3 235 172
3 235 208
3 235 221
3 236 7
3 236 69
3 236 75
3 236 107
3 236 124
3 236 128
3 236 196
3 237 91
3 237 96
3 237 98
3 238 106
3 238 160
3 238 170
3 238 224
3 238 237
3 239 55
3 239 98
3 239 111
3 239 142
3 239 164
3 239 165
3 239 176
3 239 212
3 240 82
3 240 109
3 240 132
3 240 156
4 0 11
4 0 30
4 0 61
4 0 77
4 1 4
4 1 21
4 1 60
4 1 64
4 1 84
4 1 91
4 1 100
4 1 104
4 1 193
4 2 11
4 2 12
4 2 18
4 2 58
4 2 74
4 2 75
4 2 170
4 2 229
4 3 2
4 3 24
4 3 27
4 3 40
4 3 41
4 3 49
4 3 57
4 3 80
4 3 95
4 3 118
4 3 129
4 3 178
4 3 222
4 4 24
4 4 26
4 4 38
4 4 48
4 4 53
4 4 58
4 4 78
4 4 80
4 4 83
4 4 86
4 4 97
4 4 99
4 4 136
4 4 164
4 4 218
4 5 29
4 5 40
4 5 42
4 5 43
4 5 66
4 5 84
4 5 90
4 5 97
4 5 99
4 6 6
4 6 24
4 6 31
4 6 32
4 6 51
4 6 70
4 6 99
4 6 103
4 7 4
4 7 5
4 7 10
4 7 14
4 7 32
4 7 64
4 7 67
4 7 96
4 7 100
4 7 155
4 8 8
4 8 18
4 8 28
4 8 52
4 8 57
4 8 61
4 8 71
4 8 79
4 8 123
4 8 189
4 9 4
4 9 9
4 9 11
4 9 12
4 9 13
4 9 36
4 9 37
4 9 39
4 9 75
4 9 81
4 9 95
4 9 124
4 10 22
4 10 31
4 10 39
4 10 83
4 10 99
4 11 3
4 11 9
4 11 20
4 11 34
4 11 35
4 11 89
4 11 102
4 11 158
4 11 160
4 11 166
4 12 40
4 12 46
4 12 57
4 12 63
4 12 64
4 12 69
4 12 96
4 12 98
4 12 99
4 12 131
4 12 149
4 13 31
4 13 37
4 13 63
4 13 73
4 13 77
4 13 81
4 13 87
4 14 29
4 14 33
4 14 34
4 14 38
4 14 54
4 14 74
4 14 75
4 14 76
4 14 82
4 14 91
4 14 99
4 14 105
4 15 44
4 15 59
4 15 68
4 15 82
4 15 84
4 15 92
4 15 177
4 16 55
4 16 80
4 16 116
4 16 150
4 16 163
4 17 42
4 17 44
4 17 46
4 17 90
4 17 92
4 17 191
4 18 16
4 18 22
4 18 46
4 18 56
4 18 61
4 18 67
4 18 74
4 18 79
4 18 89
4 19 15
4 19 29
4 19 32
4 19 34
4 19 45
4 19 46
4 19 49
4 19 52
4 19 57
4 19 60
4 19 73
4 19 78
4 19 87
4 19 89
4 19 91
4 19 93
4 19 96
4 19 98
4 19 162
4 20 7
4 20 43
4 20 69
4 20 98
4 20 123
4 21 18
4 21 31
4 21 40
4 21 51
4 21 53
4 21 87
4 21 97
4 21 98
4 21 152
4 22 12
4 22 36
4 22 57
4 22 62
4 22 174
4 23 17
4 23 24
4 23 26
4 23 31
4 23 33
4 23 43
4 23 51
4 23 70
4 23 74
4 23 171
4 24 4
4 24 50
4 24 85
4 25 39
4 25 50
4 25 62
4 25 97
4 25 123
4 25 188
4 26 1
4 26 14
4 26 43
4 26 45
4 26 55
4 26 238
4 27 1
4 27 4
4 27 7
4 27 13
4 27 26
4 27 29
4 27 45
4 27 74
4 27 80
4 27 103
4 28 11
4 28 36
4 28 52
4 28 63
4 28 64
4 28 67
4 28 77
4 28 92
4 28 99
4 28 220
4 29 18
4 29 35
4 29 49
4 29 78
4 29 103
4 29 175
4 29 220
4 29 231
4 30 51
4 30 53
4 30 67
4 30 93
4 30 98
4 30 114
4 30 119
4 30 179
4 31 1
4 31 9
4 31 24
4 31 25
4 31 52
4 31 61
4 31 76
4 31 90
4 31 93
4 31 205
4 32 5
4 32 21
4 32 27
4 32 44
4 32 47
4 32 76
4 32 92
4 33 68
4 33 187
4 33 224
4 34 1
4 34 98
4 35 4
4 35 21
4 35 55
4 35 63
4 35 90
4 35 120
4 35 210
4 36 0
4 36 14
4 36 16
4 36 33
4 36 45
4 36 56
4 36 84
4 36 86
4 36 91
4 36 92
4 36 93
4 37 1
4 37 9
4 37 11
4 37 18
4 37 32
4 37 41
4 37 47
4 37 71
4 37 90
4 37 100
4 37 102
4 37 103
4 37 104
4 37 199
4 38 7
4 38 12
4 38 22
4 38 42
4 38 64
4 38 69
4 38 74
4 38 101
4 38 104
4 38 216
4 39 8
4 39 11
4 39 38
4 39 80
4 39 90
4 39 95
4 39 99
4 40 17
4 40 28
4 40 50
4 40 52
4 40 70
4 40 72
4 40 81
4 40 90
4 40 96
4 41 3
4 41 8
4 41 13
4 41 48
4 41 49
4 41 60
4 41 61
4 41 70
4 41 78
4 41 97
4 41 102
4 42 0
4 42 1
4 42 21
4 42 34
4 42 41
4 42 49
4 42 86
4 42 155
4 43 8
4 43 10
4 43 38
4 43 50
4 43 72
4 43 74
4 43 78
4 43 94
4 44 17
4 44 28
4 44 51
4 44 53
4 44 56
4 44 102
4 44 123
4 45 18
4 45 41
4 45 52
4 45 83
4 45 91
4 45 104
4 45 114
4 46 0
4 46 25
4 46 68
4 46 97
4 46 146
4 46 227
4 47 11
4 47 14
4 47 19
4 47 65
4 47 83
4 47 94
4 47 96
4 47 103
4 47 219
4 48 64
4 48 100
4 48 101
4 48 102
4 48 103
4 49 2
4 49 11
4 49 15
4 49 19
4 49 22
4 49 28
4 49 35
4 49 54
4 49 76
4 49 81
4 49 91
4 49 123
4 49 160
4 49 192
4 50 5
4 50 13
4 50 16
4 50 24
4 50 26
4 50 89
4 50 100
4 50 180
4 51 0
4 51 6
4 51 36
4 51 37
4 51 44
4 51 55
4 51 56
4 51 87
4 51 96
4 51 100
4 52 3
4 52 6
4 52 16
4 52 32
4 52 35
4 52 40
4 52 56
4 52 83
4 52 104
4 52 134
4 52 197
4 53 6
4 53 16
4 53 46
4 53 54
4 53 55
4 53 67
4 53 176
4 54 18
4 54 49
4 54 66
4 54 74
4 54 98
4 54 100
4 54 132
4 54 223
4 55 19
4 55 31
4 55 41
4 55 50
4 55 60
4 55 80
4 55 91
4 56 17
4 56 27
4 56 34
4 56 43
4 56 68
4 56 72
4 57 2
4 57 6
4 57 10
4 57 18
4 57 23
4 57 30
4 57 51
4 57 66
4 57 69
4 57 72
4 57 79
4 57 91
4 57 103
4 57 107
4 57 130
4 57 159
4 58 3
4 58 21
4 58 33
4 58 72
4 58 82
4 58 83
4 58 88
4 58 92
4 59 6
4 59 13
4 59 31
4 59 42
4 59 62
4 59 64
4 59 74
4 59 83
4 59 84
4 59 89
4 59 103
4 59 104
4 60 1
4 60 4
4 60 24
4 60 25
4 60 30
4 60 33
4 60 38
4 60 45
4 60 86
4 60 88
4 60 119
4 60 185
4 61 38
4 61 55
4 61 60
4 61 72
4 61 238
4 62 12
4 62 16
4 62 30
4 62 32
4 62 41
4 62 76
4 62 78
4 62 82
4 63 9
4 63 40
4 63 64
4 63 89
4 63 103
4 63 159
4 64 15
4 64 16
4 64 29
4 64 37
4 64 52
4 64 64
4 64 65
4 64 79
4 64 93
4 64 101
4 64 131
4 64 161
4 65 4
4 65 14
4 65 27
4 65 36
4 65 47
4 65 51
4 65 54
4 65 63
4 65 67
4 65 83
4 65 99
4 65 103
4 65 104
4 65 123
4 66 17
4 66 19
4 66 35
4 66 52
4 66 66
4 66 84
4 66 126
4 66 215
4 66 232
4 67 11
4 67 22
4 67 35
4 67 63
4 67 65
4 67 70
4 67 73
4 67 103
4 67 169
4 67 221
4 68 9
4 68 40
4 68 68
4 68 77
4 68 84
4 68 96
4 68 103
4 68 130
4 69 0
4 69 3
4 69 22
4 69 32
4 69 38
4 69 46
4 69 59
4 69 79
4 69 102
4 70 5
4 70 10
4 70 16
4 70 35
4 70 38
4 70 40
4 70 57
4 70 66
4 70 88
4 70 99
4 70 102
4 71 39
4 71 54
4 71 58
4 71 62
4 71 63
4 71 70
4 71 72
4 71 74
4 71 90
4 71 141
4 72 16
4 72 27
4 72 42
4 72 56
4 73 20
4 73 21
4 73 42
4 73 73
4 73 79
4 73 80
4 73 86
4 73 136
4 74 7
4 74 21
4 74 28
4 74 71
4 74 79
4 74 85
4 74 100
4 75 2
4 75 13
4 75 25
4 75 28
4 75 48
4 75 54
4 75 55
4 75 104
4 75 137
4 75 146
4 75 171
4 75 205
4 76 0
4 76 13
4 76 19
4 76 21
4 76 34
4 76 45
4 76 48
4 76 62
4 76 64
4 76 69
4 76 81
4 76 90
4 76 102
4 77 16
4 77 20
4 77 27
4 77 42
4 77 45
4 77 48
4 77 49
4 77 77
4 77 80
4 77 102
4 77 191
4 77 225
4 78 18
4 78 46
4 78 47
4 78 79
4 78 92
4 78 93
4 78 98
4 78 100
4 78 144
4 79 13
4 79 45
4 79 54
4 79 62
4 79 66
4 79 104
4 79 182
4 79 198
4 80 14
4 80 17
4 80 24
4 80 50
4 80 65
4 80 87
4 80 223
4 81 11
4 81 51
4 81 53
4 81 67
4 81 77
4 81 81
4 81 92
4 81 98
4 81 102
4 81 130
4 81 204
4 82 26
4 82 28
4 82 29
4 82 37
4 82 45
4 82 49
4 82 55
4 82 56
4 82 71
4 82 76
4 82 79
4 82 81
4 83 11
4 83 12
4 83 14
4 83 22
4 83 42
4 83 48
4 83 56
4 83 63
4 83 65
4 83 67
4 83 73
4 83 95
4 84 21
4 84 43
4 84 50
4 84 59
4 84 63
4 84 93
4 84 103
4 84 142
4 85 7
4 85 8
4 85 23
4 85 42
4 85 56
4 85 57
4 85 83
4 85 186
4 85 233
4 86 15
4 86 19
4 86 40
4 86 71
4 86 75
4 86 80
4 86 97
4 86 104
4 87 20
4 87 40
4 87 47
4 87 70
4 87 75
4 87 80
4 87 81
4 87 94
4 87 155
4 87 168
4 88 2
4 88 35
4 88 39
4 88 64
4 88 88
4 88 96
4 89 3
4 89 12
4 89 32
4 89 40
4 89 44
4 89 45
4 89 53
4 89 64
4 89 200
4 90 9
4 90 30
4 90 31
4 90 40
4 90 50
4 90 67
4 90 205
4 91 5
4 91 9
4 91 25
4 91 27
4 91 51
4 91 88
4 91 89
4 92 25
4 92 40
4 92 44
4 92 63
4 92 66
4 92 87
4 92 92
4 92 97
4 92 98
4 92 181
4 93 2
4 93 12
4 93 15
4 93 16
4 93 43
4 93 44
4 93 47
4 93 57
4 93 61
4 93 74
4 93 76
4 93 92
4 93 100
4 94 2
4 94 4
4 94 5
4 94 14
4 94 15
4 94 17
4 94 25
4 94 30
4 94 46
4 94 49
4 94 61
4 94 73
4 94 87
4 94 88
4 94 113
4 94 236
4 95 3
4 95 37
4 95 44
4 95 70
4 95 76
4 95 88
4 95 92
4 96 31
4 96 34
4 96 43
4 96 44
4 96 50
4 96 88
4 97 1
4 97 6
4 97 14
4 97 19
4 97 20
4 97 36
4 97 42
4 97 53
4 97 60
4 97 62
4 97 71
4 98 34
4 98 38
4 98 49
4 98 57
4 98 78
4 98 82
4 98 179
4 98 228
4 99 4
4 99 13
4 99 61
4 99 66
4 99 68
4 99 75
4 99 81
4 99 141
4 99 175
4 100 15
4 100 22
4 100 31
4 100 41
4 100 42
4 100 65
4 100 71
4 100 72
4 100 74
4 100 79
4 100 83
4 100 92
4 100 97
4 100 189
4 101 15
4 101 28
4 101 32
4 101 48
4 101 83
4 101 85
4 101 89
4 101 104
4 102 44
4 102 69
4 102 72
4 102 84
4 102 85
4 102 164
4 102 187
4 103 3
4 103 14
4 103 50
4 103 78
4 103 82
4 103 89
4 104 37
4 104 45
4 104 97
4 104 118
4 104 215
4 105 125
4 105 130
4 105 142
4 105 145
4 105 152
4 105 165
4 105 166
4 105 172
4 105 195
4 105 198
4 105 202
4 105 214
4 106 106
4 106 108
4 106 134
4 106 235
4 107 43
4 107 115
4 107 123
4 107 133
4 107 155
4 107 181
4 107 202
4 107 203
4 107 217
4 108 109
4 108 140
4 108 147
4 108 198
4 108 210
4 108 227
4 109 118
4 109 119
4 109 145
4 109 156
4 109 187
4 109 219
4 109 221
4 110 50
4 110 72
4 110 119
4 110 142
4 110 153
4 110 187
4 111 49
4 111 112
4 111 114
4 111 214
4 111 234
4 112 59
4 112 82
4 112 178
4 112 183
4 112 237
4 112 240
4 113 114
4 113 163
4 113 176
4 113 188
4 114 90
4 114 114
4 114 196
4 114 223
4 115 28
4 115 51
4 115 110
4 115 175
4 115 208
4 115 237
4 116 102
4 116 134
4 116 135
4 116 147
4 116 209
4 117 74
4 117 164
4 117 207
4 118 8
4 118 107
4 118 236
4 119 86
4 119 146
4 119 150
4 119 173
4 119 220
4 120 106
4 120 112
4 120 151
4 120 185
4 120 209
4 120 220
4 121 128
4 121 140
4 121 151
4 121 203
4 121 206
4 122 116
4 122 130
4 122 175
4 122 191
4 122 217
4 123 64
4 123 109
4 123 122
4 123 148
4 123 169
4 124 7
4 124 122
4 124 149
4 124 171
4 124 192
4 124 198
4 124 205
4 124 231
4 125 59
4 125 88
4 125 109
4 125 144
4 125 208
4 125 239
4 126 120
4 126 136
4 126 152
4 126 174
4 126 206
4 127 74
4 127 159
4 127 197
4 127 223
4 128 13
4 128 109
4 128 135
4 128 150
4 128 170
4 128 188
4 128 217
4 128 225
4 129 120
4 129 217
4 130 2
4 130 112
4 130 153
4 130 159
4 130 168
4 130 188
4 130 195
4 130 204
4 130 210
4 130 214
4 130 219
4 131 70
4 131 86
4 131 142
4 131 156
4 131 159
4 131 179
4 131 185
4 132 32
4 132 117
4 132 190
4 132 208
4 132 210
4 133 71
4 133 125
4 133 145
4 133 211
4 133 212
4 134 130
4 134 144
4 134 158
4 134 167
4 134 190
4 134 232
4 135 89
4 135 118
4 135 160
4 135 167
4 135 196
4 135 201
4 136 66
4 136 108
4 136 144
4 136 148
4 136 152
4 136 160
4 136 178
4 136 201
4 137 173
4 137 185
4 137 213
4 137 232
4 137 233
4 138 62
4 138 148
4 138 160
4 138 177
4 138 217
4 139 0
4 139 108
4 139 112
4 139 125
4 139 168
4 139 202
4 139 210
4 139 219
4 139 235
4 140 45
4 140 92
4 140 112
4 140 149
4 140 171
4 140 174
4 140 198
4 141 124
4 141 168
4 141 171
4 141 175
4 141 232
4 142 133
4 142 148
4 142 151
4 142 153
4 142 156
4 142 169
4 142 217
4 142 223
4 142 228
4 144 31
4 144 106
4 144 112
4 144 119
4 144 185
4 144 211
4 144 219
4 144 222
4 145 199
4 146 123
4 146 170
4 146 178
4 146 179
4 146 223
4 146 227
4 147 108
4 147 116
4 147 122
4 147 194
4 147 213
4 147 216
4 148 119
4 148 124
4 148 127
4 148 168
4 148 240
4 149 58
4 149 166
4 149 187
4 150 33
4 150 135
4 150 152
4 150 158
4 150 175
4 150 188
4 150 203
4 150 212
4 150 218
4 151 161
4 151 219
4 151 225
4 151 236
4 152 76
4 152 114
4 152 155
4 152 175
4 152 214
4 152 218
4 152 239
4 153 152
4 153 156
4 153 168
4 153 169
4 153 172
4 153 217
4 153 235
4 154 161
4 154 172
4 154 183
4 154 200
4 155 50
4 155 98
4 155 129
4 155 174
4 155 200
4 155 210
4 155 222
4 156 108
4 156 137
4 156 139
4 156 147
4 156 178
4 156 183
4 156 188
4 156 205
4 157 45
4 157 113
4 157 114
4 157 161
4 157 211
4 157 213
4 158 11
4 158 106
4 158 125
4 158 208
4 159 114
4 159 127
4 159 141
4 159 178
4 160 73
4 160 84
4 160 111
4 160 112
4 160 123
4 160 124
4 160 158
4 160 228
4 161 22
4 161 109
4 161 115
4 161 155
4 162 80
4 162 147
4 162 166
4 162 192
4 163 79
4 163 119
4 163 129
4 163 147
4 163 190
4 163 211
4 164 5
4 164 108
4 164 140
4 164 142
4 164 147
4 164 156
4 164 161
4 164 195
4 164 209
4 164 217
4 164 225
4 165 17
4 165 97
4 165 113
4 165 146
4 165 163
4 166 27
4 166 98
4 166 115
4 166 121
4 166 163
4 166 166
4 166 209
4 166 225
4 167 106
4 167 112
4 167 115
4 167 140
4 167 195
4 167 203
4 167 213
4 167 215
4 167 222
4 167 227
4 167 233
4 168 14
4 168 124
4 168 142
4 168 144
4 168 189
4 168 224
4 169 12
4 169 24
4 169 37
4 169 146
4 169 161
4 169 170
4 169 181
4 170 109
4 170 123
4 170 143
4 170 205
4 170 211
4 170 212
4 171 119
4 171 139
4 171 140
4 171 145
4 171 161
4 171 182
4 172 33
4 172 99
4 172 127
4 172 155
4 172 195
4 172 196
4 172 201
4 172 207
4 172 214
4 173 60
4 173 61
4 173 62
4 173 111
4 173 121
4 173 168
4 173 222
4 173 229
4 174 16
4 174 129
4 174 166
4 174 192
4 174 209
4 174 215
4 174 224
4 175 58
4 175 125
4 175 131
4 175 137
4 175 204
4 175 221
4 176 21
4 176 25
4 176 106
4 176 132
4 176 135
4 176 145
4 176 164
4 176 179
4 176 213
4 176 219
4 176 236
4 177 50
4 177 78
4 177 165
4 177 225
4 178 108
4 178 170
4 178 192
4 178 194
4 178 206
4 178 229
4 179 70
4 179 104
4 179 133
4 179 137
4 179 147
4 179 166
4 179 186
4 179 205
4 180 105
4 180 111
4 180 129
4 180 152
4 180 172
4 181 15
4 181 111
4 181 156
4 181 167
4 181 191
4 181 194
4 181 219
4 181 240
4 182 29
4 182 94
4 182 105
4 182 106
4 182 129
4 182 178
4 182 187
4 182 191
4 182 195
4 183 116
4 183 163
4 183 175
4 183 236
4 184 32
4 184 89
4 184 113
4 184 164
4 184 194
4 184 209
4 184 217
4 185 179
4 185 200
4 185 208
4 186 147
4 186 155
4 186 157
4 186 158
4 187 86
4 187 105
4 187 134
4 187 175
4 187 193
4 187 232
4 188 10
4 188 153
4 188 170
4 188 184
4 188 189
4 188 210
4 189 167
4 189 237
4 190 109
4 190 117
4 190 121
4 190 140
4 190 159
4 190 171
4 190 213
4 190 235
4 191 45
4 191 94
4 191 147
4 191 149
4 191 152
4 191 166
4 191 184
4 191 210
4 191 214
4 191 239
4 192 87
4 192 105
4 192 156
4 192 175
4 192 176
4 192 190
4 192 229
4 193 148
4 193 152
4 193 168
4 193 184
4 193 218
4 193 224
4 194 5
4 194 153
4 194 180
4 194 216
4 194 240
4 195 72
4 195 83
4 195 161
4 195 162
4 195 172
4 195 205
4 195 215
4 195 219
4 196 116
4 196 128
4 196 168
4 196 181
4 196 195
4 196 221
4 196 236
4 196 237
4 197 4
4 197 115
4 197 136
4 197 193
4 197 218
4 197 229
4 198 44
4 198 61
4 198 84
4 198 117
4 198 171
4 198 223
4 198 239
4 199 60
4 199 148
4 199 149
4 199 154
4 199 222
4 200 19
4 200 72
4 200 123
4 200 126
4 200 132
4 200 142
4 200 148
4 200 190
4 200 214
4 200 222
4 201 106
4 201 119
4 201 138
4 201 203
4 201 205
4 201 211
4 201 223
4 202 112
4 202 130
4 202 170
4 202 188
4 202 220
4 202 221
4 203 14
4 203 118
4 203 173
4 203 179
4 203 195
4 203 221
4 204 59
4 204 149
4 204 208
4 204 227
4 205 42
4 205 57
4 205 95
4 205 125
4 205 129
4 205 132
4 205 134
4 205 151
4 205 182
4 205 187
4 205 221
4 206 73
4 206 150
4 206 164
4 206 173
4 207 158
4 207 201
4 207 211
4 207 223
4 208 126
4 208 207
4 208 213
4 209 39
4 209 203
4 209 210
4 210 86
4 210 100
4 210 126
4 210 136
4 210 146
4 210 153
4 210 158
4 210 166
4 210 215
4 210 219
4 210 238
4 211 2
4 211 169
4 211 178
4 211 184
4 211 233
4 211 240
4 212 109
4 212 128
4 212 132
4 212 186
4 213 102
4 213 163
4 213 225
4 213 237
4 214 70
4 214 120
4 214 151
4 214 156
4 214 190
4 214 207
4 214 238
4 215 116
4 215 162
4 215 164
4 215 166
4 215 175
4 215 215
4 215 222
4 215 227
4 216 106
4 216 138
4 216 142
4 216 155
4 216 163
4 216 179
4 216 205
4 216 240
4 217 83
4 217 121
4 217 180
4 217 212
4 217 218
4 217 222
4 217 225
4 218 24
4 218 172
4 218 185
4 219 165
4 219 198
4 220 31
4 220 50
4 220 73
4 220 119
4 220 184
4 220 216
4 220 227
4 221 33
4 221 111
4 221 165
4 221 188
4 221 203
4 221 220
4 221 223
4 222 78
4 222 127
4 222 131
4 222 140
4 222 153
4 222 160
4 222 168
4 222 170
4 222 188
4 222 195
4 222 218
4 222 237
4 223 44
4 223 125
4 223 127
4 223 209
4 224 120
4 224 124
4 224 150
4 224 179
4 224 195
4 224 198
4 224 217
4 224 219
4 224 228
4 224 235
4 225 112
4 225 129
4 225 139
4 225 172
4 225 180
4 225 194
4 225 216
4 225 231
4 226 30
4 226 107
4 226 114
4 226 126
4 226 133
4 226 144
4 226 161
4 226 182
4 226 209
4 226 216
4 226 226
4 227 17
4 227 106
4 227 138
4 227 165
4 227 209
4 227 210
4 228 86
4 228 115
4 228 149
4 228 177
4 228 189
4 228 192
4 229 66
4 229 123
4 229 134
4 229 154
4 229 178
4 229 188
4 229 208
4 229 227
4 230 72
4 230 122
4 230 155
4 230 157
4 230 183
4 230 186
4 231 124
4 231 129
4 231 151
4 231 211
4 232 11
4 232 13
4 232 159
4 232 164
4 232 194
4 232 196
4 232 198
4 232 227
4 232 233
4 233 15
4 233 18
4 233 109
4 233 124
4 233 132
4 233 168
4 233 183
4 233 189
4 233 233
4 233 236
4 234 130
4 234 174
4 234 199
4 234 234
4 235 125
4 236 205
4 236 235
4 237 112
4 237 135
4 237 146
4 237 152
4 237 169
4 237 223
4 237 225
4 237 230
4 238 41
4 238 95
4 238 134
4 238 154
4 238 161
4 238 188
4 238 190
4 238 201
4 238 229
4 238 237
4 239 91
4 239 118
4 239 128
4 239 138
4 239 145
4 239 212
4 239 219
4 239 238
4 240 98
4 240 102
4 240 133
4 240 134
4 240 145
4 240 161
4 240 176
4 240 189
4 240 190
5 0 30
5 0 33
5 0 59
5 0 62
5 0 80
5 0 89
5 0 93
5 1 11
5 1 47
5 1 53
5 1 62
5 1 73
5 1 93
5 1 96
5 1 132
5 2 7
5 2 10
5 2 53
5 2 58
5 2 69
5 2 91
5 3 9
5 3 35
5 3 67
5 3 71
5 3 82
5 3 87
5 3 96
5 4 38
5 4 42
5 4 179
5 5 1
5 5 16
5 5 36
5 5 41
5 5 53
5 5 56
5 5 59
5 5 66
5 5 103
5 5 136
5 5 183
5 6 9
5 6 17
5 6 23
5 6 67
5 6 101
5 6 103
5 6 110
5 7 20
5 7 27
5 7 36
5 7 63
5 7 66
5 7 82
5 7 94
5 7 98
5 7 208
5 8 15
5 8 22
5 8 32
5 8 36
5 8 57
5 8 66
5 8 75
5 8 103
5 8 192
5 8 216
5 9 20
5 9 37
5 9 73
5 9 83
5 9 103
5 9 173
5 10 3
5 10 5
5 10 26
5 10 51
5 10 56
5 10 60
5 10 73
5 10 84
5 10 138
5 10 219
5 11 11
5 11 20
5 11 28
5 11 29
5 11 33
5 11 61
5 11 66
5 11 80
5 11 95
5 11 195
5 11 226
5 12 19
5 12 22
5 12 34
5 12 38
5 12 45
5 12 85
5 12 90
5 12 173
5 12 179
5 13 21
5 13 50
5 13 52
5 13 55
5 13 59
5 13 75
5 13 161
5 14 17
5 14 24
5 14 41
5 14 48
5 14 59
5 14 94
5 14 100
5 15 1
5 15 24
5 15 27
5 15 30
5 15 45
5 15 173
5 16 23
5 16 34
5 16 45
5 16 48
5 16 70
5 16 77
5 16 96
5 16 227
5 17 3
5 17 7
5 17 20
5 17 38
5 17 44
5 17 52
5 17 57
5 17 66
5 17 103
5 18 20
5 18 43
5 18 51
5 18 52
5 18 61
5 18 63
5 18 83
5 18 230
5 18 236
5 19 11
5 19 50
5 19 75
5 19 83
5 19 104
5 19 131
5 19 183
5 20 0
5 20 13
5 20 28
5 20 33
5 20 39
5 20 70
5 20 72
5 20 79
5 20 80
5 20 90
5 20 104
5 21 4
5 21 7
5 21 8
5 21 11
5 21 14
5 21 16
5 21 32
5 21 40
5 21 44
5 21 46
5 21 48
5 21 55
5 21 72
5 21 79
5 21 96
5 21 100
5 21 101
5 21 134
5 21 153
5 22 5
5 22 10
5 22 20
5 22 51
5 22 86
5 22 123
5 22 189
5 23 1
5 23 8
5 23 17
5 23 24
5 23 25
5 23 27
5 23 31
5 23 57
5 23 60
5 23 72
5 23 83
5 23 86
5 23 93
5 23 139
5 24 6
5 24 8
5 24 11
5 24 23
5 24 25
5 24 29
5 24 71
5 24 89
5 24 92
5 24 93
5 25 4
5 25 16
5 25 34
5 25 46
5 25 61
5 25 68
5 25 97
5 25 100
5 25 166
5 26 0
5 26 4
5 26 8
5 26 21
5 26 71
5 26 87
5 26 99
5 27 18
5 27 23
5 27 42
5 27 61
5 27 76
5 27 80
5 27 83
5 27 98
5 27 210
5 27 214
5 28 24
5 28 42
5 28 65
5 28 184
5 29 30
5 29 53
5 29 97
5 29 101
5 30 18
5 30 25
5 30 31
5 30 46
5 30 53
5 30 61
5 30 73
5 30 149
5 30 201
5 31 8
5 31 18
5 31 68
5 31 71
5 31 79
5 31 88
5 31 156
5 32 35
5 32 39
5 32 52
5 32 57
5 32 89
5 32 90
5 32 92
5 32 141
5 32 196
5 33 13
5 33 17
5 33 43
5 33 77
5 34 6
5 34 53
5 34 65
5 34 76
5 34 79
5 34 88
5 34 147
5 34 169
5 35 15
5 35 16
5 35 22
5 35 29
5 35 38
5 35 52
5 35 78
5 35 100
5 36 20
5 36 22
5 36 29
5 36 32
5 36 53
5 36 61
5 36 64
5 36 88
5 36 93
5 36 95
5 36 101
5 36 108
5 36 222
5 37 11
5 37 15
5 37 27
5 37 31
5 37 39
5 37 47
5 37 61
5 37 95
5 37 99
5 38 7
5 38 12
5 38 48
5 38 66
5 38 76
5 38 78
5 38 87
5 38 90
5 38 140
5 38 158
5 38 196
5 39 39
5 39 44
5 39 64
5 39 72
5 39 89
5 39 221
5 40 0
5 40 5
5 40 7
5 40 8
5 40 9
5 40 47
5 40 62
5 40 74
5 40 76
5 40 86
5 40 95
5 40 240
5 41 10
5 41 31
5 41 49
5 41 87
5 41 165
5 41 231
5 42 7
5 42 11
5 42 18
5 42 30
5 42 76
5 42 77
5 42 87
5 42 101
5 42 102
5 42 172
5 43 6
5 43 11
5 43 22
5 43 33
5 43 44
5 43 66
5 43 76
5 43 78
5 43 101
5 43 212
5 44 7
5 44 70
5 44 72
5 44 74
5 44 84
5 44 85
5 44 90
5 44 97
5 44 115
5 44 132
5 45 44
5 45 86
5 45 95
5 45 133
5 45 223
5 46 2
5 46 5
5 46 14
5 46 27
5 46 51
5 46 54
5 46 57
5 46 67
5 46 71
5 46 74
5 46 79
5 46 165
5 47 26
5 47 56
5 47 75
5 47 94
5 47 96
5 47 171
5 47 175
5 48 3
5 48 9
5 48 19
5 48 26
5 48 49
5 48 58
5 48 62
5 48 65
5 48 69
5 48 92
5 48 157
5 49 0
5 49 25
5 49 33
5 49 38
5 49 43
5 49 44
5 49 46
5 49 68
5 49 75
5 49 86
5 49 98
5 49 108
5 49 130
5 49 140
5 49 162
5 50 27
5 50 43
5 50 55
5 50 61
5 50 93
5 51 15
5 51 21
5 51 34
5 51 52
5 52 61
5 52 76
5 52 83
5 52 92
5 52 103
5 52 114
5 52 166
5 52 175
5 52 221
5 52 226
5 53 23
5 53 28
5 53 38
5 53 40
5 53 44
5 53 67
5 53 97
5 53 104
5 54 6
5 54 16
5 54 28
5 54 67
5 54 77
5 54 88
5 54 181
5 55 27
5 55 28
5 55 30
5 55 54
5 55 69
5 55 78
5 55 90
5 56 8
5 56 9
5 56 24
5 56 44
5 56 59
5 56 70
5 56 88
5 56 95
5 57 9
5 57 34
5 57 49
5 57 63
5 57 69
5 57 75
5 57 105
5 57 147
5 58 2
5 58 15
5 58 18
5 58 26
5 58 30
5 58 44
5 58 45
5 58 51
5 58 61
5 58 64
5 58 83
5 58 91
5 58 97
5 58 102
5 58 105
5 59 2
5 59 4
5 59 13
5 59 33
5 59 35
5 59 36
5 59 56
5 59 60
5 59 65
5 59 66
5 59 83
5 59 199
5 60 33
5 60 40
5 60 43
5 60 68
5 60 90
5 60 94
5 60 96
5 60 103
5 60 170
5 60 190
5 61 45
5 61 70
5 61 164
5 61 216
5 62 32
5 62 35
5 62 61
5 62 89
5 63 25
5 63 43
5 63 57
5 63 58
5 63 64
5 63 67
5 63 82
5 63 93
5 63 97
5 63 101
5 63 154
5 64 5
5 64 25
5 64 33
5 64 48
5 64 65
5 64 83
5 64 212
5 65 26
5 65 40
5 65 72
5 65 82
5 65 84
5 65 101
5 65 108
5 65 116
5 65 145
5 66 11
5 66 29
5 66 35
5 66 39
5 66 83
5 66 112
5 66 200
5 67 14
5 67 22
5 67 23
5 67 33
5 67 46
5 67 50
5 67 64
5 67 86
5 67 90
5 67 151
5 68 30
5 68 34
5 68 77
5 68 80
5 68 94
5 68 97
5 69 5
5 69 23
5 69 65
5 69 73
5 69 81
5 69 93
5 69 101
5 70 7
5 70 22
5 70 23
5 70 29
5 70 30
5 70 39
5 70 56
5 70 72
5 70 79
5 70 91
5 70 92
5 70 98
5 70 102
5 70 187
5 71 4
5 71 27
5 71 31
5 71 32
5 71 49
5 71 90
5 72 7
5 72 26
5 72 28
5 72 43
5 72 54
5 72 57
5 72 79
5 73 5
5 73 7
5 73 23
5 73 54
5 73 70
5 73 78
5 73 93
5 73 126
5 73 141
5 74 31
5 74 33
5 74 60
5 74 65
5 74 83
5 74 126
5 75 2
5 75 22
5 75 31
5 75 33
5 75 84
5 75 88
5 75 90
5 75 94
5 75 95
5 75 97
5 75 150
5 76 14
5 76 20
5 76 34
5 76 52
5 76 75
5 76 137
5 76 205
5 77 9
5 77 35
5 77 36
5 77 48
5 77 57
5 77 59
5 77 67
5 77 93
5 78 0
5 78 11
5 78 35
5 78 50
5 78 66
5 78 80
5 78 86
5 78 116
5 78 135
5 79 6
5 79 38
5 79 44
5 79 62
5 79 74
5 79 92
5 79 117
5 79 150
5 80 5
5 80 19
5 80 31
5 80 33
5 80 81
5 80 84
5 80 87
5 80 98
5 80 240
5 81 13
5 81 15
5 81 27
5 81 60
5 81 61
5 81 77
5 81 83
5 81 84
5 82 8
5 82 31
5 82 60
5 82 81
5 82 89
5 82 90
5 82 108
5 82 177
5 83 2
5 83 25
5 83 29
5 83 40
5 83 79
5 83 82
5 83 96
5 84 1
5 84 38
5 84 40
5 84 48
5 84 84
5 84 93
5 84 99
5 85 28
5 85 29
5 85 30
5 85 50
5 85 63
5 85 76
5 85 83
5 85 145
5 85 223
5 86 7
5 86 9
5 86 11
5 86 15
5 86 26
5 86 30
5 86 37
5 86 46
5 86 47
5 86 48
5 86 53
5 86 57
5 86 76
5 86 96
5 86 206
5 87 7
5 87 32
5 87 43
5 87 98
5 87 100
5 87 194
5 88 42
5 88 63
5 88 87
5 88 113
5 89 46
5 89 57
5 89 77
5 89 79
5 89 99
5 89 104
5 89 156
5 89 182
5 90 14
5 90 59
5 90 63
5 90 72
5 90 83
5 90 95
5 90 123
5 91 4
5 91 12
5 91 18
5 91 38
5 91 40
5 91 50
5 91 52
5 91 102
5 91 135
5 92 6
5 92 16
5 92 37
5 92 58
5 92 69
5 92 97
5 92 129
5 93 24
5 93 26
5 93 47
5 93 48
5 93 49
5 93 57
5 93 78
5 93 80
5 93 87
5 94 13
5 94 19
5 94 40
5 94 43
5 94 52
5 94 71
5 94 74
5 94 100
5 94 101
5 94 103
5 94 147
5 95 4
5 95 19
5 95 29
5 95 42
5 95 54
5 95 63
5 95 65
5 95 67
5 95 76
5 95 77
5 95 79
5 95 114
5 95 236
5 96 8
5 96 13
5 96 59
5 96 67
5 96 95
5 97 6
5 97 16
5 97 23
5 97 29
5 97 71
5 97 72
5 97 75
5 97 170
5 97 226
5 98 3
5 98 29
5 98 35
5 98 53
5 98 63
5 98 65
5 98 68
5 98 72
5 98 98
5 98 182
5 99 5
5 99 32
5 99 52
5 99 63
5 99 70
5 99 94
5 99 97
5 100 5
5 100 19
5 100 68
5 100 72
5 100 77
5 100 87
5 100 92
5 100 195
5 101 35
5 101 57
5 101 62
5 101 71
5 101 84
5 101 139
5 101 191
5 102 10
5 102 11
5 102 12
5 102 18
5 102 28
5 102 45
5 102 67
5 103 4
5 103 17
5 103 58
5 103 76
5 103 93
5 103 212
5 104 1
5 104 3
5 104 16
5 104 27
5 104 34
5 104 68
5 104 102
5 104 103
5 105 152
5 105 155
5 105 181
5 105 211
5 105 213
5 105 226
5 106 99
5 106 141
5 106 164
5 106 188
5 107 108
5 107 123
5 107 165
5 107 190
5 107 197
5 107 229
5 108 5
5 108 110
5 108 169
5 108 196
5 109 105
5 109 111
5 109 176
5 109 228
5 110 106
5 110 108
5 110 120
5 110 127
5 110 130
5 110 137
5 110 178
5 110 193
5 110 226
5 111 49
5 111 109
5 111 135
5 111 141
5 111 152
5 111 185
5 111 187
5 111 205
5 111 216
5 111 217
5 111 223
5 111 234
5 112 146
5 112 162
5 112 199
5 112 219
5 113 96
5 113 150
5 113 155
5 113 172
5 113 194
5 113 239
5 114 4
5 114 100
5 114 128
5 114 135
5 114 144
5 114 162
5 114 173
5 114 195
5 114 209
5 114 218
5 114 219
5 114 233
5 115 131
5 115 180
5 115 230
5 116 25
5 116 32
5 116 71
5 116 120
5 116 186
5 117 53
5 117 124
5 117 132
5 117 137
5 117 171
5 117 222
5 118 23
5 118 101
5 118 108
5 118 145
5 118 225
5 118 231
5 119 77
5 119 101
5 119 106
5 119 157
5 119 158
5 119 192
5 119 197
5 119 224
5 119 237
5 120 106
5 120 206
5 120 214
5 120 223
5 120 229
5 121 144
5 121 151
5 121 168
5 121 181
5 122 112
5 122 177
5 122 197
5 123 47
5 123 112
5 123 113
5 123 121
5 123 148
5 123 161
5 123 185
5 123 214
5 123 222
5 124 131
5 124 141
5 124 144
5 124 152
5 124 153
5 124 173
5 124 226
5 125 130
5 125 142
5 125 171
5 125 172
5 125 191
5 125 196
5 125 211
5 126 158
5 126 161
5 126 173
5 126 206
5 126 213
5 127 59
5 127 112
5 127 124
5 127 139
5 127 159
5 127 205
5 128 22
5 128 170
5 128 174
5 128 230
5 129 29
5 129 134
5 129 136
5 129 168
5 129 223
5 129 236
5 130 40
5 130 155
5 130 165
5 130 170
5 130 212
5 130 217
5 131 30
5 131 68
5 131 150
5 131 160
5 131 192
5 131 218
5 132 123
5 132 147
5 132 168
5 132 182
5 132 184
5 132 211
5 132 236
5 133 110
5 133 137
5 133 191
5 133 216
5 134 83
5 134 98
5 134 104
5 134 112
5 134 136
5 134 152
5 134 178
5 134 183
5 134 208
5 134 215
5 135 153
5 135 158
5 135 162
5 135 180
5 135 204
5 136 55
5 136 109
5 136 112
5 136 136
5 136 145
5 136 184
5 136 205
5 136 224
5 136 225
5 136 227
5 136 234
5 136 236
5 137 131
5 137 134
5 137 148
5 137 161
5 137 187
5 138 106
5 138 113
5 138 120
5 138 162
5 138 163
5 138 178
5 138 203
5 138 205
5 139 109
5 139 113
5 139 119
5 139 134
5 139 154
5 139 158
5 139 163
5 139 167
5 139 196
5 139 235
5 140 83
5 140 117
5 140 126
5 140 140
5 140 157
5 140 207
5 140 225
5 140 230
5 140 234
5 141 24
5 141 133
5 141 208
5 142 91
5 142 121
5 142 168
5 142 190
5 142 212
5 142 220
5 142 223
5 142 233
5 142 234
5 143 117
5 143 199
5 143 212
5 143 240
5 144 59
5 144 139
5 144 171
5 144 174
5 144 203
5 144 217
5 145 6
5 145 45
5 145 50
5 145 136
5 145 157
5 145 168
5 145 177
5 145 197
5 145 200
5 146 89
5 146 118
5 146 143
5 146 155
5 146 161
5 146 191
5 146 237
5 147 58
5 147 88
5 147 118
5 147 141
5 147 190
5 147 223
5 147 229
5 148 6
5 148 32
5 148 107
5 148 136
5 148 137
5 148 138
5 148 147
5 148 208
5 148 227
5 148 230
5 149 39
5 149 138
5 149 147
5 149 158
5 149 166
5 149 227
5 149 232
5 150 31
5 150 122
5 150 126
5 150 129
5 150 132
5 150 156
5 150 168
5 151 68
5 151 114
5 151 126
5 151 127
5 151 131
5 151 135
5 151 183
5 151 185
5 151 187
5 151 202
5 151 221
5 152 30
5 152 122
5 153 126
5 153 147
5 153 181
5 153 196
5 153 212
5 153 214
5 154 126
5 155 14
5 155 122
5 155 125
5 155 144
5 155 164
5 155 210
5 155 221
5 156 126
5 156 131
5 156 146
5 156 155
5 156 220
5 156 222
5 157 145
5 157 193
5 158 60
5 158 163
5 158 164
5 158 178
5 158 184
5 158 199
5 158 208
5 159 133
5 159 147
5 159 192
5 159 214
5 160 152
5 160 200
5 160 232
5 160 240
5 161 155
5 161 173
5 161 189
5 161 219
5 161 233
5 162 52
5 162 76
5 162 122
5 162 207
5 162 222
5 163 106
5 163 111
5 163 186
5 164 110
5 164 134
5 164 209
5 164 216
5 164 226
5 165 63
5 165 120
5 165 125
5 165 137
5 165 177
5 165 186
5 165 196
5 165 236
5 166 94
5 166 137
5 166 148
5 166 163
5 166 166
5 166 171
5 166 182
5 166 192
5 166 218
5 167 106
5 167 123
5 167 154
5 167 178
5 167 240
5 168 129
5 168 133
5 168 194
5 168 205
5 168 212
5 168 219
5 168 220
5 169 107
5 169 132
5 169 138
5 169 153
5 169 157
5 170 105
5 170 111
5 170 135
5 170 156
5 170 198
5 170 206
5 170 216
5 170 228
5 171 13
5 171 119
5 171 147
5 171 166
5 171 173
5 171 185
5 171 235
5 172 53
5 172 109
5 172 155
5 172 209
5 172 210
5 173 190
5 173 205
5 173 223
5 174 87
5 174 126
5 174 154
5 174 239
5 175 105
5 175 113
5 175 140
5 175 148
5 176 17
5 176 119
5 176 138
5 176 169
5 176 182
5 176 213
5 176 220
5 176 234
5 177 52
5 177 182
5 177 189
5 177 203
5 177 215
5 178 63
5 178 105
5 178 146
5 178 165
5 178 188
5 178 205
5 178 218
5 178 224
5 178 228
5 178 229
5 179 112
5 179 138
5 179 212
5 179 213
5 179 216
5 179 217
5 180 114
5 180 125
5 180 168
5 180 205
5 180 213
5 180 223
5 180 228
5 181 2
5 181 45
5 181 123
5 181 158
5 181 181
5 181 216
5 181 238
5 182 53
5 182 117
5 182 124
5 182 163
5 182 166
5 182 181
5 182 201
5 182 209
5 182 211
5 182 215
5 182 239
5 182 240
5 183 113
5 183 119
5 183 150
5 183 194
5 184 18
5 184 20
5 184 34
5 184 237
5 185 4
5 185 81
5 185 89
5 185 121
5 185 150
5 185 170
5 185 180
5 185 201
5 186 61
5 186 147
5 186 151
5 186 190
5 186 196
5 186 198
5 186 231
5 187 144
5 187 181
5 187 217
5 187 236
5 187 239
5 188 130
5 188 136
5 188 201
5 188 207
5 188 230
5 189 0
5 189 56
5 189 134
5 189 148
5 189 218
5 190 83
5 190 122
5 190 146
5 190 195
5 190 202
5 190 211
5 190 231
5 191 4
5 191 155
5 191 192
5 192 156
5 192 191
5 192 205
5 192 213
5 192 216
5 193 49
5 193 72
5 193 109
5 193 130
5 193 137
5 193 151
5 193 189
5 193 203
5 193 221
5 193 226
5 194 24
5 194 114
5 194 154
5 194 156
5 194 187
5 194 196
5 194 210
5 195 173
5 195 184
5 195 196
5 195 221
5 195 224
5 195 235
5 196 50
5 196 182
5 196 199
5 197 155
5 198 122
5 198 142
5 198 157
5 198 195
5 198 197
5 198 217
5 199 22
5 199 38
5 199 119
5 199 136
5 199 137
5 199 149
5 199 192
5 199 202
5 199 230
5 199 237
5 200 164
5 200 171
5 200 185
5 200 198
5 200 203
5 200 238
5 201 129
5 201 135
5 201 153
5 201 225
5 201 238
5 202 59
5 202 121
5 202 127
5 202 173
5 202 188
5 202 203
5 202 220
5 203 109
5 203 163
5 203 170
5 203 192
5 203 196
5 203 204
5 204 30
5 204 146
5 204 151
5 204 162
5 204 165
5 204 177
5 204 213
5 204 232
5 205 106
5 205 114
5 205 208
5 205 224
5 205 229
5 206 25
5 206 75
5 206 111
5 206 115
5 206 126
5 206 127
5 206 134
5 206 140
5 206 180
5 206 197
5 206 200
5 206 215
5 207 145
5 207 199
5 208 103
5 208 152
5 208 191
5 208 209
5 209 117
5 209 130
5 209 131
5 209 174
5 209 184
5 209 188
5 209 220
5 210 61
5 210 62
5 210 105
5 210 136
5 210 181
5 210 189
5 210 210
5 210 211
5 210 212
5 210 239
5 211 113
5 211 153
5 211 178
5 211 187
5 212 110
5 212 134
5 212 173
5 212 186
5 212 192
5 213 0
5 213 73
5 213 76
5 213 90
5 213 185
5 214 14
5 214 75
5 214 109
5 214 131
5 214 159
5 214 190
5 214 202
5 214 203
5 214 210
5 215 122
5 215 132
5 215 210
5 215 214
5 215 233
5 216 12
5 216 101
5 216 116
5 216 155
5 216 169
5 216 188
5 216 189
5 217 137
5 217 144
5 217 177
5 218 110
5 218 122
5 218 124
5 218 167
5 218 177
5 218 182
5 218 217
5 218 223
5 218 224
5 219 8
5 219 144
5 219 199
5 219 204
5 220 87
5 220 139
5 220 175
5 220 178
5 220 180
5 220 185
5 220 197
5 220 223
5 221 12
5 221 61
5 221 131
5 221 161
5 221 177
5 221 235
5 222 122
5 222 154
5 222 174
5 222 177
5 222 181
5 222 209
5 222 226
5 223 80
5 223 202
5 223 212
5 224 58
5 224 146
5 224 157
5 224 170
5 224 204
5 224 221
5 225 55
5 225 62
5 225 107
5 225 114
5 225 140
5 225 177
5 225 183
5 225 219
5 226 67
5 227 97
5 227 139
5 227 167
5 227 188
5 227 213
5 227 232
5 228 127
5 228 129
5 228 171
5 228 188
5 228 198
5 228 220
5 229 84
5 229 132
5 229 144
5 229 160
5 229 194
5 229 207
5 229 226
5 229 230
5 230 10
5 230 52
5 230 136
5 230 154
5 230 163
5 230 174
5 230 183
5 230 232
5 230 234
5 231 21
5 231 124
5 231 137
5 231 152
5 231 179
5 231 218
5 231 225
5 232 119
5 232 128
5 232 155
5 232 168
5 232 203
5 232 218
5 233 26
5 233 115
5 233 119
5 233 122
5 233 173
5 233 210
5 233 227
5 234 108
5 234 133
5 234 168
5 234 214
5 234 229
5 234 235
5 235 3
5 235 7
5 235 114
5 235 178
5 235 195
5 235 201
5 235 208
5 235 216
5 235 225
5 235 232
5 236 0
5 236 120
5 236 139
5 236 140
5 236 158
5 236 198
5 236 202
5 236 203
5 236 226
5 237 78
5 237 102
5 237 120
5 237 166
5 237 173
5 237 228
5 238 10
5 238 108
5 238 136
5 238 138
5 238 185
5 238 212
5 239 182
5 239 184
5 239 225
5 240 3
5 240 106
5 240 120
5 240 144
5 240 197
5 240 198
5 240 202
5 240 222