120
9
45 40 40 40 40 40 41 41 40
2380

0 496 0 647 0 455 596 0 0 67 207 0 0 0 65 0 6 98 0 71 73 0 0 62 0 0 83 0 0 18 95 0 0 79 68 0 0 0 0 0 81 16 64 0 60
602 20 0 722 912 0 546 0 0 158 417 573 575 0 0 0 21 65 19 95 0 22 0 87 0 62 0 0 92 55 78 0 31 3 0 0 68 0 0 0
24 0 0 378 0 0 0 65 730 687 0 0 884 0 0 21 89 43 0 0 0 0 0 0 4 79 0 5 22 0 65 0 41 0 38 0 11 30 0 34
324 963 0 0 0 890 0 816 23 0 0 0 0 16 0 0 0 0 71 0 74 7 0 0 24 0 95 83 0 56 46 0 0 0 91 13 19 0 0 0
590 402 221 0 33 0 341 417 0 0 0 315 0 0 0 0 16 0 59 0 37 75 0 0 0 14 96 0 3 0 0 6 24 38 99 0 74 0 65 0
688 0 740 0 68 0 121 0 745 0 160 295 0 13 100 0 0 0 36 30 52 0 98 38 33 46 0 16 6 54 0 0 37 19 0 0 70 94 0 25
0 762 0 982 672 0 0 0 703 270 657 99 0 0 0 0 56 0 0 0 82 91 37 0 19 17 14 50 50 93 95 0 0 0 9 86 0 3 0 0 0
0 338 0 0 0 0 697 71 0 101 0 241 0 26 6 66 79 56 0 0 71 98 7 0 83 35 0 100 0 15 36 41 88 3 0 0 49 27 0 0 68
0 0 156 549 0 383 0 0 286 902 244 792 0 96 0 0 0 0 63 81 79 0 0 0 16 84 19 10 0 54 0 0 0 0 55 95 96 82 23 0

0 0 0
0 0 1
0 0 2
0 0 4
0 0 6
0 0 7
0 0 8
0 0 9
0 0 10
0 0 20
0 0 34
0 0 35
0 1 0
0 1 1
0 1 3
0 1 4
0 1 7
0 1 9
0 1 10
0 1 11
0 1 17
0 1 18
0 1 21
0 1 29
0 2 0
0 2 1
0 2 3
0 2 4
0 2 5
0 2 6
0 2 7
0 2 8
0 2 9
0 2 11
0 2 12
0 2 13
0 2 18
0 2 23
0 2 28
0 2 36
0 3 1
0 3 2
0 3 3
0 3 4
0 3 7
0 3 10
0 3 11
0 3 32
0 3 37
0 4 0
0 4 1
0 4 4
0 4 5
0 4 8
0 4 9
0 4 10
0 4 11
0 4 12
0 4 16
0 4 20
0 4 23
0 4 25
0 4 33
0 4 39
0 5 0
0 5 2
0 5 3
0 5 4
0 5 5
0 5 6
0 5 7
0 5 9
0 5 10
0 5 13
0 5 27
0 5 34
0 5 35
0 6 0
0 6 1
0 6 3
0 6 5
0 6 6
0 6 8
0 6 9
0 6 10
0 6 11
0 6 14
0 6 16
0 6 17
0 6 19
0 6 34
0 7 0
0 7 2
0 7 3
0 7 7
0 7 9
0 7 10
0 7 11
0 7 12
0 7 18
0 7 19
0 7 22
0 7 25
0 7 34
0 8 0
0 8 2
0 8 4
0 8 5
0 8 6
0 8 7
0 8 8
0 8 9
0 8 10
0 8 21
0 8 25
0 8 27
0 8 33
0 9 0
0 9 3
0 9 4
0 9 5
0 9 8
0 9 9
0 9 10
0 9 11
0 9 16
0 9 18
0 9 20
0 9 21
0 9 25
0 9 28
0 9 33
0 10 0
0 10 1
0 10 3
0 10 4
0 10 6
0 10 7
0 10 8
0 10 9
0 10 10
0 10 12
0 10 15
0 10 19
0 10 23
0 10 27
0 10 39
0 11 0
0 11 1
0 11 2
0 11 4
0 11 5
0 11 6
0 11 7
0 11 8
0 11 10
0 11 11
0 11 12
0 11 28
0 11 33
0 11 34
0 12 0
0 12 2
0 12 3
0 12 4
0 12 8
0 12 10
0 12 11
0 12 12
0 12 14
0 12 18
0 12 28
0 12 30
0 13 2
0 13 3
0 13 7
0 13 8
0 13 9
0 13 10
0 13 11
0 13 19
0 13 20
0 13 22
0 13 30
0 13 35
0 14 4
0 14 8
0 14 39
0 15 9
0 15 20
0 15 23
0 15 27
0 16 4
0 16 10
0 16 20
0 16 27
0 16 30
0 16 33
0 18 9
0 18 21
0 18 33
0 19 0
0 19 1
0 19 7
0 19 10
0 19 24
0 19 39
0 20 14
0 20 23
0 21 9
0 21 32
0 21 33
0 21 36
0 22 6
0 22 7
0 23 2
0 23 5
0 23 16
0 23 19
0 23 27
0 23 29
0 23 39
0 24 19
0 24 25
0 24 37
0 25 6
0 25 10
0 25 14
0 25 24
0 26 0
0 26 2
0 26 4
0 26 26
0 26 27
0 27 8
0 27 10
0 27 20
0 28 2
0 28 31
0 28 39
0 29 15
0 29 21
0 29 25
0 29 26
0 29 31
0 29 36
0 29 37
0 30 2
0 30 6
0 30 7
0 30 23
0 31 7
0 31 13
0 32 1
0 32 6
0 32 8
0 32 10
0 32 33
0 34 1
0 34 32
0 34 34
0 35 1
0 35 20
0 35 29
0 36 1
0 36 4
0 36 33
0 37 0
0 37 5
0 37 11
0 37 21
0 38 8
0 38 12
0 38 19
0 39 1
0 39 3
0 39 5
0 39 6
0 40 27
0 40 28
0 40 35
0 41 7
0 41 34
0 41 35
0 42 0
0 42 5
0 42 22
0 43 7
0 43 9
0 43 37
0 43 38
0 43 39
0 44 6
0 44 15
0 44 22
0 44 30
0 44 39
1 0 0
1 0 1
1 0 5
1 0 7
1 0 8
1 0 9
1 0 11
1 0 12
1 0 13
1 0 17
1 0 23
1 0 25
1 0 26
1 0 29
1 0 30
1 0 32
1 0 33
1 0 37
1 1 1
1 1 2
1 1 3
1 1 4
1 1 7
1 1 9
1 1 10
1 1 11
1 1 12
1 1 18
1 1 22
1 1 23
1 1 28
1 1 32
1 1 35
1 1 37
1 2 0
1 2 1
1 2 2
1 2 4
1 2 6
1 2 7
1 2 8
1 2 10
1 2 12
1 2 13
1 2 16
1 2 38
1 3 3
1 3 4
1 3 6
1 3 7
1 3 9
1 3 11
1 3 12
1 3 15
1 3 18
1 3 26
1 3 38
1 3 39
1 4 0
1 4 1
1 4 3
1 4 4
1 4 6
1 4 7
1 4 8
1 4 9
1 4 10
1 4 12
1 4 22
1 4 23
1 4 29
1 4 32
1 4 36
1 5 0
1 5 2
1 5 3
1 5 5
1 5 6
1 5 8
1 5 9
1 5 10
1 5 11
1 5 12
1 5 19
1 5 22
1 5 23
1 5 25
1 5 26
1 5 31
1 6 0
1 6 1
1 6 3
1 6 4
1 6 5
1 6 6
1 6 7
1 6 8
1 6 10
1 6 11
1 6 19
1 6 33
1 7 0
1 7 1
1 7 2
1 7 3
1 7 5
1 7 6
1 7 8
1 7 9
1 7 10
1 7 11
1 7 12
1 7 16
1 7 18
1 7 37
1 8 0
1 8 2
1 8 3
1 8 4
1 8 5
1 8 7
1 8 8
1 8 9
1 8 11
1 8 12
1 8 18
1 8 28
1 9 0
1 9 2
1 9 3
1 9 4
1 9 5
1 9 6
1 9 7
1 9 8
1 9 9
1 9 10
1 9 12
1 9 15
1 9 25
1 9 37
1 10 0
1 10 1
1 10 2
1 10 5
1 10 7
1 10 8
1 10 11
1 10 12
1 10 13
1 10 38
1 11 0
1 11 2
1 11 3
1 11 4
1 11 5
1 11 6
1 11 7
1 11 10
1 11 11
1 11 12
1 11 16
1 11 21
1 11 22
1 11 38
1 12 0
1 12 2
1 12 3
1 12 4
1 12 6
1 12 7
1 12 9
1 12 11
1 12 12
1 12 17
1 12 18
1 12 19
1 13 2
1 13 4
1 13 11
1 13 36
1 14 0
1 14 4
1 14 25
1 14 31
1 15 13
1 15 22
1 15 27
1 15 29
1 15 32
1 15 33
1 16 7
1 16 9
1 16 12
1 16 29
1 17 7
1 17 9
1 17 31
1 18 8
1 18 13
1 18 29
1 19 1
1 19 2
1 19 14
1 19 20
1 19 31
1 20 1
1 20 7
1 20 9
1 20 12
1 20 17
1 20 36
1 21 3
1 21 11
1 21 16
1 21 22
1 21 34
1 21 36
1 22 0
1 22 7
1 22 14
1 22 29
1 23 10
1 23 30
1 24 17
1 24 19
1 24 22
1 24 23
1 25 2
1 25 7
1 25 13
1 26 2
1 26 4
1 26 6
1 26 30
1 26 36
1 28 0
1 28 6
1 28 7
1 28 11
1 28 22
1 29 4
1 29 8
1 29 39
1 30 21
1 30 29
1 30 34
1 30 38
1 31 6
1 31 22
1 32 16
1 32 38
1 33 4
1 33 6
1 33 9
1 33 16
1 33 22
1 33 23
1 33 34
1 34 9
1 34 11
1 34 17
1 34 19
1 34 29
1 34 31
1 35 2
1 35 9
1 35 16
1 35 28
1 35 30
1 35 38
1 36 4
1 36 16
1 36 28
1 36 38
1 37 1
1 37 7
1 37 27
1 37 35
1 38 0
1 38 1
1 38 2
1 38 6
1 38 12
1 38 14
1 38 25
1 39 9
1 39 11
1 39 35
1 39 37
2 0 1
2 0 2
2 0 3
2 0 4
2 0 5
2 0 6
2 0 7
2 0 8
2 0 9
2 0 11
2 0 12
2 0 14
2 0 25
2 1 0
2 1 3
2 1 5
2 1 7
2 1 8
2 1 12
2 1 16
2 1 19
2 1 30
2 1 33
2 1 35
2 2 1
2 2 2
2 2 3
2 2 4
2 2 5
2 2 6
2 2 8
2 2 9
2 2 10
2 2 12
2 2 17
2 2 32
2 2 35
2 2 36
2 2 39
2 3 0
2 3 1
2 3 2
2 3 3
2 3 4
2 3 5
2 3 6
2 3 8
2 3 10
2 3 12
2 3 24
2 3 31
2 3 33
2 3 38
2 4 1
2 4 2
2 4 3
2 4 4
2 4 8
2 4 9
2 4 10
2 4 11
2 4 12
2 4 15
2 4 18
2 4 27
2 4 37
2 5 0
2 5 2
2 5 4
2 5 5
2 5 6
2 5 7
2 5 8
2 5 9
2 5 10
2 5 11
2 5 12
2 5 13
2 5 18
2 5 24
2 5 28
2 5 35
2 5 39
2 6 0
2 6 1
2 6 3
2 6 4
2 6 5
2 6 7
2 6 8
2 6 9
2 6 11
2 6 12
2 6 21
2 6 30
2 6 37
2 6 39
2 7 0
2 7 2
2 7 4
2 7 5
2 7 6
2 7 8
2 7 9
2 7 10
2 7 12
2 7 20
2 7 27
2 7 36
2 8 1
2 8 4
2 8 5
2 8 6
2 8 8
2 8 9
2 8 10
2 8 12
2 8 14
2 8 15
2 8 18
2 8 33
2 8 34
2 8 36
2 9 0
2 9 2
2 9 3
2 9 4
2 9 5
2 9 6
2 9 8
2 9 9
2 9 11
2 9 12
2 9 16
2 9 31
2 9 32
2 9 36
2 10 0
2 10 4
2 10 6
2 10 8
2 10 11
2 10 12
2 10 17
2 10 19
2 10 22
2 10 26
2 10 29
2 10 36
2 10 37
2 10 39
2 11 0
2 11 1
2 11 2
2 11 3
2 11 4
2 11 5
2 11 6
2 11 7
2 11 8
2 11 10
2 11 12
2 11 13
2 11 16
2 11 18
2 11 26
2 11 35
2 11 37
2 12 2
2 12 3
2 12 4
2 12 7
2 12 8
2 12 11
2 12 12
2 12 17
2 12 22
2 12 23
2 12 24
2 12 26
2 12 31
2 12 32
2 12 36
2 12 37
2 13 0
2 13 2
2 13 3
2 13 6
2 13 10
2 13 38
2 14 31
2 15 0
2 15 2
2 15 3
2 15 9
2 15 12
2 15 17
2 16 0
2 16 10
2 16 20
2 16 23
2 16 33
2 17 5
2 17 12
2 17 13
2 17 21
2 17 33
2 18 5
2 18 7
2 18 12
2 18 17
2 18 21
2 18 29
2 18 39
2 19 5
2 19 7
2 19 18
2 20 16
2 20 29
2 21 1
2 21 5
2 21 8
2 21 12
2 21 19
2 21 21
2 22 1
2 22 5
2 22 8
2 22 11
2 23 2
2 23 5
2 23 15
2 23 31
2 23 36
2 24 3
2 24 9
2 24 16
2 24 37
2 25 6
2 25 7
2 25 19
2 25 28
2 26 3
2 26 10
2 26 12
2 26 18
2 26 27
2 26 38
2 27 5
2 27 6
2 27 9
2 28 0
2 28 4
2 28 6
2 28 9
2 28 26
2 28 30
2 29 3
2 29 35
2 29 38
2 30 0
2 30 1
2 30 4
2 30 6
2 30 27
2 31 19
2 31 24
2 31 30
2 32 3
2 33 2
2 33 10
2 33 17
2 33 38
2 34 0
2 34 1
2 34 3
2 34 5
2 34 9
2 34 26
2 35 6
2 35 8
2 35 11
2 35 18
2 35 29
2 36 3
2 36 7
2 36 13
2 36 26
2 36 39
2 37 1
2 37 2
2 37 5
2 37 8
2 37 16
2 37 18
2 38 3
2 38 4
2 38 5
2 38 6
2 38 9
2 38 20
2 38 21
2 38 32
2 38 35
2 38 37
2 39 5
2 39 7
2 39 10
2 39 21
3 0 0
3 0 1
3 0 3
3 0 4
3 0 6
3 0 7
3 0 8
3 0 10
3 0 11
3 0 19
3 0 34
3 0 35
3 0 39
3 1 0
3 1 1
3 1 2
3 1 3
3 1 5
3 1 6
3 1 8
3 1 9
3 1 10
3 1 12
3 1 27
3 1 35
3 1 37
3 2 0
3 2 3
3 2 4
3 2 5
3 2 7
3 2 8
3 2 9
3 2 10
3 2 11
3 2 12
3 2 13
3 2 16
3 2 20
3 2 29
3 3 0
3 3 1
3 3 2
3 3 4
3 3 5
3 3 6
3 3 7
3 3 8
3 3 9
3 3 11
3 3 12
3 3 23
3 3 24
3 3 25
3 3 32
3 3 37
3 4 0
3 4 1
3 4 2
3 4 3
3 4 6
3 4 7
3 4 8
3 4 9
3 4 11
3 4 13
3 4 15
3 4 18
3 4 29
3 5 1
3 5 2
3 5 3
3 5 4
3 5 6
3 5 7
3 5 8
3 5 9
3 5 10
3 5 11
3 5 12
3 5 17
3 5 18
3 5 24
3 5 28
3 6 0
3 6 1
3 6 2
3 6 3
3 6 4
3 6 5
3 6 6
3 6 8
3 6 9
3 6 11
3 6 12
3 6 30
3 6 31
3 6 37
3 6 38
3 6 39
3 7 0
3 7 1
3 7 2
3 7 6
3 7 7
3 7 9
3 7 10
3 7 11
3 7 12
3 7 21
3 7 24
3 7 25
3 7 37
3 8 0
3 8 1
3 8 2
3 8 3
3 8 5
3 8 8
3 8 10
3 8 12
3 8 13
3 8 25
3 8 32
3 9 1
3 9 2
3 9 4
3 9 5
3 9 9
3 9 10
3 9 11
3 9 15
3 9 19
3 9 22
3 9 26
3 9 27
3 9 30
3 9 34
3 9 35
3 10 2
3 10 3
3 10 4
3 10 6
3 10 7
3 10 8
3 10 10
3 10 11
3 10 16
3 10 18
3 10 23
3 10 28
3 10 30
3 10 33
3 10 35
3 11 2
3 11 3
3 11 5
3 11 6
3 11 7
3 11 8
3 11 9
3 11 10
3 11 12
3 11 14
3 11 33
3 11 37
3 12 3
3 12 4
3 12 5
3 12 6
3 12 7
3 12 8
3 12 9
3 12 10
3 12 11
3 12 12
3 12 17
3 12 34
3 13 12
3 13 27
3 14 2
3 14 4
3 15 4
3 15 6
3 15 8
3 15 17
3 15 20
3 15 25
3 15 37
3 15 39
3 16 6
3 16 8
3 16 15
3 16 19
3 16 30
3 16 34
3 16 36
3 17 2
3 17 10
3 17 19
3 18 11
3 18 12
3 19 3
3 19 12
3 20 3
3 20 6
3 20 13
3 21 7
3 21 11
3 21 20
3 21 24
3 21 35
3 22 10
3 22 26
3 22 37
3 23 17
3 23 33
3 24 1
3 24 4
3 25 0
3 25 8
3 25 16
3 26 25
3 26 39
3 27 1
3 27 9
3 27 10
3 27 11
3 28 0
3 28 5
3 28 6
3 28 11
3 28 12
3 28 22
3 29 5
3 29 13
3 29 17
3 29 21
3 29 26
3 29 27
3 29 28
3 29 37
3 30 0
3 30 2
3 30 3
3 30 4
3 30 6
3 30 16
3 30 32
3 31 0
3 31 1
3 31 8
3 31 23
3 31 24
3 32 1
3 32 17
3 32 20
3 32 26
3 32 33
3 32 39
3 33 3
3 33 12
3 33 26
3 33 34
3 34 7
3 35 2
3 35 11
3 35 23
3 35 38
3 36 4
3 36 7
3 37 1
3 37 11
3 37 27
3 37 30
3 38 9
3 38 24
3 38 28
3 38 38
3 39 4
3 39 9
4 0 1
4 0 2
4 0 3
4 0 4
4 0 5
4 0 6
4 0 9
4 0 11
4 0 16
4 0 20
4 0 21
4 0 23
4 0 27
4 0 30
4 0 36
4 0 38
4 1 0
4 1 1
4 1 2
4 1 3
4 1 4
4 1 5
4 1 6
4 1 8
4 1 11
4 1 12
4 1 14
4 1 18
4 1 21
4 1 29
4 1 31
4 1 33
4 1 36
4 2 0
4 2 1
4 2 4
4 2 5
4 2 7
4 2 10
4 2 11
4 2 16
4 2 18
4 2 23
4 2 24
4 2 30
4 2 32
4 2 36
4 3 4
4 3 5
4 3 6
4 3 7
4 3 8
4 3 13
4 3 16
4 3 19
4 3 21
4 3 23
4 4 0
4 4 1
4 4 2
4 4 3
4 4 5
4 4 6
4 4 7
4 4 8
4 4 12
4 4 21
4 4 23
4 4 26
4 4 32
4 4 34
4 4 39
4 5 0
4 5 1
4 5 2
4 5 4
4 5 5
4 5 6
4 5 7
4 5 8
4 5 9
4 5 10
4 5 11
4 5 12
4 5 13
4 5 16
4 5 19
4 5 23
4 5 24
4 5 30
4 5 31
4 6 0
4 6 2
4 6 4
4 6 5
4 6 7
4 6 8
4 6 9
4 6 10
4 6 11
4 6 12
4 6 13
4 6 16
4 6 17
4 6 27
4 6 33
4 6 37
4 7 1
4 7 2
4 7 3
4 7 4
4 7 5
4 7 6
4 7 8
4 7 9
4 7 10
4 7 11
4 7 14
4 7 18
4 7 19
4 7 21
4 7 27
4 7 30
4 7 32
4 7 33
4 8 0
4 8 1
4 8 2
4 8 3
4 8 5
4 8 7
4 8 8
4 8 12
4 8 17
4 8 18
4 8 21
4 8 26
4 8 30
4 8 31
4 8 33
4 8 34
4 9 0
4 9 1
4 9 2
4 9 4
4 9 7
4 9 9
4 9 10
4 9 11
4 9 12
4 9 14
4 9 26
4 10 0
4 10 2
4 10 4
4 10 5
4 10 7
4 10 9
4 10 10
4 10 12
4 10 13
4 10 16
4 10 19
4 10 21
4 10 23
4 10 25
4 10 28
4 10 30
4 10 36
4 11 1
4 11 2
4 11 5
4 11 6
4 11 8
4 11 9
4 11 12
4 11 15
4 11 16
4 11 17
4 11 22
4 11 30
4 11 31
4 11 37
4 12 0
4 12 1
4 12 3
4 12 4
4 12 5
4 12 6
4 12 7
4 12 8
4 12 9
4 12 10
4 12 11
4 12 17
4 12 26
4 13 4
4 13 32
4 13 33
4 14 2
4 14 3
4 14 7
4 14 9
4 15 31
4 15 39
4 16 4
4 16 21
4 17 4
4 17 6
4 17 9
4 18 1
4 18 19
4 18 31
4 19 0
4 19 3
4 19 26
4 19 31
4 19 35
4 20 10
4 20 12
4 20 15
4 20 22
4 20 33
4 21 1
4 21 6
4 21 8
4 21 12
4 21 16
4 21 24
4 21 26
4 22 3
4 22 5
4 22 9
4 22 12
4 23 10
4 23 22
4 23 31
4 23 35
4 24 1
4 24 6
4 24 8
4 24 9
4 24 24
4 24 30
4 24 33
4 25 3
4 25 8
4 25 12
4 25 27
4 26 0
4 26 9
4 26 10
4 26 16
4 26 20
4 26 22
4 26 29
4 27 1
4 27 5
4 27 15
4 27 18
4 27 24
4 28 6
4 28 8
4 28 19
4 28 34
4 29 1
4 29 8
4 29 22
4 30 3
4 30 5
4 30 9
4 30 37
4 30 39
4 31 8
4 31 11
4 31 12
4 32 0
4 32 3
4 33 1
4 33 3
4 33 4
4 33 5
4 33 6
4 33 11
4 33 13
4 33 22
4 34 0
4 34 25
4 34 35
4 36 0
4 36 3
4 36 4
4 36 15
4 36 16
4 36 20
4 36 32
4 37 11
4 37 17
4 37 26
4 37 27
4 37 38
4 38 0
4 38 4
4 38 12
4 38 18
4 38 23
4 38 31
4 38 32
4 39 0
4 39 2
4 39 6
4 39 10
5 0 0
5 0 1
5 0 3
5 0 4
5 0 5
5 0 7
5 0 8
5 0 9
5 0 14
5 0 20
5 0 24
5 0 25
5 0 30
5 1 0
5 1 1
5 1 2
5 1 4
5 1 5
5 1 6
5 1 7
5 1 10
5 1 11
5 1 12
5 1 13
5 1 22
5 2 0
5 2 1
5 2 2
5 2 3
5 2 4
5 2 5
5 2 6
5 2 7
5 2 9
5 2 10
5 2 11
5 2 13
5 2 14
5 2 21
5 2 24
5 2 25
5 2 37
5 2 39
5 3 0
5 3 1
5 3 3
5 3 4
5 3 5
5 3 7
5 3 9
5 3 10
5 3 11
5 3 13
5 3 33
5 3 34
5 3 35
5 4 1
5 4 2
5 4 3
5 4 5
5 4 6
5 4 7
5 4 8
5 4 9
5 4 11
5 4 12
5 4 20
5 4 26
5 4 30
5 4 31
5 4 34
5 5 1
5 5 2
5 5 3
5 5 5
5 5 6
5 5 7
5 5 8
5 5 10
5 5 12
5 5 13
5 5 14
5 5 19
5 5 21
5 5 22
5 5 38
5 5 40
5 6 0
5 6 1
5 6 3
5 6 8
5 6 9
5 6 10
5 6 12
5 6 26
5 6 31
5 6 38
5 7 1
5 7 4
5 7 5
5 7 6
5 7 7
5 7 9
5 7 10
5 7 11
5 7 12
5 7 27
5 7 35
5 8 0
5 8 1
5 8 2
5 8 3
5 8 4
5 8 6
5 8 7
5 8 9
5 8 10
5 8 11
5 8 12
5 8 13
5 8 15
5 8 16
5 8 18
5 8 24
5 8 27
5 8 33
5 8 40
5 9 1
5 9 2
5 9 3
5 9 4
5 9 5
5 9 6
5 9 7
5 9 9
5 9 12
5 9 13
5 9 17
5 9 19
5 9 22
5 9 25
5 9 37
5 9 40
5 10 0
5 10 1
5 10 2
5 10 3
5 10 5
5 10 6
5 10 7
5 10 11
5 10 12
5 10 14
5 10 15
5 10 21
5 10 28
5 10 37
5 11 0
5 11 2
5 11 3
5 11 4
5 11 5
5 11 8
5 11 9
5 11 10
5 11 11
5 11 17
5 11 18
5 11 22
5 11 24
5 11 25
5 11 38
5 12 0
5 12 1
5 12 2
5 12 3
5 12 4
5 12 5
5 12 6
5 12 7
5 12 8
5 12 9
5 12 10
5 12 12
5 12 13
5 12 18
5 12 26
5 12 40
5 13 4
5 13 7
5 13 18
5 13 33
5 14 4
5 14 15
5 14 23
5 15 0
5 15 14
5 15 21
5 15 27
5 16 3
5 16 5
5 16 9
5 17 3
5 17 11
5 17 12
5 17 31
5 17 33
5 17 34
5 17 35
5 18 0
5 18 3
5 18 4
5 18 10
5 18 36
5 19 2
5 19 5
5 19 7
5 19 8
5 19 22
5 19 26
5 20 8
5 20 9
5 20 10
5 20 12
5 20 15
5 20 17
5 20 18
5 20 34
5 21 4
5 21 8
5 21 10
5 21 35
5 22 4
5 22 13
5 22 17
5 23 3
5 23 6
5 23 15
5 23 32
5 23 40
5 24 3
5 24 5
5 24 6
5 24 7
5 24 10
5 24 11
5 24 25
5 25 1
5 25 11
5 25 12
5 25 20
5 25 22
5 25 29
5 25 32
5 25 35
5 25 40
5 26 4
5 26 5
5 26 6
5 26 8
5 26 24
5 27 0
5 27 3
5 27 9
5 27 12
5 27 16
5 27 17
5 27 18
5 27 34
5 28 3
5 28 5
5 28 7
5 28 8
5 28 11
5 29 7
5 29 9
5 29 40
5 30 26
5 31 4
5 31 6
5 31 27
5 32 2
5 32 8
5 32 17
5 32 19
5 32 29
5 33 4
5 33 5
5 33 12
5 33 15
5 33 29
5 33 32
5 34 1
5 34 2
5 34 6
5 34 31
5 35 6
5 35 7
5 35 8
5 35 11
5 35 39
5 36 0
5 36 2
5 36 22
5 36 32
5 37 4
5 37 6
5 37 8
5 37 35
5 38 4
5 39 4
5 39 11
5 39 16
5 39 20
5 39 26
6 0 4
6 0 5
6 0 6
6 0 7
6 0 11
6 0 12
6 0 19
6 0 23
6 0 30
6 0 31
6 0 34
6 0 35
6 1 0
6 1 2
6 1 3
6 1 4
6 1 5
6 1 8
6 1 9
6 1 10
6 1 11
6 1 12
6 1 15
6 1 19
6 1 21
6 1 24
6 1 37
6 1 39
6 1 40
6 2 1
6 2 2
6 2 3
6 2 5
6 2 6
6 2 9
6 2 10
6 2 12
6 2 20
6 3 0
6 3 1
6 3 2
6 3 3
6 3 4
6 3 5
6 3 8
6 3 9
6 3 10
6 3 11
6 3 12
6 3 14
6 3 22
6 3 24
6 3 25
6 3 31
6 3 34
6 4 0
6 4 1
6 4 2
6 4 3
6 4 6
6 4 7
6 4 10
6 4 11
6 4 12
6 4 17
6 4 19
6 4 20
6 4 26
6 4 36
6 5 0
6 5 1
6 5 3
6 5 4
6 5 5
6 5 6
6 5 8
6 5 10
6 5 11
6 5 12
6 5 21
6 5 23
6 5 26
6 5 30
6 5 31
6 5 36
6 6 0
6 6 1
6 6 2
6 6 3
6 6 4
6 6 5
6 6 6
6 6 7
6 6 8
6 6 10
6 6 12
6 6 16
6 6 37
6 7 0
6 7 1
6 7 2
6 7 3
6 7 4
6 7 7
6 7 9
6 7 10
6 7 11
6 7 12
6 7 13
6 7 17
6 7 23
6 7 24
6 8 0
6 8 2
6 8 3
6 8 6
6 8 7
6 8 8
6 8 9
6 8 10
6 8 12
6 8 15
6 8 17
6 8 23
6 8 25
6 8 28
6 8 29
6 8 30
6 8 31
6 8 32
6 8 33
6 8 35
6 8 40
6 9 0
6 9 1
6 9 2
6 9 3
6 9 4
6 9 5
6 9 6
6 9 7
6 9 10
6 9 12
6 9 18
6 9 20
6 9 22
6 9 23
6 9 31
6 9 37
6 9 38
6 10 1
6 10 2
6 10 3
6 10 4
6 10 5
6 10 7
6 10 9
6 10 11
6 10 12
6 10 28
6 10 30
6 10 31
6 11 0
6 11 1
6 11 2
6 11 4
6 11 5
6 11 6
6 11 7
6 11 9
6 11 10
6 11 16
6 11 33
6 12 0
6 12 1
6 12 3
6 12 4
6 12 5
6 12 6
6 12 8
6 12 9
6 12 10
6 12 11
6 12 16
6 12 24
6 12 33
6 12 37
6 13 1
6 13 2
6 13 7
6 13 12
6 13 17
6 13 20
6 13 27
6 13 36
6 14 5
6 14 8
6 14 11
6 14 12
6 14 13
6 14 28
6 15 2
6 15 3
6 15 5
6 15 9
6 15 10
6 15 17
6 15 31
6 16 0
6 16 5
6 16 9
6 16 13
6 16 15
6 16 23
6 16 39
6 17 7
6 17 9
6 17 11
6 17 20
6 17 31
6 18 6
6 18 21
6 18 30
6 19 0
6 19 5
6 19 6
6 19 10
6 19 25
6 19 39
6 20 13
6 20 26
6 20 36
6 21 9
6 21 17
6 22 3
6 22 7
6 22 10
6 22 22
6 23 4
6 23 6
6 23 8
6 23 25
6 23 28
6 23 36
6 24 0
6 24 1
6 24 4
6 24 5
6 24 6
6 24 22
6 24 29
6 24 31
6 25 2
6 25 4
6 25 10
6 25 39
6 26 2
6 26 3
6 26 9
6 26 10
6 26 27
6 27 3
6 27 11
6 27 24
6 27 34
6 28 8
6 28 9
6 28 16
6 29 2
6 29 12
6 29 26
6 30 3
6 30 4
6 30 7
6 30 11
6 31 6
6 31 19
6 31 32
6 31 37
6 31 39
6 32 5
6 32 6
6 32 13
6 32 35
6 33 1
6 33 3
6 33 5
6 33 6
6 33 19
6 34 8
6 35 2
6 35 27
6 35 28
6 36 0
6 36 28
6 36 29
6 36 33
6 36 35
6 37 10
6 37 12
6 38 11
6 38 24
6 38 26
6 39 18
6 39 30
6 40 7
6 40 10
6 40 20
6 40 29
7 0 0
7 0 3
7 0 7
7 0 8
7 0 9
7 0 10
7 0 11
7 0 12
7 0 18
7 0 21
7 0 35
7 0 38
7 1 0
7 1 1
7 1 2
7 1 3
7 1 6
7 1 7
7 1 8
7 1 9
7 1 10
7 1 12
7 1 17
7 1 19
7 1 26
7 1 29
7 1 39
7 2 1
7 2 3
7 2 4
7 2 6
7 2 7
7 2 8
7 2 11
7 2 12
7 2 13
7 2 14
7 2 19
7 2 22
7 2 26
7 2 29
7 2 36
7 3 2
7 3 3
7 3 4
7 3 5
7 3 7
7 3 8
7 3 9
7 3 10
7 3 11
7 3 12
7 3 28
7 3 33
7 4 0
7 4 3
7 4 4
7 4 5
7 4 7
7 4 8
7 4 11
7 4 14
7 4 18
7 4 21
7 4 22
7 5 0
7 5 1
7 5 2
7 5 3
7 5 4
7 5 5
7 5 9
7 5 10
7 5 22
7 5 26
7 5 27
7 5 37
7 5 38
7 6 0
7 6 1
7 6 4
7 6 5
7 6 6
7 6 7
7 6 8
7 6 9
7 6 11
7 6 15
7 6 17
7 6 20
7 6 21
7 6 28
7 6 31
7 6 33
7 6 34
7 7 0
7 7 2
7 7 3
7 7 5
7 7 6
7 7 7
7 7 8
7 7 9
7 7 10
7 7 11
7 7 12
7 7 15
7 7 16
7 7 25
7 7 26
7 7 27
7 8 1
7 8 2
7 8 3
7 8 4
7 8 5
7 8 6
7 8 7
7 8 8
7 8 9
7 8 10
7 8 11
7 8 12
7 8 16
7 8 25
7 8 28
7 8 37
7 9 0
7 9 1
7 9 2
7 9 3
7 9 5
7 9 6
7 9 7
7 9 8
7 9 9
7 9 10
7 9 12
7 9 19
7 9 26
7 9 28
7 10 0
7 10 1
7 10 2
7 10 3
7 10 4
7 10 5
7 10 6
7 10 7
7 10 8
7 10 11
7 10 12
7 10 17
7 10 20
7 10 25
7 11 2
7 11 3
7 11 4
7 11 6
7 11 8
7 11 9
7 11 12
7 11 13
7 11 18
7 11 25
7 11 27
7 11 37
7 12 1
7 12 2
7 12 3
7 12 7
7 12 8
7 12 9
7 12 12
7 12 28
7 12 30
7 12 33
7 13 2
7 13 6
7 13 9
7 13 33
7 13 35
7 13 37
7 13 39
7 14 1
7 14 3
7 14 5
7 14 6
7 14 34
7 15 2
7 15 14
7 15 33
7 16 7
7 16 15
7 16 20
7 17 1
7 17 4
7 17 9
7 18 18
7 19 4
7 19 7
7 19 20
7 20 9
7 20 19
7 20 33
7 21 31
7 22 36
7 22 39
7 23 7
7 23 11
7 24 9
7 25 8
7 25 9
7 25 11
7 25 13
7 25 19
7 26 12
7 26 18
7 26 22
7 26 24
7 26 29
7 26 30
7 27 4
7 27 7
7 27 10
7 27 11
7 27 34
7 28 4
7 28 13
7 28 15
7 28 25
7 29 5
7 29 6
7 29 18
7 29 38
7 30 3
7 30 15
7 30 16
7 30 23
7 31 32
7 32 16
7 32 19
7 32 22
7 32 25
7 32 33
7 33 3
7 33 4
7 33 11
7 33 12
7 34 1
7 34 6
7 34 9
7 34 24
7 34 35
7 35 6
7 35 7
7 35 24
7 35 34
7 36 6
7 37 33
7 38 11
7 39 8
7 39 28
7 39 39
7 40 0
7 40 4
7 40 24