222
9
48 49 48 52 49 48 49 48 49
2316

0 96 287 0 144 0 0 0 398 416 0 0 0 250 511 0 0 81 0 0 0 0 0 65 0 73 0 47 30 13 0 0 98 47 0 0 94 0 89 39 0 33 40 0 46 0 0 0
0 105 313 0 0 0 698 538 266 245 330 0 0 410 0 685 69 0 0 0 0 0 0 0 0 0 34 93 0 95 0 47 0 0 69 1 72 73 17 37 0 17 56 0 0 71 81 27 0
413 669 0 274 117 0 259 386 789 0 0 0 0 0 962 1 28 0 58 0 89 94 0 45 16 59 71 0 33 44 25 94 0 0 83 0 5 0 0 0 92 63 53 0 0 17 0 54
303 0 0 934 0 0 106 938 0 0 0 605 910 673 0 152 0 0 0 0 0 85 0 0 23 0 0 0 0 90 87 0 0 0 0 0 93 0 61 92 12 0 34 49 66 23 44 0 0 0 0 0
0 0 0 0 0 137 0 77 0 0 698 0 0 721 0 0 35 33 31 30 84 0 59 0 17 0 78 81 0 0 0 12 88 59 0 67 0 0 59 61 0 0 0 21 91 0 0 71 0
0 0 0 0 0 106 0 810 334 0 438 994 0 0 0 27 0 0 65 13 0 56 0 0 92 0 40 0 35 0 71 79 0 0 12 47 0 15 34 47 0 0 0 79 0 89 0 98
0 633 0 0 0 0 559 0 0 821 153 0 0 0 547 0 0 0 0 6 86 47 0 1 0 73 0 0 33 0 0 90 0 71 1 0 0 0 0 68 0 60 0 98 0 69 48 80 0
849 0 127 0 768 666 0 624 0 532 0 705 419 686 0 69 43 0 0 43 76 53 0 23 0 31 75 0 0 0 91 43 90 0 0 0 4 0 79 38 0 0 24 58 38 0 0 25
855 0 452 948 794 191 668 0 141 0 0 0 723 0 757 0 0 0 76 33 66 88 0 12 0 43 58 0 0 28 9 0 73 52 0 0 41 0 77 0 19 0 0 57 65 37 42 94 87

0 0 9
0 0 13
0 0 14
0 0 18
0 0 36
0 1 1
0 1 5
0 1 7
0 1 8
0 1 11
0 1 13
0 1 14
0 1 18
0 1 23
0 1 40
0 1 42
0 2 4
0 2 5
0 2 9
0 2 15
0 2 16
0 2 17
0 2 31
0 2 41
0 2 47
0 3 2
0 3 5
0 3 7
0 3 10
0 3 11
0 3 16
0 3 20
0 3 31
0 3 32
0 3 37
0 4 3
0 4 6
0 4 7
0 4 10
0 4 30
0 4 31
0 4 41
0 5 8
0 5 11
0 5 17
0 5 22
0 5 44
0 6 1
0 6 4
0 6 8
0 6 9
0 6 21
0 6 22
0 6 34
0 6 35
0 6 42
0 7 3
0 7 5
0 7 11
0 7 13
0 7 16
0 7 40
0 7 43
0 7 45
0 8 7
0 8 9
0 8 11
0 8 13
0 8 21
0 8 24
0 8 25
0 8 26
0 8 33
0 8 38
0 8 39
0 8 43
0 9 2
0 9 3
0 9 5
0 9 6
0 9 7
0 9 11
0 9 12
0 9 15
0 10 4
0 10 7
0 10 10
0 10 19
0 10 29
0 10 34
0 11 1
0 11 2
0 11 3
0 11 8
0 11 11
0 11 12
0 11 14
0 11 15
0 11 17
0 11 18
0 11 20
0 11 32
0 11 43
0 12 2
0 12 3
0 12 5
0 12 7
0 12 8
0 12 9
0 12 11
0 12 14
0 12 16
0 12 20
0 12 21
0 12 23
0 12 35
0 12 41
0 12 47
0 13 3
0 13 7
0 13 10
0 13 11
0 13 17
0 13 20
0 13 41
0 13 43
0 13 44
0 14 2
0 14 4
0 14 5
0 14 8
0 14 33
0 14 35
0 14 40
0 14 42
0 14 44
0 14 46
0 15 3
0 15 17
0 15 18
0 15 20
0 15 24
0 15 25
0 15 31
0 16 4
0 16 6
0 16 7
0 16 10
0 16 12
0 16 13
0 16 23
0 16 32
0 16 44
0 16 48
0 17 2
0 17 4
0 17 11
0 17 29
0 17 43
0 18 12
0 18 17
0 18 21
0 18 44
0 19 7
0 19 11
0 19 15
0 20 8
0 20 26
0 20 38
0 20 44
0 20 48
0 21 9
0 21 34
0 21 41
0 21 47
0 22 0
0 22 1
0 22 15
0 22 17
0 22 20
0 22 31
0 22 39
0 23 3
0 23 6
0 23 13
0 23 20
0 23 37
0 23 39
0 23 46
0 24 10
0 24 16
0 24 24
0 24 38
0 24 44
0 24 48
0 25 0
0 25 37
0 25 40
0 26 4
0 26 14
0 26 18
0 26 23
0 26 25
0 26 30
0 26 45
0 27 13
0 27 21
0 27 31
0 28 8
0 28 30
0 28 31
0 28 33
0 29 2
0 29 9
0 29 10
0 29 33
0 30 6
0 30 9
0 30 12
0 30 13
0 30 20
0 30 24
0 30 26
0 30 31
0 31 15
0 31 16
0 31 36
0 32 0
0 32 1
0 32 21
0 32 33
0 32 42
0 33 5
0 33 22
0 33 29
0 33 32
0 33 33
0 34 3
0 34 4
0 34 7
0 34 10
0 34 16
0 34 20
0 34 33
0 34 44
0 35 6
0 35 8
0 35 13
0 35 17
0 35 32
0 36 0
0 36 7
0 36 9
0 36 45
0 37 13
0 37 14
0 37 28
0 37 29
0 38 12
0 38 18
0 38 19
0 38 22
0 39 0
0 39 3
0 39 4
0 39 7
0 39 15
0 39 31
0 39 33
0 39 35
0 39 36
0 40 16
0 40 24
0 40 41
0 41 0
0 41 28
0 41 40
0 42 13
0 42 28
0 42 33
0 43 4
0 43 10
0 43 14
0 43 38
0 44 12
0 44 21
0 44 37
0 44 39
0 45 8
0 45 16
0 45 19
0 45 32
0 45 45
0 46 12
0 46 16
0 46 22
0 46 29
0 46 31
0 46 36
0 47 27
0 47 30
0 47 31
0 47 34
0 47 35
0 47 36
1 0 2
1 0 6
1 0 12
1 0 13
1 0 24
1 1 1
1 1 8
1 1 10
1 1 13
1 1 24
1 2 2
1 2 7
1 2 9
1 2 11
1 2 13
1 2 21
1 2 31
1 3 0
1 3 2
1 3 3
1 3 4
1 3 7
1 3 9
1 3 10
1 3 14
1 3 24
1 3 39
1 4 0
1 4 1
1 4 4
1 4 5
1 4 6
1 4 19
1 4 26
1 4 31
1 4 34
1 4 35
1 4 46
1 5 3
1 5 5
1 5 7
1 5 9
1 5 10
1 5 11
1 5 17
1 5 18
1 5 29
1 5 31
1 5 37
1 6 2
1 6 6
1 6 7
1 6 8
1 6 12
1 6 17
1 6 27
1 6 30
1 7 3
1 7 9
1 7 11
1 7 15
1 7 20
1 7 25
1 7 28
1 8 1
1 8 4
1 8 6
1 8 11
1 8 14
1 8 22
1 8 26
1 8 33
1 8 34
1 9 10
1 10 1
1 10 6
1 10 11
1 10 29
1 10 36
1 10 45
1 10 46
1 11 0
1 11 1
1 11 2
1 11 4
1 11 13
1 11 23
1 11 28
1 11 45
1 12 3
1 12 9
1 12 12
1 12 39
1 12 44
1 13 0
1 13 2
1 13 4
1 13 7
1 13 11
1 13 15
1 13 16
1 13 26
1 13 30
1 13 32
1 13 37
1 13 39
1 14 3
1 14 5
1 14 7
1 14 8
1 14 13
1 14 14
1 14 19
1 14 36
1 14 38
1 14 44
1 15 0
1 15 1
1 15 10
1 15 14
1 15 35
1 15 36
1 15 38
1 16 6
1 16 13
1 16 21
1 17 0
1 17 3
1 17 29
1 18 1
1 18 3
1 18 9
1 18 10
1 18 21
1 18 24
1 18 32
1 18 33
1 18 39
1 18 47
1 19 26
1 20 12
1 20 31
1 20 37
1 20 43
1 20 44
1 20 45
1 20 46
1 21 17
1 21 30
1 22 18
1 22 22
1 22 32
1 22 36
1 23 2
1 23 10
1 23 15
1 23 21
1 23 43
1 24 1
1 24 4
1 24 6
1 24 7
1 24 24
1 24 43
1 25 9
1 25 17
1 25 21
1 25 45
1 26 4
1 26 17
1 26 26
1 26 31
1 26 46
1 26 47
1 27 27
1 27 34
1 27 35
1 27 36
1 27 43
1 27 47
1 28 9
1 28 12
1 28 22
1 28 24
1 28 33
1 28 39
1 28 47
1 29 0
1 29 3
1 29 12
1 29 15
1 29 34
1 29 38
1 29 46
1 30 4
1 30 7
1 31 14
1 31 22
1 31 33
1 31 43
1 32 23
1 32 32
1 32 33
1 32 43
1 33 1
1 33 2
1 33 18
1 33 28
1 33 32
1 33 38
1 34 21
1 34 33
1 35 3
1 35 5
1 35 7
1 35 8
1 35 31
1 35 37
1 35 46
1 36 1
1 36 8
1 36 19
1 36 31
1 36 47
1 37 8
1 37 12
1 37 30
1 37 36
1 37 47
1 38 12
1 38 13
1 38 28
1 39 19
1 39 40
1 39 41
1 40 13
1 40 20
1 40 27
1 41 4
1 41 10
1 41 37
1 41 38
1 41 39
1 42 1
1 42 33
1 42 42
1 43 0
1 43 3
1 43 10
1 43 17
1 43 21
1 43 26
1 43 35
1 43 40
1 43 41
1 43 44
1 43 46
1 44 6
1 44 7
1 44 8
1 44 15
1 44 25
1 44 29
1 44 41
1 45 7
1 45 15
1 45 23
1 45 42
1 45 43
1 46 5
1 46 32
1 47 0
1 47 11
1 47 27
1 47 35
1 47 46
1 48 8
1 48 17
1 48 40
2 0 3
2 0 8
2 0 14
2 0 16
2 0 20
2 0 26
2 0 35
2 0 47
2 0 50
2 1 1
2 1 2
2 1 5
2 1 9
2 1 12
2 1 15
2 1 30
2 1 46
2 1 50
2 2 1
2 2 2
2 2 3
2 2 4
2 2 12
2 2 15
2 2 16
2 2 24
2 2 27
2 2 32
2 3 1
2 3 3
2 3 13
2 3 21
2 3 44
2 3 51
2 4 0
2 4 8
2 4 10
2 4 15
2 4 16
2 4 28
2 4 34
2 4 36
2 4 39
2 4 40
2 4 41
2 5 2
2 5 5
2 5 11
2 5 12
2 5 16
2 5 20
2 5 24
2 5 29
2 5 37
2 5 46
2 6 1
2 6 2
2 6 3
2 6 4
2 6 5
2 6 6
2 6 7
2 6 8
2 6 10
2 6 14
2 6 15
2 6 20
2 6 31
2 6 44
2 7 6
2 7 13
2 7 14
2 7 25
2 7 30
2 7 32
2 7 49
2 8 1
2 8 6
2 8 7
2 8 8
2 8 16
2 8 18
2 8 25
2 8 46
2 9 0
2 9 1
2 9 2
2 9 5
2 9 10
2 9 13
2 9 23
2 9 27
2 9 30
2 9 31
2 9 34
2 10 2
2 10 3
2 10 4
2 10 5
2 10 7
2 10 11
2 10 16
2 10 18
2 10 33
2 10 35
2 10 39
2 10 40
2 10 42
2 11 0
2 11 2
2 11 3
2 11 4
2 11 7
2 11 12
2 11 16
2 11 18
2 11 40
2 12 4
2 12 5
2 12 7
2 12 11
2 12 12
2 12 31
2 12 32
2 12 47
2 13 3
2 13 4
2 13 5
2 13 7
2 13 9
2 13 20
2 13 29
2 13 36
2 13 51
2 14 0
2 14 1
2 14 3
2 14 5
2 14 7
2 14 14
2 14 25
2 14 40
2 14 48
2 15 28
2 15 47
2 15 51
2 16 4
2 16 11
2 16 22
2 16 28
2 16 33
2 17 2
2 17 12
2 17 23
2 17 36
2 17 40
2 18 2
2 18 9
2 18 12
2 18 17
2 18 20
2 18 32
2 18 43
2 18 45
2 19 0
2 19 7
2 19 17
2 19 27
2 19 36
2 19 43
2 19 48
2 20 11
2 20 35
2 20 51
2 21 0
2 21 4
2 21 6
2 21 32
2 21 33
2 21 34
2 22 13
2 22 14
2 22 22
2 22 33
2 22 36
2 22 40
2 23 2
2 23 22
2 23 25
2 23 27
2 23 34
2 23 46
2 24 11
2 24 19
2 24 26
2 24 36
2 24 37
2 25 6
2 25 16
2 25 44
2 26 2
2 26 13
2 26 21
2 26 24
2 26 31
2 26 35
2 26 48
2 27 6
2 27 12
2 27 15
2 27 18
2 27 20
2 27 35
2 27 38
2 27 39
2 28 1
2 28 10
2 28 35
2 28 42
2 29 5
2 29 28
2 29 29
2 29 44
2 29 48
2 29 49
2 30 5
2 30 7
2 30 22
2 30 25
2 30 29
2 30 32
2 30 34
2 30 50
2 30 51
2 31 1
2 31 3
2 31 8
2 31 18
2 31 24
2 31 27
2 32 4
2 32 6
2 32 8
2 32 9
2 32 18
2 32 20
2 32 34
2 32 35
2 32 51
2 34 2
2 34 10
2 34 26
2 34 31
2 35 0
2 35 13
2 35 18
2 35 29
2 35 30
2 35 38
2 35 40
2 35 46
2 36 15
2 36 16
2 36 17
2 36 18
2 36 30
2 36 33
2 36 40
2 36 43
2 37 4
2 37 15
2 37 16
2 37 26
2 37 32
2 37 36
2 38 25
2 38 27
2 38 35
2 38 36
2 39 5
2 39 9
2 39 10
2 39 31
2 39 37
2 39 40
2 39 43
2 39 50
2 40 2
2 40 34
2 40 38
2 40 43
2 41 0
2 41 3
2 41 17
2 41 30
2 41 46
2 41 48
2 41 50
2 42 27
2 43 4
2 43 7
2 43 20
2 43 35
2 43 42
2 43 43
2 43 46
2 44 23
2 44 32
2 44 46
2 44 50
2 45 36
2 45 37
2 45 41
2 45 44
2 46 12
2 46 18
2 46 23
2 47 6
2 47 24
2 47 39
2 47 45
2 47 47
3 0 3
3 0 7
3 0 8
3 0 15
3 0 16
3 0 33
3 0 39
3 0 43
3 1 0
3 1 3
3 1 5
3 1 15
3 1 16
3 1 48
3 2 0
3 2 5
3 2 14
3 2 16
3 2 22
3 2 26
3 2 33
3 2 35
3 3 0
3 3 3
3 3 8
3 3 13
3 3 14
3 3 30
3 3 33
3 3 48
3 4 0
3 4 5
3 4 8
3 4 9
3 4 13
3 4 36
3 4 37
3 4 45
3 5 0
3 5 2
3 5 4
3 5 9
3 5 47
3 6 2
3 6 6
3 6 7
3 6 39
3 7 0
3 7 7
3 7 8
3 7 13
3 7 34
3 7 37
3 8 3
3 8 8
3 8 10
3 8 17
3 8 35
3 8 38
3 8 41
3 8 46
3 9 1
3 9 3
3 9 5
3 9 6
3 9 7
3 9 13
3 9 42
3 10 6
3 10 10
3 10 25
3 10 27
3 10 31
3 10 37
3 11 0
3 11 7
3 11 14
3 11 24
3 11 33
3 12 3
3 12 4
3 12 7
3 12 10
3 12 23
3 12 38
3 13 9
3 13 10
3 13 11
3 13 18
3 13 21
3 13 30
3 13 38
3 14 3
3 14 5
3 14 14
3 14 26
3 15 1
3 15 6
3 15 8
3 15 10
3 15 34
3 15 36
3 15 42
3 16 1
3 16 9
3 16 12
3 16 13
3 16 14
3 16 34
3 16 43
3 17 1
3 17 13
3 17 24
3 17 38
3 17 43
3 18 0
3 18 4
3 18 29
3 18 35
3 18 38
3 19 26
3 19 32
3 19 36
3 19 40
3 19 48
3 20 14
3 20 20
3 20 44
3 21 0
3 21 2
3 21 8
3 21 18
3 21 32
3 21 40
3 22 8
3 22 24
3 22 29
3 23 0
3 23 10
3 23 23
3 23 25
3 23 32
3 23 34
3 23 38
3 23 48
3 24 1
3 24 15
3 24 22
3 24 34
3 24 44
3 25 17
3 25 21
3 25 34
3 25 42
3 26 0
3 26 21
3 26 30
3 26 33
3 26 48
3 27 7
3 27 23
3 27 42
3 27 45
3 28 5
3 28 20
3 28 39
3 28 42
3 28 43
3 29 15
3 29 23
3 29 24
3 29 34
3 29 36
3 29 45
3 30 0
3 30 5
3 30 8
3 30 24
3 30 30
3 30 38
3 30 47
3 31 5
3 31 15
3 31 23
3 31 29
3 31 30
3 31 44
3 31 48
3 32 14
3 32 16
3 32 40
3 32 41
3 32 46
3 33 2
3 33 11
3 33 13
3 33 31
3 33 32
3 33 34
3 33 42
3 34 10
3 34 20
3 34 21
3 35 3
3 35 25
3 36 3
3 36 5
3 36 15
3 36 33
3 36 46
3 37 1
3 37 19
3 37 22
3 37 42
3 37 47
3 38 19
3 38 27
3 38 41
3 39 11
3 39 17
3 39 22
3 39 25
3 39 28
3 39 29
3 39 38
3 39 39
3 40 3
3 40 5
3 40 9
3 40 14
3 40 15
3 40 21
3 40 37
3 40 44
3 40 47
3 41 6
3 41 18
3 41 20
3 41 23
3 41 28
3 41 48
3 42 5
3 42 11
3 42 14
3 43 4
3 43 26
3 43 33
3 43 34
3 44 1
3 44 5
3 44 7
3 44 11
3 44 13
3 44 42
3 44 43
3 45 9
3 45 16
3 45 17
3 45 24
3 46 10
3 46 28
3 46 32
3 46 39
3 46 42
3 46 44
3 46 46
3 46 48
3 47 18
3 47 19
3 47 22
3 47 32
3 47 36
3 48 3
3 48 6
3 48 13
3 48 21
3 48 29
3 48 34
3 49 1
3 49 7
3 49 25
3 50 0
3 50 2
3 50 26
3 51 35
4 0 9
4 0 13
4 1 8
4 1 9
4 1 12
4 1 24
4 1 30
4 2 1
4 2 2
4 2 5
4 2 7
4 2 10
4 2 25
4 3 1
4 3 3
4 3 9
4 3 11
4 3 16
4 3 22
4 3 33
4 4 2
4 4 6
4 4 7
4 4 12
4 4 13
4 4 22
4 4 24
4 4 43
4 4 45
4 5 2
4 5 3
4 5 11
4 5 12
4 5 13
4 5 15
4 5 41
4 5 47
4 6 1
4 6 8
4 6 11
4 6 28
4 6 41
4 7 4
4 7 6
4 7 12
4 7 13
4 7 14
4 7 15
4 7 23
4 7 38
4 7 40
4 7 47
4 8 2
4 8 3
4 8 4
4 8 5
4 8 6
4 8 7
4 8 10
4 8 15
4 8 16
4 8 27
4 8 33
4 8 35
4 9 3
4 9 5
4 9 8
4 9 32
4 9 42
4 9 44
4 10 1
4 10 5
4 10 6
4 10 7
4 10 8
4 10 12
4 10 16
4 10 19
4 10 21
4 10 47
4 11 1
4 11 2
4 11 6
4 11 12
4 11 13
4 11 33
4 11 37
4 12 3
4 12 5
4 12 11
4 12 12
4 12 13
4 12 17
4 12 38
4 13 1
4 13 3
4 13 11
4 13 13
4 13 17
4 13 18
4 14 1
4 14 2
4 14 7
4 14 8
4 14 18
4 15 1
4 15 3
4 15 4
4 15 7
4 15 14
4 15 21
4 15 23
4 15 35
4 16 30
4 16 33
4 16 34
4 16 35
4 16 39
4 17 8
4 17 9
4 18 3
4 18 4
4 18 7
4 19 6
4 19 8
4 19 13
4 19 14
4 19 15
4 19 30
4 19 32
4 20 0
4 20 46
4 21 1
4 21 15
4 21 16
4 21 26
4 21 30
4 22 19
4 22 25
4 23 13
4 23 23
4 23 24
4 23 25
4 24 1
4 24 4
4 24 6
4 24 9
4 24 37
4 24 39
4 24 42
4 24 47
4 25 6
4 25 7
4 25 13
4 25 35
4 25 42
4 25 43
4 26 0
4 26 7
4 26 17
4 26 24
4 26 43
4 27 16
4 27 24
4 28 18
4 28 29
4 28 32
4 29 3
4 29 8
4 29 32
4 29 36
4 29 45
4 29 47
4 30 39
4 31 1
4 31 5
4 31 10
4 31 14
4 31 15
4 31 21
4 31 41
4 32 7
4 32 8
4 32 12
4 32 18
4 32 19
4 32 42
4 33 15
4 33 22
4 33 25
4 33 37
4 33 43
4 34 4
4 34 24
4 34 25
4 34 26
4 34 32
4 34 41
4 34 46
4 35 0
4 35 2
4 35 5
4 35 8
4 35 13
4 35 20
4 35 25
4 35 41
4 35 42
4 35 46
4 36 0
4 36 14
4 36 25
4 36 30
4 36 34
4 36 45
4 36 46
4 37 12
4 37 14
4 37 25
4 37 29
4 37 34
4 38 3
4 38 22
4 38 33
4 38 39
4 38 42
4 38 43
4 39 7
4 39 25
4 39 33
4 40 0
4 40 5
4 40 11
4 40 12
4 40 14
4 40 33
4 40 38
4 40 41
4 41 4
4 41 30
4 41 45
4 42 1
4 42 5
4 42 25
4 42 28
4 42 43
4 43 23
4 43 28
4 43 40
4 43 44
4 44 0
4 44 12
4 44 34
4 44 35
4 45 7
4 45 8
4 45 12
4 45 27
4 45 31
4 45 35
4 45 42
4 46 8
4 46 17
4 47 3
4 47 7
4 47 9
4 47 18
4 47 25
4 48 6
4 48 10
4 48 11
4 48 17
4 48 28
4 48 33
4 48 34
4 48 41
5 0 2
5 0 3
5 0 6
5 0 11
5 0 14
5 0 24
5 0 43
5 0 46
5 1 0
5 1 1
5 1 5
5 1 8
5 1 12
5 1 14
5 1 24
5 1 32
5 1 35
5 1 43
5 1 45
5 1 47
5 2 2
5 2 3
5 2 4
5 2 7
5 2 10
5 2 12
5 2 15
5 2 20
5 2 31
5 2 35
5 2 37
5 3 2
5 3 5
5 3 7
5 3 8
5 3 12
5 3 13
5 3 14
5 3 25
5 3 27
5 3 32
5 3 35
5 3 36
5 3 38
5 3 39
5 4 7
5 4 8
5 4 10
5 4 15
5 4 25
5 4 35
5 4 43
5 5 6
5 5 7
5 5 9
5 5 11
5 5 18
5 5 41
5 6 1
5 6 4
5 6 9
5 6 12
5 6 30
5 6 33
5 6 41
5 7 0
5 7 3
5 7 4
5 7 7
5 7 11
5 7 15
5 7 17
5 7 19
5 7 30
5 7 31
5 7 33
5 7 41
5 8 3
5 8 7
5 8 19
5 8 21
5 8 31
5 9 2
5 9 5
5 9 26
5 9 34
5 9 37
5 9 43
5 10 1
5 10 2
5 10 14
5 10 15
5 10 19
5 10 23
5 10 24
5 10 45
5 11 3
5 11 6
5 11 7
5 11 11
5 11 19
5 11 22
5 11 26
5 11 33
5 12 1
5 12 3
5 12 4
5 12 8
5 12 16
5 12 17
5 12 19
5 12 24
5 12 27
5 12 34
5 12 44
5 13 3
5 13 5
5 13 34
5 13 42
5 13 45
5 13 46
5 14 0
5 14 4
5 14 11
5 14 12
5 14 17
5 14 33
5 14 48
5 15 2
5 15 22
5 15 24
5 15 40
5 15 45
5 15 46
5 15 47
5 16 25
5 16 26
5 16 29
5 16 30
5 16 37
5 16 41
5 17 6
5 17 18
5 17 28
5 17 31
5 17 34
5 17 37
5 17 42
5 18 6
5 18 11
5 18 13
5 18 38
5 18 47
5 19 12
5 19 21
5 19 45
5 20 2
5 20 5
5 20 7
5 20 20
5 20 23
5 20 32
5 21 0
5 21 11
5 21 15
5 21 39
5 22 6
5 22 9
5 22 16
5 22 18
5 22 24
5 22 28
5 22 31
5 22 37
5 22 43
5 23 0
5 23 3
5 23 7
5 23 37
5 24 0
5 24 3
5 24 8
5 24 16
5 24 24
5 24 28
5 24 29
5 24 30
5 24 38
5 26 34
5 26 44
5 27 45
5 28 18
5 28 46
5 29 2
5 29 5
5 29 12
5 29 13
5 29 28
5 29 40
5 29 46
5 30 2
5 30 16
5 30 41
5 30 43
5 30 48
5 31 10
5 31 37
5 31 38
5 31 47
5 32 1
5 32 3
5 32 5
5 32 11
5 32 23
5 32 47
5 33 14
5 33 36
5 34 9
5 34 23
5 34 28
5 34 32
5 34 45
5 35 3
5 35 4
5 35 12
5 35 19
5 35 38
5 35 45
5 36 13
5 36 24
5 36 33
5 36 46
5 37 23
5 37 36
5 37 39
5 37 48
5 38 2
5 38 39
5 39 4
5 39 8
5 40 2
5 40 25
5 40 26
5 40 45
5 41 3
5 41 6
5 41 44
5 42 4
5 42 19
5 42 31
5 43 1
5 43 9
5 43 11
5 43 13
5 43 21
5 43 29
5 43 43
5 44 21
5 44 27
5 44 29
5 44 47
5 45 7
5 45 9
5 45 17
5 45 21
5 45 33
5 46 10
5 47 15
5 47 27
5 47 48
6 0 0
6 0 3
6 0 4
6 0 13
6 0 26
6 0 28
6 0 33
6 1 4
6 1 6
6 1 19
6 1 22
6 1 33
6 1 34
6 1 41
6 2 0
6 2 4
6 2 6
6 2 7
6 2 11
6 2 13
6 2 18
6 2 36
6 3 0
6 3 7
6 3 9
6 3 12
6 3 14
6 3 18
6 3 43
6 3 44
6 3 47
6 4 0
6 4 3
6 4 5
6 4 10
6 4 13
6 4 16
6 4 19
6 4 20
6 4 21
6 4 42
6 4 47
6 5 2
6 5 3
6 5 5
6 5 7
6 5 10
6 5 16
6 5 40
6 6 1
6 6 4
6 6 5
6 6 7
6 6 10
6 6 12
6 6 21
6 6 32
6 6 41
6 6 46
6 7 0
6 7 4
6 7 6
6 7 10
6 7 11
6 7 14
6 7 23
6 7 34
6 7 44
6 8 5
6 8 6
6 8 8
6 8 10
6 8 13
6 8 24
6 8 35
6 8 39
6 8 42
6 9 0
6 9 3
6 9 5
6 9 7
6 9 8
6 9 24
6 9 29
6 9 30
6 9 32
6 9 33
6 9 39
6 10 0
6 10 5
6 10 6
6 10 14
6 10 21
6 10 25
6 11 3
6 11 7
6 11 9
6 11 11
6 11 20
6 11 29
6 11 34
6 11 37
6 11 46
6 12 1
6 12 2
6 12 5
6 12 7
6 12 10
6 12 18
6 12 21
6 12 23
6 12 25
6 12 37
6 12 40
6 12 46
6 13 5
6 13 6
6 13 10
6 13 14
6 13 24
6 13 26
6 13 47
6 14 3
6 14 10
6 14 13
6 14 29
6 15 3
6 15 4
6 15 5
6 15 9
6 15 10
6 15 12
6 16 6
6 16 26
6 16 31
6 16 35
6 16 45
6 17 9
6 17 22
6 17 26
6 17 35
6 17 36
6 17 42
6 18 20
6 18 24
6 18 27
6 18 29
6 18 31
6 19 0
6 19 1
6 19 11
6 19 14
6 19 17
6 19 23
6 19 31
6 19 33
6 19 34
6 19 35
6 20 1
6 20 3
6 20 20
6 20 29
6 21 0
6 21 9
6 21 12
6 21 13
6 21 15
6 21 16
6 21 20
6 21 25
6 21 47
6 22 4
6 22 21
6 22 27
6 22 45
6 23 6
6 23 9
6 23 33
6 24 0
6 24 8
6 24 11
6 24 31
6 24 34
6 24 45
6 25 3
6 25 6
6 25 11
6 25 13
6 25 14
6 25 19
6 25 27
6 25 40
6 26 19
6 26 40
6 27 0
6 28 24
6 28 28
6 28 32
6 28 40
6 29 17
6 29 20
6 29 25
6 29 28
6 29 29
6 29 37
6 30 11
6 30 33
6 30 38
6 31 9
6 31 23
6 31 27
6 31 32
6 32 1
6 32 14
6 32 25
6 33 0
6 33 13
6 33 25
6 33 41
6 34 1
6 34 7
6 34 22
6 34 25
6 34 27
6 34 37
6 34 42
6 34 44
6 35 1
6 35 3
6 35 31
6 35 32
6 35 43
6 36 1
6 36 36
6 36 43
6 37 20
6 37 35
6 37 41
6 38 6
6 38 20
6 38 21
6 38 26
6 38 38
6 39 13
6 39 17
6 39 22
6 39 42
6 40 6
6 40 10
6 40 11
6 40 13
6 40 17
6 40 18
6 40 22
6 40 33
6 40 38
6 40 47
6 41 14
6 41 39
6 41 44
6 42 4
6 42 23
6 42 24
6 42 32
6 42 38
6 42 39
6 42 40
6 43 37
6 43 41
6 44 4
6 44 10
6 44 11
6 44 13
6 44 22
6 44 26
6 45 24
6 45 44
6 46 11
6 46 23
6 46 25
6 46 34
6 46 36
6 47 7
6 47 13
6 47 16
6 47 21
6 47 29
6 47 32
6 47 34
6 48 1
6 48 7
6 48 27
6 48 41
7 0 2
7 0 5
7 0 6
7 0 8
7 0 14
7 0 24
7 0 28
7 0 40
7 0 45
7 0 46
7 0 47
7 1 0
7 1 4
7 1 9
7 1 14
7 1 42
7 1 44
7 1 47
7 2 14
7 2 20
7 2 25
7 2 33
7 3 1
7 3 2
7 3 3
7 3 5
7 3 8
7 3 9
7 3 12
7 3 14
7 3 21
7 3 31
7 3 40
7 3 48
7 4 3
7 4 10
7 4 35
7 4 40
7 5 2
7 5 9
7 5 10
7 5 11
7 5 12
7 5 33
7 5 34
7 5 43
7 6 0
7 6 2
7 6 4
7 6 24
7 6 25
7 6 34
7 6 44
7 7 7
7 7 10
7 7 14
7 7 20
7 7 28
7 7 29
7 7 37
7 8 3
7 8 9
7 8 10
7 8 16
7 8 23
7 8 24
7 8 28
7 8 29
7 8 32
7 8 33
7 8 34
7 8 45
7 8 48
7 9 4
7 9 15
7 9 26
7 9 44
7 10 0
7 10 1
7 10 3
7 10 6
7 10 8
7 10 9
7 10 10
7 10 15
7 10 16
7 10 27
7 10 29
7 10 40
7 10 47
7 11 0
7 11 1
7 11 7
7 11 9
7 11 12
7 11 35
7 11 44
7 12 1
7 12 5
7 12 6
7 12 7
7 12 8
7 12 9
7 12 10
7 12 11
7 12 13
7 12 14
7 12 15
7 12 16
7 12 28
7 12 31
7 12 38
7 12 42
7 13 4
7 13 9
7 13 33
7 13 40
7 13 41
7 13 46
7 14 2
7 14 6
7 14 15
7 14 25
7 14 38
7 14 39
7 15 7
7 15 16
7 15 26
7 15 27
7 15 29
7 15 32
7 15 44
7 16 4
7 16 19
7 16 23
7 16 25
7 16 33
7 16 42
7 17 3
7 17 7
7 18 5
7 18 7
7 18 29
7 18 36
7 18 39
7 19 1
7 19 2
7 19 7
7 19 9
7 19 11
7 19 12
7 19 21
7 19 23
7 19 34
7 20 6
7 20 18
7 20 24
7 21 5
7 21 17
7 21 26
7 21 28
7 21 48
7 22 6
7 22 7
7 22 13
7 22 14
7 22 15
7 22 20
7 22 31
7 22 39
7 23 3
7 23 8
7 23 12
7 23 22
7 23 33
7 23 44
7 24 7
7 24 17
7 24 23
7 24 37
7 24 43
7 25 9
7 25 18
7 25 26
7 25 27
7 25 30
7 25 46
7 26 35
7 27 7
7 27 10
7 27 36
7 27 38
7 28 37
7 28 43
7 29 8
7 29 9
7 29 16
7 29 25
7 29 32
7 29 35
7 29 43
7 30 13
7 30 39
7 31 0
7 31 7
7 31 9
7 31 22
7 31 30
7 31 44
7 31 48
7 33 0
7 33 34
7 33 35
7 33 42
7 34 0
7 34 17
7 34 18
7 34 43
7 35 5
7 35 14
7 35 19
7 35 23
7 35 24
7 35 25
7 35 32
7 35 36
7 36 11
7 36 19
7 36 36
7 36 37
7 36 40
7 36 48
7 37 8
7 37 21
7 37 22
7 37 27
7 37 40
7 37 45
7 38 14
7 38 25
7 38 26
7 38 27
7 38 30
7 38 44
7 39 7
7 39 31
7 39 39
7 40 2
7 40 14
7 40 21
7 41 4
7 41 7
7 41 8
7 41 31
7 42 0
7 42 3
7 42 7
7 42 8
7 42 22
7 43 16
7 43 32
7 43 36
7 43 40
7 43 42
7 43 44
7 44 3
7 44 7
7 44 12
7 44 21
7 44 26
7 44 31
7 44 37
7 44 43
7 45 43
7 46 25
7 46 34
7 46 37
7 46 47
7 47 2
7 47 4
7 47 8
7 47 26
7 47 33
7 47 35
7 47 40
7 47 43