114
10
135 135 135 135 135 135 137 135 135 135
9474

0 0 0 340 0 361 0 0 205 0 316 635 0 0 0 381 0 347 0 0 547 327 585 794 0 0 0 289 93 328 846 90 786 633 0 505 0 0 70 0 511 0 872 871 531 147 760 578 341 9 753 0 407 0 0 953 721 114 133 182 0 0 681 36 28 9 8 0 0 0 0 0 64 0 86 0 0 0 0 0 37 39 0 0 0 66 0 34 0 0 65 51 0 63 0 77 90 0 0 0 92 0 0 8 0 44 40 84 56 18 31 36 31 0 68 0 0 53 51 89 49 0 20 0 0 56 0 13 0 37 0 0 0 0 0
0 741 513 0 0 320 119 0 427 0 0 42 481 465 0 579 0 0 0 0 530 278 237 3 0 514 6 657 0 0 548 758 0 0 454 0 198 813 251 480 0 655 0 68 76 963 0 0 462 32 0 0 0 400 748 629 994 847 0 0 0 0 620 33 16 22 0 77 0 20 0 43 0 0 0 0 79 0 58 20 0 0 80 58 48 0 0 0 0 0 0 0 0 0 32 0 0 0 0 61 76 39 85 0 68 16 0 0 64 0 0 100 0 67 0 0 0 82 0 0 77 10 0 0 0 0 0 0 0 23 57 0 0 0 55
0 0 0 0 0 0 0 0 0 314 0 0 0 440 0 760 603 0 0 957 0 593 485 850 338 903 393 720 0 0 0 503 66 271 0 0 0 0 502 0 0 0 216 396 396 479 0 928 742 0 0 693 0 0 681 0 157 0 0 841 486 0 0 0 0 0 74 0 0 23 0 0 91 0 0 62 0 0 0 5 0 24 72 9 0 29 92 87 12 45 52 0 0 0 0 0 76 0 0 86 0 0 95 97 0 62 0 14 0 0 0 0 0 0 0 0 0 0 76 0 94 0 24 37 63 92 0 0 20 0 43 99 0 54 23
0 792 974 0 541 424 0 0 813 0 728 0 0 0 14 0 0 51 779 807 730 0 354 724 364 0 490 0 0 0 0 566 455 202 0 115 0 169 0 71 0 0 0 753 0 141 476 0 0 229 111 0 0 0 0 0 0 0 883 688 456 854 0 17 0 0 0 0 0 87 0 58 0 81 66 0 0 0 0 57 96 0 0 19 0 93 0 61 0 0 15 0 0 0 73 0 1 0 0 93 0 0 0 0 23 0 47 40 0 97 4 99 77 90 0 0 92 5 41 0 43 16 0 8 54 0 40 0 76 0 50 0 100 0 50
0 368 0 22 487 0 0 0 320 0 543 749 685 0 0 567 0 476 905 459 0 0 319 0 0 0 0 136 0 789 0 826 450 0 0 360 918 191 493 0 0 937 130 0 798 0 0 5 889 637 36 111 121 0 990 0 0 457 228 0 0 0 0 48 0 12 51 0 0 99 0 0 0 28 0 0 61 33 0 89 65 58 0 0 0 70 0 0 10 46 0 67 0 0 0 0 55 0 2 88 37 90 44 46 49 0 67 0 44 58 0 11 53 0 0 0 0 100 0 12 0 0 0 39 60 0 0 0 64 0 0 0 100 0 44
0 0 472 0 0 370 885 0 0 671 0 0 0 866 37 575 0 0 588 720 523 834 0 554 218 0 511 580 47 0 621 0 545 0 147 0 0 0 0 0 401 790 582 0 0 723 0 325 0 63 244 0 615 850 502 301 632 0 921 0 0 0 983 0 0 0 0 0 80 0 17 82 33 74 95 52 0 72 0 22 10 13 100 77 0 0 91 0 100 0 15 97 0 0 40 0 25 0 78 77 91 96 0 66 0 0 46 75 0 94 0 72 35 60 0 18 68 76 52 0 48 0 78 74 0 20 54 64 74 0 71 10 0 0 37
474 0 0 0 0 714 920 767 0 0 0 662 301 121 759 206 0 939 206 0 747 0 206 0 27 0 0 0 603 545 0 0 0 0 0 0 0 0 193 744 0 41 896 776 86 280 876 823 192 0 728 0 647 0 727 0 879 0 0 719 912 0 477 721 0 0 0 28 85 0 0 54 5 0 90 0 0 0 15 56 0 0 0 0 0 0 4 4 1 0 0 0 53 0 68 67 0 33 0 0 88 0 63 57 0 21 0 0 79 0 0 0 58 0 54 0 94 0 0 0 0 88 96 37 62 0 0 42 0 0 11 13 0 0 0 9 33
486 0 0 0 456 651 0 750 0 225 7 0 0 0 0 0 749 337 0 0 0 0 0 241 0 0 100 0 177 85 379 64 0 0 265 0 0 0 539 0 888 0 86 952 0 0 973 279 0 679 0 0 645 0 65 812 0 0 0 981 0 461 0 14 0 0 0 0 40 0 0 0 65 0 0 6 0 0 0 0 0 0 0 0 0 0 0 70 14 0 57 0 100 12 56 0 0 34 94 16 85 8 85 0 0 0 95 52 82 0 0 68 29 39 0 0 0 0 0 0 0 0 100 41 0 51 0 86 66 0 0 74 0 0 0
0 435 0 906 767 287 0 0 0 578 992 0 0 0 0 305 916 0 0 812 186 0 606 0 0 0 773 867 0 0 705 781 5 791 709 111 515 0 0 173 784 835 664 0 434 0 0 0 0 855 268 0 159 101 579 0 892 0 0 889 480 0 775 0 13 0 69 99 0 0 99 0 93 86 34 77 0 45 21 0 17 0 0 0 0 2 38 45 0 54 0 27 0 0 0 0 35 0 69 0 0 81 0 30 52 0 19 0 98 69 3 0 30 29 0 45 0 28 0 0 0 75 0 0 38 39 0 71 86 0 0 8 91 5 59
0 260 0 0 0 0 0 807 683 0 0 407 0 0 155 425 510 0 0 607 0 0 284 299 0 0 0 624 0 0 0 153 0 733 0 34 108 188 0 0 0 0 669 0 979 295 565 0 0 0 0 699 577 622 225 468 0 35 496 726 471 147 0 50 0 0 96 41 23 46 0 90 98 0 84 0 0 0 0 29 5 0 0 0 0 3 98 0 0 91 0 0 0 0 0 0 26 0 0 0 0 0 0 0 0 70 0 25 75 98 0 79 94 35 0 0 0 0 93 85 0 0 0 38 23 0 32 0 50 0 22 31 0 93 64

0 0 6
0 0 13
0 0 37
0 0 45
0 0 52
0 0 54
0 0 59
0 0 60
0 0 62
0 0 97
0 0 98
0 0 110
0 0 130
0 1 8
0 1 10
0 1 15
0 1 16
0 1 19
0 1 32
0 1 36
0 1 38
0 1 39
0 1 49
0 1 56
0 1 73
0 1 82
0 1 83
0 1 86
0 1 101
0 1 103
0 2 2
0 2 23
0 2 26
0 2 30
0 2 36
0 2 39
0 2 46
0 2 55
0 2 65
0 2 120
0 3 9
0 3 14
0 3 19
0 3 30
0 3 33
0 3 36
0 3 47
0 3 50
0 3 62
0 3 78
0 3 95
0 4 4
0 4 13
0 4 26
0 4 60
0 4 62
0 4 66
0 4 98
0 4 99
0 4 126
0 5 0
0 5 5
0 5 53
0 5 54
0 5 59
0 5 81
0 5 83
0 5 107
0 5 118
0 5 126
0 6 0
0 6 13
0 6 30
0 6 52
0 6 53
0 6 54
0 6 60
0 6 61
0 6 104
0 6 106
0 6 113
0 6 118
0 7 8
0 7 12
0 7 15
0 7 17
0 7 22
0 7 25
0 7 32
0 7 35
0 7 37
0 7 41
0 7 52
0 7 55
0 7 81
0 7 113
0 7 121
0 8 4
0 8 5
0 8 14
0 8 33
0 8 36
0 8 42
0 8 51
0 8 53
0 8 57
0 8 100
0 8 122
0 9 7
0 9 12
0 9 13
0 9 15
0 9 23
0 9 24
0 9 25
0 9 36
0 9 53
0 9 63
0 9 80
0 10 3
0 10 22
0 10 26
0 10 48
0 10 58
0 11 1
0 11 4
0 11 13
0 11 14
0 11 15
0 11 19
0 11 24
0 11 30
0 11 51
0 11 52
0 11 80
0 11 117
0 11 123
0 12 5
0 12 12
0 12 13
0 12 19
0 12 21
0 12 41
0 12 48
0 12 58
0 12 100
0 12 110
0 12 124
0 13 3
0 13 9
0 13 14
0 13 19
0 13 25
0 13 27
0 13 38
0 13 39
0 13 46
0 13 49
0 13 59
0 13 62
0 13 109
0 13 112
0 13 119
0 14 5
0 14 20
0 14 31
0 14 34
0 14 37
0 14 41
0 14 57
0 14 59
0 14 82
0 14 126
0 15 23
0 15 27
0 15 28
0 15 31
0 15 33
0 15 47
0 15 51
0 15 53
0 15 55
0 15 57
0 15 85
0 15 111
0 15 116
0 15 122
0 16 9
0 16 11
0 16 25
0 16 26
0 16 27
0 16 39
0 16 51
0 16 62
0 16 65
0 16 70
0 16 102
0 16 114
0 17 12
0 17 14
0 17 16
0 17 43
0 17 66
0 18 3
0 18 17
0 18 20
0 18 23
0 18 28
0 18 29
0 18 44
0 18 48
0 18 81
0 18 97
0 18 124
0 19 1
0 19 19
0 19 22
0 19 25
0 19 30
0 19 32
0 19 34
0 19 35
0 19 44
0 19 46
0 19 50
0 19 51
0 19 53
0 19 59
0 19 118
0 19 127
0 20 24
0 20 28
0 20 29
0 20 39
0 20 43
0 20 44
0 20 48
0 20 52
0 20 57
0 20 73
0 20 99
0 21 13
0 21 22
0 21 32
0 21 34
0 21 35
0 21 44
0 21 62
0 21 68
0 21 90
0 22 7
0 22 11
0 22 18
0 22 20
0 22 28
0 22 31
0 22 37
0 22 42
0 22 46
0 22 60
0 22 68
0 22 92
0 22 121
0 22 128
0 22 131
0 23 0
0 23 2
0 23 9
0 23 12
0 23 13
0 23 14
0 23 25
0 23 28
0 23 42
0 23 61
0 23 63
0 23 70
0 23 85
0 23 91
0 23 131
0 24 2
0 24 11
0 24 32
0 24 35
0 24 38
0 24 96
0 25 1
0 25 2
0 25 4
0 25 31
0 25 33
0 25 46
0 25 47
0 25 50
0 25 65
0 25 111
0 25 112
0 26 9
0 26 13
0 26 61
0 26 90
0 26 99
0 26 123
0 27 12
0 27 15
0 27 18
0 27 25
0 27 27
0 27 31
0 27 37
0 27 48
0 27 54
0 27 63
0 27 110
0 28 5
0 28 11
0 28 12
0 28 13
0 28 17
0 28 22
0 28 25
0 28 28
0 28 29
0 28 46
0 28 55
0 28 60
0 28 102
0 28 104
0 28 114
0 29 2
0 29 3
0 29 4
0 29 7
0 29 12
0 29 18
0 29 27
0 29 43
0 29 49
0 29 50
0 29 58
0 29 79
0 29 87
0 29 109
0 29 132
0 30 8
0 30 13
0 30 16
0 30 60
0 30 79
0 30 85
0 30 94
0 30 101
0 30 109
0 31 7
0 31 8
0 31 15
0 31 24
0 31 27
0 31 30
0 31 33
0 31 38
0 31 46
0 31 47
0 31 57
0 31 58
0 31 94
0 32 3
0 32 5
0 32 10
0 32 15
0 32 16
0 32 27
0 32 42
0 32 49
0 32 55
0 32 57
0 32 59
0 32 62
0 32 65
0 32 103
0 33 7
0 33 11
0 33 12
0 33 13
0 33 20
0 33 28
0 33 31
0 33 34
0 33 42
0 33 50
0 33 51
0 33 53
0 33 54
0 33 61
0 33 72
0 33 98
0 33 101
0 33 124
0 33 133
0 34 4
0 34 5
0 34 11
0 34 12
0 34 15
0 34 20
0 34 31
0 34 36
0 34 37
0 34 81
0 34 88
0 35 4
0 35 9
0 35 15
0 35 29
0 35 30
0 35 41
0 35 54
0 35 55
0 35 64
0 35 77
0 35 105
0 36 14
0 36 16
0 36 33
0 36 55
0 36 57
0 36 97
0 36 106
0 36 130
0 37 8
0 37 12
0 37 24
0 37 27
0 37 28
0 37 29
0 37 42
0 37 46
0 37 47
0 37 58
0 37 83
0 38 7
0 38 13
0 38 23
0 38 24
0 38 30
0 38 32
0 38 40
0 38 42
0 38 57
0 38 61
0 38 70
0 38 123
0 39 4
0 39 13
0 39 15
0 39 16
0 39 48
0 39 51
0 39 65
0 39 126
0 39 129
0 40 5
0 40 14
0 40 38
0 40 46
0 40 55
0 40 62
0 40 86
0 40 99
0 40 106
0 40 112
0 41 9
0 41 28
0 41 33
0 41 39
0 41 42
0 41 47
0 41 62
0 41 64
0 41 101
0 42 0
0 42 3
0 42 6
0 42 7
0 42 12
0 42 35
0 42 36
0 42 39
0 42 40
0 42 42
0 42 43
0 42 45
0 42 56
0 42 83
0 43 6
0 43 12
0 43 13
0 43 33
0 43 36
0 43 39
0 43 41
0 43 54
0 43 55
0 43 61
0 43 76
0 43 87
0 44 1
0 44 5
0 44 18
0 44 23
0 44 32
0 44 38
0 44 51
0 44 77
0 44 92
0 44 94
0 44 104
0 44 105
0 44 108
0 45 7
0 45 16
0 45 22
0 45 25
0 45 29
0 45 32
0 45 37
0 45 39
0 45 44
0 45 64
0 45 105
0 45 108
0 45 117
0 46 3
0 46 24
0 46 25
0 46 26
0 46 47
0 46 49
0 46 61
0 46 62
0 46 74
0 46 97
0 46 114
0 46 116
0 46 124
0 47 14
0 47 19
0 47 23
0 47 25
0 47 30
0 47 34
0 47 37
0 47 41
0 47 42
0 47 49
0 47 57
0 47 108
0 48 7
0 48 10
0 48 15
0 48 19
0 48 21
0 48 31
0 48 46
0 48 83
0 48 84
0 48 130
0 48 131
0 49 0
0 49 1
0 49 5
0 49 10
0 49 13
0 49 16
0 49 17
0 49 40
0 49 41
0 49 61
0 49 86
0 49 93
0 49 129
0 50 3
0 50 5
0 50 8
0 50 13
0 50 16
0 50 27
0 50 30
0 50 44
0 50 45
0 50 60
0 50 99
0 50 101
0 50 126
0 51 18
0 51 19
0 51 21
0 51 23
0 51 32
0 51 35
0 51 37
0 51 47
0 51 48
0 51 58
0 51 60
0 51 61
0 51 65
0 51 74
0 51 114
0 51 128
0 52 14
0 52 17
0 52 19
0 52 21
0 52 31
0 52 32
0 52 36
0 52 37
0 52 47
0 52 53
0 52 59
0 52 61
0 52 73
0 52 115
0 53 1
0 53 14
0 53 22
0 53 25
0 53 29
0 53 30
0 53 31
0 53 37
0 53 43
0 53 48
0 53 54
0 53 57
0 53 58
0 53 73
0 53 80
0 53 108
0 53 123
0 54 7
0 54 12
0 54 13
0 54 15
0 54 22
0 54 29
0 54 52
0 54 61
0 54 74
0 54 82
0 54 112
0 55 4
0 55 6
0 55 7
0 55 19
0 55 23
0 55 25
0 55 31
0 55 32
0 55 36
0 55 39
0 55 49
0 55 51
0 55 54
0 55 58
0 55 88
0 55 93
0 56 1
0 56 2
0 56 3
0 56 8
0 56 13
0 56 29
0 56 35
0 56 37
0 56 43
0 56 45
0 56 49
0 56 51
0 56 87
0 56 88
0 56 133
0 57 0
0 57 4
0 57 8
0 57 12
0 57 32
0 57 34
0 57 36
0 57 40
0 57 50
0 57 51
0 57 53
0 57 57
0 57 59
0 57 88
0 57 89
0 58 5
0 58 10
0 58 29
0 58 33
0 58 58
0 58 59
0 58 60
0 58 121
0 59 3
0 59 9
0 59 13
0 59 20
0 59 23
0 59 25
0 59 26
0 59 28
0 59 29
0 59 58
0 59 73
0 59 80
0 59 134
0 60 12
0 60 16
0 60 19
0 60 21
0 60 35
0 60 45
0 60 48
0 60 54
0 60 58
0 60 70
0 60 72
0 60 89
0 61 4
0 61 6
0 61 12
0 61 19
0 61 24
0 61 43
0 61 55
0 61 57
0 61 60
0 61 62
0 61 71
0 61 92
0 61 113
0 61 124
0 61 131
0 62 6
0 62 9
0 62 13
0 62 14
0 62 21
0 62 22
0 62 33
0 62 51
0 62 52
0 62 55
0 62 80
0 62 83
0 62 106
0 63 6
0 63 19
0 63 57
0 63 60
0 63 70
0 63 75
0 63 87
0 63 91
0 64 31
0 64 117
0 65 1
0 65 31
0 65 41
0 65 52
0 65 72
0 65 79
0 65 95
0 65 96
0 65 120
0 66 1
0 66 20
0 66 23
0 66 82
0 67 4
0 67 86
0 68 40
0 68 93
0 68 115
0 69 33
0 69 51
0 69 127
0 70 40
0 70 87
0 70 94
0 71 11
0 71 47
0 71 55
0 71 115
0 72 3
0 72 87
0 73 1
0 73 4
0 73 6
0 73 24
0 73 39
0 73 53
0 73 54
0 73 56
0 74 54
0 74 58
0 74 81
0 74 101
0 75 24
0 75 48
0 75 52
0 75 95
0 76 17
0 76 32
0 76 49
0 76 70
0 76 94
0 76 132
0 77 8
0 77 25
0 77 39
0 77 45
0 78 9
0 78 11
0 78 17
0 78 18
0 78 23
0 78 30
0 78 125
0 79 6
0 79 21
0 79 50
0 79 61
0 79 78
0 79 81
0 79 122
0 80 22
0 80 48
0 80 113
0 81 40
0 81 77
0 82 50
0 82 90
0 82 96
0 82 103
0 83 11
0 83 47
0 83 93
0 84 75
0 85 35
0 85 38
0 85 39
0 86 54
0 86 118
0 87 4
0 87 18
0 88 12
0 88 53
0 88 57
0 88 111
0 89 3
0 89 31
0 89 49
0 89 55
0 89 93
0 89 129
0 90 86
0 90 115
0 91 10
0 91 101
0 92 39
0 92 41
0 92 69
0 92 89
0 92 99
0 92 103
0 92 121
0 93 7
0 93 23
0 93 38
0 93 56
0 93 87
0 93 90
0 93 102
0 93 119
0 94 7
0 94 10
0 94 17
0 94 74
0 94 119
0 95 9
0 96 29
0 96 128
0 97 25
0 97 38
0 97 55
0 98 34
0 98 78
0 98 81
0 98 95
0 99 71
0 99 111
0 100 41
0 100 56
0 100 73
0 101 55
0 102 2
0 102 45
0 102 52
0 102 58
0 102 63
0 102 89
0 103 7
0 103 33
0 104 10
0 104 18
0 104 50
0 105 133
0 106 4
0 106 5
0 106 25
0 106 81
0 106 86
0 107 11
0 107 13
0 107 26
0 107 38
0 107 53
0 107 129
0 108 0
0 108 60
0 108 79
0 108 92
0 108 97
0 109 37
0 110 7
0 110 56
0 110 91
0 111 4
0 111 31
0 111 32
0 111 58
0 112 7
0 112 16
0 112 18
0 112 113
0 113 54
0 113 60
0 113 98
0 113 119
0 114 83
0 114 115
0 115 32
0 115 73
0 115 98
0 116 1
0 116 20
0 116 61
0 116 122
0 117 55
0 117 63
0 117 90
0 118 4
0 118 19
0 118 21
0 118 47
0 118 106
0 119 3
0 119 30
0 119 37
0 119 61
0 119 65
0 120 3
0 120 24
0 121 16
0 121 17
0 121 42
0 121 98
0 121 134
0 122 25
0 123 0
0 123 8
0 123 26
0 123 30
0 123 88
0 123 127
0 124 10
0 124 74
0 125 53
0 125 61
0 125 80
0 125 104
0 125 112
0 125 125
0 126 3
0 126 5
0 126 59
0 126 64
0 126 71
0 126 121
0 127 6
0 127 8
0 127 12
0 127 48
0 127 123
0 128 5
0 128 71
0 128 80
0 129 18
0 129 66
0 129 76
0 130 8
0 130 45
0 130 60
0 130 96
0 130 115
0 131 24
0 131 40
0 131 52
0 132 1
0 132 6
0 132 7
0 132 29
0 132 96
0 133 3
0 133 31
0 133 56
0 133 96
0 134 4
0 134 5
0 134 30
0 134 33
0 134 55
0 134 112
1 0 0
1 0 8
1 0 9
1 0 19
1 0 21
1 0 24
1 0 29
1 0 32
1 0 33
1 0 39
1 0 46
1 0 48
1 1 0
1 1 2
1 1 4
1 1 8
1 1 20
1 1 35
1 1 41
1 1 44
1 1 47
1 1 52
1 1 72
1 1 79
1 1 134
1 2 4
1 2 6
1 2 14
1 2 16
1 2 18
1 2 29
1 2 33
1 2 36
1 2 41
1 2 43
1 2 47
1 2 57
1 2 90
1 2 91
1 2 131
1 3 4
1 3 12
1 3 18
1 3 19
1 3 23
1 3 26
1 3 29
1 3 33
1 3 34
1 3 39
1 3 48
1 3 55
1 3 61
1 3 86
1 3 102
1 3 124
1 4 1
1 4 5
1 4 6
1 4 19
1 4 23
1 4 33
1 4 44
1 4 48
1 4 52
1 4 83
1 4 94
1 4 101
1 5 0
1 5 8
1 5 10
1 5 12
1 5 33
1 5 38
1 5 41
1 5 42
1 5 51
1 5 55
1 5 103
1 5 108
1 5 130
1 6 3
1 6 5
1 6 10
1 6 23
1 6 26
1 6 34
1 6 37
1 6 39
1 6 45
1 6 54
1 6 67
1 6 80
1 6 97
1 7 8
1 7 17
1 7 20
1 7 32
1 7 39
1 7 41
1 7 50
1 7 51
1 7 53
1 7 58
1 7 61
1 7 64
1 7 82
1 8 10
1 8 14
1 8 19
1 8 22
1 8 27
1 8 30
1 8 47
1 8 48
1 8 53
1 8 54
1 8 62
1 8 73
1 8 110
1 8 132
1 9 1
1 9 2
1 9 11
1 9 13
1 9 21
1 9 24
1 9 27
1 9 40
1 9 45
1 9 48
1 9 52
1 9 87
1 9 107
1 9 120
1 10 4
1 10 5
1 10 6
1 10 29
1 10 35
1 10 37
1 10 42
1 10 51
1 10 53
1 10 57
1 10 59
1 10 112
1 10 130
1 11 2
1 11 6
1 11 13
1 11 16
1 11 21
1 11 29
1 11 31
1 11 33
1 11 34
1 11 35
1 11 43
1 11 49
1 11 51
1 11 60
1 11 67
1 11 78
1 11 127
1 12 10
1 12 12
1 12 14
1 12 19
1 12 29
1 12 37
1 12 42
1 12 60
1 12 112
1 13 0
1 13 9
1 13 16
1 13 19
1 13 20
1 13 23
1 13 31
1 13 32
1 13 39
1 13 41
1 13 47
1 13 51
1 13 52
1 13 58
1 13 72
1 13 96
1 13 114
1 13 131
1 14 3
1 14 7
1 14 8
1 14 10
1 14 15
1 14 30
1 14 41
1 14 46
1 14 55
1 14 96
1 15 4
1 15 8
1 15 13
1 15 14
1 15 21
1 15 29
1 15 35
1 15 48
1 15 53
1 15 101
1 15 132
1 16 8
1 16 22
1 16 33
1 16 44
1 16 56
1 16 58
1 16 62
1 16 84
1 16 107
1 16 109
1 16 119
1 16 123
1 17 24
1 17 33
1 17 34
1 17 39
1 17 45
1 17 58
1 17 61
1 17 83
1 17 98
1 18 2
1 18 9
1 18 38
1 18 42
1 18 45
1 18 55
1 18 80
1 18 93
1 18 99
1 19 18
1 19 21
1 19 24
1 19 45
1 19 53
1 19 122
1 20 0
1 20 8
1 20 11
1 20 12
1 20 14
1 20 16
1 20 22
1 20 28
1 20 33
1 20 35
1 20 50
1 20 52
1 20 55
1 20 61
1 20 62
1 20 83
1 20 106
1 20 116
1 21 10
1 21 17
1 21 45
1 21 53
1 21 54
1 21 66
1 21 86
1 21 87
1 21 91
1 21 100
1 21 102
1 21 109
1 22 2
1 22 5
1 22 8
1 22 20
1 22 42
1 22 43
1 22 48
1 22 51
1 22 56
1 22 57
1 22 97
1 22 123
1 23 0
1 23 5
1 23 10
1 23 11
1 23 16
1 23 22
1 23 27
1 23 31
1 23 32
1 23 37
1 23 40
1 23 50
1 23 52
1 23 54
1 23 55
1 23 75
1 23 98
1 23 115
1 23 123
1 23 124
1 24 3
1 24 13
1 24 20
1 24 23
1 24 31
1 24 35
1 24 43
1 24 44
1 24 47
1 24 51
1 24 54
1 24 69
1 24 90
1 24 132
1 25 6
1 25 7
1 25 11
1 25 15
1 25 33
1 25 40
1 25 46
1 25 48
1 25 56
1 25 59
1 25 62
1 25 66
1 25 70
1 25 118
1 25 123
1 26 3
1 26 10
1 26 14
1 26 16
1 26 19
1 26 37
1 26 41
1 26 44
1 26 47
1 26 58
1 26 84
1 26 107
1 26 109
1 27 9
1 27 11
1 27 15
1 27 16
1 27 19
1 27 26
1 27 28
1 27 36
1 27 47
1 27 56
1 27 57
1 27 79
1 27 128
1 28 0
1 28 3
1 28 5
1 28 8
1 28 10
1 28 12
1 28 18
1 28 22
1 28 25
1 28 26
1 28 29
1 28 30
1 28 42
1 28 46
1 28 47
1 28 99
1 28 106
1 29 6
1 29 9
1 29 11
1 29 29
1 29 31
1 29 42
1 29 44
1 29 53
1 29 55
1 29 120
1 30 3
1 30 5
1 30 10
1 30 15
1 30 19
1 30 24
1 30 41
1 30 45
1 30 54
1 30 55
1 30 62
1 30 72
1 30 103
1 30 121
1 31 11
1 31 14
1 31 19
1 31 20
1 31 27
1 31 32
1 31 41
1 31 45
1 31 55
1 31 99
1 31 106
1 32 8
1 32 10
1 32 11
1 32 15
1 32 24
1 32 48
1 32 50
1 32 52
1 32 53
1 33 0
1 33 4
1 33 7
1 33 10
1 33 16
1 33 17
1 33 39
1 33 43
1 33 44
1 33 52
1 33 59
1 33 61
1 33 101
1 33 112
1 34 2
1 34 8
1 34 21
1 34 27
1 34 30
1 34 44
1 34 51
1 34 57
1 34 70
1 34 74
1 34 93
1 34 100
1 34 127
1 34 129
1 34 132
1 35 2
1 35 9
1 35 12
1 35 20
1 35 21
1 35 28
1 35 30
1 35 33
1 35 40
1 35 53
1 35 60
1 35 80
1 36 2
1 36 17
1 36 21
1 36 25
1 36 32
1 36 35
1 36 37
1 36 45
1 36 47
1 36 52
1 36 56
1 36 61
1 36 66
1 36 90
1 36 97
1 37 2
1 37 8
1 37 9
1 37 23
1 37 24
1 37 26
1 37 29
1 37 36
1 37 38
1 37 43
1 37 48
1 37 60
1 37 70
1 37 71
1 37 81
1 37 109
1 37 128
1 38 4
1 38 15
1 38 17
1 38 33
1 38 36
1 38 38
1 38 41
1 38 65
1 38 75
1 38 82
1 38 88
1 38 92
1 38 105
1 38 113
1 38 124
1 39 0
1 39 19
1 39 30
1 39 32
1 39 42
1 39 44
1 39 47
1 39 50
1 39 51
1 39 58
1 39 60
1 39 87
1 39 97
1 39 120
1 39 123
1 40 9
1 40 16
1 40 19
1 40 27
1 40 30
1 40 35
1 40 39
1 40 45
1 40 47
1 40 49
1 40 51
1 40 53
1 40 58
1 40 59
1 40 67
1 40 85
1 40 95
1 40 130
1 41 10
1 41 16
1 41 17
1 41 22
1 41 26
1 41 32
1 41 38
1 41 41
1 41 55
1 41 63
1 41 69
1 41 78
1 41 91
1 41 106
1 41 110
1 41 111
1 41 112
1 41 113
1 41 122
1 41 127
1 42 11
1 42 13
1 42 25
1 42 29
1 42 34
1 42 39
1 42 40
1 42 46
1 42 49
1 42 51
1 42 52
1 42 53
1 42 68
1 42 113
1 42 124
1 43 1
1 43 12
1 43 13
1 43 16
1 43 21
1 43 25
1 43 27
1 43 54
1 43 115
1 44 2
1 44 7
1 44 10
1 44 23
1 44 24
1 44 48
1 44 53
1 44 104
1 44 121
1 45 10
1 45 18
1 45 29
1 45 30
1 45 40
1 45 41
1 45 44
1 45 45
1 45 48
1 45 53
1 45 91
1 45 120
1 46 1
1 46 3
1 46 4
1 46 5
1 46 14
1 46 19
1 46 27
1 46 31
1 46 32
1 46 34
1 46 39
1 46 55
1 46 61
1 46 85
1 46 104
1 46 122
1 47 6
1 47 10
1 47 16
1 47 28
1 47 31
1 47 32
1 47 36
1 47 40
1 47 41
1 47 49
1 47 50
1 47 53
1 47 54
1 47 55
1 47 62
1 47 94
1 47 118
1 48 26
1 48 30
1 48 36
1 48 38
1 48 40
1 48 49
1 48 53
1 48 126
1 48 132
1 49 0
1 49 2
1 49 7
1 49 16
1 49 19
1 49 27
1 49 35
1 49 36
1 49 39
1 49 46
1 49 62
1 49 101
1 49 105
1 50 1
1 50 17
1 50 19
1 50 20
1 50 23
1 50 29
1 50 39
1 50 43
1 50 44
1 50 57
1 50 60
1 50 88
1 51 3
1 51 5
1 51 12
1 51 13
1 51 25
1 51 32
1 51 49
1 51 50
1 51 52
1 51 72
1 51 74
1 51 115
1 52 2
1 52 12
1 52 17
1 52 24
1 52 33
1 52 36
1 52 56
1 52 134
1 53 0
1 53 6
1 53 13
1 53 28
1 53 29
1 53 40
1 53 42
1 53 45
1 53 46
1 53 51
1 53 60
1 53 92
1 53 93
1 53 130
1 54 4
1 54 8
1 54 9
1 54 15
1 54 19
1 54 20
1 54 21
1 54 38
1 54 83
1 54 105
1 55 41
1 55 44
1 55 52
1 55 53
1 55 54
1 55 55
1 55 59
1 55 62
1 55 110
1 55 120
1 55 126
1 56 0
1 56 12
1 56 17
1 56 19
1 56 22
1 56 35
1 56 39
1 56 44
1 56 56
1 56 62
1 56 86
1 56 102
1 57 4
1 57 13
1 57 19
1 57 21
1 57 24
1 57 44
1 57 58
1 57 64
1 57 107
1 58 9
1 58 14
1 58 21
1 58 28
1 58 35
1 58 38
1 58 41
1 58 64
1 58 74
1 58 104
1 59 8
1 59 14
1 59 17
1 59 19
1 59 20
1 59 33
1 59 43
1 59 44
1 59 51
1 59 107
1 59 121
1 60 0
1 60 1
1 60 10
1 60 26
1 60 31
1 60 37
1 60 38
1 60 43
1 60 45
1 60 51
1 60 57
1 60 58
1 60 76
1 60 116
1 61 5
1 61 10
1 61 16
1 61 23
1 61 35
1 61 43
1 61 60
1 61 61
1 61 62
1 61 80
1 61 89
1 61 116
1 61 126
1 62 8
1 62 14
1 62 22
1 62 34
1 62 38
1 62 39
1 62 46
1 62 47
1 62 49
1 62 56
1 62 71
1 62 106
1 62 115
1 63 16
1 63 38
1 63 56
1 63 96
1 63 110
1 63 132
1 64 7
1 64 19
1 64 21
1 64 32
1 64 48
1 64 78
1 64 79
1 64 134
1 65 19
1 65 131
1 65 133
1 66 2
1 66 13
1 66 41
1 66 90
1 66 108
1 66 127
1 67 6
1 67 24
1 67 43
1 67 58
1 68 14
1 68 51
1 68 62
1 68 107
1 68 120
1 69 2
1 69 58
1 69 59
1 69 99
1 69 112
1 69 113
1 70 3
1 70 32
1 70 50
1 70 53
1 70 54
1 70 65
1 70 112
1 70 113
1 71 7
1 71 41
1 71 54
1 71 85
1 71 120
1 71 132
1 72 0
1 72 19
1 72 21
1 72 23
1 72 27
1 72 55
1 72 60
1 72 69
1 72 78
1 72 88
1 72 116
1 72 130
1 72 132
1 74 3
1 74 19
1 74 22
1 75 13
1 75 21
1 75 41
1 75 49
1 76 0
1 76 1
1 76 22
1 76 54
1 76 123
1 77 28
1 77 51
1 78 6
1 78 42
1 78 95
1 78 121
1 79 4
1 79 38
1 79 44
1 79 95
1 79 97
1 79 98
1 80 33
1 81 0
1 81 19
1 81 26
1 81 38
1 81 41
1 81 42
1 81 74
1 82 50
1 82 56
1 82 62
1 82 117
1 82 132
1 83 13
1 83 77
1 83 105
1 84 35
1 84 50
1 84 82
1 85 19
1 85 28
1 85 37
1 85 46
1 85 82
1 85 106
1 85 110
1 86 40
1 86 52
1 86 56
1 86 103
1 87 58
1 87 65
1 87 133
1 88 21
1 88 32
1 88 35
1 88 122
1 89 12
1 89 104
1 89 128
1 90 10
1 90 34
1 91 51
1 91 109
1 92 10
1 92 24
1 92 31
1 92 47
1 92 104
1 92 105
1 93 2
1 93 130
1 94 15
1 94 21
1 94 40
1 94 60
1 94 74
1 94 95
1 95 23
1 95 58
1 95 61
1 95 81
1 96 50
1 96 65
1 97 2
1 97 14
1 97 37
1 97 112
1 98 32
1 98 60
1 98 64
1 98 116
1 99 9
1 99 18
1 99 126
1 100 44
1 100 88
1 100 97
1 100 116
1 101 49
1 101 50
1 101 109
1 101 112
1 102 45
1 103 13
1 103 23
1 103 90
1 103 124
1 103 133
1 104 11
1 104 21
1 104 26
1 104 42
1 104 60
1 104 104
1 105 16
1 105 43
1 105 50
1 105 61
1 105 131
1 106 19
1 106 32
1 106 64
1 107 8
1 107 27
1 107 101
1 107 102
1 108 25
1 108 131
1 110 2
1 110 16
1 110 79
1 110 85
1 110 97
1 110 106
1 111 10
1 111 15
1 111 26
1 111 50
1 111 108
1 112 23
1 112 110
1 113 33
1 113 51
1 113 77
1 113 127
1 114 18
1 114 49
1 114 57
1 115 89
1 115 126
1 116 101
1 116 110
1 117 2
1 117 10
1 117 117
1 117 134
1 118 43
1 118 46
1 119 15
1 119 21
1 120 0
1 120 82
1 121 6
1 121 19
1 121 29
1 121 105
1 121 121
1 122 2
1 122 7
1 122 30
1 122 32
1 122 47
1 122 60
1 122 61
1 122 87
1 122 120
1 123 11
1 123 27
1 123 28
1 123 35
1 123 55
1 123 115
1 124 5
1 124 34
1 124 42
1 124 105
1 124 106
1 124 108
1 124 110
1 124 123
1 124 125
1 125 100
1 125 106
1 126 50
1 126 72
1 127 94
1 127 104
1 128 57
1 128 60
1 129 9
1 129 14
1 129 22
1 129 27
1 129 34
1 129 69
1 129 72
1 129 108
1 130 26
1 130 65
1 131 17
1 131 21
1 131 39
1 131 56
1 132 19
1 132 89
1 133 53
1 133 92
1 134 54
1 134 97
2 0 5
2 0 7
2 0 16
2 0 24
2 0 42
2 0 57
2 0 72
2 0 90
2 0 131
2 0 132
2 1 0
2 1 17
2 1 19
2 1 70
2 1 82
2 1 113
2 2 0
2 2 9
2 2 12
2 2 15
2 2 16
2 2 25
2 2 27
2 2 33
2 2 60
2 2 62
2 2 100
2 2 129
2 3 0
2 3 10
2 3 15
2 3 20
2 3 23
2 3 25
2 3 26
2 3 34
2 3 55
2 3 56
2 3 65
2 3 98
2 3 109
2 4 7
2 4 9
2 4 17
2 4 20
2 4 25
2 4 26
2 4 31
2 4 40
2 4 48
2 4 57
2 4 61
2 4 63
2 4 82
2 4 86
2 4 122
2 5 0
2 5 7
2 5 18
2 5 21
2 5 30
2 5 45
2 5 48
2 5 62
2 5 114
2 5 116
2 6 2
2 6 5
2 6 22
2 6 29
2 6 32
2 6 35
2 6 51
2 6 52
2 6 58
2 6 60
2 6 80
2 6 86
2 6 94
2 6 119
2 6 123
2 7 1
2 7 14
2 7 25
2 7 27
2 7 33
2 7 34
2 7 37
2 7 42
2 7 54
2 7 60
2 7 81
2 7 104
2 8 13
2 8 28
2 8 31
2 8 35
2 8 59
2 9 12
2 9 15
2 9 23
2 9 36
2 9 42
2 9 46
2 9 48
2 9 55
2 9 71
2 9 101
2 9 102
2 9 104
2 9 118
2 10 2
2 10 7
2 10 8
2 10 14
2 10 16
2 10 27
2 10 28
2 10 49
2 10 58
2 10 115
2 10 126
2 10 129
2 10 132
2 11 2
2 11 35
2 11 37
2 11 51
2 11 52
2 11 76
2 11 87
2 11 95
2 12 2
2 12 30
2 12 50
2 12 54
2 12 70
2 12 83
2 12 119
2 12 133
2 13 11
2 13 12
2 13 14
2 13 26
2 13 41
2 13 45
2 13 47
2 13 50
2 13 54
2 13 58
2 14 16
2 14 17
2 14 21
2 14 56
2 14 108
2 14 122
2 14 130
2 15 5
2 15 21
2 15 22
2 15 25
2 15 30
2 15 43
2 15 51
2 15 53
2 15 72
2 15 114
2 15 126
2 15 129
2 16 0
2 16 11
2 16 30
2 16 33
2 16 39
2 16 40
2 16 47
2 16 62
2 17 10
2 17 12
2 17 18
2 17 28
2 17 37
2 17 42
2 17 99
2 17 104
2 17 106
2 17 123
2 18 4
2 18 10
2 18 16
2 18 17
2 18 18
2 18 19
2 18 27
2 18 40
2 18 41
2 18 44
2 18 54
2 18 60
2 18 62
2 18 98
2 18 99
2 18 101
2 18 118
2 19 1
2 19 2
2 19 3
2 19 6
2 19 12
2 19 18
2 19 21
2 19 25
2 19 32
2 19 47
2 19 50
2 19 61
2 19 75
2 19 78
2 19 125
2 19 126
2 19 132
2 20 0
2 20 2
2 20 3
2 20 14
2 20 24
2 20 29
2 20 37
2 20 42
2 20 47
2 20 52
2 20 57
2 20 61
2 20 78
2 20 94
2 20 134
2 21 2
2 21 18
2 21 25
2 21 26
2 21 34
2 21 39
2 21 41
2 21 45
2 21 47
2 21 53
2 21 73
2 21 126
2 22 12
2 22 18
2 22 20
2 22 21
2 22 24
2 22 29
2 22 38
2 22 47
2 22 54
2 22 80
2 22 103
2 22 115
2 22 126
2 23 4
2 23 6
2 23 12
2 23 16
2 23 29
2 23 37
2 23 38
2 23 48
2 23 54
2 23 60
2 23 63
2 24 5
2 24 12
2 24 16
2 24 44
2 24 45
2 24 60
2 24 61
2 24 83
2 24 102
2 24 129
2 24 134
2 25 14
2 25 20
2 25 26
2 25 32
2 25 38
2 25 40
2 25 50
2 25 60
2 25 61
2 25 73
2 25 92
2 26 4
2 26 11
2 26 20
2 26 22
2 26 27
2 26 31
2 26 41
2 26 49
2 26 56
2 26 59
2 26 63
2 26 82
2 26 119
2 26 123
2 26 125
2 27 0
2 27 3
2 27 6
2 27 10
2 27 13
2 27 17
2 27 23
2 27 25
2 27 35
2 27 41
2 27 44
2 27 57
2 27 71
2 27 82
2 28 5
2 28 7
2 28 13
2 28 14
2 28 23
2 28 26
2 28 27
2 28 54
2 28 65
2 28 96
2 28 123
2 28 133
2 29 4
2 29 10
2 29 13
2 29 20
2 29 24
2 29 25
2 29 33
2 29 38
2 29 48
2 29 51
2 29 53
2 29 61
2 29 79
2 30 2
2 30 15
2 30 26
2 30 36
2 30 38
2 30 42
2 30 45
2 30 58
2 30 72
2 31 1
2 31 3
2 31 9
2 31 23
2 31 36
2 31 38
2 31 39
2 31 40
2 31 42
2 31 44
2 31 60
2 31 62
2 31 88
2 31 96
2 31 119
2 31 122
2 32 6
2 32 11
2 32 16
2 32 31
2 32 32
2 32 39
2 32 45
2 32 77
2 32 115
2 33 9
2 33 11
2 33 19
2 33 24
2 33 31
2 33 33
2 33 45
2 33 50
2 33 53
2 33 60
2 33 67
2 34 18
2 34 23
2 34 24
2 34 28
2 34 32
2 34 35
2 34 37
2 34 39
2 34 41
2 34 44
2 34 46
2 34 61
2 34 107
2 34 113
2 35 13
2 35 16
2 35 18
2 35 21
2 35 30
2 35 35
2 35 37
2 35 51
2 35 55
2 35 59
2 35 68
2 35 105
2 36 3
2 36 4
2 36 16
2 36 17
2 36 28
2 36 33
2 36 37
2 36 38
2 36 46
2 36 54
2 36 59
2 36 88
2 37 0
2 37 1
2 37 4
2 37 14
2 37 17
2 37 34
2 37 35
2 37 43
2 37 46
2 37 50
2 37 59
2 37 82
2 37 92
2 38 0
2 38 3
2 38 12
2 38 13
2 38 15
2 38 23
2 38 26
2 38 39
2 38 41
2 38 44
2 38 46
2 38 55
2 38 60
2 38 63
2 38 90
2 38 100
2 39 8
2 39 18
2 39 20
2 39 21
2 39 41
2 39 43
2 39 47
2 39 48
2 39 49
2 39 51
2 39 57
2 39 62
2 39 70
2 39 81
2 39 88
2 39 125
2 40 0
2 40 2
2 40 19
2 40 21
2 40 33
2 40 38
2 40 40
2 40 45
2 40 48
2 40 50
2 40 58
2 40 61
2 40 99
2 40 131
2 41 5
2 41 25
2 41 29
2 41 32
2 41 41
2 41 42
2 41 43
2 41 47
2 41 48
2 41 53
2 41 55
2 41 59
2 41 100
2 41 109
2 41 114
2 42 0
2 42 1
2 42 9
2 42 13
2 42 14
2 42 15
2 42 26
2 42 28
2 42 30
2 42 39
2 42 57
2 42 58
2 42 60
2 42 77
2 42 94
2 42 102
2 43 8
2 43 15
2 43 26
2 43 29
2 43 39
2 43 41
2 43 45
2 43 52
2 43 57
2 43 65
2 43 77
2 44 0
2 44 4
2 44 13
2 44 35
2 44 42
2 44 50
2 44 52
2 44 71
2 44 131
2 45 1
2 45 9
2 45 11
2 45 23
2 45 30
2 45 49
2 45 57
2 45 83
2 45 108
2 45 132
2 46 12
2 46 15
2 46 23
2 46 24
2 46 27
2 46 33
2 46 47
2 46 52
2 46 72
2 46 74
2 46 81
2 46 94
2 46 111
2 47 1
2 47 14
2 47 15
2 47 17
2 47 19
2 47 25
2 47 43
2 47 48
2 47 52
2 47 117
2 47 129
2 48 4
2 48 13
2 48 20
2 48 21
2 48 24
2 48 31
2 48 36
2 48 47
2 48 58
2 48 63
2 48 71
2 48 73
2 48 86
2 48 117
2 49 0
2 49 14
2 49 19
2 49 21
2 49 23
2 49 24
2 49 27
2 49 36
2 49 51
2 49 109
2 49 115
2 49 125
2 49 131
2 50 10
2 50 11
2 50 20
2 50 26
2 50 34
2 50 39
2 50 43
2 50 45
2 50 46
2 50 55
2 50 66
2 50 70
2 50 81
2 51 3
2 51 16
2 51 18
2 51 19
2 51 23
2 51 30
2 51 42
2 51 67
2 51 100
2 51 117
2 51 118
2 52 5
2 52 16
2 52 21
2 52 32
2 52 39
2 52 43
2 52 49
2 52 51
2 52 57
2 52 76
2 52 90
2 52 112
2 52 128
2 53 14
2 53 23
2 53 32
2 53 34
2 53 35
2 53 37
2 53 48
2 53 78
2 53 120
2 54 3
2 54 4
2 54 10
2 54 14
2 54 21
2 54 28
2 54 31
2 54 36
2 54 62
2 54 78
2 54 96
2 54 99
2 55 9
2 55 29
2 55 34
2 55 35
2 55 51
2 55 60
2 56 3
2 56 7
2 56 9
2 56 14
2 56 15
2 56 18
2 56 20
2 56 23
2 56 31
2 56 32
2 56 35
2 56 43
2 56 47
2 56 53
2 56 54
2 56 61
2 56 81
2 56 93
2 56 99
2 56 105
2 57 5
2 57 7
2 57 47
2 57 50
2 57 61
2 58 3
2 58 4
2 58 11
2 58 12
2 58 15
2 58 16
2 58 27
2 58 28
2 58 36
2 58 40
2 58 44
2 58 46
2 58 111
2 59 15
2 59 21
2 59 26
2 59 27
2 59 29
2 59 31
2 59 51
2 59 53
2 59 58
2 59 59
2 60 1
2 60 21
2 60 25
2 60 30
2 60 33
2 60 35
2 60 44
2 60 46
2 60 61
2 60 64
2 61 4
2 61 5
2 61 13
2 61 20
2 61 26
2 61 30
2 61 44
2 61 45
2 61 57
2 61 58
2 61 77
2 61 78
2 61 127
2 62 4
2 62 10
2 62 25
2 62 26
2 62 27
2 62 35
2 62 44
2 62 45
2 62 132
2 63 67
2 63 114
2 63 125
2 64 52
2 64 59
2 64 70
2 64 72
2 64 97
2 65 0
2 65 17
2 65 28
2 65 44
2 65 46
2 66 9
2 66 45
2 66 99
2 66 120
2 67 40
2 68 15
2 68 16
2 68 19
2 68 30
2 68 41
2 68 53
2 68 59
2 68 75
2 69 9
2 69 16
2 69 33
2 69 35
2 69 64
2 69 69
2 69 90
2 69 99
2 69 106
2 69 116
2 70 27
2 70 54
2 70 65
2 70 79
2 71 13
2 71 50
2 71 64
2 71 89
2 72 51
2 72 63
2 72 120
2 73 46
2 73 67
2 74 53
2 74 73
2 74 84
2 75 36
2 75 37
2 75 54
2 75 76
2 75 82
2 75 91
2 75 97
2 76 5
2 76 7
2 76 39
2 76 41
2 76 51
2 76 57
2 77 5
2 77 48
2 77 112
2 77 117
2 78 108
2 78 120
2 78 128
2 78 134
2 79 2
2 79 30
2 79 64
2 79 126
2 80 1
2 80 7
2 80 34
2 80 48
2 80 59
2 80 113
2 81 6
2 81 59
2 81 73
2 81 128
2 82 130
2 83 31
2 83 57
2 83 115
2 83 130
2 84 7
2 84 37
2 84 101
2 84 106
2 84 120
2 85 2
2 85 58
2 86 34
2 86 47
2 86 62
2 86 130
2 86 131
2 87 34
2 87 47
2 87 59
2 87 62
2 87 71
2 88 2
2 88 3
2 88 45
2 89 6
2 89 35
2 89 50
2 89 59
2 89 72
2 90 51
2 91 9
2 92 4
2 92 31
2 92 133
2 92 134
2 93 1
2 93 48
2 93 94
2 94 14
2 94 57
2 94 63
2 94 117
2 94 133
2 95 14
2 95 17
2 95 21
2 95 54
2 95 62
2 95 92
2 95 109
2 96 32
2 96 44
2 97 0
2 97 13
2 97 64
2 98 10
2 99 19
2 99 35
2 99 43
2 99 88
2 99 109
2 99 118
2 100 12
2 100 25
2 100 66
2 100 71
2 100 126
2 101 16
2 101 32
2 101 45
2 101 78
2 101 129
2 102 11
2 102 50
2 102 58
2 102 65
2 102 66
2 102 75
2 102 120
2 103 48
2 103 93
2 104 32
2 104 71
2 105 70
2 106 46
2 106 53
2 106 116
2 107 13
2 107 41
2 107 44
2 108 9
2 108 23
2 108 30
2 108 54
2 108 88
2 108 99
2 109 6
2 109 37
2 109 56
2 109 63
2 109 74
2 109 77
2 109 122
2 110 102
2 111 1
2 111 17
2 111 34
2 111 39
2 111 56
2 111 60
2 111 71
2 111 94
2 112 0
2 112 6
2 112 104
2 112 107
2 112 133
2 113 18
2 113 33
2 113 41
2 113 56
2 114 33
2 116 80
2 117 7
2 117 30
2 117 50
2 117 81
2 117 119
2 117 124
2 118 6
2 118 9
2 118 12
2 118 22
2 118 30
2 118 52
2 118 56
2 118 115
2 119 8
2 119 32
2 119 44
2 119 114
2 120 29
2 120 34
2 120 96
2 122 5
2 122 19
2 122 20
2 122 103
2 123 20
2 123 43
2 123 79
2 123 115
2 123 129
2 124 11
2 124 19
2 124 29
2 124 37
2 124 43
2 124 48
2 124 49
2 124 132
2 125 1
2 125 22
2 125 44
2 125 62
2 125 93
2 125 96
2 125 114
2 125 121
2 126 52
2 126 121
2 127 5
2 127 21
2 127 31
2 127 33
2 127 103
2 128 81
2 128 99
2 128 133
2 129 11
2 129 26
2 129 34
2 129 42
2 129 43
2 129 94
2 130 33
2 131 12
2 131 16
2 131 44
2 131 53
2 131 108
2 132 16
2 132 31
2 132 112
2 133 4
2 133 18
2 133 53
2 134 10
2 134 25
2 134 79
3 0 11
3 0 14
3 0 26
3 0 30
3 0 31
3 0 32
3 0 34
3 0 47
3 0 53
3 0 54
3 0 55
3 0 56
3 0 60
3 0 63
3 1 5
3 1 8
3 1 19
3 1 33
3 1 40
3 1 43
3 1 46
3 1 53
3 1 56
3 1 61
3 1 64
3 1 110
3 1 121
3 2 3
3 2 4
3 2 6
3 2 14
3 2 15
3 2 26
3 2 35
3 2 37
3 2 42
3 2 43
3 2 50
3 2 55
3 2 72
3 2 79
3 3 4
3 3 7
3 3 9
3 3 15
3 3 22
3 3 23
3 3 33
3 3 37
3 3 38
3 3 40
3 3 60
3 3 64
3 3 93
3 4 8
3 4 11
3 4 20
3 4 26
3 4 31
3 4 32
3 4 50
3 4 65
3 5 0
3 5 6
3 5 8
3 5 17
3 5 22
3 5 27
3 5 29
3 5 32
3 5 42
3 5 49
3 5 60
3 5 83
3 5 96
3 5 109
3 5 129
3 6 5
3 6 7
3 6 23
3 6 24
3 6 26
3 6 33
3 6 49
3 6 54
3 6 61
3 6 94
3 6 109
3 6 114
3 6 124
3 6 125
3 6 131
3 7 4
3 7 9
3 7 11
3 7 14
3 7 25
3 7 31
3 7 35
3 7 46
3 7 56
3 7 65
3 7 97
3 7 117
3 7 129
3 8 1
3 8 10
3 8 17
3 8 29
3 8 31
3 8 32
3 8 38
3 8 39
3 8 44
3 8 47
3 8 59
3 8 84
3 8 91
3 8 94
3 8 110
3 9 1
3 9 7
3 9 8
3 9 10
3 9 12
3 9 13
3 9 21
3 9 25
3 9 26
3 9 27
3 9 31
3 9 40
3 9 44
3 9 56
3 9 76
3 9 79
3 10 13
3 10 15
3 10 19
3 10 21
3 10 25
3 10 33
3 10 36
3 10 51
3 10 53
3 10 76
3 10 103
3 10 116
3 10 132
3 11 8
3 11 24
3 11 25
3 11 32
3 11 37
3 11 56
3 11 111
3 11 128
3 12 6
3 12 13
3 12 24
3 12 25
3 12 26
3 12 27
3 12 36
3 12 39
3 12 41
3 12 45
3 12 57
3 12 61
3 12 79
3 12 99
3 13 12
3 13 28
3 13 30
3 13 36
3 13 38
3 13 42
3 13 57
3 13 58
3 13 60
3 13 71
3 13 73
3 13 101
3 14 5
3 14 9
3 14 28
3 14 30
3 14 32
3 14 34
3 14 36
3 14 53
3 14 74
3 14 84
3 15 2
3 15 8
3 15 37
3 15 39
3 15 40
3 15 44
3 15 46
3 15 47
3 15 56
3 15 61
3 15 70
3 16 16
3 16 23
3 16 33
3 16 39
3 16 42
3 16 54
3 16 59
3 16 61
3 16 96
3 16 97
3 17 6
3 17 14
3 17 21
3 17 27
3 17 34
3 17 42
3 17 52
3 17 53
3 17 54
3 17 76
3 17 81
3 17 94
3 17 101
3 17 119
3 18 2
3 18 10
3 18 15
3 18 16
3 18 25
3 18 26
3 18 42
3 18 50
3 18 78
3 18 79
3 18 88
3 19 17
3 19 18
3 19 28
3 19 45
3 19 55
3 19 76
3 20 6
3 20 20
3 20 23
3 20 25
3 20 27
3 20 34
3 20 42
3 20 53
3 20 61
3 20 74
3 21 7
3 21 10
3 21 18
3 21 26
3 21 30
3 21 35
3 21 37
3 21 38
3 21 47
3 21 55
3 21 60
3 21 99
3 22 3
3 22 4
3 22 12
3 22 23
3 22 42
3 22 47
3 22 58
3 22 61
3 22 88
3 23 3
3 23 4
3 23 5
3 23 24
3 23 29
3 23 38
3 23 41
3 23 44
3 23 46
3 23 48
3 23 58
3 23 67
3 23 87
3 23 118
3 23 134
3 24 4
3 24 20
3 24 24
3 24 34
3 24 36
3 24 38
3 24 45
3 24 46
3 24 53
3 24 56
3 24 60
3 24 65
3 24 70
3 24 108
3 24 112
3 24 114
3 24 118
3 24 131
3 25 2
3 25 5
3 25 11
3 25 17
3 25 33
3 25 41
3 25 55
3 25 65
3 25 81
3 25 118
3 25 131
3 26 4
3 26 9
3 26 17
3 26 19
3 26 35
3 26 45
3 26 62
3 26 71
3 26 86
3 26 90
3 26 95
3 26 105
3 27 2
3 27 3
3 27 4
3 27 6
3 27 18
3 27 22
3 27 28
3 27 41
3 27 43
3 27 55
3 27 60
3 27 62
3 27 91
3 27 120
3 28 6
3 28 7
3 28 8
3 28 22
3 28 25
3 28 40
3 28 45
3 28 48
3 28 52
3 28 54
3 28 62
3 28 67
3 28 134
3 29 16
3 29 19
3 29 20
3 29 22
3 29 41
3 29 42
3 29 45
3 29 49
3 29 61
3 29 92
3 29 131
3 30 2
3 30 3
3 30 5
3 30 7
3 30 12
3 30 17
3 30 22
3 30 24
3 30 25
3 30 33
3 30 36
3 30 38
3 30 51
3 30 53
3 30 89
3 30 102
3 30 104
3 30 108
3 30 124
3 31 2
3 31 5
3 31 9
3 31 24
3 31 30
3 31 36
3 31 40
3 31 42
3 31 43
3 31 47
3 31 77
3 31 80
3 31 89
3 31 100
3 31 110
3 32 11
3 32 17
3 32 19
3 32 27
3 32 28
3 32 31
3 32 38
3 32 41
3 32 43
3 32 50
3 32 51
3 32 61
3 32 81
3 32 107
3 33 11
3 33 27
3 33 43
3 33 44
3 33 49
3 33 59
3 33 69
3 33 125
3 33 129
3 34 0
3 34 10
3 34 23
3 34 28
3 34 35
3 34 40
3 34 47
3 34 52
3 34 54
3 34 65
3 34 104
3 34 114
3 35 6
3 35 18
3 35 19
3 35 21
3 35 23
3 35 31
3 35 33
3 35 44
3 35 45
3 35 47
3 35 48
3 35 51
3 35 59
3 35 60
3 35 106
3 35 119
3 36 1
3 36 3
3 36 15
3 36 29
3 36 30
3 36 33
3 36 41
3 36 46
3 36 47
3 36 50
3 36 61
3 36 80
3 36 95
3 36 98
3 37 5
3 37 9
3 37 21
3 37 22
3 37 24
3 37 27
3 37 49
3 37 73
3 37 77
3 38 0
3 38 5
3 38 8
3 38 11
3 38 15
3 38 17
3 38 18
3 38 26
3 38 27
3 38 38
3 38 42
3 38 44
3 38 59
3 38 62
3 38 118
3 39 1
3 39 19
3 39 39
3 39 45
3 39 49
3 39 51
3 39 70
3 39 74
3 39 87
3 39 122
3 40 16
3 40 21
3 40 25
3 40 27
3 40 32
3 40 40
3 40 64
3 40 83
3 40 98
3 40 114
3 41 0
3 41 1
3 41 13
3 41 14
3 41 20
3 41 21
3 41 24
3 41 36
3 41 43
3 41 44
3 41 50
3 41 54
3 41 70
3 41 132
3 42 3
3 42 4
3 42 9
3 42 14
3 42 34
3 42 36
3 42 38
3 42 42
3 42 43
3 42 52
3 42 59
3 43 11
3 43 25
3 43 45
3 43 52
3 43 56
3 43 60
3 43 86
3 43 124
3 44 13
3 44 21
3 44 25
3 44 31
3 44 33
3 44 35
3 44 43
3 44 52
3 44 53
3 44 58
3 44 64
3 44 68
3 44 95
3 44 122
3 44 127
3 45 0
3 45 20
3 45 22
3 45 33
3 45 45
3 45 48
3 45 58
3 45 59
3 45 79
3 45 102
3 45 131
3 45 132
3 46 2
3 46 4
3 46 5
3 46 9
3 46 11
3 46 14
3 46 16
3 46 19
3 46 25
3 46 34
3 46 54
3 46 62
3 46 116
3 46 127
3 47 0
3 47 1
3 47 20
3 47 23
3 47 28
3 47 59
3 47 104
3 47 113
3 47 119
3 47 133
3 48 0
3 48 6
3 48 17
3 48 29
3 48 35
3 48 38
3 48 40
3 48 63
3 48 83
3 48 134
3 49 3
3 49 11
3 49 19
3 49 25
3 49 26
3 49 34
3 49 40
3 49 51
3 49 55
3 49 57
3 49 59
3 49 97
3 49 112
3 50 23
3 50 25
3 50 26
3 50 73
3 50 106
3 50 127
3 51 13
3 51 22
3 51 23
3 51 25
3 51 61
3 51 78
3 51 84
3 51 88
3 51 97
3 51 129
3 52 5
3 52 9
3 52 14
3 52 17
3 52 21
3 52 24
3 52 28
3 52 30
3 52 33
3 52 43
3 52 46
3 52 49
3 52 50
3 52 89
3 52 98
3 52 100
3 52 110
3 52 116
3 53 4
3 53 5
3 53 7
3 53 10
3 53 17
3 53 23
3 53 37
3 53 39
3 53 49
3 53 54
3 53 56
3 53 62
3 54 0
3 54 9
3 54 11
3 54 18
3 54 25
3 54 30
3 54 33
3 54 105
3 54 131
3 55 2
3 55 7
3 55 8
3 55 10
3 55 23
3 55 35
3 55 41
3 55 42
3 55 52
3 55 61
3 55 91
3 55 111
3 55 121
3 56 1
3 56 2
3 56 6
3 56 18
3 56 28
3 56 29
3 56 30
3 56 35
3 56 41
3 56 44
3 56 51
3 56 59
3 56 84
3 56 125
3 57 8
3 57 10
3 57 20
3 57 22
3 57 26
3 57 28
3 57 32
3 57 34
3 57 42
3 57 52
3 57 55
3 57 57
3 57 80
3 57 111
3 57 116
3 58 7
3 58 15
3 58 25
3 58 26
3 58 30
3 58 35
3 58 43
3 58 44
3 58 45
3 58 53
3 58 54
3 58 92
3 58 114
3 58 121
3 58 124
3 59 8
3 59 11
3 59 13
3 59 16
3 59 37
3 59 43
3 59 44
3 59 48
3 59 49
3 59 53
3 59 112
3 59 114
3 60 0
3 60 21
3 60 41
3 60 78
3 60 100
3 60 116
3 60 127
3 61 7
3 61 15
3 61 26
3 61 27
3 61 32
3 61 35
3 61 48
3 61 51
3 61 52
3 61 88
3 61 109
3 62 10
3 62 15
3 62 17
3 62 22
3 62 47
3 62 48
3 62 56
3 62 60
3 62 84
3 62 103
3 62 105
3 63 10
3 63 16
3 63 17
3 63 23
3 63 28
3 63 51
3 63 61
3 63 99
3 64 17
3 64 24
3 64 76
3 65 27
3 65 40
3 65 55
3 65 130
3 66 6
3 66 12
3 67 3
3 67 63
3 68 0
3 68 22
3 68 66
3 68 73
3 68 112
3 68 126
3 69 14
3 69 119
3 69 131
3 70 20
3 70 28
3 70 36
3 70 43
3 70 50
3 70 69
3 70 100
3 71 26
3 71 61
3 71 77
3 71 117
3 72 13
3 72 18
3 72 28
3 72 57
3 72 122
3 73 17
3 73 68
3 74 7
3 74 23
3 74 63
3 74 74
3 74 75
3 74 83
3 75 3
3 75 7
3 75 14
3 75 18
3 75 22
3 75 34
3 75 54
3 76 22
3 76 89
3 76 101
3 77 33
3 77 65
3 78 27
3 78 53
3 78 66
3 78 85
3 78 120
3 79 53
3 80 56
3 80 98
3 80 120
3 81 7
3 81 12
3 81 21
3 81 24
3 81 42
3 81 58
3 81 66
3 82 28
3 82 42
3 82 66
3 82 68
3 82 123
3 83 8
3 83 54
3 84 40
3 84 60
3 84 117
3 86 6
3 86 16
3 86 24
3 87 110
3 88 19
3 88 93
3 88 125
3 89 2
3 89 39
3 89 56
3 89 71
3 89 85
3 90 35
3 91 8
3 91 24
3 91 29
3 91 62
3 91 111
3 92 13
3 92 18
3 92 30
3 92 34
3 92 92
3 92 118
3 93 57
3 93 101
3 94 5
3 94 9
3 94 19
3 94 35
3 96 2
3 96 5
3 96 28
3 96 45
3 96 62
3 96 84
3 96 116
3 97 6
3 97 16
3 98 20
3 98 83
3 99 8
3 99 11
3 99 57
3 100 85
3 100 95
3 100 110
3 101 4
3 101 67
3 101 132
3 102 19
3 102 84
3 102 105
3 103 119
3 103 129
3 104 31
3 104 33
3 105 0
3 105 24
3 105 30
3 106 13
3 106 74
3 107 30
3 107 49
3 107 59
3 107 81
3 107 101
3 107 126
3 108 19
3 108 23
3 108 25
3 108 122
3 109 21
3 109 128
3 110 37
3 110 54
3 110 89
3 111 0
3 111 5
3 111 26
3 111 30
3 111 35
3 111 38
3 111 41
3 111 55
3 112 27
3 112 112
3 113 69
3 113 81
3 114 30
3 114 32
3 114 103
3 115 28
3 115 79
3 115 83
3 116 42
3 117 3
3 117 16
3 117 23
3 117 120
3 118 91
3 120 16
3 120 54
3 120 55
3 120 92
3 121 1
3 121 58
3 121 65
3 121 88
3 121 114
3 121 116
3 122 14
3 122 54
3 122 64
3 123 73
3 123 76
3 124 50
3 124 58
3 124 122
3 125 39
3 125 45
3 125 59
3 125 73
3 126 67
3 126 81
3 127 21
3 127 33
3 127 72
3 127 76
3 127 124
3 128 2
3 128 21
3 128 28
3 128 44
3 128 57
3 129 4
3 129 66
3 129 67
3 129 70
3 130 5
3 130 122
3 132 0
3 132 8
3 132 130
3 133 6
3 133 40
3 134 18
3 134 45
3 134 86
3 134 91
3 134 119
4 0 3
4 0 26
4 0 32
4 0 34
4 0 37
4 0 38
4 0 41
4 0 59
4 0 68
4 0 92
4 0 129
4 1 5
4 1 10
4 1 17
4 1 46
4 1 51
4 1 59
4 1 62
4 1 90
4 1 127
4 1 131
4 2 4
4 2 7
4 2 17
4 2 30
4 2 35
4 2 37
4 2 44
4 2 49
4 2 51
4 2 55
4 2 87
4 2 111
4 3 1
4 3 2
4 3 6
4 3 13
4 3 21
4 3 22
4 3 26
4 3 30
4 3 39
4 3 42
4 3 71
4 4 0
4 4 15
4 4 22
4 4 26
4 4 28
4 4 30
4 4 31
4 4 36
4 4 41
4 4 43
4 4 46
4 4 48
4 4 93
4 4 97
4 4 122
4 4 128
4 5 3
4 5 4
4 5 20
4 5 23
4 5 29
4 5 44
4 5 49
4 5 60
4 5 81
4 5 91
4 5 96
4 5 121
4 5 123
4 6 8
4 6 13
4 6 16
4 6 17
4 6 35
4 6 46
4 6 57
4 6 60
4 6 126
4 7 4
4 7 5
4 7 9
4 7 18
4 7 24
4 7 27
4 7 38
4 7 44
4 7 48
4 7 54
4 7 58
4 7 78
4 7 79
4 8 2
4 8 16
4 8 17
4 8 19
4 8 26
4 8 28
4 8 30
4 8 36
4 8 38
4 8 49
4 8 56
4 8 62
4 8 66
4 8 96
4 8 101
4 9 13
4 9 25
4 9 31
4 9 39
4 9 42
4 9 48
4 9 53
4 9 55
4 9 72
4 9 91
4 9 94
4 9 104
4 10 19
4 10 20
4 10 21
4 10 26
4 10 28
4 10 31
4 10 42
4 10 43
4 10 44
4 10 45
4 10 50
4 10 52
4 10 56
4 10 62
4 11 10
4 11 16
4 11 25
4 11 29
4 11 31
4 11 32
4 11 39
4 11 97
4 11 104
4 12 4
4 12 5
4 12 21
4 12 29
4 12 32
4 12 37
4 12 44
4 12 45
4 12 50
4 12 58
4 12 59
4 12 62
4 12 74
4 12 91
4 12 110
4 12 117
4 13 7
4 13 22
4 13 25
4 13 42
4 13 43
4 13 45
4 13 60
4 13 87
4 13 104
4 13 114
4 13 127
4 14 0
4 14 11
4 14 14
4 14 17
4 14 26
4 14 31
4 14 37
4 14 39
4 14 53
4 14 56
4 14 60
4 14 69
4 14 83
4 14 98
4 14 99
4 14 102
4 15 4
4 15 7
4 15 8
4 15 11
4 15 17
4 15 23
4 15 39
4 15 41
4 15 85
4 15 95
4 15 100
4 15 112
4 16 0
4 16 2
4 16 3
4 16 9
4 16 22
4 16 43
4 16 53
4 16 58
4 16 64
4 16 103
4 16 118
4 17 2
4 17 4
4 17 5
4 17 12
4 17 32
4 17 33
4 17 37
4 17 40
4 17 48
4 17 50
4 17 63
4 17 65
4 17 89
4 17 111
4 17 127
4 18 0
4 18 8
4 18 14
4 18 21
4 18 22
4 18 28
4 18 39
4 18 46
4 18 47
4 18 52
4 18 58
4 18 75
4 18 82
4 18 117
4 19 0
4 19 3
4 19 12
4 19 20
4 19 27
4 19 29
4 19 30
4 19 37
4 19 40
4 19 44
4 19 46
4 19 53
4 19 57
4 19 91
4 19 100
4 20 2
4 20 4
4 20 15
4 20 18
4 20 22
4 20 24
4 20 27
4 20 34
4 20 45
4 20 52
4 20 53
4 20 57
4 20 58
4 20 65
4 20 73
4 20 86
4 20 97
4 20 100
4 20 105
4 20 132
4 21 9
4 21 34
4 21 37
4 21 43
4 21 46
4 21 57
4 21 59
4 21 60
4 21 61
4 21 72
4 21 90
4 21 91
4 21 97
4 21 117
4 22 7
4 22 12
4 22 22
4 22 26
4 22 32
4 22 35
4 22 41
4 22 43
4 22 45
4 22 49
4 22 58
4 22 61
4 22 73
4 22 101
4 22 105
4 22 107
4 22 130
4 23 7
4 23 10
4 23 14
4 23 28
4 23 35
4 23 37
4 23 38
4 23 48
4 23 49
4 23 53
4 23 60
4 23 85
4 23 121
4 24 2
4 24 14
4 24 18
4 24 19
4 24 32
4 24 43
4 24 44
4 24 49
4 24 51
4 24 52
4 24 54
4 24 57
4 24 59
4 24 114
4 24 121
4 25 5
4 25 6
4 25 7
4 25 11
4 25 12
4 25 17
4 25 24
4 25 25
4 25 37
4 25 44
4 25 46
4 25 85
4 25 90
4 25 123
4 25 133
4 26 4
4 26 31
4 26 34
4 26 39
4 26 57
4 26 61
4 26 65
4 26 81
4 26 111
4 27 18
4 27 19
4 27 21
4 27 26
4 27 28
4 27 39
4 27 47
4 27 51
4 27 56
4 27 66
4 27 75
4 27 83
4 27 84
4 28 5
4 28 8
4 28 23
4 28 24
4 28 26
4 28 28
4 28 29
4 28 30
4 28 35
4 28 41
4 28 43
4 28 47
4 28 50
4 28 51
4 28 59
4 28 60
4 28 112
4 28 122
4 29 0
4 29 5
4 29 19
4 29 30
4 29 55
4 29 61
4 29 67
4 29 124
4 29 132
4 30 6
4 30 13
4 30 20
4 30 22
4 30 23
4 30 29
4 30 45
4 30 49
4 30 50
4 30 58
4 30 62
4 30 100
4 31 3
4 31 12
4 31 15
4 31 21
4 31 22
4 31 23
4 31 24
4 31 38
4 31 43
4 31 44
4 31 45
4 31 50
4 31 51
4 31 53
4 31 81
4 31 84
4 31 112
4 32 9
4 32 12
4 32 27
4 32 29
4 32 33
4 32 49
4 32 70
4 32 112
4 32 113
4 32 125
4 33 5
4 33 19
4 33 22
4 33 32
4 33 33
4 33 44
4 33 52
4 33 55
4 33 58
4 33 102
4 33 111
4 34 5
4 34 10
4 34 13
4 34 18
4 34 25
4 34 28
4 34 30
4 34 53
4 34 55
4 34 56
4 34 61
4 34 62
4 34 127
4 35 33
4 35 36
4 35 39
4 35 40
4 35 43
4 35 49
4 35 58
4 35 60
4 35 62
4 35 91
4 35 104
4 36 14
4 36 20
4 36 36
4 36 40
4 36 42
4 36 44
4 36 47
4 36 56
4 36 57
4 36 100
4 36 103
4 37 13
4 37 27
4 37 34
4 37 51
4 37 55
4 37 60
4 37 63
4 37 75
4 38 8
4 38 13
4 38 33
4 38 37
4 38 39
4 38 45
4 38 54
4 38 59
4 38 62
4 38 68
4 38 81
4 38 86
4 38 124
4 38 128
4 38 134
4 39 7
4 39 13
4 39 46
4 39 48
4 39 54
4 39 58
4 39 98
4 39 121
4 39 122
4 39 126
4 40 1
4 40 8
4 40 23
4 40 27
4 40 29
4 40 39
4 40 62
4 40 68
4 40 69
4 40 78
4 40 86
4 40 92
4 40 103
4 40 105
4 41 11
4 41 13
4 41 19
4 41 23
4 41 25
4 41 33
4 41 37
4 41 38
4 41 48
4 41 59
4 41 61
4 41 87
4 41 92
4 42 8
4 42 13
4 42 20
4 42 32
4 42 38
4 42 49
4 42 54
4 42 57
4 42 59
4 42 61
4 42 97
4 43 1
4 43 10
4 43 16
4 43 29
4 43 37
4 43 46
4 43 48
4 43 103
4 44 5
4 44 17
4 44 18
4 44 33
4 44 44
4 44 61
4 44 88
4 44 102
4 44 104
4 44 111
4 44 118
4 45 4
4 45 12
4 45 27
4 45 31
4 45 35
4 45 36
4 45 38
4 45 44
4 45 54
4 45 55
4 45 60
4 45 62
4 45 79
4 45 87
4 45 131
4 46 4
4 46 49
4 46 58
4 46 67
4 46 95
4 46 97
4 47 2
4 47 10
4 47 18
4 47 36
4 47 38
4 47 39
4 47 54
4 47 56
4 47 118
4 48 0
4 48 1
4 48 3
4 48 8
4 48 9
4 48 12
4 48 17
4 48 18
4 48 21
4 48 22
4 48 24
4 48 35
4 48 39
4 48 47
4 48 58
4 49 41
4 49 44
4 49 61
4 49 99
4 49 107
4 49 128
4 50 3
4 50 7
4 50 9
4 50 13
4 50 21
4 50 42
4 50 50
4 50 51
4 50 69
4 50 126
4 51 8
4 51 12
4 51 13
4 51 16
4 51 17
4 51 22
4 51 25
4 51 34
4 51 39
4 51 42
4 51 56
4 51 67
4 51 120
4 52 4
4 52 5
4 52 14
4 52 30
4 52 34
4 52 38
4 52 42
4 52 46
4 52 50
4 52 69
4 53 5
4 53 10
4 53 33
4 53 36
4 53 38
4 53 48
4 53 49
4 53 134
4 54 0
4 54 4
4 54 10
4 54 14
4 54 26
4 54 30
4 54 36
4 54 38
4 54 42
4 54 44
4 54 45
4 54 104
4 54 107
4 54 109
4 54 131
4 55 7
4 55 14
4 55 21
4 55 29
4 55 45
4 55 60
4 55 61
4 55 62
4 55 114
4 55 128
4 56 0
4 56 6
4 56 15
4 56 21
4 56 26
4 56 36
4 56 42
4 56 45
4 56 55
4 56 64
4 56 127
4 57 5
4 57 7
4 57 24
4 57 28
4 57 30
4 57 32
4 57 45
4 57 47
4 57 49
4 57 54
4 57 84
4 57 95
4 57 101
4 57 122
4 58 4
4 58 9
4 58 11
4 58 12
4 58 25
4 58 34
4 58 35
4 58 44
4 58 57
4 58 65
4 58 134
4 59 1
4 59 29
4 59 35
4 59 36
4 59 40
4 59 47
4 59 74
4 59 89
4 60 0
4 60 3
4 60 11
4 60 15
4 60 20
4 60 21
4 60 28
4 60 29
4 60 40
4 60 46
4 60 59
4 60 109
4 61 18
4 61 31
4 61 36
4 61 38
4 61 39
4 61 59
4 61 68
4 61 69
4 61 83
4 61 85
4 61 109
4 61 132
4 62 2
4 62 9
4 62 11
4 62 12
4 62 20
4 62 29
4 62 39
4 62 46
4 62 56
4 62 61
4 62 110
4 63 4
4 63 12
4 63 133
4 64 30
4 64 41
4 64 125
4 65 71
4 65 84
4 65 114
4 65 127
4 66 22
4 66 78
4 67 25
4 67 38
4 67 78
4 67 109
4 68 1
4 68 40
4 68 60
4 68 73
4 68 108
4 68 117
4 69 91
4 70 29
4 70 78
4 71 1
4 71 27
4 71 32
4 71 38
4 71 39
4 71 51
4 71 86
4 71 104
4 71 123
4 72 4
4 72 134
4 73 22
4 73 35
4 73 117
4 73 133
4 74 47
4 74 86
4 74 98
4 74 109
4 75 26
4 75 105
4 76 6
4 76 31
4 76 52
4 76 106
4 77 3
4 77 4
4 77 29
4 77 32
4 77 57
4 77 60
4 77 62
4 77 65
4 77 122
4 78 32
4 78 92
4 78 96
4 78 98
4 78 131
4 79 20
4 79 22
4 79 36
4 79 65
4 80 7
4 80 49
4 80 64
4 80 129
4 81 17
4 81 36
4 81 53
4 81 108
4 81 123
4 81 125
4 82 24
4 82 44
4 82 100
4 82 109
4 83 17
4 83 26
4 83 28
4 83 47
4 83 61
4 83 120
4 83 126
4 84 51
4 84 59
4 84 67
4 84 120
4 85 7
4 85 45
4 85 47
4 85 59
4 85 79
4 86 17
4 86 31
4 86 125
4 87 19
4 87 45
4 87 51
4 87 92
4 87 94
4 88 6
4 88 11
4 88 50
4 89 11
4 89 35
4 89 47
4 89 50
4 90 3
4 90 32
4 90 36
4 90 56
4 90 90
4 91 41
4 91 53
4 91 58
4 92 37
4 92 99
4 93 18
4 93 105
4 94 0
4 94 4
4 94 17
4 94 51
4 95 60
4 96 24
4 96 57
4 96 83
4 97 0
4 97 21
4 97 72
4 97 133
4 99 32
4 99 39
4 99 52
4 100 2
4 100 32
4 100 42
4 100 56
4 101 35
4 101 48
4 101 50
4 101 56
4 101 127
4 102 18
4 102 54
4 102 61
4 102 121
4 102 128
4 103 27
4 103 62
4 103 94
4 104 1
4 104 62
4 104 99
4 105 22
4 105 27
4 105 121
4 106 9
4 106 14
4 106 30
4 106 92
4 107 21
4 107 40
4 107 76
4 107 82
4 108 4
4 108 29
4 108 46
4 108 125
4 108 134
4 109 11
4 109 21
4 109 50
4 109 116
4 110 22
4 110 39
4 110 42
4 110 98
4 111 29
4 111 45
4 111 53
4 111 91
4 111 92
4 111 112
4 112 26
4 112 53
4 112 71
4 112 109
4 112 124
4 112 130
4 113 52
4 113 69
4 113 94
4 113 100
4 114 83
4 115 0
4 115 32
4 116 6
4 116 22
4 116 27
4 116 29
4 116 57
4 116 91
4 117 15
4 117 81
4 117 82
4 117 85
4 117 95
4 117 104
4 117 107
4 117 109
4 117 116
4 117 134
4 118 9
4 118 21
4 118 40
4 118 96
4 118 97
4 119 25
4 119 30
4 120 13
4 120 62
4 120 70
4 121 11
4 121 26
4 121 73
4 121 77
4 122 19
4 122 54
4 122 108
4 122 134
4 123 1
4 123 4
4 123 12
4 123 29
4 123 40
4 123 50
4 124 27
4 124 36
4 124 41
4 124 126
4 125 18
4 125 54
4 126 9
4 126 13
4 126 20
4 126 43
4 126 62
4 127 53
4 127 102
4 128 10
4 128 34
4 128 50
4 128 55
4 129 35
4 129 86
4 129 107
4 129 112
4 130 28
4 130 89
4 130 94
4 131 30
4 131 51
4 131 99
4 131 124
4 132 5
4 132 6
4 132 129
4 133 47
4 134 8
4 134 31
4 134 91
5 0 28
5 0 37
5 0 42
5 0 47
5 0 49
5 0 63
5 0 102
5 1 2
5 1 3
5 1 23
5 1 24
5 1 25
5 1 29
5 1 43
5 1 51
5 1 60
5 1 92
5 1 94
5 1 134
5 2 6
5 2 10
5 2 12
5 2 14
5 2 18
5 2 25
5 2 29
5 2 32
5 2 34
5 2 38
5 2 43
5 2 50
5 2 71
5 3 13
5 3 27
5 3 28
5 3 30
5 3 39
5 3 44
5 3 45
5 3 48
5 3 52
5 3 53
5 3 55
5 3 61
5 3 107
5 3 114
5 3 120
5 4 7
5 4 9
5 4 10
5 4 13
5 4 17
5 4 31
5 4 34
5 4 41
5 4 50
5 4 53
5 4 61
5 4 77
5 5 7
5 5 10
5 5 27
5 5 28
5 5 45
5 5 57
5 5 58
5 5 74
5 5 84
5 5 126
5 5 128
5 6 3
5 6 27
5 6 36
5 6 49
5 6 52
5 6 55
5 6 59
5 6 87
5 7 11
5 7 12
5 7 18
5 7 38
5 7 59
5 7 78
5 8 7
5 8 18
5 8 25
5 8 26
5 8 33
5 8 35
5 8 42
5 8 85
5 8 112
5 9 0
5 9 9
5 9 12
5 9 24
5 9 28
5 9 30
5 9 36
5 9 37
5 9 41
5 9 42
5 9 44
5 9 45
5 9 48
5 9 49
5 9 51
5 9 54
5 9 67
5 10 4
5 10 5
5 10 7
5 10 9
5 10 15
5 10 17
5 10 33
5 10 36
5 10 38
5 10 41
5 10 76
5 10 91
5 10 112
5 10 114
5 11 0
5 11 1
5 11 18
5 11 23
5 11 40
5 11 55
5 11 61
5 11 108
5 11 127
5 12 8
5 12 11
5 12 13
5 12 15
5 12 16
5 12 20
5 12 32
5 12 33
5 12 35
5 12 45
5 12 55
5 12 95
5 12 110
5 12 128
5 13 0
5 13 20
5 13 27
5 13 33
5 13 48
5 13 50
5 13 58
5 13 59
5 13 62
5 14 9
5 14 10
5 14 13
5 14 16
5 14 26
5 14 29
5 14 36
5 14 42
5 14 44
5 14 46
5 14 53
5 14 55
5 14 60
5 14 83
5 15 4
5 15 10
5 15 19
5 15 22
5 15 24
5 15 25
5 15 28
5 15 29
5 15 31
5 15 37
5 15 40
5 15 42
5 15 45
5 15 56
5 15 57
5 15 58
5 15 99
5 15 107
5 15 114
5 16 1
5 16 9
5 16 15
5 16 40
5 16 47
5 16 54
5 16 55
5 16 82
5 17 1
5 17 18
5 17 28
5 17 39
5 17 49
5 17 51
5 17 63
5 17 84
5 17 104
5 17 111
5 17 121
5 18 2
5 18 4
5 18 6
5 18 8
5 18 9
5 18 13
5 18 26
5 18 32
5 18 41
5 18 46
5 18 52
5 18 61
5 18 66
5 18 91
5 18 107
5 18 110
5 18 130
5 19 13
5 19 15
5 19 16
5 19 18
5 19 20
5 19 25
5 19 27
5 19 33
5 19 40
5 19 48
5 19 63
5 19 100
5 19 104
5 20 2
5 20 10
5 20 14
5 20 17
5 20 19
5 20 27
5 20 28
5 20 32
5 20 33
5 20 50
5 20 60
5 21 8
5 21 13
5 21 18
5 21 23
5 21 24
5 21 27
5 21 36
5 21 44
5 21 48
5 21 58
5 21 63
5 21 69
5 21 83
5 21 102
5 21 115
5 21 132
5 22 9
5 22 11
5 22 26
5 22 43
5 22 45
5 22 48
5 22 60
5 22 78
5 22 103
5 22 115
5 22 118
5 23 17
5 23 19
5 23 23
5 23 24
5 23 28
5 23 34
5 23 37
5 23 41
5 23 49
5 23 56
5 23 85
5 24 0
5 24 5
5 24 8
5 24 16
5 24 19
5 24 22
5 24 23
5 24 28
5 24 34
5 24 38
5 24 39
5 24 43
5 24 44
5 24 47
5 24 51
5 24 57
5 24 61
5 24 82
5 24 91
5 24 133
5 24 134
5 25 4
5 25 5
5 25 9
5 25 22
5 25 33
5 25 39
5 25 55
5 25 86
5 25 125
5 26 5
5 26 6
5 26 16
5 26 20
5 26 25
5 26 34
5 26 36
5 26 40
5 26 41
5 26 43
5 26 48
5 26 74
5 26 110
5 27 1
5 27 4
5 27 11
5 27 24
5 27 39
5 27 43
5 27 47
5 27 48
5 27 53
5 27 57
5 27 61
5 27 63
5 27 79
5 27 109
5 27 132
5 28 19
5 28 25
5 28 28
5 28 42
5 28 48
5 28 55
5 28 60
5 28 74
5 29 2
5 29 19
5 29 22
5 29 34
5 29 38
5 29 43
5 29 58
5 29 59
5 29 107
5 29 135
5 30 4
5 30 15
5 30 26
5 30 29
5 30 31
5 30 34
5 30 36
5 30 38
5 30 41
5 30 50
5 30 56
5 30 103
5 30 106
5 30 119
5 31 1
5 31 2
5 31 25
5 31 37
5 31 39
5 31 43
5 31 51
5 31 56
5 31 59
5 31 61
5 31 63
5 31 84
5 31 122
5 32 16
5 32 17
5 32 25
5 32 29
5 32 31
5 32 34
5 32 48
5 32 61
5 32 76
5 32 89
5 32 94
5 33 1
5 33 11
5 33 13
5 33 14
5 33 15
5 33 18
5 33 21
5 33 35
5 33 36
5 33 44
5 33 50
5 33 52
5 33 62
5 33 83
5 33 87
5 33 123
5 33 136
5 34 2
5 34 13
5 34 14
5 34 16
5 34 18
5 34 25
5 34 26
5 34 32
5 34 56
5 35 2
5 35 19
5 35 32
5 35 43
5 35 52
5 35 56
5 35 58
5 35 117
5 35 135
5 35 136
5 36 3
5 36 9
5 36 12
5 36 13
5 36 15
5 36 18
5 36 26
5 36 35
5 36 43
5 36 56
5 36 65
5 36 66
5 36 90
5 36 100
5 36 109
5 36 115
5 37 1
5 37 8
5 37 12
5 37 14
5 37 17
5 37 27
5 37 47
5 37 51
5 37 52
5 37 56
5 37 57
5 37 58
5 37 73
5 37 92
5 37 116
5 37 123
5 37 127
5 38 3
5 38 5
5 38 9
5 38 30
5 38 44
5 38 45
5 38 51
5 38 55
5 38 59
5 38 78
5 39 4
5 39 25
5 39 39
5 39 40
5 39 42
5 39 49
5 39 54
5 39 56
5 39 69
5 39 75
5 39 94
5 39 110
5 39 112
5 39 114
5 39 118
5 39 124
5 40 1
5 40 11
5 40 15
5 40 20
5 40 42
5 40 54
5 40 75
5 40 102
5 41 4
5 41 5
5 41 17
5 41 18
5 41 20
5 41 28
5 41 36
5 41 53
5 41 56
5 41 72
5 41 105
5 42 3
5 42 4
5 42 13
5 42 16
5 42 17
5 42 18
5 42 33
5 42 50
5 42 74
5 42 131
5 43 1
5 43 5
5 43 8
5 43 12
5 43 42
5 43 45
5 43 47
5 43 49
5 43 65
5 43 69
5 43 100
5 43 101
5 43 107
5 43 129
5 44 4
5 44 8
5 44 10
5 44 11
5 44 17
5 44 26
5 44 27
5 44 33
5 44 36
5 44 48
5 44 66
5 45 1
5 45 2
5 45 14
5 45 17
5 45 18
5 45 31
5 45 38
5 45 47
5 45 50
5 45 52
5 45 56
5 45 58
5 45 91
5 45 132
5 46 5
5 46 25
5 46 28
5 46 51
5 46 59
5 46 78
5 46 117
5 46 130
5 47 3
5 47 11
5 47 14
5 47 15
5 47 19
5 47 21
5 47 45
5 47 54
5 47 60
5 47 81
5 47 91
5 47 101
5 47 104
5 47 113
5 47 118
5 48 4
5 48 6
5 48 7
5 48 18
5 48 30
5 48 33
5 48 35
5 48 37
5 48 47
5 48 52
5 48 56
5 48 58
5 48 59
5 48 63
5 48 68
5 48 83
5 48 132
5 49 3
5 49 5
5 49 23
5 49 24
5 49 26
5 49 28
5 49 35
5 49 46
5 49 48
5 49 49
5 49 52
5 49 53
5 49 63
5 49 73
5 49 91
5 50 3
5 50 5
5 50 15
5 50 18
5 50 45
5 50 50
5 50 96
5 50 120
5 51 6
5 51 12
5 51 32
5 51 38
5 51 45
5 51 49
5 51 88
5 51 112
5 52 3
5 52 14
5 52 18
5 52 19
5 52 20
5 52 36
5 52 41
5 52 52
5 52 63
5 52 86
5 52 98
5 53 0
5 53 11
5 53 39
5 53 54
5 53 72
5 53 81
5 53 82
5 53 120
5 53 121
5 53 122
5 53 127
5 53 133
5 54 0
5 54 17
5 54 35
5 54 38
5 55 4
5 55 11
5 55 16
5 55 31
5 55 34
5 55 35
5 55 41
5 55 54
5 55 56
5 55 62
5 55 80
5 55 93
5 55 114
5 56 7
5 56 14
5 56 18
5 56 23
5 56 25
5 56 31
5 56 60
5 56 63
5 56 67
5 56 87
5 57 0
5 57 8
5 57 12
5 57 19
5 57 45
5 57 56
5 57 57
5 57 114
5 57 133
5 58 19
5 58 27
5 58 36
5 58 49
5 58 67
5 58 70
5 58 88
5 58 109
5 59 7
5 59 15
5 59 28
5 59 39
5 59 41
5 59 47
5 59 58
5 59 80
5 59 107
5 59 131
5 60 3
5 60 4
5 60 12
5 60 17
5 60 18
5 60 21
5 60 54
5 60 59
5 60 62
5 60 63
5 60 69
5 60 78
5 60 98
5 60 101
5 60 103
5 60 106
5 60 122
5 61 6
5 61 11
5 61 17
5 61 19
5 61 22
5 61 23
5 61 28
5 61 37
5 61 38
5 61 40
5 61 60
5 61 62
5 61 122
5 62 1
5 62 5
5 62 10
5 62 13
5 62 15
5 62 26
5 62 32
5 62 38
5 62 43
5 62 51
5 62 61
5 62 73
5 62 94
5 62 125
5 62 128
5 63 67
5 63 91
5 63 96
5 63 131
5 64 21
5 65 10
5 65 14
5 65 19
5 65 20
5 65 40
5 66 28
5 66 30
5 66 62
5 67 32
5 67 79
5 67 128
5 68 41
5 68 50
5 68 125
5 69 19
5 69 58
5 69 61
5 69 63
5 69 69
5 69 90
5 70 26
5 70 77
5 71 2
5 71 26
5 71 52
5 71 88
5 71 106
5 72 18
5 72 22
5 72 40
5 72 67
5 72 86
5 72 97
5 73 5
5 73 12
5 73 21
5 73 25
5 73 97
5 74 5
5 74 11
5 74 12
5 74 59
5 74 60
5 74 89
5 75 26
5 75 33
5 75 43
5 75 46
5 75 132
5 76 52
5 76 69
5 77 40
5 77 46
5 77 66
5 79 35
5 79 38
5 79 107
5 80 24
5 80 46
5 80 57
5 81 49
5 82 20
5 82 30
5 83 16
5 83 19
5 83 27
5 83 39
5 83 47
5 83 58
5 83 73
5 83 109
5 83 113
5 83 132
5 84 1
5 84 10
5 84 12
5 84 15
5 84 21
5 84 26
5 84 54
5 84 61
5 84 90
5 84 122
5 85 105
5 86 23
5 86 36
5 86 98
5 86 130
5 87 1
5 87 37
5 87 88
5 87 97
5 87 123
5 88 25
5 88 103
5 89 22
5 89 53
5 90 17
5 90 54
5 90 134
5 92 31
5 92 54
5 93 1
5 93 2
5 93 104
5 94 1
5 94 24
5 94 47
5 94 103
5 94 123
5 95 5
5 95 26
5 95 42
5 95 54
5 95 133
5 96 40
5 96 52
5 96 92
5 97 33
5 97 36
5 97 43
5 97 56
5 97 103
5 97 126
5 98 1
5 98 3
5 98 10
5 98 15
5 98 16
5 98 60
5 98 72
5 98 126
5 99 16
5 99 76
5 99 124
5 100 16
5 100 31
5 100 58
5 100 118
5 101 22
5 101 32
5 101 41
5 101 46
5 101 86
5 101 89
5 101 109
5 102 77
5 102 85
5 103 50
5 103 86
5 103 90
5 103 100
5 104 7
5 104 13
5 104 32
5 104 50
5 105 34
5 105 43
5 105 52
5 105 54
5 105 71
5 106 37
5 106 50
5 106 56
5 106 123
5 107 55
5 107 84
5 107 102
5 108 26
5 108 27
5 108 70
5 108 85
5 108 93
5 108 112
5 108 121
5 109 13
5 109 69
5 109 86
5 109 128
5 109 133
5 110 47
5 110 124
5 110 126
5 111 1
5 111 19
5 111 40
5 111 49
5 111 54
5 111 70
5 111 93
5 111 98
5 111 110
5 111 117
5 112 2
5 112 33
5 112 44
5 112 48
5 112 68
5 113 1
5 113 3
5 113 39
5 114 129
5 114 131
5 115 5
5 115 23
5 115 128
5 116 17
5 116 21
5 116 58
5 116 63
5 116 116
5 117 27
5 117 37
5 117 54
5 118 3
5 118 36
5 118 55
5 118 98
5 118 120
5 119 53
5 120 24
5 120 26
5 120 28
5 120 40
5 120 41
5 120 59
5 121 7
5 122 11
5 122 47
5 122 115
5 122 126
5 122 136
5 123 13
5 123 20
5 123 33
5 123 48
5 123 53
5 123 95
5 123 126
5 124 38
5 124 106
5 124 109
5 125 46
5 125 71
5 125 114
5 126 23
5 126 39
5 126 100
5 126 120
5 127 4
5 127 19
5 127 29
5 128 45
5 128 46
5 128 52
5 129 44
5 129 46
5 129 124
5 130 35
5 130 134
5 131 7
5 131 54
5 131 85
5 131 91
5 131 98
5 132 4
5 132 9
5 132 37
5 133 21
5 133 47
5 134 0
5 134 16
5 134 36
5 134 39
5 134 49
5 134 55
5 134 107
6 0 11
6 0 12
6 0 13
6 0 17
6 0 22
6 0 26
6 0 33
6 0 43
6 0 48
6 0 49
6 0 50
6 0 56
6 0 57
6 0 59
6 0 60
6 0 88
6 0 99
6 0 107
6 1 5
6 1 8
6 1 10
6 1 20
6 1 25
6 1 33
6 1 36
6 1 41
6 1 43
6 1 59
6 1 74
6 1 134
6 2 16
6 2 36
6 2 38
6 2 41
6 2 44
6 2 55
6 2 60
6 2 69
6 2 75
6 2 77
6 2 98
6 2 128
6 3 0
6 3 12
6 3 16
6 3 22
6 3 29
6 3 33
6 3 37
6 3 39
6 3 48
6 3 61
6 3 69
6 3 110
6 4 1
6 4 4
6 4 11
6 4 23
6 4 24
6 4 31
6 4 35
6 4 43
6 4 45
6 4 48
6 4 51
6 4 52
6 4 54
6 4 60
6 4 100
6 4 114
6 5 2
6 5 15
6 5 16
6 5 38
6 5 43
6 5 50
6 5 54
6 5 55
6 5 59
6 5 61
6 5 62
6 5 65
6 5 74
6 5 78
6 5 111
6 5 114
6 6 11
6 6 15
6 6 21
6 6 26
6 6 34
6 6 39
6 6 44
6 6 46
6 6 66
6 6 85
6 6 121
6 7 7
6 7 9
6 7 16
6 7 27
6 7 37
6 7 46
6 7 53
6 7 94
6 7 101
6 7 120
6 7 123
6 7 131
6 8 21
6 8 22
6 8 27
6 8 52
6 8 53
6 8 69
6 8 80
6 9 10
6 9 13
6 9 16
6 9 21
6 9 22
6 9 43
6 9 53
6 9 59
6 9 81
6 9 93
6 9 134
6 10 2
6 10 4
6 10 11
6 10 21
6 10 29
6 10 38
6 10 45
6 10 47
6 10 49
6 10 51
6 10 58
6 10 76
6 10 96
6 10 114
6 11 4
6 11 16
6 11 18
6 11 28
6 11 31
6 11 33
6 11 34
6 11 38
6 11 44
6 11 70
6 11 86
6 12 17
6 12 19
6 12 21
6 12 23
6 12 24
6 12 28
6 12 43
6 12 49
6 12 50
6 12 67
6 12 80
6 12 81
6 12 98
6 12 102
6 12 107
6 12 126
6 13 0
6 13 10
6 13 22
6 13 37
6 13 41
6 13 45
6 13 47
6 13 51
6 13 53
6 13 60
6 13 61
6 13 70
6 13 104
6 13 112
6 14 0
6 14 5
6 14 17
6 14 20
6 14 22
6 14 26
6 14 33
6 14 43
6 14 45
6 14 47
6 14 54
6 15 2
6 15 11
6 15 12
6 15 13
6 15 31
6 15 33
6 15 35
6 15 42
6 15 54
6 15 74
6 16 0
6 16 1
6 16 6
6 16 23
6 16 42
6 16 44
6 16 50
6 16 55
6 16 67
6 16 70
6 16 85
6 16 96
6 17 29
6 17 37
6 17 45
6 17 46
6 17 49
6 17 55
6 17 57
6 17 60
6 17 61
6 17 66
6 17 91
6 17 102
6 18 5
6 18 7
6 18 22
6 18 26
6 18 34
6 18 37
6 18 55
6 18 56
6 18 88
6 18 97
6 19 8
6 19 22
6 19 29
6 19 31
6 19 34
6 19 36
6 19 47
6 19 50
6 19 57
6 19 73
6 19 125
6 20 5
6 20 24
6 20 53
6 20 61
6 20 71
6 20 87
6 20 105
6 20 110
6 21 3
6 21 9
6 21 12
6 21 18
6 21 23
6 21 25
6 21 27
6 21 51
6 21 52
6 21 55
6 21 74
6 21 90
6 21 93
6 21 115
6 21 117
6 21 122
6 21 129
6 22 4
6 22 7
6 22 9
6 22 10
6 22 31
6 22 34
6 22 42
6 22 44
6 22 51
6 22 52
6 22 79
6 22 90
6 22 95
6 23 3
6 23 20
6 23 22
6 23 28
6 23 33
6 23 47
6 23 50
6 23 54
6 23 56
6 23 61
6 23 64
6 23 89
6 23 98
6 23 122
6 23 124
6 24 2
6 24 9
6 24 11
6 24 28
6 24 31
6 24 34
6 24 46
6 24 85
6 24 94
6 24 130
6 25 1
6 25 6
6 25 20
6 25 27
6 25 34
6 25 78
6 25 132
6 26 17
6 26 34
6 26 40
6 26 50
6 26 52
6 26 60
6 26 104
6 27 0
6 27 10
6 27 11
6 27 17
6 27 19
6 27 21
6 27 23
6 27 36
6 27 38
6 27 54
6 27 59
6 27 74
6 27 75
6 27 123
6 27 128
6 28 12
6 28 14
6 28 15
6 28 17
6 28 27
6 28 32
6 28 36
6 28 48
6 28 51
6 28 56
6 28 79
6 28 95
6 28 110
6 29 1
6 29 9
6 29 25
6 29 30
6 29 38
6 29 40
6 29 52
6 29 115
6 29 128
6 30 16
6 30 17
6 30 22
6 30 30
6 30 35
6 30 42
6 30 53
6 30 58
6 30 59
6 30 60
6 31 2
6 31 3
6 31 5
6 31 8
6 31 10
6 31 11
6 31 28
6 31 34
6 31 45
6 31 50
6 31 51
6 31 54
6 31 56
6 31 60
6 32 0
6 32 8
6 32 11
6 32 12
6 32 23
6 32 36
6 32 39
6 32 59
6 32 67
6 32 89
6 32 126
6 32 128
6 33 17
6 33 23
6 33 29
6 33 45
6 33 49
6 33 53
6 33 54
6 33 57
6 33 106
6 34 8
6 34 10
6 34 28
6 34 29
6 34 31
6 34 44
6 34 45
6 34 48
6 34 60
6 34 63
6 34 89
6 35 2
6 35 7
6 35 11
6 35 26
6 35 28
6 35 49
6 35 50
6 35 51
6 35 58
6 35 79
6 35 111
6 36 4
6 36 5
6 36 8
6 36 16
6 36 19
6 36 22
6 36 23
6 36 24
6 36 42
6 36 49
6 36 53
6 36 58
6 36 61
6 36 74
6 36 82
6 37 9
6 37 14
6 37 17
6 37 22
6 37 24
6 37 25
6 37 28
6 37 31
6 37 35
6 37 38
6 37 43
6 37 46
6 37 61
6 38 3
6 38 6
6 38 34
6 38 43
6 38 55
6 38 57
6 38 60
6 38 61
6 38 76
6 38 81
6 38 129
6 39 0
6 39 2
6 39 4
6 39 17
6 39 20
6 39 26
6 39 27
6 39 32
6 39 37
6 39 43
6 39 48
6 39 62
6 39 64
6 39 87
6 39 111
6 39 119
6 39 127
6 40 2
6 40 3
6 40 9
6 40 14
6 40 15
6 40 16
6 40 24
6 40 26
6 40 29
6 40 39
6 40 43
6 40 46
6 40 56
6 40 58
6 40 96
6 40 99
6 40 116
6 41 4
6 41 6
6 41 7
6 41 12
6 41 13
6 41 14
6 41 16
6 41 21
6 41 39
6 41 40
6 41 50
6 41 58
6 41 62
6 41 70
6 41 107
6 42 0
6 42 7
6 42 11
6 42 12
6 42 17
6 42 21
6 42 26
6 42 33
6 42 35
6 42 50
6 42 56
6 42 73
6 42 75
6 42 81
6 42 100
6 42 108
6 42 134
6 43 0
6 43 4
6 43 24
6 43 33
6 43 35
6 43 47
6 43 48
6 43 55
6 43 61
6 43 79
6 43 104
6 43 125
6 44 1
6 44 9
6 44 16
6 44 32
6 44 33
6 44 36
6 44 41
6 44 44
6 44 49
6 44 57
6 44 81
6 44 102
6 44 127
6 45 1
6 45 2
6 45 16
6 45 17
6 45 21
6 45 25
6 45 33
6 45 47
6 45 52
6 45 62
6 45 86
6 45 107
6 45 117
6 46 1
6 46 3
6 46 22
6 46 25
6 46 28
6 46 36
6 46 49
6 46 62
6 46 70
6 46 93
6 47 2
6 47 5
6 47 10
6 47 31
6 47 39
6 47 46
6 47 53
6 47 66
6 47 116
6 47 129
6 48 4
6 48 13
6 48 17
6 48 31
6 48 32
6 48 36
6 48 40
6 48 42
6 48 47
6 48 59
6 48 62
6 48 127
6 48 129
6 49 16
6 49 18
6 49 21
6 49 26
6 49 27
6 49 28
6 49 29
6 49 31
6 49 33
6 49 36
6 49 37
6 49 39
6 49 44
6 49 57
6 49 58
6 49 105
6 49 120
6 50 7
6 50 14
6 50 16
6 50 20
6 50 26
6 50 34
6 50 42
6 50 53
6 50 58
6 50 59
6 50 62
6 50 76
6 50 112
6 50 114
6 50 123
6 51 2
6 51 10
6 51 20
6 51 34
6 51 35
6 51 39
6 51 54
6 51 60
6 52 9
6 52 17
6 52 18
6 52 33
6 52 37
6 52 45
6 52 53
6 52 60
6 53 9
6 53 11
6 53 14
6 53 21
6 53 22
6 53 25
6 53 32
6 53 34
6 53 48
6 53 57
6 53 60
6 53 61
6 53 67
6 53 69
6 53 71
6 53 78
6 53 86
6 53 107
6 54 1
6 54 9
6 54 19
6 54 29
6 54 30
6 54 31
6 54 36
6 54 37
6 54 38
6 54 40
6 54 43
6 54 63
6 54 98
6 54 103
6 55 4
6 55 10
6 55 22
6 55 27
6 55 34
6 55 90
6 55 96
6 55 118
6 56 8
6 56 11
6 56 14
6 56 18
6 56 20
6 56 31
6 56 41
6 56 54
6 56 55
6 56 59
6 56 70
6 56 102
6 56 126
6 57 5
6 57 7
6 57 16
6 57 23
6 57 25
6 57 28
6 57 29
6 57 32
6 57 34
6 57 35
6 57 45
6 57 51
6 57 62
6 58 14
6 58 25
6 58 31
6 58 37
6 58 48
6 58 54
6 58 74
6 59 27
6 59 37
6 59 42
6 59 47
6 59 53
6 59 68
6 59 71
6 59 88
6 59 92
6 59 113
6 60 3
6 60 9
6 60 14
6 60 22
6 60 28
6 60 39
6 60 42
6 60 45
6 60 49
6 60 51
6 60 57
6 60 58
6 60 85
6 60 94
6 60 95
6 60 101
6 61 0
6 61 11
6 61 12
6 61 17
6 61 24
6 61 28
6 61 30
6 61 37
6 61 42
6 61 56
6 61 58
6 61 62
6 61 89
6 61 126
6 62 13
6 62 15
6 62 17
6 62 18
6 62 41
6 62 46
6 62 58
6 62 71
6 62 83
6 62 90
6 62 114
6 63 4
6 63 7
6 63 16
6 63 19
6 63 40
6 63 42
6 63 43
6 63 49
6 63 51
6 63 53
6 63 54
6 63 55
6 63 116
6 63 128
6 64 22
6 64 61
6 64 74
6 64 89
6 64 91
6 64 98
6 64 104
6 65 24
6 65 26
6 65 43
6 66 5
6 66 19
6 66 78
6 66 104
6 66 124
6 66 126
6 67 8
6 67 29
6 67 110
6 68 0
6 68 33
6 68 112
6 69 45
6 69 51
6 69 74
6 69 118
6 70 2
6 70 4
6 70 13
6 70 20
6 70 29
6 70 69
6 70 71
6 70 111
6 70 134
6 71 29
6 71 41
6 71 52
6 72 0
6 72 44
6 72 58
6 72 98
6 73 0
6 73 31
6 73 49
6 73 70
6 73 133
6 74 100
6 75 23
6 75 31
6 75 55
6 75 102
6 76 1
6 76 13
6 76 16
6 76 28
6 76 44
6 76 89
6 76 112
6 76 132
6 77 1
6 77 9
6 77 92
6 77 133
6 78 9
6 78 22
6 78 30
6 78 33
6 79 15
6 79 24
6 79 53
6 81 22
6 81 30
6 81 111
6 82 58
6 82 65
6 82 66
6 82 72
6 82 114
6 83 9
6 83 83
6 83 89
6 83 127
6 84 2
6 84 18
6 84 33
6 84 54
6 84 103
6 85 8
6 85 60
6 85 70
6 85 81
6 86 61
6 86 65
6 87 9
6 87 14
6 87 58
6 87 85
6 87 90
6 87 113
6 89 41
6 89 44
6 89 53
6 89 63
6 90 13
6 90 19
6 90 64
6 91 107
6 92 77
6 93 121
6 93 132
6 94 32
6 94 83
6 94 110
6 95 4
6 95 17
6 95 54
6 95 87
6 95 119
6 96 40
6 96 111
6 97 8
6 97 44
6 97 120
6 98 45
6 98 52
6 98 124
6 99 15
6 99 61
6 99 66
6 99 71
6 100 2
6 100 6
6 100 12
6 100 55
6 100 106
6 100 113
6 100 122
6 101 1
6 101 38
6 101 39
6 101 59
6 101 73
6 102 18
6 102 32
6 102 42
6 102 46
6 102 58
6 102 85
6 102 109
6 102 112
6 102 115
6 102 125
6 103 33
6 103 51
6 103 74
6 103 111
6 104 47
6 104 48
6 104 116
6 105 14
6 105 54
6 105 56
6 105 114
6 105 121
6 107 9
6 107 21
6 107 40
6 107 45
6 107 54
6 107 92
6 107 133
6 108 72
6 108 75
6 108 109
6 109 54
6 109 77
6 109 78
6 110 30
6 110 33
6 110 92
6 110 134
6 111 9
6 111 28
6 111 41
6 111 58
6 111 79
6 112 6
6 112 49
6 112 50
6 112 53
6 112 70
6 113 0
6 113 13
6 113 63
6 113 121
6 114 8
6 114 40
6 114 54
6 114 63
6 114 65
6 114 123
6 115 2
6 115 21
6 115 39
6 115 87
6 115 95
6 116 8
6 116 27
6 116 54
6 116 55
6 116 71
6 117 36
6 117 53
6 117 62
6 117 64
6 117 71
6 117 94
6 117 112
6 118 104
6 119 62
6 119 134
6 120 14
6 120 52
6 120 86
6 120 116
6 122 18
6 122 19
6 122 92
6 122 104
6 123 48
6 123 81
6 124 18
6 124 43
6 124 49
6 124 61
6 124 68
6 124 72
6 124 81
6 124 116
6 125 7
6 125 67
6 125 95
6 126 0
6 126 48
6 126 112
6 127 35
6 127 61
6 127 85
6 128 3
6 129 13
6 129 17
6 129 23
6 129 86
6 129 103
6 129 116
6 130 4
6 130 30
6 130 34
6 130 46
6 130 105
6 131 13
6 131 36
6 131 58
6 131 65
6 131 126
6 131 127
6 131 130
6 132 4
6 132 24
6 132 27
6 132 44
6 132 94
6 133 60
6 134 3
6 135 22
6 135 56
6 135 61
6 135 132
6 136 29
6 136 33
6 136 44
6 136 45
7 0 1
7 0 2
7 0 11
7 0 18
7 0 21
7 0 29
7 0 44
7 0 56
7 0 59
7 0 62
7 0 74
7 0 101
7 0 105
7 0 124
7 1 0
7 1 10
7 1 16
7 1 18
7 1 22
7 1 29
7 1 36
7 1 39
7 1 47
7 1 59
7 1 62
7 1 84
7 1 93
7 1 96
7 1 99
7 1 116
7 2 7
7 2 15
7 2 17
7 2 19
7 2 24
7 2 25
7 2 27
7 2 29
7 2 32
7 2 36
7 2 42
7 2 46
7 2 134
7 3 12
7 3 19
7 3 22
7 3 27
7 3 33
7 3 41
7 3 42
7 3 44
7 3 55
7 3 57
7 3 61
7 3 72
7 3 112
7 3 132
7 4 9
7 4 12
7 4 15
7 4 19
7 4 22
7 4 26
7 4 34
7 4 35
7 4 40
7 4 48
7 4 49
7 4 71
7 4 95
7 4 124
7 4 128
7 5 2
7 5 16
7 5 28
7 5 38
7 5 41
7 5 52
7 5 56
7 5 75
7 5 104
7 5 105
7 5 122
7 6 13
7 6 16
7 6 17
7 6 24
7 6 35
7 6 44
7 6 48
7 6 56
7 6 60
7 6 100
7 6 113
7 6 118
7 7 7
7 7 11
7 7 19
7 7 24
7 7 28
7 7 32
7 7 34
7 7 56
7 7 106
7 8 13
7 8 14
7 8 16
7 8 17
7 8 22
7 8 26
7 8 32
7 8 36
7 8 50
7 8 55
7 8 73
7 8 121
7 9 3
7 9 12
7 9 13
7 9 16
7 9 20
7 9 21
7 9 30
7 9 33
7 9 37
7 9 39
7 9 40
7 9 59
7 9 79
7 9 86
7 9 104
7 10 1
7 10 3
7 10 4
7 10 6
7 10 13
7 10 14
7 10 28
7 10 33
7 10 34
7 10 40
7 10 44
7 10 48
7 10 51
7 10 59
7 10 103
7 10 111
7 11 1
7 11 5
7 11 9
7 11 14
7 11 22
7 11 34
7 11 41
7 11 46
7 11 51
7 11 68
7 11 73
7 11 75
7 11 77
7 11 85
7 11 100
7 11 109
7 11 112
7 12 2
7 12 6
7 12 8
7 12 10
7 12 12
7 12 22
7 12 30
7 12 34
7 12 47
7 12 51
7 12 52
7 12 53
7 12 56
7 12 59
7 12 62
7 12 63
7 12 105
7 12 128
7 13 10
7 13 11
7 13 19
7 13 35
7 13 37
7 13 56
7 13 59
7 13 61
7 13 62
7 13 67
7 13 75
7 13 106
7 13 124
7 14 2
7 14 3
7 14 14
7 14 20
7 14 31
7 14 41
7 14 45
7 14 48
7 14 83
7 15 4
7 15 5
7 15 14
7 15 30
7 15 31
7 15 42
7 15 43
7 15 46
7 15 60
7 15 120
7 16 17
7 16 42
7 16 60
7 16 73
7 16 82
7 16 99
7 17 8
7 17 9
7 17 23
7 17 27
7 17 30
7 17 31
7 17 36
7 17 38
7 17 39
7 17 40
7 17 45
7 17 47
7 17 59
7 17 60
7 17 94
7 17 100
7 17 117
7 18 3
7 18 7
7 18 12
7 18 14
7 18 23
7 18 30
7 18 37
7 18 41
7 18 50
7 18 55
7 18 96
7 18 109
7 18 118
7 19 5
7 19 23
7 19 24
7 19 25
7 19 28
7 19 31
7 19 33
7 19 40
7 19 46
7 19 50
7 19 57
7 19 79
7 19 93
7 19 110
7 20 1
7 20 3
7 20 10
7 20 12
7 20 29
7 20 30
7 20 35
7 20 36
7 20 45
7 20 47
7 20 49
7 20 57
7 20 59
7 20 96
7 20 111
7 20 124
7 21 8
7 21 9
7 21 10
7 21 15
7 21 25
7 21 47
7 21 49
7 21 56
7 21 62
7 21 72
7 21 88
7 21 106
7 22 0
7 22 3
7 22 4
7 22 9
7 22 11
7 22 17
7 22 20
7 22 29
7 22 42
7 22 47
7 22 52
7 22 61
7 22 97
7 22 115
7 23 1
7 23 2
7 23 5
7 23 6
7 23 7
7 23 13
7 23 33
7 23 43
7 23 50
7 23 53
7 23 54
7 23 55
7 23 71
7 23 83
7 23 105
7 23 125
7 24 0
7 24 25
7 24 41
7 24 58
7 24 59
7 24 69
7 24 111
7 25 2
7 25 5
7 25 28
7 25 30
7 25 43
7 25 45
7 25 47
7 25 56
7 25 74
7 25 80
7 26 5
7 26 16
7 26 25
7 26 40
7 26 59
7 27 2
7 27 19
7 27 22
7 27 31
7 27 39
7 27 40
7 27 47
7 27 52
7 27 58
7 27 133
7 28 0
7 28 2
7 28 14
7 28 23
7 28 29
7 28 30
7 28 38
7 28 40
7 28 51
7 28 61
7 28 78
7 28 86
7 28 87
7 28 91
7 28 108
7 28 121
7 29 4
7 29 6
7 29 19
7 29 25
7 29 31
7 29 37
7 29 55
7 29 61
7 29 64
7 29 96
7 29 116
7 30 1
7 30 10
7 30 14
7 30 15
7 30 19
7 30 30
7 30 37
7 30 50
7 30 56
7 30 73
7 31 7
7 31 10
7 31 24
7 31 26
7 31 29
7 31 37
7 31 45
7 31 46
7 31 48
7 31 53
7 31 57
7 31 62
7 31 120
7 32 6
7 32 12
7 32 17
7 32 20
7 32 23
7 32 25
7 32 28
7 32 37
7 32 48
7 32 63
7 32 64
7 32 65
7 32 74
7 32 75
7 33 3
7 33 7
7 33 8
7 33 20
7 33 40
7 33 42
7 33 56
7 33 107
7 33 123
7 33 134
7 34 11
7 34 21
7 34 26
7 34 28
7 34 41
7 34 46
7 34 48
7 34 50
7 34 61
7 34 90
7 34 102
7 34 108
7 34 128
7 35 0
7 35 19
7 35 24
7 35 26
7 35 32
7 35 35
7 35 38
7 35 40
7 35 42
7 35 52
7 35 53
7 35 62
7 35 72
7 35 122
7 36 3
7 36 12
7 36 20
7 36 24
7 36 27
7 36 37
7 36 41
7 36 42
7 36 45
7 36 50
7 36 58
7 36 60
7 36 97
7 37 0
7 37 9
7 37 11
7 37 18
7 37 20
7 37 21
7 37 31
7 37 39
7 37 50
7 37 55
7 37 67
7 37 90
7 37 92
7 38 3
7 38 4
7 38 6
7 38 9
7 38 28
7 38 36
7 38 44
7 38 51
7 38 59
7 38 92
7 38 107
7 38 123
7 39 19
7 39 27
7 39 31
7 39 34
7 39 36
7 39 43
7 39 48
7 39 54
7 39 58
7 40 8
7 40 20
7 40 33
7 40 36
7 40 38
7 40 40
7 40 50
7 40 52
7 40 57
7 40 132
7 41 0
7 41 4
7 41 6
7 41 11
7 41 25
7 41 30
7 41 31
7 41 32
7 41 37
7 41 39
7 41 41
7 41 58
7 41 83
7 41 86
7 41 102
7 41 125
7 42 0
7 42 1
7 42 12
7 42 16
7 42 24
7 42 25
7 42 32
7 42 36
7 42 43
7 42 46
7 42 52
7 42 60
7 42 89
7 42 116
7 43 4
7 43 6
7 43 32
7 43 43
7 43 44
7 43 49
7 43 74
7 43 78
7 44 0
7 44 9
7 44 13
7 44 15
7 44 17
7 44 21
7 44 27
7 44 29
7 44 36
7 44 50
7 44 60
7 44 79
7 44 100
7 45 7
7 45 8
7 45 17
7 45 27
7 45 41
7 45 46
7 45 69
7 45 111
7 46 12
7 46 21
7 46 22
7 46 26
7 46 30
7 46 35
7 46 43
7 46 50
7 46 55
7 46 61
7 46 83
7 46 88
7 46 111
7 46 132
7 47 14
7 47 20
7 47 41
7 47 61
7 47 62
7 47 72
7 47 81
7 48 0
7 48 2
7 48 6
7 48 16
7 48 17
7 48 30
7 48 46
7 48 56
7 48 104
7 48 129
7 49 0
7 49 2
7 49 3
7 49 7
7 49 9
7 49 16
7 49 17
7 49 29
7 49 39
7 49 42
7 49 46
7 49 53
7 49 54
7 49 57
7 49 59
7 49 60
7 49 93
7 49 102
7 50 3
7 50 4
7 50 10
7 50 27
7 50 34
7 50 41
7 50 49
7 50 62
7 50 75
7 50 87
7 50 118
7 51 0
7 51 16
7 51 29
7 51 45
7 51 67
7 51 104
7 51 106
7 52 0
7 52 1
7 52 2
7 52 22
7 52 23
7 52 54
7 52 56
7 52 58
7 52 107
7 52 113
7 53 1
7 53 14
7 53 15
7 53 26
7 53 44
7 53 53
7 53 62
7 53 129
7 54 9
7 54 11
7 54 20
7 54 35
7 54 45
7 54 126
7 54 131
7 55 1
7 55 5
7 55 9
7 55 10
7 55 22
7 55 28
7 55 30
7 55 38
7 55 46
7 55 92
7 55 132
7 56 0
7 56 6
7 56 25
7 56 27
7 56 37
7 56 41
7 56 50
7 56 53
7 56 56
7 56 68
7 56 72
7 56 77
7 56 88
7 56 95
7 56 97
7 56 99
7 56 107
7 56 113
7 57 12
7 57 14
7 57 20
7 57 40
7 57 46
7 57 52
7 57 60
7 58 4
7 58 11
7 58 12
7 58 21
7 58 24
7 58 25
7 58 31
7 58 41
7 58 45
7 58 53
7 58 58
7 58 62
7 58 89
7 59 13
7 59 24
7 59 26
7 59 28
7 59 33
7 59 38
7 59 39
7 59 45
7 59 52
7 59 54
7 59 59
7 59 100
7 59 113
7 59 120
7 59 123
7 59 129
7 60 0
7 60 5
7 60 8
7 60 10
7 60 22
7 60 24
7 60 28
7 60 34
7 60 46
7 60 49
7 60 55
7 60 60
7 60 96
7 60 109
7 60 118
7 61 0
7 61 11
7 61 21
7 61 25
7 61 28
7 61 41
7 61 49
7 61 62
7 61 101
7 62 1
7 62 2
7 62 5
7 62 8
7 62 10
7 62 11
7 62 13
7 62 14
7 62 18
7 62 20
7 62 21
7 62 22
7 62 29
7 62 31
7 62 60
7 62 61
7 62 107
7 63 27
7 63 37
7 63 39
7 63 60
7 63 86
7 63 96
7 63 122
7 64 32
7 64 134
7 65 46
7 65 48
7 65 74
7 65 120
7 65 129
7 66 22
7 66 25
7 66 40
7 66 55
7 66 126
7 67 7
7 67 11
7 67 51
7 68 27
7 68 37
7 68 63
7 68 101
7 69 18
7 69 50
7 69 62
7 69 129
7 70 2
7 70 72
7 70 77
7 71 8
7 71 56
7 71 76
7 71 84
7 71 128
7 72 9
7 72 48
7 72 111
7 73 18
7 73 23
7 73 36
7 73 51
7 74 8
7 74 18
7 74 23
7 74 27
7 74 51
7 74 83
7 74 89
7 74 134
7 75 39
7 75 106
7 76 1
7 76 10
7 77 83
7 77 124
7 78 2
7 78 23
7 78 34
7 78 66
7 78 74
7 78 76
7 78 122
7 79 14
7 79 25
7 79 54
7 80 41
7 80 59
7 80 124
7 81 16
7 81 27
7 81 38
7 81 62
7 81 66
7 81 75
7 81 80
7 82 5
7 82 11
7 82 54
7 83 0
7 83 7
7 83 18
7 83 34
7 83 59
7 83 60
7 84 3
7 84 20
7 84 46
7 84 57
7 84 76
7 84 108
7 85 59
7 85 91
7 85 121
7 85 132
7 86 8
7 86 12
7 86 41
7 86 49
7 86 57
7 87 42
7 87 81
7 88 44
7 88 72
7 89 7
7 89 114
7 90 44
7 90 67
7 90 101
7 91 2
7 91 94
7 92 78
7 92 85
7 93 25
7 93 123
7 93 131
7 94 21
7 95 31
7 96 32
7 96 34
7 96 68
7 97 21
7 97 58
7 97 116
7 97 124
7 98 22
7 98 29
7 98 72
7 98 75
7 98 119
7 98 120
7 99 5
7 99 37
7 99 53
7 99 87
7 99 105
7 99 107
7 100 13
7 100 29
7 100 37
7 100 41
7 100 49
7 100 51
7 100 59
7 100 68
7 100 101
7 101 41
7 101 55
7 101 65
7 101 103
7 102 2
7 102 12
7 102 39
7 103 13
7 103 15
7 103 21
7 103 37
7 103 63
7 103 64
7 103 94
7 103 123
7 104 64
7 105 2
7 105 19
7 105 23
7 105 58
7 105 81
7 105 123
7 106 73
7 106 111
7 107 51
7 107 100
7 108 14
7 108 50
7 108 73
7 108 116
7 108 131
7 109 53
7 109 117
7 110 40
7 111 20
7 111 117
7 112 73
7 112 97
7 113 34
7 113 51
7 113 78
7 113 99
7 113 134
7 114 119
7 115 9
7 115 16
7 115 17
7 115 62
7 116 33
7 116 87
7 117 11
7 117 39
7 117 44
7 117 77
7 117 122
7 118 1
7 118 15
7 118 35
7 118 96
7 118 107
7 119 4
7 119 40
7 119 83
7 120 0
7 120 68
7 120 95
7 121 14
7 121 70
7 121 72
7 122 0
7 122 1
7 122 9
7 122 65
7 122 98
7 123 30
7 123 115
7 124 37
7 124 79
7 124 86
7 125 40
7 125 55
7 125 79
7 125 81
7 125 114
7 125 128
7 126 17
7 126 23
7 127 35
7 127 52
7 127 104
7 127 116
7 127 131
7 128 10
7 128 12
7 128 16
7 128 20
7 128 40
7 128 44
7 128 59
7 129 12
7 129 15
7 129 42
7 129 53
7 129 70
7 129 123
7 129 125
7 130 7
7 130 35
7 130 46
7 130 56
7 131 14
7 131 37
7 131 112
7 131 120
7 132 23
7 132 36
7 132 52
7 132 70
7 132 127
7 132 134
7 133 35
7 133 41
7 133 81
7 133 124
7 134 111
7 134 130
8 0 9
8 0 12
8 0 16
8 0 18
8 0 30
8 0 38
8 0 40
8 0 42
8 0 53
8 0 56
8 0 57
8 0 108
8 1 7
8 1 20
8 1 22
8 1 23
8 1 28
8 1 34
8 1 39
8 1 94
8 2 1
8 2 9
8 2 22
8 2 28
8 2 38
8 2 49
8 2 51
8 2 58
8 2 59
8 2 80
8 2 93
8 3 0
8 3 3
8 3 8
8 3 11
8 3 12
8 3 26
8 3 31
8 3 41
8 3 50
8 3 55
8 3 58
8 3 66
8 3 102
8 4 1
8 4 11
8 4 14
8 4 20
8 4 21
8 4 31
8 4 53
8 4 58
8 4 59
8 4 61
8 4 112
8 4 116
8 5 8
8 5 10
8 5 25
8 5 40
8 5 54
8 5 77
8 5 96
8 5 102
8 5 112
8 5 123
8 5 128
8 5 132
8 6 4
8 6 22
8 6 23
8 6 31
8 6 33
8 6 42
8 6 43
8 6 50
8 6 61
8 6 78
8 6 96
8 7 6
8 7 11
8 7 15
8 7 19
8 7 23
8 7 33
8 7 41
8 7 43
8 7 53
8 7 59
8 7 101
8 7 104
8 8 9
8 8 10
8 8 17
8 8 22
8 8 47
8 8 61
8 8 88
8 9 5
8 9 17
8 9 23
8 9 37
8 9 43
8 9 45
8 9 54
8 9 58
8 9 105
8 9 108
8 9 111
8 9 116
8 9 128
8 9 134
8 10 15
8 10 21
8 10 26
8 10 32
8 10 37
8 10 43
8 10 45
8 10 51
8 10 74
8 10 88
8 10 94
8 10 128
8 10 132
8 11 2
8 11 4
8 11 16
8 11 20
8 11 23
8 11 25
8 11 31
8 11 33
8 11 40
8 11 42
8 11 44
8 11 46
8 11 57
8 11 80
8 11 81
8 11 85
8 12 13
8 12 22
8 12 23
8 12 24
8 12 27
8 12 30
8 12 31
8 12 39
8 12 45
8 12 46
8 12 51
8 12 62
8 12 64
8 12 69
8 12 80
8 12 117
8 12 121
8 13 3
8 13 5
8 13 6
8 13 23
8 13 24
8 13 37
8 13 43
8 13 48
8 13 59
8 13 102
8 13 114
8 14 4
8 14 9
8 14 15
8 14 17
8 14 18
8 14 21
8 14 24
8 14 52
8 14 62
8 14 101
8 15 12
8 15 15
8 15 17
8 15 25
8 15 34
8 15 39
8 15 45
8 15 69
8 15 74
8 16 6
8 16 8
8 16 10
8 16 11
8 16 12
8 16 13
8 16 22
8 16 29
8 16 32
8 16 44
8 16 75
8 16 77
8 16 100
8 16 105
8 16 114
8 17 25
8 17 34
8 17 44
8 17 53
8 17 59
8 18 0
8 18 2
8 18 4
8 18 7
8 18 17
8 18 25
8 18 28
8 18 35
8 18 37
8 18 45
8 18 59
8 18 61
8 18 63
8 19 1
8 19 10
8 19 12
8 19 20
8 19 21
8 19 37
8 19 50
8 19 52
8 19 56
8 19 58
8 19 62
8 20 6
8 20 10
8 20 17
8 20 47
8 20 48
8 20 55
8 20 65
8 20 69
8 20 82
8 20 83
8 20 85
8 20 91
8 20 108
8 20 111
8 21 0
8 21 6
8 21 13
8 21 25
8 21 28
8 21 31
8 21 35
8 21 38
8 21 44
8 21 60
8 21 77
8 21 89
8 22 6
8 22 8
8 22 9
8 22 21
8 22 24
8 22 38
8 22 52
8 22 60
8 23 14
8 23 19
8 23 31
8 23 33
8 23 37
8 23 38
8 23 44
8 23 46
8 23 49
8 23 56
8 23 99
8 23 116
8 23 117
8 23 126
8 24 2
8 24 3
8 24 7
8 24 8
8 24 16
8 24 20
8 24 24
8 24 42
8 24 47
8 24 49
8 24 54
8 24 59
8 24 62
8 24 70
8 24 73
8 24 87
8 24 98
8 24 112
8 24 113
8 25 5
8 25 8
8 25 9
8 25 16
8 25 18
8 25 28
8 25 29
8 25 34
8 25 38
8 25 47
8 25 51
8 25 57
8 25 62
8 25 101
8 25 131
8 26 5
8 26 6
8 26 15
8 26 21
8 26 53
8 26 55
8 26 57
8 26 59
8 26 71
8 26 84
8 26 94
8 26 102
8 26 106
8 26 107
8 26 118
8 27 2
8 27 14
8 27 16
8 27 17
8 27 20
8 27 23
8 27 24
8 27 41
8 27 46
8 27 62
8 27 73
8 27 88
8 27 89
8 27 110
8 27 119
8 28 0
8 28 8
8 28 9
8 28 14
8 28 15
8 28 20
8 28 24
8 28 28
8 28 33
8 28 35
8 28 43
8 28 45
8 28 49
8 28 51
8 28 55
8 28 56
8 28 70
8 28 105
8 28 106
8 29 1
8 29 5
8 29 10
8 29 21
8 29 24
8 29 34
8 29 44
8 29 57
8 29 59
8 29 62
8 29 71
8 29 117
8 30 3
8 30 7
8 30 11
8 30 13
8 30 14
8 30 16
8 30 19
8 30 20
8 30 31
8 30 38
8 30 44
8 30 49
8 30 55
8 30 56
8 30 62
8 30 88
8 30 113
8 31 2
8 31 24
8 31 31
8 31 40
8 31 45
8 31 49
8 31 53
8 31 54
8 31 58
8 31 83
8 31 108
8 32 0
8 32 6
8 32 19
8 32 20
8 32 28
8 32 34
8 32 48
8 32 55
8 32 56
8 32 58
8 32 60
8 32 61
8 32 83
8 32 92
8 32 93
8 33 2
8 33 3
8 33 16
8 33 28
8 33 43
8 33 44
8 33 52
8 33 55
8 33 60
8 33 66
8 33 75
8 33 119
8 33 122
8 34 0
8 34 8
8 34 15
8 34 25
8 34 28
8 34 30
8 34 33
8 34 37
8 34 40
8 34 46
8 34 49
8 34 53
8 34 120
8 34 124
8 35 4
8 35 15
8 35 17
8 35 23
8 35 33
8 35 39
8 35 42
8 35 52
8 35 105
8 35 121
8 35 131
8 36 21
8 36 22
8 36 26
8 36 28
8 36 41
8 36 45
8 36 50
8 36 67
8 36 76
8 36 79
8 36 123
8 37 0
8 37 2
8 37 14
8 37 21
8 37 23
8 37 29
8 37 39
8 37 51
8 37 56
8 37 72
8 38 5
8 38 8
8 38 13
8 38 15
8 38 25
8 38 27
8 38 29
8 38 34
8 38 36
8 38 55
8 38 56
8 38 58
8 38 83
8 38 95
8 38 105
8 39 0
8 39 1
8 39 21
8 39 29
8 39 35
8 39 40
8 39 46
8 39 54
8 39 55
8 39 56
8 39 60
8 39 84
8 39 134
8 40 2
8 40 7
8 40 9
8 40 15
8 40 19
8 40 23
8 40 29
8 40 32
8 40 34
8 40 41
8 40 58
8 40 67
8 40 102
8 40 117
8 41 2
8 41 6
8 41 13
8 41 20
8 41 32
8 41 42
8 41 44
8 41 46
8 41 47
8 41 48
8 41 49
8 41 62
8 42 6
8 42 13
8 42 20
8 42 25
8 42 28
8 42 32
8 42 34
8 42 39
8 42 44
8 42 46
8 42 47
8 42 50
8 42 54
8 42 55
8 42 60
8 42 124
8 43 10
8 43 32
8 43 33
8 43 39
8 43 44
8 43 52
8 43 54
8 44 1
8 44 2
8 44 9
8 44 20
8 44 21
8 44 23
8 44 26
8 44 31
8 44 40
8 44 52
8 44 57
8 44 62
8 44 82
8 44 104
8 44 120
8 45 0
8 45 5
8 45 10
8 45 17
8 45 44
8 45 47
8 45 50
8 45 97
8 45 122
8 46 1
8 46 10
8 46 11
8 46 24
8 46 27
8 46 29
8 46 33
8 46 34
8 46 50
8 46 57
8 46 65
8 46 109
8 47 18
8 47 20
8 47 28
8 47 37
8 47 38
8 47 41
8 47 42
8 47 45
8 47 66
8 47 75
8 47 127
8 47 133
8 48 4
8 48 11
8 48 14
8 48 15
8 48 18
8 48 21
8 48 37
8 48 50
8 48 51
8 48 52
8 48 57
8 48 78
8 48 86
8 49 16
8 49 21
8 49 36
8 49 38
8 49 57
8 49 96
8 49 106
8 49 132
8 49 133
8 50 9
8 50 19
8 50 20
8 50 21
8 50 25
8 50 28
8 50 34
8 50 39
8 50 41
8 50 46
8 50 68
8 50 116
8 51 17
8 51 24
8 51 26
8 51 28
8 51 34
8 51 35
8 51 36
8 51 43
8 51 49
8 51 53
8 51 61
8 52 2
8 52 13
8 52 14
8 52 15
8 52 19
8 52 23
8 52 26
8 52 30
8 52 37
8 52 39
8 52 46
8 52 77
8 52 117
8 53 7
8 53 10
8 53 16
8 53 25
8 53 28
8 53 30
8 53 32
8 53 36
8 53 39
8 53 49
8 53 53
8 53 55
8 53 70
8 53 78
8 53 88
8 53 132
8 54 15
8 54 25
8 54 28
8 54 29
8 54 32
8 54 34
8 54 35
8 54 41
8 54 44
8 54 55
8 54 113
8 54 134
8 55 0
8 55 10
8 55 12
8 55 23
8 55 28
8 55 30
8 55 32
8 55 35
8 55 40
8 55 43
8 55 50
8 55 62
8 55 70
8 55 90
8 55 116
8 56 3
8 56 4
8 56 12
8 56 13
8 56 18
8 56 21
8 56 24
8 56 31
8 56 39
8 56 43
8 56 47
8 56 49
8 56 62
8 56 77
8 56 111
8 56 115
8 56 117
8 56 122
8 57 6
8 57 10
8 57 18
8 57 22
8 57 25
8 57 26
8 57 32
8 57 45
8 57 46
8 57 49
8 57 58
8 57 100
8 57 107
8 57 113
8 57 116
8 57 120
8 57 121
8 57 122
8 57 127
8 58 2
8 58 11
8 58 12
8 58 13
8 58 19
8 58 32
8 58 33
8 58 36
8 58 46
8 58 51
8 58 52
8 58 92
8 58 132
8 59 6
8 59 16
8 59 20
8 59 26
8 59 28
8 59 32
8 59 37
8 59 38
8 59 42
8 59 43
8 59 48
8 59 50
8 59 55
8 59 61
8 59 104
8 59 110
8 59 132
8 60 4
8 60 31
8 60 35
8 60 39
8 60 40
8 60 48
8 60 70
8 60 84
8 61 0
8 61 5
8 61 8
8 61 11
8 61 16
8 61 20
8 61 35
8 61 41
8 61 43
8 61 45
8 61 56
8 61 58
8 61 85
8 61 125
8 62 0
8 62 3
8 62 6
8 62 10
8 62 11
8 62 12
8 62 30
8 62 33
8 62 38
8 62 41
8 62 43
8 62 49
8 62 51
8 62 57
8 62 129
8 63 1
8 63 14
8 63 21
8 63 53
8 63 57
8 63 133
8 64 13
8 64 14
8 64 31
8 64 123
8 64 134
8 65 53
8 65 105
8 65 119
8 66 53
8 66 67
8 66 87
8 66 107
8 67 3
8 67 12
8 67 28
8 68 50
8 69 34
8 70 11
8 70 27
8 70 57
8 70 62
8 70 65
8 71 29
8 71 42
8 71 55
8 71 83
8 72 1
8 72 31
8 72 133
8 73 11
8 73 48
8 73 52
8 73 54
8 73 57
8 73 131
8 74 55
8 75 37
8 75 50
8 75 109
8 75 117
8 76 7
8 76 8
8 76 25
8 76 41
8 76 51
8 76 55
8 76 99
8 76 111
8 77 7
8 77 27
8 77 34
8 77 70
8 77 75
8 77 82
8 78 21
8 78 53
8 78 55
8 78 120
8 78 122
8 79 5
8 79 31
8 80 81
8 81 25
8 81 35
8 81 51
8 81 54
8 82 44
8 82 49
8 82 63
8 82 102
8 82 131
8 83 6
8 83 51
8 83 53
8 83 66
8 83 83
8 83 129
8 84 2
8 84 12
8 84 51
8 85 9
8 85 45
8 85 49
8 86 22
8 86 90
8 86 129
8 87 130
8 88 28
8 88 34
8 88 106
8 88 108
8 89 15
8 89 17
8 89 56
8 89 78
8 90 35
8 90 45
8 90 91
8 91 7
8 91 62
8 91 101
8 92 24
8 92 56
8 92 96
8 92 105
8 93 0
8 93 7
8 93 22
8 93 24
8 93 30
8 93 45
8 93 49
8 93 69
8 94 35
8 94 40
8 94 71
8 94 77
8 94 98
8 95 38
8 95 121
8 96 2
8 96 28
8 96 42
8 96 52
8 96 60
8 96 118
8 97 23
8 97 32
8 97 44
8 97 47
8 97 106
8 97 107
8 98 9
8 98 32
8 98 47
8 99 26
8 99 38
8 100 2
8 100 40
8 100 56
8 100 64
8 100 79
8 100 83
8 100 132
8 101 3
8 101 7
8 101 35
8 101 45
8 101 59
8 101 98
8 101 129
8 102 24
8 102 29
8 102 52
8 102 109
8 103 22
8 104 20
8 104 24
8 104 28
8 104 33
8 104 36
8 105 19
8 105 23
8 105 41
8 106 18
8 106 84
8 106 108
8 106 127
8 107 42
8 107 102
8 108 13
8 108 16
8 108 17
8 108 42
8 108 48
8 108 130
8 109 19
8 109 22
8 109 27
8 109 47
8 109 92
8 109 99
8 109 113
8 109 125
8 110 53
8 111 5
8 111 49
8 111 84
8 112 20
8 112 113
8 112 118
8 112 129
8 113 3
8 113 55
8 114 25
8 114 47
8 114 71
8 114 84
8 114 133
8 115 120
8 116 54
8 116 104
8 116 111
8 116 112
8 116 125
8 117 14
8 117 66
8 117 80
8 118 8
8 118 10
8 118 44
8 118 66
8 118 73
8 118 80
8 118 132
8 120 3
8 120 30
8 121 40
8 121 90
8 122 13
8 122 19
8 122 102
8 122 120
8 123 32
8 123 42
8 124 36
8 124 38
8 124 47
8 125 19
8 125 93
8 125 132
8 126 15
8 126 23
8 126 45
8 127 62
8 127 101
8 128 18
8 128 37
8 128 41
8 128 89
8 129 49
8 129 81
8 129 127
8 130 23
8 130 41
8 130 46
8 130 77
8 130 134
8 131 12
8 131 64
8 131 84
8 131 102
8 131 129
8 132 4
8 132 36
8 132 38
8 132 48
8 132 120
8 133 4
8 133 15
8 133 48
8 134 24
8 134 37
8 134 95
8 134 100