685,4,230,0.372134,6.17222,4.63827,1.04821
686,4,230,0.372134,6.17222,4.63827,1.04821
687,4,230,0.372134,6.17222,4.63827,1.04821
688,4,230,0.372134,6.17222,4.63827,1.04821
689,4,230,0.372134,6.17222,4.63827,1.04821
690,3,1406,0.421554,8.17149,5.07875,1.69108
691,3,1406,0.421554,8.17149,5.07875,1.69108
692,3,1406,0.421554,8.17149,5.07875,1.69108
693,3,1406,0.421554,8.17149,5.07875,1.69108
694,3,1406,0.421554,8.17149,5.07875,1.69108
695,10,251,0.312749,7.96531,4.9998,3.25757
696,10,251,0.312749,7.96531,4.9998,3.25757
697,10,251,0.312749,7.96531,4.9998,3.25757
698,10,251,0.312749,7.96531,4.9998,3.25757
699,10,251,0.312749,7.96531,4.9998,3.25757
700,3,1498,0.380174,3.9022,4.31079,3.23858
701,3,1498,0.380174,3.9022,4.31079,3.23858
702,3,1498,0.380174,3.9022,4.31079,3.23858
703,3,1498,0.380174,3.9022,4.31079,3.23858
704,3,1498,0.380174,3.9022,4.31079,3.23858
705,10,1676,0.39618,3.77066,2.32056,0.706141
706,10,1676,0.39618,3.77066,2.32056,0.706141
707,10,1676,0.39618,3.77066,2.32056,0.706141
708,10,1676,0.39618,3.77066,2.32056,0.706141
709,10,1676,0.39618,3.77066,2.32056,0.706141
710,7,413,0.311716,6.58621,3.97848,2.50928
711,7,413,0.311716,6.58621,3.97848,2.50928
712,7,413,0.311716,6.58621,3.97848,2.50928
713,7,413,0.311716,6.58621,3.97848,2.50928
714,7,413,0.311716,6.58621,3.97848,2.50928
715,6,629,0.406682,8.80189,3.96124,0.983334
716,6,629,0.406682,8.80189,3.96124,0.983334
717,6,629,0.406682,8.80189,3.96124,0.983334
718,6,629,0.406682,8.80189,3.96124,0.983334
719,6,629,0.406682,8.80189,3.96124,0.983334
720,6,1707,0.4407,8.0915,1.19467,1.00603
721,6,1707,0.4407,8.0915,1.19467,1.00603
722,6,1707,0.4407,8.0915,1.19467,1.00603
723,6,1707,0.4407,8.0915,1.19467,1.00603
724,6,1707,0.4407,8.0915,1.19467,1.00603
725,3,1070,0.356451,8.69264,1.76557,1.09702
726,3,1070,0.356451,8.69264,1.76557,1.09702
727,3,1070,0.356451,8.69264,1.76557,1.09702
728,3,1070,0.356451,8.69264,1.76557,1.09702
729,3,1070,0.356451,8.69264,1.76557,1.09702
730,5,518,0.363772,1.91885,4.48265,0.822127
731,5,518,0.363772,1.91885,4.48265,0.822127
732,5,518,0.363772,1.91885,4.48265,0.822127
733,5,518,0.363772,1.91885,4.48265,0.822127
734,5,518,0.363772,1.91885,4.48265,0.822127
735,8,734,0.488493,4.4412,3.04373,1.56016
736,8,734,0.488493,4.4412,3.04373,1.56016
737,8,734,0.488493,4.4412,3.04373,1.56016
738,8,734,0.488493,4.4412,3.04373,1.56016
739,8,734,0.488493,4.4412,3.04373,1.56016
740,7,1767,0.441391,4.14852,1.54406,0.741263
741,7,1767,0.441391,4.14852,1.54406,0.741263
742,7,1767,0.441391,4.14852,1.54406,0.741263
743,7,1767,0.441391,4.14852,1.54406,0.741263
744,7,1767,0.441391,4.14852,1.54406,0.741263
745,6,121,0.368935,4.17263,4.14989,3.13541
746,6,121,0.368935,4.17263,4.14989,3.13541
747,6,121,0.368935,4.17263,4.14989,3.13541
748,6,121,0.368935,4.17263,4.14989,3.13541
749,6,121,0.368935,4.17263,4.14989,3.13541
750,5,1193,0.33131,9.46813,1.39415,1.28001
751,5,1193,0.33131,9.46813,1.39415,1.28001
752,5,1193,0.33131,9.46813,1.39415,1.28001
753,5,1193,0.33131,9.46813,1.39415,1.28001
754,5,1193,0.33131,9.46813,1.39415,1.28001
755,9,681,0.482241,1.24666,5.16245,0.830013
756,9,681,0.482241,1.24666,5.16245,0.830013
757,9,681,0.482241,1.24666,5.16245,0.830013
758,9,681,0.482241,1.24666,5.16245,0.830013
759,9,681,0.482241,1.24666,5.16245,0.830013
760,7,221,0.35747,6.4849,3.00616,0.831038
761,7,221,0.35747,6.4849,3.00616,0.831038
762,7,221,0.35747,6.4849,3.00616,0.831038
763,7,221,0.35747,6.4849,3.00616,0.831038
764,7,221,0.35747,6.4849,3.00616,0.831038
765,7,763,0.456348,5.64141,5.57438,1.33798
766,7,763,0.456348,5.64141,5.57438,1.33798
767,7,763,0.456348,5.64141,5.57438,1.33798
768,7,763,0.456348,5.64141,5.57438,1.33798
769,7,763,0.456348,5.64141,5.57438,1.33798
770,10,1673,0.429289,9.07549,2.9468,0.670924
771,10,1673,0.429289,9.07549,2.9468,0.670924
772,10,1673,0.429289,9.07549,2.9468,0.670924
773,10,1673,0.429289,9.07549,2.9468,0.670924
774,10,1673,0.429289,9.07549,2.9468,0.670924
775,9,1016,0.348143,5.2781,3.34084,1.96316
776,9,1016,0.348143,5.2781,3.34084,1.96316
777,9,1016,0.348143,5.2781,3.34084,1.96316
778,9,1016,0.348143,5.2781,3.34084,1.96316
779,9,1016,0.348143,5.2781,3.34084,1.96316
780,9,897,0.419757,8.24763,5.84008,2.217
781,9,897,0.419757,8.24763,5.84008,2.217
782,9,897,0.419757,8.24763,5.84008,2.217
783,9,897,0.419757,8.24763,5.84008,2.217
784,9,897,0.419757,8.24763,5.84008,2.217
785,6,1438,0.383108,8.42412,4.54115,3.33574
786,6,1438,0.383108,8.42412,4.54115,3.33574
787,6,1438,0.383108,8.42412,4.54115,3.33574
788,6,1438,0.383108,8.42412,4.54115,3.33574
789,6,1438,0.383108,8.42412,4.54115,3.33574
790,8,349,0.480837,7.95501,2.74889,1.96298
791,8,349,0.480837,7.95501,2.74889,1.96298
792,8,349,0.480837,7.95501,2.74889,1.96298
793,8,349,0.480837,7.95501,2.74889,1.96298
794,8,349,0.480837,7.95501,2.74889,1.96298
795,6,1498,0.378318,6.86901,2.52893,1.99873
796,6,1498,0.378318,6.86901,2.52893,1.99873
797,6,1498,0.378318,6.86901,2.52893,1.99873
798,6,1498,0.378318,6.86901,2.52893,1.99873
799,6,1498,0.378318,6.86901,2.52893,1.99873
800,4,113,0.350156,8.38559,4.02559,1.22786
801,4,113,0.350156,8.38559,4.02559,1.22786
802,4,113,0.350156,8.38559,4.02559,1.22786
803,4,113,0.350156,8.38559,4.02559,1.22786
804,4,113,0.350156,8.38559,4.02559,1.22786
805,10,1200,0.324296,7.77986,3.50102,2.95207
806,10,1200,0.324296,7.77986,3.50102,2.95207
807,10,1200,0.324296,7.77986,3.50102,2.95207
808,10,1200,0.324296,7.77986,3.50102,2.95207
809,10,1200,0.324296,7.77986,3.50102,2.95207
810,8,1423,0.376896,7.0785,1.14985,1.42096
811,8,1423,0.376896,7.0785,1.14985,1.42096
812,8,1423,0.376896,7.0785,1.14985,1.42096
813,8,1423,0.376896,7.0785,1.14985,1.42096
814,8,1423,0.376896,7.0785,1.14985,1.42096
815,4,1145,0.454894,1.14738,4.28568,1.35173
816,4,1145,0.454894,1.14738,4.28568,1.35173
817,4,1145,0.454894,1.14738,4.28568,1.35173
818,4,1145,0.454894,1.14738,4.28568,1.35173
819,4,1145,0.454894,1.14738,4.28568,1.35173
820,6,100,0.478043,4.02871,5.63469,1.00064
821,6,100,0.478043,4.02871,5.63469,1.00064
822,6,100,0.478043,4.02871,5.63469,1.00064
823,6,100,0.478043,4.02871,5.63469,1.00064
824,6,100,0.478043,4.02871,5.63469,1.00064
825,3,806,0.407838,5.98559,3.43427,2.32049
826,3,806,0.407838,5.98559,3.43427,2.32049
827,3,806,0.407838,5.98559,3.43427,2.32049
828,3,806,0.407838,5.98559,3.43427,2.32049
829,3,806,0.407838,5.98559,3.43427,2.32049
830,8,829,0.380092,4.99924,2.00978,2.85503
831,8,829,0.380092,4.99924,2.00978,2.85503
832,8,829,0.380092,4.99924,2.00978,2.85503
833,8,829,0.380092,4.99924,2.00978,2.85503
834,8,829,0.380092,4.99924,2.00978,2.85503
835,10,922,0.454774,5.60348,3.52307,3.48886
836,10,922,0.454774,5.60348,3.52307,3.48886
837,10,922,0.454774,5.60348,3.52307,3.48886
838,10,922,0.454774,5.60348,3.52307,3.48886
839,10,922,0.454774,5.60348,3.52307,3.48886
840,5,1689,0.48172,7.5246,3.34618,1.52195
841,5,1689,0.48172,7.5246,3.34618,1.52195
842,5,1689,0.48172,7.5246,3.34618,1.52195
843,5,1689,0.48172,7.5246,3.34618,1.52195
844,5,1689,0.48172,7.5246,3.34618,1.52195
845,7,1781,0.323835,2.18505,2.87261,2.05062
846,7,1781,0.323835,2.18505,2.87261,2.05062
847,7,1781,0.323835,2.18505,2.87261,2.05062
848,7,1781,0.323835,2.18505,2.87261,2.05062
849,7,1781,0.323835,2.18505,2.87261,2.05062
850,6,878,0.445502,9.24698,1.61839,3.42201
851,6,878,0.445502,9.24698,1.61839,3.42201
852,6,878,0.445502,9.24698,1.61839,3.42201
853,6,878,0.445502,9.24698,1.61839,3.42201
854,6,878,0.445502,9.24698,1.61839,3.42201
855,4,122,0.402688,5.66373,4.30233,3.41642
856,4,122,0.402688,5.66373,4.30233,3.41642
857,4,122,0.402688,5.66373,4.30233,3.41642
858,4,122,0.402688,5.66373,4.30233,3.41642
859,4,122,0.402688,5.66373,4.30233,3.41642
860,10,1262,0.461122,4.86921,2.22657,1.49495
861,10,1262,0.461122,4.86921,2.22657,1.49495
862,10,1262,0.461122,4.86921,2.22657,1.49495
863,10,1262,0.461122,4.86921,2.22657,1.49495
864,10,1262,0.461122,4.86921,2.22657,1.49495
865,10,879,0.440263,9.12267,1.93159,1.46351
866,10,879,0.440263,9.12267,1.93159,1.46351
867,10,879,0.440263,9.12267,1.93159,1.46351
868,10,879,0.440263,9.12267,1.93159,1.46351
869,10,879,0.440263,9.12267,1.93159,1.46351
870,5,951,0.363651,6.49043,5.08278,1.48801
871,5,951,0.363651,6.49043,5.08278,1.48801
872,5,951,0.363651,6.49043,5.08278,1.48801
873,5,951,0.363651,6.49043,5.08278,1.48801
874,5,951,0.363651,6.49043,5.08278,1.48801
875,10,539,0.309049,5.11512,2.67621,3.2651
876,10,539,0.309049,5.11512,2.67621,3.2651
877,10,539,0.309049,5.11512,2.67621,3.2651
878,10,539,0.309049,5.11512,2.67621,3.2651
879,10,539,0.309049,5.11512,2.67621,3.2651
880,9,260,0.424302,8.89083,3.59657,3.09439
881,9,260,0.424302,8.89083,3.59657,3.09439
882,9,260,0.424302,8.89083,3.59657,3.09439
883,9,260,0.424302,8.89083,3.59657,3.09439
884,9,260,0.424302,8.89083,3.59657,3.09439
885,7,465,0.448955,3.46312,2.07388,1.55147
886,7,465,0.448955,3.46312,2.07388,1.55147
887,7,465,0.448955,3.46312,2.07388,1.55147
888,7,465,0.448955,3.46312,2.07388,1.55147
889,7,465,0.448955,3.46312,2.07388,1.55147
890,5,1206,0.321928,6.34846,3.30185,1.93249
891,5,1206,0.321928,6.34846,3.30185,1.93249
892,5,1206,0.321928,6.34846,3.30185,1.93249
893,5,1206,0.321928,6.34846,3.30185,1.93249
894,5,1206,0.321928,6.34846,3.30185,1.93249
895,7,673,0.348763,7.45768,4.70344,3.0756
896,7,673,0.348763,7.45768,4.70344,3.0756
897,7,673,0.348763,7.45768,4.70344,3.0756
898,7,673,0.348763,7.45768,4.70344,3.0756
899,7,673,0.348763,7.45768,4.70344,3.0756
900,10,1173,0.407621,7.60294,4.3617,2.00205
901,10,1173,0.407621,7.60294,4.3617,2.00205
902,10,1173,0.407621,7.60294,4.3617,2.00205
903,10,1173,0.407621,7.60294,4.3617,2.00205
904,10,1173,0.407621,7.60294,4.3617,2.00205
905,10,536,0.485625,3.67604,4.55303,0.614726
906,10,536,0.485625,3.67604,4.55303,0.614726
907,10,536,0.485625,3.67604,4.55303,0.614726
908,10,536,0.485625,3.67604,4.55303,0.614726
909,10,536,0.485625,3.67604,4.55303,0.614726
910,7,639,0.479783,9.66983,5.27055,2.58292
911,7,639,0.479783,9.66983,5.27055,2.58292
912,7,639,0.479783,9.66983,5.27055,2.58292
913,7,639,0.479783,9.66983,5.27055,2.58292
914,7,639,0.479783,9.66983,5.27055,2.58292
915,7,1235,0.399041,1.19496,5.04487,2.0803
916,7,1235,0.399041,1.19496,5.04487,2.0803
917,7,1235,0.399041,1.19496,5.04487,2.0803
918,7,1235,0.399041,1.19496,5.04487,2.0803
919,7,1235,0.399041,1.19496,5.04487,2.0803
920,7,951,0.304799,1.45937,1.40464,2.53776
921,7,951,0.304799,1.45937,1.40464,2.53776
922,7,951,0.304799,1.45937,1.40464,2.53776
923,7,951,0.304799,1.45937,1.40464,2.53776
924,7,951,0.304799,1.45937,1.40464,2.53776
925,3,1375,0.320474,8.12356,4.07952,1.78382
926,3,1375,0.320474,8.12356,4.07952,1.78382
927,3,1375,0.320474,8.12356,4.07952,1.78382
928,3,1375,0.320474,8.12356,4.07952,1.78382
929,3,1375,0.320474,8.12356,4.07952,1.78382
930,5,851,0.399383,7.03133,2.60509,2.51912
931,5,851,0.399383,7.03133,2.60509,2.51912
932,5,851,0.399383,7.03133,2.60509,2.51912
933,5,851,0.399383,7.03133,2.60509,2.51912
934,5,851,0.399383,7.03133,2.60509,2.51912
935,3,1762,0.449854,6.54615,4.38632,2.02952
936,3,1762,0.449854,6.54615,4.38632,2.02952
937,3,1762,0.449854,6.54615,4.38632,2.02952
938,3,1762,0.449854,6.54615,4.38632,2.02952
939,3,1762,0.449854,6.54615,4.38632,2.02952
940,10,1360,0.435124,1.19685,5.17221,2.58027
941,10,1360,0.435124,1.19685,5.17221,2.58027
942,10,1360,0.435124,1.19685,5.17221,2.58027
943,10,1360,0.435124,1.19685,5.17221,2.58027
944,10,1360,0.435124,1.19685,5.17221,2.58027
945,9,1499,0.468935,3.92639,2.88603,1.05883
946,9,1499,0.468935,3.92639,2.88603,1.05883
947,9,1499,0.468935,3.92639,2.88603,1.05883
948,9,1499,0.468935,3.92639,2.88603,1.05883
949,9,1499,0.468935,3.92639,2.88603,1.05883
950,10,543,0.488134,4.1854,2.31606,2.98429
951,10,543,0.488134,4.1854,2.31606,2.98429
952,10,543,0.488134,4.1854,2.31606,2.98429
953,10,543,0.488134,4.1854,2.31606,2.98429
954,10,543,0.488134,4.1854,2.31606,2.98429
955,6,380,0.36817,2.53547,5.53858,1.32113
956,6,380,0.36817,2.53547,5.53858,1.32113
957,6,380,0.36817,2.53547,5.53858,1.32113
958,6,380,0.36817,2.53547,5.53858,1.32113
959,6,380,0.36817,2.53547,5.53858,1.32113
960,4,949,0.362988,9.88899,1.12346,2.95363
961,4,949,0.362988,9.88899,1.12346,2.95363
962,4,949,0.362988,9.88899,1.12346,2.95363
963,4,949,0.362988,9.88899,1.12346,2.95363
964,4,949,0.362988,9.88899,1.12346,2.95363
965,7,917,0.405549,7.72127,2.01929,2.29279
966,7,917,0.405549,7.72127,2.01929,2.29279
967,7,917,0.405549,7.72127,2.01929,2.29279
968,7,917,0.405549,7.72127,2.01929,2.29279
969,7,917,0.405549,7.72127,2.01929,2.29279
970,6,1296,0.390093,5.63843,3.59499,2.44784
971,6,1296,0.390093,5.63843,3.59499,2.44784
972,6,1296,0.390093,5.63843,3.59499,2.44784
973,6,1296,0.390093,5.63843,3.59499,2.44784
974,6,1296,0.390093,5.63843,3.59499,2.44784
975,8,1308,0.375077,9.85632,2.46083,3.3552
976,8,1308,0.375077,9.85632,2.46083,3.3552
977,8,1308,0.375077,9.85632,2.46083,3.3552
978,8,1308,0.375077,9.85632,2.46083,3.3552
979,8,1308,0.375077,9.85632,2.46083,3.3552
980,7,1491,0.495733,5.72866,5.82794,1.27528
981,7,1491,0.495733,5.72866,5.82794,1.27528
982,7,1491,0.495733,5.72866,5.82794,1.27528
983,7,1491,0.495733,5.72866,5.82794,1.27528
984,7,1491,0.495733,5.72866,5.82794,1.27528
985,9,971,0.380359,3.87382,5.24835,3.28716
986,9,971,0.380359,3.87382,5.24835,3.28716
987,9,971,0.380359,3.87382,5.24835,3.28716
988,9,971,0.380359,3.87382,5.24835,3.28716
989,9,971,0.380359,3.87382,5.24835,3.28716
990,6,1295,0.367364,7.36084,2.8623,1.64727
991,6,1295,0.367364,7.36084,2.8623,1.64727
992,6,1295,0.367364,7.36084,2.8623,1.64727
993,6,1295,0.367364,7.36084,2.8623,1.64727
994,6,1295,0.367364,7.36084,2.8623,1.64727
995,8,490,0.452899,8.16461,4.86597,3.11461
996,8,490,0.452899,8.16461,4.86597,3.11461
997,8,490,0.452899,8.16461,4.86597,3.11461
998,8,490,0.452899,8.16461,4.86597,3.11461
999,8,490,0.452899,8.16461,4.86597,3.11461
1000,8,1270,0.340897,6.18447,4.33961,2.31369
1001,8,1270,0.340897,6.18447,4.33961,2.31369
1002,8,1270,0.340897,6.18447,4.33961,2.31369
1003,8,1270,0.340897,6.18447,4.33961,2.31369
1004,8,1270,0.340897,6.18447,4.33961,2.31369
1005,3,477,0.49736,7.29758,4.78353,1.63423
1006,3,477,0.49736,7.29758,4.78353,1.63423
1007,3,477,0.49736,7.29758,4.78353,1.63423
1008,3,477,0.49736,7.29758,4.78353,1.63423
1009,3,477,0.49736,7.29758,4.78353,1.63423
1010,3,1045,0.448855,3.35232,3.46739,0.789636
1011,3,1045,0.448855,3.35232,3.46739,0.789636
1012,3,1045,0.448855,3.35232,3.46739,0.789636
1013,3,1045,0.448855,3.35232,3.46739,0.789636
1014,3,1045,0.448855,3.35232,3.46739,0.789636
1015,4,857,0.396758,6.32844,3.77441,3.14825
1016,4,857,0.396758,6.32844,3.77441,3.14825
1017,4,857,0.396758,6.32844,3.77441,3.14825
1018,4,857,0.396758,6.32844,3.77441,3.14825
1019,4,857,0.396758,6.32844,3.77441,3.14825
1020,5,885,0.343588,5.85401,5.32769,0.875187
1021,5,885,0.343588,5.85401,5.32769,0.875187
1022,5,885,0.343588,5.85401,5.32769,0.875187
1023,5,885,0.343588,5.85401,5.32769,0.875187
1024,5,885,0.343588,5.85401,5.32769,0.875187
1025,4,1108,0.427328,6.90535,2.09325,2.86211
1026,4,1108,0.427328,6.90535,2.09325,2.86211
1027,4,1108,0.427328,6.90535,2.09325,2.86211
1028,4,1108,0.427328,6.90535,2.09325,2.86211
1029,4,1108,0.427328,6.90535,2.09325,2.86211
1030,7,489,0.401519,5.12432,2.81649,1.51535
1031,7,489,0.401519,5.12432,2.81649,1.51535
1032,7,489,0.401519,5.12432,2.81649,1.51535
1033,7,489,0.401519,5.12432,2.81649,1.51535
1034,7,489,0.401519,5.12432,2.81649,1.51535
1035,9,1130,0.363262,7.39081,1.73002,2.3992
1036,9,1130,0.363262,7.39081,1.73002,2.3992
1037,9,1130,0.363262,7.39081,1.73002,2.3992
1038,9,1130,0.363262,7.39081,1.73002,2.3992
1039,9,1130,0.363262,7.39081,1.73002,2.3992
1040,10,213,0.459141,4.40126,1.12015,2.62091
1041,10,213,0.459141,4.40126,1.12015,2.62091
1042,10,213,0.459141,4.40126,1.12015,2.62091
1043,10,213,0.459141,4.40126,1.12015,2.62091
1044,10,213,0.459141,4.40126,1.12015,2.62091
1045,8,1135,0.483001,8.71577,4.13727,1.83223
1046,8,1135,0.483001,8.71577,4.13727,1.83223
1047,8,1135,0.483001,8.71577,4.13727,1.83223
1048,8,1135,0.483001,8.71577,4.13727,1.83223
1049,8,1135,0.483001,8.71577,4.13727,1.83223
1050,5,1079,0.378871,5.70535,5.25214,2.37443
1051,5,1079,0.378871,5.70535,5.25214,2.37443
1052,5,1079,0.378871,5.70535,5.25214,2.37443
1053,5,1079,0.378871,5.70535,5.25214,2.37443
1054,5,1079,0.378871,5.70535,5.25214,2.37443
1055,7,1215,0.429877,7.52478,4.35515,2.27233
1056,7,1215,0.429877,7.52478,4.35515,2.27233
1057,7,1215,0.429877,7.52478,4.35515,2.27233
1058,7,1215,0.429877,7.52478,4.35515,2.27233
1059,7,1215,0.429877,7.52478,4.35515,2.27233
1060,10,830,0.464736,6.38226,3.9224,0.755132
1061,10,830,0.464736,6.38226,3.9224,0.755132
1062,10,830,0.464736,6.38226,3.9224,0.755132
1063,10,830,0.464736,6.38226,3.9224,0.755132
1064,10,830,0.464736,6.38226,3.9224,0.755132
1065,6,643,0.495062,7.33553,3.93492,2.67671
1066,6,643,0.495062,7.33553,3.93492,2.67671
1067,6,643,0.495062,7.33553,3.93492,2.67671
1068,6,643,0.495062,7.33553,3.93492,2.67671
1069,6,643,0.495062,7.33553,3.93492,2.67671
1070,6,1157,0.34218,9.51346,3.26925,2.73925
1071,6,1157,0.34218,9.51346,3.26925,2.73925
1072,6,1157,0.34218,9.51346,3.26925,2.73925
1073,6,1157,0.34218,9.51346,3.26925,2.73925
1074,6,1157,0.34218,9.51346,3.26925,2.73925
1075,6,268,0.318947,3.64419,2.57083,1.54981
1076,6,268,0.318947,3.64419,2.57083,1.54981
1077,6,268,0.318947,3.64419,2.57083,1.54981
1078,6,268,0.318947,3.64419,2.57083,1.54981
1079,6,268,0.318947,3.64419,2.57083,1.54981
1080,6,556,0.463505,1.50138,2.48305,1.65449
1081,6,556,0.463505,1.50138,2.48305,1.65449
1082,6,556,0.463505,1.50138,2.48305,1.65449
1083,6,556,0.463505,1.50138,2.48305,1.65449
1084,6,556,0.463505,1.50138,2.48305,1.65449
1085,8,157,0.424019,8.49484,5.46906,1.02377
1086,8,157,0.424019,8.49484,5.46906,1.02377
1087,8,157,0.424019,8.49484,5.46906,1.02377
1088,8,157,0.424019,8.49484,5.46906,1.02377
1089,8,157,0.424019,8.49484,5.46906,1.02377
1090,4,174,0.476179,5.57472,5.26082,3.47893
1091,4,174,0.476179,5.57472,5.26082,3.47893
1092,4,174,0.476179,5.57472,5.26082,3.47893
1093,4,174,0.476179,5.57472,5.26082,3.47893
1094,4,174,0.476179,5.57472,5.26082,3.47893
1095,5,607,0.342545,8.90911,1.62403,1.57954
1096,5,607,0.342545,8.90911,1.62403,1.57954
1097,5,607,0.342545,8.90911,1.62403,1.57954
1098,5,607,0.342545,8.90911,1.62403,1.57954
1099,5,607,0.342545,8.90911,1.62403,1.57954
1100,4,635,0.346813,3.64441,5.28276,0.881585
1101,4,635,0.346813,3.64441,5.28276,0.881585
1102,4,635,0.346813,3.64441,5.28276,0.881585
1103,4,635,0.346813,3.64441,5.28276,0.881585
1104,4,635,0.346813,3.64441,5.28276,0.881585
1105,10,1532,0.450749,3.613,5.26729,1.53748
1106,10,1532,0.450749,3.613,5.26729,1.53748
1107,10,1532,0.450749,3.613,5.26729,1.53748
1108,10,1532,0.450749,3.613,5.26729,1.53748
1109,10,1532,0.450749,3.613,5.26729,1.53748
1110,9,1047,0.458677,4.59172,4.76588,1.60106
1111,9,1047,0.458677,4.59172,4.76588,1.60106
1112,9,1047,0.458677,4.59172,4.76588,1.60106
1113,9,1047,0.458677,4.59172,4.76588,1.60106
1114,9,1047,0.458677,4.59172,4.76588,1.60106
1115,4,737,0.319671,9.85059,3.92097,0.631161
1116,4,737,0.319671,9.85059,3.92097,0.631161
1117,4,737,0.319671,9.85059,3.92097,0.631161
1118,4,737,0.319671,9.85059,3.92097,0.631161
1119,4,737,0.319671,9.85059,3.92097,0.631161
1120,5,892,0.456874,2.43826,3.80791,2.63974
1121,5,892,0.456874,2.43826,3.80791,2.63974
1122,5,892,0.456874,2.43826,3.80791,2.63974
1123,5,892,0.456874,2.43826,3.80791,2.63974
1124,5,892,0.456874,2.43826,3.80791,2.63974
1125,6,461,0.383206,8.58162,1.53939,3.03386
1126,6,461,0.383206,8.58162,1.53939,3.03386
1127,6,461,0.383206,8.58162,1.53939,3.03386
1128,6,461,0.383206,8.58162,1.53939,3.03386
1129,6,461,0.383206,8.58162,1.53939,3.03386
1130,7,1196,0.401817,7.31808,1.22438,1.70855
1131,7,1196,0.401817,7.31808,1.22438,1.70855
1132,7,1196,0.401817,7.31808,1.22438,1.70855
1133,7,1196,0.401817,7.31808,1.22438,1.70855
1134,7,1196,0.401817,7.31808,1.22438,1.70855
1135,9,798,0.477194,7.03889,5.41683,0.632731
1136,9,798,0.477194,7.03889,5.41683,0.632731
1137,9,798,0.477194,7.03889,5.41683,0.632731
1138,9,798,0.477194,7.03889,5.41683,0.632731
1139,9,798,0.477194,7.03889,5.41683,0.632731
1140,9,1029,0.360358,5.29859,5.01697,1.79548
1141,9,1029,0.360358,5.29859,5.01697,1.79548
1142,9,1029,0.360358,5.29859,5.01697,1.79548
1143,9,1029,0.360358,5.29859,5.01697,1.79548
1144,9,1029,0.360358,5.29859,5.01697,1.79548
1145,5,1219,0.449965,3.73833,2.92371,1.33055
1146,5,1219,0.449965,3.73833,2.92371,1.33055
1147,5,1219,0.449965,3.73833,2.92371,1.33055
1148,5,1219,0.449965,3.73833,2.92371,1.33055
1149,5,1219,0.449965,3.73833,2.92371,1.33055
1150,8,488,0.441571,9.30074,4.92021,0.95943
1151,8,488,0.441571,9.30074,4.92021,0.95943
1152,8,488,0.441571,9.30074,4.92021,0.95943
1153,8,488,0.441571,9.30074,4.92021,0.95943
1154,8,488,0.441571,9.30074,4.92021,0.95943
1155,3,717,0.405725,3.92109,2.74938,2.58513
1156,3,717,0.405725,3.92109,2.74938,2.58513
1157,3,717,0.405725,3.92109,2.74938,2.58513
1158,3,717,0.405725,3.92109,2.74938,2.58513
1159,3,717,0.405725,3.92109,2.74938,2.58513
1160,8,1255,0.426964,9.71791,3.03628,0.970959
1161,8,1255,0.426964,9.71791,3.03628,0.970959
1162,8,1255,0.426964,9.71791,3.03628,0.970959
1163,8,1255,0.426964,9.71791,3.03628,0.970959
1164,8,1255,0.426964,9.71791,3.03628,0.970959
1165,6,792,0.304101,7.99687,1.10116,2.6743
1166,6,792,0.304101,7.99687,1.10116,2.6743
1167,6,792,0.304101,7.99687,1.10116,2.6743
1168,6,792,0.304101,7.99687,1.10116,2.6743
1169,6,792,0.304101,7.99687,1.10116,2.6743
1170,4,1014,0.329711,5.49926,5.23194,3.0615
1171,4,1014,0.329711,5.49926,5.23194,3.0615
1172,4,1014,0.329711,5.49926,5.23194,3.0615
1173,4,1014,0.329711,5.49926,5.23194,3.0615
1174,4,1014,0.329711,5.49926,5.23194,3.0615
1175,5,725,0.339383,5.24614,3.69738,2.93401
1176,5,725,0.339383,5.24614,3.69738,2.93401
1177,5,725,0.339383,5.24614,3.69738,2.93401
1178,5,725,0.339383,5.24614,3.69738,2.93401
1179,5,725,0.339383,5.24614,3.69738,2.93401
1180,3,931,0.383712,5.45416,2.07295,0.808754
1181,3,931,0.383712,5.45416,2.07295,0.808754
1182,3,931,0.383712,5.45416,2.07295,0.808754
1183,3,931,0.383712,5.45416,2.07295,0.808754
1184,3,931,0.383712,5.45416,2.07295,0.808754
1185,5,548,0.444584,2.68305,1.31991,3.2799
1186,5,548,0.444584,2.68305,1.31991,3.2799
1187,5,548,0.444584,2.68305,1.31991,3.2799
1188,5,548,0.444584,2.68305,1.31991,3.2799
1189,5,548,0.444584,2.68305,1.31991,3.2799
1190,9,1145,0.369589,7.2622,4.24371,1.08783
1191,9,1145,0.369589,7.2622,4.24371,1.08783
1192,9,1145,0.369589,7.2622,4.24371,1.08783
1193,9,1145,0.369589,7.2622,4.24371,1.08783
1194,9,1145,0.369589,7.2622,4.24371,1.08783
1195,8,1236,0.373697,2.42408,2.69188,3.47736
1196,8,1236,0.373697,2.42408,2.69188,3.47736
1197,8,1236,0.373697,2.42408,2.69188,3.47736
1198,8,1236,0.373697,2.42408,2.69188,3.47736
1199,8,1236,0.373697,2.42408,2.69188,3.47736
1200,6,1599,0.380894,8.43111,4.57894,2.09365
1201,6,1599,0.380894,8.43111,4.57894,2.09365
1202,6,1599,0.380894,8.43111,4.57894,2.09365
1203,6,1599,0.380894,8.43111,4.57894,2.09365
1204,6,1599,0.380894,8.43111,4.57894,2.09365
1205,9,483,0.447226,4.96334,3.01689,1.57535
1206,9,483,0.447226,4.96334,3.01689,1.57535
1207,9,483,0.447226,4.96334,3.01689,1.57535
1208,9,483,0.447226,4.96334,3.01689,1.57535
1209,9,483,0.447226,4.96334,3.01689,1.57535
1210,4,1681,0.346325,9.18944,1.13109,1.03811
1211,4,1681,0.346325,9.18944,1.13109,1.03811
1212,4,1681,0.346325,9.18944,1.13109,1.03811
1213,4,1681,0.346325,9.18944,1.13109,1.03811
1214,4,1681,0.346325,9.18944,1.13109,1.03811
1215,7,1111,0.405302,6.02985,4.48408,3.46995
1216,7,1111,0.405302,6.02985,4.48408,3.46995
1217,7,1111,0.405302,6.02985,4.48408,3.46995
1218,7,1111,0.405302,6.02985,4.48408,3.46995
1219,7,1111,0.405302,6.02985,4.48408,3.46995
1220,8,628,0.343261,5.37743,5.75628,3.22859
1221,8,628,0.343261,5.37743,5.75628,3.22859
1222,8,628,0.343261,5.37743,5.75628,3.22859
1223,8,628,0.343261,5.37743,5.75628,3.22859
1224,8,628,0.343261,5.37743,5.75628,3.22859
1225,10,688,0.374564,2.66206,1.30313,2.12138
1226,10,688,0.374564,2.66206,1.30313,2.12138
1227,10,688,0.374564,2.66206,1.30313,2.12138
1228,10,688,0.374564,2.66206,1.30313,2.12138
1229,10,688,0.374564,2.66206,1.30313,2.12138
1230,9,566,0.474454,9.89794,1.49727,1.37708
1231,9,566,0.474454,9.89794,1.49727,1.37708
1232,9,566,0.474454,9.89794,1.49727,1.37708
1233,9,566,0.474454,9.89794,1.49727,1.37708
1234,9,566,0.474454,9.89794,1.49727,1.37708
1235,9,1415,0.32264,6.90972,2.02509,2.73662
1236,9,1415,0.32264,6.90972,2.02509,2.73662
1237,9,1415,0.32264,6.90972,2.02509,2.73662
1238,9,1415,0.32264,6.90972,2.02509,2.73662
1239,9,1415,0.32264,6.90972,2.02509,2.73662
1240,7,1681,0.44921,8.61549,3.04782,1.15541
1241,7,1681,0.44921,8.61549,3.04782,1.15541
1242,7,1681,0.44921,8.61549,3.04782,1.15541
1243,7,1681,0.44921,8.61549,3.04782,1.15541
1244,7,1681,0.44921,8.61549,3.04782,1.15541
1245,8,786,0.309571,5.75366,5.40036,2.4067
1246,8,786,0.309571,5.75366,5.40036,2.4067
1247,8,786,0.309571,5.75366,5.40036,2.4067
1248,8,786,0.309571,5.75366,5.40036,2.4067
1249,8,786,0.309571,5.75366,5.40036,2.4067
1250,5,1126,0.374054,5.31989,1.91879,2.73208
1251,5,1126,0.374054,5.31989,1.91879,2.73208
1252,5,1126,0.374054,5.31989,1.91879,2.73208
1253,5,1126,0.374054,5.31989,1.91879,2.73208
1254,5,1126,0.374054,5.31989,1.91879,2.73208
1255,8,686,0.449961,4.492,2.17433,1.16192
1256,8,686,0.449961,4.492,2.17433,1.16192
1257,8,686,0.449961,4.492,2.17433,1.16192
1258,8,686,0.449961,4.492,2.17433,1.16192
1259,8,686,0.449961,4.492,2.17433,1.16192
1260,6,948,0.417865,2.23351,5.08882,2.65265
1261,6,948,0.417865,2.23351,5.08882,2.65265
1262,6,948,0.417865,2.23351,5.08882,2.65265
1263,6,948,0.417865,2.23351,5.08882,2.65265
1264,6,948,0.417865,2.23351,5.08882,2.65265
1265,9,988,0.49775,6.22805,5.66054,2.49193
1266,9,988,0.49775,6.22805,5.66054,2.49193
1267,9,988,0.49775,6.22805,5.66054,2.49193
1268,9,988,0.49775,6.22805,5.66054,2.49193
1269,9,988,0.49775,6.22805,5.66054,2.49193
1270,9,1124,0.473562,7.76409,2.99658,1.64041
1271,9,1124,0.473562,7.76409,2.99658,1.64041
1272,9,1124,0.473562,7.76409,2.99658,1.64041
1273,9,1124,0.473562,7.76409,2.99658,1.64041
1274,9,1124,0.473562,7.76409,2.99658,1.64041
1275,6,238,0.388255,7.45991,2.05437,0.866498
1276,6,238,0.388255,7.45991,2.05437,0.866498
1277,6,238,0.388255,7.45991,2.05437,0.866498
1278,6,238,0.388255,7.45991,2.05437,0.866498
1279,6,238,0.388255,7.45991,2.05437,0.866498
1280,3,1500,0.355507,1.1155,5.83459,2.81865
1281,3,1500,0.355507,1.1155,5.83459,2.81865
1282,3,1500,0.355507,1.1155,5.83459,2.81865
1283,3,1500,0.355507,1.1155,5.83459,2.81865
1284,3,1500,0.355507,1.1155,5.83459,2.81865
1285,4,199,0.390425,2.71162,4.68759,0.84649
1286,4,199,0.390425,2.71162,4.68759,0.84649
1287,4,199,0.390425,2.71162,4.68759,0.84649
1288,4,199,0.390425,2.71162,4.68759,0.84649
1289,4,199,0.390425,2.71162,4.68759,0.84649
1290,5,822,0.459122,2.6883,3.28579,2.23482
1291,5,822,0.459122,2.6883,3.28579,2.23482
1292,5,822,0.459122,2.6883,3.28579,2.23482
1293,5,822,0.459122,2.6883,3.28579,2.23482
1294,5,822,0.459122,2.6883,3.28579,2.23482
1295,9,1341,0.473914,9.39063,5.74944,1.38269
1296,9,1341,0.473914,9.39063,5.74944,1.38269
1297,9,1341,0.473914,9.39063,5.74944,1.38269
1298,9,1341,0.473914,9.39063,5.74944,1.38269
1299,9,1341,0.473914,9.39063,5.74944,1.38269
1300,8,665,0.426661,7.40617,4.04488,2.40845
1301,8,665,0.426661,7.40617,4.04488,2.40845
1302,8,665,0.426661,7.40617,4.04488,2.40845
1303,8,665,0.426661,7.40617,4.04488,2.40845
1304,8,665,0.426661,7.40617,4.04488,2.40845
1305,7,340,0.379847,6.62889,4.61559,0.725285
1306,7,340,0.379847,6.62889,4.61559,0.725285
1307,7,340,0.379847,6.62889,4.61559,0.725285
1308,7,340,0.379847,6.62889,4.61559,0.725285
1309,7,340,0.379847,6.62889,4.61559,0.725285
1310,7,311,0.358404,9.19962,2.08643,3.19297
1311,7,311,0.358404,9.19962,2.08643,3.19297
1312,7,311,0.358404,9.19962,2.08643,3.19297
1313,7,311,0.358404,9.19962,2.08643,3.19297
1314,7,311,0.358404,9.19962,2.08643,3.19297
1315,7,1289,0.30497,3.70383,1.44904,2.98782
1316,7,1289,0.30497,3.70383,1.44904,2.98782
1317,7,1289,0.30497,3.70383,1.44904,2.98782
1318,7,1289,0.30497,3.70383,1.44904,2.98782
1319,7,1289,0.30497,3.70383,1.44904,2.98782
1320,7,1774,0.385012,2.63405,2.87696,1.34861
1321,7,1774,0.385012,2.63405,2.87696,1.34861
1322,7,1774,0.385012,2.63405,2.87696,1.34861
1323,7,1774,0.385012,2.63405,2.87696,1.34861
1324,7,1774,0.385012,2.63405,2.87696,1.34861
1325,8,1095,0.483521,5.16952,3.91841,1.80097
1326,8,1095,0.483521,5.16952,3.91841,1.80097
1327,8,1095,0.483521,5.16952,3.91841,1.80097
1328,8,1095,0.483521,5.16952,3.91841,1.80097
1329,8,1095,0.483521,5.16952,3.91841,1.80097
1330,5,1257,0.333826,7.71425,2.6183,1.48366
1331,5,1257,0.333826,7.71425,2.6183,1.48366
1332,5,1257,0.333826,7.71425,2.6183,1.48366
1333,5,1257,0.333826,7.71425,2.6183,1.48366
1334,5,1257,0.333826,7.71425,2.6183,1.48366
1335,8,1427,0.484177,5.60862,1.79794,2.84158
1336,8,1427,0.484177,5.60862,1.79794,2.84158
1337,8,1427,0.484177,5.60862,1.79794,2.84158
1338,8,1427,0.484177,5.60862,1.79794,2.84158
1339,8,1427,0.484177,5.60862,1.79794,2.84158
1340,5,963,0.435959,5.83518,2.106,1.5472
1341,5,963,0.435959,5.83518,2.106,1.5472
1342,5,963,0.435959,5.83518,2.106,1.5472
1343,5,963,0.435959,5.83518,2.106,1.5472
1344,5,963,0.435959,5.83518,2.106,1.5472
1345,6,1151,0.417913,5.84655,5.96679,2.11777
1346,6,1151,0.417913,5.84655,5.96679,2.11777
1347,6,1151,0.417913,5.84655,5.96679,2.11777
1348,6,1151,0.417913,5.84655,5.96679,2.11777
1349,6,1151,0.417913,5.84655,5.96679,2.11777
1350,3,386,0.369852,8.43187,2.30276,0.600696
1351,3,386,0.369852,8.43187,2.30276,0.600696
1352,3,386,0.369852,8.43187,2.30276,0.600696
1353,3,386,0.369852,8.43187,2.30276,0.600696
1354,3,386,0.369852,8.43187,2.30276,0.600696
1355,3,1525,0.415913,1.48895,1.09057,0.802517
1356,3,1525,0.415913,1.48895,1.09057,0.802517
1357,3,1525,0.415913,1.48895,1.09057,0.802517
1358,3,1525,0.415913,1.48895,1.09057,0.802517
1359,3,1525,0.415913,1.48895,1.09057,0.802517
1360,4,1346,0.471945,2.42791,5.80575,2.93059
1361,4,1346,0.471945,2.42791,5.80575,2.93059
1362,4,1346,0.471945,2.42791,5.80575,2.93059
1363,4,1346,0.471945,2.42791,5.80575,2.93059
1364,4,1346,0.471945,2.42791,5.80575,2.93059
1365,8,1340,0.364026,5.54676,1.42704,2.43442
1366,8,1340,0.364026,5.54676,1.42704,2.43442
1367,8,1340,0.364026,5.54676,1.42704,2.43442
1368,8,1340,0.364026,5.54676,1.42704,2.43442
1369,8,1340,0.364026,5.54676,1.42704,2.43442
1370,7,1180,0.45432,4.12879,1.39137,2.81773
1371,7,1180,0.45432,4.12879,1.39137,2.81773
1372,7,1180,0.45432,4.12879,1.39137,2.81773
1373,7,1180,0.45432,4.12879,1.39137,2.81773
1374,7,1180,0.45432,4.12879,1.39137,2.81773
1375,9,1769,0.431519,2.18671,1.00265,0.613359
1376,9,1769,0.431519,2.18671,1.00265,0.613359
1377,9,1769,0.431519,2.18671,1.00265,0.613359
1378,9,1769,0.431519,2.18671,1.00265,0.613359
1379,9,1769,0.431519,2.18671,1.00265,0.613359
1380,5,1242,0.469071,7.35368,3.03627,3.05484
1381,5,1242,0.469071,7.35368,3.03627,3.05484
1382,5,1242,0.469071,7.35368,3.03627,3.05484
1383,5,1242,0.469071,7.35368,3.03627,3.05484
1384,5,1242,0.469071,7.35368,3.03627,3.05484
1385,10,406,0.334232,7.73487,5.18365,2.5762
1386,10,406,0.334232,7.73487,5.18365,2.5762
1387,10,406,0.334232,7.73487,5.18365,2.5762
1388,10,406,0.334232,7.73487,5.18365,2.5762
1389,10,406,0.334232,7.73487,5.18365,2.5762
1390,9,579,0.370373,8.3827,2.7097,1.55248
1391,9,579,0.370373,8.3827,2.7097,1.55248
1392,9,579,0.370373,8.3827,2.7097,1.55248
1393,9,579,0.370373,8.3827,2.7097,1.55248
1394,9,579,0.370373,8.3827,2.7097,1.55248
1395,10,1410,0.349395,1.28805,4.46193,3.15062
1396,10,1410,0.349395,1.28805,4.46193,3.15062
1397,10,1410,0.349395,1.28805,4.46193,3.15062
1398,10,1410,0.349395,1.28805,4.46193,3.15062
1399,10,1410,0.349395,1.28805,4.46193,3.15062
1400,9,1766,0.446801,9.77017,2.74621,2.64525
1401,9,1766,0.446801,9.77017,2.74621,2.64525
1402,9,1766,0.446801,9.77017,2.74621,2.64525
1403,9,1766,0.446801,9.77017,2.74621,2.64525
1404,9,1766,0.446801,9.77017,2.74621,2.64525
1405,7,301,0.3371,9.31127,4.88642,2.51315
1406,7,301,0.3371,9.31127,4.88642,2.51315
1407,7,301,0.3371,9.31127,4.88642,2.51315
1408,7,301,0.3371,9.31127,4.88642,2.51315
1409,7,301,0.3371,9.31127,4.88642,2.51315
1410,6,690,0.341514,4.6481,2.75881,1.13447
1411,6,690,0.341514,4.6481,2.75881,1.13447
1412,6,690,0.341514,4.6481,2.75881,1.13447
1413,6,690,0.341514,4.6481,2.75881,1.13447
1414,6,690,0.341514,4.6481,2.75881,1.13447
