120
3
30 30 30
703

62 59 96 96 59 496 6 73 351 40 100 98 140 576 535 92 61 42 23 651 710 731 14 114 92 20 34 782 180 946
46 1 0 96 52 14 82 819 734 30 47 83 51 4 14 51 247 97 721 9 886 23 51 330 4 975 42 195 69 40
61 77 672 925 73 609 41 4 83 76 55 484 24 4 962 247 21 65 62 10 9 466 69 96 458 95 746 39 14 64

0 0 1
0 0 2
0 0 12
0 0 13
0 0 14
0 0 17
0 0 19
0 0 21
0 0 22
0 0 23
0 0 24
0 0 26
0 0 29
0 1 2
0 1 3
0 1 5
0 1 8
0 1 9
0 1 10
0 1 11
0 1 12
0 1 14
0 1 15
0 1 16
0 1 22
0 1 25
0 1 26
0 1 27
0 1 29
0 2 0
0 2 1
0 2 3
0 2 4
0 2 6
0 2 9
0 2 10
0 2 18
0 2 21
0 2 22
0 2 23
0 2 24
0 2 27
0 2 28
0 2 29
0 3 0
0 3 3
0 3 4
0 3 6
0 3 12
0 3 13
0 3 15
0 3 16
0 3 17
0 3 19
0 3 29
0 4 0
0 4 2
0 4 3
0 4 6
0 4 9
0 4 12
0 4 15
0 4 17
0 4 20
0 4 24
0 4 29
0 5 3
0 5 7
0 5 10
0 5 16
0 5 19
0 5 20
0 5 22
0 5 23
0 6 0
0 6 1
0 6 2
0 6 4
0 6 5
0 6 6
0 6 9
0 6 12
0 6 14
0 6 15
0 6 17
0 6 19
0 6 28
0 7 1
0 7 3
0 7 4
0 7 9
0 7 11
0 7 12
0 7 14
0 7 15
0 7 19
0 7 21
0 7 22
0 7 24
0 7 27
0 7 28
0 8 3
0 8 4
0 8 7
0 8 8
0 8 16
0 8 18
0 8 19
0 8 21
0 8 23
0 8 25
0 8 27
0 8 28
0 9 1
0 9 2
0 9 4
0 9 6
0 9 12
0 9 14
0 9 19
0 9 20
0 9 22
0 9 27
0 9 28
0 9 29
0 10 0
0 10 1
0 10 3
0 10 4
0 10 5
0 10 9
0 10 10
0 10 11
0 10 13
0 10 14
0 10 17
0 10 18
0 10 19
0 10 22
0 10 29
0 11 0
0 11 3
0 11 6
0 11 9
0 11 10
0 11 11
0 11 12
0 11 13
0 11 14
0 11 15
0 11 17
0 11 19
0 11 22
0 11 23
0 11 26
0 11 29
0 12 6
0 12 7
0 12 10
0 12 11
0 12 14
0 12 16
0 12 22
0 12 24
0 12 26
0 12 27
0 12 28
0 12 29
0 13 3
0 13 5
0 13 7
0 13 11
0 13 16
0 13 18
0 13 19
0 13 20
0 13 27
0 14 7
0 14 20
0 14 23
0 14 27
0 14 29
0 15 0
0 15 3
0 15 4
0 15 14
0 15 19
0 15 25
0 15 26
0 16 1
0 16 2
0 16 4
0 16 15
0 16 17
0 16 20
0 16 22
0 16 24
0 16 28
0 16 29
0 17 0
0 17 2
0 17 4
0 17 6
0 17 9
0 17 10
0 17 11
0 17 12
0 17 15
0 17 19
0 17 21
0 18 0
0 18 2
0 18 3
0 18 4
0 18 5
0 18 6
0 18 7
0 18 10
0 18 12
0 18 14
0 18 15
0 18 19
0 18 21
0 18 24
0 18 26
0 18 28
0 18 29
0 19 1
0 19 2
0 19 4
0 19 5
0 19 6
0 19 10
0 19 16
0 20 7
0 20 8
0 20 11
0 20 20
0 21 1
0 21 12
0 21 16
0 21 18
0 21 21
0 21 25
0 21 28
0 22 0
0 22 2
0 22 3
0 22 6
0 22 13
0 22 14
0 22 15
0 22 17
0 22 19
0 22 22
0 22 25
0 22 26
0 22 28
0 23 0
0 23 1
0 23 3
0 23 12
0 23 13
0 23 23
0 23 29
0 24 0
0 24 5
0 24 6
0 24 10
0 24 13
0 24 15
0 24 16
0 24 22
0 24 29
0 25 0
0 25 2
0 25 4
0 25 6
0 25 15
0 25 17
0 25 19
0 25 21
0 25 23
0 25 24
0 25 28
0 25 29
0 26 0
0 26 2
0 26 3
0 26 4
0 26 5
0 26 8
0 26 10
0 26 11
0 26 13
0 26 16
0 26 19
0 26 22
0 26 23
0 26 24
0 26 26
0 27 0
0 27 14
0 27 16
0 27 23
0 27 25
0 28 2
0 28 9
0 28 10
0 28 13
0 28 14
0 28 15
0 28 17
0 28 22
0 28 26
0 28 27
0 28 28
0 29 9
0 29 18
0 29 20
0 29 21
0 29 23
1 0 4
1 0 6
1 0 9
1 0 10
1 0 11
1 0 16
1 0 17
1 0 18
1 0 19
1 0 25
1 0 27
1 0 28
1 1 1
1 1 9
1 1 10
1 1 12
1 1 13
1 1 15
1 1 16
1 1 17
1 1 18
1 1 19
1 1 20
1 1 22
1 1 25
1 1 27
1 1 29
1 2 0
1 2 1
1 2 4
1 2 12
1 2 13
1 2 15
1 2 16
1 2 18
1 2 19
1 2 21
1 2 22
1 2 25
1 2 29
1 3 0
1 3 1
1 3 3
1 3 4
1 3 7
1 3 9
1 3 10
1 3 12
1 3 13
1 3 16
1 3 17
1 3 18
1 3 20
1 3 28
1 4 1
1 4 8
1 4 9
1 4 11
1 4 12
1 4 13
1 4 16
1 4 17
1 4 18
1 4 19
1 4 20
1 4 22
1 4 24
1 4 25
1 4 27
1 5 0
1 5 1
1 5 8
1 5 9
1 5 10
1 5 15
1 5 19
1 5 20
1 5 22
1 5 23
1 5 25
1 5 27
1 5 28
1 6 1
1 6 6
1 6 8
1 6 9
1 6 12
1 6 13
1 6 16
1 6 18
1 6 19
1 6 22
1 6 24
1 6 25
1 6 28
1 6 29
1 7 0
1 7 2
1 7 3
1 7 5
1 7 14
1 7 15
1 7 16
1 7 24
1 7 26
1 8 2
1 8 3
1 8 11
1 8 13
1 8 15
1 8 18
1 8 20
1 8 21
1 8 23
1 9 1
1 9 3
1 9 6
1 9 7
1 9 8
1 9 11
1 9 13
1 9 14
1 9 15
1 9 16
1 9 18
1 9 19
1 9 22
1 9 23
1 9 25
1 9 26
1 9 28
1 9 29
1 10 5
1 10 8
1 10 14
1 10 16
1 10 18
1 10 19
1 10 26
1 10 27
1 11 0
1 11 1
1 11 9
1 11 10
1 11 12
1 11 15
1 11 16
1 11 17
1 11 18
1 11 19
1 11 20
1 11 22
1 11 23
1 11 25
1 11 28
1 12 0
1 12 1
1 12 4
1 12 6
1 12 7
1 12 9
1 12 10
1 12 12
1 12 13
1 12 16
1 12 17
1 12 18
1 12 19
1 12 20
1 12 24
1 12 25
1 12 28
1 12 29
1 13 0
1 13 2
1 13 4
1 13 5
1 13 6
1 13 7
1 13 8
1 13 9
1 13 13
1 13 14
1 13 16
1 13 18
1 13 19
1 14 0
1 14 1
1 14 8
1 14 11
1 14 12
1 14 14
1 14 17
1 14 18
1 14 19
1 14 23
1 14 25
1 14 28
1 14 29
1 15 1
1 15 2
1 15 3
1 15 4
1 15 6
1 15 7
1 15 9
1 15 10
1 15 12
1 15 16
1 15 18
1 15 20
1 15 23
1 15 29
1 16 3
1 16 5
1 16 7
1 16 13
1 16 15
1 16 20
1 16 23
1 16 28
1 17 1
1 17 2
1 17 4
1 17 7
1 17 8
1 17 9
1 17 10
1 17 11
1 17 12
1 17 17
1 17 18
1 17 19
1 17 21
1 17 23
1 17 25
1 17 28
1 17 29
1 18 2
1 18 7
1 18 8
1 18 13
1 18 14
1 18 17
1 18 19
1 18 21
1 18 24
1 18 28
1 19 0
1 19 4
1 19 5
1 19 6
1 19 9
1 19 10
1 19 11
1 19 13
1 19 16
1 19 17
1 19 19
1 19 21
1 19 28
1 19 29
1 20 6
1 20 7
1 20 8
1 20 12
1 20 14
1 20 15
1 20 19
1 20 21
1 20 23
1 20 27
1 21 1
1 21 4
1 21 6
1 21 7
1 21 8
1 21 14
1 21 15
1 21 18
1 21 19
1 21 22
1 21 25
1 21 27
1 21 28
1 21 29
1 22 1
1 22 4
1 22 5
1 22 7
1 22 9
1 22 10
1 22 12
1 22 13
1 22 17
1 22 20
1 22 23
1 22 25
1 22 28
1 22 29
1 23 5
1 23 8
1 23 10
1 23 11
1 23 14
1 23 19
1 23 20
1 23 21
1 23 23
1 23 26
1 23 27
1 23 28
1 24 1
1 24 6
1 24 7
1 24 8
1 24 11
1 24 13
1 24 14
1 24 20
1 24 22
1 24 27
1 24 28
1 24 29
1 25 0
1 25 2
1 25 5
1 25 14
1 25 15
1 25 20
1 25 21
1 26 0
1 26 4
1 26 6
1 26 7
1 26 8
1 26 12
1 26 13
1 26 15
1 26 18
1 26 21
1 26 23
1 26 25
1 26 28
1 26 29
1 27 3
1 27 5
1 27 7
1 27 9
1 27 11
1 27 13
1 27 14
1 27 15
1 27 20
1 27 22
1 27 23
1 27 24
1 28 8
1 28 9
1 28 12
1 28 13
1 28 16
1 28 19
1 28 22
1 28 27
1 28 29
1 29 2
1 29 3
1 29 4
1 29 5
1 29 6
1 29 8
1 29 12
1 29 13
1 29 16
1 29 17
1 29 19
1 29 21
1 29 22
1 29 27
1 29 28