1658
4
30 30 30 30
995

66 40 40 123 57 45 21 69 326 600 100 92 29 64 537 58 881 249 26 917 35 743 98 97 68 812 99 20 0 23
19 27 703 98 85 67 15 78 17 93 36 21 73 490 37 66 111 32 6 89 93 36 90 89 95 54 48 61 22 98
145 86 28 20 58 1 77 72 47 26 51 69 18 78 385 33 35 660 33 27 71 17 69 44 88 67 22 47 24 1
85 412 65 47 132 156 935 64 409 22 13 43 5 62 90 79 15 62 96 253 21 34 65 4 646 75 64 53 99 45

0 0 3
0 0 6
0 0 7
0 0 14
0 0 15
0 0 16
0 0 19
0 0 20
0 0 23
0 0 24
0 0 25
0 0 26
0 0 28
0 0 29
0 1 4
0 1 7
0 1 11
0 1 29
0 2 1
0 2 4
0 2 7
0 2 8
0 2 13
0 2 19
0 2 20
0 2 21
0 2 22
0 2 27
0 2 28
0 2 29
0 3 2
0 3 11
0 3 16
0 3 18
0 3 26
0 4 1
0 4 4
0 4 6
0 4 10
0 4 17
0 4 21
0 4 25
0 4 26
0 4 28
0 5 2
0 5 5
0 5 8
0 5 11
0 5 14
0 5 15
0 5 17
0 5 19
0 5 21
0 5 23
0 5 29
0 6 0
0 6 1
0 6 3
0 6 7
0 6 8
0 6 10
0 6 11
0 6 18
0 6 19
0 6 20
0 6 22
0 6 28
0 6 29
0 7 1
0 7 4
0 7 5
0 7 8
0 7 11
0 7 12
0 7 13
0 7 14
0 7 17
0 7 18
0 7 19
0 7 20
0 7 21
0 7 24
0 7 25
0 7 26
0 7 27
0 7 28
0 8 1
0 8 3
0 8 8
0 8 13
0 8 14
0 8 24
0 8 28
0 9 1
0 9 2
0 9 4
0 9 6
0 9 7
0 9 15
0 9 16
0 9 24
0 9 28
0 9 29
0 10 5
0 10 10
0 10 11
0 10 12
0 10 14
0 10 18
0 10 21
0 10 24
0 10 25
0 10 27
0 10 28
0 10 29
0 11 0
0 11 1
0 11 3
0 11 9
0 11 14
0 11 16
0 11 19
0 11 20
0 11 22
0 11 23
0 11 24
0 11 25
0 11 26
0 11 27
0 11 28
0 12 0
0 12 1
0 12 5
0 12 7
0 12 8
0 12 10
0 12 11
0 12 12
0 12 15
0 12 17
0 12 19
0 12 22
0 12 23
0 12 24
0 12 29
0 13 8
0 13 10
0 13 17
0 13 19
0 13 20
0 13 22
0 13 25
0 13 27
0 13 29
0 14 2
0 14 5
0 14 6
0 14 13
0 14 16
0 14 18
0 14 29
0 15 0
0 15 1
0 15 3
0 15 4
0 15 5
0 15 6
0 15 9
0 15 10
0 15 18
0 15 19
0 15 20
0 15 22
0 15 27
0 15 28
0 16 2
0 16 9
0 16 16
0 16 17
0 16 21
0 17 8
0 17 12
0 17 13
0 17 16
0 18 5
0 18 9
0 18 10
0 18 13
0 18 15
0 18 16
0 18 18
0 18 20
0 18 21
0 18 23
0 18 24
0 18 28
0 19 1
0 19 2
0 19 11
0 19 12
0 19 13
0 19 15
0 19 17
0 19 18
0 19 19
0 19 20
0 19 26
0 19 29
0 20 1
0 20 4
0 20 5
0 20 6
0 20 9
0 20 10
0 20 18
0 20 19
0 20 21
0 20 23
0 20 25
0 20 28
0 20 29
0 21 4
0 21 14
0 22 0
0 22 3
0 22 5
0 22 8
0 22 12
0 22 17
0 22 20
0 22 21
0 22 24
0 22 26
0 22 27
0 22 28
0 23 7
0 23 12
0 23 16
0 23 18
0 23 24
0 23 29
0 24 0
0 24 3
0 24 5
0 24 6
0 24 9
0 24 16
0 24 19
0 24 21
0 24 27
0 24 28
0 25 3
0 25 9
0 25 13
0 25 14
0 25 16
0 25 17
0 25 21
0 26 2
0 26 3
0 26 4
0 26 9
0 26 10
0 26 11
0 26 12
0 26 14
0 26 16
0 26 19
0 26 23
0 26 24
0 26 28
0 26 29
0 27 0
0 27 4
0 27 9
0 27 10
0 27 11
0 27 12
0 27 14
0 27 15
0 27 18
0 27 21
0 27 22
0 27 26
0 27 28
0 28 7
0 28 9
0 28 10
0 28 14
0 28 15
0 28 17
0 28 18
0 28 20
0 28 22
0 28 23
0 28 24
0 28 25
0 29 3
0 29 6
0 29 11
0 29 12
0 29 13
0 29 17
0 29 18
0 29 20
0 29 22
0 29 25
0 29 27
0 29 28
0 29 29
1 0 4
1 0 7
1 0 9
1 0 11
1 0 16
1 0 20
1 0 22
1 0 23
1 0 24
1 0 26
1 0 28
1 0 29
1 1 3
1 1 5
1 1 8
1 1 10
1 1 12
1 1 15
1 1 16
1 1 18
1 1 19
1 1 22
1 2 0
1 2 1
1 2 20
1 2 23
1 2 24
1 2 29
1 3 1
1 3 2
1 3 8
1 3 9
1 3 11
1 3 12
1 3 15
1 3 16
1 3 18
1 3 22
1 3 23
1 4 2
1 4 3
1 4 4
1 4 6
1 4 7
1 4 10
1 4 11
1 4 12
1 4 16
1 4 18
1 4 21
1 4 22
1 4 23
1 4 24
1 4 26
1 5 2
1 5 4
1 5 5
1 5 8
1 5 11
1 5 13
1 5 14
1 5 15
1 5 16
1 5 18
1 5 23
1 5 26
1 5 29
1 6 2
1 6 4
1 6 6
1 6 7
1 6 16
1 6 17
1 6 22
1 7 1
1 7 3
1 7 4
1 7 5
1 7 9
1 7 10
1 7 11
1 7 18
1 7 20
1 7 23
1 7 26
1 7 28
1 7 29
1 8 13
1 8 18
1 8 19
1 8 20
1 8 21
1 8 22
1 8 24
1 8 26
1 8 27
1 8 28
1 8 29
1 9 0
1 9 3
1 9 5
1 9 8
1 9 9
1 9 12
1 9 13
1 9 18
1 9 21
1 9 22
1 9 24
1 9 26
1 9 27
1 9 29
1 10 0
1 10 1
1 10 2
1 10 9
1 10 15
1 10 16
1 10 18
1 10 19
1 10 21
1 10 27
1 10 28
1 11 3
1 11 4
1 11 6
1 11 7
1 11 8
1 11 10
1 11 13
1 11 19
1 11 22
1 11 23
1 11 25
1 11 27
1 11 28
1 11 29
1 12 0
1 12 2
1 12 6
1 12 9
1 12 10
1 12 13
1 12 15
1 12 16
1 12 19
1 12 21
1 12 23
1 12 24
1 12 25
1 12 28
1 13 0
1 13 1
1 13 4
1 13 6
1 13 8
1 13 9
1 13 21
1 13 22
1 13 27
1 13 29
1 14 1
1 14 3
1 14 4
1 14 6
1 14 10
1 14 11
1 14 12
1 14 17
1 14 18
1 14 21
1 14 23
1 14 27
1 15 1
1 15 2
1 15 3
1 15 6
1 15 8
1 15 9
1 15 10
1 15 15
1 15 16
1 15 17
1 15 18
1 15 20
1 15 21
1 15 25
1 15 26
1 15 27
1 15 28
1 16 0
1 16 4
1 16 5
1 16 7
1 16 11
1 17 2
1 17 6
1 17 9
1 17 12
1 17 15
1 17 16
1 17 19
1 17 27
1 17 28
1 17 29
1 18 1
1 18 3
1 18 10
1 18 15
1 18 18
1 18 21
1 18 25
1 18 28
1 18 29
1 19 2
1 19 4
1 19 7
1 19 11
1 19 12
1 19 13
1 19 14
1 19 15
1 19 18
1 19 19
1 19 20
1 19 21
1 19 24
1 20 0
1 20 1
1 20 2
1 20 3
1 20 5
1 20 6
1 20 9
1 20 10
1 20 12
1 20 16
1 20 20
1 20 23
1 20 24
1 20 27
1 21 1
1 21 2
1 21 3
1 21 4
1 21 7
1 21 12
1 21 18
1 21 19
1 21 20
1 21 21
1 21 22
1 21 27
1 21 29
1 22 1
1 22 2
1 22 3
1 22 4
1 22 6
1 22 9
1 22 21
1 22 23
1 22 24
1 22 25
1 23 0
1 23 1
1 23 4
1 23 5
1 23 6
1 23 7
1 23 8
1 23 10
1 23 13
1 23 14
1 23 19
1 23 21
1 23 23
1 23 24
1 23 25
1 23 29
1 24 0
1 24 2
1 24 3
1 24 9
1 24 12
1 24 16
1 24 18
1 24 19
1 24 22
1 24 23
1 24 26
1 24 27
1 24 28
1 24 29
1 25 2
1 25 4
1 25 7
1 25 8
1 25 9
1 25 10
1 25 11
1 25 13
1 25 16
1 25 18
1 25 21
1 25 26
1 25 27
1 25 28
1 25 29
1 26 0
1 26 4
1 26 6
1 26 8
1 26 10
1 26 11
1 26 12
1 26 15
1 26 18
1 26 20
1 26 22
1 26 25
1 26 28
1 27 0
1 27 1
1 27 2
1 27 6
1 27 7
1 27 8
1 27 9
1 27 15
1 27 18
1 27 19
1 27 23
1 27 26
1 27 28
1 28 0
1 28 3
1 28 6
1 28 9
1 28 11
1 28 12
1 28 18
1 28 20
1 28 23
1 28 24
1 28 26
1 28 27
1 29 1
1 29 3
1 29 6
1 29 7
1 29 15
1 29 20
1 29 21
1 29 22
1 29 23
1 29 24
1 29 26
1 29 29
2 0 0
2 0 2
2 0 3
2 0 5
2 0 8
2 0 15
2 0 21
2 0 24
2 1 0
2 1 3
2 1 8
2 1 9
2 1 10
2 1 14
2 1 20
2 1 21
2 1 22
2 1 26
2 1 27
2 1 28
2 2 0
2 2 3
2 2 6
2 2 7
2 2 8
2 2 9
2 2 17
2 2 18
2 2 21
2 2 25
2 2 28
2 2 29
2 3 0
2 3 3
2 3 4
2 3 6
2 3 7
2 3 9
2 3 11
2 3 12
2 3 16
2 3 18
2 3 22
2 3 25
2 3 27
2 4 2
2 4 7
2 4 8
2 4 9
2 4 10
2 4 12
2 4 13
2 4 24
2 4 28
2 5 0
2 5 3
2 5 15
2 5 16
2 5 18
2 5 20
2 5 22
2 5 24
2 5 28
2 5 29
2 6 0
2 6 1
2 6 2
2 6 3
2 6 4
2 6 7
2 6 9
2 6 10
2 6 11
2 6 13
2 6 15
2 6 17
2 6 22
2 7 10
2 7 12
2 7 13
2 7 14
2 7 15
2 7 23
2 7 25
2 7 29
2 8 7
2 8 10
2 8 12
2 8 13
2 8 14
2 8 17
2 8 18
2 8 21
2 8 23
2 8 29
2 9 0
2 9 2
2 9 4
2 9 5
2 9 6
2 9 9
2 9 11
2 9 12
2 9 13
2 9 15
2 9 16
2 9 20
2 9 22
2 9 23
2 9 25
2 9 27
2 9 29
2 10 0
2 10 2
2 10 4
2 10 5
2 10 10
2 10 11
2 10 15
2 10 17
2 10 20
2 10 23
2 10 26
2 11 0
2 11 2
2 11 4
2 11 5
2 11 13
2 11 16
2 11 17
2 11 19
2 11 22
2 11 23
2 12 0
2 12 3
2 12 9
2 12 10
2 12 13
2 12 15
2 12 16
2 12 23
2 12 25
2 12 26
2 12 27
2 13 7
2 13 11
2 13 12
2 13 14
2 13 16
2 13 22
2 13 23
2 13 26
2 13 28
2 14 0
2 14 1
2 14 3
2 14 4
2 14 6
2 14 8
2 14 12
2 14 13
2 14 19
2 14 21
2 14 25
2 15 0
2 15 7
2 15 11
2 15 12
2 15 13
2 15 17
2 15 18
2 15 22
2 15 23
2 15 24
2 15 25
2 15 26
2 15 28
2 16 2
2 16 3
2 16 7
2 16 8
2 16 9
2 16 12
2 16 17
2 16 25
2 16 27
2 17 4
2 17 5
2 17 6
2 17 7
2 17 9
2 17 13
2 17 18
2 17 19
2 17 22
2 17 23
2 18 0
2 18 2
2 18 10
2 18 11
2 18 14
2 18 15
2 18 16
2 18 18
2 18 27
2 18 28
2 18 29
2 19 5
2 19 8
2 19 9
2 19 13
2 19 14
2 19 16
2 19 28
2 19 29
2 20 5
2 20 11
2 20 12
2 20 13
2 20 15
2 20 20
2 20 22
2 20 24
2 20 26
2 20 27
2 20 28
2 21 1
2 21 2
2 21 6
2 21 14
2 21 17
2 21 19
2 21 20
2 22 0
2 22 3
2 22 5
2 22 9
2 22 12
2 22 13
2 22 17
2 22 18
2 22 20
2 22 23
2 22 27
2 22 29
2 23 2
2 23 7
2 23 10
2 23 11
2 23 12
2 23 13
2 23 14
2 23 15
2 23 17
2 23 22
2 23 25
2 23 26
2 24 9
2 24 11
2 24 12
2 24 13
2 24 15
2 24 17
2 24 18
2 24 21
2 24 22
2 24 23
2 24 26
2 24 27
2 24 29
2 25 0
2 25 1
2 25 10
2 25 11
2 25 13
2 25 15
2 25 17
2 25 20
2 25 22
2 25 25
2 25 26
2 25 28
2 26 0
2 26 3
2 26 4
2 26 7
2 26 8
2 26 11
2 26 12
2 26 15
2 26 18
2 26 20
2 26 27
2 27 2
2 27 6
2 27 7
2 27 12
2 27 14
2 27 15
2 27 18
2 27 19
2 27 22
2 27 27
2 27 28
2 27 29
2 28 0
2 28 2
2 28 6
2 28 11
2 28 12
2 28 13
2 28 15
2 28 16
2 28 17
2 28 18
2 28 19
2 28 20
2 28 28
2 28 29
2 29 3
2 29 6
2 29 9
2 29 14
2 29 15
2 29 20
2 29 21