4287
6
20 20 20 20 20 20
544

658 2 3 26 270 98 34 65 625 22 55 90 88 35 25 9 5 224 25 12
7 89 388 33 113 70 71 155 34 39 73 100 71 45 255 877 86 27 380 36
38 74 82 64 185 577 79 60 86 8 90 85 98 89 430 11 36 8 35 10
26 26 45 510 53 75 34 516 579 7 12 919 97 55 26 747 590 72 69 96
25 89 42 59 100 87 420 557 8 58 49 53 30 36 81 752 625 11 23 20
44 23 87 66 3 222 23 50 83 17 63 80 47 40 14 7 362 479 1000 91

0 0 6
0 0 7
0 0 14
0 0 16
0 1 6
0 1 9
0 1 11
0 1 12
0 1 18
0 1 19
0 2 2
0 2 18
0 3 1
0 3 11
0 3 12
0 3 13
0 3 17
0 4 4
0 4 5
0 4 7
0 4 9
0 4 10
0 4 14
0 4 15
0 4 17
0 5 0
0 5 1
0 5 4
0 5 5
0 5 9
0 5 11
0 5 16
0 6 3
0 6 5
0 6 6
0 6 15
0 6 19
0 7 3
0 7 4
0 7 9
0 7 14
0 8 1
0 8 2
0 8 4
0 8 14
0 8 16
0 8 19
0 9 2
0 9 4
0 9 7
0 9 9
0 9 12
0 9 16
0 10 1
0 10 2
0 10 3
0 10 11
0 10 13
0 11 4
0 11 5
0 11 6
0 11 10
0 11 11
0 11 12
0 11 13
0 11 18
0 12 0
0 12 6
0 12 9
0 12 10
0 12 13
0 13 3
0 13 5
0 13 8
0 13 9
0 13 11
0 14 11
0 14 19
0 15 1
0 15 5
0 15 10
0 15 16
0 16 3
0 16 5
0 16 11
0 16 13
0 17 2
0 17 4
0 17 5
0 17 9
0 17 15
0 17 16
0 17 19
0 18 1
0 18 4
0 18 16
0 19 3
0 19 7
0 19 9
0 19 10
0 19 11
1 0 0
1 0 6
1 0 8
1 0 9
1 0 14
1 0 15
1 1 0
1 1 1
1 1 5
1 1 8
1 1 9
1 1 10
1 1 14
1 2 4
1 2 5
1 3 1
1 3 7
1 3 10
1 3 11
1 3 14
1 3 15
1 3 18
1 4 4
1 4 9
1 4 14
1 4 15
1 5 2
1 5 8
1 5 10
1 5 16
1 5 19
1 6 8
1 6 12
1 7 5
1 7 6
1 7 8
1 7 9
1 7 10
1 7 11
1 7 14
1 7 16
1 7 17
1 8 1
1 8 2
1 8 6
1 8 11
1 8 12
1 8 13
1 8 16
1 9 3
1 9 11
1 9 15
1 9 16
1 9 19
1 10 1
1 10 2
1 10 4
1 10 7
1 10 12
1 10 14
1 10 16
1 11 0
1 11 3
1 11 4
1 11 9
1 11 13
1 11 16
1 11 18
1 12 6
1 12 13
1 12 19
1 13 7
1 13 8
1 13 9
1 13 10
1 13 11
1 13 12
1 13 13
1 14 3
1 14 4
1 14 5
1 14 7
1 14 8
1 14 10
1 14 11
1 14 15
1 14 19
1 15 5
1 15 14
1 15 16
1 16 2
1 16 5
1 16 10
1 16 14
1 16 16
1 16 17
1 16 19
1 17 5
1 17 9
1 17 16
1 17 18
1 17 19
1 18 2
1 18 4
1 18 14
1 18 16
1 18 17
1 18 19
1 19 3
1 19 4
1 19 5
1 19 8
1 19 12
1 19 14
1 19 19
2 0 5
2 0 12
2 0 19
2 1 9
2 1 12
2 1 15
2 1 16
2 2 9
2 2 13
2 2 16
2 2 17
2 3 4
2 3 14
2 3 15
2 3 17
2 4 2
2 4 3
2 4 5
2 4 9
2 4 10
2 4 15
2 5 0
2 5 2
2 5 3
2 5 7
2 5 8
2 5 11
2 5 15
2 5 16
2 6 4
2 6 5
2 6 7
2 6 18
2 6 19
2 7 2
2 7 5
2 7 13
2 7 18
2 8 5
2 8 14
2 8 18
2 8 19
2 9 1
2 9 3
2 9 8
2 9 12
2 9 15
2 9 19
2 10 1
2 10 2
2 10 5
2 10 6
2 10 17
2 11 2
2 11 6
2 11 9
2 11 12
2 11 14
2 12 6
2 12 8
2 12 10
2 12 11
2 12 12
2 12 13
2 12 19
2 13 9
2 13 11
2 13 13
2 13 14
2 13 19
2 14 5
2 14 6
2 14 7
2 14 8
2 14 10
2 14 11
2 14 15
2 14 16
2 14 18
2 14 19
2 15 0
2 15 2
2 15 3
2 15 16
2 15 17
2 16 2
2 16 6
2 16 10
2 16 12
2 17 0
2 17 3
2 17 4
2 17 7
2 17 9
2 17 12
2 17 13
2 18 1
2 18 3
2 18 7
2 18 8
2 18 9
2 18 10
2 18 14
2 19 1
2 19 9
2 19 10
2 19 17
2 19 18
3 0 0
3 0 5
3 0 10
3 0 11
3 0 14
3 0 15
3 0 18
3 1 14
3 2 2
3 2 5
3 2 6
3 2 11
3 2 12
3 2 14
3 2 15
3 2 16
3 2 19
3 3 4
3 3 8
3 3 15
3 3 16
3 4 1
3 4 7
3 4 14
3 5 0
3 5 7
3 5 11
3 5 12
3 5 13
3 5 14
3 5 17
3 6 4
3 6 10
3 6 16
3 7 0
3 7 6
3 7 7
3 7 15
3 7 16
3 8 2
3 8 4
3 8 13
3 8 16
3 9 5
3 9 7
3 9 14
3 9 15
3 9 16
3 9 18
3 9 19
3 10 3
3 10 4
3 10 7
3 10 8
3 10 9
3 10 11
3 10 18
3 11 0
3 11 4
3 11 5
3 11 6
3 11 7
3 11 13
3 11 15
3 11 16
3 11 17
3 11 18
3 11 19
3 12 4
3 12 9
3 12 13
3 13 0
3 13 2
3 13 3
3 13 12
3 13 13
3 13 14
3 14 3
3 14 5
3 14 6
3 14 9
3 14 18
3 15 0
3 15 5
3 15 7
3 15 9
3 15 10
3 15 13
3 15 15
3 15 16
3 16 0
3 16 7
3 16 14
3 16 15
3 16 19
3 17 2
3 17 3
3 17 10
3 17 13
3 17 15
3 17 19
3 18 3
3 18 4
3 18 9
3 18 10
3 19 5
3 19 6
3 19 15
4 0 0
4 0 7
4 0 9
4 0 12
4 1 1
4 1 5
4 1 8
4 1 10
4 1 11
4 1 13
4 1 17
4 1 18
4 1 19
4 2 0
4 2 1
4 2 3
4 3 2
4 3 10
4 3 11
4 3 18
4 4 12
4 4 13
4 4 14
4 4 16
4 4 19
4 5 1
4 5 2
4 5 4
4 5 10
4 5 18
4 6 3
4 6 5
4 6 6
4 6 11
4 6 14
4 6 16
4 6 17
4 7 0
4 7 1
4 7 2
4 7 5
4 7 9
4 7 13
4 7 18
4 8 2
4 8 6
4 8 7
4 8 13
4 8 17
4 9 1
4 9 5
4 9 8
4 9 10
4 9 18
4 10 4
4 10 7
4 10 9
4 10 11
4 10 17
4 10 19
4 11 2
4 11 6
4 11 8
4 11 10
4 11 12
4 11 17
4 12 1
4 12 2
4 12 5
4 12 6
4 12 8
4 12 10
4 12 16
4 13 3
4 13 6
4 13 17
4 13 19
4 14 2
4 14 8
4 14 9
4 14 12
4 15 1
4 15 5
4 15 7
4 15 9
4 15 10
4 15 12
4 15 13
4 15 18
4 16 6
4 16 9
4 16 15
4 16 16
4 16 18
4 17 0
4 17 10
4 17 11
4 17 12
4 17 13
4 17 16
4 17 18
4 17 19
4 18 5
4 18 8
4 18 10
4 18 12
4 18 19
4 19 3
4 19 13
4 19 14
4 19 15
4 19 19