6249
7
26 25 25 27 26 25 26
975

98 71 269 70 657 9 69 9 28 808 72 31 28 64 12 172 267 573 424 319 23 53 96 404 918 359
751 58 47 63 0 36 747 795 95 56 51 713 9 508 60 23 447 366 95 330 65 81 8 67 117
10 48 185 46 436 78 63 39 118 54 477 628 95 77 596 73 36 43 23 310 50 56 20 22 132
85 43 24 15 87 129 566 246 128 21 221 45 94 111 59 844 78 80 25 98 900 7 326 833 81 97 24
965 30 412 701 806 13 828 17 227 84 10 35 90 26 82 61 6 75 66 35 34 47 450 976 48 72
24 10 190 94 966 780 15 45 617 97 438 36 79 232 5 96 64 83 7 425 81 98 389 892 262
0 54 19 806 45 61 70 390 462 371 39 341 28 962 34 78 50 690 59 69 851 976 27 48 35 100

0 0 1
0 0 5
0 0 6
0 0 14
0 0 16
0 0 21
0 0 22
0 1 1
0 1 3
0 1 8
0 1 21
0 1 23
0 2 4
0 2 7
0 2 13
0 3 0
0 3 6
0 3 10
0 3 12
0 3 15
0 3 17
0 3 19
0 3 21
0 4 0
0 4 19
0 4 23
0 5 6
0 5 12
0 5 15
0 5 16
0 5 18
0 5 22
0 6 1
0 6 2
0 6 5
0 6 7
0 6 10
0 6 18
0 6 22
0 7 0
0 7 5
0 7 6
0 7 7
0 7 8
0 7 13
0 7 17
0 8 1
0 8 3
0 8 4
0 8 5
0 8 14
0 8 15
0 8 19
0 9 2
0 9 6
0 9 7
0 9 11
0 9 14
0 9 16
0 9 17
0 9 18
0 9 19
0 9 22
0 9 24
0 10 1
0 10 3
0 10 7
0 10 11
0 11 5
0 11 11
0 11 16
0 11 22
0 12 0
0 12 2
0 12 8
0 12 12
0 12 20
0 12 21
0 12 23
0 13 2
0 13 4
0 13 5
0 13 7
0 13 9
0 13 22
0 13 23
0 14 0
0 14 10
0 14 16
0 14 18
0 14 22
0 14 23
0 15 5
0 15 9
0 15 13
0 15 15
0 15 21
0 15 23
0 16 5
0 16 8
0 17 8
0 17 10
0 17 13
0 17 14
0 17 17
0 17 19
0 17 20
0 17 24
0 18 0
0 18 2
0 18 6
0 18 9
0 18 13
0 18 18
0 18 19
0 18 22
0 18 24
0 19 6
0 19 11
0 19 12
0 19 17
0 19 18
0 20 1
0 20 7
0 20 8
0 20 18
0 20 21
0 21 2
0 21 6
0 21 19
0 22 1
0 22 19
0 22 20
0 22 22
0 22 23
0 23 0
0 23 2
0 23 7
0 23 11
0 23 14
0 23 17
0 23 19
0 23 24
0 24 10
0 24 15
0 24 16
0 25 6
0 25 8
0 25 9
0 25 11
0 25 13
0 25 19
1 0 8
1 0 10
1 0 18
1 0 22
1 1 1
1 1 5
1 1 7
1 1 10
1 1 13
1 1 14
1 1 17
1 1 18
1 1 21
1 2 5
1 2 6
1 2 11
1 2 15
1 2 18
1 2 19
1 2 21
1 2 23
1 3 0
1 3 10
1 3 13
1 3 21
1 4 0
1 4 1
1 4 7
1 4 8
1 4 9
1 5 3
1 5 6
1 5 10
1 5 11
1 5 12
1 5 16
1 5 23
1 6 1
1 6 11
1 6 14
1 6 17
1 6 21
1 6 23
1 6 24
1 7 5
1 7 6
1 7 7
1 7 10
1 7 11
1 7 16
1 7 19
1 7 23
1 8 6
1 8 9
1 8 10
1 8 11
1 8 15
1 8 21
1 9 8
1 9 9
1 9 11
1 9 15
1 10 8
1 10 14
1 10 17
1 10 18
1 11 10
1 11 13
1 11 14
1 11 19
1 11 20
1 11 22
1 11 23
1 12 0
1 12 2
1 12 7
1 12 15
1 12 18
1 13 0
1 13 1
1 13 4
1 13 7
1 13 14
1 13 17
1 13 18
1 13 19
1 13 21
1 14 7
1 14 15
1 14 16
1 14 20
1 14 21
1 15 0
1 15 2
1 15 3
1 15 4
1 15 8
1 15 17
1 16 2
1 16 3
1 16 7
1 16 11
1 16 16
1 17 3
1 17 12
1 17 15
1 17 19
1 17 20
1 17 23
1 18 3
1 18 4
1 18 6
1 18 7
1 18 12
1 18 13
1 18 15
1 18 17
1 18 18
1 19 0
1 19 1
1 19 2
1 19 4
1 19 7
1 19 8
1 19 24
1 20 0
1 20 7
1 20 8
1 20 13
1 20 15
1 20 17
1 20 19
1 21 7
1 21 14
1 21 16
1 22 0
1 22 2
1 22 9
1 22 10
1 22 13
1 22 18
1 22 20
1 23 0
1 23 1
1 23 15
1 23 17
1 24 0
1 24 1
1 24 7
1 24 8
1 24 9
1 24 10
1 24 18
2 0 2
2 0 3
2 0 21
2 0 26
2 1 3
2 1 4
2 1 11
2 1 21
2 1 22
2 2 2
2 2 3
2 2 6
2 2 8
2 2 19
2 2 20
2 2 22
2 2 25
2 3 2
2 3 14
2 3 15
2 3 17
2 4 3
2 4 6
2 4 12
2 4 18
2 4 20
2 4 22
2 4 24
2 5 3
2 5 18
2 5 21
2 6 2
2 6 5
2 6 6
2 6 7
2 6 14
2 6 19
2 6 25
2 7 0
2 7 2
2 7 7
2 7 19
2 7 20
2 7 25
2 8 0
2 8 2
2 8 5
2 8 7
2 8 10
2 8 11
2 8 12
2 8 23
2 9 5
2 9 18
2 9 23
2 9 25
2 9 26
2 10 4
2 10 5
2 10 6
2 10 10
2 10 18
2 10 19
2 10 26
2 11 4
2 11 9
2 11 11
2 11 17
2 12 4
2 12 11
2 12 15
2 12 18
2 13 0
2 13 12
2 13 15
2 13 16
2 13 20
2 14 1
2 14 4
2 14 9
2 14 14
2 14 16
2 14 20
2 14 21
2 14 25
2 15 5
2 15 6
2 15 9
2 15 11
2 15 14
2 15 15
2 15 16
2 15 19
2 15 24
2 16 0
2 16 6
2 16 8
2 16 9
2 16 11
2 16 13
2 16 22
2 16 24
2 16 25
2 16 26
2 17 9
2 17 22
2 17 24
2 18 0
2 18 4
2 18 5
2 18 6
2 18 8
2 18 15
2 19 3
2 19 5
2 19 8
2 19 12
2 20 4
2 20 7
2 20 13
2 20 14
2 20 19
2 20 21
2 20 22
2 20 23
2 20 25
2 20 26
2 21 2
2 21 4
2 21 8
2 21 12
2 21 13
2 21 16
2 21 18
2 21 23
2 21 24
2 21 26
2 22 5
2 22 8
2 22 9
2 22 10
2 22 11
2 22 18
2 22 24
2 23 1
2 23 2
2 23 5
2 23 11
2 23 21
2 23 22
2 23 24
2 24 5
2 24 7
2 24 11
2 24 15
2 24 19
2 24 21
3 0 9
3 0 10
3 0 14
3 0 19
3 0 25
3 1 12
3 1 14
3 1 15
3 1 20
3 1 23
3 2 5
3 2 6
3 2 7
3 2 11
3 2 12
3 2 13
3 2 15
3 2 19
3 3 3
3 3 5
3 3 7
3 3 10
3 3 17
3 3 18
3 4 6
3 4 15
3 4 17
3 4 22
3 4 24
3 5 2
3 5 6
3 5 8
3 5 9
3 5 10
3 5 12
3 5 21
3 5 22
3 6 0
3 6 6
3 6 8
3 6 10
3 6 11
3 6 20
3 6 23
3 7 0
3 7 1
3 7 6
3 7 8
3 7 9
3 7 10
3 7 11
3 7 13
3 7 18
3 7 21
3 7 22
3 7 24
3 8 3
3 8 4
3 8 5
3 8 6
3 8 10
3 8 14
3 8 18
3 8 19
3 8 21
3 8 22
3 9 9
3 9 10
3 9 14
3 9 15
3 9 16
3 9 17
3 9 21
3 9 22
3 9 23
3 10 2
3 10 4
3 10 6
3 10 8
3 10 9
3 10 10
3 10 15
3 10 25
3 11 0
3 11 16
3 11 18
3 11 20
3 11 21
3 11 23
3 12 3
3 12 4
3 12 10
3 12 12
3 13 2
3 13 3
3 13 4
3 13 5
3 13 6
3 13 11
3 13 12
3 13 14
3 13 21
3 13 22
3 13 25
3 14 0
3 14 4
3 14 8
3 14 13
3 14 18
3 14 19
3 14 21
3 15 0
3 15 3
3 15 19
3 15 21
3 15 23
3 16 11
3 16 14
3 16 19
3 16 22
3 16 24
3 17 4
3 17 7
3 17 11
3 17 17
3 17 18
3 17 20
3 17 21
3 18 0
3 18 2
3 18 6
3 18 12
3 18 13
3 19 2
3 19 16
3 19 19
3 19 24
3 20 2
3 20 7
3 20 8
3 20 10
3 20 14
3 20 15
3 20 16
3 20 23
3 20 25
3 21 3
3 21 8
3 21 14
3 21 15
3 21 16
3 21 21
3 21 25
3 22 0
3 22 1
3 22 2
3 22 6
3 22 8
3 22 10
3 22 11
3 22 12
3 22 16
3 22 19
3 22 23
3 22 24
3 22 25
3 23 0
3 23 1
3 23 4
3 23 6
3 23 8
3 23 10
3 24 2
3 24 3
3 24 11
3 24 25
3 25 1
3 25 5
3 25 19
3 26 3
3 26 7
3 26 13
3 26 14
3 26 21
3 26 24
3 26 25
4 0 4
4 0 6
4 0 10
4 0 11
4 0 14
4 0 15
4 0 18
4 0 23
4 1 6
4 1 10
4 1 14
4 1 20
4 2 1
4 2 4
4 2 8
4 2 10
4 2 11
4 2 13
4 2 16
4 2 18
4 2 22
4 2 23
4 3 3
4 3 4
4 3 13
4 3 18
4 3 22
4 3 23
4 4 2
4 4 7
4 4 9
4 4 12
4 4 13
4 4 14
4 4 19
4 4 23
4 5 10
4 5 11
4 5 14
4 5 15
4 5 20
4 6 2
4 6 4
4 6 8
4 6 15
4 6 18
4 6 22
4 7 3
4 7 5
4 7 16
4 7 19
4 7 22
4 8 5
4 8 9
4 8 16
4 8 17
4 8 18
4 8 19
4 8 24
4 9 0
4 9 2
4 9 15
4 9 20
4 10 2
4 10 4
4 10 5
4 10 11
4 10 13
4 10 24
4 11 1
4 11 2
4 11 5
4 11 9
4 11 11
4 11 12
4 11 17
4 11 18
4 11 24
4 12 0
4 12 2
4 12 4
4 12 5
4 12 22
4 12 23
4 12 24
4 13 3
4 13 12
4 13 18
4 14 0
4 14 5
4 14 7
4 14 11
4 14 17
4 14 20
4 14 24
4 15 3
4 15 8
4 15 10
4 15 19
4 16 3
4 16 6
4 16 9
4 16 11
4 16 16
4 17 6
4 17 9
4 17 11
4 17 13
4 17 14
4 17 15
4 17 16
4 17 18
4 17 21
4 18 7
4 18 12
4 19 4
4 19 8
4 19 13
4 19 14
4 19 18
4 19 19
4 19 21
4 19 22
4 19 23
4 19 24
4 20 4
4 20 8
4 20 12
4 20 18
4 20 24
4 21 0
4 21 4
4 21 16
4 21 22
4 21 24
4 22 12
4 22 15
4 22 17
4 22 18
4 22 19
4 22 22
4 23 2
4 23 3
4 23 5
4 23 11
4 23 12
4 23 19
4 24 3
4 24 5
4 24 6
4 24 9
4 24 14
4 24 17
4 24 20
4 24 21
4 25 0
4 25 2
4 25 8
4 25 12
4 25 13
4 25 16
4 25 17
4 25 19
4 25 21
4 25 22
5 0 1
5 0 4
5 0 8
5 0 9
5 0 10
5 0 13
5 0 16
5 0 20
5 1 0
5 1 4
5 1 6
5 1 17
5 1 22
5 1 24
5 2 4
5 2 9
5 2 15
5 2 17
5 2 21
5 2 24
5 3 0
5 3 1
5 3 2
5 3 6
5 3 8
5 3 24
5 4 9
5 4 18
5 4 20
5 4 24
5 5 4
5 5 7
5 5 11
5 5 12
5 5 14
5 5 17
5 5 18
5 5 20
5 5 21
5 5 23
5 5 24
5 6 1
5 6 13
5 7 1
5 7 2
5 7 7
5 7 12
5 7 20
5 7 21
5 8 0
5 8 3
5 8 9
5 8 12
5 8 15
5 8 18
5 8 21
5 8 24
5 9 0
5 9 6
5 9 17
5 9 19
5 9 22
5 9 24
5 10 6
5 10 13
5 10 20
5 10 21
5 10 23
5 11 0
5 11 4
5 11 7
5 11 8
5 11 19
5 11 20
5 11 24
5 12 1
5 12 3
5 12 8
5 12 11
5 12 20
5 13 1
5 13 3
5 13 5
5 13 6
5 13 7
5 13 8
5 13 13
5 13 17
5 13 20
5 13 21
5 14 0
5 14 5
5 14 10
5 14 13
5 14 20
5 14 22
5 14 23
5 14 24
5 15 3
5 15 5
5 15 6
5 15 8
5 15 11
5 15 15
5 15 19
5 16 1
5 16 6
5 16 16
5 16 17
5 16 19
5 16 21
5 16 22
5 16 23
5 16 25
5 17 2
5 17 3
5 17 13
5 17 14
5 17 18
5 17 21
5 17 23
5 17 25
5 18 7
5 18 8
5 18 11
5 18 13
5 18 16
5 18 17
5 19 13
5 19 15
5 19 21
5 19 24
5 20 0
5 20 6
5 20 7
5 20 8
5 20 12
5 20 13
5 20 22
5 21 13
5 21 18
5 21 21
5 21 23
5 21 25
5 22 0
5 22 4
5 22 8
5 22 13
5 22 19
5 22 21
5 22 24
5 23 0
5 23 5
5 23 6
5 23 11
5 23 13
5 23 24
5 24 3
5 24 12
5 24 13
5 24 17
5 24 19