3548
5
36 36 36 36 36
1231

642 3 31 67 467 1 23 52 82 79 31 15 82 43 8 71 86 61 25 56 415 14 48 81 6 39 53 8 23 33 51 46 16 19 826 12
716 45 37 82 23 88 607 780 980 75 81 63 76 78 14 87 6 20 984 79 62 764 58 79 418 281 9 64 363 49 735 51 96 48 51 33
11 87 52 72 46 55 96 22 88 780 420 80 47 193 22 44 10 77 1 99 55 35 38 9 92 87 24 33 99 44 41 98 4 7 0 22
84 747 745 97 58 85 92 336 923 37 394 92 15 1 55 46 93 7 588 42 64 32 65 31 9 83 3 78 84 6 73 99 474 53 24 34
409 7 13 26 100 7 89 80 95 54 81 741 96 88 598 995 207 36 47 35 11 40 50 93 27 79 34 947 569 359 89 71 866 86 56 63

0 0 0
0 0 1
0 0 5
0 0 6
0 0 8
0 0 12
0 0 13
0 0 15
0 0 18
0 0 21
0 0 24
0 0 26
0 0 29
0 0 30
0 0 35
0 1 0
0 1 1
0 1 18
0 1 19
0 1 23
0 1 30
0 2 0
0 2 5
0 2 7
0 2 8
0 2 17
0 2 18
0 2 22
0 2 27
0 2 30
0 2 31
0 3 1
0 3 2
0 3 5
0 3 9
0 3 11
0 3 12
0 3 25
0 3 31
0 4 4
0 4 5
0 4 6
0 4 7
0 4 18
0 4 20
0 4 32
0 5 4
0 5 6
0 5 10
0 5 12
0 5 21
0 5 27
0 5 31
0 5 34
0 6 2
0 6 4
0 6 9
0 6 14
0 6 18
0 6 23
0 6 31
0 6 32
0 6 33
0 7 0
0 7 7
0 7 9
0 7 11
0 7 14
0 7 24
0 7 27
0 7 28
0 7 30
0 7 31
0 8 0
0 8 4
0 8 6
0 8 8
0 8 9
0 8 12
0 8 13
0 8 16
0 8 17
0 8 25
0 8 29
0 8 32
0 9 5
0 9 9
0 9 15
0 9 16
0 9 17
0 9 22
0 9 23
0 9 32
0 9 33
0 10 3
0 10 9
0 10 10
0 10 12
0 10 13
0 10 16
0 10 19
0 10 21
0 10 22
0 10 24
0 10 29
0 11 2
0 11 6
0 11 7
0 11 10
0 11 12
0 11 20
0 11 23
0 11 29
0 11 30
0 11 31
0 11 34
0 12 4
0 12 6
0 12 9
0 12 10
0 12 11
0 12 12
0 12 14
0 12 16
0 12 19
0 12 25
0 12 32
0 12 34
0 13 12
0 13 20
0 13 24
0 13 28
0 13 30
0 13 34
0 14 6
0 14 9
0 14 15
0 14 19
0 14 27
0 14 28
0 15 0
0 15 2
0 15 6
0 15 9
0 15 16
0 15 20
0 15 22
0 15 27
0 15 34
0 16 10
0 16 12
0 16 14
0 16 24
0 16 26
0 16 31
0 16 33
0 16 35
0 17 0
0 17 2
0 17 12
0 17 13
0 17 15
0 17 18
0 17 27
0 17 29
0 17 30
0 18 4
0 18 11
0 18 21
0 18 29
0 18 33
0 18 35
0 19 0
0 19 2
0 19 4
0 19 9
0 19 14
0 19 17
0 19 19
0 19 20
0 20 5
0 20 6
0 20 7
0 20 8
0 20 9
0 20 14
0 20 16
0 20 18
0 20 20
0 20 22
0 20 28
0 20 29
0 21 4
0 21 5
0 21 6
0 21 7
0 21 8
0 21 15
0 21 16
0 21 17
0 21 18
0 21 23
0 21 27
0 21 28
0 21 31
0 21 34
0 22 5
0 22 11
0 22 14
0 22 15
0 22 16
0 22 23
0 22 27
0 23 0
0 23 11
0 23 14
0 23 21
0 23 22
0 24 0
0 24 9
0 24 14
0 24 20
0 24 25
0 24 27
0 25 2
0 25 10
0 25 24
0 25 27
0 25 28
0 25 32
0 25 33
0 26 1
0 26 6
0 26 9
0 26 17
0 26 19
0 26 26
0 26 33
0 27 2
0 27 3
0 27 10
0 27 14
0 27 17
0 27 19
0 27 21
0 27 27
0 27 28
0 27 30
0 27 32
0 27 33
0 28 1
0 28 4
0 28 5
0 28 8
0 28 10
0 28 11
0 28 12
0 28 19
0 28 26
0 28 27
0 28 35
0 29 0
0 29 17
0 29 18
0 29 19
0 30 1
0 30 2
0 30 4
0 30 5
0 30 6
0 30 10
0 30 17
0 30 19
0 30 21
0 30 26
0 30 33
0 31 1
0 31 2
0 31 4
0 31 5
0 31 7
0 31 8
0 31 15
0 31 19
0 31 25
0 31 26
0 31 27
0 31 33
0 32 1
0 32 3
0 32 8
0 32 16
0 32 17
0 32 19
0 32 23
0 32 26
0 32 35
0 33 0
0 33 2
0 33 9
0 33 11
0 33 14
0 33 20
0 33 22
0 33 25
0 33 27
0 33 33
0 34 0
0 34 5
0 34 19
0 34 20
0 34 22
0 34 25
0 34 29
0 34 30
0 34 33
0 35 7
0 35 11
0 35 14
0 35 15
0 35 19
0 35 23
0 35 28
0 35 29
0 35 31
0 35 32
1 0 3
1 0 14
1 0 18
1 0 20
1 0 27
1 1 3
1 1 5
1 1 7
1 1 10
1 1 13
1 1 14
1 1 15
1 1 18
1 1 22
1 1 25
1 1 26
1 1 31
1 1 33
1 2 0
1 2 1
1 2 4
1 2 5
1 2 7
1 2 8
1 2 22
1 2 26
1 3 2
1 3 13
1 3 15
1 3 19
1 3 32
1 3 34
1 4 8
1 4 20
1 4 23
1 4 25
1 4 31
1 4 32
1 4 35
1 5 17
1 5 18
1 5 19
1 5 23
1 5 24
1 5 25
1 5 29
1 6 13
1 6 19
1 6 22
1 6 28
1 6 32
1 7 2
1 7 9
1 7 10
1 7 13
1 7 14
1 7 22
1 8 4
1 8 10
1 8 15
1 8 16
1 8 32
1 8 33
1 9 5
1 9 7
1 9 13
1 9 16
1 9 21
1 9 24
1 9 26
1 9 27
1 9 34
1 10 6
1 10 12
1 10 14
1 10 19
1 10 22
1 10 28
1 11 4
1 11 18
1 11 21
1 11 23
1 11 25
1 12 0
1 12 3
1 12 14
1 12 16
1 12 17
1 12 18
1 12 21
1 12 25
1 12 30
1 12 31
1 13 6
1 13 17
1 13 26
1 13 29
1 14 2
1 14 9
1 14 10
1 14 16
1 14 19
1 14 21
1 14 27
1 14 29
1 14 34
1 14 35
1 15 0
1 15 3
1 15 6
1 15 12
1 15 13
1 15 18
1 15 23
1 15 27
1 15 28
1 15 29
1 15 32
1 15 35
1 16 0
1 16 1
1 16 9
1 16 10
1 16 14
1 16 19
1 16 23
1 16 29
1 16 30
1 17 2
1 17 3
1 17 5
1 17 9
1 17 11
1 17 12
1 17 16
1 17 17
1 17 24
1 17 25
1 17 30
1 17 34
1 18 3
1 18 6
1 18 8
1 18 10
1 18 16
1 18 18
1 18 24
1 18 27
1 18 31
1 18 35
1 19 6
1 19 11
1 19 21
1 19 32
1 19 33
1 19 35
1 20 1
1 20 5
1 20 13
1 20 16
1 20 17
1 20 22
1 20 23
1 20 24
1 20 27
1 20 29
1 20 33
1 20 35
1 21 9
1 21 10
1 21 13
1 21 18
1 21 24
1 22 3
1 22 6
1 22 7
1 22 14
1 22 15
1 22 18
1 22 22
1 22 28
1 22 31
1 22 33
1 22 34
1 23 7
1 23 13
1 23 14
1 23 24
1 23 29
1 24 6
1 24 8
1 24 11
1 24 13
1 24 14
1 24 30
1 24 32
1 25 13
1 25 16
1 25 17
1 25 20
1 25 21
1 25 22
1 25 24
1 25 25
1 25 26
1 25 28
1 25 35
1 26 0
1 26 2
1 26 7
1 26 9
1 26 12
1 26 21
1 26 22
1 26 23
1 27 12
1 27 19
1 27 21
1 27 31
1 27 35
1 28 2
1 28 9
1 28 10
1 28 12
1 28 13
1 28 14
1 28 15
1 28 16
1 28 18
1 28 25
1 28 29
1 28 31
1 29 18
1 29 20
1 29 23
1 29 30
1 29 34
1 30 3
1 30 4
1 30 9
1 30 14
1 30 15
1 30 18
1 30 20
1 30 24
1 30 33
1 30 35
1 31 2
1 31 6
1 31 9
1 31 17
1 31 19
1 31 22
1 31 32
1 32 2
1 32 5
1 32 8
1 32 18
1 32 24
1 33 6
1 33 22
1 33 23
1 33 29
1 33 32
1 33 33
1 34 0
1 34 1
1 34 4
1 34 9
1 34 13
1 34 22
1 34 26
1 35 10
1 35 13
1 35 14
1 35 15
1 35 16
1 35 22
1 35 23
1 35 25
1 35 27
1 35 30
1 35 32
1 35 33
2 0 5
2 0 6
2 0 8
2 0 11
2 0 19
2 0 22
2 0 25
2 1 0
2 1 4
2 1 11
2 1 12
2 1 18
2 1 20
2 1 21
2 1 25
2 1 26
2 1 30
2 1 31
2 1 34
2 1 35
2 2 4
2 2 7
2 2 11
2 2 13
2 2 27
2 2 28
2 2 31
2 3 1
2 3 5
2 3 13
2 3 18
2 3 24
2 3 26
2 3 27
2 3 32
2 3 35
2 4 4
2 4 6
2 4 15
2 4 19
2 4 20
2 4 27
2 4 29
2 5 3
2 5 4
2 5 9
2 5 17
2 5 20
2 5 26
2 5 29
2 6 8
2 6 11
2 6 12
2 6 14
2 6 17
2 6 20
2 6 21
2 6 23
2 6 26
2 6 31
2 6 32
2 6 35
2 7 0
2 7 5
2 7 8
2 7 23
2 7 30
2 7 31
2 7 34
2 8 2
2 8 3
2 8 4
2 8 11
2 8 12
2 8 24
2 8 30
2 8 34
2 9 2
2 9 3
2 9 6
2 9 7
2 9 8
2 9 10
2 9 17
2 9 20
2 9 23
2 9 27
2 9 29
2 9 33
2 10 1
2 10 6
2 10 9
2 10 15
2 10 16
2 10 18
2 10 25
2 10 33
2 11 0
2 11 1
2 11 4
2 11 5
2 11 10
2 11 15
2 11 23
2 11 29
2 11 31
2 11 34
2 11 35
2 12 3
2 12 5
2 12 13
2 12 15
2 12 20
2 12 24
2 12 28
2 12 31
2 12 32
2 13 0
2 13 2
2 13 7
2 13 8
2 13 10
2 13 13
2 13 19
2 13 24
2 13 28
2 13 29
2 13 34
2 14 0
2 14 1
2 14 3
2 14 4
2 14 12
2 14 17
2 14 19
2 14 25
2 14 28
2 14 29
2 15 3
2 15 7
2 15 13
2 15 15
2 15 17
2 15 18
2 15 19
2 15 20
2 15 22
2 15 30
2 15 33
2 15 35
2 16 3
2 16 5
2 16 16
2 16 17
2 16 23
2 16 24
2 16 34
2 17 0
2 17 1
2 17 3
2 17 4
2 17 14
2 17 16
2 17 20
2 17 26
2 18 1
2 18 3
2 18 4
2 18 5
2 18 8
2 18 9
2 18 10
2 18 14
2 18 18
2 18 21
2 18 22
2 18 24
2 18 26
2 18 28
2 18 34
2 19 2
2 19 12
2 19 15
2 19 16
2 19 21
2 19 24
2 19 27
2 19 31
2 20 3
2 20 14
2 20 17
2 20 22
2 20 24
2 20 27
2 20 31
2 20 33
2 21 2
2 21 6
2 21 12
2 21 21
2 21 30
2 22 4
2 22 5
2 22 8
2 22 11
2 22 12
2 22 13
2 22 15
2 22 18
2 22 19
2 22 26
2 22 30
2 22 31
2 23 0
2 23 19
2 23 23
2 23 34
2 24 1
2 24 4
2 24 5
2 24 9
2 24 14
2 24 16
2 24 20
2 24 22
2 24 26
2 24 27
2 24 33
2 24 34
2 25 0
2 25 3
2 25 8
2 25 12
2 25 19
2 25 24
2 25 26
2 25 29
2 25 31
2 25 32
2 25 33
2 26 12
2 26 13
2 26 14
2 26 26
2 26 33
2 27 2
2 27 16
2 27 17
2 27 30
2 27 31
2 27 33
2 28 1
2 28 3
2 28 5
2 28 7
2 28 19
2 28 30
2 28 31
2 28 35
2 29 4
2 29 5
2 29 12
2 29 15
2 29 21
2 30 3
2 30 17
2 30 23
2 30 25
2 30 29
2 30 30
2 30 31
2 30 34
2 30 35
2 31 11
2 31 13
2 31 17
2 31 21
2 31 23
2 31 24
2 31 28
2 32 4
2 32 15
2 32 16
2 32 17
2 32 20
2 32 26
2 32 31
2 33 9
2 33 11
2 33 14
2 33 23
2 33 24
2 33 27
2 33 28
2 33 29
2 33 33
2 34 4
2 34 6
2 34 8
2 34 14
2 34 21
2 34 22
2 34 23
2 34 24
2 34 25
2 34 26
2 34 30
2 34 31
2 34 35
2 35 2
2 35 9
2 35 11
2 35 12
2 35 16
2 35 19
2 35 21
2 35 24
2 35 26
2 35 30
2 35 34
2 35 35
3 0 5
3 0 10
3 0 11
3 0 13
3 0 22
3 0 23
3 0 25
3 0 30
3 0 33
3 1 0
3 1 2
3 1 6
3 1 9
3 1 11
3 1 15
3 1 16
3 1 27
3 1 30
3 1 31
3 1 35
3 2 0
3 2 2
3 2 13
3 2 18
3 2 22
3 2 24
3 2 26
3 2 29
3 3 0
3 3 5
3 3 12
3 3 13
3 3 19
3 3 29
3 4 4
3 4 6
3 4 8
3 4 9
3 4 11
3 4 14
3 4 15
3 4 20
3 4 27
3 4 29
3 4 32
3 4 35
3 5 5
3 5 17
3 5 23
3 5 26
3 5 28
3 5 30
3 6 0
3 6 1
3 6 3
3 6 5
3 6 6
3 6 7
3 6 9
3 6 11
3 6 12
3 6 13
3 6 20
3 6 24
3 6 27
3 6 28
3 6 29
3 6 32
3 6 33
3 7 2
3 7 8
3 7 11
3 7 16
3 7 28
3 7 32
3 7 33
3 8 4
3 8 11
3 8 13
3 8 14
3 8 15
3 8 16
3 8 26
3 8 27
3 8 28
3 8 34
3 9 2
3 9 6
3 9 9
3 9 11
3 9 21
3 9 22
3 9 24
3 9 26
3 9 27
3 9 29
3 9 30
3 9 31
3 9 35
3 10 0
3 10 3
3 10 4
3 10 13
3 10 20
3 10 23
3 10 26
3 10 27
3 10 28
3 10 29
3 10 31
3 10 32
3 11 7
3 11 8
3 11 11
3 11 12
3 11 16
3 11 21
3 11 26
3 11 29
3 11 35
3 12 0
3 12 3
3 12 7
3 12 9
3 12 13
3 12 18
3 12 22
3 12 27
3 12 28
3 12 35
3 13 0
3 13 5
3 13 6
3 13 13
3 13 18
3 13 24
3 13 26
3 13 29
3 13 34
3 14 3
3 14 4
3 14 8
3 14 10
3 14 18
3 14 22
3 14 26
3 14 27
3 14 29
3 14 31
3 15 4
3 15 33
3 15 35
3 16 1
3 16 17
3 16 18
3 16 19
3 16 20
3 16 30
3 16 32
3 16 35
3 17 3
3 17 14
3 17 20
3 17 21
3 17 24
3 17 26
3 17 32
3 18 2
3 18 5
3 18 6
3 18 8
3 18 10
3 18 14
3 18 16
3 18 19
3 18 21
3 18 22
3 18 27
3 18 31
3 18 33
3 19 7
3 19 8
3 19 9
3 19 11
3 19 15
3 19 21
3 19 23
3 19 26
3 20 15
3 20 17
3 20 23
3 20 30
3 20 35
3 21 0
3 21 1
3 21 3
3 21 5
3 21 24
3 21 35
3 22 0
3 22 19
3 22 27
3 22 31
3 22 32
3 22 35
3 23 3
3 23 4
3 23 12
3 23 19
3 23 22
3 23 24
3 23 34
3 24 8
3 24 9
3 24 14
3 24 19
3 24 23
3 24 32
3 24 34
3 25 2
3 25 4
3 25 12
3 25 20
3 25 23
3 25 31
3 25 35
3 26 3
3 26 8
3 26 15
3 26 17
3 26 20
3 26 23
3 26 27
3 26 28
3 26 33
3 27 4
3 27 9
3 27 20
3 27 21
3 27 26
3 27 31
3 27 35
3 28 4
3 28 20
3 28 23
3 29 2
3 29 22
3 29 28
3 29 32
3 30 4
3 30 5
3 30 9
3 30 15
3 30 16
3 30 18
3 30 22
3 30 34
3 30 35
3 31 10
3 31 15
3 31 25
3 32 9
3 32 14
3 32 16
3 32 17
3 32 20
3 32 23
3 32 29
3 32 30
3 33 1
3 33 2
3 33 8
3 33 9
3 33 15
3 33 16
3 33 19
3 33 22
3 33 28
3 33 29
3 33 33
3 34 3
3 34 4
3 34 6
3 34 8
3 34 9
3 34 10
3 34 14
3 34 15
3 34 20
3 34 24
3 34 29
3 35 2
3 35 12
3 35 18
3 35 20
3 35 22
3 35 23
3 35 25
3 35 29
3 35 35