2339
4
45 45 45 45
2032

59 740 14 55 85 48 38 65 8 91 263 42 987 54 361 96 40 383 20 677 127 0 963 77 56 67 758 28 77 289 85 64 12 35 8 186 389 54 51 93 29 85 585 550 69
18 100 175 45 755 858 41 382 9 72 78 95 331 99 16 37 33 55 732 31 50 92 32 77 99 767 80 571 54 50 20 974 653 59 41 52 810 430 567 79 71 94 88 3 348
534 47 445 11 72 45 69 21 79 62 73 944 7 53 23 48 8 100 622 83 190 25 8 37 89 27 84 921 145 802 14 557 2 35 29 832 933 111 36 1 11 100 186 81 95
35 40 27 32 53 58 68 74 62 60 104 84 31 35 4 36 70 3 527 762 69 745 54 1 665 472 349 928 18 68 37 655 2 467 36 460 31 90 50 1 52 305 35 88 777

0 0 1
0 0 3
0 0 6
0 0 8
0 0 9
0 0 10
0 0 11
0 0 17
0 0 19
0 0 28
0 0 29
0 0 30
0 0 31
0 0 32
0 0 35
0 0 39
0 0 41
0 0 42
0 0 44
0 1 0
0 1 2
0 1 7
0 1 15
0 1 16
0 1 17
0 1 26
0 1 31
0 1 40
0 2 1
0 2 4
0 2 8
0 2 11
0 2 12
0 2 17
0 2 19
0 2 23
0 2 24
0 2 26
0 2 29
0 2 30
0 2 32
0 2 36
0 2 37
0 2 38
0 2 39
0 2 40
0 2 41
0 2 44
0 3 0
0 3 6
0 3 8
0 3 11
0 3 14
0 3 15
0 3 16
0 3 17
0 3 22
0 3 26
0 3 30
0 3 35
0 3 36
0 3 39
0 3 42
0 4 0
0 4 2
0 4 3
0 4 6
0 4 7
0 4 8
0 4 14
0 4 18
0 4 21
0 4 22
0 4 23
0 4 25
0 4 30
0 4 36
0 4 38
0 4 39
0 4 41
0 4 43
0 5 2
0 5 3
0 5 8
0 5 11
0 5 15
0 5 17
0 5 19
0 5 21
0 5 22
0 5 23
0 5 26
0 5 27
0 5 30
0 5 31
0 5 34
0 5 38
0 5 39
0 5 40
0 5 42
0 6 0
0 6 1
0 6 2
0 6 3
0 6 6
0 6 11
0 6 13
0 6 16
0 6 17
0 6 21
0 6 22
0 6 26
0 6 28
0 6 29
0 6 33
0 6 34
0 6 35
0 6 41
0 6 43
0 6 44
0 7 0
0 7 7
0 7 9
0 7 13
0 7 14
0 7 15
0 7 16
0 7 17
0 7 21
0 7 23
0 7 24
0 7 29
0 7 32
0 7 39
0 7 42
0 8 0
0 8 1
0 8 7
0 8 8
0 8 9
0 8 15
0 8 19
0 8 20
0 8 29
0 8 34
0 8 41
0 8 43
0 9 0
0 9 3
0 9 6
0 9 8
0 9 10
0 9 11
0 9 12
0 9 16
0 9 17
0 9 18
0 9 21
0 9 23
0 9 25
0 9 26
0 9 28
0 9 29
0 9 34
0 9 39
0 9 40
0 9 42
0 9 43
0 10 4
0 10 12
0 10 14
0 10 18
0 10 20
0 10 21
0 10 22
0 10 23
0 10 24
0 10 29
0 10 33
0 10 34
0 10 36
0 10 37
0 10 38
0 10 44
0 11 2
0 11 4
0 11 6
0 11 12
0 11 13
0 11 14
0 11 16
0 11 17
0 11 18
0 11 23
0 11 25
0 11 33
0 11 34
0 11 37
0 11 38
0 11 41
0 11 44
0 12 2
0 12 4
0 12 5
0 12 6
0 12 7
0 12 8
0 12 12
0 12 15
0 12 26
0 12 27
0 12 29
0 12 30
0 12 34
0 13 0
0 13 3
0 13 6
0 13 17
0 13 18
0 13 23
0 13 26
0 13 30
0 13 35
0 13 39
0 13 40
0 13 43
0 14 2
0 14 11
0 14 19
0 14 25
0 14 31
0 14 32
0 14 33
0 14 37
0 14 38
0 14 40
0 14 43
0 15 3
0 15 8
0 15 9
0 15 10
0 15 12
0 15 15
0 15 16
0 15 19
0 15 21
0 15 23
0 15 26
0 15 28
0 15 34
0 15 40
0 15 41
0 15 43
0 16 0
0 16 1
0 16 7
0 16 11
0 16 19
0 16 22
0 16 23
0 16 24
0 16 26
0 16 29
0 16 33
0 16 35
0 16 36
0 16 37
0 16 42
0 16 43
0 17 3
0 17 5
0 17 11
0 17 12
0 17 18
0 17 22
0 17 25
0 17 26
0 17 27
0 17 31
0 18 4
0 18 5
0 18 8
0 18 9
0 18 11
0 18 13
0 18 15
0 18 17
0 18 22
0 18 24
0 18 28
0 18 35
0 18 37
0 18 38
0 18 40
0 18 41
0 18 42
0 19 2
0 19 5
0 19 8
0 19 12
0 19 18
0 19 25
0 19 37
0 19 39
0 19 40
0 20 1
0 20 2
0 20 8
0 20 13
0 20 18
0 20 25
0 20 26
0 20 27
0 20 32
0 20 34
0 20 35
0 20 36
0 20 38
0 20 44
0 21 0
0 21 3
0 21 8
0 21 14
0 21 15
0 21 21
0 21 24
0 21 30
0 21 31
0 21 32
0 21 35
0 21 37
0 21 39
0 21 41
0 22 1
0 22 2
0 22 5
0 22 13
0 22 18
0 22 32
0 22 36
0 22 42
0 23 2
0 23 3
0 23 8
0 23 9
0 23 10
0 23 12
0 23 14
0 23 15
0 23 21
0 23 26
0 23 30
0 23 33
0 23 35
0 23 36
0 23 40
0 24 0
0 24 7
0 24 8
0 24 9
0 24 13
0 24 15
0 24 17
0 24 21
0 24 23
0 24 24
0 24 29
0 24 30
0 24 33
0 24 34
0 24 35
0 24 38
0 24 39
0 24 40
0 24 43
0 25 1
0 25 3
0 25 4
0 25 6
0 25 10
0 25 17
0 25 20
0 25 21
0 25 22
0 25 24
0 25 26
0 25 28
0 25 30
0 25 41
0 25 44
0 26 16
0 26 19
0 26 29
0 26 31
0 26 39
0 26 41
0 26 44
0 27 2
0 27 4
0 27 8
0 27 17
0 27 18
0 27 26
0 27 27
0 27 32
0 27 34
0 27 36
0 28 0
0 28 7
0 28 10
0 28 11
0 28 13
0 28 14
0 28 15
0 28 16
0 28 18
0 28 19
0 28 22
0 28 29
0 28 38
0 28 39
0 28 43
0 29 2
0 29 5
0 29 7
0 29 11
0 29 13
0 29 14
0 29 16
0 29 18
0 29 19
0 29 24
0 29 25
0 29 33
0 29 34
0 29 36
0 29 37
0 29 41
0 29 42
0 30 1
0 30 3
0 30 6
0 30 8
0 30 9
0 30 12
0 30 16
0 30 18
0 30 29
0 30 31
0 31 0
0 31 1
0 31 8
0 31 10
0 31 11
0 31 19
0 31 20
0 31 24
0 31 30
0 31 35
0 31 41
0 31 43
0 32 0
0 32 3
0 32 5
0 32 9
0 32 10
0 32 14
0 32 15
0 32 36
0 32 39
0 32 41
0 32 42
0 33 0
0 33 1
0 33 2
0 33 3
0 33 6
0 33 7
0 33 11
0 33 21
0 33 22
0 33 30
0 33 32
0 33 34
0 33 40
0 33 41
0 33 44
0 34 0
0 34 3
0 34 6
0 34 11
0 34 13
0 34 14
0 34 16
0 34 21
0 34 23
0 34 24
0 34 25
0 34 28
0 34 29
0 34 30
0 34 31
0 34 33
0 34 36
0 34 38
0 34 40
0 35 12
0 35 13
0 35 16
0 35 18
0 35 25
0 35 31
0 35 32
0 35 35
0 35 36
0 35 37
0 35 40
0 36 1
0 36 2
0 36 4
0 36 7
0 36 14
0 36 15
0 36 20
0 36 23
0 36 24
0 36 27
0 36 31
0 36 32
0 36 42
0 37 1
0 37 7
0 37 12
0 37 16
0 37 18
0 37 20
0 37 25
0 37 27
0 37 28
0 37 30
0 37 35
0 37 42
0 38 0
0 38 6
0 38 9
0 38 10
0 38 11
0 38 14
0 38 15
0 38 17
0 38 19
0 38 20
0 38 22
0 38 24
0 38 26
0 38 29
0 38 30
0 38 39
0 38 41
0 38 43
0 38 44
0 39 0
0 39 3
0 39 10
0 39 14
0 39 15
0 39 16
0 39 23
0 39 24
0 39 26
0 39 28
0 39 29
0 39 34
0 39 35
0 39 37
0 39 39
0 39 41
0 39 43
0 40 6
0 40 9
0 40 10
0 40 16
0 40 20
0 40 26
0 40 30
0 40 34
0 41 3
0 41 4
0 41 8
0 41 14
0 41 15
0 41 17
0 41 21
0 41 23
0 41 32
0 41 34
0 41 37
0 41 38
0 41 39
0 41 40
0 41 43
0 42 2
0 42 7
0 42 9
0 42 12
0 42 14
0 42 19
0 42 21
0 42 23
0 42 25
0 42 31
0 42 36
0 42 38
0 42 41
0 42 44
0 43 1
0 43 4
0 43 5
0 43 7
0 43 13
0 43 17
0 43 18
0 43 19
0 43 24
0 43 28
0 43 29
0 43 31
0 43 36
0 43 37
0 43 39
0 43 41
0 43 44
0 44 1
0 44 6
0 44 9
0 44 12
0 44 21
0 44 22
0 44 23
0 44 25
0 44 26
0 44 27
0 44 29
0 44 30
0 44 32
0 44 33
0 44 34
0 44 35
0 44 40
0 44 41
0 44 42
0 44 43
1 0 1
1 0 2
1 0 3
1 0 5
1 0 15
1 0 16
1 0 17
1 0 21
1 0 24
1 0 33
1 0 34
1 0 35
1 0 38
1 0 39
1 0 40
1 0 43
1 1 1
1 1 3
1 1 4
1 1 5
1 1 7
1 1 8
1 1 9
1 1 10
1 1 15
1 1 16
1 1 17
1 1 18
1 1 19
1 1 21
1 1 23
1 1 25
1 1 26
1 1 31
1 1 33
1 1 38
1 1 39
1 1 40
1 1 41
1 2 2
1 2 12
1 2 17
1 2 24
1 2 27
1 2 28
1 2 29
1 2 30
1 2 31
1 2 38
1 2 39
1 3 2
1 3 3
1 3 6
1 3 12
1 3 13
1 3 21
1 3 23
1 3 24
1 3 25
1 3 26
1 3 27
1 3 29
1 3 33
1 3 34
1 3 37
1 3 42
1 3 43
1 3 44
1 4 4
1 4 7
1 4 8
1 4 16
1 4 18
1 4 20
1 4 23
1 4 29
1 4 34
1 4 36
1 4 37
1 4 42
1 4 44
1 5 0
1 5 2
1 5 6
1 5 11
1 5 13
1 5 18
1 5 20
1 5 25
1 5 26
1 5 36
1 5 37
1 5 41
1 5 42
1 5 43
1 6 2
1 6 4
1 6 7
1 6 9
1 6 10
1 6 11
1 6 12
1 6 13
1 6 18
1 6 19
1 6 25
1 6 35
1 6 38
1 6 39
1 6 44
1 7 0
1 7 9
1 7 10
1 7 11
1 7 13
1 7 15
1 7 23
1 7 28
1 7 36
1 7 37
1 7 42
1 8 2
1 8 3
1 8 4
1 8 5
1 8 6
1 8 14
1 8 15
1 8 18
1 8 24
1 8 25
1 8 33
1 8 34
1 8 36
1 8 39
1 8 44
1 9 1
1 9 5
1 9 7
1 9 9
1 9 11
1 9 14
1 9 17
1 9 18
1 9 19
1 9 21
1 9 22
1 9 23
1 9 26
1 9 28
1 9 33
1 9 34
1 9 36
1 9 40
1 9 44
1 10 3
1 10 4
1 10 12
1 10 14
1 10 19
1 10 22
1 10 24
1 10 33
1 10 34
1 10 41
1 11 2
1 11 5
1 11 6
1 11 7
1 11 8
1 11 9
1 11 13
1 11 16
1 11 17
1 11 19
1 11 24
1 11 28
1 11 29
1 11 33
1 11 34
1 11 38
1 11 39
1 11 41
1 12 0
1 12 5
1 12 8
1 12 11
1 12 17
1 12 19
1 12 20
1 12 22
1 12 23
1 12 25
1 12 29
1 12 34
1 12 43
1 13 0
1 13 1
1 13 3
1 13 8
1 13 10
1 13 11
1 13 13
1 13 17
1 13 18
1 13 26
1 13 27
1 13 35
1 13 36
1 13 37
1 13 38
1 14 3
1 14 4
1 14 8
1 14 10
1 14 13
1 14 18
1 14 22
1 14 25
1 14 33
1 14 34
1 14 38
1 14 41
1 14 43
1 14 44
1 15 5
1 15 6
1 15 7
1 15 8
1 15 9
1 15 10
1 15 11
1 15 13
1 15 14
1 15 17
1 15 19
1 15 20
1 15 21
1 15 26
1 15 27
1 15 28
1 15 30
1 15 32
1 15 35
1 15 38
1 15 41
1 15 43
1 16 0
1 16 1
1 16 3
1 16 4
1 16 5
1 16 6
1 16 7
1 16 8
1 16 9
1 16 11
1 16 12
1 16 13
1 16 14
1 16 15
1 16 16
1 16 17
1 16 20
1 16 21
1 16 23
1 16 24
1 16 26
1 16 28
1 16 33
1 16 35
1 16 36
1 16 40
1 16 41
1 16 43
1 16 44
1 17 4
1 17 6
1 17 9
1 17 10
1 17 17
1 17 22
1 17 23
1 17 24
1 17 28
1 17 33
1 17 36
1 17 41
1 17 42
1 17 44
1 18 0
1 18 3
1 18 5
1 18 6
1 18 14
1 18 15
1 18 27
1 18 29
1 18 30
1 18 37
1 18 42
1 19 1
1 19 2
1 19 3
1 19 4
1 19 6
1 19 7
1 19 8
1 19 10
1 19 12
1 19 13
1 19 14
1 19 19
1 19 20
1 19 21
1 19 24
1 19 27
1 19 32
1 19 33
1 19 34
1 20 3
1 20 4
1 20 5
1 20 7
1 20 11
1 20 12
1 20 15
1 20 16
1 20 17
1 20 22
1 20 23
1 20 24
1 20 27
1 20 32
1 20 34
1 20 40
1 20 41
1 20 43
1 21 4
1 21 12
1 21 17
1 21 18
1 21 21
1 21 22
1 21 23
1 21 24
1 21 25
1 21 26
1 21 38
1 21 39
1 21 40
1 21 43
1 22 1
1 22 6
1 22 7
1 22 8
1 22 10
1 22 14
1 22 15
1 22 17
1 22 24
1 22 34
1 22 38
1 22 39
1 22 40
1 23 3
1 23 7
1 23 8
1 23 13
1 23 16
1 23 20
1 23 22
1 23 23
1 23 28
1 23 34
1 23 37
1 23 40
1 23 41
1 23 43
1 24 0
1 24 1
1 24 2
1 24 3
1 24 4
1 24 6
1 24 8
1 24 9
1 24 13
1 24 14
1 24 16
1 24 17
1 24 19
1 24 21
1 24 22
1 24 25
1 24 33
1 24 38
1 24 40
1 24 41
1 24 43
1 25 1
1 25 3
1 25 6
1 25 8
1 25 11
1 25 12
1 25 14
1 25 19
1 25 22
1 25 23
1 25 24
1 25 31
1 25 36
1 25 44
1 26 11
1 26 13
1 26 17
1 26 21
1 26 22
1 26 24
1 26 25
1 26 30
1 26 32
1 26 33
1 26 34
1 26 43
1 27 3
1 27 4
1 27 7
1 27 11
1 27 17
1 27 18
1 27 19
1 27 20
1 27 22
1 27 28
1 27 29
1 27 30
1 27 34
1 27 36
1 27 37
1 27 40
1 27 42
1 27 43
1 28 1
1 28 2
1 28 4
1 28 7
1 28 12
1 28 15
1 28 16
1 28 21
1 28 22
1 28 26
1 28 33
1 28 34
1 28 39
1 29 1
1 29 3
1 29 4
1 29 6
1 29 7
1 29 8
1 29 16
1 29 17
1 29 22
1 29 23
1 29 26
1 29 33
1 29 38
1 29 40
1 29 41
1 30 1
1 30 5
1 30 6
1 30 9
1 30 10
1 30 12
1 30 13
1 30 16
1 30 17
1 30 18
1 30 22
1 30 25
1 30 26
1 30 29
1 30 30
1 30 33
1 30 34
1 30 35
1 30 38
1 30 43
1 30 44
1 31 0
1 31 5
1 31 8
1 31 9
1 31 11
1 31 16
1 31 17
1 31 20
1 31 23
1 31 27
1 31 28
1 31 34
1 31 35
1 32 13
1 32 14
1 32 17
1 32 18
1 32 19
1 32 30
1 32 41
1 33 1
1 33 9
1 33 21
1 33 22
1 33 26
1 33 28
1 33 32
1 33 33
1 33 42
1 34 1
1 34 8
1 34 9
1 34 11
1 34 12
1 34 13
1 34 14
1 34 16
1 34 17
1 34 19
1 34 20
1 34 24
1 34 26
1 34 30
1 34 31
1 34 33
1 34 34
1 34 43
1 35 0
1 35 3
1 35 5
1 35 9
1 35 12
1 35 13
1 35 18
1 35 20
1 35 21
1 35 22
1 35 23
1 35 26
1 35 37
1 35 38
1 35 41
1 35 44
1 36 2
1 36 19
1 36 20
1 36 24
1 36 25
1 36 28
1 36 32
1 36 35
1 36 43
1 37 7
1 37 11
1 37 16
1 37 18
1 37 20
1 37 24
1 37 29
1 37 30
1 37 31
1 37 35
1 37 39
1 37 43
1 38 6
1 38 11
1 38 15
1 38 20
1 38 21
1 38 27
1 38 34
1 38 35
1 38 36
1 38 37
1 39 0
1 39 3
1 39 5
1 39 8
1 39 11
1 39 12
1 39 14
1 39 22
1 39 23
1 39 25
1 39 26
1 39 30
1 39 32
1 39 34
1 39 35
1 39 39
1 39 42
1 39 43
1 40 0
1 40 1
1 40 3
1 40 4
1 40 9
1 40 10
1 40 11
1 40 13
1 40 15
1 40 16
1 40 17
1 40 24
1 40 25
1 40 26
1 40 27
1 40 28
1 40 30
1 40 32
1 40 34
1 40 40
1 40 42
1 40 43
1 41 0
1 41 1
1 41 2
1 41 5
1 41 6
1 41 7
1 41 14
1 41 15
1 41 16
1 41 22
1 41 24
1 41 29
1 41 30
1 41 32
1 41 33
1 41 34
1 41 36
1 41 37
1 41 39
1 41 41
1 41 43
1 42 1
1 42 5
1 42 7
1 42 10
1 42 11
1 42 12
1 42 13
1 42 14
1 42 16
1 42 17
1 42 19
1 42 20
1 42 21
1 42 22
1 42 26
1 42 30
1 42 32
1 42 37
1 42 38
1 42 41
1 42 42
1 43 1
1 43 3
1 43 5
1 43 6
1 43 7
1 43 8
1 43 11
1 43 12
1 43 14
1 43 15
1 43 16
1 43 21
1 43 26
1 43 30
1 43 36
1 43 37
1 44 0
1 44 1
1 44 11
1 44 19
1 44 20
1 44 34
1 44 40
1 44 42
1 44 43
2 0 6
2 0 9
2 0 10
2 0 12
2 0 13
2 0 14
2 0 18
2 0 19
2 0 20
2 0 22
2 0 23
2 0 33
2 0 34
2 0 36
2 0 41
2 1 1
2 1 6
2 1 8
2 1 13
2 1 17
2 1 28
2 1 29
2 1 30
2 1 34
2 1 36
2 1 38
2 1 39
2 1 40
2 2 0
2 2 12
2 2 16
2 2 19
2 2 26
2 2 31
2 2 34
2 2 39
2 2 41
2 2 44
2 3 1
2 3 4
2 3 6
2 3 11
2 3 12
2 3 15
2 3 16
2 3 30
2 3 36
2 3 38
2 3 39
2 3 42
2 3 43
2 4 0
2 4 1
2 4 3
2 4 6
2 4 10
2 4 13
2 4 14
2 4 22
2 4 23
2 4 24
2 4 25
2 4 26
2 4 27
2 4 38
2 4 41
2 4 42
2 4 43
2 5 0
2 5 3
2 5 4
2 5 8
2 5 14
2 5 15
2 5 17
2 5 19
2 5 22
2 5 23
2 5 39
2 5 43
2 6 0
2 6 1
2 6 2
2 6 3
2 6 6
2 6 7
2 6 9
2 6 12
2 6 13
2 6 14
2 6 15
2 6 16
2 6 18
2 6 22
2 6 23
2 6 25
2 6 27
2 6 28
2 6 29
2 6 32
2 6 33
2 6 36
2 6 37
2 6 38
2 6 40
2 7 1
2 7 3
2 7 5
2 7 6
2 7 9
2 7 12
2 7 15
2 7 16
2 7 26
2 7 30
2 7 32
2 7 35
2 7 37
2 7 39
2 7 40
2 8 2
2 8 3
2 8 5
2 8 6
2 8 7
2 8 9
2 8 15
2 8 22
2 8 23
2 8 26
2 8 28
2 8 32
2 8 38
2 8 39
2 8 41
2 8 42
2 9 2
2 9 4
2 9 5
2 9 6
2 9 9
2 9 11
2 9 12
2 9 14
2 9 16
2 9 23
2 9 26
2 9 30
2 9 36
2 9 37
2 9 40
2 9 42
2 9 44
2 10 2
2 10 6
2 10 7
2 10 9
2 10 11
2 10 12
2 10 21
2 10 22
2 10 23
2 10 25
2 10 27
2 10 28
2 10 30
2 10 32
2 10 36
2 10 40
2 11 9
2 11 12
2 11 18
2 11 20
2 11 21
2 11 23
2 11 25
2 11 33
2 11 40
2 12 1
2 12 2
2 12 3
2 12 4
2 12 5
2 12 6
2 12 8
2 12 9
2 12 12
2 12 13
2 12 15
2 12 18
2 12 20
2 12 21
2 12 23
2 12 29
2 12 30
2 12 31
2 12 33
2 12 36
2 12 38
2 12 42
2 12 43
2 13 1
2 13 4
2 13 5
2 13 6
2 13 8
2 13 15
2 13 19
2 13 20
2 13 21
2 13 23
2 13 26
2 13 29
2 13 34
2 13 38
2 13 40
2 13 41
2 13 42
2 14 4
2 14 7
2 14 9
2 14 11
2 14 12
2 14 13
2 14 16
2 14 19
2 14 20
2 14 21
2 14 28
2 14 29
2 14 34
2 14 35
2 14 37
2 14 38
2 14 39
2 14 43
2 15 1
2 15 3
2 15 4
2 15 11
2 15 12
2 15 13
2 15 21
2 15 22
2 15 29
2 15 31
2 15 33
2 15 36
2 15 37
2 15 39
2 15 42
2 16 2
2 16 4
2 16 5
2 16 7
2 16 13
2 16 14
2 16 15
2 16 17
2 16 20
2 16 22
2 16 23
2 16 26
2 16 30
2 16 34
2 16 36
2 16 37
2 16 38
2 16 39
2 16 40
2 16 43
2 17 1
2 17 4
2 17 5
2 17 9
2 17 11
2 17 13
2 17 14
2 17 17
2 17 21
2 17 22
2 17 23
2 17 29
2 17 32
2 17 34
2 17 35
2 17 36
2 17 37
2 17 38
2 17 39
2 18 3
2 18 10
2 18 13
2 18 14
2 18 22
2 18 24
2 18 41
2 18 42
2 19 1
2 19 3
2 19 4
2 19 5
2 19 6
2 19 7
2 19 9
2 19 12
2 19 13
2 19 15
2 19 16
2 19 17
2 19 20
2 19 23
2 19 26
2 19 32
2 19 37
2 19 38
2 19 40
2 19 42
2 19 43
2 20 2
2 20 5
2 20 15
2 20 32
2 20 34
2 20 38
2 20 39
2 20 43
2 20 44
2 21 1
2 21 3
2 21 5
2 21 6
2 21 7
2 21 8
2 21 9
2 21 12
2 21 13
2 21 16
2 21 20
2 21 21
2 21 29
2 21 31
2 21 32
2 21 35
2 21 36
2 21 37
2 21 42
2 21 43
2 22 1
2 22 2
2 22 3
2 22 5
2 22 6
2 22 10
2 22 12
2 22 14
2 22 15
2 22 17
2 22 22
2 22 23
2 22 25
2 22 28
2 22 29
2 22 32
2 22 34
2 22 42
2 23 4
2 23 5
2 23 7
2 23 9
2 23 10
2 23 12
2 23 13
2 23 14
2 23 17
2 23 20
2 23 23
2 23 26
2 23 32
2 23 35
2 23 36
2 23 40
2 23 42
2 23 43
2 24 1
2 24 5
2 24 6
2 24 10
2 24 13
2 24 14
2 24 15
2 24 16
2 24 20
2 24 22
2 24 23
2 24 28
2 24 30
2 24 31
2 24 36
2 24 40
2 24 41
2 24 42
2 24 44
2 25 1
2 25 5
2 25 8
2 25 12
2 25 15
2 25 17
2 25 20
2 25 21
2 25 28
2 25 30
2 25 32
2 25 36
2 25 37
2 25 38
2 25 40
2 26 0
2 26 6
2 26 7
2 26 8
2 26 10
2 26 13
2 26 14
2 26 19
2 26 23
2 26 28
2 26 29
2 26 33
2 26 37
2 26 38
2 26 39
2 26 40
2 26 41
2 26 42
2 26 44
2 27 8
2 27 19
2 27 24
2 27 25
2 27 27
2 27 35
2 27 40
2 28 0
2 28 5
2 28 22
2 28 27
2 28 31
2 28 32
2 28 33
2 28 36
2 28 38
2 28 43
2 29 19
2 29 20
2 29 21
2 29 24
2 29 26
2 29 28
2 29 31
2 29 33
2 29 43
2 30 0
2 30 3
2 30 4
2 30 5
2 30 13
2 30 14
2 30 16
2 30 19
2 30 20
2 30 22
2 30 31
2 30 32
2 30 34
2 30 39
2 30 40
2 31 0
2 31 2
2 31 6
2 31 7
2 31 19
2 31 20
2 31 23
2 31 24
2 31 25
2 31 26
2 31 27
2 31 29
2 31 30
2 31 32
2 31 33
2 32 1
2 32 3
2 32 4
2 32 5
2 32 6
2 32 7
2 32 8
2 32 10
2 32 11
2 32 13
2 32 16
2 32 17
2 32 22
2 32 25
2 32 29
2 32 33
2 32 34
2 32 40
2 32 42
2 32 43
2 33 5
2 33 7
2 33 9
2 33 12
2 33 15
2 33 16
2 33 20
2 33 23
2 33 25
2 33 28
2 33 29
2 33 32
2 33 33
2 33 40
2 33 41
2 33 42
2 33 44
2 34 4
2 34 9
2 34 15
2 34 16
2 34 17
2 34 19
2 34 20
2 34 22
2 34 23
2 34 29
2 34 30
2 34 32
2 34 34
2 34 37
2 34 39
2 34 42
2 34 44
2 35 2
2 35 11
2 35 18
2 35 19
2 35 21
2 35 22
2 35 31
2 36 3
2 36 9
2 36 10
2 36 12
2 36 17
2 36 19
2 36 21
2 36 25
2 36 27
2 36 33
2 36 40
2 36 41
2 36 42
2 36 44
2 37 4
2 37 9
2 37 19
2 37 22
2 37 23
2 37 27
2 37 28
2 37 32
2 37 33
2 37 34
2 38 1
2 38 2
2 38 4
2 38 7
2 38 9
2 38 12
2 38 14
2 38 17
2 38 29
2 38 30
2 38 32
2 38 34
2 38 36
2 38 42
2 39 0
2 39 5
2 39 9
2 39 12
2 39 15
2 39 16
2 39 22
2 39 25
2 39 34
2 39 38
2 40 0
2 40 1
2 40 4
2 40 7
2 40 11
2 40 13
2 40 14
2 40 15
2 40 16
2 40 20
2 40 24
2 40 27
2 40 29
2 40 30
2 40 31
2 40 32
2 40 35
2 40 36
2 40 38
2 40 40
2 40 42
2 41 6
2 41 13
2 41 14
2 41 20
2 41 23
2 41 24
2 41 27
2 41 28
2 41 30
2 41 34
2 41 35
2 41 36
2 41 38
2 41 39
2 41 40
2 41 42
2 41 43
2 42 9
2 42 13
2 42 14
2 42 19
2 42 21
2 42 24
2 42 25
2 42 28
2 42 30
2 42 34
2 42 40
2 43 0
2 43 3
2 43 7
2 43 13
2 43 14
2 43 15
2 43 20
2 43 28
2 43 30
2 43 33
2 43 36
2 43 37
2 43 38
2 43 39
2 43 40
2 43 42
2 44 0
2 44 6
2 44 7
2 44 9
2 44 11
2 44 12
2 44 13
2 44 20
2 44 23
2 44 24
2 44 28
2 44 29
2 44 34
2 44 36
2 44 37
2 44 38
2 44 39
2 44 41
2 44 42