5953
7
21 21 21 24 21 21 21
819

253 54 552 69 11 194 99 382 59 41 22 436 32 665 668 86 96 327 907 100 91
36 99 194 98 406 10 670 325 71 51 222 51 16 98 86 522 18 48 2 158 78
34 45 84 22 57 74 6 80 85 193 47 67 891 78 14 312 39 5 24 67 68
77 8 684 7 287 537 155 834 75 26 2 640 46 57 16 28 621 267 75 21 671 38 62 877
47 86 53 588 46 16 33 71 324 557 74 99 63 85 904 59 772 68 432 68 92
4 7 58 207 77 47 16 210 73 189 84 46 151 12 700 183 6 51 92 15 186
66 37 97 26 48 42 541 1 799 83 6 46 89 42 702 43 15 146 58 3 96

0 0 11
0 0 12
0 0 13
0 0 14
0 0 15
0 0 18
0 0 19
0 1 0
0 1 1
0 1 3
0 1 9
0 1 10
0 1 13
0 1 16
0 2 4
0 2 9
0 2 15
0 2 18
0 2 20
0 3 0
0 3 3
0 3 6
0 3 8
0 3 12
0 3 14
0 3 15
0 3 16
0 3 17
0 4 1
0 4 5
0 4 9
0 4 12
0 4 15
0 4 16
0 4 19
0 4 20
0 5 2
0 5 3
0 5 6
0 5 18
0 5 20
0 6 8
0 6 9
0 6 13
0 6 17
0 7 0
0 7 2
0 7 4
0 7 8
0 7 10
0 7 17
0 8 1
0 8 6
0 8 11
0 8 12
0 8 14
0 8 18
0 9 3
0 9 9
0 9 11
0 9 14
0 9 16
0 9 17
0 9 19
0 10 3
0 10 5
0 10 8
0 10 14
0 10 19
0 11 4
0 11 6
0 11 7
0 11 9
0 11 13
0 11 18
0 12 5
0 12 8
0 12 9
0 12 11
0 12 12
0 12 15
0 12 16
0 13 0
0 13 2
0 13 4
0 13 6
0 13 10
0 13 13
0 13 15
0 13 16
0 13 18
0 13 19
0 13 20
0 14 2
0 14 4
0 14 7
0 14 10
0 14 14
0 14 15
0 14 16
0 15 1
0 15 3
0 15 11
0 15 12
0 16 1
0 16 7
0 16 10
0 16 14
0 16 17
0 16 18
0 17 2
0 17 4
0 17 5
0 17 7
0 17 8
0 17 14
0 17 15
0 17 18
0 17 20
0 18 0
0 18 7
0 18 18
0 18 19
0 19 3
0 19 7
0 19 14
0 19 15
0 19 17
0 20 6
0 20 12
0 20 15
0 20 16
1 0 1
1 0 3
1 0 5
1 0 11
1 0 14
1 0 15
1 0 20
1 1 1
1 1 2
1 1 5
1 1 6
1 1 8
1 1 16
1 2 1
1 2 9
1 2 11
1 2 13
1 3 4
1 3 5
1 3 6
1 3 7
1 3 10
1 3 13
1 3 14
1 4 8
1 4 9
1 4 13
1 4 15
1 4 16
1 5 1
1 5 2
1 5 11
1 5 12
1 5 13
1 5 18
1 5 19
1 5 20
1 6 5
1 6 7
1 6 13
1 6 15
1 6 18
1 7 15
1 8 2
1 8 13
1 8 15
1 8 20
1 9 4
1 9 5
1 9 6
1 9 7
1 9 11
1 9 13
1 9 17
1 9 19
1 9 20
1 10 3
1 10 8
1 10 10
1 10 15
1 10 18
1 11 0
1 11 1
1 11 4
1 11 6
1 11 8
1 11 11
1 11 12
1 11 13
1 11 16
1 11 17
1 11 18
1 12 1
1 12 2
1 12 5
1 12 6
1 12 13
1 12 14
1 12 16
1 12 17
1 13 0
1 13 1
1 13 7
1 13 13
1 13 14
1 13 18
1 14 0
1 14 2
1 14 5
1 14 7
1 14 8
1 14 11
1 14 20
1 15 8
1 15 9
1 15 10
1 15 12
1 15 13
1 15 15
1 15 18
1 16 11
1 16 12
1 16 14
1 16 16
1 16 17
1 16 19
1 16 20
1 17 10
1 17 18
1 17 19
1 17 20
1 18 0
1 18 5
1 18 12
1 18 15
1 18 17
1 18 20
1 19 13
1 19 15
1 20 1
1 20 15
2 0 1
2 0 6
2 0 14
2 0 21
2 1 1
2 1 4
2 1 10
2 1 12
2 1 18
2 1 20
2 2 0
2 2 3
2 2 6
2 2 9
2 2 13
2 2 18
2 3 0
2 3 1
2 3 4
2 3 9
2 3 14
2 3 17
2 3 21
2 4 1
2 4 4
2 4 7
2 4 8
2 4 15
2 4 16
2 4 17
2 4 19
2 4 21
2 4 23
2 5 0
2 5 1
2 5 3
2 5 9
2 5 13
2 5 15
2 5 16
2 5 18
2 5 21
2 6 1
2 6 2
2 6 9
2 6 12
2 6 13
2 6 14
2 6 19
2 6 22
2 7 0
2 7 11
2 7 13
2 7 15
2 7 18
2 7 19
2 7 20
2 7 21
2 8 3
2 8 14
2 8 15
2 8 16
2 8 19
2 8 21
2 9 3
2 9 7
2 9 8
2 9 9
2 9 10
2 9 11
2 9 16
2 9 18
2 9 20
2 10 4
2 10 10
2 10 13
2 10 18
2 10 21
2 10 22
2 11 1
2 11 6
2 11 8
2 11 9
2 11 11
2 11 12
2 11 13
2 11 16
2 11 17
2 11 21
2 12 0
2 12 5
2 12 6
2 12 7
2 12 9
2 12 14
2 12 15
2 12 20
2 12 21
2 12 23
2 13 2
2 13 4
2 13 5
2 13 7
2 13 8
2 13 12
2 13 13
2 13 19
2 13 21
2 14 0
2 14 1
2 14 12
2 14 15
2 14 18
2 15 3
2 15 5
2 15 6
2 15 9
2 15 11
2 15 16
2 15 20
2 15 23
2 16 3
2 16 16
2 16 17
2 16 22
2 17 4
2 17 8
2 17 14
2 17 15
2 17 19
2 17 23
2 18 0
2 18 4
2 18 7
2 18 10
2 18 11
2 18 13
2 18 17
2 18 23
2 19 9
2 19 13
2 19 16
2 19 18
2 19 23
2 20 0
2 20 6
2 20 8
2 20 9
2 20 12
2 20 21
3 0 1
3 0 4
3 0 5
3 0 7
3 0 8
3 0 11
3 0 16
3 0 18
3 0 19
3 1 0
3 1 4
3 1 10
3 1 13
3 1 15
3 2 2
3 2 8
3 2 9
3 2 14
3 3 1
3 3 4
3 3 5
3 3 9
3 3 10
3 3 13
3 3 20
3 4 0
3 4 1
3 4 14
3 4 15
3 4 16
3 4 18
3 5 3
3 5 4
3 5 8
3 5 10
3 5 11
3 5 14
3 5 19
3 6 1
3 6 3
3 6 4
3 6 8
3 6 9
3 6 10
3 6 17
3 6 18
3 7 2
3 7 6
3 7 14
3 7 19
3 7 20
3 8 0
3 8 1
3 8 2
3 8 6
3 8 8
3 8 11
3 8 17
3 8 18
3 9 4
3 9 9
3 9 12
3 9 15
3 9 19
3 9 20
3 10 2
3 10 3
3 10 4
3 10 9
3 10 14
3 10 18
3 10 20
3 11 8
3 11 9
3 11 14
3 11 16
3 12 0
3 12 3
3 12 9
3 12 12
3 12 16
3 12 17
3 13 1
3 13 2
3 13 14
3 13 20
3 14 1
3 14 7
3 14 11
3 14 12
3 14 19
3 15 0
3 15 1
3 15 2
3 15 3
3 15 4
3 15 5
3 15 8
3 15 9
3 15 11
3 15 14
3 15 15
3 16 3
3 16 4
3 16 5
3 16 8
3 16 9
3 16 14
3 16 15
3 16 16
3 16 18
3 17 9
3 17 10
3 17 14
3 17 16
3 17 17
3 17 18
3 17 20
3 18 0
3 18 1
3 18 2
3 18 3
3 18 10
3 18 12
3 18 14
3 18 15
3 18 17
3 18 20
3 19 4
3 19 6
3 19 13
3 19 15
3 19 20
3 20 0
3 20 2
3 20 14
3 20 17
3 20 18
3 20 20
3 21 2
3 21 15
3 21 17
3 22 0
3 22 4
3 22 5
3 22 6
3 22 7
3 22 9
3 22 10
3 22 12
3 22 16
3 22 19
3 23 3
3 23 4
3 23 7
3 23 9
3 23 10
3 23 11
3 23 12
3 23 14
3 23 15
3 23 16
4 0 7
4 0 16
4 0 18
4 0 19
4 1 4
4 1 5
4 1 6
4 1 8
4 1 11
4 1 13
4 1 15
4 1 19
4 2 0
4 2 9
4 2 11
4 2 12
4 2 13
4 2 16
4 2 18
4 3 2
4 3 4
4 3 5
4 3 6
4 3 7
4 3 11
4 3 12
4 3 20
4 4 4
4 4 8
4 4 12
4 4 13
4 4 14
4 4 16
4 4 20
4 5 20
4 6 1
4 6 6
4 6 11
4 7 0
4 7 3
4 7 6
4 7 8
4 7 9
4 7 13
4 7 15
4 7 18
4 8 0
4 8 1
4 8 2
4 8 3
4 8 12
4 8 15
4 8 16
4 8 19
4 8 20
4 9 4
4 9 9
4 9 10
4 9 17
4 10 3
4 10 6
4 10 8
4 10 12
4 10 15
4 10 17
4 10 19
4 11 3
4 11 4
4 11 5
4 11 13
4 11 15
4 11 20
4 12 17
4 12 18
4 13 10
4 13 17
4 13 18
4 13 19
4 13 20
4 14 2
4 14 3
4 14 7
4 14 11
4 14 12
4 14 14
4 14 17
4 14 20
4 15 3
4 15 10
4 15 13
4 15 14
4 15 15
4 15 16
4 16 5
4 16 14
4 16 19
4 17 0
4 17 1
4 17 2
4 17 6
4 17 9
4 17 17
4 18 2
4 18 8
4 18 9
4 18 12
4 18 13
4 18 14
4 18 17
4 18 19
4 19 1
4 19 3
4 19 4
4 19 5
4 19 7
4 19 8
4 19 11
4 19 16
4 19 17
4 19 19
4 20 1
4 20 4
4 20 5
4 20 6
4 20 8
4 20 10
4 20 13
4 20 18
4 20 20
5 0 2
5 0 5
5 0 6
5 0 8
5 0 9
5 0 11
5 0 12
5 0 13
5 0 18
5 0 19
5 1 9
5 1 11
5 1 13
5 1 16
5 1 17
5 2 2
5 2 5
5 2 14
5 2 17
5 3 1
5 3 10
5 3 13
5 3 14
5 3 16
5 4 1
5 4 4
5 4 5
5 4 9
5 4 15
5 4 16
5 4 19
5 5 5
5 5 7
5 5 13
5 6 5
5 6 7
5 6 10
5 6 15
5 6 17
5 6 19
5 7 1
5 7 2
5 7 4
5 7 8
5 7 17
5 8 5
5 8 19
5 8 20
5 9 1
5 9 7
5 9 8
5 9 11
5 9 13
5 9 16
5 9 17
5 10 1
5 10 3
5 10 9
5 10 11
5 10 13
5 10 14
5 10 20
5 11 1
5 11 7
5 11 8
5 11 15
5 11 18
5 11 20
5 12 0
5 12 1
5 12 3
5 12 4
5 12 6
5 12 10
5 12 11
5 12 16
5 12 18
5 13 0
5 13 1
5 13 2
5 13 12
5 13 15
5 14 4
5 14 5
5 14 6
5 14 10
5 14 11
5 14 14
5 14 18
5 14 19
5 15 4
5 15 16
5 15 18
5 16 1
5 16 8
5 16 14
5 16 15
5 17 2
5 17 4
5 17 7
5 17 9
5 17 12
5 17 14
5 17 16
5 17 18
5 17 19
5 18 0
5 18 1
5 18 10
5 18 20
5 19 0
5 19 9
5 19 10
5 19 11
5 19 12
5 19 16
5 19 18
5 19 19
5 20 6
5 20 8
5 20 10
5 20 14
5 20 15
5 20 16
5 20 19