910
3
50 50 50
1569

946 592 98 72 69 292 600 13 694 909 9 95 934 670 15 91 12 401 53 642 541 551 7 729 20 3 88 39 35 35 405 0 852 74 11 93 861 11 85 732 184 303 57 46 1 492 237 839 82 56
925 914 545 958 98 14 29 44 273 33 327 912 80 47 26 953 459 303 15 467 45 333 17 356 565 77 86 51 74 458 1 75 49 65 265 74 625 37 57 301 939 554 777 78 79 40 445 40 39 474
986 86 41 394 554 63 283 75 54 788 81 307 24 93 369 5 309 298 875 534 436 87 787 738 635 88 15 108 98 237 509 34 687 301 79 300 277 32 61 312 40 395 907 51 13 11 868 79 9 69

0 0 0
0 0 1
0 0 10
0 0 17
0 0 23
0 0 26
0 0 27
0 0 29
0 0 30
0 0 35
0 0 39
0 0 44
0 0 46
0 1 0
0 1 1
0 1 3
0 1 11
0 1 14
0 1 15
0 1 17
0 1 33
0 1 34
0 1 35
0 1 36
0 1 40
0 1 41
0 1 42
0 1 45
0 1 49
0 2 2
0 2 4
0 2 11
0 2 17
0 2 19
0 2 21
0 2 23
0 2 33
0 2 37
0 2 44
0 2 46
0 2 47
0 3 1
0 3 2
0 3 4
0 3 5
0 3 7
0 3 10
0 3 11
0 3 12
0 3 13
0 3 14
0 3 19
0 3 20
0 3 22
0 3 23
0 3 24
0 3 26
0 3 27
0 3 31
0 3 32
0 3 36
0 3 40
0 3 44
0 3 48
0 4 2
0 4 4
0 4 8
0 4 20
0 4 22
0 4 24
0 4 25
0 4 26
0 4 29
0 4 30
0 4 36
0 4 40
0 4 45
0 4 47
0 4 49
0 5 0
0 5 6
0 5 8
0 5 10
0 5 11
0 5 14
0 5 16
0 5 19
0 5 21
0 5 29
0 5 32
0 5 33
0 5 36
0 5 39
0 5 40
0 5 42
0 5 46
0 5 47
0 5 49
0 6 0
0 6 3
0 6 6
0 6 8
0 6 10
0 6 13
0 6 17
0 6 18
0 6 21
0 6 23
0 6 25
0 6 26
0 6 37
0 6 39
0 6 40
0 6 41
0 6 42
0 7 2
0 7 6
0 7 7
0 7 13
0 7 25
0 7 29
0 7 30
0 7 31
0 7 32
0 7 35
0 7 38
0 7 45
0 8 1
0 8 6
0 8 12
0 8 17
0 8 18
0 8 20
0 8 22
0 8 26
0 8 33
0 8 34
0 8 37
0 8 42
0 8 46
0 8 49
0 9 2
0 9 4
0 9 8
0 9 10
0 9 11
0 9 12
0 9 14
0 9 15
0 9 16
0 9 18
0 9 24
0 9 30
0 9 31
0 9 33
0 9 34
0 9 37
0 9 39
0 9 43
0 10 12
0 10 20
0 10 23
0 10 26
0 10 30
0 10 31
0 10 40
0 10 44
0 10 45
0 11 3
0 11 4
0 11 8
0 11 18
0 11 19
0 11 22
0 11 27
0 11 29
0 11 30
0 11 32
0 11 33
0 11 34
0 11 37
0 11 38
0 11 41
0 12 1
0 12 2
0 12 3
0 12 5
0 12 12
0 12 15
0 12 16
0 12 17
0 12 19
0 12 23
0 12 24
0 12 26
0 12 29
0 12 30
0 12 34
0 12 36
0 12 39
0 12 42
0 12 45
0 12 46
0 12 47
0 12 49
0 13 0
0 13 1
0 13 6
0 13 8
0 13 9
0 13 11
0 13 14
0 13 15
0 13 17
0 13 18
0 13 29
0 13 30
0 13 33
0 13 34
0 13 36
0 13 40
0 13 42
0 13 45
0 13 48
0 13 49
0 14 3
0 14 5
0 14 12
0 14 14
0 14 16
0 14 24
0 14 25
0 14 27
0 14 28
0 14 32
0 14 36
0 14 37
0 14 39
0 14 44
0 14 45
0 14 47
0 14 48
0 14 49
0 15 2
0 15 4
0 15 7
0 15 11
0 15 13
0 15 22
0 15 23
0 15 24
0 15 25
0 15 28
0 15 29
0 15 31
0 15 36
0 15 38
0 15 41
0 15 44
0 16 0
0 16 3
0 16 10
0 16 11
0 16 13
0 16 15
0 16 16
0 16 19
0 16 20
0 16 30
0 16 33
0 16 34
0 16 39
0 16 42
0 16 43
0 16 47
0 16 49
0 17 1
0 17 2
0 17 6
0 17 8
0 17 11
0 17 14
0 17 15
0 17 16
0 17 17
0 17 18
0 17 19
0 17 23
0 17 24
0 17 26
0 17 30
0 17 33
0 17 36
0 17 37
0 17 39
0 17 40
0 17 41
0 17 42
0 17 49
0 18 0
0 18 2
0 18 3
0 18 6
0 18 7
0 18 8
0 18 10
0 18 19
0 18 20
0 18 24
0 18 25
0 18 26
0 18 28
0 18 30
0 18 36
0 18 38
0 18 41
0 18 44
0 18 46
0 18 47
0 18 49
0 19 0
0 19 2
0 19 4
0 19 6
0 19 7
0 19 11
0 19 15
0 19 19
0 19 24
0 19 34
0 19 38
0 19 39
0 19 41
0 19 42
0 19 46
0 19 49
0 20 0
0 20 2
0 20 3
0 20 6
0 20 8
0 20 16
0 20 17
0 20 19
0 20 21
0 20 22
0 20 29
0 20 30
0 20 31
0 20 35
0 20 36
0 20 39
0 20 44
0 20 46
0 20 47
0 20 48
0 20 49
0 21 4
0 21 6
0 21 8
0 21 12
0 21 17
0 21 22
0 21 23
0 21 24
0 21 25
0 21 27
0 21 33
0 21 35
0 21 36
0 21 37
0 21 39
0 21 40
0 21 41
0 21 44
0 21 46
0 21 49
0 22 1
0 22 4
0 22 5
0 22 7
0 22 10
0 22 13
0 22 15
0 22 17
0 22 21
0 22 27
0 22 28
0 22 41
0 22 42
0 22 45
0 23 0
0 23 2
0 23 12
0 23 17
0 23 19
0 23 23
0 23 24
0 23 25
0 23 31
0 23 33
0 23 36
0 23 42
0 23 46
0 23 47
0 23 49
0 24 1
0 24 7
0 24 9
0 24 13
0 24 20
0 24 29
0 24 33
0 24 35
0 24 48
0 25 4
0 25 12
0 25 13
0 25 14
0 25 16
0 25 17
0 25 18
0 25 25
0 25 30
0 25 36
0 25 38
0 25 39
0 25 43
0 26 5
0 26 7
0 26 9
0 26 22
0 26 27
0 26 28
0 26 38
0 26 43
0 26 44
0 26 47
0 26 48
0 27 7
0 27 11
0 27 12
0 27 14
0 27 16
0 27 22
0 27 25
0 27 26
0 27 28
0 27 29
0 27 31
0 27 35
0 27 37
0 27 38
0 27 42
0 27 44
0 28 9
0 28 10
0 28 13
0 28 16
0 28 17
0 28 18
0 28 37
0 28 38
0 28 45
0 29 9
0 29 12
0 29 13
0 29 15
0 29 16
0 29 20
0 29 21
0 29 24
0 29 27
0 29 28
0 29 32
0 29 35
0 29 37
0 29 43
0 29 47
0 30 3
0 30 4
0 30 8
0 30 11
0 30 15
0 30 16
0 30 20
0 30 22
0 30 27
0 30 30
0 30 33
0 30 36
0 30 38
0 30 39
0 30 40
0 30 41
0 30 42
0 31 0
0 31 7
0 31 9
0 31 15
0 31 22
0 31 23
0 31 29
0 31 30
0 31 31
0 31 32
0 31 35
0 31 38
0 31 42
0 31 44
0 31 48
0 32 1
0 32 2
0 32 6
0 32 8
0 32 10
0 32 11
0 32 13
0 32 16
0 32 20
0 32 21
0 32 22
0 32 24
0 32 26
0 32 27
0 32 28
0 32 34
0 32 36
0 32 37
0 32 40
0 32 41
0 32 42
0 33 5
0 33 6
0 33 12
0 33 20
0 33 23
0 33 26
0 33 29
0 33 30
0 33 32
0 33 33
0 33 40
0 33 41
0 33 43
0 34 3
0 34 4
0 34 5
0 34 11
0 34 12
0 34 21
0 34 25
0 34 26
0 34 34
0 34 39
0 34 42
0 34 45
0 34 47
0 35 0
0 35 7
0 35 8
0 35 12
0 35 15
0 35 22
0 35 26
0 35 28
0 35 31
0 35 37
0 35 42
0 35 44
0 35 48
0 36 1
0 36 4
0 36 10
0 36 11
0 36 14
0 36 16
0 36 18
0 36 21
0 36 23
0 36 28
0 36 30
0 36 34
0 36 35
0 36 36
0 36 39
0 37 1
0 37 3
0 37 9
0 37 12
0 37 25
0 37 28
0 37 43
0 37 45
0 37 47
0 38 1
0 38 2
0 38 6
0 38 9
0 38 13
0 38 15
0 38 20
0 38 21
0 38 22
0 38 23
0 38 25
0 38 26
0 38 27
0 38 31
0 38 34
0 38 37
0 38 46
0 38 48
0 39 0
0 39 2
0 39 3
0 39 6
0 39 9
0 39 10
0 39 11
0 39 15
0 39 16
0 39 21
0 39 23
0 39 24
0 39 29
0 39 30
0 39 32
0 39 33
0 39 34
0 39 39
0 39 40
0 39 41
0 39 49
0 40 3
0 40 10
0 40 11
0 40 13
0 40 17
0 40 19
0 40 21
0 40 22
0 40 29
0 40 30
0 40 32
0 40 36
0 40 39
0 40 40
0 40 41
0 40 48
0 41 0
0 41 1
0 41 2
0 41 8
0 41 11
0 41 14
0 41 18
0 41 23
0 41 25
0 41 29
0 41 30
0 41 35
0 41 42
0 41 43
0 41 44
0 41 47
0 42 1
0 42 12
0 42 26
0 42 27
0 42 37
0 42 41
0 42 43
0 42 47
0 43 1
0 43 2
0 43 17
0 43 22
0 43 25
0 43 34
0 43 35
0 43 38
0 43 39
0 43 43
0 44 0
0 44 10
0 44 17
0 44 23
0 44 26
0 44 27
0 44 31
0 44 33
0 44 35
0 44 37
0 44 39
0 44 40
0 44 44
0 44 45
0 44 46
0 44 49
0 45 0
0 45 1
0 45 4
0 45 5
0 45 8
0 45 10
0 45 11
0 45 13
0 45 16
0 45 22
0 45 23
0 45 26
0 45 29
0 45 33
0 45 34
0 45 39
0 45 41
0 46 2
0 46 4
0 46 5
0 46 10
0 46 14
0 46 16
0 46 17
0 46 18
0 46 19
0 46 20
0 46 21
0 46 23
0 46 26
0 46 30
0 46 33
0 46 36
0 46 41
0 46 44
0 46 46
0 46 49
0 47 0
0 47 2
0 47 3
0 47 8
0 47 9
0 47 10
0 47 11
0 47 12
0 47 14
0 47 15
0 47 16
0 47 17
0 47 18
0 47 19
0 47 20
0 47 21
0 47 24
0 47 29
0 47 38
0 47 39
0 47 42
0 47 44
0 47 46
0 47 49
0 48 2
0 48 10
0 48 13
0 48 16
0 48 20
0 48 21
0 48 22
0 48 33
0 48 35
0 48 40
0 48 43
0 48 45
0 49 0
0 49 4
0 49 5
0 49 16
0 49 31
0 49 37
0 49 43
0 49 48
1 0 3
1 0 4
1 0 11
1 0 13
1 0 15
1 0 16
1 0 18
1 0 19
1 0 20
1 0 23
1 0 33
1 0 39
1 0 40
1 0 42
1 0 46
1 0 49
1 1 2
1 1 3
1 1 9
1 1 10
1 1 11
1 1 13
1 1 15
1 1 18
1 1 19
1 1 23
1 1 27
1 1 31
1 1 32
1 1 36
1 1 41
1 1 42
1 1 43
1 1 46
1 1 48
1 2 0
1 2 2
1 2 3
1 2 4
1 2 7
1 2 9
1 2 11
1 2 14
1 2 18
1 2 20
1 2 22
1 2 24
1 2 27
1 2 28
1 2 34
1 2 37
1 2 39
1 2 41
1 2 42
1 2 49
1 3 3
1 3 5
1 3 6
1 3 18
1 3 20
1 3 22
1 3 25
1 3 29
1 3 32
1 3 33
1 3 35
1 3 36
1 3 39
1 3 41
1 3 47
1 4 0
1 4 1
1 4 7
1 4 8
1 4 9
1 4 12
1 4 13
1 4 14
1 4 25
1 4 33
1 4 35
1 4 39
1 4 40
1 4 48
1 5 0
1 5 2
1 5 7
1 5 9
1 5 13
1 5 16
1 5 17
1 5 28
1 5 32
1 5 36
1 5 41
1 5 44
1 5 45
1 5 47
1 5 48
1 6 1
1 6 14
1 6 17
1 6 19
1 6 21
1 6 23
1 6 29
1 6 36
1 6 39
1 6 40
1 6 41
1 6 44
1 6 45
1 6 49
1 7 2
1 7 4
1 7 5
1 7 12
1 7 15
1 7 18
1 7 21
1 7 22
1 7 24
1 7 27
1 7 38
1 7 48
1 8 0
1 8 4
1 8 5
1 8 9
1 8 12
1 8 16
1 8 17
1 8 18
1 8 20
1 8 22
1 8 23
1 8 24
1 8 29
1 8 32
1 8 33
1 8 34
1 8 35
1 8 39
1 8 41
1 8 42
1 8 46
1 9 1
1 9 2
1 9 8
1 9 9
1 9 17
1 9 21
1 9 22
1 9 25
1 9 30
1 9 32
1 9 33
1 9 34
1 9 48
1 10 1
1 10 6
1 10 9
1 10 12
1 10 14
1 10 15
1 10 16
1 10 17
1 10 18
1 10 19
1 10 23
1 10 25
1 10 26
1 10 27
1 10 29
1 10 36
1 10 37
1 10 40
1 10 41
1 10 46
1 11 3
1 11 4
1 11 6
1 11 9
1 11 14
1 11 16
1 11 19
1 11 22
1 11 23
1 11 24
1 11 26
1 11 27
1 11 29
1 11 32
1 11 33
1 11 35
1 11 41
1 11 42
1 12 1
1 12 7
1 12 10
1 12 13
1 12 21
1 12 22
1 12 26
1 12 29
1 12 32
1 12 39
1 12 45
1 13 4
1 13 10
1 13 11
1 13 15
1 13 17
1 13 20
1 13 26
1 13 30
1 13 37
1 13 38
1 13 41
1 13 42
1 13 43
1 13 45
1 13 47
1 13 48
1 14 6
1 14 8
1 14 9
1 14 17
1 14 19
1 14 20
1 14 21
1 14 32
1 14 33
1 14 35
1 14 39
1 14 41
1 14 46
1 14 47
1 14 48
1 14 49
1 15 6
1 15 10
1 15 14
1 15 22
1 15 24
1 15 27
1 15 28
1 15 29
1 15 35
1 15 36
1 15 37
1 15 39
1 15 41
1 15 44
1 15 46
1 16 0
1 16 1
1 16 6
1 16 9
1 16 11
1 16 14
1 16 16
1 16 17
1 16 23
1 16 26
1 16 27
1 16 30
1 16 40
1 16 47
1 16 49
1 17 0
1 17 1
1 17 2
1 17 8
1 17 9
1 17 13
1 17 16
1 17 18
1 17 22
1 17 27
1 17 28
1 17 29
1 17 33
1 17 35
1 17 38
1 17 39
1 17 40
1 17 41
1 17 42
1 18 0
1 18 1
1 18 5
1 18 6
1 18 8
1 18 15
1 18 19
1 18 20
1 18 22
1 18 23
1 18 24
1 18 27
1 18 35
1 18 41
1 18 44
1 18 47
1 19 0
1 19 2
1 19 9
1 19 12
1 19 16
1 19 19
1 19 20
1 19 24
1 19 31
1 19 33
1 19 34
1 19 37
1 19 38
1 19 39
1 19 41
1 19 42
1 19 43
1 19 46
1 20 5
1 20 12
1 20 13
1 20 15
1 20 21
1 20 23
1 20 25
1 20 26
1 20 29
1 20 37
1 20 38
1 20 39
1 20 40
1 20 46
1 21 0
1 21 1
1 21 3
1 21 4
1 21 5
1 21 7
1 21 11
1 21 12
1 21 16
1 21 18
1 21 19
1 21 20
1 21 25
1 21 27
1 21 28
1 21 29
1 21 33
1 21 34
1 21 41
1 21 45
1 21 46
1 22 5
1 22 6
1 22 9
1 22 12
1 22 13
1 22 15
1 22 18
1 22 20
1 22 27
1 22 28
1 22 30
1 22 35
1 22 40
1 22 45
1 22 46
1 22 49
1 23 0
1 23 4
1 23 6
1 23 9
1 23 14
1 23 17
1 23 18
1 23 21
1 23 23
1 23 25
1 23 27
1 23 35
1 23 37
1 23 39
1 23 40
1 23 41
1 23 43
1 23 44
1 23 46
1 23 47
1 23 49
1 24 0
1 24 4
1 24 5
1 24 10
1 24 11
1 24 13
1 24 17
1 24 18
1 24 19
1 24 23
1 24 27
1 24 30
1 24 32
1 24 33
1 24 38
1 24 41
1 24 42
1 25 0
1 25 4
1 25 5
1 25 7
1 25 11
1 25 13
1 25 18
1 25 19
1 25 23
1 25 31
1 25 38
1 25 45
1 25 46
1 25 48
1 25 49
1 26 1
1 26 4
1 26 5
1 26 10
1 26 12
1 26 18
1 26 25
1 26 40
1 26 44
1 26 45
1 27 0
1 27 4
1 27 5
1 27 8
1 27 13
1 27 18
1 27 19
1 27 21
1 27 25
1 27 28
1 27 30
1 27 32
1 27 38
1 27 43
1 28 6
1 28 8
1 28 12
1 28 13
1 28 15
1 28 20
1 28 26
1 28 32
1 28 34
1 28 40
1 28 43
1 28 48
1 29 0
1 29 3
1 29 6
1 29 14
1 29 19
1 29 22
1 29 24
1 29 32
1 29 33
1 29 34
1 29 36
1 29 37
1 30 0
1 30 3
1 30 4
1 30 13
1 30 14
1 30 15
1 30 18
1 30 23
1 30 26
1 30 27
1 30 33
1 30 34
1 30 35
1 30 41
1 30 44
1 30 47
1 30 48
1 31 1
1 31 5
1 31 6
1 31 9
1 31 12
1 31 14
1 31 15
1 31 25
1 31 27
1 31 28
1 31 29
1 31 38
1 31 39
1 31 45
1 31 47
1 32 3
1 32 6
1 32 7
1 32 13
1 32 14
1 32 15
1 32 21
1 32 24
1 32 25
1 32 37
1 32 38
1 32 39
1 32 44
1 32 46
1 32 49
1 33 2
1 33 3
1 33 4
1 33 5
1 33 11
1 33 14
1 33 26
1 33 29
1 33 32
1 33 33
1 33 35
1 33 41
1 33 46
1 33 47
1 34 1
1 34 3
1 34 6
1 34 9
1 34 11
1 34 13
1 34 14
1 34 17
1 34 18
1 34 19
1 34 20
1 34 22
1 34 23
1 34 31
1 34 35
1 34 36
1 34 37
1 34 39
1 34 41
1 34 42
1 34 44
1 34 46
1 35 2
1 35 6
1 35 7
1 35 8
1 35 10
1 35 12
1 35 22
1 35 26
1 35 28
1 35 31
1 35 34
1 35 42
1 35 47
1 36 0
1 36 3
1 36 5
1 36 6
1 36 7
1 36 8
1 36 11
1 36 18
1 36 22
1 36 24
1 36 25
1 36 27
1 36 29
1 36 30
1 36 31
1 36 32
1 36 35
1 36 38
1 36 40
1 36 42
1 37 0
1 37 5
1 37 8
1 37 12
1 37 16
1 37 18
1 37 22
1 37 25
1 37 26
1 37 28
1 37 29
1 37 38
1 37 45
1 37 47
1 38 5
1 38 7
1 38 13
1 38 33
1 38 42
1 38 45
1 38 49
1 39 0
1 39 3
1 39 7
1 39 8
1 39 11
1 39 17
1 39 20
1 39 22
1 39 23
1 39 24
1 39 27
1 39 32
1 39 35
1 39 36
1 39 38
1 39 40
1 39 44
1 39 47
1 40 3
1 40 4
1 40 9
1 40 11
1 40 14
1 40 15
1 40 16
1 40 17
1 40 18
1 40 26
1 40 27
1 40 30
1 40 31
1 40 34
1 40 35
1 40 41
1 40 42
1 40 45
1 40 46
1 41 0
1 41 1
1 41 3
1 41 4
1 41 5
1 41 6
1 41 12
1 41 16
1 41 17
1 41 18
1 41 19
1 41 21
1 41 23
1 41 32
1 41 36
1 41 37
1 41 39
1 41 46
1 42 1
1 42 4
1 42 6
1 42 11
1 42 14
1 42 22
1 42 27
1 42 29
1 42 32
1 42 34
1 42 41
1 42 49
1 43 3
1 43 5
1 43 8
1 43 9
1 43 13
1 43 16
1 43 22
1 43 25
1 43 26
1 43 28
1 43 30
1 43 33
1 43 39
1 43 41
1 43 44
1 44 0
1 44 3
1 44 4
1 44 15
1 44 21
1 44 25
1 44 28
1 44 30
1 44 37
1 44 40
1 44 42
1 44 48
1 45 7
1 45 9
1 45 10
1 45 26
1 45 27
1 45 28
1 45 29
1 45 44
1 45 47
1 45 49
1 46 0
1 46 3
1 46 4
1 46 6
1 46 8
1 46 9
1 46 12
1 46 16
1 46 18
1 46 19
1 46 20
1 46 21
1 46 23
1 46 27
1 46 30
1 46 31
1 46 34
1 46 35
1 46 39
1 46 40
1 46 42
1 46 43
1 46 46
1 47 6
1 47 7
1 47 10
1 47 12
1 47 13
1 47 18
1 47 25
1 47 26
1 47 29
1 47 37
1 47 39
1 47 44
1 48 1
1 48 3
1 48 6
1 48 12
1 48 22
1 48 23
1 48 25
1 48 26
1 48 27
1 48 31
1 48 33
1 48 40
1 48 43
1 48 44
1 48 45
1 48 48
1 48 49
1 49 4
1 49 6
1 49 7
1 49 8
1 49 11
1 49 13
1 49 16
1 49 17
1 49 18
1 49 19
1 49 20
1 49 22
1 49 24
1 49 30
1 49 32
1 49 33
1 49 39
1 49 42
1 49 44
1 49 46