6707
8
11 11 12 11 12 11 11 11
305

12 6 15 33 616 709 13 561 29 737 1
20 74 889 59 27 33 88 761 736 11 970
77 53 409 473 497 26 568 477 242 647 272 122
72 250 271 824 36 70 966 48 92 70 379
14 807 75 985 789 26 4 0 47 510 634 475
41 66 902 28 520 85 651 17 73 825 967
16 635 249 340 80 46 78 23 11 100 83
860 254 51 95 305 858 35 736 4 5 26

0 0 0
0 0 7
0 1 4
0 1 7
0 1 9
0 2 1
0 2 5
0 2 9
0 3 6
0 3 8
0 3 9
0 4 2
0 4 6
0 4 10
0 5 2
0 5 3
0 5 6
0 5 7
0 5 8
0 5 10
0 6 0
0 6 1
0 6 6
0 7 7
0 7 8
0 8 1
0 8 2
0 8 4
0 8 5
0 8 9
0 9 2
0 9 3
0 9 7
0 9 8
0 10 6
0 10 7
0 10 9
1 0 4
1 1 0
1 1 4
1 1 8
1 1 9
1 1 10
1 1 11
1 2 2
1 2 3
1 2 4
1 2 6
1 2 8
1 2 9
1 2 10
1 3 6
1 3 8
1 4 0
1 4 7
1 4 8
1 4 9
1 5 5
1 5 11
1 6 3
1 6 5
1 6 7
1 6 8
1 6 9
1 7 4
1 7 7
1 7 8
1 7 9
1 7 11
1 8 2
1 8 3
1 8 6
1 8 7
1 8 8
1 10 4
1 10 5
1 10 6
1 10 7
1 10 8
1 10 9
1 10 10
1 10 11
2 0 1
2 1 4
2 1 9
2 1 10
2 2 0
2 2 1
2 2 2
2 2 3
2 2 7
2 2 10
2 3 2
2 3 4
2 3 5
2 3 6
2 3 9
2 4 1
2 4 6
2 4 10
2 5 0
2 5 4
2 5 5
2 5 6
2 5 7
2 5 8
2 5 9
2 5 10
2 6 0
2 6 1
2 6 2
2 6 3
2 6 6
2 6 9
2 7 1
2 7 10
2 8 1
2 8 2
2 8 5
2 8 9
2 8 10
2 9 1
2 9 2
2 9 3
2 9 6
2 9 10
2 10 1
2 10 2
2 10 10
2 11 0
2 11 3
2 11 6
2 11 8
2 11 10
3 1 3
3 1 7
3 1 9
3 2 1
3 2 3
3 2 4
3 2 7
3 2 10
3 2 11
3 3 0
3 3 1
3 3 3
3 3 5
3 3 6
3 3 7
3 3 8
3 3 9
3 3 10
3 4 2
3 5 0
3 5 6
3 6 1
3 6 3
3 6 7
3 6 8
3 6 10
3 6 11
3 7 10
3 7 11
3 8 3
3 8 5
3 8 8
3 9 7
3 9 8
3 10 1
3 10 2
3 10 3
3 10 4
3 10 7
3 10 8
3 10 9
3 10 10
3 10 11
4 0 7
4 0 8
4 0 10
4 1 1
4 1 2
4 1 4
4 1 6
4 1 9
4 1 10
4 2 0
4 2 1
4 2 3
4 2 6
4 3 1
4 3 2
4 3 3
4 3 4
4 3 6
4 4 4
4 4 6
4 4 9
4 5 3
4 5 4
4 5 5
4 5 8
4 5 9
4 6 1
4 6 2
4 6 5
4 6 8
4 7 1
4 7 2
4 7 4
4 7 6
4 7 9
4 7 10
4 8 2
4 8 5
4 8 6
4 9 1
4 9 2
4 9 4
4 9 5
4 9 6
4 9 7
4 9 8
4 9 9
4 9 10
4 10 1
4 10 2
4 10 3
4 10 4
4 10 8
4 10 9
4 10 10
4 11 4
4 11 6
4 11 9
4 11 10
5 0 2
5 0 3
5 0 6
5 0 7
5 0 8
5 1 0
5 1 1
5 1 2
5 1 3
5 1 4
5 1 7
5 1 10
5 2 0
5 2 1
5 2 2
5 2 6
5 2 9
5 3 0
5 3 5
5 4 1
5 4 3
5 4 6
5 5 6
5 6 1
5 6 2
5 6 3
5 6 5
5 6 6
5 7 0
5 7 2
5 7 3
5 7 4
5 7 8
5 8 2
5 8 4
5 8 6
5 9 8
5 9 10
5 10 1
5 10 2
5 10 6
5 10 9
5 10 10
6 0 0
6 0 2
6 1 1
6 1 3
6 1 4
6 2 0
6 2 1
6 2 4
6 2 7
6 3 0
6 3 1
6 4 8
6 5 3
6 5 5
6 5 10
6 6 1
6 6 4
6 6 5
6 6 7
6 7 4
6 8 4
6 8 5
6 8 10
6 9 2
6 9 3
6 9 10