5082
6
30 30 30 30 30 30
1695

592 46 36 56 802 759 59 601 64 66 4 227 894 5 842 46 41 99 51 658 362 60 47 90 39 921 854 0 419 21
131 86 238 1000 31 43 71 316 741 234 455 995 76 38 31 528 94 21 59 48 459 7 13 974 533 136 18 86 82 302
483 18 63 30 74 588 274 334 838 6 71 6 39 727 575 634 472 346 595 56 32 64 863 476 91 73 56 29 676 960
222 152 443 630 32 7 42 77 42 296 1 41 81 686 449 38 56 83 129 76 159 22 158 89 367 67 306 11 19 7
214 133 36 315 159 65 893 56 61 26 67 290 16 808 274 148 47 128 56 34 591 229 9 98 61 98 723 824 6 841
77 209 392 93 18 315 554 404 63 823 676 92 370 767 10 119 582 977 64 44 629 8 809 64 661 47 86 612 793 13

0 0 0
0 0 4
0 0 9
0 0 11
0 0 15
0 0 17
0 0 20
0 0 22
0 0 29
0 1 0
0 1 1
0 1 2
0 1 7
0 1 11
0 1 15
0 1 19
0 1 23
0 1 25
0 1 26
0 2 0
0 2 6
0 2 8
0 2 11
0 2 12
0 2 13
0 2 14
0 2 16
0 2 17
0 2 19
0 2 21
0 2 22
0 2 23
0 2 27
0 2 28
0 3 0
0 3 4
0 3 5
0 3 6
0 3 9
0 3 13
0 3 14
0 3 16
0 3 17
0 3 18
0 3 22
0 3 27
0 3 28
0 3 29
0 4 0
0 4 1
0 4 2
0 4 6
0 4 9
0 4 11
0 4 15
0 4 18
0 4 23
0 4 24
0 4 25
0 5 2
0 5 10
0 5 12
0 5 15
0 5 20
0 5 22
0 5 24
0 5 26
0 6 7
0 6 11
0 6 13
0 6 18
0 6 19
0 6 20
0 6 22
0 6 23
0 6 28
0 7 3
0 7 10
0 7 11
0 7 12
0 7 15
0 7 17
0 7 20
0 7 21
0 7 23
0 7 28
0 8 1
0 8 2
0 8 4
0 8 5
0 8 8
0 8 10
0 8 12
0 8 14
0 8 15
0 8 16
0 8 17
0 8 18
0 8 21
0 8 26
0 8 27
0 8 28
0 9 0
0 9 5
0 9 6
0 9 7
0 9 9
0 9 12
0 9 15
0 9 16
0 9 17
0 9 18
0 10 1
0 10 12
0 10 14
0 10 15
0 10 17
0 10 19
0 10 22
0 10 23
0 10 26
0 10 27
0 10 28
0 11 0
0 11 1
0 11 8
0 11 10
0 11 11
0 11 18
0 11 22
0 11 23
0 11 25
0 11 29
0 12 2
0 12 8
0 12 9
0 12 10
0 12 11
0 12 15
0 12 18
0 12 20
0 12 24
0 12 28
0 12 29
0 13 1
0 13 4
0 13 6
0 13 9
0 13 12
0 13 14
0 13 16
0 13 17
0 13 19
0 13 22
0 13 25
0 13 27
0 13 28
0 14 0
0 14 9
0 14 10
0 14 13
0 14 15
0 14 16
0 14 19
0 14 20
0 14 24
0 14 26
0 14 27
0 14 28
0 15 3
0 15 5
0 15 6
0 15 14
0 15 24
0 15 26
0 15 28
0 16 0
0 16 1
0 16 3
0 16 5
0 16 12
0 16 13
0 16 17
0 16 21
0 16 23
0 16 24
0 16 25
0 16 28
0 16 29
0 17 5
0 17 6
0 17 11
0 17 12
0 17 14
0 17 15
0 17 17
0 17 18
0 17 19
0 17 21
0 17 22
0 17 26
0 17 27
0 18 0
0 18 1
0 18 5
0 18 6
0 18 7
0 18 14
0 18 19
0 18 22
0 18 24
0 18 29
0 19 0
0 19 2
0 19 8
0 19 9
0 19 10
0 19 16
0 19 17
0 19 22
0 19 25
0 19 29
0 20 0
0 20 8
0 20 9
0 20 11
0 20 13
0 20 15
0 20 18
0 20 20
0 20 24
0 20 25
0 20 27
0 21 1
0 21 2
0 21 3
0 21 6
0 21 7
0 21 13
0 21 14
0 21 16
0 21 17
0 21 18
0 21 20
0 21 22
0 21 26
0 21 28
0 22 4
0 22 6
0 22 7
0 22 13
0 22 14
0 22 17
0 22 18
0 22 20
0 22 21
0 22 26
0 22 27
0 22 28
0 23 0
0 23 4
0 23 6
0 23 7
0 23 16
0 23 17
0 23 22
0 24 4
0 24 6
0 24 11
0 24 16
0 24 17
0 24 18
0 24 19
0 24 21
0 24 22
0 24 25
0 24 26
0 24 27
0 25 0
0 25 2
0 25 3
0 25 7
0 25 8
0 25 10
0 25 11
0 25 12
0 25 20
0 25 23
0 25 25
0 25 29
0 26 0
0 26 1
0 26 9
0 26 10
0 26 14
0 26 18
0 27 1
0 27 4
0 27 5
0 27 6
0 27 8
0 27 13
0 27 16
0 27 17
0 27 18
0 27 20
0 27 22
0 27 23
0 27 25
0 27 26
0 27 29
0 28 1
0 28 3
0 28 4
0 28 7
0 28 8
0 28 10
0 28 11
0 28 12
0 28 15
0 28 18
0 28 23
0 28 25
0 28 26
0 28 28
0 28 29
0 29 1
0 29 2
0 29 9
0 29 11
0 29 12
0 29 18
0 29 19
0 29 21
0 29 23
0 29 24
0 29 26
0 29 27
0 29 28
1 0 0
1 0 2
1 0 3
1 0 6
1 0 11
1 0 12
1 0 13
1 0 17
1 0 20
1 0 23
1 0 28
1 0 29
1 1 0
1 1 2
1 1 3
1 1 4
1 1 7
1 1 10
1 1 12
1 1 14
1 1 18
1 1 19
1 1 20
1 1 21
1 1 22
1 1 23
1 2 0
1 2 2
1 2 5
1 2 6
1 2 7
1 2 10
1 2 15
1 2 18
1 2 22
1 2 23
1 2 27
1 2 29
1 3 0
1 3 2
1 3 8
1 3 10
1 3 17
1 3 18
1 3 20
1 3 21
1 3 23
1 3 26
1 3 27
1 4 1
1 4 2
1 4 3
1 4 4
1 4 9
1 4 11
1 4 12
1 4 16
1 4 19
1 4 21
1 4 23
1 4 24
1 4 25
1 4 26
1 4 29
1 5 2
1 5 9
1 5 10
1 5 11
1 5 12
1 5 13
1 5 19
1 5 21
1 5 25
1 5 28
1 5 29
1 6 1
1 6 2
1 6 5
1 6 7
1 6 9
1 6 10
1 6 11
1 6 24
1 6 25
1 6 28
1 6 29
1 7 0
1 7 3
1 7 5
1 7 11
1 7 15
1 7 16
1 7 18
1 7 21
1 7 22
1 8 1
1 8 6
1 8 13
1 8 14
1 8 22
1 8 23
1 8 28
1 9 1
1 9 3
1 9 6
1 9 7
1 9 9
1 9 14
1 9 17
1 9 22
1 9 23
1 9 27
1 9 29
1 10 0
1 10 1
1 10 5
1 10 7
1 10 9
1 10 13
1 10 17
1 10 18
1 10 22
1 10 23
1 10 25
1 10 27
1 10 28
1 11 0
1 11 5
1 11 10
1 11 13
1 11 14
1 11 28
1 11 29
1 12 1
1 12 2
1 12 9
1 12 10
1 12 11
1 12 12
1 12 13
1 12 15
1 12 17
1 12 19
1 12 20
1 12 24
1 12 25
1 12 29
1 13 0
1 13 2
1 13 3
1 13 5
1 13 9
1 13 12
1 13 19
1 13 20
1 13 22
1 13 25
1 13 26
1 13 27
1 14 1
1 14 2
1 14 3
1 14 4
1 14 6
1 14 11
1 14 15
1 14 19
1 14 20
1 14 24
1 14 25
1 14 26
1 14 27
1 15 4
1 15 5
1 15 7
1 15 10
1 15 17
1 15 19
1 15 22
1 15 28
1 16 0
1 16 1
1 16 3
1 16 9
1 16 10
1 16 11
1 16 12
1 16 16
1 16 17
1 16 21
1 16 24
1 16 27
1 16 29
1 17 1
1 17 2
1 17 3
1 17 4
1 17 10
1 17 11
1 17 12
1 17 13
1 17 16
1 17 19
1 17 24
1 17 25
1 17 27
1 18 0
1 18 1
1 18 2
1 18 9
1 18 10
1 18 11
1 18 12
1 18 21
1 18 23
1 18 29
1 19 0
1 19 1
1 19 2
1 19 3
1 19 4
1 19 9
1 19 11
1 19 19
1 19 23
1 19 24
1 19 25
1 19 26
1 19 28
1 20 0
1 20 1
1 20 5
1 20 6
1 20 8
1 20 10
1 20 13
1 20 14
1 20 16
1 20 17
1 20 21
1 20 27
1 20 29
1 21 0
1 21 2
1 21 4
1 21 10
1 21 11
1 21 12
1 21 13
1 21 16
1 21 17
1 21 19
1 21 20
1 21 21
1 21 24
1 21 25
1 22 3
1 22 11
1 22 15
1 22 19
1 22 20
1 22 21
1 22 24
1 23 5
1 23 7
1 23 11
1 23 13
1 23 15
1 23 18
1 23 23
1 23 27
1 23 29
1 24 5
1 24 7
1 24 9
1 24 10
1 24 14
1 24 16
1 24 17
1 24 21
1 24 27
1 24 28
1 25 4
1 25 5
1 25 6
1 25 7
1 25 9
1 25 10
1 25 11
1 25 14
1 25 15
1 25 16
1 25 17
1 25 19
1 25 22
1 25 27
1 25 29
1 26 5
1 26 10
1 26 12
1 26 14
1 26 18
1 26 20
1 26 21
1 26 23
1 26 26
1 26 28
1 27 1
1 27 5
1 27 9
1 27 12
1 27 20
1 27 24
1 28 0
1 28 1
1 28 3
1 28 5
1 28 8
1 28 10
1 28 22
1 28 25
1 28 26
1 29 0
1 29 5
1 29 6
1 29 7
1 29 10
1 29 14
1 29 15
1 29 17
1 29 18
1 29 22
1 29 26
1 29 28
1 29 29
2 0 1
2 0 3
2 0 4
2 0 10
2 0 13
2 0 15
2 0 16
2 0 24
2 1 2
2 1 3
2 1 4
2 1 5
2 1 6
2 1 8
2 1 10
2 1 11
2 1 17
2 1 18
2 1 19
2 1 21
2 1 23
2 1 25
2 1 27
2 1 28
2 2 9
2 2 10
2 2 11
2 2 12
2 2 16
2 2 18
2 2 19
2 2 23
2 2 25
2 2 26
2 2 28
2 2 29
2 3 4
2 3 6
2 3 10
2 3 11
2 3 12
2 3 17
2 3 19
2 3 21
2 3 23
2 3 26
2 3 27
2 3 28
2 4 1
2 4 13
2 4 16
2 4 19
2 4 23
2 4 25
2 4 29
2 5 4
2 5 11
2 5 12
2 5 13
2 5 14
2 5 18
2 5 22
2 5 25
2 5 26
2 6 2
2 6 4
2 6 9
2 6 12
2 6 17
2 6 18
2 6 20
2 7 0
2 7 3
2 7 9
2 7 10
2 7 11
2 7 13
2 7 14
2 7 19
2 7 22
2 7 24
2 7 26
2 7 28
2 8 3
2 8 4
2 8 14
2 8 16
2 8 18
2 8 26
2 9 5
2 9 7
2 9 8
2 9 12
2 9 17
2 9 25
2 9 28
2 10 1
2 10 4
2 10 6
2 10 7
2 10 10
2 10 12
2 10 17
2 10 20
2 10 22
2 10 23
2 10 27
2 10 29
2 11 1
2 11 2
2 11 5
2 11 6
2 11 7
2 11 8
2 11 10
2 11 11
2 11 12
2 11 19
2 11 23
2 11 27
2 11 28
2 12 4
2 12 6
2 12 10
2 12 12
2 12 17
2 12 19
2 12 21
2 12 23
2 13 2
2 13 3
2 13 11
2 13 14
2 13 16
2 13 18
2 13 20
2 13 22
2 13 24
2 13 25
2 13 26
2 14 0
2 14 1
2 14 2
2 14 3
2 14 13
2 14 14
2 14 16
2 14 17
2 14 20
2 14 21
2 14 22
2 14 24
2 14 28
2 15 0
2 15 2
2 15 3
2 15 4
2 15 8
2 15 9
2 15 12
2 15 13
2 15 18
2 15 26
2 16 1
2 16 3
2 16 4
2 16 8
2 16 9
2 16 12
2 16 13
2 16 14
2 16 18
2 16 20
2 16 22
2 16 24
2 17 0
2 17 2
2 17 3
2 17 4
2 17 13
2 17 15
2 17 20
2 17 23
2 17 26
2 17 27
2 17 28
2 17 29
2 18 1
2 18 3
2 18 14
2 18 15
2 18 18
2 18 24
2 18 27
2 19 5
2 19 6
2 19 11
2 19 12
2 19 15
2 19 16
2 19 17
2 19 19
2 19 21
2 19 22
2 19 25
2 19 29
2 20 1
2 20 7
2 20 8
2 20 10
2 20 11
2 20 15
2 20 16
2 20 17
2 20 18
2 20 19
2 20 21
2 20 24
2 20 26
2 20 29
2 21 0
2 21 1
2 21 5
2 21 6
2 21 7
2 21 8
2 21 10
2 21 15
2 21 16
2 21 21
2 21 25
2 21 29
2 22 1
2 22 2
2 22 3
2 22 4
2 22 7
2 22 8
2 22 9
2 22 10
2 22 11
2 22 14
2 22 15
2 22 16
2 22 18
2 22 22
2 22 24
2 22 26
2 23 1
2 23 2
2 23 4
2 23 5
2 23 9
2 23 11
2 23 17
2 23 18
2 23 22
2 23 26
2 24 6
2 24 7
2 24 11
2 24 12
2 24 17
2 24 19
2 24 21
2 24 25
2 24 26
2 24 27
2 24 28
2 24 29
2 25 0
2 25 1
2 25 5
2 25 8
2 25 12
2 25 14
2 25 16
2 25 19
2 25 20
2 25 21
2 25 23
2 25 28
2 25 29
2 26 0
2 26 5
2 26 6
2 26 7
2 26 10
2 26 11
2 26 12
2 26 14
2 26 15
2 26 16
2 26 19
2 26 24
2 26 25
2 26 29
2 27 0
2 27 1
2 27 2
2 27 4
2 27 5
2 27 7
2 27 13
2 27 19
2 27 20
2 27 22
2 27 23
2 27 24
2 27 26
2 27 28
2 27 29
2 28 0
2 28 1
2 28 3
2 28 4
2 28 5
2 28 22
2 28 24
2 28 27
2 28 29
2 29 0
2 29 2
2 29 10
2 29 13
2 29 14
2 29 19
2 29 20
2 29 24
2 29 26
3 0 1
3 0 3
3 0 5
3 0 6
3 0 7
3 0 14
3 0 18
3 0 19
3 0 20
3 0 26
3 0 27
3 0 28
3 0 29
3 1 0
3 1 3
3 1 4
3 1 6
3 1 7
3 1 8
3 1 15
3 1 16
3 1 17
3 1 21
3 1 24
3 1 27
3 2 6
3 2 13
3 2 15
3 2 16
3 2 23
3 2 24
3 2 26
3 2 27
3 2 28
3 2 29
3 3 0
3 3 1
3 3 4
3 3 5
3 3 6
3 3 7
3 3 11
3 3 13
3 3 19
3 3 20
3 3 28
3 3 29
3 4 3
3 4 11
3 4 15
3 4 17
3 4 19
3 4 21
3 4 23
3 5 2
3 5 5
3 5 7
3 5 8
3 5 9
3 5 14
3 5 16
3 5 18
3 5 22
3 5 24
3 5 25
3 5 28
3 6 0
3 6 2
3 6 3
3 6 7
3 6 8
3 6 9
3 6 10
3 6 11
3 6 13
3 6 15
3 6 17
3 6 18
3 6 25
3 7 2
3 7 3
3 7 5
3 7 9
3 7 14
3 7 18
3 7 22
3 7 23
3 7 24
3 7 25
3 7 28
3 8 0
3 8 2
3 8 3
3 8 5
3 8 8
3 8 9
3 8 11
3 8 12
3 8 14
3 8 16
3 8 17
3 8 18
3 8 20
3 8 22
3 8 28
3 9 0
3 9 1
3 9 2
3 9 4
3 9 6
3 9 8
3 9 13
3 9 15
3 9 17
3 9 19
3 9 21
3 9 22
3 9 24
3 9 29
3 10 2
3 10 4
3 10 5
3 10 9
3 10 11
3 10 14
3 10 16
3 10 19
3 10 22
3 10 23
3 10 24
3 10 25
3 10 26
3 10 29
3 11 3
3 11 5
3 11 6
3 11 7
3 11 8
3 11 15
3 11 16
3 11 18
3 11 21
3 11 22
3 11 24
3 11 25
3 11 26
3 11 29
3 12 0
3 12 1
3 12 2
3 12 3
3 12 5
3 12 8
3 12 10
3 12 11
3 12 13
3 12 14
3 12 19
3 12 22
3 12 23
3 12 24
3 12 25
3 12 27
3 13 0
3 13 3
3 13 13
3 13 15
3 13 18
3 13 19
3 13 21
3 13 26
3 13 28
3 14 0
3 14 3
3 14 6
3 14 8
3 14 11
3 14 12
3 14 13
3 14 15
3 14 16
3 14 17
3 14 18
3 14 21
3 14 23
3 14 25
3 15 0
3 15 2
3 15 3
3 15 5
3 15 7
3 15 8
3 15 9
3 15 12
3 15 16
3 15 19
3 15 22
3 15 24
3 15 28
3 16 2
3 16 5
3 16 6
3 16 9
3 16 14
3 16 16
3 16 20
3 16 22
3 16 24
3 16 29
3 17 2
3 17 12
3 17 15
3 17 17
3 17 22
3 17 23
3 17 27
3 18 0
3 18 1
3 18 2
3 18 4
3 18 9
3 18 10
3 18 11
3 18 14
3 18 15
3 18 16
3 18 21
3 18 22
3 18 27
3 18 28
3 18 29
3 19 2
3 19 4
3 19 5
3 19 8
3 19 9
3 19 10
3 19 13
3 19 16
3 19 19
3 19 20
3 19 21
3 19 24
3 19 25
3 20 0
3 20 3
3 20 7
3 20 13
3 20 14
3 20 15
3 20 17
3 20 19
3 20 20
3 20 22
3 20 26
3 21 2
3 21 7
3 21 8
3 21 9
3 21 14
3 21 16
3 21 17
3 21 18
3 21 19
3 21 22
3 21 23
3 21 24
3 21 25
3 21 28
3 22 3
3 22 4
3 22 6
3 22 7
3 22 9
3 22 14
3 22 19
3 22 20
3 22 23
3 22 26
3 22 27
3 23 2
3 23 10
3 23 23
3 23 24
3 23 25
3 23 27
3 23 28
3 24 0
3 24 1
3 24 3
3 24 5
3 24 6
3 24 7
3 24 11
3 24 14
3 24 17
3 24 20
3 24 22
3 25 7
3 25 8
3 25 10
3 25 12
3 25 16
3 25 18
3 25 19
3 25 21
3 25 22
3 25 23
3 25 25
3 25 27
3 25 28
3 26 1
3 26 3
3 26 4
3 26 6
3 26 11
3 26 15
3 26 17
3 26 19
3 26 20
3 26 21
3 26 26
3 26 28
3 27 3
3 27 8
3 27 13
3 27 14
3 27 15
3 27 20
3 27 22
3 27 23
3 27 25
3 27 26
3 27 28
3 28 0
3 28 2
3 28 5
3 28 7
3 28 8
3 28 9
3 28 16
3 28 21
3 28 22
3 28 23
3 28 25
3 28 26
3 29 2
3 29 6
3 29 7
3 29 8
3 29 9
3 29 10
3 29 12
3 29 13
3 29 16
3 29 18
3 29 22
3 29 24
4 0 2
4 0 6
4 0 10
4 0 14
4 0 18
4 0 20
4 0 21
4 0 23
4 0 27
4 0 28
4 1 0
4 1 5
4 1 11
4 1 14
4 1 15
4 1 17
4 1 23
4 1 27
4 1 28
4 2 0
4 2 2
4 2 4
4 2 5
4 2 9
4 2 10
4 2 11
4 2 14
4 2 16
4 2 21
4 2 23
4 2 25
4 2 26
4 3 1
4 3 4
4 3 12
4 3 15
4 3 27
4 3 28
4 3 29
4 4 9
4 4 10
4 4 16
4 4 18
4 4 20
4 4 22
4 4 23
4 4 24
4 4 27
4 4 28
4 4 29
4 5 0
4 5 1
4 5 4
4 5 5
4 5 6
4 5 8
4 5 10
4 5 11
4 5 23
4 5 24
4 5 25
4 5 29
4 6 2
4 6 4
4 6 5
4 6 12
4 6 14
4 6 15
4 6 16
4 6 17
4 6 20
4 6 23
4 6 26
4 6 27
4 6 28
4 7 0
4 7 3
4 7 4
4 7 8
4 7 15
4 7 16
4 7 18
4 7 21
4 7 22
4 7 23
4 7 24
4 7 27
4 7 29
4 8 3
4 8 5
4 8 6
4 8 8
4 8 10
4 8 12
4 8 14
4 8 16
4 8 18
4 8 20
4 8 21
4 8 24
4 8 26
4 8 29
4 9 0
4 9 3
4 9 5
4 9 8
4 9 9
4 9 11
4 9 14
4 9 18
4 9 19
4 9 21
4 9 22
4 9 27
4 10 0
4 10 3
4 10 4
4 10 5
4 10 7
4 10 8
4 10 14
4 10 15
4 10 22
4 10 24
4 10 26
4 11 1
4 11 10
4 11 11
4 11 13
4 11 16
4 11 21
4 11 24
4 11 27
4 11 28
4 11 29
4 12 2
4 12 3
4 12 6
4 12 8
4 12 14
4 12 15
4 12 17
4 12 22
4 12 23
4 12 26
4 12 29
4 13 2
4 13 6
4 13 11
4 13 16
4 13 20
4 13 21
4 13 26
4 13 27
4 14 2
4 14 6
4 14 7
4 14 12
4 14 15
4 14 18
4 14 20
4 14 22
4 14 24
4 14 25
4 14 27
4 14 28
4 15 5
4 15 7
4 15 10
4 15 12
4 15 13
4 15 15
4 15 17
4 15 18
4 15 24
4 16 0
4 16 3
4 16 7
4 16 11
4 16 18
4 16 19
4 16 21
4 16 25
4 16 28
4 17 1
4 17 5
4 17 6
4 17 9
4 17 10
4 17 12
4 17 15
4 17 20
4 17 23
4 17 26
4 17 27
4 17 28
4 18 0
4 18 8
4 18 9
4 18 10
4 18 13
4 18 15
4 18 18
4 18 19
4 18 21
4 18 23
4 18 24
4 18 25
4 18 29
4 19 0
4 19 1
4 19 2
4 19 5
4 19 7
4 19 10
4 19 13
4 19 17
4 19 20
4 19 24
4 19 27
4 19 28
4 19 29
4 20 0
4 20 2
4 20 5
4 20 6
4 20 10
4 20 11
4 20 12
4 20 15
4 20 16
4 20 21
4 20 22
4 20 26
4 20 27
4 20 28
4 21 1
4 21 2
4 21 5
4 21 9
4 21 12
4 21 16
4 21 20
4 21 24
4 21 27
4 22 3
4 22 4
4 22 5
4 22 12
4 22 14
4 22 16
4 22 18
4 22 20
4 22 29
4 23 0
4 23 6
4 23 8
4 23 9
4 23 10
4 23 11
4 23 14
4 23 18
4 23 23
4 23 25
4 23 29
4 24 0
4 24 2
4 24 3
4 24 6
4 24 8
4 24 9
4 24 11
4 24 15
4 24 16
4 24 21
4 24 24
4 24 25
4 24 29
4 25 0
4 25 3
4 25 8
4 25 14
4 25 15
4 25 17
4 25 18
4 25 21
4 25 22
4 25 23
4 25 26
4 25 27
4 26 0
4 26 1
4 26 3
4 26 4
4 26 6
4 26 10
4 26 15
4 26 16
4 26 17
4 26 20
4 26 22
4 26 24
4 27 1
4 27 5
4 27 6
4 27 8
4 27 10
4 27 11
4 27 12
4 27 15
4 27 20
4 27 24
4 27 27
4 27 28
4 28 0
4 28 19
4 28 20
4 28 21
4 28 29
4 29 2
4 29 3
4 29 5
4 29 6
4 29 7
4 29 13
4 29 14
4 29 15
4 29 17
4 29 18
4 29 19
4 29 20
4 29 24
4 29 27