1588
4
23 22 23 22
428

78 68 150 78 88 80 649 48 336 955 676 688 507 44 71 41 6 87 2 931 2 29 54
69 35 88 2 5 61 79 39 589 514 29 30 62 62 60 348 33 69 2 37 96 903
674 546 762 58 38 82 881 22 957 63 27 834 31 299 0 12 45 55 60 82 610 91 94
17 858 68 110 632 916 112 91 37 376 75 620 56 61 59 21 905 97 15 79 192 37

0 0 1
0 0 5
0 0 12
0 0 13
0 0 14
0 0 20
0 0 21
0 1 3
0 1 5
0 1 8
0 1 12
0 1 13
0 1 18
0 1 20
0 1 21
0 2 1
0 2 8
0 2 9
0 2 13
0 2 14
0 2 17
0 2 19
0 2 20
0 2 21
0 3 2
0 3 3
0 3 8
0 3 19
0 4 4
0 4 8
0 4 9
0 4 14
0 5 2
0 5 3
0 5 9
0 5 11
0 5 21
0 6 2
0 6 5
0 6 9
0 6 14
0 6 20
0 6 21
0 7 1
0 7 2
0 7 3
0 7 7
0 7 9
0 7 10
0 7 14
0 7 21
0 8 8
0 8 12
0 8 14
0 8 15
0 8 17
0 8 21
0 9 1
0 9 5
0 9 7
0 9 8
0 9 9
0 9 15
0 9 16
0 9 18
0 9 21
0 10 7
0 10 9
0 10 14
0 10 15
0 10 17
0 11 1
0 11 8
0 11 11
0 11 15
0 11 17
0 11 19
0 12 9
0 12 10
0 12 12
0 12 13
0 12 15
0 13 2
0 13 15
0 13 21
0 14 6
0 14 7
0 14 10
0 14 13
0 15 0
0 15 1
0 15 7
0 15 17
0 15 19
0 16 6
0 16 9
0 16 11
0 16 13
0 16 20
0 17 1
0 17 2
0 17 6
0 17 9
0 17 15
0 17 21
0 18 0
0 18 2
0 18 8
0 18 12
0 18 17
0 18 20
0 19 1
0 19 4
0 19 8
0 19 9
0 19 14
0 19 15
0 20 1
0 20 2
0 20 3
0 20 4
0 20 6
0 20 11
0 20 17
0 20 19
0 21 2
0 21 4
0 21 5
0 21 6
0 21 7
0 21 10
0 21 14
0 21 17
0 21 20
0 22 3
0 22 10
0 22 11
0 22 14
0 22 20
1 0 8
1 0 22
1 1 2
1 1 6
1 1 8
1 1 10
1 1 11
1 1 13
1 1 16
1 1 20
1 1 21
1 2 6
1 2 11
1 2 15
1 2 19
1 3 2
1 3 4
1 3 9
1 3 10
1 4 1
1 4 3
1 4 14
1 5 1
1 5 15
1 6 2
1 6 7
1 6 11
1 6 14
1 6 15
1 6 19
1 6 20
1 7 2
1 7 12
1 7 17
1 7 19
1 7 20
1 7 22
1 8 2
1 8 5
1 8 6
1 8 8
1 8 11
1 8 13
1 8 16
1 8 18
1 8 20
1 8 21
1 9 0
1 9 1
1 9 6
1 9 8
1 9 11
1 9 13
1 9 18
1 9 21
1 9 22
1 10 5
1 10 9
1 10 16
1 10 21
1 11 0
1 11 1
1 11 7
1 11 14
1 11 15
1 11 17
1 12 3
1 12 8
1 12 9
1 12 14
1 12 18
1 13 4
1 13 5
1 13 8
1 13 11
1 13 14
1 14 1
1 14 6
1 14 8
1 14 10
1 14 11
1 14 16
1 14 17
1 14 20
1 15 1
1 15 2
1 15 10
1 15 11
1 15 13
1 15 14
1 15 18
1 15 20
1 16 0
1 16 6
1 16 12
1 16 13
1 16 22
1 17 9
1 17 18
1 17 19
1 17 22
1 18 0
1 18 2
1 18 9
1 18 15
1 18 16
1 18 17
1 18 22
1 19 9
1 19 10
1 19 14
1 19 15
1 19 18
1 20 0
1 20 2
1 20 3
1 20 4
1 20 6
1 20 10
1 20 11
1 20 12
1 20 18
1 21 0
1 21 1
1 21 2
1 21 6
1 21 8
1 21 11
1 21 12
1 21 13
1 21 16
1 21 18
1 21 20
1 21 21
1 21 22
2 0 1
2 0 2
2 0 4
2 0 6
2 0 7
2 0 9
2 0 10
2 0 11
2 0 13
2 0 16
2 0 20
2 1 2
2 1 3
2 1 4
2 1 5
2 1 8
2 1 11
2 1 15
2 1 16
2 1 18
2 2 3
2 2 4
2 2 5
2 2 6
2 2 9
2 2 11
2 2 13
2 2 16
2 2 18
2 2 20
2 3 13
2 3 15
2 3 18
2 4 14
2 4 15
2 4 17
2 4 18
2 4 20
2 5 2
2 5 3
2 5 4
2 5 13
2 5 14
2 5 15
2 6 3
2 6 5
2 6 7
2 6 11
2 6 13
2 6 15
2 6 16
2 6 20
2 6 21
2 7 3
2 7 4
2 7 9
2 7 10
2 7 16
2 7 18
2 7 20
2 7 21
2 8 0
2 8 1
2 8 2
2 8 3
2 8 5
2 8 6
2 8 11
2 8 17
2 8 20
2 8 21
2 9 0
2 9 2
2 9 5
2 9 7
2 9 11
2 9 12
2 9 17
2 10 0
2 10 9
2 10 10
2 11 4
2 11 6
2 11 7
2 11 9
2 11 12
2 11 15
2 11 16
2 12 0
2 12 1
2 12 14
2 12 20
2 13 1
2 13 5
2 13 6
2 13 9
2 13 11
2 13 15
2 13 16
2 13 20
2 14 5
2 14 9
2 14 11
2 14 19
2 15 2
2 15 12
2 15 14
2 15 20
2 16 4
2 16 7
2 16 10
2 16 18
2 16 21
2 17 10
2 17 18
2 18 1
2 18 4
2 18 5
2 18 11
2 18 16
2 18 20
2 19 2
2 19 6
2 19 8
2 19 9
2 19 10
2 19 13
2 19 20
2 20 1
2 20 3
2 20 5
2 20 6
2 20 7
2 20 9
2 20 10
2 20 11
2 20 14
2 20 19
2 20 20
2 21 5
2 21 6
2 21 7
2 21 9
2 21 11
2 21 13
2 21 14
2 21 16
2 21 17
2 21 19
2 22 7
2 22 10
2 22 11
2 22 16
2 22 18