1048
3
60 60 60
1713

85 99 773 3 14 8 578 51 477 48 777 91 912 8 4 9 32 11 76 54 55 813 502 57 876 45 24 5 53 60 4 22 26 64 30 5 93 17 242 69 89 67 76 59 115 16 300 88 43 60 943 81 61 81 98 369 47 960 98 44
30 1 589 199 84 55 11 20 19 94 9 89 536 222 78 45 37 98 74 334 13 371 97 414 5 23 24 42 961 197 6 36 31 27 77 97 48 52 52 39 80 92 56 75 95 874 26 89 35 56 76 54 78 515 43 10 24 57 57 21
34 8 62 73 310 22 5 52 9 61 56 756 99 66 59 15 91 86 371 5 74 93 9 37 7 496 568 30 36 773 878 278 47 78 25 70 93 79 10 46 41 82 1 24 46 22 55 31 58 939 5 388 169 61 37 48 23 69 137 427

0 0 4
0 0 10
0 0 15
0 0 20
0 0 23
0 0 30
0 0 32
0 0 43
0 0 49
0 0 57
0 1 3
0 1 6
0 1 11
0 1 15
0 1 21
0 1 28
0 1 30
0 1 32
0 1 40
0 1 44
0 1 46
0 1 48
0 1 54
0 1 55
0 1 56
0 1 57
0 1 58
0 2 1
0 2 2
0 2 3
0 2 5
0 2 13
0 2 14
0 2 16
0 2 21
0 2 23
0 2 25
0 2 28
0 2 34
0 2 43
0 2 44
0 2 45
0 2 48
0 2 49
0 2 59
0 3 4
0 3 5
0 3 6
0 3 17
0 3 31
0 3 36
0 3 37
0 4 2
0 4 11
0 4 12
0 4 14
0 4 19
0 4 23
0 4 34
0 4 39
0 4 40
0 4 42
0 4 44
0 4 48
0 4 56
0 4 58
0 5 9
0 5 16
0 5 37
0 5 43
0 5 55
0 5 56
0 6 3
0 6 6
0 6 9
0 6 10
0 6 16
0 6 21
0 6 23
0 6 27
0 6 29
0 6 34
0 6 36
0 6 39
0 6 40
0 6 46
0 6 52
0 6 55
0 6 56
0 7 1
0 7 18
0 7 22
0 7 23
0 7 25
0 7 33
0 7 34
0 7 36
0 7 37
0 7 47
0 7 53
0 7 54
0 7 56
0 8 6
0 8 10
0 8 12
0 8 13
0 8 22
0 8 24
0 8 26
0 8 35
0 8 36
0 8 39
0 8 45
0 8 48
0 8 49
0 8 52
0 9 5
0 9 14
0 9 16
0 9 18
0 9 26
0 9 29
0 9 30
0 9 32
0 9 34
0 9 38
0 9 39
0 9 41
0 9 42
0 9 44
0 9 50
0 9 52
0 9 57
0 10 2
0 10 5
0 10 10
0 10 12
0 10 13
0 10 18
0 10 21
0 10 22
0 10 24
0 10 26
0 10 28
0 10 29
0 10 40
0 10 44
0 10 50
0 10 54
0 10 58
0 11 4
0 11 6
0 11 16
0 11 18
0 11 31
0 11 35
0 11 44
0 11 45
0 11 46
0 11 53
0 11 58
0 12 0
0 12 3
0 12 6
0 12 9
0 12 11
0 12 15
0 12 18
0 12 19
0 12 24
0 12 28
0 12 42
0 12 48
0 12 52
0 12 55
0 12 56
0 13 6
0 13 14
0 13 16
0 13 18
0 13 24
0 13 31
0 13 36
0 13 39
0 13 40
0 13 53
0 13 54
0 13 55
0 13 57
0 14 4
0 14 8
0 14 29
0 14 32
0 14 38
0 14 40
0 14 44
0 14 46
0 14 55
0 15 1
0 15 9
0 15 10
0 15 12
0 15 20
0 15 33
0 15 34
0 15 35
0 15 36
0 15 54
0 15 58
0 16 2
0 16 3
0 16 7
0 16 9
0 16 12
0 16 14
0 16 16
0 16 23
0 16 27
0 16 29
0 16 42
0 16 45
0 16 46
0 16 52
0 16 54
0 16 55
0 17 2
0 17 5
0 17 6
0 17 20
0 17 28
0 17 30
0 17 31
0 17 34
0 17 36
0 17 48
0 18 2
0 18 3
0 18 7
0 18 8
0 18 15
0 18 17
0 18 23
0 18 24
0 18 25
0 18 45
0 18 46
0 18 48
0 18 50
0 18 55
0 18 59
0 19 0
0 19 4
0 19 9
0 19 13
0 19 14
0 19 29
0 19 31
0 19 34
0 19 41
0 19 42
0 19 43
0 19 47
0 19 55
0 20 0
0 20 2
0 20 3
0 20 4
0 20 12
0 20 19
0 20 23
0 20 28
0 20 30
0 20 33
0 20 36
0 20 42
0 20 47
0 20 49
0 21 2
0 21 3
0 21 4
0 21 13
0 21 22
0 21 23
0 21 24
0 21 29
0 21 31
0 21 33
0 21 34
0 21 37
0 21 43
0 21 47
0 21 49
0 21 56
0 21 59
0 22 0
0 22 3
0 22 6
0 22 17
0 22 22
0 22 23
0 22 24
0 22 27
0 22 28
0 22 41
0 22 43
0 22 51
0 22 56
0 22 59
0 23 8
0 23 9
0 23 18
0 23 23
0 23 28
0 23 34
0 23 35
0 23 37
0 23 41
0 23 45
0 23 46
0 23 48
0 23 53
0 23 57
0 23 58
0 24 3
0 24 13
0 24 23
0 24 30
0 24 44
0 24 50
0 24 58
0 25 10
0 25 16
0 25 17
0 25 18
0 25 21
0 25 24
0 25 37
0 25 41
0 25 43
0 25 44
0 25 57
0 26 1
0 26 4
0 26 6
0 26 8
0 26 15
0 26 20
0 26 24
0 26 25
0 26 29
0 26 34
0 26 35
0 26 36
0 26 37
0 26 44
0 26 45
0 26 48
0 26 51
0 26 52
0 26 55
0 27 0
0 27 8
0 27 14
0 27 18
0 27 21
0 27 29
0 27 34
0 27 35
0 27 36
0 27 39
0 27 42
0 27 45
0 27 52
0 27 53
0 27 54
0 28 0
0 28 3
0 28 8
0 28 12
0 28 14
0 28 19
0 28 20
0 28 21
0 28 22
0 28 29
0 28 33
0 28 40
0 28 42
0 28 45
0 28 49
0 28 53
0 29 0
0 29 3
0 29 4
0 29 5
0 29 13
0 29 14
0 29 19
0 29 23
0 29 25
0 29 27
0 29 32
0 29 33
0 29 34
0 29 36
0 29 38
0 29 40
0 29 42
0 29 43
0 29 44
0 29 52
0 29 53
0 29 55
0 30 3
0 30 4
0 30 5
0 30 8
0 30 10
0 30 11
0 30 25
0 30 28
0 30 31
0 30 35
0 30 36
0 30 41
0 30 44
0 30 46
0 30 50
0 30 56
0 30 58
0 30 59
0 31 2
0 31 5
0 31 12
0 31 18
0 31 26
0 31 37
0 31 41
0 31 42
0 31 45
0 31 49
0 31 58
0 32 0
0 32 6
0 32 9
0 32 18
0 32 24
0 32 25
0 32 26
0 32 30
0 32 31
0 32 35
0 32 38
0 32 46
0 32 50
0 32 52
0 32 53
0 32 57
0 32 59
0 33 5
0 33 8
0 33 9
0 33 10
0 33 12
0 33 15
0 33 16
0 33 17
0 33 20
0 33 21
0 33 22
0 33 23
0 33 25
0 33 34
0 33 41
0 33 44
0 33 46
0 33 49
0 33 52
0 33 57
0 33 58
0 34 1
0 34 7
0 34 8
0 34 9
0 34 14
0 34 16
0 34 18
0 34 20
0 34 33
0 34 37
0 34 39
0 34 42
0 34 48
0 34 58
0 34 59
0 35 9
0 35 15
0 35 19
0 35 24
0 35 37
0 35 39
0 35 40
0 35 41
0 35 45
0 35 55
0 35 57
0 36 2
0 36 8
0 36 11
0 36 14
0 36 16
0 36 25
0 36 29
0 36 30
0 36 32
0 36 35
0 36 36
0 36 40
0 36 43
0 36 45
0 36 50
0 36 52
0 36 55
0 36 56
0 36 57
0 36 58
0 36 59
0 37 2
0 37 7
0 37 8
0 37 11
0 37 13
0 37 22
0 37 26
0 37 27
0 37 28
0 37 29
0 37 31
0 37 34
0 37 35
0 37 36
0 37 40
0 37 50
0 37 56
0 37 58
0 38 3
0 38 4
0 38 5
0 38 7
0 38 13
0 38 16
0 38 17
0 38 18
0 38 19
0 38 21
0 38 23
0 38 29
0 38 35
0 38 40
0 38 43
0 38 54
0 39 8
0 39 15
0 39 22
0 39 23
0 39 28
0 39 31
0 39 38
0 39 41
0 39 43
0 39 45
0 39 46
0 39 47
0 40 1
0 40 4
0 40 10
0 40 14
0 40 17
0 40 23
0 40 24
0 40 29
0 40 30
0 40 34
0 40 35
0 40 37
0 40 41
0 40 44
0 40 47
0 40 48
0 40 49
0 40 57
0 40 59
0 41 0
0 41 3
0 41 8
0 41 13
0 41 16
0 41 17
0 41 21
0 41 26
0 41 30
0 41 33
0 41 34
0 41 36
0 41 42
0 41 44
0 41 45
0 41 52
0 42 3
0 42 10
0 42 11
0 42 12
0 42 15
0 42 18
0 42 20
0 42 23
0 42 25
0 42 33
0 42 37
0 42 40
0 42 42
0 42 43
0 42 44
0 42 46
0 42 47
0 42 48
0 42 52
0 42 55
0 42 58
0 42 59
0 43 1
0 43 11
0 43 12
0 43 13
0 43 20
0 43 25
0 43 29
0 43 30
0 43 36
0 43 38
0 43 43
0 43 44
0 43 49
0 43 58
0 44 3
0 44 6
0 44 13
0 44 20
0 44 23
0 44 24
0 44 36
0 44 38
0 44 40
0 44 45
0 44 52
0 44 53
0 44 54
0 44 55
0 44 58
0 45 0
0 45 4
0 45 8
0 45 10
0 45 12
0 45 13
0 45 24
0 45 29
0 45 36
0 45 37
0 45 43
0 45 46
0 45 47
0 45 49
0 46 1
0 46 2
0 46 3
0 46 6
0 46 7
0 46 10
0 46 14
0 46 15
0 46 16
0 46 17
0 46 19
0 46 21
0 46 24
0 46 31
0 46 33
0 46 37
0 46 46
0 46 55
0 47 0
0 47 1
0 47 3
0 47 8
0 47 13
0 47 15
0 47 20
0 47 21
0 47 22
0 47 25
0 47 27
0 47 29
0 47 42
0 47 43
0 47 46
0 47 49
0 48 1
0 48 2
0 48 3
0 48 6
0 48 9
0 48 22
0 48 27
0 48 30
0 48 37
0 48 39
0 48 40
0 48 43
0 48 50
0 48 55
0 49 1
0 49 8
0 49 9
0 49 11
0 49 15
0 49 18
0 49 19
0 49 23
0 49 31
0 49 34
0 49 39
0 49 52
0 49 53
0 49 55
0 49 56
0 50 2
0 50 6
0 50 7
0 50 8
0 50 12
0 50 15
0 50 18
0 50 19
0 50 20
0 50 24
0 50 30
0 50 32
0 50 52
0 50 55
0 50 56
0 51 1
0 51 2
0 51 3
0 51 4
0 51 5
0 51 8
0 51 19
0 51 26
0 51 32
0 51 40
0 51 45
0 51 49
0 51 50
0 51 51
0 51 52
0 51 55
0 52 3
0 52 9
0 52 19
0 52 29
0 52 32
0 52 37
0 52 39
0 52 50
0 52 57
0 53 1
0 53 9
0 53 10
0 53 14
0 53 15
0 53 18
0 53 19
0 53 30
0 53 31
0 53 33
0 53 43
0 53 52
0 53 57
0 53 58
0 53 59
0 54 4
0 54 9
0 54 10
0 54 13
0 54 15
0 54 17
0 54 21
0 54 22
0 54 27
0 54 29
0 54 32
0 54 36
0 54 41
0 54 44
0 54 48
0 54 52
0 54 58
0 55 1
0 55 8
0 55 11
0 55 12
0 55 13
0 55 16
0 55 18
0 55 19
0 55 21
0 55 23
0 55 24
0 55 28
0 55 29
0 55 34
0 55 35
0 55 40
0 55 47
0 56 9
0 56 12
0 56 15
0 56 19
0 56 20
0 56 22
0 56 24
0 56 30
0 56 31
0 56 39
0 56 47
0 56 52
0 56 53
0 56 55
0 56 57
0 57 3
0 57 4
0 57 7
0 57 9
0 57 12
0 57 15
0 57 19
0 57 30
0 57 31
0 57 41
0 57 42
0 57 50
0 57 52
0 57 54
0 57 55
0 57 59
0 58 2
0 58 3
0 58 16
0 58 18
0 58 28
0 58 46
0 58 47
0 58 54
0 58 56
0 59 7
0 59 11
0 59 16
0 59 21
0 59 23
0 59 25
0 59 29
0 59 37
0 59 41
0 59 55
1 0 5
1 0 11
1 0 12
1 0 17
1 0 19
1 0 23
1 0 25
1 0 29
1 0 30
1 0 32
1 0 35
1 0 41
1 0 59
1 1 2
1 1 11
1 1 12
1 1 18
1 1 19
1 1 20
1 1 26
1 1 30
1 1 36
1 1 42
1 1 43
1 1 48
1 1 54
1 2 0
1 2 5
1 2 12
1 2 20
1 2 23
1 2 25
1 2 26
1 2 29
1 2 35
1 2 49
1 2 52
1 2 53
1 3 2
1 3 4
1 3 7
1 3 15
1 3 17
1 3 25
1 3 27
1 3 28
1 3 30
1 3 31
1 3 34
1 3 35
1 3 42
1 3 43
1 3 45
1 3 48
1 3 51
1 3 52
1 4 1
1 4 3
1 4 5
1 4 9
1 4 12
1 4 16
1 4 17
1 4 23
1 4 24
1 4 37
1 4 40
1 4 48
1 4 49
1 4 50
1 4 57
1 4 58
1 5 0
1 5 3
1 5 4
1 5 12
1 5 22
1 5 36
1 5 40
1 5 43
1 5 44
1 5 48
1 5 49
1 5 51
1 6 2
1 6 6
1 6 8
1 6 20
1 6 23
1 6 28
1 6 32
1 6 40
1 6 41
1 6 49
1 6 51
1 6 55
1 6 58
1 6 59
1 7 5
1 7 13
1 7 14
1 7 18
1 7 19
1 7 23
1 7 35
1 7 44
1 7 45
1 7 48
1 7 49
1 7 50
1 7 57
1 7 58
1 8 9
1 8 13
1 8 29
1 8 31
1 8 43
1 8 56
1 8 59
1 9 0
1 9 2
1 9 5
1 9 7
1 9 16
1 9 19
1 9 21
1 9 31
1 9 35
1 9 37
1 9 38
1 9 41
1 9 44
1 9 45
1 9 48
1 9 50
1 9 54
1 9 56
1 9 58
1 10 6
1 10 7
1 10 9
1 10 14
1 10 19
1 10 20
1 10 32
1 10 34
1 10 42
1 10 43
1 10 48
1 10 50
1 10 52
1 10 54
1 10 55
1 11 6
1 11 12
1 11 28
1 11 29
1 11 33
1 11 34
1 11 37
1 11 40
1 11 43
1 11 48
1 11 50
1 11 51
1 11 58
1 12 1
1 12 4
1 12 17
1 12 25
1 12 36
1 12 40
1 12 44
1 12 52
1 12 54
1 12 55
1 12 59
1 13 0
1 13 4
1 13 5
1 13 8
1 13 17
1 13 20
1 13 27
1 13 30
1 13 42
1 14 2
1 14 4
1 14 8
1 14 9
1 14 16
1 14 19
1 14 24
1 14 27
1 14 29
1 14 45
1 14 48
1 14 49
1 14 50
1 14 51
1 14 54
1 14 57
1 15 11
1 15 17
1 15 18
1 15 20
1 15 21
1 15 24
1 15 26
1 15 52
1 15 56
1 16 10
1 16 12
1 16 13
1 16 26
1 16 29
1 16 38
1 16 39
1 16 45
1 16 51
1 16 52
1 16 53
1 16 56
1 17 0
1 17 1
1 17 10
1 17 12
1 17 17
1 17 21
1 17 25
1 17 31
1 17 33
1 17 39
1 17 41
1 17 49
1 17 53
1 17 54
1 18 0
1 18 3
1 18 11
1 18 12
1 18 13
1 18 14
1 18 15
1 18 17
1 18 18
1 18 22
1 18 30
1 18 32
1 18 33
1 18 37
1 18 38
1 18 42
1 18 49
1 18 50
1 18 57
1 19 0
1 19 4
1 19 6
1 19 9
1 19 16
1 19 18
1 19 22
1 19 30
1 19 34
1 19 37
1 19 45
1 19 48
1 19 50
1 19 57
1 19 59
1 20 1
1 20 2
1 20 6
1 20 15
1 20 16
1 20 20
1 20 23
1 20 27
1 20 29
1 20 30
1 20 31
1 20 35
1 20 37
1 20 48
1 20 52
1 20 53
1 20 55
1 20 56
1 21 4
1 21 11
1 21 15
1 21 18
1 21 24
1 21 26
1 21 27
1 21 31
1 21 37
1 21 47
1 21 49
1 21 52
1 22 4
1 22 8
1 22 10
1 22 16
1 22 24
1 22 28
1 22 29
1 22 33
1 22 36
1 22 38
1 22 41
1 22 43
1 22 46
1 22 55
1 22 56
1 22 59
1 23 8
1 23 9
1 23 10
1 23 14
1 23 17
1 23 21
1 23 23
1 23 29
1 23 30
1 23 31
1 23 42
1 23 47
1 23 49
1 23 51
1 23 53
1 23 58
1 24 0
1 24 2
1 24 3
1 24 4
1 24 15
1 24 17
1 24 18
1 24 21
1 24 27
1 24 28
1 24 29
1 24 34
1 24 35
1 24 36
1 24 50
1 24 51
1 24 52
1 24 54
1 24 57
1 24 59
1 25 0
1 25 3
1 25 4
1 25 9
1 25 14
1 25 15
1 25 16
1 25 28
1 25 34
1 25 43
1 25 44
1 25 50
1 25 52
1 25 55
1 26 3
1 26 6
1 26 8
1 26 9
1 26 15
1 26 23
1 26 28
1 26 38
1 26 40
1 26 41
1 26 56
1 27 4
1 27 6
1 27 12
1 27 14
1 27 15
1 27 17
1 27 23
1 27 30
1 27 38
1 27 39
1 27 40
1 27 42
1 27 44
1 27 48
1 27 49
1 27 57
1 27 58
1 28 0
1 28 5
1 28 14
1 28 16
1 28 18
1 28 25
1 28 26
1 28 27
1 28 36
1 28 37
1 28 39
1 28 41
1 28 58
1 29 4
1 29 15
1 29 18
1 29 19
1 29 23
1 29 26
1 29 29
1 29 30
1 29 31
1 29 32
1 29 33
1 29 35
1 29 42
1 29 43
1 29 44
1 29 48
1 29 49
1 29 59
1 30 7
1 30 11
1 30 17
1 30 25
1 30 31
1 30 34
1 30 37
1 30 39
1 30 41
1 30 52
1 30 56
1 31 0
1 31 2
1 31 8
1 31 13
1 31 15
1 31 16
1 31 19
1 31 27
1 31 32
1 31 40
1 31 41
1 31 51
1 31 52
1 31 56
1 31 57
1 32 3
1 32 5
1 32 6
1 32 9
1 32 13
1 32 15
1 32 29
1 32 38
1 32 40
1 32 42
1 32 50
1 33 8
1 33 22
1 33 23
1 33 24
1 33 36
1 33 40
1 33 49
1 33 56
1 34 3
1 34 4
1 34 12
1 34 15
1 34 16
1 34 17
1 34 19
1 34 20
1 34 24
1 34 25
1 34 32
1 34 35
1 34 40
1 34 45
1 34 50
1 34 59
1 35 5
1 35 8
1 35 10
1 35 11
1 35 12
1 35 16
1 35 17
1 35 24
1 35 30
1 35 32
1 35 34
1 35 35
1 35 46
1 35 51
1 35 53
1 35 56
1 36 1
1 36 3
1 36 6
1 36 15
1 36 16
1 36 18
1 36 21
1 36 34
1 36 38
1 36 41
1 36 46
1 36 49
1 36 52
1 36 54
1 36 57
1 36 59
1 37 8
1 37 16
1 37 17
1 37 18
1 37 19
1 37 20
1 37 22
1 37 23
1 37 29
1 37 32
1 37 36
1 37 45
1 38 0
1 38 2
1 38 3
1 38 4
1 38 15
1 38 19
1 38 20
1 38 21
1 38 33
1 38 36
1 38 37
1 38 38
1 38 42
1 38 51
1 38 53
1 38 55
1 38 57
1 38 59
1 39 0
1 39 17
1 39 24
1 39 33
1 39 34
1 39 38
1 39 39
1 39 42
1 39 53
1 39 57
1 40 2
1 40 7
1 40 13
1 40 15
1 40 18
1 40 24
1 40 27
1 40 29
1 40 33
1 40 41
1 40 44
1 40 46
1 40 49
1 40 50
1 40 59
1 41 0
1 41 5
1 41 16
1 41 19
1 41 23
1 41 31
1 41 32
1 41 43
1 41 47
1 41 50
1 41 52
1 41 57
1 42 1
1 42 9
1 42 16
1 42 18
1 42 19
1 42 32
1 42 37
1 42 40
1 42 42
1 42 51
1 42 56
1 42 57
1 43 9
1 43 11
1 43 19
1 43 20
1 43 26
1 43 37
1 43 38
1 43 39
1 43 40
1 43 45
1 43 46
1 43 52
1 43 55
1 43 59
1 44 1
1 44 4
1 44 5
1 44 10
1 44 13
1 44 15
1 44 24
1 44 32
1 44 34
1 44 37
1 44 39
1 44 40
1 44 41
1 44 43
1 44 46
1 44 50
1 45 1
1 45 2
1 45 8
1 45 9
1 45 11
1 45 18
1 45 20
1 45 24
1 45 25
1 45 29
1 45 34
1 45 36
1 45 46
1 45 58
1 46 3
1 46 4
1 46 6
1 46 8
1 46 9
1 46 18
1 46 22
1 46 29
1 46 33
1 46 39
1 46 40
1 46 47
1 46 55
1 46 58
1 47 1
1 47 4
1 47 6
1 47 8
1 47 14
1 47 20
1 47 22
1 47 23
1 47 31
1 47 36
1 47 40
1 47 43
1 47 47
1 47 51
1 47 55
1 47 56
1 48 1
1 48 2
1 48 4
1 48 14
1 48 17
1 48 19
1 48 23
1 48 26
1 48 35
1 48 40
1 48 42
1 48 47
1 48 50
1 48 52
1 49 3
1 49 5
1 49 8
1 49 10
1 49 18
1 49 19
1 49 20
1 49 26
1 49 29
1 49 37
1 49 46
1 49 47
1 49 55
1 49 57
1 50 0
1 50 5
1 50 14
1 50 15
1 50 21
1 50 32
1 50 51
1 50 58
1 51 3
1 51 7
1 51 16
1 51 17
1 51 28
1 51 33
1 51 34
1 51 38
1 51 41
1 51 46
1 51 51
1 51 53
1 51 55
1 51 56
1 51 58
1 52 3
1 52 8
1 52 13
1 52 19
1 52 21
1 52 32
1 52 38
1 52 43
1 52 47
1 52 59
1 53 3
1 53 4
1 53 10
1 53 11
1 53 12
1 53 15
1 53 16
1 53 18
1 53 19
1 53 24
1 53 25
1 53 29
1 53 31
1 53 32
1 53 34
1 53 35
1 53 43
1 53 51
1 53 53
1 53 55
1 53 58
1 54 1
1 54 10
1 54 16
1 54 17
1 54 22
1 54 23
1 54 24
1 54 28
1 54 29
1 54 37
1 54 39
1 54 49
1 54 51
1 54 52
1 54 54
1 55 0
1 55 2
1 55 3
1 55 9
1 55 13
1 55 14
1 55 15
1 55 28
1 55 33
1 55 34
1 55 39
1 55 47
1 55 53
1 55 56
1 56 2
1 56 4
1 56 8
1 56 9
1 56 36
1 56 38
1 56 41
1 56 56
1 57 1
1 57 14
1 57 17
1 57 20
1 57 24
1 57 27
1 57 32
1 57 34
1 57 36
1 57 37
1 57 38
1 57 40
1 57 44
1 57 45
1 57 46
1 57 50
1 57 52
1 57 54
1 57 58
1 57 59
1 58 0
1 58 1
1 58 5
1 58 11
1 58 16
1 58 21
1 58 24
1 58 35
1 58 37
1 58 43
1 58 48
1 58 49
1 58 54
1 58 55
1 58 56
1 58 58
1 59 3
1 59 9
1 59 17
1 59 18
1 59 21
1 59 24
1 59 36
1 59 37
1 59 43
1 59 44
1 59 53