5645
7
17 17 18 17 17 17 17
480

519 84 520 65 282 440 226 171 50 450 46 93 890 519 13 73 18
463 633 129 5 63 810 990 33 26 53 476 40 492 158 80 4 842
723 39 960 15 95 812 86 107 2 7 73 73 86 60 89 81 862 26
84 846 62 91 86 902 92 28 96 54 24 79 19 76 123 897 305
948 21 42 86 69 511 5 124 87 59 79 61 75 43 17 436 96
96 17 31 21 99 84 86 507 45 44 93 40 172 72 67 391 74
71 13 32 28 457 459 36 2 86 139 67 37 5 492 36 64 64

0 0 0
0 0 2
0 0 3
0 0 4
0 0 5
0 0 6
0 0 8
0 0 16
0 1 0
0 1 1
0 1 3
0 1 5
0 1 6
0 1 7
0 1 10
0 1 12
0 1 16
0 2 0
0 2 1
0 2 4
0 2 6
0 2 9
0 2 10
0 2 13
0 2 14
0 2 15
0 3 4
0 3 8
0 3 12
0 4 0
0 4 1
0 4 5
0 4 6
0 4 10
0 4 13
0 4 14
0 4 15
0 4 16
0 5 0
0 5 1
0 5 2
0 5 5
0 5 6
0 5 7
0 5 8
0 5 14
0 6 0
0 6 1
0 6 5
0 6 12
0 6 14
0 6 16
0 7 0
0 7 2
0 7 3
0 7 4
0 7 5
0 7 10
0 7 12
0 7 16
0 8 7
0 8 9
0 8 15
0 9 0
0 9 2
0 9 3
0 9 5
0 9 6
0 9 7
0 9 11
0 9 13
0 9 16
0 10 0
0 10 1
0 10 2
0 10 3
0 10 6
0 10 8
0 10 10
0 10 12
0 10 13
0 10 16
0 11 9
0 11 11
0 12 2
0 12 3
0 12 6
0 12 7
0 12 9
0 12 10
0 12 11
0 12 13
0 12 16
0 13 0
0 13 1
0 13 2
0 13 4
0 13 5
0 13 7
0 13 10
0 13 12
0 13 14
0 14 5
0 14 8
0 14 16
0 15 0
0 15 2
0 15 7
0 15 8
0 15 9
0 16 6
0 16 9
0 16 15
1 0 2
1 0 5
1 0 9
1 0 16
1 1 0
1 1 1
1 1 2
1 1 7
1 1 14
1 1 16
1 2 2
1 2 5
1 2 7
1 2 14
1 2 16
1 3 2
1 3 5
1 3 7
1 3 9
1 3 10
1 3 16
1 4 0
1 4 7
1 4 9
1 4 11
1 5 10
1 5 17
1 6 2
1 6 4
1 6 5
1 6 10
1 6 12
1 6 14
1 6 16
1 7 1
1 7 6
1 7 14
1 8 4
1 8 8
1 8 13
1 9 0
1 9 10
1 9 11
1 9 12
1 9 13
1 9 16
1 10 0
1 10 2
1 10 4
1 10 9
1 10 14
1 10 16
1 10 17
1 11 4
1 11 11
1 11 13
1 11 15
1 12 0
1 12 2
1 12 6
1 12 7
1 12 10
1 12 16
1 13 0
1 13 2
1 13 7
1 13 11
1 13 16
1 13 17
1 14 5
1 14 7
1 14 10
1 14 16
1 15 10
1 15 12
1 15 16
1 16 0
1 16 11
2 0 0
2 0 3
2 0 4
2 0 5
2 0 6
2 0 15
2 0 16
2 1 6
2 1 10
2 1 13
2 2 3
2 2 12
2 2 14
2 3 5
2 4 0
2 4 1
2 4 9
2 4 12
2 5 1
2 5 2
2 5 5
2 5 7
2 5 8
2 5 12
2 5 13
2 5 15
2 5 16
2 6 2
2 6 6
2 6 9
2 6 11
2 6 16
2 7 1
2 7 5
2 7 14
2 7 15
2 7 16
2 8 0
2 9 3
2 9 4
2 9 6
2 9 16
2 10 4
2 10 11
2 11 0
2 11 6
2 11 13
2 11 15
2 12 0
2 12 3
2 12 5
2 12 6
2 12 8
2 12 10
2 12 16
2 13 1
2 13 7
2 13 10
2 13 12
2 13 13
2 14 11
2 15 0
2 15 3
2 15 5
2 15 7
2 15 12
2 15 14
2 15 15
2 16 0
2 16 1
2 16 3
2 16 4
2 16 5
2 16 6
2 16 13
2 16 15
2 17 8
3 0 8
3 0 11
3 1 5
3 1 7
3 1 9
3 1 12
3 1 13
3 1 14
3 2 0
3 2 1
3 2 7
3 3 2
3 3 8
3 3 9
3 3 13
3 4 4
3 4 8
3 5 0
3 5 5
3 5 7
3 5 11
3 5 14
3 5 15
3 6 1
3 6 5
3 6 6
3 6 7
3 6 15
3 7 5
3 7 10
3 7 12
3 8 1
3 8 6
3 8 8
3 8 15
3 9 2
3 9 8
3 9 9
3 10 12
3 11 0
3 11 3
3 11 5
3 11 6
3 11 13
3 11 16
3 12 3
3 12 6
3 12 9
3 12 16
3 13 1
3 13 2
3 13 6
3 13 7
3 13 9
3 13 10
3 14 0
3 14 7
3 14 8
3 14 9
3 14 11
3 14 12
3 14 13
3 14 14
3 14 16
3 15 9
3 15 10
3 15 14
3 16 1
3 16 2
3 16 4
3 16 6
3 16 9
3 16 11
3 16 14
4 0 2
4 0 4
4 0 6
4 0 7
4 0 9
4 0 12
4 1 2
4 1 6
4 1 7
4 1 8
4 1 9
4 1 11
4 2 2
4 2 4
4 2 5
4 2 8
4 2 12
4 3 4
4 3 6
4 3 7
4 3 16
4 4 12
4 5 5
4 5 13
4 5 15
4 6 3
4 6 10
4 6 11
4 6 14
4 7 10
4 7 13
4 7 15
4 7 16
4 8 8
4 9 4
4 9 6
4 9 7
4 9 13
4 9 15
4 10 3
4 10 8
4 10 10
4 10 15
4 10 16
4 11 11
4 11 12
4 11 14
4 11 16
4 12 0
4 12 1
4 12 2
4 12 5
4 12 9
4 12 12
4 12 13
4 13 13
4 13 15
4 14 5
4 14 14
4 14 15
4 15 10
4 15 11
4 15 12
4 15 15
4 16 7
4 16 8
4 16 11
4 16 15
5 0 8
5 0 9
5 0 11
5 0 12
5 0 15
5 1 2
5 1 13
5 1 16
5 2 0
5 2 6
5 2 7
5 2 13
5 3 0
5 3 4
5 3 11
5 3 14
5 4 1
5 4 2
5 4 3
5 5 0
5 5 12
5 5 14
5 5 15
5 5 16
5 6 6
5 6 10
5 6 14
5 6 16
5 7 5
5 7 7
5 7 9
5 8 7
5 8 9
5 8 10
5 8 12
5 8 15
5 9 5
5 9 10
5 9 11
5 9 12
5 9 14
5 10 6
5 10 11
5 10 13
5 11 1
5 11 10
5 12 4
5 12 5
5 12 9
5 12 12
5 12 13
5 12 14
5 12 15
5 13 1
5 13 3
5 13 7
5 13 8
5 13 13
5 13 15
5 14 7
5 14 9
5 14 10
5 15 4
5 15 5
5 15 6
5 15 10
5 15 14
5 16 6
5 16 8
5 16 10