4827
6
30 30 30 30 30 30
1097

51 60 36 61 105 861 35 73 85 12 93 9 20 94 497 42 959 89 63 38 15 68 191 35 29 2 54 78 42 61
10 30 2 34 190 9 122 289 43 37 672 95 946 34 5 83 17 84 955 238 88 49 49 60 43 44 786 70 81 86
14 60 36 98 53 100 26 72 29 120 21 55 24 17 95 37 13 92 89 11 30 955 98 92 49 96 93 59 49 40
623 44 298 43 55 562 465 88 58 94 88 307 45 371 1 33 70 99 31 8 53 73 875 41 24 653 46 98 70 49
66 10 77 9 55 50 552 40 60 91 44 80 36 29 7 44 16 79 33 66 67 70 12 211 39 64 597 33 75 41
38 607 885 46 45 70 42 0 840 97 84 332 82 85 12 73 53 99 59 98 690 30 29 38 10 45 376 628 21 808

0 0 3
0 0 4
0 0 7
0 0 8
0 0 11
0 0 20
0 0 23
0 0 26
0 0 27
0 0 28
0 1 0
0 1 3
0 1 12
0 1 13
0 1 16
0 1 21
0 1 22
0 1 23
0 1 29
0 2 0
0 2 1
0 2 2
0 2 7
0 2 8
0 2 13
0 2 15
0 2 18
0 2 25
0 2 26
0 3 8
0 3 10
0 3 18
0 3 20
0 3 21
0 3 26
0 3 27
0 4 6
0 4 7
0 4 12
0 4 16
0 4 17
0 4 22
0 4 27
0 5 6
0 5 7
0 5 8
0 5 12
0 5 19
0 6 5
0 6 17
0 6 19
0 6 29
0 7 12
0 7 15
0 7 18
0 7 23
0 7 27
0 8 3
0 8 4
0 8 7
0 8 14
0 8 16
0 8 23
0 9 0
0 9 7
0 9 8
0 9 11
0 9 13
0 9 14
0 9 16
0 9 19
0 9 21
0 9 23
0 9 25
0 9 29
0 10 2
0 10 10
0 10 11
0 10 12
0 10 18
0 10 19
0 11 0
0 11 2
0 11 4
0 11 14
0 11 19
0 11 22
0 11 24
0 11 28
0 12 0
0 12 6
0 12 12
0 12 13
0 12 14
0 12 19
0 12 20
0 12 21
0 12 22
0 12 28
0 13 9
0 13 11
0 13 13
0 13 14
0 13 17
0 13 18
0 14 2
0 14 4
0 14 5
0 14 7
0 14 15
0 14 16
0 14 23
0 15 1
0 15 6
0 15 8
0 15 9
0 15 10
0 15 16
0 16 1
0 16 2
0 16 4
0 16 6
0 16 9
0 16 10
0 16 14
0 16 15
0 16 24
0 17 0
0 17 10
0 17 11
0 17 14
0 17 21
0 17 27
0 17 29
0 18 3
0 18 5
0 18 10
0 18 13
0 18 14
0 18 22
0 19 0
0 19 2
0 19 5
0 19 17
0 19 21
0 19 22
0 19 24
0 19 25
0 19 27
0 20 2
0 20 5
0 20 10
0 20 13
0 20 15
0 20 21
0 20 22
0 20 27
0 20 28
0 21 0
0 21 1
0 21 6
0 21 18
0 21 20
0 21 23
0 21 25
0 22 3
0 22 6
0 22 8
0 22 9
0 22 10
0 22 16
0 22 17
0 22 18
0 22 22
0 22 23
0 22 26
0 23 2
0 23 4
0 23 13
0 23 17
0 23 18
0 23 19
0 23 23
0 23 26
0 24 1
0 24 6
0 24 12
0 24 13
0 24 25
0 24 26
0 24 28
0 25 0
0 25 3
0 25 8
0 25 13
0 25 15
0 25 17
0 25 23
0 25 27
0 26 8
0 26 11
0 26 14
0 26 17
0 26 21
0 26 24
0 26 26
0 26 27
0 27 4
0 27 15
0 27 18
0 27 19
0 27 21
0 27 23
0 27 24
0 27 25
0 27 27
0 28 2
0 28 3
0 28 5
0 28 8
0 28 10
0 28 23
0 28 25
0 29 5
0 29 10
0 29 11
0 29 13
0 29 15
0 29 22
0 29 25
1 0 7
1 0 8
1 0 16
1 0 20
1 0 21
1 0 22
1 0 28
1 0 29
1 1 3
1 1 7
1 1 16
1 1 18
1 2 3
1 2 9
1 2 16
1 2 18
1 2 20
1 2 23
1 2 24
1 2 25
1 3 0
1 3 7
1 3 8
1 3 9
1 3 17
1 3 22
1 3 24
1 4 4
1 4 5
1 4 6
1 4 21
1 5 5
1 5 7
1 5 10
1 5 13
1 5 14
1 5 18
1 5 21
1 5 25
1 5 28
1 5 29
1 6 0
1 6 5
1 6 12
1 6 14
1 6 15
1 6 16
1 6 23
1 6 26
1 6 29
1 7 2
1 7 7
1 7 8
1 7 9
1 7 10
1 7 14
1 7 17
1 7 21
1 7 22
1 7 23
1 7 27
1 8 2
1 8 3
1 8 6
1 8 8
1 8 14
1 8 17
1 8 27
1 8 28
1 9 7
1 9 9
1 9 12
1 9 27
1 10 3
1 10 9
1 10 15
1 10 20
1 10 21
1 10 26
1 11 8
1 11 22
1 12 8
1 12 14
1 12 15
1 12 18
1 12 21
1 12 27
1 13 2
1 13 5
1 13 6
1 13 7
1 13 13
1 13 21
1 13 25
1 13 28
1 14 1
1 14 3
1 14 9
1 14 17
1 14 21
1 15 0
1 15 14
1 15 18
1 15 27
1 16 0
1 16 1
1 16 9
1 16 22
1 16 23
1 16 25
1 16 29
1 17 3
1 17 8
1 17 9
1 17 14
1 17 22
1 17 27
1 18 2
1 18 4
1 18 10
1 18 13
1 18 16
1 18 18
1 18 21
1 18 27
1 18 28
1 19 2
1 19 3
1 19 7
1 19 12
1 19 18
1 19 21
1 20 5
1 20 7
1 20 8
1 20 9
1 20 11
1 20 13
1 20 16
1 20 20
1 20 23
1 20 24
1 20 25
1 20 29
1 21 0
1 21 3
1 21 7
1 21 8
1 21 16
1 21 21
1 21 22
1 21 25
1 21 27
1 21 28
1 22 3
1 22 8
1 22 9
1 22 12
1 22 14
1 22 17
1 22 18
1 22 27
1 23 0
1 23 6
1 23 9
1 23 11
1 23 12
1 23 14
1 23 16
1 23 26
1 24 1
1 24 7
1 24 9
1 24 12
1 24 13
1 24 15
1 24 17
1 24 22
1 24 23
1 24 26
1 25 7
1 25 13
1 25 17
1 25 22
1 25 24
1 25 26
1 26 3
1 26 5
1 26 9
1 26 10
1 26 16
1 26 18
1 26 20
1 26 21
1 26 24
1 27 7
1 27 10
1 27 17
1 27 18
1 27 19
1 27 21
1 27 25
1 27 28
1 27 29
1 28 2
1 28 5
1 28 10
1 28 12
1 28 17
1 28 21
1 28 25
1 28 27
1 28 29
1 29 5
1 29 7
1 29 21
1 29 25
1 29 28
2 0 12
2 0 13
2 0 15
2 0 22
2 0 25
2 0 27
2 1 3
2 1 6
2 1 7
2 1 10
2 1 12
2 2 4
2 2 28
2 3 4
2 3 5
2 3 6
2 3 11
2 3 20
2 3 23
2 3 24
2 4 16
2 4 18
2 4 20
2 4 23
2 5 0
2 5 2
2 5 3
2 5 7
2 5 8
2 5 16
2 5 20
2 5 23
2 5 24
2 5 28
2 6 1
2 6 4
2 6 7
2 6 8
2 6 14
2 6 19
2 6 24
2 6 25
2 6 26
2 6 27
2 7 3
2 7 7
2 7 17
2 7 23
2 7 26
2 7 29
2 8 3
2 8 8
2 8 9
2 8 13
2 8 22
2 8 23
2 8 27
2 9 0
2 9 2
2 9 3
2 9 13
2 9 14
2 9 18
2 9 21
2 9 22
2 9 24
2 9 26
2 9 27
2 9 29
2 10 1
2 10 5
2 10 6
2 10 7
2 10 9
2 10 14
2 10 15
2 10 17
2 10 21
2 10 22
2 10 27
2 11 7
2 11 8
2 11 11
2 11 16
2 11 24
2 11 25
2 12 0
2 12 1
2 12 2
2 12 8
2 12 10
2 12 19
2 12 21
2 12 22
2 12 23
2 13 1
2 13 7
2 13 9
2 13 11
2 13 15
2 13 18
2 13 25
2 13 29
2 14 8
2 14 11
2 14 12
2 14 14
2 14 15
2 14 17
2 14 20
2 14 21
2 14 25
2 14 26
2 15 0
2 15 6
2 15 10
2 15 11
2 15 16
2 15 17
2 15 25
2 15 28
2 15 29
2 16 8
2 16 9
2 16 13
2 16 16
2 16 18
2 16 22
2 17 12
2 17 16
2 17 17
2 18 0
2 18 4
2 18 9
2 18 10
2 18 12
2 18 13
2 18 19
2 18 20
2 18 22
2 19 3
2 19 5
2 19 11
2 19 22
2 19 23
2 19 24
2 20 0
2 20 12
2 20 28
2 21 0
2 21 1
2 21 2
2 21 6
2 21 10
2 21 11
2 21 13
2 21 16
2 21 17
2 21 18
2 21 21
2 21 22
2 21 24
2 22 6
2 22 11
2 22 20
2 22 21
2 22 29
2 23 5
2 23 8
2 23 9
2 23 10
2 23 19
2 23 21
2 23 26
2 24 2
2 24 5
2 24 8
2 24 13
2 24 21
2 25 0
2 25 5
2 25 8
2 25 16
2 25 17
2 25 18
2 25 19
2 25 24
2 25 26
2 26 1
2 26 6
2 26 16
2 26 17
2 26 21
2 26 23
2 26 28
2 27 5
2 27 12
2 27 13
2 27 14
2 27 16
2 27 20
2 27 25
2 27 28
2 28 7
2 28 13
2 28 17
2 28 19
2 28 24
2 29 5
2 29 6
2 29 7
2 29 9
3 0 11
3 0 14
3 0 24
3 0 25
3 1 5
3 1 12
3 1 16
3 1 17
3 1 23
3 1 27
3 2 6
3 2 7
3 2 15
3 2 16
3 2 19
3 2 23
3 2 25
3 3 5
3 3 7
3 3 9
3 3 11
3 3 13
3 3 24
3 3 25
3 4 2
3 4 4
3 4 6
3 4 12
3 4 13
3 4 16
3 4 17
3 4 20
3 4 27
3 5 0
3 5 6
3 5 13
3 5 26
3 6 6
3 6 11
3 6 13
3 6 14
3 6 24
3 7 2
3 7 14
3 7 15
3 7 17
3 7 29
3 8 4
3 8 5
3 8 6
3 8 7
3 8 12
3 8 16
3 8 18
3 8 26
3 8 29
3 9 4
3 9 5
3 9 6
3 9 11
3 9 12
3 9 17
3 9 22
3 9 25
3 9 26
3 9 27
3 10 0
3 10 3
3 10 9
3 10 18
3 10 27
3 11 1
3 11 6
3 11 7
3 11 12
3 11 20
3 11 23
3 11 27
3 12 2
3 12 3
3 12 5
3 12 12
3 12 20
3 12 25
3 13 3
3 13 4
3 13 5
3 13 6
3 13 7
3 13 9
3 13 10
3 13 16
3 13 18
3 13 23
3 13 28
3 14 1
3 14 10
3 14 14
3 14 25
3 15 1
3 15 3
3 15 5
3 15 7
3 15 13
3 15 15
3 15 19
3 15 20
3 15 21
3 15 28
3 16 1
3 16 3
3 16 9
3 16 12
3 16 21
3 16 22
3 17 2
3 17 3
3 17 4
3 17 5
3 17 12
3 17 17
3 17 24
3 17 25
3 18 3
3 18 5
3 18 8
3 18 13
3 18 20
3 18 21
3 19 3
3 19 10
3 19 18
3 19 20
3 19 22
3 19 23
3 19 29
3 20 6
3 20 7
3 20 15
3 20 17
3 20 18
3 20 19
3 20 21
3 20 24
3 20 29
3 21 14
3 21 17
3 21 20
3 21 29
3 22 2
3 22 5
3 22 8
3 22 10
3 22 11
3 22 15
3 22 24
3 22 26
3 22 29
3 23 0
3 23 1
3 23 5
3 23 12
3 23 15
3 23 20
3 23 25
3 23 28
3 23 29
3 24 0
3 24 7
3 24 13
3 24 14
3 24 19
3 24 23
3 24 24
3 24 27
3 24 29
3 25 1
3 25 6
3 25 7
3 25 9
3 25 10
3 25 14
3 25 20
3 25 26
3 25 27
3 26 8
3 26 9
3 26 10
3 26 15
3 26 21
3 26 22
3 26 24
3 26 29
3 27 2
3 27 5
3 27 7
3 27 13
3 27 15
3 27 24
3 27 28
3 27 29
3 28 1
3 28 3
3 28 11
3 28 17
3 28 18
3 28 24
3 28 29
3 29 8
3 29 13
3 29 14
3 29 19
3 29 26
4 0 1
4 0 11
4 0 12
4 0 14
4 0 17
4 0 22
4 0 23
4 0 24
4 1 5
4 1 7
4 1 16
4 1 20
4 1 22
4 1 29
4 2 2
4 2 5
4 2 15
4 2 16
4 2 20
4 2 21
4 3 0
4 3 2
4 3 4
4 3 6
4 3 10
4 3 11
4 3 17
4 3 18
4 3 22
4 4 6
4 4 8
4 4 10
4 4 15
4 4 20
4 4 21
4 4 22
4 4 27
4 4 28
4 5 4
4 5 10
4 5 13
4 5 15
4 5 16
4 5 21
4 5 24
4 5 28
4 5 29
4 6 1
4 6 8
4 6 20
4 6 21
4 6 23
4 6 24
4 6 26
4 6 29
4 7 1
4 7 2
4 7 5
4 7 6
4 7 8
4 7 10
4 7 11
4 7 13
4 7 17
4 7 18
4 7 23
4 7 24
4 7 26
4 7 27
4 7 29
4 8 1
4 8 4
4 8 7
4 8 11
4 8 14
4 8 15
4 8 25
4 8 27
4 9 5
4 9 6
4 9 11
4 9 19
4 9 24
4 10 7
4 10 10
4 10 13
4 10 20
4 10 22
4 10 26
4 11 3
4 11 9
4 11 10
4 11 11
4 11 14
4 11 23
4 12 4
4 12 7
4 13 5
4 13 7
4 13 10
4 13 11
4 13 25
4 13 29
4 14 0
4 14 2
4 14 6
4 14 9
4 14 11
4 14 12
4 14 16
4 14 21
4 14 22
4 14 24
4 14 25
4 15 0
4 15 3
4 15 10
4 15 11
4 15 12
4 15 14
4 15 16
4 15 17
4 15 21
4 15 26
4 16 4
4 16 13
4 16 14
4 16 23
4 17 0
4 17 3
4 17 8
4 17 14
4 17 19
4 17 21
4 18 0
4 18 4
4 18 7
4 18 10
4 18 15
4 18 22
4 19 3
4 19 12
4 19 13
4 19 15
4 19 26
4 20 0
4 20 7
4 20 8
4 20 16
4 20 18
4 20 22
4 20 23
4 21 4
4 21 7
4 21 10
4 21 13
4 21 15
4 21 17
4 21 21
4 21 26
4 22 22
4 22 23
4 23 1
4 23 2
4 23 6
4 23 8
4 23 9
4 23 11
4 23 17
4 23 18
4 23 20
4 23 25
4 23 26
4 24 0
4 24 1
4 24 5
4 24 7
4 24 9
4 24 10
4 24 17
4 24 19
4 24 21
4 24 22
4 25 5
4 25 6
4 25 8
4 25 9
4 25 12
4 25 16
4 25 18
4 25 21
4 25 22
4 25 25
4 25 29
4 26 8
4 26 11
4 26 12
4 26 15
4 26 16
4 26 17
4 26 26
4 26 27
4 26 29
4 27 6
4 27 7
4 27 17
4 27 28
4 28 1
4 28 3
4 28 5
4 28 7
4 28 17
4 28 19
4 28 21
4 28 23
4 28 24
4 29 1
4 29 2
4 29 5
4 29 7
4 29 8
4 29 16
4 29 17
4 29 27