6376
7
26 28 25 25 26 25 25
1455

44 34 633 45 9 36 77 782 853 195 12 678 815 8 630 15 33 96 29 58 11 94 59 30 88 0
19 8 75 13 0 58 920 53 45 57 716 69 22 67 348 161 528 77 91 408 87 8 383 331 34 900 27 36
6 697 60 57 2 29 48 377 97 835 425 99 377 45 45 286 53 61 381 494 802 734 28 665 87
651 66 594 580 614 85 24 45 55 75 46 80 89 58 614 676 830 421 575 4 357 646 715 35 73
867 388 16 366 86 906 66 91 654 77 66 589 95 49 941 639 298 47 289 288 85 254 42 712 58 411
94 234 97 51 17 514 645 66 86 430 303 488 118 835 823 6 514 922 466 834 357 40 890 87 43
58 30 96 321 527 6 8 840 892 341 823 68 99 853 31 70 44 218 672 103 490 70 100 172 376

0 0 0
0 0 3
0 0 5
0 0 9
0 0 10
0 0 12
0 0 15
0 0 17
0 0 18
0 0 20
0 0 24
0 1 0
0 1 3
0 1 12
0 1 14
0 1 18
0 1 21
0 1 23
0 1 24
0 1 27
0 2 0
0 2 3
0 2 6
0 2 10
0 2 11
0 2 13
0 2 14
0 2 15
0 2 16
0 2 20
0 2 23
0 2 25
0 3 0
0 3 3
0 3 4
0 3 9
0 3 10
0 3 11
0 3 12
0 3 19
0 3 20
0 3 22
0 3 24
0 4 0
0 4 2
0 4 3
0 4 4
0 4 5
0 4 7
0 4 8
0 4 9
0 4 12
0 4 13
0 4 16
0 4 19
0 4 20
0 4 24
0 5 2
0 5 4
0 5 13
0 5 20
0 5 21
0 5 25
0 6 7
0 6 13
0 6 17
0 6 20
0 6 25
0 6 27
0 7 4
0 7 6
0 7 10
0 7 11
0 7 13
0 7 14
0 7 15
0 7 16
0 7 22
0 7 23
0 7 25
0 8 1
0 8 5
0 8 6
0 8 11
0 8 13
0 8 15
0 8 18
0 8 23
0 9 7
0 9 9
0 9 10
0 9 12
0 9 19
0 9 20
0 9 22
0 9 23
0 9 25
0 10 3
0 10 4
0 10 5
0 10 8
0 10 9
0 10 13
0 10 15
0 10 17
0 10 21
0 11 1
0 11 6
0 11 11
0 11 12
0 11 14
0 11 17
0 11 22
0 11 23
0 11 25
0 11 27
0 12 1
0 12 5
0 12 6
0 12 10
0 12 11
0 12 12
0 12 14
0 12 19
0 12 22
0 12 25
0 12 27
0 13 3
0 13 4
0 13 8
0 13 9
0 13 12
0 13 15
0 13 17
0 13 18
0 13 21
0 13 24
0 13 27
0 14 1
0 14 9
0 14 11
0 14 15
0 14 16
0 14 19
0 14 21
0 14 22
0 14 25
0 14 26
0 14 27
0 15 0
0 15 3
0 15 8
0 15 9
0 15 17
0 15 25
0 15 26
0 16 3
0 16 4
0 16 5
0 16 8
0 16 10
0 16 15
0 16 20
0 16 21
0 16 24
0 16 25
0 16 26
0 16 27
0 17 0
0 17 3
0 17 5
0 17 6
0 17 7
0 17 9
0 17 12
0 17 14
0 17 17
0 17 21
0 17 22
0 18 1
0 18 4
0 18 6
0 18 10
0 18 11
0 18 13
0 18 14
0 18 15
0 18 19
0 18 23
0 19 2
0 19 3
0 19 8
0 19 11
0 19 12
0 19 17
0 19 21
0 19 27
0 20 3
0 20 4
0 20 5
0 20 7
0 20 12
0 20 24
0 20 26
0 21 1
0 21 3
0 21 6
0 21 7
0 21 8
0 21 9
0 21 10
0 21 12
0 21 23
0 21 24
0 21 26
0 22 0
0 22 2
0 22 5
0 22 6
0 22 16
0 22 18
0 22 20
0 22 25
0 22 26
0 22 27
0 23 1
0 23 5
0 23 10
0 23 11
0 23 12
0 23 16
0 23 17
0 23 19
0 23 20
0 23 22
0 23 25
0 23 27
0 24 0
0 24 4
0 24 5
0 24 9
0 24 10
0 24 18
0 24 19
0 24 24
0 24 27
0 25 0
0 25 2
0 25 5
0 25 12
0 25 13
0 25 15
0 25 16
0 25 20
0 25 21
0 25 24
0 25 25
0 25 26
0 25 27
1 0 0
1 0 1
1 0 2
1 0 3
1 0 7
1 0 10
1 0 17
1 0 22
1 1 1
1 1 5
1 1 8
1 1 9
1 1 10
1 1 11
1 1 15
1 1 19
1 1 20
1 1 21
1 1 23
1 2 3
1 2 6
1 2 9
1 2 13
1 2 15
1 2 18
1 2 19
1 2 20
1 2 22
1 2 24
1 3 2
1 3 4
1 3 13
1 3 15
1 3 17
1 4 3
1 4 9
1 4 10
1 4 12
1 4 13
1 4 15
1 4 16
1 4 17
1 4 23
1 5 2
1 5 3
1 5 6
1 5 8
1 5 12
1 5 14
1 5 16
1 5 21
1 6 4
1 6 6
1 6 10
1 6 13
1 6 15
1 6 21
1 6 24
1 7 7
1 7 17
1 7 19
1 7 22
1 8 1
1 8 2
1 8 4
1 8 8
1 8 14
1 8 17
1 8 20
1 8 21
1 9 1
1 9 2
1 9 3
1 9 4
1 9 5
1 9 6
1 9 7
1 9 8
1 9 12
1 9 13
1 9 14
1 9 15
1 9 16
1 9 20
1 9 23
1 9 24
1 10 0
1 10 1
1 10 4
1 10 5
1 10 8
1 10 9
1 10 12
1 10 15
1 10 21
1 10 24
1 11 5
1 11 9
1 11 11
1 11 15
1 11 16
1 11 20
1 11 21
1 11 23
1 11 24
1 12 0
1 12 1
1 12 3
1 12 6
1 12 13
1 12 14
1 12 17
1 12 22
1 13 2
1 13 4
1 13 6
1 13 12
1 13 18
1 13 22
1 13 24
1 14 1
1 14 5
1 14 8
1 14 9
1 14 11
1 14 12
1 14 20
1 14 23
1 15 1
1 15 5
1 15 10
1 15 11
1 15 12
1 15 13
1 15 18
1 15 20
1 15 21
1 15 23
1 15 24
1 16 1
1 16 2
1 16 4
1 16 5
1 16 8
1 16 9
1 16 10
1 16 11
1 16 12
1 16 15
1 16 16
1 16 18
1 16 19
1 16 20
1 16 21
1 16 23
1 17 3
1 17 5
1 17 6
1 17 12
1 17 13
1 17 18
1 17 19
1 17 20
1 17 24
1 18 0
1 18 1
1 18 2
1 18 3
1 18 13
1 18 14
1 18 17
1 18 21
1 18 23
1 19 1
1 19 9
1 19 11
1 19 12
1 19 15
1 19 20
1 19 21
1 20 0
1 20 2
1 20 3
1 20 4
1 20 6
1 20 13
1 20 14
1 20 16
1 20 17
1 20 18
1 20 20
1 21 4
1 21 5
1 21 8
1 21 9
1 21 14
1 21 16
1 21 20
1 21 21
1 21 24
1 22 4
1 22 7
1 22 8
1 22 11
1 22 12
1 22 18
1 22 20
1 22 21
1 23 4
1 23 5
1 23 8
1 23 9
1 23 11
1 23 13
1 23 14
1 23 17
1 23 21
1 23 22
1 24 0
1 24 1
1 24 2
1 24 8
1 24 13
1 24 14
1 25 0
1 25 1
1 25 10
1 25 11
1 25 19
1 25 21
1 25 23
1 26 2
1 26 5
1 26 9
1 26 10
1 26 11
1 26 15
1 26 18
1 26 19
1 26 20
1 26 21
1 26 23
1 27 2
1 27 3
1 27 6
1 27 17
1 27 22
1 27 23
2 0 3
2 0 6
2 0 8
2 0 10
2 0 12
2 0 20
2 1 2
2 1 5
2 1 9
2 1 16
2 1 18
2 1 21
2 1 23
2 2 0
2 2 7
2 2 8
2 2 9
2 2 11
2 2 12
2 2 14
2 2 17
2 2 18
2 2 23
2 2 24
2 3 0
2 3 4
2 3 5
2 3 6
2 3 7
2 3 8
2 3 9
2 3 10
2 3 13
2 3 23
2 4 1
2 4 7
2 4 17
2 4 21
2 5 3
2 5 4
2 5 14
2 5 15
2 5 16
2 5 17
2 5 18
2 5 21
2 5 24
2 6 6
2 6 8
2 6 13
2 6 16
2 6 17
2 6 18
2 6 22
2 6 23
2 7 2
2 7 3
2 7 6
2 7 7
2 7 14
2 7 15
2 7 16
2 7 20
2 7 22
2 7 24
2 8 5
2 8 6
2 8 7
2 8 8
2 8 9
2 8 10
2 8 11
2 8 13
2 8 16
2 8 17
2 8 19
2 8 23
2 8 24
2 9 0
2 9 1
2 9 2
2 9 4
2 9 10
2 9 14
2 9 15
2 9 16
2 9 17
2 9 18
2 9 20
2 9 23
2 10 0
2 10 1
2 10 3
2 10 5
2 10 8
2 10 12
2 10 13
2 10 14
2 10 17
2 10 21
2 10 24
2 11 0
2 11 11
2 11 12
2 11 14
2 11 17
2 11 18
2 11 20
2 12 4
2 12 5
2 12 14
2 12 15
2 12 16
2 13 1
2 13 5
2 13 7
2 13 9
2 13 11
2 13 20
2 13 21
2 13 24
2 14 5
2 14 6
2 14 9
2 14 13
2 14 23
2 14 24
2 15 0
2 15 14
2 15 16
2 15 21
2 15 22
2 16 5
2 16 7
2 16 11
2 16 13
2 16 16
2 16 17
2 16 20
2 16 23
2 17 1
2 17 11
2 17 13
2 17 17
2 17 19
2 17 23
2 17 24
2 18 0
2 18 3
2 18 4
2 18 8
2 18 13
2 18 14
2 18 15
2 18 18
2 18 20
2 18 22
2 18 23
2 18 24
2 19 0
2 19 2
2 19 3
2 19 4
2 19 5
2 19 13
2 19 14
2 19 16
2 19 18
2 19 20
2 19 21
2 19 22
2 19 24
2 20 0
2 20 4
2 20 6
2 20 11
2 20 12
2 20 14
2 20 15
2 20 18
2 20 20
2 20 22
2 21 0
2 21 2
2 21 4
2 21 9
2 21 14
2 21 17
2 21 18
2 21 20
2 21 22
2 22 1
2 22 2
2 22 8
2 22 10
2 22 13
2 22 17
2 22 18
2 22 19
2 22 20
2 22 23
2 22 24
2 23 0
2 23 2
2 23 3
2 23 6
2 23 7
2 23 9
2 23 14
2 23 16
2 23 18
2 23 19
2 23 21
2 23 22
2 24 0
2 24 6
2 24 7
2 24 11
2 24 14
2 24 20
2 24 21
2 24 23
2 24 24
3 0 0
3 0 5
3 0 7
3 0 8
3 0 9
3 0 11
3 0 13
3 0 14
3 0 15
3 0 16
3 0 21
3 0 22
3 0 23
3 1 2
3 1 3
3 1 7
3 1 18
3 1 19
3 1 24
3 1 25
3 2 0
3 2 2
3 2 11
3 2 12
3 2 14
3 2 15
3 2 16
3 2 17
3 2 18
3 2 19
3 2 22
3 2 24
3 3 2
3 3 3
3 3 4
3 3 5
3 3 8
3 3 11
3 3 15
3 3 16
3 3 17
3 3 18
3 3 19
3 3 20
3 3 21
3 3 22
3 3 25
3 4 3
3 4 5
3 4 10
3 4 11
3 4 16
3 4 18
3 4 20
3 4 21
3 4 25
3 5 0
3 5 6
3 5 7
3 5 11
3 5 15
3 5 21
3 5 22
3 6 4
3 6 6
3 6 7
3 6 9
3 6 12
3 6 15
3 6 17
3 6 24
3 7 5
3 7 6
3 7 9
3 7 10
3 7 13
3 7 17
3 8 7
3 8 9
3 8 10
3 8 13
3 8 17
3 8 20
3 9 2
3 9 4
3 9 11
3 9 12
3 9 14
3 9 22
3 10 0
3 10 11
3 10 12
3 10 15
3 10 17
3 10 18
3 10 24
3 11 9
3 11 10
3 11 12
3 11 13
3 11 16
3 11 17
3 12 4
3 12 7
3 12 9
3 12 11
3 12 12
3 12 15
3 12 16
3 12 17
3 12 24
3 13 1
3 13 2
3 13 4
3 13 7
3 13 10
3 13 11
3 13 12
3 13 16
3 13 17
3 13 18
3 13 22
3 13 24
3 14 2
3 14 8
3 14 10
3 14 11
3 14 20
3 14 21
3 14 23
3 15 0
3 15 1
3 15 4
3 15 10
3 15 11
3 15 15
3 15 16
3 15 17
3 15 18
3 15 19
3 15 20
3 16 1
3 16 2
3 16 3
3 16 5
3 16 11
3 16 13
3 16 14
3 16 15
3 16 16
3 16 18
3 16 19
3 16 21
3 16 22
3 16 23
3 16 25
3 17 1
3 17 8
3 17 9
3 17 11
3 17 18
3 17 19
3 17 21
3 17 22
3 18 2
3 18 6
3 18 7
3 18 8
3 18 9
3 18 12
3 18 14
3 18 18
3 18 19
3 18 20
3 18 21
3 18 22
3 18 25
3 19 2
3 19 4
3 19 5
3 19 9
3 19 10
3 19 17
3 19 22
3 19 23
3 20 0
3 20 3
3 20 5
3 20 11
3 20 14
3 20 15
3 20 20
3 20 25
3 21 1
3 21 4
3 21 5
3 21 8
3 21 11
3 21 18
3 21 19
3 21 20
3 21 22
3 21 25
3 22 2
3 22 5
3 22 6
3 22 8
3 22 11
3 22 14
3 22 16
3 22 18
3 22 23
3 23 1
3 23 2
3 23 4
3 23 9
3 23 12
3 23 16
3 23 17
3 23 19
3 23 20
3 24 6
3 24 8
3 24 12
3 24 13
3 24 14
3 24 15
3 24 17
3 24 18
3 24 19
3 24 22
4 0 1
4 0 4
4 0 6
4 0 7
4 0 10
4 0 11
4 0 14
4 0 17
4 0 19
4 0 21
4 1 2
4 1 5
4 1 6
4 1 9
4 1 10
4 1 12
4 1 16
4 1 17
4 1 18
4 1 19
4 2 2
4 2 3
4 2 4
4 2 5
4 2 6
4 2 8
4 2 9
4 2 11
4 2 12
4 2 13
4 2 15
4 2 16
4 2 17
4 2 18
4 2 19
4 2 20
4 2 22
4 3 1
4 3 2
4 3 4
4 3 5
4 3 6
4 3 9
4 3 10
4 3 11
4 3 13
4 3 17
4 3 18
4 3 19
4 3 20
4 3 22
4 4 0
4 4 1
4 4 7
4 4 8
4 4 9
4 4 14
4 4 21
4 4 23
4 5 1
4 5 2
4 5 4
4 5 8
4 5 13
4 5 14
4 5 15
4 5 16
4 5 17
4 5 21
4 5 22
4 6 1
4 6 5
4 6 6
4 6 9
4 6 10
4 6 18
4 6 21
4 7 2
4 7 3
4 7 20
4 7 24
4 8 0
4 8 1
4 8 4
4 8 5
4 8 6
4 8 12
4 8 13
4 8 15
4 8 19
4 8 22
4 8 23
4 9 3
4 9 7
4 9 11
4 9 15
4 9 21
4 9 24
4 10 0
4 10 2
4 10 3
4 10 7
4 10 15
4 10 23
4 10 24
4 11 0
4 11 3
4 11 5
4 11 7
4 11 9
4 11 11
4 11 13
4 11 14
4 11 17
4 11 19
4 12 7
4 12 18
4 12 19
4 12 20
4 12 24
4 13 0
4 13 3
4 13 8
4 13 12
4 13 20
4 13 24
4 14 1
4 14 4
4 14 5
4 14 6
4 14 10
4 14 12
4 14 14
4 14 15
4 14 16
4 14 19
4 14 20
4 14 21
4 14 22
4 15 1
4 15 4
4 15 14
4 15 16
4 15 17
4 15 18
4 15 19
4 15 20
4 16 2
4 16 4
4 16 6
4 16 7
4 16 11
4 16 13
4 16 14
4 16 16
4 16 17
4 16 18
4 16 19
4 16 22
4 16 23
4 17 0
4 17 6
4 17 7
4 17 8
4 17 10
4 17 15
4 17 16
4 17 19
4 17 21
4 17 24
4 18 1
4 18 4
4 18 6
4 18 13
4 18 16
4 18 17
4 18 18
4 18 19
4 18 20
4 18 22
4 18 24
4 19 1
4 19 2
4 19 3
4 19 5
4 19 10
4 19 12
4 19 13
4 19 14
4 19 16
4 19 18
4 19 20
4 19 21
4 19 22
4 20 1
4 20 4
4 20 5
4 20 6
4 20 9
4 20 12
4 20 15
4 20 16
4 20 19
4 20 23
4 21 0
4 21 5
4 21 6
4 21 10
4 21 12
4 21 13
4 21 16
4 21 18
4 21 19
4 21 20
4 22 1
4 22 3
4 22 4
4 22 9
4 22 10
4 22 12
4 22 13
4 22 16
4 22 17
4 22 18
4 22 19
4 22 22
4 22 24
4 23 1
4 23 4
4 23 6
4 23 10
4 23 11
4 23 13
4 23 14
4 23 16
4 23 18
4 23 20
4 23 22
4 24 6
4 24 7
4 24 14
4 24 17
4 24 21
4 24 22
4 25 4
4 25 5
4 25 6
4 25 9
4 25 10
4 25 11
4 25 12
4 25 13
4 25 14
4 25 18
4 25 20
5 0 0
5 0 1
5 0 6
5 0 12
5 0 14
5 0 15
5 0 16
5 0 21
5 0 22
5 0 24
5 1 3
5 1 4
5 1 7
5 1 8
5 1 9
5 1 10
5 1 13
5 1 14
5 1 18
5 1 19
5 1 20
5 2 2
5 2 6
5 2 8
5 2 11
5 2 15
5 2 16
5 2 17
5 2 21
5 2 22
5 3 1
5 3 2
5 3 5
5 3 16
5 3 21
5 3 23
5 4 0
5 4 1
5 4 3
5 4 4
5 4 7
5 4 9
5 4 13
5 4 15
5 4 16
5 4 20
5 4 24
5 5 3
5 5 6
5 5 7
5 5 8
5 5 11
5 5 13
5 5 17
5 5 20
5 6 4
5 6 9
5 6 11
5 6 13
5 6 17
5 6 24
5 7 0
5 7 6
5 7 9
5 7 13
5 7 16
5 7 17
5 7 19
5 7 22
5 8 2
5 8 6
5 8 7
5 8 10
5 8 11
5 8 21
5 8 22
5 8 24
5 9 3
5 9 4
5 9 5
5 9 6
5 9 7
5 9 12
5 9 16
5 9 17
5 9 18
5 9 19
5 9 20
5 9 22
5 9 23
5 9 24
5 10 0
5 10 3
5 10 4
5 10 5
5 10 7
5 10 12
5 10 13
5 10 18
5 10 19
5 10 23
5 10 24
5 11 1
5 11 3
5 11 6
5 11 7
5 11 8
5 11 10
5 11 13
5 11 18
5 11 19
5 11 20
5 11 23
5 11 24
5 12 3
5 12 4
5 12 6
5 12 7
5 12 13
5 12 17
5 12 18
5 12 19
5 12 20
5 12 23
5 12 24
5 13 2
5 13 3
5 13 7
5 13 9
5 13 12
5 13 13
5 13 17
5 13 24
5 14 4
5 14 7
5 14 10
5 14 12
5 14 13
5 14 17
5 14 18
5 14 19
5 14 20
5 14 23
5 15 0
5 15 1
5 15 2
5 15 5
5 15 6
5 15 7
5 15 9
5 15 14
5 15 15
5 15 22
5 15 23
5 15 24
5 16 1
5 16 2
5 16 3
5 16 7
5 16 9
5 16 10
5 16 11
5 16 16
5 16 17
5 16 20
5 16 23
5 16 24
5 17 3
5 17 5
5 17 7
5 17 11
5 17 13
5 17 17
5 17 18
5 17 19
5 17 20
5 17 23
5 17 24
5 18 4
5 18 7
5 18 9
5 18 10
5 18 18
5 18 20
5 18 23
5 19 2
5 19 3
5 19 4
5 19 8
5 19 9
5 19 13
5 19 14
5 19 16
5 19 17
5 19 19
5 19 21
5 19 24
5 20 3
5 20 7
5 20 8
5 20 9
5 20 10
5 20 13
5 20 17
5 20 18
5 20 19
5 20 20
5 20 23
5 20 24
5 21 3
5 21 5
5 21 10
5 21 12
5 21 15
5 21 16
5 22 4
5 22 7
5 22 8
5 22 11
5 22 13
5 22 17
5 22 18
5 22 19
5 22 22
5 22 24
5 23 3
5 23 4
5 23 5
5 23 10
5 23 11
5 23 14
5 24 0
5 24 2
5 24 4
5 24 6
5 24 10
5 24 11
5 24 12
5 24 15