7450
8
22 23 25 22 22 22 22 22
1040

75 586 59 15 21 593 662 83 171 71 6 872 53 15 38 24 774 616 10 246 875 1
71 53 514 84 21 36 55 22 639 580 70 9 44 77 623 91 85 72 58 501 91 14 271
38 30 6 204 774 6 32 75 51 66 259 232 942 81 88 9 798 420 17 299 62 76 367 164 100
23 77 78 28 47 44 5 3 14 206 56 92 35 11 43 0 204 6 32 55 65 29
39 50 434 188 8 98 45 17 36 164 98 300 20 359 12 35 11 30 993 210 0 69
83 31 520 2 5 38 45 86 416 36 64 23 4 953 16 87 40 87 616 30 73 376
40 38 64 952 17 27 43 41 6 502 67 74 50 84 195 790 87 396 30 10 932 55
94 35 68 25 88 3 501 48 530 82 76 10 73 97 26 43 472 234 48 79 75 87

0 0 5
0 0 8
0 0 10
0 0 15
0 0 17
0 0 18
0 1 6
0 1 7
0 1 17
0 1 22
0 2 0
0 2 2
0 2 4
0 2 5
0 2 6
0 2 10
0 2 11
0 2 14
0 2 16
0 2 17
0 2 21
0 2 22
0 3 0
0 3 1
0 3 3
0 3 5
0 3 6
0 3 7
0 3 8
0 3 11
0 3 15
0 3 17
0 3 22
0 4 6
0 4 9
0 4 10
0 4 21
0 4 22
0 5 2
0 5 6
0 5 8
0 5 14
0 5 17
0 5 18
0 5 20
0 5 22
0 6 2
0 6 14
0 6 19
0 6 21
0 6 22
0 7 0
0 7 5
0 7 8
0 7 10
0 7 13
0 7 14
0 7 15
0 7 16
0 7 20
0 8 4
0 8 5
0 8 8
0 8 18
0 8 20
0 9 1
0 9 3
0 9 7
0 9 9
0 9 11
0 9 12
0 9 18
0 9 20
0 10 0
0 10 3
0 10 4
0 10 6
0 10 10
0 10 12
0 10 14
0 10 21
0 11 1
0 11 2
0 11 8
0 11 14
0 11 17
0 11 21
0 12 1
0 12 3
0 12 4
0 12 5
0 12 6
0 12 11
0 12 15
0 12 16
0 12 18
0 12 22
0 13 2
0 13 11
0 13 12
0 13 15
0 13 16
0 13 17
0 13 22
0 14 3
0 14 5
0 14 6
0 14 10
0 14 11
0 14 13
0 14 17
0 14 18
0 14 21
0 15 5
0 15 11
0 15 12
0 15 13
0 15 20
0 16 2
0 16 4
0 16 6
0 16 10
0 16 14
0 16 15
0 16 18
0 16 22
0 17 0
0 17 1
0 17 3
0 17 4
0 17 12
0 17 15
0 17 16
0 17 22
0 18 4
0 18 5
0 18 6
0 18 8
0 18 10
0 18 11
0 18 12
0 18 14
0 19 2
0 19 10
0 19 11
0 19 17
0 19 19
0 19 21
0 20 2
0 20 4
0 20 7
0 20 8
0 20 9
0 20 14
0 20 22
0 21 3
0 21 4
0 21 5
0 21 10
0 21 13
0 21 15
0 21 17
0 21 18
1 0 0
1 0 1
1 0 3
1 0 9
1 0 13
1 0 18
1 1 3
1 1 8
1 1 10
1 1 12
1 1 13
1 1 15
1 1 21
1 2 0
1 2 6
1 2 10
1 2 11
1 2 12
1 2 13
1 2 17
1 2 22
1 3 1
1 3 6
1 3 15
1 3 19
1 3 20
1 3 21
1 4 2
1 4 5
1 4 6
1 4 7
1 4 10
1 4 13
1 4 15
1 4 19
1 4 21
1 4 23
1 4 24
1 5 0
1 5 1
1 5 8
1 5 10
1 5 15
1 5 21
1 5 24
1 6 7
1 6 15
1 6 21
1 7 0
1 7 6
1 7 10
1 7 11
1 7 15
1 7 16
1 7 24
1 8 8
1 8 10
1 8 11
1 8 20
1 8 21
1 8 24
1 9 10
1 9 17
1 9 18
1 9 20
1 10 1
1 10 15
1 10 17
1 10 18
1 11 2
1 11 9
1 11 16
1 11 17
1 11 24
1 12 6
1 12 8
1 12 9
1 12 10
1 12 14
1 12 21
1 12 23
1 13 2
1 13 6
1 13 19
1 14 1
1 14 3
1 14 12
1 14 16
1 14 17
1 14 23
1 15 0
1 15 6
1 15 7
1 15 8
1 15 9
1 15 13
1 15 14
1 15 15
1 15 22
1 16 0
1 16 2
1 16 4
1 16 5
1 16 6
1 16 7
1 16 9
1 16 12
1 16 13
1 16 14
1 16 15
1 17 9
1 17 13
1 17 15
1 18 1
1 18 5
1 18 8
1 18 9
1 18 12
1 18 14
1 18 16
1 18 18
1 19 3
1 19 4
1 19 11
1 19 12
1 19 16
1 20 0
1 20 1
1 20 2
1 20 5
1 20 12
1 20 13
1 20 19
1 20 22
1 21 1
1 21 3
1 21 6
1 21 13
1 21 18
1 22 1
1 22 4
1 22 7
1 22 11
1 22 12
1 22 20
1 22 21
1 22 24
2 0 0
2 0 3
2 0 10
2 0 11
2 0 15
2 0 17
2 0 21
2 1 1
2 1 4
2 1 17
2 1 18
2 1 19
2 1 21
2 2 0
2 2 2
2 2 3
2 2 4
2 2 6
2 2 11
2 2 18
2 2 19
2 3 2
2 3 5
2 3 9
2 3 10
2 3 14
2 4 1
2 4 3
2 4 4
2 4 6
2 4 9
2 4 14
2 4 18
2 4 20
2 5 3
2 5 4
2 5 7
2 5 9
2 5 11
2 5 14
2 5 18
2 5 19
2 6 4
2 6 6
2 6 11
2 6 16
2 6 17
2 6 18
2 7 0
2 7 2
2 7 6
2 7 8
2 7 10
2 7 15
2 7 19
2 7 20
2 8 1
2 8 2
2 8 3
2 8 4
2 8 8
2 8 10
2 8 12
2 8 15
2 9 1
2 9 3
2 9 6
2 9 8
2 9 9
2 9 10
2 9 11
2 9 12
2 9 14
2 9 15
2 9 20
2 10 7
2 10 10
2 10 16
2 10 19
2 11 0
2 11 1
2 11 12
2 11 19
2 12 1
2 12 4
2 12 13
2 12 16
2 13 0
2 13 3
2 13 5
2 13 10
2 13 14
2 13 20
2 14 3
2 14 6
2 14 11
2 14 12
2 14 14
2 14 17
2 14 19
2 14 21
2 15 0
2 15 7
2 15 8
2 15 12
2 15 19
2 16 0
2 16 3
2 16 6
2 16 12
2 16 15
2 16 16
2 16 19
2 16 21
2 17 0
2 17 1
2 17 4
2 17 6
2 17 7
2 17 13
2 17 15
2 17 16
2 17 18
2 18 1
2 18 2
2 18 4
2 18 6
2 18 17
2 18 19
2 19 6
2 19 9
2 19 14
2 19 16
2 20 9
2 20 12
2 20 19
2 20 21
2 21 11
2 21 12
2 21 13
2 21 18
2 22 11
2 22 15
2 22 16
2 22 18
2 23 5
2 23 7
2 23 8
2 23 12
2 24 2
2 24 6
2 24 7
2 24 12
2 24 14
2 24 15
2 24 17
2 24 19
3 0 0
3 0 1
3 0 6
3 0 8
3 0 13
3 0 17
3 0 21
3 1 5
3 1 7
3 1 12
3 1 18
3 1 20
3 1 21
3 2 6
3 2 7
3 2 8
3 2 15
3 2 17
3 2 18
3 2 21
3 3 5
3 3 6
3 3 12
3 3 14
3 3 15
3 4 0
3 4 2
3 4 5
3 4 7
3 4 8
3 4 11
3 4 16
3 5 1
3 5 6
3 5 7
3 5 12
3 5 16
3 5 18
3 5 21
3 6 0
3 6 3
3 6 5
3 6 6
3 6 21
3 7 0
3 7 1
3 7 8
3 7 10
3 7 16
3 8 0
3 8 1
3 8 4
3 8 5
3 8 6
3 8 7
3 8 12
3 8 17
3 8 21
3 9 2
3 9 11
3 9 17
3 9 18
3 9 19
3 9 20
3 10 1
3 10 2
3 10 4
3 10 5
3 10 7
3 10 8
3 10 12
3 10 14
3 10 16
3 10 21
3 11 1
3 11 7
3 11 8
3 11 10
3 11 14
3 11 16
3 11 19
3 11 21
3 12 6
3 12 11
3 12 18
3 13 2
3 13 9
3 13 12
3 13 15
3 13 19
3 13 21
3 14 0
3 14 1
3 14 3
3 14 6
3 14 7
3 14 11
3 14 12
3 14 14
3 14 15
3 14 16
3 14 20
3 14 21
3 15 0
3 15 2
3 15 5
3 15 8
3 15 15
3 15 21
3 16 1
3 16 4
3 16 11
3 16 15
3 16 21
3 17 0
3 17 2
3 17 9
3 17 11
3 17 18
3 17 20
3 17 21
3 18 10
3 18 11
3 19 2
3 19 4
3 19 5
3 19 8
3 19 10
3 19 12
3 19 19
3 19 20
3 20 1
3 20 4
3 20 12
3 20 15
3 20 18
3 21 1
3 21 4
3 21 7
3 21 10
3 21 13
3 21 15
3 21 20
4 0 0
4 0 2
4 0 6
4 0 7
4 0 16
4 0 17
4 0 18
4 1 1
4 1 3
4 1 6
4 1 7
4 1 9
4 1 14
4 1 19
4 2 2
4 2 5
4 2 10
4 2 13
4 3 7
4 3 9
4 3 15
4 3 17
4 3 21
4 4 1
4 4 5
4 4 6
4 4 7
4 4 11
4 4 14
4 4 19
4 4 20
4 4 21
4 5 0
4 5 1
4 5 2
4 5 4
4 5 5
4 5 6
4 5 9
4 5 11
4 5 12
4 5 13
4 5 14
4 5 20
4 6 3
4 6 11
4 6 14
4 6 15
4 6 20
4 7 0
4 7 1
4 7 4
4 7 14
4 7 15
4 8 0
4 8 3
4 8 5
4 8 7
4 8 8
4 8 10
4 8 12
4 9 3
4 9 8
4 9 14
4 9 18
4 10 1
4 10 2
4 10 6
4 10 9
4 10 18
4 10 19
4 10 21
4 11 0
4 11 3
4 11 4
4 11 8
4 11 9
4 11 10
4 11 11
4 11 20
4 11 21
4 12 4
4 12 15
4 12 16
4 13 3
4 13 8
4 13 9
4 13 12
4 13 15
4 13 16
4 13 17
4 13 21
4 14 3
4 14 8
4 14 10
4 14 14
4 14 16
4 14 20
4 15 4
4 15 6
4 15 8
4 15 11
4 15 17
4 15 21
4 16 0
4 16 1
4 16 6
4 16 7
4 16 10
4 16 15
4 16 17
4 17 0
4 17 6
4 17 9
4 17 12
4 17 13
4 17 16
4 17 17
4 17 19
4 18 0
4 18 8
4 18 13
4 18 15
4 19 2
4 19 3
4 19 8
4 19 10
4 19 11
4 19 16
4 19 18
4 20 1
4 20 2
4 20 10
4 20 11
4 20 12
4 20 13
4 20 18
4 21 7
4 21 8
4 21 18
4 21 19
5 0 4
5 0 8
5 0 13
5 0 14
5 0 15
5 0 19
5 0 20
5 1 3
5 1 4
5 1 7
5 1 8
5 1 10
5 1 13
5 1 19
5 1 20
5 2 3
5 2 9
5 2 10
5 2 21
5 3 0
5 3 1
5 3 2
5 3 7
5 3 11
5 3 16
5 3 20
5 4 6
5 4 15
5 4 17
5 4 20
5 5 5
5 5 7
5 5 18
5 5 19
5 6 0
5 6 1
5 6 8
5 6 12
5 6 13
5 6 14
5 6 19
5 7 0
5 7 1
5 7 10
5 7 12
5 7 19
5 8 9
5 8 14
5 8 20
5 9 9
5 9 15
5 9 20
5 9 21
5 10 1
5 10 4
5 10 5
5 10 6
5 10 7
5 10 10
5 10 12
5 10 16
5 10 19
5 10 21
5 11 1
5 11 4
5 11 5
5 11 6
5 11 7
5 11 10
5 11 11
5 11 12
5 11 15
5 11 18
5 11 19
5 12 15
5 12 20
5 13 1
5 13 2
5 13 3
5 13 4
5 13 6
5 13 13
5 14 2
5 14 5
5 14 7
5 14 8
5 14 10
5 14 21
5 15 7
5 15 9
5 15 11
5 15 12
5 15 13
5 15 19
5 15 21
5 16 0
5 16 2
5 16 8
5 16 9
5 16 10
5 16 14
5 16 21
5 17 2
5 17 9
5 17 11
5 17 13
5 17 14
5 17 19
5 18 3
5 18 5
5 18 9
5 18 10
5 18 12
5 18 13
5 18 14
5 18 15
5 18 20
5 18 21
5 19 0
5 19 2
5 19 5
5 19 6
5 19 7
5 19 8
5 19 9
5 19 10
5 19 15
5 20 1
5 20 6
5 20 12
5 20 13
5 20 19
5 21 1
5 21 8
5 21 10
5 21 15
5 21 17
5 21 18
5 21 19
5 21 20
5 21 21
6 0 1
6 0 5
6 0 7
6 0 8
6 0 10
6 0 13
6 0 14
6 0 15
6 0 18
6 0 19
6 1 0
6 1 1
6 1 9
6 1 10
6 1 14
6 1 16
6 1 18
6 1 20
6 1 21
6 2 1
6 2 9
6 2 12
6 2 15
6 2 16
6 2 21
6 3 8
6 3 9
6 3 12
6 4 1
6 4 5
6 4 8
6 4 9
6 5 2
6 5 4
6 5 9
6 5 10
6 5 13
6 5 16
6 5 19
6 5 20
6 6 0
6 6 1
6 6 4
6 6 12
6 6 20
6 7 1
6 7 3
6 7 9
6 7 12
6 7 15
6 7 19
6 7 20
6 7 21
6 8 0
6 8 15
6 8 18
6 9 1
6 9 5
6 9 13
6 10 0
6 10 2
6 10 3
6 10 10
6 10 15
6 10 17
6 10 18
6 11 1
6 11 3
6 11 5
6 11 9
6 11 13
6 11 14
6 11 15
6 11 17
6 11 18
6 11 19
6 12 2
6 12 4
6 12 5
6 12 7
6 12 12
6 12 13
6 12 14
6 12 15
6 12 16
6 12 20
6 12 21
6 13 0
6 13 2
6 13 4
6 13 9
6 13 10
6 13 11
6 13 17
6 13 21
6 14 1
6 14 9
6 14 10
6 14 15
6 14 16
6 14 17
6 14 19
6 14 20
6 14 21
6 15 6
6 15 18
6 15 19
6 15 21
6 16 0
6 16 3
6 16 4
6 16 9
6 16 11
6 16 12
6 16 14
6 16 16
6 16 19
6 17 0
6 17 4
6 17 6
6 17 15
6 17 18
6 18 3
6 18 4
6 18 8
6 18 13
6 18 14
6 18 20
6 19 8
6 19 10
6 19 11
6 19 12
6 19 14
6 19 18
6 20 0
6 20 1
6 20 4
6 20 5
6 20 6
6 20 19
6 21 0
6 21 1
6 21 4
6 21 9
6 21 12
6 21 15
6 21 18
6 21 19