5316
7
14 12 12 12 16 12 12
335

29 52 944 908 692 20 791 59 100 114 88 47 45 6
65 921 207 6 40 85 60 884 9 137 196 12
6 5 39 56 246 96 732 83 22 1 349 29
653 88 13 56 79 99 55 70 89 49 158 85
88 720 84 40 107 54 942 18 71 97 351 421 19 93 82 42
90 26 72 147 548 34 71 100 631 89 64 60
31 80 8 73 441 323 981 540 0 729 61 106

0 0 3
0 0 6
0 0 8
0 1 3
0 1 8
0 2 0
0 2 1
0 2 2
0 2 3
0 2 8
0 2 9
0 3 1
0 3 2
0 3 6
0 3 7
0 3 9
0 4 8
0 4 9
0 5 2
0 5 5
0 5 6
0 5 9
0 5 10
0 6 0
0 6 1
0 6 3
0 7 1
0 7 4
0 7 7
0 7 8
0 8 3
0 8 6
0 8 7
0 9 3
0 9 4
0 9 7
0 9 8
0 9 10
0 10 0
0 10 4
0 10 6
0 10 9
0 10 11
0 11 3
0 11 8
0 12 6
0 12 7
0 12 11
0 13 3
0 13 4
0 13 8
0 13 11
1 0 4
1 0 5
1 0 8
1 0 9
1 1 4
1 1 7
1 1 10
1 2 10
1 2 11
1 3 0
1 3 1
1 3 2
1 3 3
1 3 11
1 4 6
1 4 10
1 4 11
1 5 1
1 5 7
1 6 2
1 6 3
1 6 4
1 6 7
1 6 8
1 6 9
1 7 4
1 7 11
1 8 3
1 8 4
1 9 0
1 9 10
1 10 4
1 10 8
1 10 9
1 11 0
1 11 1
1 11 5
1 11 7
1 11 8
1 11 9
2 0 5
2 0 6
2 0 7
2 0 8
2 0 10
2 1 1
2 1 2
2 1 6
2 1 8
2 2 4
2 2 8
2 3 7
2 3 9
2 4 5
2 4 8
2 4 11
2 5 1
2 5 2
2 5 4
2 5 6
2 5 11
2 6 0
2 6 1
2 6 3
2 6 10
2 7 0
2 7 1
2 7 4
2 7 6
2 7 11
2 8 1
2 8 2
2 8 6
2 8 9
2 8 10
2 9 1
2 9 2
2 9 6
2 9 7
2 9 9
2 9 10
2 10 1
2 10 3
2 10 6
2 11 0
2 11 3
2 11 6
2 11 10
3 0 5
3 0 6
3 0 8
3 0 12
3 1 0
3 1 1
3 1 3
3 1 5
3 1 9
3 1 13
3 1 15
3 2 3
3 2 7
3 2 9
3 2 10
3 2 11
3 2 12
3 2 13
3 2 14
3 3 0
3 3 1
3 3 2
3 3 4
3 3 5
3 3 6
3 3 7
3 3 11
3 4 0
3 4 2
3 4 5
3 4 7
3 4 8
3 4 11
3 4 13
3 4 14
3 5 0
3 5 4
3 5 8
3 5 9
3 5 11
3 5 12
3 5 13
3 5 14
3 6 5
3 6 7
3 6 11
3 6 13
3 6 14
3 7 0
3 7 2
3 7 3
3 7 7
3 7 8
3 7 9
3 7 13
3 8 3
3 8 4
3 8 7
3 8 13
3 8 14
3 8 15
3 9 0
3 9 8
3 9 9
3 9 11
3 9 13
3 9 14
3 9 15
3 10 2
3 10 4
3 10 11
3 10 12
3 10 15
3 11 0
3 11 2
3 11 3
3 11 5
3 11 7
3 11 8
3 11 14
4 0 0
4 0 2
4 0 3
4 0 5
4 0 6
4 0 7
4 0 11
4 1 3
4 1 5
4 1 7
4 1 9
4 1 10
4 2 6
4 2 10
4 2 11
4 3 1
4 3 4
4 3 6
4 3 10
4 4 3
4 4 4
4 4 8
4 5 3
4 5 4
4 5 5
4 5 7
4 6 0
4 6 9
4 6 10
4 7 1
4 7 6
4 7 7
4 8 0
4 8 2
4 8 8
4 8 11
4 9 5
4 9 6
4 9 8
4 10 1
4 10 3
4 10 4
4 10 9
4 10 10
4 10 11
4 11 3
4 11 4
4 11 7
4 11 9
4 12 2
4 12 3
4 12 5
4 12 8
4 12 10
4 12 11
4 13 0
4 13 4
4 13 11
4 14 0
4 14 1
4 14 6
4 14 8
4 15 0
4 15 5
4 15 6
4 15 11
5 0 2
5 0 7
5 0 9
5 1 0
5 1 1
5 1 2
5 1 8
5 2 2
5 2 3
5 2 5
5 2 10
5 3 4
5 3 5
5 3 7
5 4 4
5 4 7
5 4 11
5 5 2
5 5 4
5 5 10
5 6 0
5 6 1
5 6 7
5 6 9
5 6 10
5 7 3
5 7 10
5 8 1
5 8 2
5 8 5
5 8 6
5 8 7
5 8 9
5 8 11
5 9 1
5 9 6
5 9 7
5 9 11
5 10 1
5 10 6
5 10 7
5 10 8
5 10 9
5 11 0
5 11 1
5 11 2
5 11 9
5 11 10
5 11 11