1957
4
37 38 38 37
1659

72 261 279 78 35 724 61 53 99 26 141 14 22 29 12 31 741 63 28 3 3 42 93 85 28 64 75 540 47 71 72 18 96 63 49 53 61
15 844 85 71 77 87 14 9 35 27 34 7 92 75 22 13 20 1 74 96 0 51 45 64 43 74 35 88 43 54 99 95 94 80 97 38 13 1
10 24 87 40 99 83 71 33 15 80 80 441 51 557 40 5 52 29 14 11 47 33 77 329 54 61 92 26 330 3 25 84 68 91 163 36 156 45
94 352 1 72 72 65 139 88 19 82 21 26 923 612 35 10 97 33 22 15 9 10 49 90 15 10 36 31 22 73 20 28 1 73 0 98 55

0 0 2
0 0 3
0 0 7
0 0 9
0 0 11
0 0 13
0 0 14
0 0 15
0 0 17
0 0 19
0 0 21
0 0 24
0 0 26
0 0 30
0 0 31
0 0 32
0 0 37
0 1 0
0 1 3
0 1 9
0 1 13
0 1 14
0 1 17
0 1 22
0 1 24
0 1 25
0 1 29
0 1 36
0 2 2
0 2 9
0 2 10
0 2 11
0 2 14
0 2 18
0 2 20
0 2 23
0 2 30
0 2 33
0 2 37
0 3 3
0 3 4
0 3 6
0 3 7
0 3 8
0 3 9
0 3 10
0 3 17
0 3 18
0 3 20
0 3 21
0 3 24
0 3 25
0 3 27
0 3 29
0 3 31
0 3 32
0 3 35
0 4 2
0 4 8
0 4 11
0 4 14
0 4 16
0 4 18
0 4 19
0 4 20
0 4 21
0 4 22
0 4 23
0 4 24
0 4 27
0 4 28
0 4 29
0 4 30
0 4 34
0 4 35
0 4 37
0 5 1
0 5 7
0 5 8
0 5 9
0 5 11
0 5 13
0 5 19
0 5 20
0 5 23
0 5 29
0 5 32
0 5 37
0 6 0
0 6 3
0 6 6
0 6 7
0 6 8
0 6 10
0 6 12
0 6 13
0 6 14
0 6 15
0 6 16
0 6 20
0 6 21
0 6 22
0 6 23
0 6 24
0 6 26
0 6 27
0 6 30
0 6 31
0 6 35
0 6 37
0 7 0
0 7 2
0 7 4
0 7 5
0 7 6
0 7 8
0 7 12
0 7 14
0 7 16
0 7 17
0 7 21
0 7 23
0 7 25
0 7 27
0 7 33
0 7 35
0 8 5
0 8 6
0 8 10
0 8 12
0 8 13
0 8 14
0 8 16
0 8 17
0 8 21
0 8 22
0 8 23
0 8 24
0 8 25
0 8 36
0 8 37
0 9 6
0 9 8
0 9 10
0 9 11
0 9 13
0 9 16
0 9 17
0 9 20
0 9 22
0 9 24
0 9 25
0 9 29
0 9 34
0 9 36
0 10 8
0 10 14
0 10 15
0 10 16
0 10 25
0 10 28
0 10 31
0 10 37
0 11 1
0 11 2
0 11 4
0 11 5
0 11 8
0 11 12
0 11 13
0 11 15
0 11 19
0 11 23
0 11 25
0 11 37
0 12 0
0 12 3
0 12 9
0 12 19
0 12 24
0 12 25
0 12 32
0 12 36
0 13 2
0 13 4
0 13 6
0 13 9
0 13 10
0 13 13
0 13 14
0 13 15
0 13 17
0 13 19
0 13 20
0 13 22
0 13 23
0 13 24
0 13 30
0 13 31
0 13 32
0 13 33
0 13 34
0 13 35
0 13 37
0 14 3
0 14 4
0 14 6
0 14 9
0 14 10
0 14 11
0 14 12
0 14 13
0 14 14
0 14 15
0 14 16
0 14 19
0 14 21
0 14 24
0 14 28
0 14 33
0 14 34
0 14 35
0 15 2
0 15 5
0 15 6
0 15 9
0 15 10
0 15 11
0 15 14
0 15 18
0 15 20
0 15 22
0 15 27
0 15 28
0 15 29
0 15 35
0 16 1
0 16 10
0 16 12
0 16 14
0 16 21
0 16 25
0 16 26
0 16 27
0 16 29
0 17 5
0 17 6
0 17 13
0 17 14
0 17 15
0 17 20
0 17 24
0 17 26
0 17 27
0 17 28
0 17 29
0 17 30
0 17 31
0 17 32
0 18 2
0 18 3
0 18 7
0 18 9
0 18 15
0 18 16
0 18 20
0 18 21
0 18 22
0 18 26
0 18 28
0 18 29
0 18 31
0 18 33
0 18 37
0 19 0
0 19 1
0 19 2
0 19 3
0 19 5
0 19 7
0 19 9
0 19 11
0 19 12
0 19 17
0 19 20
0 19 22
0 19 23
0 19 26
0 19 28
0 19 29
0 19 30
0 19 32
0 19 34
0 20 2
0 20 4
0 20 5
0 20 6
0 20 10
0 20 11
0 20 14
0 20 15
0 20 16
0 20 17
0 20 23
0 20 25
0 20 27
0 20 32
0 21 2
0 21 4
0 21 5
0 21 8
0 21 12
0 21 14
0 21 17
0 21 24
0 21 25
0 21 28
0 21 29
0 21 31
0 21 32
0 21 34
0 21 35
0 21 36
0 22 6
0 22 8
0 22 17
0 22 18
0 22 21
0 22 22
0 22 24
0 22 27
0 22 32
0 22 37
0 23 0
0 23 1
0 23 3
0 23 4
0 23 6
0 23 11
0 23 12
0 23 16
0 23 17
0 23 21
0 23 23
0 23 27
0 23 32
0 23 34
0 23 37
0 24 0
0 24 1
0 24 2
0 24 5
0 24 8
0 24 9
0 24 10
0 24 11
0 24 13
0 24 16
0 24 18
0 24 21
0 24 22
0 24 27
0 24 28
0 24 29
0 24 31
0 24 32
0 24 34
0 25 2
0 25 5
0 25 7
0 25 8
0 25 10
0 25 12
0 25 13
0 25 15
0 25 17
0 25 18
0 25 23
0 25 24
0 25 26
0 25 28
0 25 31
0 25 36
0 25 37
0 26 2
0 26 5
0 26 6
0 26 12
0 26 18
0 26 19
0 26 20
0 26 21
0 26 28
0 26 29
0 26 35
0 26 36
0 26 37
0 27 1
0 27 10
0 27 12
0 27 18
0 27 22
0 27 24
0 27 25
0 27 26
0 27 29
0 27 33
0 27 35
0 28 2
0 28 3
0 28 4
0 28 6
0 28 13
0 28 15
0 28 16
0 28 18
0 28 20
0 28 23
0 28 25
0 28 28
0 28 29
0 28 30
0 28 31
0 28 32
0 28 34
0 29 0
0 29 1
0 29 2
0 29 3
0 29 7
0 29 8
0 29 9
0 29 13
0 29 15
0 29 16
0 29 19
0 29 21
0 29 22
0 29 23
0 29 26
0 29 28
0 29 32
0 29 35
0 29 36
0 29 37
0 30 0
0 30 4
0 30 5
0 30 8
0 30 10
0 30 12
0 30 14
0 30 16
0 30 18
0 30 20
0 30 31
0 30 37
0 31 0
0 31 2
0 31 3
0 31 4
0 31 6
0 31 9
0 31 10
0 31 11
0 31 15
0 31 18
0 31 19
0 31 22
0 31 28
0 31 30
0 31 31
0 31 32
0 31 35
0 32 2
0 32 3
0 32 4
0 32 6
0 32 9
0 32 12
0 32 14
0 32 15
0 32 18
0 32 19
0 32 23
0 32 24
0 32 25
0 32 27
0 32 31
0 32 34
0 32 35
0 32 37
0 33 3
0 33 6
0 33 11
0 33 12
0 33 14
0 33 15
0 33 18
0 33 19
0 33 22
0 33 23
0 33 24
0 33 25
0 33 26
0 33 27
0 33 29
0 33 31
0 33 32
0 33 35
0 34 1
0 34 4
0 34 10
0 34 11
0 34 12
0 34 13
0 34 14
0 34 17
0 34 20
0 34 21
0 34 22
0 34 23
0 34 24
0 34 27
0 34 30
0 34 32
0 35 3
0 35 5
0 35 6
0 35 10
0 35 16
0 35 17
0 35 18
0 35 23
0 35 24
0 35 27
0 35 28
0 35 32
0 35 34
0 36 1
0 36 2
0 36 3
0 36 7
0 36 10
0 36 11
0 36 13
0 36 17
0 36 19
0 36 24
0 36 28
0 36 29
0 36 31
0 36 32
0 36 35
0 36 37
1 0 0
1 0 3
1 0 10
1 0 14
1 0 15
1 0 17
1 0 18
1 0 19
1 0 23
1 0 26
1 0 28
1 0 31
1 1 3
1 1 4
1 1 14
1 1 15
1 1 16
1 1 23
1 1 24
1 1 27
1 1 28
1 1 30
1 1 33
1 1 36
1 2 0
1 2 6
1 2 8
1 2 24
1 2 29
1 2 30
1 2 31
1 2 32
1 2 34
1 2 36
1 2 37
1 3 5
1 3 6
1 3 8
1 3 12
1 3 15
1 3 17
1 3 18
1 3 19
1 3 20
1 3 24
1 3 27
1 3 30
1 3 31
1 3 35
1 3 37
1 4 1
1 4 3
1 4 12
1 4 14
1 4 20
1 4 21
1 4 23
1 4 24
1 4 25
1 4 26
1 4 35
1 4 37
1 5 0
1 5 1
1 5 2
1 5 3
1 5 4
1 5 5
1 5 13
1 5 16
1 5 17
1 5 18
1 5 19
1 5 25
1 5 30
1 5 31
1 5 32
1 5 33
1 5 35
1 6 1
1 6 3
1 6 5
1 6 8
1 6 9
1 6 10
1 6 12
1 6 13
1 6 15
1 6 16
1 6 17
1 6 18
1 6 28
1 6 30
1 6 31
1 6 37
1 7 2
1 7 3
1 7 4
1 7 6
1 7 8
1 7 10
1 7 17
1 7 19
1 7 20
1 7 22
1 7 25
1 7 30
1 8 0
1 8 2
1 8 4
1 8 6
1 8 9
1 8 16
1 8 18
1 8 21
1 8 24
1 8 26
1 8 30
1 8 31
1 8 37
1 9 0
1 9 2
1 9 3
1 9 5
1 9 6
1 9 9
1 9 10
1 9 14
1 9 15
1 9 18
1 9 19
1 9 20
1 9 21
1 9 25
1 9 29
1 9 33
1 10 1
1 10 3
1 10 4
1 10 5
1 10 10
1 10 12
1 10 16
1 10 17
1 10 21
1 10 24
1 10 25
1 10 26
1 10 27
1 10 32
1 10 34
1 10 37
1 11 1
1 11 2
1 11 3
1 11 5
1 11 6
1 11 7
1 11 8
1 11 10
1 11 12
1 11 15
1 11 16
1 11 17
1 11 18
1 11 19
1 11 20
1 11 21
1 11 24
1 11 29
1 11 30
1 11 31
1 11 32
1 11 37
1 12 1
1 12 4
1 12 12
1 12 19
1 12 21
1 12 22
1 12 24
1 12 25
1 12 26
1 12 27
1 12 29
1 12 31
1 12 33
1 12 34
1 12 35
1 12 37
1 13 0
1 13 2
1 13 10
1 13 17
1 13 19
1 13 22
1 13 27
1 13 33
1 14 1
1 14 3
1 14 4
1 14 7
1 14 8
1 14 10
1 14 12
1 14 15
1 14 19
1 14 20
1 14 21
1 14 26
1 14 27
1 14 28
1 14 29
1 14 32
1 14 33
1 14 37
1 15 2
1 15 5
1 15 8
1 15 9
1 15 14
1 15 18
1 15 20
1 15 24
1 15 26
1 15 29
1 15 32
1 15 33
1 16 2
1 16 5
1 16 10
1 16 11
1 16 13
1 16 15
1 16 16
1 16 18
1 16 19
1 16 22
1 16 25
1 16 27
1 16 30
1 16 33
1 16 34
1 16 36
1 16 37
1 17 3
1 17 6
1 17 8
1 17 9
1 17 11
1 17 16
1 17 18
1 17 22
1 17 23
1 17 26
1 17 27
1 17 29
1 17 31
1 17 32
1 17 35
1 18 4
1 18 5
1 18 7
1 18 11
1 18 13
1 18 16
1 18 17
1 18 18
1 18 20
1 18 23
1 18 24
1 18 26
1 18 29
1 18 30
1 18 35
1 18 36
1 19 0
1 19 2
1 19 5
1 19 8
1 19 14
1 19 17
1 19 19
1 19 22
1 19 25
1 19 30
1 19 31
1 19 32
1 19 33
1 19 37
1 20 2
1 20 4
1 20 5
1 20 6
1 20 8
1 20 11
1 20 15
1 20 16
1 20 18
1 20 21
1 20 22
1 20 23
1 20 29
1 20 32
1 20 33
1 20 34
1 21 1
1 21 2
1 21 3
1 21 5
1 21 10
1 21 18
1 21 23
1 21 24
1 21 25
1 21 26
1 21 30
1 21 32
1 21 33
1 21 35
1 21 37
1 22 2
1 22 3
1 22 6
1 22 7
1 22 9
1 22 10
1 22 14
1 22 17
1 22 18
1 22 19
1 22 21
1 22 22
1 22 23
1 22 24
1 22 25
1 22 27
1 22 28
1 22 31
1 22 33
1 22 35
1 22 37
1 23 0
1 23 1
1 23 3
1 23 8
1 23 10
1 23 12
1 23 13
1 23 18
1 23 19
1 23 20
1 23 23
1 23 25
1 23 27
1 23 29
1 23 30
1 23 32
1 23 35
1 24 1
1 24 2
1 24 3
1 24 6
1 24 10
1 24 12
1 24 15
1 24 19
1 24 20
1 24 24
1 24 29
1 24 33
1 25 1
1 25 4
1 25 6
1 25 7
1 25 8
1 25 15
1 25 16
1 25 19
1 25 25
1 25 27
1 25 30
1 26 2
1 26 3
1 26 6
1 26 7
1 26 8
1 26 9
1 26 11
1 26 14
1 26 15
1 26 19
1 26 20
1 26 21
1 26 22
1 26 24
1 26 26
1 26 27
1 26 34
1 26 35
1 26 37
1 27 1
1 27 3
1 27 6
1 27 7
1 27 8
1 27 16
1 27 18
1 27 19
1 27 20
1 27 21
1 27 22
1 27 24
1 27 25
1 27 30
1 27 31
1 27 35
1 27 36
1 28 1
1 28 2
1 28 4
1 28 5
1 28 6
1 28 7
1 28 8
1 28 10
1 28 11
1 28 12
1 28 15
1 28 16
1 28 19
1 28 26
1 28 28
1 29 0
1 29 3
1 29 5
1 29 7
1 29 8
1 29 9
1 29 10
1 29 12
1 29 17
1 29 19
1 29 25
1 29 26
1 29 31
1 29 33
1 29 34
1 29 37
1 30 0
1 30 6
1 30 7
1 30 8
1 30 10
1 30 11
1 30 12
1 30 15
1 30 16
1 30 21
1 30 23
1 30 26
1 30 29
1 30 31
1 30 32
1 30 35
1 30 36
1 31 2
1 31 3
1 31 4
1 31 7
1 31 8
1 31 10
1 31 14
1 31 16
1 31 17
1 31 18
1 31 19
1 31 20
1 31 21
1 31 22
1 31 27
1 31 28
1 31 31
1 31 33
1 31 35
1 32 0
1 32 10
1 32 11
1 32 14
1 32 15
1 32 17
1 32 18
1 32 23
1 32 24
1 32 27
1 32 28
1 32 29
1 32 32
1 32 35
1 33 0
1 33 1
1 33 5
1 33 6
1 33 11
1 33 22
1 33 25
1 33 28
1 33 32
1 33 34
1 33 36
1 34 2
1 34 3
1 34 4
1 34 6
1 34 10
1 34 15
1 34 17
1 34 18
1 34 20
1 34 21
1 34 30
1 34 35
1 35 0
1 35 1
1 35 6
1 35 7
1 35 8
1 35 15
1 35 16
1 35 20
1 35 21
1 35 25
1 35 26
1 35 27
1 35 29
1 35 30
1 35 31
1 35 32
1 35 35
1 36 0
1 36 1
1 36 2
1 36 3
1 36 8
1 36 10
1 36 11
1 36 12
1 36 15
1 36 16
1 36 17
1 36 19
1 36 20
1 36 24
1 36 25
1 36 26
1 36 29
1 36 30
1 36 31
1 36 33
1 36 36
1 36 37
1 37 2
1 37 4
1 37 7
1 37 8
1 37 12
1 37 14
1 37 17
1 37 19
1 37 21
1 37 23
1 37 26
1 37 27
1 37 29
1 37 30
1 37 31
1 37 32
1 37 33
1 37 36
2 0 4
2 0 7
2 0 8
2 0 11
2 0 14
2 0 15
2 0 16
2 0 17
2 0 21
2 0 23
2 0 24
2 0 25
2 0 26
2 0 27
2 0 33
2 0 35
2 1 1
2 1 9
2 1 15
2 1 21
2 1 22
2 1 27
2 1 31
2 1 32
2 2 0
2 2 3
2 2 4
2 2 6
2 2 7
2 2 8
2 2 15
2 2 16
2 2 18
2 2 19
2 2 21
2 2 23
2 2 27
2 2 29
2 2 30
2 2 32
2 2 34
2 2 36
2 3 1
2 3 5
2 3 13
2 3 14
2 3 15
2 3 16
2 3 18
2 3 20
2 3 24
2 3 28
2 3 32
2 3 34
2 3 36
2 4 0
2 4 2
2 4 5
2 4 7
2 4 9
2 4 14
2 4 15
2 4 18
2 4 19
2 4 22
2 4 28
2 4 29
2 4 30
2 4 32
2 4 34
2 4 36
2 5 2
2 5 4
2 5 5
2 5 9
2 5 14
2 5 17
2 5 20
2 5 21
2 5 22
2 5 24
2 5 25
2 5 27
2 5 30
2 6 3
2 6 4
2 6 7
2 6 10
2 6 15
2 6 18
2 6 20
2 6 23
2 6 24
2 6 26
2 6 27
2 6 30
2 6 32
2 6 33
2 6 34
2 7 2
2 7 3
2 7 4
2 7 5
2 7 7
2 7 8
2 7 11
2 7 15
2 7 16
2 7 17
2 7 18
2 7 19
2 7 24
2 7 25
2 7 27
2 7 28
2 7 29
2 7 31
2 7 33
2 7 36
2 8 2
2 8 4
2 8 5
2 8 11
2 8 14
2 8 16
2 8 17
2 8 21
2 8 23
2 8 24
2 8 26
2 8 29
2 8 34
2 9 1
2 9 5
2 9 10
2 9 16
2 9 17
2 9 21
2 9 22
2 9 24
2 9 25
2 9 27
2 9 28
2 9 31
2 9 35
2 9 36
2 10 0
2 10 6
2 10 8
2 10 9
2 10 12
2 10 19
2 10 21
2 10 22
2 10 31
2 10 34
2 10 35
2 11 3
2 11 18
2 11 26
2 11 30
2 11 34
2 11 36
2 12 2
2 12 7
2 12 8
2 12 9
2 12 11
2 12 15
2 12 17
2 12 22
2 12 23
2 12 25
2 12 26
2 12 27
2 12 29
2 12 30
2 12 32
2 13 1
2 13 6
2 13 12
2 13 17
2 13 18
2 13 22
2 13 27
2 13 29
2 14 0
2 14 9
2 14 12
2 14 14
2 14 15
2 14 17
2 14 18
2 14 21
2 14 22
2 14 24
2 14 25
2 14 26
2 14 27
2 14 28
2 14 32
2 14 33
2 14 35
2 15 2
2 15 3
2 15 7
2 15 8
2 15 9
2 15 14
2 15 15
2 15 17
2 15 19
2 15 20
2 15 23
2 15 26
2 15 27
2 15 28
2 15 29
2 15 32
2 15 35
2 16 0
2 16 2
2 16 5
2 16 10
2 16 13
2 16 14
2 16 15
2 16 16
2 16 18
2 16 21
2 16 22
2 16 24
2 16 27
2 16 28
2 16 31
2 16 33
2 16 35
2 16 36
2 17 2
2 17 10
2 17 13
2 17 15
2 17 16
2 17 19
2 17 21
2 17 22
2 17 26
2 17 27
2 17 29
2 17 31
2 17 33
2 17 34
2 17 35
2 18 2
2 18 3
2 18 8
2 18 9
2 18 14
2 18 15
2 18 16
2 18 18
2 18 19
2 18 21
2 18 22
2 18 24
2 18 30
2 18 35
2 18 36
2 19 2
2 19 7
2 19 10
2 19 11
2 19 12
2 19 14
2 19 15
2 19 17
2 19 18
2 19 19
2 19 24
2 19 25
2 19 28
2 19 29
2 19 30
2 19 33
2 20 0
2 20 4
2 20 5
2 20 6
2 20 10
2 20 18
2 20 19
2 20 25
2 20 27
2 20 29
2 20 31
2 20 33
2 21 0
2 21 3
2 21 4
2 21 8
2 21 10
2 21 11
2 21 15
2 21 16
2 21 17
2 21 21
2 21 23
2 21 31
2 21 33
2 21 36
2 22 3
2 22 5
2 22 6
2 22 8
2 22 9
2 22 18
2 22 21
2 22 22
2 22 24
2 22 25
2 22 28
2 22 31
2 22 36
2 23 6
2 23 7
2 23 8
2 23 12
2 23 19
2 23 20
2 23 34
2 23 35
2 24 0
2 24 4
2 24 5
2 24 8
2 24 10
2 24 16
2 24 17
2 24 23
2 24 27
2 24 31
2 24 32
2 24 33
2 24 35
2 25 0
2 25 2
2 25 3
2 25 4
2 25 5
2 25 7
2 25 10
2 25 11
2 25 14
2 25 15
2 25 22
2 25 23
2 25 25
2 25 26
2 25 27
2 25 28
2 25 29
2 25 30
2 26 2
2 26 4
2 26 6
2 26 7
2 26 9
2 26 10
2 26 11
2 26 17
2 26 19
2 26 20
2 26 23
2 26 25
2 26 28
2 26 29
2 26 30
2 26 34
2 26 35
2 27 3
2 27 4
2 27 5
2 27 6
2 27 11
2 27 16
2 27 17
2 27 18
2 27 21
2 27 22
2 27 24
2 27 28
2 27 30
2 27 32
2 27 33
2 27 34
2 27 35
2 27 36
2 28 5
2 28 6
2 28 12
2 28 13
2 28 20
2 28 30
2 28 33
2 28 35
2 28 36
2 29 0
2 29 2
2 29 6
2 29 9
2 29 19
2 29 20
2 29 21
2 29 22
2 29 23
2 29 26
2 29 27
2 29 28
2 29 30
2 29 32
2 29 35
2 29 36
2 30 0
2 30 4
2 30 5
2 30 6
2 30 7
2 30 9
2 30 11
2 30 17
2 30 19
2 30 21
2 30 22
2 30 23
2 30 25
2 30 28
2 30 30
2 30 31
2 30 34
2 30 35
2 31 2
2 31 4
2 31 8
2 31 10
2 31 15
2 31 20
2 31 22
2 31 23
2 31 25
2 31 26
2 31 29
2 31 30
2 31 31
2 31 35
2 32 1
2 32 5
2 32 9
2 32 10
2 32 14
2 32 19
2 32 21
2 32 22
2 32 24
2 32 29
2 32 30
2 32 32
2 32 34
2 33 5
2 33 7
2 33 8
2 33 9
2 33 11
2 33 15
2 33 19
2 33 20
2 33 23
2 33 24
2 33 26
2 33 30
2 33 36
2 34 6
2 34 28
2 35 0
2 35 2
2 35 3
2 35 4
2 35 8
2 35 11
2 35 13
2 35 17
2 35 18
2 35 19
2 35 21
2 35 27
2 35 29
2 35 30
2 35 31
2 35 32
2 35 34
2 35 36
2 36 6
2 36 9
2 36 12
2 36 13
2 36 14
2 36 20
2 36 21
2 36 35
2 37 2
2 37 3
2 37 4
2 37 9
2 37 10
2 37 11
2 37 14
2 37 15
2 37 16
2 37 17
2 37 20
2 37 23
2 37 24
2 37 28
2 37 29
2 37 34
2 37 35