6670
8
11 11 12 11 11 11 12 11
253

54 64 83 99 136 236 343 436 330 514 229
31 60 36 179 36 952 555 100 82 40 351
225 46 53 107 328 903 265 81 837 739 3 725
0 48 822 870 829 44 47 742 666 82 892
100 27 342 204 33 100 87 68 41 543 867
378 87 95 25 256 87 51 174 57 23 790
30 144 80 13 36 311 37 62 73 150 444 65
403 835 975 15 403 48 1 975 53 451 7

0 0 1
0 0 10
0 1 1
0 1 2
0 1 8
0 2 0
0 2 7
0 3 10
0 4 3
0 4 8
0 4 9
0 5 3
0 5 10
0 6 0
0 6 5
0 6 10
0 7 0
0 7 3
0 7 5
0 7 6
0 7 7
0 7 10
0 8 0
0 8 3
0 8 4
0 8 5
0 8 6
0 8 10
0 9 0
0 9 5
0 9 6
0 9 10
0 10 5
0 10 6
0 10 9
1 0 0
1 0 6
1 0 7
1 0 8
1 0 11
1 1 9
1 1 10
1 3 3
1 3 4
1 3 5
1 3 7
1 3 8
1 3 10
1 4 1
1 5 3
1 5 6
1 5 7
1 5 9
1 5 11
1 6 0
1 6 2
1 6 6
1 6 9
1 6 11
1 7 1
1 7 9
1 9 1
1 9 6
1 9 7
1 10 0
1 10 3
1 10 8
1 10 9
2 0 2
2 0 5
2 0 7
2 1 2
2 2 0
2 2 6
2 2 8
2 2 9
2 2 10
2 3 2
2 3 3
2 3 4
2 3 7
2 3 8
2 4 2
2 4 7
2 5 1
2 5 2
2 5 4
2 5 5
2 5 10
2 6 0
2 6 3
2 6 4
2 6 5
2 6 7
2 7 1
2 7 4
2 8 0
2 8 2
2 8 3
2 8 4
2 8 5
2 8 7
2 9 0
2 9 2
2 9 4
2 9 7
2 10 1
2 10 4
2 10 6
2 10 9
2 10 10
2 11 0
2 11 2
2 11 5
2 11 8
3 0 2
3 0 7
3 0 10
3 1 0
3 1 4
3 1 5
3 2 1
3 2 2
3 2 3
3 2 5
3 2 10
3 3 3
3 3 4
3 3 5
3 3 9
3 4 2
3 4 8
3 4 10
3 5 0
3 5 2
3 5 4
3 5 8
3 5 9
3 6 10
3 7 1
3 7 2
3 7 3
3 7 7
3 8 2
3 8 4
3 8 9
3 8 10
3 9 3
3 9 4
3 9 6
3 10 4
3 10 7
3 10 9
4 0 2
4 0 8
4 0 9
4 1 9
4 2 0
4 2 4
4 2 9
4 2 10
4 3 2
4 3 7
4 4 7
4 4 8
4 5 3
4 5 8
4 6 8
4 7 8
4 8 3
4 8 8
4 9 4
4 9 10
4 10 0
4 10 3
4 10 4
4 10 6
4 10 7
4 10 10
5 0 0
5 0 1
5 0 10
5 1 4
5 1 10
5 2 1
5 2 3
5 2 8
5 3 3
5 3 8
5 4 4
5 4 6
5 4 11
5 5 1
5 5 6
5 5 7
5 5 11
5 6 1
5 6 5
5 6 7
5 6 9
5 6 10
5 6 11
5 7 5
5 7 6
5 7 9
5 8 2
5 8 6
5 8 7
5 8 8
5 8 11
5 9 1
5 9 2
5 9 8
5 10 0
5 10 1
5 10 10
6 0 0
6 0 1
6 0 7
6 0 8
6 0 9
6 0 10
6 1 0
6 1 1
6 1 2
6 1 4
6 1 9
6 2 8
6 2 9
6 3 0
6 3 3
6 4 6
6 5 4
6 5 7
6 6 1
6 6 4
6 6 6
6 7 0
6 7 3
6 7 5
6 7 8
6 9 1
6 9 5
6 9 6
6 9 7
6 9 9
6 10 0
6 10 1
6 10 2
6 10 3
6 11 0
6 11 6
6 11 7