4893
6
30 30 30 30 30 30
1278

36 875 746 16 24 15 143 3 116 55 645 739 98 88 64 801 95 13 63 69 41 276 327 92 64 74 38 9 95 238
45 8 62 248 78 71 10 62 14 81 86 0 101 54 27 202 62 76 68 174 21 4 40 52 288 2 28 0 20 14
691 19 27 52 46 900 629 26 50 87 90 61 82 57 88 350 0 220 238 24 517 117 358 87 74 56 16 4 14 556
48 99 15 14 9 85 900 470 962 743 14 69 836 93 226 403 63 226 277 53 56 80 54 54 95 23 730 334 936 74
39 416 240 75 75 672 45 56 19 55 153 52 5 26 14 86 25 35 81 220 92 355 35 349 36 0 83 907 20 209
703 8 53 47 65 444 283 0 13 18 82 4 48 486 968 100 58 565 71 27 16 19 60 563 638 28 2 593 87 501

0 0 2
0 0 5
0 0 9
0 0 13
0 0 15
0 0 27
0 0 28
0 1 5
0 1 15
0 1 19
0 1 20
0 1 22
0 1 25
0 1 26
0 2 9
0 2 12
0 2 13
0 2 18
0 2 24
0 3 1
0 3 6
0 3 11
0 3 14
0 3 18
0 3 20
0 3 21
0 3 27
0 4 0
0 4 4
0 4 14
0 4 16
0 4 17
0 4 23
0 4 24
0 4 25
0 4 26
0 4 27
0 5 1
0 5 2
0 5 3
0 5 4
0 5 14
0 5 20
0 6 3
0 6 5
0 6 10
0 6 12
0 6 14
0 6 16
0 6 21
0 6 24
0 6 25
0 6 27
0 7 1
0 7 10
0 7 11
0 7 14
0 7 21
0 7 22
0 8 1
0 8 5
0 8 16
0 8 19
0 8 25
0 9 0
0 9 1
0 9 3
0 9 8
0 9 16
0 9 17
0 9 20
0 9 22
0 10 10
0 10 12
0 10 15
0 10 27
0 11 1
0 11 9
0 11 10
0 11 11
0 11 12
0 11 17
0 11 18
0 11 23
0 11 28
0 12 0
0 12 4
0 12 6
0 12 7
0 12 8
0 12 14
0 12 19
0 12 21
0 12 23
0 12 25
0 13 1
0 13 3
0 13 5
0 13 7
0 13 8
0 13 9
0 13 20
0 13 21
0 13 22
0 13 25
0 13 26
0 13 28
0 13 29
0 14 0
0 14 9
0 14 11
0 14 14
0 14 16
0 14 25
0 14 28
0 15 3
0 15 5
0 15 12
0 15 15
0 15 16
0 15 24
0 16 2
0 16 4
0 16 9
0 16 14
0 16 17
0 16 26
0 16 27
0 17 2
0 17 3
0 17 5
0 17 6
0 17 13
0 17 14
0 17 21
0 17 22
0 17 24
0 18 0
0 18 1
0 18 5
0 18 7
0 18 11
0 18 12
0 18 13
0 18 14
0 18 16
0 18 17
0 18 25
0 18 26
0 18 27
0 18 28
0 18 29
0 19 1
0 19 4
0 19 9
0 19 11
0 19 14
0 19 17
0 20 4
0 20 5
0 20 6
0 20 9
0 20 10
0 20 16
0 20 21
0 20 22
0 20 23
0 21 0
0 21 5
0 21 12
0 22 1
0 22 3
0 22 10
0 22 15
0 22 19
0 22 23
0 22 24
0 22 28
0 23 1
0 23 3
0 23 4
0 23 6
0 23 9
0 23 18
0 23 20
0 23 21
0 23 29
0 24 1
0 24 4
0 24 5
0 24 7
0 24 10
0 24 21
0 24 22
0 24 24
0 24 25
0 24 28
0 25 1
0 25 5
0 25 6
0 25 10
0 25 17
0 25 18
0 25 20
0 25 21
0 25 25
0 25 27
0 25 29
0 26 1
0 26 5
0 26 6
0 26 13
0 26 14
0 26 15
0 26 16
0 26 26
0 26 27
0 26 28
0 27 1
0 27 4
0 27 5
0 27 7
0 27 9
0 27 14
0 27 16
0 27 18
0 27 22
0 27 28
0 27 29
0 28 1
0 28 2
0 28 3
0 28 6
0 28 7
0 28 10
0 28 11
0 28 16
0 28 22
0 28 28
0 29 0
0 29 7
0 29 12
0 29 15
0 29 16
0 29 17
0 29 18
0 29 23
0 29 27
1 0 5
1 0 9
1 0 12
1 0 14
1 0 24
1 0 28
1 1 1
1 1 3
1 1 4
1 1 8
1 1 13
1 1 17
1 1 18
1 1 21
1 1 27
1 2 2
1 2 3
1 2 6
1 2 12
1 2 13
1 2 15
1 2 19
1 2 23
1 2 24
1 2 25
1 3 3
1 3 4
1 3 5
1 3 10
1 3 14
1 3 15
1 3 16
1 3 21
1 3 22
1 3 23
1 3 25
1 3 28
1 3 29
1 4 3
1 4 4
1 4 9
1 4 11
1 4 12
1 4 23
1 4 26
1 4 27
1 4 28
1 5 5
1 5 9
1 5 11
1 5 13
1 5 14
1 5 17
1 5 21
1 5 24
1 5 25
1 5 29
1 6 1
1 6 4
1 6 5
1 6 7
1 6 9
1 6 10
1 6 14
1 6 18
1 6 19
1 6 20
1 6 24
1 6 25
1 6 28
1 7 1
1 7 2
1 7 4
1 7 9
1 7 10
1 7 12
1 7 19
1 8 8
1 8 9
1 8 10
1 8 18
1 8 22
1 8 23
1 8 24
1 8 25
1 8 28
1 9 8
1 9 12
1 9 16
1 9 18
1 9 25
1 9 26
1 9 27
1 10 0
1 10 1
1 10 2
1 10 3
1 10 6
1 10 11
1 10 14
1 10 16
1 10 22
1 10 26
1 10 27
1 11 2
1 11 3
1 11 13
1 11 23
1 11 25
1 11 28
1 12 5
1 12 7
1 12 13
1 12 15
1 12 16
1 12 18
1 12 20
1 12 22
1 12 26
1 12 28
1 13 0
1 13 2
1 13 5
1 13 11
1 13 13
1 13 16
1 13 21
1 13 24
1 13 26
1 13 28
1 14 0
1 14 4
1 14 7
1 14 9
1 14 10
1 14 15
1 14 17
1 14 23
1 14 29
1 15 0
1 15 4
1 15 5
1 15 15
1 15 17
1 15 20
1 15 25
1 16 0
1 16 3
1 16 7
1 16 8
1 16 10
1 16 11
1 16 13
1 16 17
1 16 21
1 16 24
1 16 26
1 17 3
1 17 4
1 17 5
1 17 6
1 17 7
1 17 16
1 17 21
1 17 23
1 17 27
1 18 4
1 18 8
1 18 9
1 18 15
1 18 19
1 18 23
1 18 24
1 19 2
1 19 4
1 19 9
1 19 10
1 19 11
1 19 15
1 19 19
1 19 23
1 19 26
1 20 8
1 20 14
1 20 16
1 20 19
1 20 20
1 20 24
1 20 27
1 21 2
1 21 4
1 21 6
1 21 7
1 21 8
1 21 12
1 21 13
1 21 19
1 21 21
1 21 25
1 21 26
1 22 2
1 22 4
1 22 8
1 22 11
1 22 16
1 22 18
1 22 19
1 22 27
1 23 0
1 23 2
1 23 6
1 23 10
1 23 11
1 23 12
1 23 14
1 23 15
1 23 16
1 23 19
1 23 21
1 23 24
1 23 25
1 23 28
1 23 29
1 24 5
1 24 8
1 24 27
1 24 28
1 25 1
1 25 3
1 25 4
1 25 8
1 25 9
1 25 15
1 25 24
1 25 28
1 25 29
1 26 6
1 26 8
1 26 12
1 26 13
1 26 22
1 27 2
1 27 3
1 27 8
1 27 9
1 27 10
1 27 12
1 27 15
1 27 23
1 27 26
1 27 27
1 27 29
1 28 0
1 28 1
1 28 2
1 28 7
1 28 8
1 28 10
1 28 13
1 28 14
1 28 19
1 28 27
1 29 2
1 29 3
1 29 4
1 29 12
1 29 15
1 29 17
1 29 19
1 29 24
1 29 27
2 0 7
2 0 17
2 0 20
2 0 23
2 0 24
2 0 27
2 1 0
2 1 2
2 1 5
2 1 9
2 1 13
2 1 14
2 1 16
2 1 18
2 1 19
2 1 20
2 1 21
2 1 23
2 1 24
2 1 26
2 1 29
2 2 3
2 2 4
2 2 6
2 2 9
2 2 18
2 2 20
2 2 23
2 3 0
2 3 4
2 3 10
2 3 11
2 3 17
2 3 19
2 3 20
2 3 22
2 3 24
2 3 26
2 3 27
2 4 0
2 4 2
2 4 3
2 4 5
2 4 12
2 4 19
2 4 21
2 4 26
2 5 8
2 5 9
2 5 10
2 5 15
2 5 17
2 5 27
2 6 3
2 6 4
2 6 12
2 6 17
2 6 18
2 6 23
2 6 27
2 6 29
2 7 2
2 7 4
2 7 8
2 7 12
2 7 13
2 7 15
2 7 19
2 7 20
2 7 22
2 7 23
2 7 24
2 7 25
2 8 2
2 8 4
2 8 9
2 8 11
2 8 17
2 8 18
2 8 19
2 8 21
2 8 24
2 8 25
2 9 0
2 9 1
2 9 2
2 9 3
2 9 8
2 9 14
2 9 16
2 9 22
2 9 23
2 9 25
2 9 28
2 9 29
2 10 0
2 10 2
2 10 5
2 10 10
2 10 11
2 10 13
2 10 14
2 10 16
2 10 19
2 10 21
2 10 22
2 11 1
2 11 10
2 11 12
2 11 14
2 11 16
2 11 22
2 11 23
2 11 24
2 12 4
2 12 5
2 12 8
2 12 13
2 12 14
2 12 17
2 12 21
2 12 23
2 12 24
2 12 25
2 13 1
2 13 2
2 13 4
2 13 5
2 13 9
2 13 10
2 13 13
2 13 21
2 13 24
2 13 25
2 13 26
2 13 27
2 13 28
2 13 29
2 14 0
2 14 1
2 14 2
2 14 29
2 15 7
2 15 11
2 15 12
2 15 15
2 15 25
2 15 26
2 16 4
2 16 9
2 16 13
2 16 20
2 16 22
2 16 29
2 17 3
2 17 6
2 17 7
2 17 12
2 17 13
2 17 15
2 17 17
2 17 18
2 17 21
2 17 23
2 17 26
2 17 28
2 18 4
2 18 7
2 18 11
2 18 17
2 18 20
2 18 24
2 18 25
2 18 26
2 19 0
2 19 1
2 19 4
2 19 7
2 19 13
2 19 25
2 20 2
2 20 9
2 20 12
2 20 14
2 20 17
2 20 24
2 20 25
2 20 26
2 21 1
2 21 5
2 21 7
2 21 8
2 21 16
2 21 26
2 21 27
2 21 28
2 22 0
2 22 6
2 22 9
2 22 15
2 22 18
2 22 21
2 22 29
2 23 0
2 23 7
2 23 20
2 23 23
2 23 25
2 24 0
2 24 3
2 24 4
2 24 5
2 24 8
2 24 13
2 24 15
2 24 16
2 24 17
2 24 18
2 24 19
2 24 20
2 24 22
2 24 23
2 24 24
2 24 29
2 25 1
2 25 2
2 25 14
2 25 15
2 25 16
2 25 18
2 25 19
2 25 21
2 25 28
2 26 1
2 26 2
2 26 3
2 26 5
2 26 8
2 26 10
2 26 18
2 26 20
2 26 22
2 26 24
2 26 28
2 27 3
2 27 4
2 27 5
2 27 6
2 27 7
2 27 13
2 27 14
2 27 16
2 27 19
2 27 20
2 27 21
2 27 24
2 27 25
2 27 28
2 28 1
2 28 10
2 28 20
2 28 21
2 28 25
2 28 27
2 29 5
2 29 12
2 29 14
2 29 16
2 29 17
2 29 18
2 29 27
2 29 29
3 0 23
3 0 24
3 0 28
3 1 0
3 1 6
3 1 8
3 1 16
3 1 24
3 1 28
3 2 0
3 2 3
3 2 7
3 2 9
3 2 10
3 2 15
3 2 26
3 3 0
3 3 3
3 3 10
3 3 11
3 3 16
3 3 22
3 3 23
3 3 24
3 3 25
3 4 0
3 4 1
3 4 2
3 4 3
3 4 5
3 4 8
3 4 14
3 4 15
3 4 17
3 4 26
3 4 28
3 5 11
3 5 12
3 5 17
3 5 19
3 5 20
3 5 26
3 6 1
3 6 2
3 6 4
3 6 6
3 6 7
3 6 11
3 6 16
3 6 17
3 6 20
3 6 21
3 6 28
3 7 5
3 7 9
3 7 12
3 7 13
3 7 19
3 7 23
3 7 27
3 7 29
3 8 4
3 8 5
3 8 26
3 8 27
3 9 1
3 9 9
3 9 11
3 9 21
3 9 22
3 9 24
3 9 26
3 10 1
3 10 3
3 10 4
3 10 9
3 10 10
3 10 11
3 10 13
3 10 15
3 10 16
3 10 17
3 10 18
3 10 20
3 10 22
3 10 24
3 10 25
3 10 28
3 11 6
3 11 7
3 11 11
3 11 12
3 11 13
3 11 15
3 11 18
3 11 21
3 11 22
3 11 27
3 12 10
3 12 16
3 12 18
3 12 28
3 13 0
3 13 3
3 13 5
3 13 7
3 13 8
3 13 14
3 13 18
3 13 19
3 13 26
3 13 29
3 14 4
3 14 9
3 14 12
3 14 16
3 14 25
3 14 27
3 14 28
3 14 29
3 15 10
3 15 11
3 15 15
3 15 16
3 15 22
3 15 23
3 15 28
3 16 0
3 16 5
3 16 6
3 16 9
3 16 10
3 16 13
3 16 16
3 16 17
3 16 18
3 16 20
3 16 24
3 16 27
3 16 28
3 16 29
3 17 1
3 17 2
3 17 8
3 17 12
3 17 14
3 17 17
3 17 18
3 17 20
3 17 21
3 17 24
3 17 25
3 18 16
3 18 23
3 19 0
3 19 3
3 19 8
3 19 9
3 19 12
3 19 13
3 19 14
3 19 15
3 19 17
3 19 18
3 19 23
3 19 24
3 20 4
3 20 5
3 20 7
3 20 8
3 20 10
3 20 14
3 20 18
3 20 25
3 21 7
3 21 11
3 21 14
3 21 15
3 21 18
3 21 23
3 21 26
3 22 1
3 22 2
3 22 5
3 22 9
3 22 15
3 23 2
3 23 3
3 23 6
3 23 8
3 23 9
3 23 11
3 23 16
3 23 18
3 23 26
3 24 1
3 24 3
3 24 6
3 24 11
3 24 13
3 24 14
3 24 15
3 24 17
3 24 22
3 25 0
3 25 6
3 25 9
3 25 12
3 25 15
3 25 20
3 25 21
3 25 25
3 25 26
3 25 28
3 26 2
3 26 3
3 26 10
3 26 15
3 26 16
3 26 21
3 27 3
3 27 5
3 27 6
3 27 10
3 27 14
3 27 22
3 27 25
3 27 27
3 27 28
3 27 29
3 28 2
3 28 5
3 28 13
3 28 22
3 28 25
3 29 3
3 29 4
3 29 6
3 29 9
3 29 12
3 29 15
3 29 20
3 29 22
3 29 24
3 29 25
4 0 4
4 0 5
4 0 19
4 0 21
4 0 23
4 0 29
4 1 13
4 1 17
4 1 19
4 1 29
4 2 6
4 2 10
4 2 18
4 2 20
4 2 24
4 2 28
4 3 4
4 3 9
4 3 13
4 3 18
4 3 19
4 3 22
4 3 24
4 3 25
4 4 2
4 4 7
4 4 8
4 4 20
4 4 27
4 5 1
4 5 5
4 5 9
4 5 25
4 5 28
4 6 2
4 6 3
4 6 7
4 6 10
4 6 17
4 6 18
4 6 20
4 6 21
4 6 26
4 6 27
4 7 4
4 7 16
4 7 26
4 8 3
4 8 4
4 8 8
4 8 16
4 8 18
4 8 19
4 8 22
4 8 23
4 9 0
4 9 2
4 9 5
4 9 9
4 9 11
4 9 13
4 9 17
4 9 18
4 9 19
4 9 21
4 9 22
4 9 26
4 10 5
4 10 6
4 10 11
4 10 13
4 10 15
4 10 19
4 10 21
4 10 26
4 10 29
4 11 6
4 11 9
4 11 12
4 11 14
4 11 17
4 11 24
4 12 3
4 12 4
4 12 9
4 12 18
4 12 19
4 12 20
4 12 22
4 12 25
4 12 28
4 13 1
4 13 8
4 13 9
4 13 10
4 13 11
4 13 15
4 13 16
4 13 21
4 13 22
4 13 25
4 13 26
4 13 28
4 14 3
4 14 6
4 14 7
4 14 9
4 14 14
4 14 22
4 14 25
4 15 1
4 15 3
4 15 7
4 15 8
4 15 13
4 15 19
4 15 23
4 15 25
4 15 28
4 16 1
4 16 4
4 16 7
4 16 9
4 16 15
4 16 21
4 16 23
4 16 26
4 17 9
4 17 16
4 17 17
4 17 18
4 17 20
4 17 28
4 18 2
4 18 8
4 18 12
4 18 14
4 18 17
4 18 19
4 18 20
4 18 25
4 19 4
4 19 6
4 19 7
4 19 8
4 19 9
4 19 14
4 19 15
4 19 17
4 19 20
4 19 23
4 19 26
4 20 1
4 20 3
4 20 7
4 20 11
4 20 13
4 20 17
4 20 19
4 20 26
4 21 1
4 21 4
4 21 6
4 21 7
4 21 12
4 21 14
4 21 15
4 21 21
4 21 25
4 21 27
4 21 29
4 22 4
4 22 5
4 22 7
4 22 10
4 22 14
4 22 15
4 22 16
4 22 18
4 22 19
4 22 21
4 22 26
4 23 0
4 23 4
4 23 7
4 23 8
4 23 10
4 23 14
4 23 16
4 23 22
4 23 24
4 24 7
4 24 8
4 24 10
4 24 14
4 24 15
4 24 21
4 24 23
4 24 24
4 24 25
4 25 4
4 25 7
4 25 12
4 25 13
4 25 16
4 25 19
4 25 20
4 25 22
4 25 24
4 25 29
4 26 6
4 26 7
4 26 11
4 26 18
4 26 21
4 26 22
4 26 25
4 26 26
4 26 27
4 26 29
4 27 7
4 27 15
4 27 23
4 27 28
4 27 29
4 28 3
4 28 4
4 28 7
4 28 8
4 28 15
4 28 17
4 28 19
4 28 23
4 28 26
4 29 2
4 29 6
4 29 9
4 29 17
4 29 20
4 29 21
4 29 23
4 29 24