4674
6
25 25 25 25 25 25
954

91 36 738 72 51 815 36 567 44 573 699 893 896 5 478 67 712 29 808 40 50 836 853 99 547
36 67 516 374 48 43 615 89 42 412 30 44 10 818 48 7 475 78 10 686 375 51 48 507 85
93 56 8 2 30 945 94 79 46 67 195 0 46 59 98 38 724 452 32 10 250 462 260 4 13
252 95 677 7 25 56 57 16 51 95 90 197 25 100 207 451 987 510 26 73 68 839 61 993 851
842 748 383 108 22 985 98 29 530 853 37 755 20 423 315 76 47 72 72 990 902 763 63 43 25
186 31 2 28 648 261 93 72 4 69 69 157 102 513 13 52 70 17 694 73 50 80 277 83 13

0 0 1
0 0 4
0 0 8
0 0 12
0 0 13
0 0 24
0 1 3
0 1 5
0 1 7
0 1 8
0 1 9
0 1 13
0 1 14
0 1 22
0 2 2
0 2 3
0 2 8
0 2 9
0 2 11
0 2 16
0 2 22
0 3 0
0 3 1
0 3 2
0 3 9
0 3 12
0 3 18
0 3 21
0 4 1
0 4 2
0 4 4
0 4 5
0 4 7
0 4 8
0 4 10
0 4 11
0 4 13
0 4 14
0 4 15
0 4 20
0 4 21
0 5 6
0 5 9
0 5 16
0 5 20
0 5 22
0 5 23
0 6 0
0 6 1
0 6 5
0 6 6
0 6 8
0 6 9
0 6 13
0 6 15
0 6 17
0 6 18
0 6 19
0 6 21
0 6 24
0 7 2
0 7 3
0 7 5
0 7 6
0 7 9
0 7 22
0 7 24
0 8 0
0 8 2
0 8 6
0 8 19
0 8 20
0 9 2
0 9 3
0 9 6
0 9 9
0 9 12
0 9 16
0 9 19
0 9 20
0 10 0
0 10 3
0 10 8
0 10 9
0 10 10
0 10 11
0 10 12
0 10 14
0 10 16
0 10 20
0 11 0
0 11 1
0 11 3
0 11 11
0 11 12
0 11 13
0 11 16
0 11 19
0 11 22
0 11 23
0 12 2
0 12 5
0 12 6
0 12 7
0 12 10
0 12 14
0 12 19
0 12 23
0 13 0
0 13 2
0 13 5
0 13 6
0 13 8
0 13 11
0 13 14
0 13 21
0 13 22
0 14 3
0 14 19
0 14 20
0 14 23
0 15 0
0 15 3
0 15 4
0 15 5
0 15 10
0 15 11
0 15 14
0 15 17
0 15 22
0 15 23
0 15 24
0 16 6
0 16 9
0 16 10
0 16 13
0 16 14
0 16 16
0 16 19
0 16 20
0 17 6
0 17 9
0 17 12
0 17 15
0 17 16
0 17 20
0 17 22
0 17 23
0 17 24
0 18 2
0 18 7
0 18 19
0 18 20
0 18 21
0 18 23
0 18 24
0 19 7
0 19 8
0 19 9
0 19 17
0 19 22
0 20 8
0 20 13
0 20 14
0 20 17
0 20 24
0 21 0
0 21 3
0 21 6
0 21 9
0 21 10
0 21 12
0 21 13
0 21 14
0 21 16
0 21 20
0 21 24
0 22 3
0 22 9
0 22 13
0 22 16
0 22 17
0 22 19
0 22 23
0 23 5
0 23 8
0 23 12
0 23 17
0 23 21
0 23 24
0 24 2
0 24 3
0 24 4
0 24 9
0 24 10
0 24 12
0 24 13
0 24 14
0 24 16
0 24 17
0 24 18
0 24 20
0 24 21
1 0 1
1 0 12
1 0 19
1 0 24
1 1 6
1 1 19
1 1 21
1 1 23
1 2 11
1 2 16
1 2 20
1 2 21
1 2 22
1 3 10
1 3 11
1 3 13
1 3 16
1 3 21
1 3 22
1 3 24
1 4 0
1 4 3
1 4 7
1 4 8
1 4 9
1 4 10
1 4 11
1 4 13
1 4 14
1 4 20
1 4 23
1 5 11
1 5 12
1 5 13
1 5 15
1 6 0
1 6 4
1 6 5
1 6 10
1 6 13
1 6 17
1 6 19
1 6 20
1 6 21
1 6 24
1 7 6
1 7 9
1 7 11
1 7 15
1 7 16
1 7 17
1 7 22
1 7 24
1 8 0
1 8 13
1 8 22
1 9 5
1 9 16
1 9 20
1 9 22
1 10 2
1 10 3
1 10 7
1 10 9
1 10 13
1 10 22
1 11 0
1 11 1
1 11 3
1 11 4
1 11 8
1 11 9
1 11 11
1 11 12
1 11 15
1 12 3
1 12 5
1 12 7
1 12 8
1 12 11
1 12 22
1 12 23
1 13 4
1 13 5
1 13 6
1 13 11
1 13 12
1 13 14
1 13 16
1 13 20
1 13 21
1 14 0
1 14 1
1 14 3
1 14 4
1 14 9
1 14 21
1 14 22
1 15 2
1 15 3
1 15 8
1 15 11
1 15 19
1 15 23
1 15 24
1 16 2
1 16 6
1 16 8
1 16 9
1 16 10
1 16 12
1 16 16
1 16 17
1 16 22
1 17 1
1 17 7
1 17 13
1 17 16
1 17 18
1 17 19
1 17 20
1 17 23
1 18 0
1 18 1
1 18 14
1 18 15
1 18 22
1 18 23
1 19 2
1 19 4
1 19 12
1 19 13
1 19 16
1 19 17
1 19 22
1 20 5
1 20 10
1 20 16
1 20 17
1 20 20
1 20 22
1 21 3
1 21 8
1 21 19
1 22 7
1 22 14
1 22 16
1 22 23
1 22 24
1 23 1
1 23 4
1 23 5
1 23 6
1 23 10
1 23 13
1 23 20
1 23 22
1 23 24
1 24 0
1 24 3
1 24 16
2 0 0
2 0 10
2 0 12
2 0 13
2 0 16
2 0 18
2 0 19
2 0 20
2 1 1
2 1 2
2 1 5
2 1 8
2 1 11
2 1 15
2 1 20
2 2 11
2 2 13
2 2 16
2 2 23
2 3 2
2 3 7
2 3 8
2 3 9
2 3 10
2 3 12
2 3 16
2 3 17
2 3 19
2 3 24
2 4 0
2 4 3
2 4 4
2 4 5
2 4 8
2 4 17
2 4 19
2 5 1
2 5 5
2 5 12
2 5 14
2 5 15
2 5 16
2 5 18
2 5 21
2 5 24
2 6 3
2 6 4
2 6 5
2 6 7
2 6 8
2 6 9
2 6 10
2 6 13
2 6 16
2 6 17
2 6 22
2 7 4
2 7 6
2 7 8
2 7 9
2 7 10
2 7 13
2 7 16
2 7 18
2 7 22
2 8 1
2 8 3
2 8 4
2 8 7
2 8 10
2 8 12
2 8 15
2 8 19
2 9 5
2 9 7
2 9 10
2 9 18
2 9 19
2 9 22
2 10 0
2 10 2
2 10 4
2 10 5
2 10 8
2 10 11
2 10 16
2 10 19
2 10 21
2 10 23
2 10 24
2 11 0
2 11 1
2 11 4
2 11 13
2 11 16
2 11 19
2 11 22
2 11 23
2 12 2
2 12 3
2 12 5
2 12 10
2 12 19
2 12 23
2 13 1
2 13 2
2 13 6
2 13 10
2 13 12
2 13 14
2 13 17
2 13 20
2 13 22
2 14 7
2 14 9
2 14 10
2 14 11
2 14 13
2 14 14
2 14 22
2 15 3
2 15 6
2 15 13
2 15 14
2 15 19
2 16 3
2 16 4
2 16 8
2 16 15
2 16 19
2 16 22
2 16 23
2 17 0
2 17 2
2 17 11
2 17 14
2 17 15
2 17 18
2 17 21
2 17 23
2 18 5
2 18 8
2 18 9
2 18 17
2 18 18
2 18 20
2 18 21
2 18 22
2 18 23
2 18 24
2 19 4
2 19 5
2 19 8
2 19 10
2 19 11
2 20 2
2 20 6
2 20 14
2 20 15
2 20 17
2 20 18
2 20 23
2 21 4
2 21 6
2 21 8
2 21 11
2 21 14
2 21 15
2 21 20
2 21 24
2 22 0
2 22 3
2 22 11
2 22 12
2 22 13
2 22 15
2 22 16
2 22 17
2 22 18
2 22 20
2 22 22
2 22 24
2 23 1
2 23 2
2 23 3
2 23 8
2 23 16
2 23 19
2 23 21
2 24 2
2 24 4
2 24 5
2 24 6
2 24 8
2 24 15
2 24 16
2 24 19
2 24 20
2 24 21
3 0 5
3 0 8
3 0 9
3 0 11
3 0 12
3 0 13
3 0 18
3 0 21
3 0 22
3 0 24
3 1 3
3 1 7
3 1 22
3 1 24
3 2 1
3 2 2
3 2 8
3 2 15
3 2 17
3 2 23
3 2 24
3 3 0
3 3 4
3 3 6
3 3 8
3 3 10
3 3 16
3 3 18
3 3 20
3 4 2
3 4 4
3 4 12
3 4 17
3 4 23
3 5 4
3 5 6
3 5 11
3 5 13
3 6 4
3 6 5
3 6 6
3 6 7
3 6 8
3 6 14
3 6 15
3 6 17
3 7 2
3 7 6
3 7 10
3 7 15
3 7 23
3 7 24
3 8 4
3 8 5
3 8 6
3 8 9
3 8 10
3 8 14
3 8 15
3 8 16
3 8 17
3 8 21
3 8 22
3 8 23
3 9 9
3 9 10
3 9 12
3 9 22
3 9 23
3 10 4
3 10 6
3 10 10
3 10 13
3 10 16
3 10 20
3 10 21
3 11 1
3 11 6
3 11 11
3 11 19
3 11 24
3 12 4
3 12 5
3 12 7
3 12 15
3 12 17
3 12 18
3 12 24
3 13 1
3 13 3
3 13 4
3 13 9
3 13 10
3 13 12
3 13 19
3 13 22
3 13 24
3 14 1
3 14 9
3 14 11
3 14 13
3 14 17
3 14 19
3 14 20
3 14 21
3 15 0
3 15 1
3 15 8
3 15 11
3 15 13
3 15 14
3 15 15
3 15 19
3 15 22
3 16 2
3 16 3
3 16 9
3 16 13
3 16 14
3 16 19
3 16 20
3 16 21
3 16 22
3 16 24
3 17 2
3 17 5
3 17 8
3 17 12
3 17 18
3 17 21
3 18 2
3 18 6
3 18 7
3 18 9
3 18 10
3 18 17
3 18 22
3 18 23
3 18 24
3 19 1
3 19 5
3 19 8
3 19 12
3 19 16
3 19 17
3 19 22
3 20 6
3 20 13
3 20 16
3 21 3
3 21 5
3 21 9
3 21 10
3 21 12
3 21 13
3 21 14
3 21 18
3 21 19
3 21 23
3 22 2
3 22 4
3 22 8
3 22 9
3 22 10
3 22 12
3 22 14
3 22 21
3 22 24
3 23 3
3 23 6
3 23 7
3 23 8
3 23 11
3 23 14
3 23 18
3 23 21
3 23 23
3 24 1
3 24 2
3 24 5
3 24 6
3 24 9
3 24 11
3 24 14
3 24 19
3 24 20
3 24 21
3 24 22
4 0 0
4 0 4
4 0 5
4 0 9
4 0 11
4 0 12
4 0 16
4 0 20
4 1 0
4 1 3
4 1 4
4 1 6
4 1 18
4 1 22
4 2 0
4 2 1
4 2 2
4 2 4
4 2 5
4 2 7
4 2 22
4 2 23
4 3 0
4 3 2
4 3 6
4 3 9
4 3 10
4 3 11
4 3 18
4 3 19
4 3 23
4 4 0
4 4 1
4 4 3
4 4 5
4 4 6
4 4 7
4 4 9
4 4 10
4 4 13
4 4 18
4 4 23
4 5 0
4 5 4
4 5 5
4 5 6
4 5 9
4 5 10
4 5 11
4 5 12
4 5 18
4 5 22
4 6 0
4 6 5
4 6 17
4 6 18
4 6 19
4 7 14
4 7 16
4 7 17
4 7 19
4 7 20
4 7 21
4 8 2
4 8 7
4 8 9
4 8 12
4 8 16
4 8 19
4 8 22
4 8 23
4 9 2
4 9 6
4 9 9
4 9 18
4 9 22
4 10 3
4 10 8
4 10 12
4 10 14
4 10 15
4 10 16
4 10 18
4 11 0
4 11 2
4 11 12
4 11 14
4 11 16
4 11 24
4 12 1
4 12 2
4 12 10
4 12 11
4 12 16
4 12 20
4 12 21
4 13 2
4 13 4
4 13 5
4 13 6
4 13 8
4 13 9
4 13 11
4 13 13
4 13 20
4 14 7
4 14 9
4 14 10
4 14 12
4 14 16
4 14 18
4 14 24
4 15 2
4 15 4
4 15 5
4 15 7
4 15 10
4 15 15
4 15 16
4 15 17
4 15 21
4 15 24
4 16 0
4 16 1
4 16 3
4 16 5
4 16 8
4 16 11
4 16 12
4 16 15
4 16 16
4 16 19
4 16 20
4 16 23
4 16 24
4 17 1
4 17 7
4 17 8
4 17 9
4 17 13
4 17 14
4 17 16
4 17 21
4 17 24
4 18 0
4 18 3
4 18 4
4 18 6
4 18 8
4 18 11
4 18 22
4 19 2
4 19 5
4 19 6
4 19 9
4 19 11
4 19 12
4 19 13
4 19 22
4 20 0
4 20 2
4 20 3
4 20 5
4 20 12
4 20 13
4 20 18
4 20 20
4 21 0
4 21 1
4 21 2
4 21 4
4 21 5
4 21 8
4 21 11
4 21 12
4 21 24
4 22 5
4 22 6
4 22 9
4 22 10
4 22 13
4 22 19
4 22 21
4 22 23
4 23 2
4 23 9
4 23 15
4 23 17
4 23 21
4 23 23
4 23 24
4 24 0
4 24 2
4 24 5
4 24 6
4 24 11
4 24 12
4 24 13
4 24 16
4 24 18
4 24 19
4 24 22
4 24 24