2814
5
18 18 18 18 18
368

279 33 66 52 54 98 369 208 27 29 108 542 59 85 360 68 11 48
74 728 82 64 90 17 76 8 68 95 484 9 28 46 86 4 8 771
44 28 4 71 754 401 923 12 6 3 10 78 710 749 12 14 7 614
175 15 343 617 53 28 708 961 20 65 53 59 14 10 48 177 55 8
514 19 73 522 119 874 81 307 956 423 81 241 523 56 619 71 342 689

0 0 5
0 0 10
0 0 11
0 0 12
0 0 15
0 0 16
0 0 17
0 1 4
0 1 10
0 1 11
0 1 17
0 2 3
0 2 8
0 2 10
0 2 11
0 3 3
0 3 4
0 3 8
0 3 13
0 3 14
0 4 0
0 4 2
0 4 3
0 4 5
0 4 10
0 4 12
0 4 13
0 4 14
0 5 9
0 5 12
0 5 13
0 5 17
0 6 0
0 6 1
0 6 4
0 6 6
0 6 10
0 6 11
0 6 15
0 7 7
0 7 12
0 8 0
0 8 2
0 8 4
0 8 15
0 9 2
0 9 8
0 9 10
0 9 11
0 9 12
0 9 17
0 10 3
0 10 9
0 10 10
0 10 13
0 10 14
0 10 15
0 10 17
0 11 0
0 11 4
0 11 7
0 11 9
0 11 13
0 11 15
0 12 3
0 12 4
0 12 6
0 12 9
0 13 0
0 13 2
0 13 6
0 13 8
0 13 11
0 13 12
0 13 15
0 14 0
0 14 4
0 14 6
0 14 9
0 14 13
0 14 14
0 14 15
0 15 2
0 15 3
0 15 6
0 15 8
0 15 9
0 15 10
0 15 11
0 15 13
0 15 14
0 15 15
0 16 0
0 16 2
0 16 4
0 16 5
0 16 7
0 16 9
0 16 11
0 16 12
0 16 15
0 17 1
0 17 2
0 17 7
0 17 8
0 17 12
0 17 16
1 0 0
1 0 1
1 0 10
1 1 3
1 1 5
1 1 12
1 2 0
1 2 2
1 2 15
1 2 17
1 3 0
1 3 2
1 3 5
1 3 10
1 3 11
1 3 16
1 4 0
1 4 1
1 4 4
1 4 8
1 4 15
1 4 16
1 4 17
1 5 0
1 5 7
1 5 13
1 5 15
1 6 0
1 6 5
1 6 7
1 6 12
1 6 13
1 6 15
1 7 2
1 7 9
1 7 10
1 7 11
1 7 15
1 7 17
1 8 0
1 8 8
1 8 12
1 8 14
1 8 17
1 9 0
1 9 1
1 9 2
1 9 10
1 9 11
1 9 12
1 9 15
1 10 4
1 10 6
1 10 9
1 10 10
1 10 13
1 10 14
1 10 17
1 11 0
1 11 1
1 11 3
1 11 7
1 11 10
1 11 14
1 12 1
1 12 2
1 12 8
1 12 10
1 13 0
1 13 1
1 13 10
1 13 14
1 13 15
1 14 0
1 14 1
1 14 3
1 14 6
1 14 11
1 14 16
1 15 0
1 15 5
1 15 8
1 16 4
1 16 12
1 16 13
1 16 15
1 16 17
1 17 0
1 17 4
1 17 8
1 17 12
1 17 14
2 0 1
2 0 6
2 0 7
2 0 14
2 1 5
2 1 11
2 1 16
2 2 0
2 2 4
2 2 6
2 2 9
2 2 12
2 2 14
2 2 16
2 3 2
2 3 5
2 3 6
2 3 7
2 3 10
2 3 16
2 4 1
2 4 6
2 4 17
2 5 2
2 5 3
2 5 4
2 5 11
2 5 14
2 5 17
2 6 3
2 6 9
2 6 12
2 6 15
2 7 1
2 7 2
2 7 4
2 7 5
2 7 6
2 7 7
2 7 8
2 7 12
2 7 13
2 7 14
2 8 0
2 8 1
2 8 6
2 8 9
2 8 12
2 8 13
2 8 14
2 8 17
2 9 12
2 10 1
2 10 4
2 10 17
2 11 0
2 11 3
2 11 5
2 11 13
2 11 14
2 11 17
2 12 1
2 12 3
2 12 6
2 12 8
2 12 15
2 12 16
2 13 0
2 13 14
2 13 17
2 14 2
2 14 4
2 14 9
2 14 12
2 15 0
2 15 4
2 15 13
2 15 15
2 16 0
2 16 1
2 16 2
2 16 3
2 16 4
2 16 6
2 16 13
2 16 14
2 17 1
2 17 2
2 17 9
3 0 3
3 0 4
3 0 5
3 0 12
3 0 14
3 0 16
3 1 3
3 1 8
3 1 11
3 2 0
3 2 5
3 2 8
3 2 10
3 2 11
3 2 13
3 2 14
3 2 17
3 3 1
3 3 3
3 3 5
3 3 8
3 3 9
3 3 12
3 4 1
3 4 10
3 4 11
3 5 8
3 5 10
3 6 0
3 6 1
3 6 3
3 6 4
3 6 7
3 6 9
3 6 10
3 6 11
3 6 16
3 7 3
3 7 5
3 7 6
3 7 9
3 7 14
3 7 15
3 7 17
3 8 6
3 8 17
3 9 0
3 9 12
3 9 13
3 9 15
3 9 16
3 10 1
3 10 2
3 10 8
3 10 12
3 11 2
3 11 6
3 11 9
3 11 13
3 11 15
3 11 16
3 12 6
3 13 1
3 13 3
3 13 14
3 14 5
3 14 10
3 14 12
3 14 17
3 15 3
3 15 5
3 15 11
3 15 14
3 15 15
3 15 16
3 16 0
3 16 2
3 17 8
3 17 9
3 17 13