7604
8
22 23 22 24 22 23 22 22
1452

576 76 271 375 576 68 917 96 68 37 97 73 588 376 935 887 51 77 31 13 599 217
56 86 64 59 228 78 1 177 36 372 271 357 469 78 721 397 34 64 965 69 78 60 497
12 349 74 4 76 98 37 31 176 46 446 79 15 612 68 87 36 63 361 14 4 82
28 57 468 940 56 62 749 51 65 5 99 50 53 91 783 95 45 798 88 863 149 31 769 91
94 90 745 84 43 369 81 16 38 59 796 604 12 76 39 17 500 32 996 90 287 94
232 52 675 71 768 56 20 891 15 15 840 633 503 54 47 829 95 55 1 13 19 81 17
389 189 37 286 74 74 17 73 94 15 66 64 21 20 12 71 452 95 19 73 53 33
25 752 64 61 17 430 144 93 259 72 19 313 98 17 997 22 798 25 19 571 921 97

0 0 0
0 0 1
0 0 3
0 0 4
0 0 13
0 0 14
0 0 15
0 0 16
0 0 18
0 0 19
0 1 0
0 1 1
0 1 4
0 1 5
0 1 6
0 1 13
0 1 19
0 1 21
0 1 22
0 2 4
0 2 7
0 2 9
0 2 10
0 2 11
0 2 12
0 2 16
0 2 18
0 2 22
0 3 4
0 3 7
0 3 8
0 3 9
0 3 11
0 3 12
0 3 13
0 3 14
0 3 15
0 3 16
0 4 2
0 4 4
0 4 6
0 4 9
0 4 10
0 4 11
0 4 12
0 4 13
0 4 14
0 4 15
0 4 16
0 4 18
0 4 21
0 4 22
0 5 2
0 5 7
0 5 16
0 5 19
0 5 20
0 6 0
0 6 4
0 6 5
0 6 9
0 6 10
0 6 13
0 6 14
0 6 15
0 6 16
0 6 18
0 6 19
0 6 22
0 7 0
0 7 1
0 7 2
0 7 3
0 7 6
0 7 7
0 7 8
0 7 9
0 7 10
0 7 17
0 7 19
0 7 20
0 8 3
0 8 10
0 8 11
0 8 12
0 8 14
0 8 15
0 8 16
0 8 18
0 8 21
0 8 22
0 9 0
0 9 2
0 9 3
0 9 6
0 9 9
0 9 10
0 9 17
0 9 20
0 10 0
0 10 1
0 10 3
0 10 5
0 10 6
0 10 8
0 10 9
0 10 17
0 10 19
0 11 0
0 11 1
0 11 2
0 11 3
0 11 4
0 11 5
0 11 6
0 11 9
0 11 19
0 11 20
0 12 2
0 12 3
0 12 4
0 12 9
0 12 12
0 12 13
0 12 14
0 12 16
0 12 18
0 12 22
0 13 0
0 13 3
0 13 4
0 13 7
0 13 9
0 13 10
0 13 11
0 13 12
0 13 13
0 13 14
0 13 15
0 13 16
0 13 17
0 13 18
0 14 3
0 14 9
0 14 10
0 14 11
0 14 12
0 14 14
0 14 15
0 14 16
0 14 17
0 14 18
0 14 22
0 15 4
0 15 7
0 15 10
0 15 11
0 15 12
0 15 13
0 15 17
0 15 18
0 15 22
0 16 1
0 16 2
0 16 8
0 16 10
0 16 21
0 17 0
0 17 1
0 17 2
0 17 3
0 17 11
0 17 12
0 17 17
0 17 20
0 17 22
0 18 1
0 18 3
0 18 6
0 18 11
0 18 15
0 18 21
0 19 0
0 19 2
0 19 3
0 19 5
0 19 6
0 19 8
0 19 17
0 19 18
0 19 19
0 19 20
0 20 2
0 20 4
0 20 6
0 20 7
0 20 11
0 20 12
0 20 14
0 20 16
0 20 19
0 20 22
0 21 1
0 21 3
0 21 4
0 21 6
0 21 7
0 21 9
0 21 11
0 21 13
0 21 14
0 21 15
0 21 16
1 0 4
1 0 5
1 0 7
1 0 10
1 0 12
1 0 16
1 0 17
1 0 20
1 0 21
1 1 2
1 1 3
1 1 5
1 1 7
1 1 9
1 1 13
1 1 14
1 1 19
1 2 2
1 2 3
1 2 5
1 2 6
1 2 11
1 2 19
1 3 0
1 3 2
1 3 3
1 3 4
1 3 7
1 3 8
1 3 9
1 3 12
1 3 16
1 3 17
1 3 18
1 3 19
1 3 20
1 3 21
1 4 1
1 4 2
1 4 8
1 4 10
1 4 13
1 4 14
1 4 16
1 4 17
1 5 0
1 5 1
1 5 4
1 5 6
1 5 8
1 5 9
1 5 12
1 5 13
1 5 15
1 5 16
1 5 19
1 5 20
1 5 21
1 6 0
1 6 2
1 6 3
1 6 7
1 6 11
1 6 16
1 6 17
1 6 19
1 7 0
1 7 6
1 7 8
1 7 10
1 7 13
1 7 15
1 7 18
1 7 21
1 8 2
1 8 7
1 8 8
1 8 11
1 8 13
1 8 14
1 8 16
1 8 17
1 8 20
1 9 1
1 9 4
1 9 8
1 9 11
1 9 12
1 9 13
1 9 16
1 9 17
1 9 18
1 10 1
1 10 2
1 10 8
1 10 13
1 10 18
1 10 19
1 11 8
1 11 11
1 11 13
1 11 15
1 11 18
1 11 21
1 12 1
1 12 2
1 12 8
1 12 9
1 12 15
1 13 1
1 13 8
1 13 10
1 13 13
1 13 14
1 13 16
1 13 18
1 13 19
1 14 1
1 14 3
1 14 6
1 14 8
1 14 10
1 14 13
1 14 18
1 15 2
1 15 8
1 15 10
1 15 13
1 15 17
1 15 18
1 15 20
1 16 0
1 16 1
1 16 2
1 16 5
1 16 10
1 16 12
1 16 13
1 16 18
1 17 2
1 17 4
1 17 5
1 17 6
1 17 11
1 17 13
1 17 14
1 17 15
1 17 16
1 17 18
1 17 19
1 17 20
1 17 21
1 18 1
1 18 6
1 18 10
1 18 18
1 18 20
1 19 0
1 19 3
1 19 4
1 19 5
1 19 7
1 19 8
1 19 9
1 19 11
1 19 12
1 19 16
1 19 19
1 19 20
1 19 21
1 20 0
1 20 6
1 20 7
1 20 9
1 20 13
1 20 14
1 20 15
1 20 16
1 20 18
1 20 19
1 20 21
1 21 0
1 21 1
1 21 2
1 21 3
1 21 6
1 21 7
1 21 8
1 21 11
1 21 12
1 21 14
1 21 19
1 21 20
1 21 21
1 22 1
1 22 3
1 22 8
1 22 10
1 22 11
1 22 12
1 22 13
2 0 0
2 0 1
2 0 9
2 0 10
2 0 11
2 0 15
2 0 16
2 0 18
2 1 2
2 1 10
2 1 11
2 1 14
2 1 17
2 1 19
2 1 20
2 2 0
2 2 1
2 2 7
2 2 8
2 2 11
2 2 12
2 2 13
2 2 16
2 2 21
2 3 0
2 3 1
2 3 7
2 3 8
2 3 9
2 3 10
2 3 13
2 3 15
2 3 16
2 3 23
2 4 1
2 4 4
2 4 5
2 4 6
2 4 8
2 4 13
2 4 15
2 4 16
2 4 17
2 4 18
2 4 19
2 4 21
2 5 0
2 5 4
2 5 5
2 5 14
2 5 15
2 5 16
2 5 23
2 6 4
2 6 7
2 6 9
2 6 12
2 6 13
2 6 15
2 6 16
2 6 18
2 6 23
2 7 10
2 7 12
2 7 13
2 7 16
2 7 19
2 7 21
2 8 1
2 8 2
2 8 3
2 8 5
2 8 6
2 8 14
2 8 17
2 9 0
2 9 5
2 9 8
2 9 9
2 9 10
2 9 12
2 9 13
2 9 15
2 9 16
2 9 19
2 9 21
2 10 2
2 10 5
2 10 6
2 10 7
2 10 14
2 10 15
2 10 16
2 10 19
2 10 20
2 11 0
2 11 1
2 11 3
2 11 7
2 11 10
2 11 15
2 11 18
2 11 23
2 12 0
2 12 2
2 12 9
2 12 10
2 12 13
2 12 16
2 12 17
2 12 18
2 12 19
2 12 20
2 12 21
2 12 22
2 13 0
2 13 3
2 13 6
2 13 14
2 13 17
2 13 20
2 13 22
2 13 23
2 14 0
2 14 1
2 14 5
2 14 6
2 14 7
2 14 9
2 14 15
2 14 16
2 14 21
2 15 4
2 15 5
2 15 7
2 15 9
2 15 10
2 15 12
2 15 13
2 15 17
2 15 19
2 15 21
2 15 23
2 16 0
2 16 1
2 16 4
2 16 5
2 16 7
2 16 9
2 16 10
2 16 11
2 16 12
2 16 13
2 16 17
2 16 20
2 16 23
2 17 1
2 17 4
2 17 6
2 17 7
2 17 8
2 17 10
2 17 11
2 17 12
2 17 17
2 17 18
2 17 22
2 18 3
2 18 5
2 18 6
2 18 7
2 18 8
2 18 19
2 18 20
2 19 0
2 19 3
2 19 7
2 19 9
2 19 11
2 19 12
2 19 13
2 19 16
2 19 18
2 19 19
2 19 23
2 20 1
2 20 8
2 20 9
2 20 11
2 20 13
2 20 16
2 20 17
2 20 18
2 20 20
2 20 23
2 21 0
2 21 4
2 21 5
2 21 7
2 21 9
2 21 10
2 21 16
2 21 18
2 21 21
3 0 0
3 0 1
3 0 3
3 0 4
3 0 5
3 0 7
3 0 8
3 0 10
3 0 12
3 0 13
3 0 14
3 0 15
3 0 17
3 0 21
3 1 0
3 1 2
3 1 3
3 1 5
3 1 7
3 1 8
3 1 13
3 1 14
3 1 15
3 1 16
3 1 17
3 2 2
3 2 11
3 2 14
3 2 16
3 2 17
3 2 18
3 2 19
3 2 20
3 3 3
3 3 5
3 3 8
3 3 10
3 3 11
3 3 14
3 3 16
3 3 18
3 4 0
3 4 1
3 4 3
3 4 4
3 4 7
3 4 9
3 4 10
3 4 11
3 4 12
3 4 15
3 4 19
3 4 20
3 5 1
3 5 2
3 5 4
3 5 5
3 5 10
3 5 11
3 5 14
3 5 16
3 5 18
3 5 20
3 6 7
3 6 9
3 6 11
3 6 13
3 6 19
3 6 21
3 7 0
3 7 1
3 7 3
3 7 4
3 7 6
3 7 7
3 7 8
3 7 9
3 7 12
3 7 13
3 7 19
3 7 21
3 8 3
3 8 9
3 8 11
3 8 14
3 8 15
3 8 16
3 8 18
3 8 19
3 8 20
3 9 0
3 9 1
3 9 6
3 9 9
3 9 12
3 9 15
3 9 17
3 9 19
3 9 21
3 10 1
3 10 3
3 10 4
3 10 5
3 10 6
3 10 8
3 10 9
3 10 13
3 10 15
3 10 17
3 10 19
3 10 21
3 11 1
3 11 6
3 11 7
3 11 10
3 11 12
3 11 13
3 11 14
3 11 15
3 11 16
3 11 17
3 11 21
3 12 0
3 12 1
3 12 3
3 12 6
3 12 7
3 12 8
3 12 12
3 12 13
3 12 15
3 12 16
3 12 17
3 13 0
3 13 1
3 13 3
3 13 4
3 13 5
3 13 6
3 13 8
3 13 9
3 13 12
3 13 13
3 13 15
3 13 20
3 13 21
3 14 0
3 14 2
3 14 5
3 14 10
3 14 13
3 14 15
3 14 16
3 14 17
3 14 20
3 15 0
3 15 4
3 15 7
3 15 9
3 15 21
3 16 1
3 16 3
3 16 4
3 16 6
3 16 8
3 16 12
3 16 13
3 17 2
3 17 4
3 17 6
3 17 10
3 17 11
3 17 13
3 17 14
3 17 16
3 17 18
3 18 0
3 18 3
3 18 5
3 18 7
3 18 8
3 18 9
3 18 12
3 18 15
3 18 17
3 18 19
3 18 20
3 18 21
3 19 2
3 19 5
3 19 9
3 19 11
3 19 14
3 19 16
3 19 17
3 19 18
3 19 19
3 19 20
3 20 0
3 20 2
3 20 4
3 20 5
3 20 7
3 20 10
3 20 11
3 20 14
3 20 16
3 20 20
3 21 1
3 21 4
3 21 7
3 21 9
3 21 12
3 21 13
3 21 14
3 21 15
3 21 17
3 21 19
3 21 21
3 22 0
3 22 2
3 22 10
3 22 11
3 22 13
3 22 14
3 22 16
3 22 18
3 22 20
3 23 2
3 23 4
3 23 8
3 23 9
3 23 12
3 23 13
3 23 15
3 23 17
3 23 19
4 0 3
4 0 5
4 0 8
4 0 9
4 0 16
4 0 18
4 0 19
4 0 20
4 1 5
4 1 8
4 1 11
4 1 14
4 1 16
4 1 18
4 1 19
4 1 20
4 1 21
4 2 0
4 2 2
4 2 4
4 2 7
4 2 9
4 2 11
4 2 14
4 2 15
4 2 19
4 3 6
4 3 16
4 3 21
4 3 22
4 4 1
4 4 2
4 4 5
4 4 6
4 4 20
4 4 21
4 5 9
4 5 10
4 5 11
4 5 13
4 5 14
4 5 15
4 6 1
4 6 3
4 6 4
4 6 5
4 6 6
4 6 8
4 6 11
4 6 17
4 6 19
4 6 21
4 6 22
4 7 6
4 7 14
4 7 15
4 7 18
4 7 19
4 8 0
4 8 1
4 8 7
4 8 8
4 8 13
4 8 16
4 8 17
4 8 18
4 8 20
4 8 21
4 9 2
4 9 3
4 9 5
4 9 6
4 9 8
4 9 13
4 9 17
4 9 18
4 9 19
4 9 20
4 9 22
4 10 0
4 10 2
4 10 4
4 10 6
4 10 7
4 10 9
4 10 10
4 10 11
4 10 12
4 11 0
4 11 3
4 11 4
4 11 10
4 11 11
4 11 17
4 11 22
4 12 1
4 12 3
4 12 4
4 12 5
4 12 8
4 12 11
4 12 12
4 12 13
4 12 18
4 12 19
4 12 22
4 13 5
4 13 6
4 13 10
4 13 14
4 13 16
4 13 17
4 13 18
4 13 20
4 13 21
4 13 22
4 14 2
4 14 4
4 14 8
4 14 9
4 14 11
4 14 16
4 14 19
4 14 21
4 14 22
4 15 5
4 15 13
4 15 14
4 15 16
4 15 19
4 15 21
4 15 22
4 16 0
4 16 1
4 16 2
4 16 4
4 16 7
4 16 8
4 16 9
4 16 11
4 16 18
4 16 19
4 17 1
4 17 3
4 17 6
4 17 8
4 17 11
4 17 12
4 17 13
4 17 14
4 17 15
4 17 17
4 17 18
4 17 21
4 17 22
4 18 2
4 18 6
4 18 9
4 18 11
4 18 12
4 18 15
4 18 16
4 18 19
4 19 0
4 19 3
4 19 14
4 19 16
4 19 17
4 19 18
4 19 19
4 19 20
4 19 21
4 20 0
4 20 3
4 20 4
4 20 7
4 20 9
4 20 10
4 20 11
4 20 17
4 20 18
4 21 1
4 21 6
4 21 8
4 21 11
4 21 14
4 21 15
4 21 16
4 21 18
4 21 19
4 21 22
5 0 0
5 0 1
5 0 3
5 0 6
5 0 9
5 0 15
5 0 16
5 1 4
5 1 8
5 1 14
5 1 17
5 1 18
5 1 21
5 2 0
5 2 13
5 2 15
5 2 18
5 3 9
5 3 11
5 3 13
5 3 15
5 3 17
5 3 19
5 3 20
5 3 21
5 4 0
5 4 1
5 4 15
5 4 19
5 5 0
5 5 1
5 5 4
5 5 5
5 5 7
5 5 8
5 5 10
5 5 11
5 5 14
5 5 17
5 5 18
5 5 19
5 5 20
5 6 0
5 6 2
5 6 4
5 6 5
5 6 6
5 6 7
5 6 8
5 6 9
5 6 10
5 6 11
5 6 12
5 6 13
5 6 14
5 6 19
5 6 20
5 6 21
5 7 0
5 7 1
5 7 15
5 7 16
5 7 18
5 7 20
5 8 1
5 8 2
5 8 6
5 8 7
5 8 8
5 8 9
5 8 10
5 8 12
5 8 17
5 8 18
5 8 19
5 8 21
5 9 0
5 9 1
5 9 3
5 9 4
5 9 6
5 9 8
5 9 10
5 9 16
5 10 0
5 10 1
5 10 3
5 10 6
5 10 7
5 10 10
5 10 15
5 10 16
5 11 0
5 11 3
5 11 4
5 11 8
5 11 9
5 11 14
5 11 15
5 11 16
5 12 2
5 12 3
5 12 4
5 12 5
5 12 14
5 12 16
5 12 17
5 12 19
5 12 20
5 13 5
5 13 6
5 13 7
5 13 9
5 13 10
5 13 12
5 13 14
5 13 15
5 13 18
5 14 2
5 14 4
5 14 7
5 14 8
5 14 9
5 14 12
5 14 13
5 14 14
5 14 17
5 14 21
5 15 0
5 15 1
5 15 3
5 15 6
5 15 13
5 15 14
5 15 15
5 15 16
5 15 19
5 16 2
5 16 5
5 16 6
5 16 7
5 16 8
5 16 12
5 16 13
5 16 14
5 16 18
5 16 19
5 16 20
5 17 4
5 17 5
5 17 6
5 17 7
5 17 8
5 17 11
5 17 12
5 17 18
5 17 19
5 17 21
5 18 2
5 18 5
5 18 7
5 18 10
5 18 11
5 18 12
5 18 19
5 19 3
5 19 5
5 19 7
5 19 8
5 19 11
5 19 13
5 19 14
5 19 17
5 19 19
5 19 20
5 20 0
5 20 5
5 20 6
5 20 7
5 20 10
5 20 12
5 20 14
5 20 17
5 20 18
5 20 19
5 20 20
5 21 2
5 21 4
5 21 5
5 21 8
5 21 12
5 21 14
5 21 16
5 21 17
5 21 19
5 21 20
5 21 21
5 22 4
5 22 5
5 22 6
5 22 7
5 22 9
5 22 10
5 22 11
5 22 14
5 22 17
5 22 18
5 22 19
5 22 21
6 0 1
6 0 5
6 0 6
6 0 8
6 0 11
6 0 13
6 0 14
6 0 16
6 0 19
6 0 20
6 0 21
6 1 1
6 1 3
6 1 5
6 1 6
6 1 8
6 1 14
6 1 17
6 1 18
6 1 19
6 2 0
6 2 4
6 2 6
6 2 7
6 2 10
6 2 17
6 2 21
6 3 1
6 3 4
6 3 5
6 3 14
6 3 19
6 4 0
6 4 2
6 4 3
6 4 7
6 4 11
6 4 13
6 4 17
6 4 21
6 5 0
6 5 4
6 5 7
6 5 8
6 5 9
6 5 10
6 5 15
6 5 21
6 6 0
6 6 4
6 6 9
6 6 10
6 6 11
6 6 15
6 6 17
6 6 19
6 6 21
6 7 0
6 7 3
6 7 7
6 7 9
6 7 13
6 7 14
6 7 15
6 7 17
6 8 2
6 8 10
6 8 12
6 8 13
6 8 15
6 8 17
6 8 18
6 8 21
6 9 1
6 9 2
6 9 3
6 9 4
6 9 9
6 9 13
6 9 14
6 9 17
6 9 19
6 9 21
6 10 0
6 10 5
6 10 10
6 10 13
6 10 16
6 10 17
6 10 18
6 11 0
6 11 2
6 11 3
6 11 7
6 11 8
6 11 9
6 11 12
6 11 13
6 11 15
6 11 17
6 11 18
6 11 20
6 12 2
6 12 9
6 12 10
6 12 11
6 12 12
6 12 13
6 12 15
6 12 18
6 12 21
6 13 0
6 13 2
6 13 4
6 13 6
6 13 7
6 13 9
6 13 12
6 13 13
6 13 15
6 13 18
6 13 20
6 13 21
6 14 0
6 14 3
6 14 8
6 14 9
6 14 10
6 14 11
6 14 12
6 14 13
6 14 15
6 14 17
6 14 21
6 15 1
6 15 8
6 15 11
6 15 14
6 15 15
6 15 16
6 15 19
6 15 20
6 16 5
6 16 6
6 16 8
6 16 14
6 16 17
6 16 19
6 16 20
6 17 3
6 17 6
6 17 9
6 17 10
6 17 15
6 17 16
6 17 18
6 17 19
6 18 5
6 18 7
6 18 9
6 18 13
6 18 15
6 18 18
6 18 21
6 19 0
6 19 2
6 19 3
6 19 5
6 19 9
6 19 11
6 19 12
6 19 13
6 19 15
6 19 17
6 19 21
6 20 0
6 20 2
6 20 4
6 20 7
6 20 9
6 20 10
6 20 11
6 20 12
6 20 14
6 20 15
6 20 16
6 20 17
6 20 18
6 20 20
6 21 0
6 21 2
6 21 4
6 21 8
6 21 9
6 21 13
6 21 16
6 21 18