31
3
30 30 30
549

61 21 220 6 837 89 57 43 722 45 220 95 4 41 23 27 2 18 57 38 63 8 72 6 627 323 76 75 87 28
501 78 33 66 890 40 81 22 38 66 69 55 9 688 54 7 23 12 899 91 83 93 561 82 24 34 156 25 31 23
100 456 30 51 16 76 6 3 62 31 250 769 14 64 66 88 4 5 46 79 8 17 6 41 52 155 695 972 8 50

0 0 1
0 0 3
0 0 7
0 0 8
0 0 11
0 0 14
0 0 19
0 0 20
0 0 23
0 0 27
0 1 2
0 1 14
0 1 18
0 1 19
0 1 20
0 1 22
0 1 24
0 1 29
0 2 0
0 2 2
0 2 3
0 2 4
0 2 7
0 2 13
0 2 14
0 2 16
0 2 18
0 2 23
0 2 27
0 3 0
0 3 2
0 3 7
0 3 8
0 3 24
0 3 27
0 4 5
0 4 7
0 4 13
0 4 14
0 4 16
0 4 18
0 4 21
0 4 25
0 5 1
0 5 3
0 5 5
0 5 9
0 5 10
0 5 13
0 5 14
0 5 17
0 6 3
0 6 5
0 6 7
0 6 13
0 6 14
0 6 17
0 6 19
0 6 20
0 6 21
0 6 25
0 6 27
0 6 28
0 7 2
0 7 4
0 7 8
0 7 10
0 7 12
0 7 14
0 7 16
0 7 17
0 7 20
0 7 21
0 7 24
0 7 26
0 8 2
0 8 7
0 8 10
0 8 12
0 8 13
0 8 22
0 8 27
0 9 2
0 9 4
0 9 12
0 9 14
0 9 18
0 9 25
0 9 27
0 10 6
0 10 9
0 10 13
0 10 16
0 10 19
0 10 23
0 11 1
0 11 6
0 11 8
0 11 9
0 11 16
0 11 17
0 11 20
0 11 25
0 11 26
0 11 28
0 12 0
0 12 3
0 12 6
0 12 7
0 12 10
0 12 11
0 12 15
0 12 18
0 12 19
0 12 21
0 12 25
0 13 0
0 13 2
0 13 9
0 13 11
0 13 13
0 13 14
0 13 16
0 13 17
0 13 23
0 13 24
0 13 29
0 14 2
0 14 3
0 14 9
0 14 11
0 14 12
0 14 13
0 14 18
0 14 22
0 14 23
0 14 27
0 14 28
0 15 9
0 15 11
0 15 15
0 15 17
0 15 18
0 15 20
0 15 21
0 15 26
0 15 29
0 16 0
0 16 3
0 16 4
0 16 5
0 16 6
0 16 7
0 16 10
0 16 11
0 16 17
0 16 25
0 17 3
0 17 5
0 17 6
0 17 15
0 17 17
0 17 18
0 17 19
0 17 23
0 17 28
0 18 6
0 18 7
0 18 11
0 18 14
0 18 18
0 18 21
0 18 24
0 18 27
0 18 29
0 19 4
0 19 7
0 19 8
0 19 10
0 19 13
0 19 15
0 19 19
0 19 24
0 19 25
0 20 0
0 20 5
0 20 8
0 20 13
0 20 14
0 20 16
0 20 19
0 20 22
0 20 23
0 20 24
0 20 25
0 20 29
0 21 8
0 21 9
0 21 16
0 21 21
0 21 22
0 21 28
0 22 0
0 22 3
0 22 5
0 22 6
0 22 7
0 22 8
0 22 16
0 22 17
0 22 28
0 23 7
0 23 8
0 23 12
0 23 13
0 23 18
0 23 20
0 23 29
0 24 0
0 24 5
0 24 6
0 24 14
0 24 20
0 24 26
0 25 4
0 25 13
0 25 14
0 25 15
0 25 16
0 25 18
0 25 21
0 25 24
0 25 27
0 26 0
0 26 1
0 26 3
0 26 13
0 26 15
0 26 20
0 26 21
0 26 22
0 26 23
0 26 29
0 27 1
0 27 2
0 27 12
0 27 14
0 27 18
0 27 19
0 27 21
0 27 22
0 27 23
0 28 1
0 28 2
0 28 3
0 28 6
0 28 7
0 28 11
0 28 12
0 28 16
0 28 19
0 28 20
0 28 23
0 28 27
0 29 1
0 29 7
0 29 9
0 29 11
0 29 17
0 29 22
1 0 4
1 0 8
1 0 9
1 0 11
1 0 15
1 0 16
1 0 18
1 0 22
1 0 23
1 0 25
1 0 26
1 0 29
1 1 1
1 1 2
1 1 3
1 1 7
1 1 10
1 1 12
1 1 13
1 1 15
1 1 16
1 1 17
1 1 23
1 2 0
1 2 4
1 2 5
1 2 6
1 2 12
1 2 13
1 2 15
1 2 17
1 2 18
1 2 20
1 2 27
1 3 0
1 3 1
1 3 6
1 3 7
1 3 9
1 3 11
1 3 12
1 3 17
1 3 19
1 3 21
1 3 23
1 4 1
1 4 8
1 4 10
1 4 12
1 4 16
1 4 25
1 5 0
1 5 2
1 5 3
1 5 12
1 5 13
1 6 2
1 6 4
1 6 7
1 6 9
1 6 12
1 6 15
1 6 16
1 6 18
1 6 23
1 6 24
1 7 5
1 7 7
1 7 18
1 7 20
1 7 23
1 7 24
1 7 27
1 7 28
1 7 29
1 8 0
1 8 3
1 8 6
1 8 7
1 8 10
1 8 12
1 8 14
1 8 17
1 8 18
1 8 20
1 8 21
1 8 24
1 8 25
1 8 27
1 9 2
1 9 3
1 9 7
1 9 10
1 9 17
1 9 21
1 9 22
1 9 24
1 9 28
1 10 1
1 10 3
1 10 8
1 10 11
1 10 18
1 10 29
1 11 2
1 11 3
1 11 4
1 11 8
1 11 10
1 11 12
1 11 14
1 11 29
1 12 2
1 12 5
1 12 12
1 12 16
1 12 20
1 12 23
1 12 24
1 12 26
1 13 2
1 13 11
1 13 21
1 13 22
1 13 24
1 13 26
1 13 29
1 14 0
1 14 3
1 14 5
1 14 6
1 14 8
1 14 12
1 14 20
1 14 21
1 15 0
1 15 1
1 15 2
1 15 4
1 15 6
1 15 8
1 15 12
1 15 13
1 15 14
1 15 17
1 15 18
1 15 26
1 15 28
1 16 1
1 16 3
1 16 4
1 16 5
1 16 7
1 16 8
1 16 11
1 16 12
1 16 13
1 16 16
1 16 19
1 16 21
1 16 29
1 17 7
1 17 11
1 17 13
1 17 14
1 17 15
1 17 17
1 17 21
1 17 23
1 17 24
1 17 27
1 17 28
1 17 29
1 18 2
1 18 10
1 18 12
1 18 14
1 18 21
1 18 25
1 18 26
1 19 1
1 19 4
1 19 6
1 19 7
1 19 8
1 19 9
1 19 13
1 19 17
1 19 18
1 19 19
1 19 20
1 19 25
1 19 26
1 19 27
1 20 1
1 20 3
1 20 5
1 20 8
1 20 14
1 20 20
1 20 28
1 20 29
1 21 7
1 21 13
1 21 14
1 21 16
1 21 18
1 21 21
1 21 29
1 22 0
1 22 1
1 22 6
1 22 10
1 22 14
1 22 16
1 22 21
1 22 23
1 23 0
1 23 5
1 23 6
1 23 7
1 23 10
1 23 12
1 23 23
1 23 27
1 24 0
1 24 3
1 24 13
1 24 14
1 24 17
1 24 19
1 24 20
1 24 21
1 24 22
1 24 28
1 24 29
1 25 2
1 25 9
1 25 13
1 25 23
1 25 25
1 25 27
1 25 29
1 26 1
1 26 7
1 26 11
1 26 12
1 26 13
1 26 17
1 26 21
1 26 22
1 26 27
1 27 1
1 27 2
1 27 3
1 27 4
1 27 7
1 27 13
1 27 16
1 27 19
1 27 23
1 27 28
1 28 1
1 28 3
1 28 8
1 28 17
1 28 18
1 28 19
1 28 28
1 29 0
1 29 1
1 29 3
1 29 6
1 29 7
1 29 13
1 29 19
1 29 22
1 29 24
1 29 28