1041
3
60 60 60
3194

97 83 30 70 79 32 97 859 46 84 73 37 53 81 39 119 594 76 46 86 468 858 15 47 52 91 118 49 185 687 58 50 82 25 49 79 1 22 51 77 600 15 34 94 416 43 65 62 228 120 12 71 14 82 28 41 56 242 84 4
464 828 59 386 2 519 88 82 29 60 602 73 787 34 46 64 168 51 60 35 35 33 90 69 46 68 90 12 635 90 100 67 60 55 17 52 44 11 68 70 89 94 52 70 23 39 758 0 68 14 438 67 37 229 37 252 15 230 830 4
45 93 74 28 2 28 40 75 92 18 100 24 29 31 38 36 62 43 83 86 93 52 0 46 71 13 82 68 4 51 100 24 48 71 52 74 60 33 100 235 74 62 602 1 0 151 99 93 12 48 76 488 99 673 41 62 69 73 259 30

0 0 2
0 0 3
0 0 4
0 0 5
0 0 13
0 0 14
0 0 16
0 0 17
0 0 20
0 0 22
0 0 24
0 0 29
0 0 30
0 0 39
0 0 40
0 0 41
0 0 42
0 0 43
0 0 45
0 0 47
0 0 48
0 0 51
0 0 54
0 1 1
0 1 2
0 1 4
0 1 6
0 1 7
0 1 9
0 1 11
0 1 13
0 1 14
0 1 17
0 1 18
0 1 19
0 1 21
0 1 24
0 1 26
0 1 27
0 1 29
0 1 30
0 1 33
0 1 34
0 1 35
0 1 38
0 1 40
0 1 42
0 1 44
0 1 47
0 1 48
0 1 50
0 1 51
0 1 52
0 1 54
0 1 55
0 1 56
0 1 59
0 2 5
0 2 6
0 2 9
0 2 11
0 2 12
0 2 13
0 2 15
0 2 17
0 2 18
0 2 19
0 2 20
0 2 22
0 2 23
0 2 26
0 2 29
0 2 31
0 2 33
0 2 35
0 2 37
0 2 40
0 2 41
0 2 44
0 2 47
0 2 53
0 2 54
0 3 1
0 3 2
0 3 4
0 3 6
0 3 7
0 3 8
0 3 9
0 3 12
0 3 13
0 3 18
0 3 19
0 3 21
0 3 22
0 3 23
0 3 26
0 3 27
0 3 29
0 3 30
0 3 32
0 3 34
0 3 36
0 3 39
0 3 40
0 3 41
0 3 44
0 3 47
0 3 51
0 3 55
0 3 56
0 4 1
0 4 2
0 4 7
0 4 11
0 4 13
0 4 14
0 4 15
0 4 17
0 4 27
0 4 28
0 4 29
0 4 31
0 4 33
0 4 35
0 4 40
0 4 41
0 4 42
0 4 43
0 4 44
0 4 47
0 4 48
0 4 49
0 4 52
0 4 54
0 4 59
0 5 2
0 5 5
0 5 6
0 5 7
0 5 11
0 5 14
0 5 17
0 5 19
0 5 20
0 5 21
0 5 22
0 5 26
0 5 29
0 5 32
0 5 35
0 5 38
0 5 39
0 5 40
0 5 41
0 5 43
0 5 46
0 5 48
0 5 49
0 5 51
0 5 52
0 5 53
0 5 56
0 5 57
0 5 59
0 6 2
0 6 5
0 6 6
0 6 8
0 6 9
0 6 12
0 6 13
0 6 14
0 6 15
0 6 18
0 6 20
0 6 24
0 6 27
0 6 30
0 6 32
0 6 35
0 6 36
0 6 37
0 6 39
0 6 40
0 6 44
0 6 47
0 6 54
0 6 56
0 6 57
0 6 59
0 7 0
0 7 1
0 7 2
0 7 3
0 7 6
0 7 10
0 7 12
0 7 16
0 7 20
0 7 24
0 7 28
0 7 29
0 7 32
0 7 39
0 7 44
0 7 46
0 7 49
0 7 51
0 7 53
0 7 55
0 7 56
0 7 57
0 7 58
0 8 2
0 8 8
0 8 9
0 8 11
0 8 13
0 8 15
0 8 17
0 8 18
0 8 19
0 8 20
0 8 21
0 8 22
0 8 33
0 8 36
0 8 37
0 8 39
0 8 40
0 8 41
0 8 44
0 8 45
0 8 46
0 8 47
0 8 49
0 8 52
0 8 54
0 8 55
0 8 59
0 9 2
0 9 3
0 9 4
0 9 5
0 9 6
0 9 7
0 9 10
0 9 11
0 9 12
0 9 14
0 9 15
0 9 18
0 9 23
0 9 24
0 9 27
0 9 29
0 9 30
0 9 31
0 9 32
0 9 33
0 9 35
0 9 37
0 9 38
0 9 40
0 9 41
0 9 42
0 9 43
0 9 44
0 9 46
0 9 47
0 9 51
0 9 52
0 9 53
0 9 54
0 10 1
0 10 5
0 10 10
0 10 15
0 10 17
0 10 19
0 10 21
0 10 23
0 10 26
0 10 27
0 10 30
0 10 33
0 10 38
0 10 40
0 10 41
0 10 42
0 10 44
0 10 45
0 10 47
0 10 51
0 10 52
0 11 2
0 11 6
0 11 9
0 11 10
0 11 13
0 11 14
0 11 17
0 11 21
0 11 22
0 11 24
0 11 29
0 11 31
0 11 32
0 11 33
0 11 34
0 11 35
0 11 36
0 11 38
0 11 40
0 11 41
0 11 43
0 11 44
0 11 45
0 11 46
0 11 47
0 11 48
0 11 50
0 11 51
0 11 52
0 11 54
0 11 56
0 11 58
0 11 59
0 12 2
0 12 4
0 12 5
0 12 6
0 12 8
0 12 9
0 12 10
0 12 11
0 12 13
0 12 15
0 12 17
0 12 18
0 12 19
0 12 20
0 12 21
0 12 24
0 12 26
0 12 31
0 12 32
0 12 33
0 12 35
0 12 36
0 12 38
0 12 39
0 12 40
0 12 41
0 12 42
0 12 43
0 12 45
0 12 47
0 12 49
0 12 51
0 12 54
0 12 55
0 12 58
0 12 59
0 13 2
0 13 4
0 13 6
0 13 11
0 13 14
0 13 15
0 13 18
0 13 19
0 13 26
0 13 27
0 13 28
0 13 30
0 13 31
0 13 32
0 13 36
0 13 37
0 13 40
0 13 41
0 13 42
0 13 44
0 13 45
0 13 49
0 13 50
0 13 51
0 13 52
0 13 54
0 14 2
0 14 4
0 14 6
0 14 7
0 14 8
0 14 9
0 14 11
0 14 14
0 14 15
0 14 20
0 14 21
0 14 22
0 14 23
0 14 26
0 14 29
0 14 31
0 14 32
0 14 34
0 14 35
0 14 36
0 14 37
0 14 38
0 14 39
0 14 41
0 14 42
0 14 45
0 14 46
0 14 47
0 14 49
0 14 51
0 14 54
0 14 55
0 14 58
0 14 59
0 15 0
0 15 1
0 15 5
0 15 10
0 15 12
0 15 16
0 15 25
0 15 28
0 15 35
0 15 37
0 15 38
0 15 40
0 15 44
0 15 46
0 15 50
0 15 52
0 15 53
0 15 55
0 15 57
0 15 58
0 16 0
0 16 1
0 16 11
0 16 12
0 16 13
0 16 14
0 16 25
0 16 26
0 16 28
0 16 30
0 16 36
0 16 38
0 16 41
0 16 46
0 16 47
0 16 49
0 16 50
0 16 53
0 16 54
0 16 55
0 16 57
0 16 58
0 17 0
0 17 1
0 17 3
0 17 5
0 17 6
0 17 8
0 17 10
0 17 13
0 17 16
0 17 22
0 17 23
0 17 25
0 17 28
0 17 29
0 17 37
0 17 38
0 17 40
0 17 43
0 17 45
0 17 46
0 17 47
0 17 50
0 17 54
0 17 55
0 17 58
0 17 59
0 18 5
0 18 6
0 18 8
0 18 9
0 18 10
0 18 11
0 18 13
0 18 17
0 18 18
0 18 24
0 18 27
0 18 28
0 18 29
0 18 31
0 18 32
0 18 33
0 18 34
0 18 36
0 18 39
0 18 41
0 18 42
0 18 44
0 18 47
0 18 50
0 18 51
0 18 52
0 18 54
0 18 56
0 18 59
0 19 1
0 19 2
0 19 4
0 19 13
0 19 14
0 19 15
0 19 18
0 19 21
0 19 22
0 19 23
0 19 24
0 19 25
0 19 26
0 19 29
0 19 30
0 19 31
0 19 32
0 19 36
0 19 37
0 19 39
0 19 46
0 19 48
0 19 49
0 19 51
0 19 56
0 19 59
0 20 0
0 20 5
0 20 8
0 20 10
0 20 12
0 20 15
0 20 16
0 20 22
0 20 23
0 20 25
0 20 28
0 20 32
0 20 45
0 20 48
0 20 55
0 20 58
0 21 1
0 21 3
0 21 5
0 21 8
0 21 10
0 21 15
0 21 16
0 21 22
0 21 23
0 21 34
0 21 35
0 21 39
0 21 41
0 21 46
0 21 48
0 21 49
0 21 53
0 21 55
0 21 57
0 21 58
0 22 2
0 22 4
0 22 7
0 22 8
0 22 9
0 22 11
0 22 14
0 22 18
0 22 19
0 22 21
0 22 22
0 22 23
0 22 24
0 22 27
0 22 29
0 22 30
0 22 31
0 22 32
0 22 33
0 22 34
0 22 35
0 22 38
0 22 39
0 22 40
0 22 43
0 22 44
0 22 48
0 22 49
0 22 51
0 22 53
0 22 56
0 23 0
0 23 2
0 23 6
0 23 7
0 23 8
0 23 9
0 23 13
0 23 14
0 23 17
0 23 19
0 23 22
0 23 23
0 23 25
0 23 31
0 23 32
0 23 34
0 23 37
0 23 39
0 23 40
0 23 43
0 23 44
0 23 46
0 23 47
0 23 54
0 23 57
0 24 0
0 24 6
0 24 8
0 24 12
0 24 13
0 24 14
0 24 15
0 24 16
0 24 18
0 24 22
0 24 24
0 24 26
0 24 27
0 24 29
0 24 31
0 24 32
0 24 34
0 24 36
0 24 38
0 24 39
0 24 40
0 24 41
0 24 44
0 24 46
0 24 48
0 24 49
0 24 51
0 24 53
0 24 54
0 24 58
0 25 1
0 25 4
0 25 6
0 25 12
0 25 13
0 25 14
0 25 15
0 25 17
0 25 21
0 25 23
0 25 26
0 25 28
0 25 29
0 25 30
0 25 31
0 25 34
0 25 36
0 25 37
0 25 39
0 25 40
0 25 41
0 25 42
0 25 43
0 25 45
0 25 48
0 25 49
0 25 50
0 25 54
0 25 59
0 26 1
0 26 5
0 26 6
0 26 9
0 26 11
0 26 13
0 26 16
0 26 17
0 26 18
0 26 21
0 26 25
0 26 27
0 26 30
0 26 33
0 26 37
0 26 38
0 26 46
0 26 47
0 26 48
0 26 50
0 26 53
0 26 54
0 26 55
0 26 57
0 26 58
0 27 1
0 27 2
0 27 5
0 27 11
0 27 12
0 27 14
0 27 18
0 27 20
0 27 21
0 27 23
0 27 26
0 27 29
0 27 31
0 27 32
0 27 34
0 27 35
0 27 37
0 27 38
0 27 43
0 27 44
0 27 45
0 27 46
0 27 47
0 27 49
0 27 51
0 27 52
0 27 54
0 27 55
0 27 57
0 27 58
0 28 3
0 28 5
0 28 6
0 28 8
0 28 10
0 28 16
0 28 19
0 28 24
0 28 25
0 28 29
0 28 41
0 28 42
0 28 44
0 28 46
0 28 53
0 28 55
0 28 57
0 28 58
0 29 0
0 29 3
0 29 5
0 29 10
0 29 12
0 29 16
0 29 25
0 29 26
0 29 28
0 29 29
0 29 32
0 29 33
0 29 42
0 29 48
0 29 50
0 29 55
0 29 57
0 29 58
0 30 2
0 30 4
0 30 8
0 30 11
0 30 15
0 30 16
0 30 18
0 30 19
0 30 20
0 30 21
0 30 22
0 30 24
0 30 26
0 30 27
0 30 29
0 30 30
0 30 32
0 30 34
0 30 35
0 30 36
0 30 38
0 30 39
0 30 40
0 30 42
0 30 43
0 30 44
0 30 47
0 30 48
0 30 50
0 30 51
0 30 56
0 30 57
0 30 59
0 31 2
0 31 6
0 31 8
0 31 11
0 31 13
0 31 14
0 31 17
0 31 18
0 31 20
0 31 21
0 31 24
0 31 27
0 31 30
0 31 32
0 31 33
0 31 34
0 31 35
0 31 38
0 31 44
0 31 45
0 31 52
0 31 54
0 31 56
0 31 57
0 31 59
0 32 4
0 32 9
0 32 11
0 32 14
0 32 18
0 32 21
0 32 22
0 32 23
0 32 24
0 32 25
0 32 26
0 32 27
0 32 29
0 32 30
0 32 32
0 32 33
0 32 34
0 32 35
0 32 36
0 32 39
0 32 40
0 32 41
0 32 44
0 32 45
0 32 46
0 32 47
0 32 48
0 32 54
0 32 56
0 32 57
0 32 59
0 33 6
0 33 7
0 33 9
0 33 12
0 33 13
0 33 14
0 33 15
0 33 18
0 33 19
0 33 20
0 33 21
0 33 22
0 33 23
0 33 24
0 33 26
0 33 30
0 33 31
0 33 33
0 33 35
0 33 37
0 33 40
0 33 41
0 33 42
0 33 45
0 33 51
0 33 52
0 33 53
0 33 57
0 33 58
0 33 59
0 34 1
0 34 2
0 34 5
0 34 6
0 34 11
0 34 14
0 34 15
0 34 17
0 34 18
0 34 21
0 34 25
0 34 26
0 34 27
0 34 29
0 34 30
0 34 31
0 34 36
0 34 37
0 34 38
0 34 39
0 34 40
0 34 44
0 34 45
0 34 47
0 34 48
0 34 51
0 34 56
0 35 2
0 35 7
0 35 8
0 35 9
0 35 13
0 35 14
0 35 15
0 35 18
0 35 19
0 35 21
0 35 27
0 35 29
0 35 30
0 35 31
0 35 33
0 35 34
0 35 36
0 35 38
0 35 40
0 35 41
0 35 42
0 35 43
0 35 48
0 35 52
0 35 54
0 35 56
0 35 58
0 35 59
0 36 2
0 36 8
0 36 9
0 36 13
0 36 15
0 36 18
0 36 20
0 36 21
0 36 24
0 36 25
0 36 27
0 36 29
0 36 30
0 36 31
0 36 32
0 36 33
0 36 34
0 36 35
0 36 36
0 36 39
0 36 41
0 36 42
0 36 43
0 36 44
0 36 48
0 36 49
0 36 52
0 36 54
0 36 56
0 36 59
0 37 2
0 37 4
0 37 6
0 37 7
0 37 8
0 37 9
0 37 11
0 37 14
0 37 15
0 37 16
0 37 19
0 37 20
0 37 22
0 37 24
0 37 26
0 37 28
0 37 29
0 37 30
0 37 32
0 37 38
0 37 39
0 37 40
0 37 41
0 37 42
0 37 43
0 37 48
0 37 49
0 37 51
0 37 52
0 37 54
0 38 0
0 38 1
0 38 3
0 38 4
0 38 6
0 38 7
0 38 8
0 38 11
0 38 12
0 38 15
0 38 16
0 38 18
0 38 22
0 38 26
0 38 28
0 38 32
0 38 34
0 38 37
0 38 38
0 38 39
0 38 46
0 38 50
0 38 51
0 38 53
0 38 58
0 38 59
0 39 0
0 39 3
0 39 4
0 39 6
0 39 8
0 39 17
0 39 19
0 39 20
0 39 23
0 39 27
0 39 28
0 39 31
0 39 32
0 39 33
0 39 36
0 39 38
0 39 40
0 39 41
0 39 42
0 39 44
0 39 47
0 39 48
0 39 49
0 39 52
0 39 57
0 39 58
0 40 0
0 40 1
0 40 3
0 40 5
0 40 12
0 40 16
0 40 17
0 40 18
0 40 20
0 40 21
0 40 29
0 40 37
0 40 38
0 40 41
0 40 42
0 40 45
0 40 46
0 40 47
0 40 49
0 40 53
0 40 54
0 40 55
0 40 57
0 41 2
0 41 3
0 41 6
0 41 8
0 41 9
0 41 11
0 41 13
0 41 14
0 41 15
0 41 18
0 41 22
0 41 23
0 41 24
0 41 26
0 41 27
0 41 29
0 41 32
0 41 34
0 41 43
0 41 44
0 41 45
0 41 46
0 41 47
0 41 48
0 41 49
0 41 50
0 41 51
0 41 53
0 41 54
0 41 56
0 41 59
0 42 0
0 42 8
0 42 11
0 42 14
0 42 19
0 42 20
0 42 21
0 42 22
0 42 23
0 42 24
0 42 25
0 42 26
0 42 29
0 42 31
0 42 33
0 42 34
0 42 39
0 42 40
0 42 41
0 42 42
0 42 43
0 42 44
0 42 45
0 42 47
0 42 48
0 42 49
0 42 50
0 42 52
0 42 59
0 43 7
0 43 11
0 43 13
0 43 16
0 43 19
0 43 22
0 43 24
0 43 26
0 43 29
0 43 30
0 43 32
0 43 34
0 43 35
0 43 37
0 43 38
0 43 41
0 43 51
0 43 52
0 43 53
0 43 58
0 44 0
0 44 1
0 44 2
0 44 3
0 44 5
0 44 10
0 44 11
0 44 12
0 44 15
0 44 16
0 44 18
0 44 21
0 44 22
0 44 30
0 44 35
0 44 39
0 44 53
0 44 55
0 44 57
0 45 2
0 45 4
0 45 8
0 45 15
0 45 17
0 45 18
0 45 22
0 45 23
0 45 24
0 45 26
0 45 29
0 45 30
0 45 31
0 45 35
0 45 36
0 45 37
0 45 38
0 45 40
0 45 41
0 45 44
0 45 45
0 45 47
0 45 48
0 45 52
0 45 54
0 45 58
0 45 59
0 46 4
0 46 6
0 46 8
0 46 11
0 46 12
0 46 13
0 46 14
0 46 20
0 46 22
0 46 26
0 46 31
0 46 32
0 46 34
0 46 38
0 46 39
0 46 40
0 46 43
0 46 49
0 46 51
0 46 53
0 46 56
0 47 0
0 47 4
0 47 9
0 47 13
0 47 17
0 47 18
0 47 26
0 47 27
0 47 29
0 47 31
0 47 32
0 47 33
0 47 35
0 47 37
0 47 40
0 47 41
0 47 43
0 47 44
0 47 45
0 47 48
0 47 49
0 47 51
0 47 52
0 47 56
0 48 0
0 48 3
0 48 5
0 48 7
0 48 8
0 48 9
0 48 10
0 48 16
0 48 25
0 48 28
0 48 32
0 48 34
0 48 44
0 48 46
0 48 50
0 48 53
0 48 55
0 48 57
0 49 0
0 49 3
0 49 5
0 49 9
0 49 10
0 49 11
0 49 12
0 49 16
0 49 20
0 49 21
0 49 25
0 49 33
0 49 34
0 49 35
0 49 55
0 49 57
0 49 58
0 50 0
0 50 2
0 50 4
0 50 7
0 50 12
0 50 13
0 50 14
0 50 15
0 50 17
0 50 18
0 50 19
0 50 23
0 50 24
0 50 27
0 50 30
0 50 31
0 50 33
0 50 34
0 50 35
0 50 37
0 50 38
0 50 40
0 50 41
0 50 42
0 50 44
0 50 47
0 50 48
0 50 49
0 50 52
0 50 54
0 50 55
0 50 56
0 50 58
0 50 59
0 51 0
0 51 2
0 51 5
0 51 6
0 51 7
0 51 8
0 51 9
0 51 10
0 51 11
0 51 17
0 51 18
0 51 19
0 51 21
0 51 24
0 51 26
0 51 30
0 51 31
0 51 32
0 51 33
0 51 34
0 51 35
0 51 37
0 51 39
0 51 40
0 51 42
0 51 43
0 51 44
0 51 47
0 51 48
0 51 51
0 51 54
0 51 56
0 51 59
0 52 11
0 52 13
0 52 15
0 52 22
0 52 29
0 52 38
0 52 39
0 52 41
0 52 43
0 52 45
0 52 46
0 52 51
0 52 52
0 52 59
0 53 0
0 53 4
0 53 6
0 53 7
0 53 8
0 53 13
0 53 14
0 53 17
0 53 18
0 53 19
0 53 21
0 53 23
0 53 24
0 53 26
0 53 27
0 53 30
0 53 31
0 53 32
0 53 33
0 53 34
0 53 36
0 53 38
0 53 43
0 53 44
0 53 45
0 53 47
0 53 48
0 53 49
0 53 54
0 53 56
0 54 0
0 54 1
0 54 2
0 54 4
0 54 6
0 54 9
0 54 13
0 54 14
0 54 15
0 54 16
0 54 17
0 54 18
0 54 23
0 54 26
0 54 27
0 54 30
0 54 32
0 54 34
0 54 37
0 54 40
0 54 42
0 54 44
0 54 45
0 54 46
0 54 48
0 54 49
0 54 50
0 54 59
0 55 4
0 55 6
0 55 8
0 55 9
0 55 11
0 55 14
0 55 15
0 55 19
0 55 24
0 55 26
0 55 29
0 55 30
0 55 33
0 55 34
0 55 35
0 55 39
0 55 41
0 55 45
0 55 47
0 55 48
0 55 49
0 55 54
0 55 57
0 55 59
0 56 4
0 56 6
0 56 7
0 56 8
0 56 9
0 56 13
0 56 14
0 56 15
0 56 19
0 56 20
0 56 22
0 56 23
0 56 24
0 56 28
0 56 29
0 56 33
0 56 35
0 56 37
0 56 39
0 56 40
0 56 41
0 56 42
0 56 43
0 56 45
0 56 47
0 56 48
0 56 49
0 56 51
0 56 54
0 57 0
0 57 1
0 57 2
0 57 3
0 57 5
0 57 8
0 57 9
0 57 10
0 57 11
0 57 12
0 57 16
0 57 19
0 57 25
0 57 36
0 57 42
0 57 43
0 57 44
0 57 45
0 57 46
0 57 48
0 57 50
0 57 53
0 57 55
0 57 58
0 58 0
0 58 1
0 58 2
0 58 4
0 58 8
0 58 9
0 58 11
0 58 13
0 58 14
0 58 15
0 58 16
0 58 17
0 58 21
0 58 22
0 58 25
0 58 27
0 58 30
0 58 31
0 58 32
0 58 34
0 58 37
0 58 40
0 58 41
0 58 45
0 58 46
0 58 48
0 58 51
0 58 53
0 58 54
0 59 0
0 59 2
0 59 4
0 59 7
0 59 9
0 59 13
0 59 15
0 59 18
0 59 19
0 59 20
0 59 22
0 59 23
0 59 24
0 59 26
0 59 27
0 59 30
0 59 33
0 59 34
0 59 35
0 59 37
0 59 39
0 59 40
0 59 41
0 59 45
0 59 48
0 59 49
0 59 50
0 59 52
0 59 54
0 59 57
0 59 59
1 0 3
1 0 8
1 0 10
1 0 14
1 0 16
1 0 25
1 0 29
1 0 32
1 0 39
1 0 44
1 0 45
1 0 46
1 0 50
1 0 52
1 0 53
1 0 55
1 0 58
1 1 10
1 1 25
1 1 27
1 1 36
1 1 39
1 1 42
1 1 47
1 1 53
1 1 58
1 2 0
1 2 2
1 2 3
1 2 5
1 2 7
1 2 8
1 2 10
1 2 11
1 2 13
1 2 14
1 2 15
1 2 16
1 2 17
1 2 18
1 2 19
1 2 20
1 2 22
1 2 26
1 2 27
1 2 28
1 2 31
1 2 33
1 2 34
1 2 35
1 2 41
1 2 43
1 2 44
1 2 46
1 2 55
1 2 56
1 2 58
1 2 59
1 3 1
1 3 3
1 3 4
1 3 14
1 3 20
1 3 26
1 3 29
1 3 34
1 3 37
1 3 39
1 3 40
1 3 45
1 3 51
1 3 53
1 3 58
1 4 0
1 4 1
1 4 2
1 4 3
1 4 4
1 4 5
1 4 6
1 4 7
1 4 8
1 4 13
1 4 14
1 4 15
1 4 16
1 4 17
1 4 19
1 4 20
1 4 21
1 4 23
1 4 26
1 4 27
1 4 28
1 4 33
1 4 34
1 4 35
1 4 36
1 4 37
1 4 40
1 4 43
1 4 44
1 4 46
1 4 47
1 4 48
1 4 50
1 4 52
1 4 53
1 4 56
1 4 59
1 5 1
1 5 7
1 5 10
1 5 11
1 5 15
1 5 17
1 5 21
1 5 24
1 5 25
1 5 26
1 5 29
1 5 39
1 5 41
1 5 42
1 5 45
1 5 47
1 5 49
1 5 51
1 5 53
1 5 58
1 6 0
1 6 1
1 6 2
1 6 4
1 6 5
1 6 8
1 6 12
1 6 15
1 6 17
1 6 20
1 6 21
1 6 22
1 6 24
1 6 25
1 6 26
1 6 27
1 6 28
1 6 29
1 6 30
1 6 31
1 6 32
1 6 33
1 6 34
1 6 35
1 6 37
1 6 38
1 6 40
1 6 43
1 6 44
1 6 45
1 6 47
1 6 49
1 6 52
1 6 55
1 6 59
1 7 1
1 7 5
1 7 7
1 7 10
1 7 11
1 7 13
1 7 15
1 7 16
1 7 18
1 7 20
1 7 21
1 7 22
1 7 23
1 7 24
1 7 25
1 7 27
1 7 32
1 7 33
1 7 37
1 7 38
1 7 41
1 7 44
1 7 46
1 7 48
1 7 49
1 7 50
1 7 52
1 7 54
1 7 55
1 7 56
1 7 59
1 8 0
1 8 3
1 8 4
1 8 5
1 8 9
1 8 11
1 8 14
1 8 15
1 8 19
1 8 20
1 8 23
1 8 25
1 8 26
1 8 28
1 8 30
1 8 33
1 8 34
1 8 36
1 8 38
1 8 40
1 8 47
1 8 48
1 8 49
1 8 52
1 8 54
1 8 55
1 8 56
1 8 57
1 9 3
1 9 7
1 9 12
1 9 16
1 9 17
1 9 18
1 9 19
1 9 21
1 9 22
1 9 26
1 9 27
1 9 28
1 9 30
1 9 33
1 9 35
1 9 36
1 9 38
1 9 40
1 9 41
1 9 44
1 9 46
1 9 47
1 9 48
1 9 49
1 9 50
1 9 51
1 9 54
1 9 55
1 10 4
1 10 7
1 10 9
1 10 11
1 10 12
1 10 33
1 10 38
1 10 39
1 10 42
1 10 45
1 10 47
1 10 51
1 10 56
1 10 58
1 11 0
1 11 1
1 11 2
1 11 3
1 11 5
1 11 6
1 11 7
1 11 14
1 11 16
1 11 18
1 11 19
1 11 21
1 11 22
1 11 23
1 11 25
1 11 26
1 11 27
1 11 28
1 11 31
1 11 32
1 11 33
1 11 35
1 11 36
1 11 37
1 11 38
1 11 40
1 11 41
1 11 43
1 11 44
1 11 47
1 11 48
1 11 49
1 11 53
1 11 56
1 12 4
1 12 7
1 12 10
1 12 23
1 12 26
1 12 37
1 12 39
1 12 42
1 12 45
1 12 53
1 12 58
1 13 2
1 13 3
1 13 4
1 13 5
1 13 8
1 13 9
1 13 13
1 13 16
1 13 18
1 13 20
1 13 21
1 13 22
1 13 23
1 13 24
1 13 26
1 13 27
1 13 29
1 13 33
1 13 36
1 13 39
1 13 40
1 13 43
1 13 46
1 13 47
1 13 48
1 13 49
1 13 50
1 13 54
1 13 56
1 13 57
1 13 59
1 14 0
1 14 2
1 14 5
1 14 6
1 14 8
1 14 12
1 14 13
1 14 16
1 14 17
1 14 18
1 14 20
1 14 21
1 14 22
1 14 25
1 14 27
1 14 30
1 14 32
1 14 40
1 14 43
1 14 44
1 14 45
1 14 47
1 14 48
1 14 49
1 14 50
1 14 51
1 14 55
1 14 57
1 14 59
1 15 0
1 15 3
1 15 4
1 15 6
1 15 7
1 15 9
1 15 10
1 15 12
1 15 13
1 15 14
1 15 15
1 15 17
1 15 18
1 15 19
1 15 21
1 15 22
1 15 25
1 15 27
1 15 31
1 15 32
1 15 33
1 15 35
1 15 36
1 15 40
1 15 41
1 15 42
1 15 43
1 15 45
1 15 46
1 15 48
1 15 51
1 16 14
1 16 30
1 16 32
1 16 39
1 16 42
1 16 45
1 16 48
1 16 49
1 16 51
1 16 53
1 16 54
1 16 58
1 17 0
1 17 1
1 17 2
1 17 3
1 17 4
1 17 5
1 17 7
1 17 12
1 17 14
1 17 16
1 17 18
1 17 19
1 17 20
1 17 24
1 17 25
1 17 26
1 17 29
1 17 30
1 17 33
1 17 37
1 17 39
1 17 44
1 17 45
1 17 47
1 17 48
1 17 49
1 17 50
1 17 52
1 17 55
1 17 57
1 18 0
1 18 1
1 18 4
1 18 7
1 18 9
1 18 10
1 18 11
1 18 12
1 18 13
1 18 14
1 18 16
1 18 20
1 18 21
1 18 22
1 18 26
1 18 28
1 18 31
1 18 34
1 18 35
1 18 38
1 18 40
1 18 46
1 18 47
1 18 48
1 18 49
1 18 50
1 18 51
1 18 52
1 18 54
1 18 57
1 19 2
1 19 5
1 19 6
1 19 9
1 19 10
1 19 11
1 19 12
1 19 15
1 19 17
1 19 20
1 19 23
1 19 24
1 19 25
1 19 26
1 19 27
1 19 30
1 19 31
1 19 34
1 19 35
1 19 36
1 19 37
1 19 38
1 19 45
1 19 47
1 19 50
1 19 52
1 19 54
1 19 55
1 19 57
1 20 0
1 20 2
1 20 3
1 20 4
1 20 7
1 20 11
1 20 15
1 20 16
1 20 19
1 20 20
1 20 23
1 20 24
1 20 26
1 20 27
1 20 31
1 20 33
1 20 34
1 20 37
1 20 41
1 20 43
1 20 44
1 20 46
1 20 47
1 20 48
1 20 54
1 20 55
1 20 57
1 20 59
1 21 2
1 21 4
1 21 5
1 21 6
1 21 7
1 21 13
1 21 14
1 21 17
1 21 24
1 21 27
1 21 28
1 21 30
1 21 31
1 21 32
1 21 33
1 21 38
1 21 40
1 21 41
1 21 43
1 21 47
1 21 48
1 21 49
1 21 53
1 21 55
1 21 59
1 22 2
1 22 3
1 22 7
1 22 9
1 22 10
1 22 11
1 22 12
1 22 13
1 22 19
1 22 20
1 22 21
1 22 24
1 22 25
1 22 27
1 22 28
1 22 29
1 22 30
1 22 31
1 22 32
1 22 34
1 22 36
1 22 44
1 22 49
1 22 52
1 22 55
1 22 57
1 22 58
1 22 59
1 23 0
1 23 2
1 23 3
1 23 5
1 23 6
1 23 7
1 23 8
1 23 9
1 23 10
1 23 13
1 23 16
1 23 18
1 23 19
1 23 23
1 23 24
1 23 25
1 23 26
1 23 27
1 23 28
1 23 29
1 23 31
1 23 32
1 23 33
1 23 34
1 23 35
1 23 36
1 23 37
1 23 43
1 23 44
1 23 49
1 23 50
1 23 52
1 23 55
1 23 56
1 23 57
1 23 59
1 24 2
1 24 3
1 24 4
1 24 5
1 24 7
1 24 9
1 24 10
1 24 11
1 24 12
1 24 14
1 24 15
1 24 17
1 24 18
1 24 21
1 24 22
1 24 23
1 24 24
1 24 29
1 24 31
1 24 32
1 24 34
1 24 36
1 24 42
1 24 43
1 24 44
1 24 47
1 24 48
1 24 54
1 24 56
1 24 57
1 25 5
1 25 11
1 25 14
1 25 16
1 25 28
1 25 37
1 25 39
1 25 40
1 25 43
1 25 46
1 25 49
1 25 50
1 25 53
1 25 55
1 25 59
1 26 1
1 26 3
1 26 5
1 26 7
1 26 8
1 26 9
1 26 10
1 26 12
1 26 13
1 26 14
1 26 15
1 26 17
1 26 20
1 26 22
1 26 24
1 26 26
1 26 29
1 26 32
1 26 33
1 26 34
1 26 35
1 26 37
1 26 38
1 26 40
1 26 45
1 26 46
1 26 47
1 26 50
1 26 51
1 26 52
1 26 54
1 26 55
1 26 59
1 27 0
1 27 1
1 27 2
1 27 4
1 27 5
1 27 7
1 27 9
1 27 11
1 27 12
1 27 15
1 27 16
1 27 18
1 27 20
1 27 22
1 27 23
1 27 24
1 27 25
1 27 26
1 27 29
1 27 32
1 27 34
1 27 36
1 27 37
1 27 38
1 27 40
1 27 41
1 27 42
1 27 44
1 27 47
1 27 48
1 27 51
1 27 52
1 27 54
1 27 55
1 27 56
1 27 58
1 28 0
1 28 6
1 28 8
1 28 10
1 28 12
1 28 23
1 28 29
1 28 30
1 28 34
1 28 39
1 28 45
1 28 50
1 28 58
1 29 1
1 29 2
1 29 3
1 29 4
1 29 7
1 29 9
1 29 10
1 29 12
1 29 13
1 29 15
1 29 16
1 29 20
1 29 25
1 29 28
1 29 29
1 29 30
1 29 32
1 29 33
1 29 34
1 29 36
1 29 37
1 29 38
1 29 41
1 29 44
1 29 48
1 29 49
1 29 52
1 29 55
1 29 56
1 29 57
1 29 58
1 29 59
1 30 1
1 30 2
1 30 3
1 30 4
1 30 5
1 30 6
1 30 7
1 30 9
1 30 12
1 30 13
1 30 15
1 30 16
1 30 17
1 30 18
1 30 19
1 30 21
1 30 22
1 30 23
1 30 26
1 30 30
1 30 33
1 30 34
1 30 35
1 30 36
1 30 44
1 30 45
1 30 46
1 30 48
1 30 49
1 30 51
1 30 52
1 30 56
1 30 59
1 31 0
1 31 2
1 31 3
1 31 4
1 31 5
1 31 9
1 31 10
1 31 12
1 31 14
1 31 16
1 31 17
1 31 18
1 31 20
1 31 22
1 31 23
1 31 24
1 31 26
1 31 27
1 31 28
1 31 29
1 31 32
1 31 36
1 31 37
1 31 40
1 31 43
1 31 46
1 31 52
1 31 54
1 31 56
1 31 59
1 32 1
1 32 4
1 32 7
1 32 8
1 32 9
1 32 14
1 32 15
1 32 16
1 32 18
1 32 19
1 32 21
1 32 22
1 32 24
1 32 25
1 32 26
1 32 27
1 32 28
1 32 29
1 32 31
1 32 32
1 32 35
1 32 36
1 32 39
1 32 40
1 32 41
1 32 44
1 32 47
1 32 49
1 32 52
1 32 55
1 32 57
1 32 59
1 33 6
1 33 8
1 33 9
1 33 11
1 33 16
1 33 18
1 33 21
1 33 25
1 33 26
1 33 27
1 33 28
1 33 29
1 33 30
1 33 33
1 33 34
1 33 35
1 33 36
1 33 37
1 33 48
1 33 52
1 33 55
1 33 57
1 33 59
1 34 0
1 34 2
1 34 3
1 34 4
1 34 5
1 34 6
1 34 9
1 34 11
1 34 12
1 34 13
1 34 14
1 34 16
1 34 17
1 34 19
1 34 21
1 34 22
1 34 26
1 34 28
1 34 31
1 34 32
1 34 33
1 34 36
1 34 38
1 34 41
1 34 43
1 34 45
1 34 47
1 34 51
1 34 52
1 34 55
1 34 57
1 34 59
1 35 0
1 35 1
1 35 5
1 35 7
1 35 8
1 35 12
1 35 13
1 35 14
1 35 19
1 35 23
1 35 24
1 35 26
1 35 27
1 35 28
1 35 29
1 35 30
1 35 31
1 35 34
1 35 35
1 35 37
1 35 38
1 35 41
1 35 42
1 35 46
1 35 47
1 35 49
1 35 52
1 35 54
1 35 56
1 35 59
1 36 1
1 36 2
1 36 3
1 36 4
1 36 5
1 36 6
1 36 8
1 36 9
1 36 10
1 36 11
1 36 12
1 36 13
1 36 14
1 36 15
1 36 17
1 36 18
1 36 21
1 36 22
1 36 24
1 36 25
1 36 26
1 36 29
1 36 30
1 36 31
1 36 35
1 36 36
1 36 38
1 36 41
1 36 44
1 36 46
1 36 54
1 36 56
1 36 58
1 37 1
1 37 4
1 37 5
1 37 7
1 37 9
1 37 10
1 37 11
1 37 12
1 37 13
1 37 15
1 37 17
1 37 21
1 37 22
1 37 24
1 37 28
1 37 31
1 37 32
1 37 34
1 37 36
1 37 37
1 37 38
1 37 39
1 37 41
1 37 43
1 37 46
1 37 47
1 37 49
1 37 50
1 37 52
1 37 56
1 37 57
1 37 59
1 38 2
1 38 6
1 38 8
1 38 10
1 38 11
1 38 12
1 38 16
1 38 18
1 38 19
1 38 20
1 38 22
1 38 24
1 38 25
1 38 28
1 38 31
1 38 32
1 38 35
1 38 37
1 38 38
1 38 40
1 38 41
1 38 42
1 38 43
1 38 44
1 38 45
1 38 47
1 38 49
1 38 50
1 38 51
1 38 54
1 38 56
1 38 57
1 38 59
1 39 1
1 39 2
1 39 6
1 39 10
1 39 11
1 39 12
1 39 15
1 39 17
1 39 20
1 39 23
1 39 25
1 39 27
1 39 30
1 39 32
1 39 33
1 39 36
1 39 37
1 39 40
1 39 41
1 39 43
1 39 44
1 39 46
1 39 48
1 39 49
1 39 51
1 39 52
1 39 54
1 39 56
1 39 57
1 39 58
1 39 59
1 40 0
1 40 4
1 40 5
1 40 6
1 40 8
1 40 9
1 40 11
1 40 12
1 40 15
1 40 17
1 40 21
1 40 22
1 40 23
1 40 24
1 40 26
1 40 27
1 40 28
1 40 33
1 40 35
1 40 38
1 40 41
1 40 43
1 40 46
1 40 49
1 40 50
1 40 52
1 40 56
1 40 57
1 40 59
1 41 2
1 41 3
1 41 4
1 41 5
1 41 6
1 41 9
1 41 11
1 41 15
1 41 18
1 41 21
1 41 23
1 41 24
1 41 25
1 41 27
1 41 29
1 41 32
1 41 33
1 41 34
1 41 37
1 41 38
1 41 42
1 41 45
1 41 47
1 41 48
1 41 49
1 41 50
1 41 51
1 41 53
1 41 54
1 41 55
1 41 56
1 41 57
1 41 59
1 42 0
1 42 1
1 42 4
1 42 5
1 42 6
1 42 7
1 42 8
1 42 9
1 42 10
1 42 11
1 42 12
1 42 17
1 42 18
1 42 19
1 42 21
1 42 25
1 42 26
1 42 27
1 42 28
1 42 29
1 42 30
1 42 31
1 42 34
1 42 36
1 42 37
1 42 40
1 42 41
1 42 43
1 42 44
1 42 46
1 42 47
1 42 48
1 42 49
1 42 55
1 42 56
1 42 57
1 42 59
1 43 2
1 43 3
1 43 6
1 43 7
1 43 10
1 43 11
1 43 14
1 43 15
1 43 16
1 43 20
1 43 21
1 43 23
1 43 24
1 43 25
1 43 29
1 43 30
1 43 31
1 43 32
1 43 33
1 43 35
1 43 36
1 43 37
1 43 40
1 43 41
1 43 43
1 43 47
1 43 49
1 43 50
1 43 52
1 43 54
1 43 55
1 43 57
1 44 0
1 44 1
1 44 5
1 44 8
1 44 10
1 44 11
1 44 12
1 44 13
1 44 16
1 44 17
1 44 19
1 44 22
1 44 23
1 44 24
1 44 25
1 44 28
1 44 30
1 44 31
1 44 32
1 44 34
1 44 35
1 44 37
1 44 40
1 44 43
1 44 44
1 44 46
1 44 48
1 44 49
1 44 51
1 44 52
1 44 53
1 44 57
1 44 59
1 45 2
1 45 4
1 45 8
1 45 9
1 45 12
1 45 13
1 45 14
1 45 15
1 45 16
1 45 17
1 45 18
1 45 20
1 45 23
1 45 28
1 45 29
1 45 30
1 45 31
1 45 35
1 45 36
1 45 37
1 45 38
1 45 44
1 45 46
1 45 47
1 45 48
1 45 49
1 45 50
1 45 52
1 45 54
1 45 59
1 46 2
1 46 3
1 46 15
1 46 16
1 46 19
1 46 20
1 46 25
1 46 31
1 46 32
1 46 35
1 46 36
1 46 39
1 46 42
1 46 43
1 46 45
1 46 46
1 46 49
1 46 53
1 46 58
1 46 59
1 47 0
1 47 6
1 47 9
1 47 10
1 47 11
1 47 14
1 47 16
1 47 21
1 47 28
1 47 29
1 47 30
1 47 31
1 47 32
1 47 33
1 47 34
1 47 35
1 47 40
1 47 41
1 47 42
1 47 44
1 47 47
1 47 48
1 47 49
1 47 50
1 47 52
1 47 54
1 47 57
1 47 58
1 47 59
1 48 0
1 48 5
1 48 6
1 48 7
1 48 8
1 48 9
1 48 11
1 48 12
1 48 13
1 48 14
1 48 15
1 48 17
1 48 18
1 48 21
1 48 25
1 48 26
1 48 28
1 48 29
1 48 30
1 48 32
1 48 33
1 48 40
1 48 41
1 48 44
1 48 50
1 48 57
1 49 0
1 49 4
1 49 7
1 49 8
1 49 9
1 49 12
1 49 14
1 49 15
1 49 16
1 49 17
1 49 18
1 49 19
1 49 20
1 49 22
1 49 24
1 49 25
1 49 26
1 49 28
1 49 29
1 49 30
1 49 31
1 49 32
1 49 33
1 49 34
1 49 35
1 49 36
1 49 40
1 49 43
1 49 44
1 49 45
1 49 46
1 49 49
1 49 50
1 49 56
1 50 2
1 50 10
1 50 14
1 50 26
1 50 28
1 50 29
1 50 39
1 50 41
1 50 44
1 50 45
1 50 46
1 50 47
1 50 49
1 50 50
1 50 51
1 50 53
1 50 56
1 50 58
1 51 0
1 51 1
1 51 2
1 51 3
1 51 4
1 51 5
1 51 10
1 51 11
1 51 13
1 51 14
1 51 17
1 51 18
1 51 20
1 51 25
1 51 27
1 51 29
1 51 30
1 51 31
1 51 32
1 51 34
1 51 35
1 51 38
1 51 41
1 51 46
1 51 47
1 51 54
1 51 55
1 51 57
1 51 59
1 52 0
1 52 1
1 52 2
1 52 5
1 52 7
1 52 8
1 52 12
1 52 13
1 52 14
1 52 15
1 52 16
1 52 17
1 52 18
1 52 19
1 52 23
1 52 24
1 52 25
1 52 28
1 52 29
1 52 32
1 52 35
1 52 38
1 52 42
1 52 44
1 52 45
1 52 47
1 52 49
1 52 55
1 52 57
1 52 59
1 53 2
1 53 3
1 53 6
1 53 9
1 53 11
1 53 31
1 53 35
1 53 39
1 53 45
1 53 47
1 53 49
1 53 51
1 53 53
1 53 58
1 53 59
1 54 0
1 54 1
1 54 3
1 54 4
1 54 8
1 54 17
1 54 18
1 54 20
1 54 21
1 54 22
1 54 24
1 54 25
1 54 26
1 54 30
1 54 31
1 54 33
1 54 35
1 54 36
1 54 37
1 54 38
1 54 40
1 54 41
1 54 43
1 54 45
1 54 49
1 54 50
1 54 53
1 54 56
1 54 57
1 55 3
1 55 10
1 55 12
1 55 13
1 55 19
1 55 21
1 55 36
1 55 39
1 55 40
1 55 45
1 55 51
1 55 58
1 56 1
1 56 2
1 56 3
1 56 5
1 56 6
1 56 7
1 56 9
1 56 10
1 56 11
1 56 12
1 56 15
1 56 16
1 56 17
1 56 18
1 56 23
1 56 24
1 56 30
1 56 31
1 56 32
1 56 34
1 56 35
1 56 36
1 56 37
1 56 38
1 56 40
1 56 41
1 56 46
1 56 47
1 56 48
1 56 52
1 56 53
1 56 55
1 56 57
1 56 58
1 56 59
1 57 0
1 57 3
1 57 6
1 57 19
1 57 24
1 57 32
1 57 35
1 57 39
1 57 40
1 57 41
1 57 42
1 57 43
1 57 44
1 57 48
1 57 53
1 57 54
1 57 58
1 58 5
1 58 15
1 58 20
1 58 25
1 58 27
1 58 37
1 58 39
1 58 42
1 58 51
1 58 53
1 59 0
1 59 2
1 59 6
1 59 7
1 59 11
1 59 14
1 59 16
1 59 18
1 59 20
1 59 21
1 59 22
1 59 24
1 59 25
1 59 26
1 59 27
1 59 28
1 59 29
1 59 31
1 59 34
1 59 38
1 59 40
1 59 41
1 59 43
1 59 44
1 59 45
1 59 52
1 59 54