5581
7
17 17 17 17 18 17 17
695

56 47 424 23 857 98 49 10 282 357 10 82 887 89 61 431 89
698 57 54 87 97 38 7 520 83 5 51 17 23 726 94 100 40
35 55 32 22 941 93 987 586 733 808 896 46 28 59 68 88 622
501 674 86 57 272 87 73 3 928 821 305 41 28 136 30 86 81
539 4 627 68 97 3 35 95 60 49 714 71 587 3 56 492 3 404
999 12 89 904 88 43 36 86 93 57 82 496 91 58 687 46 90
37 62 271 94 0 196 78 90 86 915 304 233 9 69 0 1 18

0 0 0
0 0 1
0 0 6
0 0 8
0 0 11
0 0 16
0 1 1
0 1 2
0 1 7
0 1 9
0 1 10
0 2 6
0 2 7
0 2 12
0 2 13
0 2 16
0 3 8
0 3 12
0 3 13
0 4 0
0 4 1
0 4 3
0 4 7
0 4 11
0 4 13
0 5 0
0 5 1
0 5 2
0 5 3
0 5 4
0 5 5
0 5 6
0 5 8
0 5 10
0 5 11
0 5 12
0 5 15
0 5 16
0 6 1
0 6 2
0 6 3
0 6 5
0 6 7
0 6 8
0 6 9
0 6 11
0 6 12
0 6 14
0 6 15
0 7 0
0 7 1
0 7 3
0 7 4
0 7 6
0 7 8
0 7 9
0 7 10
0 7 12
0 7 14
0 7 15
0 8 1
0 8 12
0 9 0
0 9 1
0 9 7
0 9 13
0 10 1
0 10 2
0 10 4
0 10 6
0 10 8
0 10 9
0 10 10
0 10 11
0 10 14
0 11 1
0 11 5
0 11 8
0 11 10
0 11 11
0 11 13
0 11 15
0 11 16
0 12 0
0 12 1
0 12 7
0 13 1
0 13 2
0 13 4
0 13 5
0 13 6
0 13 9
0 13 10
0 13 11
0 13 13
0 13 14
0 13 15
0 13 16
0 14 2
0 14 3
0 14 4
0 14 6
0 14 7
0 14 11
0 14 12
0 14 13
0 14 16
0 15 3
0 15 5
0 15 12
0 16 1
0 16 6
0 16 7
0 16 10
0 16 13
0 16 14
0 16 15
0 16 16
1 0 0
1 0 2
1 0 5
1 0 7
1 0 9
1 0 11
1 0 14
1 1 0
1 1 2
1 1 3
1 1 8
1 1 11
1 1 12
1 1 13
1 1 14
1 1 15
1 2 0
1 2 2
1 2 3
1 2 6
1 2 10
1 2 12
1 3 0
1 3 1
1 3 2
1 3 5
1 3 11
1 3 12
1 3 15
1 4 1
1 4 2
1 4 3
1 4 6
1 4 9
1 4 10
1 4 11
1 4 12
1 5 2
1 5 5
1 5 10
1 5 11
1 5 12
1 5 13
1 6 0
1 6 1
1 6 2
1 6 3
1 6 9
1 6 11
1 6 12
1 6 13
1 7 4
1 7 5
1 7 6
1 7 7
1 7 8
1 7 9
1 7 10
1 7 11
1 8 2
1 8 3
1 8 4
1 8 10
1 8 11
1 8 13
1 9 1
1 9 2
1 9 15
1 9 16
1 10 1
1 10 13
1 10 15
1 10 16
1 11 0
1 11 7
1 11 12
1 12 4
1 12 5
1 12 7
1 12 8
1 12 9
1 12 10
1 12 11
1 12 14
1 13 5
1 13 6
1 13 7
1 13 9
1 13 12
1 13 16
1 14 1
1 14 3
1 14 11
1 14 15
1 14 16
1 15 1
1 15 2
1 15 3
1 15 7
1 15 9
1 15 12
1 15 13
1 15 14
1 16 0
1 16 2
1 16 3
1 16 8
1 16 12
1 16 13
1 16 15
2 0 5
2 0 9
2 0 12
2 0 14
2 0 15
2 0 16
2 1 3
2 1 7
2 1 8
2 1 10
2 1 11
2 1 14
2 1 15
2 1 16
2 2 3
2 2 6
2 2 7
2 2 8
2 2 16
2 3 1
2 3 2
2 3 3
2 3 4
2 3 6
2 3 12
2 3 14
2 3 16
2 4 0
2 4 2
2 4 9
2 4 10
2 4 11
2 4 14
2 4 16
2 5 1
2 5 2
2 5 5
2 5 8
2 5 10
2 6 0
2 6 1
2 6 2
2 6 4
2 6 10
2 6 15
2 7 3
2 7 4
2 7 8
2 7 9
2 7 10
2 7 13
2 8 0
2 8 1
2 8 3
2 8 4
2 8 9
2 8 10
2 8 15
2 9 0
2 9 1
2 9 4
2 9 5
2 9 10
2 9 13
2 10 3
2 10 8
2 10 9
2 10 10
2 10 13
2 10 14
2 10 16
2 11 3
2 11 12
2 11 13
2 11 14
2 12 3
2 12 6
2 12 11
2 12 13
2 12 15
2 12 16
2 13 2
2 13 5
2 13 6
2 13 12
2 13 13
2 13 14
2 13 16
2 14 0
2 14 3
2 14 5
2 14 8
2 14 12
2 14 14
2 14 15
2 15 1
2 15 2
2 15 5
2 15 7
2 15 9
2 15 11
2 15 12
2 15 13
2 15 14
2 15 15
2 16 0
2 16 1
2 16 2
2 16 8
2 16 9
2 16 10
2 16 13
2 16 14
3 0 0
3 0 2
3 0 9
3 0 11
3 0 12
3 0 15
3 0 16
3 0 17
3 1 0
3 1 2
3 1 4
3 1 5
3 1 8
3 1 10
3 1 11
3 1 12
3 1 15
3 1 17
3 2 3
3 2 8
3 2 9
3 2 12
3 2 13
3 2 14
3 2 16
3 3 1
3 3 3
3 3 4
3 3 6
3 3 8
3 3 9
3 3 10
3 3 11
3 3 14
3 3 16
3 3 17
3 4 10
3 4 17
3 5 3
3 5 5
3 5 7
3 5 10
3 5 11
3 5 13
3 5 14
3 5 15
3 5 16
3 6 3
3 6 4
3 6 5
3 6 6
3 6 7
3 6 8
3 6 12
3 6 13
3 6 14
3 6 16
3 6 17
3 7 1
3 7 3
3 7 4
3 7 5
3 7 6
3 7 7
3 7 8
3 7 13
3 7 14
3 8 0
3 8 2
3 8 3
3 8 4
3 8 8
3 8 9
3 8 10
3 8 12
3 8 13
3 8 16
3 8 17
3 9 0
3 9 2
3 9 12
3 9 14
3 10 2
3 10 10
3 10 12
3 10 16
3 11 2
3 11 3
3 11 4
3 11 5
3 11 11
3 11 13
3 11 16
3 12 1
3 12 3
3 12 6
3 12 7
3 12 8
3 12 13
3 13 9
3 13 10
3 13 12
3 13 16
3 13 17
3 14 1
3 14 3
3 14 9
3 14 11
3 14 14
3 14 16
3 15 1
3 15 2
3 15 3
3 15 7
3 15 8
3 16 0
3 16 5
3 16 7
3 16 11
3 16 13
3 16 14
4 0 0
4 0 1
4 0 3
4 0 6
4 0 11
4 0 12
4 0 14
4 1 1
4 1 3
4 1 6
4 1 7
4 1 8
4 1 10
4 1 15
4 2 0
4 2 3
4 2 7
4 2 11
4 2 12
4 2 14
4 3 4
4 3 6
4 3 8
4 3 9
4 3 10
4 3 15
4 4 0
4 4 2
4 4 4
4 4 5
4 4 7
4 4 12
4 4 13
4 4 15
4 5 1
4 5 2
4 5 6
4 5 8
4 5 9
4 5 15
4 5 16
4 6 0
4 6 2
4 6 4
4 6 5
4 6 7
4 7 4
4 7 5
4 7 6
4 7 7
4 7 8
4 7 10
4 7 12
4 7 16
4 8 0
4 8 1
4 8 2
4 8 5
4 8 9
4 8 10
4 8 13
4 8 14
4 9 3
4 9 8
4 9 10
4 9 12
4 9 14
4 10 7
4 10 9
4 10 10
4 10 11
4 10 12
4 10 13
4 10 14
4 11 1
4 11 2
4 11 3
4 11 4
4 11 5
4 11 6
4 11 10
4 12 0
4 12 3
4 12 4
4 12 7
4 12 10
4 12 11
4 12 15
4 12 16
4 13 1
4 13 2
4 13 5
4 13 6
4 13 7
4 13 12
4 14 4
4 14 8
4 14 12
4 14 13
4 14 15
4 14 16
4 15 7
4 15 11
4 16 0
4 16 6
4 16 7
4 16 9
4 16 10
4 16 12
4 16 13
4 16 16
4 17 5
4 17 11
4 17 14
4 17 16
5 0 2
5 0 5
5 0 7
5 0 9
5 0 10
5 0 11
5 0 12
5 0 13
5 0 14
5 0 15
5 1 0
5 1 4
5 1 6
5 1 8
5 1 10
5 1 14
5 1 15
5 1 16
5 2 3
5 2 4
5 2 5
5 2 7
5 2 8
5 2 12
5 2 14
5 3 0
5 3 1
5 3 2
5 3 3
5 3 11
5 3 13
5 4 0
5 4 4
5 4 8
5 4 13
5 4 15
5 5 3
5 5 6
5 5 7
5 5 8
5 5 11
5 5 12
5 5 13
5 6 2
5 6 3
5 6 11
5 6 12
5 6 14
5 6 16
5 7 0
5 7 6
5 7 7
5 7 8
5 7 12
5 7 14
5 7 15
5 7 16
5 8 4
5 8 6
5 8 8
5 8 10
5 8 12
5 8 13
5 8 16
5 9 0
5 9 6
5 9 7
5 9 12
5 9 13
5 9 14
5 9 16
5 10 1
5 10 2
5 10 4
5 10 5
5 10 6
5 10 14
5 10 15
5 11 1
5 11 7
5 11 9
5 11 15
5 11 16
5 12 1
5 12 4
5 12 6
5 12 7
5 12 8
5 12 12
5 12 13
5 12 14
5 12 15
5 13 0
5 13 2
5 13 3
5 13 7
5 13 8
5 13 13
5 13 16
5 14 2
5 14 9
5 14 10
5 14 14
5 14 15
5 14 16
5 15 0
5 15 4
5 15 6
5 15 7
5 15 12
5 15 14
5 15 15
5 15 16
5 16 5
5 16 6
5 16 10
5 16 15
5 16 16