3101
5
24 24 24 24 24
895

899 88 920 79 3 98 354 15 129 187 89 50 15 88 702 54 497 230 5 40 82 574 451 2
941 45 7 42 95 22 73 67 513 305 16 54 928 835 23 62 58 400 2 50 38 94 33 82
534 0 596 7 88 66 293 75 307 1000 59 89 2 14 99 47 68 257 5 101 730 93 16 44
55 916 529 58 71 66 592 45 85 126 75 742 40 369 310 37 15 735 587 372 23 33 0 114
577 637 19 73 45 910 584 13 35 70 152 7 87 65 100 99 98 13 19 80 13 56 44 50

0 0 5
0 0 8
0 0 9
0 0 12
0 0 13
0 0 17
0 0 18
0 0 19
0 1 0
0 1 3
0 1 4
0 1 5
0 1 6
0 1 10
0 1 11
0 1 12
0 1 14
0 1 16
0 1 22
0 1 23
0 2 0
0 2 6
0 2 9
0 2 10
0 2 13
0 2 16
0 2 17
0 2 18
0 2 19
0 2 23
0 3 0
0 3 2
0 3 10
0 3 11
0 3 13
0 3 16
0 3 18
0 3 20
0 3 21
0 3 22
0 4 0
0 4 2
0 4 3
0 4 6
0 4 7
0 4 14
0 4 16
0 4 18
0 4 21
0 4 22
0 5 2
0 5 10
0 5 11
0 5 12
0 5 13
0 5 14
0 5 15
0 5 21
0 5 22
0 5 23
0 6 0
0 6 3
0 6 9
0 6 12
0 6 19
0 6 23
0 7 4
0 7 6
0 7 7
0 7 10
0 7 11
0 7 15
0 7 19
0 7 21
0 7 22
0 7 23
0 8 0
0 8 8
0 8 9
0 8 10
0 8 11
0 8 17
0 8 18
0 8 19
0 9 0
0 9 2
0 9 3
0 9 9
0 9 13
0 9 15
0 9 17
0 9 18
0 9 22
0 10 4
0 10 5
0 10 10
0 10 14
0 10 15
0 10 17
0 10 18
0 10 21
0 10 22
0 10 23
0 11 0
0 11 1
0 11 2
0 11 4
0 11 6
0 11 8
0 11 13
0 11 17
0 12 1
0 12 2
0 12 4
0 12 7
0 12 10
0 12 13
0 12 21
0 12 22
0 13 2
0 13 3
0 13 6
0 13 7
0 13 14
0 13 15
0 13 16
0 13 18
0 13 20
0 13 21
0 13 22
0 13 23
0 14 0
0 14 8
0 14 9
0 14 14
0 14 16
0 14 17
0 14 21
0 14 23
0 15 1
0 15 2
0 15 4
0 15 5
0 15 7
0 15 8
0 15 10
0 15 11
0 15 20
0 16 0
0 16 1
0 16 2
0 16 4
0 16 9
0 16 11
0 16 12
0 16 13
0 16 14
0 16 15
0 16 19
0 16 21
0 17 2
0 17 8
0 17 13
0 17 14
0 17 16
0 17 17
0 17 19
0 17 20
0 17 22
0 18 1
0 18 2
0 18 6
0 18 7
0 18 20
0 18 21
0 18 22
0 19 2
0 19 3
0 19 4
0 19 7
0 19 11
0 19 20
0 19 22
0 20 1
0 20 3
0 20 4
0 20 10
0 20 11
0 20 13
0 20 14
0 20 15
0 20 16
0 20 20
0 20 21
0 20 23
0 21 0
0 21 4
0 21 8
0 21 9
0 21 15
0 21 19
0 21 22
0 22 6
0 22 8
0 22 13
0 22 17
0 22 19
0 22 21
0 22 23
0 23 1
0 23 3
0 23 5
0 23 6
0 23 7
0 23 11
0 23 15
1 0 0
1 0 2
1 0 4
1 0 6
1 0 7
1 0 9
1 0 15
1 0 17
1 0 19
1 0 20
1 1 2
1 1 4
1 1 7
1 1 11
1 1 12
1 1 13
1 1 16
1 1 22
1 1 23
1 2 1
1 2 3
1 2 5
1 2 11
1 2 12
1 2 13
1 2 14
1 2 15
1 2 17
1 2 19
1 3 1
1 3 3
1 3 4
1 3 5
1 3 7
1 3 9
1 3 10
1 3 11
1 3 12
1 3 13
1 3 21
1 4 1
1 4 2
1 4 3
1 4 4
1 4 5
1 4 8
1 4 12
1 4 13
1 4 14
1 4 16
1 4 18
1 4 21
1 4 22
1 5 0
1 5 3
1 5 7
1 5 9
1 5 12
1 5 18
1 5 21
1 5 22
1 5 23
1 6 0
1 6 1
1 6 5
1 6 7
1 6 10
1 6 12
1 6 14
1 6 18
1 6 19
1 6 23
1 7 0
1 7 4
1 7 6
1 7 7
1 7 10
1 7 11
1 7 12
1 7 13
1 7 15
1 7 16
1 7 18
1 7 21
1 7 22
1 7 23
1 8 0
1 8 6
1 8 7
1 8 15
1 8 16
1 8 17
1 8 19
1 9 4
1 9 5
1 9 9
1 9 15
1 9 17
1 9 18
1 9 19
1 9 20
1 9 21
1 10 1
1 10 4
1 10 7
1 10 10
1 10 11
1 10 12
1 10 14
1 10 17
1 10 18
1 10 22
1 10 23
1 11 2
1 11 3
1 11 4
1 11 10
1 11 12
1 11 13
1 11 14
1 11 16
1 11 17
1 11 18
1 12 0
1 12 2
1 12 8
1 12 16
1 12 19
1 13 2
1 13 3
1 13 8
1 13 17
1 13 19
1 13 20
1 13 23
1 14 3
1 14 4
1 14 5
1 14 7
1 14 10
1 14 11
1 14 12
1 14 15
1 14 16
1 14 17
1 14 21
1 14 22
1 14 23
1 15 3
1 15 4
1 15 5
1 15 6
1 15 9
1 15 10
1 15 11
1 15 13
1 15 14
1 15 16
1 15 17
1 15 19
1 15 20
1 15 21
1 15 22
1 15 23
1 16 0
1 16 5
1 16 8
1 16 14
1 16 21
1 16 23
1 17 2
1 17 8
1 17 15
1 17 17
1 17 19
1 17 23
1 18 1
1 18 4
1 18 7
1 18 8
1 18 16
1 18 18
1 18 22
1 19 0
1 19 2
1 19 3
1 19 6
1 19 8
1 19 9
1 19 15
1 19 17
1 19 20
1 19 22
1 19 23
1 20 0
1 20 1
1 20 3
1 20 4
1 20 5
1 20 7
1 20 11
1 20 16
1 20 18
1 20 22
1 20 23
1 21 2
1 21 3
1 21 5
1 21 10
1 21 11
1 21 12
1 21 13
1 21 14
1 21 18
1 21 21
1 21 22
1 21 23
1 22 0
1 22 1
1 22 3
1 22 7
1 22 8
1 22 10
1 22 11
1 22 12
1 22 15
1 22 16
1 22 18
1 22 21
1 23 1
1 23 2
1 23 3
1 23 5
1 23 7
1 23 10
1 23 12
1 23 13
1 23 14
1 23 16
1 23 19
2 0 0
2 0 1
2 0 3
2 0 4
2 0 6
2 0 11
2 0 13
2 0 18
2 0 19
2 0 22
2 1 0
2 1 1
2 1 3
2 1 4
2 1 5
2 1 16
2 1 17
2 1 21
2 1 22
2 2 2
2 2 9
2 2 11
2 2 12
2 2 14
2 2 17
2 2 19
2 3 0
2 3 2
2 3 4
2 3 5
2 3 8
2 3 15
2 3 16
2 3 19
2 3 23
2 4 0
2 4 4
2 4 5
2 4 7
2 4 8
2 4 9
2 4 11
2 4 17
2 4 22
2 5 0
2 5 2
2 5 4
2 5 5
2 5 8
2 5 9
2 5 10
2 5 12
2 5 19
2 5 22
2 6 6
2 6 9
2 6 11
2 6 13
2 6 14
2 6 15
2 6 18
2 6 19
2 6 22
2 6 23
2 7 0
2 7 2
2 7 3
2 7 4
2 7 5
2 7 7
2 7 8
2 7 15
2 7 20
2 8 1
2 8 6
2 8 10
2 8 12
2 8 13
2 8 14
2 8 18
2 8 19
2 8 20
2 8 23
2 9 0
2 9 1
2 9 2
2 9 9
2 9 11
2 9 12
2 9 17
2 9 18
2 9 19
2 10 0
2 10 7
2 10 8
2 10 11
2 10 13
2 10 15
2 10 16
2 10 21
2 10 22
2 11 1
2 11 2
2 11 3
2 11 5
2 11 8
2 11 12
2 11 13
2 11 16
2 11 22
2 12 3
2 12 4
2 12 6
2 12 8
2 12 10
2 12 15
2 13 0
2 13 3
2 13 5
2 13 8
2 13 12
2 13 15
2 13 20
2 13 23
2 14 2
2 14 3
2 14 8
2 14 10
2 14 15
2 14 18
2 14 19
2 14 20
2 14 21
2 14 22
2 14 23
2 15 2
2 15 5
2 15 6
2 15 13
2 15 14
2 15 17
2 15 22
2 15 23
2 16 0
2 16 2
2 16 6
2 16 7
2 16 10
2 16 12
2 16 15
2 16 16
2 16 20
2 17 1
2 17 6
2 17 11
2 17 13
2 17 15
2 17 16
2 17 17
2 17 18
2 17 19
2 17 20
2 17 23
2 18 10
2 18 12
2 18 15
2 18 16
2 18 19
2 18 20
2 18 21
2 19 0
2 19 1
2 19 3
2 19 6
2 19 10
2 19 11
2 19 13
2 19 14
2 19 15
2 19 16
2 19 18
2 19 19
2 19 20
2 19 23
2 20 2
2 20 11
2 20 12
2 20 17
2 20 18
2 20 20
2 20 23
2 21 1
2 21 3
2 21 5
2 21 6
2 21 8
2 21 12
2 21 13
2 21 16
2 21 18
2 21 21
2 21 22
2 21 23
2 22 5
2 22 7
2 22 8
2 22 10
2 22 12
2 22 14
2 22 16
2 22 17
2 22 18
2 22 21
2 22 22
2 23 5
2 23 7
2 23 8
2 23 16
2 23 17
2 23 19
3 0 1
3 0 2
3 0 3
3 0 4
3 0 7
3 0 11
3 0 16
3 1 10
3 2 0
3 2 1
3 2 5
3 2 6
3 2 10
3 2 19
3 2 20
3 2 22
3 3 2
3 3 3
3 3 4
3 3 7
3 3 8
3 3 12
3 3 13
3 3 14
3 3 15
3 3 16
3 3 17
3 3 18
3 3 19
3 3 20
3 3 21
3 4 4
3 4 9
3 4 13
3 4 14
3 4 19
3 4 20
3 4 21
3 4 22
3 5 4
3 5 6
3 5 7
3 5 8
3 5 12
3 5 13
3 5 14
3 5 15
3 5 18
3 5 19
3 5 20
3 5 23
3 6 0
3 6 1
3 6 5
3 6 6
3 6 8
3 6 10
3 6 15
3 7 1
3 7 2
3 7 3
3 7 4
3 7 7
3 7 8
3 7 10
3 7 11
3 7 14
3 7 15
3 7 16
3 7 17
3 7 19
3 7 21
3 7 22
3 8 1
3 8 4
3 8 6
3 8 9
3 8 12
3 8 13
3 8 14
3 8 16
3 8 17
3 8 18
3 8 20
3 8 22
3 9 0
3 9 1
3 9 5
3 9 11
3 10 1
3 10 2
3 10 3
3 10 8
3 10 10
3 10 13
3 10 14
3 10 15
3 10 16
3 10 19
3 10 21
3 10 22
3 11 1
3 11 3
3 11 5
3 11 6
3 11 10
3 11 12
3 11 14
3 11 15
3 11 20
3 12 3
3 12 4
3 12 8
3 12 9
3 12 10
3 12 12
3 12 14
3 12 17
3 12 18
3 12 19
3 13 1
3 13 5
3 13 6
3 13 8
3 13 9
3 13 11
3 13 18
3 13 21
3 14 1
3 14 2
3 14 4
3 14 6
3 14 10
3 14 13
3 14 19
3 14 20
3 15 2
3 15 4
3 15 6
3 15 11
3 15 12
3 15 17
3 15 23
3 16 0
3 16 4
3 16 9
3 16 11
3 16 14
3 16 16
3 16 17
3 16 18
3 16 19
3 16 20
3 16 21
3 16 22
3 17 0
3 17 3
3 17 8
3 17 10
3 17 13
3 17 14
3 17 20
3 17 21
3 17 22
3 18 0
3 18 1
3 18 6
3 18 11
3 18 13
3 18 18
3 18 19
3 19 0
3 19 16
3 19 17
3 20 4
3 20 5
3 20 7
3 20 9
3 20 11
3 20 12
3 20 13
3 20 14
3 20 15
3 20 16
3 20 17
3 20 19
3 20 23
3 21 1
3 21 3
3 21 4
3 21 9
3 21 11
3 21 12
3 21 13
3 21 14
3 21 17
3 21 18
3 21 19
3 21 20
3 22 3
3 22 8
3 22 9
3 22 12
3 22 14
3 22 15
3 22 16
3 22 18
3 22 20
3 22 21
3 22 22
3 22 23
3 23 1
3 23 4
3 23 6
3 23 8
3 23 10
3 23 13
3 23 16
3 23 20