6666
8
11 12 11 11 11 11 12 11
240

18 993 21 224 57 309 846 253 9 3 390
3 80 28 603 19 18 32 840 526 94 79 42
191 625 67 131 59 61 8 708 20 38 565
244 836 4 46 758 548 469 288 675 261 44
5 100 920 35 83 4 56 69 518 231 23
18 850 751 198 97 417 26 40 50 787 86
259 96 892 744 30 985 9 46 13 531 557 48
82 90 927 31 67 3 33 907 591 14 753

0 0 8
0 0 9
0 1 6
0 2 4
0 2 7
0 2 10
0 3 1
0 3 8
0 4 1
0 4 8
0 4 9
0 4 10
0 5 1
0 5 3
0 5 6
0 6 1
0 6 3
0 6 7
0 6 8
0 7 3
0 7 8
0 7 10
0 7 11
0 8 2
0 8 7
0 8 8
0 8 9
0 8 10
0 10 0
0 10 1
0 10 4
0 10 8
0 10 9
1 0 0
1 0 3
1 1 1
1 1 3
1 1 8
1 1 9
1 1 10
1 2 1
1 2 5
1 3 7
1 4 1
1 4 2
1 4 6
1 4 8
1 4 10
1 5 2
1 5 10
1 6 4
1 6 9
1 6 10
1 7 1
1 7 7
1 7 10
1 8 0
1 8 1
1 9 0
1 9 2
1 9 10
1 10 2
1 10 4
1 10 5
1 10 7
1 10 8
1 10 9
1 11 8
2 0 1
2 0 3
2 0 4
2 0 5
2 0 7
2 0 8
2 1 6
2 2 4
2 2 5
2 3 3
2 3 5
2 3 8
2 3 9
2 3 10
2 4 4
2 4 6
2 4 8
2 4 10
2 5 0
2 5 6
2 6 1
2 7 3
2 7 8
2 8 1
2 8 10
2 9 0
2 9 4
2 9 6
2 10 2
2 10 3
2 10 4
2 10 5
2 10 6
3 0 1
3 0 3
3 0 5
3 0 8
3 1 2
3 1 5
3 1 8
3 2 5
3 2 6
3 3 0
3 3 2
3 3 4
3 5 4
3 5 6
3 6 8
3 6 9
3 7 2
3 7 3
3 7 5
3 7 6
3 7 7
3 7 9
3 8 1
3 8 2
3 8 4
3 8 7
3 8 8
3 9 0
3 9 2
3 9 3
3 9 4
3 9 8
3 9 9
3 10 0
3 10 6
3 10 7
3 10 10
4 0 0
4 0 10
4 1 6
4 1 7
4 1 8
4 1 10
4 2 5
4 2 9
4 3 1
4 3 3
4 3 6
4 4 1
4 5 5
4 6 1
4 6 3
4 6 7
4 7 5
4 7 10
4 8 2
4 8 3
4 9 1
4 9 2
4 9 3
4 9 9
4 10 0
4 10 4
4 10 7
5 0 2
5 1 0
5 1 1
5 1 2
5 1 5
5 1 7
5 1 9
5 2 0
5 2 1
5 2 3
5 2 5
5 2 11
5 3 0
5 3 2
5 3 9
5 3 10
5 4 3
5 4 9
5 4 11
5 5 0
5 5 2
5 6 2
5 6 4
5 6 9
5 7 7
5 7 11
5 8 6
5 8 8
5 8 10
5 9 0
5 9 2
5 9 3
5 9 5
5 9 9
5 9 10
5 10 4
5 10 9
5 10 10
5 10 11
6 0 8
6 0 9
6 0 10
6 1 1
6 1 2
6 1 7
6 1 8
6 1 9
6 1 10
6 2 2
6 2 3
6 2 8
6 2 9
6 3 0
6 3 2
6 4 4
6 4 5
6 4 6
6 5 0
6 5 2
6 5 8
6 5 10
6 6 5
6 6 9
6 7 5
6 7 9
6 8 5
6 9 6
6 9 7
6 9 8
6 9 9
6 10 1
6 10 2
6 10 9
6 11 0
6 11 9