671
3
50 50 50
1522

92 33 41 84 78 2 19 28 37 34 194 668 20 15 71 96 7 61 37 9 73 82 21 33 81 53 530 61 670 36 64 6 80 43 23 95 32 25 9 23 49 74 89 6 0 60 83 99 592 23
76 49 309 69 22 1 555 6 29 42 74 59 403 82 136 393 84 82 92 74 7 95 488 74 220 621 65 49 45 32 51 74 21 64 61 948 49 840 839 68 31 4 16 777 27 338 57 9 39 85
99 46 75 76 30 9 68 576 70 24 64 90 45 48 28 90 28 2 39 85 100 50 216 10 588 92 79 12 13 69 32 89 55 303 83 514 86 79 78 32 168 75 26 95 51 4 12 610 822 73

0 0 3
0 0 7
0 0 10
0 0 11
0 0 15
0 0 16
0 0 21
0 0 24
0 0 26
0 0 29
0 0 30
0 0 34
0 0 39
0 0 40
0 0 44
0 0 45
0 0 48
0 1 0
0 1 4
0 1 7
0 1 18
0 1 21
0 1 26
0 1 27
0 1 33
0 1 34
0 1 39
0 1 42
0 1 43
0 1 44
0 1 48
0 2 1
0 2 3
0 2 15
0 2 20
0 2 22
0 2 26
0 2 28
0 2 29
0 2 33
0 2 36
0 2 39
0 2 41
0 2 43
0 2 44
0 2 45
0 2 48
0 2 49
0 3 3
0 3 4
0 3 14
0 3 16
0 3 17
0 3 21
0 3 23
0 3 26
0 3 27
0 3 29
0 3 30
0 3 36
0 3 40
0 3 43
0 3 47
0 3 48
0 4 0
0 4 2
0 4 11
0 4 16
0 4 18
0 4 20
0 4 21
0 4 24
0 4 26
0 4 29
0 4 31
0 4 37
0 4 49
0 5 2
0 5 8
0 5 11
0 5 13
0 5 14
0 5 17
0 5 18
0 5 28
0 5 29
0 5 31
0 5 36
0 5 41
0 5 42
0 5 44
0 5 47
0 5 48
0 5 49
0 6 2
0 6 3
0 6 5
0 6 7
0 6 11
0 6 13
0 6 15
0 6 17
0 6 20
0 6 21
0 6 26
0 6 27
0 6 30
0 6 32
0 6 33
0 6 34
0 6 40
0 6 46
0 7 3
0 7 5
0 7 13
0 7 21
0 7 22
0 7 26
0 7 27
0 7 28
0 7 29
0 7 31
0 7 33
0 7 36
0 7 39
0 7 41
0 7 44
0 7 49
0 8 1
0 8 9
0 8 13
0 8 21
0 8 24
0 8 29
0 8 32
0 8 34
0 8 37
0 8 39
0 8 41
0 8 45
0 8 48
0 8 49
0 9 3
0 9 5
0 9 8
0 9 10
0 9 11
0 9 12
0 9 16
0 9 20
0 9 21
0 9 22
0 9 26
0 9 27
0 9 28
0 9 31
0 9 32
0 9 33
0 9 35
0 9 37
0 9 38
0 9 44
0 10 2
0 10 6
0 10 12
0 10 14
0 10 23
0 10 25
0 10 34
0 10 35
0 10 38
0 10 39
0 10 43
0 11 6
0 11 11
0 11 15
0 11 18
0 11 23
0 11 35
0 11 37
0 11 39
0 11 43
0 11 44
0 12 0
0 12 1
0 12 3
0 12 4
0 12 5
0 12 13
0 12 16
0 12 19
0 12 24
0 12 28
0 12 29
0 12 31
0 12 33
0 12 34
0 12 36
0 12 39
0 12 40
0 12 41
0 12 46
0 12 47
0 12 48
0 12 49
0 13 6
0 13 7
0 13 11
0 13 14
0 13 19
0 13 20
0 13 24
0 13 25
0 13 26
0 13 27
0 13 28
0 13 29
0 13 30
0 13 31
0 13 39
0 13 41
0 13 46
0 13 49
0 14 1
0 14 2
0 14 3
0 14 4
0 14 5
0 14 10
0 14 12
0 14 13
0 14 14
0 14 17
0 14 18
0 14 21
0 14 23
0 14 24
0 14 29
0 14 32
0 14 33
0 14 36
0 14 40
0 14 42
0 14 45
0 14 47
0 15 1
0 15 6
0 15 8
0 15 9
0 15 10
0 15 13
0 15 14
0 15 15
0 15 20
0 15 25
0 15 27
0 15 29
0 15 32
0 15 33
0 15 35
0 15 40
0 16 1
0 16 6
0 16 13
0 16 17
0 16 21
0 16 22
0 16 26
0 16 28
0 16 30
0 16 33
0 16 37
0 16 42
0 16 43
0 16 44
0 16 46
0 17 6
0 17 7
0 17 12
0 17 16
0 17 23
0 17 24
0 17 26
0 17 29
0 17 30
0 17 34
0 17 40
0 17 41
0 17 45
0 17 47
0 17 48
0 18 5
0 18 10
0 18 11
0 18 15
0 18 18
0 18 20
0 18 25
0 18 26
0 18 31
0 18 34
0 18 39
0 18 40
0 18 46
0 18 47
0 19 1
0 19 12
0 19 17
0 19 18
0 19 20
0 19 21
0 19 25
0 19 31
0 19 35
0 19 37
0 19 38
0 19 39
0 19 40
0 19 46
0 19 48
0 20 3
0 20 13
0 20 19
0 20 21
0 20 27
0 20 28
0 20 33
0 20 34
0 20 38
0 20 41
0 20 42
0 20 44
0 20 46
0 20 49
0 21 0
0 21 1
0 21 3
0 21 4
0 21 12
0 21 14
0 21 16
0 21 19
0 21 22
0 21 24
0 21 26
0 21 30
0 21 31
0 21 36
0 21 37
0 21 40
0 21 43
0 21 47
0 22 1
0 22 4
0 22 9
0 22 11
0 22 19
0 22 20
0 22 24
0 22 26
0 22 29
0 22 30
0 22 31
0 22 32
0 22 35
0 22 36
0 23 1
0 23 3
0 23 5
0 23 6
0 23 7
0 23 8
0 23 9
0 23 13
0 23 16
0 23 21
0 23 25
0 23 29
0 23 32
0 23 34
0 23 36
0 23 38
0 23 39
0 23 43
0 23 44
0 24 1
0 24 2
0 24 7
0 24 15
0 24 17
0 24 21
0 24 30
0 24 31
0 24 34
0 24 35
0 24 38
0 24 40
0 24 42
0 24 43
0 24 44
0 24 45
0 24 47
0 24 48
0 24 49
0 25 0
0 25 4
0 25 11
0 25 16
0 25 18
0 25 20
0 25 25
0 25 27
0 25 29
0 25 30
0 25 39
0 25 45
0 25 49
0 26 5
0 26 6
0 26 15
0 26 16
0 26 20
0 26 21
0 26 22
0 26 23
0 26 24
0 26 25
0 26 38
0 26 39
0 26 43
0 26 48
0 27 4
0 27 10
0 27 18
0 27 20
0 27 22
0 27 23
0 27 25
0 27 29
0 27 30
0 27 32
0 27 37
0 27 38
0 27 45
0 27 49
0 28 0
0 28 4
0 28 5
0 28 9
0 28 11
0 28 12
0 28 13
0 28 14
0 28 15
0 28 19
0 28 20
0 28 22
0 28 24
0 28 27
0 28 33
0 28 35
0 28 38
0 28 41
0 28 43
0 28 45
0 28 46
0 29 1
0 29 4
0 29 5
0 29 6
0 29 15
0 29 17
0 29 19
0 29 21
0 29 25
0 29 26
0 29 27
0 29 30
0 29 34
0 29 40
0 29 42
0 29 44
0 29 49
0 30 0
0 30 5
0 30 9
0 30 12
0 30 17
0 30 20
0 30 26
0 30 30
0 30 39
0 30 41
0 30 42
0 30 44
0 30 47
0 30 48
0 30 49
0 31 8
0 31 13
0 31 17
0 31 19
0 31 23
0 31 24
0 31 26
0 31 33
0 31 34
0 31 39
0 31 42
0 32 0
0 32 7
0 32 11
0 32 13
0 32 17
0 32 20
0 32 21
0 32 29
0 32 30
0 32 31
0 32 32
0 32 36
0 32 42
0 32 45
0 32 46
0 32 49
0 33 2
0 33 3
0 33 5
0 33 8
0 33 11
0 33 21
0 33 25
0 33 29
0 33 30
0 33 32
0 33 33
0 33 34
0 33 35
0 33 36
0 33 42
0 33 45
0 33 48
0 34 0
0 34 6
0 34 9
0 34 14
0 34 15
0 34 19
0 34 20
0 34 23
0 34 25
0 34 27
0 34 29
0 34 31
0 34 39
0 34 48
0 35 0
0 35 4
0 35 7
0 35 8
0 35 18
0 35 19
0 35 22
0 35 23
0 35 28
0 35 40
0 35 41
0 35 42
0 35 45
0 35 46
0 35 49
0 36 0
0 36 3
0 36 7
0 36 15
0 36 19
0 36 28
0 36 32
0 36 33
0 36 36
0 36 38
0 36 39
0 36 40
0 36 41
0 36 46
0 36 49
0 37 5
0 37 8
0 37 9
0 37 10
0 37 20
0 37 21
0 37 24
0 37 25
0 37 27
0 37 31
0 37 33
0 37 42
0 37 44
0 37 48
0 38 0
0 38 1
0 38 4
0 38 7
0 38 8
0 38 11
0 38 13
0 38 15
0 38 16
0 38 21
0 38 23
0 38 28
0 38 32
0 38 33
0 38 34
0 38 36
0 38 39
0 38 40
0 38 43
0 38 47
0 38 49
0 39 4
0 39 5
0 39 16
0 39 17
0 39 19
0 39 23
0 39 26
0 39 30
0 39 32
0 39 34
0 39 37
0 39 39
0 39 40
0 39 46
0 39 47
0 40 1
0 40 2
0 40 4
0 40 6
0 40 8
0 40 9
0 40 11
0 40 15
0 40 21
0 40 23
0 40 24
0 40 28
0 40 30
0 40 33
0 40 34
0 40 36
0 40 37
0 40 38
0 40 42
0 40 44
0 41 1
0 41 3
0 41 14
0 41 15
0 41 26
0 41 30
0 41 31
0 41 33
0 41 34
0 41 35
0 41 38
0 41 46
0 41 47
0 41 49
0 42 0
0 42 3
0 42 4
0 42 8
0 42 11
0 42 12
0 42 15
0 42 18
0 42 19
0 42 20
0 42 21
0 42 23
0 42 27
0 42 29
0 42 30
0 42 32
0 42 33
0 42 43
0 42 44
0 42 45
0 42 46
0 42 49
0 43 2
0 43 13
0 43 21
0 43 22
0 43 30
0 43 32
0 43 33
0 43 36
0 43 40
0 43 44
0 43 46
0 43 47
0 43 48
0 43 49
0 44 0
0 44 2
0 44 5
0 44 10
0 44 13
0 44 18
0 44 19
0 44 20
0 44 21
0 44 24
0 44 33
0 44 38
0 44 43
0 44 48
0 45 7
0 45 9
0 45 10
0 45 17
0 45 19
0 45 32
0 45 33
0 45 36
0 45 40
0 45 41
0 45 42
0 45 43
0 45 47
0 46 3
0 46 8
0 46 13
0 46 14
0 46 16
0 46 18
0 46 19
0 46 26
0 46 29
0 46 32
0 46 43
0 46 49
0 47 0
0 47 3
0 47 4
0 47 5
0 47 8
0 47 9
0 47 17
0 47 23
0 47 27
0 47 33
0 47 40
0 48 3
0 48 4
0 48 5
0 48 9
0 48 10
0 48 11
0 48 15
0 48 16
0 48 22
0 48 27
0 48 33
0 48 37
0 48 38
0 48 40
0 48 44
0 48 49
0 49 6
0 49 7
0 49 10
0 49 11
0 49 12
0 49 20
0 49 24
0 49 25
0 49 28
0 49 37
0 49 38
0 49 39
0 49 46
1 0 0
1 0 3
1 0 4
1 0 15
1 0 17
1 0 20
1 0 25
1 0 28
1 0 29
1 0 30
1 0 31
1 0 33
1 0 35
1 0 38
1 0 44
1 0 45
1 0 46
1 0 47
1 1 1
1 1 4
1 1 5
1 1 8
1 1 9
1 1 10
1 1 11
1 1 15
1 1 17
1 1 18
1 1 20
1 1 21
1 1 28
1 1 32
1 1 43
1 1 44
1 1 45
1 2 1
1 2 4
1 2 6
1 2 14
1 2 36
1 2 40
1 2 44
1 2 47
1 3 0
1 3 1
1 3 4
1 3 14
1 3 21
1 3 28
1 3 33
1 3 36
1 3 38
1 3 39
1 3 41
1 3 42
1 3 49
1 4 2
1 4 5
1 4 9
1 4 10
1 4 12
1 4 13
1 4 14
1 4 15
1 4 16
1 4 17
1 4 20
1 4 21
1 4 25
1 4 26
1 4 32
1 4 33
1 4 34
1 4 39
1 4 40
1 4 49
1 5 1
1 5 4
1 5 7
1 5 8
1 5 10
1 5 11
1 5 12
1 5 14
1 5 16
1 5 17
1 5 20
1 5 28
1 5 32
1 5 38
1 5 39
1 6 22
1 6 24
1 6 29
1 6 33
1 6 35
1 6 39
1 6 47
1 7 0
1 7 2
1 7 10
1 7 14
1 7 21
1 7 23
1 7 30
1 7 44
1 7 46
1 8 0
1 8 2
1 8 5
1 8 7
1 8 8
1 8 9
1 8 12
1 8 13
1 8 14
1 8 17
1 8 18
1 8 19
1 8 20
1 8 28
1 8 30
1 8 31
1 8 36
1 8 37
1 8 42
1 9 2
1 9 4
1 9 8
1 9 12
1 9 25
1 9 30
1 9 35
1 9 36
1 9 42
1 9 43
1 9 44
1 9 45
1 10 0
1 10 10
1 10 17
1 10 20
1 10 23
1 10 24
1 10 26
1 10 28
1 10 29
1 10 32
1 10 34
1 10 37
1 10 43
1 10 44
1 10 49
1 11 2
1 11 8
1 11 9
1 11 11
1 11 13
1 11 14
1 11 17
1 11 18
1 11 21
1 11 26
1 11 34
1 11 37
1 11 39
1 11 43
1 11 45
1 11 46
1 12 1
1 12 8
1 12 12
1 12 13
1 12 15
1 12 18
1 12 24
1 12 29
1 12 33
1 12 35
1 12 37
1 12 42
1 12 44
1 13 5
1 13 6
1 13 10
1 13 11
1 13 18
1 13 19
1 13 22
1 13 23
1 13 24
1 13 30
1 13 34
1 13 36
1 13 41
1 13 43
1 13 44
1 13 45
1 13 46
1 14 7
1 14 16
1 14 18
1 14 24
1 14 31
1 14 32
1 14 35
1 14 37
1 14 42
1 14 47
1 15 7
1 15 9
1 15 13
1 15 18
1 15 19
1 15 28
1 15 33
1 15 34
1 15 35
1 15 36
1 15 38
1 15 40
1 15 43
1 16 1
1 16 3
1 16 15
1 16 16
1 16 20
1 16 21
1 16 25
1 16 31
1 16 33
1 16 40
1 16 45
1 16 46
1 16 47
1 16 48
1 17 0
1 17 1
1 17 2
1 17 5
1 17 7
1 17 10
1 17 16
1 17 18
1 17 33
1 17 38
1 17 43
1 17 46
1 18 0
1 18 2
1 18 6
1 18 7
1 18 8
1 18 9
1 18 12
1 18 18
1 18 19
1 18 20
1 18 25
1 18 28
1 18 29
1 18 30
1 18 31
1 18 32
1 18 34
1 18 35
1 18 37
1 18 39
1 18 40
1 18 41
1 18 42
1 18 43
1 18 44
1 18 45
1 18 46
1 19 0
1 19 2
1 19 11
1 19 14
1 19 19
1 19 21
1 19 24
1 19 25
1 19 34
1 19 38
1 19 39
1 19 41
1 19 42
1 19 43
1 19 45
1 19 49
1 20 4
1 20 13
1 20 14
1 20 16
1 20 20
1 20 21
1 20 24
1 20 26
1 20 27
1 20 34
1 20 36
1 20 38
1 20 42
1 20 47
1 21 4
1 21 7
1 21 11
1 21 13
1 21 14
1 21 15
1 21 22
1 21 23
1 21 24
1 21 26
1 21 30
1 21 36
1 21 43
1 21 44
1 21 45
1 21 48
1 21 49
1 22 4
1 22 7
1 22 14
1 22 17
1 22 24
1 22 25
1 22 33
1 22 40
1 22 44
1 22 49
1 23 0
1 23 3
1 23 12
1 23 13
1 23 15
1 23 18
1 23 22
1 23 25
1 23 27
1 23 28
1 23 30
1 23 34
1 23 35
1 23 42
1 23 44
1 24 0
1 24 6
1 24 8
1 24 11
1 24 18
1 24 19
1 24 22
1 24 27
1 24 30
1 24 32
1 24 33
1 24 36
1 24 46
1 24 47
1 25 1
1 25 10
1 25 12
1 25 19
1 25 22
1 25 24
1 25 31
1 25 40
1 25 47
1 25 48
1 26 1
1 26 6
1 26 8
1 26 10
1 26 16
1 26 17
1 26 20
1 26 21
1 26 28
1 26 35
1 26 36
1 26 38
1 26 41
1 26 43
1 27 0
1 27 1
1 27 3
1 27 4
1 27 6
1 27 14
1 27 18
1 27 24
1 27 26
1 27 27
1 27 30
1 27 31
1 27 37
1 27 41
1 27 43
1 27 47
1 27 48
1 28 3
1 28 5
1 28 11
1 28 13
1 28 16
1 28 21
1 28 25
1 28 27
1 28 30
1 28 31
1 28 37
1 28 39
1 28 41
1 28 42
1 28 43
1 28 45
1 28 47
1 28 48
1 29 4
1 29 6
1 29 8
1 29 9
1 29 10
1 29 12
1 29 18
1 29 20
1 29 28
1 29 33
1 29 34
1 29 36
1 29 38
1 29 41
1 29 43
1 29 44
1 29 45
1 30 3
1 30 6
1 30 7
1 30 9
1 30 13
1 30 16
1 30 18
1 30 20
1 30 23
1 30 24
1 30 29
1 30 30
1 30 32
1 30 33
1 30 34
1 30 36
1 30 37
1 30 42
1 30 43
1 30 44
1 30 45
1 31 0
1 31 1
1 31 4
1 31 5
1 31 6
1 31 13
1 31 16
1 31 20
1 31 23
1 31 28
1 31 33
1 31 35
1 31 36
1 31 39
1 31 44
1 31 45
1 31 46
1 32 0
1 32 1
1 32 6
1 32 7
1 32 8
1 32 9
1 32 10
1 32 12
1 32 14
1 32 23
1 32 29
1 32 30
1 32 32
1 32 35
1 32 36
1 32 43
1 32 48
1 33 0
1 33 1
1 33 2
1 33 5
1 33 6
1 33 8
1 33 9
1 33 12
1 33 18
1 33 21
1 33 23
1 33 27
1 33 30
1 33 38
1 33 39
1 33 41
1 33 42
1 33 43
1 33 44
1 34 1
1 34 2
1 34 3
1 34 5
1 34 12
1 34 16
1 34 17
1 34 18
1 34 21
1 34 23
1 34 25
1 34 28
1 34 30
1 34 38
1 34 39
1 34 40
1 34 41
1 34 42
1 34 45
1 34 48
1 35 5
1 35 7
1 35 10
1 35 13
1 35 22
1 35 33
1 35 34
1 35 35
1 35 40
1 35 41
1 35 44
1 35 45
1 35 46
1 36 3
1 36 4
1 36 8
1 36 12
1 36 15
1 36 16
1 36 20
1 36 25
1 36 34
1 36 36
1 36 37
1 36 38
1 36 39
1 36 40
1 36 43
1 36 44
1 37 8
1 37 10
1 37 14
1 37 18
1 37 21
1 37 23
1 37 24
1 37 28
1 37 30
1 37 31
1 37 33
1 37 36
1 37 37
1 37 38
1 37 39
1 37 40
1 37 44
1 37 47
1 37 48
1 38 7
1 38 9
1 38 10
1 38 15
1 38 21
1 38 22
1 38 32
1 38 33
1 38 38
1 38 39
1 38 44
1 38 47
1 38 48
1 39 0
1 39 5
1 39 13
1 39 17
1 39 22
1 39 26
1 39 30
1 39 31
1 39 41
1 40 0
1 40 2
1 40 3
1 40 4
1 40 6
1 40 9
1 40 12
1 40 13
1 40 14
1 40 16
1 40 27
1 40 32
1 40 33
1 40 42
1 40 49
1 41 1
1 41 5
1 41 10
1 41 12
1 41 18
1 41 28
1 41 30
1 41 38
1 41 39
1 41 40
1 41 45
1 42 3
1 42 5
1 42 10
1 42 11
1 42 12
1 42 15
1 42 17
1 42 18
1 42 21
1 42 23
1 42 25
1 42 27
1 42 29
1 42 34
1 42 38
1 42 42
1 42 43
1 42 44
1 42 49
1 43 7
1 43 14
1 43 20
1 43 23
1 43 31
1 43 36
1 43 38
1 43 39
1 43 47
1 43 48
1 44 0
1 44 1
1 44 4
1 44 6
1 44 7
1 44 9
1 44 13
1 44 17
1 44 21
1 44 22
1 44 27
1 44 31
1 44 36
1 44 37
1 44 40
1 44 41
1 44 46
1 44 49
1 45 8
1 45 11
1 45 15
1 45 16
1 45 35
1 45 40
1 45 46
1 45 47
1 46 0
1 46 2
1 46 5
1 46 15
1 46 16
1 46 28
1 46 29
1 46 30
1 46 35
1 46 37
1 46 43
1 47 0
1 47 9
1 47 16
1 47 19
1 47 20
1 47 28
1 47 30
1 47 32
1 47 34
1 47 35
1 47 36
1 47 37
1 47 39
1 47 42
1 47 44
1 47 45
1 47 49
1 48 2
1 48 5
1 48 13
1 48 14
1 48 15
1 48 16
1 48 19
1 48 28
1 48 29
1 48 35
1 48 36
1 48 37
1 48 41
1 48 42
1 49 0
1 49 4
1 49 8
1 49 10
1 49 14
1 49 15
1 49 22
1 49 24
1 49 28
1 49 35
1 49 38
1 49 39
1 49 44