560
7
11 9 8 13 13 13 13
156

0 0 0 0 0 0 160 0 0 0 0
0 589 0 0 0 582 0 765 0
0 0 0 792 0 293 0 0
193 0 980 0 0 0 0 0 181 0 0 0 67
0 0 0 0 0 0 0 0 0 549 0 0 822
0 0 0 0 0 0 0 0 0 813 0 0 0
96 0 0 0 0 0 0 0 0 0 97 0 0

0 0 6
0 1 2
0 1 7
0 1 8
0 3 0
0 3 2
0 4 1
0 4 3
0 4 5
0 4 6
0 5 2
0 5 4
0 6 1
0 6 2
0 7 1
0 7 7
0 8 6
0 8 8
0 9 1
0 9 2
0 9 5
0 10 5
1 2 0
1 3 0
1 3 4
1 3 5
1 4 0
1 4 5
1 4 6
1 5 1
1 6 2
1 6 3
1 7 4
1 8 3
1 8 5
2 0 1
2 0 6
2 1 0
2 1 3
2 1 6
2 1 8
2 2 7
2 2 10
2 3 2
2 5 1
2 6 3
2 6 11
2 7 0
2 7 1
2 7 4
2 7 12
3 0 0
3 0 1
3 0 9
3 1 4
3 1 9
3 2 1
3 2 5
3 2 9
3 3 3
3 3 7
3 3 10
3 5 0
3 5 1
3 5 2
3 5 3
3 5 9
3 6 0
3 6 3
3 6 4
3 6 9
3 6 12
3 7 8
3 7 11
3 7 12
3 8 6
3 8 7
3 8 9
3 9 6
3 9 8
3 9 9
3 9 11
3 10 0
3 10 8
3 10 9
3 11 1
3 11 5
3 11 6
3 11 10
3 12 0
3 12 9
4 0 9
4 1 3
4 1 8
4 1 9
4 2 5
4 2 11
4 3 2
4 3 6
4 3 9
4 3 11
4 4 2
4 4 5
4 4 8
4 5 0
4 5 1
4 5 4
4 5 11
4 5 12
4 6 7
4 7 0
4 7 3
4 7 8
4 8 3
4 8 7
4 8 10
4 9 2
4 9 10
4 10 0
4 10 1
4 10 8
4 10 10
4 10 12
4 11 8
4 11 9
4 12 0
4 12 2
5 0 3
5 1 1
5 1 6
5 1 7
5 2 2
5 2 3
5 2 4
5 3 0
5 3 7
5 4 4
5 4 6
5 4 9
5 4 11
5 5 2
5 5 4
5 6 6
5 6 9
5 6 11
5 6 12
5 7 7
5 7 9
5 8 11
5 9 4
5 10 6
5 10 11
5 11 12
5 12 1
5 12 2
5 12 11