168
4
14 37 13 36
293

0 557 0 0 0 0 0 0 0 187 0 0 0 515
0 0 0 0 0 259 0 0 0 0 0 0 981 0 0 0 0 0 0 534 0 456 779 294 0 0 0 0 0 0 158 102 0 425 0 0 0
0 0 0 0 0 981 0 0 0 581 0 0 0
0 0 0 0 0 0 0 0 0 0 0 0 424 0 0 0 0 0 0 0 0 0 0 0 122 495 0 0 639 0 864 0 0 434 0 0

0 0 10
0 0 11
0 0 13
0 0 14
0 0 16
0 0 28
0 0 35
0 1 1
0 1 3
0 1 14
0 1 15
0 1 19
0 1 23
0 1 29
0 1 33
0 1 35
0 2 1
0 2 4
0 2 9
0 2 12
0 2 20
0 2 21
0 2 24
0 2 31
0 2 35
0 3 3
0 3 5
0 3 9
0 3 10
0 3 11
0 3 25
0 3 35
0 4 8
0 4 11
0 4 14
0 4 15
0 4 16
0 4 22
0 4 24
0 4 25
0 5 4
0 5 6
0 5 7
0 5 14
0 5 18
0 5 22
0 5 24
0 5 27
0 5 31
0 5 33
0 5 36
0 6 2
0 6 4
0 6 12
0 6 16
0 6 18
0 6 20
0 6 21
0 6 24
0 6 27
0 6 29
0 6 31
0 6 32
0 6 34
0 7 6
0 7 7
0 7 9
0 7 14
0 7 26
0 7 32
0 7 35
0 8 9
0 8 10
0 9 2
0 9 7
0 9 14
0 9 16
0 9 17
0 9 20
0 9 21
0 9 25
0 9 26
0 9 27
0 10 7
0 10 17
0 10 25
0 10 31
0 10 36
0 11 0
0 11 2
0 11 4
0 11 29
0 11 35
0 12 0
0 12 10
0 12 11
0 12 14
0 12 16
0 12 27
0 12 29
0 13 3
0 13 15
0 13 20
0 13 28
0 13 30
1 0 9
1 1 6
1 1 8
1 1 10
1 3 1
1 4 0
1 4 1
1 4 2
1 4 6
1 4 8
1 5 2
1 5 5
1 6 8
1 7 10
1 7 12
1 8 0
1 8 10
1 8 11
1 9 12
1 10 1
1 10 2
1 10 12
1 11 2
1 11 12
1 12 7
1 12 9
1 12 12
1 13 0
1 13 2
1 13 5
1 13 11
1 13 12
1 14 0
1 14 3
1 15 0
1 15 2
1 15 6
1 16 3
1 16 7
1 16 11
1 17 1
1 18 1
1 19 1
1 19 7
1 19 10
1 19 11
1 20 6
1 20 8
1 20 10
1 21 0
1 21 1
1 21 4
1 21 6
1 21 7
1 23 8
1 24 7
1 25 3
1 25 5
1 25 6
1 25 11
1 26 0
1 26 3
1 26 5
1 26 11
1 26 12
1 27 3
1 27 4
1 27 10
1 27 11
1 28 2
1 28 5
1 29 0
1 29 2
1 29 10
1 29 11
1 30 6
1 30 12
1 31 2
1 31 4
1 31 6
1 31 7
1 31 8
1 31 11
1 32 0
1 32 5
1 32 7
1 33 10
1 34 2
1 34 6
1 34 11
1 35 3
1 35 4
1 35 9
1 35 12
1 36 1
1 36 4
2 0 0
2 0 10
2 0 11
2 0 16
2 0 17
2 0 21
2 0 24
2 0 26
2 0 27
2 0 28
2 0 29
2 0 31
2 1 2
2 1 7
2 1 11
2 1 16
2 1 17
2 1 23
2 1 32
2 2 0
2 2 6
2 2 8
2 2 10
2 2 20
2 2 26
2 2 33
2 3 0
2 3 12
2 3 13
2 3 29
2 4 0
2 4 1
2 4 14
2 4 24
2 4 25
2 4 30
2 5 2
2 5 12
2 5 14
2 5 20
2 5 29
2 6 1
2 6 2
2 6 10
2 6 12
2 6 15
2 6 17
2 6 18
2 6 22
2 6 23
2 6 32
2 6 34
2 6 35
2 7 8
2 7 11
2 7 13
2 7 23
2 7 34
2 8 1
2 8 4
2 8 11
2 8 14
2 8 22
2 8 27
2 8 29
2 8 31
2 8 33
2 9 19
2 9 22
2 9 23
2 9 24
2 9 26
2 9 32
2 10 16
2 10 35
2 11 3
2 11 11
2 11 12
2 11 17
2 11 25
2 11 31
2 11 32
2 12 0
2 12 6
2 12 9
2 12 11
2 12 13
2 12 16
2 12 17
2 12 23
2 12 26
2 12 31