204
4
42 32 32 14
1126

0 0 0 0 0 0 0 408 0 0 0 815 0 0 0 0 0 0 0 271 0 0 0 0 0 0 0 0 0 0 0 0 0 0 0 0 640 442 823 231 374 0
0 0 495 24 92 0 0 164 0 0 0 0 0 0 0 0 0 0 0 597 428 0 0 348 0 0 554 247 0 0 0 360
0 0 0 0 0 0 640 631 0 0 0 0 0 0 0 0 0 0 0 0 0 0 0 0 0 0 0 279 0 0 135 198
0 0 0 0 0 156 0 995 0 613 0 732 0 392

0 0 0
0 0 7
0 0 11
0 0 17
0 0 23
0 0 25
0 0 29
0 1 0
0 1 2
0 1 3
0 1 5
0 1 9
0 1 10
0 1 11
0 1 13
0 1 19
0 1 20
0 1 24
0 1 25
0 1 27
0 2 0
0 2 1
0 2 4
0 2 5
0 2 6
0 2 7
0 2 8
0 2 10
0 2 12
0 2 16
0 2 17
0 2 22
0 2 24
0 2 25
0 2 26
0 2 28
0 2 29
0 2 31
0 3 0
0 3 1
0 3 2
0 3 7
0 3 9
0 3 12
0 3 13
0 3 14
0 3 15
0 3 27
0 4 0
0 4 1
0 4 2
0 4 4
0 4 5
0 4 6
0 4 8
0 4 9
0 4 15
0 4 16
0 4 21
0 4 25
0 4 26
0 4 30
0 5 3
0 5 4
0 5 10
0 5 11
0 5 12
0 5 15
0 5 16
0 5 17
0 5 25
0 5 26
0 5 27
0 5 31
0 6 2
0 6 3
0 6 7
0 6 10
0 6 12
0 6 13
0 6 15
0 6 16
0 6 18
0 6 19
0 6 20
0 6 22
0 6 23
0 6 24
0 6 25
0 7 0
0 7 3
0 7 7
0 7 10
0 7 11
0 7 12
0 7 15
0 7 16
0 7 18
0 7 19
0 7 22
0 7 23
0 7 27
0 7 28
0 7 29
0 7 30
0 8 3
0 8 4
0 8 5
0 8 8
0 8 10
0 8 12
0 8 13
0 8 15
0 8 17
0 8 18
0 8 20
0 8 22
0 8 24
0 8 26
0 9 2
0 9 4
0 9 5
0 9 6
0 9 9
0 9 14
0 9 22
0 9 24
0 9 25
0 9 28
0 9 31
0 10 1
0 10 4
0 10 5
0 10 6
0 10 7
0 10 9
0 10 12
0 10 14
0 10 17
0 10 20
0 10 21
0 10 23
0 10 29
0 10 30
0 10 31
0 11 2
0 11 4
0 11 5
0 11 8
0 11 11
0 11 18
0 11 19
0 11 20
0 11 21
0 11 22
0 11 23
0 11 29
0 11 31
0 12 0
0 12 2
0 12 3
0 12 8
0 12 9
0 12 11
0 12 12
0 12 13
0 12 14
0 12 15
0 12 17
0 12 18
0 12 20
0 12 21
0 12 26
0 12 27
0 12 28
0 13 0
0 13 1
0 13 4
0 13 5
0 13 7
0 13 8
0 13 9
0 13 10
0 13 11
0 13 12
0 13 13
0 13 15
0 13 16
0 13 19
0 13 21
0 13 24
0 13 26
0 13 28
0 13 30
0 13 31
0 14 1
0 14 3
0 14 8
0 14 11
0 14 12
0 14 13
0 14 16
0 14 18
0 14 22
0 14 31
0 15 2
0 15 4
0 15 6
0 15 7
0 15 8
0 15 11
0 15 12
0 15 16
0 15 17
0 15 20
0 15 26
0 15 27
0 16 6
0 16 13
0 16 17
0 16 19
0 16 20
0 16 25
0 16 27
0 16 28
0 16 29
0 16 30
0 16 31
0 17 1
0 17 7
0 17 11
0 17 14
0 17 15
0 17 17
0 17 19
0 17 21
0 17 23
0 17 28
0 17 29
0 17 31
0 18 3
0 18 5
0 18 6
0 18 11
0 18 14
0 18 20
0 18 21
0 18 22
0 18 24
0 18 27
0 18 28
0 18 29
0 19 1
0 19 5
0 19 8
0 19 10
0 19 12
0 19 13
0 19 15
0 19 23
0 19 26
0 20 0
0 20 6
0 20 7
0 20 8
0 20 12
0 20 17
0 20 18
0 20 24
0 20 26
0 20 27
0 20 29
0 20 30
0 21 8
0 21 10
0 21 12
0 21 15
0 21 16
0 21 18
0 21 19
0 21 23
0 21 24
0 21 26
0 21 28
0 21 29
0 21 30
0 22 0
0 22 2
0 22 3
0 22 4
0 22 6
0 22 8
0 22 11
0 22 12
0 22 14
0 22 15
0 22 16
0 22 18
0 22 21
0 22 26
0 22 27
0 22 29
0 23 1
0 23 2
0 23 3
0 23 8
0 23 9
0 23 10
0 23 14
0 23 19
0 23 20
0 23 28
0 23 31
0 24 0
0 24 1
0 24 6
0 24 9
0 24 11
0 24 15
0 24 17
0 24 18
0 24 22
0 24 24
0 24 26
0 24 27
0 24 29
0 24 30
0 24 31
0 25 1
0 25 4
0 25 5
0 25 8
0 25 11
0 25 16
0 25 19
0 25 20
0 25 21
0 25 23
0 25 24
0 25 25
0 25 31
0 26 0
0 26 1
0 26 3
0 26 4
0 26 5
0 26 6
0 26 7
0 26 18
0 26 22
0 26 24
0 26 25
0 26 26
0 27 3
0 27 6
0 27 7
0 27 8
0 27 11
0 27 13
0 27 15
0 27 19
0 27 25
0 27 26
0 28 1
0 28 4
0 28 6
0 28 8
0 28 11
0 28 13
0 28 14
0 28 15
0 28 23
0 28 24
0 28 28
0 29 4
0 29 5
0 29 6
0 29 7
0 29 10
0 29 12
0 29 14
0 29 15
0 29 17
0 29 20
0 29 21
0 29 25
0 30 2
0 30 18
0 30 19
0 30 21
0 30 23
0 30 25
0 30 29
0 30 30
0 31 6
0 31 8
0 31 9
0 31 11
0 31 16
0 31 20
0 31 21
0 31 23
0 31 25
0 31 28
0 31 29
0 31 30
0 32 2
0 32 12
0 32 13
0 32 14
0 32 17
0 32 24
0 32 26
0 32 29
0 32 31
0 33 7
0 33 10
0 33 11
0 33 12
0 33 14
0 33 16
0 33 18
0 33 23
0 33 25
0 33 26
0 33 28
0 33 29
0 33 30
0 34 2
0 34 4
0 34 10
0 34 16
0 34 17
0 34 18
0 34 19
0 34 21
0 34 22
0 34 25
0 34 27
0 34 28
0 35 4
0 35 5
0 35 7
0 35 11
0 35 12
0 35 16
0 35 19
0 35 20
0 35 21
0 35 24
0 35 25
0 35 26
0 35 27
0 35 28
0 35 29
0 35 31
0 36 1
0 36 5
0 36 13
0 36 14
0 36 18
0 36 26
0 36 27
0 36 28
0 36 30
0 36 31
0 37 5
0 37 6
0 37 8
0 37 11
0 37 14
0 37 16
0 37 17
0 37 18
0 37 19
0 37 21
0 37 22
0 37 25
0 37 26
0 37 30
0 38 2
0 38 3
0 38 10
0 38 11
0 38 13
0 38 14
0 38 15
0 38 17
0 38 19
0 38 20
0 38 25
0 38 26
0 38 29
0 38 30
0 38 31
0 39 1
0 39 2
0 39 4
0 39 5
0 39 6
0 39 7
0 39 11
0 39 20
0 39 24
0 39 31
0 40 7
0 40 8
0 40 9
0 40 11
0 40 15
0 40 16
0 40 20
0 40 22
0 40 23
0 40 27
0 41 0
0 41 9
0 41 11
0 41 13
0 41 17
0 41 20
0 41 21
0 41 25
0 41 26
0 41 29
0 41 31
1 0 0
1 0 5
1 0 6
1 0 8
1 0 11
1 0 12
1 0 13
1 0 17
1 0 18
1 0 28
1 0 29
1 0 31
1 1 3
1 1 4
1 1 6
1 1 9
1 1 11
1 1 15
1 1 16
1 1 17
1 1 19
1 1 20
1 1 25
1 1 27
1 1 30
1 2 1
1 2 5
1 2 6
1 2 13
1 2 15
1 2 18
1 2 19
1 2 23
1 2 29
1 2 30
1 3 0
1 3 1
1 3 5
1 3 11
1 3 12
1 3 14
1 3 20
1 3 22
1 3 26
1 3 28
1 3 31
1 4 0
1 4 3
1 4 4
1 4 6
1 4 7
1 4 8
1 4 12
1 4 13
1 4 18
1 4 19
1 4 20
1 4 22
1 4 24
1 4 25
1 4 26
1 4 28
1 4 31
1 5 0
1 5 2
1 5 5
1 5 6
1 5 8
1 5 9
1 5 10
1 5 14
1 5 15
1 5 16
1 5 21
1 5 23
1 5 24
1 5 28
1 5 29
1 6 0
1 6 8
1 6 10
1 6 11
1 6 12
1 6 17
1 6 18
1 6 19
1 6 20
1 7 1
1 7 8
1 7 9
1 7 10
1 7 15
1 7 16
1 7 17
1 7 18
1 7 20
1 7 23
1 7 29
1 8 2
1 8 3
1 8 4
1 8 7
1 8 9
1 8 13
1 8 14
1 8 15
1 8 16
1 8 17
1 8 18
1 8 20
1 8 23
1 8 26
1 8 31
1 9 3
1 9 7
1 9 12
1 9 13
1 9 16
1 9 18
1 9 19
1 9 20
1 9 21
1 9 22
1 9 23
1 9 24
1 9 26
1 9 27
1 9 28
1 10 0
1 10 1
1 10 2
1 10 3
1 10 9
1 10 10
1 10 12
1 10 13
1 10 16
1 10 17
1 10 19
1 10 25
1 10 26
1 10 27
1 10 28
1 10 30
1 11 2
1 11 3
1 11 7
1 11 11
1 11 12
1 11 13
1 11 18
1 11 19
1 11 20
1 11 22
1 11 23
1 11 24
1 11 29
1 11 30
1 12 0
1 12 4
1 12 6
1 12 7
1 12 9
1 12 10
1 12 14
1 12 16
1 12 21
1 12 23
1 12 24
1 12 26
1 13 1
1 13 2
1 13 4
1 13 10
1 13 12
1 13 13
1 13 18
1 13 20
1 13 22
1 13 23
1 13 25
1 13 26
1 13 30
1 14 1
1 14 2
1 14 3
1 14 5
1 14 6
1 14 7
1 14 11
1 14 12
1 14 15
1 14 18
1 14 20
1 14 22
1 14 23
1 14 28
1 14 29
1 15 1
1 15 3
1 15 5
1 15 6
1 15 13
1 15 14
1 15 15
1 15 16
1 15 18
1 15 19
1 15 22
1 15 24
1 15 26
1 15 28
1 15 30
1 16 2
1 16 3
1 16 9
1 16 12
1 16 17
1 16 18
1 16 19
1 16 20
1 16 24
1 16 27
1 16 31
1 17 1
1 17 3
1 17 4
1 17 5
1 17 6
1 17 8
1 17 9
1 17 10
1 17 13
1 17 15
1 17 20
1 17 22
1 17 23
1 17 31
1 18 1
1 18 3
1 18 4
1 18 14
1 18 15
1 18 16
1 18 18
1 18 22
1 18 25
1 18 28
1 18 29
1 18 31
1 19 2
1 19 4
1 19 7
1 19 13
1 19 19
1 19 21
1 19 22
1 19 23
1 19 24
1 19 25
1 19 28
1 20 3
1 20 4
1 20 5
1 20 7
1 20 9
1 20 15
1 20 17
1 20 21
1 20 22
1 20 25
1 21 2
1 21 4
1 21 5
1 21 6
1 21 7
1 21 10
1 21 12
1 21 14
1 21 16
1 21 18
1 21 19
1 21 22
1 21 24
1 21 25
1 21 30
1 22 1
1 22 4
1 22 5
1 22 7
1 22 8
1 22 9
1 22 10
1 22 14
1 22 15
1 22 16
1 22 17
1 22 18
1 22 20
1 22 22
1 22 28
1 22 29
1 22 31
1 23 1
1 23 4
1 23 5
1 23 6
1 23 10
1 23 11
1 23 16
1 23 17
1 23 19
1 23 22
1 23 23
1 23 26
1 23 27
1 23 28
1 23 30
1 23 31
1 24 1
1 24 2
1 24 3
1 24 4
1 24 5
1 24 6
1 24 9
1 24 11
1 24 13
1 24 17
1 24 18
1 24 21
1 24 22
1 24 23
1 24 28
1 24 31
1 25 1
1 25 3
1 25 5
1 25 6
1 25 7
1 25 9
1 25 12
1 25 13
1 25 15
1 25 18
1 25 19
1 25 27
1 25 29
1 25 30
1 26 2
1 26 4
1 26 5
1 26 6
1 26 8
1 26 9
1 26 12
1 26 13
1 26 15
1 26 16
1 26 23
1 26 24
1 26 25
1 26 27
1 26 28
1 26 31
1 27 2
1 27 8
1 27 13
1 27 16
1 27 18
1 27 20
1 27 24
1 27 29
1 28 0
1 28 1
1 28 5
1 28 6
1 28 8
1 28 14
1 28 16
1 28 18
1 28 20
1 28 22
1 28 23
1 28 25
1 28 26
1 28 27
1 28 28
1 29 5
1 29 6
1 29 7
1 29 10
1 29 11
1 29 15
1 29 23
1 29 25
1 29 27
1 29 31
1 30 0
1 30 1
1 30 3
1 30 7
1 30 9
1 30 13
1 30 15
1 30 21
1 30 23
1 30 24
1 30 27
1 30 29
1 30 30
1 31 3
1 31 4
1 31 10
1 31 12
1 31 16
1 31 17
1 31 18
1 31 19
1 31 21
1 31 24
1 31 25
1 31 27
1 31 31
2 0 4
2 0 5
2 0 6
2 0 7
2 0 10
2 0 12
2 1 4
2 1 5
2 1 7
2 1 8
2 1 9
2 1 10
2 2 0
2 2 2
2 2 4
2 2 7
2 2 9
2 2 10
2 2 12
2 3 0
2 3 3
2 3 5
2 3 7
2 3 12
2 4 1
2 4 2
2 4 4
2 4 5
2 4 6
2 4 9
2 4 10
2 5 0
2 5 3
2 5 8
2 5 9
2 6 0
2 6 2
2 6 4
2 6 5
2 6 8
2 6 11
2 7 2
2 7 4
2 7 5
2 7 10
2 7 11
2 7 12
2 7 13
2 8 0
2 8 3
2 8 9
2 8 11
2 8 13
2 9 0
2 9 2
2 9 8
2 9 10
2 10 2
2 10 12
2 10 13
2 11 0
2 11 2
2 11 6
2 11 7
2 11 8
2 11 10
2 11 12
2 12 2
2 12 4
2 12 13
2 13 2
2 13 6
2 13 11
2 13 13
2 14 1
2 14 3
2 14 8
2 14 9
2 14 11
2 14 12
2 15 3
2 15 6
2 15 9
2 15 12
2 16 0
2 16 3
2 16 8
2 16 10
2 16 13
2 17 0
2 17 1
2 17 2
2 17 7
2 17 12
2 17 13
2 18 0
2 18 2
2 18 5
2 18 6
2 18 8
2 18 11
2 19 1
2 19 3
2 19 8
2 19 13
2 20 1
2 20 4
2 20 5
2 20 8
2 20 11
2 21 1
2 21 2
2 21 4
2 21 6
2 21 7
2 21 8
2 21 9
2 21 10
2 21 13
2 22 0
2 22 1
2 22 12
2 23 0
2 23 1
2 23 2
2 23 5
2 24 1
2 24 2
2 24 3
2 24 6
2 24 7
2 24 8
2 24 10
2 24 11
2 25 0
2 25 3
2 25 5
2 25 8
2 25 11
2 26 0
2 26 1
2 26 4
2 26 6
2 26 7
2 26 11
2 26 13
2 27 0
2 27 3
2 27 4
2 27 5
2 27 6
2 27 7
2 27 10
2 27 11
2 27 13
2 28 1
2 28 2
2 28 4
2 28 5
2 28 6
2 28 9
2 28 12
2 28 13
2 29 2
2 29 4
2 29 7
2 29 9
2 29 12
2 29 13
2 30 1
2 30 2
2 30 7
2 30 9
2 30 12
2 31 1
2 31 3