678
7
30 32 17 10 24 31 16
946

343 735 0 594 0 674 0 601 0 749 822 0 232 0 0 555 0 206 685 170 371 0 0 781 478 646 252 0 98 0
192 0 0 0 547 655 539 353 0 511 0 0 0 399 395 1 161 0 8 0 0 0 676 0 744 0 0 0 281 264 955 508
963 0 0 0 9 83 0 0 0 0 684 0 690 202 0 0 182
986 0 0 46 126 0 362 853 820 447
0 33 0 0 0 0 0 423 0 120 0 971 558 928 0 0 187 665 627 0 0 158 0 0
371 795 21 0 0 0 0 298 710 337 0 0 0 0 168 551 325 761 874 292 0 900 534 199 582 0 537 0 926 450 119
8 0 0 575 0 284 598 0 0 0 0 90 648 0 231 371

0 0 5
0 0 6
0 0 10
0 0 15
0 0 18
0 0 20
0 0 22
0 0 24
0 0 27
0 1 1
0 1 3
0 1 7
0 1 12
0 1 18
0 1 28
0 1 30
0 1 31
0 2 2
0 2 3
0 2 4
0 2 6
0 2 8
0 2 9
0 2 11
0 2 13
0 2 16
0 2 17
0 2 18
0 2 23
0 2 29
0 2 31
0 3 0
0 3 3
0 3 6
0 3 7
0 3 10
0 3 18
0 3 20
0 3 27
0 3 28
0 3 29
0 4 0
0 4 2
0 4 3
0 4 10
0 4 11
0 4 13
0 4 17
0 4 19
0 4 27
0 4 29
0 5 1
0 5 2
0 5 5
0 5 7
0 5 10
0 5 12
0 5 13
0 5 15
0 5 19
0 5 20
0 5 25
0 5 27
0 5 28
0 6 8
0 6 13
0 6 14
0 6 21
0 6 22
0 6 25
0 6 28
0 6 30
0 7 3
0 7 6
0 7 8
0 7 10
0 7 14
0 7 16
0 7 20
0 7 21
0 7 24
0 7 26
0 7 28
0 7 30
0 7 31
0 8 1
0 8 13
0 8 14
0 8 15
0 8 20
0 8 22
0 8 23
0 8 26
0 8 28
0 8 29
0 9 1
0 9 2
0 9 6
0 9 15
0 9 20
0 9 24
0 9 27
0 9 28
0 9 31
0 10 5
0 10 9
0 10 10
0 10 16
0 10 18
0 10 24
0 10 27
0 10 28
0 11 0
0 11 1
0 11 3
0 11 4
0 11 7
0 11 8
0 11 12
0 11 20
0 12 3
0 12 5
0 12 8
0 12 13
0 12 14
0 12 17
0 12 19
0 12 22
0 12 23
0 12 25
0 12 30
0 12 31
0 13 0
0 13 1
0 13 7
0 13 9
0 13 13
0 13 18
0 13 19
0 13 22
0 13 30
0 14 1
0 14 4
0 14 8
0 14 9
0 14 10
0 14 12
0 14 13
0 14 15
0 14 18
0 14 25
0 14 29
0 15 0
0 15 4
0 15 5
0 15 7
0 15 11
0 15 15
0 15 16
0 15 20
0 15 21
0 15 22
0 15 23
0 15 31
0 16 2
0 16 3
0 16 4
0 16 6
0 16 9
0 16 15
0 16 19
0 16 22
0 16 25
0 16 28
0 17 1
0 17 6
0 17 7
0 17 8
0 17 10
0 17 13
0 17 14
0 17 18
0 17 20
0 17 26
0 17 27
0 18 7
0 18 11
0 18 14
0 18 18
0 18 20
0 18 25
0 18 30
0 19 2
0 19 7
0 19 11
0 19 15
0 19 18
0 19 19
0 19 24
0 19 25
0 19 27
0 19 28
0 19 31
0 20 3
0 20 4
0 20 7
0 20 9
0 20 15
0 20 20
0 20 23
0 20 27
0 20 29
0 20 31
0 21 1
0 21 6
0 21 7
0 21 13
0 21 18
0 21 20
0 21 25
0 21 26
0 21 30
0 22 4
0 22 7
0 22 11
0 22 22
0 23 0
0 23 4
0 23 11
0 23 13
0 23 15
0 23 16
0 23 21
0 23 24
0 23 25
0 23 26
0 23 29
0 24 2
0 24 5
0 24 7
0 24 10
0 24 13
0 24 15
0 24 19
0 25 0
0 25 4
0 25 6
0 25 9
0 25 11
0 25 12
0 25 16
0 25 20
0 25 21
0 25 30
0 26 1
0 26 5
0 26 8
0 26 14
0 26 17
0 26 22
0 26 23
0 26 24
0 26 25
0 27 5
0 27 6
0 27 8
0 27 11
0 27 12
0 27 13
0 27 15
0 27 24
0 27 29
0 27 30
0 28 0
0 28 10
0 28 12
0 28 13
0 28 15
0 28 20
0 28 22
0 28 23
0 28 26
0 28 30
0 28 31
0 29 1
0 29 8
0 29 9
0 29 13
0 29 14
0 29 17
0 29 20
0 29 22
0 29 25
0 29 26
0 29 27
0 29 30
1 0 4
1 0 7
1 0 13
1 1 2
1 1 3
1 1 4
1 1 9
1 1 15
1 1 16
1 2 2
1 2 3
1 2 6
1 2 15
1 3 0
1 3 6
1 3 7
1 3 9
1 3 10
1 3 13
1 4 0
1 4 3
1 4 4
1 4 5
1 4 8
1 4 12
1 4 13
1 4 16
1 5 0
1 5 3
1 5 5
1 5 6
1 5 11
1 6 4
1 6 11
1 6 13
1 7 3
1 7 6
1 7 7
1 7 8
1 7 10
1 7 12
1 7 16
1 8 1
1 8 6
1 8 11
1 8 13
1 8 14
1 9 0
1 9 2
1 9 8
1 9 10
1 9 13
1 9 16
1 10 0
1 10 1
1 10 3
1 10 6
1 10 16
1 11 4
1 11 5
1 11 7
1 11 10
1 11 12
1 11 16
1 12 2
1 12 3
1 12 15
1 12 16
1 13 1
1 13 2
1 13 3
1 13 12
1 13 13
1 13 14
1 13 15
1 14 0
1 14 6
1 14 9
1 14 11
1 14 15
1 15 3
1 15 8
1 15 14
1 15 15
1 15 16
1 16 1
1 16 8
1 16 9
1 16 12
1 16 16
1 17 1
1 17 4
1 17 9
1 17 10
1 17 11
1 17 12
1 17 14
1 17 15
1 17 16
1 18 0
1 18 10
1 18 11
1 18 16
1 19 7
1 19 8
1 19 15
1 20 0
1 20 4
1 20 10
1 21 0
1 21 2
1 21 9
1 21 12
1 21 15
1 22 5
1 22 7
1 22 9
1 22 10
1 22 12
1 22 13
1 22 15
1 23 0
1 23 3
1 23 5
1 23 6
1 23 8
1 23 9
1 23 16
1 24 0
1 24 2
1 24 4
1 24 8
1 24 12
1 24 15
1 25 1
1 25 14
1 25 15
1 26 4
1 26 6
1 26 10
1 26 11
1 26 13
1 26 14
1 27 2
1 27 3
1 27 5
1 27 8
1 28 6
1 28 7
1 28 8
1 28 9
1 28 10
1 28 11
1 28 13
1 29 3
1 29 6
1 29 9
1 29 10
1 29 13
1 30 3
1 30 9
1 30 10
1 30 11
1 30 12
1 30 14
1 30 15
1 30 16
1 31 2
1 31 4
1 31 6
1 31 7
1 31 15
2 0 0
2 0 2
2 0 6
2 1 1
2 1 2
2 1 3
2 1 7
2 2 5
2 2 8
2 3 0
2 3 3
2 3 6
2 3 7
2 3 9
2 4 2
2 4 3
2 4 4
2 4 7
2 5 1
2 5 2
2 5 7
2 6 1
2 6 2
2 6 5
2 6 7
2 7 7
2 9 0
2 10 0
2 10 1
2 10 2
2 10 3
2 10 4
2 10 5
2 10 7
2 11 0
2 12 4
2 12 9
2 13 1
2 13 9
2 14 3
2 14 6
2 14 8
2 14 9
2 15 0
2 15 1
2 15 7
2 16 0
2 16 3
2 16 7
3 0 2
3 0 4
3 0 6
3 0 14
3 0 16
3 0 17
3 0 20
3 0 21
3 1 0
3 1 2
3 1 7
3 1 8
3 1 10
3 1 17
3 1 18
3 2 8
3 2 9
3 2 11
3 2 12
3 2 14
3 2 20
3 3 0
3 3 1
3 3 8
3 3 12
3 3 14
3 3 15
3 3 20
3 4 0
3 4 4
3 4 6
3 4 7
3 4 8
3 4 11
3 4 13
3 4 21
3 5 7
3 5 18
3 5 22
3 6 1
3 6 6
3 6 11
3 6 15
3 7 2
3 7 6
3 7 7
3 7 9
3 7 13
3 7 15
3 8 1
3 8 2
3 8 5
3 8 10
3 8 12
3 8 13
3 8 20
3 8 21
3 9 5
3 9 10
3 9 12
3 9 14
3 9 17
3 9 22
4 0 0
4 0 5
4 0 9
4 0 14
4 0 15
4 0 17
4 0 21
4 0 28
4 1 2
4 1 5
4 1 6
4 1 8
4 1 11
4 1 19
4 1 22
4 1 26
4 1 30
4 2 2
4 2 3
4 2 5
4 2 6
4 2 8
4 2 10
4 2 14
4 2 16
4 2 18
4 2 21
4 2 23
4 2 25
4 3 0
4 3 1
4 3 4
4 3 6
4 3 14
4 3 18
4 3 22
4 4 5
4 4 12
4 4 15
4 4 16
4 4 18
4 4 20
4 4 26
4 4 30
4 5 0
4 5 1
4 5 2
4 5 4
4 5 5
4 5 8
4 5 9
4 5 14
4 5 16
4 5 25
4 5 26
4 5 29
4 6 4
4 6 7
4 6 8
4 6 22
4 6 23
4 6 25
4 6 29
4 7 5
4 7 8
4 7 12
4 7 13
4 7 16
4 7 18
4 7 19
4 7 24
4 7 27
4 8 4
4 8 10
4 8 15
4 8 16
4 8 18
4 8 22
4 8 23
4 8 29
4 8 30
4 9 0
4 9 2
4 9 3
4 9 9
4 9 12
4 9 15
4 9 17
4 9 23
4 9 26
4 10 10
4 10 18
4 10 23
4 11 3
4 11 5
4 11 9
4 11 12
4 11 13
4 11 16
4 11 19
4 11 26
4 11 27
4 12 0
4 12 1
4 12 4
4 12 5
4 12 12
4 12 23
4 12 24
4 12 25
4 12 30
4 13 0
4 13 3
4 13 9
4 13 16
4 13 17
4 13 23
4 13 27
4 13 30
4 14 0
4 14 4
4 14 10
4 14 17
4 14 19
4 14 20
4 14 21
4 14 25
4 14 27
4 15 3
4 15 5
4 15 6
4 15 9
4 15 11
4 15 16
4 15 20
4 15 24
4 15 30
4 16 5
4 16 11
4 16 12
4 16 26
4 17 0
4 17 2
4 17 6
4 17 12
4 17 16
4 17 17
4 17 23
4 17 24
4 17 26
4 18 0
4 18 2
4 18 3
4 18 9
4 18 12
4 18 14
4 18 16
4 19 1
4 19 3
4 19 6
4 19 11
4 19 14
4 19 16
4 19 17
4 19 18
4 19 19
4 19 29
4 20 0
4 20 1
4 20 7
4 20 12
4 20 14
4 20 15
4 20 18
4 20 19
4 20 22
4 20 23
4 20 25
4 20 30
4 21 1
4 21 5
4 21 6
4 21 10
4 21 12
4 21 13
4 21 15
4 21 29
4 22 6
4 22 7
4 22 12
4 22 13
4 22 16
4 22 17
4 22 20
4 22 22
4 22 28
4 23 7
4 23 13
4 23 17
4 23 18
4 23 19
4 23 20
4 23 22
4 23 25
4 23 26
4 23 30
5 0 2
5 0 3
5 0 6
5 0 11
5 0 13
5 1 3
5 1 5
5 1 7
5 1 8
5 1 10
5 1 15
5 2 0
5 2 3
5 2 5
5 2 7
5 2 8
5 2 10
5 2 11
5 3 3
5 3 6
5 3 15
5 4 1
5 4 3
5 4 5
5 4 14
5 4 15
5 5 1
5 5 7
5 5 14
5 6 0
5 6 1
5 6 5
5 6 6
5 6 8
5 6 14
5 6 15
5 7 0
5 7 1
5 7 4
5 7 5
5 8 3
5 9 2
5 9 4
5 9 6
5 9 7
5 9 14
5 10 2
5 10 4
5 10 5
5 10 8
5 10 9
5 10 11
5 11 3
5 11 7
5 11 9
5 12 12
5 13 5
5 13 9
5 13 10
5 13 12
5 13 13
5 13 14
5 13 15
5 14 2
5 14 4
5 14 5
5 14 10
5 14 13
5 14 14
5 15 0
5 15 1
5 15 6
5 15 8
5 15 10
5 15 11
5 15 12
5 15 13
5 16 0
5 16 3
5 16 4
5 16 7
5 16 12
5 16 14
5 17 0
5 17 3
5 17 4
5 17 6
5 17 7
5 17 9
5 17 15
5 18 0
5 18 2
5 18 3
5 18 4
5 18 11
5 18 12
5 18 13
5 18 15
5 19 1
5 19 3
5 19 12
5 20 1
5 20 3
5 20 5
5 20 11
5 20 13
5 20 14
5 21 0
5 21 2
5 21 7
5 21 12
5 22 2
5 22 4
5 22 5
5 22 9
5 23 0
5 23 6
5 23 7
5 23 8
5 23 11
5 23 13
5 23 14
5 23 15
5 24 4
5 24 6
5 24 7
5 24 9
5 24 10
5 24 15
5 25 0
5 25 2
5 25 9
5 25 14
5 25 15
5 26 2
5 26 5
5 26 6
5 26 10
5 26 13
5 26 14
5 27 7
5 27 9
5 27 11
5 27 12
5 27 14
5 27 15
5 28 2
5 28 3
5 28 11
5 28 14
5 29 1
5 29 4
5 29 7
5 29 9
5 29 11
5 30 2
5 30 4
5 30 10
5 30 11
5 30 14