1411
5
144 181 168 184 203
2500

378 0 0 990 400 650 225 538 0 257 65 794 0 140 0 313 0 135 0 261 256 360 0 0 544 0 307 376 0 0 358 0 0 0 0 277 0 98 28 0 31 24 14 56 15 0 89 76 36 0 70 0 33 0 91 0 0 63 0 27 0 44 30 20 54 100 21 0 0 0 0 29 77 0 25 0 68 48 6 74 62 0 95 0 0 9 100 64 68 0 0 0 0 0 0 0 24 19 0 0 92 34 50 0 31 0 29 0 0 23 0 78 0 28 0 26 0 57 55 55 41 66 0 13 78 0 44 0 0 0 0 0 0 0 64 0 0 0 20 94 66 0 0 0
0 0 386 462 776 31 0 300 778 651 580 36 0 976 0 0 0 436 0 0 638 0 0 0 391 0 564 0 475 0 580 0 290 486 609 0 42 0 0 151 0 85 833 465 0 260 0 82 0 74 0 0 49 89 0 0 0 0 0 0 73 64 0 0 53 23 0 0 81 98 20 17 0 0 0 0 0 27 0 0 15 37 2 28 23 82 0 27 0 0 99 0 34 18 0 28 0 0 98 0 48 65 65 0 30 0 0 0 60 56 0 45 71 59 85 38 39 4 0 0 65 9 0 65 0 29 0 0 72 0 0 92 0 0 55 0 96 17 0 63 0 42 5 0 0 5 3 0 64 0 9 0 0 70 60 34 0 95 0 60 0 0 0 0 0 0 64 0 0 16 82 0 0 0 0 0 0 0 32 0 37
202 0 327 996 1000 701 0 0 604 592 178 0 373 0 125 116 0 0 662 164 0 917 0 0 473 345 0 481 0 0 916 428 0 0 750 0 835 140 453 0 242 0 0 0 0 63 0 65 0 88 57 0 27 73 0 0 35 0 0 0 0 0 0 39 33 0 0 0 0 100 68 0 4 31 3 0 41 31 0 95 34 60 0 66 52 1 0 0 0 25 21 100 85 0 0 0 63 0 0 0 2 99 35 36 0 0 0 0 8 75 0 77 0 22 0 0 25 84 0 0 21 0 0 40 0 22 0 98 0 0 14 0 72 0 60 0 35 99 33 0 0 14 0 38 0 40 0 0 35 0 0 0 77 7 0 0 14 0 51 0 100 0 0 58 0 94 64 0
0 805 0 339 340 0 0 580 689 0 0 0 0 949 0 0 345 0 0 841 0 0 0 250 795 680 39 0 0 944 0 0 664 0 482 0 692 0 0 0 858 733 224 18 988 51 477 0 0 33 0 0 18 8 50 0 64 0 0 82 0 4 41 0 0 0 74 0 10 91 0 93 0 0 0 0 0 0 40 0 0 0 0 0 0 0 0 93 0 0 0 7 0 0 28 71 0 8 0 0 44 9 0 0 0 0 0 48 0 96 9 91 0 0 17 0 10 0 0 0 0 0 0 0 0 0 0 0 54 0 30 0 100 0 58 0 1 74 13 43 63 0 0 7 0 4 33 0 0 0 0 47 47 3 0 21 36 0 0 0 0 0 0 0 99 0 0 0 0 13 0 51 17 0 39 83 25 8 82 15 0 85 23 0
596 0 109 718 131 0 497 751 0 849 476 761 0 591 0 759 0 369 817 0 951 48 0 303 2 35 54 599 0 955 87 0 958 0 0 760 0 0 0 195 418 372 79 0 65 0 735 0 0 0 0 0 12 0 90 86 13 0 0 0 14 0 0 22 13 0 40 0 25 0 0 0 15 0 96 0 0 78 0 0 47 0 16 0 0 62 52 52 26 0 62 30 0 81 0 0 0 0 92 0 10 45 0 0 0 0 90 0 0 0 77 90 54 0 0 0 0 0 0 65 0 0 61 56 0 0 17 0 0 20 0 62 0 4 31 0 92 26 0 0 0 87 0 17 45 0 63 0 79 88 23 96 37 87 0 48 96 92 0 0 91 0 24 0 9 47 0 44 0 76 0 66 0 0 0 2 52 0 0 78 0 41 0 0 86 37 0 1 17 56 0 0 47 0 15 86 0 29 4 0 0 0 84

0 0 13
0 0 46
0 0 50
0 0 51
0 0 75
0 0 171
0 1 9
0 1 76
0 1 99
0 1 103
0 1 156
0 2 16
0 2 152
0 4 98
0 4 174
0 5 53
0 5 93
0 5 95
0 5 156
0 6 61
0 6 178
0 7 11
0 7 12
0 7 138
0 8 85
0 8 121
0 8 178
0 9 13
0 9 100
0 9 119
0 9 143
0 10 44
0 10 55
0 10 63
0 10 73
0 10 75
0 10 117
0 10 153
0 10 179
0 11 51
0 11 91
0 11 110
0 12 87
0 12 119
0 13 19
0 13 124
0 13 125
0 13 160
0 14 12
0 14 110
0 15 5
0 15 54
0 15 124
0 16 21
0 16 41
0 16 49
0 17 0
0 17 54
0 18 64
0 18 161
0 19 6
0 19 73
0 20 28
0 20 147
0 21 78
0 21 89
0 22 35
0 22 156
0 23 102
0 23 107
0 23 133
0 24 90
0 24 127
0 24 129
0 24 156
0 25 42
0 25 65
0 25 90
0 25 106
0 26 22
0 26 86
0 26 107
0 26 108
0 26 168
0 27 29
0 27 150
0 27 180
0 28 36
0 28 73
0 28 125
0 28 130
0 29 136
0 29 172
0 30 84
0 30 125
0 30 151
0 30 157
0 31 9
0 31 28
0 31 72
0 31 111
0 32 104
0 32 108
0 32 128
0 32 129
0 32 177
0 33 27
0 33 97
0 33 106
0 33 117
0 33 168
0 34 8
0 34 94
0 34 134
0 35 157
0 36 10
0 36 22
0 36 63
0 36 82
0 36 126
0 36 134
0 36 145
0 37 51
0 37 97
0 37 130
0 38 84
0 38 107
0 39 75
0 39 152
0 39 153
0 39 163
0 39 167
0 40 21
0 40 59
0 40 100
0 40 114
0 41 13
0 41 20
0 41 42
0 41 57
0 41 82
0 42 53
0 42 92
0 42 95
0 43 3
0 43 35
0 43 64
0 43 87
0 43 134
0 43 136
0 44 30
0 44 37
0 44 39
0 44 113
0 45 62
0 45 97
0 45 99
0 46 2
0 46 45
0 46 50
0 46 77
0 46 118
0 46 120
0 46 143
0 47 29
0 47 38
0 47 42
0 47 43
0 47 50
0 47 72
0 47 167
0 47 175
0 48 23
0 48 93
0 48 177
0 49 2
0 49 41
0 49 103
0 49 150
0 49 172
0 50 141
0 51 103
0 51 131
0 51 168
0 52 4
0 52 110
0 52 149
0 52 157
0 53 40
0 53 43
0 53 51
0 53 103
0 54 80
0 54 150
0 55 64
0 55 84
0 56 65
0 57 164
0 57 179
0 58 54
0 58 164
0 58 176
0 59 56
0 59 57
0 59 64
0 59 92
0 59 134
0 60 119
0 60 152
0 60 156
0 60 163
0 61 120
0 61 140
0 61 142
0 62 5
0 62 78
0 62 144
0 62 163
0 62 179
0 63 44
0 63 54
0 63 60
0 63 63
0 63 68
0 63 79
0 63 100
0 63 157
0 64 33
0 64 124
0 64 130
0 64 148
0 64 156
0 65 101
0 65 151
0 65 161
0 66 11
0 66 98
0 66 105
0 67 47
0 67 143
0 67 161
0 68 22
0 68 160
0 68 165
0 69 29
0 69 60
0 69 78
0 69 135
0 69 136
0 70 26
0 70 39
0 70 160
0 71 9
0 71 14
0 71 107
0 71 110
0 72 15
0 72 48
0 72 78
0 72 115
0 72 116
0 72 156
0 72 164
0 73 19
0 73 46
0 73 67
0 73 74
0 73 99
0 73 168
0 73 169
0 74 14
0 74 175
0 75 38
0 75 54
0 75 89
0 76 22
0 76 28
0 76 79
0 76 94
0 76 97
0 76 141
0 77 28
0 77 70
0 77 159
0 77 165
0 78 47
0 78 63
0 78 150
0 78 163
0 79 100
0 79 127
0 80 1
0 80 14
0 80 52
0 80 53
0 80 117
0 81 58
0 81 73
0 81 77
0 81 115
0 81 135
0 81 172
0 82 19
0 82 42
0 82 126
0 82 146
0 83 129
0 83 154
0 84 71
0 84 122
0 84 136
0 84 164
0 85 0
0 85 128
0 85 150
0 85 156
0 86 12
0 86 135
0 86 149
0 86 152
0 87 27
0 87 84
0 87 107
0 88 28
0 88 111
0 88 132
0 89 10
0 89 85
0 89 88
0 89 140
0 89 142
0 89 149
0 90 36
0 90 100
0 91 24
0 91 25
0 91 153
0 92 27
0 93 92
0 93 118
0 93 146
0 94 29
0 94 83
0 94 101
0 94 110
0 94 150
0 94 159
0 95 164
0 96 109
0 96 157
0 96 158
0 96 172
0 97 3
0 97 76
0 97 109
0 97 116
0 98 5
0 98 58
0 98 147
0 98 156
0 99 145
0 100 62
0 100 109
0 100 154
0 101 5
0 101 98
0 101 122
0 102 22
0 102 90
0 102 95
0 102 111
0 102 129
0 102 164
0 103 12
0 103 15
0 103 177
0 104 33
0 104 40
0 104 55
0 104 65
0 104 160
0 104 174
0 105 36
0 105 163
0 106 14
0 106 57
0 106 81
0 106 93
0 107 2
0 107 34
0 107 42
0 107 54
0 107 124
0 107 173
0 108 71
0 108 168
0 109 10
0 109 175
0 110 26
0 110 27
0 110 52
0 110 90
0 110 94
0 110 164
0 111 33
0 111 128
0 111 135
0 111 150
0 111 172
0 112 63
0 112 70
0 112 127
0 112 142
0 112 150
0 112 156
0 113 6
0 113 41
0 113 90
0 113 169
0 114 8
0 114 57
0 114 75
0 114 88
0 114 122
0 114 163
0 114 164
0 115 38
0 115 90
0 115 108
0 115 141
0 115 155
0 116 10
0 116 144
0 117 58
0 117 63
0 117 76
0 117 78
0 117 92
0 118 20
0 118 60
0 118 159
0 118 170
0 119 75
0 119 118
0 119 132
0 119 153
0 120 6
0 120 28
0 120 52
0 120 165
0 121 26
0 121 59
0 121 176
0 122 71
0 123 4
0 123 127
0 123 142
0 124 96
0 125 100
0 125 123
0 126 14
0 126 62
0 126 134
0 126 152
0 126 162
0 126 177
0 127 126
0 127 137
0 127 140
0 127 147
0 128 63
0 128 67
0 128 107
0 128 166
0 129 87
0 129 100
0 130 5
0 130 18
0 131 156
0 131 180
0 132 24
0 132 50
0 132 77
0 132 84
0 132 136
0 133 103
0 133 120
0 133 128
0 133 149
0 134 54
0 134 60
0 134 127
0 134 158
0 134 166
0 134 173
0 135 124
0 136 13
0 136 38
0 136 74
0 136 107
0 137 51
0 137 54
0 137 145
0 138 25
0 138 37
0 138 57
0 138 59
0 138 109
0 138 127
0 138 142
0 138 169
0 139 16
0 139 88
0 139 114
0 140 141
0 141 9
0 141 14
0 141 28
0 141 63
0 141 85
0 141 121
0 142 52
0 142 76
0 142 113
0 143 139
0 143 141
0 143 160
0 143 166
0 143 168
1 0 41
1 0 43
1 0 88
1 1 3
1 2 8
1 2 62
1 2 100
1 3 14
1 3 60
1 3 62
1 4 49
1 4 146
1 4 154
1 5 34
1 6 128
1 6 136
1 7 61
1 7 142
1 8 48
1 8 58
1 8 98
1 8 104
1 8 117
1 9 52
1 9 81
1 9 131
1 9 143
1 10 21
1 10 54
1 10 108
1 10 151
1 10 160
1 11 3
1 11 90
1 12 9
1 12 49
1 12 81
1 12 96
1 12 128
1 13 9
1 13 15
1 13 18
1 13 27
1 13 42
1 13 84
1 13 148
1 14 2
1 14 53
1 14 111
1 15 14
1 15 29
1 15 73
1 15 74
1 15 82
1 15 86
1 15 115
1 15 119
1 15 144
1 16 0
1 16 58
1 16 98
1 17 63
1 17 69
1 17 77
1 17 151
1 18 18
1 18 75
1 18 117
1 20 64
1 20 154
1 21 30
1 21 49
1 21 165
1 22 2
1 22 39
1 22 124
1 23 82
1 23 94
1 23 105
1 23 107
1 23 136
1 23 160
1 25 27
1 25 47
1 25 57
1 25 69
1 25 71
1 25 83
1 25 134
1 25 165
1 26 63
1 26 66
1 26 77
1 26 92
1 27 114
1 27 118
1 28 10
1 28 71
1 28 78
1 28 81
1 28 89
1 28 121
1 28 147
1 28 154
1 29 17
1 29 119
1 30 34
1 30 97
1 31 105
1 31 108
1 31 116
1 32 57
1 32 71
1 32 109
1 32 148
1 33 5
1 33 26
1 33 62
1 33 107
1 33 143
1 33 145
1 34 20
1 34 43
1 34 103
1 35 52
1 35 76
1 36 26
1 36 52
1 36 75
1 36 107
1 37 95
1 37 128
1 38 8
1 38 49
1 38 101
1 38 107
1 38 140
1 38 152
1 39 79
1 39 116
1 40 14
1 40 55
1 40 109
1 41 14
1 41 62
1 41 107
1 42 69
1 42 86
1 42 133
1 43 14
1 43 18
1 43 34
1 43 112
1 43 158
1 44 51
1 44 61
1 44 96
1 45 38
1 45 75
1 45 79
1 45 105
1 45 116
1 46 43
1 46 44
1 46 62
1 46 75
1 46 114
1 46 134
1 46 159
1 47 65
1 47 125
1 48 9
1 48 23
1 48 111
1 48 159
1 49 83
1 49 134
1 50 109
1 51 100
1 51 115
1 52 49
1 52 78
1 53 0
1 53 104
1 53 141
1 53 145
1 54 57
1 54 84
1 54 124
1 54 144
1 55 3
1 55 107
1 56 63
1 56 75
1 57 108
1 57 129
1 57 162
1 58 106
1 58 130
1 59 10
1 59 23
1 59 126
1 59 160
1 60 162
1 61 19
1 61 51
1 61 124
1 62 10
1 62 92
1 63 27
1 63 60
1 63 73
1 63 101
1 63 147
1 63 156
1 64 27
1 64 86
1 64 95
1 64 136
1 65 22
1 65 124
1 66 74
1 66 117
1 66 164
1 67 0
1 67 120
1 68 144
1 69 122
1 69 140
1 69 160
1 70 0
1 70 70
1 70 159
1 71 60
1 71 155
1 72 6
1 72 31
1 73 45
1 73 87
1 74 9
1 74 17
1 74 111
1 74 120
1 74 126
1 75 5
1 75 74
1 76 51
1 76 55
1 76 63
1 76 76
1 76 146
1 77 7
1 77 47
1 77 161
1 78 22
1 78 30
1 78 91
1 78 104
1 78 150
1 79 8
1 79 162
1 80 34
1 80 46
1 80 55
1 80 143
1 80 166
1 81 164
1 82 6
1 82 28
1 82 59
1 82 61
1 82 69
1 82 79
1 82 123
1 82 137
1 84 67
1 85 4
1 85 8
1 85 28
1 85 50
1 85 67
1 85 98
1 85 122
1 86 11
1 86 31
1 86 85
1 86 94
1 87 85
1 87 105
1 87 165
1 88 43
1 88 50
1 88 55
1 88 165
1 90 70
1 90 120
1 91 2
1 91 46
1 91 63
1 91 68
1 91 95
1 91 151
1 91 153
1 92 50
1 92 106
1 92 145
1 94 26
1 94 34
1 94 35
1 94 81
1 94 111
1 95 19
1 95 67
1 95 97
1 97 22
1 97 58
1 97 140
1 97 152
1 98 72
1 98 74
1 98 86
1 98 117
1 98 153
1 99 1
1 99 25
1 99 28
1 99 83
1 99 100
1 100 5
1 100 15
1 100 131
1 101 103
1 101 130
1 101 152
1 102 45
1 102 62
1 102 124
1 102 135
1 103 47
1 103 74
1 103 103
1 103 124
1 104 4
1 104 14
1 104 82
1 104 105
1 104 144
1 104 149
1 104 167
1 105 20
1 105 103
1 105 126
1 107 2
1 107 16
1 107 26
1 107 62
1 107 146
1 107 147
1 107 150
1 108 11
1 108 117
1 109 61
1 109 90
1 110 83
1 110 85
1 110 118
1 110 144
1 110 159
1 111 5
1 111 18
1 111 33
1 111 140
1 111 157
1 112 33
1 112 45
1 112 115
1 112 152
1 113 15
1 113 48
1 113 61
1 113 102
1 114 93
1 114 122
1 114 140
1 114 155
1 114 159
1 114 163
1 114 167
1 115 24
1 115 58
1 115 117
1 116 21
1 116 72
1 116 92
1 116 143
1 116 152
1 117 19
1 117 63
1 117 77
1 117 150
1 118 91
1 119 98
1 119 131
1 120 2
1 120 28
1 120 36
1 120 92
1 120 128
1 120 142
1 121 41
1 121 143
1 122 12
1 122 79
1 122 152
1 122 153
1 123 82
1 123 108
1 123 126
1 123 145
1 123 166
1 124 19
1 124 155
1 125 129
1 126 46
1 126 105
1 126 161
1 126 167
1 127 29
1 127 70
1 127 144
1 127 147
1 128 34
1 128 86
1 128 110
1 128 111
1 129 44
1 129 64
1 129 80
1 129 114
1 129 154
1 129 162
1 130 113
1 131 59
1 131 66
1 131 79
1 131 106
1 131 122
1 132 51
1 134 27
1 134 97
1 134 119
1 134 158
1 134 161
1 135 30
1 135 113
1 136 35
1 136 51
1 136 59
1 136 159
1 136 162
1 137 31
1 137 36
1 137 93
1 137 126
1 137 147
1 137 164
1 138 84
1 139 145
1 139 149
1 139 160
1 140 13
1 140 99
1 140 131
1 141 13
1 141 52
1 141 71
1 141 124
1 142 16
1 142 143
1 142 145
1 143 23
1 143 70
1 143 96
1 143 129
1 143 138
1 144 74
1 144 96
1 144 116
1 144 126
1 144 143
1 145 8
1 145 32
1 145 63
1 145 159
1 146 9
1 146 142
1 146 143
1 146 160
1 147 12
1 147 70
1 147 128
1 148 3
1 148 32
1 149 11
1 149 17
1 149 25
1 149 47
1 149 144
1 150 3
1 150 4
1 150 19
1 150 32
1 150 36
1 150 97
1 150 102
1 150 119
1 151 136
1 151 150
1 151 167
1 153 26
1 153 48
1 153 58
1 153 120
1 154 18
1 154 53
1 154 114
1 155 7
1 155 37
1 155 64
1 155 98
1 155 136
1 156 143
1 156 161
1 157 0
1 157 15
1 157 108
1 157 156
1 158 56
1 158 93
1 158 100
1 158 112
1 159 25
1 159 32
1 159 45
1 159 89
1 160 13
1 160 18
1 160 121
1 160 160
1 161 17
1 161 96
1 162 23
1 162 57
1 162 136
1 163 16
1 163 20
1 163 49
1 163 57
1 163 86
1 164 40
1 164 141
1 164 167
1 165 43
1 165 78
1 165 87
1 166 96
1 166 150
1 167 89
1 167 108
1 168 1
1 169 117
1 170 15
1 170 18
1 170 60
1 170 65
1 171 57
1 171 77
1 171 116
1 171 152
1 172 5
1 172 27
1 172 88
1 172 125
1 172 166
1 173 59
1 173 65
1 173 76
1 174 23
1 174 55
1 174 87
1 174 103
1 174 143
1 174 153
1 175 76
1 175 131
1 175 138
1 176 125
1 176 160
1 177 16
1 178 90
1 178 127
1 178 142
1 178 167
1 179 10
1 179 30
1 180 81
1 180 95
1 180 149
2 0 1
2 0 153
2 1 9
2 1 30
2 1 48
2 1 69
2 1 83
2 1 111
2 1 131
2 1 135
2 1 181
2 2 18
2 2 69
2 2 101
2 3 24
2 3 142
2 4 23
2 4 89
2 4 97
2 4 99
2 4 134
2 4 143
2 5 33
2 5 45
2 6 43
2 6 67
2 6 69
2 6 113
2 6 159
2 7 35
2 7 38
2 7 42
2 7 110
2 7 177
2 8 136
2 8 162
2 8 183
2 9 31
2 9 56
2 9 88
2 9 113
2 9 147
2 10 19
2 10 26
2 10 121
2 11 41
2 12 19
2 12 91
2 12 109
2 13 9
2 13 51
2 13 53
2 13 79
2 13 101
2 13 142
2 14 0
2 15 12
2 15 53
2 15 117
2 15 119
2 15 135
2 15 150
2 15 151
2 16 22
2 16 32
2 16 162
2 17 31
2 17 37
2 17 46
2 17 65
2 17 119
2 17 139
2 17 142
2 18 106
2 19 72
2 19 77
2 19 116
2 19 153
2 20 122
2 20 127
2 20 131
2 20 141
2 20 181
2 21 117
2 21 136
2 22 17
2 22 27
2 22 81
2 22 135
2 22 141
2 22 168
2 22 173
2 23 15
2 23 52
2 24 23
2 24 34
2 24 117
2 24 147
2 24 160
2 24 168
2 25 8
2 25 63
2 25 87
2 25 93
2 25 125
2 25 145
2 26 36
2 26 114
2 26 117
2 27 2
2 27 40
2 28 54
2 28 80
2 28 108
2 28 115
2 28 134
2 29 22
2 29 39
2 29 48
2 29 58
2 30 40
2 30 61
2 30 130
2 31 56
2 32 69
2 32 104
2 32 119
2 32 155
2 33 3
2 33 7
2 33 24
2 33 40
2 33 49
2 34 72
2 34 111
2 34 112
2 34 130
2 34 165
2 35 0
2 35 137
2 35 150
2 36 24
2 36 26
2 36 31
2 36 76
2 36 174
2 37 2
2 37 33
2 37 72
2 37 118
2 37 134
2 37 172
2 38 30
2 38 131
2 38 156
2 38 176
2 39 7
2 39 163
2 40 11
2 40 39
2 41 8
2 42 24
2 42 103
2 42 110
2 42 160
2 42 175
2 43 171
2 44 140
2 44 174
2 45 44
2 45 160
2 47 102
2 47 104
2 47 108
2 48 35
2 48 87
2 48 99
2 48 129
2 48 143
2 49 61
2 49 181
2 50 19
2 50 35
2 50 114
2 50 167
2 51 37
2 51 124
2 51 146
2 51 149
2 52 81
2 52 116
2 53 2
2 53 33
2 53 48
2 53 149
2 54 9
2 54 20
2 54 109
2 54 156
2 55 20
2 55 25
2 55 38
2 55 55
2 55 85
2 56 9
2 56 29
2 56 36
2 56 67
2 56 80
2 56 104
2 56 168
2 57 51
2 57 120
2 57 169
2 58 0
2 58 78
2 58 151
2 58 161
2 59 96
2 59 134
2 59 140
2 59 143
2 60 20
2 60 110
2 60 115
2 60 128
2 60 140
2 60 148
2 61 6
2 61 76
2 61 148
2 61 168
2 62 56
2 62 61
2 62 62
2 62 116
2 62 118
2 62 119
2 63 120
2 63 147
2 64 1
2 64 27
2 64 58
2 64 69
2 64 89
2 65 20
2 65 23
2 65 25
2 65 72
2 66 10
2 66 14
2 67 33
2 67 76
2 67 150
2 67 157
2 69 4
2 69 6
2 69 16
2 69 74
2 69 94
2 69 107
2 69 118
2 69 140
2 69 160
2 70 48
2 70 96
2 70 183
2 71 7
2 71 19
2 71 88
2 71 139
2 71 157
2 71 163
2 72 16
2 72 77
2 72 130
2 73 60
2 73 71
2 73 131
2 73 168
2 74 3
2 74 7
2 74 105
2 74 138
2 74 156
2 75 6
2 75 42
2 75 45
2 75 78
2 75 142
2 76 35
2 76 92
2 76 118
2 77 18
2 77 22
2 77 70
2 78 20
2 78 26
2 78 38
2 78 56
2 78 144
2 78 167
2 78 179
2 79 6
2 79 11
2 79 59
2 79 115
2 79 177
2 80 134
2 80 152
2 81 109
2 81 120
2 81 171
2 82 35
2 82 72
2 82 131
2 82 161
2 83 16
2 83 95
2 83 120
2 83 133
2 83 139
2 83 145
2 84 45
2 84 127
2 84 148
2 85 34
2 85 63
2 85 149
2 85 173
2 86 52
2 86 83
2 86 96
2 86 113
2 86 118
2 86 125
2 86 166
2 87 88
2 87 139
2 88 152
2 89 94
2 89 104
2 89 130
2 90 15
2 90 121
2 90 157
2 91 22
2 91 48
2 92 0
2 92 90
2 92 91
2 92 141
2 92 168
2 93 14
2 93 103
2 93 143
2 93 148
2 94 13
2 94 83
2 94 99
2 95 30
2 95 34
2 95 87
2 95 123
2 95 170
2 96 51
2 96 80
2 96 83
2 96 133
2 97 64
2 97 86
2 97 171
2 98 7
2 98 77
2 98 127
2 98 132
2 98 155
2 99 34
2 99 111
2 99 123
2 99 177
2 100 30
2 100 33
2 100 41
2 100 64
2 100 183
2 101 101
2 101 126
2 101 139
2 101 146
2 101 148
2 102 111
2 102 183
2 103 69
2 103 79
2 103 85
2 104 9
2 104 44
2 104 60
2 104 130
2 105 10
2 105 136
2 105 141
2 105 154
2 105 163
2 106 35
2 106 80
2 106 97
2 106 114
2 106 173
2 107 26
2 107 28
2 107 42
2 107 101
2 107 150
2 108 25
2 108 56
2 108 111
2 108 148
2 109 16
2 109 100
2 109 126
2 109 135
2 109 145
2 109 147
2 110 16
2 110 24
2 110 90
2 111 135
2 111 156
2 112 32
2 112 36
2 112 76
2 112 127
2 113 2
2 113 81
2 113 115
2 114 20
2 114 43
2 114 137
2 114 148
2 114 171
2 115 57
2 115 63
2 115 75
2 115 133
2 115 153
2 116 7
2 116 25
2 116 31
2 116 53
2 116 125
2 116 132
2 116 159
2 117 27
2 117 60
2 117 162
2 118 7
2 118 20
2 118 35
2 119 0
2 119 130
2 119 151
2 119 158
2 120 72
2 120 173
2 121 174
2 121 175
2 122 2
2 122 4
2 122 26
2 122 61
2 122 75
2 123 21
2 123 47
2 123 123
2 123 129
2 123 172
2 124 68
2 124 99
2 124 156
2 124 163
2 125 14
2 125 136
2 125 147
2 126 129
2 126 183
2 127 70
2 127 73
2 127 135
2 127 141
2 127 163
2 128 48
2 128 78
2 129 30
2 129 182
2 130 30
2 130 76
2 130 130
2 130 142
2 131 16
2 131 75
2 131 99
2 132 55
2 132 93
2 133 16
2 133 72
2 133 103
2 133 177
2 134 5
2 134 41
2 134 79
2 134 113
2 134 146
2 134 180
2 135 3
2 136 62
2 136 129
2 137 40
2 137 55
2 137 63
2 137 75
2 137 88
2 137 159
2 137 179
2 138 98
2 138 148
2 138 162
2 138 167
2 138 170
2 139 29
2 139 44
2 139 48
2 139 56
2 139 75
2 139 87
2 139 95
2 139 134
2 139 175
2 139 183
2 140 16
2 140 71
2 140 131
2 140 170
2 140 182
2 141 55
2 141 157
2 142 83
2 142 132
2 142 135
2 142 179
2 143 31
2 143 35
2 143 44
2 143 51
2 143 98
2 143 120
2 143 130
2 143 144
2 143 174
2 143 176
2 143 183
2 144 19
2 144 59
2 144 62
2 144 150
2 144 161
2 145 125
2 145 164
2 145 183
2 146 2
2 146 64
2 146 118
2 146 173
2 147 74
2 147 83
2 147 87
2 147 89
2 147 172
2 148 24
2 148 83
2 149 80
2 150 72
2 151 6
2 151 53
2 151 85
2 151 115
2 151 118
2 151 156
2 152 10
2 152 74
2 152 81
2 152 117
2 153 134
2 153 139
2 154 61
2 154 145
2 154 159
2 154 164
2 155 4
2 155 146
2 155 159
2 155 165
2 156 37
2 156 126
2 156 127
2 156 166
2 156 181
2 157 35
2 157 144
2 158 9
2 158 139
2 159 105
2 159 164
2 160 37
2 161 15
2 161 91
2 161 104
2 161 112
2 161 138
2 161 169
2 162 10
2 162 16
2 162 62
2 162 96
2 162 163
2 163 2
2 163 4
2 163 24
2 163 60
2 163 97
2 163 119
2 163 145
2 164 31
2 164 39
2 164 44
2 164 89
2 164 169
2 165 32
2 165 49
2 165 106
2 165 126
2 165 127
2 165 140
2 165 147
2 166 77
2 166 91
2 167 23
2 167 27
2 167 35
2 167 58
2 167 163
3 0 72
3 0 149
3 1 27
3 1 81
3 1 139
3 2 53
3 2 85
3 2 121
3 2 184
3 2 200
3 3 53
3 3 123
3 3 144
3 3 148
3 3 177
3 4 18
3 4 63
3 4 91
3 5 64
3 6 51
3 6 53
3 6 65
3 6 101
3 6 157
3 7 2
3 7 40
3 8 8
3 8 67
3 8 95
3 8 111
3 8 126
3 8 170
3 8 202
3 9 118
3 9 129
3 10 39
3 10 166
3 11 189
3 12 175
3 13 1
3 13 64
3 13 159
3 13 176
3 13 199
3 14 15
3 14 105
3 14 180
3 15 48
3 15 185
3 16 27
3 16 142
3 16 192
3 17 32
3 17 64
3 17 91
3 17 106
3 17 108
3 17 177
3 17 182
3 18 5
3 18 90
3 18 122
3 18 130
3 18 143
3 18 178
3 19 10
3 20 105
3 20 194
3 21 2
3 21 73
3 21 102
3 21 103
3 21 121
3 21 197
3 22 28
3 22 53
3 22 57
3 22 68
3 22 188
3 22 197
3 23 8
3 23 78
3 23 98
3 23 186
3 24 107
3 24 128
3 24 161
3 24 169
3 24 171
3 25 20
3 25 28
3 25 79
3 25 144
3 25 157
3 26 85
3 26 142
3 26 176
3 26 183
3 26 185
3 27 11
3 27 123
3 28 89
3 28 145
3 29 96
3 29 112
3 29 122
3 30 6
3 30 113
3 30 141
3 30 186
3 31 15
3 31 51
3 31 78
3 31 195
3 31 200
3 32 5
3 32 31
3 33 15
3 33 77
3 33 97
3 33 188
3 34 140
3 34 199
3 35 1
3 35 25
3 36 25
3 36 50
3 36 93
3 36 143
3 37 34
3 37 45
3 37 80
3 37 93
3 37 179
3 38 155
3 39 27
3 39 46
3 39 47
3 39 120
3 39 192
3 40 14
3 40 100
3 40 131
3 40 185
3 41 100
3 41 182
3 41 197
3 42 82
3 43 17
3 43 170
3 44 11
3 44 82
3 44 152
3 44 189
3 45 32
3 45 60
3 45 159
3 45 173
3 45 187
3 45 197
3 46 19
3 46 67
3 46 79
3 46 146
3 46 171
3 47 33
3 47 55
3 47 59
3 47 72
3 47 91
3 47 104
3 47 165
3 47 176
3 47 196
3 48 2
3 48 117
3 48 126
3 48 153
3 48 193
3 49 58
3 49 74
3 49 79
3 49 103
3 49 113
3 49 136
3 49 154
3 49 166
3 50 0
3 50 17
3 50 59
3 50 103
3 50 193
3 51 116
3 52 22
3 52 132
3 52 159
3 53 29
3 53 84
3 53 90
3 53 96
3 53 133
3 53 151
3 53 161
3 53 181
3 53 193
3 54 93
3 54 136
3 54 186
3 55 126
3 56 40
3 56 95
3 56 101
3 56 183
3 57 73
3 57 77
3 57 95
3 57 180
3 57 190
3 57 193
3 58 35
3 58 168
3 59 50
3 59 56
3 59 61
3 59 138
3 59 155
3 60 18
3 60 136
3 60 174
3 60 195
3 61 7
3 61 41
3 61 50
3 61 97
3 61 166
3 61 182
3 62 4
3 62 7
3 62 16
3 62 21
3 62 29
3 62 130
3 63 73
3 63 75
3 63 109
3 63 150
3 63 176
3 64 13
3 64 87
3 65 12
3 65 116
3 65 171
3 65 200
3 66 91
3 66 97
3 67 53
3 67 89
3 67 123
3 68 135
3 68 152
3 69 151
3 70 45
3 70 113
3 70 178
3 71 42
3 71 171
3 71 193
3 72 25
3 72 26
3 73 61
3 73 156
3 74 4
3 74 122
3 75 52
3 75 67
3 75 163
3 76 32
3 76 36
3 76 108
3 76 192
3 76 195
3 77 33
3 77 65
3 78 46
3 78 57
3 78 72
3 78 135
3 78 160
3 78 165
3 78 181
3 79 16
3 79 93
3 79 134
3 79 172
3 80 10
3 80 106
3 80 151
3 80 177
3 81 6
3 81 17
3 81 52
3 81 88
3 81 113
3 81 136
3 81 151
3 81 158
3 81 169
3 81 182
3 81 202
3 82 57
3 82 75
3 82 147
3 82 169
3 82 202
3 83 1
3 83 30
3 83 65
3 83 187
3 84 20
3 84 22
3 84 31
3 84 104
3 85 126
3 85 187
3 86 5
3 86 147
3 86 148
3 87 73
3 87 117
3 88 8
3 88 71
3 88 151
3 88 201
3 89 103
3 89 131
3 89 154
3 90 12
3 90 33
3 90 37
3 90 48
3 90 145
3 90 177
3 91 37
3 91 51
3 91 69
3 92 39
3 92 66
3 92 87
3 92 136
3 93 8
3 93 93
3 93 158
3 94 10
3 94 62
3 94 131
3 94 152
3 94 191
3 95 21
3 95 38
3 95 111
3 95 115
3 95 126
3 95 131
3 95 145
3 95 151
3 95 156
3 96 68
3 96 112
3 96 122
3 96 162
3 96 192
3 97 200
3 98 63
3 98 162
3 98 167
3 99 26
3 99 35
3 99 80
3 99 104
3 100 30
3 100 63
3 100 164
3 100 165
3 100 200
3 101 27
3 101 80
3 102 158
3 102 191
3 103 0
3 103 37
3 103 56
3 103 92
3 103 94
3 103 137
3 103 199
3 104 26
3 104 68
3 104 97
3 104 109
3 104 119
3 104 159
3 105 39
3 106 15
3 106 95
3 106 174
3 106 188
3 107 129
3 107 165
3 108 14
3 108 38
3 108 59
3 108 60
3 108 64
3 108 115
3 108 121
3 108 140
3 109 23
3 109 58
3 109 91
3 109 94
3 110 29
3 110 51
3 110 122
3 110 137
3 111 58
3 111 66
3 112 88
3 112 103
3 113 20
3 113 67
3 113 180
3 115 7
3 115 42
3 115 69
3 115 127
3 115 134
3 115 162
3 116 17
3 116 20
3 116 23
3 117 35
3 117 62
3 117 153
3 117 167
3 118 29
3 118 52
3 118 58
3 118 89
3 118 108
3 118 181
3 119 6
3 119 15
3 119 121
3 120 5
3 120 72
3 120 106
3 120 108
3 120 136
3 120 138
3 120 139
3 120 196
3 121 97
3 122 1
3 122 115
3 123 8
3 123 78
3 123 135
3 124 58
3 124 187
3 124 192
3 124 202
3 125 88
3 125 99
3 125 119
3 125 183
3 126 47
3 126 192
3 127 6
3 127 28
3 127 29
3 127 40
3 127 53
3 127 127
3 127 128
3 127 141
3 127 142
3 127 146
3 127 160
3 127 172
3 128 144
3 129 19
3 129 54
3 129 95
3 129 132
3 129 195
3 129 199
3 130 11
3 130 39
3 130 130
3 130 138
3 130 199
3 131 5
3 131 36
3 131 64
3 131 136
3 131 182
3 131 193
3 131 195
3 131 198
3 132 54
3 132 79
3 132 125
3 132 126
3 132 147
3 132 173
3 132 188
3 133 46
3 133 90
3 133 102
3 133 134
3 133 198
3 134 47
3 134 53
3 134 71
3 134 142
3 134 179
3 135 39
3 135 49
3 135 69
3 136 13
3 136 30
3 136 79
3 136 144
3 137 29
3 137 30
3 137 92
3 137 154
3 137 172
3 137 198
3 138 16
3 138 86
3 138 100
3 138 149
3 139 106
3 139 142
3 139 143
3 140 42
3 140 93
3 140 94
3 140 162
3 141 66
3 142 88
3 142 101
3 142 164
3 142 179
3 142 194
3 143 15
3 143 165
3 144 37
3 144 42
3 144 44
3 144 85
3 144 149
3 145 87
3 145 164
3 145 197
3 146 43
3 146 62
3 146 66
3 146 92
3 146 110
3 146 120
3 146 132
3 147 37
3 147 161
3 148 29
3 149 3
3 149 61
3 149 77
3 149 159
3 150 2
3 150 46
3 150 116
3 150 129
3 151 85
3 151 131
3 151 190
3 152 74
3 152 94
3 153 3
3 153 14
3 153 32
3 153 82
3 153 164
3 153 200
3 154 52
3 154 67
3 154 94
3 154 109
3 154 120
3 154 146
3 154 172
3 154 178
3 155 118
3 155 130
3 155 197
3 156 41
3 156 48
3 156 80
3 156 98
3 156 135
3 156 172
3 157 66
3 157 73
3 157 175
3 157 200
3 158 183
3 159 9
3 160 21
3 160 111
3 160 123
3 161 10
3 161 35
3 161 87
3 161 155
3 161 187
3 162 0
3 162 72
3 162 118
3 162 187
3 163 26
3 163 121
3 163 177
3 163 197
3 164 2
3 164 6
3 165 53
3 165 151
3 166 78
3 166 105
3 166 158
3 166 174
3 167 30
3 167 65
3 167 157
3 167 190
3 168 38
3 168 52
3 168 62
3 168 102
3 168 113
3 168 129
3 168 155
3 168 196
3 169 8
3 169 14
3 169 66
3 169 73
3 169 136
3 170 12
3 170 154
3 171 152
3 171 176
3 172 10
3 172 43
3 172 61
3 172 77
3 172 105
3 172 132
3 172 192
3 173 80
3 173 94
3 173 123
3 173 187
3 174 89
3 174 91
3 174 145
3 175 75
3 175 107
3 175 199
3 176 47
3 176 76
3 176 113
3 176 144
3 177 10
3 177 166
3 177 170
3 177 192
3 178 30
3 178 105
3 178 186
3 179 47
3 179 64
3 179 79
3 179 94
3 180 4
3 180 46
3 180 61
3 180 74
3 181 19
3 181 75
3 181 189
3 182 77
3 182 113
3 182 143
3 182 191
3 182 196
3 183 4
3 183 39
3 183 74
3 183 96