1371
5
147 145 150 154 280
2500

51 815 531 0 517 0 620 0 214 0 225 830 735 711 714 0 0 178 0 510 380 0 0 0 0 177 0 403 679 0 0 0 216 918 0 0 0 0 0 3 0 89 0 11 62 81 55 0 0 72 47 0 0 93 59 85 0 0 100 91 27 0 0 0 0 84 69 0 50 10 50 0 25 0 0 0 61 0 87 0 0 22 9 0 0 97 0 0 72 0 31 0 3 0 97 0 21 45 0 17 39 73 8 41 0 6 35 0 17 17 0 50 0 0 78 0 70 0 44 0 95 0 0 0 0 0 0 39 59 0 50 33 0 0 17 92 98 0 39 0 0 0 39 46 39 40 79
726 0 363 508 241 64 0 173 855 335 244 734 663 0 0 0 978 0 0 0 0 518 790 501 0 64 0 0 0 130 89 871 0 0 223 129 793 0 0 11 0 10 0 30 37 46 0 0 54 98 0 58 0 0 10 87 34 0 29 0 24 91 0 62 89 0 73 32 99 95 1 73 58 68 0 26 0 28 0 56 0 7 68 54 0 0 0 7 9 0 49 77 0 0 0 0 0 100 41 6 0 20 45 0 84 0 0 19 0 0 0 0 0 0 0 22 85 0 54 54 94 0 17 70 76 48 0 0 0 0 64 61 0 0 0 0 62 34 0 0 61 88 0 0 8
0 892 328 73 0 678 982 0 0 948 309 965 0 0 0 0 225 0 0 122 0 0 0 0 0 0 801 0 0 0 0 0 841 0 411 0 0 187 0 0 0 0 0 0 0 51 0 28 0 95 93 26 13 0 57 17 56 0 100 31 15 6 0 0 36 92 98 77 0 32 0 0 0 7 64 0 83 100 0 75 29 0 0 81 0 0 0 0 20 25 15 0 73 0 0 0 0 45 0 89 0 67 0 0 0 0 0 27 40 0 64 0 83 52 64 53 0 0 0 0 23 75 0 74 45 0 0 0 53 84 0 56 0 93 0 0 0 0 83 0 24 43 61 0 55 63 100 0 87 0
120 840 0 168 0 0 784 257 0 0 620 0 55 647 766 591 980 280 0 0 985 0 964 0 0 217 788 0 0 0 0 0 265 0 284 0 0 958 68 88 0 34 47 0 0 0 0 0 0 0 0 0 0 0 0 0 0 72 0 32 0 0 56 37 17 77 71 0 0 78 0 0 71 4 0 60 0 0 64 0 91 63 0 76 33 0 0 0 39 27 0 48 53 12 0 73 0 0 44 6 68 15 0 100 37 55 47 76 0 73 0 29 0 0 90 14 73 77 0 0 0 0 0 100 28 0 0 0 89 0 65 11 0 0 41 77 0 98 0 0 89 82 0 0 0 0 0 51 0 29 68 0 99 0
0 602 0 0 0 0 99 616 0 0 644 0 731 0 652 206 259 537 0 750 0 837 128 0 0 0 0 0 823 0 0 0 0 949 0 0 574 716 0 0 770 0 0 0 0 263 650 934 0 273 0 0 451 758 0 0 0 975 0 215 371 0 0 191 474 128 0 776 563 0 953 85 11 58 47 19 90 17 93 0 70 0 0 0 96 1 25 0 17 41 78 89 0 0 0 10 14 89 0 97 95 0 0 0 0 0 0 0 0 77 57 30 91 11 16 75 77 0 34 17 55 8 0 0 0 0 64 6 76 0 0 27 0 63 92 0 16 4 30 0 7 0 0 55 43 37 65 0 0 0 26 80 0 0 76 9 46 30 40 28 73 0 0 0 12 27 35 97 0 97 66 15 27 54 65 0 0 0 0 3 0 0 48 98 0 79 41 0 10 79 0 0 61 0 83 57 0 7 0 0 24 0 0 89 0 0 0 52 87 44 52 23 29 16 0 97 0 35 69 53 59 41 0 0 0 73 0 84 15 49 11 0 0 0 0 0 0 52 0 34 43 60 0 0 0 0 0 3 0 28 35 0 0 0 25 0 0 4 12 0 0 63 3 0 44 91 80 0 0 0 0 97 9 91 0 0 43 59 15 0

0 0 113
0 1 20
0 1 22
0 1 40
0 1 97
0 1 106
0 2 5
0 2 17
0 2 117
0 2 144
0 3 45
0 3 68
0 4 104
0 4 114
0 4 133
0 4 135
0 5 4
0 5 45
0 5 93
0 5 109
0 5 116
0 5 136
0 6 1
0 6 137
0 7 24
0 7 113
0 7 139
0 8 43
0 8 86
0 8 114
0 9 15
0 9 19
0 9 61
0 11 29
0 11 50
0 11 98
0 11 134
0 12 22
0 12 47
0 13 0
0 13 9
0 13 33
0 13 41
0 13 100
0 13 107
0 14 143
0 16 23
0 16 66
0 16 70
0 16 99
0 17 11
0 17 59
0 17 74
0 18 39
0 18 87
0 18 88
0 18 108
0 19 29
0 20 115
0 21 50
0 21 54
0 21 63
0 21 72
0 21 120
0 22 12
0 23 5
0 23 50
0 23 57
0 23 118
0 23 139
0 25 14
0 25 85
0 26 12
0 26 24
0 26 25
0 27 3
0 27 20
0 27 30
0 27 47
0 27 54
0 27 55
0 27 86
0 27 99
0 27 101
0 27 107
0 27 110
0 27 139
0 28 7
0 29 92
0 29 97
0 29 117
0 29 123
0 30 31
0 30 42
0 30 47
0 30 63
0 30 65
0 30 87
0 31 28
0 31 29
0 32 33
0 32 72
0 32 76
0 33 39
0 34 40
0 34 91
0 36 59
0 36 61
0 36 74
0 36 77
0 36 106
0 36 117
0 36 134
0 36 144
0 37 62
0 37 90
0 37 130
0 38 10
0 38 109
0 39 123
0 40 54
0 40 127
0 41 4
0 41 19
0 41 61
0 41 64
0 41 72
0 42 53
0 42 137
0 43 50
0 43 98
0 44 0
0 44 5
0 44 10
0 44 13
0 44 17
0 44 62
0 44 72
0 45 0
0 45 90
0 46 123
0 47 2
0 47 36
0 47 62
0 47 67
0 47 71
0 47 98
0 47 120
0 48 37
0 48 64
0 48 70
0 48 88
0 48 118
0 48 128
0 49 24
0 49 36
0 49 80
0 49 88
0 49 128
0 50 57
0 50 100
0 50 115
0 50 136
0 51 82
0 51 92
0 52 41
0 52 59
0 53 39
0 54 3
0 54 4
0 54 79
0 55 31
0 55 71
0 55 114
0 56 13
0 56 26
0 56 27
0 56 72
0 56 97
0 56 140
0 57 8
0 57 48
0 57 77
0 57 80
0 58 36
0 58 40
0 59 36
0 59 81
0 59 112
0 59 129
0 60 6
0 60 14
0 60 19
0 60 48
0 60 86
0 61 96
0 61 125
0 62 12
0 62 36
0 62 59
0 62 76
0 62 80
0 62 104
0 62 113
0 63 25
0 63 129
0 64 12
0 64 14
0 64 119
0 65 91
0 65 140
0 66 14
0 66 32
0 66 53
0 66 54
0 66 63
0 66 130
0 67 31
0 67 55
0 67 61
0 67 66
0 67 124
0 67 137
0 68 66
0 68 87
0 68 102
0 69 25
0 69 102
0 70 141
0 71 34
0 71 37
0 71 48
0 71 119
0 72 80
0 72 100
0 72 127
0 73 43
0 73 68
0 73 72
0 73 95
0 73 103
0 73 111
0 74 9
0 74 92
0 74 114
0 74 116
0 75 30
0 75 59
0 75 117
0 76 52
0 76 61
0 77 17
0 77 25
0 77 90
0 77 103
0 77 134
0 77 141
0 78 76
0 78 78
0 78 100
0 78 102
0 78 128
0 78 136
0 79 8
0 79 107
0 79 117
0 80 15
0 80 123
0 81 47
0 81 71
0 82 42
0 82 64
0 82 139
0 82 142
0 83 11
0 83 78
0 83 85
0 83 99
0 83 108
0 83 138
0 84 7
0 84 81
0 84 96
0 85 82
0 85 131
0 85 132
0 86 91
0 87 79
0 87 82
0 88 28
0 88 90
0 88 98
0 89 61
0 89 64
0 89 69
0 90 0
0 90 50
0 90 83
0 90 89
0 90 104
0 91 20
0 91 94
0 91 95
0 92 28
0 92 47
0 92 95
0 92 139
0 93 92
0 93 109
0 94 60
0 94 72
0 94 86
0 94 119
0 94 122
0 94 143
0 95 13
0 95 60
0 95 107
0 96 102
0 96 114
0 97 15
0 97 22
0 97 44
0 97 112
0 98 10
0 98 126
0 98 141
0 99 5
0 99 44
0 99 67
0 99 101
0 100 32
0 100 38
0 100 43
0 100 79
0 100 135
0 101 48
0 101 51
0 102 4
0 102 46
0 102 127
0 103 6
0 103 16
0 103 26
0 103 78
0 103 91
0 104 15
0 104 22
0 104 23
0 104 27
0 104 117
0 104 126
0 104 140
0 105 88
0 105 118
0 105 123
0 106 19
0 106 24
0 106 25
0 106 122
0 107 52
0 107 144
0 108 23
0 109 31
0 109 86
0 109 119
0 109 131
0 110 24
0 110 86
0 111 3
0 111 12
0 111 127
0 112 65
0 112 78
0 112 94
0 112 102
0 112 136
0 113 63
0 113 95
0 114 24
0 114 31
0 114 78
0 114 98
0 114 118
0 115 6
0 115 33
0 115 47
0 115 88
0 115 89
0 115 130
0 115 137
0 115 142
0 119 3
0 119 19
0 119 99
0 119 101
0 119 107
0 120 11
0 120 18
0 120 42
0 122 2
0 122 29
0 122 61
0 122 62
0 122 81
0 123 33
0 123 60
0 124 7
0 124 20
0 124 68
0 124 125
0 125 72
0 125 104
0 125 142
0 126 67
0 126 110
0 127 67
0 127 130
0 128 45
0 128 60
0 128 62
0 128 92
0 128 97
0 128 109
0 129 50
0 129 100
0 130 46
0 130 58
0 130 74
0 131 6
0 132 51
0 132 67
0 132 115
0 132 118
0 133 3
0 133 119
0 133 134
0 134 26
0 134 37
0 134 52
0 134 80
0 134 135
0 134 144
0 135 23
0 135 71
0 135 93
0 135 117
0 136 11
0 136 36
0 136 46
0 136 60
0 136 72
0 136 123
0 137 22
0 137 126
0 138 10
0 138 46
0 138 48
0 138 118
0 138 119
0 138 123
0 138 128
0 139 132
0 139 139
0 140 3
0 140 91
0 140 94
0 141 7
0 141 13
0 141 85
0 142 9
0 142 52
0 142 65
0 143 47
0 143 134
0 144 3
0 144 114
0 144 132
0 144 143
0 145 33
0 145 95
0 146 27
1 0 42
1 0 45
1 1 37
1 1 108
1 1 112
1 2 0
1 2 17
1 2 42
1 2 79
1 2 108
1 3 42
1 3 81
1 3 87
1 3 139
1 3 146
1 4 13
1 4 92
1 4 125
1 4 129
1 5 78
1 5 88
1 5 96
1 5 98
1 5 115
1 5 131
1 6 25
1 6 29
1 6 54
1 6 115
1 7 37
1 8 19
1 8 33
1 8 39
1 8 58
1 8 105
1 8 116
1 9 1
1 9 67
1 9 70
1 10 3
1 10 44
1 10 92
1 10 105
1 10 134
1 11 13
1 11 81
1 11 91
1 11 106
1 12 24
1 12 60
1 12 67
1 12 102
1 12 116
1 12 126
1 13 45
1 13 101
1 14 87
1 14 109
1 14 135
1 15 3
1 15 9
1 15 145
1 16 8
1 16 24
1 16 41
1 16 60
1 16 122
1 17 16
1 17 67
1 18 7
1 18 47
1 19 24
1 19 46
1 19 76
1 19 101
1 19 113
1 19 115
1 19 116
1 20 4
1 20 47
1 20 62
1 20 79
1 20 97
1 21 98
1 22 2
1 22 16
1 22 24
1 22 58
1 22 120
1 22 146
1 23 58
1 23 75
1 23 88
1 24 49
1 24 52
1 25 149
1 26 102
1 27 18
1 27 38
1 28 21
1 28 71
1 28 145
1 29 49
1 29 52
1 29 138
1 29 148
1 30 42
1 30 78
1 30 80
1 30 93
1 31 56
1 31 57
1 31 77
1 31 99
1 31 149
1 32 2
1 32 54
1 32 68
1 32 114
1 32 148
1 33 30
1 33 69
1 33 121
1 34 41
1 35 9
1 35 28
1 35 43
1 35 57
1 36 124
1 37 42
1 37 55
1 37 100
1 37 107
1 37 137
1 38 54
1 38 123
1 39 93
1 39 97
1 40 3
1 40 22
1 40 48
1 40 59
1 40 63
1 40 75
1 40 78
1 40 81
1 40 102
1 40 120
1 40 142
1 41 41
1 41 55
1 42 25
1 42 56
1 42 69
1 43 4
1 43 31
1 43 63
1 43 146
1 44 3
1 44 65
1 45 66
1 45 79
1 45 131
1 46 9
1 46 11
1 46 51
1 46 107
1 46 140
1 47 11
1 47 18
1 47 103
1 48 70
1 48 71
1 48 96
1 48 101
1 48 135
1 49 8
1 49 107
1 49 122
1 49 134
1 50 1
1 50 38
1 50 55
1 50 65
1 50 76
1 50 99
1 50 115
1 50 132
1 50 145
1 51 6
1 51 25
1 51 33
1 51 47
1 51 49
1 51 77
1 52 81
1 52 104
1 52 114
1 53 4
1 53 26
1 53 65
1 53 67
1 53 80
1 53 101
1 53 118
1 53 123
1 53 143
1 54 2
1 54 32
1 54 35
1 55 116
1 55 119
1 55 123
1 55 141
1 56 15
1 56 21
1 56 32
1 57 26
1 57 91
1 57 92
1 57 141
1 58 26
1 58 42
1 58 72
1 59 43
1 59 73
1 59 114
1 60 24
1 60 129
1 60 140
1 60 145
1 61 6
1 61 11
1 61 54
1 61 74
1 61 142
1 62 11
1 62 96
1 63 16
1 63 42
1 63 61
1 63 73
1 63 129
1 64 13
1 64 120
1 64 131
1 65 9
1 65 105
1 66 49
1 66 141
1 67 4
1 67 10
1 67 13
1 67 38
1 67 71
1 67 106
1 67 133
1 67 140
1 69 15
1 69 109
1 69 126
1 69 128
1 70 20
1 70 77
1 70 88
1 70 105
1 70 140
1 70 143
1 71 16
1 71 25
1 71 37
1 71 51
1 71 70
1 72 41
1 72 57
1 72 63
1 72 94
1 72 138
1 73 31
1 73 37
1 73 77
1 73 89
1 73 118
1 74 18
1 74 22
1 74 41
1 74 85
1 74 149
1 75 37
1 75 68
1 75 119
1 76 95
1 76 149
1 77 149
1 78 30
1 78 104
1 78 122
1 78 131
1 79 33
1 79 83
1 80 80
1 81 45
1 81 54
1 81 60
1 81 92
1 82 74
1 82 114
1 83 14
1 83 80
1 83 117
1 83 123
1 83 124
1 84 93
1 84 126
1 84 133
1 85 138
1 86 15
1 86 54
1 86 142
1 86 145
1 87 59
1 87 70
1 87 141
1 88 59
1 88 98
1 88 116
1 88 122
1 88 132
1 89 67
1 90 28
1 90 90
1 90 91
1 91 40
1 91 69
1 91 111
1 92 126
1 92 132
1 93 35
1 93 69
1 93 81
1 93 88
1 94 6
1 94 39
1 94 46
1 94 110
1 94 133
1 95 29
1 95 103
1 96 145
1 97 5
1 97 33
1 97 35
1 97 40
1 97 65
1 97 74
1 97 111
1 98 5
1 98 21
1 98 86
1 98 102
1 98 116
1 99 62
1 99 104
1 99 125
1 99 149
1 100 48
1 100 95
1 100 141
1 101 37
1 101 44
1 101 46
1 101 77
1 101 124
1 101 128
1 102 100
1 103 2
1 103 51
1 103 91
1 104 55
1 104 67
1 104 79
1 104 97
1 104 104
1 104 116
1 105 80
1 105 110
1 106 11
1 106 18
1 107 87
1 107 107
1 108 47
1 108 55
1 108 128
1 109 11
1 109 52
1 110 64
1 110 70
1 110 85
1 110 99
1 111 19
1 111 34
1 111 90
1 112 54
1 112 108
1 112 116
1 112 149
1 113 82
1 113 87
1 114 34
1 114 44
1 114 73
1 114 87
1 114 102
1 114 145
1 115 21
1 115 50
1 115 98
1 115 147
1 116 13
1 116 57
1 117 39
1 117 70
1 117 89
1 117 141
1 118 33
1 118 69
1 118 88
1 118 123
1 118 143
1 119 62
1 119 70
1 119 73
1 119 134
1 120 51
1 120 117
1 121 85
1 121 121
1 121 144
1 122 24
1 122 48
1 122 87
1 122 102
1 124 68
1 124 140
1 124 141
1 125 28
1 125 29
1 125 64
1 126 25
1 126 47
1 126 77
1 126 90
1 126 126
1 126 128
1 126 141
1 127 51
1 127 55
1 127 65
1 127 96
1 127 100
1 128 40
1 128 45
1 128 83
1 128 92
1 128 95
1 129 19
1 129 111
1 130 45
1 131 17
1 131 78
1 131 83
1 132 28
1 132 51
1 132 74
1 132 88
1 133 12
1 133 93
1 134 19
1 134 28
1 134 105
1 135 50
1 135 68
1 135 111
1 136 8
1 136 18
1 136 33
1 136 140
1 137 3
1 137 52
1 137 122
1 138 24
1 139 82
1 139 105
1 140 24
1 140 31
1 140 71
1 140 79
1 140 87
1 140 124
1 141 40
1 142 2
1 142 54
1 142 124
1 143 27
1 143 78
1 144 39
1 144 83
1 144 110
2 0 57
2 0 59
2 0 82
2 0 91
2 0 113
2 0 138
2 0 140
2 0 146
2 1 35
2 1 43
2 1 66
2 1 92
2 2 18
2 2 128
2 2 131
2 2 151
2 3 19
2 3 32
2 3 73
2 3 118
2 4 144
2 5 56
2 5 74
2 5 81
2 5 114
2 5 151
2 6 21
2 6 67
2 6 126
2 6 133
2 6 147
2 7 19
2 7 73
2 8 51
2 8 62
2 8 108
2 8 135
2 9 47
2 9 110
2 10 1
2 10 26
2 10 42
2 10 60
2 10 129
2 10 140
2 11 7
2 11 110
2 12 47
2 13 26
2 13 94
2 13 102
2 13 107
2 13 123
2 13 132
2 13 146
2 14 33
2 15 148
2 16 142
2 17 100
2 17 102
2 17 136
2 19 147
2 19 149
2 20 45
2 20 51
2 20 141
2 21 97
2 22 92
2 22 106
2 23 92
2 23 106
2 23 131
2 23 138
2 23 140
2 24 47
2 24 61
2 24 74
2 24 96
2 24 111
2 24 131
2 24 133
2 24 144
2 25 45
2 25 101
2 25 103
2 25 115
2 26 110
2 26 130
2 27 15
2 27 39
2 27 100
2 27 141
2 28 97
2 29 0
2 29 7
2 29 151
2 30 14
2 30 28
2 30 44
2 30 105
2 30 133
2 31 8
2 31 35
2 31 49
2 31 54
2 31 75
2 31 115
2 32 29
2 32 43
2 32 44
2 32 65
2 32 153
2 33 2
2 33 33
2 33 73
2 34 7
2 34 11
2 34 41
2 34 78
2 34 105
2 34 150
2 35 78
2 35 85
2 35 96
2 36 1
2 36 28
2 36 60
2 36 65
2 36 91
2 36 122
2 36 142
2 37 14
2 37 36
2 37 118
2 37 129
2 38 59
2 38 77
2 38 153
2 39 5
2 39 35
2 39 96
2 39 124
2 39 125
2 40 0
2 40 54
2 40 65
2 40 123
2 40 141
2 41 117
2 42 7
2 42 18
2 42 32
2 42 61
2 42 68
2 42 78
2 42 102
2 42 106
2 43 55
2 43 127
2 43 137
2 44 21
2 44 44
2 45 20
2 45 35
2 45 36
2 45 51
2 45 136
2 45 144
2 46 63
2 46 109
2 46 129
2 46 146
2 47 19
2 48 21
2 48 41
2 48 60
2 48 66
2 48 70
2 49 28
2 49 40
2 49 59
2 49 89
2 50 18
2 50 50
2 50 68
2 50 112
2 50 138
2 51 21
2 51 83
2 51 117
2 52 11
2 52 50
2 52 63
2 52 75
2 54 54
2 54 123
2 54 141
2 54 153
2 55 136
2 55 146
2 56 59
2 56 81
2 56 83
2 56 87
2 57 13
2 57 16
2 58 55
2 58 79
2 58 153
2 59 17
2 59 46
2 59 57
2 59 131
2 60 29
2 60 64
2 60 148
2 61 25
2 61 36
2 61 42
2 61 63
2 61 70
2 61 129
2 62 111
2 62 137
2 63 110
2 63 112
2 64 4
2 64 5
2 64 105
2 65 6
2 65 77
2 65 86
2 65 134
2 66 60
2 66 65
2 66 139
2 67 3
2 67 36
2 67 59
2 67 86
2 68 27
2 68 88
2 68 116
2 68 132
2 69 130
2 69 139
2 70 1
2 70 25
2 70 66
2 70 112
2 70 119
2 71 4
2 71 49
2 71 68
2 71 83
2 71 94
2 72 3
2 72 18
2 72 22
2 72 25
2 72 41
2 72 136
2 73 22
2 73 55
2 73 83
2 73 88
2 73 143
2 74 28
2 74 51
2 74 78
2 74 105
2 75 10
2 75 48
2 75 96
2 75 125
2 75 151
2 76 28
2 76 73
2 76 92
2 76 93
2 77 36
2 77 67
2 77 77
2 77 81
2 77 98
2 77 140
2 78 58
2 79 100
2 79 107
2 80 6
2 80 37
2 80 60
2 80 93
2 81 56
2 81 57
2 81 120
2 81 121
2 82 35
2 82 88
2 84 2
2 84 14
2 85 22
2 85 87
2 85 136
2 85 143
2 85 153
2 86 77
2 86 79
2 86 109
2 86 111
2 86 127
2 86 153
2 87 33
2 88 2
2 88 36
2 88 39
2 88 127
2 88 142
2 89 146
2 90 41
2 90 86
2 90 130
2 90 135
2 90 136
2 90 148
2 91 21
2 91 70
2 91 82
2 92 66
2 92 87
2 93 79
2 93 102
2 93 150
2 94 13
2 94 16
2 94 37
2 94 54
2 95 46
2 95 143
2 96 70
2 96 137
2 97 20
2 97 45
2 97 78
2 97 94
2 97 105
2 98 131
2 99 64
2 99 95
2 99 116
2 99 132
2 99 141
2 100 113
2 100 134
2 101 0
2 101 41
2 101 45
2 101 60
2 102 9
2 102 53
2 102 112
2 102 148
2 103 33
2 103 46
2 103 150
2 104 61
2 104 76
2 104 108
2 104 133
2 104 140
2 105 7
2 105 65
2 105 72
2 105 104
2 105 109
2 106 4
2 106 8
2 106 33
2 106 38
2 106 56
2 106 126
2 107 56
2 107 69
2 107 136
2 107 137
2 107 152
2 108 7
2 108 12
2 108 68
2 108 69
2 108 123
2 108 129
2 109 38
2 109 76
2 109 103
2 109 106
2 109 147
2 109 152
2 110 0
2 110 59
2 110 82
2 111 4
2 111 57
2 111 63
2 112 23
2 112 26
2 112 30
2 112 77
2 112 153
2 113 63
2 113 89
2 113 109
2 113 116
2 113 150
2 114 68
2 114 120
2 115 30
2 116 26
2 116 81
2 116 148
2 117 54
2 117 134
2 117 139
2 118 14
2 118 24
2 118 89
2 118 107
2 118 111
2 118 153
2 119 32
2 119 88
2 119 92
2 119 114
2 120 13
2 120 18
2 120 27
2 120 39
2 120 147
2 121 36
2 121 122
2 121 139
2 122 41
2 122 54
2 122 88
2 122 133
2 123 51
2 123 71
2 123 94
2 123 135
2 124 25
2 124 46
2 124 103
2 124 112
2 124 125
2 125 68
2 125 139
2 126 25
2 127 32
2 127 97
2 127 112
2 127 134
2 128 29
2 128 123
2 129 13
2 129 147
2 130 8
2 130 26
2 130 34
2 130 55
2 130 85
2 130 115
2 130 147
2 131 38
2 131 119
2 131 121
2 131 129
2 132 33
2 132 57
2 132 67
2 132 88
2 132 96
2 132 147
2 134 35
2 134 49
2 134 88
2 134 117
2 134 118
2 135 47
2 135 63
2 135 92
2 135 107
2 136 46
2 136 62
2 136 88
2 136 112
2 137 23
2 137 128
2 137 146
2 137 147
2 138 11
2 138 92
2 138 148
2 138 150
2 139 45
2 139 46
2 139 58
2 139 67
2 139 68
2 139 75
2 140 52
2 140 120
2 140 126
2 140 145
2 141 69
2 141 117
2 141 137
2 142 4
2 142 31
2 142 117
2 143 34
2 143 138
2 144 4
2 144 61
2 144 126
2 145 32
2 145 83
2 145 141
2 146 63
2 147 67
2 147 129
2 147 142
2 148 27
2 148 70
2 148 77
2 148 127
2 149 46
2 149 73
2 149 87
2 149 117
3 0 8
3 0 15
3 0 54
3 0 102
3 0 214
3 0 245
3 0 247
3 1 3
3 1 27
3 1 125
3 1 166
3 1 185
3 1 224
3 2 30
3 2 35
3 2 47
3 2 80
3 3 53
3 3 57
3 3 66
3 3 67
3 3 179
3 3 198
3 3 207
3 3 238
3 4 38
3 4 130
3 4 139
3 5 33
3 5 38
3 5 79
3 5 124
3 5 218
3 5 228
3 5 264
3 6 14
3 6 19
3 6 95
3 6 127
3 6 188
3 6 199
3 6 213
3 6 222
3 6 223
3 7 45
3 7 108
3 7 207
3 7 262
3 8 43
3 8 59
3 8 70
3 8 116
3 8 119
3 8 132
3 8 254
3 8 268
3 9 63
3 9 150
3 9 168
3 9 213
3 10 18
3 10 36
3 10 41
3 10 79
3 10 186
3 10 196
3 10 252
3 10 258
3 11 29
3 11 74
3 11 131
3 11 136
3 11 179
3 12 8
3 12 14
3 12 40
3 12 89
3 12 177
3 12 209
3 12 269
3 12 273
3 12 275
3 13 19
3 13 40
3 13 44
3 13 80
3 13 98
3 13 99
3 13 122
3 13 127
3 14 75
3 14 111
3 14 134
3 14 169
3 14 194
3 14 202
3 14 203
3 14 232
3 14 255
3 15 130
3 15 234
3 16 52
3 16 118
3 16 134
3 16 191
3 17 53
3 17 225
3 18 26
3 18 85
3 18 109
3 18 125
3 18 147
3 18 194
3 18 212
3 18 277
3 19 27
3 19 37
3 19 76
3 19 96
3 19 104
3 19 109
3 19 165
3 19 169
3 19 189
3 19 197
3 20 32
3 20 57
3 20 116
3 20 140
3 20 158
3 20 171
3 20 203
3 20 232
3 20 252
3 20 273
3 21 64
3 21 100
3 21 154
3 21 162
3 21 193
3 21 226
3 21 227
3 22 68
3 22 182
3 22 231
3 22 266
3 22 278
3 23 70
3 23 214
3 24 88
3 24 133
3 24 230
3 24 238
3 25 48
3 25 170
3 25 177
3 25 207
3 25 219
3 25 275
3 26 11
3 26 14
3 26 179
3 26 253
3 27 41
3 27 45
3 27 97
3 27 118
3 27 162
3 27 171
3 27 217
3 27 230
3 27 246
3 28 9
3 28 51
3 28 61
3 28 64
3 28 79
3 28 83
3 28 106
3 28 148
3 28 185
3 28 194
3 28 235
3 28 264
3 28 278
3 29 11
3 29 74
3 29 88
3 29 108
3 29 109
3 29 125
3 29 151
3 29 178
3 29 254
3 30 107
3 30 109
3 30 122
3 30 163
3 30 169
3 30 228
3 31 107
3 31 147
3 31 163
3 31 183
3 31 237
3 31 273
3 32 2
3 32 79
3 32 168
3 32 173
3 32 209
3 32 217
3 33 9
3 33 27
3 33 29
3 33 44
3 33 129
3 33 135
3 33 189
3 33 221
3 33 243
3 33 256
3 34 46
3 34 61
3 34 112
3 34 149
3 34 202
3 35 133
3 35 142
3 35 182
3 35 204
3 36 103
3 36 122
3 36 151
3 36 179
3 36 244
3 37 33
3 37 54
3 37 56
3 37 82
3 37 92
3 37 122
3 37 194
3 37 230
3 38 1
3 38 19
3 38 76
3 38 122
3 38 154
3 38 169
3 38 181
3 38 251
3 39 29
3 39 54
3 39 69
3 39 72
3 39 148
3 39 170
3 39 181
3 39 197
3 39 200
3 40 8
3 40 65
3 40 108
3 40 119
3 40 172
3 40 180
3 40 212
3 40 215
3 40 264
3 40 265
3 41 31
3 41 41
3 41 50
3 41 115
3 41 124
3 41 148
3 41 267
3 42 137
3 42 154
3 42 173
3 42 268
3 42 277
3 43 41
3 43 128
3 44 53
3 44 92
3 44 94
3 45 39
3 45 81
3 45 159
3 45 177
3 45 188
3 45 189
3 45 224
3 45 231
3 46 12
3 46 32
3 46 39
3 46 61
3 46 173
3 47 59
3 47 168
3 47 191
3 47 276
3 48 45
3 48 55
3 48 137
3 48 174
3 48 194
3 48 208
3 48 247
3 49 31
3 49 141
3 49 171
3 49 233
3 49 241
3 50 68
3 50 74
3 50 84
3 50 142
3 50 205
3 50 249
3 51 38
3 51 59
3 51 71
3 51 75
3 51 134
3 51 190
3 51 213
3 51 221
3 51 230
3 52 30
3 52 79
3 52 118
3 52 124
3 52 135
3 52 212
3 52 224
3 52 263
3 53 27
3 53 101
3 53 114
3 53 163
3 53 205
3 53 247
3 53 258
3 54 52
3 54 56
3 54 82
3 54 96
3 54 171
3 54 254
3 55 45
3 55 63
3 55 99
3 55 106
3 55 112
3 55 197
3 56 19
3 56 30
3 56 109
3 56 149
3 56 215
3 56 270
3 56 277
3 57 47
3 57 157
3 57 191
3 57 222
3 58 24
3 58 81
3 58 82
3 58 133
3 58 138
3 58 261
3 59 40
3 59 42
3 59 102
3 59 157
3 59 171
3 59 194
3 59 207
3 60 86
3 60 97
3 60 257
3 61 0
3 61 53
3 61 100
3 61 162
3 61 218
3 62 19
3 62 29
3 62 96
3 62 152
3 62 175
3 62 180
3 62 270
3 63 7
3 63 25
3 63 28
3 63 77
3 63 81
3 63 113
3 63 128
3 63 219
3 63 224
3 63 231
3 64 48
3 64 75
3 64 128
3 64 136
3 64 141
3 64 196
3 64 216
3 65 1
3 65 25
3 65 35
3 65 57
3 65 75
3 65 159
3 65 174
3 65 189
3 65 192
3 65 262
3 66 24
3 66 55
3 66 196
3 66 211
3 66 265
3 67 23
3 67 74
3 67 79
3 67 120
3 67 183
3 67 214
3 68 25
3 68 157
3 68 158
3 69 42
3 69 106
3 69 129
3 69 246
3 69 250
3 70 14
3 70 69
3 70 96
3 70 153
3 70 190
3 70 216
3 71 14
3 71 17
3 71 49
3 71 88
3 71 140
3 71 182
3 71 199
3 72 4
3 72 42
3 72 114
3 72 216
3 72 243
3 72 261
3 72 263
3 72 266
3 73 1
3 73 67
3 73 248
3 73 271
3 74 0
3 74 4
3 74 112
3 74 141
3 74 166
3 74 234
3 74 255
3 75 20
3 75 114
3 75 275
3 76 13
3 76 56
3 76 59
3 76 76
3 76 143
3 76 165
3 76 204
3 76 273
3 77 2
3 77 21
3 77 159
3 77 252
3 78 49
3 78 54
3 78 125
3 78 131
3 78 218
3 78 232
3 78 244
3 79 22
3 79 96
3 79 111
3 79 185
3 79 206
3 79 207
3 79 221
3 79 224
3 80 17
3 80 30
3 80 58
3 80 84
3 80 116
3 80 151
3 80 185
3 80 262
3 80 264
3 80 269
3 81 156
3 81 188
3 81 201
3 82 2
3 82 110
3 82 136
3 82 163
3 82 183
3 82 227
3 82 238
3 82 243
3 83 91
3 83 139
3 84 72
3 84 118
3 84 126
3 84 146
3 84 153
3 84 156
3 84 164
3 84 187
3 84 225
3 84 258
3 84 274
3 85 53
3 85 116
3 85 159
3 85 172
3 85 199
3 85 259
3 86 29
3 86 74
3 86 93
3 86 205
3 86 237
3 86 261
3 86 279
3 87 35
3 87 94
3 87 184
3 87 243
3 87 247
3 87 257
3 88 24
3 88 77
3 88 88
3 88 173
3 88 178
3 88 218
3 89 1
3 89 70
3 89 84
3 89 86
3 89 88
3 89 125
3 89 231
3 89 264
3 90 63
3 90 104
3 90 143
3 90 195
3 90 211
3 90 215
3 90 221
3 90 236
3 90 237
3 90 267
3 90 271
3 91 39
3 91 71
3 91 80
3 91 118
3 91 167
3 91 186
3 91 218
3 92 6
3 92 72
3 92 214
3 92 234
3 92 245
3 92 253
3 93 266
3 94 25
3 94 38
3 94 104
3 94 119
3 94 144
3 95 8
3 95 147
3 95 152
3 95 170
3 95 221
3 96 106
3 96 116
3 96 117
3 96 198
3 96 230
3 97 46
3 97 72
3 97 110
3 97 157
3 97 249
3 97 251
3 97 252
3 98 8
3 98 107
3 98 148
3 98 217
3 98 226
3 99 80
3 99 99
3 99 107
3 99 175
3 99 182
3 99 199
3 99 232
3 99 267
3 100 35
3 100 88
3 100 221
3 101 42
3 101 108
3 101 116
3 101 131
3 101 160
3 101 192
3 101 235
3 102 23
3 102 84
3 102 97
3 102 141
3 102 159
3 103 45
3 103 89
3 103 125
3 103 140
3 103 172
3 103 202
3 103 211
3 104 83
3 104 95
3 104 180
3 104 210
3 104 213
3 104 217
3 104 219
3 105 16
3 105 35
3 105 38
3 105 131
3 105 152
3 105 177
3 105 218
3 106 27
3 106 80
3 106 83
3 106 92
3 106 129
3 106 146
3 106 223
3 107 21
3 107 40
3 107 75
3 107 114
3 107 131
3 107 199
3 107 217
3 107 236
3 107 268
3 108 8
3 108 51
3 108 93
3 108 109
3 108 131
3 108 186
3 108 189
3 108 190
3 108 235
3 109 22
3 109 25
3 109 29
3 109 65
3 109 126
3 109 135
3 109 139
3 109 164
3 109 180
3 109 268
3 109 271
3 110 90
3 110 209
3 110 256
3 111 28
3 111 51
3 111 59
3 111 89
3 111 113
3 111 114
3 111 115
3 111 116
3 111 124
3 111 167
3 111 254
3 111 273
3 112 1
3 112 93
3 112 99
3 112 111
3 112 146
3 112 195
3 113 21
3 113 67
3 113 140
3 113 203
3 114 61
3 114 110
3 114 136
3 114 181
3 115 61
3 115 99
3 115 141
3 115 149
3 115 157
3 115 246
3 116 14
3 116 59
3 116 73
3 116 76
3 116 98
3 116 130
3 116 163
3 116 184
3 116 219
3 116 252
3 117 85
3 117 96
3 117 115
3 117 117
3 117 129
3 117 137
3 117 145
3 117 146
3 117 235
3 118 10
3 118 41
3 118 208
3 118 211
3 118 238
3 119 62
3 119 116
3 119 203
3 119 272
3 120 20
3 120 110
3 120 176
3 120 238
3 121 11
3 121 27
3 121 35
3 121 87
3 121 173
3 121 194
3 121 268
3 122 56
3 122 62
3 122 82
3 122 92
3 122 114
3 122 149
3 122 234
3 122 240
3 123 59
3 123 110
3 123 125
3 123 151
3 124 50
3 124 54
3 124 76
3 124 98
3 124 179
3 124 190
3 124 215
3 124 239
3 124 252
3 125 3
3 125 50
3 125 54
3 125 102
3 125 124
3 125 144
3 125 145
3 126 76
3 126 96
3 126 151
3 126 164
3 126 189
3 126 222
3 127 16
3 127 74
3 127 86
3 127 133
3 127 164
3 127 168
3 127 199
3 127 233
3 127 265
3 127 266
3 128 95
3 128 156
3 128 276
3 129 15
3 129 21
3 129 35
3 129 74
3 129 131
3 129 134
3 129 187
3 129 203
3 129 225
3 130 41
3 130 171
3 130 195
3 131 121
3 131 133
3 131 159
3 132 10
3 132 26
3 132 27
3 132 53
3 132 253
3 132 275
3 133 61
3 133 99
3 133 119
3 133 227
3 133 230
3 133 265
3 134 44
3 134 81
3 134 137
3 134 167
3 134 172
3 134 245
3 134 253
3 134 254
3 135 12
3 135 45
3 135 76
3 135 131
3 135 142
3 135 279
3 136 13
3 136 221
3 136 263
3 137 129
3 137 167
3 137 188
3 137 238
3 137 276
3 138 51
3 138 63
3 138 166
3 138 185
3 139 12
3 139 33
3 139 42
3 139 66
3 139 101
3 139 130
3 139 168
3 139 171
3 139 194
3 139 255
3 140 20
3 140 48
3 140 60
3 140 120
3 140 122
3 140 148
3 140 167
3 140 186
3 140 253
3 141 50
3 141 108
3 141 136
3 141 155
3 141 249
3 142 114
3 142 202
3 142 207
3 142 237
3 142 245
3 142 253
3 143 34
3 143 41
3 143 52
3 143 116
3 143 171
3 143 264
3 144 41
3 144 100
3 144 138
3 144 233
3 144 248
3 144 271
3 145 74
3 145 104
3 145 109
3 145 117
3 145 203
3 145 216
3 145 258
3 146 6
3 146 46
3 146 89
3 146 124
3 146 148
3 147 98
3 147 226
3 147 254
3 148 110
3 148 165
3 148 167
3 148 170
3 148 194
3 148 247
3 149 100
3 149 178
3 149 189
3 149 195
3 149 223
3 150 3
3 150 7
3 150 23
3 150 63
3 150 101
3 150 163
3 151 10
3 151 40
3 151 62
3 151 110
3 151 147
3 152 79
3 152 125
3 152 151
3 152 153
3 152 229
3 152 246
3 152 263
3 152 270
3 153 17
3 153 28
3 153 113
3 153 140
3 153 204