385
5
108 110 99 181 118
2500

398 598 0 0 976 34 478 826 0 0 0 308 803 0 0 0 0 0 0 0 0 277 0 0 0 118 287 853 0 0 0 0 39 11 0 70 13 0 65 91 0 0 0 0 46 63 35 10 0 0 81 57 0 0 89 18 37 54 64 0 62 79 0 16 64 45 0 0 0 0 11 96 32 0 0 0 0 3 0 39 39 0 51 0 0 50 81 51 0 23 0 15 30 35 48 93 68 36 2 9 27 0 0 36 29 88 14 37
140 116 0 895 0 0 0 0 0 0 104 0 735 89 0 761 0 0 696 729 365 193 0 135 0 0 311 326 0 0 96 0 0 0 0 0 0 0 26 0 44 0 99 0 26 0 25 0 5 87 0 0 0 26 0 2 80 10 0 13 0 93 0 0 47 0 0 0 85 39 0 0 97 0 19 87 28 20 0 0 99 0 2 0 100 52 0 34 0 0 0 58 0 0 100 66 25 0 7 72 0 86 0 60 0 1 7 0 0 0
0 181 957 916 0 14 971 0 787 0 0 0 287 935 578 0 0 0 0 0 0 0 289 0 0 81 0 0 57 14 6 0 78 18 0 49 0 45 0 0 13 0 0 0 50 0 27 52 0 66 0 46 46 0 0 27 0 0 6 0 94 15 66 0 0 32 84 100 0 0 0 0 98 0 0 61 15 0 0 0 1 81 84 34 0 0 55 12 0 47 0 0 0 0 92 44 1 82 29
539 443 748 0 0 0 0 0 321 0 466 113 205 0 106 0 0 0 0 0 81 0 0 207 306 0 490 0 0 0 579 710 0 410 178 672 0 418 980 963 150 0 0 0 705 0 50 25 0 1 50 0 0 0 7 12 0 65 92 95 1 0 44 0 49 0 71 81 15 50 35 30 0 0 0 57 0 0 0 0 0 0 52 0 0 82 0 18 24 0 0 36 0 18 27 5 26 69 0 17 7 0 82 0 0 10 3 15 0 49 64 0 0 39 49 0 48 0 0 7 12 0 0 0 73 0 67 0 52 0 49 0 0 30 0 4 0 0 0 0 31 0 72 0 0 85 0 0 0 0 100 20 0 2 0 31 21 61 21 98 60 11 0 0 0 0 16 0 0 0 71 0 0 0 0 0 0 9 0 0 0
0 0 560 0 0 0 29 245 0 196 0 707 0 968 599 891 0 962 873 266 752 0 82 0 0 0 0 234 0 154 0 20 58 0 17 25 94 0 60 0 0 0 48 0 0 0 0 0 25 0 28 0 0 0 0 0 0 0 26 0 0 0 8 80 9 22 83 24 95 0 57 68 32 53 46 52 58 0 43 0 0 35 0 50 0 0 0 74 90 0 0 0 77 44 42 67 0 0 0 21 0 76 1 38 51 82 0 0 64 73 79 0 2 0 43 33 0 0

0 0 4
0 0 62
0 0 92
0 0 98
0 1 34
0 1 101
0 2 105
0 3 67
0 3 82
0 4 11
0 4 15
0 4 83
0 4 109
0 5 31
0 5 78
0 5 82
0 6 24
0 6 26
0 6 80
0 6 95
0 6 105
0 7 27
0 7 60
0 7 70
0 7 84
0 7 85
0 8 17
0 8 37
0 8 38
0 8 101
0 9 32
0 9 53
0 9 56
0 9 60
0 9 78
0 9 109
0 10 18
0 10 24
0 10 27
0 11 3
0 11 23
0 11 24
0 11 44
0 11 51
0 11 63
0 11 67
0 12 27
0 12 76
0 13 20
0 13 43
0 13 79
0 13 93
0 13 96
0 14 2
0 14 13
0 14 37
0 14 105
0 14 106
0 15 1
0 15 57
0 15 93
0 15 103
0 16 1
0 16 10
0 16 39
0 16 43
0 16 67
0 17 34
0 17 40
0 17 57
0 17 62
0 17 100
0 17 108
0 19 21
0 19 24
0 19 39
0 19 43
0 19 44
0 19 96
0 20 13
0 20 108
0 21 33
0 21 45
0 21 52
0 21 59
0 21 62
0 22 5
0 22 57
0 22 89
0 23 2
0 23 4
0 24 10
0 24 63
0 24 81
0 25 20
0 25 35
0 25 39
0 25 56
0 25 63
0 25 72
0 25 105
0 26 73
0 26 75
0 27 4
0 27 29
0 27 30
0 27 36
0 27 41
0 27 42
0 27 65
0 27 92
0 28 16
0 28 43
0 28 79
0 28 91
0 28 101
0 29 31
0 29 61
0 29 86
0 29 99
0 30 4
0 30 5
0 30 47
0 30 79
0 30 107
0 31 5
0 31 59
0 31 65
0 31 101
0 32 49
0 32 109
0 33 6
0 33 70
0 34 21
0 34 48
0 35 23
0 35 77
0 36 14
0 36 41
0 36 66
0 36 98
0 36 100
0 37 22
0 37 27
0 37 52
0 37 70
0 37 74
0 37 87
0 38 0
0 38 5
0 38 11
0 38 37
0 38 83
0 38 86
0 39 41
0 39 85
0 39 100
0 40 45
0 40 74
0 40 84
0 41 100
0 42 31
0 42 85
0 43 0
0 43 27
0 44 13
0 44 14
0 44 20
0 44 60
0 44 66
0 44 81
0 44 105
0 45 20
0 45 32
0 45 78
0 45 104
0 46 2
0 46 50
0 46 56
0 46 109
0 47 4
0 47 69
0 47 101
0 48 24
0 48 75
0 48 97
0 49 3
0 49 17
0 49 39
0 49 64
0 49 70
0 49 91
0 50 12
0 50 15
0 50 25
0 50 43
0 50 60
0 50 85
0 51 0
0 51 44
0 51 63
0 51 73
0 52 15
0 52 34
0 52 47
0 52 74
0 52 89
0 52 94
0 52 106
0 53 35
0 53 58
0 54 4
0 54 33
0 54 82
0 54 92
0 55 41
0 55 53
0 55 85
0 56 7
0 56 14
0 56 45
0 56 106
0 56 107
0 57 4
0 57 57
0 57 71
0 57 86
0 57 104
0 58 43
0 58 103
0 59 0
0 59 28
0 59 30
0 59 45
0 60 0
0 60 33
0 60 59
0 60 60
0 60 101
0 61 17
0 61 35
0 61 66
0 61 106
0 62 12
0 62 43
0 62 44
0 62 72
0 63 6
0 63 23
0 63 69
0 63 88
0 63 97
0 64 49
0 64 70
0 65 32
0 65 80
0 66 13
0 66 56
0 67 36
0 67 86
0 67 87
0 68 9
0 68 19
0 68 59
0 69 52
0 69 62
0 69 100
0 70 8
0 70 22
0 70 24
0 71 38
0 71 75
0 71 103
0 72 91
0 73 1
0 73 51
0 73 68
0 73 69
0 73 101
0 74 29
0 74 78
0 74 90
0 74 104
0 75 39
0 75 58
0 75 60
0 76 17
0 76 76
0 77 15
0 77 64
0 78 35
0 78 46
0 78 73
0 79 4
0 79 5
0 79 24
0 79 26
0 79 34
0 79 77
0 79 80
0 80 7
0 80 19
0 80 23
0 80 30
0 80 37
0 80 51
0 80 60
0 80 69
0 80 71
0 81 22
0 81 35
0 81 98
0 81 100
0 81 103
0 81 108
0 82 12
0 82 22
0 82 33
0 82 47
0 82 76
0 82 80
0 82 89
0 82 98
0 83 6
0 84 42
0 84 51
0 84 55
0 84 57
0 84 63
0 85 60
0 85 76
0 85 92
0 86 9
0 86 21
0 86 23
0 86 27
0 86 29
0 86 78
0 86 104
0 87 14
0 87 17
0 87 63
0 87 80
0 88 43
0 88 45
0 88 65
0 88 91
0 89 11
0 89 22
0 89 51
0 89 74
0 89 81
0 90 2
0 90 6
0 90 75
0 90 94
0 90 105
0 91 0
0 91 49
0 91 50
0 91 57
0 91 59
0 91 105
0 92 3
0 92 4
0 92 23
0 92 34
0 92 60
0 93 21
0 93 57
0 93 99
0 93 107
0 93 109
0 94 4
0 94 40
0 94 77
0 95 56
0 95 93
0 96 12
0 96 15
0 96 49
0 96 50
0 96 54
0 96 82
0 96 84
0 97 28
0 97 30
0 97 35
0 97 51
0 97 56
0 97 57
0 97 69
0 97 73
0 97 79
0 97 87
0 98 32
0 98 50
0 98 72
0 98 93
0 98 107
0 99 12
0 99 21
0 99 27
0 99 90
0 99 107
0 100 3
0 100 46
0 100 65
0 100 68
0 100 99
0 100 105
0 100 109
0 101 1
0 101 7
0 101 48
0 101 56
0 101 68
0 101 89
0 102 81
0 103 0
0 103 20
0 103 38
0 103 54
0 103 77
0 103 82
0 103 93
0 104 1
0 104 42
0 104 44
0 104 82
0 104 91
0 104 99
0 104 102
0 105 3
0 105 43
0 105 67
0 105 78
0 105 85
0 105 103
0 105 105
0 106 35
0 106 59
0 106 75
0 106 83
0 107 2
0 107 3
0 107 23
0 107 39
0 107 41
0 107 62
0 107 66
0 107 84
1 0 22
1 0 24
1 0 37
1 0 54
1 0 55
1 0 75
1 1 27
1 1 30
1 1 72
1 1 83
1 1 91
1 2 2
1 2 20
1 2 51
1 2 53
1 2 72
1 3 2
1 3 32
1 3 44
1 3 92
1 3 96
1 4 55
1 4 87
1 4 91
1 5 2
1 5 5
1 5 17
1 5 33
1 5 41
1 6 15
1 6 25
1 6 32
1 6 37
1 6 43
1 6 77
1 6 81
1 7 22
1 8 7
1 8 62
1 8 69
1 9 13
1 9 36
1 9 52
1 9 73
1 9 88
1 10 48
1 10 56
1 10 69
1 10 89
1 11 5
1 11 51
1 11 93
1 12 8
1 12 61
1 12 78
1 12 88
1 12 96
1 13 6
1 13 31
1 13 35
1 13 42
1 13 47
1 13 60
1 14 28
1 14 33
1 14 49
1 14 83
1 15 77
1 16 27
1 17 65
1 17 71
1 18 3
1 18 23
1 18 27
1 18 39
1 18 50
1 18 52
1 18 66
1 19 25
1 19 71
1 19 78
1 19 96
1 20 2
1 20 18
1 20 19
1 20 20
1 20 40
1 20 42
1 20 53
1 20 68
1 21 24
1 21 94
1 22 31
1 22 49
1 22 50
1 22 54
1 22 60
1 22 68
1 22 78
1 23 3
1 23 23
1 23 84
1 24 25
1 24 32
1 24 71
1 24 83
1 24 88
1 24 93
1 25 4
1 25 12
1 25 37
1 25 50
1 25 66
1 25 98
1 26 5
1 26 12
1 26 13
1 26 18
1 26 36
1 26 51
1 26 63
1 26 90
1 26 95
1 27 75
1 27 82
1 27 98
1 28 22
1 28 58
1 28 92
1 29 49
1 29 54
1 29 56
1 29 58
1 29 80
1 29 89
1 30 89
1 31 30
1 31 67
1 31 80
1 32 24
1 32 62
1 33 18
1 33 39
1 33 60
1 34 6
1 34 59
1 34 76
1 34 88
1 34 97
1 35 22
1 35 28
1 35 68
1 35 72
1 36 35
1 36 76
1 36 82
1 36 95
1 37 61
1 37 97
1 38 21
1 38 31
1 38 41
1 38 61
1 38 85
1 39 0
1 39 8
1 39 20
1 39 33
1 39 57
1 39 61
1 39 74
1 39 84
1 39 85
1 39 88
1 40 8
1 40 21
1 40 29
1 40 55
1 40 61
1 40 62
1 41 16
1 41 19
1 41 31
1 41 66
1 41 74
1 42 10
1 42 53
1 42 54
1 42 84
1 43 44
1 43 90
1 44 26
1 44 66
1 45 5
1 45 20
1 45 32
1 45 59
1 45 88
1 46 15
1 46 31
1 46 66
1 46 93
1 47 6
1 47 23
1 47 70
1 47 72
1 48 7
1 48 13
1 48 28
1 48 42
1 48 53
1 50 24
1 50 49
1 50 84
1 50 92
1 51 27
1 52 5
1 52 39
1 52 85
1 52 90
1 53 13
1 53 56
1 54 28
1 54 38
1 54 40
1 54 53
1 54 55
1 54 62
1 54 77
1 55 3
1 55 24
1 55 25
1 55 42
1 55 56
1 55 75
1 56 36
1 56 67
1 56 95
1 57 29
1 57 44
1 59 43
1 59 50
1 59 52
1 59 83
1 60 2
1 60 19
1 61 67
1 62 11
1 62 15
1 62 20
1 62 44
1 64 0
1 64 7
1 64 9
1 64 12
1 64 38
1 64 42
1 64 64
1 64 83
1 65 4
1 65 64
1 65 91
1 66 59
1 66 97
1 67 1
1 67 2
1 67 4
1 67 80
1 68 14
1 68 42
1 68 51
1 69 4
1 69 11
1 69 13
1 69 19
1 69 22
1 69 40
1 69 62
1 69 91
1 70 2
1 70 11
1 70 86
1 71 51
1 71 68
1 71 81
1 72 41
1 72 78
1 72 80
1 73 14
1 73 35
1 73 44
1 73 90
1 74 40
1 74 44
1 74 96
1 75 8
1 75 17
1 75 98
1 76 22
1 76 26
1 76 53
1 76 82
1 76 83
1 76 89
1 77 30
1 77 44
1 77 58
1 77 64
1 77 68
1 77 72
1 78 73
1 78 75
1 79 12
1 79 15
1 79 32
1 79 37
1 79 47
1 79 78
1 80 9
1 80 16
1 80 20
1 80 70
1 80 74
1 80 77
1 81 55
1 81 77
1 81 81
1 81 83
1 82 19
1 82 20
1 82 68
1 83 40
1 83 72
1 83 78
1 83 90
1 84 13
1 84 37
1 84 45
1 84 53
1 85 24
1 85 82
1 86 2
1 86 20
1 86 37
1 86 56
1 86 76
1 87 20
1 87 77
1 87 78
1 88 60
1 89 3
1 89 60
1 89 64
1 89 65
1 90 2
1 90 6
1 90 50
1 90 77
1 90 89
1 91 9
1 91 16
1 91 17
1 91 33
1 91 36
1 91 94
1 92 11
1 92 31
1 92 39
1 92 80
1 92 82
1 93 4
1 93 27
1 93 36
1 93 93
1 94 34
1 94 42
1 94 46
1 94 53
1 94 61
1 94 89
1 95 5
1 95 12
1 95 27
1 95 42
1 95 62
1 95 63
1 95 74
1 95 79
1 96 98
1 97 3
1 97 11
1 97 30
1 97 48
1 97 57
1 97 75
1 98 19
1 98 36
1 98 49
1 98 65
1 98 96
1 99 10
1 99 25
1 99 66
1 99 82
1 99 85
1 100 10
1 100 44
1 100 72
1 100 86
1 101 47
1 102 31
1 102 85
1 102 93
1 103 27
1 103 30
1 104 6
1 104 35
1 104 43
1 104 74
1 104 98
1 105 29
1 105 53
1 105 67
1 105 85
1 106 12
1 106 25
1 106 70
1 106 74
1 106 76
1 106 98
1 107 13
1 107 26
1 108 20
1 108 82
1 108 89
1 108 90
1 109 5
1 109 6
1 109 14
1 109 15
1 109 65
1 109 76
1 109 96
2 0 9
2 0 27
2 0 33
2 0 57
2 0 79
2 0 86
2 0 89
2 1 24
2 1 30
2 1 32
2 1 66
2 1 107
2 1 121
2 1 144
2 1 150
2 1 154
2 2 10
2 2 36
2 2 39
2 2 57
2 2 87
2 3 41
2 3 56
2 3 72
2 3 96
2 3 100
2 3 137
2 3 143
2 3 180
2 4 13
2 4 51
2 4 69
2 4 95
2 4 122
2 4 128
2 5 7
2 5 82
2 5 94
2 5 103
2 5 149
2 5 153
2 5 179
2 6 11
2 6 20
2 6 35
2 6 40
2 6 58
2 6 103
2 6 106
2 6 165
2 6 170
2 7 18
2 7 25
2 7 32
2 7 34
2 7 58
2 7 156
2 8 8
2 8 29
2 8 35
2 8 38
2 8 56
2 8 66
2 8 71
2 8 76
2 8 81
2 8 96
2 8 150
2 8 155
2 8 167
2 8 177
2 9 27
2 9 39
2 9 72
2 9 112
2 10 2
2 10 14
2 10 15
2 10 72
2 10 74
2 10 86
2 10 159
2 10 160
2 11 18
2 11 49
2 11 73
2 11 89
2 11 115
2 12 4
2 12 67
2 12 68
2 12 72
2 12 74
2 12 94
2 12 96
2 12 127
2 12 133
2 12 151
2 12 156
2 12 157
2 13 20
2 13 62
2 13 70
2 13 108
2 13 140
2 13 179
2 14 1
2 14 21
2 14 65
2 14 96
2 14 125
2 14 133
2 14 147
2 14 164
2 15 5
2 15 12
2 15 19
2 15 87
2 15 119
2 15 136
2 16 23
2 16 48
2 16 85
2 16 134
2 16 179
2 17 52
2 17 88
2 17 125
2 17 165
2 17 180
2 18 0
2 18 58
2 18 78
2 18 85
2 18 92
2 18 137
2 18 169
2 19 47
2 19 55
2 19 87
2 19 98
2 19 177
2 20 13
2 20 63
2 20 64
2 20 116
2 20 127
2 20 139
2 20 140
2 20 147
2 20 158
2 20 180
2 21 14
2 21 19
2 21 53
2 21 62
2 21 72
2 21 74
2 21 80
2 21 83
2 21 90
2 21 121
2 21 128
2 21 131
2 21 136
2 21 148
2 21 150
2 21 151
2 22 0
2 22 57
2 22 69
2 22 89
2 22 138
2 22 163
2 22 164
2 22 166
2 23 11
2 23 100
2 23 102
2 23 177
2 23 179
2 24 86
2 24 106
2 24 158
2 25 44
2 25 48
2 25 54
2 25 60
2 25 98
2 25 108
2 25 115
2 25 161
2 25 166
2 26 4
2 26 12
2 26 27
2 26 110
2 26 140
2 26 152
2 27 66
2 27 104
2 27 107
2 27 146
2 27 171
2 28 20
2 28 29
2 28 46
2 28 48
2 28 53
2 28 71
2 28 141
2 28 160
2 28 174
2 29 23
2 29 43
2 29 46
2 29 57
2 29 74
2 29 75
2 29 81
2 29 97
2 29 102
2 29 126
2 29 171
2 30 48
2 30 57
2 30 90
2 30 105
2 30 107
2 30 119
2 30 179
2 31 8
2 31 46
2 31 48
2 31 59
2 31 68
2 31 70
2 31 83
2 31 163
2 32 28
2 32 44
2 32 112
2 33 2
2 33 15
2 33 23
2 33 41
2 33 44
2 33 61
2 33 102
2 33 103
2 33 144
2 33 176
2 34 40
2 34 109
2 34 133
2 34 144
2 34 166
2 35 52
2 35 57
2 35 78
2 35 79
2 35 94
2 35 105
2 35 152
2 35 160
2 35 180
2 36 22
2 36 42
2 36 43
2 36 169
2 36 176
2 37 29
2 37 46
2 37 59
2 37 62
2 37 75
2 37 79
2 37 87
2 37 98
2 37 141
2 38 9
2 38 38
2 38 131
2 38 141
2 38 152
2 39 34
2 39 73
2 39 92
2 39 96
2 39 138
2 39 174
2 40 23
2 40 56
2 40 70
2 40 99
2 40 104
2 40 107
2 40 152
2 40 154
2 41 32
2 41 139
2 41 144
2 41 155
2 41 158
2 41 178
2 42 24
2 42 41
2 42 56
2 42 74
2 42 90
2 42 109
2 42 112
2 42 143
2 43 3
2 43 19
2 43 62
2 43 65
2 43 107
2 43 135
2 43 147
2 44 12
2 44 95
2 44 125
2 44 126
2 44 158
2 44 172
2 45 3
2 45 51
2 45 63
2 45 99
2 45 123
2 45 124
2 45 130
2 45 138
2 45 153
2 45 156
2 45 158
2 45 173
2 46 32
2 46 82
2 46 112
2 46 122
2 46 164
2 47 3
2 47 5
2 47 17
2 47 19
2 47 71
2 47 78
2 47 110
2 47 127
2 47 156
2 48 42
2 48 84
2 48 102
2 48 173
2 49 43
2 49 62
2 49 69
2 49 98
2 49 118
2 50 4
2 50 6
2 50 49
2 50 51
2 50 54
2 50 128
2 50 167
2 51 56
2 51 64
2 51 68
2 51 81
2 51 134
2 51 169
2 51 175
2 52 0
2 52 80
2 52 112
2 52 122
2 52 167
2 52 172
2 53 26
2 53 49
2 53 96
2 53 113
2 53 141
2 54 24
2 54 49
2 54 54
2 54 80
2 54 105
2 54 121
2 54 140
2 54 159
2 55 8
2 55 44
2 55 47
2 55 109
2 56 1
2 56 39
2 56 55
2 56 88
2 56 146
2 56 169
2 57 18
2 57 124
2 57 143
2 57 175
2 58 37
2 58 50
2 58 86
2 58 94
2 58 110
2 58 161
2 58 164
2 59 9
2 59 64
2 59 105
2 59 129
2 59 148
2 59 162
2 59 168
2 60 8
2 60 19
2 60 44
2 60 52
2 60 87
2 60 94
2 60 146
2 61 44
2 61 167
2 62 34
2 62 53
2 62 64
2 62 83
2 62 91
2 62 147
2 62 150
2 62 170
2 63 33
2 63 43
2 63 56
2 63 69
2 63 161
2 63 177
2 64 11
2 64 19
2 64 20
2 64 51
2 64 55
2 64 64
2 64 65
2 64 81
2 64 98
2 64 148
2 64 161
2 65 13
2 65 29
2 65 37
2 65 43
2 65 62
2 65 125
2 65 129
2 65 179
2 66 23
2 66 34
2 66 47
2 66 52
2 66 102
2 66 108
2 66 112
2 66 121
2 66 131
2 67 2
2 67 28
2 67 79
2 67 99
2 67 107
2 68 37
2 68 45
2 68 47
2 68 66
2 68 88
2 68 105
2 68 122
2 68 131
2 68 149
2 68 153
2 69 29
2 69 43
2 69 97
2 69 127
2 69 148
2 69 163
2 69 164
2 69 169
2 70 19
2 70 23
2 70 24
2 70 30
2 70 34
2 70 43
2 70 65
2 70 69
2 70 74
2 70 162
2 70 177
2 71 9
2 71 12
2 71 30
2 71 42
2 71 56
2 71 60
2 71 144
2 71 163
2 71 164
2 72 3
2 72 4
2 72 12
2 72 33
2 72 65
2 72 119
2 72 129
2 72 167
2 73 24
2 73 27
2 73 33
2 73 36
2 73 55
2 73 57
2 73 114
2 73 127
2 74 34
2 74 45
2 74 51
2 74 54
2 74 63
2 74 80
2 74 81
2 74 100
2 74 127
2 74 133
2 74 145
2 74 152
2 74 154
2 74 161
2 75 8
2 75 16
2 75 22
2 75 33
2 75 50
2 75 63
2 75 67
2 75 109
2 75 153
2 75 167
2 75 177
2 76 2
2 76 45
2 76 51
2 76 56
2 76 62
2 76 74
2 76 76
2 76 115
2 76 118
2 76 146
2 76 167
2 77 66
2 77 93
2 77 146
2 77 147
2 77 168
2 78 28
2 78 29
2 78 82
2 78 96
2 78 98
2 78 116
2 78 149
2 79 25
2 79 53
2 79 56
2 79 57
2 79 89
2 79 107
2 79 132
2 79 141
2 79 143
2 79 172
2 79 173
2 80 12
2 80 21
2 80 63
2 80 154
2 80 157
2 81 3
2 81 14
2 81 31
2 81 65
2 81 72
2 81 100
2 81 109
2 81 147
2 81 156
2 81 165
2 82 10
2 82 47
2 82 55
2 82 56
2 82 86
2 82 105
2 82 116
2 82 118
2 82 130
2 83 88
2 83 97
2 83 118
2 83 139
2 83 172
2 84 53
2 84 79
2 84 100
2 84 122
2 84 147
2 84 151
2 84 168
2 84 180
2 85 24
2 85 70
2 85 156
2 85 161
2 86 1
2 86 27
2 86 32
2 86 110
2 86 122
2 86 155
2 86 157
2 86 169
2 87 5
2 87 30
2 87 37
2 87 72
2 87 73
2 87 78
2 87 83
2 87 88
2 87 89
2 87 116
2 87 131
2 87 150
2 87 162
2 88 91
2 88 126
2 88 133
2 88 157
2 88 171
2 89 49
2 89 110
2 89 116
2 89 121
2 89 131
2 90 5
2 90 39
2 90 45
2 90 59
2 90 85
2 90 125
2 90 175
2 91 4
2 91 16
2 91 35
2 91 83
2 91 86
2 91 94
2 91 108
2 91 130
2 91 140
2 91 148
2 92 19
2 92 20
2 92 24
2 92 60
2 92 66
2 92 70
2 92 79
2 92 81
2 92 104
2 92 169
2 92 173
2 93 8
2 93 16
2 93 50
2 93 70
2 93 92
2 93 128
2 94 54
2 94 101
2 94 122
2 94 137
2 94 154
2 95 21
2 95 34
2 95 40
2 95 53
2 95 60
2 95 63
2 95 99
2 95 115
2 95 121
2 95 168
2 95 174
2 96 11
2 96 18
2 96 102
2 96 124
2 96 129
2 97 2
2 97 5
2 97 75
2 97 76
2 97 86
2 97 98
2 97 104
2 97 148
2 97 173
2 98 35
2 98 54
2 98 63
2 98 106
2 98 111
2 98 128
2 98 158
3 0 1
3 0 10
3 0 15
3 0 54
3 0 79
3 1 0
3 1 34
3 1 42
3 1 59
3 1 74
3 1 83
3 1 112
3 1 117
3 2 21
3 2 86
3 2 95
3 2 113
3 3 16
3 3 28
3 3 47
3 3 53
3 3 79
3 4 2
3 4 12
3 4 18
3 4 21
3 4 22
3 4 84
3 4 108
3 4 111
3 5 10
3 5 43
3 5 60
3 5 64
3 5 66
3 5 69
3 5 81
3 5 82
3 5 86
3 5 104
3 6 6
3 6 19
3 6 22
3 6 48
3 6 97
3 6 112
3 6 113
3 7 7
3 7 49
3 7 84
3 7 114
3 8 25
3 8 57
3 8 58
3 9 37
3 9 86
3 10 14
3 10 16
3 10 20
3 10 47
3 10 94
3 10 109
3 11 61
3 11 77
3 12 17
3 12 19
3 12 20
3 12 44
3 12 48
3 12 49
3 12 79
3 12 94
3 12 105
3 12 111
3 13 5
3 13 92
3 13 110
3 14 17
3 14 73
3 15 67
3 15 69
3 15 88
3 15 102
3 16 84
3 16 89
3 16 95
3 16 98
3 16 111
3 16 113
3 17 6
3 17 25
3 17 113
3 18 7
3 18 9
3 18 15
3 18 46
3 18 49
3 18 86
3 19 12
3 19 18
3 19 74
3 19 91
3 20 3
3 20 7
3 20 46
3 21 4
3 21 35
3 21 50
3 21 53
3 21 65
3 21 85
3 22 36
3 22 37
3 22 64
3 22 86
3 22 108
3 22 116
3 23 5
3 23 22
3 23 25
3 23 52
3 23 78
3 23 89
3 23 105
3 23 110
3 24 21
3 24 29
3 25 10
3 25 16
3 25 29
3 25 39
3 25 55
3 25 75
3 25 111
3 25 117
3 26 14
3 26 16
3 26 60
3 26 67
3 26 79
3 26 84
3 26 97
3 27 46
3 27 55
3 27 59
3 27 102
3 28 11
3 28 35
3 28 45
3 28 47
3 28 53
3 28 54
3 28 79
3 28 111
3 29 16
3 29 17
3 29 48
3 30 42
3 30 54
3 30 61
3 31 20
3 31 29
3 31 43
3 32 48
3 32 72
3 32 77
3 32 110
3 32 112
3 33 68
3 33 69
3 33 71
3 33 102
3 34 18
3 34 35
3 34 85
3 35 3
3 35 45
3 35 61
3 36 3
3 36 31
3 36 57
3 36 69
3 36 85
3 36 97
3 37 28
3 37 67
3 37 76
3 37 88
3 38 3
3 38 8
3 38 15
3 38 91
3 38 92
3 38 109
3 39 9
3 39 41
3 39 49
3 39 102
3 40 7
3 40 10
3 40 53
3 40 54
3 40 83
3 40 91
3 40 96
3 41 16
3 41 45
3 41 50
3 41 65
3 41 66
3 41 67
3 41 101
3 42 11
3 42 19
3 42 61
3 42 75
3 42 77
3 42 79
3 42 99
3 42 117
3 43 49
3 43 56
3 43 70
3 43 91
3 44 63
3 44 69
3 44 76
3 44 102
3 45 4
3 45 26
3 45 35
3 45 48
3 45 49
3 45 64
3 45 70
3 45 89
3 45 103
3 46 54
3 46 62
3 46 64
3 46 104
3 47 40
3 47 52
3 47 107
3 48 20
3 48 29
3 48 34
3 48 36
3 48 44
3 48 110
3 49 8
3 49 19
3 49 88
3 50 5
3 50 40
3 50 86
3 51 91
3 51 110
3 52 2
3 53 22
3 53 49
3 53 112
3 53 114
3 54 6
3 54 33
3 54 41
3 54 47
3 54 50
3 54 93
3 54 104
3 55 14
3 55 19
3 55 39
3 55 51
3 55 58
3 55 69
3 55 83
3 55 97
3 56 12
3 56 50
3 56 87
3 56 94
3 57 16
3 57 32
3 57 91
3 57 105
3 57 107
3 58 9
3 58 15
3 58 40
3 58 83
3 59 37
3 59 81
3 59 92
3 59 100
3 61 7
3 61 24
3 61 29
3 61 58
3 61 64
3 61 80
3 62 3
3 62 8
3 62 23
3 62 27
3 62 84
3 62 86
3 62 100
3 63 17
3 63 33
3 63 88
3 63 96
3 65 33
3 65 53
3 65 65
3 65 72
3 65 76
3 65 101
3 65 112
3 66 12
3 66 13
3 66 76
3 66 105
3 67 10
3 67 12
3 67 40
3 67 61
3 67 81
3 67 103
3 67 107
3 68 34
3 69 7
3 69 21
3 69 70
3 69 104
3 70 3
3 70 5
3 70 25
3 70 34
3 70 50
3 70 52
3 71 24
3 71 37
3 71 72
3 72 67
3 72 113
3 73 14
3 73 34
3 73 37
3 73 59
3 73 73
3 74 25
3 74 32
3 74 35
3 74 40
3 74 45
3 74 51
3 74 64
3 74 73
3 74 87
3 74 92
3 74 97
3 74 116
3 75 7
3 75 13
3 75 26
3 75 32
3 75 36
3 75 62
3 76 21
3 76 25
3 76 40
3 76 52
3 76 107
3 76 109
3 77 7
3 77 73
3 77 90
3 77 105
3 78 0
3 78 33
3 78 37
3 78 56
3 78 60
3 78 70
3 78 71
3 79 9
3 79 27
3 79 62
3 79 63
3 79 65
3 79 71
3 79 86
3 79 103
3 79 106
3 79 117
3 80 1
3 80 31
3 80 76
3 80 79
3 81 17
3 81 20
3 82 17
3 82 32
3 82 101
3 82 106
3 83 11
3 83 14
3 83 80
3 83 82
3 83 87
3 84 34
3 84 50
3 84 51
3 84 52
3 84 64
3 84 100
3 85 32
3 85 35
3 85 68
3 85 70
3 85 86
3 85 111
3 86 42
3 86 54
3 86 61
3 86 68
3 86 87
3 86 102
3 86 103
3 87 76
3 87 114
3 88 35
3 88 45
3 88 54
3 88 83
3 88 91
3 89 39
3 89 74
3 89 75
3 89 96
3 89 97
3 89 106
3 90 6
3 90 7
3 90 14
3 90 53
3 90 79
3 90 83
3 90 86
3 91 4
3 91 7
3 91 24
3 91 53
3 91 108
3 91 109
3 92 49
3 92 58
3 92 75
3 92 86
3 93 17
3 93 31
3 93 33
3 93 38
3 93 68
3 93 76
3 93 86
3 93 105
3 94 1
3 94 4
3 94 17
3 94 30
3 94 92
3 95 98
3 95 108
3 95 111
3 95 114
3 95 117
3 96 60
3 96 74
3 96 98
3 96 103
3 97 12
3 97 56
3 97 72
3 97 81
3 98 1
3 98 59
3 98 61
3 98 101
3 99 0
3 99 13
3 99 15
3 99 72
3 99 79
3 99 89
3 99 109
3 99 114
3 100 5
3 100 25
3 100 57
3 100 76
3 100 96
3 100 99
3 100 111
3 101 9
3 101 30
3 101 35
3 101 45
3 101 47
3 101 51
3 101 59
3 101 80
3 102 1
3 102 29
3 102 65
3 102 80
3 102 85
3 102 90
3 102 92
3 102 116
3 103 78
3 104 69
3 105 10
3 105 22
3 105 23
3 105 25
3 105 51
3 105 58
3 105 64
3 105 75
3 105 103
3 106 16
3 106 21
3 106 43
3 106 50
3 106 71
3 106 88
3 106 94
3 106 97
3 106 104
3 107 9
3 107 34
3 107 50
3 107 80
3 107 105
3 107 114
3 108 24
3 108 38
3 108 83
3 108 116
3 109 64
3 109 85
3 110 3
3 110 7
3 110 15
3 110 17
3 110 105
3 110 111
3 111 11
3 111 73
3 111 89
3 111 98
3 112 19
3 112 22
3 112 25
3 112 63
3 112 89
3 112 98
3 113 24
3 113 37
3 113 41
3 113 48
3 113 53
3 113 110
3 114 24
3 114 38
3 114 70
3 114 104
3 115 15
3 115 80
3 116 8
3 116 99
3 116 103
3 117 67
3 117 115
3 118 35
3 118 49
3 118 82
3 118 87
3 119 39
3 119 49
3 119 54
3 119 86
3 119 97
3 119 99
3 119 109
3 120 3
3 120 26
3 120 85
3 120 93
3 120 107
3 121 1
3 121 15
3 121 26
3 121 31
3 121 70
3 121 85
3 121 104
3 121 114
3 122 7
3 122 34
3 122 90
3 122 112
3 123 84
3 123 93
3 124 11
3 124 36
3 124 91
3 124 98
3 125 47
3 125 50
3 125 112
3 126 30
3 126 60
3 126 63
3 126 73
3 126 103
3 126 110
3 127 38
3 127 43
3 127 60
3 128 0
3 128 1
3 128 12
3 128 19
3 128 70
3 128 74
3 128 75
3 128 83
3 128 97
3 128 116
3 129 88
3 129 102
3 129 109
3 130 59
3 130 68
3 131 6
3 131 79
3 131 90
3 131 92
3 131 108
3 132 27
3 132 37
3 132 58
3 132 84
3 133 16
3 133 28
3 133 37
3 133 55
3 133 78
3 133 115
3 134 50
3 135 35
3 135 58
3 135 105
3 136 7
3 136 11
3 136 12
3 136 31
3 136 41
3 137 64
3 137 97
3 137 98
3 138 24
3 138 40
3 138 43
3 138 116
3 139 19
3 139 37
3 139 47
3 139 62
3 140 15
3 140 88
3 141 22
3 141 32
3 141 45
3 142 68
3 142 88
3 142 93
3 142 108
3 142 114
3 143 1
3 143 45
3 143 48
3 143 70
3 143 75
3 144 10
3 144 27
3 144 53
3 144 96
3 145 11
3 145 33
3 145 96
3 145 101
3 146 9
3 146 14
3 146 35
3 146 65
3 146 82
3 146 100
3 146 115
3 147 25
3 147 31
3 147 69
3 147 70
3 147 93
3 148 4
3 148 32
3 148 53
3 148 64
3 148 70
3 148 90
3 148 116
3 149 80
3 149 101
3 150 29
3 150 44
3 150 48
3 151 3
3 151 17
3 151 58
3 151 92
3 151 105
3 151 111
3 152 29
3 152 62
3 152 80
3 153 12
3 153 24
3 153 56
3 153 82
3 154 30
3 154 94
3 155 28
3 155 34
3 156 26
3 156 34
3 156 35
3 156 43
3 156 51
3 156 78
3 156 95
3 156 105
3 156 114
3 157 19
3 157 26
3 157 43
3 157 86
3 157 90
3 157 104
3 157 115
3 158 25
3 158 64
3 159 35
3 159 50
3 159 87
3 160 26
3 160 30
3 160 45
3 160 47
3 160 48
3 160 60
3 160 95
3 161 22
3 161 86
3 161 113
3 162 24
3 162 40
3 162 68
3 162 74
3 163 18
3 163 27
3 163 45
3 163 50
3 163 98
3 163 99
3 164 18
3 164 23
3 164 40
3 164 47
3 164 101
3 165 14
3 165 62
3 165 68
3 165 85
3 165 94
3 166 19
3 166 22
3 167 16
3 167 17
3 167 35
3 168 38
3 168 40
3 168 45
3 168 51
3 168 62
3 168 78
3 169 19
3 169 24
3 169 41
3 169 50
3 169 55
3 169 95
3 169 106
3 170 5
3 170 60
3 170 72
3 170 98
3 170 111
3 171 29
3 171 62
3 171 85
3 171 86
3 171 95
3 172 31
3 172 32
3 172 71
3 173 35
3 173 96
3 173 113
3 174 5
3 174 24
3 174 29
3 174 33
3 174 58
3 174 72
3 175 16
3 175 23
3 175 34
3 175 57
3 175 66
3 175 96
3 175 115
3 176 0
3 176 17
3 176 18
3 176 19
3 176 43
3 176 65
3 176 102
3 176 105
3 177 23
3 177 29
3 177 43
3 177 51
3 178 36
3 178 78
3 178 83
3 178 96
3 178 112
3 179 25
3 179 42
3 179 71
3 179 81
3 179 92
3 180 24
3 180 63
3 180 84
3 180 98
3 180 110