472
5
440 256 277 271 267
2500

219 0 42 304 0 126 48 0 386 0 571 0 763 806 0 677 0 0 255 637 597 0 836 0 0 473 718 0 137 0 0 771 682 0 19 0 0 210 232 0 0 790 806 355 227 0 0 969 0 0 0 0 0 0 974 150 834 0 0 245 375 442 624 755 839 634 0 0 0 0 862 0 0 0 0 0 873 995 752 961 0 0 112 0 455 417 0 0 517 301 0 0 0 435 130 347 0 0 614 468 0 438 0 807 0 0 510 298 841 940 0 27 0 41 59 0 0 0 0 92 0 58 44 0 32 0 0 0 84 0 0 88 0 75 39 0 0 0 81 0 49 13 95 0 0 98 33 0 13 0 0 0 16 0 45 0 0 52 3 85 72 0 100 0 0 70 0 95 47 0 0 50 0 0 0 92 84 48 0 89 53 0 0 0 0 0 16 54 56 0 57 0 0 0 14 42 0 0 26 0 69 0 0 86 0 0 37 94 0 55 0 15 89 67 87 9 0 58 0 29 0 31 23 0 0 0 26 55 80 28 62 56 0 66 53 25 0 56 31 74 0 0 1 0 57 42 0 0 0 94 0 61 61 47 90 53 0 79 82 0 2 0 0 75 0 0 49 0 90 11 0 0 0 32 0 0 65 0 0 0 0 12 28 35 0 0 11 0 0 64 0 0 5 0 68 47 72 84 74 45 0 0 0 0 86 87 0 69 97 0 70 11 32 12 54 0 99 0 0 0 61 0 0 0 69 0 89 72 0 0 0 0 10 0 0 64 0 46 0 66 0 88 0 0 2 0 65 0 0 0 3 0 86 0 46 0 87 0 94 0 0 0 0 0 0 0 65 0 4 53 0 23 0 84 67 0 11 0 70 34 0 90 62 23 0 0 26 65 69 0 62 55 0 35 57 0 0 0 44 0 64 76 71 0 80 0 0 67 44 0 30 0 45 90 80 0 92 13 8 0 0 0 1 51 42 0 84 87 18 0 0 28 37 0 0 95 52 75 70 84
868 0 672 932 0 304 742 0 0 453 651 900 0 0 0 0 0 734 823 640 0 0 0 196 0 703 915 511 0 155 0 15 923 690 0 713 0 489 121 620 795 0 0 890 0 0 303 791 300 0 148 865 0 390 434 139 945 0 751 563 0 0 0 496 964 90 0 0 41 86 55 0 100 0 79 0 4 0 0 0 0 91 0 94 31 0 67 0 0 61 69 0 98 52 0 0 68 0 33 44 95 0 66 91 81 0 52 80 0 0 87 0 18 71 0 0 29 18 82 100 0 76 25 45 34 0 63 82 65 0 0 0 0 0 0 67 0 40 78 0 0 0 94 0 0 0 53 17 0 29 14 0 0 7 43 0 0 0 0 76 0 70 0 0 65 0 0 0 0 0 0 97 0 0 3 2 0 87 0 17 78 79 93 0 0 44 44 0 24 51 17 90 0 94 0 69 45 0 0 0 0 80 0 0 0 0 0 8 31 38 0 75 0 71 0 0 14 68 0 49 48 64 48 0 69 50 89 3 70 0 0 0 0 0 64 0 47 0 0 11 61 42 0 0 90 0 78 0 8 56 6 0 85 0 0 0
551 143 0 0 111 0 0 271 67 663 13 0 446 0 0 729 674 0 0 413 348 0 0 0 20 897 0 0 0 708 0 0 0 0 737 509 184 0 0 0 698 156 973 0 690 502 336 0 526 81 0 0 201 722 517 69 648 0 31 0 0 134 0 0 0 0 545 0 0 0 95 10 48 23 43 57 35 0 80 0 58 97 0 0 0 14 75 0 20 90 0 0 0 0 0 67 28 41 0 84 0 73 0 95 8 70 17 0 0 0 0 69 0 24 0 0 41 80 53 0 55 0 8 0 22 97 82 0 7 0 69 26 0 2 72 0 23 0 91 97 0 0 0 0 19 44 0 0 98 89 0 0 0 6 0 19 0 0 75 67 18 0 14 0 1 0 86 47 47 0 0 0 23 0 0 0 0 0 0 57 0 0 68 52 0 70 60 58 0 71 0 0 91 0 0 85 78 77 15 59 71 78 0 0 18 58 89 34 0 70 0 14 0 7 0 0 0 92 0 5 47 0 0 0 0 0 0 12 30 0 0 0 0 70 0 0 12 0 66 52 0 85 0 0 50 0 0 0 0 0 78 86 0 20 39 67 0 42 0 89 0 26 0 0 0 0 0 0 0 0 100 0 0 51 18 1 77
0 0 0 621 765 0 879 193 0 0 141 97 0 0 0 554 862 113 0 635 0 0 169 864 0 918 165 0 274 0 0 141 0 39 858 0 0 544 0 717 0 986 0 0 72 302 128 579 348 0 0 0 0 0 519 0 0 317 144 979 0 0 0 0 0 679 0 0 0 59 0 35 0 0 0 79 0 0 0 5 0 0 85 0 2 17 1 30 31 0 0 97 15 49 0 0 0 61 27 0 26 24 100 24 0 0 47 0 0 80 0 71 0 10 0 38 0 29 0 19 0 0 0 0 88 0 0 0 0 0 0 53 45 99 37 0 0 0 17 0 0 0 3 0 94 0 0 0 0 0 51 89 0 0 35 0 22 10 84 58 8 0 0 91 87 4 43 45 0 0 48 0 11 0 0 0 73 0 0 92 68 31 76 45 0 0 0 0 0 70 42 0 0 49 18 0 52 27 67 11 0 0 33 0 60 0 95 0 0 39 45 0 0 55 27 33 0 0 65 78 0 0 64 0 98 0 0 22 39 61 8 0 36 0 30 0 0 75 77 0 9 0 77 9 15 0 0 0 63 68 61 0 0 0 0 0 0 8 0 0 87 4 0 59 0 96 86 52 0 0 30
446 0 567 0 444 413 656 960 237 223 0 0 0 0 0 0 0 0 0 507 252 0 389 999 0 0 979 0 0 791 0 861 0 591 892 338 0 0 445 0 631 401 0 3 757 689 0 0 0 557 234 860 0 648 0 0 204 520 504 0 367 0 0 0 0 0 0 0 0 66 25 49 48 61 0 0 11 0 3 18 0 0 0 93 5 56 68 0 1 0 55 63 0 0 0 84 44 0 0 0 0 0 0 0 85 0 0 95 97 82 0 0 60 0 35 0 100 0 0 0 0 0 85 57 64 0 0 0 0 0 0 0 0 0 0 0 69 70 83 53 89 20 48 0 4 71 0 0 58 28 33 0 0 47 0 0 81 0 83 39 0 0 0 0 77 0 9 35 0 0 21 0 1 87 0 0 7 0 0 0 0 16 0 63 56 80 0 33 60 11 0 0 0 31 2 8 0 0 46 0 0 0 25 0 0 77 0 100 0 55 44 0 0 51 0 0 0 95 0 75 0 14 0 0 13 0 0 10 0 73 0 0 65 1 0 32 83 71 83 63 87 0 98 1 0 0 49 0 0 0 0 0 0 0 54 24 78 35 33 0 59 57 0 0 3 78 88

0 0 84
0 0 198
0 0 214
0 0 237
0 1 24
0 1 150
0 1 253
0 2 7
0 2 52
0 3 14
0 3 89
0 4 179
0 5 20
0 6 222
0 7 71
0 8 13
0 8 47
0 8 59
0 8 209
0 9 255
0 10 88
0 10 197
0 11 37
0 12 148
0 12 235
0 12 240
0 13 186
0 13 233
0 14 70
0 14 87
0 14 89
0 14 91
0 14 109
0 15 150
0 16 158
0 16 220
0 17 89
0 17 98
0 17 132
0 17 181
0 19 34
0 19 135
0 19 171
0 20 67
0 22 27
0 22 32
0 22 125
0 23 14
0 23 199
0 25 33
0 25 109
0 25 198
0 25 239
0 26 89
0 26 138
0 27 93
0 28 25
0 28 27
0 28 204
0 29 54
0 29 174
0 31 213
0 32 198
0 33 220
0 35 27
0 35 154
0 35 220
0 36 223
0 37 49
0 38 14
0 38 111
0 38 129
0 38 226
0 39 191
0 40 139
0 40 158
0 40 170
0 41 99
0 41 207
0 42 81
0 42 132
0 42 139
0 42 175
0 42 237
0 44 16
0 44 19
0 44 69
0 44 108
0 45 104
0 45 172
0 45 245
0 46 184
0 46 192
0 46 198
0 46 231
0 47 53
0 47 74
0 47 144
0 47 166
0 48 65
0 48 177
0 48 214
0 49 3
0 49 42
0 50 99
0 50 147
0 51 20
0 51 255
0 52 90
0 53 10
0 53 203
0 54 48
0 54 74
0 54 116
0 54 130
0 58 19
0 58 23
0 58 204
0 59 86
0 61 121
0 63 175
0 63 182
0 63 249
0 64 27
0 64 230
0 65 98
0 65 149
0 66 31
0 66 66
0 66 118
0 66 186
0 68 154
0 69 132
0 69 179
0 70 118
0 70 119
0 70 213
0 71 225
0 71 249
0 72 48
0 72 109
0 72 218
0 72 236
0 73 91
0 76 85
0 76 166
0 76 235
0 76 240
0 77 117
0 77 180
0 80 126
0 81 152
0 82 181
0 83 14
0 84 173
0 85 58
0 85 91
0 85 179
0 86 39
0 87 44
0 88 25
0 88 152
0 88 162
0 89 141
0 89 181
0 90 243
0 91 38
0 91 134
0 91 217
0 92 31
0 92 38
0 92 41
0 92 101
0 93 15
0 93 102
0 93 169
0 94 140
0 96 66
0 96 119
0 97 175
0 98 169
0 98 253
0 99 108
0 99 185
0 100 57
0 101 131
0 101 154
0 101 205
0 102 95
0 102 123
0 103 13
0 103 64
0 103 124
0 104 145
0 105 41
0 105 133
0 105 162
0 106 54
0 106 140
0 106 141
0 107 193
0 107 195
0 108 197
0 109 141
0 110 139
0 111 50
0 112 40
0 112 233
0 113 55
0 113 56
0 113 144
0 113 241
0 114 241
0 115 30
0 115 111
0 116 247
0 117 6
0 117 9
0 117 78
0 117 83
0 118 83
0 118 190
0 119 228
0 120 74
0 120 205
0 121 118
0 122 88
0 122 199
0 122 230
0 122 247
0 123 76
0 124 25
0 124 48
0 124 141
0 124 240
0 125 78
0 126 4
0 127 86
0 128 121
0 128 234
0 129 50
0 130 38
0 131 127
0 131 163
0 131 167
0 131 216
0 132 36
0 132 111
0 132 124
0 133 74
0 133 106
0 133 152
0 133 214
0 133 229
0 135 221
0 136 110
0 139 35
0 139 45
0 140 184
0 141 157
0 142 78
0 144 28
0 144 47
0 144 95
0 147 46
0 147 70
0 148 123
0 148 252
0 149 157
0 150 79
0 150 122
0 151 118
0 153 46
0 153 154
0 154 12
0 154 77
0 154 156
0 155 29
0 155 64
0 156 56
0 156 76
0 156 248
0 158 158
0 158 196
0 159 55
0 159 64
0 160 45
0 160 189
0 161 0
0 161 44
0 161 192
0 161 196
0 161 208
0 162 196
0 163 6
0 163 104
0 163 106
0 165 16
0 165 68
0 165 82
0 166 22
0 166 136
0 166 141
0 166 197
0 168 14
0 168 209
0 169 105
0 169 109
0 169 190
0 170 163
0 171 1
0 172 125
0 172 218
0 173 195
0 175 40
0 175 156
0 176 84
0 177 145
0 178 119
0 179 141
0 179 173
0 180 108
0 181 255
0 183 68
0 186 11
0 186 20
0 186 29
0 186 76
0 186 210
0 187 211
0 188 182
0 189 201
0 190 24
0 190 153
0 190 254
0 191 229
0 192 113
0 193 56
0 193 100
0 194 225
0 194 230
0 195 23
0 195 203
0 196 72
0 196 158
0 197 12
0 197 205
0 197 238
0 198 226
0 199 122
0 201 29
0 201 200
0 201 203
0 202 16
0 202 84
0 202 101
0 202 156
0 202 188
0 202 250
0 204 15
0 204 137
0 204 215
0 205 239
0 206 101
0 206 132
0 207 112
0 208 100
0 208 126
0 209 196
0 211 53
0 211 96
0 212 22
0 212 46
0 212 48
0 213 13
0 213 255
0 214 67
0 214 94
0 215 186
0 217 224
0 217 238
0 218 207
0 219 181
0 221 37
0 221 129
0 221 152
0 221 246
0 221 253
0 222 120
0 222 124
0 222 147
0 222 185
0 223 11
0 223 58
0 223 61
0 224 64
0 225 8
0 226 140
0 226 239
0 227 86
0 228 30
0 228 39
0 229 69
0 229 241
0 230 98
0 231 208
0 232 255
0 233 182
0 234 144
0 235 38
0 235 146
0 235 182
0 235 236
0 236 216
0 237 109
0 237 140
0 237 228
0 238 105
0 238 250
0 239 84
0 239 120
0 240 2
0 241 52
0 241 163
0 242 149
0 242 233
0 244 50
0 245 6
0 246 239
0 247 109
0 247 148
0 247 237
0 248 0
0 248 50
0 248 238
0 249 12
0 249 44
0 249 59
0 250 44
0 250 160
0 251 59
0 251 103
0 251 119
0 251 245
0 252 65
0 252 91
0 254 156
0 255 17
0 256 196
0 258 26
0 260 86
0 262 51
0 262 146
0 263 224
0 263 240
0 264 12
0 264 71
0 264 228
0 266 24
0 266 95
0 266 113
0 266 143
0 267 73
0 267 116
0 267 254
0 268 152
0 268 241
0 268 249
0 269 160
0 269 162
0 270 214
0 271 218
0 272 69
0 272 174
0 273 0
0 273 65
0 273 178
0 274 11
0 275 34
0 276 88
0 276 170
0 276 217
0 276 231
0 277 191
0 278 77
0 278 134
0 278 167
0 278 240
0 279 237
0 280 139
0 281 4
0 281 72
0 281 178
0 282 243
0 283 134
0 283 187
0 283 192
0 284 229
0 285 36
0 285 141
0 286 10
0 288 103
0 288 179
0 288 225
0 289 172
0 290 116
0 290 198
0 290 252
0 291 135
0 291 184
0 292 210
0 293 49
0 294 15
0 294 39
0 294 230
0 295 155
0 296 124
0 296 143
0 296 179
0 297 11
0 297 17
0 297 210
0 297 220
0 299 17
0 299 200
0 299 241
0 300 69
0 301 33
0 301 72
0 302 19
0 303 240
0 304 194
0 305 15
0 306 232
0 307 200
0 308 12
0 308 128
0 309 11
0 309 147
0 310 128
0 310 148
0 310 160
0 310 245
0 311 101
0 312 68
0 312 142
0 312 209
0 312 223
0 313 195
0 314 29
0 314 37
0 314 211
0 315 116
0 315 167
0 315 230
0 315 253
0 316 93
0 317 126
0 317 135
0 319 40
0 319 140
0 319 144
0 319 208
0 319 216
0 320 1
0 320 90
0 321 43
0 321 193
0 322 157
0 322 202
0 323 74
0 323 82
0 324 7
0 324 74
0 326 115
0 327 26
0 327 36
0 328 89
0 328 129
0 328 148
0 328 161
0 329 202
0 329 240
0 330 25
0 330 112
0 331 42
0 331 178
0 331 221
0 332 160
0 333 55
0 333 156
0 333 165
0 333 189
0 333 245
0 334 24
0 334 106
0 334 178
0 336 214
0 337 24
0 337 54
0 338 42
0 338 112
0 338 126
0 338 155
0 338 160
0 338 178
0 339 183
0 340 53
0 340 174
0 340 194
0 340 236
0 341 39
0 341 102
0 342 101
0 342 103
0 342 122
0 342 133
0 342 200
0 342 245
0 344 235
0 345 36
0 345 121
0 345 190
0 346 133
0 346 224
0 348 31
0 348 33
0 348 215
0 349 78
0 349 172
0 350 69
0 350 167
0 354 199
0 355 74
0 356 205
0 357 187
0 359 240
0 360 192
0 361 115
0 361 179
0 362 82
0 362 199
0 362 252
0 363 186
0 363 229
0 364 83
0 364 191
0 365 71
0 365 141
0 365 196
0 365 217
0 366 239
0 367 162
0 368 0
0 368 240
0 369 121
0 369 179
0 370 4
0 370 6
0 370 16
0 370 121
0 370 150
0 370 163
0 370 201
0 371 27
0 371 82
0 371 136
0 371 167
0 371 209
0 372 225
0 373 59
0 373 144
0 373 212
0 375 47
0 375 106
0 375 196
0 376 64
0 376 214
0 376 247
0 379 110
0 379 171
0 379 193
0 380 11
0 380 23
0 380 180
0 380 254
0 381 93
0 381 173
0 381 236
0 382 17
0 382 73
0 382 115
0 382 184
0 383 65
0 383 141
0 384 45
0 384 178
0 385 77
0 385 103
0 385 193
0 385 205
0 386 54
0 388 37
0 388 38
0 388 120
0 388 141
0 388 162
0 389 214
0 389 232
0 390 222
0 392 113
0 392 250
0 393 19
0 393 40
0 393 157
0 394 228
0 395 8
0 395 163
0 395 237
0 396 41
0 397 59
0 399 131
0 399 147
0 399 231
0 400 109
0 402 3
0 402 64
0 403 104
0 403 136
0 403 173
0 403 243
0 403 250
0 404 114
0 405 22
0 405 48
0 405 131
0 405 134
0 406 8
0 406 110
0 406 215
0 407 21
0 407 146
0 408 23
0 408 24
0 408 127
0 408 152
0 408 186
0 408 224
0 409 252
0 410 0
0 411 23
0 411 201
0 412 34
0 412 183
0 413 192
0 414 142
0 415 240
0 416 12
0 416 106
0 416 129
0 416 154
0 416 235
0 417 12
0 418 52
0 418 200
0 418 226
0 418 252
0 419 68
0 419 78
0 419 138
0 419 174
0 420 141
0 420 212
0 421 230
0 422 240
0 422 247
0 423 11
0 423 119
0 423 201
0 424 31
0 424 122
0 425 84
0 425 114
0 425 123
0 426 30
0 426 54
0 426 113
0 426 179
0 426 231
0 426 236
0 427 85
0 427 139
0 427 143
0 428 156
0 429 23
0 429 61
0 429 175
0 431 42
0 432 9
0 432 170
0 433 136
0 434 210
0 436 137
0 436 181
0 437 44
0 438 109
0 438 186
0 438 246
0 439 34
0 439 73
1 0 17
1 0 127
1 0 254
1 2 66
1 2 97
1 3 30
1 4 107
1 4 204
1 5 87
1 5 265
1 6 169
1 6 196
1 7 15
1 8 38
1 9 242
1 10 124
1 11 33
1 12 61
1 12 103
1 14 47
1 14 136
1 14 158
1 14 165
1 14 181
1 15 53
1 15 111
1 16 108
1 16 271
1 17 178
1 17 194
1 18 39
1 18 143
1 19 86
1 19 170
1 21 129
1 23 25
1 23 52
1 24 198
1 24 223
1 25 149
1 26 18
1 26 131
1 27 75
1 28 15
1 28 99
1 28 159
1 29 97
1 30 5
1 30 168
1 30 260
1 31 107
1 31 142
1 32 2
1 32 95
1 32 143
1 33 103
1 33 167
1 33 267
1 34 8
1 35 124
1 35 274
1 36 118
1 36 155
1 36 167
1 37 162
1 37 188
1 37 227
1 38 196
1 39 242
1 40 80
1 41 16
1 41 38
1 41 87
1 41 138
1 42 5
1 43 68
1 43 86
1 44 34
1 44 51
1 44 207
1 44 211
1 44 249
1 45 2
1 45 52
1 45 229
1 46 22
1 47 151
1 49 199
1 49 223
1 50 252
1 51 167
1 52 133
1 53 76
1 53 130
1 54 0
1 54 14
1 54 91
1 54 92
1 54 145
1 54 228
1 55 124
1 55 172
1 56 94
1 56 203
1 56 248
1 57 172
1 58 88
1 58 187
1 58 229
1 59 80
1 59 243
1 59 246
1 60 59
1 60 120
1 60 182
1 61 27
1 61 228
1 62 15
1 62 94
1 63 70
1 63 73
1 63 195
1 64 33
1 64 74
1 64 122
1 65 176
1 65 197
1 66 50
1 67 16
1 67 212
1 67 249
1 68 18
1 68 112
1 69 72
1 70 45
1 70 172
1 70 255
1 71 23
1 71 163
1 72 8
1 72 23
1 72 58
1 72 212
1 72 267
1 74 48
1 74 140
1 74 261
1 74 274
1 75 19
1 75 24
1 75 141
1 76 184
1 76 195
1 76 251
1 77 21
1 77 106
1 77 159
1 77 272
1 78 221
1 79 199
1 79 265
1 80 172
1 80 272
1 81 24
1 81 76
1 81 178
1 81 274
1 82 147
1 83 5
1 83 38
1 83 85
1 84 190
1 84 247
1 84 275
1 85 79
1 85 219
1 86 60
1 86 71
1 86 175
1 87 0
1 87 117
1 87 136
1 87 273
1 88 81
1 88 105
1 88 161
1 89 126
1 90 36
1 90 87
1 90 134
1 91 233
1 91 249
1 92 106
1 92 127
1 92 130
1 93 171
1 93 252
1 94 155
1 94 266
1 95 11
1 95 114
1 96 8
1 96 134
1 98 63
1 98 72
1 98 168
1 99 2
1 99 255
1 100 242
1 101 63
1 101 241
1 102 69
1 103 82
1 104 120
1 104 148
1 105 50
1 105 177
1 105 213
1 106 26
1 106 103
1 107 255
1 108 38
1 108 160
1 109 73
1 109 116
1 110 11
1 110 141
1 110 160
1 110 174
1 110 195
1 111 7
1 111 17
1 111 109
1 111 117
1 111 140
1 111 273
1 112 91
1 112 146
1 113 33
1 113 99
1 114 72
1 114 194
1 115 13
1 115 16
1 115 156
1 115 181
1 115 216
1 116 109
1 117 247
1 119 45
1 119 157
1 119 240
1 120 106
1 121 89
1 121 239
1 122 34
1 122 182
1 122 218
1 122 252
1 122 275
1 123 127
1 123 214
1 124 91
1 124 121
1 125 23
1 125 39
1 126 88
1 127 56
1 127 146
1 127 258
1 127 263
1 128 113
1 128 226
1 129 18
1 129 161
1 129 170
1 129 184
1 130 25
1 130 261
1 131 81
1 131 142
1 132 72
1 132 75
1 133 17
1 133 57
1 133 83
1 134 108
1 134 115
1 135 201
1 136 74
1 137 1
1 137 86
1 137 145
1 137 182
1 138 74
1 138 89
1 138 143
1 138 255
1 140 90
1 141 37
1 141 67
1 141 71
1 141 143
1 141 171
1 141 233
1 142 105
1 142 241
1 143 122
1 144 109
1 144 164
1 145 39
1 146 35
1 147 93
1 147 189
1 148 39
1 148 126
1 149 31
1 149 52
1 149 266
1 150 117
1 151 1
1 151 129
1 152 155
1 152 159
1 153 22
1 153 82
1 153 129
1 153 265
1 154 10
1 154 85
1 155 19
1 155 52
1 156 16
1 156 41
1 156 261
1 157 127
1 158 266
1 159 4
1 159 145
1 159 179
1 159 222
1 160 63
1 160 73
1 160 223
1 160 255
1 161 13
1 162 249
1 162 260
1 162 268
1 163 10
1 163 58
1 163 153
1 165 15
1 165 187
1 166 51
1 166 165
1 166 234
1 166 244
1 167 55
1 167 92
1 168 11
1 168 74
1 169 71
1 169 95
1 169 142
1 169 150
1 169 189
1 170 23
1 170 56
1 170 63
1 170 138
1 171 260
1 172 216
1 172 248
1 173 97
1 173 130
1 173 229
1 174 131
1 174 151
1 174 162
1 175 160
1 175 261
1 176 58
1 176 127
1 176 179
1 176 211
1 177 101
1 178 173
1 179 40
1 179 221
1 179 233
1 180 33
1 180 46
1 180 99
1 182 189
1 182 197
1 183 261
1 183 273
1 184 270
1 185 71
1 185 87
1 185 112
1 185 186
1 186 125
1 186 139
1 186 223
1 187 152
1 188 55
1 189 205
1 189 266
1 190 126
1 190 271
1 192 26
1 192 130
1 192 265
1 193 204
1 193 207
1 194 220
1 195 271
1 196 84
1 196 140
1 197 154
1 198 11
1 198 152
1 198 174
1 198 183
1 199 14
1 199 36
1 200 81
1 200 86
1 200 175
1 200 183
1 201 89
1 201 188
1 201 192
1 201 246
1 203 23
1 203 30
1 203 178
1 204 142
1 205 19
1 205 88
1 205 99
1 205 103
1 205 109
1 205 114
1 205 199
1 205 235
1 206 17
1 206 23
1 206 46
1 206 141
1 206 149
1 206 182
1 206 265
1 207 13
1 207 44
1 207 52
1 207 96
1 208 32
1 208 83
1 208 142
1 208 156
1 209 35
1 209 147
1 209 228
1 210 14
1 210 90
1 210 125
1 210 153
1 210 197
1 210 206
1 210 214
1 212 13
1 212 91
1 212 148
1 212 159
1 212 189
1 212 232
1 213 35
1 214 37
1 215 12
1 215 48
1 215 73
1 215 163
1 216 4
1 216 10
1 216 214
1 216 238
1 217 119
1 218 140
1 218 275
1 220 155
1 221 15
1 221 138
1 222 94
1 223 52
1 223 175
1 223 204
1 223 272
1 224 57
1 225 8
1 225 33
1 225 251
1 226 75
1 227 60
1 227 162
1 228 16
1 228 163
1 228 219
1 228 272
1 229 26
1 229 36
1 229 160
1 229 183
1 230 115
1 230 144
1 230 237
1 231 28
1 231 256
1 232 61
1 232 206
1 234 248
1 235 25
1 235 103
1 235 143
1 235 189
1 236 8
1 236 88
1 237 77
1 238 17
1 238 22
1 238 101
1 238 253
1 239 30
1 239 92
1 239 248
1 239 273
1 239 274
1 240 82
1 241 126
1 242 70
1 242 184
1 242 200
1 243 204
1 244 127
1 244 129
1 245 26
1 245 141
1 245 267
1 247 7
1 247 23
1 247 45
1 247 70
1 247 99
1 247 147
1 247 251
1 249 38
1 249 124
1 249 148
1 251 74
1 251 82
1 251 175
1 251 178
1 251 200
1 251 234
1 252 144
1 252 152
1 252 198
1 254 273
1 255 46
1 255 169
1 255 172
1 255 185
2 0 30
2 0 107
2 1 183
2 2 106
2 2 163
2 2 240
2 3 142
2 3 222
2 4 82
2 4 91
2 4 162
2 4 175
2 5 62
2 5 65
2 5 68
2 5 79
2 5 198
2 7 0
2 7 5
2 7 59
2 7 78
2 7 140
2 8 101
2 8 103
2 8 151
2 8 207
2 8 219
2 9 187
2 9 221
2 9 261
2 9 269
2 10 188
2 10 198
2 11 29
2 11 167
2 12 13
2 12 128
2 13 8
2 14 268
2 15 132
2 15 243
2 16 263
2 17 232
2 18 239
2 19 215
2 21 21
2 21 154
2 22 48
2 22 120
2 22 142
2 23 66
2 24 164
2 25 42
2 26 5
2 26 215
2 27 247
2 28 57
2 29 15
2 29 26
2 29 92
2 29 144
2 30 5
2 30 17
2 30 102
2 30 107
2 31 95
2 31 182
2 32 77
2 32 123
2 32 140
2 32 155
2 32 249
2 34 24
2 34 91
2 34 183
2 35 30
2 37 76
2 38 123
2 38 235
2 39 224
2 40 136
2 40 153
2 40 193
2 40 212
2 41 5
2 42 5
2 42 59
2 42 215
2 43 10
2 43 264
2 44 192
2 44 206
2 44 233
2 44 235
2 44 252
2 44 270
2 45 40
2 45 141
2 45 192
2 46 112
2 47 242
2 48 127
2 48 173
2 49 117
2 49 205
2 50 156
2 50 256
2 51 0
2 51 123
2 52 224
2 53 10
2 53 17
2 53 72
2 53 134
2 53 143
2 54 4
2 54 110
2 54 128
2 55 146
2 55 252
2 56 219
2 58 111
2 60 82
2 60 134
2 61 73
2 61 149
2 61 192
2 61 229
2 61 232
2 63 91
2 63 237
2 64 141
2 64 221
2 64 232
2 65 9
2 65 44
2 66 0
2 66 135
2 66 137
2 66 242
2 67 230
2 67 243
2 67 257
2 69 42
2 69 80
2 69 149
2 70 0
2 70 89
2 70 201
2 70 234
2 71 73
2 71 87
2 72 104
2 72 120
2 72 239
2 74 63
2 74 161
2 75 201
2 75 218
2 76 113
2 77 45
2 77 70
2 77 114
2 78 96
2 79 204
2 79 215
2 81 68
2 81 110
2 81 233
2 82 36
2 82 60
2 82 104
2 83 42
2 83 67
2 83 236
2 83 250
2 84 29
2 85 82
2 85 136
2 86 30
2 86 52
2 86 66
2 87 40
2 87 85
2 87 104
2 88 38
2 89 37
2 89 148
2 89 195
2 90 170
2 91 136
2 92 6
2 92 138
2 92 205
2 92 257
2 94 46
2 95 147
2 96 92
2 96 105
2 97 150
2 97 163
2 98 154
2 99 64
2 99 208
2 101 22
2 101 94
2 101 182
2 103 140
2 103 254
2 104 78
2 105 60
2 105 123
2 105 176
2 106 11
2 106 164
2 107 92
2 107 224
2 107 233
2 107 235
2 108 184
2 108 255
2 108 261
2 108 270
2 109 244
2 110 33
2 110 57
2 110 196
2 111 22
2 111 133
2 111 190
2 113 229
2 114 32
2 114 33
2 115 27
2 115 180
2 115 235
2 115 243
2 116 80
2 116 193
2 117 93
2 118 198
2 119 50
2 119 72
2 119 132
2 119 248
2 120 30
2 121 172
2 121 190
2 121 216
2 122 116
2 125 132
2 126 55
2 127 178
2 128 40
2 128 54
2 128 82
2 128 130
2 128 239
2 130 5
2 131 36
2 131 43
2 131 173
2 131 210
2 132 201
2 133 78
2 133 142
2 133 221
2 134 9
2 134 172
2 134 198
2 134 202
2 135 106
2 136 28
2 137 71
2 138 48
2 138 183
2 138 243
2 139 102
2 139 176
2 139 208
2 140 168
2 141 176
2 142 120
2 142 242
2 142 256
2 143 11
2 143 51
2 143 158
2 145 4
2 145 10
2 145 144
2 146 67
2 146 135
2 146 221
2 147 7
2 147 62
2 147 89
2 147 124
2 147 188
2 147 248
2 148 71
2 149 17
2 149 158
2 149 247
2 150 242
2 151 83
2 151 131
2 152 143
2 154 93
2 154 218
2 156 11
2 156 117
2 156 246
2 157 121
2 157 158
2 158 6
2 158 76
2 159 126
2 159 239
2 160 132
2 161 151
2 161 268
2 162 21
2 162 94
2 162 185
2 163 65
2 163 199
2 164 6
2 164 12
2 165 132
2 166 21
2 166 39
2 166 44
2 166 124
2 166 225
2 167 8
2 167 52
2 167 71
2 167 109
2 167 182
2 169 60
2 169 100
2 170 2
2 170 63
2 170 92
2 174 17
2 175 38
2 176 167
2 177 0
2 177 81
2 178 185
2 179 51
2 179 166
2 179 255
2 180 86
2 180 114
2 180 209
2 181 37
2 181 76
2 182 200
2 184 212
2 185 129
2 187 3
2 187 91
2 187 164
2 188 34
2 188 78
2 188 103
2 189 13
2 189 21
2 189 247
2 190 259
2 190 268
2 191 28
2 191 39
2 191 74
2 191 189
2 191 241
2 192 75
2 193 129
2 193 191
2 194 159
2 195 34
2 195 265
2 196 150
2 196 174
2 196 241
2 197 12
2 197 65
2 197 205
2 198 74
2 198 119
2 198 132
2 198 144
2 199 124
2 199 246
2 200 16
2 200 187
2 201 117
2 202 53
2 202 246
2 203 184
2 203 191
2 203 267
2 204 172
2 206 17
2 206 23
2 206 204
2 207 36
2 207 124
2 207 132
2 207 174
2 208 11
2 208 55
2 208 210
2 209 217
2 210 97
2 210 107
2 210 156
2 211 97
2 211 231
2 212 16
2 213 113
2 213 193
2 215 269
2 216 207
2 216 219
2 216 246
2 217 115
2 217 187
2 218 124
2 219 204
2 219 220
2 219 261
2 219 270
2 220 5
2 220 174
2 221 112
2 222 37
2 222 215
2 223 251
2 224 79
2 224 112
2 224 217
2 224 230
2 225 216
2 225 233
2 225 269
2 226 131
2 227 153
2 227 243
2 229 263
2 229 270
2 230 17
2 230 25
2 231 84
2 232 44
2 232 229
2 232 270
2 233 49
2 233 194
2 233 200
2 234 17
2 234 38
2 236 9
2 237 78
2 237 128
2 237 145
2 237 166
2 237 195
2 238 146
2 238 167
2 238 229
2 239 1
2 240 73
2 240 224
2 241 129
2 244 70
2 244 266
2 245 10
2 246 122
2 247 112
2 247 137
2 247 176
2 247 192
2 247 245
2 249 162
2 249 207
2 249 214
2 250 79
2 251 25
2 251 227
2 251 241
2 252 95
2 252 264
2 253 11
2 253 156
2 254 195
2 254 207
2 255 57
2 256 59
2 256 264
2 257 257
2 257 265
2 258 57
2 259 58
2 259 154
2 259 167
2 259 170
2 260 25
2 260 144
2 260 187
2 261 68
2 262 15
2 262 186
2 263 39
2 264 72
2 264 83
2 264 196
2 264 221
2 265 102
2 266 91
2 267 127
2 267 155
2 267 157
2 267 215
2 268 23
2 268 130
2 268 147
2 268 211
2 268 259
2 268 269
2 269 227
2 269 255
2 270 35
2 270 114
2 272 19
2 272 44
2 273 221
2 273 256
2 274 12
2 275 2
2 275 50
2 275 95
2 275 114
2 275 175
2 276 49
2 276 211
3 0 62
3 0 106
3 0 109
3 1 10
3 1 44
3 3 27
3 3 39
3 3 58
3 4 2
3 4 232
3 5 208
3 7 179
3 8 5
3 8 78
3 9 34
3 9 105
3 9 252
3 10 184
3 10 201
3 10 233
3 11 196
3 11 238
3 12 86
3 12 143
3 12 223
3 14 154
3 14 178
3 14 255
3 15 165
3 15 223
3 16 100
3 17 72
3 18 29
3 18 90
3 18 124
3 19 240
3 20 52
3 20 65
3 20 150
3 20 198
3 20 218
3 21 78
3 21 115
3 21 121
3 22 184
3 22 205
3 22 210
3 22 212
3 23 40
3 23 167
3 23 181
3 24 34
3 24 200
3 25 198
3 25 249
3 26 51
3 27 108
3 28 92
3 28 141
3 28 209
3 29 143
3 29 257
3 30 14
3 30 49
3 30 99
3 30 227
3 31 94
3 31 107
3 32 69
3 32 77
3 32 96
3 32 172
3 33 109
3 33 150
3 35 95
3 35 103
3 35 158
3 35 159
3 36 159
3 36 223
3 37 221
3 38 71
3 38 102
3 38 111
3 38 194
3 39 17
3 39 33
3 39 185
3 40 163
3 41 142
3 41 149
3 42 122
3 42 134
3 42 220
3 43 137
3 44 69
3 44 78
3 46 138
3 46 207
3 48 69
3 49 216
3 49 261
3 50 250
3 51 5
3 51 20
3 52 75
3 52 172
3 55 16
3 55 55
3 55 115
3 55 239
3 56 21
3 56 164
3 57 227
3 58 97
3 58 200
3 59 35
3 59 68
3 59 165
3 59 200
3 59 207
3 60 36
3 60 96
3 61 2
3 61 75
3 61 150
3 61 172
3 62 94
3 62 141
3 62 152
3 63 34
3 63 194
3 63 199
3 63 253
3 64 262
3 65 68
3 67 43
3 67 140
3 67 255
3 68 7
3 68 31
3 68 56
3 69 164
3 70 24
3 70 102
3 70 142
3 70 232
3 71 120
3 71 146
3 72 163
3 73 73
3 73 252
3 74 47
3 75 237
3 76 70
3 76 165
3 76 211
3 77 47
3 77 250
3 77 261
3 78 95
3 78 141
3 80 212
3 85 12
3 85 33
3 85 56
3 85 206
3 85 211
3 86 85
3 87 27
3 88 32
3 88 103
3 88 145
3 90 128
3 91 41
3 91 68
3 92 42
3 92 180
3 92 192
3 93 17
3 93 97
3 93 241
3 93 248
3 94 115
3 95 29
3 95 80
3 95 147
3 95 182
3 95 213
3 96 69
3 97 7
3 97 62
3 97 97
3 97 152
3 97 160
3 97 170
3 98 103
3 98 117
3 98 260
3 99 8
3 99 55
3 99 204
3 100 1
3 100 10
3 100 141
3 102 14
3 103 69
3 103 188
3 103 254
3 104 18
3 104 37
3 104 223
3 105 4
3 105 13
3 106 211
3 108 116
3 108 173
3 108 204
3 108 239
3 109 26
3 109 70
3 110 138
3 111 20
3 111 53
3 111 61
3 111 235
3 112 129
3 113 25
3 113 174
3 113 238
3 114 12
3 114 158
3 115 7
3 115 44
3 115 194
3 115 261
3 116 40
3 116 62
3 116 166
3 116 214
3 116 241
3 117 77
3 117 188
3 118 46
3 118 226
3 119 32
3 120 28
3 120 86
3 120 130
3 120 224
3 121 105
3 121 143
3 121 215
3 121 247
3 122 62
3 122 183
3 123 93
3 123 198
3 124 122
3 125 7
3 126 121
3 126 129
3 126 242
3 127 102
3 127 126
3 128 182
3 129 53
3 129 241
3 130 201
3 131 80
3 131 111
3 132 105
3 132 109
3 133 80
3 133 107
3 133 239
3 133 241
3 134 26
3 134 43
3 134 88
3 134 197
3 135 168
3 135 179
3 136 40
3 136 156
3 137 104
3 137 166
3 137 188
3 137 213
3 138 184
3 139 147
3 139 230
3 140 9
3 140 115
3 140 119
3 140 123
3 140 158
3 140 229
3 140 260
3 141 200
3 141 221
3 142 94
3 142 264
3 143 233
3 144 8
3 144 23
3 145 18
3 145 108
3 145 123
3 145 190
3 146 84
3 146 94
3 146 214
3 146 217
3 147 128
3 147 195
3 148 47
3 148 79
3 148 128
3 149 44
3 150 43
3 150 193
3 151 102
3 151 259
3 152 133
3 153 10
3 154 36
3 154 200
3 154 203
3 155 111
3 155 247
3 156 231
3 157 177
3 158 56
3 158 64
3 158 159
3 159 53
3 159 129
3 160 82
3 160 140
3 160 145
3 161 39
3 161 214
3 162 1
3 162 131
3 162 173
3 164 132
3 164 206
3 164 232
3 166 76
3 166 87
3 166 151
3 166 156
3 166 260
3 167 49
3 167 104
3 167 154
3 168 5
3 168 74
3 168 132
3 168 145
3 169 169
3 170 94
3 170 111
3 171 65
3 172 45
3 173 192
3 173 196
3 174 51
3 175 19
3 177 121
3 178 119
3 178 212
3 179 200
3 179 259
3 180 133
3 180 230
3 181 223
3 181 240
3 182 47
3 182 214
3 182 233
3 182 234
3 183 80
3 183 182
3 186 5
3 186 114
3 186 219
3 186 245
3 187 59
3 187 218
3 189 100
3 190 65
3 190 179
3 191 42
3 192 186
3 193 64
3 193 166
3 194 14
3 194 20
3 194 150
3 194 174
3 195 61
3 195 91
3 195 168
3 195 205
3 196 35
3 197 125
3 199 51
3 200 142
3 200 168
3 200 218
3 202 97
3 202 108
3 202 204
3 202 216
3 203 58
3 203 70
3 203 85
3 203 144
3 203 176
3 203 201
3 203 207
3 203 208
3 204 72
3 207 2
3 207 77
3 207 234
3 208 64
3 208 130
3 208 186
3 208 188
3 209 106
3 209 110
3 209 248
3 210 205
3 211 0
3 211 121
3 211 219
3 212 182
3 212 196
3 213 20
3 213 123
3 215 42
3 215 260
3 216 35
3 216 74
3 216 128
3 216 172
3 217 21
3 217 31
3 217 53
3 217 62
3 218 57
3 218 261
3 219 135
3 219 257
3 220 110
3 221 19
3 222 12
3 222 172
3 222 190
3 222 192
3 223 33
3 223 80
3 223 262
3 224 4
3 224 76
3 225 68
3 225 69
3 226 17
3 227 177
3 228 173
3 229 82
3 229 190
3 230 72
3 230 259
3 231 136
3 232 77
3 232 205
3 233 13
3 233 35
3 233 64
3 234 90
3 235 151
3 236 132
3 236 198
3 237 60
3 237 219
3 238 27
3 238 74
3 238 163
3 239 57
3 239 187
3 240 237
3 240 252
3 241 210
3 242 202
3 242 231
3 242 252
3 243 242
3 244 19
3 244 153
3 244 255
3 245 108
3 245 115
3 245 250
3 246 240
3 247 92
3 247 233
3 247 238
3 248 79
3 248 99
3 248 114
3 248 196
3 249 111
3 249 161
3 249 168
3 249 227
3 250 202
3 250 249
3 251 18
3 252 7
3 252 70
3 252 83
3 253 24
3 253 130
3 254 91
3 254 174
3 255 35
3 256 0
3 256 3
3 256 109
3 256 205
3 257 171
3 257 252
3 258 14
3 259 68
3 259 87
3 260 25
3 260 36
3 260 136
3 260 178
3 261 86
3 262 52
3 262 194
3 262 257
3 262 259
3 262 261
3 263 148
3 263 159
3 264 144
3 264 208
3 265 131
3 265 228
3 265 236
3 266 252
3 267 108
3 267 132
3 267 246
3 268 16
3 268 86
3 268 238
3 269 100
3 269 155
3 270 89
3 270 105
3 270 244