900
5
121 137 125 174 120
2500

666 0 0 0 798 0 200 0 0 866 0 958 471 641 0 430 0 0 0 0 0 319 0 519 565 0 0 0 782 975 95 0 88 16 0 96 80 0 0 37 94 0 0 0 0 95 0 0 0 6 99 77 0 80 0 82 50 0 31 25 0 17 51 32 36 28 0 0 38 64 0 0 0 0 73 11 25 44 0 36 91 33 98 0 66 42 1 23 89 52 78 0 0 21 0 0 29 0 45 0 36 25 0 0 0 50 55 11 0 51 2 60 0 42 0 0 0 0 81 0 60
924 198 0 0 314 0 667 174 0 0 0 293 0 0 103 167 0 0 999 447 0 0 0 0 552 0 0 0 888 724 0 0 0 892 450 0 97 23 0 0 94 0 39 56 56 0 0 72 0 0 25 83 0 87 0 0 24 70 0 0 67 0 0 46 93 0 25 97 0 61 0 32 10 0 75 43 0 0 81 0 7 17 0 0 0 91 0 0 0 41 0 12 53 64 97 0 0 0 0 46 37 0 25 28 0 0 0 0 69 100 19 0 92 0 55 0 0 18 0 0 26 0 0 0 100 0 30 0 0 76 0 15 0 24 42 21 90
0 484 0 338 849 0 359 1000 450 513 457 0 0 867 475 0 0 0 0 0 0 0 614 681 357 0 942 0 0 341 23 496 0 38 0 0 0 0 88 0 0 0 0 0 0 29 0 0 0 0 35 49 0 60 0 34 0 86 48 62 0 73 58 0 53 0 0 73 0 0 0 7 0 65 0 19 78 0 92 0 0 66 39 0 62 0 0 0 76 0 0 0 0 0 15 4 61 4 35 7 0 0 0 0 16 0 0 0 72 0 43 88 12 27 100 0 0 49 49 84 0 0 0 18 0
71 636 0 0 82 899 0 0 113 0 0 0 0 0 967 0 388 641 0 0 0 665 0 978 940 0 0 590 215 0 0 901 810 848 0 0 0 0 565 647 829 0 424 0 0 47 0 0 43 43 0 38 0 0 0 43 0 0 87 69 0 0 62 0 0 12 11 0 50 0 97 61 0 46 0 75 59 0 76 0 57 0 0 0 0 29 0 49 0 53 0 90 0 0 0 0 38 40 0 0 0 56 0 21 52 0 67 31 0 0 0 0 0 49 0 0 0 0 35 0 0 0 83 0 0 0 32 0 59 0 0 0 14 21 0 48 0 2 37 42 12 0 66 32 0 11 4 64 0 0 63 77 19 0 72 0 0 0 97 24 99 8 0 0 79 84 31 68 0 41 58 86 0 34
0 0 0 676 0 0 581 0 414 305 0 0 0 0 0 0 0 0 0 739 0 0 0 0 0 0 0 0 0 0 553 12 0 0 0 55 0 5 3 29 0 0 53 0 0 0 60 0 0 60 0 59 52 23 0 0 0 77 0 88 0 73 32 96 63 72 0 0 0 0 0 57 49 14 0 0 49 0 15 0 0 0 0 0 0 99 33 0 0 17 0 82 0 0 37 0 53 91 0 0 0 76 19 35 0 56 0 0 10 15 0 0 0 77 0 6 31 12 0 0

0 0 1
0 0 48
0 0 83
0 0 115
0 0 128
0 1 15
0 1 82
0 1 94
0 1 136
0 2 25
0 2 27
0 2 64
0 2 90
0 2 98
0 2 111
0 2 115
0 2 128
0 3 1
0 3 55
0 3 70
0 4 34
0 4 103
0 4 128
0 4 136
0 5 39
0 5 42
0 5 66
0 5 121
0 5 131
0 7 15
0 7 27
0 7 51
0 7 63
0 7 72
0 7 98
0 7 107
0 7 127
0 8 17
0 8 22
0 8 34
0 8 50
0 8 102
0 8 109
0 9 18
0 9 70
0 9 77
0 9 109
0 9 130
0 10 32
0 10 65
0 10 77
0 11 22
0 11 97
0 12 101
0 12 115
0 13 28
0 13 61
0 13 64
0 13 73
0 13 123
0 14 6
0 14 84
0 14 132
0 15 2
0 15 3
0 15 13
0 15 19
0 15 109
0 16 47
0 16 81
0 17 63
0 17 90
0 17 96
0 17 120
0 18 37
0 18 40
0 18 51
0 18 93
0 18 116
0 19 20
0 19 41
0 19 52
0 19 122
0 19 127
0 20 87
0 21 22
0 21 31
0 21 64
0 21 83
0 21 88
0 21 100
0 21 103
0 21 122
0 22 18
0 22 69
0 22 79
0 22 87
0 23 25
0 23 30
0 23 60
0 23 67
0 23 86
0 23 97
0 23 113
0 23 119
0 23 129
0 24 2
0 24 31
0 24 48
0 24 52
0 24 114
0 25 1
0 25 12
0 25 22
0 25 54
0 25 59
0 25 111
0 25 131
0 26 0
0 26 12
0 26 46
0 26 50
0 26 90
0 27 3
0 27 28
0 27 57
0 27 82
0 28 13
0 28 29
0 28 66
0 28 89
0 28 91
0 28 92
0 28 101
0 28 117
0 28 118
0 29 56
0 29 105
0 29 123
0 29 128
0 30 31
0 30 38
0 30 47
0 30 112
0 31 4
0 31 39
0 31 102
0 32 1
0 32 2
0 32 16
0 32 34
0 32 91
0 32 105
0 32 122
0 33 111
0 33 119
0 34 42
0 34 88
0 34 134
0 35 0
0 35 18
0 35 25
0 35 81
0 35 116
0 35 132
0 36 5
0 36 15
0 36 70
0 36 98
0 36 118
0 36 120
0 37 72
0 37 103
0 37 123
0 37 129
0 38 4
0 38 32
0 38 50
0 38 57
0 38 122
0 39 30
0 40 8
0 40 32
0 40 53
0 40 57
0 40 59
0 40 67
0 40 111
0 40 117
0 40 120
0 41 34
0 41 47
0 41 49
0 41 64
0 41 68
0 41 101
0 41 136
0 42 1
0 42 26
0 42 80
0 42 116
0 43 0
0 43 4
0 43 30
0 43 40
0 43 82
0 43 100
0 43 127
0 44 56
0 44 64
0 44 115
0 45 3
0 45 6
0 45 27
0 45 37
0 45 69
0 45 124
0 46 13
0 46 64
0 46 69
0 46 97
0 46 113
0 47 10
0 47 36
0 47 71
0 47 91
0 47 96
0 47 112
0 48 50
0 48 90
0 48 101
0 49 24
0 49 71
0 49 73
0 49 81
0 49 83
0 49 124
0 50 72
0 50 92
0 50 109
0 51 31
0 51 46
0 51 63
0 51 82
0 51 99
0 51 102
0 51 134
0 52 5
0 52 16
0 52 26
0 52 38
0 52 59
0 52 79
0 52 86
0 52 91
0 52 129
0 53 37
0 53 41
0 53 46
0 53 59
0 53 81
0 53 85
0 53 99
0 54 22
0 54 42
0 54 76
0 54 81
0 54 120
0 55 27
0 55 35
0 55 77
0 55 82
0 55 123
0 56 8
0 56 15
0 56 85
0 56 129
0 57 3
0 57 103
0 58 6
0 58 20
0 58 24
0 58 33
0 58 36
0 58 47
0 58 95
0 59 111
0 60 24
0 60 40
0 60 49
0 60 64
0 60 74
0 60 93
0 60 102
0 60 120
0 60 133
0 61 0
0 61 8
0 61 44
0 61 62
0 61 120
0 62 14
0 62 44
0 62 49
0 62 63
0 62 84
0 62 87
0 62 92
0 63 0
0 63 10
0 63 45
0 63 56
0 63 62
0 63 66
0 63 78
0 63 83
0 63 84
0 64 17
0 64 67
0 64 100
0 64 135
0 65 22
0 65 56
0 65 70
0 65 95
0 65 104
0 65 121
0 66 43
0 66 78
0 66 93
0 66 94
0 66 115
0 67 7
0 67 47
0 67 88
0 68 5
0 68 34
0 68 39
0 68 42
0 68 92
0 68 108
0 69 11
0 69 15
0 69 39
0 69 56
0 69 84
0 69 117
0 69 132
0 70 32
0 70 33
0 70 36
0 70 55
0 70 98
0 70 134
0 71 38
0 71 39
0 71 58
0 71 96
0 71 104
0 72 40
0 72 99
0 72 128
0 73 5
0 73 47
0 73 66
0 73 92
0 73 111
0 74 41
0 74 50
0 74 53
0 74 124
0 75 131
0 76 67
0 76 88
0 78 46
0 78 47
0 78 51
0 78 125
0 78 127
0 79 15
0 79 91
0 79 110
0 80 20
0 80 39
0 80 50
0 80 52
0 81 6
0 81 23
0 81 58
0 82 25
0 82 65
0 82 70
0 82 72
0 83 53
0 83 108
0 84 20
0 84 32
0 84 42
0 84 64
0 84 65
0 84 136
0 85 54
0 85 83
0 85 107
0 85 118
0 85 119
0 86 24
0 86 39
0 86 50
0 86 60
0 86 88
0 86 93
0 86 136
0 87 15
0 87 49
0 87 53
0 87 54
0 87 69
0 87 83
0 87 97
0 87 115
0 87 120
0 87 127
0 87 132
0 88 7
0 88 10
0 88 48
0 88 56
0 88 129
0 89 5
0 89 25
0 89 51
0 89 110
0 89 111
0 90 17
0 90 56
0 90 60
0 90 92
0 91 11
0 91 14
0 91 57
0 91 78
0 91 80
0 92 85
0 92 119
0 93 69
0 93 80
0 94 11
0 94 121
0 95 11
0 95 28
0 95 35
0 95 92
0 96 63
0 96 112
0 97 2
0 97 8
0 97 118
0 97 128
0 98 32
0 98 38
0 98 52
0 98 58
0 98 91
0 99 20
0 99 63
0 99 89
0 99 94
0 99 100
0 99 136
0 100 18
0 100 29
0 100 30
0 100 35
0 100 48
0 100 73
0 100 116
0 101 100
0 101 102
0 101 112
0 102 49
0 102 124
0 103 13
0 103 92
0 104 6
0 104 55
0 104 77
0 104 115
0 105 5
0 105 41
0 105 60
0 105 85
0 105 89
0 105 90
0 105 92
0 105 100
0 105 128
0 106 7
0 106 10
0 106 19
0 106 33
0 106 134
0 107 17
0 107 25
0 107 76
0 107 88
0 107 93
0 108 105
0 108 112
0 109 3
0 109 44
0 109 80
0 109 104
0 110 10
0 110 45
0 110 55
0 110 56
0 110 59
0 110 65
0 111 43
0 111 71
0 112 9
0 112 16
0 112 111
0 112 124
0 113 5
0 113 7
0 113 40
0 113 47
0 114 45
0 114 103
0 114 128
0 114 136
0 115 17
0 115 34
0 115 43
0 115 81
0 115 97
0 116 16
0 116 61
0 116 77
0 116 81
0 117 11
0 117 36
0 117 136
0 118 12
0 118 85
0 119 17
0 119 30
0 119 50
0 119 122
0 120 3
0 120 56
1 0 10
1 0 28
1 0 53
1 0 60
1 0 75
1 1 12
1 1 61
1 1 83
1 1 87
1 1 95
1 1 101
1 1 105
1 1 122
1 2 0
1 2 30
1 2 44
1 2 106
1 3 0
1 3 28
1 3 37
1 3 38
1 3 78
1 3 97
1 3 105
1 4 16
1 4 20
1 4 60
1 4 76
1 4 101
1 4 109
1 4 119
1 5 29
1 5 45
1 5 57
1 5 71
1 5 81
1 5 84
1 5 96
1 5 116
1 6 45
1 6 95
1 7 32
1 7 45
1 7 85
1 7 112
1 8 3
1 8 10
1 8 22
1 8 60
1 8 94
1 8 105
1 8 107
1 9 12
1 9 49
1 9 62
1 9 108
1 10 15
1 10 27
1 10 71
1 10 106
1 10 111
1 10 123
1 11 11
1 11 46
1 11 61
1 11 62
1 11 89
1 12 1
1 12 50
1 13 24
1 14 3
1 14 46
1 15 114
1 15 121
1 16 2
1 16 26
1 16 37
1 16 52
1 16 55
1 16 71
1 16 83
1 16 114
1 17 3
1 17 48
1 17 71
1 17 72
1 17 111
1 18 9
1 18 41
1 18 42
1 18 76
1 20 60
1 20 96
1 20 113
1 21 30
1 22 27
1 22 44
1 22 77
1 22 84
1 22 110
1 22 122
1 23 75
1 23 89
1 23 114
1 23 115
1 24 23
1 24 24
1 24 28
1 24 30
1 24 60
1 24 70
1 24 81
1 25 1
1 25 14
1 25 16
1 25 61
1 25 124
1 26 9
1 26 57
1 26 109
1 27 36
1 27 86
1 27 92
1 27 104
1 28 17
1 28 55
1 28 94
1 29 3
1 29 22
1 29 36
1 29 46
1 29 58
1 30 90
1 30 116
1 31 7
1 31 12
1 31 19
1 31 26
1 31 71
1 31 72
1 31 106
1 32 33
1 32 36
1 32 80
1 32 93
1 33 4
1 33 5
1 33 27
1 33 115
1 34 17
1 34 23
1 34 24
1 34 70
1 35 19
1 35 53
1 35 58
1 35 94
1 36 34
1 36 36
1 36 49
1 36 52
1 36 83
1 37 42
1 37 49
1 37 90
1 37 114
1 37 119
1 38 77
1 38 85
1 39 113
1 40 7
1 40 30
1 40 75
1 40 80
1 41 13
1 41 28
1 41 38
1 41 40
1 41 54
1 41 79
1 41 85
1 42 7
1 42 19
1 42 40
1 42 60
1 42 84
1 42 89
1 42 122
1 43 15
1 43 19
1 43 41
1 43 67
1 44 54
1 44 58
1 44 92
1 45 5
1 45 30
1 45 82
1 45 104
1 46 3
1 46 83
1 46 103
1 46 110
1 46 121
1 47 44
1 47 65
1 48 27
1 48 32
1 48 58
1 49 14
1 50 30
1 50 55
1 50 68
1 50 86
1 50 96
1 50 114
1 51 1
1 51 6
1 51 13
1 51 46
1 51 72
1 51 93
1 52 52
1 52 67
1 52 76
1 53 18
1 53 21
1 53 87
1 53 123
1 54 0
1 54 93
1 55 8
1 55 17
1 55 91
1 56 16
1 56 30
1 56 39
1 56 40
1 56 73
1 56 75
1 56 89
1 57 60
1 57 67
1 57 81
1 58 15
1 58 19
1 58 33
1 58 49
1 58 112
1 59 51
1 59 52
1 59 71
1 59 72
1 59 107
1 60 18
1 60 34
1 60 52
1 60 106
1 61 13
1 61 73
1 62 40
1 63 17
1 63 81
1 64 64
1 64 96
1 64 106
1 65 3
1 65 90
1 66 17
1 66 64
1 66 100
1 67 32
1 67 58
1 67 86
1 67 103
1 67 116
1 68 23
1 68 78
1 68 84
1 68 86
1 69 10
1 69 41
1 69 55
1 69 110
1 70 3
1 70 118
1 71 5
1 71 13
1 71 27
1 71 102
1 72 1
1 72 60
1 72 110
1 73 0
1 73 2
1 73 44
1 74 15
1 74 32
1 74 100
1 74 116
1 75 21
1 75 83
1 75 100
1 75 101
1 75 120
1 76 1
1 76 50
1 76 96
1 76 123
1 77 50
1 77 69
1 77 114
1 78 26
1 78 68
1 78 86
1 78 88
1 78 90
1 78 92
1 79 36
1 79 46
1 79 62
1 79 85
1 79 103
1 80 35
1 80 46
1 81 3
1 81 12
1 81 42
1 81 45
1 81 74
1 81 105
1 81 114
1 82 3
1 82 29
1 82 55
1 82 71
1 83 12
1 83 49
1 83 91
1 84 6
1 84 49
1 84 93
1 84 102
1 84 113
1 85 4
1 85 5
1 85 18
1 85 91
1 85 92
1 85 105
1 86 37
1 86 41
1 86 44
1 86 83
1 86 99
1 86 102
1 87 60
1 87 70
1 87 93
1 87 102
1 88 25
1 88 28
1 88 30
1 88 52
1 89 38
1 89 47
1 90 22
1 90 23
1 90 90
1 91 24
1 91 77
1 91 78
1 91 94
1 92 16
1 92 24
1 92 57
1 92 60
1 92 105
1 93 5
1 93 12
1 93 39
1 93 75
1 93 77
1 93 90
1 93 93
1 93 114
1 93 115
1 93 116
1 93 122
1 94 23
1 94 91
1 95 11
1 95 73
1 95 84
1 95 123
1 96 0
1 96 120
1 97 20
1 97 26
1 97 27
1 97 52
1 97 68
1 98 29
1 98 34
1 98 46
1 98 47
1 98 77
1 98 84
1 98 109
1 99 8
1 99 107
1 100 28
1 100 41
1 100 44
1 100 75
1 101 5
1 101 28
1 101 35
1 101 48
1 101 63
1 101 93
1 101 108
1 102 34
1 102 106
1 102 119
1 103 3
1 103 58
1 103 64
1 103 69
1 103 86
1 104 4
1 104 16
1 104 45
1 104 60
1 104 80
1 104 100
1 105 61
1 105 119
1 106 2
1 106 14
1 106 60
1 106 82
1 106 98
1 106 100
1 106 103
1 106 104
1 106 123
1 107 11
1 107 70
1 107 89
1 108 68
1 108 86
1 108 119
1 109 77
1 109 114
1 110 35
1 110 84
1 111 10
1 111 24
1 111 69
1 111 81
1 111 108
1 111 116
1 112 67
1 112 79
1 112 87
1 112 116
1 113 9
1 113 64
1 114 10
1 114 105
1 114 106
1 114 109
1 115 19
1 115 46
1 115 60
1 115 61
1 115 76
1 116 10
1 116 58
1 116 92
1 117 5
1 117 35
1 117 52
1 117 56
1 117 61
1 117 74
1 118 7
1 118 62
1 118 92
1 119 6
1 119 39
1 119 58
1 119 64
1 119 118
1 120 10
1 120 37
1 120 38
1 121 46
1 121 49
1 121 66
1 121 95
1 121 115
1 121 123
1 122 43
1 122 61
1 123 9
1 123 55
1 123 99
1 123 104
1 123 106
1 123 122
1 124 0
1 124 76
1 125 1
1 125 29
1 125 48
1 125 73
1 125 114
1 126 17
1 126 30
1 126 36
1 126 75
1 126 83
1 127 4
1 127 45
1 127 80
1 127 121
1 128 11
1 128 16
1 128 54
1 128 94
1 128 104
1 128 122
1 129 3
1 129 35
1 129 39
1 129 67
1 129 82
1 129 92
1 129 104
1 129 118
1 130 40
1 130 43
1 130 62
1 131 22
1 131 40
1 131 45
1 131 92
1 131 94
1 132 0
1 132 31
1 132 36
1 132 44
1 132 49
1 132 61
1 132 76
1 133 42
1 133 81
1 133 83
1 133 95
1 133 117
1 133 123
1 134 6
1 134 9
1 134 42
1 134 70
1 134 108
1 134 116
1 135 3
1 135 18
1 135 38
1 135 56
1 135 73
1 135 102
1 135 119
1 136 40
1 136 50
1 136 66
1 136 93
1 136 112
2 0 56
2 0 87
2 0 89
2 0 105
2 1 21
2 1 77
2 1 82
2 1 95
2 1 119
2 1 169
2 1 171
2 2 27
2 2 59
2 2 84
2 2 98
2 2 106
2 2 124
2 2 146
2 2 167
2 3 28
2 3 30
2 3 88
2 3 118
2 3 121
2 4 0
2 4 8
2 4 16
2 4 50
2 5 12
2 5 40
2 5 89
2 5 113
2 5 123
2 5 125
2 5 140
2 5 167
2 6 66
2 6 70
2 6 82
2 6 88
2 6 132
2 7 40
2 7 45
2 7 132
2 7 144
2 8 23
2 8 24
2 8 26
2 8 76
2 8 81
2 8 89
2 8 108
2 8 121
2 8 129
2 8 162
2 9 26
2 9 61
2 9 80
2 9 94
2 9 116
2 9 166
2 10 24
2 10 40
2 10 76
2 10 79
2 10 87
2 10 158
2 11 31
2 11 78
2 11 88
2 11 136
2 11 137
2 11 142
2 11 166
2 12 12
2 12 28
2 12 86
2 12 103
2 12 119
2 12 130
2 12 132
2 12 147
2 12 154
2 12 171
2 13 10
2 13 50
2 13 75
2 13 77
2 13 138
2 14 14
2 14 88
2 14 110
2 14 115
2 15 25
2 15 55
2 15 71
2 15 97
2 15 113
2 15 128
2 15 129
2 15 140
2 15 149
2 15 168
2 16 72
2 16 78
2 17 20
2 17 53
2 17 79
2 17 95
2 17 115
2 17 126
2 17 133
2 17 139
2 17 140
2 18 47
2 18 61
2 18 139
2 18 167
2 18 171
2 19 57
2 19 76
2 19 118
2 19 147
2 19 158
2 19 173
2 20 8
2 20 22
2 20 75
2 20 79
2 20 107
2 20 161
2 20 172
2 21 19
2 21 69
2 21 87
2 21 129
2 21 132
2 21 136
2 22 11
2 22 62
2 22 77
2 22 88
2 22 124
2 23 4
2 23 34
2 23 104
2 23 112
2 23 117
2 23 167
2 23 172
2 24 5
2 24 6
2 24 27
2 24 88
2 24 117
2 24 152
2 25 64
2 25 65
2 25 115
2 25 134
2 25 157
2 26 7
2 26 62
2 26 99
2 27 29
2 27 34
2 27 69
2 27 76
2 27 88
2 27 94
2 27 127
2 27 130
2 28 69
2 28 104
2 28 128
2 28 137
2 28 159
2 29 53
2 29 124
2 29 136
2 30 9
2 30 20
2 30 45
2 30 52
2 30 167
2 31 50
2 31 65
2 31 129
2 31 162
2 31 163
2 31 164
2 32 2
2 32 17
2 32 51
2 32 90
2 32 159
2 32 173
2 33 2
2 33 3
2 33 44
2 33 67
2 33 91
2 33 106
2 33 131
2 34 60
2 35 28
2 35 48
2 35 65
2 35 67
2 36 8
2 36 20
2 36 21
2 36 44
2 36 69
2 36 74
2 36 108
2 36 109
2 36 111
2 36 169
2 37 15
2 37 19
2 37 36
2 37 48
2 37 78
2 37 115
2 37 173
2 38 8
2 38 106
2 38 130
2 38 140
2 39 5
2 39 11
2 39 46
2 39 48
2 39 49
2 39 53
2 39 115
2 40 3
2 40 79
2 40 103
2 40 131
2 40 161
2 41 30
2 41 53
2 41 78
2 41 106
2 42 1
2 42 16
2 42 26
2 42 82
2 42 98
2 42 112
2 42 133
2 42 156
2 43 16
2 43 44
2 43 104
2 43 106
2 43 142
2 43 147
2 44 34
2 44 77
2 44 121
2 44 150
2 44 156
2 45 46
2 45 101
2 45 112
2 45 145
2 45 164
2 46 27
2 46 98
2 46 143
2 46 166
2 46 169
2 47 2
2 47 10
2 47 16
2 47 29
2 47 51
2 47 76
2 47 113
2 47 118
2 47 165
2 48 12
2 48 79
2 48 110
2 48 141
2 49 19
2 49 54
2 49 64
2 49 116
2 50 5
2 50 17
2 50 62
2 50 93
2 50 99
2 50 163
2 50 173
2 51 24
2 51 34
2 51 36
2 51 37
2 51 63
2 51 79
2 51 89
2 52 13
2 52 27
2 52 38
2 52 44
2 52 76
2 52 88
2 52 125
2 52 169
2 53 44
2 53 46
2 53 78
2 53 114
2 53 125
2 53 142
2 54 72
2 54 88
2 54 104
2 54 124
2 54 135
2 54 154
2 54 168
2 54 171
2 55 36
2 55 81
2 55 89
2 55 94
2 55 101
2 55 113
2 55 136
2 55 151
2 56 29
2 56 33
2 56 50
2 56 119
2 56 149
2 57 63
2 57 98
2 57 120
2 57 149
2 58 4
2 58 50
2 58 53
2 58 105
2 58 106
2 58 133
2 58 140
2 59 21
2 59 80
2 59 121
2 59 140
2 59 149
2 60 107
2 61 12
2 61 32
2 61 54
2 61 95
2 61 128
2 62 41
2 62 72
2 62 110
2 62 128
2 62 143
2 63 50
2 63 71
2 64 16
2 64 70
2 64 152
2 65 82
2 65 133
2 65 172
2 66 6
2 66 9
2 66 30
2 66 65
2 66 79
2 66 81
2 66 91
2 66 103
2 66 132
2 66 144
2 67 47
2 67 69
2 67 92
2 67 111
2 67 113
2 67 124
2 67 162
2 68 9
2 68 40
2 68 58
2 69 33
2 69 113
2 70 4
2 70 15
2 70 17
2 70 49
2 70 142
2 70 155
2 71 24
2 71 29
2 71 39
2 71 70
2 71 101
2 71 136
2 71 142
2 72 0
2 72 62
2 72 63
2 72 67
2 72 103
2 72 125
2 72 141
2 73 8
2 73 28
2 73 69
2 73 71
2 73 88
2 73 139
2 74 9
2 74 46
2 74 53
2 74 70
2 74 101
2 75 9
2 75 75
2 75 149
2 75 150
2 75 155
2 76 59
2 76 113
2 76 115
2 76 134
2 76 138
2 76 149
2 77 46
2 77 56
2 77 95
2 77 129
2 77 137
2 77 142
2 78 8
2 78 10
2 78 48
2 78 102
2 78 135
2 78 140
2 78 161
2 78 163
2 79 72
2 79 117
2 79 160
2 79 170
2 80 10
2 80 24
2 80 34
2 80 60
2 80 101
2 80 122
2 80 125
2 80 141
2 80 149
2 80 159
2 80 172
2 81 12
2 81 100
2 81 112
2 81 127
2 81 139
2 81 159
2 82 122
2 82 132
2 82 165
2 82 167
2 83 62
2 83 124
2 83 173
2 84 62
2 84 85
2 84 104
2 84 114
2 84 137
2 84 139
2 84 150
2 84 161
2 85 10
2 85 15
2 85 44
2 85 70
2 85 72
2 85 75
2 85 91
2 85 100
2 85 145
2 85 172
2 86 65
2 86 129
2 87 3
2 87 12
2 87 20
2 87 33
2 87 48
2 87 60
2 87 62
2 87 99
2 87 100
2 87 141
2 87 163
2 88 91
2 88 130
2 88 157
2 89 33
2 89 56
2 89 169
2 90 5
2 90 19
2 90 32
2 90 59
2 90 71
2 90 82
2 91 26
2 91 27
2 91 72
2 91 121
2 91 162
2 92 4
2 92 57
2 92 113
2 92 118
2 92 144
2 92 157
2 93 8
2 93 22
2 93 40
2 93 53
2 94 13
2 94 38
2 94 63
2 94 74
2 94 131
2 94 137
2 95 35
2 95 58
2 95 69
2 95 93
2 95 95
2 95 109
2 95 158
2 96 18
2 96 52
2 96 88
2 96 91
2 96 115
2 96 118
2 96 137
2 96 146
2 96 148
2 96 173
2 97 41
2 97 58
2 97 64
2 97 69
2 97 90
2 98 42
2 98 100
2 98 135
2 98 165
2 99 18
2 99 35
2 99 75
2 99 79
2 99 83
2 99 94
2 99 105
2 99 113
2 99 148
2 100 19
2 100 60
2 100 126
2 100 128
2 100 173
2 101 24
2 101 42
2 101 77
2 101 106
2 101 145
2 102 22
2 102 40
2 102 112
2 103 14
2 103 22
2 103 58
2 103 89
2 103 111
2 103 162
2 104 2
2 104 13
2 104 19
2 104 90
2 104 125
2 104 163
2 105 8
2 105 59
2 105 87
2 105 126
2 105 168
2 106 30
2 106 37
2 106 73
2 106 91
2 106 148
2 107 15
2 107 25
2 107 102
2 107 103
2 108 52
2 108 54
2 108 85
2 108 125
2 108 160
2 109 42
2 109 84
2 109 117
2 109 160
2 110 69
2 110 92
2 110 135
2 110 137
2 111 15
2 111 20
2 111 25
2 111 37
2 111 60
2 111 92
2 111 114
2 111 137
2 112 18
2 112 47
2 112 86
2 112 107
2 112 122
2 112 156
2 112 165
2 113 1
2 113 3
2 113 10
2 113 32
2 113 51
2 113 147
2 114 28
2 114 59
2 114 75
2 114 154
2 114 159
2 114 172
2 115 44
2 115 51
2 115 122
2 116 43
2 116 60
2 116 63
2 116 112
2 116 154
2 117 15
2 117 32
2 117 82
2 117 92
2 117 104
2 117 161
2 118 25
2 118 39
2 118 55
2 118 117
2 119 32
2 119 61
2 119 67
2 119 79
2 119 113
2 119 118
2 119 131
2 120 36
2 120 103
2 120 129
2 120 137
2 121 32
2 121 44
2 121 69
2 121 104
2 121 107
2 121 108
2 121 167
2 121 169
2 122 32
2 122 76
2 122 107
2 122 117
2 122 118
2 122 146
2 123 46
2 123 48
2 123 86
2 123 90
2 123 106
2 123 108
2 124 54
2 124 67
2 124 126
2 124 173
3 0 32
3 0 55
3 0 86
3 0 111
3 0 116
3 1 23
3 1 28
3 1 37
3 1 103
3 1 113
3 2 47
3 2 56
3 2 67
3 2 111
3 3 24
3 3 79
3 4 44
3 4 53
3 4 55
3 4 63
3 4 117
3 5 62
3 6 45
3 6 83
3 6 98
3 7 1
3 7 15
3 7 26
3 7 32
3 7 80
3 8 29
3 8 36
3 8 47
3 8 70
3 10 38
3 10 45
3 10 117
3 11 14
3 11 47
3 11 108
3 11 118
3 12 69
3 12 72
3 13 29
3 13 36
3 14 25
3 14 41
3 14 60
3 14 77
3 15 56
3 15 74
3 16 67
3 16 88
3 16 115
3 17 112
3 18 19
3 20 17
3 20 26
3 20 42
3 21 8
3 21 39
3 22 9
3 22 66
3 23 65
3 23 95
3 24 8
3 24 11
3 24 25
3 24 104
3 25 5
3 25 7
3 25 48
3 25 51
3 25 111
3 25 115
3 26 19
3 26 50
3 26 60
3 26 71
3 27 10
3 27 32
3 27 35
3 27 38
3 27 47
3 27 84
3 27 113
3 28 25
3 28 32
3 28 66
3 28 102
3 28 103
3 28 119
3 29 60
3 29 111
3 30 9
3 30 12
3 30 31
3 30 55
3 30 66
3 30 76
3 30 80
3 31 0
3 31 2
3 31 62
3 31 66
3 32 8
3 32 51
3 32 115
3 33 6
3 33 7
3 33 24
3 33 42
3 33 70
3 34 3
3 34 4
3 34 70
3 34 108
3 35 24
3 35 31
3 35 47
3 35 53
3 35 74
3 37 35
3 37 102
3 38 17
3 39 43
3 39 77
3 39 79
3 39 85
3 40 24
3 40 31
3 40 72
3 40 75
3 40 83
3 40 90
3 41 112
3 42 26
3 42 98
3 42 102
3 43 4
3 43 41
3 43 45
3 43 53
3 44 2
3 44 3
3 44 31
3 44 63
3 44 74
3 44 84
3 44 96
3 45 1
3 45 71
3 46 1
3 46 36
3 46 62
3 46 97
3 47 18
3 47 40
3 47 52
3 47 72
3 47 110
3 48 3
3 48 56
3 48 72
3 48 87
3 48 108
3 48 115
3 49 8
3 50 17
3 50 55
3 50 66
3 50 94
3 51 2
3 51 84
3 51 103
3 51 108
3 52 22
3 52 72
3 53 55
3 53 59
3 53 72
3 53 96
3 53 109
3 54 29
3 54 35
3 54 45
3 54 76
3 54 105
3 54 118
3 55 22
3 55 24
3 55 34
3 55 61
3 55 95
3 55 97
3 56 17
3 56 26
3 56 34
3 56 49
3 56 79
3 57 11
3 57 30
3 57 55
3 57 88
3 57 94
3 57 95
3 57 104
3 58 4
3 58 25
3 58 61
3 58 89
3 58 90
3 58 117
3 59 11
3 59 65
3 59 96
3 60 16
3 60 23
3 60 61
3 60 86
3 61 57
3 61 110
3 61 117
3 62 20
3 62 44
3 62 56
3 62 71
3 62 91
3 63 21
3 63 23
3 63 109
3 64 6
3 64 22
3 64 38
3 64 65
3 64 101
3 64 105
3 65 9
3 65 64
3 65 108
3 66 47
3 67 20
3 67 81
3 67 103
3 67 117
3 68 73
3 69 4
3 69 52
3 69 70
3 69 98
3 70 13
3 70 17
3 70 28
3 70 29
3 70 85
3 70 111
3 70 114
3 71 13
3 71 28
3 71 44
3 71 52
3 72 16
3 73 54
3 73 57
3 73 72
3 73 105
3 73 114
3 74 38
3 74 83
3 74 89
3 74 92
3 75 56
3 75 78
3 76 2
3 76 9
3 76 52
3 76 68
3 76 72
3 76 84
3 76 97
3 77 4
3 77 6
3 77 29
3 77 41
3 77 75
3 78 3
3 78 9
3 78 31
3 78 71
3 78 87
3 79 46
3 79 51
3 79 69
3 79 76
3 80 44
3 80 52
3 80 89
3 81 12
3 81 14
3 81 36
3 82 3
3 82 45
3 82 59
3 83 2
3 83 39
3 84 54
3 84 90
3 85 2
3 85 10
3 85 48
3 85 71
3 85 117
3 86 36
3 86 54
3 87 47
3 87 61
3 87 75
3 87 87
3 87 101
3 87 105
3 88 52
3 88 67
3 89 70
3 89 79
3 89 99
3 89 119
3 90 0
3 90 5
3 90 21
3 90 43
3 90 59
3 90 116
3 91 40
3 91 55
3 91 64
3 91 84
3 91 111
3 92 2
3 92 14
3 92 97
3 93 77
3 94 34
3 94 81
3 95 0
3 95 31
3 95 86
3 96 7
3 96 14
3 96 60
3 96 97
3 97 40
3 97 49
3 97 51
3 97 114
3 97 117
3 98 34
3 98 47
3 98 92
3 99 13
3 99 37
3 99 84
3 100 19
3 100 53
3 100 93
3 102 37
3 102 74
3 102 77
3 102 85
3 103 9
3 103 28
3 103 34
3 103 56
3 103 71
3 103 95
3 103 97
3 104 15
3 104 72
3 104 99
3 105 41
3 105 92
3 106 7
3 106 27
3 106 48
3 106 104
3 106 105
3 107 32
3 107 52
3 107 79
3 107 112
3 107 119
3 108 0
3 108 2
3 108 41
3 108 69
3 108 110
3 109 14
3 109 21
3 109 29
3 109 37
3 109 47
3 109 66
3 109 79
3 109 90
3 109 102
3 110 108
3 111 21
3 111 28
3 111 77
3 112 7
3 112 11
3 112 21
3 112 23
3 112 108
3 113 58
3 114 98
3 114 114
3 115 14
3 115 28
3 116 20
3 116 67
3 117 16
3 117 48
3 117 96
3 118 36
3 118 60
3 118 65
3 118 90
3 118 91
3 119 27
3 119 45
3 119 47
3 120 20
3 120 32
3 120 46
3 120 111
3 121 8
3 121 86
3 121 89
3 121 90
3 122 35
3 122 56
3 122 79
3 122 90
3 122 95
3 123 8
3 123 116
3 125 27
3 125 45
3 125 65
3 125 114
3 126 87
3 126 88
3 126 95
3 127 34
3 127 55
3 127 101
3 128 55
3 128 61
3 128 66
3 128 72
3 128 73
3 129 0
3 129 61
3 129 72
3 129 83
3 129 93
3 129 96
3 129 99
3 129 107
3 129 118
3 130 7
3 130 59
3 130 75
3 130 95
3 131 10
3 131 14
3 131 36
3 131 91
3 131 118
3 132 20
3 132 39
3 132 58
3 132 96
3 133 103
3 133 110
3 134 6
3 134 40
3 134 62
3 134 63
3 134 74
3 134 86
3 134 87
3 134 102
3 135 9
3 135 14
3 135 35
3 135 59
3 135 71
3 135 88
3 136 21
3 136 38
3 136 71
3 136 96
3 136 114
3 137 10
3 137 103
3 138 7
3 138 28
3 138 44
3 138 49
3 138 51
3 138 93
3 138 110
3 139 2
3 139 30
3 139 66
3 139 80
3 139 94
3 140 2
3 140 15
3 140 24
3 140 43
3 140 62
3 141 10
3 141 31
3 141 45
3 141 119
3 142 17
3 142 86
3 142 110
3 143 101
3 144 1
3 144 7
3 144 24
3 144 38
3 144 65
3 144 87
3 144 111
3 145 12
3 145 40
3 145 78
3 145 110
3 146 10
3 146 12
3 146 36
3 146 78
3 146 118
3 147 2
3 147 85
3 147 113
3 148 12
3 148 14
3 148 70
3 148 79
3 149 3
3 149 33
3 149 44
3 149 67
3 149 84
3 150 34
3 150 42
3 150 74
3 151 59
3 151 72
3 151 88
3 152 45
3 153 76
3 153 81
3 153 93
3 153 99
3 153 115
3 154 46
3 154 90
3 154 105
3 154 109
3 155 36
3 155 101
3 155 108
3 156 12
3 156 28
3 156 75
3 156 79
3 157 39
3 157 58
3 157 86
3 157 103
3 158 1
3 158 33
3 158 66
3 158 78
3 159 58
3 159 94
3 160 26
3 160 83
3 160 116
3 162 20
3 162 24
3 162 40
3 162 73
3 163 17
3 163 50
3 163 53
3 163 80
3 163 108
3 163 113
3 163 118
3 164 2
3 164 13
3 164 28
3 164 77
3 164 90
3 165 6
3 165 8
3 165 66
3 165 67
3 165 103
3 165 110
3 166 4
3 166 53
3 166 77
3 166 90
3 166 112
3 166 117
3 167 86
3 167 97
3 168 81
3 168 82
3 169 4
3 169 13
3 169 24
3 169 36
3 169 55
3 169 78
3 169 82
3 169 87
3 170 3
3 170 33
3 170 42
3 170 65
3 170 79
3 170 96
3 171 14
3 171 21
3 171 32
3 171 49
3 171 50
3 171 53
3 171 67
3 172 51
3 172 98
3 172 118
3 173 45
3 173 97