954
5
90 146 91 101 139
2500

0 0 0 0 105 812 0 0 0 0 703 546 0 741 0 0 286 420 906 0 0 557 264 70 58 0 0 0 0 0 27 11 0 0 93 0 0 0 0 0 0 0 51 25 33 0 3 0 86 0 0 0 0 0 88 0 0 89 0 0 0 71 40 0 20 12 40 0 25 87 0 8 0 0 0 33 94 0 26 0 60 0 0 59 0 0 0 75 86 6
0 0 472 875 0 0 89 111 0 600 0 0 2 254 359 0 990 530 990 951 0 377 0 0 0 322 552 844 771 46 0 0 652 38 119 484 0 0 97 0 0 0 58 33 0 67 0 35 0 93 0 13 32 27 56 29 0 48 32 38 0 49 89 0 0 51 43 0 0 0 42 91 3 0 53 0 0 29 86 81 63 54 41 38 99 0 32 0 0 5 31 0 29 8 84 83 0 0 74 0 15 0 98 0 0 0 0 0 96 0 85 0 0 0 0 0 0 0 80 89 0 0 0 61 0 0 41 0 2 0 59 0 0 0 0 0 0 0 78 0 1 1 0 0 0 0
0 776 333 0 80 0 0 673 0 0 0 0 0 0 287 0 110 334 399 0 0 0 0 78 0 76 26 0 0 66 89 2 48 0 48 0 56 45 0 42 0 0 0 0 0 76 61 74 66 30 0 90 36 67 0 0 69 0 0 0 59 30 0 93 32 42 0 0 64 54 0 3 0 66 0 16 54 0 10 61 0 0 6 0 52 0 0 0 40 10 98
613 391 0 0 442 0 272 0 595 587 0 949 421 0 0 184 0 219 142 549 0 0 0 967 0 155 0 53 0 0 24 0 0 44 0 16 0 0 0 11 97 0 92 40 17 0 0 76 0 0 0 0 95 0 25 0 8 55 0 3 0 1 0 0 0 52 86 72 0 34 0 0 87 0 0 0 0 0 0 60 57 0 42 0 45 86 18 89 1 28 43 23 73 77 0 0 0 0 0 0 0
0 0 509 342 791 0 688 931 0 226 0 0 0 0 0 118 148 642 0 0 587 467 0 0 0 0 759 593 0 0 0 873 0 0 242 6 0 34 51 5 0 69 0 0 99 93 0 0 23 0 39 0 50 0 0 0 34 0 100 0 83 96 31 0 36 0 81 81 52 41 61 3 67 80 88 36 0 0 0 72 0 0 0 76 72 24 47 0 93 0 60 0 40 0 0 29 67 0 0 0 66 0 9 6 0 64 13 0 0 0 0 36 2 96 0 0 7 88 41 4 0 0 76 52 32 0 25 89 0 0 0 0 28 92 25 0 49 0 0

0 0 15
0 0 23
0 0 25
0 0 29
0 0 31
0 0 71
0 0 84
0 0 95
0 0 103
0 0 107
0 0 115
0 1 52
0 1 77
0 1 87
0 1 99
0 1 106
0 1 107
0 2 33
0 2 39
0 2 50
0 2 52
0 2 54
0 2 62
0 2 97
0 2 113
0 2 126
0 2 132
0 2 140
0 3 6
0 3 13
0 3 37
0 3 63
0 3 75
0 3 88
0 4 2
0 4 6
0 4 103
0 4 105
0 4 106
0 4 109
0 5 18
0 5 24
0 5 29
0 5 33
0 5 50
0 5 65
0 5 68
0 5 73
0 5 83
0 5 88
0 5 116
0 5 132
0 6 12
0 6 19
0 6 109
0 6 113
0 6 132
0 6 139
0 6 142
0 6 144
0 7 29
0 7 33
0 7 40
0 7 65
0 7 80
0 7 89
0 7 96
0 7 101
0 7 105
0 7 118
0 7 120
0 7 125
0 7 136
0 8 0
0 8 82
0 8 93
0 8 121
0 8 133
0 9 5
0 9 11
0 9 25
0 9 27
0 9 35
0 9 55
0 9 64
0 9 77
0 9 110
0 9 115
0 9 122
0 9 142
0 10 7
0 10 11
0 10 19
0 10 22
0 10 55
0 10 60
0 10 83
0 10 84
0 10 85
0 10 111
0 10 115
0 10 138
0 11 6
0 11 22
0 11 29
0 11 42
0 11 79
0 11 80
0 11 104
0 11 137
0 11 143
0 12 16
0 12 22
0 12 26
0 12 48
0 12 55
0 12 100
0 12 114
0 12 116
0 12 142
0 13 7
0 13 9
0 13 50
0 13 53
0 13 75
0 13 81
0 13 85
0 13 119
0 13 135
0 14 11
0 14 42
0 14 88
0 14 97
0 14 128
0 14 132
0 14 145
0 15 6
0 15 37
0 15 38
0 15 43
0 15 75
0 15 114
0 15 116
0 15 125
0 15 127
0 16 7
0 16 19
0 16 45
0 16 48
0 16 60
0 16 83
0 16 91
0 16 116
0 17 42
0 17 50
0 17 65
0 17 74
0 17 96
0 17 105
0 17 114
0 17 130
0 18 15
0 18 18
0 18 58
0 18 100
0 18 117
0 18 124
0 18 133
0 18 134
0 19 1
0 19 9
0 19 29
0 19 32
0 19 44
0 19 45
0 19 74
0 19 89
0 19 95
0 19 99
0 19 102
0 19 129
0 20 32
0 20 56
0 20 64
0 20 79
0 20 98
0 20 112
0 20 129
0 20 139
0 21 30
0 21 41
0 21 68
0 21 71
0 21 101
0 21 113
0 21 123
0 22 37
0 22 66
0 22 83
0 22 85
0 22 89
0 22 134
0 23 22
0 23 48
0 23 77
0 23 91
0 23 101
0 23 109
0 24 26
0 24 44
0 24 115
0 25 1
0 25 2
0 25 7
0 25 35
0 25 56
0 25 70
0 25 73
0 25 78
0 25 82
0 25 105
0 25 136
0 26 8
0 26 29
0 26 33
0 26 64
0 26 111
0 26 126
0 26 128
0 26 133
0 27 4
0 27 14
0 27 78
0 27 85
0 27 133
0 27 140
0 28 9
0 28 16
0 28 64
0 28 69
0 28 81
0 28 107
0 28 128
0 28 134
0 29 1
0 29 2
0 29 44
0 29 45
0 29 50
0 29 87
0 29 93
0 29 99
0 29 109
0 29 120
0 29 124
0 29 134
0 29 140
0 30 12
0 30 36
0 30 42
0 30 46
0 30 92
0 30 104
0 31 8
0 31 17
0 31 34
0 31 35
0 31 61
0 31 141
0 31 142
0 32 21
0 32 47
0 32 85
0 32 104
0 32 119
0 32 122
0 33 3
0 33 21
0 33 46
0 33 58
0 33 69
0 33 98
0 33 115
0 33 126
0 33 131
0 33 137
0 34 1
0 34 5
0 34 49
0 34 57
0 34 62
0 34 64
0 34 99
0 34 106
0 34 108
0 34 130
0 34 131
0 34 141
0 35 7
0 35 22
0 35 28
0 35 29
0 35 42
0 35 47
0 35 56
0 35 85
0 35 94
0 35 109
0 35 133
0 36 1
0 36 51
0 36 67
0 36 72
0 36 84
0 36 85
0 36 96
0 36 123
0 37 15
0 37 29
0 37 41
0 37 68
0 37 71
0 37 77
0 37 80
0 37 82
0 37 84
0 37 88
0 37 89
0 37 131
0 38 4
0 38 13
0 38 22
0 38 28
0 38 55
0 38 85
0 38 89
0 38 134
0 38 144
0 39 2
0 39 18
0 39 32
0 39 44
0 39 54
0 39 94
0 39 114
0 39 135
0 39 138
0 40 13
0 40 21
0 40 25
0 40 73
0 40 74
0 40 97
0 40 120
0 40 141
0 41 4
0 41 9
0 41 21
0 41 25
0 41 27
0 41 40
0 41 80
0 41 85
0 41 101
0 42 1
0 42 7
0 42 13
0 42 16
0 42 24
0 42 26
0 42 46
0 42 88
0 42 137
0 43 76
0 43 88
0 43 102
0 43 128
0 43 136
0 43 140
0 44 7
0 44 23
0 44 36
0 44 46
0 44 94
0 44 119
0 45 7
0 45 11
0 45 24
0 45 58
0 45 90
0 45 97
0 45 117
0 45 123
0 46 7
0 46 20
0 46 38
0 46 41
0 46 51
0 46 75
0 46 78
0 46 124
0 46 136
0 47 15
0 47 79
0 47 81
0 47 124
0 47 129
0 48 4
0 48 20
0 48 34
0 48 49
0 48 88
0 48 102
0 48 112
0 48 133
0 49 15
0 49 19
0 49 30
0 49 31
0 49 60
0 49 68
0 49 82
0 49 108
0 49 116
0 49 134
0 50 21
0 50 26
0 50 33
0 50 77
0 50 82
0 50 83
0 50 103
0 50 107
0 50 109
0 50 130
0 51 0
0 51 3
0 51 42
0 51 94
0 52 1
0 52 36
0 52 51
0 52 82
0 52 87
0 52 98
0 52 113
0 53 5
0 53 38
0 53 61
0 53 92
0 53 112
0 54 3
0 54 9
0 54 21
0 54 24
0 54 29
0 54 44
0 54 58
0 54 73
0 54 110
0 54 124
0 54 128
0 54 131
0 55 15
0 55 84
0 55 102
0 55 113
0 55 127
0 56 43
0 56 54
0 56 67
0 56 125
0 56 140
0 57 17
0 57 34
0 57 49
0 57 50
0 57 99
0 57 110
0 57 116
0 57 145
0 58 6
0 58 25
0 58 27
0 58 44
0 58 52
0 58 72
0 58 99
0 58 141
0 59 13
0 59 28
0 59 34
0 59 101
0 59 117
0 60 1
0 60 12
0 60 127
0 61 63
0 61 80
0 61 82
0 61 88
0 61 127
0 61 129
0 62 2
0 62 15
0 62 19
0 62 26
0 62 39
0 62 49
0 62 52
0 62 62
0 62 69
0 62 98
0 63 0
0 63 49
0 63 55
0 63 70
0 63 133
0 63 143
0 64 4
0 64 21
0 64 54
0 64 74
0 64 90
0 64 110
0 64 122
0 64 125
0 64 143
0 65 86
0 65 112
0 65 139
0 66 12
0 66 27
0 66 66
0 66 71
0 66 78
0 66 81
0 66 94
0 66 95
0 66 103
0 66 123
0 67 6
0 67 18
0 67 35
0 67 39
0 67 59
0 67 144
0 68 1
0 68 35
0 68 42
0 68 43
0 68 56
0 68 57
0 68 70
0 68 94
0 68 126
0 69 15
0 69 32
0 69 42
0 69 44
0 69 57
0 69 65
0 69 67
0 69 71
0 69 84
0 69 101
0 69 114
0 70 52
0 70 61
0 70 79
0 70 87
0 70 103
0 70 110
0 70 137
0 71 12
0 71 16
0 71 17
0 71 52
0 71 75
0 71 77
0 71 90
0 71 102
0 71 113
0 71 121
0 72 17
0 72 21
0 72 53
0 72 66
0 72 70
0 72 92
0 72 104
0 72 132
0 72 142
0 73 15
0 73 25
0 73 49
0 73 54
0 73 60
0 73 71
0 73 104
0 73 131
0 73 137
0 73 139
0 73 140
0 74 10
0 74 11
0 74 28
0 74 30
0 74 54
0 74 77
0 74 96
0 74 129
0 75 29
0 75 52
0 75 124
0 75 144
0 76 61
0 76 93
0 76 100
0 76 115
0 77 15
0 77 20
0 77 28
0 77 50
0 77 104
0 77 109
0 77 119
0 78 59
0 78 91
0 78 116
0 78 145
0 79 8
0 79 50
0 79 51
0 79 81
0 79 98
0 79 120
0 79 136
0 80 37
0 80 69
0 80 82
0 80 130
0 81 93
0 81 106
0 81 133
0 82 19
0 82 40
0 82 46
0 82 55
0 82 62
0 82 76
0 82 83
0 82 101
0 82 126
0 82 134
0 83 19
0 83 33
0 83 41
0 83 95
0 83 127
0 84 26
0 84 27
0 84 30
0 84 39
0 84 56
0 84 57
0 84 63
0 84 72
0 84 73
0 84 108
0 84 109
0 84 122
0 84 132
0 85 1
0 85 4
0 85 9
0 85 13
0 85 54
0 85 85
0 85 131
0 85 135
0 85 144
0 86 1
0 86 3
0 86 53
0 86 54
0 86 84
0 86 95
0 86 107
0 86 132
0 86 135
0 87 4
0 87 10
0 87 39
0 87 67
0 87 80
0 87 91
0 87 120
0 87 143
0 88 6
0 88 10
0 88 51
0 88 135
0 89 4
0 89 53
0 89 89
0 89 90
0 89 92
0 89 99
0 89 110
1 0 37
1 0 63
1 1 2
1 1 16
1 1 69
1 1 72
1 1 83
1 2 27
1 2 54
1 3 30
1 3 57
1 3 76
1 4 8
1 4 29
1 4 51
1 5 7
1 5 14
1 5 18
1 5 22
1 5 54
1 6 17
1 7 30
1 7 44
1 7 63
1 7 70
1 7 80
1 8 22
1 8 44
1 8 52
1 8 75
1 8 85
1 9 3
1 9 25
1 9 65
1 9 71
1 9 72
1 9 73
1 10 7
1 10 8
1 10 44
1 10 53
1 10 65
1 10 73
1 10 78
1 11 20
1 11 56
1 12 8
1 12 18
1 12 19
1 12 34
1 12 53
1 12 55
1 13 85
1 14 20
1 14 22
1 14 46
1 14 55
1 14 76
1 14 87
1 15 5
1 15 21
1 15 29
1 15 40
1 15 83
1 16 40
1 16 87
1 17 10
1 17 20
1 17 70
1 18 12
1 18 27
1 18 34
1 18 44
1 18 46
1 18 49
1 18 75
1 18 79
1 19 4
1 20 3
1 20 14
1 20 17
1 20 35
1 20 53
1 20 66
1 20 77
1 20 86
1 20 87
1 20 90
1 21 28
1 21 39
1 21 78
1 21 83
1 21 86
1 23 1
1 23 25
1 23 45
1 23 50
1 23 65
1 23 72
1 24 11
1 24 53
1 24 70
1 24 74
1 24 86
1 25 5
1 26 41
1 26 62
1 26 80
1 26 88
1 27 10
1 27 15
1 27 35
1 27 44
1 27 54
1 27 75
1 27 79
1 28 22
1 28 26
1 28 38
1 28 79
1 28 87
1 28 88
1 29 8
1 29 10
1 29 13
1 29 61
1 29 81
1 30 27
1 30 35
1 30 47
1 30 50
1 31 33
1 31 52
1 31 54
1 31 69
1 32 9
1 32 75
1 32 87
1 33 7
1 33 12
1 33 31
1 33 42
1 33 61
1 33 88
1 34 6
1 34 13
1 34 21
1 34 28
1 34 54
1 34 56
1 35 21
1 35 46
1 35 63
1 35 82
1 36 22
1 36 40
1 36 69
1 36 71
1 36 80
1 37 52
1 37 79
1 38 2
1 38 15
1 38 33
1 38 45
1 38 52
1 39 22
1 39 67
1 39 88
1 40 8
1 40 29
1 40 30
1 40 52
1 40 58
1 41 33
1 41 42
1 41 73
1 42 7
1 42 13
1 42 16
1 42 24
1 42 37
1 42 52
1 42 54
1 42 55
1 42 59
1 42 66
1 42 68
1 42 82
1 43 1
1 43 16
1 43 63
1 43 84
1 44 2
1 44 12
1 44 46
1 44 61
1 45 10
1 45 18
1 45 90
1 46 48
1 46 55
1 46 68
1 47 47
1 47 89
1 48 7
1 48 45
1 48 54
1 48 64
1 49 32
1 49 82
1 49 85
1 50 39
1 50 41
1 50 50
1 50 58
1 51 1
1 51 20
1 51 66
1 51 75
1 52 9
1 52 67
1 52 69
1 52 71
1 53 1
1 53 16
1 53 83
1 53 84
1 54 14
1 54 24
1 54 68
1 55 5
1 55 14
1 55 22
1 55 42
1 55 73
1 55 84
1 56 67
1 57 24
1 57 43
1 57 81
1 57 83
1 58 9
1 58 86
1 59 1
1 59 3
1 59 29
1 59 34
1 59 41
1 59 52
1 59 87
1 60 28
1 60 32
1 60 35
1 60 43
1 60 66
1 60 84
1 61 7
1 61 12
1 61 20
1 61 43
1 62 37
1 62 87
1 62 89
1 63 11
1 63 18
1 63 41
1 63 63
1 64 13
1 64 30
1 64 35
1 64 37
1 64 57
1 64 68
1 64 72
1 65 4
1 65 29
1 65 38
1 65 57
1 65 59
1 65 70
1 65 78
1 66 11
1 66 41
1 66 59
1 66 75
1 67 18
1 67 39
1 68 44
1 68 46
1 69 35
1 69 45
1 69 78
1 69 86
1 70 12
1 70 49
1 70 50
1 70 88
1 71 0
1 71 79
1 72 9
1 72 31
1 72 51
1 72 53
1 72 55
1 73 7
1 73 15
1 73 79
1 73 87
1 74 4
1 74 16
1 74 30
1 74 34
1 74 36
1 74 50
1 74 61
1 75 21
1 75 64
1 76 0
1 76 69
1 76 78
1 76 87
1 76 89
1 77 11
1 77 31
1 78 35
1 78 59
1 78 86
1 79 16
1 79 31
1 79 41
1 79 42
1 79 70
1 79 73
1 79 78
1 79 81
1 80 42
1 80 60
1 80 77
1 80 79
1 80 80
1 81 30
1 81 57
1 81 61
1 81 74
1 82 60
1 83 32
1 83 39
1 83 45
1 83 54
1 83 66
1 83 88
1 84 8
1 84 24
1 84 30
1 84 64
1 85 21
1 85 45
1 85 53
1 85 69
1 85 85
1 86 9
1 86 31
1 86 49
1 86 56
1 86 64
1 86 67
1 87 1
1 87 2
1 87 16
1 87 36
1 87 86
1 87 89
1 88 27
1 88 37
1 88 58
1 89 3
1 89 57
1 90 4
1 90 12
1 90 25
1 90 26
1 90 48
1 90 55
1 90 90
1 91 6
1 91 23
1 91 28
1 91 39
1 91 54
1 91 77
1 91 89
1 92 29
1 92 47
1 92 52
1 92 78
1 93 26
1 93 50
1 93 89
1 94 0
1 94 60
1 94 65
1 95 9
1 95 11
1 95 38
1 95 43
1 95 47
1 95 59
1 95 73
1 96 6
1 96 11
1 96 63
1 96 75
1 96 77
1 96 87
1 97 16
1 97 20
1 97 26
1 97 40
1 97 67
1 98 27
1 98 40
1 98 65
1 99 0
1 99 4
1 99 7
1 99 23
1 99 62
1 99 65
1 100 24
1 100 35
1 100 81
1 100 85
1 101 7
1 101 61
1 102 6
1 102 18
1 102 38
1 102 65
1 102 67
1 102 69
1 103 3
1 103 39
1 103 47
1 103 48
1 103 61
1 103 71
1 104 17
1 104 22
1 104 51
1 104 55
1 105 53
1 105 83
1 105 86
1 106 8
1 106 48
1 106 70
1 106 71
1 106 74
1 106 76
1 107 35
1 107 37
1 107 70
1 107 73
1 108 6
1 108 29
1 108 66
1 108 68
1 108 77
1 109 11
1 109 15
1 109 40
1 109 73
1 110 49
1 110 77
1 110 85
1 111 9
1 111 28
1 111 30
1 111 48
1 111 67
1 111 81
1 112 10
1 112 48
1 112 51
1 112 55
1 112 62
1 112 69
1 112 81
1 113 17
1 113 21
1 113 50
1 113 55
1 114 7
1 114 15
1 114 28
1 114 48
1 114 76
1 114 83
1 115 1
1 115 35
1 116 18
1 116 84
1 116 85
1 117 21
1 117 37
1 117 54
1 117 61
1 118 6
1 118 22
1 118 45
1 118 52
1 118 87
1 119 3
1 119 24
1 119 32
1 119 38
1 119 57
1 119 61
1 119 86
1 119 87
1 120 12
1 120 66
1 121 28
1 121 38
1 121 83
1 122 26
1 122 36
1 122 39
1 122 59
1 122 72
1 122 74
1 123 8
1 123 43
1 123 44
1 123 49
1 124 8
1 124 69
1 124 86
1 125 49
1 125 64
1 126 16
1 126 32
1 126 35
1 126 71
1 126 72
1 127 16
1 127 51
1 127 62
1 127 76
1 128 38
1 128 41
1 129 1
1 129 2
1 129 28
1 129 48
1 130 43
1 130 87
1 130 90
1 131 12
1 131 35
1 131 41
1 131 70
1 132 28
1 132 32
1 132 34
1 132 83
1 133 50
1 133 58
1 133 82
1 133 84
1 134 5
1 134 16
1 134 39
1 134 50
1 134 58
1 135 5
1 135 21
1 135 29
1 135 42
1 135 78
1 136 4
1 136 8
1 136 41
1 136 75
1 137 18
1 137 21
1 138 1
1 138 25
1 138 48
1 138 58
1 139 1
1 139 22
1 139 27
1 139 35
1 139 79
1 139 80
1 139 82
1 140 23
1 140 39
1 140 45
1 140 68
1 140 73
1 140 75
1 140 85
1 141 27
1 141 37
1 142 12
1 142 51
1 143 55
1 143 64
1 143 78
1 143 79
1 144 31
1 144 40
1 144 76
1 144 88
1 145 1
1 145 9
1 145 21
1 145 71
2 0 5
2 0 14
2 0 75
2 0 83
2 0 85
2 0 92
2 0 99
2 1 15
2 1 44
2 1 47
2 1 66
2 1 81
2 2 9
2 3 3
2 3 28
2 3 54
2 3 87
2 4 17
2 4 19
2 4 21
2 4 36
2 4 61
2 4 77
2 5 4
2 5 11
2 5 19
2 5 33
2 5 41
2 6 0
2 6 1
2 6 43
2 6 53
2 6 69
2 6 85
2 7 46
2 7 57
2 7 65
2 7 77
2 8 37
2 8 52
2 8 55
2 8 60
2 9 14
2 9 29
2 10 19
2 10 35
2 10 57
2 10 91
2 11 9
2 11 16
2 11 18
2 11 39
2 11 54
2 12 2
2 12 65
2 12 76
2 13 33
2 13 86
2 13 87
2 14 11
2 14 12
2 14 37
2 14 78
2 14 83
2 15 14
2 15 52
2 15 61
2 15 67
2 15 81
2 15 87
2 16 52
2 17 33
2 17 64
2 17 69
2 17 72
2 17 92
2 18 33
2 18 49
2 18 62
2 18 80
2 18 90
2 19 99
2 20 52
2 20 98
2 21 0
2 21 40
2 21 83
2 21 92
2 21 94
2 22 11
2 22 46
2 22 58
2 22 67
2 22 84
2 23 19
2 24 8
2 24 42
2 24 80
2 24 95
2 25 39
2 25 59
2 25 77
2 25 100
2 26 16
2 26 24
2 26 46
2 26 55
2 26 63
2 27 12
2 27 27
2 27 60
2 27 74
2 27 91
2 28 33
2 28 59
2 28 81
2 29 17
2 29 26
2 29 30
2 29 41
2 29 45
2 30 3
2 30 6
2 30 7
2 30 36
2 30 44
2 30 69
2 30 72
2 30 78
2 30 87
2 31 1
2 31 3
2 31 10
2 31 31
2 31 34
2 31 53
2 31 71
2 31 72
2 31 74
2 31 91
2 32 17
2 32 26
2 32 55
2 32 71
2 32 77
2 32 78
2 32 81
2 32 88
2 33 0
2 33 15
2 33 26
2 33 42
2 33 51
2 33 52
2 33 54
2 33 55
2 33 59
2 33 87
2 33 90
2 34 7
2 34 36
2 34 70
2 35 13
2 35 31
2 35 63
2 35 64
2 35 67
2 35 85
2 36 11
2 36 30
2 36 47
2 37 38
2 37 48
2 37 64
2 37 75
2 37 85
2 37 95
2 38 9
2 38 24
2 38 49
2 38 66
2 38 67
2 39 15
2 39 23
2 39 26
2 39 28
2 39 37
2 39 38
2 39 58
2 40 45
2 40 54
2 40 95
2 41 8
2 41 33
2 41 77
2 42 6
2 42 12
2 42 20
2 42 34
2 42 52
2 42 88
2 43 53
2 43 56
2 43 57
2 43 63
2 43 78
2 44 40
2 44 70
2 44 88
2 45 5
2 45 60
2 45 84
2 45 88
2 46 31
2 46 56
2 46 67
2 47 3
2 47 13
2 47 20
2 47 63
2 47 67
2 47 74
2 47 90
2 47 94
2 48 43
2 48 54
2 48 56
2 48 74
2 48 84
2 49 3
2 49 11
2 49 46
2 49 76
2 49 90
2 50 41
2 50 92
2 51 13
2 51 22
2 51 96
2 52 1
2 52 66
2 52 99
2 53 5
2 53 8
2 53 9
2 53 33
2 53 44
2 53 56
2 53 71
2 53 88
2 53 100
2 54 21
2 54 56
2 54 69
2 54 92
2 55 9
2 55 28
2 55 36
2 55 42
2 55 71
2 55 81
2 55 93
2 55 98
2 56 3
2 56 14
2 56 15
2 56 37
2 56 50
2 56 60
2 56 84
2 56 88
2 57 16
2 57 25
2 57 94
2 58 2
2 58 11
2 58 55
2 58 60
2 58 66
2 58 74
2 58 81
2 59 14
2 59 41
2 59 81
2 60 9
2 60 58
2 61 48
2 61 50
2 61 66
2 62 2
2 62 19
2 62 82
2 62 95
2 63 12
2 63 34
2 64 1
2 64 27
2 64 87
2 64 90
2 65 10
2 65 12
2 65 17
2 65 34
2 65 40
2 65 64
2 65 81
2 65 92
2 65 95
2 65 96
2 66 28
2 66 40
2 66 45
2 66 48
2 66 78
2 66 89
2 67 1
2 67 14
2 67 18
2 67 21
2 67 50
2 67 59
2 67 64
2 68 0
2 68 5
2 68 25
2 68 46
2 68 79
2 68 95
2 69 1
2 69 15
2 69 24
2 69 40
2 69 43
2 69 71
2 69 76
2 69 78
2 70 0
2 70 18
2 70 54
2 70 55
2 70 63
2 70 73
2 71 27
2 71 34
2 71 35
2 71 70
2 72 1
2 72 3
2 72 67
2 72 75
2 72 95
2 73 9
2 73 13
2 73 57
2 73 68
2 73 94
2 74 0
2 74 13
2 74 31
2 74 42
2 74 46
2 74 87
2 75 17
2 75 30
2 75 60
2 75 66
2 76 21
2 76 26
2 76 56
2 76 67
2 76 71
2 76 80
2 76 81
2 76 88
2 77 5
2 77 10
2 77 11
2 77 39
2 77 76
2 78 10
2 78 11
2 78 18
2 78 48
2 78 97
2 79 10
2 79 33
2 79 42
2 79 52
2 79 55
2 79 80
2 80 30
2 80 97
2 80 99
2 81 13
2 81 20
2 81 26
2 81 33
2 81 39
2 81 50
2 81 60
2 81 72
2 82 1
2 82 57
2 82 75
2 82 82
2 82 91
2 83 11
2 83 42
2 83 55
2 83 62
2 83 82
2 84 19
2 84 34
2 84 60
2 84 97
2 85 8
2 85 11
2 85 40
2 85 55
2 85 81
2 86 4
2 86 39
2 86 55
2 86 68
2 86 78
2 86 85
2 87 14
2 87 19
2 87 21
2 87 24
2 87 26
2 87 32
2 87 40
2 87 62
2 87 68
2 87 70
2 87 86
2 88 16
2 88 30
2 88 48
2 88 71
2 88 76
2 88 78
2 88 82
2 88 100
2 89 55
2 90 17
2 90 32
2 90 40
2 90 87
3 0 54
3 0 59
3 0 63
3 0 112
3 0 127
3 0 132
3 0 137
3 1 7
3 1 14
3 1 41
3 1 49
3 1 54
3 1 58
3 1 61
3 1 72
3 1 86
3 1 102
3 1 133
3 2 5
3 2 12
3 2 13
3 2 15
3 2 22
3 2 39
3 2 51
3 2 60
3 2 96
3 2 112
3 2 116
3 2 126
3 2 129
3 2 131
3 2 135
3 3 48
3 3 57
3 3 84
3 3 122
3 3 136
3 4 69
3 4 70
3 4 94
3 4 105
3 4 118
3 4 121
3 4 137
3 5 1
3 5 9
3 5 15
3 5 24
3 5 34
3 5 71
3 5 88
3 5 97
3 5 128
3 6 6
3 6 41
3 6 46
3 6 73
3 6 76
3 6 93
3 6 94
3 6 112
3 6 129
3 7 26
3 7 49
3 7 59
3 7 85
3 7 95
3 7 113
3 7 133
3 7 135
3 8 28
3 8 48
3 8 75
3 8 84
3 8 87
3 8 89
3 8 111
3 8 113
3 8 116
3 8 120
3 8 121
3 9 15
3 9 30
3 9 32
3 9 94
3 9 100
3 10 6
3 10 7
3 10 46
3 10 82
3 10 95
3 10 105
3 11 13
3 11 63
3 11 67
3 11 70
3 11 102
3 12 49
3 12 71
3 12 82
3 12 103
3 13 3
3 13 29
3 13 46
3 13 105
3 13 111
3 13 129
3 14 41
3 14 54
3 14 66
3 14 88
3 14 103
3 14 119
3 14 124
3 15 34
3 15 101
3 15 122
3 16 25
3 16 52
3 16 58
3 16 88
3 16 137
3 17 37
3 17 69
3 17 82
3 17 100
3 17 119
3 17 126
3 17 131
3 17 135
3 18 17
3 18 19
3 18 24
3 18 43
3 18 58
3 18 95
3 18 103
3 18 113
3 18 114
3 18 117
3 19 7
3 19 28
3 19 65
3 19 91
3 19 94
3 19 101
3 20 59
3 20 105
3 20 119
3 20 123
3 21 11
3 21 30
3 21 82
3 21 128
3 21 133
3 22 23
3 22 26
3 22 39
3 22 42
3 22 59
3 22 97
3 22 98
3 22 106
3 22 107
3 22 111
3 22 129
3 23 17
3 23 51
3 23 65
3 23 70
3 23 73
3 23 75
3 23 91
3 23 126
3 24 25
3 24 49
3 24 51
3 24 67
3 24 73
3 25 63
3 25 79
3 25 97
3 25 102
3 25 122
3 26 2
3 26 6
3 26 19
3 26 33
3 26 84
3 26 93
3 27 3
3 27 36
3 27 60
3 27 68
3 27 94
3 27 97
3 27 122
3 27 123
3 28 74
3 28 83
3 28 90
3 28 100
3 28 119
3 29 2
3 29 8
3 29 34
3 29 56
3 29 77
3 30 12
3 30 89
3 30 97
3 30 127
3 31 22
3 31 25
3 31 29
3 31 44
3 31 67
3 31 110
3 31 118
3 31 134
3 31 136
3 32 16
3 32 36
3 32 52
3 32 58
3 32 72
3 32 91
3 32 119
3 32 124
3 32 129
3 32 131
3 33 44
3 33 46
3 33 60
3 33 85
3 33 112
3 33 120
3 33 127
3 33 128
3 33 136
3 34 37
3 34 39
3 34 72
3 34 129
3 35 39
3 35 45
3 35 54
3 35 55
3 35 68
3 35 86
3 35 95
3 35 96
3 35 97
3 35 111
3 35 121
3 35 126
3 36 33
3 36 39
3 36 116
3 36 120
3 36 130
3 37 1
3 37 28
3 37 51
3 37 77
3 37 96
3 37 109
3 38 6
3 38 20
3 38 57
3 38 62
3 38 88
3 38 93
3 39 7
3 39 10
3 39 13
3 39 20
3 39 40
3 39 62
3 39 98
3 39 103
3 39 105
3 39 117
3 39 130
3 39 138
3 40 40
3 40 41
3 40 50
3 40 61
3 40 69
3 40 106
3 41 27
3 41 44
3 41 97
3 41 106
3 41 116
3 41 128
3 42 0
3 42 21
3 42 54
3 42 56
3 42 71
3 42 75
3 42 77
3 42 125
3 43 4
3 43 30
3 43 46
3 43 59
3 43 60
3 43 71
3 43 80
3 43 115
3 43 121
3 44 3
3 44 13
3 44 24
3 44 31
3 44 45
3 44 47
3 44 58
3 44 100
3 45 2
3 45 12
3 45 40
3 45 57
3 45 62
3 45 86
3 45 110
3 45 114
3 45 125
3 45 128
3 45 129
3 46 28
3 46 36
3 46 37
3 46 63
3 46 97
3 46 136
3 47 56
3 47 60
3 47 93
3 47 110
3 47 114
3 47 124
3 48 36
3 48 85
3 48 113
3 48 126
3 49 4
3 49 19
3 49 36
3 49 51
3 49 58
3 49 75
3 49 113
3 50 29
3 50 39
3 50 85
3 50 113
3 51 4
3 51 17
3 51 30
3 51 57
3 51 80
3 51 126
3 51 129
3 52 11
3 52 25
3 52 49
3 52 50
3 52 51
3 52 63
3 52 77
3 52 125
3 52 134
3 53 13
3 53 16
3 53 33
3 53 38
3 53 43
3 53 93
3 53 100
3 53 102
3 53 109
3 53 130
3 53 134
3 54 9
3 54 22
3 54 80
3 54 105
3 54 122
3 55 14
3 55 27
3 55 47
3 55 53
3 55 61
3 55 62
3 55 119
3 56 26
3 56 57
3 56 75
3 56 88
3 56 118
3 56 121
3 57 5
3 57 20
3 57 36
3 57 65
3 57 66
3 57 101
3 57 114
3 57 126
3 58 45
3 58 49
3 58 62
3 58 126
3 59 7
3 59 13
3 59 21
3 60 18
3 60 49
3 60 57
3 60 62
3 60 71
3 60 95
3 60 101
3 60 137
3 60 138
3 61 22
3 61 49
3 61 63
3 61 100
3 61 104
3 61 106
3 61 117
3 61 126
3 62 14
3 62 37
3 62 70
3 62 71
3 62 74
3 62 88
3 62 97
3 62 100
3 62 108
3 62 133
3 63 4
3 63 13
3 63 15
3 63 47
3 63 53
3 63 54
3 63 69
3 63 73
3 63 87
3 63 98
3 63 102
3 63 108
3 63 112
3 63 114
3 63 118
3 63 129
3 64 26
3 64 36
3 64 84
3 64 96
3 64 111
3 64 118
3 65 3
3 65 28
3 65 81
3 65 84
3 65 112
3 66 9
3 66 57
3 66 65
3 66 91
3 66 95
3 66 116
3 66 132
3 67 6
3 67 69
3 67 90
3 67 104
3 67 105
3 67 124
3 68 8
3 68 41
3 68 64
3 68 67
3 68 97
3 68 104
3 68 118
3 68 121
3 69 13
3 69 23
3 69 39
3 69 55
3 69 62
3 69 74
3 69 77
3 69 123
3 69 128
3 69 132
3 69 134
3 70 35
3 70 50
3 70 63
3 70 74
3 70 86
3 70 123
3 70 132
3 70 133
3 71 30
3 71 53
3 71 58
3 71 104
3 71 126
3 72 59
3 72 84
3 72 118
3 73 48
3 73 71
3 73 97
3 73 103
3 73 113
3 73 121
3 74 0
3 74 16
3 74 31
3 74 61
3 74 62
3 74 106
3 74 123
3 74 135
3 75 7
3 75 12
3 75 40
3 75 41
3 75 72
3 75 98
3 76 4
3 76 6
3 76 14
3 76 62
3 76 69
3 76 79
3 76 136
3 77 69
3 77 137
3 77 138
3 78 30
3 78 50
3 78 64
3 78 74
3 78 82
3 78 83
3 78 100
3 78 105
3 78 129
3 79 10
3 79 18
3 79 42
3 79 44
3 79 67
3 79 77
3 79 87
3 79 103
3 79 117
3 80 20
3 80 23
3 80 25
3 80 34
3 80 41
3 80 44
3 80 46
3 80 56
3 80 72
3 80 85
3 80 86
3 80 89
3 80 97
3 80 108
3 80 138
3 81 4
3 81 26
3 81 53
3 81 56
3 81 90
3 81 103
3 82 12
3 82 22
3 82 35
3 82 36
3 82 57
3 82 120
3 83 18
3 83 41
3 83 43
3 83 85
3 83 105
3 84 24
3 84 27
3 84 42
3 84 50
3 84 56
3 84 62
3 84 104
3 84 132
3 84 137
3 85 0
3 85 9
3 85 25
3 85 28
3 85 70
3 85 104
3 85 128
3 86 15
3 86 26
3 86 29
3 86 36
3 86 90
3 86 110
3 86 111
3 86 117
3 86 125
3 86 131
3 86 136
3 87 65
3 87 128
3 87 130
3 88 29
3 88 41
3 88 75
3 88 93
3 88 131
3 89 4
3 89 53
3 89 69
3 90 12
3 90 43
3 90 84
3 90 93
3 91 5
3 91 56
3 91 69
3 91 90
3 91 110
3 91 124
3 91 127
3 92 29
3 92 34
3 92 61
3 92 69
3 92 76
3 92 84
3 92 85
3 92 88
3 92 103
3 93 68
3 93 74
3 93 111
3 94 24
3 94 25
3 94 85
3 94 99
3 94 104
3 94 106
3 94 118
3 94 127
3 95 3
3 95 12
3 95 35
3 95 62
3 95 67
3 95 89
3 95 103
3 95 115
3 95 127
3 95 132
3 95 133
3 96 26
3 96 34
3 96 35
3 96 42
3 96 50
3 96 74
3 96 110
3 96 131
3 97 7
3 97 10
3 97 20
3 97 23
3 97 63
3 97 75
3 97 99
3 97 135
3 98 26
3 98 33
3 98 34
3 98 70
3 98 74
3 98 120
3 98 138
3 99 11
3 99 17
3 99 58
3 99 99
3 99 121
3 99 123
3 100 2
3 100 36
3 100 39
3 100 53
3 100 76
3 100 105
3 100 117