343
5
239 262 333 274 261
2500

0 0 200 0 0 0 0 642 657 304 359 285 333 272 0 219 0 0 583 0 0 381 556 0 4 0 0 0 0 0 0 354 575 551 873 0 0 239 405 0 163 497 0 181 0 0 0 789 45 0 219 479 457 0 314 0 299 0 0 458 0 39 0 0 0 58 0 36 0 0 20 0 2 76 0 0 92 8 0 0 0 49 67 0 0 41 11 0 24 0 0 17 90 0 25 4 0 0 0 0 0 47 96 0 0 0 95 0 0 0 0 10 0 0 0 0 0 0 36 85 24 31 40 12 22 56 0 0 0 0 4 13 60 0 0 82 0 0 0 0 43 0 0 77 3 24 0 73 34 0 2 0 7 20 0 43 0 0 39 0 0 66 51 0 95 0 0 45 67 80 0 0 64 0 0 0 45 0 15 73 0 75 0 5 5 78 48 67 0 15 0 35 0 0 0 0 0 75 42 49 19 0 0 0 0 0 38 30 7 0 46 0 0 56 0 97 61 25 84 72 90 0 33 0 18 0 69 14 46 96 62 70 98 0 0 0 0 33 0
0 0 823 0 799 0 148 0 986 0 187 927 722 486 397 147 195 108 381 574 519 0 0 27 0 0 124 0 794 0 0 737 64 484 0 0 0 587 317 470 0 453 0 842 0 0 0 2 0 0 886 172 747 165 172 601 0 0 2 0 0 189 693 0 657 253 53 33 0 0 54 0 0 0 0 40 0 39 0 55 8 0 34 84 0 66 0 1 48 0 78 93 0 7 0 0 9 42 94 0 0 0 72 0 19 0 0 0 0 0 0 0 92 0 0 22 0 72 0 78 85 0 100 0 0 0 43 0 50 0 0 46 0 2 87 95 30 65 0 0 62 0 0 50 0 88 68 43 78 0 97 42 79 0 9 0 84 0 0 0 0 0 46 48 0 0 93 100 0 0 5 88 0 60 5 92 0 99 0 0 0 25 31 15 0 0 0 0 0 0 0 55 83 43 16 4 83 43 74 30 34 62 42 67 48 0 0 0 0 0 64 28 23 15 43 0 25 0 41 0 28 0 0 0 0 63 0 0 84 56 0 0 97 0 0 57 0 0 0 0 0 29 0 0 0 0 0 0 0 0 0 62 0 12 0 0 45 68 31 4 0 0
650 0 0 422 0 0 869 0 0 204 963 0 860 493 120 0 46 0 165 0 0 418 35 678 158 1000 729 620 677 991 489 0 0 0 496 0 0 0 0 701 0 182 0 597 897 0 0 976 847 0 0 0 940 78 566 0 553 0 402 588 416 0 0 29 445 0 0 0 706 0 0 508 958 340 0 0 0 0 284 0 0 405 214 241 0 15 33 0 57 0 100 74 0 55 0 58 31 0 52 0 0 21 0 9 0 0 84 43 40 0 100 0 0 0 66 33 0 0 49 71 0 76 86 8 65 0 0 0 8 58 0 0 6 72 0 80 72 66 31 0 0 90 38 1 0 0 0 0 86 0 0 0 0 8 55 42 63 55 23 33 0 0 9 56 32 0 24 72 0 0 0 0 0 16 0 94 18 0 40 0 0 0 0 0 0 98 0 0 0 0 0 0 39 59 0 0 90 0 67 82 69 0 46 91 0 0 59 0 3 0 9 89 35 89 23 9 65 16 0 0 97 83 61 73 52 0 78 47 0 4 0 0 0 26 0 0 17 0 95 15 90 45 0 17 26 2 0 0 28 0 3 0 90 0 36 0 31 25 25 0 0 26 0 0 53 1 60 47 0 0 66 0 43 0 0 11 64 75 82 81 0 9 30 0 49 0 83 74 58 40 0 29 56 0 0 15 0 6 85 13 49 0 32 26 0 0 0 0 0 0 0 32 0 0 52 0 0 49 0 0 15 0 24 21 0 83 99 58 67 0 67 84 0
707 0 501 823 0 331 0 418 0 931 437 0 340 0 698 0 412 0 701 0 672 0 0 930 0 553 368 0 0 0 642 585 0 0 0 605 247 135 0 695 0 0 741 251 995 0 0 822 738 0 24 231 0 839 136 0 778 128 0 0 435 637 818 0 0 0 0 0 0 61 0 94 67 0 51 0 6 14 0 61 42 56 84 24 0 0 90 0 0 0 0 0 33 21 26 48 36 91 0 0 38 0 0 84 73 61 0 0 0 0 0 14 58 40 47 46 3 0 0 0 96 30 71 12 0 27 87 0 67 98 45 0 81 0 7 0 97 82 2 0 0 12 0 100 0 0 31 0 84 0 0 0 73 0 97 16 85 0 0 0 32 0 0 0 60 0 87 0 0 0 0 57 0 0 91 0 0 45 0 0 72 66 0 0 58 0 5 0 0 13 0 67 0 0 6 51 0 6 2 0 0 42 0 0 0 26 0 0 0 0 46 29 88 0 84 0 0 13 1 0 0 16 0 0 0 98 17 0 0 0 0 68 0 19 99 0 82 0 0 11 92 0 91 82 0 0 0 45 0 0 3 81 88 0 0 25 16 0 0 66 0 0 0 39 0 50 81 0 38 74 13 68 78 5
978 572 0 0 0 4 0 593 0 0 23 202 0 0 0 106 0 0 550 578 0 223 0 0 853 0 501 0 381 0 86 45 61 0 884 568 0 431 124 203 26 608 277 963 0 0 694 0 0 610 0 794 0 0 975 999 980 901 779 271 0 681 0 697 0 97 63 0 0 0 30 69 0 0 0 100 30 69 81 0 0 0 0 0 2 0 43 0 0 0 0 0 67 59 60 67 0 0 0 0 0 24 0 0 0 41 46 36 0 25 0 24 0 86 3 0 20 0 0 0 0 98 0 53 77 0 0 0 0 43 37 38 60 25 0 90 0 40 82 0 0 98 35 0 78 0 17 0 0 97 0 0 0 91 73 94 0 40 13 88 68 0 16 0 0 0 0 91 0 51 33 0 58 98 31 0 0 0 0 0 0 0 57 0 0 0 7 0 68 0 0 0 0 0 87 54 0 16 57 32 79 32 0 67 61 77 0 48 0 15 97 54 0 0 0 0 18 0 0 5 99 31 84 36 0 0 81 0 35 0 84 0 0 75 95 0 86 70 51 0 0 0 0 63 0 14 75 0 4 57 13 2 0 0 0 41 0 0 30 93 26

0 2 158
0 3 117
0 4 89
0 4 115
0 6 55
0 6 174
0 6 201
0 7 58
0 7 174
0 7 255
0 8 125
0 9 109
0 10 32
0 12 22
0 12 245
0 13 29
0 13 224
0 13 241
0 14 64
0 15 147
0 15 200
0 16 99
0 16 134
0 16 167
0 17 18
0 18 30
0 19 147
0 20 139
0 20 159
0 20 213
0 21 0
0 21 9
0 21 17
0 21 53
0 21 159
0 21 199
0 21 260
0 22 0
0 22 7
0 22 62
0 22 89
0 22 98
0 22 143
0 22 150
0 22 207
0 23 47
0 23 89
0 24 106
0 24 144
0 24 182
0 24 259
0 25 125
0 25 166
0 26 0
0 27 60
0 27 147
0 28 193
0 28 235
0 29 27
0 29 170
0 31 76
0 31 119
0 31 196
0 32 260
0 33 121
0 33 206
0 33 247
0 35 115
0 36 136
0 36 192
0 37 29
0 37 231
0 37 258
0 38 7
0 38 90
0 38 233
0 39 169
0 39 219
0 39 259
0 40 261
0 42 39
0 42 139
0 42 249
0 45 81
0 45 86
0 45 155
0 45 250
0 47 132
0 47 225
0 47 230
0 48 75
0 48 154
0 48 260
0 49 130
0 50 137
0 51 183
0 52 121
0 53 57
0 53 138
0 53 178
0 54 50
0 54 125
0 55 60
0 58 18
0 58 47
0 58 228
0 58 241
0 59 196
0 59 235
0 60 75
0 60 119
0 60 129
0 60 154
0 63 87
0 63 171
0 64 16
0 64 36
0 65 63
0 65 164
0 65 168
0 66 181
0 67 122
0 67 133
0 67 186
0 68 96
0 68 151
0 68 215
0 69 155
0 69 157
0 69 196
0 70 147
0 71 14
0 71 107
0 72 128
0 72 132
0 72 208
0 73 197
0 75 22
0 75 49
0 75 99
0 76 108
0 76 186
0 76 247
0 77 122
0 78 13
0 78 202
0 79 2
0 80 92
0 82 18
0 82 97
0 83 86
0 83 101
0 84 163
0 85 1
0 85 14
0 85 146
0 85 211
0 86 49
0 86 92
0 86 196
0 86 218
0 86 245
0 87 4
0 87 80
0 87 105
0 87 178
0 87 227
0 88 106
0 88 127
0 88 227
0 90 74
0 90 133
0 90 237
0 91 63
0 92 18
0 92 233
0 93 165
0 94 200
0 95 201
0 96 159
0 96 165
0 96 171
0 97 70
0 98 30
0 98 43
0 98 142
0 98 249
0 99 6
0 99 207
0 101 38
0 101 156
0 102 1
0 102 18
0 102 197
0 103 153
0 103 164
0 103 250
0 104 2
0 104 59
0 104 88
0 104 122
0 105 99
0 106 102
0 106 120
0 106 126
0 106 153
0 107 75
0 107 107
0 109 11
0 109 111
0 109 127
0 109 233
0 110 7
0 110 165
0 110 204
0 110 212
0 111 0
0 111 155
0 112 249
0 113 8
0 113 152
0 114 113
0 115 9
0 115 68
0 115 168
0 116 23
0 116 178
0 116 250
0 116 253
0 118 3
0 118 41
0 118 65
0 118 133
0 118 240
0 119 56
0 119 253
0 120 139
0 120 182
0 120 258
0 121 154
0 122 211
0 123 132
0 123 191
0 124 58
0 124 90
0 124 134
0 124 217
0 125 88
0 125 99
0 125 157
0 125 208
0 126 147
0 127 2
0 128 189
0 128 232
0 129 138
0 130 92
0 130 100
0 130 106
0 131 214
0 132 5
0 132 150
0 132 224
0 133 1
0 133 15
0 134 0
0 134 22
0 134 127
0 134 150
0 134 208
0 136 5
0 136 82
0 136 132
0 136 199
0 136 215
0 137 8
0 137 256
0 139 80
0 139 147
0 140 80
0 141 45
0 141 127
0 143 247
0 144 9
0 144 121
0 144 219
0 145 213
0 146 104
0 146 141
0 146 193
0 146 211
0 147 76
0 147 176
0 147 213
0 148 48
0 148 58
0 148 74
0 148 154
0 148 200
0 149 40
0 149 216
0 150 26
0 150 212
0 151 48
0 151 240
0 152 165
0 153 67
0 153 170
0 154 124
0 154 260
0 155 39
0 155 181
0 155 202
0 156 37
0 156 48
0 156 153
0 156 161
0 156 183
0 156 195
0 157 18
0 157 121
0 157 232
0 157 239
0 158 98
0 158 181
0 161 76
0 162 33
0 162 47
0 162 63
0 162 163
0 163 223
0 164 51
0 164 251
0 164 257
0 165 128
0 165 177
0 166 29
0 166 176
0 166 243
0 167 168
0 168 19
0 168 126
0 168 251
0 169 23
0 169 90
0 169 125
0 170 35
0 170 252
0 171 35
0 171 124
0 171 181
0 172 48
0 172 217
0 172 252
0 174 80
0 177 24
0 178 259
0 179 6
0 179 48
0 179 51
0 179 234
0 180 123
0 180 131
0 182 0
0 183 22
0 183 149
0 185 137
0 185 169
0 186 23
0 186 44
0 186 261
0 187 87
0 187 101
0 187 103
0 187 130
0 187 226
0 188 57
0 188 76
0 188 247
0 189 103
0 189 139
0 190 14
0 191 20
0 191 161
0 192 93
0 192 131
0 193 31
0 193 92
0 195 149
0 195 200
0 196 154
0 197 233
0 198 31
0 198 77
0 198 257
0 199 173
0 200 1
0 200 201
0 200 246
0 201 94
0 201 240
0 203 127
0 203 138
0 203 185
0 203 251
0 204 84
0 204 164
0 204 181
0 204 200
0 205 4
0 205 203
0 205 227
0 206 210
0 206 261
0 207 84
0 207 99
0 207 212
0 208 46
0 208 86
0 209 22
0 209 108
0 209 151
0 210 108
0 210 185
0 210 206
0 211 58
0 211 137
0 212 106
0 212 250
0 213 12
0 214 22
0 214 73
0 214 224
0 215 121
0 215 169
0 216 230
0 217 60
0 217 147
0 218 3
0 218 212
0 218 261
0 219 120
0 219 130
0 220 21
0 220 168
0 220 235
0 220 258
0 221 199
0 221 201
0 222 16
0 222 208
0 223 135
0 223 170
0 223 192
0 224 261
0 225 124
0 225 168
0 225 185
0 226 38
0 226 62
0 227 57
0 228 112
0 229 8
0 229 120
0 229 190
0 229 223
0 230 208
0 230 214
0 230 236
0 230 240
0 230 261
0 231 0
0 231 35
0 231 132
0 232 3
0 232 127
0 233 5
0 235 61
0 235 260
0 237 259
0 238 27
0 238 157
1 0 230
1 0 264
1 0 317
1 1 23
1 1 131
1 1 291
1 2 35
1 2 92
1 2 304
1 3 13
1 3 125
1 4 69
1 5 39
1 5 104
1 6 176
1 6 193
1 6 270
1 6 300
1 7 179
1 8 109
1 9 52
1 9 80
1 9 218
1 9 287
1 10 29
1 10 85
1 10 88
1 11 85
1 11 207
1 11 249
1 12 331
1 14 67
1 14 329
1 15 59
1 15 137
1 15 154
1 15 223
1 16 13
1 16 94
1 16 165
1 16 316
1 17 161
1 17 310
1 18 321
1 19 28
1 19 72
1 19 86
1 19 145
1 20 53
1 20 297
1 21 30
1 21 95
1 21 107
1 21 130
1 22 103
1 22 122
1 22 222
1 22 323
1 24 24
1 24 112
1 24 158
1 25 97
1 26 91
1 26 114
1 26 218
1 26 281
1 26 326
1 27 81
1 27 127
1 27 193
1 27 262
1 28 166
1 28 169
1 28 284
1 29 75
1 29 326
1 30 61
1 30 101
1 30 139
1 30 270
1 30 286
1 31 143
1 32 116
1 32 261
1 33 73
1 33 89
1 33 174
1 33 242
1 33 307
1 34 25
1 34 45
1 34 85
1 34 264
1 35 217
1 36 155
1 37 101
1 38 225
1 39 44
1 39 73
1 39 159
1 39 170
1 39 175
1 40 16
1 40 134
1 40 225
1 40 289
1 42 170
1 42 195
1 42 298
1 42 308
1 42 318
1 43 112
1 43 206
1 43 281
1 43 303
1 44 96
1 44 159
1 44 293
1 45 163
1 45 246
1 46 65
1 46 107
1 47 100
1 47 105
1 47 128
1 47 145
1 47 170
1 47 286
1 48 45
1 48 47
1 48 140
1 48 223
1 48 274
1 49 68
1 49 154
1 49 300
1 49 330
1 50 167
1 50 241
1 50 245
1 51 12
1 51 15
1 51 140
1 51 219
1 52 153
1 52 288
1 53 27
1 53 120
1 53 273
1 53 302
1 53 320
1 54 320
1 55 24
1 55 52
1 55 225
1 55 264
1 56 8
1 56 129
1 56 135
1 56 139
1 57 26
1 57 70
1 58 81
1 58 117
1 58 141
1 58 217
1 58 317
1 58 324
1 59 4
1 59 326
1 60 163
1 60 313
1 61 14
1 61 88
1 61 119
1 61 152
1 61 169
1 61 243
1 61 250
1 62 65
1 62 66
1 62 110
1 63 79
1 63 212
1 64 86
1 64 152
1 64 195
1 64 247
1 64 278
1 65 12
1 65 229
1 66 51
1 67 46
1 67 235
1 67 279
1 68 94
1 68 111
1 69 212
1 69 320
1 69 330
1 70 76
1 71 40
1 71 159
1 71 180
1 71 190
1 71 227
1 72 120
1 72 323
1 73 82
1 73 129
1 73 139
1 74 46
1 74 106
1 74 140
1 74 252
1 76 94
1 76 287
1 77 9
1 78 91
1 78 125
1 78 201
1 78 330
1 79 312
1 79 319
1 80 106
1 80 147
1 80 175
1 80 278
1 81 131
1 81 203
1 81 277
1 82 159
1 82 210
1 82 258
1 82 275
1 82 303
1 83 8
1 85 56
1 85 207
1 85 293
1 85 305
1 86 51
1 86 65
1 86 94
1 86 156
1 88 41
1 88 137
1 88 220
1 88 248
1 88 269
1 88 305
1 89 173
1 89 191
1 90 16
1 90 74
1 90 179
1 90 238
1 91 25
1 91 110
1 91 249
1 91 323
1 92 63
1 92 153
1 92 156
1 93 81
1 94 52
1 94 55
1 94 84
1 94 101
1 94 117
1 94 125
1 94 158
1 95 25
1 95 99
1 95 154
1 95 211
1 95 275
1 95 305
1 96 270
1 97 9
1 97 177
1 97 268
1 98 204
1 98 286
1 99 80
1 99 93
1 99 115
1 99 120
1 99 173
1 99 237
1 100 18
1 100 25
1 100 131
1 100 209
1 101 14
1 101 37
1 101 54
1 101 83
1 102 17
1 102 196
1 102 245
1 102 263
1 102 329
1 103 52
1 103 76
1 103 309
1 104 194
1 105 120
1 106 42
1 106 68
1 106 216
1 107 229
1 107 320
1 107 325
1 108 25
1 108 171
1 109 82
1 109 86
1 110 42
1 110 281
1 111 40
1 111 308
1 112 181
1 112 287
1 113 40
1 113 75
1 113 124
1 113 141
1 113 178
1 113 204
1 113 266
1 114 22
1 114 55
1 114 117
1 114 134
1 114 193
1 115 76
1 115 184
1 115 304
1 116 23
1 116 203
1 116 224
1 116 316
1 117 71
1 117 247
1 118 77
1 118 257
1 120 256
1 120 297
1 121 14
1 121 120
1 122 276
1 123 54
1 123 216
1 123 291
1 123 292
1 123 302
1 123 330
1 124 42
1 124 180
1 124 266
1 124 304
1 125 46
1 125 193
1 125 200
1 126 18
1 126 48
1 126 205
1 126 285
1 127 160
1 127 180
1 127 327
1 128 22
1 128 169
1 128 279
1 128 297
1 128 302
1 128 322
1 129 174
1 129 315
1 130 150
1 130 200
1 131 143
1 131 159
1 131 181
1 132 1
1 132 100
1 133 85
1 133 266
1 134 75
1 134 146
1 134 271
1 134 298
1 135 289
1 135 309
1 136 161
1 136 208
1 136 217
1 136 325
1 137 15
1 137 65
1 137 80
1 137 206
1 138 67
1 138 116
1 138 161
1 138 220
1 139 95
1 139 120
1 139 238
1 139 272
1 139 322
1 140 104
1 140 115
1 140 122
1 140 218
1 141 55
1 141 79
1 142 20
1 143 89
1 145 57
1 146 182
1 146 323
1 147 84
1 148 208
1 148 253
1 149 6
1 149 89
1 149 244
1 149 322
1 150 0
1 150 10
1 150 11
1 150 130
1 150 172
1 150 258
1 150 270
1 150 294
1 150 312
1 151 224
1 152 49
1 152 109
1 152 114
1 152 115
1 152 252
1 153 190
1 153 321
1 154 97
1 154 184
1 155 60
1 155 98
1 155 166
1 156 0
1 156 109
1 156 247
1 157 230
1 157 316
1 158 149
1 158 168
1 158 220
1 159 90
1 159 177
1 159 187
1 159 245
1 159 295
1 160 64
1 160 209
1 160 276
1 160 318
1 161 21
1 161 62
1 161 132
1 162 53
1 162 91
1 163 207
1 163 263
1 163 269
1 164 205
1 164 231
1 164 254
1 165 286
1 166 53
1 166 200
1 166 299
1 166 306
1 167 127
1 167 229
1 167 290
1 168 23
1 168 219
1 170 54
1 170 209
1 170 219
1 170 237
1 171 297
1 172 169
1 172 208
1 173 7
1 173 285
1 174 102
1 174 287
1 175 51
1 175 150
1 175 179
1 176 149
1 177 207
1 177 212
1 178 76
1 178 122
1 178 216
1 178 280
1 178 325
1 179 106
1 179 132
1 179 223
1 179 270
1 180 114
1 180 137
1 181 93
1 181 200
1 181 230
1 182 115
1 183 18
1 183 27
1 183 71
1 183 127
1 183 136
1 183 252
1 183 275
1 184 193
1 185 202
1 185 307
1 186 34
1 186 48
1 187 29
1 187 150
1 188 20
1 189 67
1 189 270
1 190 85
1 190 117
1 190 127
1 190 208
1 190 330
1 191 79
1 191 179
1 192 2
1 192 18
1 192 80
1 192 319
1 193 245
1 194 87
1 194 111
1 194 190
1 194 285
1 194 325
1 195 165
1 195 215
1 196 35
1 196 264
1 196 332
1 197 88
1 198 2
1 198 273
1 200 53
1 200 54
1 200 136
1 200 275
1 202 205
1 203 114
1 203 167
1 203 171
1 204 77
1 204 78
1 204 167
1 205 2
1 205 142
1 205 240
1 205 276
1 206 136
1 206 147
1 206 251
1 207 90
1 207 215
1 207 225
1 208 48
1 208 317
1 209 117
1 210 11
1 210 202
1 211 219
1 211 329
1 212 277
1 213 194
1 213 234
1 216 7
1 216 93
1 217 109
1 217 134
1 217 187
1 217 227
1 217 233
1 217 254
1 218 192
1 219 10
1 219 142
1 219 146
1 219 171
1 219 216
1 222 80
1 222 188
1 222 287
1 224 23
1 224 102
1 224 274
1 225 186
1 225 291
1 225 304
1 226 91
1 226 112
1 226 172
1 226 184
1 226 314
1 226 318
1 227 71
1 227 189
1 227 193
1 228 56
1 228 158
1 228 174
1 228 247
1 228 289
1 229 8
1 229 202
1 230 20
1 230 30
1 230 88
1 230 146
1 230 236
1 230 322
1 231 204
1 232 43
1 232 79
1 233 218
1 234 76
1 234 118
1 234 171
1 234 198
1 235 62
1 235 139
1 235 193
1 235 265
1 237 46
1 237 109
1 238 11
1 238 63
1 239 11
1 239 17
1 239 71
1 239 129
1 239 132
1 240 40
1 240 201
1 241 128
1 241 133
1 241 168
1 241 259
1 241 288
1 242 245
1 242 284
1 242 301
1 243 48
1 243 197
1 243 220
1 243 228
1 244 36
1 244 71
1 244 283
1 245 5
1 245 135
1 245 187
1 245 232
1 246 24
1 246 190
1 247 13
1 247 138
1 247 282
1 248 158
1 248 202
1 248 223
1 248 226
1 249 116
1 249 121
1 249 330
1 250 94
1 250 247
1 250 323
1 251 103
1 251 111
1 251 304
1 252 48
1 253 83
1 253 157
1 253 239
1 253 293
1 253 310
1 254 41
1 254 90
1 254 109
1 255 98
1 255 198
1 255 295
1 255 329
1 256 12
1 256 236
1 256 293
1 257 71
1 257 161
1 258 34
1 258 222
1 258 278
1 259 322
1 260 37
1 260 145
1 260 161
1 260 248
1 260 265
1 260 300
1 261 6
1 261 187
1 261 199
2 0 110
2 0 227
2 2 129
2 2 130
2 2 223
2 3 10
2 3 126
2 3 133
2 3 225
2 4 49
2 4 149
2 4 153
2 5 50
2 5 90
2 5 204
2 6 12
2 6 150
2 7 2
2 8 16
2 8 39
2 8 205
2 9 23
2 9 37
2 9 100
2 9 235
2 10 70
2 11 22
2 11 149
2 11 187
2 13 252
2 14 224
2 15 29
2 15 37
2 16 41
2 16 124
2 16 135
2 16 170
2 17 27
2 17 197
2 17 249
2 18 8
2 18 256
2 18 257
2 19 132
2 19 227
2 20 1
2 20 29
2 20 135
2 21 249
2 22 234
2 23 35
2 23 144
2 24 51
2 24 87
2 25 56
2 25 67
2 25 112
2 25 131
2 25 139
2 25 158
2 26 13
2 27 36
2 27 150
2 27 235
2 28 8
2 28 20
2 28 29
2 28 31
2 28 81
2 28 125
2 28 149
2 28 206
2 29 147
2 29 227
2 29 234
2 34 23
2 34 29
2 34 65
2 34 148
2 34 262
2 35 139
2 35 153
2 35 181
2 36 146
2 36 225
2 37 207
2 38 39
2 38 52
2 38 71
2 38 272
2 39 225
2 40 241
2 41 22
2 41 172
2 42 155
2 42 180
2 43 236
2 43 260
2 45 10
2 46 64
2 46 212
2 46 261
2 47 90
2 48 150
2 48 192
2 49 24
2 49 41
2 49 183
2 49 202
2 49 212
2 49 246
2 50 261
2 52 169
2 52 186
2 53 23
2 53 74
2 53 206
2 53 255
2 54 205
2 55 126
2 58 137
2 58 166
2 59 38
2 59 91
2 59 99
2 59 117
2 59 153
2 60 154
2 61 177
2 61 228
2 61 241
2 62 241
2 63 36
2 63 75
2 63 187
2 63 191
2 64 32
2 64 181
2 65 124
2 65 229
2 66 37
2 66 48
2 66 200
2 67 45
2 67 177
2 67 213
2 69 162
2 69 193
2 71 91
2 71 165
2 71 273
2 72 187
2 74 44
2 74 103
2 74 196
2 74 222
2 74 265
2 75 81
2 76 49
2 76 65
2 76 117
2 76 213
2 77 263
2 78 86
2 78 99
2 79 63
2 79 90
2 79 186
2 80 92
2 80 223
2 81 194
2 82 57
2 82 189
2 82 211
2 83 138
2 83 227
2 83 264
2 84 4
2 84 59
2 84 86
2 84 164
2 84 170
2 84 229
2 85 165
2 85 219
2 86 36
2 86 43
2 86 192
2 86 219
2 87 126
2 87 243
2 87 272
2 88 34
2 88 249
2 89 20
2 89 198
2 89 222
2 89 223
2 90 15
2 90 51
2 90 137
2 91 71
2 91 232
2 91 243
2 92 61
2 92 215
2 92 250
2 94 9
2 94 37
2 94 144
2 94 246
2 95 42
2 95 204
2 95 223
2 96 11
2 96 80
2 97 177
2 98 87
2 98 172
2 99 1
2 99 52
2 101 26
2 101 145
2 101 167
2 101 194
2 101 235
2 102 222
2 102 254
2 103 62
2 103 154
2 104 152
2 104 242
2 105 123
2 105 218
2 106 7
2 106 8
2 106 79
2 106 141
2 107 76
2 107 89
2 108 18
2 108 259
2 108 268
2 109 23
2 109 34
2 109 87
2 109 237
2 110 123
2 110 208
2 111 19
2 111 31
2 111 41
2 111 129
2 111 161
2 112 55
2 112 163
2 113 86
2 113 95
2 113 128
2 113 226
2 114 10
2 115 96
2 115 150
2 115 178
2 116 42
2 116 84
2 116 145
2 116 201
2 116 215
2 117 13
2 118 133
2 118 171
2 118 181
2 118 226
2 119 172
2 120 118
2 120 245
2 123 152
2 123 153
2 123 203
2 123 248
2 124 60
2 124 61
2 125 23
2 125 68
2 125 207
2 126 33
2 126 154
2 127 253
2 128 3
2 129 125
2 130 56
2 130 89
2 130 221
2 131 4
2 131 103
2 131 143
2 131 218
2 132 39
2 133 62
2 133 104
2 134 226
2 135 206
2 136 2
2 136 47
2 138 155
2 140 171
2 140 212
2 140 266
2 141 113
2 141 192
2 141 271
2 142 18
2 142 97
2 142 171
2 142 239
2 142 251
2 143 70
2 143 98
2 143 107
2 143 143
2 143 171
2 143 228
2 144 111
2 144 196
2 144 237
2 144 265
2 145 24
2 146 154
2 147 88
2 147 250
2 148 223
2 148 272
2 149 20
2 149 122
2 149 165
2 149 172
2 150 220
2 150 256
2 152 49
2 152 170
2 153 195
2 154 132
2 154 173
2 154 263
2 155 164
2 156 16
2 156 127
2 156 193
2 156 231
2 157 50
2 157 242
2 157 260
2 158 2
2 158 101
2 158 115
2 158 241
2 159 15
2 160 52
2 161 18
2 161 25
2 161 86
2 161 99
2 161 136
2 161 248
2 162 0
2 162 267
2 163 113
2 163 238
2 164 54
2 165 21
2 165 103
2 165 148
2 167 72
2 168 50
2 168 136
2 168 155
2 168 169
2 168 187
2 168 226
2 169 49
2 169 76
2 169 99
2 170 20
2 171 42
2 171 107
2 172 112
2 172 167
2 173 130
2 173 251
2 174 54
2 174 93
2 174 95
2 174 135
2 174 229
2 175 62
2 175 97
2 176 98
2 176 113
2 176 143
2 176 258
2 177 73
2 177 158
2 178 183
2 179 53
2 179 238
2 179 271
2 180 16
2 180 102
2 180 242
2 181 23
2 181 175
2 182 145
2 183 27
2 183 48
2 183 84
2 183 253
2 183 270
2 184 57
2 184 98
2 184 143
2 184 199
2 185 54
2 186 22
2 186 99
2 186 125
2 187 139
2 188 1
2 188 62
2 188 170
2 189 9
2 190 99
2 193 121
2 193 135
2 193 216
2 193 221
2 193 241
2 195 43
2 195 44
2 195 84
2 195 163
2 195 224
2 195 225
2 195 247
2 196 108
2 196 153
2 196 242
2 196 248
2 197 39
2 197 131
2 197 226
2 197 247
2 198 195
2 199 92
2 199 232
2 203 202
2 204 237
2 205 143
2 206 213
2 207 76
2 208 159
2 209 33
2 209 224
2 210 190
2 212 24
2 212 39
2 212 120
2 212 265
2 213 89
2 213 111
2 213 181
2 214 16
2 214 72
2 215 226
2 216 172
2 216 213
2 217 144
2 217 269
2 219 55
2 220 4
2 220 7
2 220 136
2 220 219
2 221 236
2 222 219
2 225 63
2 225 73
2 225 75
2 225 182
2 226 153
2 226 242
2 226 247
2 227 3
2 227 43
2 227 174
2 228 21
2 228 204
2 229 143
2 229 193
2 230 86
2 230 96
2 231 63
2 233 32
2 233 71
2 233 75
2 233 159
2 233 174
2 234 21
2 234 74
2 235 106
2 236 93
2 236 206
2 236 214
2 236 243
2 237 94
2 237 182
2 237 254
2 238 60
2 238 73
2 238 116
2 238 160
2 238 210
2 238 211
2 239 117
2 240 66
2 240 158
2 240 172
2 240 208
2 241 88
2 241 230
2 242 52
2 242 138
2 242 192
2 242 221
2 242 253
2 243 135
2 243 142
2 243 173
2 243 177
2 243 207
2 244 52
2 244 73
2 244 92
2 244 156
2 246 180
2 246 247
2 247 29
2 247 31
2 247 47
2 248 58
2 249 72
2 249 109
2 250 18
2 250 62
2 250 206
2 251 35
2 251 51
2 252 105
2 253 2
2 253 87
2 253 113
2 253 153
2 253 265
2 254 5
2 254 186
2 255 210
2 256 118
2 257 5
2 257 15
2 257 125
2 257 232
2 257 234
2 258 2
2 258 40
2 258 74
2 258 241
2 258 253
2 258 254
2 259 112
2 260 193
2 261 157
2 261 178
2 263 87
2 263 142
2 264 261
2 265 131
2 266 11
2 266 116
2 266 252
2 267 5
2 267 33
2 267 56
2 267 91
2 267 102
2 267 126
2 267 156
2 267 157
2 267 250
2 268 25
2 268 71
2 269 52
2 270 51
2 270 164
2 270 245
2 271 28
2 271 65
2 271 156
2 271 188
2 271 189
2 271 265
2 273 96
2 273 115
2 274 26
2 274 247
2 274 248
2 275 217
2 275 243
2 276 243
2 277 197
2 277 265
2 278 271
2 279 1
2 280 167
2 280 219
2 281 78
2 281 148
2 282 104
2 282 213
2 282 242
2 283 9
2 283 128
2 284 230
2 285 29
2 285 152
2 286 1
2 286 23
2 286 202
2 287 217
2 288 53
2 288 252
2 289 68
2 290 129
2 291 32
2 291 212
2 292 4
2 292 184
2 293 42
2 293 114
2 294 137
2 295 171
2 297 164
2 298 219
2 299 86
2 300 204
2 300 215
2 300 222
2 301 77
2 301 152
2 301 217
2 302 19
2 302 241
2 303 47
2 303 51
2 303 83
2 303 201
2 304 210
2 305 116
2 305 165
2 305 234
2 306 30
2 307 72
2 307 109
2 307 146
2 307 200
2 307 246
2 309 19
2 309 152
2 309 200
2 309 203
2 311 7
2 311 99
2 314 7
2 314 80
2 314 138
2 314 252
2 315 60
2 315 147
2 315 264
2 316 232
2 317 51
2 317 120
2 317 121
2 317 255
2 318 105
2 318 146
2 319 90
2 319 230
2 320 256
2 321 144
2 321 188
2 321 208
2 322 28
2 323 30
2 323 50
2 324 13
2 325 12
2 325 44
2 325 98
2 325 203
2 325 214
2 325 233
2 325 270
2 326 32
2 327 70
2 327 226
2 328 60
2 328 136
2 328 245
2 328 263
2 329 90
2 329 128
2 329 162
2 329 181
2 329 235
2 330 119
2 331 24
2 331 32
2 331 161
2 331 216
2 332 162
2 332 218
3 0 46
3 1 11
3 1 260
3 2 39
3 2 120
3 2 143
3 2 185
3 3 127
3 3 137
3 3 162
3 3 186
3 4 1
3 4 71
3 4 116
3 4 175
3 5 152
3 5 230
3 6 124
3 7 8
3 7 140
3 8 20
3 9 67
3 10 79
3 11 57
3 11 127
3 11 175
3 11 178
3 12 5
3 12 215
3 13 91
3 13 190
3 13 192
3 13 207
3 13 243
3 14 227
3 15 37
3 15 121
3 15 145
3 15 235
3 16 143
3 16 234
3 17 52
3 17 100
3 17 145
3 17 235
3 18 94
3 18 212
3 19 81
3 19 152
3 19 245
3 20 42
3 20 125
3 20 136
3 20 184
3 20 240
3 21 191
3 22 152
3 22 209
3 22 214
3 23 200
3 24 70
3 26 85
3 26 205
3 28 163
3 28 167
3 28 173
3 30 215
3 32 3
3 32 160
3 34 116
3 34 182
3 35 190
3 37 90
3 38 73
3 38 119
3 39 105
3 39 118
3 39 236
3 40 19
3 40 159
3 40 205
3 41 49
3 41 189
3 41 227
3 42 137
3 43 34
3 43 121
3 43 207
3 44 164
3 45 38
3 45 177
3 48 30
3 48 48
3 48 142
3 49 36
3 50 74
3 51 117
3 52 45
3 52 126
3 53 101
3 53 216
3 53 225
3 54 121
3 54 228
3 55 105
3 56 150
3 56 178
3 56 185
3 56 187
3 57 65
3 57 247
3 58 113
3 58 188
3 59 173
3 60 20
3 61 231
3 62 116
3 62 145
3 62 200
3 63 72
3 63 83
3 63 104
3 63 151
3 64 15
3 64 83
3 64 207
3 64 236
3 65 145
3 65 223
3 67 6
3 67 81
3 69 37
3 69 224
3 70 52
3 70 157
3 71 54
3 71 138
3 71 173
3 72 20
3 72 102
3 72 125
3 72 225
3 72 228
3 73 178
3 73 246
3 74 73
3 74 162
3 75 26
3 75 75
3 75 85
3 76 36
3 76 37
3 76 101
3 76 170
3 76 220
3 76 237
3 77 77
3 77 86
3 78 10
3 78 12
3 78 103
3 79 24
3 79 211
3 80 253
3 81 5
3 81 36
3 81 47
3 82 37
3 82 73
3 82 83
3 83 34
3 83 63
3 83 144
3 84 191
3 84 227
3 85 226
3 86 131
3 88 11
3 89 215
3 89 221
3 90 20
3 90 124
3 90 191
3 90 233
3 91 91
3 93 246
3 93 247
3 94 67
3 94 180
3 95 63
3 95 97
3 96 256
3 97 54
3 97 55
3 97 223
3 98 85
3 98 114
3 99 28
3 99 140
3 99 157
3 99 203
3 99 237
3 100 171
3 100 179
3 103 5
3 103 104
3 103 196
3 103 212
3 104 155
3 105 171
3 105 178
3 106 58
3 107 251
3 108 84
3 108 133
3 109 39
3 109 93
3 109 118
3 110 193
3 110 194
3 112 52
3 112 113
3 113 29
3 114 32
3 115 58
3 115 216
3 116 259
3 117 29
3 118 20
3 118 104
3 118 114
3 118 232
3 119 62
3 119 115
3 120 22
3 120 231
3 120 253
3 121 165
3 122 24
3 124 48
3 124 81
3 125 46
3 125 107
3 125 113
3 126 59
3 126 60
3 126 201
3 127 51
3 127 58
3 127 126
3 128 15
3 128 36
3 128 88
3 129 148
3 130 63
3 130 99
3 131 105
3 131 126
3 131 221
3 132 105
3 135 111
3 135 152
3 135 174
3 136 80
3 136 91
3 136 94
3 136 114
3 136 186
3 137 54
3 137 136
3 137 149
3 138 196
3 139 62
3 139 167
3 140 57
3 140 123
3 140 131
3 141 19
3 141 30
3 141 67
3 143 231
3 144 50
3 144 96
3 144 165
3 145 5
3 145 7
3 145 210
3 145 226
3 146 216
3 147 7
3 147 211
3 148 18
3 148 68
3 149 23
3 149 48
3 151 116
3 151 215
3 151 245
3 152 65
3 152 102
3 152 195
3 153 64
3 153 213
3 153 250
3 154 115
3 154 116
3 154 175
3 155 35
3 155 190
3 155 243
3 155 248
3 158 8
3 158 117
3 158 118
3 159 22
3 159 83
3 160 69
3 160 78
3 161 40
3 161 193
3 162 131
3 162 143
3 162 236
3 162 249
3 164 31
3 164 111
3 165 2
3 165 220
3 165 257
3 166 7
3 166 55
3 166 156
3 166 183
3 166 235
3 167 234
3 168 160
3 169 20
3 169 161
3 170 20
3 170 137
3 171 77
3 171 86
3 171 212
3 171 239
3 173 178
3 175 136
3 176 210
3 176 256
3 177 71
3 178 123
3 179 34
3 180 110
3 180 155
3 180 232
3 180 233
3 180 243
3 181 27
3 182 123
3 182 192
3 182 227
3 183 16
3 183 85
3 184 12
3 184 57
3 184 148
3 184 193
3 185 1
3 185 71
3 185 161
3 186 14
3 186 134
3 186 208
3 186 222
3 187 94
3 187 159
3 187 202
3 187 232
3 188 1
3 188 5
3 188 170
3 189 41
3 189 52
3 189 154
3 189 194
3 189 214
3 189 249
3 189 256
3 190 165
3 190 260
3 191 141
3 191 160
3 192 127
3 192 200
3 193 37
3 194 93
3 194 155
3 194 188
3 196 112
3 197 127
3 198 54
3 198 167
3 198 206
3 198 232
3 198 253
3 200 22
3 200 31
3 200 55
3 200 187
3 201 42
3 201 56
3 201 193
3 202 34
3 202 161
3 203 39
3 204 13
3 204 76
3 204 156
3 205 143
3 205 185
3 205 197
3 206 191
3 206 198
3 207 193
3 207 208
3 208 58
3 208 65
3 209 153
3 209 191
3 209 250
3 210 81
3 210 94
3 210 251
3 210 256
3 211 28
3 212 36
3 212 98
3 212 138
3 212 202
3 213 27
3 213 71
3 214 4
3 214 53
3 214 223
3 215 195
3 216 14
3 216 190
3 216 248
3 217 45
3 217 138
3 217 256
3 218 212
3 218 240
3 218 241
3 219 99
3 219 135
3 219 143
3 219 172
3 220 92
3 221 118
3 222 72
3 223 38
3 224 5
3 224 105
3 224 182
3 224 215
3 226 68
3 226 72
3 226 136
3 227 39
3 228 79
3 228 219
3 231 202
3 232 164
3 233 29
3 233 130
3 233 135
3 233 139
3 233 170
3 233 206
3 233 257
3 234 130
3 234 186
3 235 177
3 235 260
3 236 5
3 236 176
3 237 181
3 238 209
3 239 26
3 241 30
3 242 136
3 243 32
3 243 74
3 243 182
3 243 200
3 244 35
3 245 6
3 245 35
3 245 36
3 245 139
3 245 215
3 246 57
3 246 148
3 246 193
3 246 221
3 247 111
3 248 50
3 248 150
3 248 226
3 249 12
3 250 109
3 250 166
3 251 112
3 252 179
3 252 227
3 253 149
3 253 168
3 253 184
3 254 112
3 254 119
3 254 247
3 256 24
3 256 71
3 256 80
3 256 93
3 256 202
3 257 14
3 257 125
3 258 105
3 258 133
3 259 200
3 259 237
3 261 140
3 261 249
3 263 153
3 264 48
3 264 140
3 265 27
3 265 130
3 265 199
3 265 220
3 265 235
3 266 19
3 268 85
3 268 197
3 269 58
3 270 64
3 271 152
3 271 194
3 272 35
3 272 97
3 272 118
3 272 134
3 273 57
3 273 78
3 273 170