1056
5
79 92 89 103 107
2500

448 0 359 460 319 445 443 202 0 195 0 0 999 85 0 884 0 0 990 0 0 39 78 0 99 0 16 0 22 0 0 0 57 75 0 0 74 5 80 94 23 0 0 72 31 0 5 61 64 0 0 19 0 0 93 10 0 63 0 0 0 34 0 0 0 61 0 0 0 61 19 66 0 0 0 0 51 64 72
0 0 0 379 154 770 0 17 723 438 54 360 0 839 587 958 0 437 731 617 0 0 846 0 0 0 0 0 0 0 70 88 61 0 0 50 0 29 0 87 0 100 67 0 0 65 0 76 0 22 80 96 0 15 0 62 0 70 0 49 0 0 0 22 36 79 0 63 0 42 0 10 29 1 0 72 43 0 0 11 25 0 0 0 12 0 55 0 0 90 16 92
0 0 0 543 0 761 0 775 651 753 151 0 0 0 401 0 0 362 0 0 0 956 390 94 0 39 0 42 0 0 0 0 0 50 0 97 0 0 35 37 3 18 54 0 0 56 0 0 0 0 80 0 0 69 0 59 96 0 0 0 100 0 0 60 0 9 0 0 0 0 0 0 0 58 0 67 0 0 22 81 48 48 46 51 93 70 95 42 0
0 0 0 0 798 0 0 0 688 659 0 897 468 0 0 528 356 137 0 0 0 325 0 0 939 0 81 0 47 0 0 26 93 0 0 0 50 28 0 87 55 59 78 0 36 0 0 0 0 0 0 68 41 0 0 86 0 0 34 34 53 0 36 0 25 91 31 71 0 0 39 13 0 1 0 0 0 0 66 31 0 15 0 43 100 0 62 0 0 5 50 0 69 0 0 0 0 0 0 0 36 0 0
0 662 0 225 14 497 0 0 803 0 647 0 0 0 0 0 878 292 980 778 0 0 274 216 0 0 0 33 100 34 0 0 0 32 0 33 60 0 41 0 59 61 90 0 34 0 20 0 44 0 0 2 0 0 0 19 0 0 5 7 53 0 6 0 87 9 0 0 0 65 99 0 0 46 0 68 63 0 17 17 0 0 16 0 0 89 0 70 94 0 0 0 87 0 6 0 0 76 28 0 0 15 33 82 0 89 50

0 0 3
0 0 18
0 0 27
0 0 45
0 0 69
0 0 70
0 1 20
0 1 33
0 1 42
0 1 43
0 1 53
0 1 62
0 2 0
0 2 9
0 2 10
0 2 12
0 2 15
0 2 17
0 2 31
0 2 49
0 2 61
0 2 78
0 2 85
0 3 2
0 3 25
0 3 36
0 3 56
0 3 62
0 3 86
0 4 17
0 4 27
0 4 36
0 4 48
0 4 63
0 4 79
0 4 81
0 5 22
0 5 32
0 5 51
0 5 84
0 6 0
0 6 4
0 6 17
0 6 30
0 6 38
0 6 39
0 6 50
0 6 52
0 6 61
0 7 0
0 7 1
0 7 30
0 7 50
0 7 57
0 7 68
0 7 76
0 7 82
0 8 16
0 8 18
0 8 38
0 8 40
0 8 56
0 8 66
0 9 0
0 9 9
0 9 16
0 9 68
0 9 78
0 10 1
0 10 8
0 10 9
0 10 11
0 10 15
0 10 16
0 10 28
0 10 47
0 10 58
0 10 81
0 11 36
0 11 37
0 11 38
0 11 40
0 11 50
0 11 89
0 12 29
0 12 31
0 12 64
0 12 66
0 12 67
0 12 79
0 13 6
0 13 86
0 14 15
0 14 17
0 14 25
0 14 38
0 14 55
0 14 62
0 14 83
0 14 85
0 15 10
0 15 14
0 15 30
0 16 1
0 16 17
0 16 30
0 16 37
0 16 59
0 16 75
0 16 82
0 16 88
0 17 10
0 17 12
0 17 54
0 17 67
0 17 71
0 17 72
0 17 74
0 18 3
0 18 15
0 18 19
0 18 48
0 18 84
0 19 12
0 19 18
0 19 59
0 20 14
0 20 38
0 20 51
0 20 56
0 20 74
0 21 7
0 21 12
0 21 14
0 21 32
0 21 38
0 21 41
0 21 48
0 21 50
0 21 67
0 21 70
0 22 5
0 22 19
0 22 34
0 22 43
0 22 63
0 22 74
0 22 89
0 23 29
0 23 45
0 23 54
0 23 58
0 23 62
0 23 72
0 24 25
0 24 33
0 24 63
0 24 65
0 24 80
0 24 82
0 24 86
0 25 24
0 25 35
0 25 39
0 25 46
0 25 60
0 25 65
0 25 71
0 25 75
0 26 42
0 26 61
0 27 1
0 27 2
0 27 6
0 27 43
0 28 2
0 28 8
0 28 23
0 28 36
0 28 43
0 28 45
0 28 60
0 28 69
0 28 75
0 29 1
0 29 27
0 29 51
0 29 60
0 30 1
0 30 17
0 30 25
0 30 39
0 30 51
0 30 59
0 30 72
0 30 85
0 31 19
0 31 20
0 31 26
0 31 51
0 31 53
0 31 68
0 31 69
0 31 76
0 32 45
0 32 66
0 32 69
0 33 6
0 33 35
0 33 62
0 33 72
0 34 2
0 34 3
0 34 4
0 34 31
0 34 50
0 34 88
0 34 90
0 35 10
0 35 23
0 35 30
0 35 45
0 35 67
0 35 68
0 35 88
0 35 91
0 36 49
0 36 55
0 36 68
0 36 73
0 36 80
0 36 91
0 37 0
0 37 21
0 37 22
0 37 23
0 37 27
0 37 47
0 37 78
0 38 2
0 38 32
0 38 42
0 38 57
0 38 69
0 38 86
0 38 89
0 39 1
0 39 12
0 39 44
0 39 46
0 39 49
0 39 63
0 39 65
0 39 80
0 39 81
0 39 83
0 39 87
0 40 9
0 40 22
0 40 27
0 40 33
0 40 54
0 40 62
0 41 10
0 41 35
0 41 36
0 41 62
0 41 74
0 41 76
0 41 80
0 41 83
0 41 87
0 42 10
0 42 12
0 42 59
0 42 63
0 42 71
0 43 27
0 43 53
0 43 88
0 44 3
0 44 67
0 44 73
0 44 82
0 45 16
0 45 17
0 45 26
0 45 43
0 46 12
0 46 13
0 46 15
0 46 27
0 46 36
0 46 57
0 46 61
0 47 3
0 47 19
0 47 27
0 47 34
0 47 42
0 47 81
0 48 13
0 48 14
0 48 32
0 48 34
0 48 62
0 48 64
0 48 67
0 48 72
0 48 75
0 48 84
0 49 6
0 49 11
0 49 26
0 49 29
0 49 34
0 49 65
0 49 74
0 49 89
0 50 14
0 50 24
0 50 28
0 50 33
0 50 58
0 50 77
0 50 79
0 52 4
0 52 11
0 52 23
0 52 30
0 52 61
0 53 1
0 53 33
0 54 46
0 54 49
0 54 79
0 55 46
0 55 48
0 55 52
0 55 56
0 55 87
0 56 10
0 56 35
0 56 40
0 56 66
0 57 0
0 57 9
0 57 17
0 57 30
0 57 34
0 57 37
0 57 89
0 58 0
0 58 3
0 58 14
0 58 23
0 58 67
0 58 86
0 59 25
0 59 31
0 59 57
0 59 66
0 59 70
0 59 73
0 59 89
0 60 11
0 60 16
0 60 23
0 60 30
0 60 33
0 60 36
0 60 48
0 60 55
0 60 61
0 60 74
0 61 34
0 61 39
0 61 43
0 61 60
0 61 68
0 61 70
0 62 33
0 62 55
0 62 66
0 62 78
0 62 81
0 62 88
0 62 89
0 62 91
0 63 3
0 63 23
0 63 38
0 63 40
0 63 69
0 63 73
0 63 83
0 64 4
0 64 6
0 64 27
0 64 34
0 64 38
0 64 49
0 64 52
0 64 56
0 64 58
0 64 62
0 64 64
0 64 76
0 65 0
0 65 1
0 65 37
0 65 71
0 65 88
0 66 14
0 66 37
0 66 56
0 66 63
0 66 71
0 66 79
0 66 81
0 66 82
0 67 12
0 67 13
0 67 47
0 67 69
0 67 85
0 67 89
0 68 3
0 68 22
0 68 33
0 68 38
0 68 41
0 68 78
0 69 3
0 69 7
0 69 18
0 69 22
0 69 48
0 69 55
0 69 60
0 69 61
0 70 12
0 70 42
0 70 46
0 70 60
0 70 81
0 70 83
0 71 15
0 71 40
0 71 42
0 71 64
0 71 83
0 71 84
0 72 20
0 72 35
0 72 44
0 72 60
0 72 65
0 73 10
0 73 49
0 73 62
0 73 79
0 73 90
0 74 1
0 74 22
0 74 28
0 74 62
0 74 71
0 74 88
0 75 7
0 75 43
0 75 50
0 75 82
0 75 85
0 75 89
0 75 90
0 76 64
0 76 77
0 76 87
0 76 89
0 77 5
0 77 12
0 77 53
0 77 56
0 77 58
0 78 6
0 78 10
0 78 11
0 78 14
0 78 22
0 78 38
0 78 55
0 78 56
0 78 60
0 78 66
0 78 69
0 78 88
1 0 20
1 0 37
1 0 40
1 0 46
1 0 47
1 0 77
1 0 84
1 0 85
1 1 15
1 1 25
1 1 82
1 2 14
1 2 28
1 2 35
1 2 41
1 2 55
1 2 72
1 2 77
1 2 78
1 2 80
1 3 17
1 3 29
1 3 36
1 3 56
1 3 60
1 3 69
1 3 86
1 4 8
1 4 31
1 4 64
1 4 72
1 4 73
1 5 6
1 5 13
1 5 30
1 5 50
1 5 54
1 5 57
1 5 77
1 6 8
1 6 38
1 6 51
1 6 52
1 6 75
1 6 78
1 7 15
1 7 21
1 7 33
1 7 39
1 7 50
1 7 54
1 7 64
1 7 71
1 8 13
1 8 18
1 8 24
1 8 56
1 8 63
1 8 68
1 8 70
1 8 72
1 9 18
1 9 27
1 9 44
1 9 46
1 9 48
1 9 59
1 10 6
1 10 18
1 10 24
1 10 25
1 10 52
1 10 73
1 11 23
1 11 27
1 11 52
1 11 53
1 11 57
1 11 62
1 11 88
1 12 3
1 12 8
1 12 30
1 12 34
1 12 39
1 12 49
1 12 60
1 12 80
1 13 17
1 13 18
1 13 33
1 13 42
1 13 64
1 14 0
1 14 59
1 14 66
1 14 67
1 15 34
1 15 46
1 15 78
1 15 82
1 15 83
1 15 85
1 16 3
1 16 20
1 16 26
1 16 41
1 16 52
1 16 65
1 16 66
1 16 67
1 16 68
1 17 0
1 17 13
1 17 19
1 17 32
1 17 37
1 17 56
1 17 85
1 18 8
1 18 20
1 18 27
1 18 31
1 18 33
1 18 46
1 18 73
1 19 1
1 19 2
1 19 8
1 19 33
1 19 63
1 19 67
1 19 69
1 19 84
1 20 56
1 20 62
1 20 73
1 20 85
1 20 88
1 21 18
1 21 24
1 21 35
1 21 40
1 21 49
1 21 53
1 21 87
1 22 21
1 22 28
1 22 63
1 22 77
1 23 13
1 23 24
1 23 82
1 24 0
1 24 29
1 24 33
1 24 36
1 24 39
1 24 47
1 24 75
1 24 85
1 25 5
1 25 8
1 25 22
1 25 31
1 25 53
1 25 85
1 26 6
1 26 7
1 26 13
1 26 19
1 26 20
1 26 56
1 26 74
1 27 7
1 27 33
1 27 36
1 27 47
1 27 57
1 27 62
1 27 70
1 27 87
1 28 12
1 28 15
1 28 47
1 28 49
1 28 71
1 28 72
1 29 0
1 29 4
1 29 22
1 29 31
1 29 54
1 29 56
1 29 59
1 29 74
1 30 6
1 30 47
1 30 64
1 30 67
1 30 70
1 30 87
1 31 18
1 31 29
1 31 30
1 31 32
1 31 35
1 31 72
1 31 76
1 32 4
1 32 8
1 32 31
1 32 59
1 32 65
1 32 74
1 32 77
1 32 85
1 32 87
1 33 23
1 33 41
1 33 73
1 33 80
1 34 12
1 34 66
1 35 3
1 35 11
1 35 28
1 35 33
1 35 38
1 36 18
1 36 27
1 36 28
1 36 35
1 36 61
1 36 88
1 37 1
1 37 9
1 37 40
1 37 43
1 37 67
1 37 73
1 37 81
1 37 82
1 38 0
1 38 34
1 38 50
1 38 76
1 39 2
1 39 23
1 39 28
1 39 54
1 39 57
1 39 81
1 39 84
1 40 4
1 40 10
1 40 17
1 40 21
1 40 31
1 40 34
1 40 38
1 40 44
1 40 46
1 40 55
1 40 57
1 41 5
1 41 20
1 41 39
1 41 70
1 41 86
1 42 14
1 42 58
1 42 61
1 42 67
1 43 0
1 43 3
1 43 11
1 43 15
1 43 18
1 43 21
1 43 27
1 43 33
1 43 57
1 44 12
1 44 16
1 44 46
1 44 69
1 45 40
1 45 46
1 45 53
1 45 59
1 45 62
1 45 64
1 45 80
1 46 13
1 46 14
1 46 35
1 46 36
1 46 45
1 46 71
1 46 78
1 46 81
1 46 87
1 47 9
1 47 10
1 47 18
1 47 28
1 47 36
1 47 61
1 47 66
1 47 67
1 47 88
1 48 21
1 48 22
1 48 37
1 48 51
1 48 57
1 48 58
1 48 71
1 48 80
1 49 14
1 49 41
1 49 43
1 49 45
1 49 55
1 49 82
1 49 85
1 50 12
1 50 15
1 50 23
1 50 30
1 50 36
1 50 44
1 50 46
1 50 53
1 50 58
1 50 81
1 51 17
1 51 19
1 51 49
1 51 50
1 51 62
1 51 76
1 52 18
1 52 30
1 52 31
1 52 50
1 52 67
1 53 5
1 53 16
1 53 19
1 53 20
1 53 23
1 53 37
1 53 48
1 53 60
1 53 67
1 53 80
1 54 8
1 54 26
1 54 39
1 54 50
1 54 69
1 54 78
1 54 88
1 55 14
1 55 17
1 55 64
1 55 79
1 56 21
1 56 30
1 56 31
1 56 42
1 56 43
1 56 62
1 56 71
1 56 73
1 56 80
1 56 87
1 57 6
1 57 24
1 57 28
1 57 65
1 57 85
1 58 8
1 58 15
1 58 29
1 58 32
1 58 43
1 58 52
1 58 57
1 58 76
1 59 11
1 59 34
1 59 45
1 59 55
1 59 57
1 59 81
1 59 82
1 59 86
1 60 36
1 60 47
1 61 31
1 61 37
1 61 50
1 61 53
1 61 64
1 62 13
1 62 21
1 62 41
1 62 42
1 62 53
1 62 55
1 62 77
1 63 16
1 63 41
1 63 45
1 63 51
1 63 60
1 63 61
1 63 62
1 63 73
1 64 6
1 64 10
1 64 38
1 64 64
1 64 68
1 64 87
1 65 9
1 65 48
1 65 50
1 65 69
1 65 83
1 66 19
1 66 33
1 66 52
1 66 57
1 66 63
1 66 64
1 66 77
1 66 79
1 66 86
1 66 88
1 67 22
1 67 26
1 67 27
1 67 44
1 67 56
1 67 58
1 67 64
1 67 74
1 67 84
1 68 18
1 68 32
1 68 66
1 68 82
1 69 18
1 69 34
1 69 64
1 69 67
1 69 73
1 69 81
1 69 82
1 70 23
1 70 34
1 70 36
1 70 38
1 70 41
1 70 49
1 70 59
1 70 63
1 70 81
1 70 85
1 70 86
1 70 87
1 71 33
1 71 39
1 71 54
1 71 65
1 71 75
1 72 4
1 72 22
1 72 71
1 72 76
1 72 77
1 72 86
1 73 1
1 73 33
1 73 41
1 74 5
1 74 13
1 74 26
1 74 44
1 74 46
1 74 50
1 74 57
1 74 69
1 74 73
1 75 46
1 75 50
1 75 59
1 75 63
1 75 78
1 75 80
1 75 83
1 75 87
1 76 3
1 76 4
1 76 25
1 76 29
1 76 30
1 76 49
1 76 51
1 76 57
1 76 64
1 76 84
1 76 88
1 77 40
1 77 49
1 77 59
1 77 74
1 78 3
1 78 16
1 78 27
1 78 43
1 78 49
1 78 63
1 79 5
1 79 9
1 79 10
1 79 34
1 79 49
1 79 51
1 79 53
1 79 56
1 79 62
1 79 63
1 79 65
1 79 69
1 79 71
1 79 72
1 80 9
1 80 14
1 80 19
1 80 24
1 80 25
1 80 28
1 80 49
1 80 51
1 81 1
1 81 16
1 81 37
1 81 46
1 81 83
1 82 26
1 82 46
1 82 50
1 82 88
1 83 0
1 83 32
1 83 35
1 83 39
1 83 74
1 83 84
1 83 87
1 84 14
1 84 41
1 84 43
1 84 46
1 84 48
1 84 66
1 84 77
1 84 80
1 84 88
1 85 15
1 85 34
1 85 39
1 85 60
1 85 76
1 86 0
1 86 18
1 86 36
1 86 42
1 86 45
1 86 62
1 86 72
1 86 80
1 86 84
1 87 9
1 87 17
1 87 39
1 87 42
1 87 51
1 87 53
1 87 65
1 88 1
1 88 14
1 88 45
1 88 50
1 88 59
1 88 64
1 88 75
1 88 81
1 89 3
1 89 11
1 89 52
1 89 66
1 89 67
1 89 71
1 90 1
1 90 4
1 90 9
1 90 12
1 90 31
1 90 43
1 90 47
1 91 27
1 91 28
1 91 34
1 91 35
1 91 51
1 91 54
2 0 49
2 0 50
2 0 54
2 0 72
2 1 35
2 1 54
2 1 55
2 1 63
2 1 65
2 1 82
2 1 90
2 1 94
2 1 100
2 2 9
2 2 20
2 2 63
2 2 71
2 2 77
2 2 86
2 2 101
2 3 25
2 3 31
2 3 72
2 3 102
2 4 0
2 4 8
2 4 66
2 4 71
2 4 73
2 4 76
2 4 82
2 4 91
2 5 1
2 5 6
2 5 15
2 5 26
2 5 30
2 5 32
2 5 34
2 5 75
2 5 76
2 5 81
2 5 83
2 5 96
2 5 98
2 6 5
2 6 35
2 6 42
2 6 43
2 6 50
2 6 53
2 6 71
2 6 72
2 6 96
2 7 45
2 7 47
2 7 73
2 7 89
2 8 27
2 8 42
2 8 43
2 8 92
2 8 95
2 8 97
2 8 100
2 9 4
2 9 63
2 9 78
2 9 82
2 9 83
2 9 94
2 9 102
2 10 0
2 10 5
2 10 12
2 10 16
2 10 21
2 10 23
2 10 36
2 10 46
2 10 48
2 10 62
2 10 64
2 10 98
2 11 9
2 11 10
2 11 67
2 12 16
2 12 35
2 12 36
2 12 65
2 12 66
2 12 78
2 12 86
2 13 25
2 13 39
2 13 41
2 13 59
2 13 74
2 13 86
2 13 87
2 13 88
2 13 96
2 13 97
2 13 100
2 14 0
2 14 1
2 14 4
2 14 57
2 14 66
2 15 4
2 15 5
2 15 26
2 15 65
2 15 73
2 15 85
2 15 87
2 15 94
2 16 11
2 16 12
2 16 20
2 16 24
2 16 26
2 16 43
2 16 44
2 16 54
2 16 56
2 16 63
2 16 70
2 16 95
2 17 32
2 17 60
2 17 79
2 17 82
2 17 93
2 18 10
2 18 25
2 18 32
2 18 52
2 18 54
2 18 64
2 18 69
2 18 82
2 18 85
2 18 101
2 19 8
2 19 17
2 19 24
2 19 46
2 19 63
2 19 91
2 20 49
2 20 55
2 20 59
2 20 64
2 20 68
2 20 72
2 20 75
2 20 84
2 21 21
2 21 27
2 21 31
2 21 41
2 21 44
2 21 52
2 22 7
2 22 12
2 22 36
2 22 60
2 22 69
2 22 75
2 22 80
2 22 97
2 22 102
2 23 2
2 23 9
2 23 15
2 23 24
2 23 27
2 23 36
2 23 77
2 23 83
2 23 92
2 24 2
2 24 24
2 24 50
2 24 51
2 24 88
2 25 0
2 25 37
2 25 74
2 25 91
2 26 1
2 26 10
2 26 22
2 26 29
2 26 37
2 26 48
2 26 69
2 26 73
2 26 79
2 26 97
2 27 11
2 27 23
2 27 27
2 27 31
2 27 40
2 27 61
2 27 72
2 27 100
2 28 39
2 28 43
2 28 59
2 28 72
2 28 74
2 28 101
2 29 4
2 29 15
2 29 30
2 29 36
2 29 38
2 29 56
2 29 65
2 29 81
2 30 7
2 30 11
2 30 13
2 30 16
2 30 20
2 30 31
2 30 37
2 30 40
2 30 55
2 30 68
2 30 70
2 31 7
2 31 56
2 31 67
2 32 0
2 32 3
2 32 5
2 32 13
2 32 41
2 32 82
2 32 98
2 33 11
2 33 13
2 33 25
2 33 36
2 33 56
2 33 87
2 34 12
2 34 19
2 34 24
2 34 28
2 34 33
2 34 58
2 34 62
2 34 69
2 34 82
2 34 87
2 35 12
2 35 14
2 35 24
2 35 33
2 35 46
2 35 73
2 35 75
2 35 83
2 35 91
2 36 13
2 36 18
2 36 30
2 36 51
2 36 57
2 36 74
2 36 81
2 36 101
2 37 14
2 37 47
2 37 79
2 38 3
2 38 11
2 38 61
2 38 79
2 38 86
2 39 7
2 39 12
2 39 18
2 39 23
2 39 68
2 39 84
2 39 90
2 39 92
2 39 96
2 39 98
2 40 23
2 40 30
2 40 31
2 40 64
2 40 68
2 40 101
2 41 30
2 41 48
2 41 49
2 41 75
2 42 0
2 42 14
2 42 33
2 42 41
2 42 54
2 42 81
2 43 8
2 43 24
2 43 56
2 43 64
2 43 91
2 43 94
2 44 35
2 44 48
2 44 58
2 44 69
2 45 0
2 45 12
2 45 42
2 45 46
2 45 54
2 45 61
2 45 70
2 45 88
2 46 24
2 46 28
2 46 30
2 46 34
2 46 42
2 46 82
2 46 83
2 46 87
2 47 3
2 47 24
2 47 30
2 47 42
2 47 47
2 47 54
2 47 96
2 47 97
2 48 3
2 48 8
2 48 11
2 48 17
2 48 25
2 48 38
2 48 46
2 48 86
2 48 100
2 49 6
2 49 21
2 49 43
2 49 47
2 49 62
2 49 64
2 49 75
2 50 10
2 50 13
2 50 21
2 50 26
2 50 36
2 50 45
2 50 53
2 50 70
2 50 78
2 50 100
2 50 102
2 51 8
2 51 23
2 51 28
2 51 30
2 51 49
2 51 75
2 51 76
2 51 99
2 52 7
2 52 10
2 52 13
2 52 22
2 52 31
2 52 33
2 52 77
2 52 81
2 52 87
2 52 91
2 52 93
2 53 41
2 53 46
2 53 62
2 53 67
2 53 69
2 53 75
2 53 79
2 53 96
2 54 0
2 54 17
2 54 18
2 54 24
2 54 29
2 54 39
2 54 47
2 54 53
2 54 66
2 54 70
2 55 1
2 55 2
2 55 31
2 55 47
2 55 48
2 55 58
2 55 67
2 55 74
2 55 90
2 56 3
2 56 11
2 56 14
2 56 17
2 56 23
2 56 43
2 56 50
2 57 5
2 57 14
2 57 22
2 57 42
2 57 46
2 57 49
2 57 54
2 57 67
2 57 68
2 57 70
2 57 90
2 58 45
2 58 50
2 58 78
2 58 93
2 58 98
2 59 23
2 59 37
2 59 56
2 59 57
2 59 58
2 59 64
2 59 77
2 59 80
2 59 89
2 59 91
2 59 94
2 59 101
2 60 36
2 60 62
2 60 84
2 60 91
2 60 100
2 61 1
2 61 4
2 61 36
2 61 69
2 61 76
2 61 90
2 62 7
2 62 66
2 62 87
2 63 0
2 63 10
2 63 13
2 63 39
2 63 67
2 63 79
2 64 4
2 64 9
2 64 50
2 64 53
2 64 68
2 64 97
2 65 25
2 65 35
2 65 38
2 65 44
2 65 61
2 65 72
2 65 79
2 65 83
2 65 100
2 66 3
2 66 9
2 66 10
2 66 39
2 66 69
2 66 84
2 66 85
2 66 88
2 66 93
2 66 98
2 67 7
2 67 14
2 67 16
2 67 28
2 67 82
2 67 86
2 68 7
2 68 30
2 68 37
2 68 69
2 69 2
2 69 13
2 69 34
2 69 42
2 69 44
2 69 47
2 69 52
2 69 75
2 69 90
2 69 97
2 70 37
2 70 43
2 70 45
2 70 66
2 70 71
2 70 78
2 70 79
2 71 11
2 71 45
2 71 59
2 71 65
2 71 74
2 72 32
2 72 60
2 72 69
2 72 77
2 72 93
2 72 102
2 73 5
2 73 12
2 73 15
2 73 70
2 74 15
2 74 79
2 74 84
2 75 16
2 75 40
2 75 49
2 75 52
2 75 59
2 75 63
2 75 83
2 75 100
2 76 6
2 76 32
2 76 55
2 76 57
2 76 90
2 76 93
2 77 19
2 77 33
2 77 36
2 77 37
2 77 48
2 77 78
2 77 86
2 78 25
2 78 37
2 78 39
2 78 49
2 78 96
2 79 7
2 79 11
2 79 65
2 80 14
2 80 29
2 80 48
2 80 53
2 80 79
2 80 82
2 81 14
2 81 20
2 81 30
2 81 31
2 81 44
2 81 54
2 81 55
2 82 5
2 82 10
2 82 41
2 82 43
2 82 54
2 82 56
2 82 69
2 82 94
2 83 7
2 83 28
2 83 35
2 83 60
2 83 64
2 83 71
2 83 78
2 83 83
2 84 13
2 84 58
2 84 69
2 84 81
2 84 96
2 85 3
2 85 9
2 85 62
2 85 74
2 85 81
2 86 0
2 86 15
2 86 27
2 86 35
2 86 50
2 86 70
2 86 74
2 86 76
2 86 101
2 87 9
2 87 20
2 87 24
2 87 45
2 87 50
2 87 87
2 88 20
2 88 21
2 88 22
2 88 32
2 88 46
2 88 90
3 0 8
3 0 33
3 0 34
3 0 58
3 0 59
3 0 64
3 0 73
3 0 101
3 1 2
3 1 14
3 1 53
3 1 63
3 1 96
3 1 98
3 1 101
3 2 30
3 2 38
3 2 50
3 2 70
3 2 96
3 3 21
3 3 31
3 3 40
3 3 52
3 3 53
3 3 67
3 3 106
3 4 21
3 4 37
3 4 87
3 4 88
3 4 91
3 4 93
3 4 95
3 5 6
3 5 18
3 5 23
3 5 101
3 6 0
3 6 6
3 6 22
3 6 25
3 6 37
3 6 70
3 6 81
3 6 90
3 7 10
3 7 20
3 7 31
3 7 35
3 7 70
3 7 92
3 7 96
3 8 22
3 8 25
3 8 42
3 8 50
3 8 63
3 8 81
3 8 86
3 9 18
3 9 20
3 9 27
3 9 73
3 9 81
3 9 100
3 10 15
3 10 19
3 10 21
3 10 59
3 10 83
3 10 97
3 10 102
3 10 106
3 11 7
3 11 10
3 11 11
3 11 14
3 11 19
3 11 32
3 11 48
3 11 80
3 11 97
3 12 4
3 12 20
3 12 44
3 12 51
3 12 56
3 12 70
3 12 76
3 12 91
3 12 95
3 13 13
3 13 30
3 13 32
3 13 39
3 13 58
3 13 59
3 13 64
3 13 65
3 13 67
3 13 92
3 13 93
3 13 94
3 14 5
3 14 13
3 14 20
3 14 25
3 14 34
3 14 59
3 14 60
3 14 61
3 14 71
3 14 77
3 14 89
3 14 98
3 15 6
3 15 9
3 15 41
3 15 53
3 15 61
3 15 63
3 15 68
3 15 85
3 16 17
3 16 36
3 16 78
3 16 80
3 16 102
3 17 30
3 17 35
3 17 71
3 17 82
3 17 85
3 17 91
3 17 95
3 18 11
3 18 14
3 18 41
3 18 67
3 18 83
3 18 86
3 19 14
3 19 23
3 19 31
3 19 60
3 19 61
3 19 83
3 19 91
3 19 93
3 19 97
3 19 102
3 19 104
3 20 31
3 20 36
3 20 37
3 20 39
3 20 57
3 20 62
3 20 78
3 20 85
3 21 26
3 21 27
3 21 45
3 21 49
3 21 72
3 21 84
3 21 86
3 21 90
3 22 5
3 22 46
3 22 53
3 23 2
3 23 22
3 23 28
3 23 50
3 23 53
3 23 59
3 23 69
3 23 73
3 23 93
3 23 98
3 23 106
3 24 6
3 24 7
3 24 26
3 25 1
3 25 7
3 25 10
3 25 11
3 25 34
3 25 56
3 25 61
3 25 71
3 25 74
3 25 85
3 25 104
3 26 71
3 26 86
3 26 87
3 27 34
3 27 56
3 27 94
3 28 8
3 28 34
3 28 53
3 28 59
3 28 67
3 28 69
3 28 72
3 28 97
3 28 99
3 29 5
3 29 10
3 29 17
3 29 23
3 29 33
3 29 46
3 29 76
3 29 98
3 29 105
3 30 0
3 30 41
3 30 61
3 30 100
3 30 101
3 30 102
3 31 23
3 31 37
3 31 61
3 32 54
3 32 58
3 32 61
3 32 81
3 33 42
3 33 46
3 33 52
3 33 67
3 33 94
3 33 97
3 34 56
3 34 57
3 34 69
3 34 95
3 34 97
3 34 102
3 35 14
3 35 23
3 35 24
3 35 31
3 35 39
3 35 44
3 35 46
3 35 61
3 35 82
3 35 99
3 36 0
3 36 2
3 36 17
3 36 40
3 36 46
3 36 89
3 36 92
3 36 93
3 36 100
3 36 101
3 36 102
3 37 4
3 37 8
3 37 12
3 37 15
3 37 23
3 37 25
3 37 28
3 37 49
3 37 53
3 37 55
3 38 16
3 38 25
3 38 56
3 38 64
3 38 65
3 38 91
3 39 2
3 39 13
3 39 31
3 39 36
3 39 41
3 39 53
3 39 69
3 39 93
3 40 4
3 40 5
3 40 42
3 40 51
3 40 54
3 40 62
3 40 67
3 40 90
3 41 18
3 41 44
3 41 48
3 41 56
3 41 59
3 41 70
3 41 92
3 42 3
3 42 11
3 42 37
3 42 39
3 42 50
3 42 84
3 42 85
3 42 86
3 43 16
3 43 43
3 43 81
3 43 84
3 43 105
3 44 10
3 44 30
3 44 70
3 44 77
3 44 81
3 44 97
3 44 100
3 45 15
3 45 26
3 45 39
3 45 58
3 45 63
3 45 67
3 45 68
3 46 0
3 46 7
3 46 21
3 46 35
3 46 36
3 46 56
3 46 62
3 46 72
3 46 81
3 46 95
3 47 0
3 47 9
3 47 16
3 47 33
3 47 37
3 47 39
3 47 46
3 47 99
3 48 33
3 48 44
3 48 68
3 48 75
3 48 105
3 48 106
3 49 6
3 49 29
3 49 32
3 49 34
3 49 59
3 49 68
3 49 71
3 49 79
3 49 87
3 49 90
3 50 3
3 50 16
3 50 26
3 50 32
3 50 39
3 50 46
3 50 66
3 50 68
3 50 71
3 50 82
3 50 93
3 50 96
3 51 40
3 51 53
3 51 56
3 51 61
3 51 62
3 51 106
3 52 2
3 52 18
3 52 60
3 52 62
3 52 74
3 52 89
3 52 96
3 52 103
3 53 1
3 53 16
3 53 30
3 53 31
3 53 40
3 53 47
3 53 58
3 53 63
3 53 67
3 53 69
3 53 73
3 54 56
3 54 64
3 54 80
3 54 104
3 55 32
3 55 42
3 55 68
3 55 76
3 56 6
3 56 14
3 56 24
3 56 63
3 56 68
3 56 87
3 56 89
3 57 0
3 57 22
3 57 31
3 57 34
3 57 35
3 57 40
3 57 56
3 57 88
3 58 8
3 58 15
3 58 21
3 58 31
3 58 59
3 58 62
3 58 82
3 58 93
3 58 99
3 58 105
3 59 1
3 59 6
3 59 51
3 59 55
3 59 69
3 59 73
3 59 80
3 59 92
3 59 99
3 60 68
3 60 78
3 60 91
3 61 2
3 61 25
3 61 49
3 61 55
3 61 92
3 62 1
3 62 12
3 62 41
3 62 55
3 62 56
3 62 60
3 62 106
3 63 14
3 63 28
3 63 66
3 64 28
3 64 30
3 64 35
3 64 36
3 64 65
3 64 69
3 65 11
3 65 29
3 65 50
3 65 51
3 65 55
3 65 90
3 65 95
3 66 3
3 66 18
3 66 22
3 66 55
3 66 75
3 66 93
3 66 100
3 67 3
3 67 22
3 67 28
3 67 63
3 67 66
3 67 71
3 67 75
3 67 89
3 67 91
3 67 92
3 68 64
3 68 79
3 68 88
3 68 95
3 68 98
3 68 104
3 68 106
3 69 38
3 69 54
3 69 58
3 69 75
3 69 76
3 69 83
3 69 88
3 69 96
3 70 30
3 70 41
3 70 47
3 70 53
3 70 64
3 70 92
3 71 26
3 71 52
3 71 82
3 71 103
3 72 38
3 72 39
3 72 62
3 72 71
3 73 22
3 73 91
3 73 106
3 74 28
3 74 52
3 74 54
3 74 100
3 75 8
3 75 32
3 75 60
3 75 66
3 75 79
3 75 87
3 75 101
3 76 11
3 76 21
3 76 47
3 76 69
3 76 77
3 76 87
3 76 103
3 77 25
3 77 61
3 77 82
3 77 106
3 78 9
3 78 24
3 78 30
3 78 62
3 78 68
3 78 72
3 78 73
3 78 81
3 78 92
3 78 97
3 78 102
3 79 3
3 79 55
3 79 80
3 79 92
3 80 1
3 80 13
3 80 18
3 80 19
3 80 21
3 80 22
3 80 30
3 80 43
3 80 51
3 80 53
3 80 57
3 80 84
3 80 87
3 80 88
3 80 101
3 81 9
3 81 12
3 81 37
3 81 50
3 81 51
3 81 81
3 81 82
3 81 101
3 82 2
3 82 8
3 82 12
3 82 14
3 82 26
3 82 32
3 82 38
3 82 44
3 82 53
3 82 72
3 83 17
3 83 23
3 83 34
3 83 38
3 83 40
3 83 61
3 83 63
3 83 73
3 83 105
3 84 3
3 84 32
3 84 67
3 85 18
3 85 21
3 85 32
3 85 38
3 85 71
3 85 80
3 85 83
3 85 91
3 85 95
3 85 105
3 86 57
3 86 73
3 86 78
3 86 89
3 86 90
3 86 95
3 86 103
3 87 13
3 87 37
3 87 69
3 87 83
3 87 91
3 88 1
3 88 10
3 88 22
3 88 31
3 88 53
3 88 59
3 88 62
3 88 65
3 88 76
3 88 97
3 89 20
3 89 53
3 89 65
3 89 70
3 89 88
3 89 102
3 90 51
3 90 56
3 90 81
3 90 84
3 90 86
3 90 90
3 90 92
3 91 16
3 91 30
3 91 54
3 91 64
3 91 78
3 91 88
3 91 89
3 92 15
3 92 47
3 92 49
3 92 79
3 93 3
3 93 28
3 93 62
3 93 65
3 93 79
3 93 95
3 93 105
3 94 8
3 94 45
3 94 91
3 94 94
3 94 99
3 95 0
3 95 7
3 95 14
3 95 23
3 95 27
3 95 28
3 95 36
3 95 39
3 95 49
3 95 90
3 95 93
3 95 96
3 95 97
3 96 0
3 96 30
3 96 81
3 96 94
3 97 0
3 97 1
3 97 19
3 97 25
3 97 42
3 97 54
3 97 68
3 97 71
3 97 77
3 97 87
3 97 100
3 98 11
3 98 15
3 98 23
3 98 28
3 98 30
3 98 37
3 98 66
3 98 82
3 98 101
3 99 0
3 99 4
3 99 18
3 99 28
3 99 30
3 99 32
3 99 41
3 99 59
3 99 66
3 99 73
3 99 90
3 99 91
3 99 93
3 100 21
3 100 52
3 100 59
3 100 74
3 100 82
3 101 7
3 101 24
3 101 54
3 101 56
3 101 77
3 101 91
3 101 96
3 102 0
3 102 35
3 102 36
3 102 49
3 102 72
3 102 79
3 102 85
3 102 94
3 102 101
3 102 102