1658
5
268 332 362 340 271
2500

366 196 0 454 0 159 0 0 311 0 204 32 646 658 87 126 85 392 333 0 867 139 0 817 0 698 0 370 785 0 963 0 629 0 0 0 0 748 494 0 0 0 0 0 174 0 863 143 515 0 886 0 0 148 948 159 0 697 423 987 352 7 111 0 0 19 0 477 47 0 0 76 0 5 0 26 71 0 0 0 97 5 0 0 0 0 0 97 71 3 0 94 36 0 0 81 0 0 59 0 0 50 65 52 0 0 51 44 36 11 0 16 0 0 3 51 62 29 0 0 0 46 0 0 0 81 0 39 0 18 0 58 0 0 41 53 14 66 65 0 35 96 31 0 0 0 0 20 79 0 0 0 0 0 96 47 0 42 16 0 0 0 1 0 34 57 0 96 62 0 0 100 0 23 0 99 0 43 0 0 0 0 0 83 0 97 0 0 0 0 0 71 41 0 46 0 0 0 44 38 29 0 74 0 77 53 0 62 96 0 88 0 0 0 0 60 0 0 0 37 14 44 0 9 28 39 0 0 2 0 61 99 32 53 98 0 0 79 0 62 0 0 57 4 0 0 0 79 70 0 33 0 0 0 74 75 0 0 0 0 0 0 63 61 0 7 44 0
0 664 0 168 0 0 705 814 0 0 0 0 843 0 870 577 328 0 444 861 83 914 0 0 0 0 616 0 38 598 0 902 351 202 820 0 0 0 0 0 500 209 289 454 0 0 0 757 0 809 810 638 516 258 101 0 0 0 0 777 0 0 278 653 0 0 31 545 0 349 0 0 0 0 134 447 670 616 914 258 0 0 785 7 0 0 0 0 26 7 94 23 0 3 0 0 0 56 0 37 1 0 15 64 37 0 77 0 36 0 0 76 88 0 41 95 0 78 0 29 0 0 0 0 50 0 0 0 0 0 72 25 77 2 65 89 0 0 0 30 0 0 0 98 0 0 69 0 73 10 0 42 0 0 0 0 88 0 41 70 53 0 100 10 0 0 73 4 0 62 0 0 1 95 46 0 0 0 55 64 0 31 98 0 0 0 23 0 7 0 0 66 0 78 0 0 65 0 0 0 34 20 0 0 0 78 43 0 95 0 0 0 0 0 0 92 42 70 6 0 31 3 36 0 0 85 88 62 43 52 0 43 0 0 0 0 0 0 23 0 67 53 77 0 0 30 27 0 0 0 45 0 0 73 96 0 0 81 35 46 0 59 0 1 0 89 0 53 67 0 0 76 94 0 6 19 0 62 37 46 0 4 98 39 0 10 20 0 0 54 100 0 84 87 20 60 84 25 0 83 0 0 0 0 67 0 0 0 0 0 28 97 60 0 0 11 72 0 9 90 0 0 0 0 79 0 0 0 0 94 21 0
0 86 361 0 0 395 0 47 707 0 0 754 0 0 575 350 0 968 294 486 0 0 0 0 0 0 667 0 0 234 58 103 0 0 723 0 221 0 0 853 0 97 236 245 0 190 221 0 0 0 0 0 0 446 919 0 0 907 0 0 593 0 802 0 0 57 0 0 972 0 0 0 0 0 0 996 0 491 0 724 116 0 169 426 0 696 0 424 430 0 0 0 0 0 0 0 6 0 68 0 57 0 92 0 66 78 74 0 89 92 0 29 19 0 71 55 53 0 53 0 74 85 68 0 0 89 32 0 0 80 54 97 0 0 95 0 76 0 23 0 0 37 0 89 0 0 0 0 69 89 0 41 0 0 0 88 31 90 0 0 0 73 0 3 0 0 9 0 0 50 29 0 90 0 0 0 0 0 50 0 0 0 12 54 33 0 0 0 0 0 5 6 0 94 0 11 93 90 56 75 5 75 0 90 18 48 0 42 0 80 0 0 0 0 0 0 0 0 0 15 30 45 0 0 81 0 0 0 0 63 10 0 0 60 0 0 0 0 55 36 60 58 85 25 12 0 0 0 0 68 0 90 65 64 75 1 0 0 0 98 0 38 0 59 88 0 80 0 0 87 67 22 0 89 44 57 68 22 0 0 0 0 59 0 1 0 61 98 0 8 35 13 0 89 62 0 36 0 74 0 63 0 0 0 0 44 0 0 0 0 0 70 75 0 0 0 0 45 0 20 65 59 0 0 100 0 0 50 66 0 0 0 0 30 65 100 0 0 44 55 0 0 0 0 44 54 0 0 9 51 71 53 40 0 21 24 0 0 6 19 51 0
91 439 742 0 0 667 244 413 144 0 226 562 0 0 0 0 618 254 97 291 289 0 0 151 168 810 0 0 634 0 0 154 0 0 602 0 0 491 0 0 269 702 352 320 785 0 0 0 0 0 0 0 876 0 0 235 0 0 685 0 0 0 621 0 729 0 729 0 0 797 0 785 0 580 482 331 843 638 229 162 0 0 187 0 596 0 0 0 98 0 0 16 0 44 46 0 80 4 0 99 81 0 0 0 62 57 0 76 2 84 89 0 0 4 0 0 0 0 32 0 0 0 72 0 2 10 0 0 0 0 100 62 0 0 0 25 0 58 0 25 0 0 0 44 14 52 50 0 74 0 0 0 0 0 0 89 0 72 5 68 94 0 0 0 7 20 0 66 79 47 49 0 100 86 0 0 0 35 12 0 0 14 0 0 0 0 18 0 0 29 97 9 64 32 90 0 0 0 14 0 0 0 36 0 0 26 0 47 95 53 66 0 39 0 0 0 48 46 10 86 0 72 0 0 35 0 0 0 56 0 0 36 0 0 100 34 93 0 0 83 0 72 0 89 58 0 73 0 21 24 0 14 92 0 45 0 41 0 0 0 0 43 0 0 0 0 0 0 19 50 2 0 0 13 47 0 75 0 3 75 5 0 0 0 0 0 15 0 6 89 0 0 54 0 0 0 8 0 25 74 21 0 24 96 18 17 15 31 0 70 68 54 50 59 49 67 0 82 0 0 41 0 23 0 93 0 0 0 0 0 0 46 0 64 0 24 41 71 18 0
323 86 443 296 0 0 111 808 321 101 621 0 0 0 854 223 648 666 796 0 63 0 0 121 74 0 761 77 226 998 0 0 0 0 0 0 213 0 131 87 248 172 0 0 0 0 0 327 784 0 741 0 206 782 994 0 0 126 891 484 0 68 0 710 752 255 0 0 29 0 0 0 86 0 0 0 0 58 26 0 9 0 73 0 0 94 0 0 0 0 59 0 5 0 90 23 0 15 0 62 10 15 89 0 0 0 0 84 0 0 42 52 93 0 62 54 50 0 0 0 0 0 14 5 0 0 0 0 0 17 0 0 0 68 12 0 0 0 0 77 88 0 23 0 0 0 87 66 0 53 0 0 45 81 79 89 0 82 0 0 0 38 0 88 12 0 0 0 98 6 9 51 43 0 0 0 68 54 9 0 0 0 40 45 85 40 31 0 36 0 91 0 0 0 0 0 0 57 0 98 0 95 55 0 32 0 9 32 0 0 0 0 0 0 57 0 0 0 0 94 26 29 64 0 0 0 13 1 0 0 0 0 0 60 81 84 94 0 79 0 37 0 41 0 0 7 0 0 0 76 41 0 73 47 90 0 0 74 0 0 94 13 0 0 10 0 0 22 94 10 21

0 2 267
0 2 323
0 3 293
0 4 215
0 4 282
0 5 42
0 5 277
0 6 43
0 6 187
0 6 198
0 8 163
0 8 173
0 9 110
0 9 246
0 9 271
0 10 22
0 10 177
0 11 71
0 11 110
0 11 170
0 12 17
0 12 88
0 13 164
0 13 225
0 13 257
0 14 172
0 16 295
0 17 20
0 17 55
0 18 154
0 19 123
0 20 38
0 20 141
0 20 228
0 21 194
0 22 196
0 23 186
0 23 236
0 24 23
0 24 279
0 25 130
0 25 172
0 27 38
0 27 205
0 27 232
0 27 315
0 28 208
0 28 257
0 28 319
0 30 289
0 30 318
0 31 78
0 31 79
0 31 182
0 31 285
0 32 81
0 32 121
0 32 124
0 33 28
0 33 131
0 33 164
0 33 201
0 34 49
0 34 52
0 34 119
0 34 329
0 35 15
0 35 126
0 35 152
0 35 304
0 36 215
0 37 15
0 37 178
0 38 138
0 40 179
0 40 224
0 40 272
0 41 33
0 41 329
0 42 21
0 42 126
0 42 149
0 42 188
0 43 37
0 43 181
0 43 240
0 44 21
0 44 135
0 44 204
0 45 106
0 45 308
0 46 314
0 48 9
0 48 238
0 48 275
0 48 297
0 49 35
0 49 155
0 49 209
0 49 270
0 50 97
0 50 163
0 50 211
0 51 76
0 51 187
0 51 208
0 51 269
0 52 322
0 52 327
0 53 233
0 54 188
0 54 269
0 55 179
0 55 313
0 56 96
0 59 240
0 59 309
0 61 74
0 61 183
0 61 189
0 62 270
0 64 259
0 65 29
0 65 80
0 65 197
0 65 292
0 66 55
0 66 57
0 66 65
0 67 47
0 67 213
0 68 51
0 69 27
0 69 105
0 69 291
0 70 61
0 70 65
0 70 279
0 73 172
0 74 135
0 74 193
0 75 248
0 77 81
0 77 183
0 77 262
0 78 331
0 79 15
0 79 56
0 79 263
0 80 169
0 80 258
0 81 221
0 82 17
0 82 143
0 82 148
0 83 152
0 83 262
0 84 102
0 84 283
0 86 56
0 86 202
0 87 52
0 87 146
0 88 76
0 88 135
0 88 253
0 89 240
0 90 286
0 91 12
0 94 138
0 94 234
0 94 261
0 96 142
0 96 174
0 96 259
0 96 322
0 97 6
0 97 28
0 97 39
0 98 141
0 98 286
0 99 52
0 99 96
0 99 143
0 99 278
0 100 68
0 101 16
0 101 226
0 101 331
0 102 278
0 102 284
0 102 299
0 104 54
0 104 314
0 105 130
0 106 14
0 106 106
0 106 167
0 106 297
0 107 131
0 107 141
0 108 85
0 110 49
0 110 78
0 112 104
0 112 109
0 112 204
0 114 168
0 114 214
0 114 230
0 115 132
0 115 209
0 115 318
0 116 191
0 117 123
0 117 186
0 118 51
0 118 62
0 118 82
0 118 214
0 118 323
0 119 5
0 120 294
0 121 28
0 121 86
0 121 249
0 122 220
0 123 308
0 124 146
0 124 304
0 125 19
0 126 245
0 127 213
0 128 238
0 129 0
0 129 11
0 129 18
0 129 268
0 130 246
0 131 178
0 131 226
0 131 254
0 132 22
0 132 122
0 132 157
0 132 218
0 133 102
0 133 121
0 133 270
0 135 25
0 135 207
0 136 100
0 138 39
0 138 225
0 140 135
0 140 209
0 141 249
0 142 209
0 142 258
0 143 179
0 143 199
0 144 47
0 144 156
0 146 37
0 146 184
0 147 210
0 148 4
0 149 12
0 149 273
0 150 50
0 150 144
0 150 224
0 151 69
0 151 181
0 152 325
0 153 12
0 153 194
0 154 215
0 154 277
0 155 17
0 155 129
0 158 89
0 158 92
0 158 129
0 159 286
0 160 7
0 160 266
0 160 278
0 160 294
0 161 224
0 163 33
0 163 127
0 163 161
0 163 277
0 164 165
0 166 11
0 166 210
0 166 216
0 167 71
0 167 245
0 168 54
0 168 110
0 168 112
0 168 136
0 168 189
0 169 17
0 169 25
0 169 27
0 169 108
0 169 177
0 169 249
0 169 301
0 169 329
0 170 35
0 170 79
0 170 164
0 171 9
0 172 138
0 172 244
0 172 282
0 173 118
0 174 86
0 174 233
0 174 291
0 176 151
0 176 197
0 176 201
0 177 182
0 177 187
0 178 5
0 178 190
0 178 288
0 179 53
0 179 77
0 179 96
0 180 82
0 180 206
0 180 225
0 180 233
0 181 31
0 181 214
0 183 44
0 183 149
0 184 90
0 184 115
0 184 116
0 187 23
0 188 60
0 188 78
0 188 81
0 188 104
0 190 311
0 191 208
0 193 296
0 194 5
0 194 254
0 195 23
0 195 199
0 196 36
0 196 190
0 197 221
0 198 288
0 199 50
0 199 125
0 199 129
0 200 190
0 200 208
0 200 288
0 200 325
0 201 326
0 202 50
0 202 316
0 203 205
0 204 50
0 204 93
0 204 166
0 204 196
0 205 80
0 205 203
0 206 134
0 206 295
0 207 71
0 207 124
0 207 132
0 207 177
0 207 251
0 209 65
0 209 115
0 209 171
0 209 202
0 210 185
0 211 166
0 212 164
0 215 167
0 216 20
0 216 153
0 216 165
0 216 273
0 217 25
0 217 58
0 217 60
0 217 147
0 218 146
0 219 162
0 219 317
0 219 320
0 221 66
0 221 185
0 221 268
0 221 275
0 221 304
0 221 314
0 221 319
0 221 327
0 222 116
0 222 119
0 222 224
0 222 269
0 223 1
0 225 139
0 225 225
0 225 308
0 226 81
0 227 48
0 227 197
0 227 282
0 228 266
0 229 219
0 230 64
0 230 115
0 231 250
0 232 8
0 232 68
0 232 101
0 232 129
0 232 282
0 233 203
0 233 263
0 234 119
0 237 163
0 238 8
0 238 74
0 238 96
0 238 250
0 238 282
0 238 290
0 239 29
0 240 20
0 240 117
0 240 119
0 240 261
0 241 115
0 241 308
0 242 128
0 242 151
0 242 206
0 243 33
0 243 307
0 244 55
0 244 170
0 244 283
0 244 300
0 246 32
0 246 292
0 247 250
0 248 127
0 248 318
0 249 57
0 250 21
0 250 297
0 251 30
0 251 57
0 251 72
0 251 80
0 251 123
0 251 320
0 251 328
0 252 267
0 253 189
0 253 294
0 254 2
0 254 225
0 254 263
0 256 179
0 256 220
0 257 213
0 258 43
0 258 128
0 258 152
0 259 7
0 259 38
0 259 262
0 260 83
0 261 258
0 262 56
0 262 164
0 262 206
0 262 264
0 263 262
0 264 153
0 264 217
0 264 252
0 264 326
0 265 31
0 265 126
0 265 192
0 265 320
0 266 304
1 0 64
1 0 144
1 0 310
1 0 351
1 1 195
1 1 203
1 1 326
1 2 63
1 3 134
1 3 188
1 4 40
1 4 150
1 5 58
1 5 194
1 5 280
1 6 92
1 6 95
1 6 156
1 6 227
1 6 259
1 6 339
1 7 178
1 7 288
1 8 44
1 8 111
1 8 173
1 9 111
1 9 141
1 10 263
1 11 12
1 11 285
1 12 350
1 13 7
1 13 141
1 14 30
1 14 32
1 14 292
1 15 108
1 15 236
1 15 268
1 15 269
1 16 8
1 16 206
1 16 242
1 17 2
1 17 206
1 18 304
1 18 311
1 19 59
1 20 46
1 20 155
1 20 219
1 21 72
1 21 101
1 21 150
1 21 265
1 22 160
1 22 346
1 23 195
1 23 197
1 23 349
1 24 270
1 24 279
1 25 59
1 25 193
1 25 218
1 26 120
1 27 18
1 27 30
1 28 70
1 29 225
1 30 15
1 30 73
1 30 136
1 30 220
1 30 284
1 31 81
1 32 239
1 33 346
1 34 345
1 35 45
1 35 67
1 35 318
1 35 342
1 37 54
1 38 262
1 38 354
1 39 114
1 39 152
1 39 212
1 39 256
1 40 28
1 40 77
1 40 225
1 41 90
1 43 131
1 43 137
1 43 243
1 44 270
1 46 32
1 46 83
1 46 182
1 46 198
1 46 237
1 47 57
1 47 81
1 47 313
1 48 280
1 48 285
1 49 48
1 49 255
1 49 270
1 49 342
1 50 110
1 50 207
1 50 279
1 50 357
1 51 91
1 51 167
1 51 215
1 52 49
1 52 61
1 52 208
1 53 123
1 53 151
1 53 269
1 54 32
1 54 162
1 54 201
1 54 322
1 56 16
1 56 111
1 56 216
1 56 221
1 57 39
1 57 132
1 58 169
1 58 178
1 59 134
1 59 159
1 59 258
1 60 85
1 60 318
1 60 347
1 61 280
1 62 31
1 62 349
1 62 350
1 63 143
1 63 228
1 63 271
1 64 41
1 64 121
1 64 254
1 64 281
1 65 41
1 65 174
1 65 260
1 66 336
1 66 346
1 67 63
1 67 104
1 67 106
1 67 107
1 67 277
1 67 311
1 68 150
1 68 314
1 69 186
1 69 274
1 70 93
1 70 184
1 70 250
1 71 15
1 72 71
1 74 105
1 74 207
1 75 56
1 76 165
1 76 179
1 76 301
1 77 2
1 77 248
1 77 351
1 78 59
1 79 160
1 79 196
1 79 323
1 80 183
1 80 207
1 80 355
1 81 1
1 81 261
1 81 293
1 82 50
1 82 52
1 82 215
1 83 16
1 83 261
1 83 317
1 83 334
1 84 331
1 85 17
1 85 46
1 85 270
1 86 1
1 86 282
1 86 343
1 87 66
1 88 82
1 89 294
1 90 40
1 90 41
1 90 52
1 90 119
1 90 140
1 90 258
1 91 111
1 91 177
1 91 298
1 93 260
1 94 237
1 95 18
1 95 120
1 95 228
1 95 308
1 96 27
1 96 67
1 96 245
1 97 191
1 98 276
1 99 354
1 100 36
1 101 28
1 101 246
1 101 251
1 102 305
1 103 20
1 103 86
1 103 114
1 103 266
1 103 312
1 104 123
1 104 131
1 104 133
1 104 356
1 105 189
1 105 229
1 106 32
1 107 16
1 107 75
1 107 232
1 107 287
1 108 163
1 108 245
1 108 284
1 108 291
1 110 70
1 110 120
1 110 337
1 111 16
1 111 195
1 112 58
1 113 142
1 114 153
1 114 200
1 114 336
1 115 113
1 115 209
1 115 223
1 115 293
1 115 302
1 116 299
1 117 268
1 117 358
1 118 190
1 118 358
1 119 83
1 119 166
1 119 209
1 119 211
1 120 214
1 121 63
1 122 116
1 122 185
1 122 215
1 122 224
1 122 337
1 122 348
1 123 349
1 124 6
1 124 86
1 124 206
1 125 271
1 125 308
1 126 155
1 126 264
1 126 292
1 127 34
1 128 24
1 128 28
1 128 64
1 128 80
1 129 89
1 129 122
1 129 269
1 129 308
1 130 40
1 130 134
1 131 105
1 131 198
1 131 250
1 131 296
1 131 321
1 131 358
1 133 1
1 133 91
1 133 261
1 134 18
1 134 210
1 134 225
1 135 113
1 135 179
1 135 265
1 135 280
1 136 2
1 136 105
1 137 19
1 138 88
1 138 130
1 138 270
1 139 22
1 139 144
1 139 164
1 139 170
1 139 194
1 141 5
1 141 66
1 141 347
1 142 88
1 144 146
1 144 229
1 145 1
1 145 99
1 145 146
1 147 119
1 147 268
1 147 305
1 147 341
1 147 352
1 148 48
1 148 97
1 149 105
1 150 124
1 150 275
1 151 224
1 151 232
1 151 280
1 152 3
1 152 4
1 152 173
1 152 230
1 153 190
1 153 263
1 153 268
1 153 286
1 153 351
1 154 135
1 155 73
1 156 181
1 156 228
1 157 15
1 157 51
1 157 180
1 157 202
1 157 247
1 158 35
1 158 80
1 158 325
1 160 171
1 161 55
1 161 85
1 161 234
1 162 8
1 163 231
1 163 258
1 165 206
1 166 171
1 166 238
1 166 332
1 167 170
1 167 265
1 167 308
1 167 355
1 169 168
1 170 219
1 170 299
1 171 97
1 172 119
1 172 179
1 172 249
1 172 301
1 172 310
1 172 335
1 172 353
1 173 25
1 173 284
1 173 286
1 174 96
1 174 146
1 175 231
1 175 325
1 175 348
1 176 36
1 176 53
1 177 11
1 177 64
1 177 88
1 177 205
1 177 271
1 178 223
1 178 312
1 179 190
1 179 306
1 180 23
1 180 48
1 181 321
1 182 65
1 183 221
1 184 118
1 184 180
1 184 279
1 184 306
1 184 351
1 185 210
1 186 170
1 188 87
1 188 142
1 188 168
1 188 210
1 189 269
1 190 235
1 191 94
1 192 84
1 192 158
1 193 70
1 194 212
1 194 260
1 194 312
1 195 199
1 196 153
1 196 193
1 196 261
1 196 294
1 196 304
1 196 351
1 197 155
1 198 58
1 198 301
1 198 312
1 198 313
1 199 188
1 199 289
1 200 14
1 200 73
1 202 115
1 202 168
1 202 173
1 202 215
1 202 296
1 202 341
1 203 50
1 203 140
1 203 172
1 203 223
1 203 260
1 204 65
1 204 101
1 204 284
1 204 343
1 205 59
1 205 176
1 206 6
1 206 113
1 206 133
1 207 50
1 207 182
1 207 329
1 207 354
1 208 95
1 208 261
1 209 92
1 209 107
1 209 225
1 209 251
1 210 5
1 210 55
1 210 245
1 211 104
1 211 218
1 213 276
1 213 336
1 215 125
1 216 22
1 217 202
1 218 114
1 218 128
1 219 2
1 219 37
1 219 242
1 219 353
1 220 112
1 220 119
1 220 339
1 221 48
1 221 266
1 222 276
1 223 89
1 223 129
1 223 282
1 223 319
1 224 176
1 224 230
1 224 271
1 225 276
1 226 16
1 226 151
1 227 272
1 228 34
1 228 47
1 229 116
1 229 269
1 230 82
1 230 149
1 231 192
1 231 347
1 231 352
1 233 20
1 233 84
1 234 161
1 234 214
1 234 347
1 235 278
1 236 110
1 237 76
1 237 186
1 237 262
1 237 288
1 237 298
1 237 354
1 239 353
1 241 41
1 241 134
1 243 22
1 243 231
1 243 321
1 245 50
1 245 249
1 246 28
1 246 167
1 247 225
1 247 305
1 248 6
1 248 125
1 248 161
1 248 219
1 248 294
1 249 151
1 249 219
1 249 228
1 250 201
1 250 306
1 251 170
1 252 29
1 252 248
1 252 257
1 253 85
1 253 347
1 254 11
1 254 111
1 255 23
1 257 27
1 258 233
1 259 164
1 259 297
1 260 179
1 260 275
1 260 294
1 261 344
1 262 33
1 262 310
1 262 321
1 264 13
1 265 36
1 265 242
1 266 50
1 266 65
1 266 81
1 266 176
1 266 285
1 266 310
1 267 99
1 267 113
1 267 361
1 268 161
1 269 19
1 269 333
1 270 11
1 272 218
1 272 245
1 272 287
1 274 91
1 275 167
1 275 324
1 276 13
1 277 284
1 277 317
1 279 69
1 279 253
1 280 136
1 281 87
1 281 114
1 281 216
1 282 84
1 283 93
1 283 342
1 284 68
1 286 204
1 286 224
1 286 353
1 287 58
1 287 67
1 287 100
1 287 110
1 287 137
1 287 164
1 288 98
1 288 178
1 288 270
1 289 87
1 289 135
1 289 223
1 290 47
1 290 226
1 291 310
1 291 344
1 292 7
1 292 220
1 292 222
1 292 233
1 292 271
1 292 346
1 293 11
1 293 32
1 294 40
1 294 100
1 294 268
1 295 10
1 295 31
1 295 71
1 295 214
1 296 119
1 297 71
1 297 320
1 299 179
1 300 39
1 300 70
1 300 105
1 300 173
1 300 350
1 301 335
1 302 37
1 302 98
1 303 25
1 303 168
1 303 299
1 304 314
1 305 118
1 305 168
1 305 196
1 305 213
1 305 245
1 305 350
1 306 65
1 307 181
1 307 251
1 308 125
1 308 139
1 308 163
1 308 195
1 308 275
1 308 317
1 309 125
1 309 128
1 309 174
1 309 255
1 309 349
1 310 74
1 310 98
1 310 162
1 310 173
1 310 220
1 310 253
1 311 101
1 311 110
1 311 125
1 313 28
1 314 1
1 314 85
1 314 194
1 314 349
1 315 311
1 316 234
1 316 261
1 316 291
1 316 354
1 317 9
1 317 240
1 317 277
1 319 92
1 319 141
1 319 355
1 320 312
1 320 329
1 321 220
1 321 227
1 322 2
1 322 16
1 322 244
1 323 54
1 323 82
1 323 134
1 323 279
1 323 280
1 324 224
1 324 270
1 324 344
1 324 355
1 325 89
1 325 170
1 326 55
1 326 119
1 328 96
1 328 245
1 328 302
1 329 102
1 329 165
1 329 234
1 329 291
1 330 112
1 330 154
1 331 41
1 331 78
1 331 125
1 331 162
1 331 228
1 331 337
1 331 352
2 0 30
2 0 158
2 0 162
2 0 211
2 1 85
2 1 279
2 1 324
2 1 328
2 2 26
2 2 302
2 2 331
2 3 75
2 3 122
2 5 11
2 5 59
2 5 152
2 5 274
2 5 306
2 7 184
2 8 253
2 8 270
2 8 276
2 8 316
2 9 186
2 9 252
2 9 279
2 10 87
2 10 248
2 10 284
2 11 18
2 11 159
2 11 213
2 11 229
2 11 321
2 11 322
2 13 62
2 13 188
2 14 209
2 15 80
2 15 133
2 15 172
2 16 73
2 16 77
2 16 140
2 16 298
2 17 142
2 18 109
2 18 167
2 18 218
2 18 262
2 18 282
2 19 38
2 20 32
2 20 44
2 20 323
2 22 112
2 22 116
2 22 178
2 22 221
2 22 242
2 22 328
2 23 206
2 23 260
2 24 84
2 24 175
2 24 316
2 25 247
2 26 309
2 28 269
2 28 299
2 29 1
2 29 245
2 30 30
2 30 132
2 30 285
2 31 51
2 31 255
2 32 227
2 32 239
2 34 91
2 34 105
2 34 167
2 34 243
2 35 54
2 35 172
2 35 221
2 36 135
2 37 111
2 38 10
2 38 275
2 38 299
2 39 187
2 39 205
2 39 217
2 40 179
2 40 310
2 41 117
2 41 264
2 42 67
2 42 92
2 42 270
2 43 63
2 43 129
2 43 165
2 43 201
2 43 258
2 44 228
2 45 108
2 45 143
2 45 181
2 45 185
2 45 319
2 46 133
2 47 28
2 47 42
2 47 95
2 47 338
2 48 292
2 49 296
2 50 96
2 50 223
2 51 114
2 51 196
2 54 35
2 54 168
2 54 210
2 55 69
2 55 182
2 56 147
2 56 267
2 56 324
2 57 123
2 58 156
2 60 59
2 60 285
2 62 45
2 62 180
2 63 18
2 63 97
2 65 287
2 66 24
2 66 51
2 66 106
2 66 144
2 66 162
2 66 213
2 67 32
2 68 48
2 68 290
2 68 310
2 69 261
2 69 295
2 70 327
2 72 98
2 72 210
2 72 293
2 73 100
2 73 171
2 73 196
2 73 339
2 74 216
2 74 245
2 74 263
2 74 266
2 75 116
2 75 165
2 75 207
2 76 104
2 76 235
2 76 263
2 76 287
2 77 113
2 77 231
2 77 313
2 78 232
2 80 86
2 80 100
2 81 107
2 81 294
2 81 323
2 81 335
2 82 89
2 82 127
2 82 149
2 82 170
2 83 262
2 84 100
2 84 304
2 85 47
2 85 126
2 86 90
2 86 121
2 86 152
2 86 333
2 87 46
2 87 300
2 88 46
2 89 148
2 89 175
2 89 270
2 90 82
2 90 124
2 90 269
2 91 293
2 92 117
2 93 43
2 93 97
2 93 122
2 94 6
2 95 9
2 95 69
2 95 142
2 96 50
2 97 282
2 98 33
2 98 100
2 99 40
2 99 116
2 99 151
2 99 206
2 100 55
2 100 338
2 101 70
2 102 232
2 102 249
2 103 148
2 104 95
2 104 121
2 105 213
2 106 117
2 106 233
2 107 196
2 107 219
2 107 249
2 108 158
2 108 320
2 109 261
2 110 90
2 110 196
2 112 30
2 112 241
2 112 289
2 113 158
2 113 206
2 114 69
2 115 15
2 115 124
2 115 159
2 116 68
2 116 181
2 116 258
2 117 177
2 117 178
2 117 225
2 117 312
2 118 72
2 118 86
2 118 185
2 118 223
2 119 52
2 120 28
2 121 54
2 121 118
2 121 138
2 122 203
2 122 262
2 123 67
2 123 155
2 123 293
2 124 186
2 124 233
2 125 154
2 125 179
2 126 21
2 127 46
2 127 64
2 127 120
2 128 31
2 129 225
2 130 200
2 130 334
2 131 17
2 131 24
2 131 173
2 131 237
2 131 239
2 133 47
2 133 61
2 133 185
2 133 269
2 134 86
2 134 162
2 134 173
2 134 245
2 136 133
2 136 193
2 136 297
2 137 15
2 137 172
2 139 244
2 140 128
2 140 166
2 140 176
2 140 263
2 141 142
2 143 65
2 144 139
2 145 188
2 146 139
2 146 233
2 147 71
2 148 199
2 148 216
2 149 315
2 150 1
2 150 102
2 150 118
2 150 236
2 151 103
2 151 118
2 151 148
2 152 190
2 152 252
2 153 21
2 155 273
2 156 136
2 156 177
2 157 76
2 157 120
2 158 272
2 160 237
2 161 14
2 161 172
2 161 243
2 162 297
2 163 207
2 163 246
2 163 287
2 164 292
2 165 104
2 165 137
2 166 90
2 166 95
2 166 132
2 166 164
2 166 182
2 167 160
2 167 240
2 167 263
2 167 304
2 168 33
2 168 243
2 168 282
2 168 338
2 170 46
2 170 333
2 171 163
2 171 259
2 172 90
2 172 133
2 172 152
2 172 213
2 173 41
2 173 274
2 173 288
2 174 267
2 174 330
2 175 61
2 175 268
2 176 20
2 177 232
2 177 277
2 177 304
2 178 301
2 179 314
2 180 75
2 181 51
2 182 134
2 182 288
2 183 137
2 183 235
2 183 245
2 185 1
2 185 335
2 186 25
2 186 106
2 186 321
2 187 43
2 187 310
2 188 55
2 188 196
2 188 244
2 190 221
2 191 137
2 192 14
2 192 220
2 194 141
2 195 295
2 195 327
2 197 190
2 197 259
2 197 273
2 198 0
2 198 335
2 199 5
2 199 157
2 199 213
2 200 257
2 201 199
2 201 305
2 202 125
2 202 132
2 202 211
2 203 10
2 203 46
2 203 85
2 203 116
2 204 6
2 204 38
2 204 217
2 204 223
2 204 276
2 204 292
2 205 283
2 205 307
2 208 68
2 210 31
2 210 45
2 210 50
2 211 44
2 211 267
2 211 321
2 212 151
2 212 234
2 213 51
2 213 224
2 214 167
2 215 44
2 215 218
2 216 11
2 216 53
2 216 279
2 216 307
2 217 32
2 218 21
2 218 142
2 220 207
2 220 268
2 221 164
2 221 240
2 221 331
2 222 95
2 223 55
2 223 256
2 224 111
2 225 28
2 226 17
2 227 234
2 227 329
2 228 13
2 228 254
2 229 55
2 229 89
2 229 174
2 230 42
2 230 59
2 230 63
2 230 141
2 231 276
2 233 218
2 234 43
2 234 110
2 234 284
2 235 110
2 235 252
2 235 280
2 236 16
2 236 33
2 236 37
2 236 240
2 236 307
2 237 103
2 237 222
2 237 242
2 238 22
2 238 69
2 238 176
2 238 215
2 239 201
2 239 273
2 241 8
2 241 54
2 242 196
2 243 34
2 243 163
2 243 177
2 243 186
2 244 36
2 244 58
2 245 87
2 245 113
2 246 5
2 246 151
2 246 300
2 247 65
2 248 177
2 249 94
2 249 155
2 250 254
2 251 173
2 252 127
2 252 195
2 252 216
2 255 41
2 255 326
2 256 114
2 256 268
2 258 44
2 258 338
2 259 147
2 259 189
2 260 120
2 261 53
2 261 288
2 262 232
2 263 143
2 263 226
2 263 285
2 264 256
2 265 100
2 265 173
2 265 238
2 266 15
2 266 133
2 267 63
2 267 125
2 267 325
2 268 110
2 269 3
2 269 96
2 270 253
2 271 106
2 271 296
2 271 337
2 272 43
2 272 63
2 272 144
2 273 82
2 273 138
2 274 56
2 274 169
2 274 195
2 275 251
2 275 283
2 276 6
2 276 157
2 276 194
2 276 326
2 277 8
2 278 256
2 278 323
2 279 230
2 279 286
2 280 299
2 281 124
2 282 183
2 282 230
2 282 264
2 282 275
2 283 80
2 284 247
2 286 21
2 286 53
2 286 56
2 287 258
2 288 203
2 288 303
2 289 79
2 289 201
2 289 229
2 290 59
2 290 169
2 290 220
2 292 112
2 292 253
2 292 339
2 293 49
2 293 91
2 293 282
2 294 293
2 294 297
2 295 211
2 296 107
2 296 152
2 296 206
2 297 1
2 297 211
2 297 272
2 297 297
2 297 321
2 298 48
2 298 290
2 299 90
2 299 176
2 299 280
2 301 93
2 301 121
2 301 241
2 303 199
2 304 204
2 304 238
2 304 274
2 305 76
2 307 172
2 307 188
2 307 255
2 309 35
2 309 188
2 310 98
2 310 101
2 310 102
2 311 46
2 311 336
2 312 335
2 313 144
2 314 137
2 316 37
2 316 49
2 316 136
2 316 163
2 316 221
2 318 143
2 319 338
2 320 27
2 320 30
2 321 99
2 321 171
2 321 290
2 322 89
2 323 302
2 324 125
2 324 259
2 324 275
2 324 305
2 324 318
2 325 23
2 325 86
2 325 204
2 326 230
2 326 258
2 326 274
2 326 292
2 328 243
2 328 275
2 328 307
2 329 169
2 329 180
2 329 277
2 329 337
2 331 29
2 331 61
2 331 155
2 331 159
2 332 164
2 332 196
2 332 317
2 333 204
2 333 327
2 335 264
2 336 14
2 337 103
2 339 245
2 341 118
2 342 119
2 342 175
2 342 216
2 342 233
2 342 269
2 343 261
2 343 275
2 344 43
2 344 119
2 344 318
2 345 68
2 346 167
2 347 20
2 347 309
2 347 315
2 348 16
2 348 105
2 348 257
2 349 53
2 349 123
2 350 73
2 350 92
2 350 243
2 350 244
2 351 112
2 352 201
2 353 14
2 353 177
2 354 81
2 355 25
2 355 168
2 355 196
2 356 225
2 358 233
2 358 265
2 359 41
2 359 227
2 360 205
2 360 328
2 361 108
3 0 90
3 0 242
3 1 112
3 1 151
3 2 157
3 2 161
3 2 174
3 2 235
3 3 17
3 3 109
3 4 9
3 5 222
3 6 179
3 7 14
3 7 51
3 7 240
3 8 269
3 9 74
3 11 263
3 12 120
3 12 244
3 13 31
3 13 151
3 13 152
3 13 196
3 13 250
3 14 20
3 14 46
3 15 19
3 16 57
3 17 75
3 17 107
3 20 138
3 20 175
3 21 117
3 23 172
3 24 13
3 24 192
3 24 221
3 25 249
3 26 167
3 27 57
3 28 23
3 28 28
3 28 194
3 29 153
3 29 232
3 29 249
3 30 43
3 30 133
3 30 256
3 31 8
3 32 86
3 32 162
3 33 98
3 33 241
3 34 40
3 34 56
3 34 249
3 35 40
3 35 158
3 36 97
3 37 91
3 37 193
3 37 251
3 38 63
3 39 252
3 41 38
3 41 61
3 41 118
3 41 157
3 42 32
3 42 76
3 42 160
3 42 166
3 42 180
3 42 261
3 43 167
3 44 235
3 45 43
3 45 227
3 46 6
3 47 148
3 48 255
3 49 17
3 49 83
3 51 9
3 52 267
3 53 145
3 56 0
3 56 18
3 57 184
3 57 261
3 58 82
3 58 244
3 59 50
3 60 11
3 60 213
3 61 104
3 61 156
3 61 234
3 62 8
3 62 202
3 62 217
3 62 242
3 63 53
3 67 16
3 68 3
3 68 97
3 69 213
3 70 13
3 70 134
3 71 184
3 72 268
3 74 53
3 74 81
3 74 159
3 75 89
3 75 91
3 75 176
3 76 17
3 76 74
3 77 47
3 77 69
3 78 14
3 78 149
3 78 250
3 79 35
3 81 112
3 83 42
3 83 175
3 84 22
3 84 154
3 85 6
3 85 113
3 85 138
3 86 17
3 86 73
3 86 163
3 87 54
3 88 19
3 89 268
3 90 129
3 90 270
3 91 105
3 91 212
3 92 136
3 93 106
3 94 32
3 95 45
3 96 0
3 96 106
3 96 134
3 96 151
3 96 199
3 99 224
3 101 224
3 102 162
3 103 162
3 105 71
3 106 178
3 107 43
3 108 147
3 109 154
3 109 181
3 109 212
3 110 162
3 110 201
3 111 191
3 111 238
3 111 261
3 112 13
3 112 225
3 114 77
3 114 151
3 114 185
3 115 60
3 117 150
3 117 202
3 118 211
3 118 248
3 119 15
3 119 179
3 119 187
3 120 197
3 121 109
3 122 38
3 123 120
3 124 42
3 125 49
3 125 140
3 125 206
3 126 143
3 126 156
3 126 258
3 127 45
3 127 131
3 129 97
3 130 3
3 131 34
3 131 130
3 131 158
3 132 105
3 132 265
3 134 196
3 134 211
3 135 5
3 135 110
3 137 31
3 137 124
3 138 62
3 139 270
3 141 83
3 141 209
3 143 69
3 143 149
3 143 196
3 144 158
3 145 97
3 145 136
3 145 261
3 146 98
3 148 5
3 148 122
3 148 191
3 148 254
3 150 98
3 151 37
3 151 119
3 151 122
3 151 136
3 152 125
3 152 211
3 154 113
3 154 175
3 155 226
3 155 263
3 156 92
3 157 43
3 157 255
3 158 64
3 159 155
3 159 253
3 160 22
3 160 86
3 160 235
3 160 238
3 161 4
3 161 7
3 161 72
3 162 233
3 166 57
3 166 182
3 166 213
3 167 28
3 167 34
3 167 255
3 168 144
3 169 223
3 170 126
3 172 143
3 172 199
3 172 214
3 172 215
3 173 16
3 173 61
3 175 129
3 176 103
3 177 12
3 177 57
3 177 100
3 177 125
3 178 262
3 179 132
3 179 186
3 179 249
3 180 133
3 181 194
3 181 237
3 182 29
3 184 265
3 185 2
3 185 7
3 186 104
3 186 144
3 187 241
3 188 78
3 189 123
3 189 179
3 189 205
3 190 42
3 190 183
3 191 121
3 193 35
3 193 53
3 193 73
3 193 90
3 193 205
3 193 228
3 194 80
3 194 134
3 195 130
3 195 153
3 196 87
3 196 99
3 197 173
3 198 0
3 199 63
3 199 233
3 200 164
3 201 37
3 201 178
3 201 205
3 202 141
3 202 198
3 204 46
3 205 174
3 205 259
3 206 27
3 206 157
3 207 39
3 207 192
3 208 5
3 208 143
3 208 200
3 210 80
3 212 191
3 213 15
3 213 47
3 213 177
3 216 203
3 216 233
3 217 116
3 218 54
3 218 169
3 219 254
3 220 3
3 220 269
3 222 183
3 222 210
3 224 112
3 225 55
3 225 118
3 225 141
3 226 83
3 227 209
3 227 239
3 228 58
3 228 143
3 228 256
3 229 87
3 230 102
3 232 61
3 232 212
3 233 71
3 233 113
3 233 231
3 234 126
3 234 227
3 235 179
3 236 160
3 236 256
3 237 165
3 238 75
3 238 112
3 238 115
3 239 228
3 239 229
3 240 182
3 241 51
3 242 175
3 243 73
3 244 13
3 245 81
3 246 137
3 247 137
3 247 174
3 247 251
3 248 179
3 248 209
3 249 18
3 249 98
3 249 248
3 251 89
3 251 190
3 252 84
3 252 172
3 254 1
3 254 148
3 254 170
3 254 244
3 255 57
3 256 111
3 257 117
3 258 128
3 258 141
3 259 6
3 259 36
3 259 63
3 260 187
3 260 234
3 260 255
3 261 89
3 261 245
3 263 74
3 264 99
3 264 103
3 264 175
3 264 234
3 265 86
3 266 148
3 270 92
3 270 244
3 271 77
3 272 179
3 272 197
3 273 79
3 273 130
3 274 41
3 274 130
3 275 83
3 275 174
3 276 98
3 276 107
3 276 264
3 277 162
3 277 223
3 278 37
3 278 78
3 278 257
3 279 208
3 280 95
3 280 224
3 281 148
3 282 247
3 282 270
3 283 28
3 284 35
3 284 93
3 285 75
3 285 129
3 285 174
3 286 55
3 286 184
3 287 198
3 288 165
3 288 252
3 290 156
3 291 251
3 292 205
3 293 29
3 293 88
3 294 266
3 296 85
3 296 160
3 296 203
3 297 24
3 297 71
3 298 92
3 299 51
3 299 93
3 300 220
3 302 46
3 304 29
3 304 126
3 304 130
3 305 111
3 306 213
3 307 17
3 307 79
3 307 202
3 308 143
3 310 173
3 311 76
3 311 78
3 312 8
3 312 43
3 312 188
3 312 211
3 313 81
3 313 213
3 315 196
3 315 233
3 316 124
3 317 102
3 317 176
3 318 100
3 319 68
3 319 73
3 319 95
3 319 195
3 319 204
3 321 15
3 321 24
3 321 223
3 323 11
3 323 185
3 324 89
3 324 206
3 324 261
3 325 96
3 326 34
3 326 127
3 326 160
3 326 234
3 327 81
3 328 125
3 328 259
3 330 208
3 330 255
3 331 92
3 332 108
3 332 181
3 332 232
3 334 173
3 336 170
3 337 98
3 338 143
3 338 207
3 339 70
3 339 142