548
5
44 39 34 40 44
2500

363 0 0 454 0 0 374 734 993 0 451 593 0 35 0 3 28 0 29 14 46 1 0 0 0 97 0 0 0 0 30 38 87 4 0 0 0 0 52 11 0 0 0 0
297 0 349 470 0 0 1 0 901 0 16 0 0 55 6 0 0 37 96 0 45 59 79 0 16 0 0 0 21 0 0 20 0 35 35 61 0 100 31
911 774 0 0 904 279 0 98 672 26 66 96 95 82 49 0 0 64 0 0 70 0 0 0 84 45 97 0 97 0 83 5 34 0
527 93 569 0 867 321 0 822 782 0 0 8 62 0 0 0 14 0 69 68 61 0 0 0 48 0 0 0 28 4 0 16 80 0 25 12 71 0 93 72
0 0 0 0 0 0 44 367 365 377 393 0 100 0 0 36 81 0 0 0 0 0 83 27 0 0 0 90 27 88 0 0 68 0 0 58 0 0 0 0 35 0 0 81

0 0 3
0 0 5
0 0 6
0 0 7
0 0 9
0 0 13
0 0 14
0 0 15
0 0 17
0 0 22
0 0 25
0 0 28
0 0 29
0 0 31
0 0 33
0 0 37
0 0 38
0 1 0
0 1 3
0 1 5
0 1 11
0 1 12
0 1 20
0 1 24
0 1 26
0 1 28
0 1 30
0 1 31
0 1 34
0 1 38
0 2 0
0 2 1
0 2 2
0 2 3
0 2 4
0 2 6
0 2 9
0 2 11
0 2 16
0 2 18
0 2 19
0 2 21
0 2 23
0 2 24
0 2 28
0 2 29
0 2 30
0 2 31
0 2 32
0 2 34
0 2 35
0 2 36
0 3 4
0 3 7
0 3 10
0 3 11
0 3 24
0 3 25
0 3 29
0 3 35
0 3 37
0 4 2
0 4 3
0 4 6
0 4 8
0 4 11
0 4 12
0 4 15
0 4 19
0 4 20
0 4 22
0 4 24
0 4 28
0 4 30
0 4 32
0 4 37
0 5 0
0 5 1
0 5 12
0 5 16
0 5 18
0 5 19
0 5 20
0 5 21
0 5 24
0 5 27
0 5 30
0 5 32
0 5 35
0 6 0
0 6 1
0 6 6
0 6 7
0 6 8
0 6 10
0 6 13
0 6 15
0 6 17
0 6 18
0 6 19
0 6 20
0 6 23
0 6 24
0 6 28
0 6 31
0 6 33
0 6 34
0 6 37
0 7 0
0 7 1
0 7 2
0 7 6
0 7 8
0 7 13
0 7 14
0 7 19
0 7 20
0 7 21
0 7 22
0 7 26
0 7 27
0 7 28
0 7 31
0 7 33
0 7 36
0 7 37
0 8 4
0 8 7
0 8 9
0 8 12
0 8 13
0 8 16
0 8 19
0 8 21
0 8 22
0 8 25
0 8 26
0 8 27
0 8 29
0 8 30
0 8 34
0 8 37
0 9 0
0 9 2
0 9 5
0 9 6
0 9 7
0 9 12
0 9 16
0 9 21
0 9 22
0 9 23
0 9 25
0 9 27
0 9 29
0 9 30
0 9 31
0 9 35
0 9 36
0 9 37
0 10 0
0 10 5
0 10 9
0 10 10
0 10 11
0 10 16
0 10 17
0 10 18
0 10 19
0 10 20
0 10 24
0 10 25
0 10 26
0 10 27
0 10 29
0 10 30
0 10 31
0 10 32
0 10 34
0 10 35
0 10 36
0 10 37
0 11 0
0 11 7
0 11 9
0 11 18
0 11 20
0 11 25
0 11 26
0 11 27
0 11 31
0 12 0
0 12 2
0 12 6
0 12 8
0 12 10
0 12 11
0 12 12
0 12 14
0 12 16
0 12 20
0 12 23
0 12 25
0 12 27
0 12 30
0 12 34
0 12 36
0 13 6
0 13 7
0 13 18
0 13 19
0 13 22
0 13 25
0 13 28
0 13 30
0 13 34
0 13 37
0 14 1
0 14 2
0 14 3
0 14 7
0 14 10
0 14 12
0 14 13
0 14 16
0 14 18
0 14 20
0 14 22
0 14 25
0 14 28
0 14 31
0 14 34
0 14 38
0 15 3
0 15 4
0 15 10
0 15 11
0 15 12
0 15 15
0 15 16
0 15 17
0 15 19
0 15 20
0 15 24
0 15 29
0 15 30
0 15 34
0 15 38
0 16 0
0 16 1
0 16 5
0 16 7
0 16 9
0 16 12
0 16 13
0 16 14
0 16 16
0 16 17
0 16 19
0 16 21
0 16 23
0 16 25
0 16 29
0 16 38
0 17 0
0 17 8
0 17 10
0 17 12
0 17 13
0 17 14
0 17 15
0 17 19
0 17 20
0 17 21
0 17 25
0 17 30
0 17 31
0 17 33
0 17 34
0 17 36
0 18 4
0 18 8
0 18 14
0 18 15
0 18 16
0 18 18
0 18 20
0 18 25
0 18 26
0 18 27
0 18 29
0 18 31
0 18 32
0 18 33
0 18 34
0 18 35
0 18 38
0 19 0
0 19 1
0 19 3
0 19 5
0 19 15
0 19 18
0 19 24
0 19 25
0 19 28
0 19 29
0 19 31
0 19 32
0 19 34
0 19 37
0 20 0
0 20 1
0 20 9
0 20 12
0 20 13
0 20 14
0 20 15
0 20 16
0 20 17
0 20 18
0 20 20
0 20 21
0 20 24
0 20 26
0 20 28
0 20 30
0 20 33
0 20 37
0 20 38
0 21 3
0 21 6
0 21 7
0 21 9
0 21 10
0 21 13
0 21 14
0 21 24
0 21 27
0 21 31
0 21 32
0 21 34
0 21 35
0 22 0
0 22 4
0 22 5
0 22 6
0 22 8
0 22 9
0 22 10
0 22 11
0 22 12
0 22 13
0 22 14
0 22 16
0 22 19
0 22 20
0 22 23
0 22 25
0 22 26
0 22 27
0 22 29
0 22 33
0 22 34
0 22 36
0 22 37
0 22 38
0 23 5
0 23 6
0 23 8
0 23 9
0 23 15
0 23 17
0 23 19
0 23 20
0 23 22
0 23 23
0 23 24
0 23 25
0 23 26
0 23 27
0 23 30
0 23 34
0 23 35
0 23 37
0 23 38
0 24 3
0 24 8
0 24 10
0 24 13
0 24 14
0 24 16
0 24 17
0 24 19
0 24 20
0 24 25
0 24 27
0 24 29
0 24 30
0 24 31
0 25 0
0 25 1
0 25 4
0 25 6
0 25 8
0 25 11
0 25 13
0 25 16
0 25 17
0 25 21
0 25 22
0 25 24
0 25 32
0 25 34
0 26 1
0 26 7
0 26 8
0 26 9
0 26 11
0 26 14
0 26 19
0 26 20
0 26 24
0 26 27
0 26 28
0 26 31
0 26 34
0 27 0
0 27 1
0 27 2
0 27 6
0 27 9
0 27 10
0 27 13
0 27 16
0 27 19
0 27 25
0 27 32
0 27 34
0 28 1
0 28 2
0 28 3
0 28 5
0 28 8
0 28 11
0 28 14
0 28 17
0 28 18
0 28 22
0 28 24
0 28 26
0 28 29
0 28 31
0 28 33
0 28 34
0 28 35
0 28 36
0 29 2
0 29 5
0 29 7
0 29 9
0 29 11
0 29 12
0 29 14
0 29 15
0 29 18
0 29 19
0 29 20
0 29 21
0 29 23
0 29 25
0 29 26
0 29 27
0 29 28
0 29 32
0 29 34
0 29 35
0 30 1
0 30 3
0 30 5
0 30 6
0 30 7
0 30 9
0 30 10
0 30 22
0 30 23
0 30 27
0 30 28
0 30 29
0 30 30
0 30 32
0 30 35
0 30 38
0 31 0
0 31 1
0 31 4
0 31 8
0 31 9
0 31 10
0 31 13
0 31 18
0 31 20
0 31 22
0 31 23
0 31 25
0 31 27
0 31 29
0 31 30
0 31 31
0 31 32
0 31 35
0 31 37
0 32 0
0 32 8
0 32 9
0 32 12
0 32 13
0 32 16
0 32 17
0 32 18
0 32 19
0 32 20
0 32 21
0 32 23
0 32 24
0 32 26
0 32 27
0 32 29
0 32 33
0 32 34
0 33 0
0 33 2
0 33 5
0 33 6
0 33 10
0 33 15
0 33 23
0 33 25
0 33 27
0 33 32
0 33 33
0 33 34
0 33 35
0 34 1
0 34 5
0 34 11
0 34 12
0 34 15
0 34 16
0 34 20
0 34 21
0 34 22
0 34 30
0 34 33
0 34 34
0 34 36
0 34 37
0 35 0
0 35 3
0 35 5
0 35 12
0 35 17
0 35 18
0 35 24
0 35 25
0 35 27
0 35 30
0 35 31
0 35 33
0 35 34
0 35 35
0 35 37
0 35 38
0 36 0
0 36 3
0 36 5
0 36 6
0 36 8
0 36 9
0 36 13
0 36 14
0 36 16
0 36 17
0 36 18
0 36 20
0 36 21
0 36 22
0 36 27
0 36 28
0 36 30
0 36 34
0 36 36
0 37 0
0 37 1
0 37 3
0 37 8
0 37 10
0 37 12
0 37 14
0 37 18
0 37 19
0 37 21
0 37 22
0 37 27
0 37 29
0 37 30
0 37 31
0 37 34
0 37 36
0 38 4
0 38 8
0 38 11
0 38 12
0 38 15
0 38 17
0 38 19
0 38 24
0 38 27
0 38 30
0 39 1
0 39 2
0 39 3
0 39 4
0 39 12
0 39 13
0 39 14
0 39 15
0 39 16
0 39 17
0 39 20
0 39 21
0 39 24
0 39 25
0 39 28
0 39 32
0 39 33
0 39 34
0 39 36
0 39 37
0 40 0
0 40 4
0 40 7
0 40 11
0 40 13
0 40 15
0 40 16
0 40 17
0 40 19
0 40 22
0 40 23
0 40 25
0 40 26
0 40 30
0 40 33
0 40 38
0 41 3
0 41 4
0 41 5
0 41 8
0 41 10
0 41 13
0 41 15
0 41 16
0 41 17
0 41 25
0 41 27
0 41 29
0 41 36
0 42 1
0 42 3
0 42 6
0 42 9
0 42 12
0 42 13
0 42 20
0 42 23
0 42 24
0 42 29
0 42 32
0 42 34
0 42 38
0 43 2
0 43 6
0 43 7
0 43 9
0 43 10
0 43 11
0 43 16
0 43 17
0 43 18
0 43 21
0 43 22
0 43 23
0 43 25
0 43 29
0 43 30
0 43 31
0 43 32
0 43 34
0 43 36
1 0 1
1 0 5
1 0 7
1 0 8
1 0 10
1 0 12
1 0 13
1 0 15
1 0 16
1 0 17
1 0 18
1 0 21
1 0 22
1 0 23
1 0 24
1 0 25
1 0 26
1 0 27
1 0 28
1 0 31
1 1 2
1 1 6
1 1 7
1 1 8
1 1 10
1 1 13
1 1 16
1 1 20
1 1 21
1 1 24
1 1 30
1 2 0
1 2 1
1 2 4
1 2 6
1 2 12
1 2 13
1 2 15
1 2 17
1 2 22
1 2 25
1 2 26
1 2 28
1 2 29
1 3 0
1 3 1
1 3 3
1 3 8
1 3 9
1 3 16
1 3 18
1 3 20
1 3 21
1 3 24
1 3 25
1 3 26
1 3 27
1 3 28
1 3 32
1 4 3
1 4 8
1 4 9
1 4 11
1 4 12
1 4 23
1 4 24
1 4 25
1 4 33
1 5 2
1 5 5
1 5 7
1 5 8
1 5 9
1 5 10
1 5 14
1 5 15
1 5 16
1 5 17
1 5 19
1 5 21
1 5 22
1 5 24
1 5 27
1 6 2
1 6 5
1 6 16
1 6 17
1 6 20
1 6 21
1 6 25
1 6 28
1 6 29
1 6 30
1 7 0
1 7 2
1 7 3
1 7 7
1 7 9
1 7 12
1 7 13
1 7 14
1 7 15
1 7 16
1 7 17
1 7 23
1 7 24
1 7 27
1 7 28
1 7 30
1 7 33
1 8 0
1 8 3
1 8 6
1 8 7
1 8 8
1 8 10
1 8 13
1 8 20
1 8 21
1 8 23
1 8 25
1 8 27
1 8 28
1 8 30
1 9 1
1 9 3
1 9 7
1 9 15
1 9 16
1 9 18
1 9 20
1 9 23
1 9 25
1 9 28
1 9 29
1 9 30
1 9 33
1 10 2
1 10 4
1 10 7
1 10 8
1 10 10
1 10 11
1 10 20
1 10 24
1 10 25
1 10 27
1 10 28
1 10 31
1 10 32
1 10 33
1 11 0
1 11 2
1 11 4
1 11 5
1 11 10
1 11 12
1 11 14
1 11 15
1 11 16
1 11 17
1 11 19
1 11 20
1 11 21
1 11 22
1 11 27
1 11 31
1 11 33
1 12 7
1 12 11
1 12 14
1 12 15
1 12 16
1 12 18
1 12 19
1 12 21
1 12 23
1 12 27
1 12 29
1 12 32
1 13 0
1 13 2
1 13 3
1 13 5
1 13 13
1 13 17
1 13 21
1 13 22
1 13 24
1 13 25
1 13 26
1 13 30
1 13 31
1 13 33
1 14 2
1 14 4
1 14 5
1 14 6
1 14 7
1 14 9
1 14 12
1 14 13
1 14 14
1 14 15
1 14 19
1 14 22
1 14 23
1 14 26
1 14 27
1 14 29
1 15 0
1 15 1
1 15 3
1 15 11
1 15 12
1 15 13
1 15 14
1 15 19
1 15 22
1 15 23
1 15 27
1 15 28
1 15 30
1 16 0
1 16 2
1 16 5
1 16 7
1 16 11
1 16 12
1 16 13
1 16 14
1 16 17
1 16 19
1 16 20
1 16 26
1 16 29
1 17 1
1 17 2
1 17 3
1 17 7
1 17 8
1 17 10
1 17 11
1 17 15
1 17 16
1 17 18
1 17 20
1 17 21
1 17 22
1 17 23
1 17 24
1 17 25
1 17 27
1 17 28
1 17 30
1 17 32
1 18 6
1 18 11
1 18 14
1 18 15
1 18 16
1 18 17
1 18 22
1 18 28
1 18 32
1 19 1
1 19 3
1 19 4
1 19 6
1 19 7
1 19 9
1 19 11
1 19 15
1 19 17
1 19 24
1 19 26
1 19 27
1 19 28
1 19 29
1 19 31
1 19 32
1 19 33
1 20 1
1 20 4
1 20 6
1 20 8
1 20 9
1 20 11
1 20 12
1 20 13
1 20 14
1 20 15
1 20 18
1 20 21
1 20 26
1 20 28
1 20 29
1 20 30
1 20 32
1 20 33
1 21 1
1 21 4
1 21 5
1 21 6
1 21 9
1 21 10
1 21 13
1 21 14
1 21 15
1 21 16
1 21 19
1 21 22
1 21 24
1 21 26
1 21 27
1 21 29
1 21 30
1 21 31
1 21 32
1 21 33
1 22 0
1 22 6
1 22 15
1 22 20
1 22 24
1 22 26
1 22 29
1 22 31
1 23 0
1 23 1
1 23 5
1 23 6
1 23 9
1 23 12
1 23 14
1 23 17
1 23 18
1 23 20
1 23 21
1 23 22
1 23 24
1 23 27
1 23 28
1 24 2
1 24 5
1 24 6
1 24 9
1 24 10
1 24 11
1 24 17
1 24 18
1 24 20
1 24 23
1 24 28
1 24 30
1 24 31
1 25 2
1 25 3
1 25 7
1 25 9
1 25 12
1 25 14
1 25 16
1 25 19
1 25 22
1 25 24
1 25 25
1 25 26
1 25 32
1 25 33
1 26 0
1 26 1
1 26 3
1 26 6
1 26 9
1 26 11
1 26 14
1 26 15
1 26 18
1 26 22
1 26 24
1 26 26
1 26 27
1 26 28
1 26 31
1 27 0
1 27 5
1 27 6
1 27 7
1 27 9
1 27 13
1 27 18
1 27 21
1 27 22
1 27 23
1 27 24
1 27 27
1 27 28
1 27 29
1 27 31
1 27 32
1 27 33
1 28 0
1 28 4
1 28 5
1 28 8
1 28 9
1 28 12
1 28 21
1 28 30
1 29 0
1 29 1
1 29 3
1 29 4
1 29 9
1 29 14
1 29 18
1 29 22
1 29 23
1 29 26
1 29 29
1 29 30
1 29 32
1 30 1
1 30 2
1 30 3
1 30 4
1 30 7
1 30 8
1 30 9
1 30 10
1 30 12
1 30 16
1 30 18
1 30 19
1 30 20
1 30 25
1 30 27
1 30 31
1 30 33
1 31 0
1 31 4
1 31 10
1 31 11
1 31 12
1 31 13
1 31 14
1 31 16
1 31 18
1 31 19
1 31 20
1 31 24
1 31 27
1 31 30
1 31 31
1 31 33
1 32 3
1 32 4
1 32 6
1 32 10
1 32 11
1 32 12
1 32 17
1 32 20
1 32 23
1 32 25
1 32 26
1 32 27
1 32 32
1 32 33
1 33 2
1 33 4
1 33 11
1 33 15
1 33 17
1 33 19
1 33 21
1 33 24
1 33 30
1 33 32
1 34 0
1 34 1
1 34 2
1 34 4
1 34 5
1 34 6
1 34 10
1 34 11
1 34 16
1 34 20
1 34 22
1 34 23
1 34 26
1 34 27
1 34 29
1 34 33
1 35 3
1 35 9
1 35 11
1 35 15
1 35 16
1 35 19
1 35 21
1 35 22
1 35 25
1 35 26
1 35 29
1 35 30
1 35 32
1 35 33
1 36 1
1 36 3
1 36 4
1 36 5
1 36 9
1 36 13
1 36 15
1 36 17
1 36 19
1 36 23
1 36 26
1 36 28
1 36 29
1 36 31
1 36 33
1 37 1
1 37 3
1 37 4
1 37 5
1 37 6
1 37 7
1 37 10
1 37 18
1 37 19
1 37 21
1 37 23
1 37 24
1 37 26
1 37 27
1 37 29
1 37 33
1 38 0
1 38 1
1 38 6
1 38 7
1 38 8
1 38 9
1 38 12
1 38 15
1 38 17
1 38 19
1 38 20
1 38 21
1 38 23
1 38 26
1 38 30
1 38 32
2 0 2
2 0 3
2 0 7
2 0 9
2 0 11
2 0 14
2 0 16
2 0 17
2 0 19
2 0 20
2 0 23
2 0 27
2 0 29
2 0 30
2 0 32
2 0 34
2 0 36
2 0 39
2 1 2
2 1 8
2 1 9
2 1 10
2 1 11
2 1 12
2 1 13
2 1 17
2 1 18
2 1 20
2 1 21
2 1 27
2 1 28
2 1 32
2 1 35
2 1 37
2 1 38
2 2 4
2 2 5
2 2 10
2 2 14
2 2 17
2 2 19
2 2 21
2 2 22
2 2 23
2 2 25
2 2 26
2 2 30
2 2 31
2 2 33
2 2 34
2 2 36
2 3 2
2 3 9
2 3 10
2 3 11
2 3 12
2 3 13
2 3 15
2 3 16
2 3 17
2 3 19
2 3 21
2 3 23
2 3 29
2 3 30
2 3 33
2 3 34
2 3 35
2 3 36
2 3 38
2 4 2
2 4 4
2 4 6
2 4 10
2 4 12
2 4 14
2 4 18
2 4 21
2 4 22
2 4 24
2 4 25
2 4 27
2 4 31
2 4 35
2 4 36
2 4 37
2 5 0
2 5 2
2 5 15
2 5 16
2 5 17
2 5 31
2 5 36
2 5 37
2 5 38
2 5 39
2 6 2
2 6 4
2 6 6
2 6 7
2 6 8
2 6 11
2 6 13
2 6 16
2 6 17
2 6 19
2 6 21
2 6 28
2 6 30
2 6 32
2 6 34
2 6 35
2 6 36
2 6 37
2 7 4
2 7 7
2 7 8
2 7 10
2 7 11
2 7 15
2 7 17
2 7 20
2 7 22
2 7 26
2 7 30
2 7 32
2 7 35
2 7 37
2 8 0
2 8 2
2 8 3
2 8 5
2 8 7
2 8 9
2 8 10
2 8 15
2 8 17
2 8 19
2 8 20
2 8 22
2 8 24
2 8 25
2 8 27
2 8 28
2 8 30
2 8 32
2 8 37
2 8 38
2 9 6
2 9 12
2 9 14
2 9 15
2 9 16
2 9 18
2 9 19
2 9 21
2 9 22
2 9 24
2 9 25
2 9 28
2 9 29
2 9 30
2 9 34
2 9 35
2 10 3
2 10 5
2 10 7
2 10 10
2 10 17
2 10 18
2 10 25
2 10 27
2 10 33
2 10 35
2 10 36
2 10 37
2 10 38
2 10 39
2 11 0
2 11 1
2 11 2
2 11 8
2 11 11
2 11 13
2 11 21
2 11 24
2 11 27
2 11 31
2 11 36
2 12 0
2 12 2
2 12 3
2 12 5
2 12 8
2 12 12
2 12 18
2 12 21
2 12 22
2 12 25
2 12 29
2 12 32
2 12 36
2 12 37
2 12 39
2 13 1
2 13 3
2 13 6
2 13 7
2 13 8
2 13 9
2 13 11
2 13 14
2 13 15
2 13 24
2 13 27
2 13 29
2 13 30
2 13 31
2 13 33
2 13 38
2 13 39
2 14 1
2 14 4
2 14 6
2 14 11
2 14 12
2 14 16
2 14 18
2 14 19
2 14 20
2 14 21
2 14 22
2 14 23
2 14 25
2 14 26
2 14 28
2 14 31
2 14 32
2 14 33
2 14 35
2 14 36
2 14 38
2 15 2
2 15 3
2 15 8
2 15 15
2 15 18
2 15 19
2 15 23
2 15 24
2 15 31
2 15 33
2 15 37
2 16 6
2 16 7
2 16 8
2 16 9
2 16 10
2 16 19
2 16 27
2 16 28
2 16 29
2 16 30
2 16 34
2 16 39
2 17 1
2 17 2
2 17 4
2 17 5
2 17 7
2 17 9
2 17 13
2 17 16
2 17 18
2 17 19
2 17 20
2 17 21
2 17 24
2 17 28
2 17 29
2 17 31
2 17 33
2 17 38
2 17 39
2 18 1
2 18 4
2 18 7
2 18 10
2 18 11
2 18 12
2 18 13
2 18 14
2 18 15
2 18 16
2 18 17
2 18 18
2 18 25
2 18 26
2 18 29
2 18 30
2 18 34
2 19 0
2 19 1
2 19 2
2 19 5
2 19 7
2 19 12
2 19 17
2 19 18
2 19 19
2 19 23
2 19 25
2 19 26
2 19 28
2 19 29
2 19 30
2 19 34
2 19 37
2 20 3
2 20 4
2 20 11
2 20 13
2 20 15
2 20 18
2 20 21
2 20 22
2 20 24
2 20 27
2 20 28
2 20 30
2 20 31
2 20 32
2 20 33
2 20 34
2 20 35
2 20 36
2 20 37
2 21 0
2 21 4
2 21 7
2 21 9
2 21 11
2 21 14
2 21 16
2 21 23
2 21 25
2 21 26
2 21 27
2 21 28
2 21 34
2 21 39
2 22 0
2 22 2
2 22 3
2 22 6
2 22 7
2 22 8
2 22 11
2 22 16
2 22 18
2 22 21
2 22 22
2 22 25
2 22 26
2 22 27
2 22 28
2 22 31
2 22 33
2 22 34
2 22 38
2 23 1
2 23 3
2 23 4
2 23 5
2 23 6
2 23 13
2 23 15
2 23 17
2 23 19
2 23 20
2 23 23
2 23 28
2 23 29
2 23 32
2 23 39
2 24 1
2 24 2
2 24 4
2 24 14
2 24 17
2 24 19
2 24 20
2 24 21
2 24 29
2 24 30
2 24 33
2 24 37
2 25 1
2 25 6
2 25 8
2 25 10
2 25 11
2 25 19
2 25 20
2 25 25
2 25 36
2 26 0
2 26 5
2 26 9
2 26 15
2 26 18
2 26 20
2 26 26
2 26 28
2 26 33
2 26 39
2 27 0
2 27 2
2 27 4
2 27 5
2 27 6
2 27 7
2 27 16
2 27 17
2 27 19
2 27 23
2 27 25
2 27 27
2 27 30
2 27 33
2 27 37
2 27 38
2 28 5
2 28 13
2 28 14
2 28 16
2 28 21
2 28 23
2 28 26
2 28 29
2 28 31
2 28 32
2 29 0
2 29 1
2 29 4
2 29 6
2 29 8
2 29 11
2 29 14
2 29 18
2 29 20
2 29 21
2 29 22
2 29 25
2 29 26
2 29 29
2 29 30
2 29 31
2 29 33
2 29 34
2 29 38
2 29 39
2 30 1
2 30 3
2 30 5
2 30 7
2 30 8
2 30 13
2 30 14
2 30 20
2 30 21
2 30 23
2 30 24
2 30 26
2 30 27
2 30 28
2 30 29
2 30 31
2 30 32
2 31 0
2 31 2
2 31 5
2 31 10
2 31 15
2 31 17
2 31 19
2 31 25
2 31 27
2 31 29
2 31 31
2 31 34
2 31 35
2 31 36
2 31 39
2 32 4
2 32 8
2 32 10
2 32 11
2 32 12
2 32 16
2 32 18
2 32 19
2 32 21
2 32 26
2 32 27
2 32 28
2 32 29
2 32 30
2 32 36
2 32 37
2 32 39
2 33 6
2 33 11
2 33 12
2 33 16
2 33 17
2 33 19
2 33 20
2 33 21
2 33 22
2 33 23
2 33 25
2 33 27
2 33 29
2 33 30
2 33 34
2 33 35
2 33 36
2 33 37
2 33 38
2 33 39
3 0 1
3 0 4
3 0 5
3 0 8
3 0 9
3 0 12
3 0 19
3 0 20
3 0 26
3 0 29
3 0 30
3 0 32
3 0 37
3 0 39
3 0 40
3 0 41
3 0 42
3 0 43
3 1 0
3 1 6
3 1 7
3 1 8
3 1 9
3 1 10
3 1 13
3 1 14
3 1 16
3 1 17
3 1 19
3 1 20
3 1 21
3 1 23
3 1 24
3 1 26
3 1 28
3 1 30
3 1 33
3 1 34
3 1 37
3 1 39
3 1 40
3 1 41
3 2 1
3 2 2
3 2 5
3 2 6
3 2 7
3 2 11
3 2 20
3 2 22
3 2 27
3 2 29
3 2 30
3 2 34
3 2 37
3 2 38
3 2 39
3 2 40
3 2 41
3 2 43
3 3 2
3 3 3
3 3 5
3 3 6
3 3 7
3 3 8
3 3 9
3 3 10
3 3 13
3 3 16
3 3 17
3 3 19
3 3 20
3 3 21
3 3 24
3 3 26
3 3 30
3 3 32
3 3 34
3 3 35
3 3 36
3 3 38
3 3 39
3 3 40
3 3 42
3 4 3
3 4 5
3 4 7
3 4 11
3 4 16
3 4 17
3 4 19
3 4 20
3 4 26
3 4 27
3 4 30
3 4 34
3 4 39
3 4 43
3 5 0
3 5 1
3 5 2
3 5 4
3 5 7
3 5 10
3 5 12
3 5 13
3 5 16
3 5 19
3 5 21
3 5 27
3 5 28
3 5 33
3 5 34
3 5 37
3 5 42
3 6 2
3 6 3
3 6 6
3 6 7
3 6 8
3 6 9
3 6 10
3 6 11
3 6 12
3 6 16
3 6 18
3 6 21
3 6 22
3 6 25
3 6 27
3 6 29
3 6 30
3 6 33
3 6 36
3 6 38
3 6 40
3 6 41
3 6 43
3 7 0
3 7 2
3 7 5
3 7 6
3 7 7
3 7 11
3 7 12
3 7 14
3 7 15
3 7 17
3 7 18
3 7 23
3 7 26
3 7 27
3 7 31
3 7 32
3 7 33
3 7 34
3 7 35
3 8 11
3 8 12
3 8 13
3 8 16
3 8 20
3 8 22
3 8 29
3 8 34
3 8 35
3 8 36
3 8 38
3 8 41
3 8 42
3 9 1
3 9 4
3 9 5
3 9 8
3 9 10
3 9 17
3 9 18
3 9 19
3 9 20
3 9 22
3 9 23
3 9 24
3 9 28
3 9 30
3 9 31
3 9 32
3 9 38
3 9 41
3 10 2
3 10 4
3 10 6
3 10 7
3 10 9
3 10 10
3 10 11
3 10 17
3 10 19
3 10 22
3 10 23
3 10 26
3 10 28
3 10 29
3 10 30
3 10 31
3 10 33
3 10 37
3 10 42
3 11 1
3 11 2
3 11 5
3 11 10
3 11 14
3 11 15
3 11 16
3 11 17
3 11 19
3 11 20
3 11 21
3 11 30
3 11 32
3 11 35
3 11 37
3 11 39
3 11 41
3 11 43
3 12 4
3 12 10
3 12 14
3 12 17
3 12 20
3 12 24
3 12 27
3 12 29
3 12 30
3 12 32
3 12 35
3 12 36
3 12 42
3 13 0
3 13 7
3 13 12
3 13 13
3 13 14
3 13 15
3 13 17
3 13 18
3 13 25
3 13 29
3 13 31
3 13 32
3 13 33
3 13 35
3 13 36
3 13 41
3 13 42
3 14 3
3 14 5
3 14 6
3 14 10
3 14 11
3 14 12
3 14 14
3 14 15
3 14 18
3 14 20
3 14 24
3 14 25
3 14 26
3 14 27
3 14 29
3 14 32
3 14 35
3 14 41
3 15 0
3 15 1
3 15 5
3 15 7
3 15 8
3 15 9
3 15 10
3 15 11
3 15 13
3 15 15
3 15 20
3 15 21
3 15 22
3 15 29
3 15 32
3 15 33
3 15 35
3 15 36
3 15 43
3 16 3
3 16 5
3 16 6
3 16 10
3 16 11
3 16 12
3 16 15
3 16 20
3 16 25
3 16 27
3 16 29
3 16 30
3 16 32
3 16 37
3 16 38
3 16 39
3 16 40
3 17 6
3 17 10
3 17 11
3 17 12
3 17 17
3 17 18
3 17 21
3 17 22
3 17 24
3 17 30
3 17 33
3 17 35
3 17 36
3 17 37
3 17 40
3 18 2
3 18 5
3 18 11
3 18 13
3 18 21
3 18 24
3 18 25
3 18 27
3 18 33
3 18 35
3 18 37
3 18 38
3 19 0
3 19 1
3 19 2
3 19 8
3 19 9
3 19 10
3 19 11
3 19 12
3 19 13
3 19 16
3 19 18
3 19 19
3 19 21
3 19 22
3 19 24
3 19 25
3 19 28
3 19 29
3 19 31
3 19 34
3 19 41
3 19 42
3 20 0
3 20 2
3 20 3
3 20 4
3 20 5
3 20 13
3 20 17
3 20 19
3 20 20
3 20 23
3 20 25
3 20 28
3 20 31
3 20 33
3 20 36
3 20 39
3 20 40
3 20 43
3 21 2
3 21 4
3 21 5
3 21 8
3 21 9
3 21 10
3 21 11
3 21 14
3 21 16
3 21 17
3 21 18
3 21 20
3 21 21
3 21 23
3 21 26
3 21 31
3 21 33
3 21 36
3 21 37
3 21 41
3 21 43
3 22 0
3 22 7
3 22 9
3 22 10
3 22 14
3 22 15
3 22 20
3 22 25
3 22 29
3 22 34
3 22 35
3 22 40
3 23 0
3 23 1
3 23 6
3 23 9
3 23 14
3 23 16
3 23 18
3 23 19
3 23 20
3 23 21
3 23 24
3 23 25
3 23 28
3 23 29
3 23 30
3 23 37
3 23 38
3 23 41
3 23 42
3 24 1
3 24 4
3 24 5
3 24 12
3 24 14
3 24 15
3 24 19
3 24 22
3 24 23
3 24 25
3 24 28
3 24 30
3 24 32
3 24 33
3 24 34
3 24 35
3 24 42
3 25 4
3 25 8
3 25 9
3 25 11
3 25 14
3 25 15
3 25 16
3 25 17
3 25 18
3 25 22
3 25 25
3 25 27
3 25 28
3 25 29
3 25 31
3 25 33
3 25 37
3 25 39
3 25 40
3 26 0
3 26 3
3 26 6
3 26 9
3 26 11
3 26 15
3 26 16
3 26 20
3 26 24
3 26 25
3 26 27
3 26 28
3 26 34
3 26 35
3 26 37
3 26 38
3 26 39
3 26 40
3 27 0
3 27 1
3 27 3
3 27 4
3 27 6
3 27 7
3 27 9
3 27 11
3 27 12
3 27 13
3 27 17
3 27 19
3 27 22
3 27 23
3 27 25
3 27 27
3 27 29
3 27 32
3 27 34
3 27 43
3 28 0
3 28 1
3 28 2
3 28 5
3 28 6
3 28 8
3 28 9
3 28 10
3 28 17
3 28 20
3 28 23
3 28 25
3 28 28
3 28 30
3 28 34
3 28 35
3 28 37
3 28 39
3 28 40
3 29 0
3 29 1
3 29 4
3 29 5
3 29 10
3 29 11
3 29 12
3 29 13
3 29 19
3 29 22
3 29 23
3 29 24
3 29 26
3 29 32
3 29 33
3 29 36
3 29 38
3 29 39
3 29 41
3 29 42
3 29 43
3 30 0
3 30 3
3 30 9
3 30 10
3 30 13
3 30 14
3 30 17
3 30 20
3 30 21
3 30 22
3 30 23
3 30 24
3 30 27
3 30 29
3 30 37
3 30 41
3 30 42
3 30 43
3 31 1
3 31 5
3 31 7
3 31 8
3 31 9
3 31 10
3 31 13
3 31 14
3 31 20
3 31 25
3 31 30
3 31 36
3 31 41
3 31 43
3 32 0
3 32 3
3 32 5
3 32 6
3 32 9
3 32 10
3 32 12
3 32 13
3 32 19
3 32 24
3 32 27
3 32 29
3 32 31
3 32 35
3 32 39
3 33 6
3 33 7
3 33 8
3 33 12
3 33 13
3 33 17
3 33 18
3 33 20
3 33 21
3 33 22
3 33 23
3 33 25
3 33 26
3 33 27
3 33 30
3 33 31
3 33 33
3 33 34
3 33 37
3 33 40
3 33 41
3 34 0
3 34 8
3 34 12
3 34 16
3 34 18
3 34 19
3 34 22
3 34 32
3 34 33
3 34 34
3 34 40
3 35 2
3 35 3
3 35 6
3 35 8
3 35 9
3 35 10
3 35 11
3 35 13
3 35 14
3 35 16
3 35 18
3 35 21
3 35 22
3 35 24
3 35 28
3 35 29
3 35 31
3 35 32
3 35 35
3 35 36
3 35 38
3 35 40
3 35 42
3 35 43
3 36 2
3 36 4
3 36 9
3 36 16
3 36 17
3 36 19
3 36 22
3 36 23
3 36 24
3 36 32
3 36 34
3 36 37
3 36 38
3 36 40
3 36 41
3 37 0
3 37 4
3 37 6
3 37 8
3 37 9
3 37 10
3 37 12
3 37 17
3 37 19
3 37 21
3 37 23
3 37 29
3 37 31
3 37 33
3 37 34
3 37 35
3 37 38
3 37 40
3 37 41
3 38 3
3 38 4
3 38 8
3 38 9
3 38 13
3 38 16
3 38 17
3 38 20
3 38 25
3 38 28
3 38 34
3 38 35
3 38 36
3 38 39
3 38 43
3 39 3
3 39 5
3 39 6
3 39 8
3 39 9
3 39 12
3 39 13
3 39 14
3 39 15
3 39 17
3 39 18
3 39 19
3 39 23
3 39 30
3 39 37
3 39 39
3 39 41