1277
5
237 261 229 318 235
2500

301 0 366 0 0 452 0 0 335 653 790 5 74 0 521 654 860 563 496 788 0 516 0 0 459 823 0 330 372 723 918 319 0 0 209 0 0 0 925 0 0 0 0 0 0 449 0 196 0 0 0 0 0 0 302 297 459 559 709 0 32 0 49 0 56 69 0 58 0 0 0 84 0 0 0 18 0 94 59 0 0 0 33 27 93 0 0 23 0 3 89 60 0 0 31 0 0 0 41 44 84 0 0 0 36 94 17 0 0 0 51 0 5 52 0 50 0 15 83 0 0 0 0 0 92 31 0 39 22 8 0 0 0 0 31 0 0 78 100 0 57 91 29 39 0 89 28 0 0 0 56 0 0 58 0 12 0 10 33 27 0 0 87 0 97 6 67 0 46 46 16 32 49 0 61 0 9 0 75 0 0 0 17 0 24 58 0 39 0 0 41 0 43 0 14 0 68 0 0 6 43 72 67 41 9 10 20 0 0 0 0 37 0 0 0 0 85 33 11 0 0 34 0 0 59 85 91 0 2 19 97 0 14 0 16 0 0
0 0 69 963 726 0 302 0 0 0 0 880 0 923 537 245 114 270 496 177 0 149 0 0 0 633 131 392 676 0 0 714 0 0 85 886 365 618 882 982 0 0 715 214 0 925 0 15 216 0 0 0 0 0 259 956 0 0 0 136 0 53 0 0 0 0 96 0 0 46 52 33 0 46 0 27 0 97 63 86 0 32 45 63 77 0 10 82 86 79 13 56 73 0 0 0 0 0 0 60 52 0 1 25 0 70 0 26 76 0 62 0 0 62 77 80 0 14 97 11 92 0 0 43 73 5 0 80 0 0 10 0 0 0 69 45 0 25 100 4 73 0 0 0 61 0 0 0 58 0 67 0 4 0 0 82 0 0 0 8 97 0 0 0 29 0 0 11 67 0 0 0 76 0 0 22 40 0 100 74 97 42 0 0 37 0 0 97 0 24 77 71 22 84 6 0 0 0 0 73 0 55 0 0 75 0 0 28 0 0 0 49 0 90 73 10 26 93 0 0 0 68 0 58 0 51 0 21 0 0 89 0 79 0 51 95 0 24 5 32 0 0 52 58 35 0 0 0 44 37 83 26 55 0 0 0 0 35 46 69 0
0 0 984 0 797 824 0 0 0 944 390 658 0 528 151 915 999 470 936 0 798 849 60 0 34 0 0 4 0 0 0 0 209 320 0 991 0 289 688 0 829 301 362 109 0 355 0 0 0 254 0 30 768 806 803 480 0 693 93 73 67 0 30 66 0 40 0 0 0 76 0 0 66 66 4 0 0 0 45 0 29 0 0 31 61 10 0 0 62 0 0 17 28 24 40 52 10 0 47 0 71 0 0 82 0 0 0 3 0 27 46 0 33 0 65 0 0 98 0 90 0 14 0 84 89 0 0 49 9 4 0 0 23 1 0 0 0 0 0 55 0 0 63 89 2 82 35 0 51 0 21 28 0 91 0 93 1 0 0 0 35 0 9 0 0 65 0 0 71 0 0 2 0 72 0 2 86 0 40 0 93 31 0 14 0 0 0 0 42 0 57 54 0 82 0 77 53 0 94 0 0 0 4 0 0 0 0 0 45 70 5 0 0 0 0 22 44 0 0 0 0 0 62 47 0 61 0 90 0
0 0 462 748 716 0 828 561 159 602 0 0 781 809 0 0 63 851 744 0 960 0 529 76 0 0 0 0 44 0 193 0 718 672 0 0 824 444 237 503 0 0 148 0 770 0 891 0 0 0 0 127 126 0 0 0 175 749 0 560 0 0 0 0 36 0 502 0 0 138 766 863 0 0 0 933 904 803 512 0 0 58 16 97 0 0 33 0 0 76 82 21 0 23 0 70 97 60 0 0 0 0 0 0 0 0 0 0 0 22 65 0 0 98 0 60 0 0 0 79 0 0 0 0 0 0 0 0 66 54 0 92 10 0 57 0 0 72 0 0 0 0 27 0 0 16 0 7 36 0 80 0 16 0 51 0 0 0 0 6 0 0 0 54 83 0 22 0 63 0 69 53 0 52 0 0 0 70 0 98 0 0 27 0 18 60 72 33 0 4 99 0 0 22 0 0 0 40 78 0 31 51 50 46 0 15 84 0 34 0 0 0 0 56 0 0 80 0 0 11 0 0 56 0 27 0 37 85 78 0 0 0 90 0 0 77 66 0 96 91 8 38 58 0 63 0 87 88 0 0 71 97 0 72 89 18 9 0 85 1 0 7 77 37 0 0 11 98 0 20 0 2 0 0 0 0 0 0 0 0 75 21 36 0 0 75 0 0 0 0 45 51 0 0 0 41 69 0 18 85 0 9 0 0 0 59 0 0 0 2 26 0 0 0 0 0 0 80
218 0 95 39 0 901 211 736 597 0 0 0 152 288 0 0 0 0 608 0 690 0 564 0 0 0 0 0 0 0 0 0 0 99 576 0 209 0 775 946 434 481 0 103 0 0 0 70 999 407 602 727 0 0 611 246 0 0 341 0 76 0 37 0 0 39 88 81 0 67 0 69 0 0 0 0 0 68 0 0 37 0 0 60 80 0 0 23 0 10 0 0 42 26 61 0 0 0 44 0 64 0 0 0 0 3 0 0 0 90 0 98 17 81 0 0 2 0 78 0 0 0 0 0 67 43 0 9 14 70 21 0 10 0 68 94 0 52 0 0 0 72 0 0 0 0 0 0 0 0 32 33 0 0 0 44 0 0 0 97 0 0 95 20 68 0 0 0 21 0 10 0 21 62 0 0 39 88 88 93 7 0 0 95 54 0 0 63 95 0 0 13 0 22 25 25 29 81 0 63 0 25 0 0 51 0 0 27 30 0 0 0 71 21 85 0 37 0 0 36 0 0 51 17 0 70 0 61 0 0 0 0 84 15 34

0 0 87
0 0 115
0 0 239
0 0 241
0 1 41
0 2 26
0 2 31
0 2 136
0 2 153
0 3 60
0 3 186
0 3 202
0 4 87
0 4 138
0 4 141
0 4 199
0 5 225
0 7 0
0 7 20
0 7 49
0 7 69
0 7 244
0 8 227
0 9 10
0 9 12
0 9 20
0 9 23
0 9 38
0 9 109
0 9 239
0 10 2
0 10 110
0 10 223
0 11 21
0 11 51
0 11 185
0 12 16
0 12 27
0 12 116
0 13 54
0 13 64
0 13 242
0 14 52
0 16 29
0 16 37
0 18 11
0 18 23
0 18 26
0 18 101
0 19 110
0 20 49
0 20 73
0 20 193
0 21 3
0 21 57
0 21 212
0 22 4
0 23 6
0 23 220
0 23 225
0 24 14
0 24 187
0 24 251
0 25 64
0 25 178
0 26 160
0 26 178
0 27 239
0 28 56
0 28 81
0 28 169
0 28 179
0 29 25
0 29 41
0 32 117
0 32 143
0 32 228
0 32 246
0 32 255
0 33 198
0 34 169
0 35 9
0 35 27
0 35 127
0 36 4
0 36 136
0 36 161
0 37 50
0 37 88
0 37 105
0 38 17
0 38 32
0 38 92
0 39 12
0 39 136
0 40 71
0 40 236
0 41 137
0 41 161
0 42 133
0 42 162
0 43 9
0 43 48
0 43 220
0 43 245
0 44 54
0 44 143
0 44 218
0 45 66
0 45 86
0 45 193
0 45 222
0 46 3
0 46 93
0 47 31
0 47 76
0 48 19
0 48 31
0 48 87
0 48 124
0 48 126
0 49 16
0 49 63
0 49 212
0 49 224
0 50 77
0 50 250
0 51 17
0 51 26
0 52 97
0 52 132
0 52 172
0 52 192
0 52 206
0 53 45
0 53 240
0 54 32
0 54 151
0 54 178
0 54 220
0 55 162
0 56 16
0 56 39
0 56 170
0 57 82
0 57 106
0 58 21
0 58 122
0 58 193
0 60 20
0 60 155
0 61 37
0 61 69
0 61 70
0 62 150
0 62 208
0 62 229
0 63 155
0 63 197
0 64 33
0 64 73
0 65 162
0 67 207
0 68 12
0 68 119
0 68 161
0 69 41
0 69 88
0 69 135
0 69 137
0 69 177
0 70 27
0 70 45
0 71 5
0 71 77
0 71 114
0 71 168
0 71 170
0 72 232
0 73 10
0 73 63
0 73 211
0 73 244
0 74 112
0 74 199
0 75 58
0 77 57
0 77 227
0 78 75
0 78 232
0 79 51
0 79 86
0 79 254
0 81 147
0 81 164
0 81 167
0 81 221
0 82 78
0 82 232
0 83 26
0 83 121
0 83 208
0 84 141
0 85 12
0 85 87
0 85 156
0 86 40
0 86 57
0 86 165
0 86 231
0 87 230
0 88 41
0 88 62
0 88 208
0 88 226
0 90 126
0 91 68
0 91 83
0 91 92
0 91 214
0 92 5
0 93 19
0 93 85
0 93 107
0 94 10
0 94 40
0 94 80
0 94 127
0 94 211
0 94 259
0 95 14
0 95 60
0 96 222
0 97 156
0 99 62
0 100 72
0 100 105
0 100 142
0 101 26
0 101 51
0 101 148
0 101 167
0 102 150
0 102 179
0 102 206
0 102 213
0 103 106
0 103 147
0 103 213
0 103 215
0 104 105
0 104 211
0 105 44
0 105 108
0 106 223
0 106 255
0 107 26
0 107 190
0 108 14
0 108 22
0 108 25
0 108 81
0 108 128
0 108 140
0 108 196
0 109 108
0 109 225
0 110 46
0 110 64
0 110 151
0 110 219
0 111 38
0 111 70
0 111 254
0 112 42
0 112 71
0 112 72
0 112 75
0 113 57
0 114 12
0 114 89
0 114 120
0 114 142
0 115 88
0 115 101
0 115 177
0 115 204
0 116 115
0 116 225
0 117 121
0 117 139
0 117 198
0 117 252
0 118 175
0 118 238
0 119 197
0 120 18
0 120 96
0 120 190
0 120 192
0 121 173
0 121 202
0 121 225
0 121 235
0 121 258
0 122 48
0 123 22
0 123 185
0 125 9
0 125 47
0 126 96
0 126 154
0 126 178
0 126 211
0 127 105
0 128 0
0 128 12
0 128 176
0 128 227
0 129 54
0 130 39
0 130 195
0 131 181
0 132 106
0 132 152
0 132 173
0 132 211
0 132 241
0 133 33
0 133 56
0 133 93
0 133 229
0 134 188
0 135 37
0 135 176
0 136 11
0 136 147
0 136 226
0 137 60
0 137 117
0 137 150
0 137 230
0 137 249
0 138 103
0 138 168
0 139 4
0 139 230
0 140 215
0 142 33
0 142 137
0 142 188
0 143 23
0 143 95
0 143 132
0 143 215
0 143 249
0 145 42
0 145 101
0 145 104
0 145 186
0 145 238
0 146 20
0 146 54
0 146 260
0 147 122
0 147 225
0 148 191
0 148 225
0 149 23
0 149 38
0 150 180
0 151 184
0 152 34
0 152 48
0 152 112
0 153 63
0 154 67
0 154 169
0 154 188
0 154 221
0 154 253
0 155 217
0 156 74
0 157 68
0 157 173
0 157 190
0 158 225
0 158 235
0 160 48
0 160 69
0 160 115
0 161 57
0 162 112
0 162 170
0 162 244
0 163 44
0 164 95
0 166 0
0 166 47
0 166 116
0 167 45
0 167 127
0 168 89
0 168 253
0 169 62
0 169 90
0 169 112
0 169 242
0 170 43
0 170 99
0 170 123
0 171 92
0 171 106
0 171 256
0 172 79
0 172 204
0 173 244
0 174 186
0 176 196
0 176 210
0 177 83
0 178 24
0 178 34
0 178 65
0 178 68
0 178 82
0 178 204
0 178 205
0 179 40
0 180 65
0 180 181
0 180 218
0 180 249
0 181 187
0 183 142
0 183 215
0 184 62
0 184 75
0 184 84
0 184 210
0 184 225
0 185 162
0 185 202
0 185 256
0 185 260
0 186 44
0 186 135
0 186 169
0 186 191
0 186 240
0 187 1
0 187 37
0 187 252
0 188 44
0 188 65
0 189 26
0 189 63
0 189 100
0 189 128
0 189 155
0 189 177
0 190 119
0 190 210
0 191 18
0 191 74
0 191 157
0 192 25
0 192 73
0 192 111
0 192 114
0 192 193
0 192 218
0 192 243
0 193 17
0 193 128
0 193 211
0 195 21
0 196 93
0 196 95
0 196 139
0 196 181
0 196 245
0 197 49
0 197 76
0 197 232
0 198 127
0 198 197
0 199 26
0 199 55
0 199 213
0 199 227
0 199 234
0 200 42
0 201 76
0 201 110
0 201 123
0 201 145
0 202 63
0 202 64
0 202 189
0 202 237
0 203 166
0 203 183
0 203 260
0 204 8
0 204 249
0 204 251
0 205 143
0 205 227
0 206 34
0 206 48
0 206 62
0 206 109
0 206 118
0 207 32
0 207 188
0 207 204
0 208 58
0 208 184
0 210 25
0 210 99
0 210 209
0 211 2
0 211 107
0 211 141
0 211 147
0 211 151
0 211 208
0 211 260
0 212 2
0 212 250
0 213 35
0 213 66
0 213 223
0 214 75
0 214 88
0 214 97
0 214 104
0 214 156
0 215 41
0 215 55
0 215 111
0 215 236
0 216 167
0 217 60
0 217 157
0 217 259
0 218 102
0 218 122
0 218 150
0 218 212
0 218 254
0 219 2
0 219 131
0 219 153
0 219 209
0 220 42
0 220 168
0 221 30
0 221 169
0 222 83
0 222 119
0 224 30
0 224 52
0 224 77
0 224 253
0 225 53
0 225 81
0 225 146
0 225 165
0 225 223
0 226 26
0 227 60
0 227 115
0 227 199
0 228 99
0 228 148
0 228 193
0 229 6
0 229 77
0 229 199
0 230 249
0 230 259
0 231 185
0 231 191
0 233 19
0 233 95
0 233 155
0 233 159
0 233 172
0 233 239
0 234 68
0 234 257
0 235 226
0 235 228
0 236 22
1 0 48
1 0 93
1 0 176
1 0 210
1 2 81
1 2 99
1 2 129
1 2 186
1 3 24
1 3 61
1 3 106
1 3 126
1 4 62
1 4 163
1 5 1
1 5 116
1 5 153
1 6 2
1 6 87
1 6 160
1 7 9
1 7 106
1 7 217
1 8 48
1 8 49
1 9 216
1 10 57
1 11 5
1 11 7
1 11 47
1 11 92
1 11 131
1 11 185
1 12 64
1 12 79
1 12 101
1 13 73
1 13 142
1 13 218
1 14 29
1 14 65
1 15 35
1 15 150
1 15 177
1 15 227
1 16 100
1 17 171
1 17 184
1 18 174
1 19 128
1 19 171
1 20 224
1 21 34
1 21 81
1 21 154
1 22 74
1 22 103
1 22 111
1 22 122
1 23 49
1 23 126
1 23 152
1 25 94
1 25 174
1 26 91
1 27 17
1 27 124
1 27 196
1 27 215
1 29 62
1 29 169
1 30 20
1 30 196
1 31 133
1 32 151
1 33 16
1 33 43
1 33 66
1 33 186
1 34 82
1 34 223
1 35 164
1 35 225
1 36 114
1 36 147
1 37 97
1 38 42
1 39 170
1 40 133
1 41 15
1 41 47
1 41 68
1 41 107
1 42 112
1 42 158
1 43 116
1 43 168
1 44 9
1 44 89
1 44 161
1 46 191
1 47 19
1 47 68
1 47 178
1 48 16
1 48 46
1 48 159
1 49 107
1 50 10
1 50 16
1 50 93
1 50 138
1 52 44
1 53 3
1 53 24
1 53 102
1 53 139
1 54 135
1 55 59
1 55 176
1 56 83
1 56 201
1 57 80
1 58 31
1 58 91
1 60 111
1 60 192
1 61 90
1 61 223
1 63 205
1 64 47
1 64 141
1 64 151
1 65 86
1 65 187
1 65 195
1 66 180
1 66 183
1 67 14
1 67 32
1 69 65
1 69 214
1 70 111
1 70 184
1 70 205
1 71 103
1 71 129
1 72 37
1 72 60
1 72 95
1 72 185
1 72 198
1 72 216
1 74 103
1 74 105
1 74 112
1 74 165
1 75 49
1 75 139
1 76 167
1 77 40
1 78 99
1 79 58
1 80 152
1 81 104
1 82 152
1 82 228
1 83 212
1 84 71
1 84 94
1 84 178
1 85 25
1 85 27
1 85 39
1 85 128
1 86 55
1 86 167
1 86 177
1 87 72
1 87 134
1 87 205
1 88 94
1 88 203
1 88 206
1 89 30
1 89 135
1 90 88
1 90 145
1 90 212
1 91 3
1 91 77
1 91 86
1 91 167
1 91 209
1 93 0
1 93 88
1 94 95
1 94 120
1 95 36
1 96 78
1 96 107
1 96 199
1 96 220
1 97 224
1 98 150
1 98 168
1 99 1
1 101 87
1 101 111
1 101 178
1 102 85
1 102 129
1 103 6
1 103 49
1 103 146
1 103 188
1 104 1
1 104 77
1 104 226
1 106 15
1 106 34
1 107 32
1 107 36
1 107 182
1 107 212
1 108 44
1 108 170
1 108 218
1 109 53
1 109 139
1 109 143
1 110 3
1 110 101
1 111 89
1 112 7
1 112 48
1 113 62
1 113 127
1 116 143
1 116 226
1 117 83
1 117 129
1 117 217
1 117 221
1 118 87
1 118 119
1 118 219
1 119 54
1 119 109
1 119 157
1 120 13
1 120 17
1 120 62
1 120 154
1 120 200
1 121 72
1 121 81
1 121 190
1 121 204
1 122 58
1 122 73
1 122 117
1 122 164
1 122 176
1 122 178
1 123 138
1 124 12
1 124 30
1 124 163
1 124 168
1 125 58
1 125 123
1 126 127
1 127 6
1 127 7
1 127 60
1 127 106
1 127 150
1 128 8
1 128 74
1 128 131
1 128 173
1 128 178
1 128 182
1 129 40
1 129 125
1 130 21
1 132 3
1 132 130
1 133 13
1 133 205
1 134 95
1 134 134
1 136 109
1 136 118
1 136 128
1 137 166
1 138 50
1 139 218
1 140 96
1 140 196
1 141 19
1 141 67
1 141 101
1 141 179
1 141 205
1 142 143
1 142 228
1 143 122
1 143 209
1 143 227
1 144 77
1 145 56
1 145 90
1 145 192
1 146 205
1 147 5
1 147 21
1 147 65
1 147 171
1 147 177
1 147 185
1 147 186
1 148 61
1 148 84
1 148 136
1 149 48
1 151 169
1 152 20
1 152 26
1 152 31
1 153 64
1 153 164
1 154 122
1 154 177
1 155 20
1 155 70
1 155 180
1 156 118
1 157 159
1 158 111
1 158 121
1 159 79
1 160 84
1 160 127
1 162 42
1 162 68
1 162 189
1 163 84
1 163 121
1 164 27
1 164 29
1 165 20
1 165 35
1 165 40
1 165 125
1 165 128
1 165 138
1 166 96
1 166 117
1 167 153
1 169 28
1 169 174
1 170 28
1 170 33
1 170 56
1 171 0
1 171 68
1 171 128
1 172 47
1 172 80
1 172 129
1 172 148
1 172 166
1 172 200
1 172 219
1 173 67
1 173 82
1 173 163
1 175 109
1 175 158
1 175 161
1 175 174
1 176 30
1 176 184
1 177 27
1 177 93
1 177 208
1 177 227
1 178 3
1 178 53
1 178 125
1 178 196
1 179 6
1 179 40
1 179 227
1 180 38
1 181 37
1 182 104
1 182 152
1 183 45
1 183 91
1 183 119
1 186 109
1 186 185
1 186 191
1 187 113
1 188 47
1 188 87
1 188 118
1 188 130
1 188 132
1 188 158
1 188 199
1 189 84
1 189 131
1 189 135
1 189 182
1 191 9
1 191 93
1 191 154
1 192 175
1 193 7
1 193 80
1 193 91
1 194 101
1 194 115
1 194 116
1 196 105
1 196 149
1 197 74
1 197 78
1 198 173
1 199 56
1 199 68
1 199 164
1 200 51
1 200 224
1 201 22
1 203 92
1 204 0
1 205 3
1 206 135
1 207 4
1 207 139
1 208 6
1 208 73
1 208 124
1 208 190
1 209 63
1 209 160
1 210 29
1 210 92
1 210 104
1 210 203
1 210 204
1 212 96
1 213 88
1 213 126
1 213 143
1 214 204
1 215 70
1 215 148
1 216 34
1 216 40
1 216 154
1 217 48
1 217 118
1 220 214
1 220 221
1 221 18
1 221 168
1 222 28
1 222 167
1 223 136
1 224 170
1 224 200
1 225 4
1 226 41
1 226 47
1 226 164
1 227 37
1 228 16
1 228 140
1 228 168
1 229 50
1 229 161
1 229 222
1 230 117
1 230 150
1 231 103
1 231 113
1 231 163
1 232 39
1 232 85
1 233 24
1 234 128
1 234 142
1 234 218
1 234 221
1 235 193
1 235 223
1 236 7
1 236 97
1 236 103
1 236 145
1 236 147
1 236 161
1 236 188
1 236 218
1 237 60
1 237 161
1 237 215
1 239 13
1 239 56
1 239 99
1 240 37
1 240 48
1 240 185
1 241 124
1 241 181
1 242 4
1 242 31
1 242 205
1 243 177
1 244 46
1 244 197
1 245 189
1 246 43
1 246 48
1 246 50
1 248 170
1 250 16
1 250 115
1 250 126
1 250 158
1 250 193
1 250 212
1 251 31
1 252 39
1 252 94
1 252 132
1 252 192
1 252 210
1 252 215
1 253 220
1 253 227
1 255 137
1 255 171
1 256 71
1 256 89
1 256 176
1 256 220
1 257 163
1 257 185
1 259 60
1 259 78
1 260 204
1 260 227
2 0 188
2 1 112
2 1 246
2 2 94
2 2 312
2 3 59
2 3 62
2 4 31
2 4 62
2 4 191
2 5 68
2 5 97
2 5 266
2 7 104
2 7 199
2 7 221
2 7 295
2 8 3
2 8 31
2 8 60
2 8 180
2 8 237
2 8 262
2 9 11
2 9 31
2 9 198
2 9 241
2 9 286
2 10 55
2 10 200
2 10 274
2 11 31
2 11 33
2 11 183
2 12 0
2 12 51
2 12 78
2 12 133
2 13 46
2 13 88
2 13 215
2 14 81
2 15 87
2 16 97
2 16 308
2 17 54
2 17 171
2 17 308
2 18 139
2 19 51
2 19 184
2 19 287
2 19 288
2 19 292
2 20 48
2 20 135
2 20 234
2 21 27
2 21 74
2 22 113
2 22 152
2 22 194
2 22 222
2 23 130
2 23 164
2 23 201
2 24 8
2 24 58
2 24 60
2 24 137
2 24 170
2 24 199
2 26 157
2 26 159
2 26 170
2 26 210
2 26 249
2 27 177
2 27 179
2 27 213
2 27 238
2 29 8
2 30 96
2 30 118
2 30 125
2 30 200
2 30 245
2 30 293
2 31 34
2 31 153
2 31 164
2 31 188
2 31 193
2 32 278
2 32 307
2 33 12
2 33 53
2 33 74
2 33 264
2 34 95
2 34 152
2 34 235
2 34 238
2 34 278
2 34 279
2 35 80
2 35 174
2 35 191
2 36 137
2 36 218
2 37 211
2 38 90
2 38 268
2 39 52
2 39 99
2 39 137
2 39 199
2 41 103
2 41 137
2 41 199
2 41 264
2 42 8
2 42 147
2 42 172
2 42 188
2 43 126
2 43 159
2 43 191
2 43 278
2 44 50
2 44 84
2 44 131
2 44 148
2 44 174
2 45 46
2 45 91
2 45 232
2 46 118
2 46 228
2 46 289
2 48 228
2 49 1
2 49 140
2 49 176
2 49 177
2 50 37
2 50 122
2 50 145
2 51 199
2 51 218
2 51 287
2 51 301
2 52 84
2 52 116
2 52 201
2 53 58
2 53 77
2 53 137
2 53 193
2 53 235
2 54 155
2 54 220
2 54 229
2 54 239
2 54 272
2 55 255
2 56 76
2 57 114
2 57 238
2 58 111
2 58 118
2 58 186
2 58 189
2 58 316
2 59 193
2 60 11
2 60 139
2 60 210
2 61 67
2 61 160
2 62 157
2 63 127
2 63 223
2 64 277
2 65 107
2 66 33
2 66 120
2 66 139
2 66 306
2 66 313
2 67 13
2 67 211
2 67 233
2 67 267
2 67 283
2 68 38
2 68 72
2 68 250
2 68 280
2 68 311
2 68 316
2 69 25
2 69 40
2 69 116
2 70 6
2 70 52
2 70 77
2 70 147
2 71 30
2 71 77
2 71 121
2 71 192
2 71 251
2 71 283
2 72 50
2 72 122
2 72 231
2 72 270
2 72 308
2 73 147
2 73 165
2 74 77
2 74 141
2 74 182
2 74 280
2 75 175
2 75 227
2 75 256
2 76 105
2 76 173
2 76 193
2 77 130
2 77 195
2 77 316
2 78 91
2 78 153
2 78 210
2 78 230
2 78 296
2 79 3
2 81 206
2 81 242
2 82 28
2 82 63
2 82 70
2 82 110
2 82 170
2 82 179
2 82 228
2 82 234
2 82 281
2 82 301
2 83 127
2 83 129
2 83 158
2 83 192
2 83 233
2 83 250
2 84 162
2 84 257
2 85 48
2 85 63
2 85 121
2 85 283
2 86 87
2 86 93
2 86 162
2 86 188
2 86 296
2 87 45
2 88 4
2 88 112
2 88 158
2 88 231
2 88 253
2 88 296
2 89 90
2 89 144
2 90 19
2 90 99
2 90 176
2 90 316
2 91 25
2 91 107
2 92 102
2 92 289
2 93 7
2 93 65
2 93 207
2 93 252
2 94 128
2 94 286
2 95 92
2 95 190
2 95 228
2 95 285
2 96 246
2 97 45
2 97 133
2 98 135
2 98 143
2 98 185
2 99 66
2 99 78
2 99 89
2 99 207
2 99 295
2 99 298
2 101 108
2 101 174
2 102 32
2 102 129
2 102 139
2 102 145
2 102 235
2 103 92
2 104 270
2 105 185
2 105 231
2 105 289
2 106 3
2 106 63
2 107 16
2 107 242
2 108 36
2 108 129
2 108 197
2 110 11
2 110 65
2 111 96
2 111 113
2 111 137
2 112 122
2 112 221
2 112 300
2 113 1
2 113 30
2 113 116
2 113 126
2 113 167
2 113 171
2 113 209
2 113 212
2 113 215
2 113 227
2 113 229
2 113 316
2 115 18
2 115 100
2 115 224
2 115 263
2 116 1
2 116 300
2 116 302
2 117 19
2 117 119
2 117 124
2 117 212
2 117 268
2 118 65
2 118 200
2 118 201
2 119 68
2 119 146
2 119 233
2 119 286
2 119 305
2 120 86
2 120 158
2 120 300
2 121 267
2 122 110
2 122 222
2 124 299
2 125 13
2 125 245
2 126 267
2 127 15
2 127 78
2 127 130
2 127 297
2 127 313
2 128 2
2 128 58
2 128 83
2 128 133
2 128 168
2 128 241
2 128 289
2 129 144
2 129 154
2 129 202
2 129 232
2 129 243
2 129 246
2 130 88
2 130 190
2 130 298
2 131 80
2 131 200
2 131 277
2 132 44
2 132 80
2 132 110
2 132 209
2 132 252
2 133 109
2 133 248
2 134 0
2 134 4
2 134 130
2 135 13
2 135 54
2 135 157
2 136 132
2 136 143
2 136 271
2 136 311
2 137 198
2 137 286
2 137 306
2 138 24
2 138 34
2 139 163
2 140 12
2 140 130
2 140 285
2 140 298
2 141 149
2 141 236
2 142 94
2 142 135
2 142 188
2 143 149
2 143 309
2 144 63
2 144 81
2 144 278
2 144 297
2 145 114
2 145 311
2 146 143
2 146 280
2 147 120
2 147 182
2 147 199
2 147 250
2 147 289
2 148 67
2 148 81
2 148 171
2 148 190
2 149 181
2 150 109
2 150 211
2 151 181
2 152 83
2 153 9
2 153 55
2 153 96
2 153 117
2 153 130
2 153 239
2 154 119
2 155 17
2 155 39
2 155 85
2 155 149
2 155 189
2 155 260
2 155 270
2 155 275
2 155 310
2 156 10
2 156 14
2 156 182
2 156 252
2 156 262
2 156 298
2 156 305
2 157 32
2 157 75
2 157 132
2 158 57
2 158 255
2 160 202
2 160 237
2 162 122
2 162 217
2 163 59
2 163 131
2 163 140
2 163 302
2 163 309
2 164 8
2 164 211
2 165 80
2 165 96
2 165 299
2 166 45
2 166 171
2 167 40
2 167 68
2 167 80
2 167 190
2 167 215
2 167 225
2 167 259
2 168 21
2 168 36
2 168 261
2 168 281
2 171 49
2 171 160
2 172 56
2 172 115
2 173 42
2 173 66
2 173 147
2 174 3
2 174 99
2 174 243
2 175 21
2 175 262
2 176 186
2 176 286
2 176 299
2 177 101
2 178 28
2 179 109
2 179 123
2 179 201
2 179 223
2 179 249
2 179 257
2 180 45
2 180 288
2 181 21
2 181 88
2 181 124
2 181 197
2 181 238
2 182 125
2 182 130
2 182 134
2 182 159
2 183 36
2 183 73
2 183 298
2 184 110
2 184 162
2 184 259
2 185 113
2 185 278
2 186 43
2 186 116
2 186 120
2 186 138
2 186 185
2 186 199
2 186 200
2 187 47
2 187 122
2 187 241
2 187 278
2 188 227
2 188 228
2 188 265
2 188 282
2 189 18
2 189 42
2 189 111
2 189 223
2 189 232
2 189 304
2 190 36
2 190 274
2 191 140
2 191 165
2 191 252
2 192 232
2 192 245
2 192 314
2 193 113
2 193 166
2 193 294
2 194 11
2 194 12
2 194 264
2 195 98
2 195 100
2 195 109
2 195 139
2 195 214
2 196 91
2 196 139
2 196 169
2 196 241
2 196 296
2 197 117
2 197 209
2 199 60
2 199 96
2 199 204
2 200 16
2 200 121
2 200 133
2 201 32
2 201 47
2 201 139
2 201 192
2 202 40
2 202 69
2 202 108
2 202 162
2 202 242
2 202 264
2 203 114
2 203 179
2 204 72
2 204 132
2 204 157
2 205 150
2 205 181
2 206 21
2 206 201
2 206 289
2 206 305
2 207 96
2 207 263
2 208 11
2 208 317
2 209 93
2 209 244
2 209 256
2 209 275
2 210 47
2 210 51
2 210 93
2 210 284
2 211 5
2 211 102
2 211 123
2 211 189
2 211 264
2 212 157
2 212 205
2 212 305
2 213 21
2 213 115
2 213 135
2 213 144
2 213 154
2 213 207
2 214 73
2 214 102
2 214 188
2 215 2
2 215 21
2 215 99
2 215 227
2 215 277
2 217 10
2 217 273
2 218 141
2 218 171
2 218 302
2 219 4
2 219 89
2 220 203
2 220 219
2 221 6
2 221 206
2 221 262
2 221 265
2 222 26
2 223 31
2 223 174
2 224 87
2 224 179
2 224 225
2 224 250
2 225 97
2 225 267
2 226 121
2 226 273
2 227 169
2 227 276
2 228 95
3 0 16
3 0 30
3 0 87
3 0 199
3 0 224
3 2 51
3 2 164
3 3 125
3 3 127
3 3 154
3 4 76
3 5 200
3 6 53
3 6 148
3 9 7
3 9 18
3 9 200
3 10 46
3 10 127
3 10 194
3 11 135
3 11 136
3 11 170
3 11 181
3 11 186
3 11 200
3 11 216
3 11 222
3 12 1
3 12 15
3 12 62
3 12 63
3 12 113
3 12 181
3 13 88
3 13 109
3 13 132
3 13 140
3 14 48
3 15 107
3 16 21
3 16 41
3 16 74
3 16 93
3 17 82
3 17 112
3 18 27
3 18 193
3 19 15
3 19 64
3 19 71
3 19 189
3 19 211
3 19 233
3 20 157
3 20 166
3 21 79
3 22 142
3 22 174
3 23 17
3 23 165
3 24 140
3 25 89
3 25 123
3 26 65
3 26 86
3 26 109
3 26 154
3 27 101
3 27 224
3 28 194
3 29 16
3 29 31
3 29 143
3 30 130
3 30 149
3 30 198
3 31 166
3 32 82
3 33 51
3 34 167
3 34 190
3 35 141
3 35 197
3 36 168
3 37 20
3 37 60
3 38 150
3 39 105
3 39 223
3 41 95
3 41 228
3 42 22
3 42 49
3 42 69
3 42 151
3 43 83
3 43 136
3 43 180
3 43 191
3 44 79
3 44 83
3 44 134
3 44 142
3 45 10
3 45 18
3 47 57
3 48 82
3 48 158
3 49 143
3 50 21
3 50 57
3 50 63
3 50 87
3 50 193
3 50 229
3 51 114
3 51 217
3 51 223
3 52 178
3 53 136
3 54 7
3 54 100
3 55 24
3 56 52
3 58 102
3 58 161
3 58 230
3 59 106
3 59 168
3 60 9
3 60 17
3 60 61
3 60 166
3 61 57
3 61 137
3 61 168
3 62 212
3 62 213
3 66 29
3 66 40
3 66 146
3 67 15
3 67 52
3 67 233
3 69 110
3 69 141
3 70 85
3 70 93
3 70 136
3 70 196
3 70 222
3 70 228
3 71 18
3 71 34
3 71 126
3 72 5
3 72 39
3 72 113
3 72 149
3 73 142
3 74 125
3 75 223
3 75 234
3 77 46
3 77 159
3 77 173
3 78 169
3 79 94
3 79 97
3 79 133
3 81 67
3 81 85
3 81 93
3 82 178
3 82 222
3 82 224
3 83 21
3 83 24
3 83 156
3 83 160
3 84 54
3 84 89
3 84 128
3 84 183
3 85 183
3 85 214
3 86 77
3 86 91
3 87 87
3 87 105
3 87 121
3 87 187
3 88 69
3 89 64
3 89 141
3 90 43
3 90 118
3 90 178
3 90 185
3 92 13
3 92 157
3 92 231
3 93 101
3 93 197
3 94 101
3 95 20
3 95 81
3 96 51
3 96 98
3 96 120
3 96 161
3 96 186
3 96 187
3 97 24
3 98 18
3 99 5
3 99 94
3 99 227
3 100 119
3 100 139
3 100 208
3 102 99
3 102 215
3 103 90
3 103 171
3 103 197
3 104 196
3 105 137
3 105 182
3 106 70
3 106 137
3 107 71
3 107 140
3 108 41
3 108 47
3 108 123
3 108 217
3 109 7
3 109 81
3 109 96
3 109 146
3 109 166
3 109 209
3 110 41
3 110 77
3 110 156
3 111 76
3 112 46
3 113 38
3 113 143
3 114 132
3 114 178
3 114 225
3 115 59
3 115 136
3 115 233
3 116 6
3 116 151
3 117 52
3 117 106
3 117 146
3 117 209
3 118 110
3 119 55
3 119 135
3 119 185
3 122 231
3 123 117
3 123 139
3 123 143
3 124 54
3 124 124
3 124 215
3 125 49
3 125 90
3 126 13
3 126 231
3 127 223
3 128 64
3 128 128
3 129 99
3 130 12
3 130 38
3 130 40
3 130 227
3 132 18
3 132 27
3 132 197
3 133 6
3 133 140
3 133 210
3 134 27
3 134 49
3 134 58
3 134 83
3 134 107
3 135 2
3 135 118
3 135 166
3 135 223
3 137 163
3 137 231
3 138 19
3 138 57
3 138 80
3 138 207
3 139 108
3 139 163
3 140 27
3 141 23
3 143 99
3 143 203
3 143 232
3 144 62
3 145 0
3 147 183
3 147 187
3 148 24
3 148 199
3 149 141
3 149 185
3 149 201
3 151 52
3 152 114
3 152 219
3 154 47
3 154 103
3 154 133
3 154 150
3 154 189
3 154 223
3 155 225
3 156 219
3 156 230
3 157 39
3 157 199
3 159 94
3 159 229
3 160 59
3 160 169
3 160 187
3 160 213
3 161 13
3 162 62
3 162 167
3 163 1
3 163 2
3 163 12
3 163 41
3 163 128
3 163 225
3 164 0
3 165 63
3 165 178
3 166 71
3 166 134
3 166 145
3 166 147
3 166 233
3 168 5
3 168 110
3 168 151
3 168 202
3 169 187
3 171 116
3 172 68
3 173 41
3 174 24
3 174 53
3 175 126
3 175 160
3 175 190
3 176 156
3 176 229
3 177 7
3 177 76
3 177 150
3 178 177
3 178 218
3 179 106
3 179 213
3 180 40
3 180 106
3 180 180
3 180 214
3 181 52
3 181 61
3 181 75
3 181 128
3 181 185
3 182 31
3 182 108
3 182 139
3 183 24
3 183 77
3 183 205
3 184 33
3 184 120
3 184 137
3 184 211
3 185 143
3 186 23
3 186 58
3 186 115
3 188 37
3 188 174
3 188 214
3 189 5
3 189 212
3 190 108
3 190 205
3 191 149
3 192 85
3 192 116
3 192 209
3 193 9
3 193 47
3 194 129
3 194 211
3 195 47
3 195 63
3 196 193
3 197 111
3 197 112
3 197 178
3 198 180
3 200 15
3 200 205
3 201 0
3 201 94
3 201 133
3 201 171
3 204 134
3 204 203
3 206 49
3 207 108
3 207 110
3 207 118
3 207 166
3 208 91
3 209 113
3 209 170
3 209 187
3 210 34
3 210 78
3 211 189
3 212 91
3 212 125
3 212 133
3 212 151
3 213 25
3 213 73
3 213 207
3 214 48
3 214 138
3 214 175
3 217 5
3 217 153
3 218 71
3 219 13
3 219 50
3 219 129
3 220 12
3 220 63
3 220 71
3 220 80
3 220 105
3 220 175
3 222 138
3 224 202
3 225 54
3 226 12
3 226 86
3 226 232
3 227 57
3 227 219
3 228 199
3 228 223
3 229 78
3 229 220
3 230 181
3 230 213
3 231 170
3 231 213
3 232 99
3 232 229
3 233 18
3 233 47
3 233 77
3 233 106
3 233 130
3 233 190
3 235 31
3 235 230
3 236 146
3 236 148
3 237 154
3 237 192
3 238 9
3 239 88
3 239 114
3 239 125
3 240 13
3 240 95
3 240 166
3 241 227
3 242 97
3 243 28
3 243 80
3 243 196
3 244 26
3 244 129
3 245 103
3 245 200
3 246 60
3 246 150
3 246 169
3 246 200
3 247 144
3 249 33
3 249 77
3 249 178
3 249 207
3 250 82
3 250 93
3 251 177
3 252 213
3 253 109
3 253 129
3 254 77
3 255 172
3 256 25
3 256 58
3 256 168
3 256 222
3 258 94
3 258 122
3 258 181
3 259 134
3 260 24
3 260 80
3 261 29
3 261 206
3 262 62
3 262 194
3 263 2
3 264 17
3 266 117
3 266 196
3 268 15
3 268 35
3 268 66
3 268 86
3 268 206
3 270 48
3 270 87
3 271 95
3 271 135
3 272 88
3 272 114
3 272 166
3 273 50
3 273 69
3 273 101
3 273 187
3 274 163
3 275 2
3 275 19
3 275 72
3 276 151
3 276 164
3 276 173
3 277 146
3 278 42
3 278 136
3 278 201
3 279 128
3 279 165
3 280 177
3 280 200
3 281 15
3 283 29
3 283 60
3 283 75
3 285 54
3 285 190
3 286 49
3 286 216
3 287 25
3 287 47
3 287 140
3 287 144
3 288 93
3 289 201
3 289 223
3 290 40
3 290 49
3 290 58
3 290 125
3 291 12
3 291 44
3 291 100
3 292 74
3 292 107
3 293 116
3 293 203
3 294 52
3 295 217
3 296 54
3 297 46
3 297 120
3 297 137
3 297 190
3 298 37
3 298 82
3 298 214
3 299 34
3 299 63
3 300 126
3 301 62
3 301 221
3 302 220
3 303 9
3 303 114
3 304 143
3 304 179
3 304 224
3 305 50
3 305 65
3 305 102
3 306 204
3 307 37
3 307 125
3 307 136
3 308 95
3 308 146
3 309 86
3 309 175
3 310 13
3 310 149
3 310 187
3 311 151
3 311 172
3 311 182
3 311 186
3 312 45
3 313 196
3 314 15
3 314 182
3 314 183
3 315 170
3 316 106
3 317 149
3 317 191
3 317 222