178
5
321 348 341 416 492
2500

0 0 0 0 566 742 123 300 0 0 0 615 0 305 619 594 0 922 0 279 404 19 0 530 340 0 0 0 0 0 839 0 99 0 0 2 0 531 496 626 500 0 0 394 45 83 860 930 0 0 494 136 77 805 0 0 0 288 0 177 0 1 275 626 0 538 43 954 207 560 0 848 631 0 90 404 886 448 997 0 0 0 0 0 66 0 74 84 89 0 0 0 60 0 38 0 0 17 0 34 79 0 62 0 0 26 87 0 47 0 0 0 0 0 0 89 0 46 0 95 79 88 18 5 70 0 0 78 0 0 0 0 14 0 20 60 92 0 0 58 10 94 0 21 0 0 0 9 0 27 44 0 0 15 16 0 39 14 18 17 0 35 65 95 37 0 98 0 0 93 0 57 0 85 74 0 88 95 36 0 34 76 84 3 11 79 0 46 0 42 89 67 54 0 100 22 0 0 0 0 0 0 40 2 2 90 0 0 43 0 0 0 0 35 67 68 0 25 0 0 0 0 35 2 0 0 0 8 91 55 0 98 0 83 0 0 0 0 71 0 88 76 0 0 6 22 0 0 0 0 76 0 1 89 72 0 0 26 0 0 44 4 0 43 0 16 0 74 0 17 0 0 0 0 0 46 0 93 0 60 0 0 0 0 45 0 0 71 85 86 77 78 0 85 0 9 0 99 0 21 56 56 99 30 74 74 68 0 61 0 87 56 0 0 68 19 0 69 0 83 0
311 0 0 0 0 283 890 0 0 0 0 0 203 0 0 0 0 945 0 568 0 231 450 0 779 0 924 891 75 0 514 0 0 990 579 274 0 0 21 0 0 0 0 0 0 874 0 0 0 247 54 0 0 0 897 271 0 0 422 0 216 0 17 0 0 0 0 348 256 0 283 542 980 0 324 0 0 0 0 806 0 0 0 0 0 458 510 0 42 29 0 0 0 0 18 19 0 0 0 0 65 0 45 86 72 59 73 78 97 38 0 0 0 0 0 80 85 0 35 0 0 3 0 8 69 0 57 0 61 88 0 0 0 93 0 0 70 37 91 0 0 0 0 0 42 78 71 23 0 34 23 0 25 15 0 0 9 0 93 14 0 0 55 0 0 74 0 39 0 0 71 24 0 0 0 0 1 0 36 73 55 99 69 88 0 86 4 0 0 33 8 32 0 26 74 0 80 0 0 78 0 58 85 27 95 0 42 38 68 0 0 0 0 1 0 0 67 81 44 0 0 36 0 88 0 0 18 0 0 0 71 59 0 89 62 0 0 85 61 0 0 0 0 0 0 88 0 0 64 0 0 0 0 0 7 69 96 0 0 0 0 20 0 83 0 0 0 28 46 0 86 24 18 0 0 0 50 0 0 24 0 0 32 45 48 74 0 0 59 97 0 0 21 17 84 61 0 0 34 0 57 0 45 16 0 0 2 0 0 0 0 15 0 0 0 0 99 6 54 89 47 80 72 0 0 0 7 14 0 0 23 0 0 0 0 50 93 0 62 84 0 53 33 96 0 0 75 9
492 19 213 315 826 0 0 0 0 0 0 0 863 854 0 483 422 310 0 262 756 548 0 108 0 263 0 509 727 0 41 0 0 520 0 0 266 593 0 161 0 68 448 86 667 0 927 780 957 342 0 981 572 471 738 0 475 999 258 0 757 0 706 0 0 0 0 0 598 881 0 638 0 0 0 153 0 0 0 479 0 0 745 226 0 628 92 0 0 0 89 29 46 82 11 12 0 0 66 24 57 5 60 0 6 0 71 0 0 0 0 60 50 0 84 31 43 0 0 0 9 0 38 0 8 0 0 0 0 0 81 100 31 0 0 0 20 0 0 42 95 0 0 0 0 0 8 0 0 20 0 0 0 85 61 0 0 0 24 94 13 42 50 2 43 53 12 0 77 43 0 14 0 0 0 99 0 0 0 0 28 34 0 0 0 43 24 36 0 0 0 10 0 0 0 0 0 89 0 0 39 21 0 59 0 79 0 65 88 0 0 88 98 54 0 39 75 0 61 67 27 0 59 0 0 0 0 0 0 0 42 73 0 0 0 0 19 60 70 74 0 27 0 0 93 0 80 61 39 0 0 60 0 0 58 30 49 10 66 0 0 0 0 0 79 48 0 0 94 1 81 43 82 0 49 8 0 0 55 21 0 21 0 0 37 42 50 96 17 0 97 0 0 53 0 29 4 39 14 0 0 20 0 0 0 0 14 0 23 20 0 0 0 0 0 0 0 0 100 0 23 3 0 0 58 0 0 39 11 0 0 5 18 0 37 72 82 21 0 0 51
42 0 860 0 502 0 0 0 186 0 231 0 868 426 0 882 871 0 776 12 631 0 0 0 0 672 775 0 679 0 0 677 207 0 0 0 628 279 701 0 0 0 0 0 0 595 579 387 380 0 383 966 0 106 784 0 669 32 0 0 0 0 0 0 0 0 0 806 0 0 301 0 0 987 11 403 0 0 606 0 159 680 365 309 0 54 0 747 643 697 432 715 0 778 0 765 578 0 791 448 334 0 0 878 601 0 0 0 0 3 0 82 76 0 30 0 0 96 0 20 0 100 0 0 0 0 64 59 0 40 82 0 0 0 0 0 0 0 0 86 0 19 28 0 0 0 0 0 89 0 0 72 0 0 0 56 85 0 0 0 57 0 5 3 0 97 21 0 0 59 0 0 61 43 0 0 23 0 66 11 47 22 14 36 0 0 0 0 47 0 0 52 9 0 0 60 89 0 18 53 0 0 0 48 25 0 60 63 19 0 45 0 0 3 22 0 23 0 0 78 0 4 31 0 1 0 0 17 0 0 61 54 0 0 19 60 0 42 51 19 0 94 26 0 0 0 25 0 35 88 22 33 0 40 0 0 0 0 27 72 54 23 0 0 0 0 0 13 0 0 0 31 0 0 90 0 86 93 0 0 0 20 0 13 48 0 50 0 24 56 0 0 0 0 0 0 57 0 60 0 56 0 0 0 0 44 58 0 0 53 46 98 5 73 0 0 0 0 0 48 70 66 0 0 51 58 0 92 70 35 51 92 4 1 0 0 0 5 0 75 32 11 0 0 0 0 0 0 69 3 16 61 81 0 0 0 92 15 9 52 84 94 0 0 12 72 78 0 49 0 27 0 0 0 19 0 0 0 0 99 53 10 16 75 23 95 18 14 0 0 0 0 31 0 42 0 45 14 0 40 30 0 36 0 99 20 0 45 0 0 84 88 0 49 0 0
116 0 27 0 290 0 0 0 525 396 3 729 338 0 0 0 819 0 483 666 854 479 0 0 377 0 0 0 0 0 0 0 0 373 274 0 0 0 0 0 372 0 653 0 0 825 508 970 626 716 0 533 741 0 0 701 0 0 0 0 452 0 60 0 0 166 975 38 231 0 564 912 885 395 305 0 0 616 263 169 717 448 38 0 0 543 817 0 0 215 0 610 40 932 488 356 672 994 0 0 0 658 619 981 331 0 27 273 549 0 0 655 947 0 0 0 781 0 0 0 533 713 0 776 0 0 76 27 55 99 7 45 0 37 0 0 0 90 0 0 28 83 91 0 82 93 95 65 0 68 14 69 62 76 0 99 64 0 13 2 44 39 93 0 0 0 0 43 2 0 36 0 26 45 0 0 30 0 0 8 68 0 0 30 76 0 47 33 23 0 7 2 0 0 0 34 8 0 71 0 8 0 0 0 6 0 44 0 0 0 0 0 28 75 69 63 51 0 3 0 0 29 0 60 0 0 22 0 92 0 0 0 14 0 66 0 0 0 0 0 2 64 52 0 0 73 0 8 99 0 65 82 11 0 0 0 0 44 0 42 68 0 45 96 0 80 0 75 0 0 41 0 0 99 0 11 33 81 0 2 0 0 0 0 17 0 0 71 0 9 0 31 66 0 0 0 24 50 0 91 0 0 0 97 0 0 10 29 0 78 28 0 77 0 10 0 22 66 0 93 99 0 96 0 100 16 0 0 87 29 0 33 0 0 72 0 30 69 27 49 24 26 0 91 0 0 0 0 0 0 0 20 0 0 17 47 67 0 100 18 0 55 3 0 0 96 0 0 0 91 27 0 6 0 80 18 25 61 0 71 24 28 24 41 0 42 23 0 75 93 66 13 6 64 78 2 10 90 0 11 0 0 100 0 0 0 0 76 94 0 79 0 93 0 74 0 46 9 6 37 0 51 0 0 0 0 0 0 82 38 94 0 31 0 7 71 0 64 0 0 0 23 0 0 0 32 0 0 0 31 0 0 48 0 0 0 0 0 0 2 96 1 57 15 0 24 0 0 0 0 0 0 69 97 0 0 0 0 30 0 77 14 0 0 0 0 0 41 0 0 0 0

0 3 322
0 3 336
0 4 233
0 4 337
0 6 43
0 6 224
0 8 92
0 10 217
0 10 238
0 12 95
0 13 36
0 15 9
0 15 96
0 15 243
0 16 213
0 16 221
0 16 308
0 16 338
0 17 116
0 17 162
0 18 285
0 19 283
0 19 315
0 19 324
0 19 328
0 20 97
0 21 271
0 21 287
0 22 19
0 22 86
0 23 4
0 23 14
0 23 314
0 23 332
0 24 5
0 24 53
0 24 230
0 25 7
0 25 141
0 25 188
0 25 303
0 26 268
0 26 311
0 26 329
0 27 41
0 27 167
0 29 231
0 29 292
0 30 211
0 32 269
0 33 159
0 33 218
0 34 150
0 34 256
0 35 199
0 36 300
0 37 147
0 38 3
0 38 125
0 38 180
0 38 210
0 40 209
0 41 218
0 42 190
0 44 93
0 44 264
0 46 130
0 47 202
0 49 265
0 50 45
0 50 145
0 50 296
0 50 342
0 51 32
0 51 204
0 51 261
0 51 322
0 52 308
0 53 174
0 54 146
0 54 298
0 55 47
0 56 2
0 56 171
0 57 14
0 57 204
0 57 253
0 59 249
0 61 66
0 61 96
0 62 8
0 62 118
0 63 132
0 63 171
0 65 347
0 66 63
0 69 172
0 70 85
0 70 122
0 71 296
0 71 321
0 72 136
0 73 160
0 74 310
0 75 118
0 75 253
0 76 326
0 77 230
0 77 250
0 78 144
0 78 200
0 78 258
0 79 309
0 81 184
0 81 186
0 82 234
0 84 163
0 85 136
0 85 328
0 85 339
0 86 270
0 87 109
0 87 194
0 88 90
0 88 110
0 89 42
0 90 226
0 92 151
0 93 277
0 94 81
0 95 182
0 95 278
0 96 0
0 97 53
0 97 70
0 98 323
0 99 67
0 99 169
0 100 301
0 100 303
0 101 62
0 102 40
0 102 48
0 102 70
0 102 296
0 103 123
0 106 9
0 107 4
0 107 99
0 107 151
0 108 47
0 108 246
0 109 231
0 110 93
0 111 150
0 112 69
0 112 72
0 112 137
0 112 306
0 113 156
0 114 11
0 115 16
0 115 36
0 115 120
0 115 227
0 117 167
0 118 118
0 118 251
0 119 52
0 119 62
0 119 110
0 119 142
0 121 222
0 123 318
0 124 97
0 124 239
0 124 241
0 124 248
0 124 286
0 124 322
0 125 80
0 125 328
0 127 167
0 128 198
0 128 313
0 129 268
0 130 59
0 130 198
0 132 5
0 133 182
0 134 23
0 134 308
0 135 88
0 135 275
0 136 345
0 137 22
0 137 195
0 138 4
0 138 225
0 138 288
0 139 217
0 140 291
0 141 114
0 142 345
0 143 272
0 143 311
0 144 24
0 144 45
0 144 294
0 145 246
0 146 158
0 147 249
0 150 2
0 150 156
0 150 189
0 151 1
0 151 94
0 151 158
0 151 200
0 153 186
0 154 256
0 155 163
0 155 200
0 155 342
0 156 3
0 156 296
0 157 111
0 157 136
0 157 189
0 158 11
0 159 37
0 159 216
0 161 292
0 162 142
0 162 144
0 163 0
0 165 40
0 165 274
0 166 4
0 167 59
0 168 211
0 168 273
0 168 313
0 169 99
0 169 308
0 170 262
0 171 28
0 171 76
0 171 342
0 172 44
0 173 81
0 173 171
0 173 223
0 174 300
0 175 55
0 175 122
0 175 336
0 176 326
0 177 124
0 179 62
0 179 253
0 179 257
0 181 72
0 181 110
0 181 129
0 181 151
0 181 177
0 181 210
0 181 227
0 182 15
0 186 162
0 188 303
0 188 327
0 189 260
0 190 72
0 190 312
0 191 153
0 191 249
0 192 327
0 192 329
0 194 33
0 194 53
0 195 212
0 195 274
0 197 322
0 198 68
0 199 133
0 200 277
0 201 11
0 201 61
0 201 119
0 201 208
0 204 15
0 204 79
0 204 113
0 204 128
0 204 165
0 205 112
0 205 133
0 205 296
0 205 302
0 205 319
0 206 5
0 207 306
0 208 36
0 208 231
0 208 238
0 208 280
0 209 116
0 209 232
0 209 309
0 210 327
0 212 81
0 212 116
0 213 51
0 213 250
0 214 159
0 214 185
0 214 274
0 215 298
0 216 15
0 216 254
0 217 0
0 218 29
0 218 306
0 219 163
0 219 262
0 220 115
0 220 152
0 220 273
0 221 308
0 222 53
0 222 119
0 223 147
0 223 330
0 223 342
0 225 59
0 226 283
0 226 289
0 227 181
0 228 196
0 228 280
0 229 4
0 229 193
0 229 224
0 231 148
0 232 65
0 232 70
0 233 170
0 233 320
0 235 106
0 235 243
0 237 282
0 238 116
0 239 191
0 239 222
0 240 75
0 240 210
0 240 222
0 241 93
0 241 272
0 241 283
0 243 161
0 244 37
0 244 60
0 244 166
0 244 204
0 245 7
0 245 35
0 245 256
0 247 51
0 252 338
0 253 34
0 256 139
0 256 208
0 256 226
0 258 207
0 260 20
0 260 215
0 261 172
0 261 200
0 262 22
0 262 40
0 262 235
0 263 68
0 263 81
0 264 201
0 265 122
0 265 266
0 266 30
0 266 251
0 267 131
0 267 210
0 267 329
0 268 99
0 268 190
0 269 145
0 270 18
0 270 152
0 271 44
0 271 252
0 272 101
0 273 66
0 275 221
0 276 266
0 277 17
0 278 168
0 280 41
0 280 179
0 280 258
0 283 332
0 283 345
0 284 16
0 285 79
0 286 73
0 286 186
0 286 342
0 288 156
0 289 137
0 290 286
0 291 99
0 293 90
0 293 116
0 293 125
0 293 201
0 293 312
0 293 315
0 294 66
0 294 229
0 294 320
0 295 128
0 297 60
0 297 237
0 297 243
0 297 254
0 298 326
0 299 297
0 299 338
0 300 325
0 301 64
0 301 127
0 301 152
0 301 218
0 301 219
0 301 238
0 302 8
0 303 227
0 305 102
0 306 123
0 306 212
0 306 275
0 306 328
0 310 254
0 311 281
0 312 34
0 312 184
0 312 207
0 312 313
0 312 325
0 313 234
0 314 46
0 316 87
0 319 343
0 320 333
1 0 59
1 2 64
1 2 140
1 3 271
1 3 322
1 4 63
1 5 178
1 6 43
1 6 76
1 7 77
1 10 30
1 11 72
1 12 275
1 14 57
1 14 268
1 14 275
1 15 11
1 15 290
1 16 74
1 18 120
1 18 299
1 19 18
1 19 222
1 20 16
1 20 134
1 20 313
1 21 41
1 21 80
1 22 21
1 22 209
1 24 5
1 24 146
1 25 49
1 25 255
1 26 51
1 26 185
1 27 30
1 27 166
1 27 179
1 27 268
1 28 10
1 29 295
1 30 7
1 30 12
1 30 86
1 30 109
1 30 145
1 32 3
1 34 165
1 34 182
1 35 215
1 35 278
1 36 77
1 37 167
1 37 296
1 38 152
1 38 212
1 38 279
1 39 9
1 39 135
1 39 246
1 42 289
1 43 216
1 44 150
1 45 97
1 45 250
1 49 56
1 49 112
1 50 153
1 50 265
1 52 177
1 52 195
1 53 55
1 53 187
1 53 219
1 53 234
1 53 311
1 54 231
1 54 306
1 55 61
1 57 142
1 57 219
1 58 259
1 59 41
1 59 149
1 60 34
1 61 33
1 61 128
1 61 194
1 62 59
1 62 134
1 62 163
1 63 199
1 63 312
1 64 134
1 65 269
1 66 110
1 66 212
1 67 150
1 68 76
1 69 35
1 69 118
1 69 128
1 70 260
1 71 88
1 71 328
1 72 26
1 72 217
1 73 182
1 73 287
1 76 293
1 76 332
1 77 22
1 77 90
1 77 143
1 78 162
1 78 286
1 79 133
1 80 99
1 80 201
1 80 225
1 82 59
1 83 75
1 84 242
1 85 166
1 86 270
1 87 77
1 88 66
1 89 29
1 90 91
1 90 291
1 91 45
1 91 264
1 92 141
1 92 328
1 94 203
1 94 216
1 95 226
1 95 237
1 96 195
1 96 200
1 97 121
1 97 163
1 97 298
1 98 274
1 99 169
1 99 177
1 99 180
1 99 242
1 99 252
1 100 151
1 100 211
1 101 144
1 103 251
1 103 300
1 104 274
1 105 149
1 107 176
1 107 264
1 107 268
1 109 330
1 110 66
1 110 76
1 110 205
1 111 61
1 112 19
1 113 196
1 114 221
1 114 301
1 115 314
1 116 140
1 118 234
1 120 97
1 121 84
1 121 237
1 122 25
1 122 318
1 123 242
1 124 220
1 125 64
1 125 97
1 125 229
1 126 92
1 126 333
1 127 98
1 128 40
1 128 207
1 129 191
1 130 167
1 130 203
1 131 73
1 131 160
1 132 308
1 133 82
1 133 152
1 133 250
1 134 0
1 134 84
1 134 262
1 134 281
1 135 319
1 136 45
1 137 56
1 137 249
1 137 324
1 138 311
1 140 113
1 140 203
1 140 327
1 141 171
1 142 149
1 142 168
1 144 66
1 144 168
1 144 273
1 145 325
1 147 247
1 149 17
1 151 97
1 152 59
1 153 203
1 154 178
1 157 314
1 159 257
1 159 274
1 160 23
1 160 111
1 160 284
1 160 321
1 162 114
1 163 38
1 164 116
1 165 259
1 165 283
1 166 124
1 168 136
1 169 23
1 169 76
1 169 209
1 170 256
1 170 260
1 170 335
1 171 250
1 172 65
1 172 79
1 172 86
1 173 35
1 173 216
1 174 4
1 174 149
1 174 307
1 176 114
1 176 134
1 176 172
1 177 214
1 177 264
1 178 32
1 178 219
1 178 269
1 179 178
1 180 92
1 181 96
1 182 4
1 182 270
1 183 96
1 183 287
1 184 220
1 187 206
1 187 273
1 188 103
1 188 193
1 188 275
1 188 307
1 189 141
1 189 214
1 191 59
1 191 248
1 192 261
1 192 319
1 193 154
1 194 122
1 194 323
1 195 319
1 196 60
1 196 273
1 196 312
1 197 18
1 198 102
1 199 16
1 199 94
1 201 326
1 204 216
1 205 194
1 206 55
1 206 113
1 206 308
1 207 199
1 208 16
1 208 26
1 209 210
1 209 340
1 210 111
1 211 73
1 211 310
1 213 250
1 214 135
1 214 168
1 214 275
1 215 156
1 215 250
1 216 54
1 216 207
1 216 273
1 219 226
1 221 6
1 221 20
1 221 155
1 221 224
1 222 44
1 222 152
1 222 183
1 222 323
1 223 96
1 223 187
1 224 7
1 224 115
1 224 287
1 224 339
1 226 212
1 226 338
1 227 60
1 227 197
1 227 239
1 227 305
1 228 35
1 228 36
1 229 292
1 230 46
1 230 245
1 231 105
1 231 206
1 231 215
1 232 201
1 232 261
1 232 289
1 233 179
1 234 37
1 234 163
1 235 70
1 235 84
1 236 91
1 236 297
1 237 34
1 238 254
1 240 95
1 240 106
1 240 263
1 241 157
1 242 19
1 242 231
1 242 321
1 243 260
1 244 1
1 244 10
1 245 131
1 246 7
1 246 10
1 247 17
1 247 318
1 248 164
1 248 302
1 249 163
1 249 182
1 250 70
1 250 247
1 250 301
1 251 106
1 251 243
1 252 68
1 252 174
1 253 247
1 254 243
1 255 49
1 256 84
1 256 140
1 258 176
1 259 10
1 259 302
1 259 326
1 260 150
1 263 31
1 263 163
1 265 209
1 265 248
1 265 260
1 266 122
1 266 229
1 267 233
1 269 20
1 269 100
1 269 212
1 270 25
1 270 248
1 271 233
1 272 104
1 274 25
1 274 93
1 275 83
1 275 156
1 275 273
1 276 330
1 277 119
1 277 137
1 277 309
1 279 144
1 280 6
1 280 51
1 280 234
1 281 137
1 281 166
1 282 223
1 284 75
1 285 10
1 286 61
1 286 235
1 286 312
1 287 16
1 287 171
1 287 202
1 288 34
1 289 63
1 289 260
1 291 88
1 293 192
1 293 297
1 295 23
1 295 37
1 295 247
1 298 225
1 301 32
1 301 136
1 302 179
1 304 89
1 304 258
1 305 148
1 305 236
1 306 284
1 307 23
1 307 32
1 307 217
1 307 292
1 308 63
1 309 158
1 310 66
1 312 42
1 312 181
1 312 200
1 313 141
1 313 224
1 313 306
1 313 328
1 314 133
1 317 177
1 319 128
1 319 181
1 320 245
1 321 272
1 322 302
1 324 33
1 325 275
1 326 108
1 326 130
1 326 183
1 328 333
1 329 200
1 329 315
1 333 117
1 334 104
1 334 185
1 334 244
1 335 73
1 335 225
1 335 243
1 336 60
1 336 118
1 336 186
1 337 293
1 338 88
1 338 217
1 339 19
1 339 86
1 339 125
1 339 190
1 341 46
1 342 168
1 345 106
1 346 14
1 346 247
1 347 189
2 0 226
2 1 258
2 1 304
2 2 56
2 2 71
2 3 70
2 3 189
2 4 172
2 5 31
2 5 279
2 5 315
2 6 132
2 6 320
2 9 284
2 10 300
2 10 366
2 10 402
2 11 205
2 12 0
2 12 22
2 12 286
2 12 400
2 13 159
2 14 113
2 14 257
2 14 319
2 15 45
2 15 195
2 16 103
2 17 169
2 18 46
2 18 72
2 18 278
2 18 280
2 19 168
2 19 413
2 20 106
2 20 113
2 20 184
2 20 357
2 20 393
2 21 145
2 22 258
2 23 166
2 23 186
2 23 225
2 23 305
2 23 364
2 25 397
2 26 62
2 27 108
2 27 341
2 29 363
2 29 365
2 30 58
2 30 224
2 31 88
2 32 204
2 32 362
2 33 356
2 34 95
2 34 313
2 35 150
2 35 172
2 35 300
2 36 348
2 37 172
2 38 89
2 38 301
2 39 70
2 39 225
2 39 354
2 41 75
2 42 53
2 43 92
2 43 202
2 43 365
2 44 381
2 46 317
2 46 324
2 47 24
2 47 269
2 47 343
2 48 148
2 48 354
2 49 109
2 49 131
2 49 318
2 49 342
2 49 357
2 50 128
2 51 76
2 52 286
2 53 208
2 54 121
2 54 328
2 54 384
2 55 249
2 56 140
2 56 229
2 56 249
2 57 295
2 59 330
2 59 402
2 61 39
2 61 205
2 62 325
2 63 170
2 63 248
2 63 315
2 64 168
2 65 85
2 65 155
2 66 85
2 66 190
2 66 240
2 66 298
2 66 363
2 69 100
2 69 304
2 69 342
2 70 96
2 71 253
2 71 317
2 71 359
2 72 56
2 74 43
2 74 143
2 75 47
2 75 58
2 75 348
2 76 82
2 77 78
2 77 112
2 78 35
2 79 42
2 80 75
2 80 143
2 80 406
2 81 27
2 81 128
2 83 100
2 84 57
2 84 92
2 84 150
2 84 162
2 84 167
2 84 222
2 84 250
2 84 260
2 84 271
2 85 175
2 85 235
2 86 32
2 86 291
2 87 238
2 87 299
2 87 405
2 88 155
2 88 279
2 89 223
2 89 224
2 89 230
2 90 135
2 91 20
2 91 38
2 91 121
2 91 233
2 91 264
2 93 404
2 94 36
2 94 115
2 94 189
2 95 285
2 95 365
2 96 49
2 96 191
2 96 334
2 97 2
2 97 204
2 97 219
2 97 348
2 98 316
2 99 21
2 102 91
2 102 169
2 102 188
2 102 227
2 102 278
2 102 357
2 103 374
2 104 133
2 104 348
2 104 352
2 105 60
2 105 96
2 105 126
2 105 136
2 105 272
2 105 359
2 107 208
2 107 313
2 108 118
2 109 130
2 109 213
2 109 313
2 110 253
2 111 176
2 111 236
2 111 290
2 111 333
2 111 338
2 112 187
2 112 364
2 114 112
2 114 131
2 114 203
2 114 304
2 114 307
2 114 341
2 115 18
2 115 168
2 116 83
2 116 370
2 117 341
2 118 326
2 119 84
2 119 215
2 120 211
2 121 332
2 125 154
2 126 345
2 127 83
2 128 95
2 128 178
2 128 204
2 129 144
2 129 323
2 130 215
2 131 13
2 131 129
2 131 133
2 131 190
2 132 59
2 132 386
2 133 59
2 134 245
2 134 264
2 136 369
2 137 172
2 137 202
2 137 280
2 137 346
2 138 294
2 138 295
2 139 303
2 140 182
2 140 382
2 141 24
2 141 35
2 141 208
2 141 236
2 142 132
2 143 90
2 143 212
2 143 246
2 144 238
2 145 138
2 146 28
2 146 212
2 146 354
2 149 229
2 150 269
2 150 351
2 152 268
2 154 152
2 155 28
2 155 199
2 155 318
2 155 374
2 156 31
2 156 199
2 157 78
2 157 110
2 158 160
2 158 411
2 159 39
2 159 377
2 159 384
2 160 159
2 161 57
2 161 414
2 163 158
2 163 175
2 163 387
2 164 65
2 164 98
2 164 214
2 164 356
2 164 407
2 165 22
2 165 178
2 166 90
2 166 175
2 167 248
2 168 42
2 168 227
2 168 306
2 169 244
2 170 26
2 170 395
2 171 207
2 171 278
2 172 2
2 172 33
2 172 255
2 173 117
2 173 299
2 174 79
2 174 343
2 175 187
2 175 239
2 175 311
2 176 309
2 177 66
2 177 129
2 178 158
2 181 112
2 182 57
2 182 368
2 183 277
2 183 354
2 184 216
2 184 279
2 185 333
2 185 412
2 186 240
2 186 315
2 186 373
2 186 401
2 187 100
2 187 174
2 187 365
2 187 368
2 188 34
2 188 86
2 188 155
2 188 374
2 189 174
2 189 292
2 191 280
2 191 359
2 192 298
2 192 327
2 193 118
2 193 225
2 193 363
2 194 3
2 195 195
2 195 327
2 196 366
2 197 15
2 197 331
2 197 368
2 198 119
2 199 165
2 199 169
2 200 125
2 200 149
2 200 283
2 201 249
2 202 184
2 202 236
2 202 237
2 202 332
2 203 26
2 203 301
2 204 196
2 205 103
2 205 211
2 206 19
2 206 33
2 206 114
2 206 139
2 207 21
2 207 246
2 207 288
2 208 272
2 208 403
2 209 59
2 209 160
2 209 180
2 209 293
2 209 352
2 209 395
2 211 104
2 212 23
2 212 56
2 212 171
2 213 42
2 213 110
2 213 330
2 213 332
2 213 368
2 214 398
2 215 149
2 218 293
2 218 322
2 218 323
2 219 306
2 220 327
2 220 373
2 220 409
2 221 178
2 221 253
2 222 54
2 222 166
2 223 99
2 223 130
2 223 163
2 223 400
2 224 321
2 225 147
2 225 248
2 226 81
2 228 53
2 230 365
2 231 262
2 231 306
2 231 346
2 233 400
2 234 169
2 234 383
2 235 58
2 237 284
2 238 61
2 238 333
2 238 413
2 239 84
2 239 341
2 240 22
2 240 323
2 242 260
2 243 154
2 245 17
2 245 38
2 247 37
2 247 241
2 248 101
2 248 323
2 249 111
2 249 148
2 249 180
2 250 215
2 251 249
2 251 292
2 252 124
2 253 96
2 253 248
2 253 260
2 254 11
2 254 110
2 254 365
2 255 197
2 257 152
2 257 270
2 257 299
2 257 362
2 257 387
2 258 346
2 259 69
2 259 123
2 259 151
2 259 171
2 259 194
2 260 33
2 260 164
2 260 405
2 261 183
2 261 369
2 263 160
2 263 389
2 264 212
2 264 328
2 265 279
2 266 346
2 267 121
2 268 118
2 268 218
2 270 33
2 271 15
2 271 202
2 272 139
2 272 246
2 272 399
2 273 169
2 273 190
2 273 299
2 273 370
2 274 166
2 274 223
2 274 346
2 274 387
2 276 14
2 276 216
2 277 9
2 277 140
2 278 43
2 278 199
2 280 169
2 281 87
2 281 278
2 282 122
2 283 71
2 283 394
2 284 2
2 284 394
2 284 401
2 285 111
2 285 171
2 285 254
2 285 340
2 286 152
2 286 155
2 286 299
2 287 9
2 288 17
2 290 294
2 291 116
2 291 414
2 293 354
2 295 83
2 295 236
2 297 167
2 297 329
2 298 162
2 299 84
2 299 139
2 299 224
2 300 99
2 300 131
2 300 236
2 300 237
2 300 369
2 300 384
2 302 107
2 302 116
2 303 206
2 304 142
2 304 241
2 305 12
2 305 175
2 305 370
2 306 71
2 306 166
2 308 94
2 308 212
2 308 325
2 308 370
2 308 374
2 308 390
2 309 6
2 309 21
2 309 219
2 309 327
2 310 80
2 310 220
2 312 68
2 312 242
2 312 249
2 312 300
2 313 142
2 313 365
2 314 19
2 314 120
2 314 405
2 315 300
2 316 8
2 319 76
2 319 129
2 319 352
2 320 267
2 324 93
2 324 139
2 324 213
2 325 214
2 325 310
2 325 376
2 326 311
2 326 355
2 327 167
2 328 46
2 329 332
2 329 379
2 330 140
2 330 152
2 331 59
2 331 382
2 333 71
2 333 341
2 334 31
2 335 0
2 335 269
2 336 191
2 337 116
2 337 242
2 337 394
2 338 29
2 338 216
2 339 16
2 339 186
2 339 331
2 339 402
2 340 20
2 340 217
3 0 93
3 0 332
3 0 384
3 1 322
3 1 440
3 3 0
3 4 221
3 4 381
3 5 57
3 5 174
3 5 400
3 7 231
3 7 303
3 7 307
3 8 57
3 8 186
3 8 258
3 9 122
3 9 278
3 9 401
3 10 0
3 10 178
3 10 320
3 10 352
3 10 450
3 11 53
3 11 479
3 12 33
3 12 177
3 12 394
3 12 406
3 13 195
3 14 175
3 15 48
3 15 56
3 15 92
3 17 271
3 18 42
3 18 337
3 18 341
3 19 73
3 19 89
3 19 234
3 19 354
3 19 395
3 20 115
3 20 166
3 21 118
3 21 235
3 21 317
3 23 221
3 24 265
3 25 96
3 25 305
3 25 375
3 26 5
3 26 199
3 26 371
3 27 15
3 27 307
3 28 292
3 30 171
3 30 384
3 31 30
3 31 359
3 32 309
3 34 111
3 34 126
3 35 75
3 35 148
3 36 51
3 36 69
3 36 200
3 36 442
3 37 9
3 37 462
3 38 237
3 38 445
3 39 99
3 39 192
3 39 358
3 40 357
3 41 233
3 43 59
3 43 165
3 44 101
3 44 195
3 45 107
3 45 119
3 45 146
3 46 34
3 46 69
3 46 144
3 46 199
3 46 422
3 46 439
3 47 94
3 48 335
3 49 15
3 49 383
3 50 78
3 50 457
3 51 49
3 51 381
3 52 11
3 52 70
3 53 19
3 53 124
3 53 251
3 53 428
3 53 449
3 54 327
3 55 239
3 56 72
3 56 130
3 56 169
3 57 299
3 58 43
3 58 90
3 58 172
3 58 480
3 59 120
3 59 186
3 59 389
3 60 52
3 61 7
3 61 17
3 62 301
3 62 436
3 64 465
3 65 215
3 65 304
3 66 19
3 66 203
3 67 65
3 67 386
3 69 244
3 69 337
3 69 371
3 70 129
3 70 370
3 71 126
3 71 227
3 71 306
3 71 474
3 72 73
3 72 161
3 74 33
3 74 85
3 74 123
3 74 350
3 75 323
3 76 432
3 77 22
3 77 247
3 77 456
3 78 22
3 78 65
3 79 79
3 80 17
3 80 128
3 80 145
3 80 448
3 81 22
3 81 173
3 81 385
3 82 53
3 83 309
3 84 54
3 84 304
3 84 357
3 84 359
3 85 151
3 87 192
3 87 474
3 88 68
3 88 113
3 88 392
3 89 83
3 89 466
3 90 156
3 90 194
3 90 205
3 90 213
3 90 381
3 90 475
3 91 204
3 92 210
3 92 376
3 93 49
3 93 92
3 93 408
3 95 290
3 95 300
3 96 87
3 97 75
3 97 165
3 97 365
3 97 415
3 97 467
3 98 19
3 98 148
3 98 178
3 98 269
3 98 318
3 100 13
3 100 417
3 100 438
3 101 230
3 101 458
3 102 177
3 102 416
3 103 73
3 103 170
3 103 282
3 104 212
3 104 269
3 105 81
3 106 58
3 106 290
3 106 317
3 106 432
3 107 324
3 108 273
3 108 460
3 109 448
3 110 118
3 110 137
3 110 315
3 110 375
3 110 460
3 111 78
3 111 107
3 111 124
3 111 174
3 111 198
3 111 401
3 112 441
3 113 127
3 113 470
3 114 384
3 114 422
3 114 466
3 116 36
3 116 110
3 116 203
3 118 110
3 118 328
3 118 483
3 119 183
3 120 40
3 120 440
3 122 269
3 122 292
3 123 265
3 124 42
3 124 152
3 124 342
3 124 350
3 125 27
3 125 160
3 125 227
3 125 233
3 125 328
3 126 99
3 126 173
3 126 376
3 127 16
3 127 189
3 129 112
3 129 240
3 129 342
3 130 211
3 131 34
3 132 65
3 132 144
3 132 410
3 132 485
3 133 284
3 133 367
3 134 56
3 134 138
3 135 53
3 135 159
3 135 485
3 136 156
3 137 280
3 138 12
3 138 104
3 138 255
3 138 278
3 138 374
3 138 402
3 138 408
3 139 35
3 140 150
3 140 290
3 140 327
3 140 485
3 141 7
3 141 79
3 141 243
3 141 353
3 143 105
3 143 216
3 143 271
3 144 71
3 144 117
3 144 250
3 145 47
3 146 168
3 146 252
3 146 359
3 146 397
3 146 408
3 147 350
3 147 368
3 148 122
3 148 142
3 148 276
3 148 357
3 149 247
3 149 367
3 149 458
3 151 37
3 151 150
3 151 231
3 151 314
3 152 9
3 152 126
3 152 270
3 152 285
3 152 347
3 153 58
3 153 303
3 154 85
3 154 123
3 155 228
3 155 240
3 155 288
3 155 403
3 155 446
3 156 115
3 156 117
3 156 149
3 156 227
3 156 253
3 157 184
3 158 175
3 158 191
3 158 200
3 159 255
3 159 288
3 159 297
3 160 27
3 160 42
3 160 246
3 161 29
3 161 160
3 161 240
3 161 355
3 161 461
3 162 145
3 162 230
3 162 346
3 163 3
3 163 13
3 163 412
3 164 229
3 164 473
3 165 5
3 165 44
3 166 21
3 166 377
3 167 21
3 167 454
3 168 44
3 168 137
3 168 153
3 168 247
3 168 275
3 168 285
3 169 243
3 170 308
3 170 401
3 171 109
3 172 0
3 172 28
3 172 58
3 172 272
3 172 404
3 174 316
3 174 335
3 174 487
3 175 258
3 175 428
3 175 430
3 175 481
3 176 115
3 176 144
3 176 161
3 176 332
3 176 348
3 176 360
3 176 391
3 177 491
3 178 118
3 178 147
3 179 27
3 179 378
3 180 214
3 181 334
3 181 391
3 181 451
3 182 17
3 182 96
3 183 198
3 183 321
3 185 260
3 186 20
3 187 111
3 189 379
3 189 485
3 190 0
3 190 421
3 192 473
3 193 244
3 194 328
3 195 36
3 195 251
3 196 196
3 196 347
3 196 375
3 197 53
3 197 266
3 197 453
3 198 15
3 198 121
3 198 470
3 199 5
3 199 39
3 199 287
3 199 339
3 199 432
3 200 462
3 201 80
3 201 224
3 203 64
3 203 292
3 203 387
3 204 160
3 205 72
3 205 161
3 205 376
3 207 22
3 207 407
3 209 25
3 209 131
3 209 154
3 209 176
3 209 278
3 209 458
3 210 142
3 210 210
3 210 398
3 210 399
3 211 103
3 211 485
3 212 326
3 212 469
3 213 143
3 214 373
3 214 443
3 215 167
3 215 323
3 215 353
3 215 369
3 215 411
3 215 461
3 216 46
3 216 129
3 216 422
3 217 90
3 217 125
3 217 251
3 217 380
3 218 265
3 220 47
3 220 161
3 220 164
3 220 190
3 221 64
3 221 430
3 222 137
3 222 279
3 222 446
3 223 74
3 224 379
3 225 399
3 226 100
3 226 243
3 226 470
3 227 140
3 228 87
3 228 423
3 229 98
3 230 86
3 230 191
3 230 314
3 231 338
3 231 428
3 232 16
3 232 17
3 232 96
3 232 184
3 233 57
3 233 474
3 234 77
3 235 68
3 235 296
3 235 423
3 236 43
3 237 284
3 237 482
3 238 358
3 239 455
3 240 138
3 241 95
3 241 164
3 242 341
3 242 439
3 243 55
3 243 360
3 244 131
3 244 134
3 245 126
3 245 146
3 245 179
3 245 185
3 246 179
3 246 245
3 246 409
3 246 434
3 246 444
3 247 54
3 247 63
3 247 249
3 247 360
3 247 361
3 249 186
3 249 213
3 249 346
3 249 405
3 249 436
3 250 110
3 250 136
3 250 246
3 250 386
3 251 117
3 251 134
3 252 88
3 252 367
3 253 282
3 253 402
3 254 294
3 255 34
3 255 228
3 255 376
3 255 417
3 256 401
3 257 7
3 257 66
3 257 187
3 257 196
3 257 372
3 258 95
3 258 294
3 259 88
3 259 273
3 259 480
3 260 443
3 260 457
3 261 229
3 261 482
3 262 212
3 262 386
3 264 14
3 264 236
3 265 114
3 265 119
3 265 165
3 265 217
3 266 303
3 266 388
3 267 92
3 267 200
3 267 392
3 269 41
3 269 74
3 269 313
3 269 353
3 270 35
3 270 56
3 270 168
3 270 365
3 272 75
3 272 135
3 273 43
3 273 145
3 273 185
3 273 379
3 274 6
3 275 57
3 275 154
3 277 285
3 277 352
3 278 13
3 278 401
3 279 11
3 279 382
3 280 142
3 281 335
3 282 226
3 282 303
3 284 132
3 285 204
3 285 225
3 285 237
3 285 351
3 286 76
3 287 143
3 288 122
3 288 459
3 289 117
3 289 133
3 289 381
3 290 37
3 290 449
3 291 201
3 291 222
3 291 243
3 292 68
3 292 127
3 292 330
3 293 103
3 293 182
3 294 254
3 294 306
3 294 351
3 295 196
3 296 151
3 297 216
3 297 218
3 298 186
3 298 469
3 299 229
3 300 81
3 300 90
3 300 210
3 302 146
3 302 176
3 302 263
3 303 141
3 304 144
3 304 238
3 304 298
3 304 358
3 304 389
3 304 407
3 305 286
3 305 300
3 306 367
3 306 426
3 306 473
3 307 33
3 307 382
3 309 351
3 310 112
3 310 133
3 310 224
3 311 85
3 311 346
3 313 474
3 315 223
3 315 285
3 315 401
3 315 442
3 316 241
3 316 254
3 316 417
3 316 427
3 317 50
3 317 234
3 317 236
3 317 354
3 318 256
3 318 360
3 318 482
3 319 391
3 319 484
3 320 248
3 320 434
3 322 257
3 322 303
3 323 384
3 323 395
3 323 413
3 324 180
3 324 219
3 324 250
3 324 398
3 325 130
3 325 226
3 325 342
3 327 227
3 327 309
3 327 364
3 328 5
3 328 330
3 330 21
3 330 101
3 330 123
3 330 353
3 330 400
3 331 251
3 331 284
3 331 408
3 332 122
3 332 180
3 334 433
3 335 117
3 335 297
3 335 465
3 336 240
3 336 440
3 337 65
3 337 374
3 337 419
3 338 346
3 338 398
3 338 449
3 339 154
3 339 239
3 339 363
3 340 449
3 341 363
3 341 491
3 342 49
3 342 402
3 342 466
3 343 71
3 343 399
3 345 42
3 345 78
3 345 262
3 345 344
3 345 442
3 346 94
3 346 268
3 346 428
3 346 480
3 347 61
3 347 71
3 347 110
3 347 159
3 347 257
3 347 410
3 348 222
3 348 235
3 348 274
3 348 313
3 349 13
3 349 21
3 349 96
3 349 251
3 349 330
3 350 325
3 350 331
3 351 123
3 351 329
3 352 167
3 352 229
3 353 45
3 353 148
3 353 301
3 354 364
3 354 428
3 355 349
3 355 446
3 356 84
3 356 109
3 356 183
3 357 255
3 358 182
3 359 341
3 360 84
3 360 104
3 360 109
3 360 252
3 361 21
3 361 275
3 361 367
3 362 147
3 362 182
3 362 187
3 362 400
3 362 452
3 363 87
3 364 199
3 365 144
3 366 129
3 366 134
3 366 239
3 366 376
3 366 389
3 367 128
3 368 490
3 369 205
3 370 279
3 370 370
3 370 435
3 371 119
3 371 207
3 372 89
3 373 35
3 373 128
3 373 426
3 373 474
3 374 64
3 375 363
3 377 18
3 377 282
3 378 42
3 378 407
3 379 47
3 380 62
3 380 263
3 381 5
3 381 215
3 383 13
3 383 209
3 383 247
3 383 379
3 383 477
3 384 426
3 385 40
3 385 73
3 385 187
3 385 375
3 386 151
3 386 167
3 388 0
3 388 114
3 388 129
3 389 45
3 389 59
3 389 101
3 389 436
3 390 304
3 390 319
3 391 446
3 392 31
3 392 222
3 392 262
3 394 29
3 394 102
3 394 426
3 395 28
3 395 162
3 395 359
3 395 371
3 395 469
3 396 177
3 396 222
3 396 244
3 396 432
3 397 30
3 397 473
3 398 32
3 398 57
3 398 167
3 398 208
3 399 415
3 399 435
3 400 201
3 400 341
3 401 304
3 402 83
3 402 123
3 402 173
3 402 426
3 404 29
3 404 84
3 405 124
3 405 186
3 405 457
3 406 116
3 406 182
3 407 142
3 407 197
3 408 129
3 408 332
3 409 30
3 410 46
3 410 130
3 410 358
3 410 407
3 411 36
3 411 194
3 411 419
3 412 180
3 412 197
3 413 60
3 413 339
3 413 344
3 414 14
3 414 108
3 414 197
3 414 321
3 414 403
3 415 344
3 415 411