1447
5
380 340 361 410 397
2500

0 962 243 0 0 258 0 207 0 820 346 969 748 0 0 0 616 423 0 214 0 291 0 424 988 0 0 16 677 621 228 0 70 724 886 0 547 566 0 0 0 658 283 0 0 0 270 338 131 6 0 0 0 0 802 449 0 0 0 0 513 0 0 935 0 0 0 88 210 0 101 0 55 0 462 995 535 0 943 0 0 0 807 39 0 989 262 625 0 0 0 768 0 0 0 0 0 0 42 10 38 0 47 0 0 54 0 0 21 0 3 67 0 33 0 71 24 65 99 0 0 0 7 0 79 40 75 0 0 98 34 0 80 97 0 19 0 0 0 0 0 0 0 7 0 41 0 0 34 0 75 53 44 81 43 39 0 39 0 74 49 14 0 0 30 15 79 75 0 8 57 0 0 36 2 29 0 0 0 0 26 0 75 0 96 0 90 0 0 0 66 0 0 0 0 4 41 0 0 90 0 0 11 99 37 41 8 0 66 0 2 0 54 57 5 0 0 0 0 0 34 0 0 0 0 7 0 0 42 89 0 99 4 0 0 15 0 0 0 54 0 88 50 0 23 6 0 0 52 37 0 28 63 8 0 0 0 82 18 31 0 61 78 0 84 0 88 34 0 0 0 65 0 79 0 68 0 0 0 0 76 0 0 0 0 84 0 41 8 0 80 0 24 30 0 0 0 67 15 88 86 0 0 0 81 0 0 30 93 19 0 20 0 70 0 0 0 0 47 44 0 0 68 0 0 80 56 48 0 46 45 61 0 0 59 0 99 52 44 8 0 84 92 36 58 0 0 57 0 0 91 55 0 99 9 0 82 0 62 56 0 84 0 80 0 64 0 0 0 53 0 34 0 90 8 0 67 19 24 0
0 907 368 280 575 0 243 96 0 937 0 0 255 0 896 0 8 0 984 0 117 0 925 0 940 0 129 0 580 985 8 939 0 0 0 221 0 0 67 16 774 0 0 439 879 0 0 385 826 0 0 0 0 449 0 92 0 292 0 937 607 0 0 853 0 199 0 0 534 741 718 0 0 937 0 0 585 0 0 947 872 0 770 191 0 0 0 95 88 0 11 79 0 0 0 0 79 100 0 0 0 0 48 0 50 71 20 98 0 0 5 0 90 95 0 28 0 0 0 0 0 0 0 55 0 79 41 33 0 0 0 0 72 15 73 0 0 0 73 46 0 17 0 87 30 0 0 96 79 0 18 0 15 83 0 6 0 23 0 0 100 0 0 0 54 0 0 18 29 0 49 89 0 0 0 0 78 0 72 0 0 59 0 0 79 25 24 0 23 0 64 0 63 0 26 0 18 0 87 5 0 43 0 0 0 46 0 36 51 0 40 85 0 95 41 0 0 0 70 35 0 0 0 0 45 21 69 0 0 0 0 66 86 17 0 84 0 63 87 77 0 0 0 0 0 42 0 17 54 47 66 58 23 29 53 92 0 18 0 93 0 1 34 0 17 0 0 0 66 0 2 0 0 18 29 4 11 0 26 11 15 33 0 0 58 64 0 0 93 85 26 0 80 21 0 29 0 0 42 98 55 0 0 0 0 14 0 0 22 0 0 92 0 0 0 0 80 0 0 50 31 24 99 59 49 21 41 0 0 58 0 0 0 72 0 0 0 0 33 0
0 352 0 0 0 299 243 0 266 0 242 0 0 678 0 322 0 0 325 0 262 0 672 0 31 170 113 0 79 0 0 0 592 0 0 874 0 0 655 0 921 830 0 166 231 663 0 0 0 583 33 0 0 766 0 0 783 0 0 606 238 439 39 563 180 481 792 57 0 0 16 52 552 724 0 0 821 592 0 0 0 728 0 200 0 741 0 652 427 0 431 15 0 0 85 0 99 0 26 0 0 0 0 0 13 62 0 0 0 0 62 8 76 53 28 38 0 0 0 0 0 6 61 83 62 26 0 0 95 1 46 0 76 0 27 0 18 0 28 63 64 45 28 0 0 0 0 89 46 0 95 22 9 16 91 97 58 0 31 0 0 15 17 0 0 0 0 0 38 52 0 84 0 0 62 0 0 0 0 84 44 50 0 28 0 0 0 0 39 98 0 0 73 51 0 5 0 0 0 0 0 0 0 92 0 0 0 0 84 0 8 45 5 41 0 0 0 17 76 0 72 0 32 0 26 63 78 83 0 0 0 64 0 43 0 26 0 0 26 45 0 8 75 0 0 66 28 29 0 0 0 52 93 0 38 79 62 67 60 0 41 60 0 0 38 15 100 0 63 56 0 0 70 98 1 20 51 41 0 72 0 45 0 0 0 0 42 31 0 100 0 30 60 0 12 0 30 0 0 0 0 0 0 0 22 0 53 0 27 31 0 13 0 0 89 0 0 0 60 22 0 83 0 0 0 31 34 91 0 0 33 0 31 76 0 0 52 0 9 0 0 57 55 0 0 27 82 0 94 0 0 49 13 73 10 0 70 0 0 0 0
0 0 324 282 438 0 310 0 145 0 0 628 0 0 332 0 412 201 0 62 0 925 0 182 297 0 775 166 965 342 339 363 889 0 224 0 0 445 77 0 388 799 0 0 0 120 419 327 828 0 0 0 0 0 762 863 124 517 981 0 480 39 817 213 124 239 0 0 0 136 410 306 725 0 0 242 926 904 0 226 207 854 807 0 620 0 373 824 0 0 115 967 0 0 708 45 180 0 0 310 0 892 0 86 0 0 71 49 0 3 0 77 0 0 0 71 45 35 62 21 85 2 0 48 0 0 0 0 0 63 77 46 66 96 72 0 0 0 0 0 0 21 52 22 0 0 53 5 45 64 80 0 37 0 13 0 0 0 0 0 64 20 12 0 0 2 0 0 31 14 25 21 0 0 0 55 4 100 19 0 19 51 64 0 71 0 0 0 0 0 0 0 21 0 26 16 0 4 0 0 29 0 0 47 0 0 0 46 0 4 0 60 39 41 21 0 0 0 19 0 0 59 90 70 65 31 0 0 0 0 0 87 9 0 0 29 0 98 14 54 0 0 0 0 32 13 0 0 18 0 82 0 0 93 76 0 0 39 0 0 95 42 0 0 0 0 11 0 6 3 0 14 78 0 42 41 46 0 0 60 0 0 38 0 0 0 98 0 0 52 0 11 83 0 0 0 0 87 42 0 13 0 52 0 0 0 0 62 0 50 0 0 72 0 0 43 41 66 53 0 64 0 0 21 8 0 0 44 98 52 88 0 0 0 88 93 92 91 55 7 49 39 0 0 0 0 73 0 0 0 0 3 60 8 68 39 0 0 0 60 49 41 40 35 38 35 13 61 48 0 60 86 0 8 0 0 0 0 13 54 0 86 1 1 70 0 0 69 80 64 43 0 0 37 0 0 0 0 0 0 77 0 77 0 31 78 0 41 16 4
535 510 0 971 547 0 706 100 513 870 903 54 0 0 532 982 29 0 0 164 0 858 0 829 152 0 268 0 0 0 0 696 742 0 0 0 0 0 0 268 766 932 69 0 0 0 426 0 399 0 0 0 0 0 566 985 0 57 711 815 0 0 0 795 0 0 306 931 0 0 0 572 830 0 0 0 656 823 967 434 276 403 0 0 859 338 0 979 373 0 74 0 222 924 0 803 0 0 542 0 47 0 0 0 0 0 38 0 95 0 0 69 0 0 0 0 0 7 66 27 0 90 0 0 35 0 0 90 72 0 0 51 0 94 77 0 0 63 14 0 0 0 33 0 38 62 0 0 38 9 88 0 0 0 0 95 0 0 27 21 0 0 93 0 0 0 0 81 100 0 43 27 99 30 0 75 0 47 0 0 43 0 0 41 96 12 61 54 0 0 0 97 0 0 0 0 32 0 21 37 0 35 0 0 0 41 6 0 59 0 0 0 70 39 16 0 0 8 0 63 0 24 79 41 0 0 0 0 34 0 49 0 0 0 23 0 0 46 13 0 0 0 31 0 33 0 71 0 91 0 0 20 68 0 20 0 0 76 0 0 0 40 54 20 89 2 48 22 0 40 0 0 91 0 75 44 0 0 0 0 0 17 66 0 17 50 0 0 0 0 89 0 50 22 25 0 0 65 0 0 74 80 0 0 98 0 0 87 0 40 0 62 71 0 50 39 0 0 76 13 0 0 0 73 0 47 0 61 65 0 44 0 0 73 17 0 9 95 78 54 0 91 25 26 0 0 0 0 29 0 81 67 52 96 5 0 0 14 0 95 14 78 52 0 0 0 65 92 80 0 82 42 43 60 0 0 89 47 0 0 13 30 0 0 0 64 0 21 0 0 25 0 22 51 0 0 54

0 1 125
0 2 112
0 3 72
0 4 48
0 4 286
0 7 43
0 8 236
0 8 246
0 9 94
0 9 245
0 10 120
0 10 175
0 11 115
0 12 242
0 14 55
0 14 105
0 15 147
0 16 36
0 16 59
0 16 139
0 18 136
0 18 300
0 19 137
0 19 149
0 21 98
0 21 99
0 21 117
0 21 159
0 21 213
0 22 314
0 24 5
0 24 114
0 24 126
0 24 156
0 24 312
0 25 65
0 25 120
0 26 98
0 26 296
0 29 82
0 30 100
0 30 257
0 31 209
0 31 218
0 32 24
0 32 50
0 32 68
0 33 262
0 35 204
0 36 21
0 36 261
0 37 116
0 37 257
0 38 6
0 38 75
0 38 128
0 39 170
0 42 9
0 42 46
0 43 113
0 44 183
0 45 101
0 45 338
0 46 113
0 48 131
0 49 108
0 49 150
0 49 233
0 50 47
0 50 144
0 50 239
0 51 19
0 51 239
0 51 319
0 52 289
0 53 157
0 54 253
0 54 275
0 55 312
0 56 85
0 56 276
0 58 253
0 58 266
0 58 308
0 58 339
0 59 231
0 59 245
0 60 203
0 61 153
0 61 306
0 63 192
0 63 210
0 64 153
0 64 241
0 64 248
0 65 301
0 66 167
0 67 76
0 68 328
0 71 331
0 73 58
0 73 123
0 73 167
0 73 235
0 73 270
0 75 239
0 75 322
0 77 37
0 77 262
0 79 13
0 79 293
0 80 313
0 81 124
0 81 163
0 81 193
0 81 303
0 82 56
0 83 189
0 84 8
0 85 62
0 85 293
0 86 90
0 86 260
0 87 83
0 87 258
0 87 310
0 89 22
0 89 102
0 90 17
0 90 73
0 90 76
0 90 266
0 93 25
0 93 266
0 94 220
0 95 51
0 95 304
0 97 82
0 97 194
0 98 266
0 99 53
0 99 208
0 100 74
0 100 272
0 101 191
0 101 193
0 101 279
0 102 268
0 103 5
0 103 282
0 105 91
0 105 114
0 106 221
0 106 287
0 107 178
0 108 207
0 109 220
0 109 324
0 110 39
0 110 52
0 110 90
0 111 56
0 111 115
0 111 221
0 112 80
0 112 128
0 112 136
0 112 259
0 113 149
0 113 283
0 114 229
0 116 4
0 116 307
0 116 315
0 117 58
0 118 102
0 119 225
0 120 265
0 120 330
0 121 203
0 122 91
0 122 201
0 122 216
0 123 263
0 124 126
0 124 211
0 127 138
0 129 2
0 129 26
0 129 81
0 129 287
0 130 26
0 131 145
0 131 318
0 132 54
0 132 146
0 132 332
0 134 58
0 134 233
0 134 310
0 135 214
0 137 314
0 138 176
0 138 181
0 139 137
0 140 76
0 140 313
0 141 103
0 141 108
0 142 166
0 143 151
0 145 143
0 147 100
0 148 154
0 149 9
0 149 315
0 150 108
0 151 78
0 152 283
0 155 280
0 155 307
0 156 186
0 156 203
0 157 164
0 157 272
0 157 318
0 158 268
0 159 78
0 159 94
0 159 274
0 160 9
0 160 152
0 160 333
0 162 252
0 164 6
0 164 33
0 165 229
0 166 192
0 167 281
0 168 27
0 168 123
0 169 95
0 170 120
0 170 317
0 171 250
0 172 197
0 173 226
0 174 315
0 175 139
0 176 199
0 176 228
0 178 181
0 179 70
0 179 180
0 179 325
0 180 174
0 180 230
0 181 44
0 181 139
0 181 261
0 181 284
0 183 88
0 183 275
0 184 151
0 184 204
0 185 56
0 185 129
0 186 15
0 187 296
0 188 94
0 188 229
0 188 306
0 189 98
0 189 265
0 189 332
0 190 64
0 190 204
0 191 70
0 191 181
0 191 211
0 192 23
0 192 182
0 193 28
0 193 35
0 193 78
0 194 15
0 194 167
0 194 210
0 195 1
0 195 290
0 199 312
0 200 242
0 201 4
0 202 35
0 202 55
0 202 140
0 202 284
0 203 201
0 204 151
0 205 25
0 205 280
0 206 208
0 207 111
0 208 69
0 208 130
0 208 297
0 210 186
0 210 252
0 211 136
0 211 197
0 212 49
0 212 210
0 212 240
0 213 157
0 214 174
0 214 207
0 214 224
0 217 20
0 217 55
0 217 189
0 218 69
0 219 42
0 219 102
0 219 156
0 220 64
0 220 302
0 220 330
0 223 309
0 224 56
0 225 97
0 225 191
0 225 276
0 227 14
0 228 18
0 228 188
0 229 160
0 229 215
0 229 312
0 229 325
0 230 21
0 230 232
0 230 289
0 231 106
0 231 192
0 231 256
0 233 309
0 234 326
0 237 119
0 237 300
0 238 172
0 239 106
0 239 256
0 240 22
0 240 158
0 241 3
0 241 242
0 243 42
0 243 109
0 243 254
0 244 156
0 244 243
0 245 34
0 245 184
0 246 181
0 247 126
0 247 271
0 248 110
0 249 52
0 249 248
0 252 1
0 252 195
0 252 322
0 253 105
0 255 214
0 256 93
0 257 147
0 257 153
0 259 53
0 259 191
0 261 60
0 261 73
0 262 304
0 263 46
0 265 59
0 265 320
0 266 102
0 266 106
0 267 42
0 268 108
0 268 164
0 269 142
0 269 167
0 270 90
0 271 47
0 271 166
0 272 31
0 272 84
0 272 123
0 273 313
0 274 246
0 275 218
0 275 330
0 276 195
0 276 213
0 277 126
0 278 99
0 280 40
0 280 101
0 282 110
0 282 242
0 282 338
0 283 0
0 283 150
0 284 334
0 285 167
0 285 264
0 286 207
0 287 3
0 287 206
0 287 238
0 288 106
0 288 113
0 289 44
0 289 97
0 289 112
0 290 0
0 290 244
0 291 322
0 292 15
0 292 88
0 292 244
0 293 80
0 293 165
0 293 182
0 294 105
0 294 143
0 294 264
0 296 159
0 296 215
0 297 101
0 297 208
0 297 223
0 298 61
0 298 104
0 298 182
0 298 239
0 298 299
0 298 302
0 299 163
0 299 205
0 300 206
0 300 240
0 301 107
0 301 200
0 302 99
0 303 193
0 303 331
0 305 151
0 306 226
0 306 254
0 307 141
0 307 168
0 308 101
0 308 155
0 308 320
0 309 0
0 309 18
0 310 57
0 310 167
0 312 9
0 313 4
0 313 186
0 314 161
0 314 251
0 314 334
0 315 295
0 316 89
0 316 114
0 316 128
0 317 134
0 317 174
0 318 52
0 318 179
0 318 259
0 318 316
0 319 194
0 320 14
0 321 104
0 322 217
0 323 78
0 323 225
0 324 84
0 324 85
0 325 24
0 325 51
0 326 29
0 326 66
0 327 40
0 327 58
0 328 172
0 328 211
0 330 97
0 331 18
0 331 230
0 331 287
0 331 331
0 332 29
0 332 150
0 332 298
0 333 192
0 333 206
0 333 293
0 334 169
0 334 232
0 334 291
0 334 297
0 335 31
0 335 135
0 335 136
0 335 249
0 336 63
0 336 119
0 336 196
0 336 227
0 337 250
0 337 255
0 337 295
0 339 96
0 341 139
0 342 61
0 342 63
0 343 190
0 344 43
0 344 336
0 345 47
0 345 222
0 346 246
0 347 261
0 347 328
0 348 6
0 348 240
0 350 4
0 350 124
0 351 16
0 352 205
0 352 335
0 353 16
0 353 41
0 353 307
0 355 40
0 356 77
0 356 106
0 357 77
0 357 146
0 358 228
0 362 242
0 363 190
0 363 333
0 364 72
0 364 79
0 364 135
0 364 216
0 364 293
0 365 134
0 365 135
0 365 199
0 365 332
0 366 90
0 367 210
0 370 211
0 371 84
0 371 133
0 371 309
0 372 228
0 373 147
0 374 29
0 374 116
0 374 171
0 375 165
0 375 238
0 377 207
0 377 237
0 377 338
0 379 72
0 379 139
0 379 314
0 379 329
1 0 115
1 2 14
1 2 29
1 3 151
1 4 28
1 7 104
1 7 282
1 8 14
1 8 255
1 9 323
1 9 338
1 10 83
1 10 88
1 10 229
1 11 10
1 11 251
1 13 66
1 13 202
1 14 135
1 14 284
1 15 12
1 15 267
1 15 284
1 16 23
1 17 13
1 17 49
1 17 100
1 17 272
1 18 32
1 18 183
1 18 257
1 18 312
1 18 359
1 19 67
1 20 0
1 21 75
1 23 211
1 24 186
1 25 150
1 25 283
1 27 124
1 28 337
1 29 90
1 30 133
1 31 77
1 31 229
1 31 248
1 31 297
1 33 339
1 34 51
1 35 26
1 35 116
1 36 244
1 36 261
1 36 295
1 37 102
1 37 282
1 39 161
1 39 343
1 43 180
1 43 183
1 43 343
1 44 58
1 44 105
1 44 173
1 45 222
1 46 219
1 46 260
1 47 312
1 48 17
1 48 110
1 48 191
1 48 268
1 49 182
1 49 276
1 50 154
1 50 201
1 50 245
1 50 331
1 51 81
1 51 175
1 51 252
1 51 274
1 51 328
1 52 124
1 52 149
1 52 192
1 52 359
1 54 37
1 54 308
1 55 51
1 55 141
1 57 107
1 57 173
1 57 327
1 57 346
1 58 105
1 58 307
1 59 95
1 59 184
1 60 147
1 60 226
1 60 237
1 61 3
1 61 73
1 61 291
1 62 151
1 62 306
1 62 350
1 63 167
1 63 236
1 63 334
1 63 336
1 66 17
1 66 33
1 67 12
1 67 20
1 67 208
1 67 235
1 67 327
1 67 353
1 68 313
1 71 230
1 71 294
1 71 342
1 72 114
1 72 335
1 73 163
1 73 217
1 73 281
1 75 170
1 76 215
1 76 352
1 77 19
1 78 73
1 79 313
1 80 322
1 81 118
1 83 255
1 84 40
1 84 120
1 84 154
1 85 150
1 86 52
1 86 74
1 86 86
1 86 242
1 86 256
1 88 4
1 88 235
1 88 257
1 88 348
1 89 143
1 89 307
1 91 136
1 91 199
1 91 272
1 91 286
1 91 293
1 92 286
1 93 77
1 93 337
1 95 159
1 97 198
1 98 168
1 98 174
1 98 328
1 100 29
1 100 52
1 100 218
1 101 110
1 101 208
1 103 16
1 104 223
1 106 124
1 107 73
1 107 217
1 107 334
1 108 72
1 108 293
1 109 9
1 109 54
1 109 115
1 112 71
1 112 141
1 113 88
1 113 329
1 114 142
1 114 341
1 116 303
1 117 211
1 117 238
1 118 126
1 118 259
1 118 350
1 119 287
1 119 304
1 121 90
1 122 207
1 123 39
1 123 96
1 123 264
1 124 105
1 124 121
1 124 241
1 125 41
1 125 298
1 126 30
1 128 57
1 128 86
1 128 145
1 129 100
1 129 111
1 130 307
1 131 156
1 131 179
1 131 287
1 132 167
1 132 213
1 133 186
1 134 218
1 136 317
1 137 74
1 137 290
1 138 344
1 139 170
1 139 249
1 140 354
1 143 117
1 143 259
1 143 333
1 144 193
1 145 154
1 145 189
1 145 323
1 146 11
1 146 61
1 146 313
1 146 332
1 147 147
1 147 227
1 148 36
1 148 221
1 148 239
1 149 31
1 150 267
1 150 298
1 152 162
1 152 264
1 152 313
1 153 83
1 154 178
1 154 264
1 156 11
1 157 57
1 158 8
1 158 203
1 159 127
1 159 148
1 159 181
1 159 185
1 159 277
1 159 278
1 160 91
1 161 37
1 161 279
1 162 4
1 162 245
1 163 283
1 163 308
1 163 356
1 164 327
1 165 126
1 168 3
1 168 166
1 170 55
1 170 86
1 170 343
1 171 247
1 172 91
1 172 132
1 173 262
1 174 72
1 174 315
1 174 336
1 175 257
1 176 234
1 177 7
1 177 250
1 178 217
1 178 279
1 179 116
1 179 250
1 179 269
1 179 341
1 180 78
1 181 69
1 181 268
1 182 35
1 182 299
1 182 313
1 183 204
1 183 207
1 184 28
1 186 34
1 186 118
1 186 334
1 187 172
1 188 11
1 188 111
1 188 154
1 188 336
1 189 42
1 190 242
1 190 335
1 191 260
1 191 345
1 192 123
1 193 249
1 194 85
1 195 67
1 195 118
1 196 122
1 197 148
1 198 168
1 199 170
1 200 154
1 200 311
1 200 359
1 201 34
1 201 64
1 202 1
1 202 25
1 202 228
1 203 210
1 203 274
1 203 334
1 204 198
1 205 107
1 206 224
1 207 150
1 208 85
1 208 330
1 209 184
1 209 228
1 211 64
1 211 313
1 212 49
1 213 19
1 213 25
1 213 80
1 213 226
1 214 7
1 214 118
1 214 163
1 214 179
1 215 90
1 215 312
1 216 78
1 216 184
1 216 278
1 216 291
1 217 240
1 218 89
1 219 86
1 219 305
1 221 272
1 222 95
1 222 248
1 222 267
1 223 155
1 223 257
1 224 23
1 226 19
1 230 349
1 231 12
1 232 330
1 233 122
1 233 231
1 233 243
1 234 301
1 234 310
1 235 121
1 236 20
1 236 72
1 236 123
1 236 251
1 236 321
1 237 215
1 239 10
1 239 24
1 239 102
1 239 114
1 239 122
1 239 159
1 239 272
1 239 335
1 240 327
1 240 341
1 241 287
1 242 73
1 242 196
1 243 53
1 243 313
1 244 29
1 245 352
1 248 289
1 249 35
1 249 261
1 250 41
1 250 137
1 252 98
1 253 135
1 253 174
1 254 55
1 255 120
1 256 22
1 256 154
1 257 330
1 258 195
1 258 214
1 260 187
1 261 3
1 261 241
1 261 317
1 262 220
1 265 24
1 265 347
1 266 25
1 268 22
1 268 308
1 268 349
1 270 271
1 270 284
1 271 17
1 271 94
1 271 282
1 272 300
1 273 233
1 273 316
1 273 327
1 274 85
1 274 145
1 275 90
1 275 139
1 276 118
1 276 258
1 278 343
1 279 125
1 280 24
1 281 20
1 281 189
1 282 241
1 284 204
1 285 155
1 286 201
1 286 239
1 287 108
1 288 197
1 289 71
1 289 191
1 290 3
1 290 80
1 291 138
1 292 293
1 293 49
1 294 94
1 295 136
1 295 207
1 295 335
1 296 141
1 298 158
1 299 70
1 299 125
1 300 171
1 301 105
1 302 113
1 302 259
1 303 7
1 305 51
1 306 251
1 307 84
1 307 104
1 307 312
1 308 205
1 308 335
1 309 68
1 309 245
1 309 338
1 310 72
1 310 253
1 311 218
1 312 201
1 312 203
1 312 214
1 312 216
1 312 353
1 313 278
1 313 311
1 314 17
1 314 109
1 314 235
1 315 13
1 315 46
1 315 114
1 316 187
1 317 287
1 317 302
1 317 331
1 318 8
1 318 42
1 318 251
1 318 334
1 320 106
1 320 252
1 320 338
1 321 358
1 322 93
1 323 186
1 323 247
1 324 154
1 324 337
1 325 2
1 325 63
1 325 203
1 325 226
1 326 49
1 326 336
1 327 42
1 328 81
1 329 79
1 330 189
1 330 251
1 330 358
1 331 119
1 332 174
1 333 226
1 334 233
1 335 172
1 335 180
1 336 285
1 338 86
1 338 332
1 339 303
2 0 34
2 0 53
2 0 269
2 0 379
2 1 225
2 1 267
2 2 321
2 2 359
2 3 156
2 4 55
2 4 80
2 4 114
2 4 299
2 5 13
2 5 309
2 5 350
2 7 174
2 7 177
2 8 384
2 9 11
2 9 150
2 10 120
2 10 350
2 11 8
2 11 20
2 11 79
2 11 309
2 12 398
2 13 242
2 15 56
2 16 161
2 16 213
2 16 241
2 16 341
2 17 167
2 17 335
2 18 192
2 19 162
2 20 295
2 20 406
2 21 123
2 21 150
2 21 280
2 21 377
2 22 47
2 22 256
2 23 152
2 23 390
2 24 134
2 24 164
2 24 202
2 25 155
2 25 294
2 26 183
2 26 318
2 26 369
2 27 171
2 28 220
2 28 326
2 29 165
2 29 167
2 29 191
2 29 257
2 32 201
2 33 340
2 34 19
2 34 332
2 35 305
2 36 20
2 37 138
2 37 343
2 37 401
2 39 74
2 40 217
2 41 54
2 41 222
2 41 337
2 42 311
2 43 106
2 43 159
2 43 197
2 43 286
2 43 316
2 44 229
2 45 237
2 46 261
2 46 324
2 47 310
2 48 64
2 49 158
2 49 251
2 49 400
2 50 134
2 52 393
2 54 174
2 56 21
2 56 126
2 56 131
2 57 256
2 58 62
2 59 208
2 60 316
2 60 380
2 62 37
2 62 151
2 63 86
2 64 260
2 66 250
2 67 98
2 67 215
2 69 49
2 69 185
2 69 262
2 70 100
2 71 29
2 71 96
2 72 20
2 72 48
2 72 69
2 72 189
2 72 367
2 72 374
2 73 102
2 73 206
2 74 17
2 74 210
2 74 320
2 74 404
2 75 100
2 75 129
2 76 27
2 76 188
2 76 268
2 78 37
2 78 122
2 79 201
2 79 397
2 80 35
2 80 289
2 81 1
2 82 53
2 82 77
2 82 162
2 82 313
2 83 3
2 83 26
2 83 297
2 83 377
2 83 388
2 84 117
2 84 138
2 84 309
2 84 390
2 85 404
2 86 270
2 87 266
2 89 16
2 89 54
2 89 97
2 89 133
2 89 201
2 89 274
2 90 5
2 90 214
2 91 249
2 91 332
2 92 66
2 92 104
2 92 324
2 93 25
2 93 86
2 93 243
2 94 67
2 94 142
2 94 212
2 95 37
2 95 246
2 96 112
2 96 229
2 97 19
2 97 50
2 97 149
2 97 290
2 97 320
2 98 57
2 98 61
2 98 344
2 99 57
2 99 77
2 99 144
2 99 302
2 99 359
2 100 111
2 100 121
2 103 217
2 103 233
2 104 222
2 104 270
2 104 283
2 105 176
2 106 255
2 107 33
2 107 235
2 107 298
2 109 230
2 110 278
2 110 343
2 111 34
2 111 153
2 111 229
2 111 291
2 111 331
2 112 30
2 112 78
2 112 279
2 112 331
2 113 2
2 114 369
2 116 215
2 116 365
2 117 62
2 117 293
2 118 144
2 118 345
2 119 306
2 120 135
2 120 198
2 120 314
2 121 30
2 121 77
2 121 122
2 121 196
2 121 396
2 122 60
2 122 306
2 122 358
2 123 13
2 123 364
2 124 32
2 125 227
2 125 407
2 126 74
2 126 328
2 128 265
2 128 318
2 129 32
2 129 94
2 129 146
2 130 60
2 130 82
2 130 200
2 130 216
2 130 226
2 131 130
2 131 341
2 131 406
2 133 361
2 134 179
2 135 38
2 135 40
2 135 42
2 136 250
2 137 81
2 137 141
2 137 329
2 139 256
2 139 272
2 139 357
2 140 86
2 140 189
2 141 49
2 142 6
2 142 221
2 142 348
2 143 3
2 145 107
2 145 346
2 147 147
2 147 169
2 148 207
2 148 256
2 149 60
2 149 151
2 150 270
2 150 394
2 151 217
2 151 225
2 151 402
2 152 62
2 152 84
2 152 118
2 152 304
2 153 236
2 153 384
2 154 50
2 154 174
2 154 199
2 154 325
2 154 365
2 156 73
2 156 286
2 157 27
2 157 232
2 157 322
2 159 204
2 159 245
2 159 263
2 159 363
2 160 332
2 161 5
2 161 288
2 161 337
2 162 304
2 162 331
2 162 399
2 163 38
2 163 81
2 163 85
2 163 118
2 163 143
2 164 90
2 165 346
2 165 350
2 166 9
2 166 34
2 166 249
2 167 93
2 167 96
2 167 137
2 169 105
2 169 296
2 169 381
2 170 397
2 171 187
2 173 108
2 174 8
2 174 345
2 174 408
2 175 16
2 175 44
2 175 150
2 175 183
2 175 336
2 176 102
2 176 207
2 177 254
2 177 293
2 178 340
2 179 183
2 180 116
2 180 304
2 180 408
2 181 154
2 181 167
2 182 181
2 182 226
2 182 258
2 182 344
2 182 384
2 183 198
2 183 232
2 184 76
2 184 211
2 185 44
2 185 72
2 185 316
2 185 340
2 186 394
2 187 13
2 187 27
2 187 121
2 187 348
2 188 57
2 188 89
2 188 95
2 190 89
2 190 114
2 191 30
2 191 115
2 191 188
2 191 408
2 192 129
2 192 358
2 193 15
2 193 357
2 194 98
2 194 398
2 195 228
2 195 294
2 195 355
2 196 91
2 196 140
2 196 272
2 197 214
2 197 230
2 197 401
2 199 30
2 201 270
2 201 295
2 202 173
2 203 69
2 203 144
2 203 155
2 204 80
2 204 82
2 205 308
2 206 248
2 207 257
2 207 326
2 207 330
2 208 355
2 209 51
2 209 90
2 209 138
2 209 215
2 209 245
2 210 111
2 210 406
2 211 193
2 211 218
2 212 147
2 212 198
2 213 270
2 213 381
2 216 395
2 217 264
2 218 72
2 218 202
2 218 263
2 218 281
2 219 128
2 219 176
2 219 266
2 219 387
2 220 323
2 221 76
2 221 97
2 221 141
2 221 210
2 221 292
2 221 382
2 222 222
2 222 228
2 223 183
2 224 36
2 224 74
2 224 151
2 225 407
2 227 52
2 227 202
2 227 206
2 227 362
2 229 82
2 229 253
2 229 376
2 230 5
2 230 140
2 230 316
2 231 225
2 232 210
2 233 93
2 233 131
2 233 208
2 233 393
2 234 74
2 235 64
2 236 16
2 237 132
2 238 293
2 240 196
2 240 287
2 240 333
2 240 352
2 241 178
2 241 274
2 242 53
2 242 342
2 243 94
2 244 305
2 244 342
2 245 66
2 245 409
2 246 210
2 247 55
2 247 115
2 247 149
2 247 189
2 247 347
2 248 6
2 248 177
2 248 187
2 249 214
2 249 292
2 249 395
2 250 279
2 251 23
2 251 274
2 252 100
2 252 361
2 254 308
2 255 282
2 256 210
2 257 14
2 257 63
2 258 143
2 258 350
2 259 17
2 259 262
2 259 263
2 259 267
2 259 286
2 260 408
2 261 115
2 261 172
2 263 108
2 263 154
2 263 364
2 264 187
2 264 276
2 265 117
2 265 317
2 266 117
2 266 303
2 266 396
2 267 48
2 267 90
2 267 91
2 267 258
2 268 189
2 268 204
2 268 359
2 269 69
2 270 143
2 273 68
2 273 107
2 274 75
2 274 184
2 274 261
2 275 135
2 275 389
2 276 174
2 276 283
2 276 311
2 277 366
2 279 346
2 280 204
2 281 121
2 281 197
2 281 213
2 283 302
2 284 148
2 284 354
2 285 190
2 285 195
2 285 345
2 287 35
2 288 37
2 288 198
2 288 398
2 288 406
2 290 36
2 290 67
2 290 81
2 290 210
2 290 408
2 291 71
2 291 89
2 291 284
2 292 285
2 293 279
2 295 44
2 295 146
2 295 322
2 296 27
2 298 236
2 299 372
2 301 12
2 302 33
2 302 41
2 302 51
2 303 111
2 303 283
2 305 60
2 307 115
2 308 60
2 308 123
2 309 45
2 309 212
2 310 210
2 311 190
2 311 339
2 311 378
2 313 63
2 313 180
2 313 219
2 313 361
2 314 160
2 314 221
2 315 296
2 318 131
2 318 149
2 318 164
2 318 381
2 320 3
2 320 235
2 320 296
2 321 157
2 321 253
2 322 229
2 323 243
2 323 258
2 323 318
2 323 340
2 324 31
2 324 88
2 324 321
2 325 123
2 326 21
2 326 294
2 328 329
2 329 215
2 329 320
2 329 365
2 330 383
2 331 1
2 331 93
2 331 364
2 332 209
2 332 225
2 332 295
2 332 318
2 334 78
2 335 295
2 336 22
2 337 16
2 337 45
2 337 203
2 337 247
2 337 319
2 337 352
2 338 152
2 338 235
2 339 185
2 339 255
2 339 323
2 341 180
2 342 12
2 342 295
2 343 26
2 343 238
2 343 281
2 343 333
2 344 66
2 345 177
2 345 236
2 346 61
2 346 309
2 348 390
2 349 64
2 349 82
2 349 120
2 349 211
2 349 246
2 350 304
2 351 21
2 351 196
2 351 242
2 351 386
2 352 341
2 353 9
2 353 121
2 353 143
2 353 284
2 353 326
2 355 107
2 356 94
2 356 223
2 356 242
2 356 254
2 356 363
2 356 392
2 357 35
2 357 139
2 358 101
2 359 152
2 360 118
2 360 222
2 360 255
2 360 352
2 360 370
3 0 55
3 0 70
3 0 334
3 1 0
3 2 329
3 3 153
3 3 173
3 3 245
3 3 288
3 3 392
3 5 385
3 6 394
3 7 1
3 8 360
3 9 252
3 9 282
3 9 310
3 10 46
3 10 284
3 11 58
3 11 267
3 13 34
3 13 208
3 13 250
3 15 182
3 15 281
3 16 384
3 17 215
3 17 340
3 19 2
3 19 212
3 19 268
3 20 51
3 20 183
3 20 309
3 21 31
3 21 141
3 22 50
3 22 217
3 22 233
3 23 63
3 23 302
3 23 393
3 26 341
3 27 283
3 29 146
3 31 188
3 31 241
3 31 262
3 32 123
3 32 158
3 32 201
3 32 243
3 33 211
3 34 34
3 34 256
3 35 325
3 36 272
3 36 288
3 36 339
3 37 71
3 37 244
3 38 11
3 38 78
3 40 32
3 41 126
3 41 132
3 41 360
3 41 390
3 43 25
3 43 200
3 43 392
3 44 245
3 44 338
3 45 63
3 46 78
3 46 173
3 47 45
3 48 136
3 49 262
3 49 385
3 51 226
3 52 30
3 52 78
3 52 79
3 52 164
3 52 275
3 54 240
3 55 118
3 56 18
3 56 348
3 57 110
3 57 261
3 57 325
3 58 95
3 59 199
3 59 289
3 60 254
3 60 285
3 61 112
3 62 233
3 63 220
3 63 362
3 64 229
3 65 26
3 65 270
3 66 52
3 67 113
3 68 189
3 69 13
3 69 306
3 70 159
3 70 194
3 71 356
3 72 19
3 73 24
3 73 41
3 73 306
3 74 257
3 74 263
3 74 376
3 75 122
3 75 338
3 75 345
3 76 61
3 76 191
3 77 71
3 78 42
3 79 114
3 79 177
3 80 186
3 80 255
3 81 147
3 81 256
3 82 111
3 82 149
3 82 151
3 82 163
3 83 184
3 84 8
3 84 299
3 85 389
3 86 43
3 86 80
3 87 158
3 87 203
3 87 278
3 89 216
3 89 307
3 90 19
3 90 174
3 90 247
3 90 301
3 92 132
3 93 119
3 94 177
3 94 249
3 94 260
3 95 307
3 96 68
3 97 123
3 97 269
3 99 230
3 99 364
3 100 16
3 100 182
3 100 318
3 101 195
3 102 185
3 102 270
3 102 324
3 103 19
3 104 16
3 104 145
3 105 65
3 107 37
3 107 224
3 107 326
3 108 65
3 108 81
3 108 152
3 108 230
3 108 296
3 109 239
3 109 344
3 110 8
3 110 210
3 111 0
3 111 110
3 112 122
3 113 230
3 115 4
3 115 82
3 115 124
3 115 369
3 117 81
3 117 128
3 120 67
3 120 103
3 120 217
3 122 363
3 125 31
3 125 329
3 125 363
3 126 29
3 126 93
3 126 230
3 126 391
3 127 5
3 127 299
3 127 328
3 128 66
3 128 134
3 129 260
3 129 347
3 129 395
3 130 218
3 130 359
3 131 339
3 131 354
3 132 43
3 132 54
3 132 71
3 132 129
3 132 363
3 133 219
3 134 7
3 134 153
3 136 18
3 137 135
3 137 181
3 137 251
3 138 164
3 138 375
3 138 394
3 139 171
3 140 118
3 140 293
3 140 310
3 141 40
3 141 139
3 142 160
3 143 308
3 144 270
3 145 214
3 145 280
3 146 82
3 146 368
3 147 193
3 147 384
3 148 78
3 149 110
3 149 294
3 149 352
3 150 8
3 150 62
3 150 123
3 150 138
3 150 288
3 151 262
3 151 294
3 151 350
3 153 83
3 153 140
3 153 301
3 153 390
3 154 77
3 154 190
3 155 209
3 155 298
3 155 307
3 155 330
3 156 167
3 156 172
3 156 249
3 156 338
3 158 79
3 158 137
3 158 235
3 158 252
3 158 255
3 159 10
3 159 31
3 159 269
3 160 118
3 160 183
3 160 224
3 160 233
3 161 56
3 161 320
3 162 215
3 163 56
3 163 86
3 164 102
3 164 291
3 166 1
3 168 43
3 169 222
3 171 168
3 172 144
3 172 270
3 174 62
3 174 239
3 174 389
3 175 318
3 176 32
3 176 89
3 176 207
3 177 100
3 177 123
3 178 134
3 178 167
3 179 42
3 180 189
3 180 202
3 180 322
3 182 193
3 182 198
3 182 266
3 182 317
3 182 342
3 184 104
3 184 118
3 184 133
3 184 380
3 186 228
3 187 7
3 188 26
3 189 104
3 189 191
3 190 82
3 191 362
3 193 227
3 194 347
3 195 245
3 195 255
3 195 380
3 198 108
3 198 383
3 199 10
3 199 312
3 200 80
3 204 345
3 204 388
3 205 78
3 206 255
3 206 348
3 207 158
3 207 233
3 207 366
3 207 387
3 208 166
3 210 296
3 210 314
3 211 249
3 212 50
3 212 376
3 214 11
3 215 34
3 215 100
3 215 291
3 215 331
3 215 382
3 216 371
3 217 85
3 217 322
3 219 43
3 219 190
3 219 379
3 220 151
3 220 379
3 221 67
3 221 344
3 222 91
3 223 208
3 223 283
3 223 301
3 223 304
3 224 59
3 224 116
3 224 173
3 225 363
3 227 180
3 227 260
3 228 185
3 228 227
3 229 26
3 229 130
3 229 277
3 229 390
3 230 364
3 230 388
3 231 9
3 231 155
3 231 199
3 231 368
3 232 73
3 232 181
3 232 213
3 235 367
3 236 367
3 237 106
3 237 111
3 238 56
3 238 365
3 239 356
3 240 46
3 240 163
3 240 280
3 240 344
3 240 380
3 241 156
3 241 188
3 241 306
3 241 381
3 242 11
3 242 43
3 243 42
3 243 256
3 244 86
3 245 270
3 246 33
3 246 233
3 246 376
3 247 167
3 247 326
3 248 37
3 252 54
3 252 204
3 253 394
3 254 131
3 254 363
3 255 140
3 255 389
3 256 65
3 256 330
3 257 62
3 257 228
3 258 142
3 259 361
3 260 9
3 260 100
3 260 288
3 261 59
3 262 14
3 263 322
3 264 197
3 266 27
3 266 217
3 267 173
3 267 333
3 268 229
3 268 233
3 268 336
3 270 79
3 271 166
3 271 169
3 271 193
3 271 253
3 273 200
3 273 208
3 273 277
3 274 38
3 274 76
3 274 93
3 274 174
3 274 232
3 274 347
3 274 378
3 275 51
3 276 40
3 276 81
3 276 106
3 277 302
3 278 10
3 278 81
3 279 221
3 280 8
3 280 272
3 281 210
3 281 274
3 282 30
3 282 166
3 282 239
3 283 34
3 283 96
3 283 380
3 284 123
3 285 171
3 286 369
3 287 221
3 287 230
3 288 1
3 288 38
3 289 30
3 289 155
3 290 175
3 291 206
3 291 246
3 292 217
3 292 322
3 293 183
3 293 248
3 294 154
3 295 384
3 296 60
3 297 55
3 299 24
3 300 3
3 300 132
3 301 34
3 301 293
3 302 220
3 302 230
3 302 275
3 302 323
3 304 87
3 304 294
3 305 240
3 305 321
3 306 20
3 306 324
3 306 366
3 307 5
3 308 1
3 308 72
3 309 181
3 310 162
3 312 161
3 312 215
3 312 322
3 314 21
3 314 389
3 315 215
3 316 57
3 316 226
3 316 267
3 319 281
3 320 379
3 322 4
3 322 73
3 322 221
3 322 353
3 323 71
3 323 124
3 325 59
3 325 337
3 325 338
3 325 374
3 326 36
3 326 85
3 326 271
3 327 24
3 327 95
3 327 217
3 329 209
3 329 329
3 330 194
3 330 371
3 331 318
3 332 16
3 333 43
3 333 222
3 334 381
3 335 139
3 336 61
3 337 298
3 339 86
3 339 116
3 339 392
3 340 64
3 341 249
3 342 341
3 343 198
3 343 284
3 344 118
3 345 58
3 345 111
3 345 189
3 345 367
3 346 21
3 347 380
3 348 293
3 348 389
3 350 133
3 350 365
3 351 381
3 352 169
3 352 250
3 353 393
3 354 186
3 354 221
3 354 286
3 355 113
3 356 6
3 356 68
3 356 75
3 356 93
3 356 96
3 356 192
3 357 151
3 357 293
3 358 245
3 359 242
3 360 103
3 360 210
3 361 230
3 362 34
3 364 32
3 365 257
3 366 118
3 366 175
3 366 305
3 367 172
3 368 104
3 368 214
3 368 321
3 369 89
3 369 142
3 369 339
3 371 181
3 371 394
3 373 219
3 375 31
3 375 90
3 375 120
3 375 298
3 376 97
3 376 324
3 377 6
3 377 220
3 378 5
3 378 355
3 379 86
3 379 168
3 379 272
3 380 221
3 380 359
3 381 180
3 381 203
3 381 299
3 382 82
3 382 130
3 382 390
3 383 54
3 384 393
3 389 27
3 391 81
3 391 90
3 392 149
3 393 38
3 394 77
3 394 282
3 394 389
3 395 29
3 396 44
3 396 284
3 397 95
3 397 131
3 397 174
3 397 266
3 398 212
3 399 19
3 399 388
3 400 135
3 401 206
3 402 154
3 402 166
3 402 169
3 403 129
3 404 225
3 404 241
3 406 243
3 406 373
3 407 3
3 407 181
3 408 150
3 409 101
3 409 382