679
5
28 10 56 34 7
298

0 0 109 0 367 0 0 253 0 0 0 0 0 0 0 0 770 0 0 0 0 0 542 28 0 0 549 0
0 0 0 0 0 0 0 912 0 845
0 0 958 0 0 0 0 0 747 0 991 0 552 0 0 0 0 0 0 0 0 0 0 0 0 214 0 0 0 0 0 436 0 0 0 665 0 225 0 0 0 0 0 0 0 790 48 0 0 0 0 0 0 0 990 0
0 0 0 279 0 0 0 0 419 668 0 0 0 675 944 0 0 0 0 0 0 0 0 0 0 0 0 0 911 857 0 0 0 0
0 0 0 0 0 0 0

0 2 3
0 2 9
0 3 0
0 3 1
0 3 6
0 3 9
0 5 6
0 5 7
0 6 5
0 7 3
0 7 8
0 11 2
0 12 9
0 13 1
0 13 2
0 13 4
0 15 9
0 16 8
0 18 0
0 18 3
0 18 4
0 19 7
0 20 2
0 22 3
0 24 2
0 24 5
0 26 0
0 26 8
0 27 0
1 0 10
1 0 32
1 0 33
1 0 42
1 0 52
1 1 3
1 1 7
1 1 8
1 1 20
1 1 30
1 1 41
1 1 45
1 1 46
1 1 49
1 2 4
1 2 5
1 2 7
1 2 13
1 2 22
1 2 23
1 2 29
1 2 30
1 2 33
1 2 39
1 2 45
1 3 14
1 3 16
1 3 28
1 3 36
1 3 37
1 3 39
1 3 45
1 3 49
1 3 54
1 4 4
1 4 7
1 4 20
1 4 25
1 4 43
1 5 11
1 5 12
1 5 16
1 5 34
1 6 22
1 6 32
1 6 35
1 7 10
1 7 18
1 7 23
1 7 26
1 7 41
1 7 45
1 8 3
1 8 18
1 8 33
1 8 35
1 8 41
1 8 50
1 9 5
1 9 8
1 9 20
2 0 0
2 0 14
2 0 19
2 0 32
2 0 33
2 1 9
2 1 18
2 1 27
2 3 8
2 3 31
2 4 3
2 4 12
2 4 25
2 4 31
2 5 6
2 5 9
2 5 13
2 5 14
2 5 15
2 5 25
2 6 12
2 6 18
2 6 24
2 6 31
2 7 8
2 7 17
2 7 26
2 7 33
2 8 2
2 8 3
2 8 7
2 8 19
2 9 5
2 9 6
2 10 6
2 10 23
2 10 28
2 11 16
2 11 18
2 11 21
2 11 32
2 12 3
2 12 16
2 12 19
2 12 22
2 12 29
2 12 32
2 12 33
2 13 0
2 13 1
2 13 6
2 13 8
2 13 19
2 13 26
2 14 15
2 14 16
2 14 19
2 14 28
2 15 22
2 16 7
2 16 11
2 16 30
2 17 6
2 18 11
2 18 19
2 19 1
2 19 5
2 19 6
2 20 1
2 20 2
2 20 15
2 20 21
2 20 24
2 20 29
2 21 9
2 21 10
2 21 18
2 21 19
2 21 26
2 22 2
2 22 23
2 23 0
2 23 4
2 23 13
2 23 21
2 24 4
2 24 27
2 24 28
2 24 29
2 25 3
2 25 4
2 25 8
2 25 14
2 25 16
2 25 19
2 25 30
2 26 15
2 26 23
2 27 10
2 27 19
2 27 20
2 27 22
2 27 26
2 27 27
2 28 2
2 28 15
2 28 18
2 29 20
2 30 0
2 30 5
2 31 3
2 31 12
2 32 12
2 32 21
2 32 27
2 33 0
2 33 1
2 33 8
2 33 12
2 33 20
2 33 24
2 33 26
2 33 28
2 34 12
2 34 30
2 36 9
2 36 20
2 37 12
2 37 14
2 37 24
2 37 29
2 38 2
2 38 11
2 38 16
2 39 2
2 39 30
2 40 10
2 40 30
2 41 27
2 42 5
2 42 19
2 42 24
2 43 6
2 43 12
2 43 23
2 44 13
2 44 23
2 44 30
2 44 31
2 45 21
2 45 28
2 46 0
2 46 1
2 46 5
2 46 14
2 46 16
2 46 24
2 46 29
2 46 32
2 46 33
2 47 7
2 47 30
2 48 3
2 49 14
2 49 21
2 50 6
2 50 32
2 51 18
2 51 28
2 51 30
2 52 1
2 52 11
2 52 33
2 53 10
2 53 12
2 53 15
2 54 2
2 54 5
2 54 18
2 55 1
2 55 2
2 55 3
2 55 6
2 55 17
2 55 18
2 55 23
2 55 29
3 0 3
3 0 6
3 1 2
3 5 4
3 7 1
3 8 2
3 9 0
3 10 6
3 11 3
3 13 1
3 14 3
3 14 5
3 14 6
3 15 6
3 18 5
3 24 0
3 27 5
3 30 5
3 32 3
3 32 4
3 32 6