347
4
24 6 32 28
246

0 0 0 0 0 0 0 0 0 610 0 0 409 0 0 0 0 0 0 245 0 338 283 130
826 0 0 0 0 0
0 0 782 0 0 735 0 0 0 945 0 0 0 0 36 0 0 0 1009 0 0 0 0 0 0 0 0 927 0 0 0 0
0 0 0 0 0 90 257 0 0 0 0 0 0 0 0 0 0 0 0 0 0 0 121 0 189 0 0 0

0 0 2
0 4 3
0 4 4
0 7 0
0 7 1
0 9 4
0 10 3
0 10 4
0 11 0
0 12 4
0 13 0
0 13 3
0 15 2
0 15 3
0 15 4
0 16 2
0 16 4
0 17 1
0 19 0
0 19 2
0 21 1
0 22 1
0 22 2
0 22 4
0 23 0
0 23 1
1 0 3
1 0 8
1 0 19
1 0 21
1 0 24
1 0 27
1 0 30
1 1 3
1 1 5
1 1 8
1 1 23
1 1 24
1 2 6
1 2 9
1 2 13
1 2 18
1 2 26
1 3 6
1 3 7
1 3 10
1 3 15
1 3 24
1 4 0
1 4 2
1 4 7
1 4 18
1 4 21
1 4 23
1 4 24
1 4 30
1 5 14
1 5 16
1 5 18
1 5 29
2 0 0
2 0 14
2 0 19
2 0 27
2 1 1
2 1 2
2 1 8
2 1 11
2 1 12
2 1 18
2 1 19
2 1 22
2 1 23
2 2 0
2 2 4
2 2 10
2 2 16
2 2 18
2 2 19
2 2 22
2 2 24
2 3 4
2 3 26
2 4 2
2 4 10
2 4 14
2 4 18
2 4 20
2 4 27
2 5 4
2 5 9
2 5 10
2 5 12
2 5 14
2 5 16
2 5 20
2 5 23
2 5 24
2 5 25
2 6 9
2 6 12
2 6 18
2 6 21
2 6 22
2 6 25
2 6 26
2 7 0
2 7 14
2 7 18
2 7 24
2 7 25
2 7 27
2 8 3
2 8 10
2 8 15
2 8 19
2 9 3
2 9 14
2 9 26
2 10 6
2 10 11
2 10 12
2 10 16
2 10 18
2 10 22
2 10 24
2 10 27
2 11 5
2 11 11
2 11 17
2 12 11
2 12 15
2 12 22
2 13 2
2 13 4
2 13 5
2 13 10
2 13 14
2 13 23
2 13 26
2 13 27
2 14 3
2 14 4
2 14 20
2 15 4
2 15 6
2 15 11
2 15 14
2 15 15
2 15 16
2 15 22
2 15 24
2 16 1
2 16 5
2 16 7
2 16 10
2 16 12
2 16 23
2 16 27
2 17 0
2 17 2
2 17 4
2 17 9
2 17 10
2 17 11
2 17 13
2 17 16
2 18 0
2 18 6
2 18 7
2 18 11
2 18 12
2 18 18
2 18 21
2 18 24
2 19 1
2 19 2
2 19 3
2 19 9
2 19 14
2 19 15
2 19 20
2 19 26
2 20 7
2 20 21
2 20 24
2 20 26
2 21 0
2 21 6
2 21 7
2 21 8
2 21 11
2 21 16
2 21 20
2 21 21
2 22 10
2 22 16
2 22 17
2 22 21
2 23 2
2 23 9
2 23 15
2 23 18
2 23 19
2 23 27
2 24 1
2 24 4
2 24 6
2 24 9
2 24 12
2 24 16
2 24 26
2 24 27
2 25 4
2 25 14
2 25 15
2 25 21
2 25 24
2 26 2
2 26 4
2 26 9
2 26 10
2 26 19
2 26 22
2 27 2
2 27 15
2 27 16
2 27 25
2 28 1
2 28 18
2 28 22
2 28 23
2 28 25
2 28 26
2 29 4
2 29 11
2 29 13
2 29 14
2 29 16
2 30 3
2 30 20
2 31 1
2 31 7
2 31 9
2 31 14
2 31 23