253
3
52 51 92
1468

1005 0 0 222 0 798 568 518 644 0 0 364 829 24 0 791 1007 363 683 0 0 0 0 827 159 679 655 137 0 0 620 0 823 0 176 325 344 0 0 256 0 0 120 145 0 486 445 889 789 254 537 0
0 669 392 681 613 242 0 692 641 596 682 514 740 0 0 718 214 641 0 574 0 0 0 310 0 14 974 0 402 124 0 0 0 0 0 0 0 969 0 1008 0 0 232 744 818 0 968 0 421 0 522
58 0 422 0 209 0 0 538 120 754 0 294 0 474 694 31 74 0 831 264 750 0 721 698 450 0 593 938 799 542 582 0 901 738 1021 18 0 867 781 768 960 11 0 180 0 939 877 0 445 955 335 200 850 0 218 0 0 821 104 0 473 0 0 0 267 0 919 521 669 0 0 917 565 0 0 0 396 0 0 808 0 1011 469 11 0 844 398 0 0 0 0 383

0 0 3
0 0 5
0 0 18
0 0 28
0 0 38
0 0 40
0 0 48
0 1 4
0 1 9
0 1 13
0 1 16
0 1 18
0 1 28
0 1 29
0 1 33
0 1 34
0 1 39
0 1 42
0 1 44
0 1 47
0 2 4
0 2 8
0 2 15
0 2 18
0 2 24
0 2 29
0 2 38
0 2 40
0 2 41
0 2 47
0 3 6
0 3 8
0 3 11
0 3 20
0 3 28
0 3 37
0 3 43
0 3 45
0 3 46
0 3 48
0 3 50
0 4 7
0 4 12
0 4 14
0 4 16
0 4 21
0 4 23
0 4 25
0 4 34
0 4 37
0 4 39
0 4 47
0 5 8
0 5 9
0 5 12
0 5 15
0 5 17
0 5 19
0 5 26
0 5 30
0 5 35
0 5 38
0 5 40
0 5 42
0 5 43
0 5 49
0 6 23
0 6 24
0 6 28
0 6 29
0 6 38
0 6 47
0 6 50
0 7 0
0 7 10
0 7 12
0 7 14
0 7 15
0 7 17
0 7 23
0 7 25
0 7 26
0 7 30
0 7 32
0 7 36
0 7 38
0 7 48
0 8 0
0 8 4
0 8 11
0 8 12
0 8 14
0 8 18
0 8 22
0 8 42
0 8 45
0 8 46
0 9 0
0 9 3
0 9 4
0 9 26
0 9 29
0 9 30
0 9 31
0 9 40
0 9 42
0 9 44
0 10 3
0 10 12
0 10 15
0 10 26
0 10 29
0 10 31
0 10 33
0 10 34
0 10 35
0 10 39
0 10 41
0 10 44
0 10 47
0 11 6
0 11 8
0 11 9
0 11 11
0 11 14
0 11 16
0 11 18
0 11 21
0 11 24
0 11 30
0 11 41
0 11 50
0 12 6
0 12 8
0 12 10
0 12 12
0 12 15
0 12 28
0 12 30
0 12 33
0 12 34
0 12 36
0 12 39
0 12 43
0 12 45
0 12 46
0 12 50
0 13 10
0 13 14
0 13 15
0 13 16
0 13 19
0 13 22
0 13 28
0 13 29
0 13 42
0 13 49
0 14 4
0 14 6
0 14 9
0 14 16
0 14 25
0 14 28
0 14 30
0 14 34
0 14 35
0 14 41
0 14 50
0 15 0
0 15 26
0 15 29
0 15 30
0 15 35
0 15 46
0 15 47
0 16 0
0 16 5
0 16 18
0 16 24
0 16 32
0 16 34
0 16 39
0 16 41
0 16 50
0 17 2
0 17 6
0 17 7
0 17 13
0 17 20
0 17 28
0 17 40
0 17 47
0 18 7
0 18 9
0 18 12
0 18 18
0 18 24
0 18 28
0 18 33
0 18 35
0 18 40
0 18 44
0 19 1
0 19 8
0 19 11
0 19 12
0 19 14
0 19 16
0 19 21
0 19 23
0 19 29
0 19 38
0 20 0
0 20 12
0 20 15
0 20 22
0 20 24
0 20 27
0 20 32
0 20 35
0 20 38
0 20 39
0 20 49
0 21 2
0 21 3
0 21 4
0 21 10
0 21 19
0 21 25
0 21 27
0 21 34
0 21 42
0 21 45
0 22 1
0 22 7
0 22 8
0 22 10
0 22 13
0 22 14
0 22 27
0 22 37
0 23 2
0 23 7
0 23 10
0 23 12
0 23 16
0 23 27
0 23 33
0 23 42
0 23 49
0 24 3
0 24 4
0 24 17
0 24 20
0 24 32
0 24 34
0 24 35
0 24 40
0 24 46
0 25 1
0 25 7
0 25 14
0 25 31
0 25 32
0 25 34
0 25 35
0 25 42
0 25 44
0 26 4
0 26 18
0 26 45
0 26 48
0 27 2
0 27 4
0 27 15
0 27 23
0 27 43
0 27 49
0 28 2
0 28 3
0 28 5
0 28 10
0 28 21
0 28 28
0 28 30
0 28 42
0 28 46
0 29 9
0 29 10
0 29 16
0 29 17
0 29 22
0 29 42
0 30 9
0 30 20
0 30 21
0 30 25
0 30 33
0 30 38
0 30 39
0 30 41
0 31 3
0 31 6
0 31 12
0 31 14
0 31 27
0 31 29
0 31 30
0 31 35
0 31 36
0 31 37
0 31 45
0 31 47
0 31 48
0 31 49
0 32 5
0 32 7
0 32 9
0 32 11
0 32 15
0 32 19
0 32 20
0 32 30
0 33 3
0 33 7
0 33 10
0 33 12
0 33 21
0 33 22
0 33 26
0 33 27
0 33 32
0 33 36
0 33 40
0 33 42
0 34 11
0 34 12
0 34 16
0 34 17
0 34 20
0 34 28
0 34 30
0 34 31
0 34 34
0 34 46
0 35 2
0 35 3
0 35 6
0 35 9
0 35 13
0 35 17
0 35 23
0 35 25
0 35 29
0 35 31
0 35 38
0 35 43
0 35 50
0 36 1
0 36 2
0 36 5
0 36 6
0 36 11
0 36 19
0 36 20
0 36 30
0 36 36
0 36 37
0 36 41
0 37 8
0 37 16
0 37 22
0 37 25
0 37 28
0 37 29
0 37 32
0 37 35
0 37 36
0 37 46
0 38 0
0 38 5
0 38 6
0 38 9
0 38 10
0 38 19
0 38 21
0 38 44
0 38 46
0 39 13
0 39 19
0 39 23
0 39 29
0 39 48
0 40 7
0 40 8
0 40 11
0 40 12
0 40 15
0 40 16
0 40 17
0 40 24
0 40 29
0 40 34
0 40 38
0 40 43
0 40 46
0 41 14
0 41 27
0 41 30
0 41 31
0 41 33
0 41 37
0 41 40
0 42 6
0 42 9
0 42 13
0 42 15
0 42 26
0 42 30
0 42 34
0 42 44
0 42 46
0 42 48
0 42 50
0 43 3
0 43 4
0 43 5
0 43 10
0 43 18
0 43 19
0 43 25
0 43 38
0 43 39
0 43 47
0 43 48
0 44 0
0 44 9
0 44 11
0 44 18
0 44 26
0 44 44
0 44 46
0 45 0
0 45 14
0 45 23
0 45 28
0 45 33
0 45 44
0 45 45
0 45 46
0 46 8
0 46 13
0 46 23
0 46 26
0 46 29
0 46 32
0 46 33
0 46 36
0 46 37
0 46 40
0 46 47
0 46 50
0 47 5
0 47 7
0 47 10
0 47 11
0 47 14
0 47 17
0 47 18
0 47 21
0 47 27
0 47 29
0 47 30
0 47 39
0 47 41
0 47 42
0 47 45
0 47 49
0 48 3
0 48 6
0 48 11
0 48 12
0 48 13
0 48 18
0 48 21
0 48 23
0 48 30
0 48 33
0 48 39
0 48 42
0 48 49
0 49 17
0 49 30
0 49 37
0 49 42
0 49 44
0 50 6
0 50 17
0 50 35
0 50 37
0 50 41
0 50 48
0 51 3
0 51 4
0 51 11
0 51 13
0 51 23
0 51 26
0 51 33
0 51 35
0 51 42
0 51 43
0 51 47
1 0 9
1 0 10
1 0 17
1 0 28
1 0 31
1 0 33
1 0 34
1 0 36
1 0 45
1 0 57
1 0 58
1 0 65
1 0 67
1 0 69
1 0 72
1 0 87
1 0 88
1 1 3
1 1 6
1 1 19
1 1 20
1 1 25
1 1 34
1 1 37
1 1 43
1 1 48
1 1 53
1 1 63
1 1 66
1 1 73
1 1 74
1 1 77
1 1 79
1 1 80
1 1 83
1 1 90
1 2 3
1 2 9
1 2 16
1 2 18
1 2 22
1 2 23
1 2 25
1 2 35
1 2 37
1 2 41
1 2 44
1 2 45
1 2 51
1 2 55
1 2 60
1 2 84
1 2 85
1 2 91
1 3 2
1 3 13
1 3 15
1 3 16
1 3 28
1 3 30
1 3 33
1 3 34
1 3 39
1 3 46
1 3 52
1 3 57
1 3 75
1 3 80
1 3 83
1 3 87
1 4 0
1 4 11
1 4 14
1 4 17
1 4 20
1 4 25
1 4 31
1 4 33
1 4 39
1 4 43
1 4 49
1 4 53
1 4 59
1 4 65
1 4 69
1 4 71
1 4 77
1 4 85
1 4 88
1 4 90
1 5 0
1 5 4
1 5 20
1 5 26
1 5 27
1 5 30
1 5 31
1 5 32
1 5 35
1 5 37
1 5 40
1 5 50
1 5 51
1 5 75
1 5 76
1 5 86
1 6 1
1 6 2
1 6 3
1 6 9
1 6 11
1 6 12
1 6 20
1 6 21
1 6 28
1 6 35
1 6 37
1 6 55
1 6 56
1 6 58
1 6 60
1 6 61
1 6 66
1 6 72
1 6 76
1 6 82
1 6 83
1 6 88
1 6 89
1 6 90
1 7 5
1 7 14
1 7 17
1 7 21
1 7 37
1 7 41
1 7 42
1 7 43
1 7 50
1 7 53
1 7 57
1 7 74
1 7 82
1 7 87
1 7 88
1 7 89
1 8 2
1 8 3
1 8 7
1 8 8
1 8 9
1 8 20
1 8 23
1 8 24
1 8 27
1 8 31
1 8 33
1 8 56
1 8 65
1 8 70
1 8 76
1 8 82
1 8 84
1 8 88
1 9 1
1 9 9
1 9 10
1 9 13
1 9 19
1 9 26
1 9 29
1 9 30
1 9 39
1 9 49
1 9 51
1 9 56
1 9 67
1 9 71
1 9 75
1 9 78
1 9 84
1 9 86
1 9 91
1 10 1
1 10 5
1 10 13
1 10 14
1 10 17
1 10 18
1 10 26
1 10 36
1 10 46
1 10 52
1 10 54
1 10 55
1 10 63
1 10 67
1 10 70
1 10 72
1 10 81
1 11 1
1 11 2
1 11 19
1 11 20
1 11 22
1 11 26
1 11 28
1 11 34
1 11 37
1 11 39
1 11 45
1 11 49
1 11 56
1 11 57
1 11 60
1 11 65
1 11 68
1 11 82
1 12 6
1 12 14
1 12 20
1 12 21
1 12 24
1 12 26
1 12 33
1 12 37
1 12 42
1 12 46
1 12 54
1 12 63
1 12 65
1 12 67
1 12 78
1 12 89
1 13 7
1 13 11
1 13 13
1 13 14
1 13 21
1 13 24
1 13 27
1 13 30
1 13 32
1 13 33
1 13 35
1 13 46
1 13 47
1 13 48
1 13 51
1 13 52
1 13 55
1 13 59
1 13 63
1 13 67
1 13 70
1 13 73
1 13 75
1 13 79
1 13 80
1 13 82
1 13 89
1 14 0
1 14 1
1 14 3
1 14 8
1 14 27
1 14 29
1 14 35
1 14 36
1 14 39
1 14 50
1 14 53
1 14 58
1 14 64
1 14 66
1 14 68
1 14 73
1 14 75
1 14 77
1 14 85
1 14 86
1 15 5
1 15 11
1 15 16
1 15 19
1 15 38
1 15 45
1 15 54
1 15 58
1 15 62
1 15 65
1 15 66
1 15 68
1 15 69
1 15 72
1 15 73
1 15 76
1 15 79
1 15 80
1 15 82
1 16 0
1 16 2
1 16 5
1 16 17
1 16 33
1 16 35
1 16 39
1 16 40
1 16 41
1 16 43
1 16 49
1 16 54
1 16 59
1 16 64
1 16 74
1 16 75
1 16 78
1 16 80
1 16 85
1 16 88
1 16 89
1 17 1
1 17 6
1 17 12
1 17 13
1 17 14
1 17 15
1 17 21
1 17 30
1 17 32
1 17 41
1 17 48
1 17 51
1 17 60
1 17 69
1 17 80
1 17 86
1 17 89
1 17 90
1 18 1
1 18 2
1 18 3
1 18 5
1 18 22
1 18 26
1 18 32
1 18 34
1 18 42
1 18 43
1 18 51
1 18 58
1 18 60
1 18 64
1 18 69
1 18 71
1 18 80
1 18 86
1 18 88
1 18 90
1 18 91
1 19 1
1 19 2
1 19 13
1 19 19
1 19 20
1 19 23
1 19 27
1 19 30
1 19 37
1 19 38
1 19 47
1 19 55
1 19 59
1 19 72
1 19 81
1 19 82
1 19 85
1 19 87
1 19 90
1 20 0
1 20 1
1 20 10
1 20 15
1 20 19
1 20 21
1 20 37
1 20 38
1 20 39
1 20 40
1 20 42
1 20 43
1 20 45
1 20 55
1 20 65
1 20 67
1 20 68
1 20 76
1 20 77
1 20 78
1 20 81
1 20 88
1 20 91
1 21 0
1 21 4
1 21 9
1 21 11
1 21 19
1 21 28
1 21 29
1 21 31
1 21 32
1 21 34
1 21 44
1 21 55
1 21 57
1 21 58
1 21 64
1 21 66
1 21 77
1 21 88
1 21 90
1 22 5
1 22 10
1 22 18
1 22 23
1 22 25
1 22 28
1 22 34
1 22 40
1 22 42
1 22 43
1 22 48
1 22 50
1 22 53
1 22 59
1 22 66
1 22 69
1 22 70
1 22 79
1 22 84
1 22 89
1 23 3
1 23 4
1 23 7
1 23 10
1 23 11
1 23 28
1 23 29
1 23 31
1 23 35
1 23 37
1 23 52
1 23 58
1 23 66
1 23 68
1 23 77
1 23 84
1 23 86
1 23 89
1 23 91
1 24 12
1 24 13
1 24 14
1 24 15
1 24 16
1 24 17
1 24 19
1 24 20
1 24 22
1 24 24
1 24 28
1 24 34
1 24 48
1 24 50
1 24 57
1 24 72
1 24 78
1 24 79
1 24 80
1 24 83
1 24 86
1 25 3
1 25 4
1 25 8
1 25 9
1 25 10
1 25 15
1 25 17
1 25 21
1 25 28
1 25 29
1 25 32
1 25 36
1 25 39
1 25 61
1 25 69
1 25 75
1 25 89
1 26 1
1 26 3
1 26 4
1 26 5
1 26 6
1 26 9
1 26 14
1 26 18
1 26 20
1 26 21
1 26 36
1 26 48
1 26 56
1 26 64
1 26 70
1 26 74
1 26 76
1 26 77
1 26 87
1 26 88
1 27 0
1 27 3
1 27 8
1 27 11
1 27 17
1 27 21
1 27 27
1 27 41
1 27 44
1 27 47
1 27 50
1 27 51
1 27 55
1 27 56
1 27 77
1 27 79
1 27 80
1 27 82
1 28 9
1 28 12
1 28 34
1 28 38
1 28 42
1 28 47
1 28 48
1 28 49
1 28 50
1 28 51
1 28 56
1 28 57
1 28 60
1 28 61
1 28 67
1 28 69
1 28 71
1 28 73
1 28 77
1 29 5
1 29 11
1 29 12
1 29 29
1 29 31
1 29 36
1 29 39
1 29 43
1 29 46
1 29 51
1 29 56
1 29 58
1 29 60
1 29 66
1 29 71
1 29 75
1 29 77
1 29 79
1 29 85
1 30 5
1 30 8
1 30 22
1 30 23
1 30 24
1 30 28
1 30 35
1 30 37
1 30 39
1 30 44
1 30 49
1 30 51
1 30 58
1 30 67
1 30 68
1 30 74
1 30 85
1 31 1
1 31 9
1 31 15
1 31 16
1 31 29
1 31 30
1 31 39
1 31 40
1 31 43
1 31 46
1 31 48
1 31 50
1 31 55
1 31 56
1 31 59
1 31 61
1 31 65
1 31 69
1 31 70
1 31 72
1 31 77
1 31 81
1 31 86
1 31 89
1 32 8
1 32 15
1 32 17
1 32 19
1 32 25
1 32 26
1 32 42
1 32 43
1 32 57
1 32 58
1 32 60
1 32 61
1 32 73
1 32 77
1 32 83
1 32 89
1 33 3
1 33 18
1 33 20
1 33 23
1 33 30
1 33 58
1 33 67
1 33 74
1 33 85
1 34 6
1 34 7
1 34 9
1 34 25
1 34 32
1 34 34
1 34 37
1 34 40
1 34 42
1 34 47
1 34 53
1 34 64
1 34 68
1 34 69
1 34 82
1 35 5
1 35 12
1 35 16
1 35 18
1 35 23
1 35 24
1 35 43
1 35 47
1 35 50
1 35 57
1 35 58
1 35 61
1 35 64
1 35 73
1 35 77
1 35 82
1 35 84
1 35 88
1 35 91
1 36 3
1 36 9
1 36 11
1 36 15
1 36 20
1 36 21
1 36 23
1 36 29
1 36 30
1 36 31
1 36 33
1 36 36
1 36 46
1 36 54
1 36 61
1 36 62
1 36 69
1 36 70
1 36 80
1 36 83
1 36 88
1 36 91
1 37 4
1 37 7
1 37 19
1 37 22
1 37 24
1 37 32
1 37 38
1 37 39
1 37 41
1 37 64
1 37 65
1 37 66
1 37 69
1 37 77
1 37 82
1 37 84
1 38 0
1 38 3
1 38 4
1 38 9
1 38 27
1 38 28
1 38 30
1 38 38
1 38 42
1 38 50
1 38 64
1 38 69
1 38 70
1 38 77
1 38 83
1 38 91
1 39 6
1 39 7
1 39 9
1 39 14
1 39 17
1 39 18
1 39 21
1 39 23
1 39 25
1 39 47
1 39 50
1 39 54
1 39 56
1 39 66
1 39 68
1 39 75
1 39 85
1 39 89
1 40 1
1 40 12
1 40 13
1 40 16
1 40 18
1 40 20
1 40 22
1 40 26
1 40 29
1 40 30
1 40 36
1 40 48
1 40 50
1 40 51
1 40 53
1 40 62
1 40 63
1 40 70
1 40 71
1 40 75
1 40 87
1 40 89
1 41 2
1 41 4
1 41 14
1 41 24
1 41 27
1 41 28
1 41 29
1 41 33
1 41 49
1 41 52
1 41 76
1 41 82
1 41 83
1 41 84
1 41 87
1 41 88
1 42 5
1 42 10
1 42 15
1 42 18
1 42 19
1 42 22
1 42 33
1 42 40
1 42 43
1 42 50
1 42 59
1 42 66
1 42 71
1 42 73
1 42 79
1 42 80
1 42 82
1 42 84
1 42 91
1 43 3
1 43 4
1 43 12
1 43 13
1 43 14
1 43 28
1 43 38
1 43 40
1 43 50
1 43 53
1 43 56
1 43 66
1 43 73
1 43 79
1 43 84
1 44 0
1 44 1
1 44 2
1 44 8
1 44 9
1 44 21
1 44 22
1 44 25
1 44 29
1 44 30
1 44 31
1 44 32
1 44 33
1 44 44
1 44 54
1 44 56
1 44 64
1 44 65
1 44 71
1 44 75
1 44 85
1 44 87
1 44 88
1 45 6
1 45 8
1 45 12
1 45 14
1 45 21
1 45 24
1 45 31
1 45 33
1 45 41
1 45 48
1 45 53
1 45 60
1 45 67
1 45 71
1 45 80
1 45 87
1 46 6
1 46 11
1 46 12
1 46 22
1 46 23
1 46 24
1 46 25
1 46 55
1 46 64
1 46 65
1 46 68
1 46 71
1 46 72
1 46 74
1 46 78
1 46 79
1 46 85
1 46 90
1 47 3
1 47 8
1 47 9
1 47 21
1 47 25
1 47 34
1 47 41
1 47 42
1 47 50
1 47 51
1 47 56
1 47 68
1 47 77
1 47 78
1 47 81
1 47 83
1 47 90
1 48 2
1 48 14
1 48 15
1 48 17
1 48 20
1 48 23
1 48 24
1 48 25
1 48 31
1 48 36
1 48 43
1 48 44
1 48 53
1 48 55
1 48 57
1 48 63
1 48 64
1 48 66
1 48 73
1 49 2
1 49 4
1 49 9
1 49 10
1 49 16
1 49 17
1 49 22
1 49 26
1 49 33
1 49 47
1 49 56
1 49 57
1 49 59
1 49 63
1 49 64
1 49 71
1 49 72
1 49 74
1 49 75
1 49 79
1 49 91
1 50 1
1 50 4
1 50 8
1 50 10
1 50 12
1 50 19
1 50 20
1 50 28
1 50 30
1 50 35
1 50 47
1 50 53
1 50 64
1 50 72
1 50 73
1 50 75
1 50 79
1 50 80
1 50 81
1 50 85
1 50 86
1 50 87
1 50 91