897
6
11 14 14 34 27 5
187

662 673 913 0 707 0 117 579 0 0 0
196 951 0 0 525 0 0 0 1021 0 703 233 0 0
0 177 0 836 271 583 1012 125 586 0 0 707 617 941
0 695 328 499 0 0 1001 56 0 0 301 243 0 917 0 0 0 974 235 778 0 0 32 49 583 298 0 184 0 556 211 768 423 446
828 60 392 0 0 587 0 0 50 0 352 0 749 0 4 660 0 0 0 742 536 0 0 0 726 0 0
128 976 410 1021 0

0 0 7
0 1 4
0 2 8
0 3 2
0 3 7
0 4 0
0 4 1
0 7 2
0 7 3
0 8 1
0 8 8
0 9 3
0 9 11
0 10 2
1 1 0
1 1 5
1 5 0
1 6 2
1 6 4
1 8 9
1 9 9
1 11 4
1 12 5
1 13 6
2 0 8
2 0 9
2 0 16
2 0 19
2 0 24
2 1 24
2 1 27
2 1 31
2 2 9
2 2 12
2 2 14
2 2 16
2 2 17
2 2 19
2 2 24
2 3 14
2 3 19
2 3 21
2 3 27
2 4 11
2 4 12
2 5 8
2 5 30
2 6 1
2 6 17
2 6 18
2 6 24
2 6 25
2 6 26
2 7 4
2 7 7
2 7 23
2 7 33
2 8 20
2 9 2
2 9 18
2 9 19
2 9 30
2 9 33
2 10 2
2 10 15
2 10 16
2 10 26
2 11 12
2 11 22
2 11 23
2 11 33
2 12 9
2 12 13
2 12 24
3 0 17
3 1 0
3 1 1
3 1 17
3 1 19
3 2 1
3 2 11
3 2 13
3 2 20
3 2 22
3 2 23
3 3 6
3 3 9
3 3 11
3 4 7
3 4 22
3 5 2
3 5 21
3 5 22
3 6 6
3 6 7
3 6 15
3 6 21
3 7 11
3 7 20
3 7 23
3 8 6
3 8 17
3 8 25
3 9 15
3 9 17
3 10 5
3 10 8
3 10 18
3 11 16
3 11 26
3 13 17
3 14 8
3 14 14
3 14 15
3 15 11
3 15 24
3 16 17
3 16 19
3 16 23
3 16 25
3 17 2
3 17 13
3 17 18
3 18 4
3 18 18
3 18 20
3 19 6
3 19 11
3 19 19
3 19 23
3 20 11
3 20 20
3 21 12
3 21 17
3 21 21
3 21 26
3 22 2
3 22 7
3 22 9
3 22 18
3 23 14
3 23 18
3 24 2
3 24 12
3 24 17
3 24 20
3 24 26
3 25 6
3 25 13
3 25 17
3 26 3
3 26 4
3 26 5
3 26 6
3 26 12
3 26 20
3 27 2
3 27 9
3 27 13
3 28 18
3 30 12
3 31 0
3 31 5
3 31 12
3 31 19
3 32 4
3 32 20
3 32 22
3 32 25
3 33 25
4 0 2
4 0 4
4 1 4
4 2 1
4 2 4
4 7 1
4 8 0
4 9 4
4 12 4
4 14 0
4 15 1
4 15 2
4 17 4
4 19 0
4 20 2
4 25 1
4 25 3