740
5
71 13 6 10 65
684

0 0 57 0 0 0 0 0 0 179 673 1002 0 0 0 1005 0 0 0 951 0 0 0 0 0 0 613 0 0 106 495 469 0 0 0 0 0 0 0 0 0 837 526 0 0 268 691 601 0 625 310 0 0 0 0 0 0 438 0 0 336 0 0 0 0 0 8 0 0 0 0
603 363 576 204 0 0 0 906 0 845 0 0 0
374 0 288 0 0 0
0 0 519 0 0 0 104 116 469 204
1008 0 866 152 233 345 286 563 0 840 0 0 0 0 0 286 127 396 294 0 0 0 986 0 0 0 0 0 877 0 0 0 0 0 927 454 0 230 97 0 0 0 0 0 328 0 0 0 364 955 290 0 0 0 0 113 0 0 0 170 354 0 799 529 47

0 0 1
0 0 4
0 0 8
0 0 10
0 1 0
0 1 3
0 1 6
0 1 7
0 1 8
0 1 10
0 1 12
0 2 3
0 2 5
0 2 8
0 2 11
0 2 12
0 3 2
0 3 4
0 3 11
0 4 0
0 4 2
0 4 9
0 4 10
0 5 0
0 5 1
0 5 3
0 5 10
0 6 0
0 6 3
0 6 4
0 6 6
0 6 7
0 7 2
0 7 4
0 7 5
0 7 6
0 7 8
0 7 12
0 8 2
0 8 4
0 8 5
0 8 10
0 8 11
0 9 2
0 9 3
0 9 6
0 9 9
0 9 10
0 10 0
0 10 3
0 10 4
0 10 6
0 10 7
0 10 8
0 10 10
0 10 11
0 10 12
0 11 1
0 11 5
0 11 10
0 11 12
0 12 2
0 12 3
0 12 5
0 12 7
0 12 9
0 13 1
0 13 2
0 13 7
0 13 9
0 13 11
0 13 12
0 14 8
0 14 12
0 15 1
0 15 2
0 15 5
0 15 7
0 15 8
0 15 10
0 15 12
0 16 0
0 16 1
0 16 5
0 16 6
0 16 10
0 17 0
0 17 7
0 17 8
0 17 9
0 17 10
0 17 11
0 18 2
0 18 6
0 18 8
0 18 11
0 18 12
0 19 5
0 19 6
0 19 7
0 19 10
0 19 11
0 20 0
0 20 2
0 20 4
0 20 6
0 20 12
0 21 0
0 21 3
0 21 5
0 21 6
0 21 7
0 21 9
0 21 11
0 22 3
0 22 4
0 22 6
0 22 7
0 22 11
0 23 3
0 23 4
0 23 6
0 23 9
0 23 10
0 23 11
0 24 1
0 24 3
0 24 5
0 24 8
0 24 10
0 24 12
0 25 1
0 25 2
0 25 7
0 25 8
0 25 9
0 25 11
0 25 12
0 26 2
0 26 3
0 26 5
0 26 8
0 26 9
0 26 10
0 26 11
0 26 12
0 27 2
0 27 7
0 27 8
0 27 9
0 27 12
0 28 0
0 28 5
0 28 8
0 28 9
0 28 11
0 29 0
0 29 2
0 29 3
0 29 4
0 29 9
0 29 10
0 29 12
0 30 8
0 30 9
0 30 11
0 31 0
0 31 1
0 31 3
0 31 5
0 31 6
0 31 11
0 31 12
0 32 1
0 32 4
0 32 8
0 32 9
0 32 11
0 32 12
0 33 3
0 33 4
0 33 5
0 33 9
0 34 0
0 34 2
0 34 3
0 34 4
0 34 5
0 34 6
0 34 7
0 35 2
0 35 6
0 36 4
0 36 5
0 36 6
0 36 7
0 36 9
0 36 10
0 36 12
0 37 3
0 37 4
0 37 5
0 37 6
0 37 10
0 37 12
0 38 0
0 38 2
0 38 3
0 38 4
0 38 5
0 38 7
0 38 8
0 38 9
0 38 12
0 39 6
0 39 7
0 40 5
0 40 9
0 40 10
0 40 11
0 40 12
0 41 1
0 41 8
0 41 11
0 41 12
0 42 1
0 42 2
0 42 5
0 42 6
0 42 9
0 43 2
0 43 3
0 43 4
0 43 5
0 43 7
0 43 9
0 43 10
0 43 12
0 44 0
0 44 2
0 44 3
0 44 5
0 44 6
0 44 8
0 45 1
0 45 3
0 45 5
0 45 11
0 45 12
0 46 0
0 46 2
0 46 3
0 46 6
0 46 9
0 47 4
0 47 5
0 47 7
0 47 10
0 48 3
0 48 7
0 48 11
0 48 12
0 49 0
0 49 7
0 49 10
0 49 12
0 50 0
0 50 2
0 50 6
0 50 8
0 50 9
0 50 10
0 50 12
0 51 4
0 51 6
0 51 7
0 51 12
0 52 0
0 52 2
0 52 3
0 52 4
0 52 5
0 52 6
0 52 7
0 52 8
0 52 10
0 52 12
0 53 0
0 53 7
0 53 8
0 53 11
0 54 0
0 54 2
0 54 5
0 54 8
0 54 9
0 55 0
0 55 6
0 55 11
0 55 12
0 56 2
0 56 3
0 56 4
0 56 6
0 56 8
0 56 12
0 57 2
0 57 4
0 57 5
0 57 8
0 57 9
0 57 12
0 58 0
0 58 1
0 58 6
0 58 8
0 59 0
0 59 2
0 59 4
0 59 5
0 59 6
0 60 0
0 60 2
0 60 5
0 60 7
0 60 8
0 60 9
0 60 10
0 60 11
0 61 0
0 61 3
0 61 5
0 61 6
0 61 7
0 61 11
0 62 2
0 62 9
0 62 10
0 63 0
0 63 3
0 63 4
0 63 5
0 63 9
0 64 4
0 64 9
0 64 10
0 64 12
0 65 1
0 65 3
0 65 4
0 65 5
0 65 9
0 65 10
0 66 1
0 66 3
0 67 1
0 67 6
0 67 12
0 68 0
0 68 3
0 68 7
0 68 11
0 68 12
0 69 1
0 69 2
0 69 3
0 69 5
0 69 9
0 69 11
0 69 12
0 70 3
0 70 4
0 70 6
0 70 10
0 70 11
1 1 2
1 1 4
1 1 5
1 2 0
1 3 0
1 3 2
1 3 5
1 4 2
1 4 5
1 5 1
1 5 3
1 5 4
1 5 5
1 6 0
1 6 5
1 7 0
1 7 1
1 7 3
1 7 5
1 8 0
1 8 4
1 9 0
1 9 1
1 10 0
1 10 2
1 10 3
1 11 1
1 11 4
1 11 5
1 12 1
1 12 3
1 12 4
1 12 5
2 0 0
2 0 2
2 0 3
2 1 1
2 1 2
2 1 5
2 1 6
2 1 7
2 1 9
2 2 3
2 2 4
2 2 6
2 3 0
2 3 1
2 3 2
2 3 5
2 5 0
2 5 6
3 0 5
3 0 9
3 0 10
3 0 11
3 0 15
3 0 18
3 0 21
3 0 24
3 0 29
3 0 35
3 0 36
3 0 37
3 0 40
3 0 43
3 0 44
3 0 46
3 0 47
3 0 50
3 0 54
3 0 55
3 0 59
3 0 60
3 0 63
3 0 64
3 1 0
3 1 3
3 1 4
3 1 8
3 1 11
3 1 14
3 1 16
3 1 26
3 1 29
3 1 32
3 1 33
3 1 34
3 1 37
3 1 47
3 1 48
3 1 52
3 1 53
3 1 55
3 1 56
3 1 57
3 1 60
3 1 62
3 2 1
3 2 2
3 2 3
3 2 4
3 2 5
3 2 8
3 2 9
3 2 10
3 2 12
3 2 16
3 2 18
3 2 19
3 2 20
3 2 23
3 2 25
3 2 31
3 2 35
3 2 36
3 2 40
3 2 41
3 2 42
3 2 45
3 2 47
3 2 50
3 2 51
3 2 52
3 2 54
3 2 56
3 2 58
3 2 59
3 2 61
3 2 62
3 2 63
3 2 64
3 3 5
3 3 9
3 3 11
3 3 12
3 3 16
3 3 19
3 3 20
3 3 22
3 3 23
3 3 24
3 3 25
3 3 28
3 3 31
3 3 35
3 3 36
3 3 45
3 3 48
3 3 49
3 3 50
3 3 51
3 3 52
3 3 54
3 3 55
3 3 56
3 3 60
3 3 62
3 4 1
3 4 8
3 4 11
3 4 12
3 4 17
3 4 18
3 4 20
3 4 22
3 4 24
3 4 25
3 4 26
3 4 30
3 4 33
3 4 39
3 4 40
3 4 42
3 4 44
3 4 45
3 4 48
3 4 54
3 4 57
3 4 58
3 4 62
3 4 63
3 4 64
3 5 1
3 5 3
3 5 8
3 5 9
3 5 10
3 5 15
3 5 19
3 5 20
3 5 25
3 5 28
3 5 29
3 5 30
3 5 31
3 5 32
3 5 33
3 5 34
3 5 36
3 5 38
3 5 39
3 5 45
3 5 48
3 5 49
3 5 53
3 5 54
3 5 55
3 5 56
3 5 63
3 5 64
3 6 1
3 6 4
3 6 5
3 6 8
3 6 9
3 6 10
3 6 14
3 6 16
3 6 17
3 6 19
3 6 20
3 6 26
3 6 28
3 6 36
3 6 41
3 6 45
3 6 47
3 6 48
3 6 50
3 6 51
3 6 54
3 6 62
3 6 64
3 7 5
3 7 10
3 7 12
3 7 16
3 7 19
3 7 23
3 7 27
3 7 29
3 7 30
3 7 31
3 7 32
3 7 33
3 7 34
3 7 39
3 7 40
3 7 43
3 7 46
3 7 49
3 7 50
3 7 52
3 7 54
3 7 56
3 7 57
3 7 58
3 7 64
3 8 5
3 8 6
3 8 9
3 8 13
3 8 16
3 8 19
3 8 20
3 8 21
3 8 24
3 8 26
3 8 27
3 8 30
3 8 31
3 8 33
3 8 34
3 8 36
3 8 38
3 8 39
3 8 43
3 8 44
3 8 45
3 8 46
3 8 49
3 8 51
3 8 56
3 8 58
3 8 61
3 8 63
3 9 0
3 9 3
3 9 6
3 9 9
3 9 10
3 9 11
3 9 12
3 9 18
3 9 23
3 9 26
3 9 28
3 9 29
3 9 30
3 9 34
3 9 39
3 9 40
3 9 43
3 9 44
3 9 46
3 9 50
3 9 52
3 9 61
3 9 62