768
5
60 46 10 13 51
2006

254 0 179 0 0 799 658 0 510 1009 0 101 0 0 867 0 0 0 0 690 0 0 0 958 0 544 0 0 302 0 0 396 287 0 6 203 743 0 0 0 0 0 0 942 0 0 915 0 877 0 0 0 0 903 982 490 0 469 0 0
0 0 718 704 0 317 547 477 602 0 0 292 832 0 284 53 290 0 0 1016 0 0 511 288 0 683 0 378 0 211 256 622 707 0 699 578 0 316 151 0 353 576 0 566 123 372
186 0 0 727 0 0 0 575 0 332
1020 833 0 0 0 0 712 287 0 0 335 41 0
0 0 14 0 0 847 559 777 577 0 0 0 0 485 102 594 0 742 0 0 0 0 0 0 0 1014 0 0 0 0 598 0 0 591 0 0 0 596 0 0 0 235 0 0 0 258 479 0 221 0 0

0 0 2
0 0 5
0 0 6
0 0 11
0 0 12
0 0 13
0 0 16
0 0 17
0 0 19
0 0 21
0 0 22
0 0 26
0 0 28
0 0 30
0 0 35
0 0 36
0 0 37
0 0 38
0 0 40
0 0 41
0 0 43
0 0 44
0 0 45
0 1 1
0 1 2
0 1 3
0 1 5
0 1 7
0 1 9
0 1 10
0 1 13
0 1 14
0 1 20
0 1 22
0 1 23
0 1 24
0 1 25
0 1 29
0 1 33
0 1 34
0 1 35
0 1 36
0 1 38
0 1 40
0 1 43
0 1 44
0 2 0
0 2 2
0 2 3
0 2 4
0 2 5
0 2 6
0 2 7
0 2 8
0 2 9
0 2 11
0 2 12
0 2 13
0 2 16
0 2 18
0 2 19
0 2 20
0 2 22
0 2 23
0 2 24
0 2 30
0 2 31
0 2 34
0 2 35
0 2 36
0 2 39
0 2 40
0 2 44
0 2 45
0 3 0
0 3 1
0 3 7
0 3 10
0 3 12
0 3 14
0 3 16
0 3 18
0 3 20
0 3 21
0 3 22
0 3 23
0 3 24
0 3 27
0 3 28
0 3 30
0 3 32
0 3 33
0 3 34
0 3 35
0 3 37
0 3 38
0 3 40
0 3 41
0 3 43
0 4 0
0 4 1
0 4 2
0 4 9
0 4 10
0 4 12
0 4 14
0 4 15
0 4 16
0 4 17
0 4 18
0 4 19
0 4 21
0 4 23
0 4 24
0 4 29
0 4 30
0 4 31
0 4 33
0 4 35
0 4 39
0 4 40
0 4 43
0 4 44
0 4 45
0 5 1
0 5 2
0 5 4
0 5 5
0 5 6
0 5 8
0 5 10
0 5 12
0 5 15
0 5 16
0 5 17
0 5 18
0 5 24
0 5 30
0 5 32
0 5 34
0 5 38
0 5 40
0 5 41
0 5 42
0 6 0
0 6 3
0 6 7
0 6 8
0 6 9
0 6 10
0 6 13
0 6 15
0 6 20
0 6 21
0 6 23
0 6 25
0 6 26
0 6 27
0 6 28
0 6 31
0 6 32
0 6 33
0 6 36
0 6 39
0 6 41
0 6 42
0 7 1
0 7 4
0 7 8
0 7 12
0 7 14
0 7 17
0 7 19
0 7 20
0 7 24
0 7 30
0 7 31
0 7 32
0 7 33
0 7 35
0 7 39
0 7 41
0 7 42
0 8 2
0 8 3
0 8 6
0 8 13
0 8 16
0 8 17
0 8 18
0 8 21
0 8 25
0 8 26
0 8 27
0 8 29
0 8 33
0 8 35
0 8 39
0 8 41
0 8 42
0 8 44
0 8 45
0 9 0
0 9 2
0 9 3
0 9 4
0 9 5
0 9 6
0 9 7
0 9 9
0 9 11
0 9 12
0 9 13
0 9 15
0 9 17
0 9 21
0 9 23
0 9 24
0 9 26
0 9 29
0 9 33
0 9 35
0 9 38
0 9 39
0 9 41
0 9 42
0 9 43
0 9 44
0 9 45
0 10 4
0 10 5
0 10 6
0 10 7
0 10 10
0 10 11
0 10 12
0 10 14
0 10 18
0 10 19
0 10 23
0 10 24
0 10 25
0 10 27
0 10 28
0 10 30
0 10 31
0 10 33
0 10 34
0 10 35
0 10 38
0 10 41
0 10 43
0 10 45
0 11 1
0 11 2
0 11 3
0 11 4
0 11 6
0 11 8
0 11 9
0 11 11
0 11 13
0 11 14
0 11 15
0 11 16
0 11 18
0 11 20
0 11 21
0 11 22
0 11 23
0 11 26
0 11 27
0 11 31
0 11 34
0 11 36
0 11 38
0 11 39
0 11 41
0 11 42
0 12 1
0 12 2
0 12 4
0 12 7
0 12 10
0 12 12
0 12 14
0 12 16
0 12 17
0 12 18
0 12 19
0 12 21
0 12 22
0 12 26
0 12 27
0 12 28
0 12 30
0 12 31
0 12 32
0 12 33
0 12 35
0 12 36
0 12 40
0 12 42
0 12 45
0 13 0
0 13 2
0 13 8
0 13 11
0 13 13
0 13 15
0 13 16
0 13 20
0 13 21
0 13 25
0 13 27
0 13 28
0 13 31
0 13 32
0 13 33
0 13 34
0 13 36
0 13 37
0 13 41
0 13 42
0 13 44
0 13 45
0 14 0
0 14 2
0 14 5
0 14 6
0 14 12
0 14 13
0 14 17
0 14 18
0 14 19
0 14 22
0 14 24
0 14 26
0 14 28
0 14 30
0 14 32
0 14 35
0 14 36
0 14 37
0 14 42
0 14 45
0 15 3
0 15 5
0 15 7
0 15 9
0 15 15
0 15 16
0 15 18
0 15 19
0 15 21
0 15 22
0 15 23
0 15 25
0 15 26
0 15 27
0 15 28
0 15 29
0 15 30
0 15 35
0 15 37
0 15 38
0 15 41
0 15 43
0 15 44
0 16 0
0 16 2
0 16 3
0 16 5
0 16 11
0 16 12
0 16 13
0 16 14
0 16 15
0 16 17
0 16 18
0 16 19
0 16 20
0 16 24
0 16 27
0 16 28
0 16 29
0 16 31
0 16 33
0 16 34
0 16 35
0 16 36
0 16 40
0 16 42
0 16 44
0 16 45
0 17 0
0 17 3
0 17 4
0 17 5
0 17 9
0 17 11
0 17 12
0 17 14
0 17 15
0 17 17
0 17 18
0 17 19
0 17 21
0 17 22
0 17 23
0 17 26
0 17 28
0 17 30
0 17 31
0 17 32
0 17 33
0 17 34
0 17 35
0 17 36
0 17 38
0 17 40
0 17 45
0 18 1
0 18 3
0 18 4
0 18 5
0 18 8
0 18 9
0 18 10
0 18 13
0 18 14
0 18 16
0 18 17
0 18 21
0 18 24
0 18 33
0 18 37
0 18 38
0 18 41
0 18 42
0 19 0
0 19 3
0 19 4
0 19 5
0 19 7
0 19 8
0 19 9
0 19 10
0 19 13
0 19 15
0 19 16
0 19 17
0 19 18
0 19 19
0 19 20
0 19 22
0 19 25
0 19 28
0 19 30
0 19 33
0 19 36
0 19 38
0 19 39
0 19 40
0 19 41
0 19 42
0 19 45
0 20 1
0 20 2
0 20 4
0 20 5
0 20 8
0 20 11
0 20 12
0 20 16
0 20 18
0 20 20
0 20 21
0 20 23
0 20 24
0 20 27
0 20 28
0 20 29
0 20 30
0 20 31
0 20 35
0 20 36
0 20 39
0 20 42
0 20 43
0 20 44
0 21 1
0 21 5
0 21 7
0 21 10
0 21 16
0 21 20
0 21 21
0 21 23
0 21 24
0 21 26
0 21 27
0 21 31
0 21 32
0 21 33
0 21 35
0 21 36
0 21 39
0 21 40
0 21 41
0 21 44
0 21 45
0 22 2
0 22 6
0 22 8
0 22 9
0 22 13
0 22 14
0 22 15
0 22 17
0 22 19
0 22 21
0 22 24
0 22 25
0 22 26
0 22 27
0 22 29
0 22 32
0 22 33
0 22 35
0 22 36
0 22 37
0 22 39
0 23 0
0 23 3
0 23 4
0 23 5
0 23 6
0 23 11
0 23 12
0 23 14
0 23 15
0 23 17
0 23 18
0 23 19
0 23 21
0 23 25
0 23 27
0 23 31
0 23 32
0 23 35
0 23 36
0 23 40
0 23 41
0 23 45
0 24 0
0 24 3
0 24 5
0 24 10
0 24 11
0 24 12
0 24 18
0 24 20
0 24 21
0 24 22
0 24 34
0 24 41
0 24 42
0 24 43
0 25 0
0 25 2
0 25 3
0 25 4
0 25 5
0 25 6
0 25 7
0 25 8
0 25 9
0 25 10
0 25 11
0 25 12
0 25 13
0 25 14
0 25 16
0 25 17
0 25 19
0 25 21
0 25 22
0 25 26
0 25 31
0 25 32
0 25 33
0 25 38
0 25 39
0 25 44
0 26 2
0 26 4
0 26 5
0 26 9
0 26 11
0 26 12
0 26 13
0 26 17
0 26 19
0 26 20
0 26 21
0 26 22
0 26 25
0 26 28
0 26 29
0 26 30
0 26 31
0 26 32
0 26 33
0 26 34
0 26 35
0 26 36
0 26 39
0 26 41
0 26 42
0 26 44
0 26 45
0 27 0
0 27 1
0 27 2
0 27 3
0 27 4
0 27 5
0 27 6
0 27 7
0 27 8
0 27 9
0 27 12
0 27 13
0 27 16
0 27 17
0 27 19
0 27 21
0 27 22
0 27 25
0 27 31
0 27 32
0 27 33
0 27 38
0 27 39
0 27 43
0 27 45
0 28 0
0 28 4
0 28 6
0 28 7
0 28 9
0 28 10
0 28 11
0 28 12
0 28 13
0 28 15
0 28 18
0 28 23
0 28 26
0 28 29
0 28 32
0 28 34
0 28 35
0 28 36
0 28 38
0 28 40
0 28 42
0 29 0
0 29 1
0 29 2
0 29 6
0 29 7
0 29 10
0 29 13
0 29 14
0 29 16
0 29 19
0 29 23
0 29 24
0 29 33
0 29 37
0 29 40
0 29 41
0 29 42
0 29 44
0 30 9
0 30 11
0 30 12
0 30 13
0 30 15
0 30 16
0 30 18
0 30 21
0 30 23
0 30 25
0 30 28
0 30 29
0 30 32
0 30 33
0 30 36
0 30 37
0 30 40
0 30 42
0 30 43
0 31 0
0 31 2
0 31 4
0 31 5
0 31 6
0 31 7
0 31 8
0 31 9
0 31 10
0 31 11
0 31 12
0 31 13
0 31 14
0 31 16
0 31 17
0 31 20
0 31 21
0 31 26
0 31 27
0 31 28
0 31 30
0 31 35
0 31 37
0 31 38
0 31 41
0 31 42
0 31 43
0 32 3
0 32 6
0 32 7
0 32 8
0 32 10
0 32 11
0 32 13
0 32 15
0 32 16
0 32 17
0 32 19
0 32 22
0 32 25
0 32 29
0 32 30
0 32 31
0 32 32
0 32 34
0 32 38
0 32 40
0 32 41
0 32 42
0 32 45
0 33 8
0 33 9
0 33 10
0 33 11
0 33 13
0 33 14
0 33 15
0 33 16
0 33 19
0 33 20
0 33 22
0 33 23
0 33 27
0 33 31
0 33 35
0 33 36
0 33 39
0 33 44
0 33 45
0 34 3
0 34 4
0 34 13
0 34 15
0 34 16
0 34 17
0 34 18
0 34 19
0 34 21
0 34 22
0 34 24
0 34 26
0 34 28
0 34 29
0 34 30
0 34 31
0 34 36
0 34 39
0 34 41
0 34 42
0 34 43
0 34 44
0 35 0
0 35 2
0 35 6
0 35 7
0 35 12
0 35 13
0 35 14
0 35 18
0 35 20
0 35 21
0 35 24
0 35 25
0 35 27
0 35 29
0 35 30
0 35 31
0 35 32
0 35 33
0 35 35
0 35 36
0 35 41
0 35 43
0 35 44
0 36 0
0 36 1
0 36 2
0 36 4
0 36 6
0 36 7
0 36 8
0 36 9
0 36 10
0 36 12
0 36 14
0 36 19
0 36 20
0 36 21
0 36 23
0 36 25
0 36 26
0 36 29
0 36 34
0 36 38
0 36 40
0 36 43
0 37 0
0 37 2
0 37 3
0 37 5
0 37 6
0 37 11
0 37 12
0 37 19
0 37 20
0 37 22
0 37 23
0 37 24
0 37 26
0 37 29
0 37 31
0 37 32
0 37 34
0 37 36
0 37 40
0 37 41
0 37 43
0 37 45
0 38 0
0 38 3
0 38 7
0 38 8
0 38 9
0 38 12
0 38 14
0 38 15
0 38 17
0 38 19
0 38 22
0 38 23
0 38 24
0 38 25
0 38 31
0 38 32
0 38 33
0 38 35
0 38 37
0 38 39
0 38 43
0 38 44
0 39 8
0 39 9
0 39 12
0 39 13
0 39 14
0 39 17
0 39 18
0 39 19
0 39 20
0 39 24
0 39 26
0 39 27
0 39 28
0 39 29
0 39 31
0 39 32
0 39 33
0 39 34
0 39 35
0 39 37
0 39 41
0 39 43
0 39 44
0 40 0
0 40 5
0 40 6
0 40 8
0 40 10
0 40 13
0 40 14
0 40 15
0 40 18
0 40 19
0 40 23
0 40 25
0 40 27
0 40 30
0 40 35
0 40 36
0 40 38
0 40 39
0 40 41
0 40 43
0 41 0
0 41 2
0 41 3
0 41 4
0 41 6
0 41 7
0 41 8
0 41 10
0 41 11
0 41 12
0 41 13
0 41 14
0 41 15
0 41 17
0 41 18
0 41 19
0 41 20
0 41 23
0 41 24
0 41 25
0 41 26
0 41 27
0 41 29
0 41 35
0 41 36
0 41 37
0 41 39
0 41 42
0 41 44
0 42 0
0 42 3
0 42 5
0 42 6
0 42 7
0 42 9
0 42 10
0 42 15
0 42 16
0 42 19
0 42 20
0 42 21
0 42 22
0 42 23
0 42 27
0 42 28
0 42 29
0 42 30
0 42 31
0 42 33
0 42 34
0 42 35
0 42 36
0 42 38
0 42 40
0 42 41
0 42 44
0 43 0
0 43 1
0 43 3
0 43 4
0 43 6
0 43 14
0 43 15
0 43 16
0 43 20
0 43 21
0 43 23
0 43 24
0 43 25
0 43 28
0 43 29
0 43 31
0 43 34
0 43 37
0 43 38
0 43 39
0 43 40
0 43 42
0 44 0
0 44 3
0 44 6
0 44 7
0 44 8
0 44 14
0 44 15
0 44 16
0 44 17
0 44 19
0 44 21
0 44 24
0 44 25
0 44 26
0 44 30
0 44 33
0 44 35
0 44 37
0 44 38
0 44 39
0 44 40
0 44 41
0 44 43
0 44 44
0 45 3
0 45 4
0 45 5
0 45 6
0 45 9
0 45 10
0 45 12
0 45 14
0 45 19
0 45 22
0 45 23
0 45 25
0 45 27
0 45 28
0 45 29
0 45 31
0 45 33
0 45 35
0 45 38
0 45 40
0 45 42
0 45 44
0 45 45
0 46 2
0 46 4
0 46 10
0 46 12
0 46 20
0 46 21
0 46 22
0 46 23
0 46 27
0 46 29
0 46 30
0 46 31
0 46 32
0 46 34
0 46 40
0 46 41
0 46 42
0 47 1
0 47 3
0 47 5
0 47 11
0 47 15
0 47 18
0 47 20
0 47 22
0 47 25
0 47 26
0 47 27
0 47 29
0 47 32
0 47 34
0 47 35
0 47 38
0 47 39
0 47 40
0 47 43
0 47 44
0 47 45
0 48 2
0 48 3
0 48 4
0 48 6
0 48 8
0 48 9
0 48 11
0 48 13
0 48 15
0 48 19
0 48 21
0 48 23
0 48 25
0 48 26
0 48 28
0 48 29
0 48 31
0 48 32
0 48 35
0 48 36
0 48 37
0 48 38
0 48 39
0 48 40
0 48 41
0 48 42
0 48 43
0 48 44
0 48 45
0 49 0
0 49 1
0 49 4
0 49 5
0 49 6
0 49 8
0 49 10
0 49 13
0 49 18
0 49 20
0 49 22
0 49 24
0 49 25
0 49 26
0 49 27
0 49 30
0 49 31
0 49 32
0 49 33
0 49 34
0 49 35
0 49 37
0 49 39
0 49 42
0 49 43
0 49 44
0 50 0
0 50 1
0 50 2
0 50 5
0 50 12
0 50 14
0 50 16
0 50 17
0 50 18
0 50 19
0 50 21
0 50 23
0 50 25
0 50 26
0 50 28
0 50 31
0 50 32
0 50 35
0 50 39
0 50 41
0 50 42
0 50 43
0 50 45
0 51 0
0 51 4
0 51 7
0 51 10
0 51 14
0 51 16
0 51 20
0 51 22
0 51 23
0 51 24
0 51 26
0 51 27
0 51 28
0 51 31
0 51 33
0 51 37
0 51 38
0 51 39
0 51 45
0 52 0
0 52 1
0 52 7
0 52 8
0 52 9
0 52 10
0 52 11
0 52 15
0 52 20
0 52 23
0 52 25
0 52 26
0 52 28
0 52 34
0 52 35
0 52 36
0 52 37
0 52 38
0 52 40
0 52 44
0 52 45
0 53 0
0 53 1
0 53 4
0 53 5
0 53 6
0 53 8
0 53 9
0 53 11
0 53 12
0 53 13
0 53 14
0 53 16
0 53 17
0 53 18
0 53 21
0 53 22
0 53 23
0 53 24
0 53 28
0 53 29
0 53 31
0 53 35
0 53 36
0 53 38
0 53 40
0 53 42
0 53 43
0 53 44
0 54 0
0 54 2
0 54 3
0 54 5
0 54 7
0 54 8
0 54 9
0 54 12
0 54 13
0 54 14
0 54 16
0 54 20
0 54 21
0 54 27
0 54 29
0 54 32
0 54 34
0 54 36
0 54 37
0 54 38
0 54 40
0 54 43
0 55 2
0 55 8
0 55 10
0 55 15
0 55 18
0 55 20
0 55 21
0 55 23
0 55 24
0 55 25
0 55 26
0 55 27
0 55 28
0 55 34
0 55 36
0 55 37
0 55 38
0 55 39
0 55 40
0 55 41
0 55 42
0 55 43
0 55 45
0 56 0
0 56 2
0 56 3
0 56 4
0 56 6
0 56 7
0 56 9
0 56 11
0 56 13
0 56 16
0 56 17
0 56 18
0 56 19
0 56 20
0 56 21
0 56 24
0 56 25
0 56 27
0 56 28
0 56 29
0 56 32
0 56 33
0 56 35
0 56 38
0 56 42
0 57 0
0 57 1
0 57 3
0 57 4
0 57 5
0 57 7
0 57 10
0 57 11
0 57 13
0 57 17
0 57 23
0 57 24
0 57 25
0 57 27
0 57 28
0 57 29
0 57 30
0 57 32
0 57 36
0 57 40
0 57 41
0 57 43
0 57 45
0 58 8
0 58 9
0 58 10
0 58 12
0 58 13
0 58 16
0 58 18
0 58 24
0 58 26
0 58 29
0 58 32
0 58 35
0 58 37
0 58 38
0 58 40
0 58 41
0 58 43
0 58 44
0 58 45
0 59 0
0 59 1
0 59 2
0 59 3
0 59 5
0 59 6
0 59 9
0 59 10
0 59 11
0 59 12
0 59 14
0 59 18
0 59 19
0 59 20
0 59 23
0 59 24
0 59 25
0 59 26
0 59 27
0 59 32
0 59 34
0 59 35
0 59 36
0 59 38
0 59 41
0 59 42
0 59 44
0 59 45
1 0 4
1 0 6
1 0 7
1 1 1
1 1 2
1 1 3
1 1 7
1 1 8
1 2 1
1 2 8
1 2 9
1 3 5
1 3 6
1 3 7
1 3 8
1 4 0
1 4 7
1 4 9
1 5 0
1 5 2
1 5 3
1 5 5
1 5 6
1 6 2
1 6 6
1 6 7
1 6 8
1 7 2
1 7 4
1 7 5
1 7 7
1 7 8
1 7 9
1 8 2
1 8 4
1 8 6
1 8 8
1 9 0
1 9 1
1 9 4
1 9 5
1 9 7
1 9 8
1 10 1
1 10 2
1 10 3
1 10 6
1 10 9
1 11 0
1 11 2
1 11 5
1 11 9
1 12 1
1 12 3
1 12 6
1 12 9
1 13 0
1 13 3
1 13 4
1 13 5
1 13 6
1 13 9
1 14 0
1 14 1
1 14 3
1 14 4
1 14 6
1 15 0
1 15 2
1 15 3
1 15 6
1 15 9
1 16 4
1 16 5
1 16 7
1 16 8
1 16 9
1 17 0
1 17 1
1 17 2
1 17 5
1 17 8
1 17 9
1 18 2
1 18 3
1 18 8
1 19 0
1 19 2
1 19 6
1 19 7
1 19 9
1 20 1
1 20 3
1 20 4
1 20 6
1 20 8
1 21 2
1 21 3
1 21 4
1 21 5
1 21 7
1 21 8
1 22 1
1 22 4
1 22 5
1 22 6
1 23 0
1 23 1
1 23 2
1 23 3
1 23 4
1 23 9
1 24 2
1 24 5
1 24 6
1 24 7
1 25 2
1 25 3
1 25 4
1 25 5
1 25 6
1 26 0
1 26 2
1 26 3
1 26 4
1 26 5
1 26 7
1 26 9
1 27 0
1 27 2
1 27 3
1 27 5
1 27 6
1 27 7
1 27 8
1 28 1
1 28 2
1 28 5
1 28 6
1 28 8
1 28 9
1 29 0
1 29 1
1 29 2
1 29 4
1 29 5
1 29 8
1 29 9
1 30 0
1 30 3
1 30 4
1 30 6
1 30 7
1 30 9
1 31 0
1 31 2
1 31 4
1 31 5
1 31 6
1 31 8
1 31 9
1 32 2
1 32 3
1 32 4
1 32 5
1 32 7
1 32 8
1 33 6
1 33 7
1 33 9
1 34 3
1 34 6
1 34 8
1 34 9
1 35 0
1 35 1
1 35 5
1 35 6
1 35 8
1 35 9
1 36 2
1 36 3
1 36 4
1 36 7
1 36 8
1 36 9
1 37 2
1 37 4
1 37 5
1 37 6
1 38 1
1 38 3
1 38 4
1 38 5
1 38 6
1 38 7
1 38 8
1 38 9
1 39 0
1 39 2
1 39 4
1 39 7
1 39 9
1 40 0
1 40 8
1 40 9
1 41 3
1 41 4
1 41 7
1 42 0
1 42 1
1 42 3
1 42 4
1 42 7
1 43 0
1 43 1
1 43 3
1 43 5
1 43 8
1 44 0
1 44 1
1 44 2
1 44 3
1 44 5
1 44 6
1 44 8
1 45 0
1 45 1
1 45 3
1 45 9
2 0 7
2 0 8
2 0 10
2 1 1
2 1 3
2 1 5
2 1 8
2 1 9
2 1 11
2 2 0
2 2 1
2 2 2
2 2 3
2 2 7
2 2 9
2 2 10
2 2 11
2 2 12
2 3 2
2 3 3
2 3 6
2 3 7
2 3 12
2 4 1
2 4 3
2 4 7
2 4 8
2 4 9
2 4 12
2 5 3
2 5 5
2 5 8
2 5 11
2 5 12
2 6 0
2 6 1
2 6 6
2 6 8
2 6 9
2 6 12
2 7 0
2 7 1
2 7 2
2 7 5
2 7 6
2 7 7
2 7 8
2 7 10
2 7 12
2 8 0
2 8 1
2 8 2
2 8 3
2 8 4
2 8 7
2 8 9
2 8 12
2 9 0
2 9 2
2 9 8
2 9 9
2 9 10
2 9 11
3 0 0
3 0 1
3 0 2
3 0 4
3 0 5
3 0 8
3 0 9
3 0 12
3 0 15
3 0 16
3 0 18
3 0 20
3 0 21
3 0 24
3 0 26
3 0 27
3 0 28
3 0 29
3 0 30
3 0 34
3 0 35
3 0 36
3 0 39
3 0 43
3 0 45
3 0 46
3 0 50
3 1 0
3 1 2
3 1 6
3 1 9
3 1 10
3 1 11
3 1 13
3 1 16
3 1 17
3 1 18
3 1 20
3 1 22
3 1 23
3 1 24
3 1 28
3 1 30
3 1 33
3 1 34
3 1 37
3 1 41
3 1 42
3 1 43
3 1 47
3 1 49
3 2 1
3 2 3
3 2 4
3 2 5
3 2 6
3 2 10
3 2 11
3 2 14
3 2 17
3 2 20
3 2 22
3 2 23
3 2 25
3 2 26
3 2 28
3 2 30
3 2 31
3 2 34
3 2 35
3 2 36
3 2 38
3 2 40
3 2 41
3 2 44
3 2 47
3 2 48
3 2 49
3 2 50
3 3 2
3 3 3
3 3 5
3 3 6
3 3 7
3 3 8
3 3 10
3 3 12
3 3 14
3 3 15
3 3 16
3 3 17
3 3 18
3 3 19
3 3 24
3 3 25
3 3 26
3 3 28
3 3 30
3 3 32
3 3 34
3 3 36
3 3 37
3 3 39
3 3 40
3 3 43
3 3 46
3 3 48
3 3 49
3 4 0
3 4 2
3 4 4
3 4 5
3 4 6
3 4 8
3 4 11
3 4 12
3 4 13
3 4 14
3 4 15
3 4 16
3 4 17
3 4 19
3 4 22
3 4 25
3 4 26
3 4 27
3 4 29
3 4 31
3 4 32
3 4 33
3 4 34
3 4 35
3 4 37
3 4 38
3 4 40
3 4 43
3 4 45
3 4 47
3 4 48
3 5 2
3 5 3
3 5 4
3 5 6
3 5 11
3 5 12
3 5 17
3 5 24
3 5 26
3 5 28
3 5 29
3 5 31
3 5 32
3 5 35
3 5 37
3 5 38
3 5 40
3 5 42
3 5 43
3 5 45
3 5 47
3 5 48
3 5 49
3 6 1
3 6 4
3 6 11
3 6 12
3 6 14
3 6 15
3 6 17
3 6 18
3 6 20
3 6 25
3 6 26
3 6 32
3 6 33
3 6 34
3 6 39
3 6 42
3 6 43
3 6 45
3 6 47
3 6 50
3 7 3
3 7 4
3 7 6
3 7 7
3 7 8
3 7 10
3 7 15
3 7 17
3 7 19
3 7 20
3 7 22
3 7 23
3 7 26
3 7 30
3 7 33
3 7 34
3 7 35
3 7 36
3 7 39
3 7 40
3 7 42
3 7 43
3 7 47
3 7 49
3 8 2
3 8 3
3 8 5
3 8 7
3 8 9
3 8 11
3 8 12
3 8 14
3 8 17
3 8 18
3 8 19
3 8 20
3 8 21
3 8 22
3 8 23
3 8 25
3 8 27
3 8 29
3 8 32
3 8 35
3 8 36
3 8 37
3 8 38
3 8 39
3 8 40
3 8 42
3 8 43
3 8 45
3 8 47
3 8 48
3 8 50
3 9 0
3 9 1
3 9 3
3 9 4
3 9 6
3 9 10
3 9 11
3 9 12
3 9 15
3 9 16
3 9 18
3 9 20
3 9 22
3 9 24
3 9 30
3 9 31
3 9 32
3 9 39
3 9 40
3 9 42
3 9 45
3 9 46
3 9 47
3 9 49
3 10 0
3 10 3
3 10 4
3 10 7
3 10 10
3 10 11
3 10 12
3 10 14
3 10 15
3 10 19
3 10 26
3 10 29
3 10 30
3 10 31
3 10 32
3 10 33
3 10 37
3 10 40
3 10 42
3 10 45
3 10 47
3 10 49
3 11 0
3 11 8
3 11 10
3 11 13
3 11 15
3 11 16
3 11 17
3 11 18
3 11 19
3 11 21
3 11 22
3 11 23
3 11 24
3 11 27
3 11 29
3 11 32
3 11 34
3 11 38
3 11 39
3 11 41
3 11 42
3 11 43
3 11 44
3 11 45
3 11 47
3 11 49
3 11 50
3 12 1
3 12 2
3 12 5
3 12 7
3 12 9
3 12 10
3 12 11
3 12 12
3 12 14
3 12 18
3 12 22
3 12 24
3 12 25
3 12 26
3 12 27
3 12 30
3 12 32
3 12 33
3 12 34
3 12 35
3 12 38
3 12 39
3 12 40
3 12 45
3 12 47
3 12 49