1666
15
30 41 24 27 26 25 27 37 25 38 35 31 34 24 26
3000

0 0 576 572 713 743 131 0 0 87 62 0 71 0 69 0 0 0 27 100 0 89 53 0 0 79 0 49 67 95
301 250 0 0 0 386 280 0 0 267 780 92 0 25 70 64 20 53 67 37 62 0 19 95 63 0 93 0 0 0 1 15 47 0 51 0 0 30 69 49 0
0 0 739 49 0 228 0 93 36 98 0 0 43 75 0 27 52 0 50 21 0 47 0 99
0 0 0 0 558 0 75 0 0 93 2 95 49 0 0 26 0 0 0 0 42 20 0 0 0 0 0
0 0 192 0 283 0 0 0 100 0 0 51 36 70 0 0 82 0 0 31 77 82 0 0 64 22
0 0 0 0 0 0 960 69 67 41 0 0 0 34 29 94 95 48 5 78 0 0 78 66 0
0 314 443 0 445 672 168 0 0 0 62 0 11 0 0 39 39 4 0 0 0 89 0 94 72 0 17
471 0 0 107 815 0 721 131 12 453 0 0 59 56 26 4 99 0 3 37 22 65 0 0 61 0 11 0 0 0 30 0 53 0 88 0 0
265 0 0 677 0 0 935 0 71 75 68 0 0 0 0 44 0 72 67 0 0 96 31 0 0
0 443 0 810 0 46 0 794 0 745 0 7 61 94 80 40 0 0 36 41 13 42 70 0 81 0 78 0 56 0 0 67 0 0 32 47 100 0
166 0 743 8 998 974 17 0 992 49 0 0 99 0 0 36 0 68 0 40 0 0 72 62 47 0 52 71 0 84 0 0 56 67 58
0 416 0 525 0 0 656 0 0 0 0 78 0 0 0 0 0 57 85 86 0 68 0 0 77 0 12 0 32 48 0
0 0 0 470 0 0 568 0 472 34 0 0 0 0 0 53 0 0 0 35 0 0 0 72 0 0 0 0 0 31 0 0 18 0
0 140 730 14 296 693 0 0 49 31 0 0 67 0 0 47 0 95 0 0 34 54 0 89
0 0 772 153 943 578 804 52 0 100 50 93 57 51 0 85 0 49 0 0 24 90 68 0 59 19

0 0 5
0 0 11
0 0 15
0 0 23
0 0 26
0 0 27
0 0 31
0 0 34
0 0 36
0 0 37
0 0 38
0 0 40
0 1 1
0 1 7
0 1 19
0 1 20
0 1 26
0 1 28
0 1 29
0 1 33
0 1 35
0 1 40
0 2 6
0 2 7
0 2 8
0 2 12
0 2 13
0 2 22
0 2 25
0 2 26
0 2 29
0 2 30
0 2 38
0 2 39
0 2 40
0 3 5
0 3 7
0 3 14
0 3 15
0 3 17
0 3 18
0 3 22
0 3 23
0 3 24
0 3 27
0 3 30
0 3 34
0 3 38
0 4 0
0 4 8
0 4 10
0 4 14
0 4 21
0 4 26
0 4 27
0 4 29
0 4 36
0 4 38
0 5 0
0 5 3
0 5 5
0 5 6
0 5 11
0 5 13
0 5 16
0 5 17
0 5 22
0 5 23
0 5 26
0 5 30
0 5 37
0 5 38
0 6 0
0 6 1
0 6 2
0 6 3
0 6 8
0 6 10
0 6 15
0 6 16
0 6 17
0 6 19
0 6 33
0 7 0
0 7 7
0 7 8
0 7 16
0 7 24
0 7 25
0 7 27
0 7 34
0 8 1
0 8 2
0 8 3
0 8 4
0 8 5
0 8 9
0 8 12
0 8 15
0 8 24
0 8 25
0 8 27
0 8 29
0 8 38
0 9 2
0 9 3
0 9 8
0 9 11
0 9 13
0 9 21
0 9 26
0 9 32
0 9 35
0 9 38
0 9 39
0 9 40
0 10 1
0 10 8
0 10 9
0 10 19
0 10 25
0 10 28
0 10 31
0 10 33
0 10 37
0 10 39
0 10 40
0 11 7
0 11 9
0 11 10
0 11 17
0 11 18
0 11 19
0 11 25
0 11 26
0 11 34
0 12 7
0 12 9
0 12 13
0 12 17
0 12 20
0 12 22
0 12 23
0 12 24
0 12 28
0 12 30
0 12 38
0 13 6
0 13 13
0 13 14
0 13 15
0 13 19
0 13 21
0 13 26
0 13 27
0 13 28
0 13 34
0 13 35
0 13 37
0 14 5
0 14 7
0 14 8
0 14 11
0 14 15
0 14 16
0 14 23
0 14 25
0 14 27
0 14 39
0 15 8
0 15 16
0 15 19
0 15 24
0 15 27
0 15 29
0 16 0
0 16 1
0 16 5
0 16 7
0 16 8
0 16 9
0 16 11
0 16 17
0 16 18
0 16 27
0 16 30
0 16 31
0 16 33
0 16 38
0 16 39
0 17 7
0 17 13
0 17 15
0 17 32
0 18 0
0 18 5
0 18 8
0 18 17
0 18 35
0 19 0
0 19 2
0 19 14
0 19 16
0 19 18
0 19 19
0 19 25
0 19 27
0 19 29
0 19 30
0 19 34
0 19 35
0 19 38
0 20 1
0 20 3
0 20 11
0 20 12
0 20 18
0 20 24
0 20 33
0 20 36
0 20 40
0 21 6
0 21 13
0 21 19
0 21 25
0 21 30
0 21 37
0 22 0
0 22 2
0 22 3
0 22 6
0 22 14
0 22 15
0 22 17
0 22 23
0 22 24
0 22 26
0 22 29
0 22 33
0 22 36
0 22 40
0 23 0
0 23 5
0 23 7
0 23 9
0 23 10
0 23 13
0 23 14
0 23 18
0 23 21
0 23 24
0 23 25
0 23 28
0 23 36
0 23 39
0 23 40
0 24 6
0 24 7
0 24 9
0 24 18
0 24 21
0 24 25
0 24 32
0 25 1
0 25 2
0 25 6
0 25 7
0 25 12
0 25 24
0 25 25
0 25 27
0 25 28
0 25 38
0 25 40
0 26 5
0 26 13
0 26 16
0 26 21
0 26 25
0 26 26
0 26 27
0 27 3
0 27 6
0 27 9
0 27 12
0 27 13
0 27 24
0 27 28
0 27 38
0 28 10
0 28 15
0 28 16
0 28 18
0 28 21
0 28 26
0 28 27
0 28 28
0 28 37
0 29 0
0 29 4
0 29 8
0 29 9
0 29 12
0 29 34
1 0 0
1 0 5
1 0 10
1 0 15
1 0 20
1 1 1
1 1 11
1 1 13
1 1 16
1 2 0
1 2 1
1 2 4
1 2 11
1 2 14
1 2 23
1 3 15
1 3 17
1 3 19
1 3 21
1 4 10
1 4 11
1 4 13
1 4 14
1 4 15
1 4 16
1 4 17
1 4 21
1 4 22
1 5 2
1 5 5
1 5 11
1 5 16
1 5 17
1 5 20
1 5 22
1 6 2
1 6 4
1 6 6
1 6 13
1 6 14
1 6 16
1 7 1
1 7 2
1 7 5
1 7 7
1 7 11
1 7 17
1 7 19
1 7 20
1 7 22
1 8 1
1 8 7
1 8 9
1 8 16
1 8 17
1 9 2
1 9 15
1 9 19
1 9 21
1 9 23
1 10 10
1 10 11
1 10 13
1 10 14
1 10 15
1 10 18
1 10 20
1 10 23
1 11 2
1 11 3
1 11 4
1 12 4
1 12 10
1 12 21
1 13 0
1 13 2
1 13 16
1 13 18
1 13 20
1 14 1
1 14 11
1 14 17
1 14 20
1 15 2
1 15 6
1 15 13
1 15 17
1 15 19
1 16 1
1 16 6
1 16 8
1 16 11
1 16 14
1 16 16
1 16 18
1 16 20
1 16 21
1 16 23
1 17 2
1 17 3
1 17 6
1 17 10
1 17 12
1 17 13
1 17 14
1 17 17
1 17 19
1 18 1
1 18 3
1 18 12
1 18 13
1 18 23
1 19 4
1 19 5
1 19 10
1 19 17
1 19 18
1 20 7
1 20 11
1 20 18
1 21 0
1 21 5
1 21 9
1 21 10
1 21 11
1 22 6
1 22 12
1 23 0
1 23 2
1 23 11
1 23 17
1 23 18
1 24 6
1 24 7
1 24 11
1 24 13
1 24 17
1 24 23
1 25 0
1 25 3
1 25 4
1 25 7
1 25 10
1 25 12
1 25 13
1 25 19
1 26 2
1 26 11
1 26 12
1 26 13
1 26 16
1 26 17
1 26 18
1 26 20
1 26 23
1 27 1
1 27 14
1 27 16
1 27 17
1 27 18
1 28 0
1 28 1
1 28 5
1 28 11
1 28 17
1 28 23
1 29 7
1 29 10
1 29 11
1 29 12
1 29 18
1 29 23
1 30 1
1 30 2
1 30 4
1 30 9
1 30 11
1 30 15
1 30 19
1 31 3
1 31 10
1 31 13
1 31 15
1 31 16
1 32 9
1 32 13
1 32 14
1 33 0
1 33 1
1 33 3
1 33 5
1 33 8
1 33 12
1 33 16
1 33 22
1 34 4
1 34 7
1 34 14
1 34 17
1 34 20
1 34 21
1 34 22
1 35 9
1 35 15
1 35 16
1 35 19
1 35 22
1 35 23
1 36 3
1 36 5
1 36 9
1 36 12
1 36 14
1 37 5
1 37 6
1 37 7
1 37 12
1 37 14
1 37 20
1 38 2
1 38 4
1 38 17
1 38 18
1 39 0
1 39 5
1 39 8
1 39 9
1 39 10
1 39 12
1 39 17
1 39 19
1 39 22
1 39 23
1 40 3
1 40 16
1 40 20
2 0 1
2 0 6
2 0 7
2 0 9
2 0 10
2 0 13
2 0 15
2 1 9
2 1 14
2 1 20
2 1 21
2 1 26
2 2 1
2 2 4
2 2 5
2 2 11
2 2 18
2 2 26
2 3 5
2 3 16
2 3 21
2 4 0
2 4 3
2 4 5
2 4 22
2 4 24
2 5 2
2 5 6
2 5 8
2 5 10
2 5 13
2 5 14
2 5 23
2 6 3
2 6 5
2 6 7
2 6 9
2 6 10
2 6 13
2 6 21
2 6 22
2 6 26
2 7 2
2 7 13
2 7 14
2 7 25
2 8 3
2 8 4
2 8 5
2 8 6
2 8 10
2 8 11
2 8 15
2 9 10
2 9 17
2 9 19
2 9 20
2 9 22
2 9 25
2 10 0
2 10 4
2 10 6
2 10 7
2 10 9
2 10 10
2 10 15
2 10 16
2 10 18
2 10 19
2 10 25
2 11 4
2 11 15
2 11 18
2 11 21
2 11 24
2 11 25
2 12 1
2 12 2
2 12 4
2 12 9
2 12 13
2 12 14
2 12 17
2 12 20
2 12 24
2 13 11
2 13 14
2 13 18
2 13 24
2 14 10
2 14 14
2 14 16
2 14 20
2 15 0
2 15 3
2 15 7
2 15 8
2 15 9
2 15 10
2 15 17
2 15 18
2 15 25
2 15 26
2 16 6
2 16 7
2 16 8
2 16 9
2 16 11
2 16 15
2 16 17
2 16 22
2 16 24
2 17 0
2 17 1
2 17 3
2 17 5
2 17 6
2 17 8
2 17 11
2 17 20
2 18 2
2 18 9
2 18 12
2 18 17
2 18 19
2 18 25
2 19 1
2 19 5
2 19 25
2 20 7
2 20 9
2 20 12
2 20 14
2 21 0
2 21 1
2 21 2
2 21 4
2 21 8
2 21 10
2 21 13
2 21 15
2 21 19
2 21 24
2 22 5
2 22 8
2 22 16
2 22 19
2 22 23
2 22 25
2 23 2
2 23 5
2 23 11
2 23 12
2 23 13
2 23 17
3 0 12
3 0 19
3 0 24
3 0 25
3 1 2
3 1 3
3 1 5
3 1 8
3 1 9
3 1 15
3 1 23
3 2 3
3 2 4
3 2 7
3 2 12
3 2 13
3 2 20
3 3 0
3 3 3
3 3 4
3 3 6
3 3 8
3 3 9
3 3 21
3 3 24
3 4 3
3 4 4
3 4 7
3 4 15
3 4 16
3 4 21
3 5 2
3 5 8
3 5 14
3 5 17
3 5 21
3 6 1
3 6 5
3 6 11
3 6 13
3 6 14
3 6 21
3 6 22
3 6 23
3 7 7
3 7 13
3 7 17
3 8 0
3 8 9
3 8 12
3 8 23
3 8 25
3 9 2
3 9 5
3 9 6
3 9 7
3 9 13
3 9 21
3 9 25
3 10 3
3 10 4
3 10 12
3 10 18
3 10 19
3 10 24
3 11 1
3 11 5
3 11 7
3 11 10
3 11 15
3 11 24
3 11 25
3 12 5
3 12 7
3 12 10
3 12 13
3 12 15
3 12 17
3 12 21
3 12 23
3 13 3
3 13 6
3 13 7
3 13 8
3 13 9
3 13 12
3 13 14
3 13 15
3 13 17
3 14 4
3 14 16
3 14 19
3 14 21
3 14 24
3 15 9
3 15 10
3 15 12
3 15 19
3 16 1
3 16 3
3 16 8
3 16 10
3 16 14
3 16 19
3 16 23
3 16 24
3 17 1
3 17 7
3 17 8
3 17 13
3 17 25
3 18 1
3 18 6
3 18 9
3 18 21
3 19 0
3 19 2
3 19 19
3 20 1
3 20 3
3 20 4
3 20 15
3 20 17
3 20 19
3 20 20
3 20 23
3 21 0
3 21 1
3 21 6
3 21 7
3 21 11
3 21 14
3 21 21
3 21 25
3 22 1
3 22 9
3 22 23
3 23 1
3 23 18
3 23 20
3 24 0
3 24 1
3 24 5
3 24 8
3 24 13
3 24 14
3 24 23
3 24 25
3 25 10
3 25 13
3 25 24
3 26 2
3 26 4
3 26 6
3 26 15
3 26 16
3 26 23
3 26 24
4 0 0
4 0 1
4 0 8
4 0 9
4 0 10
4 0 11
4 0 16
4 0 18
4 0 19
4 0 22
4 0 24
4 1 2
4 1 4
4 1 7
4 1 12
4 1 14
4 1 20
4 1 23
4 1 24
4 2 1
4 2 3
4 2 8
4 2 14
4 2 19
4 2 20
4 2 21
4 2 22
4 3 0
4 3 6
4 3 7
4 3 21
4 4 0
4 4 1
4 4 4
4 4 13
4 4 14
4 4 15
4 4 16
4 4 20
4 5 9
4 5 11
4 5 19
4 5 21
4 6 2
4 6 11
4 6 23
4 7 23
4 8 0
4 8 6
4 8 9
4 8 10
4 8 19
4 9 14
4 9 16
4 9 20
4 9 24
4 10 0
4 10 9
4 10 12
4 10 16
4 10 20
4 10 21
4 10 22
4 11 7
4 11 8
4 11 11
4 11 14
4 11 17
4 11 20
4 12 16
4 12 17
4 12 24
4 13 7
4 13 24
4 14 0
4 14 3
4 14 8
4 14 11
4 14 12
4 14 13
4 14 19
4 14 20
4 14 24
4 15 0
4 15 10
4 15 11
4 15 17
4 15 21
4 15 24
4 16 6
4 16 8
4 16 9
4 16 14
4 17 4
4 17 8
4 17 20
4 17 22
4 18 1
4 18 5
4 18 6
4 18 8
4 18 12
4 18 14
4 18 15
4 18 20
4 19 1
4 19 6
4 19 7
4 19 10
4 19 11
4 19 13
4 19 14
4 19 18
4 19 19
4 19 20
4 19 23
4 20 4
4 20 7
4 20 11
4 20 19
4 20 23
4 21 3
4 21 8
4 21 10
4 21 11
4 21 12
4 21 15
4 21 17
4 21 18
4 21 20
4 22 11
4 22 14
4 22 20
4 22 23
4 22 24
4 23 1
4 23 17
4 23 18
4 23 21
4 23 23
4 24 0
4 24 4
4 24 5
4 24 6
4 24 8
4 24 10
4 24 11
4 24 13
4 24 17
4 24 21
4 24 22
4 24 23
4 25 1
4 25 10
4 25 13
4 25 15
4 25 22
5 0 1
5 0 2
5 0 8
5 0 24
5 1 5
5 1 6
5 1 8
5 1 12
5 1 18
5 1 19
5 1 26
5 2 0
5 2 6
5 2 12
5 2 17
5 2 19
5 2 20
5 2 22
5 2 25
5 2 26
5 3 7
5 3 9
5 3 12
5 3 16
5 3 21
5 3 23
5 3 24
5 4 1
5 4 7
5 4 11
5 4 14
5 4 25
5 5 4
5 5 12
5 5 13
5 5 15
5 5 17
5 5 21
5 6 4
5 6 6
5 6 8
5 6 22
5 6 23
5 6 24
5 7 4
5 7 10
5 7 12
5 7 13
5 7 15
5 7 16
5 7 20
5 7 26
5 8 0
5 8 9
5 8 11
5 8 13
5 8 14
5 8 15
5 8 17
5 8 18
5 9 5
5 9 6
5 9 7
5 9 10
5 9 11
5 9 16
5 9 18
5 9 19
5 9 26
5 10 1
5 10 4
5 10 5
5 10 7
5 10 9
5 10 10
5 10 12
5 10 17
5 10 20
5 10 24
5 11 0
5 11 6
5 11 8
5 11 12
5 11 23
5 11 25
5 12 2
5 12 3
5 12 9
5 12 11
5 12 13
5 12 16
5 12 17
5 12 18
5 12 24
5 13 3
5 13 5
5 13 8
5 13 18
5 13 22
5 14 10
5 14 12
5 14 17
5 14 21
5 15 12
5 15 17
5 15 22
5 15 23
5 15 26
5 16 1
5 16 13
5 16 15
5 16 16
5 16 17
5 16 18
5 16 19
5 16 22
5 16 23
5 16 24
5 16 25
5 16 26
5 17 4
5 17 6
5 17 9
5 17 13
5 17 16
5 17 18
5 17 21
5 17 22
5 18 3
5 18 4
5 18 6
5 18 8
5 18 18
5 18 20
5 18 24
5 18 25
5 18 26
5 19 3
5 19 8
5 19 9
5 19 14
5 19 15
5 19 21
5 19 24
5 19 26
5 20 0
5 20 3
5 20 8
5 20 9
5 20 11
5 20 17
5 21 0
5 21 4
5 21 9
5 21 13
5 21 14
5 21 19
5 21 25
5 22 3
5 22 9
5 22 18
5 23 8
5 23 9
5 23 10
5 23 14
5 23 18
5 23 19
5 23 21
5 24 3
5 24 18
5 24 26
6 0 6
6 0 8
6 0 11
6 0 13
6 0 16
6 0 18
6 0 22
6 0 27
6 0 32
6 0 35
6 0 36
6 1 3
6 1 10
6 1 12
6 1 13
6 1 21
6 1 22
6 1 30
6 1 31
6 1 36
6 2 4
6 2 5
6 2 8
6 2 10
6 2 20
6 2 31
6 2 35
6 3 0
6 3 4
6 3 13
6 3 25
6 3 32
6 3 34
6 3 35
6 3 36
6 4 1
6 4 2
6 4 3
6 4 4
6 4 7
6 4 17
6 4 20
6 4 24
6 4 30
6 4 31
6 4 35
6 5 2
6 5 10
6 5 14
6 5 15
6 5 21
6 5 26
6 5 31
6 5 34
6 5 35
6 5 36
6 6 2
6 6 4
6 6 18
6 6 19
6 6 26
6 6 29
6 7 1
6 7 2
6 7 4
6 7 6
6 7 10
6 7 11
6 7 22
6 7 29
6 7 31
6 7 32
6 7 33
6 7 36
6 8 3
6 8 16
6 8 18
6 8 20
6 8 25
6 8 26
6 8 27
6 8 35
6 9 3
6 9 9
6 9 10
6 9 11
6 9 13
6 9 14
6 9 17
6 9 31
6 9 36
6 10 2
6 10 5
6 10 6
6 10 8
6 10 22
6 10 23
6 10 28
6 11 0
6 11 1
6 11 5
6 11 9
6 11 13
6 11 17
6 11 25
6 11 26
6 11 27
6 11 35
6 11 36
6 12 1
6 12 5
6 12 11
6 12 15
6 12 17
6 12 18
6 12 23
6 12 27
6 12 33
6 12 36
6 13 3
6 13 10
6 13 15
6 13 17
6 13 19
6 13 22
6 13 36
6 14 7
6 14 8
6 14 9
6 14 12
6 14 15
6 14 18
6 14 29
6 14 33
6 14 34
6 14 35
6 15 0
6 15 2
6 15 4
6 15 7
6 15 9
6 15 10
6 15 11
6 15 27
6 15 34
6 16 0
6 16 5
6 16 7
6 16 12
6 16 17
6 16 18
6 16 25
6 16 28
6 16 31
6 16 33
6 16 36
6 17 1
6 17 8
6 17 12
6 17 17
6 17 25
6 17 30
6 17 35
6 18 1
6 18 2
6 18 6
6 18 8
6 18 10
6 18 20
6 18 21
6 18 26
6 18 27
6 18 33
6 18 34
6 19 4
6 19 9
6 19 19
6 19 28
6 19 33
6 19 34
6 19 36
6 20 0
6 20 7
6 20 22
6 20 26
6 20 27
6 20 28
6 20 32
6 20 33
6 21 2
6 21 3
6 21 21
6 21 24
6 21 29
6 21 30
6 21 31
6 21 33
6 22 0
6 22 4
6 22 5
6 22 8
6 22 10
6 22 13
6 22 15
6 22 16
6 22 19
6 22 24
6 22 28
6 23 3
6 23 4
6 23 6
6 23 10
6 23 12
6 23 22
6 23 23
6 23 27
6 23 34
6 23 36
6 24 0
6 24 4
6 24 14
6 24 25
6 24 29
6 24 30
6 24 33
6 24 36
6 25 3
6 25 4
6 25 6
6 25 13
6 25 23
6 25 27
6 25 31
6 25 33
6 26 4
6 26 6
6 26 7
6 26 14
6 26 17
6 26 24
6 26 27
6 26 34
6 26 35
7 0 1
7 0 2
7 0 8
7 0 14
7 0 15
7 0 17
7 1 5
7 1 8
7 1 9
7 1 19
7 1 21
7 1 22
7 1 24
7 2 14
7 2 17
7 2 19
7 3 2
7 3 14
7 3 15
7 3 21
7 4 4
7 4 7
7 4 17
7 5 6
7 5 12
7 5 14
7 5 17
7 5 20
7 5 22
7 5 23
7 5 24
7 6 0
7 6 6
7 6 7
7 6 11
7 6 14
7 6 23
7 7 6
7 7 7
7 7 12
7 7 13
7 7 22
7 7 23
7 8 1
7 8 4
7 8 16
7 8 21
7 9 10
7 9 11
7 9 13
7 9 16
7 10 3
7 10 5
7 10 9
7 10 11
7 10 19
7 10 22
7 10 23
7 10 24
7 11 4
7 11 12
7 11 22
7 12 0
7 12 4
7 12 7
7 12 8
7 12 10
7 12 19
7 12 22
7 12 23
7 13 3
7 13 5
7 13 9
7 13 12
7 13 13
7 13 17
7 13 19
7 13 21
7 13 22
7 13 23
7 14 1
7 14 4
7 14 5
7 14 11
7 14 17
7 14 19
7 14 20
7 15 1
7 15 10
7 15 11
7 15 13
7 15 17
7 15 19
7 15 20
7 15 22
7 16 2
7 16 12
7 16 15
7 16 16
7 16 20
7 17 21
7 17 22
7 17 24
7 18 2
7 18 6
7 18 8
7 18 13
7 18 24
7 19 3
7 19 10
7 19 13
7 19 16
7 19 19
7 19 22
7 20 1
7 20 4
7 20 5
7 20 11
7 20 13
7 20 14
7 20 15
7 20 16
7 20 20
7 20 21
7 21 9
7 21 10
7 21 17
7 21 18
7 21 20
7 21 22
7 22 0
7 22 10
7 22 12
7 22 15
7 22 19
7 22 21
7 22 24
7 23 1
7 23 3
7 23 6
7 23 12
7 23 15
7 23 17
7 23 18
7 23 20
7 23 24
7 24 7
7 24 13
7 24 22
7 24 24
7 25 2
7 25 4
7 25 5
7 25 7
7 25 14
7 25 19
7 26 6
7 26 12
7 26 21
7 26 24
7 27 1
7 27 6
7 27 10
7 27 14
7 27 15
7 27 18
7 27 21
7 27 22
7 27 24
7 28 8
7 28 9
7 28 15
7 29 5
7 29 6
7 29 12
7 30 0
7 30 3
7 30 13
7 30 20
7 31 5
7 31 6
7 31 7
7 31 9
7 31 12
7 31 23
7 31 24
7 32 0
7 32 3
7 32 4
7 32 6
7 32 9
7 32 12
7 32 18
7 32 24
7 33 2
7 33 9
7 33 13
7 34 1
7 34 12
7 34 23
7 34 24
7 35 14
7 35 17
7 35 19
7 35 22
7 36 9
7 36 10
7 36 14
7 36 22
8 0 2
8 0 7
8 0 15
8 0 19
8 0 25
8 0 28
8 0 29
8 0 30
8 0 31
8 0 33
8 1 5
8 1 7
8 1 18
8 1 25
8 1 32
8 2 0
8 2 6
8 2 7
8 2 8
8 2 9
8 2 11
8 2 12
8 2 20
8 2 26
8 2 28
8 2 30
8 2 36
8 3 3
8 3 9
8 3 12
8 3 16
8 3 18
8 3 24
8 3 27
8 3 28
8 3 35
8 3 36
8 4 2
8 4 3
8 4 4
8 4 5
8 4 7
8 4 12
8 4 13
8 4 14
8 4 15
8 4 22
8 4 25
8 4 28
8 4 34
8 5 0
8 5 11
8 5 12
8 5 14
8 5 18
8 5 19
8 5 22
8 5 24
8 5 31
8 6 7
8 6 14
8 6 15
8 6 22
8 6 28
8 6 36
8 6 37
8 7 6
8 7 9
8 7 11
8 7 12
8 7 16
8 7 18
8 7 23
8 7 25
8 7 29
8 7 34
8 7 35
8 7 36
8 8 22
8 8 25
8 8 33
8 9 5
8 9 11
8 9 15
8 9 17
8 9 27
8 9 32
8 9 36
8 9 37
8 10 5
8 10 11
8 10 12
8 10 16
8 10 26
8 10 27
8 10 29
8 10 34
8 11 5
8 11 9
8 11 11
8 11 12
8 11 14
8 11 20
8 12 1
8 12 4
8 12 13
8 12 23
8 12 25
8 12 35
8 12 36
8 12 37
8 13 3
8 13 22
8 13 26
8 13 27
8 13 31
8 14 14
8 14 21
8 14 22
8 14 24
8 14 33
8 14 35
8 15 0
8 15 1
8 15 6
8 15 7
8 15 9
8 15 12
8 15 14
8 15 17
8 15 18
8 15 22
8 15 26
8 16 5
8 16 11
8 16 20
8 16 21
8 16 23
8 16 28
8 16 34
8 16 37
8 17 8
8 17 9
8 17 10
8 17 19
8 17 20
8 17 23
8 17 24
8 17 25
8 17 26
8 17 35
8 18 2
8 18 6
8 18 9
8 18 16
8 18 18
8 18 23
8 18 28
8 18 34
8 19 3
8 19 9
8 19 12
8 19 14
8 19 19
8 19 24
8 19 26
8 19 28
8 19 33
8 19 35
8 20 0
8 20 2
8 20 5
8 20 16
8 20 18
8 20 20
8 20 21
8 20 29
8 20 31
8 20 33
8 20 34
8 20 35
8 21 11
8 21 12
8 21 13
8 21 18
8 21 19
8 21 23
8 21 26
8 21 27
8 21 33
8 21 35
8 22 1
8 22 5
8 22 9
8 22 10
8 22 12
8 22 17
8 22 18
8 22 21
8 22 22
8 22 26
8 22 28
8 22 29
8 22 30
8 23 10
8 23 13
8 23 18
8 23 19
8 23 22
8 23 23
8 23 31
8 23 37
8 24 1
8 24 3
8 24 9
8 24 10
8 24 11
8 24 13
8 24 21
8 24 27
8 24 35
9 0 0
9 0 7
9 0 12
9 0 13
9 0 19
9 0 20
9 0 21
9 0 26
9 0 28
9 0 29
9 0 32
9 1 2
9 1 3
9 1 5
9 1 6
9 1 8
9 1 10
9 1 11
9 1 27
9 1 29
9 2 2
9 2 4
9 2 6
9 2 12
9 2 15
9 2 18
9 2 21
9 2 23
9 2 27
9 2 28
9 2 29
9 2 33
9 3 4
9 3 5
9 3 16
9 3 21
9 3 25
9 3 27
9 3 28
9 3 34
9 4 4
9 4 8
9 4 9
9 4 12
9 4 13
9 4 14
9 4 17
9 4 21
9 4 23
9 4 32
9 5 2
9 5 9
9 5 13
9 5 20
9 5 23
9 5 26
9 6 0
9 6 5
9 6 6
9 6 9
9 6 14
9 6 19
9 6 21
9 6 23
9 6 28
9 6 34
9 7 5
9 7 10
9 7 11
9 7 12
9 7 16
9 7 19
9 7 24
9 7 25
9 7 28
9 7 32
9 8 2
9 8 14
9 8 23
9 8 25
9 8 29
9 8 30
9 9 1
9 9 2
9 9 6
9 9 9
9 9 13
9 9 14
9 9 18
9 9 22
9 9 23
9 9 24
9 9 26
9 9 27
9 9 31
9 9 34
9 10 0
9 10 2
9 10 7
9 10 8
9 10 12
9 10 17
9 10 19
9 10 20
9 10 24
9 10 27
9 10 29
9 10 30
9 11 5
9 11 7
9 11 9
9 11 16
9 11 21
9 11 22
9 11 23
9 11 32
9 12 1
9 12 7
9 12 21
9 12 24
9 12 27
9 12 33
9 12 34
9 13 13
9 13 15
9 13 17
9 13 33
9 13 34
9 14 3
9 14 7
9 14 15
9 14 21
9 14 24
9 14 27
9 14 28
9 15 0
9 15 6
9 15 8
9 15 9
9 15 16
9 15 17
9 15 18
9 15 21
9 15 26
9 15 29
9 15 30
9 16 2
9 16 3
9 16 9
9 16 15
9 16 17
9 16 23
9 16 31
9 16 33
9 17 3
9 17 10
9 17 12
9 17 15
9 17 18
9 17 24
9 17 32
9 17 34
9 18 2
9 18 6
9 18 8
9 18 16
9 18 21
9 18 23
9 18 24
9 18 25
9 18 31
9 18 32
9 19 4
9 19 6
9 19 9
9 19 15
9 19 17
9 19 18
9 19 22
9 19 23
9 19 25
9 19 29
9 19 32
9 20 0
9 20 25
9 20 27
9 20 30
9 20 33
9 21 3
9 21 13
9 21 17
9 21 19
9 21 21
9 22 2
9 22 15
9 22 18
9 22 22
9 22 28
9 22 29
9 22 34
9 23 1
9 23 3
9 23 7
9 23 8
9 23 14
9 23 18
9 23 24
9 23 25
9 24 8
9 24 19
9 24 22
9 24 26
9 24 27
9 24 28
9 24 29
9 24 33
9 24 34
9 25 10
9 25 13
9 25 17
9 25 19
9 25 22
9 25 23
9 25 25
9 25 28
9 25 29
9 25 30
9 26 3
9 26 4
9 26 5
9 26 12
9 26 16
9 26 20
9 26 29
9 26 31
9 27 0
9 27 1
9 27 2
9 27 9
9 27 10
9 27 11
9 27 21
9 27 22
9 27 23
9 27 26
9 27 34
9 28 0
9 28 1
9 28 4
9 28 6
9 28 8
9 28 18
9 28 22
9 28 28
9 28 31
9 29 8
9 29 15
9 29 17
9 29 18
9 29 19
9 29 23
9 29 24
9 29 29
9 30 14
9 30 17
9 30 19
9 30 22
9 30 29
9 30 30
9 30 33
9 31 0
9 31 4
9 31 6
9 31 21
9 31 22
9 31 23
9 31 24
9 31 27
9 31 29
9 31 31
9 32 2
9 32 4
9 32 6
9 32 9
9 32 22
9 32 26
9 32 27
9 33 4
9 33 10
9 33 13
9 33 14
9 33 16
9 33 19
9 33 23
9 33 30
9 33 31
9 33 32
9 33 34
9 34 0
9 34 3
9 34 5
9 34 7
9 34 21
9 34 33
9 35 0
9 35 3
9 35 4
9 35 10
9 35 14
9 35 18
9 35 22
9 35 25
9 35 29
9 35 34
9 36 2
9 36 8
9 36 9
9 36 15
9 36 17
9 36 18
9 36 19
9 36 20
9 36 21
9 36 23
9 36 26
9 36 31
9 36 33
9 37 2
9 37 10
9 37 11
9 37 13
9 37 21
9 37 24
9 37 25
9 37 27
9 37 28
9 37 33
10 0 4
10 0 7
10 0 11
10 0 16
10 0 22
10 0 23
10 0 25
10 1 0
10 1 6
10 1 11
10 1 12
10 1 14
10 1 16
10 1 17
10 1 23
10 1 26
10 1 28
10 2 0
10 2 9
10 2 10
10 2 14
10 2 22
10 2 30
10 3 7
10 3 9
10 3 14
10 3 20
10 3 26
10 4 18
10 4 24
10 4 28
10 5 0
10 5 6
10 5 17
10 5 20
10 5 24
10 5 26
10 6 0
10 6 3
10 6 4
10 6 13
10 6 21
10 6 26
10 6 27
10 6 28
10 7 0
10 7 15
10 7 16
10 7 19
10 7 21
10 7 23
10 7 24
10 7 27
10 8 6
10 8 9
10 8 11
10 8 12
10 8 17
10 9 20
10 9 22
10 10 11
10 10 18
10 10 20
10 10 30
10 11 1
10 11 9
10 11 19
10 11 22
10 11 29
10 12 4
10 12 8
10 12 9
10 12 13
10 12 14
10 12 24
10 12 28
10 12 30
10 13 5
10 13 6
10 13 11
10 13 15
10 13 19
10 13 20
10 13 24
10 13 25
10 13 28
10 13 30
10 14 5
10 14 6
10 14 7
10 14 9
10 14 11
10 14 12
10 14 28
10 14 30
10 15 0
10 15 3
10 15 8
10 15 17
10 15 30
10 16 4
10 16 6
10 16 21
10 16 22
10 16 24
10 16 25
10 16 27
10 16 29
10 17 2
10 17 6
10 17 18
10 17 29
10 18 0
10 18 5
10 18 8
10 18 9
10 18 14
10 18 20
10 18 21
10 18 24
10 18 29
10 19 0
10 19 1
10 19 3
10 19 5
10 19 7
10 19 9
10 19 14
10 19 17
10 19 19
10 19 21
10 19 24
10 19 30
10 20 14
10 20 17
10 20 20
10 20 22
10 20 23
10 20 27
10 21 0
10 21 1
10 21 5
10 21 6
10 21 10
10 21 15
10 22 1
10 22 2
10 22 4
10 22 9
10 22 11
10 22 12
10 22 15
10 23 8
10 23 15
10 23 16
10 23 22
10 24 0
10 24 3
10 24 21
10 24 22
10 24 29
10 25 5
10 25 6
10 25 15
10 25 16
10 25 17
10 25 29
10 26 5
10 26 7
10 26 10
10 26 13
10 26 22
10 27 2
10 27 3
10 27 13
10 27 19
10 28 9
10 28 10
10 28 11
10 28 15
10 28 22
10 28 26
10 28 27
10 28 30
10 29 4
10 29 9
10 29 17
10 29 18
10 29 21
10 29 22
10 29 28
10 30 3
10 30 6
10 30 7
10 30 17
10 30 23
10 31 2
10 31 3
10 31 5
10 31 9
10 31 22
10 31 26
10 31 29
10 31 30
10 32 0
10 32 8
10 32 9
10 32 21
10 32 23
10 32 27
10 33 6
10 33 9
10 33 12
10 33 18
10 33 19
10 33 30
10 34 1
10 34 2
10 34 7
10 34 10
10 34 11
10 34 15
10 34 16
10 34 18
10 34 23
10 34 24
10 34 26
10 34 27
10 34 28
10 34 30
11 0 1
11 0 4
11 0 8
11 0 11
11 0 13
11 0 15
11 0 17
11 0 20
11 0 21
11 0 31
11 1 1
11 1 3
11 1 7
11 1 9
11 1 21
11 1 23
11 1 24
11 1 29
11 1 31
11 1 33
11 2 1
11 2 4
11 2 8
11 2 11
11 2 25
11 2 31
11 2 33
11 3 5
11 3 7
11 3 16
11 3 21
11 3 22
11 3 26
11 3 28
11 3 29
11 3 30
11 3 33
11 4 10
11 4 15
11 4 17
11 4 18
11 4 19
11 4 23
11 4 26
11 4 29
11 4 32
11 4 33
11 5 0
11 5 1
11 5 11
11 5 27
11 5 28
11 5 31
11 5 33
11 6 3
11 6 5
11 6 9
11 6 12
11 6 16
11 6 22
11 6 24
11 6 27
11 6 28
11 6 32
11 6 33
11 7 5
11 7 6
11 7 13
11 7 15
11 7 20
11 7 21
11 7 25
11 7 31
11 8 0
11 8 3
11 8 4
11 8 12
11 8 15
11 8 16
11 8 17
11 8 21
11 9 0
11 9 4
11 9 12
11 9 14
11 9 15
11 9 20
11 9 23
11 9 25
11 10 0
11 10 1
11 10 3
11 10 6
11 10 31
11 11 1
11 11 3
11 11 4
11 11 7
11 11 12
11 11 24
11 11 32
11 12 2
11 12 3
11 12 4
11 12 8
11 12 9
11 12 11
11 12 21
11 12 24
11 12 27
11 13 3
11 13 18
11 13 21
11 13 23
11 13 29
11 14 3
11 14 6
11 14 11
11 14 13
11 14 20
11 14 21
11 14 22
11 14 31
11 14 32
11 15 0
11 15 2
11 15 14
11 15 16
11 15 19
11 15 20
11 15 23
11 16 3
11 16 10
11 16 11
11 16 15
11 16 24
11 16 25
11 16 32
11 17 0
11 17 1
11 17 5
11 17 14
11 17 18
11 17 19
11 17 32
11 17 33
11 18 5
11 18 7
11 18 9
11 18 17
11 18 21
11 18 26
11 18 31
11 19 3
11 19 4
11 19 13
11 19 14
11 19 23
11 19 26
11 19 28
11 20 3
11 20 9
11 20 11
11 20 16
11 20 21
11 20 23
11 20 27
11 21 0
11 21 2
11 21 11
11 21 21
11 21 23
11 21 30
11 22 0
11 22 10
11 22 13
11 22 16
11 22 17
11 22 24
11 22 29
11 23 4
11 23 13
11 23 14
11 23 19
11 23 33
11 24 0
11 24 6
11 24 11
11 24 13
11 24 16
11 24 27
11 24 31
11 25 1
11 25 4
11 25 13
11 25 15
11 25 18
11 25 26
11 25 29
11 26 7
11 26 19
11 26 21
11 26 22
11 27 7
11 27 19
11 27 22
11 27 28
11 27 32
11 28 0
11 28 3
11 28 5
11 28 8
11 28 9
11 28 11
11 28 12
11 28 13
11 28 19
11 29 1
11 29 7
11 29 8
11 29 16
11 29 19
11 29 20
11 29 21
11 29 23
11 30 4
11 30 9
11 30 11
11 30 12
11 30 13
11 30 17
11 30 18
11 30 19
11 30 21
11 30 32
12 0 8
12 0 10
12 0 14
12 0 15
12 0 18
12 0 20
12 1 4
12 1 7
12 1 10
12 1 18
12 1 20
12 1 21
12 2 2
12 2 18
12 3 2
12 3 13
12 3 14
12 3 18
12 3 19
12 3 22
12 3 23
12 4 0
12 4 8
12 4 13
12 4 21
12 4 23
12 5 4
12 5 6
12 5 10
12 5 11
12 5 16
12 5 17
12 5 18
12 5 22
12 6 0
12 6 3
12 6 5
12 6 8
12 6 12
12 6 16
12 6 17
12 6 19
12 6 20
12 6 21
12 7 2
12 7 11
12 7 12
12 7 15
12 7 20
12 8 6
12 8 10
12 8 13
12 9 12
12 9 13
12 9 18
12 9 20
12 9 21
12 9 23
12 10 1
12 10 5
12 10 7
12 10 11
12 10 17
12 10 20
12 10 21
12 10 23
12 11 6
12 11 7
12 11 10
12 11 15
12 11 18
12 11 21
12 11 22
12 12 2
12 12 5
12 12 6
12 12 16
12 12 18
12 12 21
12 13 1
12 13 3
12 13 5
12 13 8
12 13 11
12 13 13
12 13 17
12 14 4
12 14 6
12 14 7
12 14 11
12 14 15
12 14 17
12 14 19
12 15 6
12 15 7
12 15 11
12 15 14
12 15 23
12 16 5
12 16 6
12 16 11
12 16 14
12 16 15
12 16 17
12 17 0
12 17 10
12 17 11
12 17 18
12 17 23
12 18 4
12 18 8
12 18 15
12 18 20
12 18 22
12 19 5
12 19 8
12 19 10
12 19 17
12 19 21
12 19 22
12 20 1
12 20 10
12 20 18
12 21 8
12 21 15
12 21 16
12 21 17
12 21 21
12 22 1
12 22 4
12 22 7
12 22 10
12 22 21
12 22 22
12 23 1
12 23 6
12 23 17
12 24 3
12 24 7
12 24 11
12 24 15
12 24 17
12 24 19
12 24 21
12 24 23
12 25 2
12 25 6
12 25 7
12 25 13
12 25 14
12 25 17
12 25 18
12 25 20
12 25 23
12 26 4
12 26 5
12 26 8
12 26 18
12 26 19
12 26 23
12 27 1
12 27 6
12 27 11
12 27 13
12 27 16
12 27 17
12 28 5
12 28 6
12 28 12
12 28 14
12 29 0
12 29 2
12 29 3
12 29 6
12 29 12
12 29 13
12 29 19
12 30 1
12 30 3
12 30 5
12 30 8
12 30 9
12 31 0
12 31 6
12 31 7
12 31 11
12 31 13
12 31 15
12 31 16
12 31 17
12 31 21
12 32 1
12 32 4
12 32 5
12 32 10
12 32 13
12 32 15
12 33 17
12 33 22
13 0 0
13 0 6
13 0 10
13 0 12
13 0 14
13 0 17
13 0 18
13 0 21
13 1 0
13 1 2
13 1 6
13 1 11
13 1 13
13 1 18
13 1 20
13 1 21
13 1 22
13 1 23
13 1 25
13 2 16
13 2 18
13 2 19
13 2 20
13 2 22
13 2 24
13 3 0
13 3 1
13 3 2
13 3 3
13 3 4
13 3 5
13 3 8
13 3 19
13 3 23
13 4 2
13 4 8
13 4 14
13 4 19
13 5 1
13 5 3
13 5 5
13 5 9
13 5 11
13 5 13
13 5 19
13 5 21
13 5 22
13 5 25
13 6 3
13 6 7
13 6 20
13 7 8
13 7 10
13 7 11
13 7 15
13 7 20
13 7 24
13 8 4
13 8 5
13 8 11
13 8 12
13 8 17
13 8 19
13 8 23
13 8 25
13 9 2
13 9 3
13 9 6
13 9 7
13 9 11
13 9 18
13 9 22
13 10 2
13 10 6
13 10 15
13 10 20
13 10 21
13 11 0
13 11 3
13 11 5
13 11 9
13 11 10
13 11 12
13 11 15
13 11 17
13 11 20
13 11 24
13 11 25
13 12 9
13 12 10
13 12 14
13 12 15
13 12 16
13 12 17
13 12 23
13 13 7
13 13 10
13 13 15
13 14 5
13 14 7
13 14 11
13 14 18
13 14 20
13 14 21
13 15 8
13 15 10
13 15 14
13 15 15
13 15 16
13 16 5
13 16 10
13 16 11
13 16 12
13 16 22
13 17 3
13 17 4
13 17 10
13 18 6
13 18 9
13 18 14
13 18 18
13 18 19
13 18 23
13 19 13
13 19 14
13 19 16
13 19 18
13 19 24
13 20 3
13 20 5
13 20 12
13 20 18
13 21 8
13 21 17
13 21 24
13 21 25
13 22 13
13 22 14
13 22 15
13 22 18
13 23 7
13 23 17
13 23 18
13 23 23
13 23 25