901
20
25 19 22 23 18 22 30 24 33 32 23 19 19 20 19 20 21 23 18 20
3000

400 534 0 0 261 0 61 20 0 51 42 87 0 53 53 61 100 14 0 0 27 0 52 0 83
396 0 290 341 346 0 0 0 25 0 0 0 61 0 0 0 0 0 75
0 0 0 360 129 662 54 0 0 13 0 0 64 0 0 0 0 0 0 0 4 74
0 0 116 0 6 0 53 0 34 0 0 0 59 0 60 0 0 0 0 97 0 24 0
146 0 0 0 0 75 47 72 80 22 88 17 0 50 69 27 35 0
0 933 0 0 126 0 4 24 31 0 0 0 81 41 95 0 12 0 51 28 0 49
991 249 0 979 0 0 521 0 0 83 76 18 91 0 0 29 0 0 0 0 70 30 0 0 0 47 0 99 68 59
0 851 0 0 192 911 0 68 41 0 0 0 0 77 24 77 0 57 11 0 0 10 7 31
703 755 0 0 0 0 0 0 847 0 89 46 91 66 66 0 17 0 0 5 0 88 0 0 0 0 19 0 48 0 76 37 0
0 366 926 249 0 971 0 0 720 68 50 80 77 32 64 54 0 96 0 0 0 2 0 0 0 10 0 37 0 0 0 0
0 416 470 319 521 0 73 0 65 0 80 0 69 0 0 43 0 55 87 0 54 0 0
0 996 0 0 0 100 0 79 36 0 33 83 70 54 50 2 0 0 0
143 0 609 500 0 57 0 16 14 0 0 65 0 0 97 54 0 93 47
869 832 0 551 0 759 0 0 8 0 10 42 4 98 20 0 0 40 0 0
523 503 0 0 0 32 0 0 79 82 18 0 0 33 15 0 0 70 0
0 0 0 901 185 0 69 0 0 0 51 0 0 49 0 0 69 0 0 57
0 0 988 0 872 0 71 15 0 52 59 0 36 0 44 0 71 29 89 0 0
692 183 233 0 888 0 0 0 0 0 0 0 53 85 52 0 0 30 85 42 0 98 0
0 682 0 0 945 0 0 21 0 16 29 0 0 78 87 0 0 63
896 0 0 426 76 0 0 0 56 0 64 0 88 0 0 0 0 0 0 0

0 0 0
0 0 2
0 0 3
0 0 10
0 0 12
0 0 15
0 1 0
0 1 5
0 1 8
0 2 3
0 2 7
0 2 12
0 2 13
0 2 15
0 3 0
0 3 4
0 3 5
0 3 6
0 3 9
0 3 11
0 4 0
0 4 1
0 4 2
0 4 3
0 4 10
0 4 11
0 4 15
0 5 0
0 5 1
0 5 6
0 5 7
0 5 12
0 5 18
0 6 10
0 6 13
0 6 14
0 6 15
0 6 16
0 7 2
0 7 6
0 7 7
0 8 1
0 8 6
0 8 7
0 8 9
0 8 11
0 9 2
0 9 3
0 9 4
0 9 9
0 10 2
0 10 5
0 10 9
0 10 10
0 10 12
0 10 18
0 11 0
0 11 2
0 11 8
0 11 9
0 11 14
0 11 15
0 11 16
0 11 18
0 13 4
0 13 7
0 13 14
0 14 3
0 14 6
0 14 15
0 14 17
0 15 6
0 15 7
0 15 13
0 15 14
0 15 18
0 16 10
0 16 16
0 16 17
0 16 18
0 17 2
0 17 3
0 17 4
0 17 8
0 17 14
0 17 16
0 18 4
0 18 11
0 18 15
0 18 16
0 19 0
0 19 2
0 19 7
0 19 8
0 19 12
0 19 14
0 19 15
0 19 17
0 19 18
0 20 8
0 20 9
0 20 11
0 20 13
0 20 16
0 20 17
0 21 0
0 21 2
0 21 5
0 21 9
0 21 11
0 21 13
0 22 0
0 22 2
0 22 3
0 22 9
0 22 11
0 22 17
0 22 18
0 23 0
0 23 2
0 23 6
0 23 7
0 23 9
0 23 10
0 23 11
0 23 14
0 23 16
0 23 17
0 23 18
0 24 0
0 24 3
0 24 8
0 24 11
1 0 1
1 0 2
1 0 4
1 0 7
1 0 13
1 0 14
1 0 16
1 0 18
1 1 2
1 1 17
1 2 1
1 2 2
1 2 5
1 2 6
1 2 10
1 2 11
1 2 12
1 2 13
1 2 15
1 2 16
1 2 20
1 3 0
1 3 1
1 3 6
1 3 8
1 3 13
1 4 0
1 4 4
1 4 5
1 4 8
1 4 10
1 4 14
1 4 15
1 4 20
1 5 14
1 6 0
1 6 3
1 6 5
1 6 10
1 6 11
1 6 18
1 6 20
1 7 1
1 7 5
1 7 8
1 7 15
1 7 17
1 7 21
1 8 2
1 8 3
1 8 5
1 8 6
1 8 7
1 8 15
1 8 16
1 8 18
1 9 8
1 9 9
1 9 11
1 9 14
1 9 16
1 10 0
1 10 1
1 10 9
1 10 15
1 10 18
1 10 19
1 11 0
1 11 2
1 11 5
1 11 8
1 11 10
1 11 11
1 11 12
1 11 16
1 11 17
1 11 19
1 11 20
1 11 21
1 12 1
1 12 7
1 12 19
1 13 4
1 13 13
1 13 16
1 13 17
1 13 18
1 13 20
1 14 1
1 14 3
1 14 8
1 14 11
1 14 12
1 14 17
1 14 18
1 15 7
1 15 8
1 15 10
1 15 11
1 15 14
1 15 17
1 16 1
1 16 3
1 16 6
1 16 9
1 16 11
1 16 12
1 16 19
1 16 20
1 17 8
1 17 12
1 17 13
1 17 16
1 17 20
1 17 21
1 18 2
1 18 4
1 18 7
1 18 8
1 18 12
1 18 13
1 18 14
1 18 17
1 18 21
2 0 4
2 0 7
2 0 9
2 0 16
2 0 18
2 0 21
2 1 1
2 1 4
2 1 5
2 1 8
2 1 11
2 1 17
2 1 21
2 1 22
2 2 3
2 2 8
2 2 9
2 2 11
2 2 12
2 2 13
2 2 17
2 2 20
2 3 1
2 3 3
2 3 5
2 3 8
2 3 9
2 3 16
2 3 18
2 3 19
2 3 20
2 4 9
2 4 12
2 4 14
2 4 19
2 4 21
2 5 1
2 5 5
2 5 9
2 5 15
2 5 20
2 6 2
2 6 5
2 6 6
2 6 8
2 6 9
2 6 13
2 7 0
2 7 4
2 7 5
2 7 9
2 7 10
2 7 17
2 7 18
2 7 20
2 7 21
2 8 1
2 8 5
2 8 14
2 8 15
2 9 0
2 9 2
2 9 3
2 9 6
2 9 11
2 9 12
2 9 13
2 9 14
2 9 21
2 9 22
2 10 6
2 10 7
2 10 9
2 10 19
2 10 20
2 10 22
2 11 10
2 11 13
2 11 17
2 11 19
2 11 20
2 11 21
2 12 2
2 12 4
2 12 5
2 12 8
2 12 10
2 12 13
2 12 14
2 12 20
2 13 8
2 13 11
2 13 16
2 13 19
2 14 1
2 14 4
2 14 5
2 14 6
2 14 7
2 14 8
2 14 11
2 14 16
2 14 19
2 14 20
2 15 1
2 15 13
2 15 16
2 15 17
2 15 22
2 16 3
2 16 4
2 16 8
2 16 11
2 16 18
2 17 1
2 17 3
2 17 10
2 17 11
2 17 13
2 17 15
2 17 16
2 17 20
2 18 0
2 18 1
2 18 3
2 18 8
2 18 13
2 18 14
2 18 18
2 18 20
2 19 0
2 19 9
2 19 11
2 19 16
2 19 19
2 19 21
2 20 1
2 20 3
2 20 8
2 20 9
2 20 10
2 20 14
2 21 2
2 21 6
2 21 8
2 21 13
2 21 15
3 0 3
3 0 8
3 0 11
3 0 12
3 0 14
3 0 17
3 1 1
3 1 6
3 1 11
3 1 13
3 1 14
3 1 15
3 1 16
3 2 0
3 2 1
3 2 2
3 2 6
3 2 12
3 2 16
3 3 0
3 3 3
3 3 10
3 4 15
3 5 5
3 5 10
3 6 0
3 6 1
3 6 5
3 6 7
3 6 15
3 6 16
3 7 2
3 7 5
3 7 10
3 7 12
3 8 0
3 8 2
3 8 4
3 8 6
3 8 11
3 8 12
3 8 17
3 9 6
3 9 13
3 9 14
3 9 15
3 9 16
3 9 17
3 10 3
3 10 4
3 10 6
3 10 8
3 10 17
3 11 5
3 11 8
3 11 13
3 11 14
3 11 15
3 12 1
3 12 3
3 12 9
3 13 0
3 13 2
3 13 10
3 13 12
3 13 14
3 13 17
3 14 1
3 14 2
3 14 4
3 14 5
3 14 11
3 14 15
3 14 16
3 14 17
3 15 2
3 15 8
3 15 11
3 15 13
3 15 16
3 16 2
3 16 3
3 16 7
3 16 8
3 16 9
3 16 10
3 16 11
3 16 13
3 16 16
3 17 0
3 17 1
3 17 4
3 17 7
3 17 10
3 17 13
3 17 14
3 17 17
3 18 0
3 18 3
3 18 4
3 18 8
3 18 9
3 18 13
3 18 15
3 18 17
3 19 1
3 19 2
3 19 7
3 19 10
3 19 15
3 20 6
3 20 11
3 20 12
3 20 15
3 20 17
3 21 5
3 21 6
3 21 9
3 21 10
3 21 11
3 21 12
3 21 13
3 21 15
3 21 16
3 22 2
3 22 4
3 22 5
3 22 7
3 22 12
3 22 14
3 22 17
4 0 8
4 0 16
4 0 18
4 0 19
4 0 20
4 1 0
4 1 7
4 1 11
4 1 15
4 1 16
4 1 17
4 1 20
4 1 21
4 2 2
4 2 4
4 2 13
4 2 15
4 2 16
4 3 0
4 3 13
4 3 17
4 3 18
4 3 19
4 4 5
4 4 7
4 4 10
4 4 12
4 4 15
4 4 16
4 5 3
4 5 4
4 5 5
4 5 8
4 5 11
4 5 14
4 5 18
4 5 19
4 6 3
4 6 5
4 6 14
4 6 18
4 7 6
4 7 21
4 8 0
4 8 2
4 8 5
4 8 7
4 8 13
4 8 15
4 8 16
4 9 1
4 9 7
4 9 9
4 9 12
4 9 15
4 9 16
4 9 17
4 9 20
4 10 4
4 10 7
4 10 13
4 10 18
4 10 21
4 11 0
4 11 6
4 11 8
4 11 9
4 11 12
4 11 15
4 11 20
4 12 1
4 12 9
4 12 10
4 12 11
4 13 4
4 13 5
4 13 6
4 13 8
4 13 14
4 13 19
4 13 20
4 14 6
4 14 7
4 14 17
4 14 19
4 15 0
4 15 2
4 15 10
4 15 12
4 15 14
4 15 17
4 15 18
4 15 19
4 15 20
4 15 21
4 16 2
4 16 3
4 16 5
4 16 7
4 16 9
4 16 11
4 16 12
4 16 14
4 16 15
4 16 20
4 17 0
4 17 3
4 17 5
4 17 9
4 17 10
4 17 11
4 17 13
4 17 14
4 17 15
4 17 20
5 0 3
5 0 4
5 0 7
5 0 8
5 0 11
5 0 14
5 0 25
5 0 27
5 0 28
5 1 1
5 1 4
5 1 5
5 1 12
5 1 23
5 2 2
5 2 6
5 2 10
5 2 11
5 2 12
5 2 14
5 2 21
5 2 22
5 2 23
5 2 26
5 3 12
5 3 13
5 3 16
5 3 17
5 3 19
5 3 20
5 3 28
5 4 1
5 4 5
5 4 6
5 4 7
5 4 11
5 4 16
5 4 17
5 4 25
5 4 26
5 5 1
5 5 3
5 5 4
5 5 6
5 5 7
5 5 9
5 5 10
5 5 12
5 5 15
5 5 16
5 5 17
5 5 23
5 6 4
5 6 8
5 6 12
5 6 14
5 6 23
5 6 24
5 7 1
5 7 2
5 7 4
5 7 9
5 7 14
5 7 17
5 7 19
5 7 20
5 7 22
5 7 24
5 7 26
5 8 0
5 8 6
5 8 9
5 8 15
5 8 16
5 8 19
5 8 20
5 8 21
5 8 24
5 8 25
5 8 28
5 9 1
5 9 5
5 9 6
5 9 9
5 9 10
5 9 16
5 9 18
5 9 21
5 9 23
5 9 24
5 9 28
5 10 0
5 10 2
5 10 5
5 10 6
5 10 9
5 10 14
5 10 16
5 10 18
5 10 22
5 10 25
5 10 26
5 11 0
5 11 6
5 11 13
5 11 15
5 11 16
5 11 20
5 11 22
5 11 24
5 11 25
5 11 26
5 12 2
5 12 3
5 12 5
5 12 6
5 12 7
5 12 9
5 12 11
5 12 12
5 12 17
5 12 20
5 12 26
5 13 6
5 13 8
5 13 14
5 13 15
5 13 17
5 13 21
5 13 27
5 13 28
5 14 4
5 14 6
5 14 9
5 14 10
5 14 14
5 14 15
5 14 17
5 14 22
5 14 28
5 14 29
5 15 7
5 15 9
5 15 11
5 15 12
5 15 15
5 15 17
5 15 18
5 15 21
5 15 22
5 16 3
5 16 4
5 16 7
5 16 10
5 16 13
5 16 15
5 16 29
5 17 8
5 17 17
5 17 20
5 17 21
5 17 22
5 17 24
5 17 28
5 18 0
5 18 5
5 18 7
5 18 8
5 18 9
5 18 10
5 18 11
5 18 19
5 18 22
5 18 26
5 18 27
5 18 28
5 19 2
5 19 9
5 19 17
5 19 18
5 19 19
5 19 27
5 20 1
5 20 4
5 20 8
5 20 11
5 20 13
5 20 15
5 20 18
5 20 23
5 21 4
5 21 15
5 21 19
5 21 26
6 0 0
6 0 3
6 0 7
6 0 12
6 0 14
6 0 18
6 1 8
6 1 10
6 1 18
6 1 23
6 2 3
6 2 9
6 2 13
6 2 16
6 2 21
6 3 0
6 3 2
6 3 7
6 3 9
6 3 11
6 3 17
6 3 18
6 3 21
6 3 23
6 4 0
6 4 8
6 4 20
6 4 22
6 5 1
6 5 2
6 5 5
6 5 21
6 6 1
6 6 4
6 6 5
6 6 6
6 6 10
6 6 16
6 6 18
6 6 19
6 7 1
6 7 6
6 7 9
6 7 12
6 7 13
6 7 14
6 7 15
6 7 17
6 7 20
6 7 21
6 8 2
6 8 7
6 8 9
6 8 16
6 8 18
6 8 22
6 9 0
6 9 2
6 9 4
6 9 14
6 9 18
6 10 4
6 10 5
6 10 8
6 10 11
6 10 12
6 10 18
6 10 20
6 11 7
6 11 9
6 11 13
6 11 15
6 11 16
6 12 2
6 12 4
6 12 10
6 12 11
6 12 15
6 12 16
6 12 17
6 12 19
6 12 23
6 13 0
6 13 1
6 13 4
6 13 5
6 13 8
6 13 10
6 14 4
6 14 7
6 14 8
6 14 13
6 14 21
6 15 1
6 15 6
6 15 9
6 15 16
6 15 21
6 15 23
6 16 3
6 16 7
6 16 8
6 16 9
6 16 10
6 16 17
6 16 18
6 17 1
6 17 6
6 17 9
6 17 21
6 18 0
6 18 2
6 18 3
6 18 4
6 18 6
6 18 7
6 18 10
6 18 12
6 18 13
6 18 22
6 19 5
6 19 6
6 19 10
6 19 11
6 19 14
6 19 17
6 19 18
6 20 2
6 20 3
6 20 5
6 20 8
6 20 11
6 20 15
6 20 18
6 20 19
6 20 21
6 21 1
6 21 2
6 21 4
6 21 7
6 21 11
6 21 18
6 21 21
6 22 2
6 22 3
6 22 8
6 22 9
6 22 11
6 22 14
6 22 15
6 22 17
6 22 20
6 23 1
6 23 3
6 23 7
6 23 8
6 23 12
6 23 14
6 23 19
6 23 22
6 24 1
6 24 2
6 24 7
6 24 14
6 24 15
6 24 19
6 24 21
6 25 0
6 25 4
6 25 7
6 25 8
6 25 10
6 25 11
6 25 15
6 25 16
6 25 19
6 25 21
6 25 22
6 26 0
6 26 7
6 26 8
6 26 10
6 26 11
6 26 13
6 26 16
6 26 20
6 26 22
6 26 23
6 27 2
6 27 3
6 27 7
6 27 8
6 27 10
6 27 12
6 27 13
6 27 15
6 27 17
6 27 19
6 27 20
6 27 21
6 27 23
6 28 2
6 28 3
6 28 4
6 28 7
6 28 11
6 28 12
6 28 15
6 28 20
6 28 23
6 29 0
6 29 1
6 29 4
6 29 5
6 29 8
6 29 9
6 29 12
6 29 13
6 29 14
6 29 17
6 29 18
6 29 21
6 29 22
7 0 2
7 0 3
7 0 6
7 0 8
7 0 9
7 0 11
7 0 13
7 0 14
7 0 19
7 0 20
7 0 22
7 0 23
7 0 27
7 0 30
7 0 32
7 1 0
7 1 1
7 1 4
7 1 8
7 1 10
7 1 11
7 1 19
7 1 22
7 1 23
7 1 24
7 1 26
7 1 29
7 1 30
7 1 31
7 2 0
7 2 1
7 2 3
7 2 11
7 2 12
7 2 15
7 2 16
7 2 18
7 2 20
7 2 21
7 2 26
7 2 27
7 2 30
7 2 32
7 3 0
7 3 4
7 3 12
7 3 13
7 3 17
7 3 18
7 3 20
7 3 22
7 3 23
7 3 30
7 3 31
7 3 32
7 4 4
7 4 6
7 4 8
7 4 10
7 4 12
7 4 16
7 4 22
7 4 25
7 4 26
7 4 28
7 4 30
7 4 31
7 4 32
7 5 0
7 5 1
7 5 5
7 5 7
7 5 13
7 5 22
7 5 23
7 5 24
7 5 26
7 5 27
7 5 29
7 6 0
7 6 2
7 6 4
7 6 5
7 6 10
7 6 11
7 6 12
7 6 19
7 6 22
7 6 25
7 6 30
7 6 31
7 6 32
7 7 1
7 7 4
7 7 8
7 7 10
7 7 15
7 7 18
7 7 19
7 7 20
7 7 24
7 7 29
7 8 0
7 8 1
7 8 3
7 8 5
7 8 6
7 8 8
7 8 12
7 8 15
7 8 20
7 8 22
7 8 26
7 9 5
7 9 7
7 9 8
7 9 9
7 9 10
7 9 13
7 9 14
7 9 17
7 9 18
7 9 20
7 9 21
7 9 22
7 9 24
7 9 30
7 9 31
7 10 1
7 10 8
7 10 11
7 10 13
7 10 14
7 10 16
7 10 19
7 10 21
7 10 22
7 10 26
7 10 27
7 10 28
7 10 30
7 10 31
7 10 32
7 11 0
7 11 3
7 11 4
7 11 14
7 11 19
7 11 21
7 11 22
7 11 24
7 11 26
7 11 29
7 11 31
7 12 4
7 12 5
7 12 8
7 12 11
7 12 14
7 12 15
7 12 16
7 12 21
7 12 24
7 12 28
7 12 32
7 13 6
7 13 9
7 13 13
7 13 21
7 13 22
7 13 25
7 13 27
7 13 28
7 14 3
7 14 7
7 14 9
7 14 13
7 14 14
7 14 20
7 14 21
7 14 26
7 14 28
7 15 9
7 15 11
7 15 12
7 15 14
7 15 22
7 15 24
7 16 1
7 16 3
7 16 5
7 16 9
7 16 10
7 16 14
7 16 21
7 16 27
7 16 30
7 17 1
7 17 2
7 17 4
7 17 6
7 17 7
7 17 9
7 17 10
7 17 11
7 17 12
7 17 14
7 17 15
7 17 16
7 17 22
7 17 32
7 18 1
7 18 3
7 18 5
7 18 6
7 18 10
7 18 14
7 18 17
7 18 20
7 18 26
7 18 32
7 19 1
7 19 2
7 19 7
7 19 11
7 19 16
7 19 17
7 19 21
7 19 26
7 19 27
7 19 29
7 19 30
7 20 1
7 20 3
7 20 4
7 20 7
7 20 16
7 20 17
7 20 21
7 20 22
7 20 24
7 20 26
7 20 27
7 20 31
7 20 32
7 21 4
7 21 9
7 21 12
7 21 14
7 21 23
7 21 27
7 21 30
7 22 1
7 22 5
7 22 6
7 22 7
7 22 8
7 22 9
7 22 13
7 22 20
7 22 21
7 22 23
7 23 0
7 23 2
7 23 3
7 23 4
7 23 9
7 23 12
7 23 14
7 23 17
7 23 18
7 23 20
7 23 21
7 23 24
7 23 31
8 0 0
8 0 1
8 0 4
8 0 11
8 0 15
8 0 16
8 0 19
8 0 29
8 1 0
8 1 1
8 1 5
8 1 6
8 1 10
8 1 13
8 1 14
8 1 17
8 1 26
8 1 29
8 2 2
8 2 3
8 2 5
8 2 9
8 2 15
8 2 19
8 2 30
8 3 0
8 3 2
8 3 6
8 3 7
8 3 8
8 3 11
8 3 13
8 3 14
8 3 16
8 3 19
8 3 23
8 3 28
8 3 30
8 4 4
8 4 6
8 4 7
8 4 18
8 4 23
8 4 25
8 5 1
8 5 3
8 5 4
8 5 7
8 5 16
8 5 18
8 5 22
8 5 23
8 5 24
8 5 28
8 5 31
8 6 0
8 6 1
8 6 2
8 6 6
8 6 8
8 6 9
8 6 12
8 6 15
8 6 18
8 6 22
8 6 23
8 6 24
8 6 25
8 6 26
8 6 28
8 6 29
8 7 2
8 7 4
8 7 6
8 7 7
8 7 9
8 7 10
8 7 11
8 7 13
8 7 14
8 7 15
8 7 19
8 7 20
8 7 29
8 7 31
8 8 2
8 8 6
8 8 7
8 8 9
8 8 14
8 8 16
8 8 17
8 8 18
8 8 20
8 8 23
8 8 27
8 8 28
8 9 9
8 9 11
8 9 12
8 9 14
8 9 15
8 9 22
8 9 23
8 9 25
8 9 26
8 10 0
8 10 7
8 10 10
8 10 24
8 10 28
8 10 29
8 10 31
8 11 1
8 11 5
8 11 6
8 11 8
8 11 9
8 11 10
8 11 14
8 11 15
8 11 16
8 11 20
8 11 21
8 11 24
8 11 26
8 11 28
8 12 2
8 12 3
8 12 11
8 12 12
8 12 15
8 12 17
8 12 18
8 12 19
8 12 25
8 12 29
8 12 30
8 13 2
8 13 4
8 13 7
8 13 8
8 13 10
8 13 11
8 13 12
8 13 18
8 13 24
8 13 29
8 14 0
8 14 5
8 14 7
8 14 9
8 14 12
8 14 14
8 14 18
8 14 19
8 14 26
8 14 31
8 15 2
8 15 6
8 15 10
8 15 11
8 15 15
8 15 16
8 15 17
8 15 18
8 15 22
8 15 27
8 15 30
8 16 0
8 16 1
8 16 4
8 16 6
8 16 8
8 16 10
8 16 12
8 16 15
8 16 17
8 16 21
8 16 22
8 16 27
8 17 6
8 17 11
8 17 20
8 17 24
8 17 26
8 17 27
8 17 30
8 18 2
8 18 4
8 18 6
8 18 14
8 18 15
8 18 17
8 18 20
8 18 21
8 18 23
8 18 30
8 19 4
8 19 14
8 19 16
8 19 17
8 19 18
8 19 19
8 19 22
8 20 0
8 20 2
8 20 4
8 20 16
8 20 27
8 21 0
8 21 1
8 21 7
8 21 8
8 21 9
8 21 17
8 21 21
8 21 26
8 21 27
8 22 2
8 22 3
8 22 5
8 22 10
8 22 12
8 22 18
8 22 21
8 22 29
8 23 2
8 23 10
8 23 11
8 23 16
8 23 23
8 23 25
8 23 30
8 24 4
8 24 9
8 24 10
8 24 12
8 24 13
8 24 15
8 24 22
8 25 2
8 25 7
8 25 13
8 25 15
8 25 16
8 25 18
8 25 19
8 25 24
8 25 25
8 25 28
8 25 29
8 25 30
8 25 31
8 26 0
8 26 1
8 26 3
8 26 11
8 26 12
8 26 13
8 26 14
8 26 18
8 26 22
8 27 5
8 27 8
8 27 13
8 27 15
8 27 16
8 27 19
8 27 27
8 28 0
8 28 5
8 28 8
8 28 10
8 28 11
8 28 12
8 28 14
8 28 18
8 28 19
8 28 23
8 28 26
8 29 1
8 29 4
8 29 5
8 29 8
8 29 9
8 29 13
8 29 15
8 29 26
8 29 27
8 29 29
8 29 31
8 30 0
8 30 8
8 30 26
8 30 27
8 30 28
8 30 29
8 30 31
8 31 0
8 31 3
8 31 5
8 31 21
8 31 24
8 31 25
8 31 26
8 31 29
8 32 0
8 32 2
8 32 7
8 32 10
8 32 13
8 32 14
8 32 19
8 32 23
8 32 26
8 32 29
9 0 0
9 0 4
9 0 5
9 0 8
9 0 13
9 0 14
9 1 0
9 1 1
9 1 9
9 1 12
9 1 17
9 1 19
9 1 20
9 1 22
9 2 0
9 2 1
9 2 3
9 2 8
9 2 12
9 2 14
9 2 20
9 3 6
9 3 7
9 3 8
9 3 14
9 3 15
9 3 16
9 3 22
9 4 1
9 4 7
9 4 9
9 4 10
9 4 13
9 4 19
9 4 20
9 4 21
9 5 0
9 5 13
9 5 15
9 5 21
9 5 22
9 6 3
9 6 6
9 6 10
9 6 14
9 7 1
9 7 5
9 7 6
9 7 7
9 7 8
9 7 11
9 7 14
9 7 17
9 7 19
9 8 0
9 8 4
9 8 6
9 8 10
9 8 14
9 8 15
9 9 2
9 9 3
9 9 5
9 9 6
9 9 8
9 9 19
9 10 2
9 10 11
9 10 16
9 10 19
9 10 20
9 10 21
9 11 4
9 11 6
9 11 8
9 11 11
9 11 16
9 12 9
9 12 11
9 12 13
9 12 20
9 13 3
9 13 8
9 13 9
9 13 11
9 13 15
9 13 16
9 13 17
9 13 21
9 14 4
9 14 6
9 14 7
9 14 12
9 14 13
9 14 15
9 14 16
9 14 18
9 14 19
9 15 4
9 15 5
9 15 8
9 15 12
9 15 13
9 15 14
9 15 16
9 15 20
9 15 22
9 16 0
9 16 3
9 16 11
9 16 13
9 16 16
9 16 18
9 16 19
9 17 0
9 17 3
9 17 10
9 17 12
9 17 13
9 17 14
9 17 17
9 17 19
9 17 20
9 18 8
9 18 11
9 18 12
9 18 14
9 18 15
9 18 16
9 18 22
9 19 0
9 19 1
9 19 2
9 19 8
9 19 17
9 19 19
9 19 21
9 20 0
9 20 1
9 20 4
9 20 9
9 20 10
9 20 11
9 20 18
9 21 0
9 21 2
9 21 4
9 21 5
9 21 6
9 21 14
9 21 18
9 21 20
9 21 21
9 21 22
9 22 1
9 22 3
9 22 10
9 22 12
9 22 13
9 22 21
9 22 22
9 23 6
9 23 8
9 23 11
9 23 13
9 23 17
9 24 2
9 24 3
9 24 7
9 24 17
9 24 18
9 24 19
9 24 20
9 25 8
9 25 9
9 25 13
9 25 15
9 25 20
9 25 22
9 26 0
9 26 2
9 26 4
9 26 9
9 26 11
9 26 15
9 27 4
9 27 5
9 27 6
9 27 7
9 27 16
9 27 19
9 28 3
9 28 6
9 28 7
9 28 12
9 28 17
9 28 21
9 29 7
9 29 13
9 29 14
9 29 20
9 30 0
9 30 1
9 30 2
9 30 3
9 30 5
9 30 11
9 30 12
9 30 15
9 30 16
9 30 19
9 30 21
9 30 22
9 31 2
9 31 4
9 31 6
9 31 12
9 31 13
9 31 16
9 31 19
9 31 22
10 0 2
10 0 3
10 0 6
10 0 7
10 0 10
10 0 11
10 0 13
10 0 14
10 0 16
10 1 0
10 1 1
10 1 2
10 1 3
10 1 4
10 1 5
10 1 10
10 1 11
10 1 16
10 2 1
10 2 7
10 2 9
10 2 11
10 2 15
10 2 16
10 2 18
10 3 3
10 3 16
10 4 8
10 4 10
10 4 13
10 4 18
10 5 12
10 5 13
10 5 14
10 5 18
10 6 1
10 6 2
10 6 3
10 6 4
10 6 13
10 6 14
10 6 17
10 7 2
10 7 12
10 7 17
10 8 0
10 8 4
10 8 13
10 9 1
10 9 2
10 9 5
10 9 7
10 9 8
10 9 9
10 9 10
10 9 16
10 9 18
10 10 9
10 10 13
10 10 14
10 10 16
10 10 17
10 11 0
10 11 4
10 11 6
10 11 8
10 11 14
10 11 16
10 12 0
10 12 6
10 12 8
10 12 9
10 12 10
10 13 2
10 13 3
10 13 9
10 13 10
10 13 11
10 13 12
10 13 13
10 13 14
10 13 15
10 13 16
10 13 17
10 14 0
10 14 1
10 14 4
10 14 5
10 14 7
10 14 8
10 14 11
10 14 13
10 14 14
10 14 18
10 15 0
10 15 1
10 15 2
10 15 3
10 15 9
10 15 13
10 15 14
10 15 15
10 16 0
10 16 1
10 16 2
10 16 3
10 16 4
10 16 9
10 16 17
10 17 0
10 17 2
10 17 4
10 17 7
10 17 8
10 17 10
10 17 11
10 17 14
10 17 17
10 18 0
10 18 2
10 18 3
10 18 5
10 18 8
10 18 9
10 18 10
10 18 12
10 18 14
10 18 15
10 19 2
10 19 3
10 19 4
10 19 6
10 19 18
10 20 0
10 20 6
10 20 8
10 20 15
10 20 16
10 21 2
10 21 3
10 21 5
10 21 8
10 21 9
10 21 10
10 21 12
10 21 17
10 22 1
10 22 2
10 22 14
10 22 15
11 0 2
11 0 4
11 0 7
11 0 16
11 0 17
11 1 1
11 1 2
11 1 5
11 1 6
11 2 1
11 2 2
11 2 8
11 2 9
11 2 13
11 3 5
11 3 6
11 3 8
11 3 15
11 3 16
11 3 17
11 3 18
11 4 1
11 4 6
11 4 9
11 4 15
11 5 2
11 5 6
11 5 8
11 5 12
11 5 14
11 5 15
11 5 16
11 6 1
11 6 3
11 6 4
11 6 10
11 6 14
11 7 1
11 7 3
11 7 5
11 7 7
11 7 14
11 7 17
11 7 18
11 8 0
11 8 2
11 8 8
11 8 9
11 8 10
11 8 11
11 8 15
11 9 2
11 9 6
11 9 9
11 9 12
11 9 13
11 9 16
11 9 17
11 10 1
11 10 9
11 10 11
11 10 14
11 11 5
11 11 6
11 11 7
11 11 12
11 11 13
11 11 15
11 11 17
11 12 0
11 12 1
11 12 4
11 12 7
11 12 11
11 12 12
11 12 13
11 12 14
11 13 5
11 13 10
11 13 13
11 14 3
11 14 8
11 14 10
11 14 12
11 14 16
11 15 0
11 15 1
11 15 3
11 15 6
11 15 7
11 15 10
11 15 16
11 16 8
11 16 14
11 16 18
11 17 5
11 17 7
11 17 8
11 17 10
11 17 12
11 17 14
11 17 15
11 17 17
11 18 1
11 18 2
11 18 3
11 18 5
11 18 6
11 18 7
11 18 9
11 18 13
11 18 17
12 0 3
12 0 4
12 0 14
12 0 15
12 1 5
12 1 11
12 1 12
12 1 18
12 2 0
12 2 2
12 2 11
12 2 13
12 2 15
12 2 16
12 3 1
12 3 3
12 3 4
12 3 5
12 3 8
12 3 11
12 3 18
12 4 7
12 4 11
12 4 12
12 4 13
12 4 14
12 4 18
12 5 9
12 5 11
12 5 12
12 5 14
12 5 15
12 6 3
12 6 6
12 6 12
12 6 13
12 6 14
12 6 15
12 6 17
12 7 8
12 7 12
12 7 13
12 7 14
12 7 16
12 8 14
12 8 15
12 8 19
12 9 6
12 9 7
12 9 8
12 9 9
12 9 11
12 9 13
12 9 14
12 9 19
12 10 0
12 10 4
12 10 9
12 10 18
12 11 1
12 11 3
12 11 4
12 11 7
12 11 8
12 11 10
12 11 12
12 11 14
12 11 16
12 11 17
12 11 19
12 12 0
12 12 3
12 12 4
12 12 5
12 12 14
12 12 19
12 13 10
12 13 11
12 13 12
12 13 13
12 13 19
12 14 1
12 14 2
12 14 6
12 14 12
12 14 15
12 14 17
12 14 18
12 14 19
12 15 2
12 15 4
12 15 7
12 15 15
12 15 17
12 15 18
12 16 0
12 16 2
12 16 7
12 16 14
12 16 15
12 16 16
12 17 2
12 17 3
12 17 4
12 17 5
12 17 12
12 17 17
12 18 5
12 18 8
12 18 10
12 18 12
12 18 14
12 18 16
13 0 1
13 0 6
13 0 8
13 0 13
13 0 18
13 1 1
13 1 5
13 1 7
13 1 11
13 1 12
13 1 14
13 1 16
13 1 17
13 2 2
13 2 3
13 2 4
13 2 7
13 2 9
13 2 10
13 2 11
13 2 13
13 2 16
13 3 0
13 3 2
13 3 5
13 3 8
13 3 9
13 3 12
13 3 18
13 4 0
13 4 3
13 4 4
13 4 5
13 4 10
13 4 13
13 5 8
13 5 11
13 5 14
13 5 16
13 6 1
13 6 2
13 6 3
13 6 9
13 6 13
13 6 14
13 6 16
13 6 17
13 6 18
13 7 2
13 7 9
13 7 10
13 7 16
13 7 17
13 7 18
13 8 5
13 8 9
13 8 10
13 8 11
13 9 1
13 9 2
13 9 8
13 9 9
13 9 10
13 9 13
13 9 18
13 10 1
13 10 4
13 10 7
13 10 9
13 10 12
13 11 1
13 11 3
13 11 7
13 11 8
13 11 9
13 11 11
13 11 14
13 11 18
13 12 3
13 12 6
13 12 11
13 12 12
13 12 13
13 12 14
13 12 18
13 13 0
13 13 2
13 13 7
13 13 9
13 13 14
13 14 3
13 14 7
13 14 10
13 14 15
13 15 0
13 15 4
13 15 14
13 15 17
13 15 18
13 16 0
13 16 6
13 16 12
13 16 13
13 16 16
13 16 17
13 16 18
13 17 5
13 17 8
13 17 10
13 17 15
13 17 16
13 18 2
13 18 4
13 18 9
13 18 14
13 18 16
13 18 17
13 19 5
13 19 15
13 19 17
14 0 4
14 0 5
14 0 6
14 0 7
14 0 10
14 0 13
14 0 14
14 0 15
14 0 16
14 0 17
14 0 18
14 1 1
14 1 3
14 1 12
14 1 14
14 2 1
14 2 6
14 2 8
14 2 9
14 2 10
14 2 12
14 2 19
14 3 1
14 3 5
14 3 6
14 3 7
14 3 9
14 3 14
14 3 18
14 4 11
14 4 12
14 4 18
14 5 0
14 5 2
14 5 6
14 5 8
14 5 9
14 5 10
14 5 13
14 5 14
14 5 15
14 6 6
14 6 9
14 6 17
14 6 19
14 7 2
14 7 5
14 7 6
14 7 7
14 7 10
14 7 12
14 7 14
14 7 15
14 7 16
14 8 2
14 8 4
14 8 10
14 8 12
14 8 14
14 8 16
14 8 17
14 9 7
14 9 9
14 9 10
14 9 15
14 9 16
14 9 18
14 9 19
14 10 6
14 10 7
14 10 9
14 10 13
14 10 14
14 10 15
14 11 1
14 11 4
14 11 6
14 11 7
14 11 8
14 11 15
14 12 0
14 12 4
14 12 5
14 12 11
14 12 16
14 12 18
14 13 2
14 13 3
14 13 4
14 13 5
14 13 9
14 13 10
14 13 11
14 13 17
14 13 19
14 14 5
14 14 8
14 14 10
14 14 12
14 14 17
14 15 3
14 15 5
14 15 8
14 15 10
14 15 12
14 15 16
14 15 18
14 16 1
14 16 3
14 16 5
14 16 7
14 16 8
14 16 12
14 16 17
14 17 2
14 17 3
14 17 4
14 17 13
14 17 19
14 18 1
14 18 3
14 18 8
14 18 9
14 18 19
15 0 0
15 0 4
15 0 5
15 0 8
15 0 14
15 0 16
15 0 17
15 0 19
15 0 20
15 1 11
15 1 16
15 1 18
15 2 0
15 2 5
15 2 9
15 2 14
15 2 15
15 2 18
15 2 20
15 3 1
15 3 6
15 3 7
15 3 16
15 3 18
15 3 19
15 4 2
15 4 3
15 4 12
15 5 0
15 5 6
15 5 7
15 5 14
15 5 15
15 5 16
15 5 17
15 5 18
15 5 19
15 6 2
15 6 14
15 6 17
15 6 18
15 6 20
15 7 0
15 7 4
15 7 5
15 7 8
15 7 9
15 7 11
15 7 18
15 7 19
15 8 0
15 8 10
15 8 14
15 8 15
15 8 20
15 9 0
15 9 10
15 9 12
15 9 14
15 9 15
15 9 16
15 10 6
15 10 7
15 10 11
15 10 14
15 10 15
15 10 20
15 11 1
15 11 2
15 11 3
15 11 5
15 11 7
15 11 10
15 11 14
15 11 16
15 11 20
15 12 2
15 12 4
15 12 7
15 12 14
15 12 15
15 12 17
15 12 18
15 13 1
15 13 4
15 13 9
15 13 12
15 13 13
15 13 17
15 13 18
15 13 20
15 14 2
15 14 4
15 14 14
15 14 16
15 14 17
15 14 18
15 14 19
15 15 1
15 15 4
15 15 5
15 15 6
15 15 8
15 15 11
15 15 12
15 15 13
15 15 15
15 15 18
15 15 19
15 16 4
15 16 6
15 16 8
15 16 12
15 16 14
15 16 20
15 17 10
15 17 16
15 17 19
15 18 6
15 18 8
15 18 9
15 18 11
15 18 19
15 19 4
15 19 6
16 0 4
16 0 5
16 0 6
16 0 14
16 0 15
16 0 16
16 0 17
16 0 19
16 1 8
16 1 10
16 1 15
16 1 19
16 1 21
16 2 0
16 2 4
16 3 0
16 3 1
16 3 5
16 3 6
16 3 15
16 3 17
16 3 18
16 3 22
16 4 1
16 4 2
16 4 5
16 4 8
16 4 11
16 4 16
16 5 4
16 5 11
16 5 14
16 5 15
16 5 21
16 6 3
16 6 8
16 6 9
16 6 10
16 6 16
16 6 19
16 6 21
16 6 22
16 7 0
16 7 1
16 7 4
16 7 7
16 7 8
16 7 10
16 7 12
16 7 14
16 7 22
16 8 3
16 8 8
16 8 11
16 8 12
16 8 13
16 8 14
16 8 18
16 8 20
16 9 13
16 9 14
16 9 21
16 9 22
16 10 1
16 10 5
16 10 9
16 10 10
16 10 14
16 10 17
16 11 2
16 11 4
16 11 9
16 11 11
16 11 14
16 11 15
16 11 18
16 11 22
16 12 12
16 12 16
16 12 17
16 12 20
16 12 22
16 13 0
16 13 7
16 13 8
16 13 14
16 13 20
16 13 21
16 13 22
16 14 0
16 14 1
16 14 6
16 14 8
16 14 17
16 14 18
16 14 20
16 14 21
16 14 22
16 15 1
16 15 6
16 15 7
16 15 15
16 15 19
16 15 21
16 16 19
16 16 20
16 17 5
16 17 12
16 17 15
16 17 16
16 17 17
16 17 20
16 18 2
16 18 5
16 18 7
16 18 16
16 18 21
16 19 2
16 19 4
16 19 6
16 19 11
16 19 18
16 20 0
16 20 4
16 20 5
16 20 7
16 20 8
16 20 17
16 20 20
17 0 0
17 0 1
17 0 2
17 0 16
17 0 17
17 1 1
17 1 2
17 1 4
17 1 6
17 1 9
17 1 10
17 1 14
17 2 0
17 2 4
17 2 5
17 2 17
17 3 10
17 3 12
17 4 2
17 4 3
17 4 6
17 4 7
17 4 8
17 4 11
17 4 15
17 4 16
17 5 1
17 5 2
17 5 3
17 5 6
17 5 9
17 5 11
17 5 13
17 5 16
17 6 2
17 6 3
17 6 7
17 6 10
17 6 11
17 6 12
17 6 13
17 6 14
17 6 17
17 7 0
17 7 1
17 7 4
17 7 14
17 7 15
17 7 17
17 8 0
17 8 6
17 8 8
17 8 10
17 8 11
17 8 12
17 8 13
17 8 14
17 8 16
17 9 0
17 9 3
17 9 5
17 9 6
17 9 10
17 9 12
17 9 13
17 9 16
17 9 17
17 10 2
17 10 4
17 10 5
17 10 10
17 10 11
17 10 13
17 11 6
17 11 9
17 11 12
17 11 13
17 11 15
17 12 1
17 12 15
17 13 3
17 13 4
17 13 5
17 13 8
17 13 10
17 13 11
17 13 15
17 14 4
17 14 7
17 14 11
17 14 13
17 14 14
17 14 16
17 15 6
17 15 7
17 15 9
17 16 5
17 16 7
17 16 10
17 16 12
17 16 15
17 17 0
17 17 2
17 17 4
17 17 5
17 17 8
17 17 12
17 17 13
17 18 0
17 18 1
17 18 2
17 18 3
17 18 5
17 18 9
17 18 10
17 19 1
17 19 3
17 19 6
17 19 12
17 19 13
17 20 1
17 20 2
17 20 8
17 20 9
17 20 10
17 20 11
17 20 15
17 21 1
17 21 6
17 21 8
17 21 10
17 21 11
17 22 2
17 22 5
17 22 8
17 22 9
17 22 10
17 22 11
17 22 12
18 0 11
18 0 14
18 0 15
18 1 0
18 1 1
18 1 7
18 1 8
18 2 0
18 2 8
18 2 11
18 2 18
18 3 4
18 3 9
18 3 12
18 3 18
18 4 6
18 4 7
18 4 13
18 4 18
18 4 19
18 5 1
18 5 4
18 5 7
18 5 8
18 5 14
18 5 15
18 5 18
18 5 19
18 6 1
18 6 2
18 6 4
18 6 12
18 6 13
18 6 14
18 7 4
18 7 5
18 7 10
18 7 14
18 7 15
18 7 16
18 7 17
18 7 18
18 7 19
18 8 9
18 8 13
18 9 0
18 9 10
18 9 11
18 9 13
18 9 15
18 10 0
18 10 3
18 10 4
18 10 6
18 10 7
18 10 13
18 10 14
18 10 17
18 10 19
18 11 1
18 11 2
18 11 3
18 11 5
18 11 8
18 11 9
18 11 11
18 11 12
18 11 14
18 11 15
18 11 18
18 12 0
18 12 2
18 12 5
18 12 6
18 12 13
18 12 15
18 13 1
18 13 5
18 13 6
18 13 7
18 13 8
18 13 9
18 13 12
18 13 17
18 14 0
18 14 2
18 14 8
18 14 12
18 14 13
18 14 15
18 14 17
18 14 19
18 15 4
18 15 6
18 15 7
18 15 10
18 15 11
18 15 13
18 16 6
18 16 11
18 16 12
18 17 0
18 17 1
18 17 4
18 17 10
18 17 14
18 17 16
18 17 18