1853
5
72 91 83 92 112
3000

0 0 0 669 354 0 0 0 241 940 0 0 0 412 0 0 616 0 0 0 74 48 0 57 1 82 0 0 0 0 60 93 77 0 66 91 0 0 0 0 73 87 0 0 0 0 49 0 0 0 0 0 13 79 84 46 0 65 0 14 46 12 20 42 0 9 0 0 89 30 56 0
710 0 0 0 0 0 0 733 0 674 0 901 0 0 0 0 0 0 0 0 0 0 0 61 16 0 73 66 0 2 0 9 39 0 0 0 0 5 0 57 69 12 0 34 0 0 0 15 0 50 17 0 0 90 50 0 9 0 84 0 61 59 99 0 37 11 41 90 72 25 0 0 1 67 40 52 0 0 77 0 0 34 29 71 0 0 21 93 83 0 0
127 0 690 0 0 0 0 0 319 0 0 0 387 0 0 0 318 256 0 0 634 36 85 10 0 23 60 96 0 6 0 48 0 24 0 2 24 0 0 100 0 0 0 27 73 0 0 0 0 0 32 2 45 0 0 0 19 0 53 95 88 16 0 0 0 65 41 19 42 0 61 95 0 0 17 2 62 0 76 3 33 0 16
0 63 962 449 928 0 0 0 0 0 594 0 850 910 0 611 0 289 0 998 698 46 313 883 0 64 0 23 42 0 1 46 0 15 0 64 32 0 0 0 0 1 0 4 0 0 0 4 0 40 53 0 85 0 0 94 47 0 28 0 0 20 0 0 0 35 0 0 55 0 0 88 26 92 95 0 14 0 0 70 0 5 57 0 0 0 0 0 0 0 34 0
806 216 743 61 912 846 717 0 770 537 908 0 408 0 745 0 0 0 0 21 0 0 0 20 0 405 661 0 961 83 60 46 0 48 0 0 0 0 48 0 0 22 0 68 60 1 0 20 0 0 0 96 23 0 57 0 31 0 0 34 77 0 0 26 63 0 65 0 0 0 0 0 0 67 0 0 4 6 0 76 0 0 45 0 0 64 64 0 0 0 58 94 0 0 0 0 0 0 84 13 0 44 0 0 52 73 0 19 0 24 86 19

0 0 0
0 0 32
0 0 39
0 0 57
0 0 60
0 0 64
0 1 0
0 1 38
0 1 42
0 1 59
0 1 67
0 1 75
0 1 77
0 1 83
0 2 20
0 2 32
0 2 42
0 2 46
0 2 48
0 3 0
0 3 4
0 3 5
0 3 13
0 3 14
0 3 25
0 3 33
0 3 57
0 3 88
0 4 3
0 4 17
0 4 18
0 4 19
0 4 20
0 4 51
0 4 61
0 5 10
0 5 15
0 5 26
0 5 39
0 5 42
0 5 53
0 5 78
0 5 87
0 6 4
0 6 11
0 6 13
0 6 21
0 6 36
0 6 65
0 6 86
0 7 31
0 7 43
0 7 45
0 7 51
0 7 61
0 7 64
0 7 71
0 7 88
0 8 13
0 8 42
0 8 45
0 8 56
0 8 69
0 8 74
0 8 88
0 8 89
0 9 7
0 9 21
0 9 28
0 9 41
0 9 45
0 9 61
0 9 64
0 9 87
0 9 90
0 10 3
0 10 6
0 10 32
0 10 34
0 10 50
0 10 57
0 10 89
0 11 0
0 11 6
0 11 9
0 11 15
0 11 25
0 11 42
0 11 50
0 11 56
0 11 64
0 11 65
0 11 66
0 11 77
0 11 82
0 12 8
0 12 28
0 12 29
0 12 65
0 12 75
0 12 90
0 13 27
0 13 40
0 13 47
0 13 67
0 13 73
0 13 79
0 13 88
0 14 19
0 14 29
0 14 35
0 14 51
0 14 57
0 14 66
0 14 69
0 15 9
0 15 16
0 15 30
0 15 36
0 15 50
0 15 52
0 15 74
0 16 1
0 16 5
0 16 11
0 16 17
0 16 25
0 16 29
0 16 35
0 16 51
0 16 55
0 16 84
0 16 86
0 17 1
0 17 11
0 17 33
0 17 38
0 17 40
0 17 51
0 17 57
0 17 63
0 17 64
0 17 71
0 17 77
0 17 86
0 18 19
0 18 27
0 18 32
0 18 33
0 18 41
0 18 65
0 18 86
0 19 5
0 19 14
0 19 52
0 19 73
0 19 75
0 19 81
0 19 83
0 20 11
0 20 28
0 20 37
0 20 51
0 20 60
0 20 64
0 20 71
0 20 73
0 20 79
0 20 83
0 20 84
0 21 3
0 21 11
0 21 18
0 21 29
0 21 33
0 21 37
0 21 49
0 21 52
0 21 66
0 21 70
0 21 75
0 21 80
0 21 83
0 22 0
0 22 13
0 22 35
0 22 42
0 22 53
0 22 76
0 23 12
0 23 13
0 23 14
0 23 16
0 23 17
0 23 37
0 23 39
0 23 58
0 23 59
0 23 62
0 23 63
0 23 80
0 24 18
0 24 56
0 24 66
0 24 72
0 24 77
0 24 80
0 25 2
0 25 8
0 25 11
0 25 12
0 25 19
0 25 36
0 25 40
0 25 46
0 25 51
0 25 70
0 25 78
0 25 79
0 26 8
0 26 23
0 26 31
0 26 74
0 26 77
0 26 81
0 27 10
0 27 11
0 27 23
0 27 30
0 27 46
0 27 53
0 27 56
0 27 78
0 28 23
0 28 34
0 28 52
0 28 84
0 29 1
0 29 5
0 29 15
0 29 28
0 29 31
0 29 37
0 29 53
0 29 64
0 29 68
0 29 76
0 29 84
0 30 1
0 30 43
0 30 45
0 30 63
0 30 64
0 30 65
0 30 81
0 30 88
0 31 2
0 31 9
0 31 17
0 31 43
0 31 49
0 31 60
0 31 77
0 31 81
0 31 84
0 31 85
0 31 89
0 32 2
0 32 6
0 32 19
0 32 25
0 32 39
0 32 63
0 32 66
0 32 78
0 33 1
0 33 2
0 33 5
0 33 7
0 33 15
0 33 30
0 33 37
0 33 41
0 33 42
0 33 48
0 33 58
0 33 83
0 34 12
0 34 34
0 34 53
0 34 58
0 34 74
0 34 75
0 34 77
0 35 9
0 35 17
0 35 23
0 35 43
0 35 52
0 35 53
0 35 56
0 35 61
0 35 80
0 35 88
0 36 2
0 36 6
0 36 9
0 36 24
0 36 29
0 36 35
0 36 52
0 36 56
0 36 75
0 36 84
0 37 12
0 37 17
0 37 18
0 37 26
0 37 28
0 37 30
0 37 35
0 37 73
0 37 78
0 37 79
0 37 81
0 37 88
0 38 9
0 38 13
0 38 16
0 38 17
0 38 18
0 38 40
0 38 70
0 38 72
0 39 4
0 39 28
0 39 30
0 39 61
0 39 89
0 40 14
0 40 21
0 40 26
0 40 56
0 40 72
0 40 77
0 40 82
0 40 86
0 41 8
0 41 15
0 41 28
0 41 29
0 41 35
0 41 39
0 41 61
0 41 67
0 41 77
0 41 83
0 41 84
0 41 86
0 42 1
0 42 18
0 42 47
0 42 62
0 42 67
0 42 70
0 43 5
0 43 17
0 43 18
0 43 51
0 43 57
0 43 84
0 44 10
0 44 22
0 44 38
0 44 62
0 44 70
0 44 77
0 44 87
0 45 2
0 45 6
0 45 17
0 45 28
0 45 44
0 45 56
0 45 58
0 45 79
0 45 85
0 45 86
0 46 13
0 46 21
0 46 31
0 46 36
0 46 38
0 46 49
0 46 54
0 46 63
0 46 78
0 46 86
0 46 90
0 47 0
0 47 22
0 47 39
0 47 55
0 47 60
0 47 67
0 47 83
0 48 24
0 48 30
0 48 39
0 48 69
0 48 72
0 48 78
0 48 79
0 48 82
0 48 87
0 48 89
0 49 27
0 49 29
0 49 33
0 49 48
0 49 58
0 49 69
0 49 90
0 50 6
0 50 26
0 50 27
0 50 53
0 50 60
0 50 67
0 50 73
0 50 80
0 51 19
0 51 20
0 51 21
0 51 28
0 51 56
0 51 77
0 51 79
0 51 86
0 51 88
0 52 20
0 52 29
0 52 34
0 52 63
0 52 79
0 52 85
0 53 48
0 53 54
0 53 56
0 53 62
0 53 85
0 53 89
0 54 13
0 54 24
0 54 27
0 54 41
0 54 45
0 54 49
0 54 66
0 54 70
0 54 77
0 54 82
0 54 83
0 55 1
0 55 50
0 55 76
0 56 0
0 56 1
0 56 20
0 56 55
0 56 65
0 56 74
0 56 86
0 56 88
0 57 3
0 57 6
0 57 23
0 57 25
0 57 37
0 57 43
0 57 47
0 57 70
0 57 72
0 57 74
0 57 78
0 57 80
0 57 81
0 57 86
0 57 88
0 58 5
0 58 35
0 58 55
0 58 56
0 58 62
0 58 72
0 58 76
0 59 0
0 59 16
0 59 22
0 59 27
0 59 29
0 59 46
0 59 59
0 59 70
0 59 77
0 59 87
0 60 8
0 60 44
0 60 61
0 60 69
0 60 70
0 60 72
0 60 78
0 60 81
0 61 5
0 61 8
0 61 16
0 61 33
0 61 39
0 61 44
0 61 45
0 61 58
0 61 66
0 61 67
0 61 76
0 62 35
0 62 40
0 62 43
0 62 44
0 62 67
0 62 71
0 62 73
0 63 4
0 63 5
0 63 16
0 63 39
0 63 41
0 63 44
0 63 58
0 63 76
0 64 4
0 64 9
0 64 18
0 64 42
0 64 57
0 64 64
0 64 69
0 64 74
0 64 80
0 64 85
0 64 86
0 65 0
0 65 9
0 65 18
0 65 37
0 65 43
0 65 58
0 65 68
0 65 76
0 65 84
0 66 9
0 66 19
0 66 25
0 66 29
0 66 33
0 66 34
0 66 37
0 66 60
0 66 62
0 66 67
0 66 71
0 66 78
0 66 79
0 66 89
0 67 6
0 67 8
0 67 14
0 67 21
0 67 44
0 67 46
0 67 60
0 67 79
0 67 85
0 68 1
0 68 2
0 68 44
0 68 75
0 68 83
0 68 84
0 69 27
0 69 53
0 69 74
0 70 6
0 70 21
0 70 32
0 70 33
0 70 50
0 70 59
0 70 67
0 71 22
0 71 23
0 71 31
0 71 44
0 71 45
0 71 73
0 71 87
1 0 6
1 0 32
1 0 61
1 0 78
1 1 23
1 1 30
1 1 56
1 1 68
1 1 78
1 2 8
1 2 43
1 2 52
1 2 65
1 3 10
1 3 22
1 3 35
1 3 50
1 3 53
1 4 7
1 4 16
1 4 27
1 4 32
1 4 59
1 4 76
1 5 15
1 5 21
1 5 33
1 5 34
1 5 42
1 5 64
1 5 65
1 5 73
1 5 74
1 6 6
1 6 22
1 6 24
1 6 25
1 6 26
1 6 68
1 6 69
1 6 75
1 6 78
1 6 79
1 7 7
1 7 10
1 7 11
1 7 16
1 7 23
1 7 35
1 7 63
1 7 69
1 7 70
1 7 75
1 8 6
1 8 24
1 8 40
1 8 41
1 8 43
1 8 45
1 8 73
1 8 74
1 9 6
1 9 12
1 9 20
1 9 32
1 9 51
1 9 53
1 9 66
1 9 68
1 9 82
1 10 28
1 10 36
1 10 51
1 10 60
1 10 63
1 10 71
1 10 73
1 11 9
1 11 16
1 11 42
1 11 62
1 11 71
1 12 8
1 12 30
1 12 55
1 12 73
1 12 77
1 13 0
1 13 22
1 13 37
1 13 41
1 13 49
1 13 59
1 13 61
1 13 63
1 13 80
1 14 7
1 14 17
1 14 34
1 14 36
1 14 37
1 14 56
1 14 62
1 14 76
1 14 78
1 15 9
1 15 17
1 15 18
1 15 27
1 15 33
1 15 48
1 15 49
1 15 55
1 15 75
1 16 4
1 16 16
1 16 23
1 16 47
1 16 53
1 16 57
1 16 73
1 16 74
1 17 15
1 17 25
1 17 32
1 17 57
1 17 70
1 18 2
1 18 12
1 18 20
1 18 23
1 18 32
1 18 33
1 18 51
1 18 69
1 18 79
1 18 80
1 18 82
1 19 4
1 19 11
1 19 17
1 19 36
1 19 47
1 19 55
1 19 61
1 20 8
1 20 11
1 20 45
1 20 58
1 20 61
1 20 76
1 20 80
1 21 28
1 21 33
1 21 43
1 21 57
1 21 61
1 21 66
1 21 72
1 21 73
1 22 1
1 22 6
1 22 30
1 22 33
1 22 36
1 22 41
1 22 51
1 22 56
1 22 58
1 22 61
1 22 64
1 22 80
1 23 17
1 23 23
1 23 29
1 23 31
1 23 47
1 23 64
1 23 77
1 24 12
1 24 14
1 24 16
1 24 27
1 24 42
1 24 69
1 24 75
1 24 78
1 24 81
1 25 9
1 25 32
1 25 43
1 25 44
1 25 54
1 25 66
1 25 68
1 26 6
1 26 29
1 26 31
1 26 39
1 26 52
1 26 65
1 26 67
1 26 75
1 27 8
1 27 17
1 27 29
1 27 37
1 27 46
1 27 48
1 27 53
1 27 67
1 27 71
1 28 8
1 28 58
1 28 61
1 28 65
1 28 67
1 28 71
1 29 63
1 29 68
1 30 8
1 30 9
1 30 16
1 30 46
1 30 54
1 30 55
1 30 64
1 30 66
1 30 67
1 30 72
1 30 75
1 30 78
1 31 1
1 31 6
1 31 10
1 31 18
1 31 20
1 31 24
1 31 26
1 31 34
1 31 40
1 31 58
1 31 66
1 31 69
1 32 13
1 32 19
1 32 22
1 32 28
1 32 30
1 32 39
1 32 42
1 32 52
1 32 65
1 33 9
1 33 18
1 33 28
1 33 32
1 33 52
1 33 58
1 33 66
1 33 73
1 33 78
1 34 0
1 34 5
1 34 8
1 34 14
1 34 19
1 34 34
1 34 36
1 34 44
1 34 66
1 35 0
1 35 4
1 35 11
1 35 20
1 35 35
1 35 47
1 35 48
1 35 53
1 35 62
1 35 66
1 35 68
1 35 74
1 36 0
1 36 2
1 36 14
1 36 23
1 36 29
1 36 31
1 36 37
1 36 43
1 36 47
1 36 49
1 36 70
1 36 75
1 37 11
1 37 18
1 37 30
1 37 37
1 37 45
1 37 49
1 37 58
1 37 60
1 37 61
1 37 66
1 37 80
1 38 3
1 38 4
1 38 10
1 38 30
1 38 36
1 38 40
1 38 42
1 38 44
1 38 55
1 38 64
1 38 66
1 38 76
1 38 82
1 39 32
1 39 43
1 39 49
1 39 58
1 39 60
1 39 61
1 39 64
1 40 18
1 40 32
1 40 33
1 40 45
1 40 78
1 41 18
1 41 25
1 41 26
1 41 28
1 41 43
1 41 63
1 41 65
1 41 77
1 41 82
1 42 2
1 42 3
1 42 6
1 42 15
1 42 18
1 42 22
1 42 23
1 42 29
1 42 36
1 42 40
1 42 58
1 42 68
1 43 9
1 43 13
1 43 19
1 43 35
1 43 47
1 44 39
1 44 69
1 45 29
1 45 30
1 45 37
1 45 52
1 45 63
1 46 8
1 46 33
1 46 36
1 46 47
1 46 63
1 46 65
1 46 70
1 47 10
1 47 37
1 47 41
1 47 44
1 47 50
1 47 57
1 48 11
1 48 12
1 48 17
1 48 33
1 48 48
1 48 65
1 48 73
1 48 78
1 48 79
1 49 4
1 49 14
1 49 28
1 49 33
1 49 44
1 49 45
1 49 59
1 49 82
1 50 25
1 50 44
1 50 45
1 50 51
1 50 55
1 50 63
1 50 68
1 50 73
1 50 74
1 51 3
1 51 4
1 51 21
1 51 35
1 51 38
1 51 51
1 51 63
1 51 73
1 52 1
1 52 18
1 52 29
1 52 46
1 52 65
1 52 67
1 52 75
1 52 76
1 52 82
1 53 9
1 53 20
1 53 22
1 53 26
1 53 38
1 53 63
1 53 69
1 54 16
1 54 18
1 54 20
1 54 21
1 54 37
1 54 48
1 54 54
1 54 57
1 54 61
1 54 66
1 54 70
1 54 77
1 55 2
1 55 13
1 55 21
1 55 31
1 55 39
1 56 0
1 56 34
1 56 35
1 56 41
1 56 42
1 56 43
1 56 46
1 56 48
1 56 69
1 56 78
1 56 79
1 57 16
1 57 24
1 57 28
1 57 35
1 57 43
1 57 49
1 57 51
1 57 66
1 57 70
1 57 79
1 58 4
1 58 6
1 58 16
1 58 36
1 58 70
1 59 1
1 59 6
1 59 30
1 59 57
1 59 61
1 59 66
1 59 74
1 59 81
1 60 3
1 60 10
1 60 17
1 60 22
1 60 36
1 60 45
1 61 0
1 61 3
1 61 21
1 61 25
1 61 29
1 61 33
1 61 37
1 61 38
1 61 41
1 61 45
1 61 53
1 61 72
1 62 0
1 62 2
1 62 21
1 62 28
1 62 29
1 62 34
1 62 36
1 62 55
1 62 57
1 62 82
1 63 13
1 63 15
1 63 45
1 63 47
1 63 67
1 63 74
1 63 82
1 64 4
1 64 7
1 64 24
1 64 28
1 64 30
1 64 43
1 65 24
1 65 33
1 65 34
1 65 39
1 65 43
1 65 71
1 65 74
1 66 13
1 66 17
1 66 21
1 66 52
1 66 58
1 66 67
1 66 69
1 66 80
1 67 21
1 67 33
1 67 74
1 67 81
1 68 9
1 68 33
1 68 42
1 68 60
1 68 71
1 69 7
1 69 24
1 69 26
1 69 29
1 69 53
1 69 57
1 69 62
1 69 64
1 69 66
1 70 54
1 70 57
1 70 60
1 70 76
1 71 16
1 71 51
1 71 64
1 71 73
1 72 2
1 72 8
1 72 10
1 72 20
1 72 47
1 72 54
1 72 73
1 72 79
1 73 2
1 73 4
1 73 6
1 73 13
1 73 32
1 73 43
1 73 51
1 73 54
1 73 63
1 73 78
1 73 80
1 73 82
1 74 8
1 74 15
1 74 40
1 74 45
1 74 71
1 74 78
1 75 1
1 75 2
1 75 4
1 75 10
1 75 14
1 75 50
1 75 56
1 75 57
1 76 2
1 76 14
1 76 16
1 76 17
1 76 22
1 76 26
1 76 29
1 76 32
1 76 38
1 76 69
1 77 3
1 77 9
1 77 12
1 77 32
1 77 39
1 77 50
1 77 62
1 77 65
1 77 71
1 77 76
1 77 80
1 78 16
1 78 18
1 78 43
1 78 49
1 78 50
1 78 64
1 78 68
1 79 14
1 79 18
1 79 31
1 79 41
1 79 42
1 79 43
1 79 51
1 79 58
1 79 59
1 79 62
1 79 64
1 79 82
1 80 20
1 80 36
1 80 65
1 80 72
1 80 77
1 80 78
1 80 79
1 81 11
1 81 12
1 81 25
1 81 43
1 81 82
1 82 6
1 82 14
1 82 19
1 82 21
1 82 34
1 82 49
1 82 51
1 83 2
1 83 6
1 83 22
1 83 27
1 83 36
1 83 43
1 83 56
1 83 73
1 84 9
1 84 46
1 84 58
1 84 65
1 84 80
1 85 5
1 85 8
1 85 14
1 85 33
1 85 44
1 85 45
1 85 54
1 85 56
1 85 58
1 86 0
1 86 1
1 86 3
1 86 33
1 86 41
1 86 48
1 86 53
1 86 60
1 86 67
1 87 7
1 87 13
1 87 14
1 87 29
1 87 35
1 87 46
1 87 55
1 87 58
1 87 65
1 87 68
1 87 78
1 87 81
1 88 7
1 88 10
1 88 47
1 88 75
1 89 7
1 89 10
1 89 17
1 89 21
1 89 23
1 89 24
1 89 28
1 89 60
1 89 77
1 90 37
1 90 42
1 90 45
1 90 63
2 0 13
2 0 35
2 0 61
2 0 65
2 0 69
2 0 72
2 1 54
2 1 59
2 1 77
2 1 80
2 1 85
2 1 88
2 2 29
2 2 42
2 2 43
2 2 47
2 2 50
2 2 61
2 2 64
2 2 70
2 2 78
2 2 82
2 2 83
2 3 5
2 3 14
2 3 20
2 3 25
2 3 34
2 3 44
2 3 55
2 3 56
2 3 62
2 3 76
2 3 79
2 3 83
2 3 88
2 4 8
2 4 27
2 4 28
2 4 49
2 4 56
2 4 77
2 5 0
2 5 6
2 5 11
2 5 17
2 5 19
2 5 27
2 5 39
2 5 50
2 5 81
2 5 86
2 6 0
2 6 18
2 6 19
2 6 20
2 6 30
2 6 34
2 6 35
2 6 38
2 6 43
2 6 79
2 6 88
2 7 13
2 7 22
2 7 62
2 7 77
2 7 84
2 8 9
2 8 14
2 8 22
2 8 32
2 8 33
2 8 47
2 8 66
2 8 79
2 9 5
2 9 24
2 9 41
2 9 49
2 9 62
2 10 9
2 10 14
2 10 25
2 10 43
2 10 72
2 11 22
2 11 26
2 11 48
2 11 76
2 11 80
2 12 13
2 12 17
2 12 31
2 12 33
2 12 54
2 12 60
2 13 10
2 13 33
2 13 38
2 13 50
2 13 53
2 13 56
2 13 61
2 13 76
2 13 80
2 13 84
2 14 10
2 14 29
2 14 74
2 14 75
2 14 78
2 14 79
2 14 83
2 14 91
2 15 9
2 15 11
2 15 25
2 15 28
2 15 31
2 15 35
2 15 37
2 15 58
2 15 81
2 15 86
2 16 1
2 16 22
2 16 59
2 16 64
2 16 67
2 16 81
2 16 90
2 17 4
2 17 18
2 17 48
2 17 50
2 17 66
2 17 72
2 17 88
2 18 5
2 18 18
2 18 33
2 18 61
2 18 69
2 18 74
2 18 85
2 19 18
2 19 40
2 19 42
2 19 58
2 19 69
2 19 80
2 19 88
2 20 2
2 20 8
2 20 13
2 20 27
2 20 30
2 20 42
2 20 49
2 20 50
2 20 73
2 20 90
2 21 1
2 21 7
2 21 17
2 21 22
2 21 43
2 21 51
2 21 53
2 21 59
2 21 67
2 21 78
2 21 79
2 22 11
2 22 16
2 22 29
2 22 39
2 22 52
2 22 73
2 22 74
2 22 79
2 22 81
2 22 83
2 23 23
2 23 25
2 23 28
2 23 43
2 23 44
2 23 59
2 23 65
2 23 71
2 23 72
2 24 16
2 24 31
2 24 46
2 24 47
2 24 60
2 24 64
2 24 65
2 24 72
2 24 74
2 24 78
2 24 84
2 25 5
2 25 12
2 25 19
2 25 36
2 25 42
2 25 44
2 25 49
2 25 57
2 25 61
2 25 76
2 25 77
2 25 81
2 25 82
2 25 87
2 26 5
2 26 11
2 26 43
2 26 44
2 26 56
2 27 0
2 27 7
2 27 9
2 27 16
2 27 34
2 27 40
2 27 54
2 27 61
2 27 74
2 27 75
2 27 80
2 28 3
2 28 13
2 28 17
2 28 19
2 28 26
2 28 31
2 28 36
2 28 38
2 28 60
2 28 69
2 28 71
2 28 74
2 28 91
2 29 24
2 29 33
2 29 36
2 29 43
2 29 53
2 29 61
2 29 67
2 29 85
2 30 0
2 30 12
2 30 20
2 30 35
2 30 45
2 31 25
2 31 32
2 31 43
2 32 8
2 32 12
2 32 13
2 32 33
2 32 41
2 32 54
2 33 13
2 33 37
2 33 45
2 33 54
2 33 60
2 33 73
2 33 77
2 33 80
2 33 81
2 33 84
2 33 87
2 34 16
2 34 38
2 34 40
2 34 45
2 34 66
2 34 69
2 34 76
2 35 4
2 35 24
2 35 25
2 35 33
2 35 34
2 35 36
2 35 58
2 35 73
2 35 87
2 36 8
2 36 9
2 36 18
2 36 28
2 36 33
2 36 64
2 36 69
2 37 14
2 37 32
2 37 47
2 37 50
2 37 59
2 37 86
2 37 88
2 38 0
2 38 3
2 38 6
2 38 27
2 38 35
2 38 40
2 38 52
2 38 74
2 39 0
2 39 6
2 39 14
2 39 22
2 39 30
2 39 33
2 39 46
2 39 51
2 39 61
2 39 65
2 39 73
2 39 77
2 39 82
2 40 6
2 40 45
2 41 0
2 41 41
2 41 68
2 41 72
2 42 10
2 42 18
2 42 29
2 42 31
2 42 45
2 42 56
2 42 66
2 42 70
2 42 73
2 42 89
2 43 35
2 43 39
2 43 42
2 43 47
2 43 67
2 43 75
2 43 85
2 43 86
2 44 4
2 44 12
2 44 86
2 45 17
2 45 28
2 45 78
2 46 4
2 46 9
2 46 23
2 46 29
2 46 34
2 46 66
2 46 76
2 46 83
2 46 90
2 47 20
2 47 27
2 47 31
2 47 34
2 47 41
2 47 43
2 47 51
2 47 55
2 47 57
2 47 74
2 47 79
2 47 82
2 48 11
2 48 13
2 48 16
2 48 19
2 48 29
2 48 30
2 48 44
2 48 53
2 48 69
2 48 75
2 49 0
2 49 3
2 49 4
2 49 20
2 49 39
2 49 53
2 49 56
2 49 63
2 49 75
2 49 76
2 49 79
2 49 89
2 50 14
2 50 38
2 50 46
2 50 55
2 50 57
2 50 60
2 50 62
2 51 2
2 51 5
2 51 7
2 51 17
2 51 30
2 51 56
2 51 69
2 51 72
2 51 73
2 52 3
2 52 6
2 52 20
2 52 25
2 52 27
2 52 50
2 52 52
2 52 74
2 52 79
2 53 0
2 53 3
2 53 15
2 53 23
2 53 25
2 53 30
2 53 36
2 53 40
2 53 43
2 53 49
2 53 54
2 53 58
2 53 78
2 53 79
2 54 4
2 54 22
2 54 40
2 54 49
2 54 60
2 54 70
2 54 79
2 54 80
2 54 88
2 55 25
2 55 27
2 55 37
2 55 74
2 55 84
2 55 91
2 56 2
2 56 12
2 56 33
2 56 39
2 56 42
2 56 45
2 56 46
2 56 51
2 56 63
2 56 65
2 56 75
2 57 3
2 57 4
2 57 17
2 57 21
2 57 22
2 57 33
2 57 40
2 57 43
2 57 47
2 57 50
2 57 62
2 57 65
2 57 77
2 58 10
2 58 12
2 58 13
2 58 18
2 58 19
2 58 24
2 58 39
2 58 54
2 58 62
2 58 76
2 58 83
2 59 7
2 59 12
2 59 18
2 59 30
2 59 37
2 59 39
2 59 49
2 59 55
2 59 57
2 59 60
2 59 83
2 59 87
2 60 6
2 60 7
2 60 36
2 60 37
2 60 41
2 60 54
2 60 64
2 60 86
2 61 0
2 61 34
2 61 44
2 61 47
2 61 60
2 61 86
2 61 89
2 62 32
2 62 37
2 62 39
2 62 48
2 62 62
2 62 66
2 62 77
2 62 86
2 63 1
2 63 6
2 63 8
2 63 13
2 63 14
2 63 16
2 63 18
2 63 32
2 63 42
2 63 70
2 63 72
2 63 75
2 63 77
2 63 79
2 63 81
2 63 88
2 64 2
2 64 7
2 64 18
2 64 38
2 64 63
2 64 78
2 65 2
2 65 24
2 65 25
2 65 28
2 65 40
2 65 47
2 65 60
2 65 90
2 66 9
2 66 12
2 66 14
2 66 23
2 66 30
2 66 43
2 66 48
2 66 58
2 66 64
2 66 68
2 66 85
2 67 6
2 67 15
2 67 26
2 67 28
2 67 40
2 67 45
2 68 28
2 68 52
2 68 64
2 68 83
2 69 4
2 69 9
2 69 17
2 69 25
2 69 29
2 69 33
2 69 39
2 69 48
2 69 58
2 69 64
2 69 66
2 69 70
2 69 77
2 69 82
2 69 86
2 70 7
2 70 31
2 70 39
2 70 79
2 70 82
2 70 87
2 71 4
2 71 7
2 71 14
2 71 39
2 71 40
2 71 69
2 71 73
2 71 83
2 72 2
2 72 3
2 72 18
2 72 28
2 72 41
2 72 50
2 72 78
2 73 8
2 73 16
2 73 20
2 73 53
2 73 56
2 73 59
2 73 87
2 73 88
2 73 91
2 74 3
2 74 4
2 74 5
2 74 9
2 74 14
2 74 33
2 74 51
2 74 59
2 74 61
2 74 76
2 74 86
2 75 1
2 75 10
2 75 23
2 75 38
2 75 51
2 75 61
2 75 62
2 75 72
2 75 82
2 75 89
2 76 8
2 76 20
2 76 43
2 76 46
2 76 67
2 76 77
2 76 83
2 76 91
2 77 20
2 77 24
2 77 40
2 77 47
2 77 54
2 77 73
2 77 80
2 77 84
2 77 87
2 78 39
2 78 50
2 78 59
2 78 74
2 78 81
2 78 82
2 79 3
2 79 11
2 79 21
2 79 26
2 79 32
2 79 43
2 79 58
2 79 63
2 79 75
2 79 79
2 79 80
2 79 87
2 80 3
2 80 25
2 80 39
2 80 56
2 80 69
2 81 2
2 81 3
2 81 14
2 81 18
2 81 29
2 81 54
2 82 3
2 82 5
2 82 16
2 82 18
2 82 23
2 82 25
2 82 27
2 82 36
2 82 40
2 82 54
2 82 56
2 82 59
2 82 65
2 82 72
2 82 76
2 82 90
3 0 1
3 0 3
3 0 22
3 0 28
3 0 35
3 0 43
3 0 66
3 0 93
3 0 110
3 1 7
3 1 35
3 1 67
3 1 69
3 1 76
3 1 82
3 1 87
3 1 90
3 2 5
3 2 18
3 2 31
3 2 37
3 2 43
3 2 56
3 2 60
3 2 62
3 2 71
3 2 85
3 3 7
3 3 9
3 3 16
3 3 24
3 3 33
3 3 36
3 3 82
3 3 96
3 3 98
3 3 105
3 4 6
3 4 18
3 4 26
3 4 27
3 4 34
3 4 47
3 4 56
3 4 79
3 4 91
3 4 99
3 4 101
3 4 110
3 5 2
3 5 6
3 5 15
3 5 20
3 5 42
3 5 43
3 5 44
3 5 50
3 5 51
3 5 83
3 5 84
3 5 96
3 6 3
3 6 4
3 6 7
3 6 14
3 6 17
3 6 30
3 6 46
3 6 47
3 6 52
3 6 57
3 6 75
3 6 77
3 6 96
3 6 101
3 6 103
3 7 0
3 7 4
3 7 7
3 7 12
3 7 22
3 7 24
3 7 37
3 7 83
3 7 102
3 8 5
3 8 12
3 8 20
3 8 23
3 8 29
3 8 34
3 8 42
3 8 45
3 8 49
3 8 82
3 8 94
3 8 97
3 8 106
3 9 8
3 9 17
3 9 19
3 9 42
3 9 54
3 9 56
3 9 76
3 9 89
3 9 91
3 9 103
3 10 21
3 10 22
3 10 29
3 10 50
3 10 54
3 10 55
3 10 62
3 10 70
3 10 107
3 11 20
3 11 99
3 11 107
3 11 110
3 12 0
3 12 1
3 12 11
3 12 12
3 12 19
3 12 36
3 12 45
3 12 50
3 12 55
3 12 56
3 12 61
3 12 63
3 12 69
3 12 73
3 12 79
3 13 17
3 13 19
3 13 23
3 13 37
3 13 43
3 13 54
3 13 59
3 13 63
3 13 72
3 13 83
3 13 84
3 14 9
3 14 13
3 14 14
3 14 19
3 14 25
3 14 38
3 14 42
3 14 54
3 14 56
3 14 58
3 14 67
3 14 98
3 14 99
3 14 101
3 14 106
3 15 2
3 15 20
3 15 57
3 15 70
3 15 82
3 15 83
3 15 84
3 15 94
3 16 1
3 16 17
3 16 26
3 16 32
3 16 71
3 16 76
3 16 77
3 16 83
3 17 0
3 17 1
3 17 12
3 17 26
3 17 36
3 17 43
3 17 45
3 17 46
3 17 54
3 17 64
3 17 66
3 17 74
3 17 80
3 17 96
3 17 97
3 17 105
3 17 107
3 18 2
3 18 6
3 18 15
3 18 19
3 18 26
3 18 35
3 18 43
3 18 52
3 18 55
3 18 56
3 18 70
3 18 76
3 18 94
3 18 99
3 19 18
3 19 21
3 19 31
3 19 32
3 19 34
3 19 35
3 19 39
3 19 67
3 19 72
3 19 110
3 20 2
3 20 7
3 20 23
3 20 26
3 20 34
3 20 39
3 20 71
3 20 76
3 20 80
3 20 88
3 20 90
3 20 94
3 20 96
3 20 99
3 20 105
3 21 4
3 21 6
3 21 16
3 21 26
3 21 29
3 21 30
3 21 38
3 21 46
3 21 54
3 21 66
3 21 68
3 21 69
3 21 94
3 21 100
3 21 102
3 21 103
3 21 105
3 22 14
3 22 22
3 22 23
3 22 37
3 22 39
3 22 45
3 22 49
3 22 66
3 22 78
3 22 88
3 22 93
3 22 99
3 23 21
3 23 23
3 23 33
3 23 45
3 23 47
3 23 51
3 23 53
3 23 64
3 23 67
3 23 73
3 23 74
3 23 79
3 23 93
3 23 99
3 23 101
3 24 10
3 24 13
3 24 14
3 24 15
3 24 20
3 24 33
3 24 37
3 24 38
3 24 42
3 24 57
3 25 3
3 25 6
3 25 8
3 25 12
3 25 27
3 25 52
3 25 53
3 25 73
3 25 97
3 25 102
3 25 105
3 25 107
3 25 110
3 26 22
3 26 26
3 26 28
3 26 55
3 26 63
3 26 66
3 26 69
3 26 73
3 26 83
3 26 97
3 26 99
3 26 101
3 26 109
3 27 19
3 27 32
3 27 35
3 27 52
3 27 58
3 27 81
3 27 89
3 27 90
3 27 97
3 27 98
3 28 8
3 28 14
3 28 21
3 28 25
3 28 45
3 28 47
3 28 49
3 28 51
3 28 106
3 29 3
3 29 13
3 29 25
3 29 66
3 29 77
3 29 84
3 29 107
3 29 108
3 30 0
3 30 6
3 30 24
3 30 29
3 30 49
3 30 70
3 30 82
3 30 89
3 31 15
3 31 17
3 31 41
3 31 59
3 31 62
3 31 66
3 31 83
3 31 97
3 32 0
3 32 1
3 32 5
3 32 7
3 32 18
3 32 28
3 32 45
3 32 63
3 32 83
3 32 93
3 32 109
3 33 1
3 33 10
3 33 19
3 33 26
3 33 36
3 33 50
3 33 52
3 33 73
3 33 79
3 33 82
3 33 89
3 33 90
3 34 15
3 34 48
3 34 49
3 34 50
3 34 76
3 34 89
3 34 103
3 34 105
3 34 110
3 35 5
3 35 9
3 35 17
3 35 18
3 35 26
3 35 35
3 35 41
3 35 52
3 35 71
3 35 91
3 35 94
3 35 102
3 36 12
3 36 20
3 36 24
3 36 54
3 36 55
3 36 95
3 37 0
3 37 7
3 37 10
3 37 18
3 37 32
3 37 35
3 37 49
3 37 54
3 37 58
3 37 59
3 37 63
3 37 68
3 37 70
3 37 73
3 37 109
3 37 110
3 38 3
3 38 6
3 38 9
3 38 20
3 38 52
3 38 59
3 38 67
3 38 110
3 39 6
3 39 8
3 39 41
3 39 62
3 39 64
3 39 89
3 39 96
3 39 97
3 39 99
3 39 107
3 40 0
3 40 27
3 40 32
3 40 35
3 40 51
3 40 53
3 40 67
3 40 71
3 40 103
3 41 5
3 41 15
3 41 19
3 41 33
3 41 59
3 41 63
3 41 75
3 41 77
3 41 89
3 41 95
3 41 97
3 41 104
3 41 105
3 41 110
3 42 5
3 42 42
3 42 59
3 42 63
3 42 66
3 42 68
3 42 83
3 42 101
3 42 104
3 43 4
3 43 25
3 43 34
3 43 35
3 43 46
3 43 96
3 43 109
3 44 9
3 44 15
3 44 25
3 44 57
3 44 72
3 44 81
3 44 82
3 44 101
3 45 11
3 45 29
3 45 32
3 45 33
3 45 37
3 45 40
3 45 55
3 45 57
3 45 59
3 45 66
3 45 87
3 45 88
3 45 95
3 45 107
3 45 110
3 46 3
3 46 7
3 46 22
3 46 39
3 46 46
3 46 61
3 46 70
3 46 74
3 46 89
3 46 100
3 47 10
3 47 13
3 47 21
3 47 22
3 47 29
3 47 33
3 47 59
3 47 66
3 47 67
3 47 68
3 47 73
3 47 81
3 47 82
3 47 102
3 47 107
3 47 109
3 48 1
3 48 5
3 48 10
3 48 17
3 48 18
3 48 34
3 48 39
3 48 42
3 48 49
3 48 76
3 48 86
3 48 103
3 48 105
3 49 11
3 49 21
3 49 25
3 49 34
3 49 44
3 49 56
3 49 76
3 49 78
3 49 101
3 50 6
3 50 7
3 50 24
3 50 34
3 50 37
3 50 48
3 50 59
3 50 72
3 50 86
3 50 91
3 50 105
3 51 4
3 51 6
3 51 16
3 51 31
3 51 39
3 51 45
3 51 53
3 51 57
3 51 72
3 51 77
3 51 94
3 51 97
3 51 99
3 52 1
3 52 4
3 52 7
3 52 26
3 52 36
3 52 37
3 52 43
3 52 47
3 52 71
3 52 83
3 52 99
3 52 105
3 53 16
3 53 20
3 53 34
3 53 41
3 53 60
3 53 65
3 53 76
3 53 83
3 53 85
3 53 103
3 53 106
3 53 107
3 54 10
3 54 28
3 54 35
3 54 73
3 54 97
3 54 104
3 55 9
3 55 19
3 55 32
3 55 54
3 55 58
3 55 68
3 55 72
3 55 86
3 55 94
3 56 8
3 56 60
3 56 78
3 56 96
3 56 99
3 56 104
3 57 8
3 57 31
3 57 40
3 57 52
3 57 58
3 57 70
3 57 77
3 57 85
3 57 94
3 57 96
3 57 102
3 57 109
3 58 13
3 58 18
3 58 30
3 58 32
3 58 51
3 58 67
3 58 72
3 58 96
3 58 102
3 58 104
3 59 13
3 59 18
3 59 25
3 59 28
3 59 33
3 59 42
3 59 47
3 59 74
3 59 86
3 59 92
3 60 18
3 60 22
3 60 44
3 60 47
3 60 58
3 60 60
3 60 81
3 60 83
3 60 85
3 60 87
3 60 91
3 60 92
3 60 99
3 61 9
3 61 21
3 61 31
3 61 54
3 61 69
3 61 93
3 61 96
3 62 6
3 62 7
3 62 9
3 62 29
3 62 42
3 62 46
3 62 47
3 62 48
3 62 66
3 62 100
3 62 108
3 63 10
3 63 14
3 63 17
3 63 27
3 63 32
3 63 36
3 63 44
3 63 52
3 63 60
3 63 78
3 63 88
3 63 99
3 64 10
3 64 17
3 64 33
3 64 41
3 64 52
3 64 74
3 64 77
3 64 84
3 64 88
3 64 107
3 64 110
3 65 1
3 65 2
3 65 23
3 65 33
3 65 37
3 65 40
3 65 71
3 65 80
3 65 92
3 65 104
3 66 8
3 66 20
3 66 22
3 66 36
3 66 44
3 66 49
3 66 86
3 66 88
3 66 101
3 67 13
3 67 26
3 67 34
3 67 40
3 67 51
3 67 73
3 67 84
3 68 7
3 68 12
3 68 16
3 68 24
3 68 26
3 68 30
3 68 55
3 68 56
3 68 63
3 68 72
3 68 101
3 69 28
3 69 38
3 69 43
3 69 76
3 69 81
3 69 85
3 69 86
3 69 92
3 69 95
3 69 107
3 70 12
3 70 26
3 70 33
3 70 43
3 70 46
3 70 49
3 70 56
3 70 65
3 70 81
3 70 88
3 70 103
3 70 110
3 71 0
3 71 21
3 71 23
3 71 35
3 71 36
3 71 52
3 71 74
3 71 100
3 71 107
3 72 10
3 72 19
3 72 21
3 72 31
3 72 48
3 72 61
3 72 72
3 72 80
3 72 102
3 73 0
3 73 14
3 73 15
3 73 28
3 73 49
3 73 96
3 73 107
3 73 108
3 74 4
3 74 12
3 74 23
3 74 24
3 74 26
3 74 38
3 74 44
3 74 59
3 74 78
3 74 84
3 74 88
3 74 95
3 74 98
3 74 101
3 74 104
3 75 24
3 75 47
3 75 48
3 75 62
3 75 66
3 75 74
3 76 4
3 76 34
3 76 64
3 77 10
3 77 22
3 77 33
3 77 40
3 77 57
3 77 62
3 77 97
3 77 99
3 78 8
3 78 9
3 78 11
3 78 17
3 78 22
3 78 27
3 78 44
3 78 49
3 78 52
3 78 57
3 78 69
3 78 95
3 78 97
3 78 106
3 79 4
3 79 5
3 79 9
3 79 13
3 79 38
3 79 40
3 79 47
3 79 51
3 79 68
3 79 92
3 79 95
3 79 97
3 79 101
3 79 102
3 79 103
3 80 10
3 80 28
3 80 49
3 80 62
3 80 83
3 80 103
3 80 109
3 81 12
3 81 13
3 81 14
3 81 18
3 81 19
3 81 21
3 81 26
3 81 36
3 81 38
3 81 40
3 81 47
3 81 69
3 81 76
3 81 82
3 81 88
3 81 102
3 81 107
3 82 12
3 82 20
3 82 36
3 82 60
3 82 71
3 82 75
3 82 82
3 82 85
3 82 106
3 82 109
3 83 28
3 83 45
3 83 60
3 83 62
3 83 64
3 83 103
3 84 9
3 84 10
3 84 16
3 84 44
3 84 45
3 84 49
3 84 86
3 84 95
3 84 103
3 85 26
3 85 37
3 85 42
3 85 52
3 85 65
3 85 71
3 85 89
3 85 96
3 85 102
3 85 103
3 86 2
3 86 10
3 86 12
3 86 26
3 86 27
3 86 38
3 86 48
3 86 52
3 86 53
3 86 63
3 86 70
3 86 78
3 86 87
3 86 104
3 87 0
3 87 1
3 87 15
3 87 23
3 87 37
3 87 44
3 87 56
3 87 58
3 87 76
3 87 79
3 87 99
3 87 100
3 87 106
3 87 111
3 88 24
3 88 56
3 88 75
3 88 88
3 88 90
3 88 97
3 89 14
3 89 23
3 89 32
3 89 43
3 89 62
3 89 63
3 89 73
3 89 78
3 89 82
3 89 86
3 89 98
3 89 107
3 89 108
3 89 110
3 90 11
3 90 22
3 90 30
3 90 81
3 90 86
3 90 89
3 91 15
3 91 16
3 91 19
3 91 33
3 91 44
3 91 88
3 91 92
3 91 94
3 91 108