560
5
83 77 73 130 87
3000

0 531 0 187 48 0 650 703 897 0 0 0 556 0 0 0 0 0 920 921 570 0 0 83 85 76 16 0 0 38 0 0 32 0 0 88 9 0 0 0 0 96 45 0 68 0 77 0 63 1 69 0 4 76 61 0 90 89 55 69 40 22 100 0 5 52 0 0 0 28 0 100 0 55 89 77 80 0 0 88 45 0 0
0 530 0 0 611 0 0 330 0 0 0 0 618 181 0 0 0 777 0 0 62 100 0 37 0 0 0 45 47 62 0 0 0 23 0 0 0 11 0 28 40 0 70 71 0 0 0 87 72 0 0 0 41 19 0 70 0 16 41 0 0 0 22 3 4 0 77 41 23 79 40 0 0 0 0 0 73
0 571 874 0 675 118 0 10 76 0 556 0 766 361 0 9 0 0 253 0 0 51 63 0 62 67 89 0 0 38 37 71 0 73 51 0 0 87 83 0 0 0 0 93 69 70 53 0 1 0 0 0 48 0 0 0 17 0 0 49 8 0 0 69 0 56 15 0 73 74 39 82 0
615 707 275 134 0 0 481 191 227 0 184 376 892 597 403 0 751 0 458 0 670 864 763 401 68 117 625 585 0 529 0 0 792 28 9 0 95 0 67 45 80 56 0 0 0 53 8 44 0 0 0 1 0 60 0 0 0 0 0 0 97 7 0 39 0 96 0 0 4 85 83 0 0 91 46 15 36 0 0 93 8 0 0 11 18 90 0 54 0 0 53 0 88 0 65 54 61 0 84 0 0 0 0 90 98 0 0 0 0 0 0 24 19 31 0 83 0 95 16 32 55 32 0 0 6 31 59 8 53 0
0 139 0 0 0 0 219 23 795 827 623 734 116 0 0 0 0 0 916 0 924 0 0 56 0 0 0 60 0 0 0 0 75 0 4 99 76 0 51 30 0 0 82 0 93 34 0 0 0 0 0 13 0 89 0 63 79 84 42 8 0 32 85 39 0 25 0 0 0 75 4 0 40 44 11 16 71 0 11 0 0 85 49 0 41 0 36

0 0 6
0 0 28
0 0 30
0 0 34
0 0 52
0 0 57
0 1 4
0 1 10
0 1 17
0 1 39
0 1 40
0 1 61
0 2 13
0 2 17
0 2 50
0 3 34
0 3 42
0 3 73
0 4 1
0 4 12
0 4 29
0 4 44
0 4 49
0 4 51
0 5 8
0 5 9
0 5 19
0 5 20
0 5 22
0 5 51
0 6 2
0 6 13
0 6 32
0 6 43
0 6 49
0 7 1
0 7 6
0 7 20
0 7 26
0 7 29
0 7 30
0 7 32
0 7 55
0 7 56
0 7 59
0 7 61
0 7 63
0 7 71
0 8 4
0 8 11
0 8 19
0 8 31
0 8 49
0 8 51
0 8 52
0 8 60
0 9 17
0 9 30
0 9 34
0 9 35
0 10 15
0 10 24
0 10 49
0 10 69
0 10 73
0 11 3
0 11 9
0 11 15
0 11 22
0 11 46
0 11 62
0 11 73
0 12 6
0 12 13
0 12 24
0 12 29
0 12 37
0 12 49
0 12 54
0 12 69
0 13 7
0 13 22
0 13 32
0 13 34
0 13 42
0 13 61
0 14 7
0 14 10
0 14 49
0 14 67
0 15 2
0 15 19
0 15 35
0 15 37
0 15 48
0 15 49
0 15 66
0 16 7
0 16 9
0 16 10
0 16 13
0 16 24
0 17 15
0 17 23
0 17 38
0 17 54
0 17 70
0 17 71
0 18 1
0 18 7
0 18 15
0 18 25
0 18 28
0 18 29
0 18 49
0 18 74
0 18 75
0 19 7
0 19 31
0 19 71
0 20 11
0 20 37
0 20 39
0 20 44
0 20 58
0 20 71
0 21 25
0 21 29
0 21 41
0 21 42
0 21 43
0 21 47
0 21 56
0 21 65
0 21 68
0 21 69
0 22 12
0 22 54
0 22 69
0 23 1
0 23 16
0 23 33
0 23 49
0 23 55
0 23 57
0 24 2
0 24 14
0 24 16
0 24 20
0 24 36
0 24 39
0 24 49
0 24 58
0 24 61
0 24 74
0 24 76
0 25 11
0 25 37
0 25 59
0 25 61
0 25 71
0 25 75
0 26 8
0 26 10
0 26 11
0 26 18
0 26 32
0 26 57
0 27 1
0 27 7
0 27 8
0 27 22
0 27 27
0 27 33
0 27 51
0 27 54
0 27 61
0 27 63
0 27 67
0 28 6
0 28 13
0 28 16
0 28 25
0 28 28
0 28 41
0 28 53
0 28 67
0 29 4
0 29 8
0 29 12
0 29 25
0 29 27
0 29 29
0 29 30
0 29 42
0 29 45
0 29 54
0 29 64
0 29 70
0 30 4
0 30 8
0 30 55
0 30 56
0 30 57
0 30 58
0 30 59
0 30 72
0 30 76
0 31 6
0 31 7
0 31 24
0 31 34
0 31 37
0 31 52
0 32 2
0 32 17
0 32 23
0 32 35
0 32 39
0 32 52
0 32 64
0 32 75
0 33 14
0 33 30
0 33 33
0 33 40
0 33 52
0 33 55
0 33 60
0 34 12
0 34 16
0 34 21
0 34 48
0 34 52
0 35 17
0 35 25
0 35 30
0 35 43
0 35 57
0 35 58
0 35 61
0 35 63
0 36 0
0 36 36
0 36 48
0 36 62
0 37 6
0 37 10
0 37 33
0 37 51
0 38 12
0 38 23
0 38 41
0 38 49
0 38 67
0 38 68
0 38 70
0 38 72
0 39 2
0 39 5
0 39 33
0 39 52
0 39 54
0 39 57
0 39 70
0 40 0
0 40 47
0 40 48
0 40 63
0 41 2
0 41 8
0 41 19
0 41 27
0 41 32
0 41 36
0 41 50
0 42 21
0 42 23
0 42 49
0 42 58
0 42 70
0 42 73
0 43 36
0 43 38
0 43 39
0 43 45
0 43 61
0 43 62
0 43 73
0 44 13
0 44 24
0 44 26
0 44 28
0 44 33
0 44 34
0 44 54
0 44 58
0 45 2
0 45 6
0 45 14
0 45 19
0 45 32
0 45 43
0 45 54
0 45 73
0 45 76
0 46 5
0 46 32
0 46 39
0 46 45
0 46 55
0 47 1
0 47 20
0 47 22
0 47 28
0 47 29
0 47 36
0 47 48
0 47 50
0 47 53
0 47 55
0 47 62
0 47 63
0 47 65
0 47 70
0 47 73
0 47 74
0 48 19
0 48 20
0 48 32
0 48 63
0 48 65
0 49 4
0 49 6
0 49 11
0 49 14
0 49 16
0 49 29
0 49 39
0 49 42
0 49 46
0 49 56
0 49 58
0 49 68
0 49 69
0 49 71
0 50 6
0 50 20
0 50 21
0 50 27
0 50 29
0 50 40
0 50 41
0 50 61
0 50 72
0 51 21
0 51 37
0 51 39
0 51 40
0 51 46
0 51 48
0 51 50
0 51 65
0 51 72
0 52 14
0 52 20
0 52 63
0 52 65
0 52 66
0 52 68
0 53 12
0 53 49
0 53 54
0 53 64
0 54 7
0 54 13
0 54 21
0 54 31
0 54 54
0 54 75
0 55 2
0 55 3
0 55 5
0 55 8
0 55 17
0 55 31
0 55 35
0 55 39
0 55 47
0 55 64
0 56 3
0 56 9
0 56 10
0 56 31
0 56 34
0 56 67
0 56 76
0 57 18
0 57 25
0 57 34
0 57 40
0 57 50
0 57 61
0 57 68
0 57 71
0 58 4
0 58 18
0 58 51
0 58 62
0 58 66
0 59 2
0 59 23
0 59 29
0 59 34
0 59 40
0 59 57
0 59 60
0 60 0
0 60 10
0 60 28
0 60 34
0 60 44
0 60 54
0 60 56
0 60 57
0 60 76
0 61 32
0 61 33
0 61 35
0 61 53
0 61 68
0 62 37
0 62 50
0 62 54
0 62 59
0 62 66
0 62 69
0 63 21
0 63 34
0 63 68
0 63 74
0 64 6
0 64 22
0 64 28
0 64 59
0 64 69
0 65 2
0 65 5
0 65 9
0 65 18
0 65 38
0 65 43
0 65 47
0 65 69
0 66 8
0 66 14
0 66 18
0 66 38
0 66 43
0 66 44
0 66 49
0 66 51
0 67 0
0 67 20
0 67 35
0 67 58
0 68 7
0 68 36
0 68 38
0 68 55
0 68 60
0 68 61
0 68 67
0 69 45
0 69 60
0 69 68
0 69 72
0 70 28
0 70 31
0 70 48
0 70 54
0 70 57
0 71 13
0 71 24
0 71 43
0 71 49
0 71 57
0 71 65
0 71 68
0 72 8
0 72 34
0 72 38
0 72 44
0 72 65
0 73 5
0 73 13
0 73 15
0 73 23
0 73 28
0 73 34
0 73 42
0 73 45
0 73 54
0 73 55
0 73 62
0 73 67
0 74 0
0 74 11
0 74 13
0 74 20
0 74 21
0 74 23
0 74 36
0 74 38
0 74 39
0 74 48
0 74 53
0 74 75
0 74 76
0 75 6
0 75 28
0 75 55
0 76 7
0 76 10
0 76 12
0 76 21
0 76 22
0 76 68
0 77 25
0 77 31
0 77 37
0 77 49
0 77 52
0 77 56
0 77 74
0 78 0
0 78 31
0 78 35
0 78 38
0 78 52
0 78 65
0 78 76
0 79 5
0 79 16
0 79 55
0 79 57
0 79 72
0 80 10
0 80 29
0 80 44
0 80 50
0 80 54
0 80 56
0 80 64
0 80 73
0 81 7
0 81 14
0 81 26
0 81 37
0 81 45
0 81 55
0 81 65
0 81 68
0 82 4
0 82 5
0 82 17
0 82 19
0 82 24
0 82 33
0 82 37
0 82 46
0 82 63
0 82 72
1 0 1
1 0 49
1 0 59
1 0 66
1 1 6
1 1 29
1 1 33
1 2 0
1 2 6
1 2 7
1 2 9
1 2 14
1 2 15
1 2 18
1 2 20
1 2 28
1 2 32
1 2 44
1 2 52
1 3 11
1 3 29
1 3 30
1 3 34
1 4 6
1 4 20
1 4 29
1 4 35
1 5 17
1 5 21
1 5 26
1 5 27
1 5 35
1 5 50
1 5 62
1 6 3
1 6 6
1 6 24
1 6 40
1 6 57
1 6 59
1 7 0
1 7 2
1 7 18
1 7 19
1 7 21
1 7 30
1 7 37
1 7 68
1 8 7
1 8 8
1 8 20
1 8 41
1 8 42
1 8 59
1 8 66
1 8 68
1 9 1
1 9 15
1 9 33
1 9 43
1 9 45
1 10 6
1 10 14
1 10 25
1 10 38
1 10 43
1 10 52
1 10 60
1 11 1
1 11 44
1 11 48
1 11 52
1 11 60
1 11 62
1 11 64
1 12 7
1 12 18
1 12 20
1 12 27
1 12 32
1 12 38
1 12 53
1 12 70
1 13 20
1 13 31
1 13 36
1 13 54
1 14 2
1 14 11
1 14 14
1 14 37
1 14 48
1 14 62
1 15 8
1 15 11
1 15 18
1 15 23
1 15 35
1 15 56
1 16 5
1 16 14
1 16 50
1 17 22
1 17 26
1 17 29
1 17 34
1 17 53
1 17 55
1 18 13
1 18 23
1 18 37
1 18 46
1 18 67
1 18 69
1 19 0
1 19 1
1 19 23
1 19 38
1 19 44
1 19 46
1 19 47
1 19 53
1 19 61
1 19 69
1 19 71
1 19 72
1 20 2
1 20 7
1 20 32
1 20 48
1 20 56
1 21 10
1 21 22
1 21 40
1 21 63
1 21 65
1 22 3
1 22 6
1 22 30
1 22 52
1 22 59
1 22 60
1 23 12
1 23 38
1 23 57
1 23 61
1 23 72
1 24 0
1 24 9
1 24 10
1 24 34
1 24 40
1 24 51
1 24 55
1 24 63
1 25 0
1 25 31
1 26 22
1 26 40
1 26 47
1 26 58
1 26 67
1 26 71
1 27 18
1 27 25
1 27 34
1 27 49
1 27 61
1 27 65
1 27 66
1 27 70
1 28 26
1 28 33
1 28 37
1 28 56
1 28 69
1 28 71
1 29 1
1 29 5
1 29 9
1 29 10
1 29 12
1 29 21
1 29 44
1 30 5
1 30 28
1 30 34
1 31 12
1 31 18
1 31 29
1 31 30
1 31 40
1 31 51
1 31 54
1 31 60
1 32 12
1 32 25
1 32 26
1 32 38
1 32 39
1 32 53
1 33 2
1 33 28
1 33 42
1 33 51
1 34 4
1 34 5
1 34 14
1 34 18
1 34 32
1 34 56
1 34 58
1 34 63
1 34 66
1 35 14
1 35 15
1 35 24
1 35 25
1 35 30
1 35 37
1 35 41
1 35 47
1 35 55
1 35 69
1 36 8
1 36 28
1 36 52
1 36 54
1 36 58
1 36 70
1 37 10
1 37 22
1 37 27
1 37 35
1 37 45
1 37 57
1 37 66
1 37 70
1 38 26
1 39 5
1 39 6
1 39 10
1 39 26
1 39 38
1 39 39
1 39 49
1 39 50
1 39 54
1 39 67
1 39 69
1 40 0
1 40 26
1 40 39
1 40 42
1 41 0
1 41 2
1 41 4
1 41 27
1 41 29
1 41 43
1 41 54
1 41 57
1 41 71
1 42 5
1 42 31
1 42 36
1 42 40
1 42 42
1 42 65
1 43 16
1 43 21
1 43 25
1 43 41
1 43 42
1 44 22
1 44 28
1 44 34
1 44 36
1 44 43
1 45 10
1 45 17
1 45 22
1 45 41
1 45 43
1 45 53
1 46 27
1 46 49
1 46 52
1 46 56
1 46 64
1 47 30
1 47 42
1 47 51
1 47 58
1 47 61
1 48 1
1 48 3
1 48 14
1 48 19
1 48 30
1 48 33
1 48 36
1 48 52
1 48 53
1 49 2
1 49 8
1 49 29
1 49 43
1 49 46
1 49 65
1 50 4
1 50 17
1 50 18
1 50 27
1 50 46
1 50 57
1 50 61
1 50 69
1 51 44
1 51 53
1 51 63
1 51 66
1 52 14
1 52 18
1 52 31
1 52 44
1 52 50
1 52 60
1 52 70
1 52 71
1 53 25
1 53 30
1 53 31
1 53 38
1 53 47
1 53 56
1 53 63
1 53 67
1 54 35
1 54 37
1 54 53
1 54 70
1 54 71
1 55 6
1 55 8
1 55 22
1 55 26
1 55 32
1 56 1
1 56 26
1 56 44
1 57 3
1 57 13
1 57 16
1 57 17
1 57 18
1 57 21
1 57 52
1 57 60
1 57 61
1 57 63
1 57 66
1 58 4
1 58 5
1 58 6
1 58 16
1 58 56
1 59 11
1 59 28
1 59 40
1 59 42
1 59 71
1 60 23
1 60 37
1 60 38
1 60 53
1 60 70
1 61 14
1 61 35
1 61 37
1 61 44
1 61 54
1 62 2
1 62 3
1 62 21
1 62 28
1 62 39
1 62 40
1 62 59
1 62 64
1 62 67
1 62 68
1 63 5
1 63 10
1 63 18
1 63 20
1 63 22
1 63 27
1 63 41
1 63 58
1 64 2
1 64 44
1 64 55
1 65 20
1 65 30
1 65 32
1 65 33
1 65 34
1 65 42
1 65 61
1 66 16
1 66 44
1 66 47
1 66 65
1 66 68
1 67 3
1 67 6
1 67 13
1 67 38
1 67 51
1 68 0
1 68 6
1 68 10
1 68 12
1 68 33
1 68 35
1 68 40
1 69 2
1 69 10
1 69 24
1 69 41
1 69 42
1 69 48
1 69 68
1 70 2
1 70 10
1 70 12
1 70 22
1 70 24
1 70 39
1 70 64
1 71 10
1 71 26
1 71 42
1 71 62
1 71 72
1 72 18
1 72 22
1 72 28
1 72 30
1 72 32
1 72 44
1 72 45
1 73 2
1 73 21
1 73 22
1 73 38
1 73 44
1 73 46
1 73 49
1 73 52
1 73 63
1 74 28
1 74 34
1 74 43
1 74 51
1 74 72
1 75 2
1 75 7
1 75 18
1 75 20
1 75 30
1 75 53
1 75 55
1 75 66
1 75 67
1 76 5
1 76 12
1 76 16
1 76 17
1 76 22
1 76 31
1 76 54
1 76 55
1 76 57
1 76 58
1 76 66
2 0 5
2 0 6
2 0 13
2 0 22
2 0 29
2 0 33
2 0 36
2 0 50
2 0 51
2 0 52
2 0 55
2 0 74
2 0 98
2 0 121
2 0 129
2 1 6
2 1 44
2 1 46
2 1 60
2 1 76
2 1 77
2 1 79
2 1 89
2 1 95
2 1 110
2 1 112
2 1 113
2 2 19
2 2 53
2 2 59
2 2 60
2 2 74
2 2 78
2 2 87
2 2 100
2 2 105
2 2 111
2 2 115
2 2 120
2 3 1
2 3 14
2 3 21
2 3 35
2 3 42
2 3 49
2 3 54
2 3 55
2 3 70
2 3 91
2 3 99
2 3 119
2 3 123
2 3 129
2 4 4
2 4 58
2 4 61
2 4 79
2 4 81
2 4 89
2 4 93
2 4 96
2 4 122
2 5 7
2 5 10
2 5 18
2 5 36
2 5 44
2 5 49
2 5 61
2 5 70
2 5 78
2 5 85
2 5 114
2 5 121
2 6 1
2 6 10
2 6 64
2 6 66
2 6 75
2 6 99
2 6 104
2 6 108
2 6 128
2 7 24
2 7 30
2 7 42
2 7 54
2 7 64
2 7 81
2 7 85
2 7 89
2 7 113
2 7 123
2 7 129
2 8 20
2 8 28
2 8 29
2 8 35
2 8 39
2 8 50
2 8 70
2 8 71
2 8 92
2 8 94
2 8 111
2 8 115
2 9 5
2 9 41
2 9 59
2 9 68
2 9 71
2 9 100
2 9 101
2 9 110
2 9 112
2 9 119
2 9 121
2 10 1
2 10 7
2 10 25
2 10 28
2 10 29
2 10 40
2 10 68
2 10 70
2 10 88
2 10 89
2 10 90
2 10 121
2 10 127
2 11 4
2 11 11
2 11 21
2 11 28
2 11 31
2 11 32
2 11 36
2 11 39
2 11 40
2 11 55
2 11 63
2 11 75
2 11 82
2 11 87
2 11 89
2 12 9
2 12 29
2 12 42
2 12 52
2 12 55
2 12 61
2 12 70
2 12 72
2 12 87
2 12 89
2 12 103
2 12 109
2 12 111
2 12 118
2 12 126
2 13 14
2 13 25
2 13 31
2 13 74
2 13 76
2 13 81
2 13 104
2 13 105
2 13 114
2 14 14
2 14 25
2 14 37
2 14 40
2 14 45
2 14 62
2 14 67
2 14 76
2 14 77
2 14 78
2 14 102
2 14 111
2 14 114
2 14 117
2 14 129
2 15 10
2 15 16
2 15 19
2 15 24
2 15 47
2 15 53
2 15 63
2 15 77
2 15 82
2 15 91
2 15 114
2 15 116
2 15 119
2 16 15
2 16 16
2 16 19
2 16 23
2 16 35
2 16 71
2 16 79
2 16 89
2 16 102
2 16 109
2 16 113
2 16 125
2 17 22
2 17 29
2 17 32
2 17 45
2 17 53
2 17 56
2 17 59
2 17 69
2 17 92
2 17 104
2 17 116
2 17 117
2 17 122
2 17 126
2 18 10
2 18 21
2 18 49
2 18 64
2 18 65
2 18 74
2 18 78
2 18 82
2 18 95
2 18 97
2 18 112
2 18 126
2 18 127
2 19 22
2 19 42
2 19 48
2 19 109
2 19 118
2 19 129
2 20 32
2 20 41
2 20 55
2 20 60
2 20 69
2 20 97
2 20 106
2 20 128
2 21 8
2 21 16
2 21 17
2 21 26
2 21 30
2 21 31
2 21 48
2 21 74
2 21 84
2 21 92
2 21 104
2 21 124
2 22 0
2 22 2
2 22 8
2 22 76
2 22 86
2 22 90
2 22 94
2 22 107
2 22 120
2 23 9
2 23 11
2 23 19
2 23 22
2 23 42
2 23 55
2 23 77
2 23 81
2 23 108
2 23 115
2 23 119
2 23 120
2 23 129
2 24 6
2 24 17
2 24 50
2 24 54
2 24 76
2 24 78
2 24 79
2 24 81
2 24 82
2 24 95
2 24 113
2 24 126
2 24 129
2 25 6
2 25 16
2 25 36
2 25 38
2 25 55
2 25 67
2 25 72
2 25 77
2 25 100
2 25 106
2 25 107
2 25 114
2 25 117
2 25 128
2 26 2
2 26 34
2 26 40
2 26 47
2 26 50
2 26 58
2 26 59
2 26 60
2 26 61
2 26 66
2 26 78
2 26 83
2 26 95
2 26 102
2 26 113
2 26 119
2 27 43
2 27 63
2 27 74
2 27 99
2 27 110
2 27 117
2 28 23
2 28 25
2 28 32
2 28 37
2 28 44
2 28 48
2 28 56
2 28 61
2 28 70
2 28 81
2 28 87
2 28 97
2 28 104
2 28 108
2 28 122
2 29 3
2 29 8
2 29 11
2 29 18
2 29 19
2 29 28
2 29 37
2 29 38
2 29 51
2 29 52
2 29 55
2 29 59
2 29 83
2 29 97
2 29 98
2 29 104
2 29 117
2 29 128
2 30 4
2 30 11
2 30 12
2 30 20
2 30 29
2 30 36
2 30 38
2 30 48
2 30 56
2 30 58
2 30 60
2 30 61
2 30 64
2 30 66
2 30 77
2 30 80
2 30 81
2 30 87
2 30 89
2 30 92
2 30 99
2 30 106
2 30 109
2 30 110
2 30 126
2 31 29
2 31 42
2 31 46
2 31 68
2 31 109
2 31 112
2 31 121
2 32 3
2 32 12
2 32 16
2 32 26
2 32 27
2 32 35
2 32 45
2 32 47
2 32 67
2 32 90
2 32 95
2 32 107
2 32 112
2 32 114
2 32 123
2 33 9
2 33 10
2 33 13
2 33 14
2 33 24
2 33 37
2 33 53
2 33 58
2 33 70
2 33 98
2 33 111
2 33 126
2 33 127
2 33 128
2 34 13
2 34 17
2 34 27
2 34 36
2 34 51
2 34 55
2 34 62
2 34 67
2 34 71
2 34 77
2 34 79
2 34 82
2 34 89
2 34 92
2 34 100
2 34 101
2 34 110
2 34 118
2 34 119
2 34 123
2 35 0
2 35 15
2 35 22
2 35 23
2 35 25
2 35 29
2 35 51
2 35 58
2 35 62
2 35 68
2 35 75
2 35 89
2 35 90
2 35 91
2 35 93
2 35 96
2 35 98
2 35 118
2 35 128
2 36 5
2 36 30
2 36 38
2 36 42
2 36 58
2 36 74
2 36 85
2 36 87
2 36 94
2 36 95
2 36 97
2 36 106
2 36 114
2 36 115
2 37 1
2 37 3
2 37 7
2 37 35
2 37 48
2 37 58
2 37 65
2 37 75
2 37 78
2 37 103
2 37 116
2 38 37
2 38 52
2 38 57
2 38 67
2 38 79
2 38 80
2 38 87
2 38 94
2 38 115
2 38 126
2 38 127
2 39 2
2 39 12
2 39 13
2 39 30
2 39 31
2 39 48
2 39 69
2 39 79
2 39 83
2 39 94
2 39 96
2 39 97
2 39 103
2 39 109
2 39 120
2 39 127
2 40 0
2 40 7
2 40 13
2 40 21
2 40 26
2 40 36
2 40 37
2 40 43
2 40 44
2 40 52
2 40 54
2 40 60
2 40 65
2 40 66
2 40 68
2 40 81
2 40 88
2 40 99
2 40 118
2 40 119
2 40 120
2 41 15
2 41 31
2 41 36
2 41 40
2 41 42
2 41 52
2 41 94
2 41 95
2 41 102
2 41 103
2 41 108
2 41 124
2 42 10
2 42 30
2 42 32
2 42 52
2 42 65
2 42 71
2 42 74
2 42 96
2 42 98
2 42 110
2 42 111
2 42 113
2 43 8
2 43 13
2 43 16
2 43 26
2 43 30
2 43 33
2 43 36
2 43 42
2 43 43
2 43 76
2 43 89
2 43 103
2 43 105
2 43 109
2 44 3
2 44 44
2 44 45
2 44 78
2 44 79
2 44 90
2 44 97
2 44 99
2 44 120
2 45 1
2 45 13
2 45 22
2 45 42
2 45 59
2 45 62
2 45 79
2 45 83
2 45 88
2 45 90
2 45 99
2 45 108
2 45 120
2 45 128
2 46 6
2 46 19
2 46 31
2 46 37
2 46 49
2 46 53
2 46 55
2 46 80
2 46 100
2 46 106
2 46 112
2 47 14
2 47 22
2 47 32
2 47 33
2 47 49
2 47 60
2 47 66
2 47 67
2 47 72
2 47 78
2 47 104
2 47 118
2 47 122
2 48 18
2 48 26
2 48 27
2 48 28
2 48 42
2 48 44
2 48 77
2 48 95
2 48 96
2 48 102
2 48 110
2 49 0
2 49 40
2 49 45
2 49 46
2 49 48
2 49 73
2 49 77
2 49 84
2 49 88
2 49 90
2 49 104
2 49 106
2 49 123
2 50 12
2 50 26
2 50 30
2 50 44
2 50 65
2 50 96
2 50 104
2 50 110
2 50 112
2 50 127
2 51 1
2 51 24
2 51 36
2 51 59
2 51 68
2 51 72
2 51 76
2 51 79
2 51 97
2 51 121
2 52 5
2 52 11
2 52 12
2 52 32
2 52 45
2 52 50
2 52 83
2 52 97
2 52 104
2 52 122
2 53 9
2 53 12
2 53 25
2 53 44
2 53 53
2 53 63
2 53 68
2 53 69
2 53 73
2 53 84
2 53 85
2 53 101
2 53 105
2 54 18
2 54 24
2 54 28
2 54 68
2 54 74
2 54 76
2 54 78
2 54 116
2 54 119
2 54 120
2 55 2
2 55 10
2 55 28
2 55 31
2 55 58
2 55 66
2 55 75
2 55 86
2 55 99
2 55 102
2 55 107
2 56 11
2 56 22
2 56 33
2 56 35
2 56 45
2 56 61
2 56 63
2 56 65
2 56 68
2 56 71
2 56 77
2 56 87
2 56 88
2 56 90
2 56 103
2 56 109
2 56 129
2 57 38
2 57 47
2 57 51
2 57 53
2 57 76
2 57 79
2 57 87
2 57 101
2 57 115
2 57 116
2 58 0
2 58 18
2 58 20
2 58 41
2 58 71
2 58 100
2 58 109
2 58 121
2 58 123
2 59 27
2 59 32
2 59 34
2 59 37
2 59 41
2 59 44
2 59 46
2 59 52
2 59 63
2 59 67
2 59 94
2 59 106
2 59 114
2 59 129
2 60 4
2 60 44
2 60 59
2 60 112
2 60 120
2 61 5
2 61 17
2 61 25
2 61 33
2 61 35
2 61 47
2 61 64
2 61 68
2 61 88
2 61 104
2 61 109
2 61 111
2 61 123
2 62 8
2 62 31
2 62 47
2 62 48
2 62 50
2 62 56
2 62 62
2 62 82
2 62 83
2 62 85
2 62 91
2 62 114
2 62 120
2 62 128
2 63 0
2 63 2
2 63 3
2 63 16
2 63 29
2 63 35
2 63 50
2 63 63
2 63 66
2 63 67
2 63 82
2 63 87
2 63 106
2 63 112
2 63 118
2 64 10
2 64 12
2 64 20
2 64 34
2 64 48
2 64 51
2 64 54
2 64 64
2 64 74
2 64 78
2 64 91
2 64 98
2 64 99
2 64 101
2 64 123
2 65 6
2 65 9
2 65 10
2 65 16
2 65 21
2 65 29
2 65 36
2 65 53
2 65 54
2 65 64
2 65 103
2 65 105
2 65 112
2 65 114
2 65 117
2 65 122
2 66 6
2 66 18
2 66 20
2 66 36
2 66 40
2 66 46
2 66 54
2 66 60
2 66 62
2 66 66
2 66 77
2 66 90
2 67 13
2 67 24
2 67 29
2 67 36
2 67 43
2 67 48
2 67 71
2 67 84
2 67 85
2 67 123
2 67 127
2 67 128
2 68 2
2 68 19
2 68 53
2 68 60
2 68 72
2 68 76
2 68 92
2 69 0
2 69 2
2 69 5
2 69 16
2 69 23
2 69 26
2 69 40
2 69 68
2 69 74
2 69 75
2 69 79
2 69 92
2 69 98
2 69 109
2 69 115
2 70 3
2 70 11
2 70 14
2 70 19
2 70 33
2 70 37
2 70 42
2 70 51
2 70 77
2 70 83
2 70 84
2 70 85
2 70 90
2 70 100
2 70 106
2 70 126
2 70 129
2 71 9
2 71 15
2 71 22
2 71 32
2 71 53
2 71 61
2 71 90
2 71 106
2 71 124
2 72 6
2 72 17
2 72 25
2 72 30
2 72 32
2 72 41
2 72 43
2 72 46
2 72 73
2 72 109
2 72 115
3 0 10
3 0 11
3 0 15
3 0 25
3 0 31
3 0 32
3 0 41
3 0 50
3 0 55
3 0 83
3 0 86
3 1 25
3 1 48
3 2 21
3 2 61
3 2 72
3 3 20
3 3 32
3 3 33
3 3 37
3 3 60
3 3 67
3 3 74
3 4 12
3 4 25
3 4 28
3 4 45
3 4 62
3 4 72
3 4 78
3 5 4
3 5 9
3 5 28
3 5 44
3 5 51
3 5 75
3 5 78
3 5 81
3 6 2
3 6 7
3 6 9
3 6 34
3 6 37
3 6 44
3 6 71
3 6 74
3 6 75
3 6 78
3 6 83
3 7 6
3 7 18
3 7 20
3 7 24
3 7 27
3 7 28
3 7 29
3 7 38
3 7 56
3 8 3
3 8 26
3 8 32
3 8 43
3 8 64
3 9 2
3 9 6
3 9 7
3 9 22
3 9 27
3 9 41
3 9 53
3 9 73
3 10 5
3 10 11
3 10 14
3 10 17
3 10 19
3 10 28
3 10 29
3 10 43
3 10 56
3 10 76
3 11 0
3 11 8
3 11 20
3 11 34
3 11 60
3 12 6
3 12 14
3 12 17
3 12 30
3 12 46
3 12 51
3 12 56
3 12 70
3 12 77
3 13 19
3 13 27
3 13 51
3 13 57
3 13 70
3 13 78
3 13 79
3 13 85
3 14 15
3 14 19
3 14 25
3 14 26
3 14 27
3 14 28
3 14 33
3 14 51
3 14 54
3 14 55
3 14 56
3 14 67
3 15 5
3 15 30
3 15 34
3 15 42
3 15 50
3 15 51
3 15 77
3 15 79
3 16 11
3 16 13
3 16 14
3 16 26
3 16 28
3 16 29
3 16 30
3 16 42
3 16 58
3 16 59
3 16 62
3 17 3
3 17 32
3 17 33
3 17 51
3 17 70
3 17 76
3 17 81
3 18 3
3 18 18
3 18 37
3 18 39
3 18 42
3 18 50
3 18 55
3 18 59
3 18 82
3 19 5
3 19 13
3 19 23
3 19 42
3 19 43
3 19 47
3 19 50
3 19 69
3 19 71
3 19 82
3 20 2
3 20 9
3 20 27
3 20 34
3 20 40
3 20 59
3 20 66
3 20 69
3 20 81
3 21 1
3 21 22
3 21 30
3 21 46
3 21 48
3 21 52
3 21 68
3 21 86
3 22 4
3 22 7
3 22 16
3 22 23
3 22 31
3 22 40
3 22 55
3 22 61
3 22 63
3 22 65
3 22 73
3 23 4
3 23 25
3 23 27
3 23 31
3 23 35
3 23 41
3 23 43
3 23 66
3 23 73
3 24 1
3 24 12
3 24 26
3 24 50
3 24 70
3 24 81
3 25 17
3 25 18
3 25 21
3 25 23
3 25 28
3 25 29
3 25 76
3 25 80
3 26 1
3 26 5
3 26 21
3 26 27
3 26 76
3 26 80
3 27 11
3 27 13
3 27 22
3 27 48
3 28 14
3 28 24
3 28 26
3 28 34
3 28 41
3 28 57
3 28 75
3 28 83
3 29 6
3 29 8
3 29 21
3 29 22
3 29 34
3 29 35
3 29 48
3 30 2
3 30 9
3 30 18
3 30 24
3 30 57
3 30 66
3 30 73
3 31 0
3 31 5
3 31 18
3 31 20
3 31 22
3 31 33
3 31 47
3 31 84
3 32 2
3 32 12
3 32 32
3 32 35
3 32 50
3 32 63
3 32 76
3 32 79
3 33 6
3 33 13
3 33 15
3 33 17
3 33 19
3 33 29
3 33 35
3 33 75
3 33 81
3 34 6
3 34 11
3 34 13
3 34 46
3 34 49
3 34 55
3 34 73
3 34 82
3 34 83
3 35 39
3 35 40
3 35 45
3 35 66
3 35 82
3 36 18
3 36 19
3 36 23
3 36 25
3 36 27
3 36 39
3 36 64
3 36 69
3 36 77
3 37 13
3 37 18
3 37 23
3 37 26
3 37 27
3 37 46
3 37 52
3 37 82
3 37 86
3 38 1
3 38 5
3 38 12
3 38 46
3 38 84
3 39 0
3 39 8
3 39 42
3 39 46
3 39 52
3 39 65
3 39 66
3 39 67
3 39 69
3 39 77
3 39 80
3 40 16
3 40 29
3 40 30
3 40 32
3 40 35
3 40 44
3 40 51
3 40 53
3 40 58
3 40 77
3 41 10
3 41 31
3 41 59
3 41 75
3 41 81
3 41 83
3 42 16
3 42 17
3 42 24
3 42 30
3 42 47
3 42 54
3 42 60
3 42 75
3 42 80
3 42 81
3 43 21
3 43 53
3 43 60
3 43 82
3 44 2
3 44 15
3 44 16
3 44 20
3 44 58
3 44 60
3 44 74
3 45 0
3 45 3
3 45 7
3 45 18
3 45 23
3 45 39
3 46 10
3 46 17
3 46 22
3 46 33
3 46 38
3 46 46
3 46 66
3 46 68
3 47 2
3 47 7
3 47 38
3 47 47
3 47 49
3 47 55
3 47 65
3 47 66
3 47 67
3 47 75
3 48 6
3 48 8
3 48 34
3 48 50
3 48 55
3 48 63
3 49 0
3 49 10
3 49 23
3 49 42
3 49 56
3 49 75
3 50 14
3 50 61
3 50 78
3 51 14
3 51 41
3 51 47
3 51 66
3 51 69
3 51 82
3 52 0
3 52 2
3 52 6
3 52 24
3 52 53
3 52 57
3 52 59
3 52 69
3 52 79
3 52 82
3 53 15
3 53 16
3 53 18
3 53 25
3 53 47
3 53 54
3 53 63
3 53 65
3 53 82
3 54 21
3 54 28
3 54 36
3 54 47
3 54 54
3 54 61
3 54 77
3 55 15
3 55 35
3 55 73
3 55 74
3 55 75
3 55 76
3 55 83
3 56 4
3 56 9
3 56 21
3 56 30
3 56 43
3 56 48
3 56 49
3 56 54
3 56 60
3 56 61
3 56 69
3 56 74
3 57 9
3 57 24
3 57 39
3 57 49
3 57 62
3 57 65
3 57 67
3 57 71
3 57 75
3 58 8
3 58 22
3 58 27
3 58 32
3 58 34
3 58 46
3 58 62
3 58 69
3 58 71
3 58 78
3 59 8
3 59 35
3 59 45
3 59 49
3 59 61
3 59 66
3 59 70
3 60 8
3 60 29
3 60 36
3 60 39
3 60 46
3 60 55
3 60 72
3 60 80
3 61 17
3 61 28
3 61 38
3 61 43
3 61 67
3 61 69
3 61 82
3 62 17
3 62 26
3 62 28
3 62 34
3 62 40
3 62 46
3 62 51
3 62 67
3 62 76
3 62 78
3 62 80
3 63 4
3 63 17
3 63 35
3 63 39
3 63 47
3 63 48
3 63 57
3 63 67
3 64 2
3 64 19
3 64 32
3 64 62
3 64 65
3 64 69
3 64 75
3 64 76
3 64 79
3 64 82
3 64 85
3 65 2
3 65 15
3 65 44
3 65 62
3 65 63
3 65 75
3 65 82
3 66 9
3 66 10
3 66 23
3 66 24
3 66 25
3 66 39
3 66 45
3 66 50
3 66 51
3 66 60
3 66 76
3 66 84
3 67 4
3 67 7
3 67 13
3 67 17
3 68 1
3 68 8
3 68 11
3 68 34
3 68 43
3 68 56
3 68 57
3 68 59
3 68 72
3 68 86
3 69 7
3 69 51
3 69 59
3 69 74
3 70 4
3 70 17
3 70 31
3 70 33
3 70 39
3 70 64
3 70 78
3 71 7
3 71 8
3 71 18
3 71 20
3 71 29
3 71 56
3 71 75
3 72 5
3 72 10
3 72 11
3 72 14
3 72 35
3 72 39
3 72 52
3 72 65
3 72 71
3 72 79
3 73 13
3 73 20
3 73 48
3 73 70
3 74 28
3 74 30
3 74 46
3 74 49
3 74 53
3 74 56
3 74 57
3 74 66
3 75 9
3 75 25
3 75 45
3 75 58
3 75 70
3 75 71
3 76 3
3 76 8
3 76 54
3 76 85
3 77 13
3 77 30
3 77 48
3 77 61
3 77 64
3 77 76
3 78 7
3 78 10
3 78 27
3 78 44
3 78 50
3 78 63
3 78 72
3 78 73
3 79 39
3 79 41
3 79 53
3 79 62
3 79 68
3 80 1
3 80 27
3 80 44
3 80 56
3 80 82
3 80 84
3 80 85
3 81 8
3 81 13
3 81 26
3 81 39
3 81 42
3 81 62
3 81 72
3 81 84
3 81 85
3 82 4
3 82 15
3 82 24
3 82 59
3 82 60
3 82 63
3 83 0
3 83 2
3 83 16
3 83 22
3 83 29
3 83 42
3 83 47
3 83 51
3 83 58
3 83 63
3 83 77
3 83 82
3 84 4
3 84 6
3 84 9
3 84 22
3 84 27
3 84 31
3 84 67
3 84 68
3 84 73
3 84 77
3 84 85
3 85 9
3 85 10
3 85 14
3 85 16
3 85 23
3 85 41
3 85 75
3 86 0
3 86 10
3 86 27
3 86 64
3 86 80
3 86 83
3 87 0
3 87 19
3 87 24
3 87 25
3 87 51
3 87 62
3 87 65
3 87 71
3 87 78
3 88 0
3 88 2
3 88 11
3 88 26
3 88 32
3 88 40
3 88 57
3 88 61
3 88 69
3 88 70
3 88 85
3 89 14
3 89 28
3 89 33
3 89 47
3 89 67
3 89 78
3 90 1
3 90 4
3 90 11
3 90 12
3 90 14
3 90 25
3 90 27
3 90 29
3 90 68
3 90 73
3 90 77
3 90 82
3 91 4
3 91 36
3 91 42
3 91 44
3 91 48
3 91 65
3 91 68
3 91 80
3 92 0
3 92 10
3 92 37
3 92 39
3 92 49
3 92 84
3 93 6
3 93 11
3 93 23
3 93 35
3 93 40
3 93 47
3 93 49
3 93 52
3 93 72
3 93 74
3 93 80
3 94 20
3 94 21
3 94 26
3 94 32
3 94 39
3 94 45
3 94 69
3 94 84
3 95 14
3 95 19
3 95 23
3 95 30
3 95 40
3 95 50
3 95 55
3 95 60
3 95 68
3 95 70
3 95 77
3 95 85
3 96 0
3 96 6
3 96 20
3 96 47
3 96 50
3 96 86
3 97 1
3 97 7
3 97 10
3 97 31
3 97 42
3 97 43
3 97 64
3 97 65
3 97 69
3 97 79
3 97 86
3 98 26
3 98 37
3 98 42
3 98 43
3 98 69
3 98 81
3 99 5
3 99 14
3 99 27
3 99 28
3 99 30
3 99 46
3 99 50
3 99 51
3 99 55
3 99 69
3 100 16
3 100 17
3 100 45
3 100 46
3 100 47
3 100 49
3 100 56
3 100 60
3 100 62
3 100 64
3 100 65
3 101 22
3 101 25
3 101 29
3 101 48
3 101 71
3 101 76
3 102 6
3 102 30
3 102 50
3 102 51
3 102 54
3 102 65
3 102 67
3 102 80
3 103 34
3 103 36
3 103 45
3 103 48
3 103 58
3 103 65
3 103 74
3 104 10
3 104 23
3 104 64
3 104 67
3 104 76
3 105 4
3 105 11
3 105 24
3 105 41
3 105 50
3 105 53
3 105 67
3 105 73
3 105 76
3 106 6
3 106 17
3 106 21
3 106 26
3 106 53
3 107 3
3 107 6
3 107 7
3 107 29
3 107 38
3 107 39
3 107 80
3 108 56
3 108 59
3 108 64
3 108 68
3 108 76
3 109 27
3 109 34
3 109 35
3 109 59
3 109 74
3 109 75
3 109 76
3 110 26
3 110 50
3 110 68
3 111 4
3 111 15
3 111 18
3 111 27
3 111 34
3 111 35
3 111 81
3 112 3
3 112 4
3 112 8
3 112 12
3 112 61
3 112 69
3 112 71
3 112 83
3 112 86
3 113 14
3 113 20
3 113 28
3 113 35
3 113 43
3 113 45
3 113 58
3 113 86
3 114 32
3 114 58
3 114 77
3 114 84
3 114 86
3 115 6
3 115 66
3 115 71
3 115 79
3 115 80
3 116 8
3 116 15
3 116 31
3 116 32
3 116 39
3 116 42
3 116 70
3 116 73
3 116 75
3 116 76
3 117 19
3 117 28
3 117 31
3 117 32
3 117 44
3 117 50
3 117 51
3 117 52
3 117 62
3 117 65
3 117 67
3 117 77
3 118 14
3 118 27
3 118 68
3 118 76
3 118 82
3 119 6
3 119 22
3 119 24
3 119 35
3 119 47
3 119 55
3 119 65
3 120 20
3 120 21
3 120 26
3 120 39
3 120 60
3 120 61
3 120 69
3 121 8
3 121 13
3 121 32
3 121 39
3 121 41
3 121 42
3 121 44
3 121 52
3 121 59
3 121 62
3 122 7
3 122 13
3 122 17
3 122 36
3 122 37
3 122 56
3 122 58
3 122 60
3 122 66
3 122 75
3 122 77
3 122 78
3 122 80
3 123 7
3 123 12
3 123 23
3 123 40
3 123 69
3 123 77
3 124 0
3 124 2
3 124 50
3 124 81
3 125 12
3 125 18
3 125 19
3 125 37
3 125 53
3 125 60
3 125 79
3 126 21
3 126 22
3 126 25
3 126 33
3 126 43
3 126 49
3 126 62
3 126 63
3 126 70
3 126 73
3 126 78
3 127 2
3 127 5
3 127 7
3 127 18
3 127 21
3 127 35
3 127 48
3 127 66
3 127 77
3 127 82
3 128 0
3 128 11
3 128 13
3 128 29
3 128 43
3 128 72
3 128 73
3 129 0
3 129 1
3 129 2
3 129 4
3 129 39
3 129 41
3 129 59
3 129 62
3 129 66
3 129 71
3 129 81