907
8
48 46 50 51 59 71 45 80
3000

65 0 344 0 45 0 486 389 0 169 0 642 0 0 84 92 0 98 41 91 77 13 82 9 72 66 33 52 70 0 100 0 0 78 60 0 30 42 20 32 44 9 0 0 0 0 0 0
67 0 0 262 0 785 0 0 0 0 0 636 0 8 79 0 0 93 77 47 0 0 0 29 20 57 0 16 0 97 0 72 0 0 0 0 0 20 0 71 93 0 83 0 0 0
0 153 0 707 0 158 139 0 0 830 0 0 0 66 0 27 91 0 0 0 0 36 0 0 0 0 0 0 63 94 0 0 0 28 98 0 0 0 0 0 40 0 88 86 25 0 94 84 0 0
0 127 114 304 0 74 0 332 12 93 0 0 816 78 63 0 0 0 42 0 0 51 0 0 78 54 82 0 30 75 30 0 9 0 39 89 27 0 0 70 0 45 0 0 72 0 0 11 0 21 0
516 0 0 815 0 0 0 0 225 916 0 0 0 0 721 0 19 0 96 0 68 0 41 0 50 0 0 0 0 0 0 43 65 0 0 0 0 70 0 66 0 78 17 0 0 38 0 0 78 96 68 0 0 0 44 10 65 87 0
0 0 558 798 236 0 0 0 57 0 0 543 722 943 0 0 0 0 0 0 61 0 0 0 0 0 10 40 0 43 0 0 0 56 0 0 0 0 0 95 0 54 0 36 0 0 57 0 16 84 72 61 0 76 15 0 0 23 0 12 77 77 0 23 69 40 0 0 56 42 0
733 38 816 0 0 0 575 260 0 0 936 0 97 0 0 0 0 0 59 99 66 0 0 78 47 0 0 63 0 0 95 20 0 89 33 0 0 0 0 43 65 94 0 0 0
0 185 0 119 0 45 0 0 0 169 59 0 0 0 0 0 0 0 695 412 649 41 18 21 0 33 50 6 55 0 36 0 52 0 92 0 0 90 0 0 0 0 0 27 0 25 0 23 76 12 0 68 0 99 76 46 93 17 0 0 21 4 0 0 0 0 0 66 79 0 0 7 0 0 88 86 0 0 0 54

0 0 14
0 0 15
0 0 20
0 0 29
0 0 30
0 0 38
0 0 42
0 0 43
0 0 44
0 1 10
0 1 19
0 1 25
0 1 42
0 2 0
0 2 3
0 2 7
0 2 17
0 2 27
0 2 30
0 2 34
0 2 43
0 3 1
0 3 2
0 3 4
0 3 10
0 3 17
0 3 26
0 3 28
0 3 35
0 3 36
0 3 39
0 4 12
0 4 18
0 4 21
0 4 26
0 4 29
0 4 30
0 4 35
0 4 39
0 4 43
0 4 44
0 5 3
0 5 6
0 5 11
0 5 12
0 5 17
0 5 29
0 6 2
0 6 3
0 6 23
0 6 28
0 6 33
0 6 35
0 6 37
0 6 38
0 6 45
0 7 3
0 7 8
0 7 11
0 7 18
0 7 28
0 7 30
0 7 44
0 8 13
0 8 14
0 8 16
0 8 37
0 8 38
0 9 0
0 9 10
0 9 15
0 9 21
0 9 24
0 9 35
0 9 38
0 9 44
0 10 4
0 10 21
0 10 22
0 10 23
0 10 24
0 10 27
0 11 6
0 11 12
0 11 14
0 11 18
0 11 24
0 11 25
0 11 26
0 11 34
0 11 37
0 11 42
0 11 44
0 12 5
0 12 8
0 12 15
0 12 18
0 12 30
0 12 32
0 12 36
0 12 37
0 12 45
0 13 8
0 13 11
0 13 14
0 13 27
0 13 32
0 13 43
0 14 5
0 14 7
0 14 11
0 14 19
0 14 20
0 14 27
0 14 28
0 14 43
0 15 15
0 15 19
0 15 24
0 15 30
0 15 45
0 16 9
0 16 13
0 16 22
0 16 30
0 16 35
0 16 43
0 17 3
0 17 8
0 17 15
0 17 25
0 17 28
0 17 31
0 17 41
0 17 43
0 17 45
0 18 0
0 18 5
0 18 8
0 18 14
0 18 16
0 18 35
0 18 43
0 19 2
0 19 3
0 19 11
0 19 19
0 19 26
0 19 29
0 19 30
0 20 0
0 20 10
0 20 20
0 20 28
0 20 31
0 20 34
0 20 41
0 20 45
0 21 0
0 21 12
0 21 26
0 22 5
0 22 8
0 22 10
0 22 17
0 22 22
0 22 23
0 22 36
0 23 8
0 23 11
0 23 15
0 23 16
0 23 22
0 23 35
0 23 41
0 24 2
0 24 4
0 24 6
0 24 9
0 24 10
0 24 11
0 24 21
0 24 24
0 24 26
0 24 30
0 24 31
0 24 32
0 24 45
0 25 13
0 25 16
0 25 19
0 25 23
0 25 26
0 25 37
0 26 3
0 26 7
0 26 15
0 26 18
0 26 19
0 26 26
0 26 27
0 26 28
0 26 37
0 27 14
0 27 16
0 27 19
0 27 20
0 27 22
0 27 28
0 27 29
0 27 38
0 27 41
0 27 43
0 28 3
0 28 5
0 28 6
0 28 13
0 28 16
0 28 18
0 28 30
0 28 37
0 28 40
0 28 44
0 29 0
0 29 11
0 29 17
0 29 20
0 29 28
0 29 30
0 29 40
0 29 44
0 30 0
0 30 9
0 30 11
0 30 12
0 30 18
0 30 22
0 30 23
0 30 28
0 30 29
0 31 5
0 31 7
0 31 17
0 31 23
0 31 34
0 31 35
0 31 37
0 31 40
0 31 42
0 32 0
0 32 3
0 32 9
0 32 10
0 32 12
0 32 25
0 32 32
0 32 41
0 32 43
0 33 1
0 33 18
0 33 22
0 34 3
0 34 23
0 34 27
0 34 31
0 34 33
0 35 0
0 35 1
0 35 2
0 35 13
0 35 17
0 35 25
0 35 28
0 35 33
0 35 34
0 35 39
0 35 40
0 35 41
0 35 45
0 36 7
0 36 15
0 36 19
0 36 30
0 36 31
0 36 38
0 36 44
0 36 45
0 37 1
0 37 5
0 37 23
0 37 24
0 37 29
0 37 38
0 37 45
0 38 1
0 38 5
0 38 11
0 38 13
0 38 14
0 38 21
0 38 24
0 38 25
0 38 28
0 38 29
0 38 33
0 39 2
0 39 7
0 39 10
0 39 26
0 39 27
0 39 34
0 39 38
0 40 0
0 40 12
0 40 16
0 40 21
0 40 30
0 40 36
0 40 37
0 40 45
0 41 2
0 41 12
0 41 17
0 41 23
0 42 9
0 42 10
0 42 11
0 42 14
0 42 23
0 42 36
0 43 1
0 43 9
0 43 14
0 43 19
0 43 21
0 43 28
0 43 30
0 43 31
0 44 5
0 44 18
0 44 19
0 44 24
0 44 28
0 44 36
0 44 39
0 44 45
0 45 20
0 45 36
0 46 4
0 46 9
0 46 13
0 46 18
0 46 31
0 46 36
0 46 42
0 47 1
0 47 3
0 47 29
0 47 38
0 47 39
0 47 42
1 0 0
1 0 7
1 0 9
1 0 20
1 0 21
1 0 30
1 0 34
1 1 4
1 1 40
1 1 49
1 2 4
1 2 6
1 2 12
1 2 19
1 2 28
1 2 32
1 2 34
1 2 38
1 3 4
1 3 10
1 3 32
1 3 34
1 3 40
1 3 43
1 4 3
1 4 10
1 4 17
1 4 23
1 4 24
1 4 28
1 4 34
1 4 38
1 4 39
1 5 0
1 5 4
1 5 17
1 6 1
1 6 10
1 6 11
1 6 12
1 6 14
1 6 30
1 6 32
1 6 34
1 6 40
1 7 3
1 7 13
1 7 16
1 7 23
1 7 27
1 7 30
1 7 32
1 7 47
1 8 8
1 8 13
1 8 25
1 9 6
1 9 10
1 9 20
1 9 22
1 9 37
1 9 41
1 9 42
1 9 46
1 10 15
1 10 16
1 10 22
1 10 24
1 10 30
1 10 35
1 10 45
1 10 47
1 11 0
1 11 16
1 11 17
1 11 19
1 11 27
1 11 33
1 12 29
1 12 38
1 12 41
1 13 5
1 13 15
1 13 22
1 13 24
1 13 25
1 13 26
1 13 39
1 13 40
1 13 43
1 14 10
1 14 24
1 14 32
1 14 43
1 15 5
1 15 10
1 15 33
1 15 35
1 15 40
1 16 4
1 16 12
1 16 13
1 16 18
1 16 34
1 16 44
1 16 46
1 17 2
1 17 5
1 17 7
1 17 9
1 17 16
1 17 21
1 17 26
1 17 31
1 17 32
1 17 48
1 18 0
1 18 1
1 18 2
1 18 4
1 18 11
1 18 12
1 18 18
1 18 22
1 18 25
1 18 38
1 18 41
1 18 46
1 18 48
1 19 1
1 19 9
1 19 11
1 19 15
1 19 20
1 19 26
1 20 7
1 20 8
1 20 12
1 20 13
1 20 16
1 20 23
1 20 29
1 20 30
1 20 36
1 21 8
1 21 34
1 21 36
1 21 48
1 22 18
1 22 20
1 22 37
1 22 44
1 22 48
1 23 0
1 23 4
1 23 31
1 23 49
1 24 3
1 24 5
1 24 10
1 24 18
1 24 21
1 24 24
1 24 33
1 24 36
1 24 37
1 24 40
1 25 4
1 25 18
1 25 49
1 26 6
1 26 8
1 26 9
1 26 13
1 26 23
1 26 27
1 26 31
1 26 34
1 26 47
1 26 48
1 27 21
1 27 25
1 27 29
1 27 38
1 27 40
1 27 45
1 28 2
1 28 17
1 28 20
1 28 22
1 28 31
1 28 35
1 28 44
1 29 11
1 29 14
1 29 25
1 29 31
1 29 46
1 29 47
1 30 14
1 30 25
1 30 29
1 30 30
1 30 32
1 30 38
1 30 42
1 30 46
1 31 5
1 31 17
1 31 26
1 31 39
1 31 40
1 32 4
1 32 14
1 32 17
1 32 19
1 32 28
1 32 38
1 33 15
1 33 19
1 33 21
1 33 26
1 33 41
1 33 43
1 34 8
1 34 9
1 34 10
1 34 14
1 34 16
1 34 27
1 34 35
1 34 37
1 34 47
1 35 4
1 35 5
1 35 6
1 35 34
1 35 35
1 35 36
1 36 3
1 36 23
1 36 41
1 36 44
1 37 13
1 37 16
1 37 19
1 37 34
1 37 37
1 37 41
1 37 45
1 38 3
1 38 13
1 38 18
1 38 19
1 38 25
1 38 33
1 38 48
1 39 4
1 39 9
1 39 12
1 39 14
1 39 16
1 39 22
1 39 35
1 39 36
1 39 44
1 40 11
1 40 12
1 40 18
1 40 19
1 40 23
1 40 25
1 40 34
1 40 38
1 41 10
1 41 12
1 41 32
1 41 44
1 41 49
1 42 18
1 42 19
1 42 23
1 42 39
1 43 4
1 43 5
1 43 25
1 43 34
1 43 35
1 44 3
1 44 4
1 44 5
1 44 25
1 44 28
1 44 34
1 44 37
1 44 40
1 44 41
1 44 46
1 45 11
1 45 12
1 45 13
1 45 15
1 45 19
1 45 21
1 45 26
1 45 27
1 45 29
1 45 35
1 45 36
2 0 7
2 0 9
2 0 11
2 0 13
2 0 26
2 0 28
2 0 36
2 0 44
2 0 46
2 1 14
2 1 20
2 1 23
2 1 26
2 1 50
2 2 9
2 2 13
2 2 18
2 3 5
2 3 21
2 3 25
2 3 27
2 3 29
2 3 30
2 3 34
2 3 49
2 4 2
2 4 14
2 4 16
2 4 25
2 4 48
2 5 4
2 5 30
2 5 46
2 6 4
2 6 8
2 6 16
2 6 34
2 6 43
2 6 46
2 7 22
2 7 26
2 7 34
2 7 37
2 7 43
2 7 44
2 7 46
2 8 2
2 8 3
2 8 7
2 8 9
2 8 31
2 8 35
2 8 38
2 9 33
2 9 37
2 9 39
2 9 42
2 9 44
2 9 45
2 10 6
2 10 10
2 10 12
2 10 20
2 10 23
2 10 30
2 10 33
2 10 49
2 11 0
2 11 8
2 11 10
2 11 20
2 11 37
2 11 39
2 12 1
2 12 7
2 12 8
2 12 13
2 12 19
2 12 37
2 12 40
2 12 41
2 12 42
2 13 25
2 13 27
2 13 46
2 13 48
2 14 11
2 14 13
2 14 21
2 14 23
2 14 30
2 14 34
2 14 41
2 14 45
2 15 22
2 15 24
2 15 33
2 15 34
2 16 18
2 16 35
2 17 8
2 17 10
2 17 28
2 17 30
2 17 34
2 17 42
2 17 50
2 18 3
2 18 4
2 18 10
2 18 30
2 18 39
2 18 40
2 18 49
2 19 0
2 19 15
2 19 19
2 19 23
2 19 30
2 19 31
2 19 32
2 19 48
2 20 13
2 20 14
2 20 21
2 20 32
2 20 37
2 20 48
2 20 49
2 21 10
2 21 17
2 21 21
2 21 23
2 21 33
2 22 5
2 22 9
2 22 11
2 22 14
2 22 17
2 22 24
2 22 33
2 22 45
2 23 5
2 23 15
2 23 29
2 23 31
2 23 38
2 23 47
2 24 13
2 24 26
2 24 33
2 24 39
2 24 45
2 25 5
2 25 10
2 25 12
2 25 26
2 25 31
2 25 41
2 25 44
2 25 46
2 25 49
2 26 16
2 26 21
2 26 29
2 26 31
2 26 32
2 26 35
2 26 37
2 26 39
2 26 41
2 27 1
2 27 11
2 27 16
2 27 17
2 27 18
2 27 21
2 27 23
2 27 24
2 27 34
2 27 50
2 28 16
2 28 20
2 28 21
2 28 29
2 28 40
2 28 43
2 29 9
2 29 18
2 29 19
2 29 23
2 29 26
2 29 27
2 29 32
2 29 35
2 29 39
2 30 2
2 30 14
2 30 16
2 30 21
2 30 37
2 30 40
2 30 46
2 31 1
2 31 5
2 31 7
2 31 45
2 32 3
2 32 5
2 32 15
2 32 17
2 32 22
2 32 26
2 32 37
2 32 41
2 32 43
2 32 45
2 32 47
2 33 7
2 33 8
2 33 34
2 33 37
2 33 43
2 34 3
2 34 5
2 34 6
2 34 17
2 34 22
2 34 23
2 34 30
2 34 35
2 34 50
2 35 25
2 35 33
2 35 39
2 35 40
2 35 42
2 35 46
2 36 1
2 36 13
2 36 17
2 36 22
2 36 42
2 36 44
2 37 30
2 37 31
2 37 40
2 37 43
2 38 21
2 38 26
2 38 27
2 38 32
2 38 34
2 38 36
2 38 48
2 39 1
2 39 8
2 39 21
2 39 24
2 39 27
2 39 30
2 39 35
2 39 46
2 40 1
2 40 3
2 40 8
2 40 11
2 40 28
2 40 37
2 40 38
2 41 8
2 41 13
2 41 14
2 41 16
2 41 17
2 41 19
2 41 22
2 41 26
2 41 31
2 41 37
2 41 40
2 41 44
2 41 45
2 42 3
2 42 4
2 42 5
2 42 6
2 42 11
2 42 17
2 42 20
2 42 29
2 42 36
2 42 39
2 42 40
2 42 41
2 42 44
2 43 16
2 43 19
2 43 30
2 43 31
2 43 32
2 43 37
2 43 42
2 43 46
2 44 2
2 44 7
2 44 16
2 44 22
2 44 24
2 44 41
2 44 50
2 45 4
2 45 18
2 45 28
2 45 30
2 45 36
2 45 50
2 46 5
2 46 7
2 46 8
2 46 18
2 46 21
2 46 24
2 46 26
2 47 7
2 47 11
2 47 12
2 47 19
2 47 34
2 47 35
2 47 40
2 47 41
2 47 42
2 47 45
2 47 48
2 47 49
2 48 0
2 49 4
2 49 6
2 49 7
2 49 29
2 49 37
2 49 41
2 49 43
3 0 39
3 0 42
3 0 43
3 0 45
3 0 48
3 0 57
3 0 58
3 1 1
3 1 6
3 1 11
3 1 15
3 1 19
3 1 21
3 1 23
3 1 33
3 1 36
3 1 41
3 1 43
3 1 46
3 2 19
3 2 24
3 2 25
3 2 31
3 2 34
3 2 39
3 2 40
3 2 43
3 2 45
3 2 46
3 2 49
3 2 57
3 3 2
3 3 5
3 3 11
3 3 34
3 3 46
3 3 48
3 4 12
3 4 16
3 4 21
3 4 23
3 4 49
3 5 27
3 5 33
3 5 39
3 5 52
3 6 0
3 6 1
3 6 4
3 6 16
3 6 22
3 6 31
3 6 37
3 7 8
3 7 9
3 7 12
3 7 19
3 7 32
3 7 45
3 7 49
3 8 4
3 8 11
3 8 12
3 8 13
3 8 14
3 8 15
3 8 17
3 8 19
3 8 24
3 8 38
3 8 52
3 8 58
3 9 5
3 9 7
3 9 13
3 9 20
3 9 29
3 9 38
3 10 2
3 10 4
3 10 8
3 10 21
3 10 22
3 10 23
3 10 25
3 10 35
3 10 38
3 10 47
3 10 48
3 10 49
3 10 52
3 11 4
3 11 10
3 11 18
3 11 32
3 11 45
3 11 47
3 11 50
3 11 54
3 12 5
3 12 8
3 12 10
3 12 26
3 12 31
3 12 50
3 13 0
3 13 16
3 13 30
3 13 34
3 13 35
3 13 37
3 13 43
3 13 51
3 14 12
3 14 16
3 14 19
3 14 25
3 14 58
3 15 2
3 15 8
3 15 15
3 15 16
3 15 22
3 15 27
3 15 35
3 15 36
3 15 45
3 15 53
3 16 2
3 16 23
3 16 25
3 16 31
3 16 36
3 16 46
3 16 47
3 17 3
3 17 18
3 17 20
3 17 32
3 17 39
3 17 42
3 17 48
3 18 7
3 18 8
3 18 31
3 18 35
3 18 39
3 18 46
3 18 55
3 19 0
3 19 6
3 19 7
3 19 9
3 19 10
3 19 13
3 19 23
3 19 30
3 19 31
3 19 34
3 19 35
3 19 36
3 19 38
3 19 39
3 19 41
3 19 47
3 19 51
3 19 57
3 20 9
3 20 24
3 20 26
3 20 42
3 20 43
3 20 50
3 20 52
3 21 5
3 21 14
3 21 15
3 21 16
3 21 23
3 21 33
3 21 35
3 21 42
3 21 49
3 21 51
3 21 57
3 22 0
3 22 4
3 22 16
3 22 21
3 22 33
3 22 35
3 22 37
3 22 38
3 22 39
3 22 44
3 22 49
3 22 58
3 23 3
3 23 6
3 23 21
3 23 23
3 23 30
3 23 33
3 23 38
3 23 40
3 23 41
3 23 43
3 23 45
3 23 54
3 23 57
3 24 5
3 24 22
3 24 26
3 24 31
3 24 55
3 25 5
3 25 17
3 25 26
3 25 31
3 25 35
3 25 36
3 25 40
3 25 47
3 25 55
3 26 8
3 26 11
3 26 13
3 26 14
3 26 26
3 26 34
3 26 38
3 26 43
3 26 49
3 26 52
3 27 4
3 27 9
3 27 10
3 27 14
3 27 17
3 27 21
3 27 30
3 27 37
3 27 38
3 27 39
3 27 43
3 27 48
3 27 56
3 28 9
3 28 34
3 28 42
3 28 51
3 29 2
3 29 25
3 29 29
3 29 30
3 29 34
3 29 56
3 30 4
3 30 13
3 30 21
3 30 23
3 30 25
3 30 33
3 30 39
3 30 40
3 30 42
3 30 46
3 30 50
3 31 0
3 31 6
3 31 17
3 31 19
3 31 27
3 31 32
3 31 38
3 31 46
3 31 52
3 31 53
3 31 55
3 31 56
3 31 58
3 32 0
3 32 11
3 32 12
3 32 17
3 32 19
3 32 21
3 32 25
3 32 40
3 32 51
3 33 6
3 33 10
3 33 32
3 33 35
3 33 37
3 33 40
3 33 44
3 33 50
3 33 58
3 34 2
3 34 7
3 34 20
3 34 21
3 34 29
3 34 30
3 34 34
3 34 43
3 35 2
3 35 8
3 35 18
3 35 25
3 35 28
3 35 43
3 35 48
3 35 49
3 35 55
3 36 21
3 36 24
3 36 27
3 36 30
3 36 35
3 36 36
3 36 44
3 37 11
3 37 16
3 37 18
3 37 26
3 37 34
3 37 38
3 37 42
3 37 44
3 38 1
3 38 3
3 38 4
3 38 8
3 38 10
3 38 17
3 38 30
3 38 35
3 38 38
3 38 42
3 38 45
3 38 47
3 38 49
3 38 52
3 38 54
3 38 55
3 39 2
3 39 20
3 39 43
3 39 46
3 39 53
3 39 58
3 40 3
3 40 9
3 40 41
3 41 3
3 41 10
3 41 11
3 41 14
3 41 20
3 41 33
3 41 45
3 42 8
3 42 16
3 42 27
3 42 32
3 42 36
3 42 52
3 42 58
3 43 4
3 43 7
3 43 11
3 43 15
3 43 36
3 43 37
3 43 55
3 43 58
3 44 6
3 44 16
3 44 38
3 44 44
3 45 4
3 45 9
3 45 12
3 45 14
3 45 32
3 45 34
3 45 35
3 45 41
3 45 44
3 46 7
3 46 23
3 46 27
3 46 32
3 46 37
3 46 40
3 46 42
3 46 43
3 46 46
3 46 56
3 47 8
3 47 11
3 47 13
3 47 14
3 47 18
3 47 21
3 48 3
3 48 9
3 48 13
3 48 21
3 48 28
3 48 48
3 48 53
3 48 54
3 48 55
3 48 56
3 49 8
3 49 9
3 49 16
3 49 19
3 49 34
3 50 13
3 50 19
3 50 30
3 50 33
3 50 34
3 50 54
3 50 55
3 50 57
4 0 2
4 0 3
4 0 14
4 0 15
4 0 21
4 0 30
4 0 39
4 1 4
4 1 12
4 1 13
4 1 26
4 1 28
4 1 30
4 1 36
4 1 44
4 1 57
4 1 60
4 1 63
4 2 0
4 2 3
4 2 15
4 2 22
4 2 40
4 2 43
4 2 54
4 2 59
4 2 62
4 3 16
4 3 18
4 3 19
4 3 24
4 3 30
4 3 33
4 3 36
4 3 50
4 3 51
4 3 56
4 3 57
4 3 65
4 4 1
4 4 4
4 4 6
4 4 9
4 4 11
4 4 13
4 4 14
4 4 26
4 4 27
4 4 48
4 4 53
4 4 69
4 5 4
4 5 6
4 5 10
4 5 14
4 5 18
4 5 27
4 5 29
4 5 31
4 5 39
4 5 49
4 5 60
4 6 9
4 6 11
4 6 33
4 6 37
4 6 47
4 6 49
4 6 53
4 6 61
4 6 65
4 6 68
4 7 0
4 7 12
4 7 16
4 7 28
4 7 39
4 7 40
4 7 48
4 8 0
4 8 12
4 8 17
4 8 22
4 8 25
4 8 38
4 8 45
4 8 48
4 8 54
4 8 57
4 8 58
4 8 63
4 9 19
4 9 21
4 9 27
4 9 44
4 9 48
4 9 50
4 9 52
4 9 53
4 9 57
4 9 63
4 10 13
4 10 16
4 10 18
4 10 19
4 10 21
4 10 35
4 10 38
4 10 42
4 10 49
4 10 57
4 10 58
4 10 62
4 10 68
4 10 70
4 11 18
4 11 22
4 11 25
4 11 27
4 11 30
4 11 32
4 11 37
4 11 38
4 11 39
4 11 50
4 11 54
4 11 60
4 11 68
4 12 8
4 12 9
4 12 10
4 12 13
4 12 19
4 12 22
4 12 23
4 12 29
4 12 31
4 12 50
4 12 54
4 12 64
4 12 67
4 13 5
4 13 20
4 13 28
4 13 29
4 13 30
4 13 33
4 13 34
4 13 39
4 13 45
4 13 59
4 13 67
4 14 2
4 14 13
4 14 42
4 14 43
4 14 59
4 14 62
4 14 63
4 14 64
4 15 9
4 15 13
4 15 29
4 15 32
4 15 41
4 15 60
4 16 3
4 16 7
4 16 16
4 16 19
4 16 25
4 16 33
4 16 47
4 16 54
4 16 55
4 17 1
4 17 5
4 17 8
4 17 20
4 17 21
4 17 25
4 17 31
4 17 36
4 17 43
4 17 57
4 17 65
4 18 16
4 18 41
4 18 64
4 18 70
4 19 9
4 19 22
4 19 26
4 19 29
4 19 30
4 19 32
4 19 37
4 19 45
4 19 49
4 19 62
4 19 69
4 20 17
4 20 18
4 20 27
4 20 42
4 20 47
4 20 49
4 20 50
4 20 67
4 21 1
4 21 9
4 21 13
4 21 23
4 21 35
4 21 54
4 21 56
4 21 57
4 21 59
4 21 60
4 21 69
4 22 2
4 22 3
4 22 6
4 22 32
4 22 38
4 22 40
4 22 45
4 22 50
4 22 53
4 22 54
4 22 58
4 22 62
4 22 65
4 22 66
4 22 70
4 23 5
4 23 7
4 23 9
4 23 12
4 23 20
4 23 54
4 23 59
4 23 67
4 23 70
4 24 17
4 24 18
4 24 19
4 24 23
4 24 41
4 24 43
4 24 50
4 25 10
4 25 43
4 25 44
4 25 45
4 25 47
4 25 58
4 25 60
4 26 10
4 26 39
4 26 41
4 26 46
4 26 48
4 26 50
4 26 51
4 26 52
4 26 54
4 26 61
4 26 62
4 27 4
4 27 18
4 27 20
4 27 23
4 27 24
4 27 32
4 27 33
4 27 41
4 27 55
4 27 56
4 27 67
4 28 4
4 28 5
4 28 23
4 28 26
4 28 30
4 28 36
4 28 51
4 28 61
4 28 62
4 28 64
4 28 66
4 28 67
4 28 69
4 29 2
4 29 14
4 29 17
4 29 19
4 29 23
4 29 39
4 29 42
4 29 43
4 29 48
4 29 67
4 30 18
4 30 20
4 30 27
4 30 29
4 30 32
4 30 55
4 30 65
4 31 0
4 31 9
4 31 10
4 31 17
4 31 22
4 31 23
4 31 26
4 31 32
4 31 42
4 31 45
4 31 47
4 31 65
4 31 67
4 31 68
4 31 69
4 32 17
4 32 18
4 32 19
4 32 21
4 32 22
4 32 23
4 32 36
4 32 40
4 32 45
4 32 50
4 32 68
4 32 69
4 32 70
4 33 15
4 33 42
4 33 44
4 33 55
4 33 56
4 33 61
4 33 63
4 33 64
4 33 65
4 33 66
4 34 1
4 34 3
4 34 7
4 34 11
4 34 13
4 34 19
4 34 38
4 34 48
4 34 49
4 34 50
4 34 60
4 35 0
4 35 1
4 35 2
4 35 17
4 35 21
4 35 25
4 35 26
4 35 27
4 35 31
4 35 36
4 35 39
4 35 42
4 35 43
4 35 47
4 35 55
4 35 64
4 36 2
4 36 16
4 36 29
4 36 37
4 36 52
4 36 57
4 36 70
4 37 21
4 37 34
4 37 38
4 37 47
4 37 51
4 37 70
4 38 0
4 38 5
4 38 7
4 38 8
4 38 13
4 38 18
4 38 33
4 38 38
4 38 49
4 38 52
4 38 55
4 38 59
4 38 62
4 38 69
4 39 6
4 39 10
4 39 14
4 39 33
4 39 41
4 39 56
4 39 59
4 39 64
4 40 2
4 40 5
4 40 8
4 40 12
4 40 16
4 40 19
4 40 27
4 40 28
4 40 31
4 40 35
4 40 41
4 40 45
4 40 47
4 40 52
4 40 53
4 40 54
4 40 57
4 40 67
4 40 69
4 41 14
4 41 18
4 41 20
4 41 36
4 41 37
4 41 38
4 41 40
4 41 58
4 41 60
4 41 61
4 42 8
4 42 19
4 42 22
4 42 27
4 42 31
4 42 32
4 42 47
4 42 62
4 42 64
4 42 66
4 42 69
4 43 11
4 43 12
4 43 15
4 43 21
4 43 45
4 43 46
4 43 55
4 43 63
4 43 67
4 44 2
4 44 9
4 44 20
4 44 23
4 44 25
4 44 38
4 44 40
4 44 47
4 44 56
4 44 57
4 44 61
4 44 63
4 44 65
4 45 1
4 45 2
4 45 3
4 45 8
4 45 18
4 45 31
4 45 41
4 45 45
4 45 57
4 45 63
4 45 68
4 46 14
4 46 21
4 46 23
4 46 25
4 46 31
4 46 32
4 46 63
4 47 0
4 47 2
4 47 3
4 47 5
4 47 11
4 47 15
4 47 24
4 47 41
4 47 53
4 47 54
4 47 64
4 48 7
4 48 24
4 48 26
4 48 31
4 48 38
4 48 44
4 48 45
4 48 47
4 48 48
4 49 11
4 49 19
4 49 23
4 49 24
4 49 36
4 49 37
4 49 38
4 49 51
4 49 53
4 49 54
4 50 9
4 50 14
4 50 22
4 50 34
4 50 47
4 50 61
4 50 62
4 51 5
4 51 11
4 51 15
4 51 19
4 51 31
4 51 39
4 51 40
4 51 41
4 51 49
4 51 61
4 52 30
4 52 32
4 52 33
4 52 34
4 52 36
4 52 39
4 52 47
4 52 48
4 52 50
4 52 63
4 52 68
4 53 13
4 53 20
4 53 24
4 53 47
4 53 48
4 53 56
4 54 25
4 54 27
4 54 36
4 54 38
4 54 43
4 54 48
4 54 51
4 54 52
4 54 55
4 54 59
4 54 70
4 55 9
4 55 13
4 55 14
4 55 24
4 55 33
4 55 34
4 55 36
4 55 50
4 55 62
4 55 70
4 56 15
4 56 17
4 56 28
4 56 37
4 56 43
4 56 45
4 56 58
4 56 63
4 57 0
4 57 3
4 57 5
4 57 8
4 57 9
4 57 14
4 57 19
4 57 24
4 57 29
4 57 48
4 57 50
4 57 52
4 58 15
4 58 20
4 58 30
4 58 48
4 58 70
5 0 4
5 0 5
5 0 8
5 0 14
5 0 17
5 0 19
5 0 28
5 0 30
5 0 35
5 0 38
5 1 0
5 1 33
5 1 37
5 2 15
5 2 19
5 2 26
5 2 27
5 2 28
5 2 34
5 2 39
5 2 44
5 3 19
5 4 5
5 4 11
5 4 19
5 4 20
5 4 25
5 4 26
5 4 31
5 4 32
5 4 37
5 4 43
5 5 1
5 5 12
5 5 17
5 5 23
5 5 26
5 5 37
5 5 40
5 6 28
5 7 6
5 7 9
5 7 11
5 7 24
5 7 25
5 7 30
5 7 33
5 8 13
5 8 14
5 8 17
5 8 18
5 8 33
5 8 35
5 8 36
5 8 37
5 8 40
5 9 37
5 9 42
5 10 0
5 10 1
5 10 4
5 10 11
5 10 20
5 10 23
5 10 29
5 10 34
5 11 3
5 11 6
5 11 7
5 11 10
5 11 11
5 11 17
5 11 18
5 11 20
5 11 28
5 11 38
5 11 42
5 12 2
5 12 7
5 12 17
5 12 23
5 12 26
5 12 30
5 12 37
5 12 38
5 12 39
5 12 40
5 13 0
5 13 13
5 13 16
5 13 25
5 13 33
5 13 35
5 13 38
5 13 39
5 14 16
5 14 28
5 14 42
5 15 12
5 15 33
5 15 44
5 16 1
5 16 4
5 16 11
5 16 18
5 16 23
5 16 38
5 16 40
5 17 10
5 17 15
5 17 21
5 17 25
5 17 30
5 17 37
5 17 43
5 17 44
5 18 3
5 18 7
5 18 18
5 18 24
5 18 26
5 18 42
5 19 8
5 19 21
5 19 28
5 19 32
5 19 37
5 19 43
5 19 44
5 20 14
5 20 18
5 20 21
5 20 24
5 20 26
5 20 31
5 20 33
5 20 36
5 20 39
5 21 2
5 21 19
5 21 21
5 21 32
5 21 33
5 21 40
5 22 5
5 22 11
5 22 26
5 22 32
5 22 38
5 22 42
5 23 9
5 23 13
5 23 24
5 23 41
5 23 42
5 23 44
5 24 0
5 24 7
5 24 12
5 24 22
5 24 38
5 24 42
5 25 18
5 25 21
5 25 23
5 25 24
5 25 36
5 26 7
5 26 8
5 26 26
5 27 4
5 27 6
5 27 8
5 27 14
5 27 21
5 27 23
5 27 28
5 27 31
5 27 34
5 28 7
5 28 20
5 28 22
5 28 27
5 28 33
5 28 39
5 28 43
5 29 2
5 29 8
5 29 13
5 29 23
5 29 31
5 29 33
5 30 4
5 30 10
5 30 30
5 30 41
5 30 43
5 31 19
5 31 25
5 31 36
5 32 2
5 32 11
5 32 20
5 32 25
5 33 19
5 33 21
5 33 37
5 33 38
5 34 3
5 34 8
5 34 19
5 34 21
5 34 33
5 35 3
5 35 16
5 35 24
5 35 29
5 35 30
5 35 33
5 35 34
5 35 35
5 35 37
5 35 40
5 35 41
5 36 1
5 36 22
5 36 30
5 36 44
5 37 2
5 37 10
5 37 12
5 37 13
5 37 17
5 37 27
5 37 37
5 37 39
5 38 10
5 38 24
5 38 27
5 38 33
5 38 36
5 38 39
5 38 43
5 39 6
5 39 20
5 39 27
5 39 40
5 40 1
5 40 9
5 40 12
5 40 26
5 40 31
5 41 2
5 41 3
5 41 6
5 41 7
5 41 11
5 41 21
5 41 25
5 41 28
5 41 42
5 42 12
5 42 19
5 42 27
5 42 36
5 42 38
5 42 39
5 43 3
5 43 10
5 43 12
5 43 13
5 43 28
5 43 33
5 43 35
5 43 38
5 43 43
5 43 44
5 44 4
5 44 15
5 44 19
5 44 24
5 44 34
5 44 38
5 45 14
5 45 29
5 45 33
5 45 38
5 46 9
5 46 13
5 46 18
5 46 30
5 46 38
5 46 39
5 46 40
5 46 42
5 47 10
5 47 17
5 47 26
5 47 27
5 47 28
5 47 33
5 47 39
5 48 3
5 48 10
5 48 13
5 48 23
5 48 32
5 48 36
5 48 40
5 48 41
5 49 4
5 49 9
5 49 17
5 49 18
5 49 21
5 49 30
5 49 40
5 49 42
5 50 3
5 50 4
5 50 6
5 50 14
5 50 16
5 50 21
5 50 24
5 50 34
5 50 36
5 50 41
5 50 42
5 51 13
5 51 21
5 51 25
5 51 32
5 51 34
5 51 40
5 52 0
5 52 12
5 52 23
5 52 26
5 52 28
5 52 30
5 52 31
5 53 3
5 53 10
5 53 17
5 53 18
5 53 19
5 53 26
5 53 28
5 53 36
5 53 42
5 54 23
5 54 26
5 54 31
5 54 32
5 54 33
5 54 39
5 55 4
5 55 35
5 56 1
5 56 8
5 56 10
5 56 13
5 56 36
5 56 37
5 56 38
5 57 3
5 57 8
5 57 11
5 57 15
5 57 24
5 57 37
5 58 3
5 58 6
5 58 8
5 58 11
5 58 19
5 58 23
5 58 25
5 58 28
5 58 36
5 58 38
5 58 43
5 59 0
5 59 8
5 59 10
5 59 11
5 59 16
5 59 24
5 59 33
5 59 35
5 59 39
5 59 40
5 60 4
5 60 12
5 60 13
5 60 15
5 60 27
5 61 2
5 61 7
5 61 12
5 61 15
5 61 20
5 61 23
5 61 43
5 62 2
5 62 8
5 62 10
5 62 11
5 62 13
5 63 0
5 63 5
5 63 22
5 63 32
5 63 44
5 64 5
5 64 9
5 64 12
5 64 14
5 64 19
5 64 21
5 64 29
5 64 33
5 64 34
5 64 42
5 64 44
5 65 8
5 65 20
5 65 27
5 65 31
5 65 44
5 66 6
5 66 25
5 66 36
5 67 2
5 67 18
5 67 24
5 67 28
5 67 32
5 67 41
5 68 6
5 68 8
5 68 12
5 68 20
5 68 25
5 68 34
5 68 43
5 69 17
5 69 19
5 69 40
5 70 3
5 70 16
5 70 20
5 70 23
5 70 25
5 70 38
6 0 0
6 0 2
6 0 11
6 0 16
6 0 18
6 0 26
6 0 27
6 0 34
6 0 40
6 0 55
6 0 56
6 0 61
6 0 69
6 0 72
6 1 0
6 1 4
6 1 14
6 1 20
6 1 24
6 1 52
6 1 53
6 1 75
6 2 5
6 2 7
6 2 12
6 2 16
6 2 29
6 2 35
6 2 40
6 2 42
6 2 76
6 2 79
6 3 4
6 3 7
6 3 12
6 3 13
6 3 30
6 3 35
6 3 37
6 3 45
6 3 46
6 3 54
6 3 56
6 3 60
6 3 62
6 3 65
6 3 72
6 3 73
6 3 79
6 4 21
6 4 22
6 4 25
6 4 27
6 4 37
6 4 41
6 4 46
6 4 74
6 4 75
6 5 0
6 5 1
6 5 5
6 5 6
6 5 11
6 5 21
6 5 22
6 5 33
6 5 35
6 5 36
6 5 48
6 5 50
6 5 69
6 5 74
6 6 6
6 6 17
6 6 30
6 6 35
6 6 38
6 6 40
6 6 64
6 6 66
6 6 70
6 6 72
6 7 0
6 7 9
6 7 40
6 7 54
6 7 56
6 8 15
6 8 17
6 8 39
6 8 49
6 8 53
6 8 55
6 8 58
6 8 62
6 8 63
6 8 77
6 9 2
6 9 10
6 9 11
6 9 19
6 9 25
6 9 26
6 9 35
6 9 45
6 9 50
6 9 52
6 9 63
6 9 64
6 10 0
6 10 7
6 10 9
6 10 12
6 10 13
6 10 17
6 10 20
6 10 22
6 10 26
6 10 33
6 10 36
6 10 37
6 10 39
6 10 40
6 10 61
6 10 77
6 11 2
6 11 12
6 11 16
6 11 20
6 11 30
6 11 33
6 11 38
6 11 50
6 11 53
6 11 57
6 11 63
6 11 67
6 11 76
6 12 9
6 12 17
6 12 20
6 12 42
6 12 54
6 12 56
6 12 77
6 13 4
6 13 5
6 13 13
6 13 18
6 13 20
6 13 27
6 13 30
6 13 32
6 13 36
6 13 40
6 13 45
6 13 47
6 13 50
6 13 51
6 13 64
6 13 70
6 13 74
6 14 6
6 14 10
6 14 15
6 14 16
6 14 20
6 14 25
6 14 26
6 14 29
6 14 41
6 14 43
6 14 44
6 14 48
6 14 56
6 14 66
6 14 76
6 15 6
6 15 9
6 15 20
6 15 21
6 15 22
6 15 34
6 15 45
6 15 63
6 15 64
6 15 68
6 15 69
6 16 1
6 16 4
6 16 10
6 16 25
6 16 27
6 16 29
6 16 31
6 16 37
6 16 41
6 16 44
6 16 51
6 16 63
6 16 67
6 16 71
6 16 76
6 17 13
6 17 37
6 17 55
6 17 60
6 17 67
6 17 73
6 18 6
6 18 17
6 18 18
6 18 21
6 18 26
6 18 38
6 18 42
6 18 43
6 18 67
6 18 75
6 18 76
6 18 79
6 19 2
6 19 11
6 19 17
6 19 26
6 19 37
6 19 43
6 19 51
6 19 70
6 20 3
6 20 6
6 20 8
6 20 10
6 20 15
6 20 21
6 20 41
6 20 42
6 20 53
6 20 55
6 20 65
6 20 68
6 20 69
6 20 73
6 20 75
6 21 8
6 21 11
6 21 12
6 21 15
6 21 27
6 21 33
6 21 38
6 21 40
6 21 49
6 21 51
6 21 53
6 21 58
6 21 65
6 21 71
6 21 75
6 22 48
6 22 56
6 22 61
6 22 67
6 22 69
6 22 70
6 22 73
6 22 76
6 23 27
6 23 36
6 23 38
6 23 43
6 23 45
6 23 56
6 23 64
6 23 74
6 24 0
6 24 12
6 24 27
6 24 33
6 24 43
6 24 45
6 24 50
6 24 53
6 24 79
6 25 0
6 25 10
6 25 11
6 25 16
6 25 18
6 25 19
6 25 30
6 25 33
6 25 52
6 25 54
6 25 55
6 25 62
6 25 75
6 26 4
6 26 6
6 26 31
6 26 39
6 26 54
6 26 59
6 26 65
6 26 77
6 27 5
6 27 20
6 27 22
6 27 29
6 27 43
6 27 54
6 27 55
6 27 69
6 27 71
6 28 11
6 28 12
6 28 24
6 28 28
6 28 37
6 28 59
6 28 61
6 28 63
6 28 65
6 28 71
6 28 73
6 29 6
6 29 8
6 29 19
6 29 30
6 29 39
6 29 41
6 29 44
6 29 56
6 29 60
6 29 61
6 29 70
6 29 77
6 30 0
6 30 2
6 30 3
6 30 8
6 30 9
6 30 30
6 30 33
6 30 54
6 30 63
6 30 64
6 30 72
6 30 73
6 30 78
6 30 79
6 31 5
6 31 10
6 31 15
6 31 16
6 31 22
6 31 23
6 31 26
6 31 29
6 31 31
6 31 34
6 31 55
6 31 57
6 31 75
6 32 12
6 32 16
6 32 24
6 32 25
6 32 36
6 32 39
6 32 48
6 32 68
6 32 72
6 33 8
6 33 23
6 33 25
6 33 36
6 33 53
6 33 58
6 33 59
6 33 61
6 33 73
6 33 75
6 34 1
6 34 2
6 34 3
6 34 4
6 34 11
6 34 21
6 34 31
6 34 41
6 34 58
6 34 62
6 34 76
6 34 77
6 35 3
6 35 17
6 35 24
6 35 27
6 35 33
6 35 38
6 35 51
6 35 55
6 35 57
6 35 58
6 35 66
6 35 73
6 36 1
6 36 10
6 36 15
6 36 17
6 36 22
6 36 24
6 36 26
6 36 41
6 36 71
6 36 74
6 36 77
6 37 1
6 37 19
6 37 21
6 37 33
6 37 38
6 37 39
6 37 40
6 37 48
6 37 72
6 37 74
6 37 77
6 37 79
6 38 17
6 38 43
6 38 58
6 38 60
6 38 77
6 39 5
6 39 10
6 39 12
6 39 14
6 39 15
6 39 20
6 39 27
6 39 28
6 39 29
6 39 49
6 39 79
6 40 2
6 40 10
6 40 15
6 40 19
6 40 24
6 40 30
6 40 33
6 40 50
6 40 53
6 40 58
6 40 71
6 40 74
6 41 3
6 41 7
6 41 9
6 41 13
6 41 21
6 41 43
6 41 47
6 41 51
6 41 65
6 41 77
6 42 2
6 42 7
6 42 13
6 42 29
6 42 42
6 42 49
6 42 71
6 42 72
6 43 4
6 43 13
6 43 32
6 43 35
6 43 43
6 43 44
6 43 45
6 43 50
6 43 56
6 43 58
6 44 0
6 44 7
6 44 11
6 44 14
6 44 15
6 44 21
6 44 26
6 44 41
6 44 44
6 44 50
6 44 52
6 44 54
6 44 69
6 44 72