1089
10
40 63 41 38 52 42 47 37 44 46
3000

0 905 0 924 427 384 0 29 0 0 0 98 37 0 0 84 23 45 29 63 0 0 0 28 0 48 84 40 61 6 69 44 0 92 97 0 65 0 20 20
971 0 339 0 828 639 87 0 278 127 0 0 0 0 0 0 0 0 88 0 0 0 0 33 64 0 0 80 29 0 82 0 55 0 0 0 0 27 0 19 0 65 0 0 0 39 0 0 100 0 6 0 0 17 80 0 10 0 0 0 0 0 0
95 0 686 0 494 756 0 705 0 0 30 9 41 0 0 0 0 0 51 0 4 0 0 86 79 78 26 84 0 0 83 0 17 32 0 0 0 25 17 0 24
0 306 0 0 682 0 0 0 316 0 0 0 0 38 43 52 42 56 0 49 62 59 0 32 81 36 0 15 0 2 0 49 0 69 42 56 22 0
0 65 781 0 0 0 0 642 0 529 0 516 517 0 16 66 75 0 0 33 0 0 0 61 0 0 84 0 86 62 35 25 0 0 12 0 0 0 0 21 0 78 0 0 0 54 0 0 0 72 21 0
255 0 599 0 0 340 667 504 143 0 0 86 87 95 0 0 5 0 9 0 0 0 28 0 0 66 0 78 91 0 0 0 0 51 0 0 55 0 64 0 77 0
0 0 0 0 0 0 0 858 642 160 0 0 23 0 0 62 0 95 0 0 0 62 92 0 50 75 58 0 0 0 65 0 34 0 0 0 0 90 93 0 0 91 0 80 0 0 42
0 0 709 0 0 637 0 426 0 334 0 0 24 72 0 53 93 22 89 61 84 1 8 43 28 0 12 99 22 0 43 0 8 0 76 16 35
0 655 470 305 857 910 22 0 382 0 74 410 10 82 18 33 0 44 0 0 90 46 78 0 0 0 8 55 42 0 20 19 65 77 80 51 0 0 0 0 0 0 68 98
0 0 0 0 129 0 450 119 342 0 0 795 65 50 0 73 0 74 71 0 0 64 20 0 4 0 0 88 93 0 50 49 0 9 95 0 88 35 80 0 0 0 0 80 69 0

0 0 25
0 0 28
0 0 38
0 0 49
0 0 54
0 0 60
0 0 61
0 0 62
0 1 4
0 1 10
0 1 17
0 1 24
0 1 29
0 1 44
0 1 50
0 1 51
0 1 54
0 1 58
0 1 62
0 2 14
0 2 15
0 2 16
0 2 28
0 2 34
0 2 35
0 2 36
0 3 7
0 3 8
0 3 11
0 3 19
0 3 21
0 3 27
0 3 32
0 3 40
0 3 43
0 4 19
0 4 23
0 4 34
0 4 42
0 4 45
0 4 50
0 4 51
0 5 0
0 5 3
0 5 4
0 5 6
0 5 11
0 5 18
0 5 20
0 5 24
0 5 45
0 6 0
0 6 1
0 6 5
0 6 16
0 6 17
0 6 26
0 6 28
0 6 42
0 6 45
0 6 48
0 6 55
0 6 57
0 6 59
0 6 60
0 7 4
0 7 5
0 7 11
0 7 13
0 7 16
0 7 24
0 7 27
0 7 35
0 7 49
0 7 50
0 7 53
0 7 55
0 7 62
0 8 2
0 8 4
0 8 25
0 8 40
0 8 45
0 8 52
0 8 58
0 9 0
0 9 3
0 9 4
0 9 6
0 9 13
0 9 14
0 9 20
0 9 26
0 9 30
0 9 36
0 9 54
0 10 9
0 10 13
0 10 14
0 10 16
0 10 18
0 10 19
0 10 32
0 10 40
0 10 43
0 10 51
0 10 55
0 10 56
0 10 60
0 11 6
0 11 7
0 11 17
0 11 18
0 11 23
0 11 25
0 11 29
0 11 48
0 11 54
0 11 55
0 11 56
0 12 15
0 12 27
0 12 32
0 12 46
0 12 52
0 12 58
0 13 12
0 13 13
0 13 19
0 13 21
0 13 24
0 13 27
0 13 29
0 13 32
0 13 36
0 13 37
0 13 38
0 13 60
0 14 4
0 14 9
0 14 13
0 14 24
0 14 26
0 14 31
0 14 38
0 14 45
0 14 47
0 14 49
0 15 0
0 15 14
0 15 20
0 15 28
0 15 45
0 15 49
0 15 62
0 16 5
0 16 6
0 16 26
0 16 30
0 16 40
0 16 41
0 16 43
0 16 45
0 16 57
0 16 58
0 17 0
0 17 6
0 17 9
0 17 11
0 17 17
0 17 20
0 17 23
0 17 27
0 17 30
0 17 37
0 17 43
0 17 53
0 17 56
0 17 58
0 18 3
0 18 17
0 18 19
0 18 21
0 18 27
0 18 30
0 18 37
0 18 42
0 18 45
0 18 51
0 18 54
0 18 55
0 19 3
0 19 22
0 19 30
0 19 31
0 19 38
0 20 5
0 20 10
0 20 21
0 20 23
0 20 31
0 20 34
0 20 39
0 20 44
0 20 46
0 20 53
0 20 62
0 21 3
0 21 15
0 21 16
0 21 17
0 21 18
0 21 21
0 21 30
0 21 31
0 21 32
0 21 40
0 21 47
0 21 50
0 21 53
0 21 62
0 22 9
0 22 11
0 22 14
0 22 16
0 22 18
0 22 20
0 22 22
0 22 24
0 22 29
0 22 30
0 22 31
0 22 32
0 22 33
0 22 36
0 22 39
0 22 41
0 22 47
0 22 50
0 22 53
0 22 55
0 22 59
0 23 1
0 23 2
0 23 5
0 23 28
0 23 29
0 23 37
0 23 41
0 23 46
0 23 50
0 24 1
0 24 18
0 24 34
0 24 38
0 24 41
0 24 51
0 24 60
0 25 5
0 25 9
0 25 15
0 25 22
0 25 27
0 25 28
0 25 31
0 25 32
0 25 38
0 25 45
0 25 50
0 26 2
0 26 3
0 26 4
0 26 10
0 26 12
0 26 18
0 26 21
0 26 26
0 26 35
0 26 43
0 26 44
0 26 52
0 26 61
0 27 9
0 27 13
0 27 15
0 27 21
0 27 26
0 27 30
0 27 31
0 27 37
0 27 39
0 27 46
0 28 2
0 28 3
0 28 7
0 28 8
0 28 16
0 28 23
0 28 28
0 28 29
0 28 35
0 28 56
0 28 59
0 29 13
0 29 16
0 29 45
0 29 53
0 29 55
0 30 9
0 30 11
0 30 16
0 30 17
0 30 21
0 30 27
0 30 31
0 30 35
0 31 3
0 31 7
0 31 12
0 31 14
0 31 23
0 31 24
0 31 31
0 31 32
0 31 38
0 31 50
0 31 51
0 31 54
0 31 55
0 32 0
0 32 3
0 32 4
0 32 8
0 32 12
0 32 16
0 32 31
0 32 35
0 32 40
0 32 44
0 32 52
0 32 53
0 32 61
0 33 1
0 33 7
0 33 13
0 33 15
0 33 16
0 33 18
0 33 24
0 33 25
0 33 29
0 33 35
0 33 38
0 33 50
0 33 54
0 33 61
0 34 3
0 34 9
0 34 16
0 34 24
0 34 25
0 34 29
0 34 36
0 34 43
0 34 48
0 35 5
0 35 11
0 35 16
0 35 37
0 35 38
0 35 39
0 35 40
0 35 47
0 35 48
0 35 60
0 36 3
0 36 7
0 36 10
0 36 27
0 36 28
0 36 30
0 36 34
0 36 41
0 36 47
0 36 53
0 36 57
0 36 58
0 36 62
0 37 0
0 37 8
0 37 14
0 37 29
0 37 36
0 37 41
0 37 42
0 37 45
0 37 50
0 37 52
0 37 55
0 38 13
0 38 15
0 38 21
0 38 25
0 38 29
0 38 32
0 38 46
0 38 47
0 38 51
0 38 52
0 38 53
0 38 57
0 39 0
0 39 5
0 39 22
0 39 30
0 39 34
0 39 36
0 39 45
0 39 46
0 39 50
0 39 51
0 39 52
0 39 53
1 0 0
1 0 2
1 0 3
1 0 13
1 0 20
1 0 32
1 0 37
1 1 15
1 1 19
1 1 20
1 1 25
1 1 38
1 2 3
1 2 11
1 2 12
1 2 15
1 2 16
1 2 28
1 2 30
1 2 31
1 3 0
1 3 1
1 3 3
1 3 19
1 3 30
1 3 36
1 3 40
1 4 3
1 4 7
1 4 10
1 4 11
1 4 22
1 4 23
1 4 35
1 4 39
1 4 40
1 5 7
1 5 8
1 5 16
1 5 18
1 5 32
1 5 34
1 5 35
1 6 0
1 6 10
1 6 19
1 6 26
1 6 28
1 6 32
1 6 34
1 7 7
1 7 20
1 7 25
1 7 34
1 7 37
1 7 40
1 8 3
1 8 17
1 8 23
1 8 29
1 8 31
1 8 33
1 8 36
1 9 0
1 9 7
1 9 13
1 9 24
1 9 26
1 9 33
1 9 34
1 9 37
1 9 40
1 10 2
1 10 3
1 10 9
1 10 14
1 10 31
1 10 36
1 11 5
1 11 6
1 11 7
1 11 13
1 11 16
1 11 24
1 11 32
1 12 0
1 12 1
1 12 3
1 12 22
1 12 25
1 12 30
1 12 33
1 12 35
1 12 38
1 12 39
1 13 5
1 13 11
1 13 15
1 13 17
1 13 18
1 13 37
1 13 39
1 14 3
1 14 5
1 14 9
1 14 12
1 14 21
1 14 35
1 14 38
1 14 40
1 15 8
1 15 10
1 15 12
1 15 19
1 15 20
1 15 22
1 15 32
1 15 36
1 16 2
1 16 18
1 16 20
1 16 22
1 16 24
1 16 31
1 16 33
1 17 7
1 17 17
1 17 20
1 17 32
1 17 33
1 17 34
1 17 35
1 17 39
1 18 3
1 18 11
1 18 12
1 18 20
1 18 22
1 18 34
1 18 40
1 19 2
1 19 5
1 19 25
1 19 29
1 20 4
1 20 11
1 20 22
1 20 30
1 21 22
1 21 26
1 22 3
1 22 4
1 22 15
1 22 16
1 22 20
1 22 23
1 22 31
1 22 33
1 22 39
1 23 1
1 23 11
1 23 23
1 23 29
1 23 32
1 23 35
1 23 37
1 23 40
1 24 5
1 24 16
1 24 25
1 24 31
1 24 36
1 25 3
1 25 5
1 25 6
1 25 11
1 25 18
1 25 29
1 25 35
1 26 1
1 26 8
1 26 11
1 26 12
1 26 13
1 26 17
1 26 19
1 26 24
1 26 25
1 26 29
1 26 36
1 26 39
1 27 8
1 27 9
1 27 16
1 27 22
1 27 27
1 27 39
1 28 13
1 28 16
1 28 38
1 29 0
1 29 1
1 29 11
1 29 13
1 29 14
1 29 15
1 29 21
1 29 26
1 29 29
1 29 33
1 29 35
1 29 37
1 29 38
1 30 2
1 30 11
1 30 17
1 30 18
1 30 19
1 30 23
1 30 24
1 30 30
1 30 32
1 31 11
1 31 15
1 31 24
1 31 27
1 31 28
1 31 35
1 31 40
1 32 0
1 32 4
1 32 8
1 32 9
1 32 16
1 32 17
1 32 18
1 32 27
1 32 32
1 33 5
1 33 13
1 33 24
1 33 29
1 33 39
1 34 10
1 34 12
1 34 18
1 34 19
1 34 31
1 35 19
1 35 26
1 35 30
1 35 32
1 35 40
1 36 11
1 36 15
1 36 16
1 36 24
1 36 31
1 37 1
1 37 2
1 37 4
1 37 16
1 37 20
1 37 21
1 37 22
1 37 30
1 37 32
1 37 40
1 38 7
1 38 17
1 39 6
1 39 15
1 39 18
1 39 28
1 39 35
1 39 36
1 40 4
1 40 8
1 40 13
1 40 18
1 40 23
1 40 39
1 41 1
1 41 2
1 41 7
1 41 8
1 41 25
1 41 30
1 41 35
1 41 39
1 42 0
1 42 1
1 42 3
1 42 15
1 42 18
1 42 21
1 42 26
1 42 30
1 43 1
1 43 6
1 43 22
1 43 25
1 44 3
1 44 7
1 44 11
1 44 12
1 44 15
1 45 7
1 45 20
1 45 24
1 45 27
1 45 36
1 46 1
1 46 13
1 46 16
1 47 0
1 47 5
1 47 12
1 47 20
1 47 21
1 47 27
1 47 37
1 48 5
1 48 18
1 48 33
1 48 37
1 49 1
1 49 2
1 49 5
1 49 18
1 49 22
1 49 26
1 50 0
1 50 6
1 50 7
1 50 13
1 50 16
1 50 19
1 50 30
1 50 37
1 50 38
1 51 2
1 51 3
1 51 5
1 51 7
1 51 12
1 51 16
1 51 32
1 51 33
1 51 35
1 51 38
1 51 40
1 52 0
1 52 4
1 52 6
1 52 12
1 52 21
1 52 22
1 52 27
1 52 32
1 52 34
1 52 35
1 52 37
1 52 39
1 53 3
1 53 7
1 53 14
1 53 15
1 53 18
1 53 23
1 54 0
1 54 3
1 54 7
1 54 19
1 54 23
1 54 25
1 54 32
1 54 36
1 54 37
1 55 0
1 55 2
1 55 6
1 55 12
1 55 14
1 55 19
1 55 20
1 55 23
1 55 32
1 55 34
1 55 36
1 56 2
1 56 8
1 56 9
1 56 19
1 56 21
1 56 33
1 56 37
1 56 39
1 57 2
1 57 15
1 57 32
1 58 8
1 58 10
1 58 12
1 58 26
1 58 27
1 58 37
1 59 6
1 59 22
1 59 39
1 60 2
1 60 7
1 60 10
1 60 19
1 60 23
1 60 36
1 60 40
1 61 1
1 61 8
1 61 16
1 61 22
1 61 25
1 61 31
1 61 33
1 61 36
1 62 0
1 62 2
1 62 3
1 62 8
1 62 10
1 62 14
1 62 23
1 62 24
2 0 9
2 0 15
2 0 19
2 0 24
2 0 31
2 0 34
2 0 37
2 1 3
2 1 9
2 1 10
2 1 18
2 1 20
2 1 22
2 1 27
2 1 29
2 1 34
2 1 35
2 2 16
2 2 19
2 2 20
2 2 31
2 2 33
2 3 4
2 3 8
2 3 9
2 3 11
2 3 19
2 3 21
2 3 31
2 4 6
2 4 7
2 4 9
2 4 15
2 4 19
2 4 24
2 4 31
2 4 37
2 5 11
2 5 17
2 5 18
2 5 25
2 5 29
2 6 4
2 6 6
2 6 7
2 6 8
2 6 18
2 6 19
2 6 21
2 6 25
2 6 30
2 6 32
2 6 33
2 6 35
2 7 0
2 7 6
2 7 8
2 7 17
2 7 21
2 7 25
2 7 35
2 8 1
2 8 4
2 8 9
2 8 11
2 8 17
2 8 19
2 8 24
2 8 36
2 9 15
2 9 29
2 10 4
2 10 5
2 10 8
2 10 17
2 10 28
2 10 36
2 11 1
2 11 2
2 11 12
2 11 15
2 11 23
2 11 27
2 11 35
2 12 19
2 12 22
2 12 25
2 12 29
2 13 24
2 13 32
2 14 10
2 14 21
2 14 33
2 15 15
2 15 29
2 15 34
2 15 35
2 15 37
2 16 0
2 16 9
2 16 13
2 16 26
2 16 28
2 16 33
2 17 1
2 17 7
2 17 17
2 17 32
2 17 36
2 18 8
2 18 10
2 18 14
2 18 16
2 18 27
2 18 34
2 19 8
2 19 16
2 19 18
2 19 23
2 19 30
2 20 1
2 20 5
2 20 7
2 20 8
2 20 18
2 20 22
2 20 31
2 20 33
2 20 35
2 21 16
2 21 21
2 21 27
2 21 30
2 21 33
2 21 36
2 22 4
2 22 5
2 22 6
2 22 29
2 22 34
2 23 1
2 23 5
2 23 12
2 23 18
2 23 26
2 23 27
2 23 28
2 24 5
2 24 6
2 24 7
2 24 13
2 24 19
2 24 24
2 24 26
2 24 31
2 24 37
2 25 22
2 25 26
2 26 2
2 26 11
2 26 12
2 26 14
2 26 24
2 26 35
2 26 37
2 27 1
2 27 3
2 27 7
2 27 18
2 27 20
2 27 22
2 27 23
2 27 26
2 27 27
2 27 29
2 27 31
2 27 34
2 28 3
2 28 26
2 28 30
2 29 1
2 29 6
2 29 7
2 29 21
2 29 22
2 29 25
2 29 28
2 29 34
2 30 2
2 30 9
2 30 16
2 30 21
2 30 27
2 30 35
2 31 10
2 31 14
2 31 23
2 31 25
2 32 5
2 32 19
2 32 20
2 33 3
2 33 11
2 33 14
2 33 22
2 33 23
2 33 28
2 33 29
2 34 8
2 34 11
2 34 17
2 34 31
2 35 6
2 35 10
2 35 15
2 35 25
2 35 29
2 35 31
2 35 33
2 35 36
2 36 2
2 36 5
2 36 22
2 36 33
2 36 35
2 37 13
2 37 14
2 37 35
2 37 36
2 38 3
2 38 10
2 38 12
2 38 31
2 38 35
2 39 6
2 39 9
2 39 12
2 39 21
2 39 27
2 39 30
2 39 31
2 40 4
2 40 6
2 40 9
2 40 13
2 40 37
3 0 6
3 0 7
3 0 8
3 0 9
3 0 11
3 0 17
3 0 19
3 0 27
3 0 33
3 0 43
3 0 46
3 1 6
3 1 12
3 1 16
3 1 18
3 1 24
3 1 30
3 1 35
3 1 36
3 1 37
3 1 38
3 1 44
3 1 47
3 2 8
3 2 11
3 2 15
3 2 22
3 2 26
3 2 30
3 2 37
3 2 50
3 3 3
3 3 4
3 3 14
3 3 25
3 3 28
3 3 29
3 3 31
3 3 36
3 3 39
3 3 45
3 3 46
3 3 47
3 4 20
3 4 45
3 5 8
3 5 17
3 5 19
3 5 25
3 5 29
3 5 34
3 5 38
3 5 42
3 5 45
3 5 46
3 6 0
3 6 21
3 6 22
3 6 38
3 6 41
3 6 44
3 6 46
3 7 4
3 7 17
3 7 22
3 7 24
3 7 25
3 7 28
3 7 38
3 7 39
3 7 50
3 8 1
3 8 3
3 8 16
3 8 17
3 8 19
3 8 23
3 8 24
3 8 25
3 8 28
3 8 31
3 8 48
3 8 49
3 9 4
3 9 5
3 9 13
3 9 20
3 9 28
3 9 29
3 9 30
3 9 32
3 9 39
3 9 44
3 10 2
3 10 3
3 10 5
3 10 10
3 10 11
3 10 21
3 10 22
3 10 24
3 10 29
3 10 30
3 10 34
3 10 38
3 10 40
3 10 49
3 10 50
3 11 3
3 11 4
3 11 11
3 11 22
3 11 33
3 11 40
3 11 46
3 12 14
3 12 17
3 12 24
3 12 30
3 12 41
3 12 49
3 13 1
3 13 3
3 13 4
3 13 14
3 13 18
3 13 20
3 13 23
3 13 33
3 13 36
3 13 41
3 13 48
3 13 49
3 14 5
3 14 11
3 14 13
3 14 29
3 14 34
3 14 46
3 14 51
3 15 8
3 15 19
3 15 21
3 15 26
3 15 29
3 15 32
3 15 34
3 15 39
3 15 43
3 15 51
3 16 13
3 16 17
3 16 18
3 16 19
3 16 24
3 16 27
3 16 39
3 16 49
3 17 3
3 17 11
3 17 18
3 17 22
3 17 28
3 17 35
3 17 40
3 18 3
3 18 14
3 18 25
3 18 29
3 18 31
3 18 33
3 18 50
3 19 0
3 19 2
3 19 4
3 19 9
3 19 14
3 19 18
3 19 20
3 19 22
3 19 27
3 19 30
3 19 39
3 19 42
3 19 47
3 19 49
3 20 0
3 20 1
3 20 2
3 20 20
3 20 25
3 20 32
3 20 34
3 20 38
3 21 9
3 21 10
3 21 24
3 21 36
3 21 37
3 21 38
3 21 40
3 21 46
3 21 50
3 22 5
3 22 6
3 22 16
3 22 18
3 22 22
3 22 33
3 22 36
3 22 48
3 23 2
3 23 3
3 23 27
3 23 29
3 23 36
3 23 42
3 23 45
3 24 0
3 24 6
3 24 9
3 24 15
3 24 33
3 25 2
3 25 12
3 25 19
3 25 21
3 25 22
3 25 24
3 25 49
3 25 50
3 25 51
3 26 3
3 26 14
3 26 17
3 26 32
3 26 34
3 26 35
3 26 40
3 26 48
3 27 3
3 27 4
3 27 21
3 27 32
3 27 34
3 27 38
3 27 40
3 28 8
3 28 15
3 28 18
3 28 25
3 28 31
3 28 39
3 29 1
3 29 4
3 29 10
3 29 15
3 29 20
3 29 21
3 29 35
3 29 36
3 29 37
3 29 41
3 29 46
3 30 13
3 30 20
3 31 1
3 31 9
3 31 13
3 31 14
3 31 17
3 31 18
3 31 27
3 31 34
3 31 38
3 31 42
3 31 45
3 31 51
3 32 7
3 32 15
3 32 21
3 32 26
3 32 27
3 32 29
3 32 33
3 32 41
3 32 44
3 32 48
3 32 49
3 33 1
3 33 4
3 33 5
3 33 15
3 33 18
3 33 25
3 34 3
3 34 6
3 34 9
3 34 10
3 34 16
3 34 17
3 34 28
3 34 31
3 34 36
3 34 37
3 34 47
3 35 2
3 35 6
3 35 8
3 35 16
3 35 24
3 35 34
3 35 48
3 35 50
3 36 0
3 36 1
3 36 6
3 36 11
3 36 23
3 36 26
3 36 36
3 36 37
3 36 39
3 36 42
3 37 5
3 37 13
3 37 21
3 37 34
3 37 36
4 0 4
4 0 16
4 0 17
4 0 20
4 0 33
4 1 3
4 1 4
4 1 5
4 2 10
4 2 13
4 2 14
4 2 21
4 2 25
4 2 28
4 2 33
4 2 35
4 2 38
4 2 41
4 3 5
4 3 7
4 3 8
4 3 10
4 3 20
4 3 23
4 3 33
4 3 36
4 4 1
4 4 9
4 4 12
4 4 22
4 5 0
4 5 7
4 5 15
4 5 17
4 5 20
4 5 23
4 5 24
4 5 27
4 5 28
4 5 40
4 6 3
4 6 23
4 6 31
4 6 40
4 7 11
4 7 17
4 7 20
4 7 21
4 7 27
4 7 28
4 7 30
4 7 34
4 7 37
4 7 39
4 8 6
4 8 10
4 8 15
4 8 20
4 8 26
4 8 29
4 8 30
4 8 32
4 9 11
4 9 24
4 9 27
4 9 34
4 9 36
4 10 4
4 10 11
4 10 14
4 10 19
4 10 34
4 11 3
4 11 7
4 11 8
4 11 18
4 11 19
4 11 20
4 11 23
4 11 25
4 11 30
4 12 6
4 12 17
4 12 18
4 12 20
4 12 35
4 12 37
4 13 2
4 13 6
4 13 17
4 13 30
4 13 37
4 14 2
4 14 9
4 14 10
4 14 18
4 14 22
4 14 34
4 14 36
4 14 37
4 14 40
4 15 2
4 15 10
4 15 18
4 15 29
4 15 40
4 16 14
4 16 25
4 16 29
4 17 2
4 17 7
4 17 13
4 17 14
4 17 17
4 17 19
4 17 26
4 17 32
4 17 39
4 17 40
4 18 3
4 18 8
4 18 10
4 18 13
4 18 14
4 18 16
4 18 27
4 18 35
4 19 1
4 19 18
4 19 21
4 19 23
4 19 29
4 19 37
4 19 41
4 20 9
4 20 11
4 20 14
4 20 19
4 20 21
4 20 24
4 21 3
4 21 11
4 21 22
4 21 26
4 21 29
4 21 41
4 22 1
4 22 9
4 22 11
4 22 30
4 22 39
4 23 1
4 23 7
4 23 12
4 23 19
4 23 20
4 23 27
4 23 34
4 23 40
4 24 12
4 24 17
4 24 25
4 24 26
4 24 29
4 24 33
4 25 0
4 25 8
4 25 10
4 25 17
4 25 28
4 25 29
4 25 33
4 25 35
4 25 39
4 26 5
4 26 6
4 26 12
4 26 15
4 26 16
4 26 19
4 26 31
4 26 39
4 27 7
4 27 9
4 27 16
4 27 18
4 27 23
4 27 29
4 27 41
4 28 9
4 28 13
4 28 22
4 28 24
4 28 26
4 28 28
4 28 35
4 29 2
4 29 3
4 29 9
4 29 22
4 29 32
4 29 33
4 30 3
4 30 4
4 30 32
4 30 35
4 30 40
4 31 1
4 31 12
4 31 15
4 31 18
4 31 28
4 31 29
4 31 32
4 31 36
4 32 5
4 32 17
4 32 25
4 32 37
4 32 38
4 33 8
4 33 12
4 33 18
4 33 29
4 33 32
4 33 37
4 33 40
4 34 1
4 34 4
4 34 11
4 34 19
4 34 20
4 34 24
4 34 37
4 34 39
4 35 14
4 35 20
4 35 28
4 35 35
4 36 5
4 36 10
4 36 12
4 36 17
4 36 20
4 36 21
4 36 26
4 36 33
4 36 34
4 36 40
4 37 2
4 37 6
4 37 17
4 37 23
4 37 26
4 37 27
4 37 30
4 37 40
4 38 0
4 38 4
4 38 30
4 38 36
4 38 39
4 38 41
4 39 14
4 39 18
4 39 19
4 39 37
4 39 41
4 40 5
4 40 24
4 40 35
4 40 39
4 41 8
4 41 18
4 41 22
4 41 34
4 41 36
4 41 39
4 42 0
4 42 4
4 42 7
4 42 8
4 42 10
4 42 16
4 42 17
4 42 20
4 42 22
4 42 25
4 42 32
4 42 35
4 43 15
4 43 18
4 43 23
4 43 26
4 43 28
4 43 38
4 44 5
4 44 6
4 44 14
4 44 15
4 44 16
4 44 18
4 44 25
4 44 29
4 44 41
4 45 4
4 45 5
4 45 21
4 45 22
4 45 24
4 45 27
4 45 34
4 45 41
4 46 2
4 46 10
4 46 13
4 46 17
4 46 21
4 46 23
4 46 25
4 46 39
4 47 0
4 47 2
4 47 4
4 47 5
4 47 6
4 47 10
4 47 18
4 47 19
4 47 29
4 47 30
4 47 32
4 47 33
4 48 18
4 48 25
4 48 26
4 48 34
4 48 36
4 48 37
4 49 9
4 49 13
4 49 18
4 49 23
4 49 25
4 49 36
4 50 2
4 50 33
4 50 35
4 51 1
4 51 4
4 51 20
4 51 22
4 51 28
4 51 30
4 51 31
4 51 38
5 0 16
5 0 22
5 0 32
5 0 37
5 0 45
5 1 3
5 1 4
5 1 8
5 1 22
5 1 29
5 1 37
5 1 45
5 2 7
5 2 17
5 2 26
5 3 8
5 3 11
5 3 14
5 3 19
5 3 24
5 3 32
5 3 41
5 4 2
5 4 4
5 4 9
5 4 14
5 4 24
5 5 1
5 5 2
5 5 3
5 5 9
5 5 16
5 5 20
5 5 22
5 5 38
5 6 7
5 6 20
5 6 21
5 6 32
5 6 34
5 6 39
5 6 46
5 7 0
5 7 2
5 7 6
5 7 7
5 7 9
5 7 18
5 7 21
5 7 23
5 7 33
5 7 34
5 8 15
5 8 17
5 8 20
5 8 28
5 8 29
5 8 39
5 8 45
5 9 9
5 9 10
5 9 11
5 9 16
5 9 27
5 9 28
5 9 32
5 9 38
5 10 2
5 10 6
5 10 7
5 10 10
5 10 13
5 10 16
5 10 27
5 10 31
5 10 35
5 11 1
5 11 9
5 11 11
5 11 15
5 11 20
5 11 28
5 11 29
5 11 43
5 11 45
5 12 4
5 12 5
5 12 16
5 12 19
5 12 28
5 12 39
5 12 40
5 13 0
5 13 3
5 13 16
5 13 17
5 13 31
5 13 34
5 13 36
5 13 38
5 14 0
5 14 6
5 14 8
5 14 13
5 14 21
5 15 2
5 15 9
5 15 16
5 15 20
5 15 28
5 15 36
5 15 38
5 15 45
5 16 9
5 16 16
5 16 32
5 16 41
5 16 46
5 17 12
5 17 18
5 17 21
5 17 26
5 17 27
5 17 29
5 17 30
5 17 31
5 17 33
5 17 35
5 17 46
5 18 28
5 18 41
5 19 6
5 19 8
5 19 9
5 19 29
5 19 36
5 19 43
5 19 45
5 20 12
5 20 16
5 20 25
5 20 33
5 20 43
5 21 3
5 21 7
5 21 9
5 21 11
5 21 21
5 21 25
5 21 35
5 21 45
5 22 3
5 22 5
5 22 19
5 22 20
5 22 28
5 22 29
5 22 45
5 23 5
5 23 7
5 23 33
5 24 6
5 24 7
5 24 14
5 24 15
5 24 16
5 24 18
5 24 29
5 24 30
5 25 1
5 25 2
5 25 3
5 25 7
5 25 10
5 25 18
5 25 26
5 25 33
5 25 36
5 25 37
5 25 40
5 25 41
5 26 2
5 26 3
5 26 8
5 26 11
5 26 21
5 26 22
5 26 28
5 26 29
5 26 31
5 26 38
5 27 6
5 27 7
5 27 9
5 27 12
5 27 23
5 27 26
5 27 30
5 27 32
5 27 37
5 28 6
5 28 26
5 28 37
5 28 40
5 28 41
5 28 43
5 29 2
5 29 9
5 29 15
5 29 18
5 29 20
5 29 21
5 29 31
5 29 41
5 29 46
5 30 0
5 30 4
5 30 5
5 30 10
5 30 17
5 30 20
5 30 25
5 30 27
5 30 38
5 30 40
5 30 46
5 31 22
5 31 25
5 31 26
5 31 30
5 31 31
5 31 33
5 31 41
5 31 45
5 32 18
5 32 20
5 32 31
5 32 33
5 32 45
5 33 4
5 33 20
5 33 25
5 33 31
5 33 34
5 33 42
5 34 2
5 34 8
5 34 11
5 34 25
5 34 31
5 34 33
5 34 45
5 35 4
5 35 8
5 35 22
5 35 26
5 35 34
5 35 37
5 36 10
5 36 17
5 36 19
5 36 26
5 36 27
5 36 36
5 36 43
5 36 45
5 37 9
5 37 17
5 37 25
5 37 26
5 37 34
5 37 36
5 38 3
5 38 25
5 38 29
5 38 35
5 39 0
5 39 2
5 39 8
5 39 9
5 39 12
5 39 16
5 39 38
5 39 46
5 40 3
5 40 19
5 40 32
5 40 35
5 40 37
5 40 43
5 40 45
5 41 0
5 41 5
5 41 6
5 41 12
5 41 19
5 41 20
5 41 25
5 41 31
5 41 34
5 41 35
5 41 41
5 41 42
5 41 45
6 1 2
6 1 14
6 1 21
6 1 24
6 1 31
6 2 16
6 2 18
6 2 19
6 3 21
6 4 6
6 4 13
6 4 23
6 5 1
6 5 6
6 5 24
6 5 31
6 6 2
6 6 4
6 6 5
6 6 11
6 6 18
6 6 19
6 6 20
6 6 27
6 6 28
6 6 34
6 6 35
6 7 0
6 7 2
6 7 11
6 8 16
6 8 17
6 8 25
6 8 32
6 8 35
6 9 3
6 9 11
6 9 14
6 9 26
6 9 27
6 9 31
6 9 32
6 9 36
6 10 2
6 10 4
6 10 14
6 10 18
6 10 26
6 10 35
6 10 36
6 11 5
6 11 8
6 11 15
6 11 20
6 11 25
6 11 35
6 11 36
6 12 1
6 12 9
6 12 14
6 12 15
6 12 20
6 12 27
6 12 31
6 12 34
6 13 3
6 13 30
6 14 3
6 14 13
6 14 14
6 14 18
6 14 21
6 14 23
6 14 25
6 14 26
6 15 3
6 15 18
6 15 22
6 15 23
6 15 24
6 15 25
6 15 27
6 15 29
6 15 32
6 16 22
6 16 34
6 17 2
6 17 8
6 17 12
6 17 13
6 17 16
6 17 19
6 17 26
6 17 27
6 17 28
6 17 33
6 18 7
6 18 13
6 18 23
6 19 8
6 19 12
6 19 16
6 19 19
6 19 25
6 19 26
6 19 27
6 19 29
6 19 31
6 19 36
6 20 7
6 20 21
6 20 22
6 20 24
6 20 25
6 20 28
6 20 35
6 21 0
6 21 10
6 21 16
6 21 18
6 21 22
6 21 27
6 21 28
6 21 30
6 21 36
6 22 7
6 22 13
6 22 20
6 22 27
6 22 33
6 23 2
6 23 4
6 23 5
6 23 15
6 23 16
6 23 18
6 23 20
6 23 26
6 23 29
6 23 30
6 23 31
6 23 36
6 24 12
6 24 20
6 24 25
6 25 7
6 25 17
6 25 22
6 25 24
6 26 6
6 26 8
6 26 10
6 26 12
6 26 13
6 26 23
6 26 28
6 26 30
6 26 34
6 27 4
6 27 8
6 27 14
6 27 22
6 27 26
6 28 4
6 28 6
6 28 12
6 28 18
6 28 20
6 28 22
6 28 30
6 28 32
6 29 2
6 29 9
6 29 23
6 29 25
6 29 33
6 30 0
6 30 14
6 30 21
6 30 23
6 30 33
6 31 4
6 31 7
6 31 16
6 31 21
6 31 23
6 31 32
6 31 33
6 32 1
6 32 2
6 32 3
6 32 7
6 32 19
6 32 20
6 32 29
6 32 36
6 33 0
6 33 1
6 33 2
6 33 9
6 33 23
6 33 30
6 33 31
6 33 36
6 34 0
6 34 6
6 34 16
6 34 22
6 34 31
6 35 13
6 35 19
6 35 21
6 35 26
6 35 34
6 36 3
6 36 7
6 36 16
6 36 23
6 36 35
6 37 2
6 37 11
6 37 13
6 37 16
6 37 20
6 37 23
6 37 25
6 38 2
6 38 13
6 38 17
6 38 18
6 38 35
6 39 2
6 39 9
6 39 11
6 39 14
6 39 18
6 39 20
6 39 21
6 39 27
6 39 29
6 39 32
6 39 36
6 40 4
6 40 5
6 40 10
6 40 14
6 40 18
6 40 20
6 40 21
6 41 4
6 41 15
6 41 19
6 41 20
6 41 29
6 41 31
6 42 3
6 42 7
6 42 14
6 42 24
6 42 29
6 43 1
6 43 3
6 43 10
6 43 14
6 43 15
6 43 31
6 43 33
6 43 36
6 44 3
6 44 6
6 44 7
6 44 20
6 44 26
6 44 32
6 45 14
6 45 15
6 45 22
6 45 25
6 46 1
6 46 8
6 46 22
6 46 34
6 46 35
7 0 3
7 0 21
7 0 22
7 0 23
7 0 24
7 0 25
7 0 35
7 0 37
7 0 40
7 1 4
7 1 21
7 1 24
7 1 28
7 1 30
7 1 37
7 2 0
7 2 1
7 2 9
7 2 13
7 2 14
7 2 16
7 2 25
7 2 29
7 2 35
7 2 43
7 3 3
7 3 8
7 3 12
7 3 23
7 3 27
7 3 28
7 3 29
7 3 43
7 4 2
7 4 6
7 4 8
7 4 9
7 4 12
7 4 13
7 4 15
7 4 24
7 4 26
7 4 32
7 4 34
7 4 36
7 5 1
7 5 12
7 5 14
7 5 15
7 5 22
7 6 5
7 6 12
7 6 17
7 6 18
7 6 20
7 6 24
7 6 28
7 6 29
7 6 31
7 7 2
7 7 14
7 7 15
7 7 36
7 7 37
7 7 40
7 8 0
7 8 10
7 8 14
7 8 15
7 8 21
7 8 25
7 8 31
7 8 32
7 8 33
7 8 35
7 8 37
7 8 38
7 9 3
7 9 14
7 9 26
7 9 31
7 9 36
7 9 38
7 10 7
7 10 12
7 10 16
7 10 17
7 10 24
7 10 29
7 10 30
7 10 32
7 10 37
7 10 43
7 11 3
7 11 5
7 11 10
7 11 11
7 11 16
7 11 25
7 11 32
7 11 33
7 11 40
7 11 42
7 12 6
7 12 8
7 12 10
7 12 12
7 12 18
7 12 26
7 12 32
7 12 37
7 12 39
7 12 41
7 13 10
7 13 11
7 13 14
7 13 16
7 13 26
7 13 28
7 13 30
7 13 36
7 13 41
7 14 4
7 14 19
7 14 20
7 14 31
7 14 32
7 14 38
7 14 41
7 15 0
7 15 5
7 15 6
7 15 10
7 15 11
7 15 18
7 15 19
7 15 32
7 15 39
7 16 3
7 16 19
7 16 21
7 16 31
7 16 34
7 16 37
7 16 38
7 16 41
7 16 43
7 17 2
7 17 10
7 17 12
7 17 13
7 17 17
7 17 18
7 17 20
7 17 25
7 17 36
7 17 37
7 17 38
7 17 40
7 17 42
7 18 24
7 18 27
7 18 42
7 19 5
7 19 16
7 19 18
7 19 22
7 19 24
7 19 26
7 19 34
7 19 42
7 20 5
7 20 15
7 20 21
7 20 34
7 20 40
7 21 8
7 21 17
7 21 18
7 21 30
7 21 31
7 21 35
7 21 36
7 22 2
7 22 8
7 22 11
7 22 16
7 22 21
7 22 22
7 22 25
7 22 27
7 22 40
7 23 2
7 23 8
7 23 12
7 23 24
7 23 25
7 23 30
7 23 31
7 23 32
7 24 3
7 24 12
7 24 16
7 24 25
7 24 31
7 24 36
7 24 38
7 25 3
7 25 6
7 25 15
7 25 18
7 25 23
7 25 31
7 25 36
7 25 37
7 25 38
7 25 41
7 26 5
7 26 6
7 26 10
7 26 11
7 26 15
7 26 20
7 26 21
7 26 28
7 26 33
7 26 36
7 26 38
7 26 43
7 27 7
7 27 13
7 27 17
7 27 22
7 27 27
7 27 38
7 27 39
7 28 1
7 28 2
7 28 20
7 28 22
7 28 33
7 28 34
7 28 37
7 29 3
7 29 5
7 29 6
7 29 9
7 29 11
7 29 12
7 29 14
7 29 28
7 29 34
7 29 39
7 29 42
7 30 0
7 30 11
7 30 33
7 30 39
7 31 7
7 31 8
7 31 11
7 31 21
7 31 28
7 31 29
7 31 30
7 31 37
7 31 38
7 32 6
7 32 7
7 32 12
7 32 19
7 32 27
7 32 43
7 33 0
7 33 3
7 33 5
7 33 6
7 33 13
7 33 28
7 33 32
7 34 2
7 34 16
7 34 19
7 34 21
7 34 23
7 34 32
7 34 36
7 34 37
7 35 28
7 35 38
7 36 2
7 36 5
7 36 18
7 36 24
7 36 33
7 36 36
7 36 38
7 36 42
8 0 10
8 0 14
8 0 31
8 1 9
8 1 17
8 1 18
8 1 23
8 1 24
8 1 25
8 1 26
8 1 28
8 1 36
8 1 42
8 1 44
8 2 2
8 2 3
8 2 10
8 2 13
8 2 26
8 2 30
8 2 32
8 2 38
8 2 39
8 3 1
8 3 8
8 3 10
8 3 13
8 3 16
8 3 19
8 3 22
8 4 24
8 4 28
8 4 41
8 5 11
8 5 12
8 5 15
8 5 18
8 5 19
8 5 44
8 6 4
8 6 5
8 6 9
8 6 11
8 6 15
8 6 19
8 6 27
8 6 28
8 6 36
8 6 37
8 6 38
8 6 44
8 7 1
8 7 3
8 7 10
8 7 12
8 7 14
8 7 18
8 7 24
8 7 27
8 7 38
8 7 41
8 7 45
8 8 2
8 8 4
8 8 5
8 8 11
8 8 15
8 8 17
8 8 29
8 8 36
8 8 44
8 9 2
8 9 10
8 9 17
8 9 19
8 9 23
8 9 27
8 9 30
8 10 14
8 10 29
8 10 34
8 10 40
8 10 41
8 11 10
8 11 12
8 11 23
8 11 28
8 11 40
8 11 45
8 12 1
8 12 12
8 12 13
8 12 21
8 12 22
8 12 38
8 13 8
8 13 27
8 13 36
8 13 40
8 13 43
8 13 44
8 14 0
8 14 4
8 14 5
8 14 7
8 14 8
8 14 18
8 14 30
8 14 34
8 14 35
8 15 1
8 15 2
8 15 4
8 15 5
8 15 6
8 15 8
8 15 30
8 15 34
8 15 41
8 16 0
8 16 8
8 16 11
8 16 12
8 16 18
8 16 25
8 16 44
8 17 1
8 17 4
8 17 7
8 17 8
8 17 9
8 17 14
8 17 22
8 17 23
8 17 31
8 17 32
8 17 42
8 18 1
8 18 7
8 18 9
8 18 10
8 18 12
8 18 13
8 18 19
8 18 20
8 18 32
8 18 37
8 18 38
8 18 39
8 18 42
8 19 25
8 19 31
8 19 38
8 19 42
8 20 1
8 20 7
8 20 21
8 20 22
8 20 25
8 20 26
8 20 42
8 21 13
8 21 18
8 21 24
8 21 25
8 21 35
8 21 43
8 22 1
8 22 28
8 22 30
8 22 32
8 22 36
8 22 39
8 22 41
8 22 42
8 23 12
8 23 16
8 23 21
8 23 28
8 23 33
8 23 34
8 23 39
8 24 5
8 24 11
8 24 12
8 24 15
8 24 27
8 24 35
8 24 40
8 24 41
8 25 10
8 25 11
8 25 19
8 25 29
8 25 40
8 25 44
8 26 11
8 26 15
8 26 17
8 26 19
8 26 37
8 26 41
8 26 42
8 26 43
8 27 15
8 27 19
8 27 23
8 27 28
8 27 29
8 27 32
8 27 38
8 28 11
8 28 12
8 28 13
8 28 14
8 28 29
8 28 37
8 28 45
8 29 5
8 29 16
8 29 23
8 29 31
8 29 33
8 29 45
8 30 4
8 30 17
8 30 19
8 30 20
8 30 30
8 30 33
8 31 3
8 31 8
8 31 18
8 31 31
8 31 39
8 31 40
8 32 7
8 32 8
8 32 9
8 32 10
8 32 11
8 32 14
8 32 22
8 32 28
8 32 37
8 33 9
8 33 12
8 33 15
8 33 17
8 33 38
8 33 45
8 34 2
8 34 3
8 34 4
8 34 7
8 34 15
8 34 19
8 34 24
8 34 25
8 34 27
8 34 29
8 34 32
8 34 38
8 34 40
8 34 42
8 34 45
8 35 14
8 35 26
8 35 39
8 35 40
8 35 42
8 36 2
8 36 15
8 36 18
8 36 31
8 36 39
8 36 41
8 36 42
8 36 44
8 36 45
8 37 4
8 37 5
8 37 12
8 37 14
8 37 16
8 37 19
8 37 26
8 38 2
8 38 10
8 38 14
8 38 18
8 38 21
8 38 22
8 38 23
8 38 25
8 38 27
8 38 37
8 38 40
8 38 43
8 39 2
8 39 5
8 39 15
8 39 16
8 39 21
8 39 23
8 39 28
8 39 30
8 39 35
8 39 42
8 40 0
8 40 6
8 40 7
8 40 15
8 40 21
8 40 24
8 40 44
8 41 2
8 41 8
8 41 10
8 41 28
8 42 1
8 42 15
8 42 20
8 43 21
8 43 24
8 43 33
8 43 35
8 43 43