910
22
21 25 33 16 17 19 27 20 23 20 16 19 22 18 25 16 20 16 20 20 19 18
3000

756 495 0 0 24 720 5 0 0 70 64 0 0 78 0 43 0 0 49 8 0
901 379 0 0 0 0 37 21 0 0 0 0 0 66 0 0 92 49 58 11 0 77 0 49 0
0 0 842 201 752 0 499 188 0 0 0 0 0 0 0 99 0 51 92 0 88 47 97 5 37 84 28 0 20 17 52 0 5
0 0 0 565 609 0 79 0 53 41 16 46 0 0 0 13
0 0 527 856 0 80 0 17 0 17 0 0 86 5 69 0 0
0 0 0 0 565 0 63 0 0 0 29 0 0 88 68 0 0 0 47
0 0 0 762 861 669 0 0 63 73 98 100 0 7 0 0 3 12 84 0 0 87 54 0 85 12 48
0 0 0 788 0 0 100 0 44 21 79 0 0 0 38 0 15 85 0 66
25 0 595 864 0 0 58 0 10 79 0 39 87 60 54 0 0 50 44 60 0 0 0
231 948 353 0 0 651 0 36 0 66 0 9 10 0 9 79 0 0 0 44
746 0 0 599 0 0 30 0 0 0 0 0 0 38 40 87
794 315 0 0 747 0 55 0 68 0 83 0 32 0 0 8 27 49 0
0 685 0 0 0 0 0 72 29 29 0 0 0 0 0 100 11 59 32 0 0 0
51 0 372 790 318 0 5 0 24 0 15 0 68 0 75 1 0 0
0 0 0 778 0 70 474 0 42 0 4 31 0 0 81 0 18 23 57 0 0 10 45 45 57
371 0 0 119 0 65 0 0 0 24 86 0 44 79 0 0
838 0 488 800 204 986 0 0 38 5 44 52 83 72 0 50 83 0 46 32
290 322 0 363 0 0 3 0 59 98 0 0 0 0 15 70
797 0 0 0 132 0 67 0 51 8 0 0 0 0 13 48 0 0 19 92
147 0 704 276 435 0 0 29 0 51 5 60 40 73 26 78 11 0 0 97
0 0 15 300 728 0 0 0 0 0 31 3 63 0 0 82 82 0 43
894 0 570 0 0 31 0 0 0 0 0 30 66 0 0 77 39 47

0 0 0
0 0 5
0 0 8
0 0 9
0 0 11
0 0 14
0 0 17
0 0 23
0 0 24
0 1 0
0 1 7
0 1 8
0 1 9
0 1 12
0 1 18
0 1 20
0 1 24
0 2 1
0 2 3
0 2 5
0 2 7
0 2 11
0 2 12
0 2 15
0 2 17
0 2 18
0 2 22
0 3 2
0 3 4
0 3 9
0 3 16
0 3 24
0 4 4
0 4 6
0 4 7
0 4 8
0 4 16
0 4 18
0 5 0
0 5 1
0 5 2
0 5 4
0 5 13
0 5 16
0 5 18
0 5 24
0 6 5
0 6 7
0 6 10
0 6 16
0 6 20
0 6 21
0 6 23
0 6 24
0 7 0
0 7 2
0 7 3
0 7 11
0 7 15
0 7 16
0 7 17
0 7 23
0 7 24
0 8 3
0 8 5
0 8 8
0 8 9
0 8 14
0 8 18
0 8 19
0 9 3
0 9 7
0 9 13
0 9 14
0 9 18
0 9 19
0 9 21
0 9 23
0 10 1
0 10 3
0 10 4
0 10 5
0 10 13
0 10 18
0 10 22
0 11 0
0 11 3
0 11 4
0 11 6
0 11 10
0 11 12
0 11 14
0 11 15
0 11 19
0 11 20
0 11 21
0 12 2
0 12 4
0 12 5
0 12 7
0 12 8
0 12 10
0 12 11
0 12 23
0 13 0
0 13 1
0 13 2
0 13 5
0 13 9
0 13 13
0 13 14
0 13 17
0 13 18
0 13 19
0 13 21
0 13 22
0 14 3
0 14 10
0 14 11
0 14 12
0 14 13
0 14 17
0 14 20
0 14 24
0 15 0
0 15 2
0 15 4
0 15 5
0 15 6
0 15 7
0 15 9
0 15 10
0 15 11
0 15 15
0 15 18
0 15 19
0 15 21
0 15 22
0 16 0
0 16 12
0 16 20
0 16 21
0 17 0
0 17 3
0 17 17
0 17 18
0 17 19
0 17 22
0 17 23
0 17 24
0 18 2
0 18 3
0 18 14
0 18 16
0 18 18
0 19 1
0 19 2
0 19 3
0 19 5
0 19 15
0 19 18
0 19 19
0 20 7
0 20 8
0 20 16
0 20 18
0 20 20
0 20 23
1 0 0
1 0 1
1 0 2
1 0 4
1 0 7
1 0 15
1 0 24
1 0 26
1 0 28
1 0 31
1 1 0
1 1 4
1 1 6
1 1 11
1 1 14
1 1 18
1 1 27
1 1 28
1 1 30
1 2 4
1 2 5
1 2 12
1 2 13
1 2 14
1 2 15
1 2 16
1 2 17
1 2 18
1 2 22
1 2 23
1 2 32
1 3 2
1 3 7
1 3 9
1 3 14
1 3 17
1 3 19
1 3 21
1 3 25
1 3 27
1 3 28
1 3 29
1 3 30
1 3 31
1 4 1
1 4 4
1 4 7
1 4 11
1 4 12
1 4 15
1 4 18
1 4 21
1 4 22
1 4 23
1 4 24
1 4 25
1 4 27
1 4 29
1 5 0
1 5 1
1 5 4
1 5 7
1 5 9
1 5 10
1 5 18
1 5 19
1 5 22
1 5 23
1 5 26
1 5 30
1 5 31
1 6 1
1 6 7
1 6 12
1 6 13
1 6 15
1 6 16
1 6 20
1 6 29
1 6 32
1 7 2
1 7 4
1 7 5
1 7 6
1 7 8
1 7 11
1 7 17
1 7 18
1 7 21
1 7 27
1 7 29
1 8 0
1 8 6
1 8 11
1 8 12
1 8 15
1 8 17
1 8 19
1 8 21
1 8 23
1 8 27
1 8 28
1 9 0
1 9 2
1 9 4
1 9 6
1 9 11
1 9 17
1 9 25
1 9 27
1 9 29
1 9 30
1 9 31
1 10 1
1 10 7
1 10 9
1 10 11
1 10 13
1 10 14
1 10 20
1 10 23
1 10 25
1 10 26
1 10 27
1 10 29
1 11 1
1 11 4
1 11 6
1 11 13
1 11 22
1 11 23
1 11 27
1 11 29
1 11 32
1 12 2
1 12 6
1 12 11
1 12 15
1 12 21
1 12 22
1 12 23
1 12 28
1 13 1
1 13 3
1 13 7
1 13 8
1 13 9
1 13 14
1 13 18
1 13 21
1 13 24
1 13 29
1 14 0
1 14 2
1 14 4
1 14 10
1 14 14
1 14 16
1 14 17
1 14 22
1 14 24
1 14 25
1 14 27
1 14 29
1 14 32
1 15 0
1 15 1
1 15 17
1 15 20
1 15 21
1 15 25
1 16 2
1 16 5
1 16 6
1 16 14
1 16 16
1 16 17
1 16 18
1 16 22
1 16 23
1 16 27
1 16 30
1 16 31
1 16 32
1 17 3
1 17 8
1 17 9
1 17 10
1 17 11
1 17 13
1 17 15
1 17 16
1 17 17
1 17 19
1 17 20
1 17 21
1 17 22
1 17 23
1 17 26
1 17 27
1 17 28
1 17 31
1 18 1
1 18 8
1 18 13
1 18 17
1 18 20
1 18 24
1 18 26
1 18 28
1 18 31
1 19 0
1 19 13
1 19 14
1 19 15
1 19 16
1 19 18
1 19 22
1 19 23
1 19 29
1 19 32
1 20 1
1 20 4
1 20 6
1 20 8
1 20 9
1 20 12
1 20 13
1 20 18
1 20 21
1 20 24
1 20 25
1 20 28
1 20 29
1 21 4
1 21 6
1 21 10
1 21 13
1 21 15
1 21 19
1 21 21
1 21 22
1 21 24
1 21 25
1 21 30
1 21 32
1 22 2
1 22 8
1 22 10
1 22 11
1 22 12
1 22 26
1 22 29
1 23 3
1 23 5
1 23 10
1 23 14
1 23 23
1 23 27
1 24 0
1 24 1
1 24 4
1 24 10
1 24 11
1 24 12
1 24 13
1 24 14
1 24 23
1 24 29
1 24 31
2 0 0
2 0 2
2 0 4
2 0 8
2 1 3
2 1 6
2 1 7
2 1 11
2 1 14
2 2 0
2 2 2
2 2 6
2 2 13
2 2 15
2 3 0
2 3 6
2 3 9
2 3 10
2 3 15
2 4 4
2 4 9
2 5 0
2 5 1
2 5 3
2 5 5
2 5 14
2 5 15
2 6 1
2 6 2
2 6 5
2 6 8
2 6 10
2 6 13
2 7 4
2 7 5
2 7 7
2 8 0
2 8 3
2 8 5
2 8 6
2 8 7
2 8 9
2 8 12
2 8 14
2 9 0
2 9 5
2 9 6
2 9 7
2 9 11
2 10 4
2 10 7
2 10 12
2 11 0
2 11 1
2 11 3
2 11 10
2 12 0
2 12 1
2 12 2
2 12 7
2 12 10
2 12 12
2 12 15
2 13 1
2 13 4
2 13 7
2 13 9
2 13 12
2 13 15
2 14 5
2 14 6
2 14 11
2 14 14
2 15 2
2 15 4
2 15 10
2 16 0
2 16 7
2 16 8
2 16 9
2 16 10
2 16 11
2 16 13
2 17 1
2 17 4
2 17 13
2 17 14
2 17 15
2 18 3
2 18 6
2 18 8
2 18 10
2 19 3
2 19 4
2 19 6
2 19 8
2 19 13
2 20 0
2 20 4
2 20 5
2 20 9
2 20 10
2 20 11
2 20 13
2 20 14
2 20 15
2 21 2
2 21 10
2 21 14
2 21 15
2 22 1
2 22 5
2 22 8
2 22 13
2 23 3
2 23 5
2 23 7
2 23 8
2 23 10
2 23 14
2 24 5
2 24 6
2 24 9
2 24 13
2 24 14
2 25 4
2 25 7
2 25 10
2 25 11
2 26 2
2 26 3
2 26 5
2 26 7
2 26 9
2 27 0
2 27 2
2 27 9
2 27 10
2 27 11
2 28 3
2 28 5
2 28 9
2 28 10
2 28 14
2 29 5
2 29 6
2 29 7
2 29 8
2 30 0
2 30 3
2 30 4
2 30 5
2 30 9
2 30 12
2 31 0
2 31 3
2 31 4
2 31 5
2 31 10
2 31 12
2 32 1
2 32 6
2 32 8
2 32 9
2 32 11
2 32 14
2 32 15
3 0 1
3 0 2
3 0 3
3 0 5
3 0 9
3 0 13
3 0 14
3 0 16
3 1 1
3 1 2
3 1 11
3 1 12
3 1 16
3 2 3
3 2 4
3 2 8
3 2 12
3 2 16
3 3 0
3 3 3
3 3 5
3 3 8
3 4 0
3 4 4
3 4 7
3 4 9
3 4 11
3 4 13
3 5 0
3 5 2
3 5 3
3 5 7
3 5 16
3 6 3
3 6 5
3 6 6
3 6 8
3 6 12
3 6 13
3 6 16
3 7 1
3 7 2
3 7 6
3 7 8
3 7 9
3 7 11
3 7 13
3 7 15
3 7 16
3 8 1
3 8 5
3 8 7
3 8 8
3 8 9
3 8 12
3 8 14
3 9 1
3 9 2
3 9 4
3 9 6
3 9 7
3 9 11
3 9 12
3 9 16
3 10 1
3 10 2
3 11 1
3 11 2
3 11 9
3 11 10
3 11 14
3 11 16
3 12 4
3 12 8
3 12 10
3 12 12
3 12 13
3 12 16
3 13 5
3 13 9
3 13 10
3 13 11
3 13 13
3 13 14
3 13 15
3 14 1
3 14 5
3 14 7
3 14 13
3 14 14
3 15 5
3 15 9
3 15 10
3 15 12
3 15 14
3 15 15
4 0 0
4 0 1
4 0 4
4 0 10
4 0 15
4 0 18
4 1 0
4 1 1
4 1 3
4 1 5
4 1 6
4 1 12
4 1 17
4 1 18
4 2 7
4 2 8
4 2 10
4 2 12
4 2 14
4 3 11
4 3 17
4 4 4
4 4 5
4 4 6
4 4 9
4 4 10
4 4 14
4 5 0
4 5 2
4 5 3
4 5 8
4 5 12
4 5 13
4 5 14
4 6 2
4 6 4
4 6 7
4 6 9
4 6 10
4 6 14
4 6 16
4 6 17
4 6 18
4 7 1
4 7 7
4 7 16
4 7 17
4 7 18
4 8 0
4 8 3
4 8 7
4 8 8
4 8 9
4 8 14
4 9 0
4 9 3
4 9 6
4 9 7
4 9 14
4 10 1
4 10 3
4 10 6
4 10 12
4 10 13
4 11 2
4 11 6
4 11 8
4 11 12
4 11 15
4 12 0
4 12 3
4 12 7
4 12 13
4 12 15
4 12 16
4 12 17
4 13 10
4 14 8
4 14 10
4 14 12
4 15 0
4 15 5
4 15 7
4 15 8
4 15 12
4 15 17
4 16 0
4 16 9
4 16 17
5 0 1
5 0 2
5 0 6
5 0 7
5 0 10
5 0 14
5 0 20
5 1 0
5 1 3
5 1 5
5 1 7
5 1 10
5 1 11
5 1 14
5 1 19
5 1 21
5 1 22
5 1 23
5 1 24
5 1 26
5 2 1
5 2 4
5 2 8
5 2 10
5 2 11
5 2 14
5 2 15
5 2 18
5 2 21
5 2 24
5 2 25
5 3 2
5 3 4
5 3 7
5 3 21
5 3 23
5 4 5
5 4 7
5 4 8
5 4 9
5 4 10
5 4 12
5 4 15
5 4 20
5 5 2
5 5 10
5 5 12
5 5 16
5 5 20
5 5 24
5 5 25
5 5 26
5 6 0
5 6 2
5 6 3
5 6 9
5 6 11
5 6 14
5 6 15
5 6 16
5 6 17
5 6 20
5 6 21
5 6 22
5 7 4
5 7 8
5 7 9
5 7 11
5 7 14
5 7 16
5 7 17
5 7 20
5 7 21
5 8 0
5 8 1
5 8 2
5 8 3
5 8 9
5 8 10
5 8 11
5 8 13
5 8 14
5 8 16
5 8 17
5 8 18
5 8 23
5 8 24
5 8 25
5 9 0
5 9 2
5 9 3
5 9 7
5 9 10
5 9 11
5 9 13
5 9 15
5 9 18
5 9 25
5 10 0
5 10 2
5 10 3
5 10 4
5 10 10
5 10 15
5 10 26
5 11 4
5 11 6
5 11 10
5 11 13
5 11 14
5 11 22
5 11 26
5 12 0
5 12 2
5 12 4
5 12 6
5 12 7
5 12 10
5 12 11
5 12 16
5 12 19
5 12 20
5 12 25
5 12 26
5 13 0
5 13 3
5 13 5
5 13 8
5 13 10
5 13 11
5 13 15
5 13 16
5 13 20
5 13 24
5 14 0
5 14 2
5 14 3
5 14 4
5 14 6
5 14 8
5 14 11
5 14 15
5 14 16
5 14 23
5 14 24
5 15 5
5 15 14
5 15 21
5 15 22
5 15 25
5 15 26
5 16 0
5 16 3
5 16 4
5 16 5
5 16 6
5 16 10
5 16 16
5 16 19
5 16 21
5 16 23
5 17 7
5 17 9
5 17 10
5 17 11
5 17 15
5 17 18
5 17 23
5 18 1
5 18 2
5 18 10
5 18 17
5 18 22
5 18 26
6 0 0
6 0 4
6 0 5
6 0 9
6 0 11
6 0 14
6 0 16
6 0 17
6 1 1
6 1 4
6 1 5
6 1 7
6 1 8
6 1 11
6 1 12
6 1 13
6 1 15
6 1 17
6 1 18
6 1 19
6 2 7
6 2 9
6 2 10
6 2 15
6 3 2
6 3 3
6 3 4
6 3 5
6 3 9
6 3 10
6 3 11
6 3 14
6 4 0
6 4 2
6 4 3
6 4 5
6 4 6
6 4 9
6 4 12
6 4 14
6 4 16
6 4 18
6 4 19
6 5 0
6 5 3
6 5 7
6 5 8
6 5 9
6 6 2
6 6 3
6 6 6
6 6 7
6 6 12
6 6 13
6 6 15
6 6 16
6 7 0
6 7 2
6 7 4
6 7 6
6 7 15
6 7 19
6 8 0
6 8 6
6 8 7
6 8 8
6 8 10
6 8 11
6 8 13
6 8 14
6 8 16
6 9 1
6 9 2
6 9 9
6 9 10
6 9 15
6 9 16
6 9 17
6 10 1
6 10 2
6 10 4
6 10 5
6 10 8
6 10 9
6 10 11
6 10 13
6 10 18
6 10 19
6 11 0
6 11 1
6 11 2
6 11 3
6 11 9
6 11 10
6 11 12
6 11 13
6 11 19
6 12 1
6 12 2
6 12 3
6 12 10
6 12 13
6 12 15
6 13 0
6 13 5
6 13 10
6 13 18
6 13 19
6 14 0
6 14 1
6 14 3
6 14 5
6 14 7
6 14 10
6 14 11
6 14 14
6 14 16
6 14 17
6 15 3
6 15 9
6 15 10
6 15 14
6 15 16
6 15 17
6 16 2
6 16 4
6 16 5
6 16 6
6 17 1
6 17 8
6 17 12
6 17 15
6 17 16
6 17 18
6 18 2
6 18 7
6 18 14
6 18 15
6 19 2
6 19 3
6 19 10
6 19 14
6 19 15
6 19 17
6 20 1
6 20 2
6 20 3
6 20 5
6 20 7
6 20 9
6 20 10
6 20 13
6 20 14
6 20 18
6 21 1
6 21 4
6 21 5
6 21 7
6 21 8
6 21 16
6 21 17
6 21 18
6 21 19
6 22 0
6 22 2
6 22 4
6 22 5
6 22 8
6 22 10
6 22 12
6 22 14
6 22 18
6 22 19
6 23 3
6 23 5
6 23 8
6 23 10
6 23 14
6 23 16
6 23 17
6 24 4
6 24 8
6 24 9
6 24 10
6 24 12
6 25 2
6 25 3
6 25 5
6 25 14
6 25 16
6 25 19
6 26 3
6 26 8
6 26 11
6 26 12
6 26 17
6 26 18
6 26 19
7 0 0
7 0 6
7 0 8
7 0 11
7 0 17
7 0 19
7 0 21
7 1 4
7 1 5
7 1 7
7 1 8
7 1 9
7 1 13
7 1 14
7 1 17
7 1 18
7 1 20
7 2 1
7 2 4
7 2 11
7 2 12
7 2 14
7 2 15
7 2 16
7 2 18
7 2 20
7 2 21
7 3 0
7 3 4
7 3 7
7 3 8
7 3 12
7 3 13
7 3 22
7 4 0
7 4 3
7 4 7
7 4 9
7 4 10
7 4 14
7 4 15
7 4 16
7 4 17
7 4 19
7 4 21
7 4 22
7 5 1
7 5 3
7 5 5
7 5 7
7 5 8
7 5 9
7 5 16
7 5 20
7 5 21
7 5 22
7 6 0
7 6 4
7 6 8
7 6 9
7 6 11
7 6 13
7 6 15
7 6 17
7 6 18
7 7 4
7 7 6
7 7 7
7 7 9
7 7 11
7 7 15
7 7 16
7 7 19
7 8 0
7 8 2
7 8 4
7 8 6
7 8 14
7 9 1
7 9 4
7 9 5
7 9 6
7 9 7
7 9 9
7 9 14
7 9 15
7 9 17
7 9 18
7 9 21
7 9 22
7 10 5
7 10 8
7 10 9
7 10 11
7 10 15
7 10 19
7 10 20
7 10 21
7 10 22
7 11 1
7 11 2
7 11 7
7 11 9
7 12 0
7 12 2
7 12 7
7 12 8
7 12 16
7 13 0
7 13 4
7 13 5
7 13 6
7 13 9
7 13 10
7 13 11
7 13 14
7 13 16
7 13 17
7 13 19
7 13 21
7 14 0
7 14 2
7 14 4
7 14 6
7 14 21
7 15 0
7 15 1
7 15 4
7 15 6
7 15 8
7 15 13
7 15 14
7 15 17
7 15 20
7 16 1
7 16 6
7 16 7
7 16 10
7 16 11
7 17 4
7 17 7
7 17 8
7 17 16
7 17 22
7 18 0
7 18 2
7 18 5
7 18 8
7 18 10
7 18 16
7 18 22
7 19 2
7 19 3
7 19 4
7 19 7
7 19 13
7 19 15
7 19 17
7 19 19
7 19 21
8 0 1
8 0 2
8 0 13
8 0 14
8 0 17
8 0 18
8 1 0
8 1 5
8 1 9
8 1 14
8 1 15
8 1 19
8 2 13
8 2 14
8 2 15
8 2 16
8 2 18
8 3 1
8 3 3
8 3 7
8 3 8
8 3 9
8 3 10
8 3 11
8 3 12
8 3 14
8 3 15
8 3 16
8 3 18
8 4 1
8 4 6
8 4 10
8 4 15
8 4 17
8 4 18
8 5 7
8 5 9
8 5 10
8 5 11
8 5 14
8 5 16
8 5 17
8 6 2
8 6 7
8 6 9
8 6 10
8 6 14
8 6 15
8 7 2
8 7 7
8 7 9
8 7 10
8 7 12
8 7 13
8 7 14
8 8 1
8 8 5
8 8 6
8 9 0
8 9 2
8 9 5
8 9 7
8 9 9
8 9 10
8 9 13
8 9 14
8 9 17
8 10 1
8 10 9
8 10 12
8 10 14
8 10 15
8 11 1
8 11 3
8 11 16
8 11 18
8 12 2
8 12 3
8 12 4
8 12 7
8 12 9
8 12 11
8 12 14
8 12 18
8 12 19
8 13 1
8 13 2
8 13 3
8 13 4
8 13 5
8 13 6
8 13 9
8 13 11
8 13 14
8 13 16
8 14 3
8 14 4
8 14 5
8 14 7
8 14 8
8 14 11
8 14 12
8 14 13
8 14 14
8 14 16
8 15 1
8 15 3
8 15 6
8 15 8
8 15 9
8 15 11
8 15 14
8 15 15
8 15 17
8 16 6
8 16 8
8 16 10
8 16 11
8 16 16
8 17 2
8 17 3
8 17 5
8 17 7
8 17 9
8 17 12
8 17 14
8 18 0
8 18 2
8 18 5
8 18 7
8 18 8
8 18 12
8 18 18
8 18 19
8 19 1
8 19 2
8 19 3
8 19 5
8 19 6
8 19 10
8 19 16
8 19 19
8 20 0
8 20 1
8 20 2
8 20 5
8 20 7
8 20 11
8 20 15
8 20 16
8 20 17
8 21 1
8 21 2
8 21 4
8 21 5
8 21 10
8 21 11
8 21 13
8 21 19
8 22 0
8 22 2
8 22 3
8 22 6
8 22 9
8 22 13
8 22 19
9 0 1
9 0 3
9 0 4
9 0 9
9 0 12
9 0 13
9 1 1
9 1 5
9 1 6
9 1 7
9 1 8
9 1 12
9 2 0
9 2 1
9 2 5
9 2 8
9 2 9
9 2 13
9 2 14
9 3 6
9 3 7
9 3 8
9 3 9
9 3 14
9 3 15
9 4 0
9 4 1
9 4 8
9 4 9
9 4 10
9 4 11
9 5 3
9 5 7
9 5 8
9 5 12
9 6 2
9 6 4
9 6 9
9 6 15
9 7 1
9 7 3
9 7 6
9 7 7
9 7 9
9 7 10
9 7 12
9 7 13
9 7 15
9 8 0
9 8 3
9 8 4
9 8 6
9 8 10
9 8 11
9 8 12
9 8 14
9 9 0
9 9 3
9 9 4
9 9 5
9 9 7
9 9 8
9 9 10
9 9 13
9 9 14
9 10 1
9 10 4
9 10 5
9 10 6
9 10 7
9 10 10
9 10 11
9 10 12
9 10 15
9 11 1
9 11 4
9 11 8
9 11 10
9 11 12
9 11 15
9 12 0
9 12 3
9 12 4
9 12 5
9 12 14
9 13 3
9 13 5
9 13 10
9 13 11
9 13 13
9 13 14
9 14 2
9 14 5
9 14 7
9 14 8
9 14 14
9 14 15
9 15 0
9 15 3
9 15 6
9 15 8
9 15 13
9 16 0
9 16 3
9 16 5
9 16 6
9 16 7
9 16 13
9 16 15
9 17 8
9 17 10
9 17 12
9 17 13
9 18 1
9 18 11
9 18 12
9 18 13
9 19 5
9 19 6
9 19 9
9 19 10
9 19 13
9 19 15
10 0 3
10 0 6
10 0 8
10 0 9
10 0 10
10 0 13
10 0 14
10 0 18
10 1 7
10 1 9
10 1 13
10 1 15
10 1 17
10 2 5
10 2 11
10 3 0
10 3 1
10 3 4
10 3 9
10 3 13
10 3 15
10 3 16
10 3 17
10 3 18
10 4 0
10 4 5
10 4 7
10 4 11
10 4 15
10 4 17
10 5 4
10 5 6
10 5 9
10 5 10
10 6 1
10 6 5
10 6 7
10 6 14
10 7 1
10 7 2
10 7 3
10 7 4
10 7 10
10 7 11
10 7 17
10 7 18
10 8 1
10 8 2
10 8 3
10 8 7
10 8 11
10 8 12
10 8 15
10 9 6
10 10 0
10 10 1
10 10 7
10 10 9
10 10 10
10 10 14
10 11 4
10 11 9
10 11 16
10 12 0
10 12 3
10 12 4
10 12 5
10 12 8
10 12 9
10 12 15
10 13 3
10 13 10
10 13 13
10 13 14
10 13 17
10 14 1
10 14 3
10 14 5
10 14 8
10 14 10
10 14 12
10 15 0
10 15 1
10 15 8
10 15 11
10 15 12
10 15 13
10 15 17
11 0 2
11 0 3
11 0 4
11 0 5
11 0 13
11 0 16
11 0 21
11 1 1
11 1 2
11 1 5
11 1 6
11 1 8
11 1 9
11 1 10
11 1 13
11 1 17
11 2 3
11 2 8
11 2 10
11 2 11
11 2 13
11 2 15
11 2 17
11 2 20
11 3 0
11 3 2
11 3 4
11 3 8
11 3 14
11 3 16
11 3 19
11 4 9
11 4 10
11 5 2
11 5 4
11 5 7
11 5 10
11 5 11
11 5 14
11 5 18
11 6 0
11 6 3
11 6 4
11 6 9
11 6 11
11 6 13
11 6 14
11 6 16
11 6 17
11 6 18
11 6 20
11 6 21
11 7 0
11 7 5
11 7 8
11 7 9
11 7 11
11 7 15
11 7 17
11 8 0
11 8 5
11 8 7
11 8 9
11 8 11
11 8 15
11 8 16
11 8 17
11 8 19
11 8 20
11 9 1
11 9 4
11 9 6
11 9 9
11 9 11
11 9 15
11 9 19
11 10 3
11 10 4
11 10 5
11 10 6
11 10 7
11 10 8
11 10 10
11 10 14
11 10 15
11 10 17
11 10 19
11 10 20
11 11 1
11 11 6
11 11 10
11 11 12
11 11 15
11 11 17
11 11 20
11 11 21
11 12 0
11 12 2
11 12 5
11 12 9
11 12 11
11 13 1
11 13 7
11 13 8
11 13 9
11 13 10
11 13 18
11 13 19
11 13 20
11 14 0
11 14 2
11 14 4
11 14 6
11 14 11
11 14 14
11 14 17
11 14 19
11 15 0
11 15 1
11 15 4
11 15 12
11 15 14
11 16 0
11 16 2
11 16 4
11 16 5
11 16 6
11 16 7
11 16 8
11 16 9
11 16 12
11 16 13
11 16 14
11 16 18
11 16 19
11 17 0
11 17 1
11 17 4
11 17 7
11 17 8
11 17 12
11 17 14
11 17 15
11 17 20
11 18 1
11 18 2
11 18 6
11 18 7
11 18 8
11 18 12
11 18 13
11 18 16
11 18 17
11 18 19
12 0 1
12 0 2
12 0 8
12 0 11
12 0 13
12 0 15
12 0 16
12 0 17
12 1 1
12 1 4
12 1 6
12 1 7
12 1 8
12 1 11
12 1 12
12 1 13
12 2 5
12 2 6
12 2 10
12 2 11
12 2 13
12 3 7
12 3 11
12 3 12
12 3 16
12 4 0
12 4 4
12 4 9
12 4 10
12 4 15
12 4 16
12 4 17
12 5 6
12 5 8
12 5 13
12 6 9
12 6 11
12 6 13
12 7 4
12 7 5
12 7 10
12 7 13
12 7 16
12 8 1
12 8 4
12 8 6
12 8 7
12 8 9
12 8 13
12 8 15
12 9 4
12 9 5
12 9 6
12 9 11
12 9 14
12 9 16
12 10 0
12 10 3
12 10 4
12 10 9
12 10 12
12 10 13
12 10 16
12 10 17
12 11 1
12 11 5
12 11 7
12 11 8
12 11 9
12 11 10
12 11 11
12 11 13
12 11 14
12 12 0
12 12 3
12 12 4
12 12 5
12 12 8
12 12 11
12 12 12
12 12 15
12 12 16
12 13 1
12 13 2
12 13 7
12 13 9
12 13 11
12 13 13
12 13 14
12 13 15
12 14 1
12 14 4
12 14 5
12 14 9
12 14 11
12 15 1
12 15 4
12 15 6
12 15 10
12 15 11
12 15 12
12 16 4
12 16 10
12 16 11
12 16 13
12 16 14
12 16 15
12 17 0
12 17 2
12 17 3
12 17 14
12 17 16
12 18 3
12 18 6
12 18 14
12 19 0
12 19 10
12 19 14
12 20 10
12 20 14
12 20 15
12 20 16
12 21 0
12 21 1
12 21 2
12 21 3
12 21 8
12 21 11
12 21 12
12 21 13
12 21 16
12 21 17
13 0 0
13 0 1
13 0 4
13 0 7
13 0 8
13 0 10
13 0 14
13 0 19
13 0 20
13 0 23
13 0 24
13 1 2
13 1 5
13 1 7
13 1 11
13 1 13
13 1 14
13 1 18
13 1 19
13 1 23
13 2 3
13 2 4
13 2 6
13 2 9
13 2 13
13 2 15
13 2 16
13 2 17
13 2 18
13 2 20
13 2 22
13 3 1
13 3 2
13 3 4
13 3 5
13 3 6
13 3 8
13 3 15
13 3 20
13 3 24
13 4 1
13 4 3
13 4 5
13 4 6
13 4 8
13 4 13
13 4 17
13 4 24
13 5 1
13 5 4
13 5 10
13 5 19
13 6 0
13 6 3
13 6 5
13 6 8
13 6 10
13 6 12
13 6 15
13 6 16
13 6 17
13 7 0
13 7 5
13 7 8
13 7 10
13 7 11
13 7 14
13 7 15
13 7 24
13 8 0
13 8 2
13 8 3
13 8 4
13 8 5
13 8 6
13 8 9
13 8 11
13 8 12
13 8 14
13 8 17
13 8 22
13 9 3
13 9 5
13 9 12
13 9 16
13 9 19
13 9 21
13 10 0
13 10 20
13 11 2
13 11 3
13 11 7
13 11 11
13 11 12
13 11 14
13 11 18
13 11 20
13 12 1
13 12 20
13 12 22
13 12 24
13 13 1
13 13 2
13 13 17
13 13 21
13 13 23
13 13 24
13 14 1
13 14 7
13 14 8
13 14 9
13 14 10
13 14 12
13 14 22
13 14 24
13 15 1
13 15 5
13 15 8
13 15 10
13 15 13
13 15 15
13 15 16
13 15 19
13 15 21
13 16 1
13 16 6
13 16 9
13 16 12
13 16 18
13 16 19
13 17 0
13 17 1
13 17 3
13 17 4
13 17 8
13 17 12
13 17 16
13 17 17
13 17 19
13 17 23
13 17 24
14 0 2
14 0 11
14 0 12
14 0 13
14 0 14
14 1 1
14 1 2
14 1 4
14 1 10
14 1 13
14 1 14
14 2 1
14 2 2
14 2 3
14 2 4
14 2 5
14 2 6
14 2 9
14 2 11
14 2 12
14 2 13
14 2 14
14 2 15
14 3 3
14 3 4
14 3 5
14 3 8
14 3 10
14 3 15
14 4 6
14 5 1
14 5 3
14 5 4
14 5 11
14 5 14
14 6 0
14 6 1
14 6 2
14 6 4
14 6 6
14 6 8
14 6 9
14 6 11
14 6 12
14 7 0
14 7 1
14 7 4
14 7 6
14 7 7
14 7 15
14 8 0
14 8 1
14 8 2
14 8 3
14 8 10
14 8 11
14 8 12
14 8 14
14 9 0
14 9 1
14 9 2
14 9 7
14 9 9
14 10 2
14 10 4
14 10 8
14 10 15
14 11 1
14 11 4
14 11 6
14 11 9
14 11 11
14 11 12
14 11 13
14 12 0
14 12 1
14 12 3
14 12 7
14 12 9
14 12 10
14 12 11
14 12 12
14 13 8
14 13 11
14 14 3
14 14 4
14 14 7
14 14 9
14 14 11
14 14 15
14 15 5
14 15 6
14 15 7
14 15 9
14 16 0
14 16 1
14 16 2
14 16 6
14 16 10
14 16 12
14 16 13
14 17 0
14 17 4
14 17 5
14 17 8
14 17 11
14 17 15
14 18 3
14 18 5
14 18 15
14 19 1
14 19 4
14 19 6
14 19 7
14 19 9
14 19 15
14 20 0
14 20 2
14 20 3
14 20 8
14 20 13
14 20 14
14 21 0
14 21 4
14 21 8
14 21 10
14 21 11
14 21 12
14 21 13
14 21 15
14 22 5
14 22 6
14 22 11
14 22 12
14 22 13
14 23 0
14 23 1
14 23 6
14 23 8
14 23 10
14 23 13
14 24 4
14 24 6
14 24 9
14 24 13
15 0 0
15 0 2
15 0 5
15 0 6
15 0 14
15 0 15
15 0 16
15 0 17
15 0 18
15 1 3
15 1 9
15 1 10
15 1 11
15 1 12
15 1 13
15 1 15
15 1 16
15 1 17
15 2 2
15 2 4
15 2 9
15 2 11
15 2 13
15 2 14
15 2 16
15 2 18
15 3 2
15 3 7
15 3 10
15 3 13
15 3 15
15 3 18
15 3 19
15 4 0
15 4 1
15 4 2
15 4 3
15 4 5
15 4 8
15 4 13
15 4 17
15 5 0
15 5 2
15 5 3
15 5 8
15 5 14
15 5 17
15 5 19
15 6 1
15 6 2
15 6 4
15 6 5
15 6 10
15 6 11
15 6 13
15 6 16
15 6 17
15 6 18
15 7 1
15 7 3
15 7 4
15 7 7
15 7 8
15 7 14
15 7 15
15 7 18
15 8 2
15 8 6
15 8 7
15 8 9
15 8 13
15 8 17
15 8 18
15 9 0
15 9 3
15 9 4
15 9 5
15 9 6
15 9 8
15 9 9
15 9 15
15 9 19
15 10 1
15 10 4
15 10 11
15 10 13
15 10 14
15 10 17
15 11 1
15 11 4
15 11 12
15 11 19
15 12 0
15 12 3
15 12 6
15 12 14
15 12 15
15 12 16
15 12 18
15 12 19
15 13 1
15 13 6
15 13 7
15 13 8
15 13 9
15 13 11
15 13 13
15 13 15
15 13 17
15 13 18
15 13 19
15 14 1
15 14 3
15 14 5
15 14 9
15 14 10
15 14 13
15 14 18
15 14 19
15 15 1
15 15 7
15 15 8
15 15 10
15 15 11
15 15 12
15 15 13
15 15 18
15 15 19
16 0 0
16 0 6
16 0 8
16 0 9
16 0 12
16 0 14
16 1 0
16 1 3
16 1 8
16 1 10
16 1 11
16 1 13
16 1 14
16 2 6
16 2 7
16 2 8
16 2 11
16 2 14
16 3 3
16 3 10
16 3 11
16 3 14
16 3 15
16 4 3
16 4 12
16 5 1
16 5 6
16 5 10
16 5 11
16 5 12
16 5 13
16 6 5
16 6 8
16 6 13
16 6 15
16 7 0
16 7 2
16 7 4
16 7 5
16 7 7
16 7 8
16 7 13
16 7 14
16 8 7
16 8 11
16 8 12
16 9 5
16 9 6
16 9 11
16 10 0
16 10 1
16 10 7
16 10 8
16 10 10
16 10 11
16 11 5
16 11 8
16 11 9
16 11 10
16 11 12
16 11 13
16 11 15
16 12 2
16 12 4
16 12 5
16 12 6
16 12 9
16 12 12
16 13 0
16 13 2
16 13 3
16 13 6
16 13 7
16 13 9
16 14 2
16 14 3
16 14 7
16 14 8
16 14 9
16 14 10
16 14 11
16 14 14
16 14 15
16 15 3
16 15 4
16 15 6
16 15 7
16 15 8
16 15 12
16 15 15
16 16 2
16 16 7
16 16 15
16 17 3
16 18 1
16 18 8
16 18 11
16 18 14
16 18 15
16 19 1
16 19 2
16 19 10
16 19 13
16 19 14
17 0 0
17 0 1
17 0 3
17 0 4
17 0 5
17 0 6
17 0 7
17 0 9
17 0 10
17 0 12
17 0 13
17 0 14
17 0 15
17 1 0
17 1 1
17 1 5
17 1 8
17 1 9
17 1 14
17 1 19
17 2 1
17 2 2
17 2 5
17 2 7
17 2 8
17 2 12
17 2 14
17 2 16
17 2 17
17 2 18
17 3 2
17 3 5
17 3 7
17 3 9
17 3 11
17 3 12
17 4 1
17 4 4
17 4 6
17 4 7
17 4 13
17 4 17
17 5 3
17 5 8
17 5 9
17 5 10
17 5 13
17 5 19
17 6 4
17 6 15
17 7 0
17 7 1
17 7 3
17 7 5
17 7 7
17 7 8
17 7 10
17 7 12
17 7 15
17 7 17
17 8 2
17 8 3
17 8 6
17 8 13
17 8 16
17 9 7
17 9 8
17 9 10
17 9 11
17 9 13
17 9 17
17 9 18
17 9 19
17 10 4
17 10 5
17 10 6
17 10 9
17 10 10
17 10 11
17 10 12
17 10 13
17 11 7
17 11 9
17 11 12
17 11 16
17 11 17
17 12 6
17 12 9
17 12 11
17 12 13
17 12 14
17 12 18
17 13 4
17 13 5
17 13 6
17 13 12
17 13 13
17 13 14
17 13 16
17 14 6
17 14 7
17 14 12
17 14 19
17 15 0
17 15 3
17 15 4
17 15 6
17 15 10
17 15 13
17 15 15
18 0 1
18 0 14
18 0 15
18 0 16
18 0 17
18 0 19
18 1 3
18 1 4
18 1 6
18 1 7
18 1 8
18 1 10
18 1 13
18 1 16
18 1 17
18 2 0
18 2 7
18 2 8
18 2 9
18 2 13
18 2 17
18 3 3
18 3 5
18 3 6
18 3 8
18 3 9
18 3 12
18 3 13
18 3 14
18 4 8
18 4 11
18 4 16
18 5 2
18 5 3
18 5 4
18 5 6
18 5 7
18 5 10
18 5 11
18 5 12
18 5 15
18 5 18
18 6 1
18 6 2
18 6 3
18 6 5
18 6 10
18 6 11
18 6 14
18 6 15
18 6 16
18 6 18
18 6 19
18 7 3
18 7 6
18 7 9
18 7 10
18 7 12
18 7 15
18 7 18
18 7 19
18 8 0
18 8 6
18 8 10
18 8 11
18 8 12
18 8 14
18 8 19
18 9 0
18 9 2
18 9 8
18 9 14
18 9 18
18 10 0
18 10 4
18 10 5
18 10 6
18 10 10
18 10 11
18 10 12
18 10 15
18 10 18
18 10 19
18 11 0
18 11 1
18 11 5
18 11 10
18 11 12
18 11 13
18 11 19
18 12 2
18 12 3
18 12 4
18 12 7
18 12 9
18 12 12
18 12 16
18 12 19
18 13 3
18 13 5
18 13 6
18 13 7
18 13 9
18 13 13
18 13 17
18 14 0
18 14 4
18 14 5
18 14 8
18 14 10
18 14 11
18 14 17
18 14 18
18 15 1
18 15 3
18 15 7
18 15 10
18 15 11
18 15 13
18 15 16
18 16 2
18 16 6
18 16 7
18 16 8
18 16 13
18 16 18
18 17 0
18 17 5
18 17 6
18 17 9
18 17 10
18 17 16
18 17 17
18 17 18
18 18 1
18 18 6
18 18 14
18 18 18
18 19 9
18 19 10
18 19 11
18 19 15
18 19 17
19 0 1
19 0 5
19 0 9
19 0 11
19 0 14
19 0 15
19 0 17
19 1 0
19 1 1
19 1 2
19 1 4
19 1 6
19 1 16
19 1 17
19 2 1
19 2 2
19 2 5
19 2 10
19 2 13
19 2 14
19 2 18
19 3 1
19 3 5
19 3 6
19 3 8
19 3 10
19 3 13
19 3 17
19 4 0
19 4 1
19 4 4
19 4 8
19 4 9
19 4 12
19 4 15
19 4 17
19 5 1
19 5 5
19 5 6
19 5 10
19 5 11
19 5 15
19 5 18
19 6 0
19 6 3
19 6 7
19 6 16
19 6 18
19 7 0
19 7 9
19 7 14
19 7 15
19 7 18
19 8 6
19 8 10
19 8 11
19 8 12
19 8 13
19 8 14
19 9 0
19 9 6
19 9 7
19 9 9
19 9 10
19 9 11
19 9 13
19 9 18
19 10 2
19 10 4
19 10 11
19 10 14
19 10 18
19 11 2
19 11 4
19 11 10
19 11 12
19 12 9
19 12 10
19 12 11
19 12 13
19 12 15
19 13 1
19 13 2
19 13 5
19 13 11
19 13 13
19 14 0
19 14 1
19 14 2
19 14 4
19 14 5
19 14 7
19 14 9
19 14 11
19 14 14
19 14 16
19 14 17
19 15 2
19 15 6
19 15 7
19 15 10
19 15 15
19 15 17
19 16 4
19 16 8
19 16 14
19 17 3
19 17 4
19 17 5
19 17 9
19 17 15
19 18 0
19 18 6
19 18 7
19 18 8
19 18 9
19 18 11
19 18 12
19 18 14
19 18 16
19 18 18
19 19 1
19 19 3
19 19 6
19 19 12
20 0 1
20 0 2
20 0 3
20 0 5
20 0 10
20 0 16
20 1 0
20 1 1
20 1 4
20 1 6
20 1 7
20 1 12
20 1 13
20 1 15
20 2 4
20 2 5
20 2 9
20 2 10
20 2 15
20 3 1
20 3 2
20 3 6
20 3 7
20 3 14
20 3 17
20 4 1
20 4 2
20 4 7
20 4 9
20 4 13
20 4 15
20 4 17
20 5 1
20 5 3
20 5 9
20 5 10
20 5 14
20 5 15
20 5 16
20 5 17
20 6 1
20 6 4
20 6 8
20 6 13
20 7 0
20 7 3
20 7 6
20 7 9
20 7 12
20 7 15
20 8 2
20 8 11
20 8 13
20 8 14
20 8 15
20 8 16
20 9 2
20 9 4
20 9 12
20 9 13
20 10 0
20 10 9
20 10 13
20 10 14
20 10 16
20 11 0
20 11 5
20 11 6
20 11 13
20 11 15
20 12 3
20 12 6
20 12 7
20 12 11
20 12 13
20 12 17
20 13 2
20 13 3
20 13 11
20 13 14
20 13 16
20 14 0
20 14 1
20 14 2
20 14 3
20 14 5
20 14 12
20 14 15
20 14 16
20 15 0
20 15 3
20 15 5
20 15 9
20 15 11
20 15 12
20 15 16
20 15 17
20 16 0
20 16 1
20 16 3
20 16 4
20 16 5
20 16 6
20 16 9
20 16 10
20 16 11
20 16 16
20 17 3
20 17 4
20 17 5
20 17 7
20 17 11
20 17 14
20 17 15
20 17 17
20 18 8
20 18 9
20 18 15
20 18 17