511
3
144 149 157
3000

888 0 0 0 421 0 754 0 0 880 108 702 0 63 0 0 0 0 278 0 0 334 0 619 0 168 0 0 0 0 0 0 0 960 62 0 0 0 0 62 81 1 3 0 11 0 19 0 7 80 0 50 0 0 0 36 0 80 0 0 44 0 64 0 58 33 1 7 0 92 0 48 25 0 0 0 0 54 0 0 0 0 0 22 31 0 15 43 0 50 0 95 36 0 0 45 0 0 69 0 91 9 0 17 92 0 0 0 37 0 14 59 1 0 91 47 0 0 0 30 56 0 20 42 36 0 0 12 54 0 51 50 27 0 0 40 0 0 0 95 0 86 66 0
238 84 0 812 557 446 794 0 0 0 132 0 691 0 107 0 822 0 291 0 0 0 810 0 673 752 542 0 851 0 0 0 0 119 0 0 773 0 28 0 0 55 0 13 13 8 85 74 11 12 74 51 81 55 31 0 99 12 73 58 2 0 0 0 9 0 69 0 75 50 21 95 86 3 80 0 1 86 0 49 0 39 5 68 0 39 34 71 0 38 0 52 16 0 0 0 0 75 0 0 0 0 76 0 0 22 0 37 0 0 16 0 0 0 0 0 65 22 15 0 0 0 98 24 0 0 17 0 51 61 84 58 0 0 96 74 0 38 0 18 0 0 0 0 85 0 15 0 1
0 0 554 0 838 0 331 811 518 203 369 0 0 0 0 0 867 0 950 601 788 956 0 68 0 882 0 131 0 958 0 0 0 758 943 0 0 0 528 411 91 0 88 0 0 2 0 86 0 70 88 60 0 12 0 89 1 2 0 77 23 46 33 86 22 40 0 0 4 50 0 83 53 76 0 46 34 0 73 7 0 0 62 0 0 0 0 0 18 29 0 24 0 38 0 0 0 44 0 0 7 0 0 0 32 11 0 0 0 0 58 8 0 0 0 0 39 0 7 0 95 0 0 0 40 0 0 59 0 0 77 74 0 0 89 79 29 0 78 99 25 91 22 0 69 0 0 38 0 0 0 59 0 57 0 37 65

0 0 31
0 0 69
0 0 80
0 0 103
0 0 108
0 0 142
0 1 13
0 1 15
0 1 17
0 1 27
0 1 28
0 1 53
0 1 84
0 1 92
0 1 115
0 2 0
0 2 12
0 2 14
0 2 39
0 2 50
0 2 60
0 2 72
0 2 109
0 2 126
0 2 134
0 3 42
0 3 45
0 3 69
0 3 82
0 3 84
0 3 97
0 3 104
0 3 125
0 4 6
0 4 10
0 4 40
0 4 41
0 4 55
0 4 61
0 4 82
0 4 98
0 4 123
0 4 146
0 5 3
0 5 30
0 5 54
0 5 61
0 5 62
0 5 73
0 5 114
0 5 131
0 5 133
0 6 26
0 6 44
0 6 62
0 6 63
0 6 80
0 6 109
0 6 119
0 6 136
0 6 141
0 7 1
0 7 4
0 7 16
0 7 31
0 7 47
0 7 50
0 7 52
0 7 57
0 7 63
0 7 67
0 7 85
0 7 91
0 7 111
0 7 140
0 7 145
0 8 63
0 8 77
0 8 85
0 8 91
0 8 117
0 8 133
0 8 140
0 9 22
0 9 36
0 9 46
0 9 59
0 9 94
0 9 99
0 9 101
0 9 114
0 9 115
0 9 122
0 10 7
0 10 12
0 10 38
0 10 47
0 10 61
0 10 70
0 10 90
0 10 93
0 10 104
0 10 124
0 10 130
0 10 135
0 10 140
0 11 2
0 11 11
0 11 26
0 11 35
0 11 64
0 11 70
0 11 92
0 11 128
0 11 134
0 11 136
0 11 139
0 12 15
0 12 36
0 12 43
0 12 46
0 12 48
0 12 52
0 12 55
0 12 111
0 12 135
0 13 15
0 13 27
0 13 41
0 13 43
0 13 80
0 13 89
0 13 100
0 13 121
0 13 126
0 14 1
0 14 10
0 14 19
0 14 21
0 14 46
0 14 47
0 14 53
0 14 81
0 14 89
0 14 101
0 14 111
0 14 116
0 15 15
0 15 34
0 15 37
0 15 40
0 15 47
0 15 78
0 15 82
0 15 86
0 15 108
0 15 129
0 16 3
0 16 9
0 16 10
0 16 14
0 16 44
0 16 63
0 16 69
0 16 95
0 16 106
0 16 131
0 16 140
0 17 9
0 17 39
0 17 51
0 17 77
0 17 95
0 17 108
0 17 114
0 17 122
0 17 128
0 17 138
0 18 25
0 18 43
0 18 48
0 18 54
0 18 81
0 18 86
0 18 94
0 18 121
0 18 126
0 18 129
0 18 143
0 18 147
0 19 3
0 19 4
0 19 7
0 19 15
0 19 16
0 19 48
0 19 78
0 19 89
0 19 113
0 19 124
0 19 147
0 20 12
0 20 40
0 20 48
0 20 85
0 20 99
0 20 103
0 20 140
0 20 148
0 21 7
0 21 12
0 21 24
0 21 27
0 21 35
0 21 39
0 21 40
0 21 80
0 21 81
0 21 86
0 21 98
0 21 122
0 22 33
0 22 37
0 22 48
0 22 84
0 22 85
0 22 86
0 22 105
0 22 110
0 22 115
0 22 116
0 22 117
0 22 123
0 22 129
0 22 138
0 22 140
0 23 17
0 23 46
0 23 74
0 23 81
0 23 87
0 23 102
0 23 105
0 23 106
0 23 132
0 24 0
0 24 18
0 24 39
0 24 42
0 24 51
0 24 118
0 25 18
0 25 37
0 25 97
0 25 98
0 25 119
0 25 126
0 25 140
0 26 7
0 26 13
0 26 68
0 26 83
0 26 112
0 26 136
0 27 0
0 27 16
0 27 38
0 27 39
0 27 46
0 27 63
0 27 68
0 27 80
0 27 84
0 27 86
0 27 93
0 27 100
0 27 123
0 28 8
0 28 9
0 28 35
0 28 55
0 28 66
0 28 71
0 28 72
0 28 81
0 28 102
0 28 113
0 28 126
0 28 129
0 28 131
0 28 132
0 29 10
0 29 16
0 29 40
0 29 44
0 29 51
0 29 75
0 29 77
0 29 81
0 29 82
0 29 91
0 29 100
0 29 101
0 29 130
0 30 9
0 30 31
0 30 32
0 30 121
0 31 4
0 31 11
0 31 19
0 31 27
0 31 56
0 31 58
0 31 62
0 31 64
0 31 69
0 31 80
0 31 98
0 31 113
0 32 39
0 32 48
0 32 68
0 32 80
0 32 93
0 32 105
0 32 122
0 32 134
0 32 145
0 33 3
0 33 11
0 33 26
0 33 67
0 33 74
0 33 119
0 33 134
0 33 135
0 34 13
0 34 34
0 34 53
0 34 78
0 34 89
0 34 112
0 34 126
0 35 16
0 35 24
0 35 82
0 35 83
0 35 139
0 36 5
0 36 109
0 36 110
0 36 141
0 37 15
0 37 24
0 37 41
0 37 59
0 37 63
0 37 67
0 37 73
0 37 85
0 37 91
0 37 96
0 37 128
0 37 129
0 38 6
0 38 58
0 38 79
0 38 82
0 38 83
0 38 103
0 38 106
0 38 118
0 39 5
0 39 17
0 39 32
0 39 33
0 39 40
0 39 64
0 39 67
0 39 93
0 39 94
0 39 111
0 39 123
0 39 124
0 39 134
0 39 142
0 39 145
0 39 147
0 40 4
0 40 41
0 40 45
0 40 52
0 40 69
0 40 104
0 40 142
0 41 0
0 41 17
0 41 57
0 41 64
0 41 88
0 41 97
0 41 101
0 41 131
0 41 135
0 41 143
0 42 2
0 42 7
0 42 9
0 42 18
0 42 66
0 42 114
0 42 117
0 42 119
0 42 127
0 42 148
0 43 22
0 43 31
0 43 34
0 43 68
0 43 72
0 43 73
0 43 99
0 43 121
0 43 131
0 43 138
0 44 26
0 44 29
0 44 35
0 44 69
0 44 75
0 44 89
0 44 132
0 44 137
0 45 7
0 45 17
0 45 18
0 45 42
0 45 56
0 45 57
0 45 67
0 45 75
0 45 93
0 45 98
0 45 100
0 45 102
0 45 114
0 45 121
0 45 128
0 45 137
0 45 144
0 46 16
0 46 29
0 46 52
0 46 56
0 46 60
0 46 81
0 46 89
0 46 104
0 46 122
0 46 124
0 47 10
0 47 22
0 47 40
0 47 41
0 47 54
0 47 58
0 47 61
0 47 77
0 47 124
0 48 46
0 48 66
0 48 89
0 48 116
0 48 124
0 48 133
0 48 134
0 48 138
0 49 14
0 49 18
0 49 29
0 49 61
0 49 94
0 49 104
0 49 120
0 49 127
0 50 10
0 50 11
0 50 14
0 50 40
0 50 45
0 50 64
0 50 72
0 50 74
0 50 91
0 50 101
0 50 110
0 50 132
0 50 140
0 51 12
0 51 18
0 51 35
0 51 41
0 51 60
0 51 85
0 51 86
0 51 98
0 51 100
0 51 101
0 51 122
0 51 143
0 51 145
0 52 12
0 52 44
0 52 78
0 52 91
0 52 96
0 52 102
0 52 119
0 52 145
0 53 15
0 53 17
0 53 34
0 53 45
0 53 133
0 54 33
0 54 54
0 54 80
0 54 81
0 54 114
0 54 123
0 54 130
0 54 142
0 55 22
0 55 33
0 55 42
0 55 47
0 55 61
0 55 69
0 55 85
0 55 92
0 55 97
0 55 115
0 55 117
0 55 125
0 56 2
0 56 11
0 56 17
0 56 31
0 56 41
0 56 46
0 56 129
0 56 140
0 57 9
0 57 26
0 57 32
0 57 33
0 57 64
0 57 65
0 57 67
0 57 72
0 57 102
0 57 117
0 57 142
0 58 18
0 58 21
0 58 27
0 58 40
0 58 43
0 58 58
0 58 78
0 58 115
0 58 118
0 58 127
0 58 145
0 59 7
0 59 20
0 59 34
0 59 55
0 59 63
0 59 78
0 59 94
0 59 102
0 59 115
0 59 141
0 60 17
0 60 29
0 60 38
0 60 129
0 60 148
0 61 3
0 61 20
0 61 29
0 61 30
0 61 32
0 61 33
0 61 75
0 61 84
0 61 93
0 61 114
0 61 142
0 61 144
0 62 13
0 62 26
0 62 54
0 62 62
0 62 74
0 62 82
0 62 129
0 62 142
0 63 23
0 63 25
0 63 28
0 63 38
0 63 72
0 63 86
0 63 90
0 63 114
0 64 4
0 64 15
0 64 30
0 64 32
0 64 37
0 64 85
0 64 103
0 64 131
0 64 143
0 65 17
0 65 18
0 65 21
0 65 33
0 65 36
0 65 37
0 65 46
0 65 54
0 65 80
0 65 120
0 65 123
0 65 128
0 65 130
0 65 141
0 65 148
0 66 23
0 66 36
0 66 54
0 66 78
0 66 80
0 66 91
0 66 109
0 66 143
0 66 144
0 66 148
0 67 12
0 67 17
0 67 24
0 67 31
0 67 41
0 67 44
0 67 56
0 67 65
0 67 71
0 67 79
0 67 81
0 67 86
0 67 92
0 67 94
0 67 102
0 67 104
0 67 105
0 67 119
0 67 144
0 68 17
0 68 27
0 68 31
0 68 41
0 68 68
0 68 72
0 68 76
0 68 104
0 68 109
0 68 141
0 68 143
0 68 144
0 69 10
0 69 18
0 69 33
0 69 53
0 69 75
0 69 89
0 69 107
0 69 147
0 69 148
0 70 6
0 70 23
0 70 28
0 70 31
0 70 42
0 70 45
0 70 48
0 70 76
0 70 90
0 70 98
0 70 99
0 70 105
0 70 107
0 70 121
0 70 129
0 70 146
0 70 148
0 71 2
0 71 14
0 71 24
0 71 25
0 71 33
0 71 58
0 71 64
0 71 66
0 71 67
0 71 71
0 71 88
0 71 129
0 72 13
0 72 15
0 72 46
0 72 57
0 72 66
0 72 79
0 72 80
0 72 90
0 72 101
0 72 106
0 72 129
0 72 142
0 73 6
0 73 10
0 73 51
0 73 80
0 74 25
0 74 52
0 74 68
0 74 134
0 75 10
0 75 21
0 75 36
0 75 42
0 75 58
0 75 66
0 75 72
0 75 83
0 75 85
0 75 105
0 75 116
0 75 123
0 76 3
0 76 15
0 76 21
0 76 22
0 76 35
0 76 39
0 76 46
0 76 65
0 76 91
0 76 98
0 77 18
0 77 21
0 77 43
0 77 71
0 77 73
0 77 86
0 77 89
0 77 125
0 77 137
0 77 139
0 78 9
0 78 14
0 78 40
0 78 72
0 78 73
0 78 81
0 78 109
0 78 115
0 78 132
0 78 139
0 79 0
0 79 9
0 79 19
0 79 30
0 79 52
0 79 84
0 79 90
0 79 109
0 80 33
0 80 40
0 80 43
0 80 50
0 80 56
0 80 74
0 80 91
0 80 120
0 80 122
0 80 142
0 81 4
0 81 13
0 81 59
0 81 73
0 81 85
0 81 110
0 81 118
0 81 120
0 82 17
0 82 22
0 82 47
0 82 50
0 82 82
0 82 90
0 82 116
0 82 117
0 82 119
0 82 148
0 83 24
0 83 50
0 83 81
0 83 82
0 83 84
0 83 94
0 83 130
0 83 133
0 83 146
0 84 5
0 84 17
0 84 60
0 84 65
0 84 75
0 84 88
0 84 112
0 84 139
0 84 146
0 85 1
0 85 29
0 85 33
0 85 54
0 85 64
0 85 84
0 85 87
0 85 90
0 85 98
0 85 109
0 86 3
0 86 20
0 86 46
0 86 73
0 86 77
0 86 92
0 86 111
0 86 125
0 86 128
0 86 130
0 86 135
0 86 148
0 87 26
0 87 45
0 87 47
0 87 51
0 87 108
0 87 111
0 87 119
0 87 144
0 87 147
0 88 4
0 88 26
0 88 82
0 88 83
0 88 92
0 89 33
0 89 43
0 89 57
0 89 65
0 89 96
0 89 128
0 89 133
0 90 1
0 90 13
0 90 19
0 90 95
0 90 98
0 91 18
0 91 27
0 91 30
0 91 34
0 91 49
0 91 77
0 91 106
0 91 116
0 91 134
0 91 146
0 92 6
0 92 11
0 92 25
0 92 44
0 92 52
0 92 58
0 92 62
0 92 111
0 92 112
0 92 126
0 92 139
0 92 143
0 93 0
0 93 24
0 93 29
0 93 31
0 93 32
0 93 39
0 93 59
0 93 68
0 93 74
0 93 105
0 93 134
0 94 0
0 94 28
0 94 35
0 94 41
0 94 58
0 94 84
0 94 94
0 94 108
0 94 126
0 94 147
0 95 8
0 95 35
0 95 40
0 95 62
0 95 64
0 95 68
0 95 74
0 95 83
0 95 91
0 95 101
0 95 107
0 95 109
0 95 141
0 96 15
0 96 19
0 96 54
0 96 60
0 96 96
0 96 112
0 96 125
0 96 137
0 96 138
0 97 13
0 97 14
0 97 15
0 97 23
0 97 33
0 97 68
0 97 80
0 97 92
0 97 100
0 97 132
0 97 136
0 98 5
0 98 24
0 98 37
0 98 40
0 98 52
0 98 64
0 98 76
0 98 88
0 98 108
0 98 110
0 98 128
0 98 139
0 98 148
0 99 8
0 99 28
0 99 44
0 99 48
0 99 50
0 99 52
0 99 66
0 99 67
0 99 76
0 99 87
0 99 118
0 99 124
0 99 145
0 99 147
0 100 8
0 100 10
0 100 23
0 100 40
0 100 45
0 100 66
0 100 108
0 100 117
0 100 123
0 100 124
0 100 143
0 101 6
0 101 15
0 101 33
0 101 41
0 101 52
0 101 64
0 101 95
0 101 119
0 102 24
0 102 37
0 102 46
0 102 90
0 102 99
0 102 103
0 102 106
0 102 129
0 102 139
0 103 6
0 103 19
0 103 30
0 103 37
0 103 42
0 103 80
0 103 87
0 103 141
0 104 0
0 104 27
0 104 42
0 104 56
0 104 59
0 104 66
0 104 71
0 104 90
0 104 94
0 104 108
0 104 133
0 105 42
0 105 48
0 105 49
0 105 64
0 105 82
0 105 85
0 105 129
0 105 144
0 106 25
0 106 27
0 106 64
0 106 70
0 106 102
0 106 106
0 106 115
0 106 142
0 107 20
0 107 30
0 107 38
0 107 41
0 107 55
0 107 89
0 107 103
0 107 105
0 108 8
0 108 30
0 108 61
0 108 102
0 108 124
0 108 135
0 109 46
0 109 69
0 109 75
0 109 81
0 109 88
0 109 89
0 109 107
0 109 115
0 109 144
0 110 27
0 110 55
0 110 57
0 110 65
0 110 96
0 110 105
0 110 106
0 110 122
0 110 145
0 111 46
0 111 48
0 111 63
0 111 86
0 111 136
0 111 141
0 111 143
0 112 2
0 112 15
0 112 20
0 112 24
0 112 25
0 112 28
0 112 52
0 112 62
0 112 71
0 112 79
0 113 22
0 113 37
0 113 82
0 113 101
0 113 114
0 113 117
0 113 122
0 113 129
0 113 140
0 114 15
0 114 51
0 114 68
0 114 69
0 114 75
0 114 85
0 114 91
0 114 96
0 114 98
0 114 130
0 114 137
0 114 139
0 114 142
0 115 6
0 115 15
0 115 19
0 115 20
0 115 27
0 115 50
0 115 63
0 115 88
0 115 100
0 115 113
0 115 116
0 115 147
0 116 18
0 116 26
0 116 33
0 116 57
0 116 64
0 116 90
0 116 98
0 116 102
0 116 106
0 116 147
0 117 34
0 117 38
0 117 54
0 117 67
0 117 71
0 117 83
0 117 97
0 117 103
0 117 104
0 117 105
0 117 109
0 117 131
0 118 0
0 118 2
0 118 15
0 118 32
0 118 57
0 118 78
0 118 96
0 118 103
0 118 117
0 118 139
0 118 143
0 119 3
0 119 29
0 119 35
0 119 37
0 119 56
0 119 63
0 119 69
0 119 76
0 119 77
0 119 86
0 119 127
0 119 136
0 120 27
0 120 33
0 120 86
0 120 103
0 120 107
0 120 124
0 120 130
0 120 147
0 121 9
0 121 28
0 121 59
0 121 99
0 121 114
0 121 139
0 122 0
0 122 3
0 122 45
0 122 61
0 122 62
0 122 68
0 122 72
0 122 118
0 122 134
0 123 8
0 123 11
0 123 13
0 123 16
0 123 20
0 123 29
0 123 37
0 123 68
0 123 83
0 123 89
0 123 114
0 123 119
0 123 125
0 123 131
0 123 139
0 123 143
0 124 3
0 124 23
0 124 40
0 124 65
0 124 69
0 124 83
0 124 140
0 125 69
0 125 71
0 125 73
0 125 84
0 125 110
0 125 119
0 125 128
0 125 129
0 125 134
0 126 25
0 126 38
0 126 41
0 126 55
0 126 67
0 126 76
0 126 86
0 126 126
0 126 130
0 126 147
0 127 12
0 127 35
0 127 43
0 127 48
0 127 59
0 127 60
0 127 95
0 127 106
0 127 111
0 127 127
0 128 4
0 128 47
0 128 62
0 128 75
0 128 78
0 128 87
0 128 140
0 128 148
0 129 30
0 129 32
0 129 35
0 129 61
0 129 66
0 129 88
0 129 121
0 129 128
0 129 132
0 129 138
0 130 19
0 130 33
0 130 62
0 130 67
0 130 105
0 130 135
0 131 27
0 131 46
0 131 51
0 131 72
0 131 79
0 131 89
0 131 92
0 131 94
0 131 98
0 131 115
0 131 136
0 131 143
0 132 16
0 132 31
0 132 49
0 132 52
0 132 54
0 132 84
0 132 85
0 132 93
0 132 108
0 132 111
0 132 117
0 132 148
0 133 21
0 133 23
0 133 35
0 133 49
0 133 64
0 133 70
0 133 74
0 133 77
0 133 106
0 133 136
0 133 142
0 134 3
0 134 22
0 134 24
0 134 26
0 134 29
0 134 47
0 134 68
0 134 70
0 134 72
0 134 76
0 134 91
0 134 97
0 134 105
0 134 109
0 134 129
0 134 135
0 134 137
0 134 138
0 135 16
0 135 30
0 135 61
0 135 65
0 135 96
0 135 99
0 135 114
0 135 120
0 135 132
0 135 136
0 136 0
0 136 7
0 136 30
0 136 41
0 136 52
0 136 64
0 136 90
0 136 116
0 136 137
0 136 143
0 137 6
0 137 18
0 137 21
0 137 26
0 137 42
0 137 57
0 137 81
0 137 86
0 137 94
0 137 112
0 138 2
0 138 11
0 138 17
0 138 20
0 138 31
0 138 41
0 138 47
0 138 48
0 138 77
0 138 80
0 138 120
0 138 123
0 138 126
0 138 139
0 138 146
0 139 13
0 139 17
0 139 60
0 139 67
0 139 72
0 139 73
0 139 77
0 139 84
0 139 85
0 139 108
0 139 111
0 139 125
0 140 17
0 140 53
0 140 122
0 141 2
0 141 21
0 141 25
0 141 36
0 141 57
0 141 115
0 141 143
0 142 22
0 142 72
0 142 81
0 142 83
0 142 106
0 142 125
0 142 136
0 143 7
0 143 20
0 143 49
0 143 60
0 143 121
0 143 126
0 143 130
0 143 140
0 143 141
1 0 1
1 0 32
1 0 34
1 0 48
1 0 57
1 0 58
1 0 69
1 0 74
1 0 81
1 0 86
1 0 103
1 0 104
1 1 0
1 1 3
1 1 12
1 1 15
1 1 48
1 1 84
1 1 106
1 1 113
1 1 129
1 2 55
1 2 64
1 2 66
1 2 93
1 2 109
1 2 113
1 2 128
1 2 150
1 3 40
1 3 52
1 3 63
1 3 115
1 3 125
1 3 146
1 4 8
1 4 12
1 4 33
1 4 35
1 4 64
1 4 73
1 4 80
1 4 83
1 4 90
1 4 91
1 4 96
1 4 102
1 4 136
1 4 149
1 4 151
1 5 10
1 5 11
1 5 43
1 5 47
1 5 71
1 5 81
1 5 87
1 5 88
1 5 122
1 5 129
1 5 140
1 6 18
1 6 27
1 6 69
1 6 104
1 6 118
1 6 132
1 6 146
1 6 149
1 6 156
1 7 6
1 7 18
1 7 25
1 7 34
1 7 40
1 7 71
1 7 100
1 7 139
1 7 150
1 8 24
1 8 36
1 8 37
1 8 49
1 8 54
1 8 79
1 8 125
1 8 139
1 8 140
1 8 141
1 8 155
1 9 0
1 9 7
1 9 23
1 9 92
1 9 103
1 9 107
1 9 128
1 9 138
1 10 2
1 10 13
1 10 40
1 10 97
1 10 135
1 10 139
1 10 149
1 10 151
1 11 6
1 11 7
1 11 38
1 11 90
1 11 100
1 11 106
1 11 129
1 11 138
1 11 139
1 11 143
1 12 6
1 12 44
1 12 54
1 12 68
1 12 71
1 12 82
1 12 119
1 12 143
1 12 154
1 13 60
1 13 71
1 13 108
1 13 131
1 13 142
1 13 153
1 14 34
1 14 53
1 14 56
1 14 73
1 14 132
1 15 3
1 15 16
1 15 43
1 15 76
1 15 107
1 15 132
1 15 149
1 16 8
1 16 11
1 16 17
1 16 20
1 16 68
1 16 69
1 16 86
1 16 88
1 16 116
1 16 123
1 16 126
1 16 146
1 17 5
1 17 8
1 17 12
1 17 20
1 17 43
1 17 51
1 17 66
1 17 88
1 17 100
1 17 121
1 17 131
1 17 135
1 18 0
1 18 63
1 18 75
1 18 93
1 18 95
1 18 112
1 18 114
1 18 124
1 18 127
1 18 129
1 18 134
1 18 147
1 19 16
1 19 49
1 19 83
1 19 87
1 19 89
1 19 91
1 19 106
1 19 123
1 19 131
1 19 136
1 19 138
1 19 147
1 19 152
1 19 153
1 19 155
1 20 3
1 20 22
1 20 73
1 20 84
1 20 96
1 20 111
1 20 115
1 20 116
1 20 121
1 20 123
1 20 137
1 21 20
1 21 42
1 21 49
1 21 51
1 21 85
1 21 86
1 21 101
1 21 149
1 22 28
1 22 33
1 22 82
1 22 87
1 22 109
1 22 131
1 23 3
1 23 6
1 23 27
1 23 31
1 23 32
1 23 35
1 23 45
1 23 50
1 23 53
1 23 68
1 23 91
1 23 93
1 23 99
1 23 127
1 23 129
1 23 133
1 24 8
1 24 13
1 24 16
1 24 39
1 24 51
1 24 66
1 24 71
1 24 76
1 24 79
1 24 125
1 24 126
1 24 143
1 25 6
1 25 7
1 25 14
1 25 32
1 25 52
1 25 71
1 25 72
1 25 88
1 25 90
1 25 97
1 25 118
1 25 122
1 25 137
1 26 54
1 26 69
1 26 99
1 26 128
1 26 135
1 26 153
1 27 9
1 27 42
1 27 46
1 27 47
1 27 70
1 27 84
1 27 103
1 27 120
1 27 145
1 28 10
1 28 41
1 28 50
1 28 59
1 28 105
1 28 106
1 28 113
1 28 152
1 29 47
1 29 63
1 29 84
1 29 115
1 29 125
1 29 137
1 29 151
1 30 34
1 30 39
1 30 55
1 30 56
1 30 66
1 30 83
1 30 87
1 30 136
1 30 137
1 30 138
1 31 34
1 31 35
1 31 36
1 31 65
1 31 80
1 31 87
1 31 131
1 32 28
1 32 32
1 32 49
1 32 56
1 32 61
1 32 74
1 32 76
1 32 85
1 32 107
1 32 108
1 32 120
1 32 131
1 33 11
1 33 13
1 33 16
1 33 25
1 33 41
1 33 42
1 33 47
1 33 62
1 33 67
1 33 70
1 33 76
1 33 86
1 33 93
1 33 94
1 33 99
1 33 120
1 33 123
1 33 126
1 33 142
1 33 148
1 33 149
1 34 9
1 34 39
1 34 43
1 34 63
1 34 67
1 34 101
1 34 110
1 34 120
1 34 138
1 35 9
1 35 26
1 35 30
1 35 45
1 35 113
1 35 130
1 35 147
1 35 156
1 36 35
1 36 40
1 36 58
1 36 91
1 36 111
1 36 114
1 36 126
1 36 133
1 36 156
1 37 47
1 37 88
1 37 91
1 37 96
1 37 111
1 37 116
1 37 141
1 37 150
1 38 4
1 38 6
1 38 22
1 38 27
1 38 57
1 38 58
1 38 62
1 38 74
1 38 75
1 38 90
1 38 94
1 38 95
1 38 100
1 38 140
1 39 14
1 39 39
1 39 46
1 39 80
1 39 98
1 39 109
1 39 121
1 39 122
1 39 133
1 39 144
1 39 151
1 40 10
1 40 26
1 40 29
1 40 33
1 40 35
1 40 51
1 40 69
1 40 71
1 40 73
1 40 76
1 40 83
1 40 85
1 40 120
1 40 127
1 40 131
1 40 133
1 40 149
1 41 1
1 41 37
1 41 47
1 41 51
1 41 52
1 41 60
1 41 103
1 41 118
1 41 141
1 42 12
1 42 54
1 42 77
1 42 94
1 42 123
1 42 145
1 43 3
1 43 12
1 43 30
1 43 35
1 43 46
1 43 50
1 43 58
1 43 91
1 43 115
1 43 134
1 44 7
1 44 20
1 44 60
1 44 66
1 44 74
1 44 81
1 44 99
1 44 117
1 44 137
1 44 146
1 45 28
1 45 30
1 45 54
1 45 59
1 45 60
1 45 77
1 45 78
1 45 82
1 45 95
1 45 127
1 45 146
1 45 153
1 45 155
1 45 156
1 46 22
1 46 46
1 46 68
1 46 69
1 46 70
1 46 79
1 46 105
1 46 143
1 47 6
1 47 30
1 47 38
1 47 48
1 47 59
1 47 68
1 47 84
1 47 90
1 47 108
1 47 110
1 47 114
1 47 118
1 47 129
1 47 130
1 47 140
1 47 151
1 48 37
1 48 52
1 48 83
1 48 103
1 48 123
1 48 134
1 48 142
1 48 145
1 48 147
1 48 150
1 48 151
1 49 4
1 49 19
1 49 27
1 49 46
1 49 63
1 49 90
1 49 100
1 49 106
1 49 140
1 49 141
1 49 151
1 49 153
1 50 1
1 50 23
1 50 48
1 50 65
1 50 84
1 50 97
1 50 124
1 50 154
1 51 13
1 51 24
1 51 56
1 51 64
1 51 94
1 51 140
1 51 147
1 51 151
1 51 155
1 52 1
1 52 19
1 52 24
1 52 28
1 52 51
1 52 71
1 52 77
1 52 89
1 52 94
1 52 103
1 52 117
1 52 129
1 52 133
1 52 141
1 53 8
1 53 32
1 53 38
1 53 42
1 53 58
1 53 78
1 53 103
1 53 112
1 53 119
1 53 130
1 53 139
1 53 148
1 53 153
1 54 51
1 54 56
1 54 57
1 54 70
1 54 82
1 54 86
1 54 99
1 54 134
1 54 141
1 54 142
1 54 152
1 54 156
1 55 63
1 55 103
1 55 106
1 55 125
1 55 149
1 55 156
1 56 10
1 56 11
1 56 12
1 56 21
1 56 25
1 56 27
1 56 34
1 56 35
1 56 41
1 56 47
1 56 74
1 56 78
1 56 90
1 56 101
1 56 114
1 56 132
1 56 155
1 57 6
1 57 33
1 57 45
1 57 51
1 57 73
1 57 85
1 57 90
1 57 102
1 57 123
1 57 127
1 57 128
1 57 138
1 57 148
1 57 150
1 57 151
1 58 1
1 58 7
1 58 30
1 58 34
1 58 48
1 58 50
1 58 65
1 58 83
1 58 103
1 58 123
1 58 127
1 58 129
1 59 2
1 59 7
1 59 14
1 59 20
1 59 24
1 59 32
1 59 44
1 59 47
1 59 60
1 59 85
1 59 94
1 59 133
1 59 141
1 59 150
1 60 5
1 60 21
1 60 22
1 60 40
1 60 60
1 60 67
1 60 68
1 60 74
1 60 75
1 60 77
1 60 79
1 60 107
1 60 113
1 60 139
1 60 143
1 61 12
1 61 18
1 61 22
1 61 38
1 61 40
1 61 70
1 61 101
1 61 112
1 61 113
1 61 114
1 61 122
1 61 132
1 62 4
1 62 25
1 62 29
1 62 46
1 62 48
1 62 55
1 62 68
1 62 71
1 62 76
1 62 78
1 62 84
1 62 93
1 62 102
1 62 134
1 62 142
1 62 144
1 62 150
1 63 2
1 63 8
1 63 21
1 63 32
1 63 33
1 63 44
1 63 84
1 63 96
1 63 102
1 63 119
1 63 124
1 63 132
1 63 135
1 63 141
1 63 154
1 64 1
1 64 6
1 64 20
1 64 37
1 64 60
1 64 65
1 64 79
1 64 88
1 64 91
1 64 93
1 64 100
1 64 127
1 64 131
1 64 141
1 64 143
1 65 1
1 65 24
1 65 39
1 65 40
1 65 52
1 65 55
1 65 60
1 65 79
1 65 90
1 65 98
1 65 154
1 65 155
1 66 3
1 66 4
1 66 10
1 66 54
1 66 63
1 66 71
1 66 92
1 66 95
1 66 103
1 66 111
1 66 125
1 66 138
1 66 156
1 67 7
1 67 19
1 67 22
1 67 37
1 67 56
1 67 65
1 67 66
1 67 68
1 67 83
1 67 111
1 67 121
1 68 9
1 68 16
1 68 20
1 68 40
1 68 41
1 68 44
1 68 106
1 68 107
1 68 124
1 68 141
1 69 17
1 69 25
1 69 34
1 69 41
1 69 53
1 69 56
1 69 94
1 69 115
1 70 53
1 70 70
1 70 90
1 70 119
1 70 124
1 70 135
1 70 136
1 70 142
1 70 156
1 71 6
1 71 11
1 71 56
1 71 84
1 71 89
1 71 103
1 71 122
1 71 128
1 71 135
1 71 141
1 71 156
1 72 8
1 72 16
1 72 25
1 72 51
1 72 82
1 72 87
1 72 99
1 72 104
1 72 106
1 72 123
1 72 124
1 72 125
1 72 128
1 72 129
1 72 139
1 72 142
1 73 2
1 73 5
1 73 24
1 73 50
1 73 64
1 73 72
1 73 78
1 73 133
1 73 137
1 73 144
1 74 10
1 74 16
1 74 29
1 74 58
1 74 82
1 74 91
1 75 2
1 75 10
1 75 17
1 75 51
1 75 62
1 75 74
1 75 99
1 75 101
1 75 152
1 75 156
1 76 2
1 76 33
1 76 61
1 76 64
1 76 99
1 76 105
1 76 107
1 76 112
1 76 114
1 76 121
1 76 131
1 76 141
1 76 152
1 76 154
1 77 34
1 77 52
1 77 78
1 77 79
1 77 80
1 77 90
1 77 99
1 77 110
1 77 120
1 78 10
1 78 23
1 78 32
1 78 45
1 78 55
1 78 59
1 78 71
1 78 77
1 78 123
1 78 138
1 79 13
1 79 15
1 79 19
1 79 40
1 79 95
1 79 114
1 79 131
1 79 136
1 80 0
1 80 76
1 80 84
1 80 95
1 80 102
1 80 106
1 80 108
1 80 131
1 80 140
1 80 142
1 81 90
1 81 100
1 82 16
1 82 31
1 82 38
1 82 43
1 82 47
1 82 53
1 82 74
1 82 80
1 82 88
1 82 91
1 82 96
1 82 120
1 82 136
1 82 142
1 82 148
1 82 153
1 82 156
1 83 6
1 83 19
1 83 29
1 83 62
1 83 63
1 83 73
1 83 100
1 83 106
1 83 116
1 84 0
1 84 3
1 84 31
1 84 38
1 84 40
1 84 56
1 84 61
1 84 75
1 84 117
1 84 128
1 84 142
1 84 154
1 84 156
1 85 0
1 85 9
1 85 24
1 85 31
1 85 37
1 85 58
1 85 61
1 85 64
1 85 73
1 85 83
1 85 94
1 85 103
1 85 111
1 86 4
1 86 5
1 86 18
1 86 20
1 86 36
1 86 47
1 86 56
1 86 67
1 86 84
1 86 139
1 86 155
1 87 2
1 87 17
1 87 42
1 87 57
1 87 85
1 87 102
1 87 110
1 87 146
1 88 6
1 88 11
1 88 32
1 88 39
1 88 41
1 88 89
1 88 106
1 88 110
1 88 111
1 88 131
1 88 143
1 89 0
1 89 5
1 89 20
1 89 23
1 89 34
1 89 46
1 89 49
1 89 59
1 89 74
1 89 103
1 89 109
1 89 128
1 89 129
1 90 13
1 90 30
1 90 33
1 90 37
1 90 49
1 90 50
1 90 104
1 90 109
1 90 127
1 91 6
1 91 26
1 91 27
1 91 28
1 91 32
1 91 33
1 91 55
1 91 66
1 91 125
1 91 127
1 91 134
1 91 139
1 91 144
1 91 155
1 92 3
1 92 15
1 92 31
1 92 46
1 92 54
1 92 57
1 92 69
1 92 84
1 92 85
1 92 146
1 92 149
1 92 150
1 93 8
1 93 11
1 93 24
1 93 38
1 93 72
1 93 110
1 93 113
1 93 117
1 93 135
1 94 2
1 94 3
1 94 4
1 94 38
1 94 45
1 94 69
1 94 70
1 94 78
1 94 88
1 94 97
1 94 123
1 94 145
1 94 156
1 95 4
1 95 14
1 95 25
1 95 76
1 95 84
1 95 86
1 95 98
1 95 105
1 95 108
1 95 113
1 95 142
1 96 23
1 96 27
1 96 31
1 96 60
1 96 66
1 96 68
1 96 79
1 96 89
1 96 114
1 96 115
1 96 125
1 96 144
1 96 147
1 97 23
1 97 32
1 97 51
1 97 64
1 97 78
1 97 82
1 97 110
1 97 112
1 97 143
1 97 154
1 98 9
1 98 22
1 98 38
1 98 51
1 98 55
1 98 65
1 98 83
1 98 97
1 98 98
1 98 121
1 98 132
1 98 149
1 99 16
1 99 18
1 99 29
1 99 36
1 99 44
1 99 50
1 99 54
1 99 81
1 99 83
1 99 85
1 99 127
1 100 5
1 100 15
1 100 46
1 100 47
1 100 61
1 100 75
1 100 80
1 100 106
1 100 146
1 100 147
1 101 0
1 101 19
1 101 23
1 101 32
1 101 34
1 101 88
1 101 148
1 101 154
1 102 20
1 102 27
1 102 28
1 102 39
1 102 52
1 102 71
1 102 75
1 102 101
1 102 111
1 102 135
1 102 143
1 102 146
1 103 3
1 103 12
1 103 52
1 103 68
1 103 74
1 103 97
1 103 109
1 103 115
1 103 126
1 103 146
1 103 152
1 104 34
1 104 54
1 104 72
1 104 134
1 104 151
1 105 23
1 105 35
1 105 75
1 105 80
1 105 100
1 105 103
1 105 126
1 105 135
1 105 138
1 105 141
1 105 144
1 105 148
1 106 35
1 106 38
1 106 45
1 106 59
1 106 125
1 107 1
1 107 6
1 107 17
1 107 58
1 107 72
1 107 78
1 107 81
1 107 84
1 107 92
1 107 101
1 107 103
1 107 122
1 107 135
1 107 136
1 107 148
1 108 6
1 108 14
1 108 17
1 108 21
1 108 27
1 108 36
1 108 42
1 108 45
1 108 62
1 108 76
1 108 105
1 108 110
1 108 113
1 108 118
1 108 127
1 108 155
1 109 16
1 109 38
1 109 78
1 109 116
1 109 129
1 109 152
1 110 13
1 110 19
1 110 54
1 110 60
1 110 83
1 110 99
1 110 129
1 110 132
1 110 155
1 111 7
1 111 19
1 111 20
1 111 28
1 111 43
1 111 55
1 111 58
1 111 80
1 111 83
1 111 100
1 111 153
1 111 154
1 112 10
1 112 27
1 112 110
1 112 120
1 112 141
1 112 147
1 112 155
1 113 5
1 113 24
1 113 46
1 113 53
1 113 54
1 113 75
1 113 76
1 113 79
1 113 111
1 113 123
1 113 129
1 113 131
1 113 134
1 114 1
1 114 22
1 114 49
1 114 57
1 114 69
1 114 87
1 114 93
1 114 107
1 114 123
1 114 129
1 114 155
1 115 2
1 115 38
1 115 58
1 115 83
1 115 93
1 115 121
1 115 126
1 115 129
1 115 145
1 115 154
1 116 34
1 116 44
1 116 54
1 116 55
1 116 57
1 116 67
1 116 70
1 116 92
1 116 113
1 116 146
1 117 8
1 117 22
1 117 29
1 117 44
1 117 88
1 117 97
1 117 116
1 118 11
1 118 42
1 118 51
1 118 80
1 118 101
1 118 107
1 118 125
1 118 134
1 118 139
1 118 141
1 119 5
1 119 12
1 119 21
1 119 40
1 119 43
1 119 47
1 119 69
1 119 89
1 119 108
1 119 128
1 119 150
1 120 0
1 120 65
1 120 84
1 120 128
1 120 154
1 121 20
1 121 21
1 121 26
1 121 45
1 121 50
1 121 56
1 121 94
1 121 96
1 121 100
1 121 112
1 121 113
1 121 122
1 121 133
1 121 150
1 122 31
1 122 65
1 122 72
1 122 82
1 122 95
1 122 97
1 122 139
1 123 1
1 123 8
1 123 13
1 123 38
1 123 44
1 123 46
1 123 60
1 123 105
1 123 110
1 123 144
1 124 5
1 124 10
1 124 12
1 124 39
1 124 40
1 124 57
1 124 67
1 124 74
1 124 99
1 124 104
1 124 106
1 124 108
1 124 135
1 125 12
1 125 20
1 125 28
1 125 39
1 125 48
1 125 50
1 125 80
1 125 85
1 125 87
1 125 116
1 125 129
1 126 12
1 126 61
1 126 77
1 126 85
1 126 88
1 126 103
1 126 114
1 126 148
1 126 152
1 126 154
1 127 3
1 127 12
1 127 27
1 127 29
1 127 39
1 127 48
1 127 64
1 127 71
1 127 73
1 127 80
1 127 84
1 127 96
1 127 109
1 127 126
1 127 138
1 128 2
1 128 6
1 128 9
1 128 10
1 128 11
1 128 16
1 128 20
1 128 43
1 128 76
1 128 94
1 128 98
1 128 121
1 128 151
1 129 10
1 129 21
1 129 29
1 129 41
1 129 47
1 129 101
1 129 105
1 129 106
1 129 109
1 129 139
1 129 156
1 130 17
1 130 25
1 130 33
1 130 39
1 130 41
1 130 46
1 130 52
1 130 63
1 130 73
1 130 80
1 130 89
1 130 129
1 130 134
1 130 151
1 130 152
1 131 1
1 131 11
1 131 20
1 131 33
1 131 40
1 131 46
1 131 47
1 131 68
1 131 77
1 131 80
1 131 97
1 131 124
1 131 133
1 131 137
1 131 150
1 131 154
1 132 16
1 132 29
1 132 34
1 132 61
1 132 62
1 132 64
1 132 67
1 132 72
1 132 77
1 132 86
1 132 90
1 132 99
1 132 119
1 132 147
1 133 2
1 133 11
1 133 31
1 133 42
1 133 53
1 133 54
1 133 80
1 133 107
1 133 130
1 133 139
1 133 144
1 134 23
1 134 30
1 134 67
1 134 82
1 134 111
1 134 127
1 134 131
1 134 151
1 135 13
1 135 33
1 135 38
1 135 125
1 135 127
1 135 132
1 135 134
1 135 138
1 135 144
1 136 32
1 136 63
1 136 72
1 136 81
1 136 105
1 136 130
1 136 150
1 136 156
1 137 8
1 137 16
1 137 47
1 137 58
1 137 84
1 137 122
1 137 144
1 137 146
1 138 22
1 138 42
1 138 43
1 138 50
1 138 59
1 138 111
1 138 140
1 139 25
1 139 118
1 139 135
1 139 155
1 140 31
1 140 72
1 140 76
1 140 78
1 140 155
1 141 0
1 141 9
1 141 26
1 141 46
1 141 51
1 141 62
1 141 85
1 141 89
1 141 96
1 141 97
1 141 120
1 141 135
1 142 26
1 142 41
1 142 52
1 142 70
1 142 75
1 142 84
1 142 95
1 142 98
1 142 119
1 142 123
1 142 124
1 142 132
1 142 153
1 143 23
1 143 65
1 143 96
1 143 98
1 143 100
1 143 101
1 143 105
1 143 107
1 143 116
1 143 136
1 144 6
1 144 10
1 144 14
1 144 16
1 144 21
1 144 38
1 144 52
1 144 54
1 144 76
1 144 77
1 144 92
1 144 103
1 144 120
1 144 139
1 144 145
1 144 154
1 145 11
1 145 24
1 145 27
1 145 43
1 145 45
1 145 70
1 145 79
1 145 95
1 145 102
1 145 114
1 145 118
1 145 136
1 146 19
1 146 31
1 146 38
1 146 56
1 146 62
1 146 71
1 146 73
1 146 102
1 146 122
1 146 130
1 146 149
1 146 156
1 147 1
1 147 14
1 147 82
1 147 123
1 147 148
1 148 2
1 148 30
1 148 64
1 148 70
1 148 71
1 148 87
1 148 98
1 148 152