6377
9
196 196 196 196 196 197 199 196 197
3337

0 406 0 541 703 0 0 0 892 3 655 0 295 0 42 666 0 0 159 0 0 535 847 831 0 708 709 0 703 427 0 783 0 0 447 383 0 0 0 835 0 0 737 879 473 25 0 964 339 553 0 231 214 0 0 361 901 0 0 716 27 0 0 0 263 571 0 0 269 0 0 0 806 0 44 0 0 0 0 0 0 0 0 0 928 57 58 39 0 98 0 0 0 0 64 83 16 13 56 91 0 0 12 0 0 98 0 0 0 9 0 81 94 67 0 66 0 0 45 0 48 50 39 34 31 46 0 82 0 97 0 54 74 32 80 74 75 52 25 0 0 63 0 0 75 11 0 68 78 0 19 62 62 83 89 59 0 0 0 82 39 0 0 1 39 17 63 38 38 9 76 0 32 70 0 20 36 13 23 42 17 0 8 0 50 0 41 0 0 0 9 0 0 0 0 27
0 238 0 213 923 0 0 320 551 0 333 104 206 0 0 0 0 14 0 0 0 0 0 0 224 917 961 299 720 0 0 42 0 148 508 0 911 0 0 0 0 750 0 0 511 0 0 835 146 0 0 0 0 719 0 0 69 965 916 956 257 0 0 851 409 248 0 0 949 0 95 452 133 0 0 596 0 995 860 110 0 0 0 0 0 60 65 0 48 58 0 96 0 86 85 6 0 17 0 20 15 26 0 0 0 43 0 65 89 0 50 0 0 7 52 36 0 93 40 79 91 3 64 78 0 0 0 0 0 0 7 0 100 0 0 86 6 0 0 0 0 66 0 0 0 15 0 0 0 68 0 98 38 87 0 8 0 76 94 28 0 41 0 0 0 0 0 0 0 95 0 69 0 0 0 0 0 60 0 2 19 74 53 0 0 0 0 0 53 0 67 84 0 58 65 0
0 949 0 0 0 0 355 2 568 0 465 949 0 382 0 0 414 0 0 419 0 0 702 0 68 820 521 638 0 778 524 0 797 108 0 774 37 0 191 400 0 0 0 95 0 0 0 0 0 0 0 783 0 0 0 478 0 0 0 0 0 0 418 314 34 395 493 257 0 331 0 0 770 621 339 0 0 396 0 0 636 241 130 889 554 78 6 88 36 5 0 44 41 17 99 0 0 95 0 0 0 0 69 28 0 66 0 0 0 0 86 0 0 54 0 47 7 0 1 0 0 0 0 1 65 17 0 50 0 31 83 59 0 89 0 0 7 0 0 0 94 8 0 72 0 32 61 25 0 0 0 12 0 60 25 0 0 0 0 0 26 0 73 28 0 0 97 0 9 0 0 15 93 24 72 0 0 62 45 0 65 0 39 0 0 0 0 0 86 50 0 0 51 58 2 87
946 0 865 392 0 0 338 434 0 0 0 398 0 136 0 407 4 0 589 0 515 0 548 27 0 0 666 0 0 423 0 730 767 0 0 187 0 483 0 0 0 499 117 0 409 744 0 0 0 0 0 0 0 25 827 0 173 0 0 0 645 284 0 0 877 20 0 125 514 219 0 0 0 51 12 0 0 272 666 0 0 0 0 637 278 39 0 69 21 0 0 0 3 0 0 98 24 54 78 25 81 5 57 0 25 0 40 0 0 0 0 62 0 1 0 0 70 0 98 0 33 89 64 43 0 0 0 0 0 12 0 0 0 42 28 0 61 0 0 0 0 0 0 0 0 0 0 70 0 18 67 66 14 77 0 9 53 59 75 8 0 0 0 73 0 13 0 0 0 81 0 0 62 64 7 84 0 0 58 0 0 41 0 0 0 73 46 84 0 45 55 0 0 0 36 0
402 0 0 0 0 213 601 129 0 0 15 0 565 553 0 842 948 0 506 619 0 0 0 0 598 338 0 0 0 163 126 0 588 444 0 0 777 0 547 116 0 0 0 246 434 143 0 0 882 181 816 0 817 801 0 0 181 0 796 0 644 46 147 0 0 0 0 981 151 0 0 0 0 439 69 888 347 0 0 0 0 0 455 0 750 45 52 0 0 0 0 0 45 0 54 0 87 35 0 3 98 62 74 0 51 0 0 67 66 48 0 0 2 45 82 53 0 31 9 0 54 0 87 81 0 32 54 0 0 20 0 84 89 0 55 0 0 8 7 0 50 0 0 41 63 0 0 0 17 0 0 55 97 0 0 0 0 0 75 0 0 83 0 48 0 51 0 0 0 85 67 74 49 78 0 22 0 60 0 0 59 0 83 0 55 0 66 0 0 0 46 64 63 30 52 72
608 0 146 27 714 242 0 913 293 536 752 495 0 0 0 222 19 981 752 0 0 731 0 0 627 788 995 0 0 799 0 0 0 522 0 884 430 0 543 255 545 0 346 0 0 0 346 0 1 234 0 276 0 695 0 24 549 398 31 0 0 240 426 0 901 144 862 0 331 0 660 0 0 421 0 0 0 769 0 0 0 929 989 474 657 393 21 0 8 0 97 0 81 56 0 0 86 0 0 61 0 19 93 0 0 41 95 19 0 0 68 0 83 97 3 0 39 0 0 93 95 0 0 0 21 40 0 83 21 0 50 0 61 0 90 80 0 66 72 65 0 43 19 5 0 69 0 0 0 0 65 85 3 0 80 6 34 80 66 40 94 0 0 100 0 14 0 0 55 95 90 72 73 0 20 0 33 88 24 0 0 15 86 50 4 0 0 89 77 75 0 50 0 38 0 0 88
0 929 931 14 0 0 860 0 0 416 0 45 0 0 0 0 0 0 681 405 0 232 771 0 0 0 465 0 0 0 0 0 0 784 384 244 423 168 654 859 0 432 0 0 0 850 0 956 866 0 0 0 395 646 0 605 439 93 681 113 842 0 0 730 520 0 695 0 0 0 0 0 949 0 0 0 789 0 962 0 0 0 517 17 833 963 0 28 0 0 0 79 0 0 0 0 0 0 47 50 0 37 22 0 89 87 37 0 21 94 53 89 87 0 0 2 0 0 66 0 62 0 0 2 0 93 50 0 0 0 0 0 0 61 0 21 20 94 0 9 0 53 0 52 57 0 0 0 56 88 16 95 81 52 0 0 1 0 62 33 86 0 100 0 77 65 0 81 0 17 0 0 0 94 0 11 14 46 10 0 52 0 0 44 0 99 21 5 45 0 8 0 39 0 15 0 0 0 89
0 0 488 0 192 0 0 482 676 454 304 218 0 0 168 111 0 934 0 25 0 309 0 0 462 939 38 0 0 0 0 0 162 0 115 0 249 0 0 0 0 394 0 145 864 0 0 0 0 0 0 0 0 0 0 648 0 0 969 0 0 965 0 0 29 0 0 0 252 0 643 0 939 0 189 860 865 376 255 0 0 635 548 122 0 35 20 56 76 15 52 0 0 76 0 3 0 0 0 99 0 0 0 5 94 0 96 44 53 0 0 57 86 46 0 79 0 23 0 44 0 60 0 0 68 0 0 0 0 64 0 4 0 0 78 0 0 69 0 0 0 0 0 0 85 76 19 0 26 0 0 0 22 0 68 0 98 0 0 0 53 52 0 4 39 90 0 0 0 0 97 0 0 0 49 0 0 0 0 0 0 55 0 69 0 0 14 0 47 47 0 27 71 0 0 33
251 244 0 572 549 86 0 0 985 883 149 0 0 0 0 359 79 392 0 439 0 203 761 298 0 0 0 254 0 0 363 0 769 982 677 955 28 790 0 0 696 0 459 472 193 13 0 409 950 432 374 54 0 839 568 0 0 928 0 0 810 101 605 0 0 0 0 0 613 189 0 30 0 0 0 0 996 917 0 0 747 0 0 0 783 760 36 0 0 3 66 52 0 0 0 0 37 0 63 54 27 84 0 95 57 74 88 0 44 37 79 0 99 56 0 0 19 0 0 18 35 38 0 0 47 0 91 22 0 0 57 0 0 0 98 34 0 0 31 0 0 0 0 0 46 79 0 0 9 0 0 0 0 0 0 0 70 45 0 0 0 33 93 0 0 93 0 14 0 56 0 0 49 0 0 0 9 0 44 13 14 0 40 59 0 9 0 0 76 27 0 0 0 5 11 0 57

0 0 20
0 0 46
0 0 51
0 0 66
0 1 15
0 2 65
0 3 13
0 3 44
0 3 48
0 3 55
0 3 116
0 3 121
0 3 147
0 4 106
0 4 112
0 5 19
0 5 48
0 6 36
0 6 143
0 7 15
0 7 42
0 7 49
0 7 56
0 8 87
0 9 0
0 10 1
0 10 37
0 11 2
0 11 6
0 11 16
0 11 73
0 12 162
0 13 14
0 13 19
0 13 21
0 13 25
0 13 46
0 13 47
0 13 63
0 13 84
0 13 155
0 14 9
0 14 14
0 14 27
0 14 70
0 15 22
0 16 17
0 16 104
0 17 0
0 17 20
0 17 92
0 17 107
0 18 0
0 18 32
0 18 96
0 18 126
0 19 64
0 19 184
0 20 17
0 21 6
0 21 69
0 21 74
0 21 80
0 21 109
0 21 158
0 22 36
0 22 39
0 22 79
0 23 47
0 23 72
0 23 79
0 24 5
0 24 13
0 25 48
0 25 60
0 25 83
0 26 14
0 26 53
0 26 79
0 26 85
0 27 18
0 27 51
0 27 164
0 28 4
0 28 63
0 28 67
0 29 8
0 29 52
0 29 62
0 30 37
0 30 52
0 31 58
0 32 77
0 32 186
0 33 28
0 34 17
0 34 82
0 35 55
0 36 10
0 36 46
0 36 69
0 36 70
0 36 159
0 37 0
0 37 30
0 37 61
0 37 99
0 38 101
0 39 51
0 39 152
0 40 25
0 40 63
0 40 77
0 41 28
0 41 58
0 41 79
0 42 13
0 42 20
0 42 34
0 42 165
0 43 11
0 43 45
0 43 65
0 43 78
0 43 132
0 43 150
0 44 44
0 44 57
0 44 67
0 45 8
0 45 80
0 45 132
0 46 22
0 46 66
0 47 38
0 47 40
0 47 54
0 47 64
0 47 71
0 47 81
0 47 160
0 48 15
0 48 59
0 48 84
0 48 154
0 49 25
0 49 26
0 49 39
0 49 59
0 49 69
0 49 129
0 50 61
0 50 80
0 52 48
0 53 13
0 53 49
0 53 69
0 53 96
0 53 98
0 54 178
0 55 15
0 55 99
0 56 32
0 56 40
0 56 153
0 57 7
0 58 24
0 58 40
0 58 42
0 58 48
0 58 91
0 59 0
0 60 22
0 60 90
0 60 104
0 61 9
0 61 163
0 62 23
0 62 60
0 62 65
0 62 108
0 62 164
0 63 1
0 63 32
0 63 68
0 63 160
0 64 63
0 64 67
0 64 74
0 64 173
0 65 15
0 65 37
0 66 115
0 68 9
0 69 22
0 69 35
0 69 61
0 69 72
0 69 194
0 70 2
0 71 9
0 71 152
0 72 12
0 72 18
0 72 20
0 72 32
0 73 31
0 73 55
0 73 164
0 73 174
0 74 66
0 74 89
0 75 17
0 75 41
0 75 84
0 75 135
0 76 7
0 76 60
0 76 79
0 77 7
0 77 49
0 77 94
0 77 189
0 78 17
0 78 61
0 80 2
0 81 63
0 81 75
0 82 43
0 82 67
0 82 70
0 83 54
0 83 70
0 85 157
0 86 81
0 86 135
0 86 157
0 87 106
0 88 69
0 88 109
0 90 172
0 91 117
0 92 169
0 93 139
0 93 166
0 94 133
0 94 141
0 95 180
0 96 0
0 97 48
0 97 96
0 97 98
0 98 149
0 99 139
0 100 3
0 100 21
0 100 101
0 100 145
0 101 25
0 101 100
0 101 143
0 102 95
0 102 145
0 102 165
0 106 51
0 106 188
0 107 133
0 107 134
0 107 145
0 107 176
0 107 191
0 108 54
0 109 46
0 109 90
0 109 111
0 109 127
0 110 31
0 111 147
0 113 82
0 114 156
0 115 77
0 115 90
0 115 103
0 115 128
0 116 77
0 117 43
0 117 72
0 117 159
0 118 179
0 119 194
0 120 114
0 120 189
0 121 63
0 121 191
0 122 13
0 123 72
0 123 178
0 125 74
0 125 137
0 125 160
0 126 82
0 127 63
0 128 167
0 129 89
0 129 107
0 129 179
0 130 27
0 130 86
0 131 32
0 131 99
0 131 182
0 132 145
0 132 193
0 133 116
0 134 82
0 134 133
0 136 82
0 137 6
0 138 162
0 138 168
0 138 188
0 139 0
0 140 70
0 141 63
0 142 3
0 142 20
0 143 45
0 143 95
0 144 17
0 144 67
0 144 99
0 145 44
0 145 91
0 146 65
0 147 115
0 147 142
0 148 89
0 150 94
0 151 108
0 152 117
0 152 140
0 152 168
0 154 125
0 157 33
0 158 106
0 158 125
0 158 133
0 159 127
0 160 171
0 161 125
0 161 189
0 162 38
0 163 171
0 163 186
0 164 37
0 164 74
0 164 145
0 165 37
0 165 87
0 166 120
0 166 141
0 167 0
0 167 151
0 168 28
0 168 104
0 169 30
0 169 64
0 169 89
0 170 66
0 170 106
0 171 153
0 172 95
0 172 131
0 173 9
0 173 75
0 173 191
0 174 102
0 174 144
0 174 168
0 175 42
0 175 64
0 175 123
0 177 10
0 178 19
0 178 131
0 178 184
0 179 12
0 179 159
0 179 165
0 180 164
0 181 55
0 181 136
0 181 140
0 182 106
0 182 119
0 186 5
0 187 19
0 187 195
0 188 44
0 189 43
0 189 49
0 191 58
0 191 60
0 191 62
0 191 86
0 192 5
0 192 91
0 193 75
0 193 100
1 0 1
1 0 13
1 0 36
1 0 59
1 1 31
1 1 33
1 1 57
1 1 61
1 1 69
1 2 2
1 2 45
1 2 46
1 2 61
1 2 65
1 2 75
1 3 10
1 3 58
1 4 43
1 4 49
1 4 58
1 4 83
1 4 190
1 5 38
1 6 9
1 6 11
1 6 102
1 7 1
1 7 6
1 7 36
1 7 78
1 8 6
1 8 27
1 8 64
1 8 190
1 9 3
1 9 139
1 9 161
1 10 0
1 10 18
1 10 34
1 10 48
1 10 51
1 10 113
1 10 177
1 10 189
1 11 12
1 11 76
1 11 80
1 12 77
1 13 65
1 15 2
1 15 50
1 16 77
1 16 138
1 18 31
1 18 75
1 18 174
1 19 41
1 19 81
1 20 7
1 20 27
1 20 53
1 20 89
1 20 152
1 20 184
1 21 67
1 21 75
1 22 20
1 22 27
1 22 169
1 23 22
1 23 67
1 23 93
1 23 96
1 24 22
1 24 29
1 24 38
1 24 72
1 24 121
1 25 4
1 25 160
1 26 73
1 27 38
1 28 36
1 28 45
1 28 63
1 28 73
1 28 82
1 28 134
1 29 36
1 29 39
1 31 18
1 31 78
1 31 79
1 32 19
1 32 68
1 32 131
1 33 26
1 33 74
1 34 55
1 35 31
1 35 53
1 35 58
1 35 74
1 36 2
1 36 15
1 36 40
1 36 81
1 36 116
1 37 49
1 37 70
1 38 1
1 38 8
1 38 103
1 38 152
1 39 28
1 39 33
1 40 23
1 40 28
1 40 29
1 40 39
1 40 81
1 40 174
1 41 30
1 41 55
1 41 63
1 41 67
1 41 74
1 42 11
1 42 66
1 42 100
1 42 107
1 43 41
1 43 64
1 43 83
1 43 109
1 44 8
1 44 61
1 44 167
1 44 186
1 45 23
1 45 31
1 45 71
1 45 118
1 47 4
1 47 5
1 47 19
1 47 29
1 47 33
1 47 52
1 47 76
1 47 82
1 48 11
1 48 53
1 48 68
1 48 84
1 49 6
1 49 31
1 49 37
1 49 194
1 50 66
1 50 184
1 51 0
1 51 2
1 51 31
1 51 101
1 52 51
1 52 77
1 52 81
1 53 42
1 53 44
1 53 71
1 54 2
1 54 29
1 54 37
1 54 50
1 54 60
1 54 156
1 55 50
1 55 51
1 55 139
1 55 167
1 55 186
1 56 27
1 56 41
1 56 130
1 57 22
1 57 32
1 57 42
1 58 75
1 58 174
1 58 179
1 59 65
1 59 69
1 60 35
1 60 107
1 60 160
1 61 3
1 61 19
1 61 82
1 61 119
1 62 20
1 62 105
1 63 47
1 63 54
1 63 56
1 64 6
1 64 19
1 64 24
1 64 70
1 64 137
1 66 37
1 66 93
1 66 99
1 66 186
1 67 68
1 68 27
1 68 39
1 68 53
1 68 57
1 68 84
1 68 110
1 68 183
1 69 38
1 70 39
1 70 43
1 70 46
1 71 61
1 71 68
1 71 80
1 71 105
1 72 18
1 72 34
1 72 54
1 72 64
1 72 73
1 73 19
1 74 37
1 74 57
1 74 62
1 74 74
1 74 80
1 76 6
1 76 61
1 76 72
1 76 101
1 77 36
1 77 59
1 77 71
1 78 11
1 78 29
1 78 40
1 78 49
1 78 74
1 78 151
1 79 22
1 79 28
1 79 44
1 79 64
1 80 2
1 80 11
1 80 111
1 80 185
1 81 78
1 82 47
1 82 82
1 82 86
1 82 90
1 82 140
1 83 55
1 83 67
1 84 12
1 84 13
1 84 62
1 85 36
1 85 62
1 85 89
1 85 99
1 85 157
1 86 84
1 86 134
1 87 38
1 89 30
1 89 135
1 89 148
1 91 156
1 91 194
1 94 120
1 94 183
1 95 110
1 96 102
1 96 187
1 97 75
1 97 129
1 100 109
1 100 184
1 102 27
1 103 112
1 103 156
1 104 139
1 105 107
1 106 95
1 108 2
1 108 162
1 108 179
1 109 42
1 109 91
1 111 100
1 113 114
1 115 131
1 116 69
1 117 15
1 117 20
1 117 55
1 117 68
1 118 55
1 118 93
1 119 70
1 119 146
1 120 42
1 120 183
1 121 34
1 122 31
1 122 103
1 122 180
1 123 64
1 123 92
1 124 110
1 124 141
1 124 178
1 125 114
1 127 35
1 127 185
1 128 69
1 128 72
1 129 39
1 129 88
1 130 93
1 131 111
1 131 184
1 132 25
1 133 124
1 133 155
1 133 189
1 134 68
1 134 156
1 134 172
1 134 187
1 135 100
1 135 120
1 136 114
1 137 16
1 138 102
1 139 116
1 139 139
1 139 182
1 140 98
1 140 144
1 141 174
1 142 15
1 142 44
1 142 77
1 142 109
1 142 140
1 144 134
1 145 72
1 147 31
1 147 121
1 148 22
1 148 95
1 148 143
1 150 141
1 151 47
1 152 118
1 152 167
1 153 189
1 156 48
1 156 99
1 156 113
1 157 152
1 157 162
1 158 56
1 158 111
1 158 169
1 160 171
1 162 85
1 162 91
1 163 80
1 163 105
1 163 136
1 165 120
1 165 189
1 167 181
1 168 24
1 169 79
1 170 24
1 171 186
1 172 26
1 173 30
1 174 131
1 174 183
1 175 17
1 175 165
1 176 83
1 177 17
1 177 65
1 177 104
1 178 44
1 178 65
1 179 28
1 179 112
1 180 36
1 180 192
1 181 43
1 181 62
1 183 8
1 183 22
1 183 165
1 184 15
1 184 97
1 185 42
1 185 72
1 185 80
1 185 100
1 185 109
1 186 99
1 186 174
1 187 112
1 187 184
1 187 185
1 188 49
1 188 51
1 188 103
1 189 36
1 189 71
1 189 146
1 189 167
1 190 22
1 191 156
1 193 155
1 193 175
1 195 139
2 0 9
2 0 13
2 0 14
2 0 16
2 0 61
2 0 69
2 0 123
2 1 6
2 1 25
2 1 79
2 2 20
2 2 61
2 2 125
2 3 70
2 3 83
2 4 14
2 4 39
2 4 62
2 5 48
2 5 110
2 6 40
2 6 56
2 6 82
2 7 15
2 7 35
2 7 62
2 8 14
2 8 37
2 9 4
2 9 10
2 9 52
2 9 76
2 10 55
2 10 67
2 10 185
2 11 0
2 11 61
2 11 190
2 12 10
2 12 130
2 13 6
2 13 23
2 13 41
2 13 113
2 14 44
2 15 70
2 15 72
2 15 157
2 16 23
2 16 194
2 17 16
2 17 81
2 17 86
2 18 121
2 19 13
2 19 96
2 20 14
2 21 34
2 21 180
2 22 23
2 22 62
2 23 43
2 24 51
2 25 27
2 25 72
2 25 89
2 25 96
2 26 3
2 26 32
2 27 6
2 27 45
2 27 52
2 27 60
2 27 73
2 27 81
2 28 1
2 28 112
2 29 16
2 29 48
2 29 56
2 29 57
2 30 7
2 30 37
2 30 61
2 31 24
2 31 36
2 31 70
2 31 129
2 32 39
2 32 51
2 32 68
2 32 75
2 32 128
2 33 8
2 33 123
2 33 188
2 34 10
2 34 38
2 34 67
2 34 69
2 34 156
2 35 15
2 35 40
2 35 78
2 36 21
2 36 36
2 36 39
2 36 69
2 36 162
2 36 176
2 37 24
2 37 35
2 37 45
2 37 117
2 38 28
2 38 29
2 38 47
2 38 70
2 39 31
2 39 51
2 39 57
2 39 83
2 39 93
2 40 29
2 40 68
2 41 23
2 41 24
2 42 87
2 43 84
2 43 192
2 45 3
2 45 11
2 45 77
2 46 28
2 46 165
2 47 61
2 47 84
2 47 122
2 47 133
2 47 171
2 48 19
2 48 38
2 48 152
2 49 2
2 49 14
2 49 176
2 50 14
2 50 59
2 51 9
2 51 77
2 51 151
2 51 155
2 52 11
2 52 62
2 52 75
2 53 77
2 53 82
2 54 0
2 54 61
2 54 176
2 55 5
2 55 117
2 55 133
2 55 177
2 55 180
2 55 187
2 55 192
2 56 0
2 56 6
2 57 48
2 57 70
2 57 81
2 58 27
2 58 35
2 58 93
2 61 23
2 61 81
2 62 56
2 62 152
2 62 185
2 63 8
2 63 15
2 63 64
2 63 66
2 63 179
2 64 40
2 64 54
2 64 60
2 65 70
2 66 26
2 66 159
2 66 164
2 67 1
2 67 9
2 67 20
2 67 41
2 67 54
2 67 94
2 68 27
2 69 43
2 69 50
2 69 53
2 69 62
2 69 66
2 69 72
2 69 78
2 70 45
2 70 60
2 70 64
2 70 76
2 71 1
2 71 2
2 71 6
2 71 93
2 72 16
2 72 44
2 72 62
2 72 79
2 72 177
2 73 46
2 73 76
2 73 137
2 74 63
2 75 0
2 75 70
2 75 99
2 75 143
2 76 3
2 76 74
2 77 56
2 78 0
2 78 1
2 78 20
2 78 95
2 79 52
2 79 79
2 80 41
2 80 58
2 80 154
2 81 37
2 81 49
2 81 52
2 81 82
2 82 20
2 82 34
2 82 47
2 82 58
2 82 62
2 83 169
2 84 21
2 84 59
2 84 143
2 84 195
2 85 29
2 86 49
2 86 60
2 86 178
2 86 194
2 87 94
2 88 92
2 88 140
2 88 177
2 90 7
2 90 37
2 90 159
2 91 41
2 91 83
2 91 114
2 92 94
2 92 167
2 93 4
2 93 122
2 93 158
2 93 182
2 94 25
2 94 98
2 95 131
2 95 187
2 97 86
2 97 109
2 98 187
2 98 193
2 100 97
2 100 107
2 100 122
2 101 96
2 101 149
2 102 44
2 102 51
2 102 155
2 106 169
2 108 46
2 108 54
2 109 63
2 109 169
2 109 191
2 110 66
2 112 90
2 112 103
2 113 37
2 113 179
2 114 95
2 116 150
2 117 102
2 118 89
2 119 49
2 119 122
2 120 101
2 121 50
2 121 78
2 122 177
2 124 110
2 125 68
2 125 165
2 126 29
2 128 51
2 128 55
2 129 129
2 129 169
2 130 55
2 130 65
2 130 173
2 130 193
2 131 31
2 132 13
2 132 108
2 132 159
2 133 38
2 134 105
2 134 172
2 135 61
2 137 145
2 138 123
2 138 158
2 139 89
2 139 92
2 140 5
2 141 28
2 141 116
2 141 154
2 141 183
2 142 124
2 142 138
2 143 19
2 143 47
2 143 75
2 143 126
2 143 186
2 144 57
2 144 110
2 145 20
2 146 83
2 147 11
2 147 25
2 147 56
2 147 101
2 147 104
2 147 108
2 148 57
2 148 135
2 148 155
2 149 29
2 150 111
2 150 140
2 152 33
2 153 124
2 154 45
2 155 5
2 155 163
2 156 64
2 156 84
2 156 135
2 156 145
2 156 173
2 156 176
2 157 103
2 157 127
2 157 137
2 159 41
2 160 124
2 161 170
2 163 4
2 163 118
2 163 153
2 163 164
2 163 169
2 163 177
2 164 28
2 164 65
2 164 132
2 165 109
2 165 118
2 166 9
2 166 73
2 168 180
2 170 90
2 170 91
2 171 98
2 173 49
2 173 59
2 173 94
2 173 110
2 173 177
2 173 195
2 174 85
2 174 126
2 175 21
2 175 140
2 175 150
2 176 87
2 177 44
2 177 51
2 178 115
2 179 155
2 180 15
2 180 177
2 181 90
2 182 154
2 183 30
2 183 46
2 183 82
2 184 101
2 185 135
2 186 106
2 186 140
2 187 54
2 187 100
2 187 194
2 188 69
2 188 153
2 189 128
2 190 65
2 190 113
2 190 123
2 191 177
2 194 85
3 0 31
3 0 71
3 0 85
3 1 15
3 1 45
3 1 70
3 1 75
3 2 65
3 3 0
3 3 65
3 3 72
3 4 13
3 4 21
3 4 80
3 5 21
3 6 36
3 6 37
3 6 53
3 6 69
3 6 77
3 6 86
3 6 107
3 6 153
3 7 17
3 7 30
3 7 31
3 7 43
3 7 67
3 8 26
3 8 43
3 8 158
3 10 0
3 10 15
3 10 16
3 11 4
3 12 12
3 12 31
3 12 46
3 13 35
3 13 59
3 13 116
3 14 27
3 14 67
3 14 68
3 15 31
3 15 36
3 15 135
3 15 183
3 16 61
3 17 57
3 17 72
3 17 77
3 17 89
3 18 68
3 19 36
3 20 37
3 20 46
3 21 4
3 21 8
3 21 66
3 21 99
3 21 143
3 22 11
3 22 87
3 22 90
3 23 13
3 23 72
3 23 105
3 23 157
3 24 33
3 24 55
3 25 110
3 26 4
3 26 83
3 27 13
3 27 39
3 27 69
3 27 80
3 27 194
3 28 16
3 28 25
3 28 72
3 28 75
3 29 130
3 29 175
3 30 28
3 30 41
3 30 53
3 30 82
3 30 114
3 31 145
3 32 149
3 33 8
3 33 53
3 33 79
3 34 39
3 34 47
3 34 62
3 35 0
3 35 30
3 35 44
3 35 114
3 36 34
3 36 35
3 37 16
3 37 44
3 37 70
3 38 1
3 38 5
3 38 171
3 39 30
3 39 51
3 40 15
3 40 23
3 40 37
3 40 38
3 40 75
3 41 54
3 41 58
3 42 127
3 42 179
3 43 75
3 43 127
3 44 52
3 44 84
3 45 18
3 45 49
3 45 68
3 45 185
3 46 69
3 46 176
3 46 194
3 47 13
3 47 74
3 48 59
3 48 78
3 48 135
3 49 139
3 50 7
3 51 50
3 52 13
3 52 44
3 52 45
3 53 78
3 53 95
3 53 195
3 54 9
3 54 26
3 54 47
3 55 10
3 55 13
3 55 19
3 55 64
3 55 68
3 55 82
3 55 100
3 55 169
3 55 181
3 56 28
3 56 76
3 57 13
3 57 41
3 57 131
3 58 15
3 58 55
3 59 5
3 59 48
3 59 84
3 60 0
3 60 20
3 60 57
3 60 58
3 60 71
3 60 82
3 61 72
3 62 3
3 62 14
3 62 17
3 62 48
3 63 30
3 63 41
3 63 48
3 63 148
3 64 37
3 64 56
3 64 66
3 64 75
3 65 37
3 65 46
3 65 47
3 66 20
3 66 27
3 66 37
3 66 178
3 67 8
3 67 15
3 67 42
3 67 45
3 67 79
3 68 46
3 68 49
3 68 178
3 69 48
3 69 61
3 70 7
3 70 13
3 70 52
3 70 57
3 70 174
3 71 23
3 71 66
3 71 136
3 72 70
3 72 71
3 72 74
3 72 109
3 72 111
3 73 69
3 74 24
3 75 10
3 75 61
3 75 62
3 75 78
3 76 8
3 77 29
3 77 50
3 77 70
3 77 80
3 77 122
3 78 33
3 78 64
3 78 92
3 78 181
3 79 30
3 79 58
3 80 11
3 80 195
3 81 18
3 81 51
3 82 37
3 82 49
3 83 0
3 83 43
3 83 79
3 84 19
3 84 28
3 84 58
3 84 178
3 85 106
3 86 3
3 86 134
3 87 67
3 88 188
3 91 11
3 92 25
3 92 31
3 94 187
3 95 151
3 96 97
3 96 116
3 96 171
3 96 186
3 97 175
3 98 88
3 98 115
3 98 152
3 98 184
3 101 60
3 101 161
3 101 188
3 102 4
3 102 15
3 102 103
3 102 184
3 103 78
3 104 50
3 104 154
3 106 117
3 106 176
3 108 107
3 108 156
3 108 159
3 109 15
3 110 189
3 112 6
3 112 152
3 113 122
3 113 175
3 115 96
3 115 133
3 115 165
3 116 72
3 116 139
3 119 19
3 119 111
3 119 134
3 119 176
3 119 190
3 120 126
3 121 50
3 121 71
3 121 152
3 121 193
3 122 48
3 122 58
3 122 94
3 122 173
3 123 118
3 123 156
3 124 15
3 124 68
3 125 174
3 126 10
3 126 108
3 126 191
3 127 129
3 128 17
3 128 135
3 129 159
3 130 16
3 130 163
3 131 117
3 132 155
3 132 170
3 133 188
3 134 12
3 135 30
3 135 150
3 135 170
3 138 59
3 139 29
3 140 77
3 140 120
3 141 60
3 141 88
3 142 105
3 143 73
3 144 98
3 145 25
3 145 187
3 146 109
3 147 94
3 148 1
3 148 167
3 149 166
3 149 173
3 150 151
3 150 179
3 151 126
3 152 99
3 153 49
3 153 91
3 154 153
3 154 163
3 155 182
3 156 123
3 157 135
3 157 177
3 158 100
3 158 124
3 158 152
3 158 174
3 160 159
3 160 193
3 161 2
3 161 72
3 162 109
3 163 166
3 164 71
3 164 151
3 164 154
3 165 194
3 166 4
3 166 80
3 168 174
3 169 113
3 170 81
3 171 76
3 171 95
3 171 104
3 171 109
3 171 121
3 171 183
3 174 44
3 174 129
3 175 39
3 175 108
3 175 110
3 176 30
3 176 155
3 176 174
3 177 60
3 177 88
3 177 106
3 179 80
3 179 124
3 180 82
3 180 141
3 180 194
3 180 195
3 181 73
3 181 86
3 182 7
3 182 28
3 183 30
3 183 117
3 184 32
3 184 35
3 184 82
3 184 130
3 184 187
3 186 118
3 186 192
3 188 46
3 188 174
3 188 176
3 192 135
3 193 100
3 194 122
3 195 83
3 195 115
4 0 22
4 0 132
4 1 13
4 1 38
4 1 81
4 1 84
4 1 148
4 1 183
4 1 184
4 2 17
4 2 28
4 2 38
4 2 78
4 3 48
4 3 118
4 4 174
4 5 16
4 6 27
4 6 33
4 7 66
4 7 83
4 7 190
4 9 43
4 10 18
4 10 31
4 10 42
4 10 69
4 11 4
4 11 9
4 11 69
4 11 118
4 12 30
4 12 37
4 12 47
4 12 57
4 12 59
4 13 13
4 13 53
4 13 161
4 13 193
4 14 49
4 14 59
4 14 149
4 15 60
4 15 137
4 16 53
4 16 116
4 17 66
4 17 84
4 17 85
4 18 107
4 18 162
4 19 39
4 19 77
4 19 80
4 19 166
4 20 14
4 20 66
4 21 20
4 21 52
4 21 61
4 21 66
4 21 85
4 21 95
4 22 24
4 22 107
4 23 50
4 23 95
4 23 159
4 24 18
4 24 34
4 24 178
4 25 20
4 25 32
4 25 159
4 26 18
4 26 155
4 27 12
4 27 83
4 28 25
4 28 51
4 30 83
4 31 46
4 31 79
4 32 57
4 33 6
4 33 37
4 33 56
4 34 48
4 34 61
4 34 81
4 35 3
4 35 20
4 35 21
4 35 22
4 35 95
4 35 180
4 36 46
4 36 51
4 36 58
4 36 69
4 37 31
4 37 48
4 37 120
4 38 13
4 38 137
4 39 53
4 39 64
4 39 155
4 40 9
4 40 131
4 41 38
4 41 78
4 41 85
4 41 118
4 42 42
4 43 12
4 43 164
4 43 171
4 44 69
4 47 10
4 47 39
4 47 42
4 47 52
4 48 49
4 49 6
4 49 29
4 49 79
4 49 134
4 50 7
4 50 61
4 51 15
4 51 33
4 51 35
4 51 55
4 51 56
4 51 68
4 52 63
4 53 71
4 55 59
4 55 139
4 56 25
4 56 177
4 57 27
4 57 43
4 59 40
4 60 9
4 60 17
4 62 4
4 62 12
4 62 16
4 62 17
4 62 30
4 62 32
4 62 59
4 62 66
4 63 2
4 63 28
4 63 39
4 63 75
4 64 7
4 65 54
4 65 67
4 65 80
4 66 8
4 66 26
4 66 83
4 68 6
4 68 32
4 68 84
4 68 134
4 70 22
4 70 25
4 70 62
4 70 103
4 70 123
4 73 15
4 73 83
4 73 112
4 74 3
4 74 5
4 74 38
4 74 46
4 75 15
4 75 22
4 75 27
4 75 117
4 75 161
4 76 6
4 76 131
4 77 0
4 77 2
4 77 10
4 77 82
4 77 168
4 78 64
4 78 134
4 79 20
4 79 25
4 79 28
4 79 73
4 80 2
4 81 31
4 81 43
4 81 82
4 81 87
4 82 53
4 83 25
4 83 61
4 84 30
4 84 153
4 85 35
4 85 42
4 86 94
4 86 159
4 87 30
4 87 50
4 87 88
4 87 123
4 87 140
4 87 157
4 88 87
4 88 109
4 88 116
4 89 152
4 91 21
4 91 40
4 91 185
4 93 187
4 95 7
4 96 128
4 97 177
4 98 112
4 100 176
4 101 141
4 101 155
4 102 176
4 102 188
4 103 30
4 103 56
4 103 71
4 103 110
4 103 194
4 104 12
4 105 38
4 105 43
4 106 179
4 107 58
4 108 126
4 109 115
4 110 88
4 111 101
4 112 15
4 112 132
4 112 182
4 112 189
4 113 181
4 114 111
4 115 87
4 115 109
4 115 126
4 116 54
4 117 194
4 118 156
4 119 28
4 121 131
4 121 180
4 122 43
4 122 184
4 124 67
4 125 10
4 125 44
4 125 47
4 126 126
4 126 167
4 127 13
4 127 39
4 127 109
4 128 25
4 128 64
4 130 101
4 130 121
4 130 141
4 130 169
4 131 4
4 133 169
4 133 179
4 133 184
4 134 109
4 134 111
4 135 45
4 135 150
4 136 80
4 137 27
4 137 161
4 138 6
4 138 104
4 139 1
4 139 98
4 139 193
4 140 61
4 140 97
4 140 142
4 142 33
4 143 2
4 143 11
4 143 116
4 143 168
4 144 2
4 145 3
4 145 16
4 145 92
4 145 139
4 146 10
4 146 50
4 146 142
4 147 93
4 147 105
4 148 30
4 148 55
4 149 11
4 149 47
4 150 38
4 150 156
4 151 27
4 151 122
4 152 146
4 153 41
4 153 45
4 153 127
4 155 147
4 156 62
4 156 104
4 156 136
4 156 160
4 156 183
4 157 1
4 157 105
4 159 64
4 162 109
4 162 179
4 165 42
4 166 85
4 166 93
4 167 9
4 167 150
4 169 135
4 170 91
4 170 93
4 170 111
4 171 123
4 171 177
4 172 7
4 172 95
4 173 8
4 173 15
4 173 135
4 173 163
4 173 178
4 174 168
4 175 9
4 176 100
4 177 133
4 177 134
4 178 16
4 179 194
4 180 97
4 180 99
4 181 100
4 182 137
4 182 164
4 182 179
4 183 75
4 183 119
4 183 169
4 184 17
4 184 75
4 184 168
4 185 9
4 185 154
4 185 159
4 186 77
4 186 112
4 187 183
4 188 163
4 190 115
4 191 142
4 192 182
4 193 141
4 193 184
4 194 50
4 194 70
4 194 104
4 194 134
4 195 11
4 195 35
5 0 35
5 0 49
5 0 66
5 1 7
5 1 48
5 1 90
5 2 73
5 2 78
5 2 151
5 2 152
5 3 19
5 3 61
5 3 166
5 3 174
5 4 11
5 4 24
5 4 42
5 4 64
5 5 1
5 5 55
5 5 75
5 5 124
5 5 153
5 6 172
5 6 188
5 7 52
5 7 79
5 8 8
5 8 16
5 8 28
5 9 36
5 10 44
5 10 45
5 10 182
5 10 188
5 11 17
5 11 98
5 11 152
5 12 5
5 12 6
5 12 47
5 13 7
5 13 14
5 13 76
5 14 65
5 15 8
5 15 28
5 15 62
5 15 66
5 15 125
5 15 167
5 16 8
5 16 20
5 16 43
5 16 59
5 16 63
5 17 67
5 17 73
5 17 97
5 18 0
5 19 47
5 19 81
5 20 59
5 20 111
5 21 27
5 21 79
5 21 188
5 22 150
5 23 30
5 23 57
5 23 195
5 24 29
5 24 31
5 25 51
5 25 194
5 26 30
5 26 36
5 26 192
5 27 144
5 28 195
5 29 7
5 29 75
5 30 65
5 31 40
5 31 52
5 31 66
5 31 80
5 32 19
5 32 134
5 32 146
5 32 148
5 32 189
5 33 32
5 33 165
5 34 41
5 34 132
5 34 198
5 35 17
5 35 46
5 35 76
5 35 176
5 36 54
5 37 105
5 38 14
5 38 65
5 38 71
5 38 149
5 39 61
5 39 77
5 39 185
5 40 17
5 40 50
5 40 62
5 41 19
5 41 30
5 42 17
5 42 46
5 42 137
5 42 150
5 43 14
5 43 18
5 44 7
5 44 25
5 44 33
5 44 53
5 44 65
5 45 191
5 46 6
5 46 52
5 46 71
5 46 74
5 46 76
5 47 39
5 47 162
5 48 63
5 49 44
5 50 29
5 50 169
5 50 177
5 51 21
5 51 36
5 51 38
5 51 69
5 51 75
5 51 182
5 52 128
5 52 143
5 53 25
5 53 35
5 54 0
5 54 30
5 54 68
5 54 84
5 54 106
5 54 119
5 55 65
5 56 23
5 56 52
5 56 53
5 56 130
5 57 55
5 58 52
5 59 40
5 59 74
5 59 121
5 60 88
5 61 19
5 61 44
5 61 116
5 62 6
5 62 39
5 62 51
5 63 27
5 63 53
5 63 61
5 63 83
5 64 12
5 64 42
5 66 18
5 66 23
5 66 60
5 66 84
5 67 8
5 67 181
5 69 43
5 69 52
5 70 44
5 71 24
5 71 36
5 72 122
5 72 162
5 73 26
5 73 31
5 73 46
5 73 52
5 74 16
5 74 34
5 74 46
5 74 71
5 74 92
5 75 9
5 75 56
5 75 58
5 75 158
5 76 3
5 76 10
5 76 77
5 77 13
5 77 18
5 78 9
5 78 47
5 78 58
5 78 81
5 79 28
5 80 98
5 80 185
5 81 16
5 81 57
5 81 164
5 82 9
5 82 16
5 82 45
5 82 55
5 82 67
5 82 75
5 82 125
5 83 5
5 83 30
5 83 33
5 84 39
5 84 70
5 84 78
5 84 82
5 84 186
5 85 3
5 85 11
5 85 31
5 85 65
5 85 74
5 85 81
5 85 82
5 86 182
5 86 187
5 87 145
5 87 151
5 88 122
5 89 22
5 90 32
5 90 159
5 91 87
5 91 129
5 91 193
5 92 30
5 92 126
5 93 84
5 94 122
5 95 39
5 95 161
5 97 125
5 101 8
5 101 97
5 101 145
5 102 2
5 102 34
5 103 188
5 104 89
5 104 102
5 105 17
5 105 174
5 106 4
5 107 79
5 108 149
5 109 149
5 109 154
5 110 98
5 110 130
5 111 13
5 111 65
5 111 136
5 111 144
5 113 191
5 115 153
5 116 2
5 116 49
5 116 120
5 117 174
5 118 159
5 119 59
5 119 94
5 120 16
5 120 41
5 120 55
5 120 129
5 121 117
5 121 190
5 122 194
5 123 120
5 123 135
5 123 168
5 124 185
5 125 51
5 126 193
5 127 69
5 127 80
5 127 147
5 127 150
5 128 9
5 128 150
5 128 157
5 129 127
5 129 176
5 130 115
5 131 159
5 133 12
5 133 40
5 134 102
5 134 194
5 135 65
5 135 68
5 135 133
5 135 150
5 136 23
5 136 68
5 136 132
5 136 146
5 137 125
5 138 121
5 138 141
5 138 149
5 139 15
5 140 173
5 141 61
5 143 186
5 144 99
5 144 173
5 145 123
5 145 126
5 145 161
5 145 186
5 147 52
5 147 111
5 148 88
5 148 154
5 149 33
5 149 164
5 150 38
5 151 23
5 152 27
5 152 96
5 152 103
5 153 14
5 153 128
5 153 179
5 154 95
5 154 154
5 154 172
5 156 63
5 157 17
5 157 21
5 158 112
5 158 136
5 159 124
5 160 14
5 160 105
5 160 128
5 161 44
5 162 28
5 163 110
5 163 150
5 164 43
5 164 119
5 164 168
5 165 98
5 165 128
5 167 108
5 167 167
5 170 0
5 170 53
5 170 95
5 170 124
5 171 162
5 172 94
5 175 7
5 175 150
5 175 174
5 177 3
5 177 64
5 178 13
5 180 53
5 181 11
5 182 40
5 183 61
5 183 149
5 184 82
5 184 97
5 184 125
5 185 34
5 185 183
5 185 192
5 186 14
5 187 112
5 188 56
5 188 99
5 188 150
5 190 28
5 191 17
5 191 137
5 191 194
5 192 118
5 192 150
5 194 68
5 195 25
5 195 187
5 196 59
6 0 8
6 0 49
6 0 162
6 2 18
6 2 84
6 2 99
6 3 14
6 5 118
6 6 24
6 6 48
6 7 0
6 7 106
6 7 170
6 8 170
6 9 38
6 9 165
6 10 6
6 10 17
6 10 33
6 10 53
6 10 66
6 10 89
6 11 89
6 11 186
6 12 63
6 12 70
6 12 93
6 13 50
6 13 139
6 14 63
6 14 86
6 15 88
6 16 51
6 16 58
6 16 162
6 17 55
6 17 64
6 17 70
6 17 74
6 17 188
6 18 25
6 18 127
6 19 64
6 20 14
6 20 16
6 21 1
6 21 8
6 21 62
6 21 83
6 21 118
6 22 50
6 22 56
6 22 82
6 22 134
6 23 17
6 23 24
6 23 56
6 24 33
6 24 112
6 25 8
6 25 45
6 26 11
6 26 16
6 26 17
6 26 19
6 26 105
6 26 139
6 26 174
6 27 47
6 27 70
6 27 74
6 27 121
6 28 4
6 28 126
6 29 23
6 29 30
6 29 66
6 29 75
6 29 78
6 30 23
6 30 70
6 30 120
6 30 132
6 30 177
6 31 38
6 31 42
6 32 114
6 32 152
6 33 12
6 33 76
6 34 65
6 34 77
6 34 82
6 34 116
6 35 18
6 36 24
6 36 31
6 36 140
6 37 63
6 37 70
6 37 90
6 37 111
6 38 72
6 38 100
6 38 164
6 38 195
6 39 24
6 39 46
6 39 157
6 41 80
6 43 26
6 43 37
6 43 54
6 43 70
6 43 143
6 43 162
6 44 4
6 44 44
6 45 18
6 45 46
6 45 59
6 45 165
6 46 175
6 47 2
6 47 32
6 47 43
6 47 72
6 47 104
6 47 191
6 47 192
6 48 31
6 48 114
6 49 9
6 49 69
6 50 51
6 50 71
6 51 72
6 51 115
6 52 56
6 52 60
6 52 61
6 54 6
6 54 27
6 55 42
6 56 22
6 56 139
6 57 184
6 58 18
6 58 39
6 58 184
6 59 37
6 59 72
6 60 26
6 60 76
6 60 81
6 60 95
6 61 0
6 61 33
6 61 190
6 62 6
6 62 41
6 62 157
6 63 57
6 63 68
6 64 78
6 64 82
6 65 22
6 65 51
6 65 53
6 65 60
6 65 70
6 65 146
6 66 131
6 67 15
6 67 28
6 67 40
6 67 55
6 67 78
6 67 90
6 68 9
6 68 18
6 68 42
6 68 98
6 68 183
6 69 72
6 69 132
6 70 12
6 70 46
6 70 58
6 70 150
6 72 96
6 73 15
6 73 34
6 73 76
6 73 77
6 75 98
6 75 138
6 76 11
6 76 17
6 76 37
6 76 74
6 76 84
6 76 162
6 77 7
6 77 43
6 77 80
6 77 94
6 77 135
6 78 14
6 78 23
6 78 55
6 78 58
6 78 62
6 79 90
6 79 102
6 79 184
6 80 49
6 80 120
6 81 23
6 81 187
6 82 13
6 82 35
6 82 41
6 82 49
6 82 66
6 82 84
6 83 15
6 83 63
6 83 78
6 83 141
6 83 175
6 84 30
6 84 49
6 85 9
6 85 21
6 85 39
6 85 78
6 85 117
6 85 154
6 85 160
6 86 118
6 87 71
6 87 82
6 87 116
6 87 144
6 87 176
6 88 154
6 89 131
6 89 157
6 89 184
6 90 47
6 90 54
6 92 113
6 94 78
6 95 148
6 96 90
6 96 142
6 98 89
6 100 96
6 101 94
6 101 135
6 102 157
6 103 133
6 104 81
6 104 102
6 104 163
6 105 38
6 105 154
6 105 160
6 106 83
6 110 26
6 110 44
6 110 98
6 110 154
6 110 189
6 111 3
6 111 72
6 112 59
6 114 93
6 114 103
6 114 173
6 115 112
6 115 123
6 118 66
6 119 3
6 120 24
6 121 52
6 121 179
6 122 29
6 122 92
6 123 40
6 124 60
6 124 142
6 124 180
6 126 87
6 127 91
6 127 97
6 128 162
6 128 173
6 129 21
6 129 68
6 130 120
6 130 174
6 130 190
6 132 81
6 133 34
6 134 6
6 134 131
6 135 133
6 136 60
6 136 94
6 137 132
6 139 27
6 139 55
6 139 82
6 140 29
6 140 114
6 141 22
6 142 130
6 143 81
6 143 98
6 144 37
6 144 87
6 146 27
6 146 31
6 147 140
6 149 109
6 149 158
6 150 68
6 150 166
6 152 35
6 152 111
6 153 110
6 153 169
6 154 158
6 154 191
6 155 29
6 155 172
6 155 179
6 156 96
6 157 65
6 157 70
6 157 115
6 157 120
6 157 121
6 159 175
6 160 79
6 161 111
6 163 18
6 163 36
6 164 28
6 165 38
6 165 61
6 165 129
6 166 83
6 166 94
6 168 79
6 170 61
6 171 21
6 172 166
6 173 96
6 174 12
6 174 70
6 174 120
6 176 29
6 176 114
6 177 21
6 177 136
6 177 145
6 177 186
6 178 68
6 179 55
6 179 95
6 180 149
6 180 178
6 181 110
6 183 70
6 183 76
6 183 89
6 183 180
6 184 137
6 184 173
6 184 195
6 185 72
6 187 171
6 188 32
6 188 58
6 188 178
6 190 147
6 191 21
6 191 98
6 192 52
6 194 41
6 195 51
6 195 96
6 196 81
6 196 135
6 197 122
6 197 170
6 198 14
6 198 99
6 198 162
6 198 182
7 0 29
7 0 64
7 0 127
7 1 6
7 1 55
7 2 60
7 2 164
7 3 0
7 3 73
7 4 48
7 4 80
7 4 126
7 4 136
7 6 6
7 6 15
7 6 71
7 6 73
7 6 82
7 6 135
7 6 170
7 7 3
7 7 35
7 8 15
7 8 24
7 8 38
7 8 53
7 8 107
7 8 173
7 8 183
7 9 23
7 9 51
7 9 123
7 11 1
7 11 88
7 11 101
7 11 120
7 11 121
7 11 173
7 12 7
7 12 37
7 12 51
7 12 75
7 12 93
7 12 103
7 13 28
7 13 47
7 13 66
7 14 164
7 15 7
7 15 37
7 15 58
7 16 13
7 16 47
7 16 59
7 17 69
7 17 196
7 18 31
7 18 70
7 18 116
7 19 1
7 19 60
7 19 88
7 20 30
7 20 46
7 20 48
7 20 69
7 20 103
7 20 131
7 21 28
7 21 39
7 21 41
7 21 51
7 21 176
7 22 145
7 24 1
7 24 54
7 25 63
7 25 71
7 25 96
7 25 106
7 26 70
7 26 156
7 27 10
7 27 136
7 28 25
7 28 51
7 29 21
7 29 40
7 29 93
7 30 72
7 30 134
7 31 40
7 31 56
7 31 96
7 33 9
7 33 13
7 33 23
7 34 6
7 34 41
7 35 25
7 35 57
7 35 80
7 36 0
7 36 60
7 37 100
7 39 26
7 39 32
7 39 45
7 39 65
7 39 163
7 40 38
7 41 9
7 41 63
7 41 71
7 41 146
7 41 185
7 42 4
7 42 60
7 42 64
7 43 31
7 43 38
7 43 114
7 44 27
7 44 59
7 44 82
7 45 5
7 45 6
7 45 7
7 45 72
7 45 73
7 46 8
7 46 37
7 46 66
7 47 28
7 47 117
7 48 4
7 48 79
7 49 46
7 49 99
7 50 21
7 50 36
7 51 85
7 51 97
7 51 132
7 52 1
7 52 48
7 53 68
7 53 75
7 53 147
7 54 38
7 54 40
7 55 21
7 55 26
7 55 54
7 55 107
7 56 13
7 56 60
7 56 100
7 57 44
7 57 72
7 57 139
7 58 10
7 58 81
7 58 145
7 58 186
7 59 2
7 59 5
7 59 24
7 59 28
7 59 32
7 59 43
7 60 83
7 60 150
7 61 27
7 61 33
7 61 47
7 61 77
7 61 85
7 61 91
7 61 137
7 62 23
7 62 51
7 62 141
7 63 7
7 63 25
7 63 45
7 64 35
7 64 42
7 64 68
7 64 116
7 65 27
7 65 49
7 65 62
7 65 65
7 65 169
7 66 27
7 67 8
7 67 12
7 67 164
7 68 19
7 68 131
7 69 28
7 70 0
7 70 14
7 70 45
7 70 93
7 70 128
7 71 0
7 71 23
7 71 48
7 71 81
7 71 87
7 72 3
7 72 85
7 73 39
7 73 43
7 73 44
7 73 127
7 73 180
7 74 6
7 74 69
7 75 5
7 75 15
7 76 18
7 76 54
7 76 120
7 77 4
7 77 11
7 77 14
7 77 55
7 78 16
7 79 1
7 79 6
7 79 30
7 80 41
7 80 82
7 80 117
7 81 67
7 82 17
7 82 34
7 82 53
7 82 95
7 82 143
7 82 192
7 83 8
7 83 11
7 83 57
7 83 58
7 83 144
7 83 172
7 84 74
7 86 193
7 87 77
7 87 82
7 88 23
7 88 186
7 90 189
7 91 106
7 91 114
7 93 119
7 94 20
7 94 120
7 94 134
7 94 154
7 95 57
7 95 168
7 96 186
7 97 10
7 97 67
7 97 99
7 97 127
7 99 70
7 99 180
7 100 23
7 100 100
7 101 182
7 102 74
7 102 184
7 104 100
7 105 79
7 105 141
7 106 62
7 106 132
7 110 160
7 110 173
7 110 192
7 111 42
7 111 183
7 112 37
7 112 170
7 113 138
7 114 103
7 115 109
7 116 66
7 116 136
7 118 72
7 119 70
7 119 176
7 120 3
7 120 93
7 120 109
7 120 134
7 120 176
7 120 193
7 122 93
7 123 97
7 125 73
7 125 95
7 125 168
7 126 22
7 127 73
7 128 104
7 128 112
7 128 192
7 128 196
7 129 119
7 130 10
7 130 100
7 130 185
7 131 80
7 132 92
7 133 90
7 133 136
7 135 150
7 137 180
7 138 114
7 139 65
7 139 178
7 140 88
7 140 120
7 141 15
7 142 55
7 142 182
7 143 44
7 143 64
7 144 60
7 144 131
7 145 89
7 145 102
7 145 150
7 145 159
7 146 123
7 146 155
7 148 140
7 149 79
7 151 111
7 152 24
7 152 42
7 152 64
7 152 71
7 152 178
7 152 182
7 154 32
7 154 182
7 155 51
7 155 98
7 155 108
7 156 71
7 157 63
7 157 168
7 158 132
7 159 15
7 161 26
7 161 136
7 162 17
7 162 31
7 162 168
7 163 92
7 164 98
7 164 112
7 164 151
7 164 153
7 164 174
7 165 19
7 165 182
7 166 30
7 166 42
7 166 147
7 167 31
7 168 21
7 170 14
7 173 122
7 173 167
7 176 145
7 177 177
7 177 187
7 178 14
7 179 146
7 180 23
7 181 22
7 181 155
7 182 34
7 182 37
7 183 25
7 184 5
7 184 92
7 184 160
7 184 169
7 186 93
7 186 187
7 187 41
7 187 126
7 188 32
7 188 153
7 188 184
7 189 0
7 189 121
7 189 157
7 190 115
7 191 65
7 191 179
7 192 2
7 192 33
7 193 27
7 193 86
7 194 56