6256
8
86 86 86 86 87 85 85 85
2629

12 0 0 0 640 853 278 0 0 0 210 119 268 0 0 0 594 554 303 609 0 801 581 440 0 0 695 483 0 0 144 205 310 0 682 878 314 0 0 0 0 0 0 58 0 0 37 0 62 0 56 0 0 0 40 53 47 64 0 11 22 1 0 0 14 0 52 0 0 99 0 30 0 0 0 0 1 59 78 9 0 0 0 0 0 0
962 850 115 0 0 437 0 0 0 0 676 0 254 0 827 646 828 772 567 0 0 0 98 677 0 562 0 567 0 0 0 0 833 957 429 94 990 93 14 0 86 35 0 0 96 87 0 67 19 0 0 75 0 17 0 0 92 0 93 3 27 42 40 0 92 0 84 39 0 0 26 43 0 96 26 63 0 0 53 0 0 70 100 74 61 37
0 0 0 428 0 0 0 0 0 0 752 0 0 0 339 0 0 0 600 0 244 27 0 331 417 0 0 0 519 113 844 0 0 0 300 794 233 893 52 0 46 60 0 0 0 0 16 69 18 0 0 33 0 73 25 22 96 0 0 10 99 37 61 93 0 6 0 0 0 0 24 0 80 0 28 0 71 0 22 49 0 0 30 53 0 58
976 124 541 0 597 0 0 0 210 608 0 254 68 0 568 0 401 0 220 0 0 270 324 63 0 910 0 452 920 656 878 0 0 0 0 0 492 0 734 52 3 0 0 42 0 90 0 0 27 0 62 0 0 0 52 37 0 0 26 62 0 0 99 0 0 0 32 0 0 11 26 74 0 16 0 99 0 29 0 0 0 0 98 0 0 0
0 0 782 0 0 165 491 0 751 0 173 0 590 23 460 589 0 0 0 544 182 183 0 0 0 0 0 645 406 0 0 0 759 0 0 329 578 178 675 852 0 0 0 60 97 0 0 0 0 0 0 0 0 77 15 59 0 0 0 64 76 0 13 8 0 56 0 0 29 0 0 0 0 0 0 0 36 33 90 0 72 0 0 49 17 39 0
0 0 28 0 0 0 0 71 0 0 0 85 0 790 0 0 0 0 194 0 945 0 752 236 84 3 103 861 0 204 0 0 562 525 0 58 0 371 0 0 0 51 0 19 90 0 0 0 43 0 0 0 64 77 4 0 100 0 0 0 58 0 36 15 54 0 67 0 0 0 12 0 70 0 0 0 0 58 0 84 83 0 0 0 22
366 0 41 0 712 299 0 223 0 0 0 232 330 777 0 871 0 0 0 0 0 837 865 0 952 483 0 154 0 28 0 106 655 2 649 354 821 37 0 0 24 75 85 0 49 36 0 0 7 27 0 2 90 0 23 88 0 0 20 50 0 0 13 0 0 0 0 0 50 0 0 0 4 0 0 93 98 0 97 0 0 23 84 0 99
0 0 0 0 0 0 766 897 107 0 0 284 0 0 0 744 829 0 684 804 0 0 592 0 0 0 591 0 768 0 469 0 0 929 0 495 0 0 0 75 79 31 27 34 0 20 41 0 0 52 0 48 61 0 6 0 0 5 48 0 0 95 4 0 0 0 0 0 50 45 0 0 91 68 80 0 38 0 88 59 0 89 37 49 79

0 0 15
0 0 37
0 1 1
0 1 2
0 1 10
0 1 35
0 1 36
0 2 11
0 2 28
0 2 32
0 2 34
0 2 53
0 2 67
0 2 68
0 2 70
0 3 33
0 4 1
0 4 5
0 4 11
0 4 13
0 4 19
0 4 22
0 4 28
0 4 83
0 5 1
0 5 10
0 5 13
0 5 34
0 5 49
0 5 59
0 6 3
0 6 11
0 6 13
0 6 14
0 6 21
0 6 24
0 6 32
0 6 33
0 6 37
0 6 78
0 6 81
0 7 1
0 7 15
0 7 17
0 7 28
0 7 73
0 7 79
0 8 8
0 8 16
0 8 19
0 8 21
0 8 22
0 8 23
0 8 27
0 8 28
0 9 10
0 9 21
0 9 38
0 9 53
0 10 5
0 10 6
0 10 11
0 10 12
0 10 33
0 10 75
0 11 5
0 11 10
0 11 11
0 11 21
0 11 24
0 11 45
0 12 8
0 12 22
0 12 23
0 12 28
0 12 30
0 12 34
0 12 35
0 12 36
0 12 80
0 13 4
0 13 10
0 13 11
0 13 20
0 13 25
0 13 35
0 13 38
0 13 77
0 14 2
0 14 12
0 14 13
0 14 22
0 14 31
0 14 32
0 14 37
0 14 82
0 15 10
0 15 21
0 15 23
0 15 25
0 15 33
0 15 62
0 16 20
0 16 27
0 16 40
0 16 70
0 17 3
0 17 20
0 17 31
0 17 63
0 18 3
0 18 7
0 18 8
0 18 11
0 18 16
0 18 17
0 18 25
0 18 34
0 18 61
0 19 0
0 19 10
0 19 13
0 19 14
0 19 77
0 20 1
0 20 6
0 20 16
0 20 33
0 20 48
0 20 61
0 20 76
0 21 3
0 21 16
0 21 19
0 21 20
0 21 25
0 21 32
0 21 33
0 22 1
0 22 2
0 22 4
0 22 10
0 22 15
0 22 21
0 22 29
0 22 56
0 23 6
0 23 17
0 23 21
0 23 24
0 23 35
0 24 4
0 24 12
0 24 24
0 24 25
0 24 26
0 24 30
0 24 69
0 25 0
0 25 16
0 25 30
0 25 32
0 25 33
0 25 75
0 26 10
0 26 15
0 26 19
0 26 21
0 26 25
0 27 14
0 27 24
0 27 34
0 27 35
0 27 59
0 27 65
0 28 14
0 28 15
0 28 19
0 28 20
0 28 22
0 28 26
0 28 37
0 29 13
0 29 18
0 29 24
0 29 30
0 29 49
0 29 55
0 29 68
0 29 71
0 30 4
0 30 14
0 30 20
0 30 29
0 31 6
0 31 7
0 31 8
0 31 21
0 31 28
0 31 34
0 31 51
0 32 8
0 32 11
0 32 12
0 32 18
0 32 19
0 32 29
0 32 54
0 33 17
0 33 21
0 33 22
0 33 37
0 33 42
0 33 80
0 34 8
0 34 14
0 34 25
0 34 27
0 34 33
0 34 37
0 34 52
0 35 8
0 35 21
0 35 24
0 35 28
0 35 56
0 35 85
0 36 4
0 36 6
0 36 8
0 36 17
0 36 30
0 36 32
0 36 35
0 36 47
0 36 57
0 36 81
0 37 2
0 37 3
0 37 11
0 37 12
0 37 13
0 37 14
0 37 22
0 37 47
0 38 4
0 38 12
0 38 19
0 38 57
0 39 61
0 39 65
0 40 16
0 40 43
0 40 75
0 41 17
0 41 51
0 41 59
0 41 81
0 42 3
0 42 49
0 42 56
0 43 5
0 43 6
0 43 7
0 43 54
0 44 20
0 44 36
0 45 10
0 45 17
0 45 44
0 45 51
0 46 8
0 46 23
0 46 33
0 46 60
0 47 24
0 47 45
0 47 48
0 47 54
0 48 25
0 48 44
0 49 45
0 49 60
0 50 2
0 50 9
0 50 36
0 50 39
0 51 65
0 52 7
0 52 11
0 52 36
0 52 78
0 53 38
0 53 56
0 53 60
0 53 80
0 54 16
0 54 24
0 54 52
0 54 56
0 55 12
0 55 22
0 55 23
0 55 46
0 55 76
0 56 17
0 56 71
0 56 74
0 57 9
0 57 78
0 58 0
0 58 9
0 58 67
0 59 44
0 59 57
0 60 13
0 60 18
0 60 23
0 60 31
0 60 56
0 60 61
0 60 62
0 60 74
0 61 22
0 61 55
0 61 79
0 61 81
0 63 41
0 63 51
0 64 36
0 64 42
0 64 51
0 64 77
0 64 82
0 65 10
0 65 45
0 65 61
0 66 60
0 67 44
0 68 17
0 68 71
0 69 53
0 69 74
0 70 16
0 70 50
0 70 59
0 70 65
0 71 0
0 71 32
0 71 58
0 71 73
0 72 40
0 72 55
0 72 56
0 72 57
0 72 67
0 72 72
0 72 82
0 73 7
0 73 44
0 73 47
0 73 58
0 73 82
0 74 1
0 74 59
0 75 3
0 75 42
0 75 62
0 75 64
0 76 7
0 76 27
0 76 64
0 77 81
0 78 13
0 78 16
0 78 53
0 78 79
0 78 85
0 79 33
0 80 16
0 80 73
0 80 75
0 81 10
0 81 29
0 82 3
0 82 43
0 82 46
0 82 74
0 83 11
0 83 44
0 83 67
0 84 4
0 84 55
0 85 17
0 85 55
0 85 62
0 85 63
0 85 68
1 0 14
1 0 15
1 0 17
1 0 27
1 0 30
1 0 35
1 0 56
1 0 68
1 0 75
1 1 7
1 1 9
1 1 21
1 1 30
1 1 75
1 2 1
1 2 3
1 2 27
1 2 38
1 2 58
1 2 62
1 2 67
1 2 79
1 3 8
1 3 11
1 3 24
1 3 39
1 3 56
1 3 80
1 4 9
1 4 23
1 4 28
1 4 47
1 5 2
1 5 4
1 5 6
1 5 8
1 5 16
1 5 17
1 5 25
1 5 38
1 5 40
1 5 77
1 6 1
1 6 43
1 7 8
1 7 17
1 7 25
1 7 49
1 8 4
1 8 13
1 8 20
1 8 25
1 8 39
1 8 58
1 8 85
1 9 1
1 9 13
1 9 17
1 9 18
1 9 26
1 9 28
1 9 67
1 10 16
1 10 20
1 10 21
1 10 23
1 10 24
1 10 25
1 10 27
1 10 51
1 10 55
1 10 66
1 11 5
1 11 12
1 11 24
1 11 33
1 11 37
1 12 0
1 12 25
1 12 35
1 12 53
1 13 22
1 13 23
1 13 29
1 13 33
1 13 66
1 13 83
1 14 3
1 14 11
1 14 17
1 14 25
1 14 31
1 14 43
1 14 70
1 14 79
1 15 8
1 15 19
1 15 30
1 15 32
1 15 34
1 15 45
1 16 1
1 16 8
1 16 17
1 16 31
1 17 0
1 17 22
1 17 69
1 18 5
1 18 6
1 18 21
1 18 31
1 18 36
1 18 41
1 18 63
1 18 84
1 19 3
1 19 17
1 19 21
1 20 1
1 20 5
1 20 8
1 20 10
1 20 24
1 20 36
1 20 37
1 21 4
1 21 13
1 21 20
1 21 22
1 21 23
1 21 29
1 21 33
1 21 44
1 22 3
1 22 16
1 22 17
1 22 33
1 22 41
1 22 77
1 23 4
1 23 9
1 23 25
1 24 15
1 24 26
1 24 28
1 25 0
1 25 7
1 25 27
1 26 19
1 26 70
1 26 81
1 27 1
1 27 8
1 27 10
1 27 11
1 27 15
1 27 17
1 27 25
1 27 28
1 27 36
1 27 37
1 27 43
1 28 1
1 28 7
1 28 21
1 28 25
1 28 33
1 28 35
1 28 54
1 29 0
1 29 6
1 29 16
1 29 19
1 29 29
1 30 1
1 30 6
1 30 14
1 30 16
1 30 20
1 30 21
1 30 23
1 30 30
1 30 36
1 30 46
1 30 51
1 30 72
1 31 23
1 31 33
1 31 83
1 32 12
1 32 16
1 32 17
1 32 24
1 32 36
1 32 40
1 32 58
1 32 74
1 33 4
1 33 6
1 33 18
1 33 31
1 33 32
1 33 34
1 33 36
1 34 21
1 35 6
1 35 9
1 35 35
1 35 68
1 35 79
1 36 0
1 36 10
1 36 17
1 36 31
1 36 76
1 37 11
1 37 25
1 37 32
1 37 34
1 37 37
1 37 39
1 37 44
1 38 3
1 38 6
1 38 11
1 38 14
1 38 17
1 38 29
1 38 35
1 38 49
1 38 56
1 39 9
1 39 51
1 40 11
1 40 44
1 40 72
1 41 13
1 41 14
1 41 23
1 41 43
1 41 81
1 42 1
1 42 16
1 42 21
1 42 65
1 43 50
1 43 52
1 43 60
1 43 67
1 44 26
1 44 50
1 44 62
1 45 53
1 46 16
1 46 39
1 46 68
1 46 72
1 47 4
1 47 14
1 47 47
1 47 67
1 47 73
1 47 83
1 48 10
1 48 28
1 48 62
1 49 15
1 49 48
1 49 76
1 49 77
1 50 6
1 50 18
1 50 56
1 50 80
1 51 83
1 52 3
1 52 35
1 52 46
1 52 71
1 52 78
1 53 21
1 53 56
1 54 33
1 54 39
1 54 57
1 54 70
1 54 78
1 55 29
1 55 61
1 55 79
1 56 73
1 57 3
1 57 65
1 57 84
1 58 19
1 58 20
1 58 38
1 58 61
1 58 77
1 59 21
1 59 44
1 59 50
1 60 45
1 60 56
1 60 66
1 60 84
1 61 3
1 61 10
1 61 13
1 61 16
1 61 21
1 61 30
1 61 43
1 61 61
1 61 84
1 62 7
1 62 54
1 62 62
1 62 74
1 63 33
1 63 80
1 64 42
1 65 16
1 65 28
1 65 52
1 65 58
1 66 50
1 66 67
1 66 73
1 66 74
1 67 16
1 67 28
1 67 72
1 67 73
1 68 42
1 68 57
1 68 67
1 68 73
1 69 57
1 70 57
1 70 61
1 70 66
1 70 75
1 71 6
1 71 65
1 71 72
1 71 82
1 72 29
1 72 50
1 72 56
1 72 81
1 74 49
1 74 79
1 74 83
1 75 34
1 75 51
1 76 4
1 76 40
1 77 42
1 78 5
1 78 7
1 78 12
1 78 55
1 78 67
1 78 68
1 78 81
1 79 14
1 79 67
1 79 76
1 80 11
1 81 0
1 81 51
1 82 37
1 82 59
1 82 80
1 83 41
1 83 60
1 83 74
1 84 67
1 84 77
1 85 40
2 0 4
2 0 8
2 0 13
2 0 17
2 0 27
2 0 40
2 0 51
2 0 68
2 0 70
2 1 12
2 1 28
2 1 29
2 2 0
2 2 6
2 2 15
2 2 31
2 2 33
2 2 34
2 2 58
2 2 60
2 2 65
2 3 5
2 3 12
2 3 25
2 3 38
2 4 13
2 4 15
2 4 21
2 4 28
2 4 55
2 5 5
2 5 9
2 5 11
2 5 17
2 5 35
2 5 37
2 5 40
2 6 0
2 6 1
2 6 20
2 6 83
2 7 1
2 7 5
2 7 18
2 7 21
2 7 30
2 7 83
2 8 2
2 8 21
2 8 29
2 8 30
2 8 38
2 8 46
2 8 48
2 8 52
2 9 2
2 9 11
2 9 27
2 9 42
2 9 61
2 10 11
2 10 14
2 10 22
2 10 33
2 10 49
2 10 66
2 11 11
2 11 30
2 11 36
2 12 27
2 12 32
2 12 33
2 12 71
2 12 79
2 13 32
2 13 59
2 14 26
2 15 36
2 15 54
2 16 1
2 16 20
2 16 28
2 16 33
2 16 39
2 16 58
2 17 15
2 17 24
2 17 25
2 17 26
2 17 33
2 17 38
2 18 2
2 18 9
2 19 1
2 19 6
2 19 24
2 19 29
2 20 6
2 20 11
2 20 13
2 20 16
2 20 26
2 20 32
2 20 36
2 20 38
2 21 3
2 21 6
2 21 11
2 21 15
2 21 40
2 21 61
2 22 15
2 22 22
2 22 80
2 22 85
2 23 12
2 23 15
2 23 20
2 23 25
2 23 28
2 23 32
2 23 49
2 23 51
2 23 53
2 23 75
2 24 28
2 24 35
2 24 38
2 24 70
2 24 81
2 25 9
2 25 21
2 25 33
2 26 20
2 26 28
2 26 34
2 26 37
2 26 38
2 26 52
2 26 65
2 27 1
2 27 6
2 27 20
2 27 27
2 27 32
2 27 45
2 27 53
2 27 81
2 28 12
2 28 15
2 28 19
2 28 20
2 28 78
2 29 2
2 29 5
2 29 20
2 29 56
2 30 7
2 30 16
2 30 17
2 30 27
2 30 33
2 31 0
2 31 22
2 32 0
2 32 5
2 32 13
2 32 16
2 32 20
2 32 28
2 33 3
2 33 9
2 33 14
2 33 27
2 33 34
2 33 37
2 34 0
2 34 4
2 34 10
2 34 22
2 34 31
2 34 54
2 34 56
2 34 64
2 35 10
2 35 22
2 35 35
2 35 46
2 36 0
2 36 2
2 36 17
2 36 20
2 36 23
2 36 26
2 36 35
2 36 44
2 36 55
2 36 75
2 37 8
2 37 9
2 37 19
2 37 25
2 37 31
2 37 32
2 37 47
2 37 52
2 37 61
2 37 67
2 37 79
2 38 2
2 38 7
2 38 24
2 38 26
2 38 31
2 39 22
2 39 24
2 39 40
2 39 51
2 40 40
2 40 66
2 40 69
2 41 33
2 41 46
2 41 62
2 41 66
2 42 29
2 42 59
2 43 75
2 43 83
2 43 85
2 44 29
2 44 52
2 44 56
2 44 77
2 44 81
2 44 82
2 45 9
2 45 20
2 45 26
2 45 56
2 46 18
2 47 20
2 47 80
2 48 11
2 48 35
2 48 41
2 49 41
2 49 52
2 49 75
2 50 42
2 51 32
2 51 43
2 52 55
2 52 74
2 53 10
2 53 17
2 53 33
2 53 48
2 54 25
2 54 35
2 54 59
2 54 82
2 55 40
2 56 22
2 56 69
2 57 74
2 58 4
2 58 64
2 58 76
2 58 84
2 60 51
2 60 60
2 60 64
2 61 7
2 61 43
2 62 48
2 62 63
2 62 66
2 63 41
2 63 81
2 64 7
2 64 12
2 64 21
2 64 62
2 65 70
2 66 35
2 66 77
2 67 14
2 67 67
2 67 74
2 67 77
2 68 5
2 68 46
2 68 53
2 68 54
2 69 9
2 69 66
2 70 3
2 70 23
2 70 24
2 71 39
2 71 56
2 72 4
2 72 81
2 72 85
2 73 32
2 73 36
2 73 45
2 74 11
2 74 36
2 74 82
2 75 11
2 75 71
2 76 19
2 76 29
2 76 32
2 76 43
2 76 51
2 76 63
2 76 72
2 76 74
2 77 25
2 77 71
2 78 33
2 78 38
2 78 59
2 79 31
2 79 64
2 80 12
2 80 36
2 81 11
2 81 18
2 81 65
2 81 78
2 82 51
2 82 75
2 83 22
2 83 29
2 83 83
2 83 84
2 84 60
2 85 44
2 85 77
3 0 12
3 0 14
3 0 17
3 0 18
3 0 26
3 1 1
3 1 2
3 1 4
3 1 22
3 1 25
3 1 33
3 1 35
3 1 48
3 1 56
3 2 10
3 2 26
3 2 30
3 2 32
3 2 35
3 2 58
3 2 77
3 3 2
3 3 5
3 3 11
3 3 24
3 3 35
3 3 37
3 3 58
3 3 75
3 4 0
3 4 6
3 4 36
3 4 52
3 4 85
3 5 2
3 5 28
3 5 32
3 5 44
3 5 67
3 5 79
3 5 83
3 6 4
3 6 18
3 6 33
3 6 35
3 7 10
3 7 14
3 7 15
3 7 16
3 7 19
3 7 22
3 7 38
3 7 64
3 7 74
3 8 12
3 8 14
3 8 17
3 8 25
3 8 30
3 8 39
3 8 56
3 8 82
3 9 19
3 9 20
3 10 27
3 10 35
3 10 38
3 10 39
3 10 59
3 11 5
3 11 12
3 11 17
3 11 19
3 11 21
3 11 28
3 11 32
3 11 44
3 11 51
3 12 3
3 12 19
3 12 24
3 12 33
3 12 34
3 12 39
3 12 48
3 13 1
3 13 4
3 13 5
3 13 27
3 13 33
3 13 38
3 13 81
3 14 8
3 14 10
3 14 15
3 14 17
3 14 28
3 14 36
3 14 37
3 14 38
3 15 0
3 15 4
3 15 6
3 15 22
3 15 33
3 15 39
3 15 80
3 16 4
3 16 6
3 16 13
3 16 19
3 16 34
3 16 35
3 17 17
3 17 31
3 17 32
3 17 39
3 17 55
3 17 86
3 18 3
3 18 8
3 18 9
3 18 34
3 18 63
3 19 8
3 19 9
3 19 16
3 19 21
3 19 32
3 19 37
3 19 38
3 20 1
3 20 3
3 20 10
3 20 13
3 20 17
3 20 24
3 20 39
3 21 5
3 21 6
3 21 11
3 21 13
3 21 16
3 21 17
3 21 64
3 21 76
3 22 10
3 22 12
3 22 25
3 22 27
3 22 70
3 22 81
3 22 82
3 23 4
3 23 5
3 23 10
3 23 22
3 23 37
3 23 47
3 23 67
3 23 69
3 23 74
3 24 0
3 24 5
3 24 6
3 24 21
3 24 24
3 24 31
3 24 49
3 24 67
3 25 2
3 25 22
3 25 24
3 25 27
3 25 28
3 25 30
3 25 36
3 25 67
3 25 79
3 26 9
3 26 11
3 26 13
3 26 22
3 26 25
3 26 35
3 26 81
3 27 9
3 27 23
3 27 26
3 27 55
3 27 56
3 28 13
3 28 14
3 28 22
3 28 28
3 28 32
3 28 59
3 28 68
3 28 74
3 28 84
3 29 32
3 29 38
3 29 42
3 30 5
3 30 9
3 30 17
3 30 27
3 30 35
3 31 22
3 31 24
3 31 25
3 31 29
3 31 31
3 31 70
3 31 73
3 31 78
3 32 0
3 32 4
3 32 5
3 32 17
3 32 19
3 32 35
3 32 69
3 32 72
3 33 28
3 33 64
3 33 67
3 34 4
3 34 14
3 34 18
3 34 45
3 35 0
3 35 2
3 35 24
3 35 31
3 35 72
3 36 1
3 36 2
3 36 4
3 36 11
3 36 12
3 36 16
3 36 17
3 36 25
3 36 28
3 36 34
3 36 44
3 36 53
3 36 84
3 36 86
3 37 18
3 37 29
3 37 34
3 37 42
3 37 45
3 37 73
3 38 5
3 38 10
3 38 38
3 39 20
3 39 79
3 40 0
3 40 72
3 41 52
3 41 56
3 42 55
3 42 78
3 43 61
3 43 62
3 43 75
3 43 78
3 43 86
3 44 17
3 44 20
3 44 44
3 44 68
3 44 80
3 45 7
3 45 52
3 45 72
3 45 85
3 46 43
3 46 57
3 46 69
3 47 80
3 47 85
3 48 4
3 48 14
3 48 62
3 48 63
3 48 73
3 49 36
3 49 55
3 49 80
3 49 82
3 50 2
3 50 16
3 50 36
3 51 18
3 51 83
3 52 3
3 52 18
3 52 22
3 52 40
3 52 43
3 53 4
3 53 57
3 54 22
3 54 45
3 54 52
3 54 83
3 55 47
3 55 69
3 55 74
3 56 9
3 56 56
3 56 57
3 56 58
3 57 8
3 57 13
3 57 44
3 57 62
3 57 64
3 57 83
3 58 42
3 58 47
3 58 55
3 58 74
3 59 42
3 59 81
3 60 50
3 60 69
3 61 47
3 61 52
3 61 62
3 61 80
3 62 13
3 62 15
3 62 56
3 63 20
3 63 32
3 63 46
3 63 63
3 63 64
3 63 76
3 64 13
3 64 20
3 65 8
3 65 21
3 65 71
3 65 82
3 66 17
3 66 22
3 66 32
3 66 58
3 67 69
3 68 4
3 68 42
3 68 60
3 69 0
3 69 18
3 69 56
3 70 33
3 70 56
3 71 0
3 71 9
3 71 29
3 71 42
3 71 45
3 71 66
3 71 86
3 72 24
3 72 79
3 73 20
3 73 43
3 73 67
3 74 26
3 74 27
3 74 35
3 74 49
3 74 59
3 74 77
3 75 20
3 75 26
3 75 32
3 75 57
3 75 75
3 76 12
3 76 22
3 76 28
3 76 30
3 76 43
3 76 60
3 76 86
3 77 4
3 77 9
3 77 68
3 78 44
3 78 57
3 78 60
3 78 72
3 79 20
3 79 22
3 79 37
3 80 21
3 80 31
3 80 34
3 80 42
3 80 57
3 80 59
3 80 70
3 80 73
3 80 75
3 81 65
3 81 85
3 82 44
3 82 61
3 82 62
3 82 67
3 82 84
3 83 50
3 84 17
3 84 73
3 84 80
3 85 0
3 85 15
3 85 52
3 85 54
3 85 70
4 0 15
4 0 36
4 0 37
4 0 40
4 0 44
4 0 56
4 0 62
4 0 81
4 1 13
4 1 29
4 1 60
4 1 79
4 2 2
4 2 3
4 2 11
4 2 53
4 2 55
4 2 60
4 2 69
4 3 0
4 3 7
4 3 16
4 3 37
4 3 38
4 3 80
4 4 9
4 4 17
4 4 30
4 4 33
4 4 73
4 4 76
4 5 4
4 5 8
4 5 23
4 5 37
4 5 77
4 5 82
4 6 4
4 6 12
4 7 11
4 7 15
4 7 26
4 7 32
4 7 34
4 7 63
4 8 16
4 8 37
4 8 62
4 8 69
4 9 2
4 9 34
4 9 37
4 9 38
4 9 40
4 10 5
4 10 15
4 10 18
4 10 29
4 10 67
4 11 0
4 11 18
4 11 25
4 11 60
4 11 63
4 12 18
4 12 19
4 12 71
4 13 0
4 13 10
4 13 14
4 13 15
4 13 19
4 13 21
4 13 23
4 13 29
4 13 37
4 14 2
4 14 5
4 14 7
4 14 9
4 14 22
4 14 71
4 15 1
4 15 24
4 15 44
4 16 10
4 16 23
4 16 80
4 17 0
4 17 26
4 17 28
4 17 31
4 17 37
4 18 1
4 18 20
4 18 24
4 18 28
4 18 83
4 19 1
4 19 21
4 19 34
4 19 44
4 19 51
4 19 56
4 19 64
4 19 76
4 19 82
4 20 8
4 20 18
4 20 22
4 20 29
4 20 32
4 20 35
4 20 36
4 20 59
4 21 8
4 21 14
4 21 20
4 21 31
4 21 33
4 21 72
4 22 1
4 22 5
4 22 22
4 22 58
4 22 68
4 22 69
4 23 14
4 23 19
4 23 32
4 23 33
4 23 35
4 24 11
4 24 12
4 24 13
4 24 23
4 25 8
4 25 15
4 25 20
4 25 22
4 25 25
4 25 26
4 25 28
4 25 29
4 25 37
4 25 66
4 26 0
4 26 4
4 26 6
4 26 12
4 26 37
4 26 39
4 26 69
4 26 70
4 27 3
4 27 30
4 27 31
4 27 34
4 28 0
4 28 4
4 28 9
4 28 11
4 28 12
4 28 16
4 28 22
4 28 27
4 28 37
4 28 38
4 28 43
4 28 63
4 29 12
4 29 25
4 29 26
4 30 8
4 30 10
4 30 16
4 30 29
4 31 10
4 31 11
4 31 19
4 31 25
4 31 34
4 31 36
4 31 37
4 31 65
4 32 2
4 32 9
4 32 29
4 32 53
4 32 74
4 33 1
4 33 32
4 33 35
4 34 1
4 34 15
4 34 50
4 34 73
4 35 1
4 35 15
4 35 32
4 35 37
4 35 42
4 36 50
4 37 1
4 37 5
4 37 8
4 37 16
4 37 17
4 37 47
4 37 71
4 38 9
4 38 14
4 38 19
4 38 20
4 38 31
4 39 5
4 39 63
4 39 65
4 40 69
4 40 81
4 41 4
4 41 65
4 42 56
4 42 76
4 42 81
4 43 2
4 43 56
4 44 44
4 44 45
4 44 67
4 45 66
4 46 28
4 46 46
4 46 84
4 47 2
4 47 11
4 47 50
4 48 59
4 48 60
4 48 70
4 49 46
4 49 66
4 50 2
4 51 47
4 51 65
4 51 66
4 52 40
4 53 2
4 53 58
4 53 64
4 53 65
4 53 75
4 54 21
4 54 30
4 54 41
4 55 41
4 55 58
4 55 75
4 55 83
4 56 17
4 56 54
4 57 30
4 57 43
4 57 47
4 57 79
4 58 5
4 58 21
4 58 29
4 58 52
4 58 53
4 59 2
4 60 15
4 60 51
4 61 2
4 61 64
4 62 12
4 62 14
4 62 42
4 63 4
4 63 24
4 63 54
4 64 14
4 64 29
4 64 71
4 65 3
4 65 20
4 65 25
4 65 53
4 65 67
4 66 20
4 66 22
4 66 52
4 67 81
4 68 84
4 69 16
4 70 5
4 70 40
4 71 40
4 71 57
4 71 58
4 72 29
4 72 37
4 72 66
4 72 69
4 73 48
4 73 81
4 74 39
4 74 73
4 75 11
4 75 14
4 75 48
4 75 50
4 76 14
4 76 48
4 78 20
4 78 25
4 78 31
4 78 33
4 78 58
4 78 73
4 79 13
4 79 68
4 79 74
4 80 66
4 81 4
4 81 23
4 81 44
4 81 54
4 81 60
4 82 42
4 82 45
4 82 50
4 82 57
4 83 14
4 83 56
4 83 66
4 83 72
4 84 15
4 84 36
4 84 58
4 84 60
4 84 78
4 85 76
4 86 39
4 86 40
4 86 63
4 86 82
5 0 1
5 0 3
5 0 10
5 0 21
5 0 22
5 0 23
5 0 24
5 0 36
5 1 1
5 1 12
5 1 15
5 1 24
5 1 25
5 1 29
5 1 36
5 1 65
5 2 31
5 2 44
5 2 71
5 3 0
5 3 4
5 3 20
5 3 28
5 3 37
5 3 61
5 3 74
5 4 5
5 4 18
5 4 27
5 4 28
5 4 64
5 4 77
5 5 5
5 5 12
5 5 13
5 5 17
5 5 28
5 5 29
5 5 36
5 6 15
5 6 19
5 6 23
5 6 28
5 6 35
5 6 39
5 6 61
5 6 65
5 6 70
5 7 15
5 7 19
5 7 20
5 7 66
5 8 4
5 8 5
5 8 14
5 8 28
5 8 50
5 8 81
5 9 5
5 9 15
5 9 24
5 9 60
5 10 8
5 10 36
5 10 38
5 11 3
5 12 6
5 12 8
5 12 11
5 12 26
5 12 28
5 12 29
5 12 36
5 12 55
5 13 3
5 13 4
5 13 8
5 13 10
5 13 21
5 13 69
5 14 36
5 14 54
5 14 76
5 15 3
5 15 5
5 15 11
5 15 14
5 15 22
5 15 32
5 16 12
5 16 21
5 16 79
5 17 0
5 17 2
5 17 4
5 17 9
5 17 23
5 17 27
5 17 29
5 17 31
5 17 38
5 18 0
5 18 16
5 18 21
5 18 27
5 18 80
5 18 84
5 19 1
5 19 8
5 19 16
5 19 26
5 19 31
5 19 81
5 20 14
5 20 16
5 20 23
5 20 46
5 21 1
5 21 3
5 21 10
5 21 13
5 21 29
5 21 31
5 21 71
5 21 78
5 21 84
5 22 13
5 22 29
5 22 31
5 22 37
5 22 54
5 23 11
5 23 23
5 24 0
5 24 33
5 24 38
5 25 14
5 25 32
5 25 34
5 26 14
5 26 17
5 26 18
5 26 19
5 26 60
5 27 30
5 27 36
5 27 49
5 28 4
5 28 16
5 28 18
5 28 36
5 29 4
5 29 5
5 29 25
5 29 35
5 29 77
5 30 6
5 30 33
5 30 53
5 30 69
5 30 75
5 31 1
5 31 4
5 31 20
5 31 34
5 31 39
5 31 53
5 32 4
5 32 14
5 32 26
5 32 33
5 32 35
5 33 3
5 33 25
5 33 35
5 33 36
5 34 4
5 34 7
5 34 18
5 34 21
5 34 41
5 35 1
5 35 8
5 35 16
5 35 28
5 35 34
5 35 37
5 35 38
5 36 4
5 36 5
5 36 13
5 36 26
5 36 59
5 37 2
5 37 3
5 37 5
5 37 8
5 37 27
5 37 70
5 38 0
5 38 6
5 38 19
5 38 25
5 38 34
5 38 36
5 38 37
5 38 38
5 38 65
5 38 69
5 39 31
5 39 55
5 40 6
5 40 30
5 40 53
5 40 59
5 40 64
5 41 40
5 42 7
5 42 33
5 42 43
5 42 72
5 43 23
5 43 32
5 43 45
5 43 72
5 44 56
5 44 73
5 44 78
5 45 22
5 45 83
5 46 6
5 46 56
5 47 36
5 47 63
5 48 26
5 50 56
5 50 81
5 51 48
5 51 59
5 51 66
5 51 68
5 51 78
5 52 3
5 52 46
5 52 49
5 52 53
5 52 65
5 52 77
5 52 83
5 53 15
5 53 40
5 53 74
5 53 82
5 54 84
5 55 69
5 55 84
5 56 35
5 56 74
5 57 13
5 57 70
5 58 35
5 58 50
5 58 54
5 58 58
5 58 67
5 59 27
5 59 35
5 59 41
5 59 59
5 60 49
5 60 73
5 61 8
5 61 47
5 61 48
5 61 83
5 63 3
5 63 5
5 63 25
5 64 36
5 65 21
5 65 29
5 65 41
5 65 60
5 65 76
5 65 81
5 65 82
5 66 45
5 66 79
5 67 10
5 67 41
5 67 45
5 68 42
5 68 47
5 68 68
5 69 9
5 69 43
5 69 45
5 70 17
5 70 24
5 70 64
5 70 71
5 71 1
5 71 12
5 71 15
5 71 43
5 71 73
5 71 77
5 72 1
5 72 46
5 72 59
5 72 79
5 73 41
5 73 56
5 74 28
5 74 82
5 75 2
5 75 17
5 75 38
5 75 70
5 75 73
5 75 76
5 76 14
5 76 32
5 76 42
5 76 68
5 76 78
5 76 81
5 77 47
5 77 50
5 78 35
5 79 5
5 79 65
5 81 15
5 81 32
5 81 49
5 81 63
5 81 84
5 82 19
5 83 37
5 83 71
5 83 81
5 84 13
5 84 55
6 0 4
6 1 16
6 1 38
6 1 50
6 1 74
6 2 20
6 2 33
6 2 44
6 2 47
6 3 2
6 3 3
6 3 10
6 3 25
6 3 27
6 3 32
6 3 35
6 4 18
6 4 48
6 4 83
6 5 1
6 5 3
6 5 7
6 5 9
6 5 18
6 5 19
6 5 23
6 5 31
6 5 82
6 6 0
6 6 2
6 6 12
6 6 22
6 6 30
6 6 33
6 6 40
6 7 3
6 7 26
6 7 32
6 7 39
6 8 7
6 8 10
6 8 23
6 8 32
6 8 75
6 9 24
6 9 27
6 9 49
6 9 50
6 10 11
6 10 12
6 10 13
6 10 16
6 10 19
6 10 21
6 11 3
6 11 11
6 11 12
6 11 16
6 11 30
6 11 31
6 11 32
6 11 34
6 11 83
6 12 2
6 12 8
6 12 14
6 12 20
6 12 27
6 12 31
6 12 35
6 12 62
6 12 77
6 12 78
6 13 3
6 13 7
6 13 51
6 14 2
6 14 12
6 14 24
6 14 31
6 14 62
6 15 27
6 15 34
6 15 62
6 16 10
6 16 15
6 16 18
6 16 26
6 16 37
6 16 40
6 16 76
6 17 0
6 17 15
6 17 18
6 17 20
6 17 32
6 17 52
6 18 1
6 18 5
6 18 7
6 18 18
6 18 20
6 18 26
6 18 27
6 18 32
6 19 36
6 19 38
6 19 46
6 20 17
6 21 0
6 21 1
6 21 3
6 21 13
6 21 23
6 21 25
6 21 27
6 21 34
6 21 35
6 21 38
6 21 39
6 21 50
6 21 79
6 22 23
6 22 40
6 22 41
6 22 53
6 23 6
6 23 7
6 23 17
6 23 24
6 23 33
6 23 36
6 23 55
6 23 61
6 23 72
6 23 76
6 24 20
6 24 29
6 25 16
6 25 20
6 25 22
6 25 69
6 26 2
6 26 21
6 26 26
6 26 30
6 26 32
6 26 35
6 26 76
6 26 79
6 27 0
6 27 5
6 27 14
6 27 22
6 27 28
6 27 31
6 27 37
6 27 38
6 27 40
6 27 71
6 28 5
6 28 14
6 28 20
6 28 48
6 28 63
6 29 0
6 29 2
6 29 4
6 29 5
6 29 7
6 29 9
6 29 24
6 29 42
6 30 2
6 30 3
6 30 8
6 30 9
6 30 10
6 30 15
6 30 23
6 30 30
6 30 33
6 30 37
6 31 2
6 31 7
6 31 17
6 31 26
6 31 29
6 31 74
6 32 2
6 32 13
6 32 14
6 32 21
6 32 25
6 32 33
6 32 34
6 32 43
6 32 82
6 33 4
6 33 6
6 33 11
6 33 12
6 33 16
6 33 20
6 33 23
6 34 1
6 34 3
6 34 4
6 34 20
6 34 29
6 34 36
6 34 38
6 35 5
6 35 26
6 35 29
6 35 32
6 36 1
6 36 3
6 36 17
6 36 34
6 37 1
6 37 10
6 37 20
6 37 29
6 37 47
6 37 67
6 38 7
6 38 11
6 38 17
6 38 20
6 38 22
6 38 32
6 38 34
6 38 38
6 39 30
6 39 49
6 39 63
6 40 9
6 40 10
6 40 11
6 40 14
6 40 41
6 40 49
6 40 65
6 41 42
6 41 51
6 41 57
6 41 75
6 42 53
6 42 56
6 42 61
6 42 67
6 42 72
6 42 77
6 43 84
6 44 11
6 44 37
6 44 39
6 44 42
6 44 52
6 44 82
6 45 3
6 45 24
6 45 43
6 45 62
6 45 65
6 45 67
6 45 80
6 46 21
6 46 79
6 47 43
6 47 55
6 47 68
6 47 80
6 48 6
6 48 46
6 48 56
6 48 74
6 49 28
6 49 61
6 49 68
6 50 14
6 50 44
6 50 46
6 51 25
6 51 44
6 51 84
6 52 21
6 52 57
6 52 64
6 52 65
6 53 26
6 53 45
6 53 48
6 53 80
6 53 82
6 54 19
6 54 51
6 54 60
6 54 62
6 54 75
6 54 79
6 55 30
6 55 55
6 56 84
6 57 7
6 57 25
6 57 51
6 58 12
6 58 51
6 58 63
6 58 66
6 59 29
6 59 59
6 59 61
6 60 6
6 60 32
6 60 48
6 60 59
6 60 61
6 61 30
6 61 36
6 63 30
6 63 44
6 63 68
6 63 83
6 64 11
6 64 20
6 64 56
6 64 64
6 64 66
6 65 35
6 65 62
6 66 12
6 66 59
6 66 74
6 66 84
6 68 49
6 68 59
6 68 77
6 68 80
6 69 49
6 71 40
6 71 71
6 71 80
6 71 83
6 72 27
6 73 51
6 73 62
6 73 80
6 74 6
6 74 28
6 74 61
6 74 68
6 74 78
6 74 80
6 75 18
6 75 40
6 76 45
6 76 50
6 76 64
6 76 65
6 77 21
6 77 26
6 77 78
6 77 80
6 77 81
6 78 41
6 78 50
6 78 55
6 79 37
6 79 62
6 79 67
6 79 73
6 79 77
6 80 1
6 80 9
6 80 21
6 80 36
6 80 38
6 80 63
6 81 34
6 82 58
6 82 60
6 83 54
6 84 17
6 84 24