6275
6
39 40 39 40 39 41
1049

0 0 0 247 787 0 628 126 808 0 208 0 0 57 623 663 31 0 0 0 91 59 0 0 75 0 50 36 0 88 0 2 0 75 0 0 5 0 0
454 0 0 0 513 776 0 654 0 356 597 0 875 801 525 0 0 0 0 24 0 33 0 43 0 78 56 63 0 59 79 0 0 40 7 44 70 41 0 99
472 0 0 0 0 114 836 0 227 0 0 0 314 0 0 68 22 0 0 0 59 0 0 60 34 6 88 75 0 32 14 58 0 19 46 82 7 0 69
0 865 559 447 0 154 0 0 661 0 846 932 0 294 867 0 0 77 0 27 88 0 0 0 0 0 0 38 0 18 0 50 93 0 26 0 36 0 95 0
602 871 683 840 421 517 0 247 0 0 0 643 606 540 0 714 0 54 0 25 93 0 0 96 0 51 0 90 15 55 0 0 25 50 94 27 20 0 64
0 0 0 351 0 0 263 0 0 0 174 0 0 0 0 0 0 46 0 0 19 32 0 0 0 50 82 0 32 73 0 0 54 0 0 0 0 0 0 0 41

0 0 1
0 0 2
0 0 4
0 0 5
0 0 6
0 0 7
0 0 9
0 0 21
0 0 29
0 1 1
0 1 2
0 1 3
0 1 4
0 1 5
0 1 9
0 1 11
0 1 12
0 1 13
0 1 14
0 1 37
0 2 3
0 2 7
0 2 8
0 2 13
0 2 15
0 3 0
0 3 4
0 3 7
0 3 8
0 3 10
0 3 11
0 3 12
0 3 13
0 4 0
0 4 1
0 4 2
0 4 3
0 4 4
0 4 5
0 4 6
0 4 12
0 4 13
0 4 14
0 4 39
0 5 0
0 5 3
0 5 9
0 5 11
0 5 12
0 5 13
0 6 3
0 6 4
0 6 6
0 6 8
0 6 9
0 6 10
0 6 11
0 6 13
0 6 14
0 6 17
0 6 34
0 7 0
0 7 2
0 7 3
0 7 4
0 7 7
0 7 8
0 7 9
0 7 10
0 7 12
0 7 17
0 7 22
0 7 29
0 7 32
0 8 0
0 8 1
0 8 4
0 8 5
0 8 6
0 8 8
0 8 10
0 8 11
0 8 12
0 8 25
0 9 1
0 9 3
0 9 5
0 9 6
0 9 7
0 9 12
0 9 13
0 9 14
0 10 1
0 10 2
0 10 3
0 10 4
0 10 7
0 10 9
0 10 15
0 10 27
0 10 34
0 11 5
0 11 6
0 11 7
0 11 8
0 11 9
0 11 10
0 11 12
0 11 24
0 11 38
0 12 3
0 12 4
0 12 6
0 12 8
0 12 11
0 12 12
0 12 13
0 12 14
0 12 15
0 12 21
0 13 0
0 13 1
0 13 2
0 13 4
0 13 6
0 13 8
0 13 9
0 13 10
0 13 12
0 13 13
0 13 31
0 14 0
0 14 2
0 14 5
0 14 7
0 14 9
0 14 15
0 14 18
0 14 19
0 14 27
0 14 28
0 15 0
0 15 3
0 15 4
0 15 5
0 15 7
0 15 8
0 15 9
0 15 11
0 15 12
0 15 13
0 15 14
0 15 19
0 15 38
0 17 18
0 17 28
0 17 33
0 19 17
0 19 22
0 19 26
0 19 31
0 19 36
0 20 32
0 21 23
0 21 28
0 22 10
0 22 20
0 22 25
0 22 33
0 23 0
0 23 26
0 23 29
0 23 31
0 23 32
0 24 4
0 24 16
0 24 23
0 24 27
0 24 29
0 24 35
0 25 9
0 25 19
0 25 31
0 26 11
0 26 27
0 26 38
0 27 32
0 28 37
0 29 16
0 29 24
0 29 37
0 30 13
0 30 31
0 30 34
0 31 0
0 31 19
0 32 4
0 32 10
0 33 7
0 33 16
0 33 21
0 34 2
0 34 25
0 34 28
0 34 33
0 35 11
0 35 17
0 35 37
0 35 38
0 36 17
0 36 23
0 36 28
0 37 5
0 37 21
0 38 6
0 38 34
0 38 37
1 0 0
1 0 4
1 0 7
1 0 9
1 0 12
1 0 13
1 0 14
1 0 15
1 1 6
1 1 8
1 1 10
1 1 15
1 1 25
1 2 0
1 2 5
1 2 7
1 2 8
1 2 9
1 2 10
1 2 11
1 2 13
1 2 34
1 2 38
1 3 2
1 3 4
1 3 5
1 3 6
1 3 7
1 3 8
1 3 9
1 3 12
1 3 13
1 3 14
1 3 22
1 3 30
1 4 2
1 4 4
1 4 6
1 4 7
1 4 13
1 4 15
1 4 20
1 4 33
1 5 0
1 5 1
1 5 3
1 5 4
1 5 9
1 5 12
1 6 1
1 6 2
1 6 4
1 6 8
1 6 11
1 6 12
1 6 13
1 6 14
1 6 15
1 6 21
1 7 0
1 7 1
1 7 2
1 7 3
1 7 4
1 7 5
1 7 7
1 7 8
1 7 9
1 7 11
1 7 12
1 7 13
1 7 14
1 7 17
1 7 18
1 8 2
1 8 3
1 8 4
1 8 7
1 8 9
1 8 10
1 8 11
1 8 12
1 8 13
1 8 15
1 9 0
1 9 1
1 9 5
1 9 6
1 9 7
1 9 8
1 9 11
1 9 14
1 9 15
1 9 32
1 10 0
1 10 2
1 10 3
1 10 8
1 10 10
1 10 11
1 10 13
1 11 0
1 11 2
1 11 4
1 11 5
1 11 6
1 11 7
1 11 9
1 11 13
1 11 14
1 11 15
1 11 38
1 12 0
1 12 2
1 12 5
1 12 8
1 12 9
1 12 14
1 12 31
1 12 35
1 12 37
1 13 0
1 13 1
1 13 2
1 13 6
1 13 10
1 13 11
1 13 12
1 13 13
1 13 15
1 13 22
1 13 28
1 13 30
1 14 1
1 14 2
1 14 3
1 14 5
1 14 6
1 14 9
1 14 12
1 14 32
1 15 2
1 15 3
1 15 5
1 15 6
1 15 7
1 15 8
1 15 10
1 15 13
1 15 15
1 16 1
1 16 5
1 16 9
1 16 19
1 17 28
1 17 36
1 18 20
1 18 36
1 20 24
1 20 31
1 21 1
1 21 15
1 21 19
1 23 10
1 23 15
1 23 16
1 23 18
1 23 25
1 23 28
1 24 19
1 24 21
1 24 37
1 25 24
1 25 31
1 26 3
1 27 16
1 27 30
1 28 22
1 28 30
1 28 35
1 29 11
1 29 27
1 30 25
1 30 36
1 31 19
1 31 24
1 31 32
1 31 33
1 31 38
1 32 9
1 32 16
1 32 17
1 32 37
1 33 15
1 33 17
1 33 24
1 34 18
1 34 34
1 35 27
1 35 34
1 36 25
1 36 27
1 37 6
1 37 27
1 37 29
1 37 32
1 37 36
1 37 38
1 38 4
1 39 25
2 0 1
2 0 2
2 0 3
2 0 4
2 0 6
2 0 7
2 0 8
2 0 14
2 0 15
2 0 21
2 1 2
2 1 5
2 1 6
2 1 8
2 1 9
2 1 11
2 1 12
2 1 13
2 2 5
2 2 6
2 2 8
2 2 9
2 2 11
2 2 12
2 2 13
2 3 2
2 3 3
2 3 6
2 3 10
2 3 14
2 3 29
2 4 0
2 4 1
2 4 5
2 4 6
2 4 7
2 4 10
2 4 12
2 4 14
2 5 1
2 5 4
2 5 5
2 5 6
2 5 7
2 5 8
2 5 9
2 5 10
2 5 11
2 5 13
2 5 15
2 5 30
2 6 0
2 6 2
2 6 5
2 6 9
2 6 10
2 6 14
2 6 15
2 7 0
2 7 3
2 7 4
2 7 5
2 7 7
2 7 8
2 7 9
2 7 11
2 7 12
2 7 13
2 7 14
2 7 15
2 7 17
2 7 23
2 7 27
2 8 0
2 8 2
2 8 3
2 8 4
2 8 11
2 8 13
2 8 14
2 8 15
2 8 19
2 8 21
2 8 29
2 8 33
2 9 0
2 9 4
2 9 7
2 9 12
2 9 14
2 9 35
2 10 1
2 10 3
2 10 6
2 10 7
2 10 8
2 10 9
2 10 10
2 10 12
2 10 13
2 10 14
2 10 23
2 11 2
2 11 3
2 11 4
2 11 9
2 11 10
2 11 15
2 12 1
2 12 2
2 12 4
2 12 6
2 12 9
2 12 10
2 12 11
2 12 13
2 12 14
2 12 15
2 12 27
2 13 2
2 13 3
2 13 4
2 13 6
2 13 8
2 13 9
2 13 10
2 13 12
2 14 6
2 14 9
2 14 10
2 14 12
2 14 14
2 14 15
2 14 34
2 15 1
2 15 2
2 15 4
2 15 6
2 15 13
2 16 14
2 16 21
2 17 4
2 17 8
2 17 15
2 18 4
2 18 15
2 18 23
2 19 2
2 19 20
2 20 14
2 20 21
2 20 25
2 20 31
2 21 1
2 21 7
2 21 17
2 21 22
2 21 28
2 21 30
2 21 34
2 22 6
2 22 25
2 22 29
2 22 30
2 22 32
2 23 30
2 24 5
2 24 16
2 24 17
2 24 37
2 24 39
2 25 11
2 25 13
2 25 20
2 26 33
2 27 19
2 27 21
2 27 39
2 28 4
2 28 12
2 29 5
2 30 21
2 30 36
2 31 21
2 31 35
2 32 0
2 32 14
2 32 20
2 32 25
2 33 31
2 34 7
2 34 35
2 34 36
2 35 16
2 35 24
2 35 39
2 36 24
2 36 28
2 36 31
2 37 1
2 37 24
2 37 32
2 38 22
2 38 34
3 0 0
3 0 1
3 0 4
3 0 8
3 0 12
3 0 14
3 0 15
3 0 21
3 1 0
3 1 9
3 1 10
3 1 12
3 1 14
3 2 0
3 2 2
3 2 5
3 2 8
3 2 9
3 2 10
3 2 14
3 2 15
3 2 22
3 2 27
3 2 37
3 2 38
3 3 0
3 3 1
3 3 4
3 3 5
3 3 7
3 3 11
3 3 15
3 3 24
3 3 26
3 3 28
3 4 1
3 4 4
3 4 5
3 4 8
3 4 10
3 4 11
3 4 12
3 4 14
3 4 15
3 4 36
3 5 1
3 5 5
3 5 7
3 5 11
3 5 13
3 5 15
3 6 0
3 6 1
3 6 4
3 6 7
3 6 8
3 6 9
3 6 11
3 6 12
3 6 13
3 6 15
3 6 38
3 7 1
3 7 4
3 7 6
3 7 8
3 7 13
3 7 24
3 7 27
3 7 29
3 8 0
3 8 2
3 8 3
3 8 4
3 8 5
3 8 6
3 8 7
3 8 11
3 8 13
3 8 14
3 8 36
3 9 1
3 9 3
3 9 5
3 9 7
3 9 8
3 9 9
3 9 10
3 9 11
3 9 12
3 9 13
3 9 15
3 9 20
3 10 0
3 10 2
3 10 3
3 10 4
3 10 6
3 10 11
3 10 13
3 10 20
3 10 32
3 10 33
3 11 2
3 11 3
3 11 4
3 11 5
3 11 6
3 11 7
3 11 10
3 11 12
3 11 13
3 11 14
3 11 15
3 11 33
3 12 0
3 12 4
3 12 8
3 12 9
3 12 10
3 12 11
3 12 13
3 12 15
3 12 36
3 13 1
3 13 2
3 13 3
3 13 5
3 13 6
3 13 8
3 13 9
3 13 14
3 13 28
3 13 35
3 14 0
3 14 2
3 14 4
3 14 5
3 14 7
3 14 8
3 14 10
3 14 11
3 14 12
3 14 13
3 14 14
3 14 15
3 15 0
3 15 3
3 15 4
3 15 7
3 15 9
3 15 12
3 15 14
3 15 15
3 15 32
3 16 16
3 16 28
3 16 29
3 17 5
3 18 33
3 19 8
3 19 31
3 19 36
3 20 2
3 20 13
3 20 23
3 20 31
3 20 38
3 21 20
3 21 28
3 21 32
3 22 30
3 22 38
3 23 10
3 23 16
3 23 19
3 23 21
3 24 1
3 24 28
3 24 35
3 25 7
3 25 15
3 25 18
3 25 19
3 25 24
3 26 3
3 26 5
3 26 15
3 26 18
3 26 22
3 26 29
3 27 2
3 27 18
3 27 29
3 27 38
3 28 9
3 28 29
3 28 30
3 28 35
3 29 7
3 29 19
3 29 26
3 30 23
3 31 4
3 31 14
3 32 14
3 32 23
3 32 35
3 32 37
3 33 38
3 34 24
3 34 26
3 35 33
3 36 4
3 36 13
3 36 15
3 36 19
3 36 20
3 39 3
3 39 20
3 39 23
4 0 0
4 0 2
4 0 4
4 0 6
4 0 7
4 0 8
4 0 10
4 0 12
4 0 13
4 0 14
4 0 15
4 0 23
4 0 34
4 1 0
4 1 1
4 1 2
4 1 4
4 1 6
4 1 11
4 1 12
4 1 15
4 1 32
4 2 2
4 2 5
4 2 6
4 2 7
4 2 11
4 2 13
4 2 14
4 2 15
4 2 34
4 3 1
4 3 2
4 3 7
4 3 9
4 3 11
4 3 12
4 3 14
4 4 1
4 4 4
4 4 5
4 4 6
4 4 8
4 4 10
4 4 15
4 5 1
4 5 2
4 5 3
4 5 6
4 5 7
4 5 10
4 5 12
4 5 14
4 5 18
4 6 0
4 6 6
4 6 7
4 6 8
4 6 10
4 6 11
4 6 13
4 6 15
4 6 24
4 6 33
4 7 0
4 7 1
4 7 4
4 7 5
4 7 10
4 7 11
4 7 15
4 7 27
4 8 1
4 8 2
4 8 4
4 8 6
4 8 7
4 8 12
4 8 13
4 8 14
4 8 15
4 9 1
4 9 2
4 9 3
4 9 4
4 9 6
4 9 8
4 9 10
4 9 11
4 9 14
4 10 6
4 10 9
4 10 11
4 10 12
4 10 14
4 10 34
4 11 1
4 11 2
4 11 4
4 11 10
4 11 12
4 11 13
4 11 14
4 11 15
4 11 19
4 11 36
4 12 0
4 12 2
4 12 3
4 12 4
4 12 8
4 13 0
4 13 1
4 13 5
4 13 8
4 13 9
4 13 13
4 13 14
4 14 0
4 14 2
4 14 3
4 14 7
4 14 8
4 14 11
4 14 14
4 14 15
4 15 0
4 15 1
4 15 2
4 15 3
4 15 5
4 15 8
4 15 9
4 15 11
4 15 12
4 15 15
4 15 23
4 16 25
4 16 26
4 17 0
4 18 18
4 18 23
4 19 13
4 19 24
4 19 27
4 20 14
4 20 16
4 21 10
4 21 28
4 21 30
4 21 38
4 22 2
4 22 5
4 23 2
4 23 17
4 23 19
4 23 34
4 24 16
4 24 32
4 24 36
4 25 17
4 25 19
4 25 22
4 25 35
4 26 17
4 26 24
4 26 39
4 27 1
4 27 22
4 27 31
4 27 38
4 27 40
4 28 34
4 30 21
4 30 26
4 30 29
4 30 30
4 30 36
4 31 0
4 31 6
4 31 40
4 32 20
4 33 22
4 33 32
4 33 33
4 34 26
4 35 6
4 35 9
4 35 16
4 35 18
4 36 40
4 37 1
4 37 24
4 38 6
4 38 15
4 38 21
4 38 36