347
4
48 10 65 57
1934

468 566 520 36 0 136 56 389 208 116 367 3 849 430 0 0 969 734 605 570 0 686 434 119 789 0 0 171 990 780 468 843 796 593 67 159 329 601 0 257 557 489 123 0 132 486 525 565
217 331 898 228 615 80 363 0 0 188
0 368 514 0 304 27 1012 95 0 733 58 638 205 957 82 794 197 529 407 354 279 367 334 917 968 684 160 711 0 948 188 815 643 107 247 428 797 421 798 636 0 0 0 371 527 100 753 0 297 341 0 228 1012 159 440 750 576 0 103 0 0 479 916 866 926
273 317 218 637 644 47 0 857 653 851 445 822 963 812 897 865 62 575 301 735 120 51 0 289 374 707 466 511 0 0 822 585 324 536 735 46 508 0 578 0 508 55 0 875 279 28 717 565 0 0 562 393 0 1002 0 597 885

0 0 2
0 0 6
0 1 0
0 1 1
0 1 4
0 1 5
0 1 9
0 2 0
0 2 2
0 2 5
0 2 6
0 3 0
0 3 2
0 3 3
0 3 5
0 3 7
0 3 8
0 3 9
0 4 0
0 4 1
0 4 4
0 4 7
0 5 2
0 5 6
0 5 7
0 5 9
0 6 1
0 6 6
0 6 7
0 7 4
0 7 5
0 7 7
0 7 9
0 8 1
0 8 2
0 8 8
0 8 9
0 9 2
0 9 3
0 9 4
0 9 5
0 9 6
0 9 7
0 10 0
0 10 3
0 10 5
0 10 6
0 11 0
0 11 1
0 11 2
0 11 3
0 11 4
0 11 6
0 11 7
0 11 9
0 12 0
0 12 5
0 12 9
0 13 2
0 13 3
0 13 8
0 14 1
0 14 2
0 14 3
0 14 5
0 14 8
0 14 9
0 15 1
0 15 3
0 15 8
0 16 2
0 16 3
0 16 6
0 16 7
0 16 8
0 17 0
0 17 5
0 17 7
0 17 9
0 18 0
0 18 6
0 18 9
0 19 1
0 19 4
0 19 9
0 20 0
0 20 1
0 20 3
0 20 6
0 21 2
0 21 4
0 21 7
0 22 4
0 22 5
0 22 9
0 23 3
0 23 4
0 23 5
0 23 7
0 23 8
0 24 2
0 24 3
0 24 5
0 24 6
0 25 0
0 25 1
0 25 2
0 25 3
0 25 7
0 26 2
0 26 3
0 26 4
0 26 5
0 26 6
0 26 8
0 26 9
0 27 0
0 27 3
0 27 4
0 27 5
0 27 7
0 27 8
0 27 9
0 28 0
0 28 1
0 28 4
0 28 6
0 28 7
0 28 8
0 28 9
0 29 0
0 29 2
0 29 4
0 29 5
0 29 6
0 29 7
0 29 9
0 30 2
0 30 8
0 31 6
0 32 1
0 32 3
0 33 3
0 33 4
0 33 6
0 33 8
0 34 1
0 34 3
0 34 6
0 34 7
0 35 0
0 35 1
0 35 2
0 35 3
0 35 7
0 35 8
0 36 3
0 36 5
0 36 7
0 36 8
0 37 0
0 37 1
0 37 2
0 37 3
0 37 5
0 37 7
0 38 6
0 38 7
0 38 8
0 39 0
0 39 1
0 39 2
0 39 7
0 40 2
0 40 3
0 40 5
0 41 1
0 41 6
0 41 7
0 41 8
0 42 0
0 42 2
0 42 7
0 42 9
0 43 0
0 43 2
0 43 7
0 44 0
0 44 3
0 44 5
0 44 7
0 44 8
0 45 2
0 45 9
0 46 0
0 46 2
0 46 5
0 46 6
0 46 8
0 47 4
0 47 6
0 47 7
0 47 8
0 47 9
1 0 1
1 0 6
1 0 7
1 0 9
1 0 11
1 0 12
1 0 13
1 0 15
1 0 16
1 0 18
1 0 19
1 0 22
1 0 23
1 0 25
1 0 27
1 0 31
1 0 33
1 0 40
1 0 41
1 0 47
1 0 50
1 0 51
1 0 55
1 0 56
1 0 57
1 0 58
1 0 62
1 1 1
1 1 2
1 1 7
1 1 9
1 1 11
1 1 12
1 1 13
1 1 17
1 1 18
1 1 20
1 1 21
1 1 22
1 1 26
1 1 27
1 1 28
1 1 29
1 1 30
1 1 32
1 1 34
1 1 37
1 1 38
1 1 40
1 1 42
1 1 43
1 1 46
1 1 48
1 1 49
1 1 51
1 1 53
1 1 54
1 1 57
1 1 58
1 1 59
1 1 60
1 1 62
1 1 63
1 2 0
1 2 1
1 2 2
1 2 3
1 2 4
1 2 5
1 2 11
1 2 12
1 2 14
1 2 17
1 2 19
1 2 20
1 2 21
1 2 23
1 2 25
1 2 28
1 2 30
1 2 33
1 2 37
1 2 42
1 2 43
1 2 44
1 2 48
1 2 50
1 2 57
1 2 60
1 2 61
1 2 62
1 2 64
1 3 5
1 3 7
1 3 10
1 3 11
1 3 17
1 3 18
1 3 20
1 3 22
1 3 28
1 3 31
1 3 32
1 3 34
1 3 35
1 3 36
1 3 38
1 3 40
1 3 41
1 3 42
1 3 47
1 3 54
1 3 55
1 3 56
1 3 57
1 3 58
1 3 59
1 3 60
1 3 61
1 4 1
1 4 4
1 4 6
1 4 11
1 4 17
1 4 18
1 4 19
1 4 21
1 4 23
1 4 27
1 4 29
1 4 30
1 4 38
1 4 39
1 4 43
1 4 44
1 4 45
1 4 48
1 4 49
1 4 51
1 4 52
1 4 53
1 4 56
1 4 58
1 4 59
1 4 62
1 4 64
1 5 1
1 5 2
1 5 3
1 5 4
1 5 5
1 5 8
1 5 9
1 5 12
1 5 15
1 5 16
1 5 19
1 5 21
1 5 25
1 5 26
1 5 30
1 5 31
1 5 33
1 5 37
1 5 40
1 5 43
1 5 45
1 5 48
1 5 54
1 5 56
1 5 60
1 5 64
1 6 0
1 6 1
1 6 3
1 6 4
1 6 5
1 6 15
1 6 18
1 6 21
1 6 22
1 6 25
1 6 28
1 6 30
1 6 31
1 6 33
1 6 34
1 6 37
1 6 38
1 6 42
1 6 45
1 6 47
1 6 48
1 6 49
1 6 51
1 6 53
1 6 59
1 6 60
1 6 61
1 6 62
1 7 1
1 7 3
1 7 8
1 7 10
1 7 11
1 7 12
1 7 13
1 7 15
1 7 17
1 7 19
1 7 20
1 7 21
1 7 22
1 7 25
1 7 27
1 7 29
1 7 30
1 7 31
1 7 32
1 7 33
1 7 34
1 7 36
1 7 37
1 7 40
1 7 41
1 7 43
1 7 45
1 7 46
1 7 47
1 7 48
1 7 49
1 7 50
1 7 53
1 7 58
1 7 59
1 7 60
1 7 64
1 8 0
1 8 3
1 8 4
1 8 5
1 8 17
1 8 19
1 8 22
1 8 24
1 8 25
1 8 28
1 8 30
1 8 31
1 8 35
1 8 36
1 8 37
1 8 38
1 8 40
1 8 43
1 8 44
1 8 45
1 8 46
1 8 47
1 8 51
1 8 54
1 8 55
1 8 56
1 8 58
1 8 59
1 8 60
1 8 61
1 9 2
1 9 4
1 9 5
1 9 6
1 9 8
1 9 9
1 9 18
1 9 19
1 9 23
1 9 24
1 9 28
1 9 31
1 9 33
1 9 34
1 9 36
1 9 41
1 9 45
1 9 49
1 9 50
1 9 52
1 9 54
2 0 0
2 0 2
2 0 3
2 0 6
2 0 9
2 0 12
2 0 16
2 0 17
2 0 19
2 0 21
2 0 22
2 0 26
2 0 27
2 0 28
2 0 29
2 0 31
2 0 33
2 0 36
2 0 40
2 0 44
2 0 45
2 0 48
2 0 49
2 0 54
2 1 3
2 1 6
2 1 7
2 1 11
2 1 12
2 1 13
2 1 15
2 1 17
2 1 19
2 1 23
2 1 27
2 1 29
2 1 30
2 1 33
2 1 35
2 1 41
2 1 45
2 1 46
2 1 47
2 1 48
2 1 50
2 1 51
2 1 52
2 1 54
2 1 55
2 2 0
2 2 3
2 2 8
2 2 9
2 2 11
2 2 12
2 2 13
2 2 14
2 2 15
2 2 18
2 2 19
2 2 20
2 2 21
2 2 23
2 2 25
2 2 27
2 2 30
2 2 31
2 2 32
2 2 34
2 2 35
2 2 37
2 2 39
2 2 50
2 2 53
2 2 55
2 2 56
2 3 7
2 3 13
2 3 15
2 3 17
2 3 18
2 3 22
2 3 25
2 3 31
2 3 32
2 3 33
2 3 36
2 3 37
2 3 41
2 3 44
2 3 46
2 3 49
2 3 50
2 3 53
2 4 1
2 4 2
2 4 8
2 4 11
2 4 12
2 4 14
2 4 15
2 4 19
2 4 20
2 4 21
2 4 22
2 4 24
2 4 25
2 4 26
2 4 28
2 4 29
2 4 31
2 4 32
2 4 33
2 4 35
2 4 41
2 4 42
2 4 43
2 4 46
2 4 47
2 4 49
2 4 51
2 4 52
2 4 56
2 5 0
2 5 1
2 5 8
2 5 9
2 5 11
2 5 15
2 5 16
2 5 21
2 5 23
2 5 27
2 5 30
2 5 31
2 5 38
2 5 39
2 5 42
2 5 45
2 5 49
2 5 51
2 5 52
2 5 54
2 6 1
2 6 3
2 6 4
2 6 5
2 6 8
2 6 9
2 6 10
2 6 16
2 6 21
2 6 27
2 6 28
2 6 31
2 6 33
2 6 34
2 6 37
2 6 39
2 6 41
2 6 44
2 6 47
2 7 6
2 7 7
2 7 8
2 7 9
2 7 11
2 7 12
2 7 13
2 7 15
2 7 18
2 7 23
2 7 24
2 7 28
2 7 29
2 7 32
2 7 33
2 7 34
2 7 37
2 7 40
2 7 41
2 7 45
2 7 46
2 7 49
2 7 52
2 7 53
2 8 3
2 8 7
2 8 8
2 8 14
2 8 15
2 8 17
2 8 20
2 8 22
2 8 28
2 8 30
2 8 32
2 8 34
2 8 41
2 8 44
2 8 50
2 8 51
2 8 52
2 9 2
2 9 3
2 9 5
2 9 6
2 9 7
2 9 9
2 9 10
2 9 15
2 9 16
2 9 17
2 9 19
2 9 22
2 9 25
2 9 28
2 9 29
2 9 31
2 9 32
2 9 33
2 9 37
2 9 40
2 9 42
2 9 43
2 9 45
2 9 47
2 9 50
2 9 51
2 9 52
2 9 54
2 9 55
2 10 0
2 10 1
2 10 2
2 10 6
2 10 9
2 10 11
2 10 12
2 10 16
2 10 17
2 10 19
2 10 20
2 10 23
2 10 28
2 10 29
2 10 30
2 10 32
2 10 36
2 10 39
2 10 42
2 10 46
2 10 47
2 10 49
2 10 51
2 10 52
2 10 53
2 10 54
2 10 55
2 11 0
2 11 1
2 11 3
2 11 4
2 11 5
2 11 6
2 11 12
2 11 13
2 11 14
2 11 18
2 11 21
2 11 22
2 11 28
2 11 29
2 11 30
2 11 31
2 11 37
2 11 42
2 11 45
2 11 54
2 11 55
2 12 2
2 12 4
2 12 5
2 12 10
2 12 11
2 12 12
2 12 13
2 12 16
2 12 18
2 12 19
2 12 23
2 12 26
2 12 27
2 12 34
2 12 36
2 12 40
2 12 42
2 12 49
2 12 50
2 12 51
2 12 52
2 13 0
2 13 6
2 13 8
2 13 14
2 13 15
2 13 16
2 13 18
2 13 19
2 13 22
2 13 24
2 13 27
2 13 35
2 13 36
2 13 37
2 13 41
2 13 42
2 13 45
2 13 46
2 14 1
2 14 5
2 14 6
2 14 9
2 14 12
2 14 14
2 14 16
2 14 18
2 14 19
2 14 20
2 14 21
2 14 24
2 14 26
2 14 27
2 14 28
2 14 29
2 14 33
2 14 34
2 14 36
2 14 38
2 14 43
2 14 49
2 15 0
2 15 1
2 15 4
2 15 7
2 15 9
2 15 23
2 15 25
2 15 26
2 15 29
2 15 31
2 15 32
2 15 36
2 15 38
2 15 39
2 15 41
2 15 43
2 15 44
2 15 46
2 15 48
2 15 49
2 15 54
2 15 56
2 16 3
2 16 6
2 16 7
2 16 10
2 16 15
2 16 19
2 16 25
2 16 28
2 16 29
2 16 33
2 16 35
2 16 36
2 16 38
2 16 39
2 16 42
2 16 46
2 16 47
2 16 51
2 16 52
2 16 53
2 17 3
2 17 7
2 17 16
2 17 17
2 17 20
2 17 21
2 17 22
2 17 24
2 17 27
2 17 29
2 17 30
2 17 33
2 17 34
2 17 36
2 17 38
2 17 42
2 17 44
2 17 45
2 17 52
2 17 53
2 18 0
2 18 1
2 18 3
2 18 4
2 18 6
2 18 11
2 18 12
2 18 13
2 18 15
2 18 19
2 18 20
2 18 21
2 18 22
2 18 25
2 18 26
2 18 31
2 18 38
2 18 41
2 18 42
2 18 43
2 18 48
2 18 49
2 18 50
2 18 51
2 18 55
2 19 3
2 19 7
2 19 8
2 19 11
2 19 13
2 19 14
2 19 15
2 19 18
2 19 19
2 19 20
2 19 25
2 19 29
2 19 35
2 19 36
2 19 38
2 19 39
2 19 41
2 19 42
2 19 43
2 19 46
2 19 48
2 19 54
2 19 55
2 20 3
2 20 5
2 20 7
2 20 9
2 20 24
2 20 26
2 20 27
2 20 29
2 20 31
2 20 35
2 20 36
2 20 38
2 20 39
2 20 40
2 20 42
2 20 43
2 20 46
2 20 48
2 20 51
2 20 52
2 20 53
2 20 55
2 21 0
2 21 1
2 21 5
2 21 10
2 21 13
2 21 15
2 21 17
2 21 23
2 21 24
2 21 25
2 21 27
2 21 28
2 21 30
2 21 34
2 21 37
2 21 40
2 21 43
2 21 44
2 21 53
2 21 54
2 21 55
2 22 5
2 22 6
2 22 11
2 22 12
2 22 14
2 22 19
2 22 23
2 22 24
2 22 26
2 22 27
2 22 32
2 22 34
2 22 35
2 22 36
2 22 39
2 22 40
2 22 43
2 22 46
2 22 47
2 22 50
2 22 52
2 22 54
2 23 9
2 23 13
2 23 15
2 23 16
2 23 18
2 23 20
2 23 25
2 23 29
2 23 32
2 23 38
2 23 41
2 23 42
2 23 43
2 23 47
2 23 48
2 23 49
2 23 55
2 23 56
2 24 0
2 24 6
2 24 8
2 24 11
2 24 12
2 24 15
2 24 22
2 24 23
2 24 28
2 24 30
2 24 32
2 24 33
2 24 35
2 24 39
2 24 42
2 24 44
2 24 48
2 24 49
2 24 51
2 24 52
2 24 54
2 24 55
2 25 1
2 25 3
2 25 4
2 25 5
2 25 8
2 25 11
2 25 12
2 25 14
2 25 16
2 25 18
2 25 19
2 25 23
2 25 24
2 25 25
2 25 29
2 25 30
2 25 36
2 25 38
2 25 39
2 25 41
2 25 42
2 25 44
2 25 47
2 25 50
2 25 52
2 25 55
2 26 7
2 26 14
2 26 17
2 26 18
2 26 21
2 26 24
2 26 27
2 26 28
2 26 32
2 26 41
2 26 49
2 26 51
2 26 55
2 27 3
2 27 6
2 27 15
2 27 16
2 27 21
2 27 22
2 27 24
2 27 27
2 27 28
2 27 30
2 27 31
2 27 34
2 27 36
2 27 40
2 27 41
2 27 45
2 27 48
2 27 49
2 27 50
2 27 52
2 27 55
2 27 56
2 28 0
2 28 2
2 28 5
2 28 11
2 28 15
2 28 18
2 28 23
2 28 25
2 28 26
2 28 27
2 28 29
2 28 32
2 28 33
2 28 36
2 28 37
2 28 42
2 28 43
2 28 45
2 28 50
2 28 53
2 28 55
2 29 4
2 29 6
2 29 8
2 29 10
2 29 12
2 29 14
2 29 15
2 29 16
2 29 24
2 29 25
2 29 26
2 29 27
2 29 30
2 29 32
2 29 33
2 29 38
2 29 41
2 29 42
2 29 46
2 29 48
2 29 49
2 29 52
2 29 53
2 29 55
2 30 1
2 30 3
2 30 4
2 30 5
2 30 8
2 30 9
2 30 16
2 30 17
2 30 22
2 30 23
2 30 26
2 30 28
2 30 29
2 30 32
2 30 33
2 30 37
2 30 38
2 30 39
2 30 44
2 30 46
2 30 47
2 30 49
2 30 50
2 30 51
2 30 53
2 31 2
2 31 3
2 31 4
2 31 6
2 31 7
2 31 9
2 31 12
2 31 14
2 31 16
2 31 19
2 31 21
2 31 25
2 31 26
2 31 27
2 31 32
2 31 33
2 31 37
2 31 43
2 31 44
2 31 46
2 31 47
2 31 49
2 31 50
2 31 55
2 31 56
2 32 2
2 32 4
2 32 5
2 32 7
2 32 11
2 32 16
2 32 21
2 32 22
2 32 23
2 32 26
2 32 33
2 32 34
2 32 39
2 32 46
2 32 47
2 32 48
2 32 51
2 32 54
2 32 56
2 33 0
2 33 4
2 33 5
2 33 9
2 33 11
2 33 13
2 33 16
2 33 17
2 33 18
2 33 28
2 33 30
2 33 32
2 33 35
2 33 36
2 33 37
2 33 38
2 33 42
2 33 43
2 33 44
2 33 45
2 33 49
2 33 52
2 33 54
2 33 56
2 34 0
2 34 5
2 34 16
2 34 17
2 34 19
2 34 22
2 34 23
2 34 26
2 34 27
2 34 29
2 34 33
2 34 36
2 34 38
2 34 46
2 34 48
2 34 52
2 34 55
2 35 0
2 35 1
2 35 2
2 35 4
2 35 5
2 35 8
2 35 10
2 35 12
2 35 13
2 35 22
2 35 23
2 35 24
2 35 25
2 35 28
2 35 31
2 35 33
2 35 34
2 35 36
2 35 37
2 35 41
2 35 45
2 35 50
2 35 54
2 36 0
2 36 4
2 36 5
2 36 11
2 36 12
2 36 13
2 36 16
2 36 17
2 36 18
2 36 19
2 36 21
2 36 24
2 36 25
2 36 28
2 36 30
2 36 31
2 36 34
2 36 38
2 36 39
2 36 41
2 36 44
2 36 45
2 36 50
2 36 52
2 36 53
2 36 54
2 37 1
2 37 2
2 37 6
2 37 7
2 37 8
2 37 9
2 37 10
2 37 12
2 37 14
2 37 15
2 37 16
2 37 17
2 37 20
2 37 21
2 37 24
2 37 30
2 37 32
2 37 34
2 37 35
2 37 36
2 37 37
2 37 39
2 37 40
2 37 44
2 37 51
2 38 3
2 38 5
2 38 6
2 38 12
2 38 15
2 38 16
2 38 17
2 38 23
2 38 24
2 38 30
2 38 33
2 38 37
2 38 38
2 38 40
2 38 41
2 38 43
2 38 51
2 38 53
2 38 54
2 39 0
2 39 3
2 39 16
2 39 17
2 39 20
2 39 24
2 39 30
2 39 32
2 39 34
2 39 35
2 39 36
2 39 43
2 39 45
2 39 48
2 39 50
2 39 51
2 39 54
2 39 55
2 39 56
2 40 3
2 40 4
2 40 6
2 40 9
2 40 11
2 40 12
2 40 13
2 40 16
2 40 20
2 40 23
2 40 25
2 40 27
2 40 30
2 40 31
2 40 36
2 40 37
2 40 38
2 40 41
2 40 42
2 40 44
2 40 47
2 40 49
2 40 53
2 41 1
2 41 6
2 41 8
2 41 13
2 41 15
2 41 16
2 41 17
2 41 20
2 41 22
2 41 28
2 41 29
2 41 32
2 41 35
2 41 36
2 41 39
2 41 40
2 41 41
2 41 43
2 41 46
2 41 48
2 41 49
2 41 53
2 41 54
2 41 55
2 42 0
2 42 1
2 42 5
2 42 8
2 42 13
2 42 18
2 42 19
2 42 20
2 42 26
2 42 27
2 42 29
2 42 30
2 42 35
2 42 37
2 42 38
2 42 40
2 42 44
2 42 49
2 42 50
2 42 52
2 42 55
2 43 1
2 43 3
2 43 11
2 43 12
2 43 13
2 43 14
2 43 16
2 43 21
2 43 23
2 43 25
2 43 27
2 43 29
2 43 31
2 43 33
2 43 35
2 43 37
2 43 38
2 43 40
2 43 43
2 43 44
2 43 45
2 43 46
2 43 47
2 43 55
2 44 0
2 44 2
2 44 3
2 44 6
2 44 12
2 44 17
2 44 18
2 44 24
2 44 25
2 44 27
2 44 29
2 44 32
2 44 33
2 44 35
2 44 40
2 44 46
2 44 48
2 44 50
2 44 51
2 44 53
2 44 54
2 44 55
2 45 0
2 45 8
2 45 11
2 45 12
2 45 14
2 45 16
2 45 19
2 45 24
2 45 36
2 45 37
2 45 40
2 45 42
2 45 43
2 45 44
2 45 47
2 45 49
2 45 50
2 45 51
2 45 52
2 45 54
2 45 56
2 46 0
2 46 2
2 46 6
2 46 7
2 46 11
2 46 12
2 46 14
2 46 18
2 46 21
2 46 22
2 46 23
2 46 25
2 46 27
2 46 33
2 46 35
2 46 36
2 46 37
2 46 39
2 46 42
2 46 45
2 46 49
2 46 56
2 47 0
2 47 2
2 47 5
2 47 6
2 47 10
2 47 13
2 47 20
2 47 24
2 47 27
2 47 35
2 47 37
2 47 41
2 47 42
2 47 43
2 47 46
2 47 55
2 47 56
2 48 1
2 48 3
2 48 7
2 48 11
2 48 14
2 48 15
2 48 16
2 48 26
2 48 28
2 48 29
2 48 32
2 48 34
2 48 35
2 48 37
2 48 38
2 48 40
2 48 45
2 48 47
2 48 51
2 48 52
2 48 54
2 48 55
2 49 1
2 49 3
2 49 5
2 49 7
2 49 8
2 49 11
2 49 16
2 49 18
2 49 20
2 49 22
2 49 23
2 49 24
2 49 26
2 49 29
2 49 30
2 49 39
2 49 41
2 49 44
2 49 45
2 49 47
2 49 48
2 49 49
2 49 51
2 49 53
2 50 2
2 50 3
2 50 5
2 50 6
2 50 11
2 50 13
2 50 17
2 50 18
2 50 25
2 50 26
2 50 32
2 50 44
2 50 49
2 50 51
2 50 54
2 50 56
2 51 1
2 51 4
2 51 10
2 51 14
2 51 16
2 51 19
2 51 20
2 51 21
2 51 24
2 51 25
2 51 28
2 51 29
2 51 34
2 51 36
2 51 40
2 51 44
2 51 47
2 51 48
2 51 49
2 51 51
2 52 4
2 52 6
2 52 7
2 52 10
2 52 17
2 52 18
2 52 22
2 52 23
2 52 25
2 52 26
2 52 28
2 52 29
2 52 30
2 52 33
2 52 35
2 52 42
2 52 45
2 52 48
2 52 49
2 52 52
2 52 53
2 52 55
2 52 56
2 53 3
2 53 5
2 53 6
2 53 8
2 53 9
2 53 10
2 53 11
2 53 18
2 53 21
2 53 23
2 53 29
2 53 30
2 53 34
2 53 37
2 53 39
2 53 46
2 53 53
2 53 54
2 54 0
2 54 2
2 54 3
2 54 6
2 54 8
2 54 15
2 54 17
2 54 18
2 54 20
2 54 23
2 54 33
2 54 34
2 54 44
2 54 45
2 54 48
2 54 52
2 54 53
2 55 2
2 55 8
2 55 9
2 55 10
2 55 11
2 55 13
2 55 14
2 55 16
2 55 17
2 55 18
2 55 19
2 55 23
2 55 25
2 55 30
2 55 33
2 55 34
2 55 35
2 55 37
2 55 42
2 55 43
2 55 44
2 55 46
2 55 47
2 55 54
2 55 55
2 56 0
2 56 5
2 56 9
2 56 16
2 56 17
2 56 19
2 56 20
2 56 27
2 56 34
2 56 36
2 56 41
2 56 43
2 56 46
2 56 47
2 56 48
2 56 51
2 56 52
2 56 54
2 56 55
2 56 56
2 57 1
2 57 2
2 57 11
2 57 13
2 57 19
2 57 21
2 57 24
2 57 25
2 57 27
2 57 28
2 57 29
2 57 30
2 57 31
2 57 32
2 57 34
2 57 36
2 57 37
2 57 40
2 57 44
2 57 45
2 57 49
2 57 50
2 58 0
2 58 3
2 58 4
2 58 6
2 58 7
2 58 12
2 58 15
2 58 17
2 58 20
2 58 21
2 58 27
2 58 28
2 58 29
2 58 31
2 58 32
2 58 34
2 58 35
2 58 37
2 58 38
2 58 40
2 58 42
2 58 43
2 58 49
2 58 50
2 58 51
2 58 52
2 58 53
2 58 55
2 58 56
2 59 2
2 59 5
2 59 7
2 59 8
2 59 13
2 59 17
2 59 23
2 59 24
2 59 28
2 59 29
2 59 30
2 59 31
2 59 33
2 59 40
2 59 45
2 59 46
2 59 47
2 59 49
2 60 0
2 60 1
2 60 3
2 60 8
2 60 9
2 60 14
2 60 15
2 60 16
2 60 17
2 60 19
2 60 23
2 60 30
2 60 32
2 60 36
2 60 40
2 60 41
2 60 42
2 60 43
2 60 47
2 60 48
2 60 49
2 60 51
2 60 52
2 60 53
2 60 54
2 60 56
2 61 0
2 61 3
2 61 4
2 61 5
2 61 6
2 61 7
2 61 14
2 61 17
2 61 18
2 61 19
2 61 20
2 61 26
2 61 28
2 61 29
2 61 30
2 61 36
2 61 39
2 61 43
2 61 48
2 61 49
2 61 50
2 61 52
2 62 2
2 62 4
2 62 8
2 62 10
2 62 15
2 62 16
2 62 17
2 62 20
2 62 21
2 62 23
2 62 26
2 62 27
2 62 29
2 62 30
2 62 31
2 62 32
2 62 33
2 62 36
2 62 37
2 62 38
2 62 42
2 62 44
2 62 46
2 62 49
2 62 50
2 62 52
2 62 53
2 62 54
2 62 56
2 63 1
2 63 3
2 63 5
2 63 6
2 63 8
2 63 9
2 63 12
2 63 15
2 63 19
2 63 22
2 63 27
2 63 28
2 63 30
2 63 32
2 63 35
2 63 38
2 63 41
2 63 42
2 63 43
2 63 48
2 63 49
2 63 52
2 63 56
2 64 1
2 64 2
2 64 4
2 64 6
2 64 8
2 64 9
2 64 10
2 64 15
2 64 17
2 64 18
2 64 19
2 64 20
2 64 21
2 64 25
2 64 29
2 64 30
2 64 31
2 64 32
2 64 36
2 64 39
2 64 41
2 64 43
2 64 44
2 64 45
2 64 49
2 64 50
2 64 52
2 64 53
2 64 55
2 64 56