238
4
12 21 21 46
829

688 261 0 0 0 262 64 340 0 900 306 0
0 306 19 475 217 0 0 0 69 0 520 707 468 942 876 198 248 783 0 843 726
0 706 49 385 0 558 695 0 0 0 0 0 755 253 324 828 902 210 54 779 0
648 0 208 0 265 553 190 430 0 857 354 224 832 773 0 501 0 0 518 999 0 370 0 255 0 913 0 516 496 350 246 0 0 375 70 0 699 554 353 337 0 460 723 486 1008 521

0 0 1
0 0 2
0 0 3
0 0 5
0 0 6
0 0 8
0 0 9
0 0 11
0 0 12
0 0 13
0 0 14
0 0 17
0 0 19
0 0 20
0 1 1
0 1 3
0 1 4
0 1 6
0 1 7
0 1 10
0 1 11
0 1 13
0 1 14
0 1 15
0 2 0
0 2 2
0 2 5
0 2 7
0 2 8
0 2 10
0 2 11
0 2 13
0 2 17
0 3 0
0 3 3
0 3 4
0 3 6
0 3 7
0 3 8
0 3 9
0 3 11
0 3 13
0 3 16
0 4 1
0 4 2
0 4 3
0 4 8
0 4 9
0 4 14
0 4 15
0 4 16
0 4 17
0 4 18
0 5 1
0 5 2
0 5 4
0 5 6
0 5 7
0 5 8
0 5 10
0 5 11
0 5 12
0 5 14
0 5 15
0 5 16
0 5 18
0 6 1
0 6 3
0 6 6
0 6 8
0 6 10
0 6 11
0 6 12
0 6 14
0 6 15
0 6 16
0 6 17
0 6 19
0 7 2
0 7 3
0 7 4
0 7 5
0 7 6
0 7 7
0 7 9
0 7 13
0 7 15
0 7 16
0 7 18
0 7 20
0 8 0
0 8 3
0 8 4
0 8 7
0 8 9
0 8 12
0 8 15
0 8 16
0 9 0
0 9 1
0 9 7
0 9 12
0 9 14
0 9 15
0 9 17
0 9 18
0 9 20
0 10 1
0 10 3
0 10 6
0 10 10
0 10 11
0 10 12
0 10 13
0 10 15
0 10 20
0 11 1
0 11 2
0 11 5
0 11 6
0 11 7
0 11 8
0 11 12
0 11 13
0 11 16
0 11 17
0 11 19
0 11 20
1 0 3
1 0 6
1 0 8
1 0 11
1 0 15
1 0 16
1 0 17
1 0 18
1 0 19
1 1 0
1 1 1
1 1 2
1 1 3
1 1 4
1 1 6
1 1 8
1 1 9
1 1 13
1 1 14
1 1 20
1 2 0
1 2 1
1 2 7
1 2 13
1 2 15
1 2 17
1 3 1
1 3 2
1 3 3
1 3 5
1 3 7
1 3 9
1 3 10
1 3 11
1 3 12
1 3 13
1 3 14
1 3 15
1 3 18
1 3 20
1 4 4
1 4 6
1 4 9
1 4 12
1 4 13
1 4 15
1 4 16
1 5 1
1 5 2
1 5 3
1 5 5
1 5 6
1 5 10
1 5 12
1 5 16
1 5 17
1 5 19
1 5 20
1 6 0
1 6 2
1 6 3
1 6 4
1 6 6
1 6 8
1 6 10
1 6 11
1 6 12
1 6 13
1 6 14
1 6 18
1 6 19
1 6 20
1 7 0
1 7 1
1 7 2
1 7 3
1 7 4
1 7 6
1 7 7
1 7 8
1 7 10
1 7 15
1 7 16
1 7 20
1 8 5
1 8 7
1 8 8
1 8 10
1 8 11
1 8 12
1 8 15
1 8 17
1 8 19
1 9 0
1 9 1
1 9 4
1 9 5
1 9 6
1 9 8
1 9 11
1 9 16
1 9 17
1 9 18
1 9 19
1 9 20
1 10 0
1 10 1
1 10 6
1 10 9
1 10 13
1 10 17
1 11 0
1 11 1
1 11 3
1 11 6
1 11 9
1 11 10
1 11 13
1 11 14
1 11 16
1 11 19
1 12 2
1 12 3
1 12 4
1 12 6
1 12 7
1 12 9
1 12 10
1 12 11
1 12 12
1 12 13
1 12 18
1 12 20
1 13 0
1 13 3
1 13 6
1 13 9
1 13 13
1 13 14
1 13 16
1 13 19
1 13 20
1 14 0
1 14 2
1 14 4
1 14 5
1 14 6
1 14 8
1 14 10
1 14 12
1 14 13
1 14 14
1 15 3
1 15 6
1 15 7
1 15 10
1 15 11
1 15 12
1 15 13
1 15 14
1 15 17
1 15 18
1 15 19
1 16 0
1 16 1
1 16 3
1 16 5
1 16 7
1 16 9
1 16 10
1 16 14
1 16 16
1 16 18
1 16 19
1 17 0
1 17 1
1 17 5
1 17 7
1 17 10
1 17 12
1 17 13
1 17 14
1 17 15
1 17 17
1 17 18
1 17 19
1 17 20
1 18 2
1 18 3
1 18 5
1 18 7
1 18 8
1 18 9
1 18 10
1 18 11
1 18 12
1 18 14
1 18 15
1 18 19
1 19 0
1 19 2
1 19 4
1 19 5
1 19 7
1 19 11
1 19 12
1 19 16
1 19 17
1 19 20
1 20 4
1 20 7
1 20 8
1 20 9
1 20 11
1 20 13
1 20 14
1 20 15
1 20 16
1 20 18
1 20 19
2 0 0
2 0 1
2 0 5
2 0 6
2 0 7
2 0 8
2 0 9
2 0 10
2 0 11
2 0 13
2 0 18
2 0 19
2 0 21
2 0 22
2 0 23
2 0 24
2 0 29
2 0 31
2 0 32
2 0 36
2 0 40
2 0 41
2 0 43
2 0 45
2 1 0
2 1 2
2 1 4
2 1 5
2 1 6
2 1 7
2 1 9
2 1 12
2 1 17
2 1 18
2 1 19
2 1 20
2 1 21
2 1 22
2 1 23
2 1 24
2 1 25
2 1 28
2 1 34
2 1 35
2 1 37
2 1 39
2 1 40
2 1 41
2 1 42
2 1 43
2 2 0
2 2 1
2 2 2
2 2 4
2 2 5
2 2 8
2 2 10
2 2 17
2 2 18
2 2 20
2 2 21
2 2 23
2 2 24
2 2 25
2 2 26
2 2 27
2 2 28
2 2 30
2 2 32
2 2 33
2 2 35
2 2 40
2 2 42
2 2 43
2 2 45
2 3 2
2 3 3
2 3 5
2 3 6
2 3 7
2 3 9
2 3 10
2 3 11
2 3 12
2 3 13
2 3 18
2 3 21
2 3 22
2 3 26
2 3 30
2 3 38
2 3 39
2 3 40
2 3 41
2 3 42
2 4 0
2 4 3
2 4 6
2 4 9
2 4 10
2 4 11
2 4 13
2 4 15
2 4 19
2 4 22
2 4 24
2 4 25
2 4 26
2 4 29
2 4 30
2 4 31
2 4 32
2 4 33
2 4 34
2 4 39
2 4 40
2 4 41
2 4 43
2 4 45
2 5 0
2 5 1
2 5 2
2 5 3
2 5 4
2 5 5
2 5 6
2 5 10
2 5 12
2 5 14
2 5 16
2 5 18
2 5 20
2 5 22
2 5 25
2 5 28
2 5 29
2 5 30
2 5 31
2 5 33
2 5 34
2 5 35
2 5 39
2 5 41
2 5 42
2 5 43
2 5 44
2 6 5
2 6 6
2 6 14
2 6 16
2 6 17
2 6 18
2 6 19
2 6 20
2 6 21
2 6 23
2 6 26
2 6 30
2 6 32
2 6 33
2 6 35
2 6 39
2 6 41
2 6 42
2 6 44
2 6 45
2 7 0
2 7 1
2 7 2
2 7 4
2 7 5
2 7 7
2 7 9
2 7 10
2 7 12
2 7 14
2 7 15
2 7 16
2 7 17
2 7 18
2 7 19
2 7 20
2 7 22
2 7 23
2 7 24
2 7 27
2 7 28
2 7 29
2 7 30
2 7 34
2 7 37
2 7 40
2 7 42
2 7 43
2 8 0
2 8 1
2 8 3
2 8 4
2 8 5
2 8 6
2 8 7
2 8 8
2 8 9
2 8 10
2 8 12
2 8 15
2 8 20
2 8 23
2 8 26
2 8 29
2 8 31
2 8 32
2 8 36
2 8 37
2 8 43
2 8 44
2 8 45
2 9 2
2 9 7
2 9 8
2 9 10
2 9 11
2 9 16
2 9 18
2 9 19
2 9 20
2 9 21
2 9 26
2 9 27
2 9 31
2 9 32
2 9 33
2 9 34
2 9 39
2 9 44
2 9 45
2 10 0
2 10 3
2 10 4
2 10 6
2 10 9
2 10 10
2 10 11
2 10 13
2 10 17
2 10 24
2 10 26
2 10 27
2 10 28
2 10 29
2 10 30
2 10 31
2 10 34
2 10 37
2 10 38
2 10 41
2 10 45
2 11 1
2 11 2
2 11 4
2 11 7
2 11 9
2 11 10
2 11 13
2 11 17
2 11 19
2 11 20
2 11 21
2 11 22
2 11 23
2 11 24
2 11 26
2 11 27
2 11 29
2 11 31
2 11 32
2 11 33
2 11 34
2 11 35
2 11 38
2 11 41
2 11 44
2 12 0
2 12 2
2 12 5
2 12 7
2 12 9
2 12 10
2 12 11
2 12 12
2 12 13
2 12 21
2 12 22
2 12 28
2 12 29
2 12 31
2 12 34
2 12 37
2 12 38
2 12 39
2 12 44
2 13 0
2 13 1
2 13 2
2 13 3
2 13 4
2 13 6
2 13 10
2 13 13
2 13 15
2 13 16
2 13 18
2 13 19
2 13 20
2 13 21
2 13 22
2 13 23
2 13 24
2 13 26
2 13 29
2 13 30
2 13 31
2 13 33
2 13 34
2 13 36
2 13 37
2 13 38
2 13 42
2 13 44
2 14 0
2 14 1
2 14 3
2 14 4
2 14 5
2 14 6
2 14 7
2 14 11
2 14 13
2 14 14
2 14 15
2 14 16
2 14 19
2 14 20
2 14 21
2 14 23
2 14 24
2 14 25
2 14 27
2 14 29
2 14 30
2 14 31
2 14 32
2 14 34
2 14 35
2 14 36
2 14 41
2 14 42
2 14 44
2 14 45
2 15 0
2 15 2
2 15 3
2 15 5
2 15 7
2 15 8
2 15 9
2 15 10
2 15 13
2 15 14
2 15 16
2 15 18
2 15 19
2 15 20
2 15 24
2 15 25
2 15 27
2 15 29
2 15 30
2 15 31
2 15 33
2 15 35
2 15 38
2 15 42
2 15 43
2 16 1
2 16 3
2 16 7
2 16 11
2 16 15
2 16 16
2 16 18
2 16 22
2 16 23
2 16 31
2 16 32
2 16 33
2 16 39
2 17 0
2 17 1
2 17 4
2 17 5
2 17 10
2 17 13
2 17 15
2 17 16
2 17 17
2 17 18
2 17 19
2 17 24
2 17 28
2 17 32
2 17 34
2 17 36
2 17 38
2 17 41
2 17 45
2 18 1
2 18 3
2 18 7
2 18 8
2 18 9
2 18 10
2 18 11
2 18 12
2 18 16
2 18 20
2 18 21
2 18 23
2 18 26
2 18 27
2 18 32
2 18 35
2 18 37
2 18 38
2 18 41
2 18 43
2 18 44
2 18 45
2 19 1
2 19 3
2 19 6
2 19 7
2 19 8
2 19 10
2 19 11
2 19 14
2 19 17
2 19 23
2 19 25
2 19 26
2 19 28
2 19 33
2 19 35
2 19 36
2 19 38
2 19 39
2 19 43
2 19 45
2 20 2
2 20 3
2 20 7
2 20 11
2 20 14
2 20 15
2 20 16
2 20 17
2 20 19
2 20 20
2 20 22
2 20 26
2 20 27
2 20 29
2 20 33
2 20 34
2 20 35
2 20 36
2 20 37
2 20 40
2 20 41
2 20 44
2 20 45