359
4
65 55 34 26
4430

391 0 884 939 156 18 821 566 0 377 951 0 0 932 0 86 0 0 126 0 87 122 657 787 62 723 0 516 0 775 0 898 0 738 14 885 138 754 0 364 446 0 682 0 797 55 0 272 366 0 600 409 193 243 0 0 498 568 868 116 0 368 0 245 35
238 387 87 105 0 586 67 0 35 983 718 649 970 283 0 0 135 415 0 258 387 438 163 680 808 0 529 258 928 123 0 0 358 807 0 882 578 259 471 780 246 29 0 652 147 438 437 837 301 825 428 468 0 922 8
0 0 487 317 0 849 0 839 214 0 502 615 181 0 659 141 992 438 219 936 938 967 69 739 781 0 420 704 0 83 54 575 513 740
863 529 544 144 25 0 673 854 0 441 600 845 851 0 438 285 851 76 981 188 897 0 0 0 819 0

0 0 0
0 0 1
0 0 2
0 0 4
0 0 5
0 0 9
0 0 11
0 0 12
0 0 13
0 0 14
0 0 15
0 0 17
0 0 18
0 0 19
0 0 25
0 0 26
0 0 28
0 0 29
0 0 30
0 0 31
0 0 32
0 0 35
0 0 36
0 0 37
0 0 38
0 0 44
0 0 45
0 0 46
0 0 47
0 0 48
0 0 49
0 0 50
0 0 51
0 0 53
0 1 1
0 1 3
0 1 4
0 1 5
0 1 6
0 1 7
0 1 10
0 1 12
0 1 14
0 1 16
0 1 18
0 1 19
0 1 20
0 1 21
0 1 22
0 1 23
0 1 24
0 1 25
0 1 27
0 1 29
0 1 31
0 1 32
0 1 34
0 1 36
0 1 39
0 1 40
0 1 41
0 1 42
0 1 43
0 1 46
0 1 47
0 1 49
0 1 50
0 1 51
0 1 53
0 2 0
0 2 1
0 2 2
0 2 3
0 2 4
0 2 6
0 2 7
0 2 8
0 2 9
0 2 11
0 2 12
0 2 13
0 2 17
0 2 18
0 2 19
0 2 20
0 2 23
0 2 25
0 2 26
0 2 28
0 2 32
0 2 34
0 2 35
0 2 36
0 2 37
0 2 39
0 2 41
0 2 42
0 2 45
0 2 47
0 2 48
0 2 49
0 2 50
0 2 51
0 2 52
0 2 53
0 2 54
0 3 2
0 3 3
0 3 8
0 3 9
0 3 10
0 3 11
0 3 13
0 3 14
0 3 15
0 3 17
0 3 18
0 3 23
0 3 24
0 3 25
0 3 26
0 3 27
0 3 29
0 3 30
0 3 33
0 3 34
0 3 35
0 3 37
0 3 38
0 3 39
0 3 40
0 3 41
0 3 42
0 3 44
0 3 45
0 3 46
0 3 47
0 3 49
0 3 50
0 3 52
0 3 54
0 4 2
0 4 3
0 4 5
0 4 6
0 4 8
0 4 9
0 4 11
0 4 12
0 4 13
0 4 14
0 4 16
0 4 17
0 4 18
0 4 19
0 4 20
0 4 21
0 4 22
0 4 24
0 4 26
0 4 29
0 4 30
0 4 34
0 4 35
0 4 36
0 4 37
0 4 39
0 4 40
0 4 41
0 4 44
0 4 45
0 4 46
0 4 48
0 4 49
0 4 51
0 4 52
0 4 53
0 4 54
0 5 1
0 5 2
0 5 3
0 5 4
0 5 6
0 5 8
0 5 9
0 5 10
0 5 12
0 5 13
0 5 14
0 5 15
0 5 17
0 5 18
0 5 19
0 5 20
0 5 21
0 5 23
0 5 26
0 5 27
0 5 28
0 5 29
0 5 31
0 5 32
0 5 33
0 5 34
0 5 36
0 5 37
0 5 39
0 5 40
0 5 41
0 5 42
0 5 43
0 5 44
0 5 45
0 5 46
0 5 47
0 5 48
0 5 49
0 5 50
0 5 51
0 5 52
0 5 53
0 5 54
0 6 0
0 6 1
0 6 2
0 6 3
0 6 4
0 6 5
0 6 6
0 6 8
0 6 9
0 6 10
0 6 11
0 6 12
0 6 14
0 6 17
0 6 18
0 6 19
0 6 20
0 6 21
0 6 22
0 6 26
0 6 29
0 6 30
0 6 32
0 6 34
0 6 35
0 6 36
0 6 37
0 6 39
0 6 40
0 6 41
0 6 42
0 6 43
0 6 44
0 6 46
0 6 47
0 6 48
0 6 49
0 6 51
0 6 52
0 6 53
0 6 54
0 7 1
0 7 2
0 7 3
0 7 4
0 7 6
0 7 7
0 7 8
0 7 10
0 7 12
0 7 14
0 7 15
0 7 16
0 7 17
0 7 18
0 7 20
0 7 21
0 7 23
0 7 24
0 7 25
0 7 26
0 7 28
0 7 29
0 7 30
0 7 31
0 7 32
0 7 34
0 7 35
0 7 38
0 7 39
0 7 40
0 7 41
0 7 42
0 7 43
0 7 45
0 7 46
0 7 47
0 7 48
0 7 50
0 7 51
0 7 54
0 8 1
0 8 2
0 8 4
0 8 5
0 8 6
0 8 7
0 8 8
0 8 9
0 8 11
0 8 12
0 8 15
0 8 17
0 8 19
0 8 20
0 8 21
0 8 22
0 8 23
0 8 25
0 8 26
0 8 27
0 8 29
0 8 30
0 8 34
0 8 35
0 8 36
0 8 37
0 8 39
0 8 40
0 8 41
0 8 42
0 8 43
0 8 44
0 8 45
0 8 46
0 8 48
0 8 49
0 8 50
0 8 51
0 8 53
0 8 54
0 9 0
0 9 1
0 9 2
0 9 3
0 9 4
0 9 5
0 9 6
0 9 10
0 9 11
0 9 12
0 9 13
0 9 14
0 9 15
0 9 16
0 9 20
0 9 21
0 9 23
0 9 24
0 9 25
0 9 26
0 9 27
0 9 28
0 9 31
0 9 35
0 9 36
0 9 37
0 9 40
0 9 41
0 9 42
0 9 45
0 9 46
0 9 47
0 9 48
0 9 49
0 9 50
0 9 51
0 9 52
0 9 53
0 10 0
0 10 2
0 10 3
0 10 5
0 10 6
0 10 7
0 10 8
0 10 10
0 10 11
0 10 12
0 10 13
0 10 14
0 10 15
0 10 16
0 10 17
0 10 18
0 10 19
0 10 20
0 10 21
0 10 22
0 10 23
0 10 27
0 10 28
0 10 29
0 10 30
0 10 31
0 10 32
0 10 33
0 10 34
0 10 36
0 10 37
0 10 39
0 10 41
0 10 43
0 10 45
0 10 47
0 10 48
0 10 49
0 10 50
0 10 51
0 10 52
0 10 54
0 11 0
0 11 1
0 11 2
0 11 3
0 11 5
0 11 7
0 11 8
0 11 9
0 11 10
0 11 11
0 11 12
0 11 15
0 11 16
0 11 17
0 11 18
0 11 19
0 11 20
0 11 21
0 11 22
0 11 23
0 11 24
0 11 26
0 11 27
0 11 28
0 11 29
0 11 30
0 11 32
0 11 33
0 11 34
0 11 38
0 11 39
0 11 40
0 11 41
0 11 42
0 11 43
0 11 44
0 11 46
0 11 47
0 11 48
0 11 50
0 11 52
0 11 53
0 11 54
0 12 0
0 12 1
0 12 2
0 12 4
0 12 5
0 12 7
0 12 10
0 12 11
0 12 14
0 12 15
0 12 16
0 12 17
0 12 18
0 12 19
0 12 20
0 12 23
0 12 25
0 12 26
0 12 28
0 12 29
0 12 30
0 12 31
0 12 32
0 12 34
0 12 35
0 12 36
0 12 37
0 12 38
0 12 39
0 12 40
0 12 41
0 12 43
0 12 45
0 12 48
0 12 49
0 12 54
0 13 0
0 13 2
0 13 6
0 13 10
0 13 11
0 13 13
0 13 16
0 13 19
0 13 20
0 13 22
0 13 23
0 13 24
0 13 25
0 13 26
0 13 27
0 13 29
0 13 30
0 13 31
0 13 33
0 13 34
0 13 35
0 13 37
0 13 38
0 13 40
0 13 42
0 13 43
0 13 44
0 13 45
0 13 46
0 13 48
0 13 50
0 13 51
0 13 53
0 13 54
0 14 0
0 14 2
0 14 3
0 14 4
0 14 7
0 14 8
0 14 9
0 14 12
0 14 14
0 14 15
0 14 17
0 14 18
0 14 19
0 14 20
0 14 21
0 14 23
0 14 24
0 14 25
0 14 26
0 14 28
0 14 32
0 14 34
0 14 35
0 14 36
0 14 37
0 14 38
0 14 40
0 14 42
0 14 43
0 14 44
0 14 45
0 14 47
0 14 48
0 14 50
0 14 51
0 14 53
0 15 0
0 15 4
0 15 5
0 15 6
0 15 7
0 15 8
0 15 9
0 15 10
0 15 11
0 15 12
0 15 13
0 15 16
0 15 17
0 15 19
0 15 21
0 15 22
0 15 24
0 15 25
0 15 26
0 15 27
0 15 29
0 15 30
0 15 31
0 15 32
0 15 34
0 15 35
0 15 38
0 15 39
0 15 40
0 15 41
0 15 44
0 15 46
0 15 48
0 15 49
0 15 50
0 15 51
0 15 52
0 15 53
0 15 54
0 16 0
0 16 1
0 16 2
0 16 4
0 16 5
0 16 7
0 16 8
0 16 11
0 16 13
0 16 14
0 16 15
0 16 16
0 16 17
0 16 19
0 16 20
0 16 23
0 16 24
0 16 25
0 16 26
0 16 27
0 16 29
0 16 30
0 16 31
0 16 33
0 16 34
0 16 35
0 16 37
0 16 38
0 16 39
0 16 40
0 16 41
0 16 42
0 16 45
0 16 46
0 16 47
0 16 49
0 16 50
0 16 51
0 16 52
0 16 53
0 16 54
0 17 0
0 17 1
0 17 2
0 17 3
0 17 6
0 17 7
0 17 8
0 17 11
0 17 13
0 17 14
0 17 15
0 17 16
0 17 17
0 17 19
0 17 20
0 17 21
0 17 22
0 17 23
0 17 24
0 17 25
0 17 26
0 17 27
0 17 28
0 17 29
0 17 30
0 17 33
0 17 34
0 17 35
0 17 36
0 17 37
0 17 38
0 17 40
0 17 41
0 17 43
0 17 45
0 17 48
0 17 50
0 17 52
0 17 54
0 18 1
0 18 2
0 18 3
0 18 4
0 18 5
0 18 6
0 18 7
0 18 8
0 18 9
0 18 10
0 18 12
0 18 14
0 18 16
0 18 17
0 18 19
0 18 21
0 18 23
0 18 24
0 18 25
0 18 26
0 18 27
0 18 28
0 18 29
0 18 31
0 18 32
0 18 33
0 18 34
0 18 35
0 18 36
0 18 38
0 18 39
0 18 40
0 18 43
0 18 44
0 18 46
0 18 48
0 18 51
0 18 52
0 18 54
0 19 0
0 19 2
0 19 3
0 19 4
0 19 5
0 19 7
0 19 9
0 19 10
0 19 11
0 19 12
0 19 13
0 19 14
0 19 15
0 19 16
0 19 17
0 19 18
0 19 19
0 19 20
0 19 21
0 19 22
0 19 24
0 19 26
0 19 27
0 19 28
0 19 29
0 19 31
0 19 33
0 19 35
0 19 36
0 19 37
0 19 38
0 19 39
0 19 41
0 19 42
0 19 44
0 19 45
0 19 46
0 19 47
0 19 48
0 19 49
0 19 50
0 19 52
0 19 53
0 20 0
0 20 1
0 20 2
0 20 4
0 20 5
0 20 6
0 20 8
0 20 9
0 20 10
0 20 11
0 20 12
0 20 13
0 20 14
0 20 17
0 20 18
0 20 21
0 20 23
0 20 24
0 20 25
0 20 27
0 20 28
0 20 31
0 20 35
0 20 36
0 20 37
0 20 38
0 20 39
0 20 40
0 20 41
0 20 42
0 20 43
0 20 45
0 20 46
0 20 47
0 20 48
0 20 49
0 20 50
0 20 52
0 20 53
0 20 54
0 21 1
0 21 3
0 21 4
0 21 5
0 21 6
0 21 7
0 21 9
0 21 10
0 21 11
0 21 13
0 21 14
0 21 15
0 21 16
0 21 18
0 21 20
0 21 23
0 21 24
0 21 25
0 21 26
0 21 29
0 21 31
0 21 33
0 21 34
0 21 35
0 21 36
0 21 37
0 21 38
0 21 39
0 21 40
0 21 41
0 21 42
0 21 43
0 21 44
0 21 45
0 21 47
0 21 48
0 21 49
0 21 53
0 22 1
0 22 2
0 22 3
0 22 4
0 22 5
0 22 6
0 22 7
0 22 8
0 22 9
0 22 12
0 22 13
0 22 16
0 22 17
0 22 18
0 22 20
0 22 21
0 22 23
0 22 25
0 22 26
0 22 27
0 22 29
0 22 30
0 22 34
0 22 36
0 22 37
0 22 38
0 22 40
0 22 42
0 22 43
0 22 44
0 22 48
0 22 49
0 22 50
0 22 51
0 22 53
0 22 54
0 23 0
0 23 2
0 23 3
0 23 5
0 23 6
0 23 7
0 23 9
0 23 10
0 23 11
0 23 12
0 23 13
0 23 14
0 23 15
0 23 16
0 23 17
0 23 18
0 23 19
0 23 20
0 23 23
0 23 24
0 23 25
0 23 26
0 23 27
0 23 30
0 23 31
0 23 32
0 23 33
0 23 34
0 23 35
0 23 36
0 23 38
0 23 39
0 23 40
0 23 41
0 23 42
0 23 44
0 23 45
0 23 46
0 23 47
0 23 49
0 23 51
0 23 52
0 23 53
0 24 0
0 24 1
0 24 2
0 24 4
0 24 5
0 24 8
0 24 9
0 24 10
0 24 11
0 24 15
0 24 16
0 24 17
0 24 18
0 24 19
0 24 20
0 24 22
0 24 23
0 24 24
0 24 25
0 24 26
0 24 27
0 24 28
0 24 29
0 24 30
0 24 32
0 24 33
0 24 34
0 24 35
0 24 38
0 24 40
0 24 42
0 24 43
0 24 44
0 24 45
0 24 48
0 24 49
0 24 50
0 24 51
0 24 52
0 24 53
0 25 0
0 25 1
0 25 2
0 25 3
0 25 6
0 25 7
0 25 8
0 25 9
0 25 10
0 25 12
0 25 13
0 25 15
0 25 16
0 25 17
0 25 18
0 25 19
0 25 21
0 25 22
0 25 26
0 25 27
0 25 28
0 25 32
0 25 33
0 25 34
0 25 38
0 25 40
0 25 41
0 25 42
0 25 43
0 25 45
0 25 46
0 25 48
0 25 49
0 25 51
0 25 52
0 25 53
0 25 54
0 26 2
0 26 4
0 26 8
0 26 9
0 26 11
0 26 13
0 26 14
0 26 15
0 26 17
0 26 18
0 26 19
0 26 21
0 26 22
0 26 23
0 26 24
0 26 25
0 26 26
0 26 27
0 26 29
0 26 30
0 26 31
0 26 32
0 26 33
0 26 34
0 26 35
0 26 36
0 26 38
0 26 39
0 26 40
0 26 41
0 26 43
0 26 45
0 26 48
0 26 49
0 26 50
0 26 51
0 26 52
0 26 53
0 26 54
0 27 0
0 27 2
0 27 7
0 27 8
0 27 9
0 27 10
0 27 12
0 27 13
0 27 14
0 27 15
0 27 16
0 27 17
0 27 18
0 27 19
0 27 20
0 27 21
0 27 22
0 27 23
0 27 24
0 27 25
0 27 26
0 27 27
0 27 29
0 27 30
0 27 31
0 27 32
0 27 33
0 27 34
0 27 37
0 27 38
0 27 39
0 27 40
0 27 42
0 27 43
0 27 44
0 27 46
0 27 47
0 27 48
0 27 49
0 27 50
0 27 51
0 27 52
0 27 53
0 27 54
0 28 0
0 28 1
0 28 2
0 28 3
0 28 5
0 28 6
0 28 7
0 28 8
0 28 11
0 28 12
0 28 13
0 28 15
0 28 16
0 28 19
0 28 20
0 28 21
0 28 22
0 28 23
0 28 24
0 28 26
0 28 29
0 28 30
0 28 31
0 28 32
0 28 33
0 28 34
0 28 35
0 28 37
0 28 38
0 28 39
0 28 40
0 28 41
0 28 42
0 28 43
0 28 44
0 28 45
0 28 46
0 28 47
0 28 48
0 28 51
0 28 52
0 28 53
0 29 0
0 29 1
0 29 2
0 29 3
0 29 4
0 29 5
0 29 7
0 29 9
0 29 12
0 29 14
0 29 15
0 29 16
0 29 18
0 29 21
0 29 23
0 29 24
0 29 26
0 29 27
0 29 28
0 29 32
0 29 33
0 29 35
0 29 36
0 29 38
0 29 39
0 29 40
0 29 41
0 29 42
0 29 44
0 29 45
0 29 46
0 29 47
0 30 1
0 30 3
0 30 4
0 30 5
0 30 6
0 30 7
0 30 8
0 30 9
0 30 12
0 30 13
0 30 14
0 30 15
0 30 17
0 30 20
0 30 21
0 30 22
0 30 25
0 30 26
0 30 27
0 30 29
0 30 33
0 30 34
0 30 35
0 30 36
0 30 37
0 30 38
0 30 39
0 30 40
0 30 42
0 30 43
0 30 44
0 30 45
0 30 47
0 30 49
0 30 50
0 30 51
0 30 53
0 30 54
0 31 0
0 31 1
0 31 2
0 31 4
0 31 6
0 31 7
0 31 9
0 31 11
0 31 12
0 31 13
0 31 14
0 31 15
0 31 16
0 31 17
0 31 19
0 31 20
0 31 21
0 31 22
0 31 24
0 31 25
0 31 26
0 31 27
0 31 28
0 31 29
0 31 30
0 31 31
0 31 32
0 31 34
0 31 36
0 31 37
0 31 38
0 31 39
0 31 40
0 31 41
0 31 42
0 31 44
0 31 45
0 31 46
0 31 47
0 31 48
0 31 49
0 31 50
0 31 52
0 31 53
0 32 0
0 32 1
0 32 4
0 32 6
0 32 8
0 32 9
0 32 10
0 32 12
0 32 15
0 32 16
0 32 17
0 32 19
0 32 20
0 32 21
0 32 25
0 32 27
0 32 30
0 32 31
0 32 32
0 32 33
0 32 34
0 32 36
0 32 37
0 32 38
0 32 39
0 32 40
0 32 41
0 32 43
0 32 44
0 32 45
0 32 47
0 32 48
0 32 50
0 32 51
0 32 52
0 33 4
0 33 5
0 33 6
0 33 7
0 33 8
0 33 9
0 33 10
0 33 11
0 33 14
0 33 15
0 33 16
0 33 17
0 33 18
0 33 20
0 33 21
0 33 24
0 33 25
0 33 26
0 33 27
0 33 28
0 33 29
0 33 31
0 33 32
0 33 33
0 33 35
0 33 36
0 33 37
0 33 38
0 33 39
0 33 40
0 33 41
0 33 42
0 33 44
0 33 46
0 33 47
0 33 48
0 33 49
0 33 51
0 33 52
0 34 0
0 34 1
0 34 2
0 34 3
0 34 5
0 34 7
0 34 8
0 34 9
0 34 10
0 34 13
0 34 14
0 34 15
0 34 16
0 34 17
0 34 19
0 34 20
0 34 21
0 34 22
0 34 23
0 34 24
0 34 25
0 34 27
0 34 28
0 34 29
0 34 31
0 34 32
0 34 34
0 34 35
0 34 36
0 34 37
0 34 39
0 34 42
0 34 44
0 34 46
0 34 48
0 34 49
0 34 50
0 34 52
0 34 53
0 35 2
0 35 4
0 35 5
0 35 6
0 35 8
0 35 10
0 35 11
0 35 15
0 35 17
0 35 18
0 35 19
0 35 20
0 35 21
0 35 22
0 35 23
0 35 24
0 35 25
0 35 28
0 35 29
0 35 31
0 35 32
0 35 33
0 35 34
0 35 35
0 35 36
0 35 37
0 35 39
0 35 40
0 35 41
0 35 42
0 35 43
0 35 45
0 35 46
0 35 47
0 35 48
0 35 49
0 35 51
0 35 52
0 35 53
0 35 54
0 36 0
0 36 1
0 36 2
0 36 3
0 36 4
0 36 5
0 36 8
0 36 9
0 36 10
0 36 11
0 36 12
0 36 14
0 36 16
0 36 17
0 36 18
0 36 19
0 36 20
0 36 21
0 36 22
0 36 23
0 36 24
0 36 25
0 36 26
0 36 27
0 36 28
0 36 30
0 36 33
0 36 34
0 36 35
0 36 36
0 36 37
0 36 38
0 36 39
0 36 40
0 36 41
0 36 44
0 36 46
0 36 47
0 36 49
0 36 52
0 36 54
0 37 0
0 37 1
0 37 2
0 37 3
0 37 4
0 37 5
0 37 7
0 37 8
0 37 9
0 37 11
0 37 13
0 37 14
0 37 15
0 37 16
0 37 17
0 37 19
0 37 20
0 37 21
0 37 22
0 37 23
0 37 24
0 37 27
0 37 28
0 37 29
0 37 30
0 37 31
0 37 32
0 37 33
0 37 35
0 37 36
0 37 38
0 37 39
0 37 40
0 37 41
0 37 42
0 37 45
0 37 47
0 37 48
0 37 49
0 37 53
0 37 54
0 38 1
0 38 2
0 38 3
0 38 4
0 38 5
0 38 6
0 38 7
0 38 9
0 38 10
0 38 11
0 38 14
0 38 15
0 38 16
0 38 17
0 38 18
0 38 21
0 38 22
0 38 23
0 38 24
0 38 25
0 38 26
0 38 28
0 38 29
0 38 30
0 38 31
0 38 34
0 38 35
0 38 36
0 38 38
0 38 39
0 38 40
0 38 43
0 38 44
0 38 45
0 38 46
0 38 47
0 38 48
0 38 49
0 38 50
0 38 53
0 39 0
0 39 2
0 39 3
0 39 6
0 39 7
0 39 9
0 39 11
0 39 12
0 39 13
0 39 14
0 39 15
0 39 17
0 39 18
0 39 19
0 39 24
0 39 25
0 39 26
0 39 27
0 39 28
0 39 29
0 39 30
0 39 31
0 39 32
0 39 33
0 39 34
0 39 35
0 39 36
0 39 37
0 39 38
0 39 40
0 39 41
0 39 42
0 39 44
0 39 45
0 39 47
0 39 48
0 39 49
0 39 50
0 39 52
0 39 53
0 39 54
0 40 0
0 40 1
0 40 2
0 40 4
0 40 5
0 40 7
0 40 9
0 40 10
0 40 11
0 40 13
0 40 14
0 40 15
0 40 16
0 40 17
0 40 19
0 40 21
0 40 22
0 40 24
0 40 25
0 40 26
0 40 29
0 40 30
0 40 31
0 40 32
0 40 33
0 40 34
0 40 36
0 40 37
0 40 39
0 40 40
0 40 41
0 40 42
0 40 43
0 40 44
0 40 48
0 40 49
0 40 50
0 40 51
0 40 52
0 40 53
0 40 54
0 41 0
0 41 1
0 41 2
0 41 3
0 41 4
0 41 5
0 41 6
0 41 7
0 41 8
0 41 9
0 41 10
0 41 11
0 41 12
0 41 13
0 41 14
0 41 16
0 41 18
0 41 19
0 41 20
0 41 21
0 41 22
0 41 24
0 41 29
0 41 30
0 41 31
0 41 32
0 41 33
0 41 34
0 41 35
0 41 37
0 41 38
0 41 39
0 41 40
0 41 42
0 41 43
0 41 44
0 41 45
0 41 47
0 41 49
0 41 50
0 41 51
0 41 53
0 41 54
0 42 0
0 42 1
0 42 2
0 42 6
0 42 7
0 42 8
0 42 10
0 42 11
0 42 12
0 42 15
0 42 16
0 42 20
0 42 21
0 42 22
0 42 23
0 42 24
0 42 25
0 42 26
0 42 27
0 42 29
0 42 30
0 42 31
0 42 36
0 42 37
0 42 38
0 42 40
0 42 42
0 42 43
0 42 44
0 42 45
0 42 48
0 42 49
0 42 51
0 42 52
0 42 53
0 43 2
0 43 5
0 43 6
0 43 7
0 43 8
0 43 9
0 43 12
0 43 13
0 43 16
0 43 17
0 43 18
0 43 19
0 43 21
0 43 22
0 43 24
0 43 25
0 43 27
0 43 28
0 43 29
0 43 30
0 43 31
0 43 32
0 43 33
0 43 35
0 43 36
0 43 39
0 43 40
0 43 41
0 43 43
0 43 44
0 43 46
0 43 48
0 43 49
0 43 50
0 43 51
0 43 53
0 44 1
0 44 2
0 44 3
0 44 4
0 44 5
0 44 8
0 44 9
0 44 11
0 44 12
0 44 14
0 44 15
0 44 16
0 44 17
0 44 18
0 44 19
0 44 22
0 44 24
0 44 25
0 44 26
0 44 27
0 44 32
0 44 33
0 44 35
0 44 36
0 44 40
0 44 42
0 44 43
0 44 44
0 44 45
0 44 46
0 44 47
0 44 48
0 44 49
0 44 50
0 44 51
0 44 52
0 44 53
0 45 2
0 45 4
0 45 6
0 45 7
0 45 8
0 45 10
0 45 11
0 45 12
0 45 13
0 45 16
0 45 18
0 45 20
0 45 22
0 45 23
0 45 25
0 45 27
0 45 28
0 45 29
0 45 30
0 45 32
0 45 37
0 45 38
0 45 39
0 45 41
0 45 42
0 45 43
0 45 44
0 45 46
0 45 47
0 45 48
0 45 50
0 45 54
0 46 0
0 46 1
0 46 2
0 46 4
0 46 5
0 46 6
0 46 8
0 46 9
0 46 11
0 46 14
0 46 15
0 46 16
0 46 19
0 46 21
0 46 22
0 46 26
0 46 27
0 46 28
0 46 29
0 46 30
0 46 31
0 46 32
0 46 33
0 46 34
0 46 35
0 46 36
0 46 38
0 46 39
0 46 40
0 46 41
0 46 43
0 46 45
0 46 47
0 46 48
0 46 49
0 46 51
0 46 52
0 47 1
0 47 2
0 47 3
0 47 5
0 47 8
0 47 9
0 47 10
0 47 12
0 47 14
0 47 15
0 47 16
0 47 18
0 47 19
0 47 21
0 47 22
0 47 23
0 47 24
0 47 25
0 47 26
0 47 27
0 47 28
0 47 30
0 47 31
0 47 32
0 47 33
0 47 34
0 47 35
0 47 36
0 47 38
0 47 40
0 47 41
0 47 42
0 47 43
0 47 44
0 47 46
0 47 47
0 47 49
0 47 53
0 47 54
0 48 0
0 48 1
0 48 3
0 48 4
0 48 5
0 48 6
0 48 7
0 48 8
0 48 9
0 48 10
0 48 11
0 48 13
0 48 14
0 48 15
0 48 18
0 48 19
0 48 20
0 48 23
0 48 25
0 48 27
0 48 28
0 48 29
0 48 30
0 48 32
0 48 33
0 48 34
0 48 36
0 48 38
0 48 39
0 48 40
0 48 44
0 48 45
0 48 46
0 48 47
0 48 49
0 48 50
0 48 51
0 48 52
0 48 53
0 49 1
0 49 5
0 49 8
0 49 12
0 49 13
0 49 14
0 49 16
0 49 18
0 49 20
0 49 22
0 49 24
0 49 25
0 49 26
0 49 27
0 49 28
0 49 29
0 49 30
0 49 32
0 49 34
0 49 35
0 49 36
0 49 38
0 49 39
0 49 45
0 49 46
0 49 48
0 49 50
0 49 51
0 49 52
0 49 53
0 49 54
0 50 1
0 50 2
0 50 6
0 50 7
0 50 8
0 50 10
0 50 11
0 50 12
0 50 15
0 50 18
0 50 19
0 50 20
0 50 21
0 50 22
0 50 24
0 50 26
0 50 27
0 50 28
0 50 30
0 50 32
0 50 33
0 50 35
0 50 37
0 50 38
0 50 39
0 50 40
0 50 41
0 50 43
0 50 44
0 50 45
0 50 46
0 50 47
0 50 49
0 50 50
0 50 51
0 50 52
0 50 53
0 50 54
0 51 0
0 51 3
0 51 5
0 51 6
0 51 8
0 51 9
0 51 10
0 51 11
0 51 12
0 51 13
0 51 14
0 51 15
0 51 18
0 51 19
0 51 20
0 51 21
0 51 23
0 51 24
0 51 25
0 51 27
0 51 30
0 51 31
0 51 32
0 51 33
0 51 34
0 51 35
0 51 37
0 51 38
0 51 39
0 51 40
0 51 41
0 51 42
0 51 43
0 51 44
0 51 46
0 51 47
0 51 48
0 51 49
0 51 50
0 51 51
0 51 54
0 52 1
0 52 4
0 52 5
0 52 6
0 52 7
0 52 8
0 52 9
0 52 10
0 52 11
0 52 12
0 52 13
0 52 14
0 52 15
0 52 17
0 52 19
0 52 20
0 52 21
0 52 23
0 52 24
0 52 25
0 52 27
0 52 28
0 52 29
0 52 30
0 52 31
0 52 33
0 52 34
0 52 36
0 52 37
0 52 38
0 52 39
0 52 42
0 52 43
0 52 44
0 52 45
0 52 47
0 52 50
0 52 51
0 52 53
0 52 54
0 53 0
0 53 1
0 53 2
0 53 3
0 53 5
0 53 7
0 53 8
0 53 10
0 53 13
0 53 15
0 53 19
0 53 20
0 53 21
0 53 22
0 53 23
0 53 24
0 53 25
0 53 26
0 53 27
0 53 28
0 53 29
0 53 31
0 53 32
0 53 33
0 53 34
0 53 36
0 53 37
0 53 38
0 53 40
0 53 41
0 53 43
0 53 44
0 53 46
0 53 47
0 53 49
0 53 50
0 53 51
0 53 52
0 54 0
0 54 3
0 54 5
0 54 7
0 54 8
0 54 11
0 54 12
0 54 13
0 54 15
0 54 16
0 54 22
0 54 23
0 54 24
0 54 26
0 54 28
0 54 31
0 54 32
0 54 33
0 54 35
0 54 36
0 54 37
0 54 39
0 54 40
0 54 41
0 54 42
0 54 43
0 54 44
0 54 45
0 54 47
0 54 48
0 54 49
0 54 50
0 54 51
0 54 52
0 54 53
0 55 0
0 55 1
0 55 2
0 55 3
0 55 4
0 55 7
0 55 8
0 55 9
0 55 10
0 55 12
0 55 13
0 55 14
0 55 17
0 55 20
0 55 21
0 55 22
0 55 23
0 55 25
0 55 27
0 55 28
0 55 29
0 55 31
0 55 33
0 55 34
0 55 35
0 55 37
0 55 38
0 55 41
0 55 42
0 55 43
0 55 44
0 55 45
0 55 46
0 55 47
0 55 48
0 55 49
0 55 50
0 55 52
0 55 53
0 55 54
0 56 0
0 56 1
0 56 2
0 56 3
0 56 4
0 56 5
0 56 7
0 56 8
0 56 9
0 56 11
0 56 12
0 56 13
0 56 15
0 56 16
0 56 17
0 56 18
0 56 20
0 56 21
0 56 22
0 56 23
0 56 24
0 56 28
0 56 29
0 56 32
0 56 33
0 56 34
0 56 36
0 56 38
0 56 39
0 56 40
0 56 41
0 56 42
0 56 43
0 56 44
0 56 45
0 56 46
0 56 47
0 56 48
0 56 49
0 56 50
0 56 51
0 56 52
0 56 54
0 57 1
0 57 2
0 57 3
0 57 4
0 57 5
0 57 7
0 57 8
0 57 9
0 57 10
0 57 11
0 57 13
0 57 14
0 57 17
0 57 18
0 57 20
0 57 21
0 57 22
0 57 23
0 57 25
0 57 26
0 57 27
0 57 31
0 57 32
0 57 33
0 57 34
0 57 36
0 57 38
0 57 41
0 57 42
0 57 45
0 57 46
0 57 47
0 57 48
0 57 49
0 57 51
0 57 52
0 57 54
0 58 1
0 58 3
0 58 5
0 58 7
0 58 8
0 58 9
0 58 11
0 58 12
0 58 13
0 58 15
0 58 16
0 58 18
0 58 20
0 58 21
0 58 23
0 58 25
0 58 27
0 58 28
0 58 29
0 58 30
0 58 32
0 58 33
0 58 36
0 58 37
0 58 38
0 58 41
0 58 42
0 58 43
0 58 44
0 58 45
0 58 46
0 58 48
0 58 54
0 59 5
0 59 6
0 59 7
0 59 8
0 59 10
0 59 11
0 59 12
0 59 14
0 59 16
0 59 17
0 59 19
0 59 20
0 59 21
0 59 22
0 59 23
0 59 24
0 59 25
0 59 26
0 59 27
0 59 28
0 59 30
0 59 32
0 59 33
0 59 34
0 59 35
0 59 36
0 59 37
0 59 40
0 59 41
0 59 43
0 59 44
0 59 45
0 59 46
0 59 47
0 59 48
0 59 50
0 59 52
0 60 0
0 60 1
0 60 2
0 60 3
0 60 4
0 60 5
0 60 9
0 60 10
0 60 11
0 60 12
0 60 14
0 60 15
0 60 16
0 60 19
0 60 20
0 60 21
0 60 22
0 60 24
0 60 25
0 60 26
0 60 28
0 60 30
0 60 31
0 60 32
0 60 33
0 60 36
0 60 37
0 60 39
0 60 42
0 60 43
0 60 44
0 60 45
0 60 47
0 60 48
0 60 49
0 60 50
0 60 52
0 60 53
0 60 54
0 61 1
0 61 2
0 61 5
0 61 7
0 61 8
0 61 9
0 61 11
0 61 12
0 61 13
0 61 15
0 61 16
0 61 17
0 61 19
0 61 20
0 61 21
0 61 24
0 61 25
0 61 26
0 61 27
0 61 28
0 61 29
0 61 30
0 61 32
0 61 33
0 61 34
0 61 35
0 61 36
0 61 37
0 61 39
0 61 41
0 61 44
0 61 47
0 61 48
0 61 49
0 61 50
0 61 52
0 61 53
0 61 54
0 62 0
0 62 1
0 62 2
0 62 4
0 62 5
0 62 6
0 62 7
0 62 10
0 62 11
0 62 12
0 62 13
0 62 14
0 62 15
0 62 17
0 62 18
0 62 19
0 62 20
0 62 22
0 62 24
0 62 27
0 62 28
0 62 29
0 62 30
0 62 31
0 62 32
0 62 33
0 62 34
0 62 35
0 62 36
0 62 37
0 62 38
0 62 40
0 62 41
0 62 43
0 62 44
0 62 46
0 62 48
0 62 49
0 62 50
0 62 51
0 62 53
0 62 54
0 63 0
0 63 1
0 63 2
0 63 3
0 63 4
0 63 6
0 63 8
0 63 10
0 63 11
0 63 14
0 63 15
0 63 16
0 63 17
0 63 18
0 63 19
0 63 20
0 63 21
0 63 22
0 63 23
0 63 25
0 63 26
0 63 27
0 63 29
0 63 32
0 63 34
0 63 35
0 63 36
0 63 37
0 63 38
0 63 39
0 63 42
0 63 43
0 63 44
0 63 45
0 63 46
0 63 47
0 63 49
0 63 50
0 63 51
0 63 52
0 63 53
0 63 54
0 64 0
0 64 1
0 64 4
0 64 7
0 64 8
0 64 9
0 64 10
0 64 11
0 64 12
0 64 13
0 64 14
0 64 15
0 64 16
0 64 17
0 64 18
0 64 22
0 64 23
0 64 26
0 64 30
0 64 31
0 64 32
0 64 33
0 64 34
0 64 35
0 64 36
0 64 37
0 64 39
0 64 40
0 64 42
0 64 44
0 64 45
0 64 46
0 64 47
0 64 50
0 64 51
0 64 52
0 64 53
1 0 1
1 0 2
1 0 3
1 0 4
1 0 6
1 0 7
1 0 8
1 0 9
1 0 15
1 0 18
1 0 19
1 0 20
1 0 21
1 0 22
1 0 24
1 0 25
1 0 26
1 0 28
1 0 29
1 0 31
1 0 32
1 1 0
1 1 2
1 1 5
1 1 6
1 1 7
1 1 8
1 1 9
1 1 10
1 1 11
1 1 14
1 1 16
1 1 17
1 1 18
1 1 19
1 1 20
1 1 22
1 1 23
1 1 24
1 1 27
1 1 28
1 1 31
1 1 32
1 1 33
1 2 0
1 2 1
1 2 2
1 2 3
1 2 4
1 2 5
1 2 6
1 2 7
1 2 10
1 2 11
1 2 12
1 2 13
1 2 14
1 2 15
1 2 16
1 2 17
1 2 18
1 2 20
1 2 21
1 2 22
1 2 24
1 2 25
1 2 27
1 2 28
1 2 29
1 2 31
1 2 32
1 2 33
1 3 0
1 3 2
1 3 3
1 3 4
1 3 9
1 3 11
1 3 12
1 3 14
1 3 15
1 3 16
1 3 18
1 3 19
1 3 21
1 3 26
1 3 27
1 3 30
1 3 32
1 3 33
1 4 0
1 4 1
1 4 2
1 4 3
1 4 4
1 4 5
1 4 6
1 4 7
1 4 9
1 4 13
1 4 14
1 4 15
1 4 17
1 4 19
1 4 20
1 4 21
1 4 23
1 4 24
1 4 25
1 4 27
1 4 28
1 4 30
1 4 31
1 4 32
1 5 1
1 5 2
1 5 3
1 5 4
1 5 5
1 5 6
1 5 7
1 5 10
1 5 11
1 5 12
1 5 13
1 5 14
1 5 16
1 5 18
1 5 20
1 5 21
1 5 22
1 5 23
1 5 24
1 5 25
1 5 26
1 5 27
1 5 28
1 5 29
1 5 31
1 5 32
1 5 33
1 6 0
1 6 4
1 6 5
1 6 8
1 6 10
1 6 11
1 6 13
1 6 14
1 6 15
1 6 16
1 6 18
1 6 21
1 6 22
1 6 23
1 6 24
1 6 25
1 6 26
1 6 27
1 6 29
1 6 30
1 6 31
1 6 32
1 6 33
1 7 2
1 7 3
1 7 4
1 7 5
1 7 6
1 7 7
1 7 9
1 7 12
1 7 14
1 7 15
1 7 17
1 7 18
1 7 19
1 7 22
1 7 24
1 7 26
1 7 27
1 7 30
1 7 32
1 8 2
1 8 3
1 8 4
1 8 5
1 8 6
1 8 8
1 8 9
1 8 11
1 8 13
1 8 15
1 8 16
1 8 17
1 8 19
1 8 21
1 8 24
1 8 25
1 8 26
1 8 27
1 8 29
1 8 30
1 8 31
1 8 32
1 8 33
1 9 4
1 9 5
1 9 6
1 9 8
1 9 10
1 9 12
1 9 13
1 9 14
1 9 15
1 9 16
1 9 17
1 9 18
1 9 20
1 9 22
1 9 23
1 9 25
1 9 29
1 9 31
1 10 0
1 10 1
1 10 2
1 10 4
1 10 5
1 10 8
1 10 9
1 10 10
1 10 11
1 10 12
1 10 13
1 10 14
1 10 15
1 10 16
1 10 17
1 10 18
1 10 19
1 10 20
1 10 22
1 10 23
1 10 24
1 10 26
1 10 27
1 10 28
1 10 29
1 10 30
1 10 31
1 10 32
1 11 0
1 11 1
1 11 2
1 11 3
1 11 4
1 11 6
1 11 7
1 11 9
1 11 10
1 11 12
1 11 13
1 11 15
1 11 17
1 11 19
1 11 20
1 11 21
1 11 22
1 11 23
1 11 24
1 11 25
1 11 27
1 11 28
1 11 29
1 11 31
1 12 0
1 12 1
1 12 2
1 12 3
1 12 5
1 12 7
1 12 8
1 12 9
1 12 10
1 12 11
1 12 12
1 12 15
1 12 17
1 12 19
1 12 20
1 12 21
1 12 22
1 12 23
1 12 25
1 12 26
1 12 27
1 12 28
1 12 29
1 12 31
1 12 32
1 13 2
1 13 3
1 13 6
1 13 7
1 13 9
1 13 11
1 13 13
1 13 14
1 13 15
1 13 16
1 13 17
1 13 18
1 13 19
1 13 21
1 13 22
1 13 23
1 13 24
1 13 25
1 13 26
1 13 29
1 13 30
1 13 32
1 13 33
1 14 1
1 14 3
1 14 4
1 14 5
1 14 6
1 14 7
1 14 8
1 14 10
1 14 11
1 14 12
1 14 13
1 14 14
1 14 15
1 14 16
1 14 18
1 14 21
1 14 22
1 14 23
1 14 24
1 14 25
1 14 26
1 14 27
1 14 29
1 14 30
1 14 31
1 14 33
1 15 0
1 15 1
1 15 2
1 15 4
1 15 8
1 15 12
1 15 13
1 15 15
1 15 16
1 15 17
1 15 18
1 15 19
1 15 20
1 15 21
1 15 22
1 15 23
1 15 24
1 15 25
1 15 26
1 15 27
1 15 29
1 15 30
1 16 0
1 16 1
1 16 2
1 16 5
1 16 7
1 16 8
1 16 9
1 16 11
1 16 12
1 16 13
1 16 15
1 16 16
1 16 17
1 16 21
1 16 22
1 16 23
1 16 24
1 16 26
1 16 29
1 16 30
1 16 31
1 16 32
1 17 1
1 17 2
1 17 4
1 17 5
1 17 6
1 17 7
1 17 9
1 17 10
1 17 11
1 17 12
1 17 14
1 17 15
1 17 17
1 17 19
1 17 21
1 17 23
1 17 24
1 17 27
1 17 28
1 17 30
1 17 32
1 17 33
1 18 2
1 18 3
1 18 4
1 18 6
1 18 7
1 18 9
1 18 10
1 18 11
1 18 12
1 18 14
1 18 16
1 18 18
1 18 20
1 18 21
1 18 24
1 18 25
1 18 26
1 18 27
1 18 30
1 18 33
1 19 0
1 19 1
1 19 2
1 19 3
1 19 5
1 19 7
1 19 8
1 19 10
1 19 11
1 19 13
1 19 14
1 19 15
1 19 16
1 19 17
1 19 18
1 19 19
1 19 20
1 19 21
1 19 23
1 19 25
1 19 26
1 19 27
1 19 29
1 19 30
1 19 31
1 19 32
1 19 33
1 20 0
1 20 1
1 20 2
1 20 5
1 20 6
1 20 7
1 20 8
1 20 9
1 20 10
1 20 11
1 20 16
1 20 17
1 20 18
1 20 19
1 20 20
1 20 23
1 20 24
1 20 25
1 20 27
1 20 28
1 20 30
1 20 31
1 20 32
1 20 33
1 21 1
1 21 4
1 21 6
1 21 7
1 21 8
1 21 9
1 21 11
1 21 12
1 21 14
1 21 16
1 21 18
1 21 20
1 21 21
1 21 22
1 21 23
1 21 24
1 21 27
1 21 28
1 21 29
1 21 30
1 21 32
1 22 0
1 22 1
1 22 2
1 22 3
1 22 5
1 22 6
1 22 7
1 22 9
1 22 10
1 22 12
1 22 13
1 22 14
1 22 15
1 22 17
1 22 18
1 22 19
1 22 20
1 22 22
1 22 25
1 22 28
1 22 29
1 22 30
1 22 32
1 22 33
1 23 0
1 23 1
1 23 2
1 23 3
1 23 4
1 23 5
1 23 6
1 23 7
1 23 8
1 23 9
1 23 10
1 23 11
1 23 12
1 23 13
1 23 14
1 23 15
1 23 16
1 23 17
1 23 18
1 23 19
1 23 20
1 23 21
1 23 22
1 23 23
1 23 26
1 23 28
1 23 30
1 23 32
1 24 0
1 24 1
1 24 3
1 24 4
1 24 7
1 24 9
1 24 10
1 24 11
1 24 12
1 24 13
1 24 14
1 24 15
1 24 17
1 24 23
1 24 25
1 24 28
1 24 30
1 24 31
1 24 32
1 24 33
1 25 0
1 25 1
1 25 4
1 25 5
1 25 6
1 25 8
1 25 9
1 25 10
1 25 11
1 25 12
1 25 13
1 25 14
1 25 17
1 25 18
1 25 19
1 25 21
1 25 22
1 25 23
1 25 24
1 25 26
1 25 28
1 25 29
1 25 30
1 25 31
1 25 32
1 25 33
1 26 0
1 26 1
1 26 2
1 26 5
1 26 6
1 26 7
1 26 8
1 26 9
1 26 11
1 26 12
1 26 14
1 26 16
1 26 18
1 26 21
1 26 23
1 26 24
1 26 26
1 26 27
1 26 28
1 26 29
1 26 30
1 26 31
1 26 33
1 27 0
1 27 2
1 27 3
1 27 4
1 27 5
1 27 6
1 27 7
1 27 8
1 27 9
1 27 11
1 27 12
1 27 14
1 27 15
1 27 17
1 27 18
1 27 19
1 27 21
1 27 22
1 27 23
1 27 25
1 27 26
1 27 28
1 27 29
1 27 30
1 27 32
1 27 33
1 28 1
1 28 4
1 28 7
1 28 8
1 28 9
1 28 11
1 28 12
1 28 13
1 28 14
1 28 15
1 28 16
1 28 18
1 28 19
1 28 21
1 28 22
1 28 23
1 28 25
1 28 26
1 28 27
1 28 28
1 28 29
1 28 30
1 28 31
1 28 32
1 28 33
1 29 0
1 29 1
1 29 2
1 29 4
1 29 5
1 29 6
1 29 7
1 29 8
1 29 9
1 29 10
1 29 11
1 29 12
1 29 14
1 29 15
1 29 17
1 29 18
1 29 19
1 29 21
1 29 22
1 29 24
1 29 25
1 29 26
1 29 30
1 29 31
1 29 32
1 29 33
1 30 0
1 30 1
1 30 2
1 30 3
1 30 5
1 30 7
1 30 8
1 30 10
1 30 11
1 30 13
1 30 15
1 30 16
1 30 17
1 30 18
1 30 19
1 30 20
1 30 21
1 30 22
1 30 26
1 30 27
1 30 28
1 30 29
1 30 30
1 30 32
1 30 33
1 31 0
1 31 2
1 31 3
1 31 4
1 31 5
1 31 8
1 31 9
1 31 10
1 31 11
1 31 14
1 31 15
1 31 16
1 31 17
1 31 19
1 31 20
1 31 21
1 31 23
1 31 24
1 31 25
1 31 27
1 31 28
1 31 29
1 31 30
1 31 31
1 31 33
1 32 0
1 32 1
1 32 3
1 32 5
1 32 6
1 32 7
1 32 10
1 32 12
1 32 14
1 32 17
1 32 18
1 32 19
1 32 20
1 32 22
1 32 23
1 32 25
1 32 26
1 32 27
1 32 28
1 32 29
1 32 30
1 32 31
1 32 33
1 33 0
1 33 2
1 33 3
1 33 6
1 33 7
1 33 9
1 33 10
1 33 13
1 33 14
1 33 17
1 33 18
1 33 19
1 33 20
1 33 21
1 33 22
1 33 23
1 33 24
1 33 25
1 33 28
1 33 29
1 33 30
1 33 31
1 33 32
1 34 0
1 34 1
1 34 2
1 34 3
1 34 5
1 34 7
1 34 8
1 34 10
1 34 11
1 34 12
1 34 13
1 34 14
1 34 15
1 34 16
1 34 17
1 34 18
1 34 19
1 34 20
1 34 21
1 34 24
1 34 25
1 34 26
1 34 27
1 34 29
1 34 32
1 34 33
1 35 0
1 35 1
1 35 3
1 35 6
1 35 7
1 35 8
1 35 10
1 35 11
1 35 12
1 35 15
1 35 16
1 35 18
1 35 19
1 35 22
1 35 23
1 35 24
1 35 25
1 35 28
1 35 31
1 35 32
1 35 33
1 36 0
1 36 3
1 36 5
1 36 6
1 36 9
1 36 11
1 36 12
1 36 13
1 36 14
1 36 16
1 36 17
1 36 19
1 36 23
1 36 27
1 36 28
1 36 30
1 36 32
1 36 33
1 37 0
1 37 2
1 37 3
1 37 4
1 37 5
1 37 6
1 37 7
1 37 9
1 37 10
1 37 11
1 37 13
1 37 14
1 37 15
1 37 16
1 37 17
1 37 18
1 37 19
1 37 20
1 37 21
1 37 24
1 37 25
1 37 27
1 37 28
1 37 31
1 37 32
1 38 1
1 38 2
1 38 4
1 38 6
1 38 8
1 38 9
1 38 10
1 38 11
1 38 12
1 38 13
1 38 14
1 38 15
1 38 16
1 38 17
1 38 18
1 38 19
1 38 20
1 38 22
1 38 23
1 38 24
1 38 25
1 38 26
1 38 27
1 38 28
1 38 31
1 38 32
1 38 33
1 39 0
1 39 1
1 39 2
1 39 3
1 39 5
1 39 7
1 39 8
1 39 9
1 39 10
1 39 11
1 39 14
1 39 15
1 39 16
1 39 17
1 39 18
1 39 20
1 39 21
1 39 23
1 39 25
1 39 26
1 39 27
1 39 30
1 39 32
1 39 33
1 40 0
1 40 1
1 40 3
1 40 4
1 40 5
1 40 9
1 40 10
1 40 11
1 40 12
1 40 14
1 40 15
1 40 16
1 40 17
1 40 21
1 40 22
1 40 23
1 40 24
1 40 26
1 40 27
1 40 28
1 40 29
1 40 30
1 40 32
1 41 0
1 41 1
1 41 2
1 41 3
1 41 4
1 41 5
1 41 6
1 41 8
1 41 9
1 41 10
1 41 11
1 41 12
1 41 13
1 41 14
1 41 15
1 41 16
1 41 17
1 41 18
1 41 20
1 41 21
1 41 22
1 41 23
1 41 24
1 41 25
1 41 27
1 41 28
1 41 29
1 41 30
1 41 32
1 41 33
1 42 0
1 42 1
1 42 3
1 42 4
1 42 5
1 42 6
1 42 10
1 42 12
1 42 13
1 42 14
1 42 17
1 42 18
1 42 19
1 42 21
1 42 22
1 42 23
1 42 24
1 42 26
1 42 27
1 42 28
1 42 33
1 43 1
1 43 2
1 43 3
1 43 4
1 43 5
1 43 8
1 43 9
1 43 10
1 43 12
1 43 13
1 43 15
1 43 16
1 43 17
1 43 18
1 43 20
1 43 21
1 43 23
1 43 24
1 43 25
1 43 26
1 43 27
1 43 28
1 43 29
1 43 31
1 43 32
1 44 3
1 44 4
1 44 7
1 44 8
1 44 10
1 44 12
1 44 15
1 44 16
1 44 17
1 44 18
1 44 19
1 44 20
1 44 21
1 44 22
1 44 23
1 44 25
1 44 26
1 44 27
1 44 28
1 44 29
1 44 30
1 44 31
1 44 33
1 45 1
1 45 2
1 45 3
1 45 4
1 45 5
1 45 7
1 45 8
1 45 10
1 45 11
1 45 12
1 45 14
1 45 15
1 45 18
1 45 19
1 45 20
1 45 21
1 45 22
1 45 23
1 45 24
1 45 25
1 45 26
1 45 27
1 45 28
1 45 29
1 45 30
1 45 31
1 45 32
1 45 33
1 46 0
1 46 1
1 46 3
1 46 4
1 46 5
1 46 9
1 46 10
1 46 11
1 46 12
1 46 13
1 46 14
1 46 15
1 46 16
1 46 17
1 46 18
1 46 19
1 46 20
1 46 21
1 46 22
1 46 23
1 46 24
1 46 26
1 46 28
1 46 31
1 46 32
1 46 33
1 47 1
1 47 2
1 47 3
1 47 4
1 47 6
1 47 7
1 47 9
1 47 10
1 47 11
1 47 12
1 47 13
1 47 14
1 47 15
1 47 16
1 47 17
1 47 18
1 47 19
1 47 20
1 47 22
1 47 23
1 47 24
1 47 27
1 47 28
1 47 29
1 47 32
1 48 0
1 48 1
1 48 2
1 48 3
1 48 6
1 48 7
1 48 8
1 48 11
1 48 12
1 48 13
1 48 14
1 48 16
1 48 18
1 48 20
1 48 22
1 48 23
1 48 24
1 48 25
1 48 26
1 48 29
1 48 30
1 48 32
1 49 0
1 49 1
1 49 2
1 49 3
1 49 4
1 49 5
1 49 6
1 49 7
1 49 8
1 49 9
1 49 10
1 49 11
1 49 13
1 49 14
1 49 15
1 49 16
1 49 18
1 49 19
1 49 20
1 49 22
1 49 24
1 49 27
1 49 28
1 49 30
1 49 31
1 49 32
1 49 33
1 50 0
1 50 2
1 50 5
1 50 7
1 50 8
1 50 10
1 50 13
1 50 14
1 50 15
1 50 16
1 50 18
1 50 21
1 50 22
1 50 25
1 50 26
1 50 27
1 50 29
1 50 31
1 50 32
1 50 33
1 51 0
1 51 1
1 51 2
1 51 3
1 51 4
1 51 6
1 51 8
1 51 10
1 51 12
1 51 14
1 51 15
1 51 18
1 51 20
1 51 21
1 51 22
1 51 24
1 51 25
1 51 28
1 51 29
1 51 30
1 51 31
1 51 32
1 51 33
1 52 2
1 52 4
1 52 5
1 52 6
1 52 7
1 52 8
1 52 9
1 52 11
1 52 12
1 52 13
1 52 14
1 52 15
1 52 16
1 52 17
1 52 18
1 52 19
1 52 20
1 52 21
1 52 23
1 52 25
1 52 28
1 52 30
1 52 32
1 52 33
1 53 0
1 53 1
1 53 2
1 53 3
1 53 4
1 53 5
1 53 6
1 53 8
1 53 10
1 53 11
1 53 12
1 53 13
1 53 14
1 53 15
1 53 17
1 53 20
1 53 22
1 53 23
1 53 25
1 53 26
1 53 28
1 53 29
1 53 30
1 53 31
1 53 32
1 53 33
1 54 0
1 54 2
1 54 3
1 54 4
1 54 5
1 54 6
1 54 9
1 54 10
1 54 11
1 54 14
1 54 16
1 54 17
1 54 18
1 54 19
1 54 20
1 54 21
1 54 22
1 54 23
1 54 26
1 54 28
1 54 30
1 54 31
1 54 32
1 54 33
2 0 1
2 0 3
2 0 4
2 0 7
2 0 10
2 0 12
2 0 13
2 0 15
2 0 17
2 0 19
2 0 20
2 0 23
2 0 24
2 1 0
2 1 1
2 1 2
2 1 3
2 1 4
2 1 6
2 1 7
2 1 8
2 1 10
2 1 11
2 1 12
2 1 17
2 1 18
2 1 19
2 1 20
2 1 22
2 1 24
2 2 0
2 2 1
2 2 3
2 2 5
2 2 6
2 2 7
2 2 8
2 2 9
2 2 10
2 2 11
2 2 12
2 2 13
2 2 15
2 2 16
2 2 17
2 2 21
2 2 22
2 2 23
2 2 24
2 2 25
2 3 0
2 3 2
2 3 3
2 3 5
2 3 7
2 3 8
2 3 9
2 3 11
2 3 12
2 3 13
2 3 14
2 3 15
2 3 16
2 3 17
2 3 18
2 3 19
2 3 20
2 3 23
2 4 0
2 4 1
2 4 2
2 4 4
2 4 5
2 4 6
2 4 7
2 4 11
2 4 14
2 4 15
2 4 16
2 4 17
2 4 18
2 4 19
2 4 20
2 4 22
2 4 23
2 4 24
2 4 25
2 5 0
2 5 3
2 5 4
2 5 7
2 5 8
2 5 9
2 5 11
2 5 12
2 5 13
2 5 14
2 5 15
2 5 16
2 5 17
2 5 18
2 5 19
2 5 20
2 5 21
2 5 23
2 5 24
2 5 25
2 6 0
2 6 1
2 6 3
2 6 4
2 6 6
2 6 7
2 6 9
2 6 10
2 6 11
2 6 12
2 6 14
2 6 15
2 6 18
2 6 19
2 6 20
2 6 21
2 6 23
2 6 24
2 6 25
2 7 1
2 7 2
2 7 3
2 7 4
2 7 5
2 7 7
2 7 8
2 7 13
2 7 14
2 7 15
2 7 16
2 7 20
2 7 21
2 7 22
2 7 25
2 8 0
2 8 2
2 8 3
2 8 4
2 8 5
2 8 6
2 8 8
2 8 9
2 8 10
2 8 15
2 8 16
2 8 17
2 8 18
2 8 20
2 8 21
2 8 23
2 8 24
2 8 25
2 9 0
2 9 1
2 9 3
2 9 4
2 9 6
2 9 7
2 9 9
2 9 10
2 9 13
2 9 14
2 9 16
2 9 17
2 9 18
2 9 19
2 9 20
2 9 21
2 9 22
2 9 23
2 9 24
2 10 0
2 10 2
2 10 3
2 10 4
2 10 8
2 10 9
2 10 12
2 10 13
2 10 14
2 10 15
2 10 16
2 10 17
2 10 18
2 10 21
2 10 22
2 10 23
2 10 24
2 10 25
2 11 0
2 11 1
2 11 2
2 11 5
2 11 8
2 11 9
2 11 11
2 11 12
2 11 13
2 11 14
2 11 17
2 11 18
2 11 19
2 11 21
2 11 22
2 11 23
2 11 24
2 12 0
2 12 2
2 12 3
2 12 4
2 12 5
2 12 6
2 12 7
2 12 8
2 12 9
2 12 10
2 12 11
2 12 12
2 12 13
2 12 14
2 12 15
2 12 16
2 12 18
2 12 19
2 12 20
2 12 21
2 12 22
2 12 24
2 13 0
2 13 1
2 13 3
2 13 4
2 13 5
2 13 6
2 13 7
2 13 8
2 13 9
2 13 10
2 13 11
2 13 12
2 13 13
2 13 15
2 13 16
2 13 17
2 13 18
2 13 20
2 13 25
2 14 1
2 14 3
2 14 4
2 14 5
2 14 6
2 14 7
2 14 8
2 14 10
2 14 11
2 14 13
2 14 15
2 14 16
2 14 18
2 14 22
2 14 24
2 14 25
2 15 0
2 15 1
2 15 2
2 15 3
2 15 4
2 15 5
2 15 7
2 15 8
2 15 9
2 15 11
2 15 13
2 15 14
2 15 15
2 15 16
2 15 18
2 15 19
2 15 20
2 15 21
2 15 22
2 15 23
2 15 24
2 15 25
2 16 0
2 16 2
2 16 3
2 16 4
2 16 5
2 16 6
2 16 9
2 16 11
2 16 12
2 16 14
2 16 15
2 16 16
2 16 18
2 16 19
2 16 20
2 16 21
2 16 24
2 16 25
2 17 0
2 17 2
2 17 4
2 17 6
2 17 9
2 17 10
2 17 11
2 17 12
2 17 13
2 17 19
2 17 20
2 17 21
2 17 22
2 17 24
2 17 25
2 18 2
2 18 4
2 18 5
2 18 6
2 18 7
2 18 8
2 18 9
2 18 10
2 18 11
2 18 13
2 18 15
2 18 16
2 18 17
2 18 19
2 18 20
2 18 21
2 18 22
2 18 25
2 19 0
2 19 1
2 19 3
2 19 6
2 19 9
2 19 10
2 19 11
2 19 16
2 19 17
2 19 18
2 19 19
2 19 20
2 19 22
2 19 23
2 20 1
2 20 2
2 20 3
2 20 4
2 20 5
2 20 6
2 20 8
2 20 10
2 20 11
2 20 12
2 20 13
2 20 14
2 20 16
2 20 17
2 20 18
2 20 19
2 20 21
2 20 22
2 20 23
2 20 24
2 20 25
2 21 1
2 21 2
2 21 3
2 21 4
2 21 5
2 21 6
2 21 7
2 21 8
2 21 9
2 21 10
2 21 11
2 21 12
2 21 13
2 21 14
2 21 15
2 21 16
2 21 19
2 21 20
2 21 25
2 22 0
2 22 3
2 22 4
2 22 5
2 22 6
2 22 7
2 22 9
2 22 11
2 22 12
2 22 13
2 22 15
2 22 16
2 22 17
2 22 18
2 22 20
2 22 21
2 22 22
2 22 24
2 23 0
2 23 1
2 23 2
2 23 3
2 23 4
2 23 6
2 23 7
2 23 8
2 23 9
2 23 10
2 23 11
2 23 13
2 23 14
2 23 15
2 23 16
2 23 18
2 23 20
2 23 21
2 23 22
2 23 23
2 23 24
2 24 1
2 24 3
2 24 4
2 24 5
2 24 6
2 24 7
2 24 8
2 24 11
2 24 12
2 24 13
2 24 14
2 24 15
2 24 17
2 24 19
2 24 21
2 24 24
2 24 25
2 25 0
2 25 2
2 25 4
2 25 6
2 25 7
2 25 8
2 25 9
2 25 10
2 25 11
2 25 12
2 25 13
2 25 14
2 25 15
2 25 18
2 25 19
2 25 20
2 25 23
2 25 24
2 25 25
2 26 1
2 26 3
2 26 4
2 26 5
2 26 7
2 26 10
2 26 11
2 26 12
2 26 14
2 26 16
2 26 18
2 26 19
2 26 20
2 26 21
2 26 23
2 26 24
2 26 25
2 27 0
2 27 1
2 27 2
2 27 3
2 27 5
2 27 7
2 27 8
2 27 9
2 27 11
2 27 14
2 27 15
2 27 16
2 27 18
2 27 19
2 27 20
2 27 22
2 27 23
2 27 25
2 28 0
2 28 1
2 28 2
2 28 3
2 28 4
2 28 5
2 28 6
2 28 8
2 28 9
2 28 10
2 28 11
2 28 17
2 28 18
2 28 19
2 28 21
2 28 22
2 29 1
2 29 2
2 29 3
2 29 5
2 29 6
2 29 7
2 29 10
2 29 12
2 29 14
2 29 15
2 29 16
2 29 17
2 29 21
2 29 23
2 29 24
2 29 25
2 30 0
2 30 1
2 30 5
2 30 6
2 30 7
2 30 8
2 30 9
2 30 10
2 30 11
2 30 14
2 30 15
2 30 16
2 30 19
2 30 21
2 30 22
2 30 23
2 30 24
2 30 25
2 31 1
2 31 2
2 31 3
2 31 4
2 31 7
2 31 9
2 31 11
2 31 14
2 31 15
2 31 20
2 31 22
2 31 24
2 32 0
2 32 1
2 32 3
2 32 4
2 32 5
2 32 6
2 32 7
2 32 9
2 32 10
2 32 11
2 32 12
2 32 13
2 32 14
2 32 15
2 32 17
2 32 19
2 32 21
2 32 22
2 32 23
2 32 25
2 33 1
2 33 3
2 33 4
2 33 5
2 33 6
2 33 7
2 33 10
2 33 11
2 33 12
2 33 13
2 33 14
2 33 15
2 33 17
2 33 18
2 33 19
2 33 20
2 33 21
2 33 24
2 33 25