875
7
10 19 41 15 26 13 16
756

255 0 0 100 471 810 799 903 1023 0
334 473 620 576 321 356 449 0 679 1009 92 709 958 0 0 849 850 456 0
0 665 0 285 447 383 786 1000 951 334 336 514 252 910 0 55 618 146 706 829 298 0 1005 0 825 279 57 723 965 115 0 134 0 0 597 0 0 195 440 586 0
858 0 8 727 682 956 841 571 0 262 526 51 779 101 130
296 640 155 868 0 480 0 3 0 826 708 553 394 406 386 0 523 222 0 143 793 265 184 897 0 401
269 184 519 786 0 842 245 87 374 673 853 199 0
439 814 982 396 568 918 527 648 734 157 0 532 636 792 685 902

0 0 0
0 0 1
0 0 4
0 0 11
0 0 13
0 0 15
0 0 17
0 0 18
0 1 3
0 1 16
0 1 17
0 2 1
0 2 6
0 2 13
0 2 15
0 3 0
0 3 9
0 3 10
0 3 14
0 3 15
0 4 0
0 4 6
0 4 8
0 4 9
0 4 10
0 4 12
0 4 13
0 4 14
0 4 16
0 5 5
0 5 12
0 5 15
0 5 17
0 6 2
0 6 3
0 6 4
0 6 5
0 6 8
0 6 9
0 6 11
0 6 17
0 7 1
0 7 3
0 7 9
0 8 1
0 8 6
0 8 10
0 8 11
0 8 16
0 8 17
0 9 2
0 9 6
0 9 9
0 9 18
1 0 4
1 0 8
1 0 9
1 0 11
1 0 12
1 0 14
1 0 15
1 0 16
1 0 20
1 0 25
1 0 28
1 0 30
1 0 33
1 0 37
1 0 38
1 1 3
1 1 7
1 1 11
1 1 13
1 1 19
1 1 20
1 1 23
1 1 29
1 1 32
1 1 35
1 1 39
1 2 1
1 2 5
1 2 6
1 2 8
1 2 9
1 2 10
1 2 12
1 2 14
1 2 16
1 2 18
1 2 23
1 2 24
1 2 28
1 2 29
1 2 31
1 2 32
1 2 36
1 3 6
1 3 9
1 3 11
1 3 12
1 3 19
1 3 23
1 3 25
1 3 31
1 3 35
1 3 39
1 3 40
1 4 0
1 4 2
1 4 7
1 4 8
1 4 9
1 4 13
1 4 22
1 4 24
1 4 29
1 4 37
1 4 40
1 5 3
1 5 5
1 5 8
1 5 12
1 5 14
1 5 15
1 5 22
1 5 24
1 5 26
1 5 27
1 5 30
1 5 33
1 5 35
1 5 39
1 6 1
1 6 3
1 6 4
1 6 6
1 6 10
1 6 16
1 6 19
1 6 21
1 6 30
1 6 35
1 6 40
1 7 0
1 7 2
1 7 5
1 7 7
1 7 11
1 7 13
1 7 14
1 7 19
1 7 20
1 7 22
1 7 29
1 7 32
1 7 33
1 7 39
1 8 3
1 8 12
1 8 20
1 8 21
1 8 22
1 8 23
1 8 24
1 8 30
1 8 32
1 8 36
1 8 39
1 9 3
1 9 6
1 9 8
1 9 14
1 9 24
1 9 25
1 9 27
1 9 28
1 9 29
1 9 31
1 9 38
1 10 3
1 10 4
1 10 13
1 10 14
1 10 16
1 10 17
1 10 18
1 10 21
1 10 22
1 10 26
1 10 28
1 10 30
1 10 31
1 10 32
1 10 33
1 10 37
1 11 3
1 11 5
1 11 12
1 11 14
1 11 15
1 11 16
1 11 20
1 11 23
1 11 26
1 11 32
1 11 37
1 12 3
1 12 5
1 12 6
1 12 13
1 12 14
1 12 22
1 12 24
1 12 26
1 12 29
1 12 33
1 12 35
1 12 36
1 12 37
1 12 38
1 12 40
1 13 4
1 13 5
1 13 7
1 13 11
1 13 19
1 13 23
1 13 33
1 13 35
1 13 38
1 14 1
1 14 2
1 14 3
1 14 8
1 14 10
1 14 12
1 14 13
1 14 27
1 14 29
1 14 30
1 14 31
1 14 32
1 14 34
1 14 40
1 15 4
1 15 9
1 15 11
1 15 13
1 15 24
1 15 25
1 15 26
1 15 33
1 15 39
1 16 2
1 16 3
1 16 7
1 16 13
1 16 17
1 16 20
1 16 21
1 16 24
1 16 27
1 16 31
1 16 35
1 16 36
1 16 37
1 16 40
1 17 3
1 17 4
1 17 5
1 17 7
1 17 10
1 17 11
1 17 12
1 17 13
1 17 14
1 17 16
1 17 17
1 17 22
1 17 25
1 17 28
1 17 29
1 17 30
1 17 32
1 17 35
1 17 36
1 17 40
1 18 0
1 18 4
1 18 8
1 18 9
1 18 11
1 18 13
1 18 17
1 18 18
1 18 24
1 18 25
1 18 27
1 18 29
1 18 31
1 18 32
1 18 33
1 18 34
1 18 38
1 18 39
1 18 40
2 0 0
2 0 1
2 0 2
2 0 4
2 0 5
2 0 7
2 0 8
2 0 9
2 0 10
2 0 11
2 1 5
2 1 6
2 1 7
2 1 8
2 1 10
2 2 5
2 2 6
2 2 8
2 3 4
2 3 5
2 3 7
2 3 10
2 4 0
2 4 5
2 4 12
2 4 13
2 4 14
2 5 1
2 5 2
2 5 3
2 5 4
2 5 5
2 5 9
2 5 10
2 6 0
2 6 4
2 6 6
2 6 10
2 6 13
2 7 0
2 7 7
2 7 9
2 8 2
2 8 5
2 8 6
2 8 8
2 8 9
2 8 13
2 9 4
2 9 9
2 9 13
2 9 14
2 10 2
2 10 3
2 10 8
2 10 10
2 10 14
2 11 0
2 11 2
2 11 10
2 11 11
2 11 12
2 11 13
2 12 1
2 12 2
2 13 5
2 13 10
2 14 5
2 14 6
2 14 14
2 16 0
2 16 1
2 16 7
2 16 9
2 16 11
2 16 13
2 17 0
2 17 1
2 17 6
2 17 7
2 17 14
2 18 2
2 18 5
2 18 7
2 18 12
2 19 4
2 19 8
2 19 14
2 20 0
2 20 2
2 20 7
2 20 9
2 20 13
2 21 1
2 21 2
2 21 7
2 21 8
2 21 9
2 22 3
2 22 4
2 22 6
2 22 14
2 23 2
2 23 5
2 23 6
2 23 8
2 24 2
2 24 3
2 24 6
2 24 10
2 24 12
2 25 1
2 25 10
2 25 12
2 25 14
2 26 0
2 26 6
2 26 11
2 26 14
2 27 1
2 27 3
2 27 11
2 27 13
2 28 5
2 28 8
2 28 12
2 28 14
2 29 0
2 29 11
2 30 4
2 30 8
2 30 9
2 30 10
2 30 12
2 30 13
2 31 0
2 31 4
2 31 8
2 31 9
2 31 12
2 32 0
2 32 1
2 32 3
2 32 7
2 32 10
2 32 12
2 32 13
2 33 0
2 33 3
2 33 5
2 33 7
2 33 8
2 33 10
2 33 14
2 34 0
2 34 2
2 34 3
2 34 6
2 34 9
2 34 12
2 35 3
2 35 4
2 35 10
2 35 12
2 36 0
2 36 1
2 36 3
2 36 5
2 36 6
2 36 10
2 36 13
2 37 0
2 37 1
2 37 4
2 37 6
2 37 10
2 37 12
2 37 13
2 37 14
2 38 1
2 38 4
2 38 5
2 38 6
2 39 5
2 39 10
2 39 11
2 39 13
2 40 0
2 40 1
2 40 13
3 0 1
3 0 3
3 0 8
3 0 9
3 1 0
3 1 7
3 1 9
3 1 10
3 1 12
3 1 19
3 1 25
3 2 1
3 2 2
3 2 3
3 2 4
3 2 12
3 2 16
3 2 18
3 2 19
3 2 25
3 3 0
3 3 3
3 3 7
3 3 9
3 3 13
3 3 15
3 3 18
3 3 21
3 4 0
3 4 1
3 4 6
3 4 8
3 4 10
3 4 13
3 4 15
3 4 17
3 4 20
3 4 21
3 5 8
3 5 9
3 5 14
3 5 18
3 5 19
3 5 23
3 5 25
3 6 1
3 6 2
3 6 4
3 6 6
3 6 12
3 6 13
3 6 15
3 6 16
3 6 20
3 7 4
3 7 11
3 7 12
3 7 15
3 7 16
3 7 20
3 7 21
3 7 24
3 8 1
3 8 3
3 8 10
3 8 17
3 8 21
3 9 0
3 9 4
3 9 10
3 9 11
3 10 0
3 10 8
3 10 10
3 10 23
3 10 24
3 11 0
3 11 2
3 11 4
3 11 16
3 11 17
3 11 21
3 11 23
3 11 25
3 12 3
3 12 6
3 12 8
3 12 9
3 12 12
3 12 18
3 12 19
3 12 21
3 12 22
3 12 24
3 12 25
3 13 0
3 13 2
3 13 18
3 13 19
3 14 0
3 14 5
3 14 7
3 14 8
3 14 10
3 14 12
3 14 17
4 0 5
4 0 7
4 0 9
4 0 10
4 0 11
4 1 11
4 2 3
4 2 4
4 2 9
4 2 11
4 3 4
4 3 6
4 3 7
4 3 9
4 4 5
4 4 7
4 5 9
4 6 1
4 6 2
4 6 3
4 6 4
4 6 11
4 7 2
4 7 3
4 7 5
4 7 8
4 7 11
4 8 2
4 8 4
4 8 6
4 8 9
4 8 12
4 9 6
4 9 8
4 10 3
4 10 6
4 10 8
4 11 9
4 11 12
4 12 0
4 12 6
4 12 9
4 12 12
4 13 0
4 13 10
4 13 11
4 14 3
4 14 4
4 14 7
4 14 9
4 15 1
4 15 2
4 15 3
4 15 4
4 15 6
4 15 12
4 16 3
4 16 10
4 17 2
4 17 6
4 17 8
4 17 10
4 18 8
4 18 9
4 18 12
4 19 12
4 20 0
4 20 5
4 20 9
4 20 11
4 20 12
4 21 1
4 21 4
4 21 6
4 21 11
4 21 12
4 22 4
4 22 5
4 22 7
4 22 11
4 23 2
4 23 6
4 23 7
4 23 10
4 24 1
4 24 2
4 24 6
4 24 7
4 24 8
4 24 12
4 25 0
4 25 2
4 25 11
5 0 2
5 0 11
5 0 12
5 0 13
5 0 14
5 1 2
5 1 4
5 1 14
5 1 15
5 2 2
5 2 5
5 2 7
5 2 9
5 2 12
5 2 14
5 3 3
5 3 6
5 3 14
5 3 15
5 4 0
5 4 3
5 4 4
5 4 6
5 4 8
5 4 13
5 5 1
5 5 3
5 5 7
5 5 10
5 5 14
5 6 3
5 6 7
5 6 11
5 6 12
5 6 13
5 7 1
5 7 2
5 7 4
5 7 11
5 7 12
5 8 1
5 8 7
5 9 4
5 9 7
5 9 11
5 10 1
5 10 2
5 10 4
5 10 6
5 10 10
5 10 12
5 10 14
5 11 2
5 11 7
5 11 8
5 11 13
5 12 2
5 12 9
5 12 14
5 12 15