51923
5
356 356 358 358 356
9714

0 0 0 0 734 878 0 0 13 104 0 132 0 717 156 286 0 420 0 527 0 216 0 0 0 0 383 0 0 460 0 0 0 0 0 0 0 340 0 356 0 0 0 594 0 0 0 373 623 0 148 555 205 0 0 956 958 555 0 830 812 486 202 26 0 0 330 0 567 0 393 0 595 45 830 0 371 0 0 0 763 0 653 592 0 820 0 0 0 618 175 667 0 666 838 70 0 251 0 0 995 0 0 0 153 0 0 329 699 0 518 0 487 989 0 0 633 319 0 0 1 0 645 0 314 816 0 714 0 0 158 0 0 927 992 0 21 0 0 988 996 502 542 487 984 980 0 0 784 0 124 0 0 752 0 338 182 0 0 390 193 0 140 0 606 0 914 905 0 0 0 14 0 60 0 80 0 80 27 7 34 33 0 88 46 0 0 0 34 0 0 0 0 32 27 31 0 0 23 0 100 84 0 11 0 51 36 0 3 65 0 0 100 0 51 7 0 0 18 76 0 5 90 19 55 0 62 0 5 33 59 20 0 0 15 0 93 0 0 0 0 0 0 0 0 0 0 0 17 29 41 47 0 14 10 82 14 0 53 83 0 0 0 98 100 27 55 85 0 0 53 85 0 5 0 88 0 38 0 0 22 0 77 0 0 77 0 69 0 87 0 0 94 0 0 63 0 0 4 69 50 66 0 0 51 0 33 0 0 0 15 0 0 0 31 0 0 0 79 62 0 58 0 0 88 0 0 0 0 0 0 1 5 2 18 41 42 0 0 0 0 0 0 26 0 36 0 44 0 0 0 80 0 70 28 0
0 0 0 0 777 433 0 7 460 494 414 645 0 575 0 0 0 760 551 211 0 609 225 53 443 0 459 0 0 0 530 488 0 0 0 263 909 0 706 0 0 771 337 0 0 713 0 220 941 534 0 0 0 0 79 186 744 830 963 76 0 0 0 477 247 0 0 0 979 905 0 988 0 0 0 0 336 0 0 0 787 0 607 0 0 305 0 0 0 710 712 0 0 0 0 63 0 0 0 818 0 0 206 0 354 25 0 377 719 666 404 0 0 733 0 38 777 0 186 0 82 444 821 365 712 0 388 0 0 0 119 20 0 468 0 811 375 0 0 664 838 0 551 0 429 0 0 0 533 0 0 0 0 0 6 0 0 464 884 0 0 0 803 568 65 0 547 0 0 0 0 904 283 62 0 0 0 0 45 0 0 0 100 0 0 39 99 47 0 10 85 0 7 65 70 7 0 0 78 16 15 0 58 51 0 100 0 0 25 71 0 17 0 0 49 29 0 0 0 62 0 97 75 46 0 0 0 73 0 0 11 2 8 40 0 0 0 18 0 0 98 0 0 0 26 100 0 0 0 0 0 64 0 29 32 0 99 0 0 0 0 0 0 0 0 40 0 0 0 13 38 0 0 0 32 52 0 0 0 75 0 43 0 0 35 23 10 0 0 91 8 40 91 47 21 86 0 82 16 34 26 0 0 79 0 87 0 62 0 96 0 5 0 0 0 0 59 30 49 0 62 61 80 0 7 30 0 88 33 52 0 97 0 0 35 0 88 0 50 30 8 25 0 77 5 85 0 93 0 65 17 58 71 0 0 0
643 698 0 0 0 534 393 960 10 878 0 0 781 0 646 0 931 0 0 919 0 213 899 342 357 528 865 0 0 0 0 906 0 0 0 116 616 0 0 0 498 448 0 0 0 115 0 132 0 0 548 800 0 939 0 561 775 179 723 0 0 0 597 184 367 0 717 0 611 655 210 0 0 0 252 955 439 0 201 645 0 605 347 0 457 0 273 713 645 0 0 682 0 0 566 729 0 0 0 0 0 0 0 0 246 507 551 629 0 0 71 0 0 0 0 690 786 0 0 214 0 0 0 590 0 0 0 297 41 0 0 0 0 843 205 0 170 566 326 387 0 0 263 681 0 0 572 0 149 798 148 0 920 0 710 0 552 861 0 0 0 0 0 916 784 694 0 0 750 0 0 143 387 591 0 9 66 89 0 70 93 95 86 91 91 0 45 47 0 68 0 61 78 87 6 25 70 0 60 87 34 44 44 0 7 21 0 0 91 5 2 0 0 59 81 0 59 93 0 0 0 17 0 12 0 20 0 0 0 0 54 33 0 0 14 0 0 70 0 90 1 0 0 68 0 0 0 0 0 0 0 0 0 0 44 0 60 54 0 0 0 0 0 54 20 40 0 0 17 22 0 19 76 0 0 0 0 0 0 49 77 46 0 85 0 0 17 55 0 11 0 0 0 0 0 69 44 44 38 24 0 62 75 30 0 44 0 60 0 0 4 0 0 0 0 42 0 23 98 0 17 13 0 32 0 53 0 0 53 0 0 0 6 0 36 77 41 0 0 0 10 0 0 0 0 35 0 64 61 94 27 39 0 20 98 0 0 82
0 0 36 0 225 0 0 0 705 0 563 0 190 0 961 0 0 0 795 0 33 518 227 0 0 0 334 323 434 328 665 155 0 966 0 0 0 0 0 0 606 478 730 23 0 0 466 411 0 0 0 371 605 0 0 0 854 0 0 823 232 458 0 0 818 864 0 0 0 271 533 181 84 0 0 626 0 654 0 0 0 729 0 0 0 0 416 404 335 213 938 519 0 936 354 0 527 0 0 0 0 0 243 583 0 0 244 0 733 182 770 0 217 93 0 0 0 0 0 640 0 0 0 520 0 863 465 114 0 0 0 137 0 350 543 0 947 0 0 594 0 618 236 696 0 383 461 112 0 186 0 0 89 77 776 0 0 463 401 353 0 847 741 0 310 156 0 144 0 0 0 0 789 0 0 0 0 87 0 79 22 0 75 0 69 0 0 0 0 12 46 0 0 0 68 0 0 90 26 4 0 88 0 0 49 0 94 0 23 18 0 9 0 0 98 0 85 37 78 0 33 50 11 80 0 27 51 94 81 0 0 0 68 28 0 33 0 42 0 63 83 0 0 0 42 0 0 91 57 0 45 19 93 91 0 25 0 0 0 0 0 79 0 29 0 0 0 0 91 81 39 60 94 0 73 0 25 0 84 62 0 0 0 0 88 0 72 62 31 96 56 77 0 8 0 0 74 0 0 0 0 0 0 0 0 33 0 0 81 96 0 45 71 0 69 0 0 0 0 41 19 0 0 78 0 80 0 49 67 0 49 0 49 14 83 63 89 71 0 0 0 42 16 38 0 0 63 0 17 19 68 0 66 0 82 26 75 0
0 0 0 798 398 812 148 0 0 102 0 0 0 504 0 0 0 0 0 550 0 0 304 0 658 37 0 0 0 0 0 0 739 687 0 0 0 0 902 380 0 956 939 958 0 0 0 0 625 0 0 0 0 442 267 0 0 0 0 538 0 0 189 0 0 0 0 208 156 0 0 0 0 868 850 218 414 0 318 0 904 0 586 0 649 0 0 35 916 0 0 0 0 730 0 0 501 0 325 867 0 425 0 526 0 0 0 0 17 654 0 0 774 0 598 422 0 689 0 0 568 0 296 321 0 728 0 0 0 913 637 0 0 762 383 0 0 0 475 85 0 475 0 0 160 343 184 0 0 0 0 0 0 510 0 0 450 599 980 0 306 610 414 666 71 0 0 869 603 127 192 979 306 30 0 0 0 84 8 0 32 0 0 26 0 0 0 0 53 71 14 71 2 0 0 0 0 0 0 53 71 0 0 79 19 0 42 0 15 94 0 0 20 0 98 26 0 0 0 100 0 76 3 40 0 0 0 19 0 0 0 0 0 0 0 0 65 32 29 0 69 49 0 65 0 0 0 0 19 0 3 0 44 70 95 0 22 0 0 21 69 0 0 77 0 10 70 0 15 0 0 0 0 0 31 92 0 0 0 26 0 0 0 34 36 0 16 0 77 0 90 12 54 62 0 0 14 0 0 0 78 0 0 23 22 0 0 0 5 10 0 10 29 0 69 43 0 5 0 81 0 72 0 22 39 24 0 56 0 26 0 5 0 0 85 84 0 0 0 0 0 0 6 0 0 0 0 68 15 11 0 0 0 21 53 0

0 0 6
0 0 37
0 0 60
0 0 66
0 0 75
0 0 100
0 0 261
0 1 9
0 1 51
0 1 74
0 1 84
0 1 100
0 1 124
0 1 148
0 1 162
0 1 169
0 2 9
0 2 13
0 2 71
0 2 74
0 2 110
0 2 115
0 2 131
0 2 152
0 2 213
0 2 271
0 3 16
0 3 19
0 3 29
0 3 72
0 3 101
0 3 113
0 3 138
0 3 146
0 3 317
0 4 6
0 4 7
0 4 24
0 4 32
0 4 42
0 4 62
0 4 65
0 4 80
0 4 94
0 4 126
0 4 141
0 5 53
0 5 60
0 5 62
0 5 64
0 5 76
0 5 92
0 5 98
0 5 156
0 5 159
0 5 161
0 5 202
0 5 247
0 5 249
0 5 267
0 6 43
0 6 61
0 6 62
0 6 76
0 6 81
0 6 87
0 6 105
0 6 146
0 6 166
0 6 177
0 6 313
0 7 34
0 7 77
0 7 99
0 7 102
0 7 154
0 7 195
0 7 242
0 7 264
0 8 13
0 8 16
0 8 28
0 8 31
0 8 44
0 8 46
0 8 53
0 8 71
0 8 116
0 8 159
0 8 208
0 8 230
0 9 15
0 9 36
0 9 59
0 9 62
0 9 66
0 9 68
0 9 89
0 9 95
0 9 108
0 9 109
0 9 123
0 9 216
0 9 228
0 10 15
0 10 81
0 10 114
0 10 134
0 10 158
0 10 333
0 11 3
0 11 9
0 11 18
0 11 20
0 11 21
0 11 29
0 11 78
0 11 90
0 11 147
0 11 194
0 11 258
0 12 3
0 12 8
0 12 12
0 12 40
0 12 41
0 12 71
0 12 81
0 12 93
0 12 100
0 12 125
0 12 128
0 12 188
0 13 8
0 13 14
0 13 36
0 13 52
0 13 56
0 13 58
0 13 106
0 13 109
0 13 113
0 13 147
0 13 168
0 13 169
0 13 171
0 14 35
0 14 81
0 14 109
0 14 114
0 14 132
0 14 141
0 14 162
0 15 14
0 15 23
0 15 27
0 15 49
0 15 55
0 15 61
0 15 76
0 15 141
0 15 156
0 15 162
0 15 164
0 15 307
0 16 1
0 16 22
0 16 41
0 16 55
0 16 58
0 16 69
0 16 99
0 16 100
0 16 123
0 16 126
0 16 150
0 16 331
0 17 0
0 17 2
0 17 18
0 17 19
0 17 27
0 17 30
0 17 68
0 17 92
0 17 172
0 17 323
0 18 5
0 18 15
0 18 65
0 18 73
0 18 106
0 18 156
0 19 34
0 19 41
0 19 48
0 19 66
0 19 81
0 19 84
0 19 125
0 19 137
0 19 141
0 19 161
0 19 341
0 20 48
0 20 60
0 20 75
0 20 79
0 20 86
0 20 120
0 20 136
0 20 164
0 20 171
0 20 237
0 20 248
0 21 6
0 21 22
0 21 37
0 21 61
0 21 107
0 21 152
0 21 172
0 22 25
0 22 30
0 22 33
0 22 51
0 22 57
0 22 75
0 22 79
0 22 103
0 22 163
0 22 175
0 22 311
0 23 15
0 23 41
0 23 45
0 23 53
0 23 55
0 23 59
0 23 78
0 23 142
0 23 160
0 23 193
0 23 289
0 23 311
0 24 79
0 24 106
0 24 121
0 24 140
0 24 250
0 25 33
0 25 59
0 25 79
0 25 105
0 25 128
0 25 316
0 25 344
0 26 21
0 26 29
0 26 47
0 26 48
0 26 64
0 26 71
0 26 160
0 26 174
0 26 278
0 27 0
0 27 12
0 27 43
0 27 53
0 27 86
0 27 90
0 27 100
0 27 109
0 27 119
0 27 152
0 27 160
0 27 165
0 28 85
0 28 118
0 28 129
0 28 142
0 28 159
0 28 160
0 28 351
0 29 1
0 29 18
0 29 25
0 29 67
0 29 92
0 29 100
0 29 112
0 29 197
0 29 200
0 30 8
0 30 50
0 30 76
0 30 96
0 30 97
0 30 110
0 30 156
0 30 157
0 30 172
0 31 7
0 31 33
0 31 35
0 31 37
0 31 51
0 31 106
0 31 113
0 31 142
0 31 143
0 31 146
0 31 158
0 31 286
0 31 311
0 31 317
0 32 17
0 32 39
0 32 45
0 32 68
0 32 79
0 32 88
0 32 127
0 32 137
0 32 141
0 32 342
0 32 349
0 33 34
0 33 37
0 33 49
0 33 80
0 33 158
0 33 172
0 33 290
0 33 297
0 34 9
0 34 30
0 34 49
0 34 78
0 34 125
0 34 142
0 34 146
0 34 209
0 34 342
0 35 23
0 35 37
0 35 38
0 35 86
0 35 96
0 35 116
0 35 124
0 35 255
0 35 323
0 36 49
0 36 51
0 36 99
0 36 103
0 36 127
0 36 128
0 36 170
0 37 22
0 37 29
0 37 41
0 37 54
0 37 84
0 37 85
0 37 150
0 37 151
0 37 271
0 37 312
0 38 55
0 38 107
0 38 124
0 38 152
0 38 162
0 38 166
0 38 191
0 38 213
0 39 12
0 39 27
0 39 53
0 39 78
0 39 100
0 39 131
0 39 143
0 39 153
0 39 154
0 39 159
0 39 189
0 39 345
0 40 7
0 40 11
0 40 16
0 40 72
0 40 105
0 40 117
0 40 129
0 40 140
0 40 164
0 40 172
0 40 189
0 40 326
0 41 41
0 41 68
0 41 70
0 41 80
0 41 86
0 41 107
0 41 116
0 42 12
0 42 23
0 42 24
0 42 50
0 42 65
0 42 67
0 42 75
0 42 147
0 42 154
0 42 171
0 42 172
0 42 202
0 42 347
0 43 32
0 43 40
0 43 44
0 43 92
0 43 94
0 43 103
0 43 119
0 43 137
0 43 143
0 43 171
0 43 317
0 44 14
0 44 17
0 44 42
0 44 46
0 44 64
0 44 115
0 44 155
0 45 15
0 45 31
0 45 32
0 45 35
0 45 121
0 45 239
0 45 252
0 45 324
0 46 6
0 46 8
0 46 39
0 46 97
0 46 107
0 47 31
0 47 48
0 48 65
0 48 68
0 48 76
0 48 121
0 48 145
0 48 169
0 48 236
0 48 276
0 48 289
0 49 36
0 49 93
0 49 105
0 49 118
0 49 121
0 49 139
0 49 140
0 49 143
0 49 145
0 50 17
0 50 25
0 50 27
0 50 47
0 50 52
0 50 58
0 50 62
0 50 94
0 50 98
0 50 111
0 50 116
0 50 130
0 50 149
0 50 172
0 50 325
0 51 11
0 51 19
0 51 24
0 51 34
0 51 90
0 51 94
0 51 117
0 51 119
0 51 138
0 51 177
0 51 179
0 51 301
0 52 2
0 52 17
0 52 25
0 52 29
0 52 48
0 52 72
0 52 114
0 52 124
0 52 125
0 52 143
0 52 167
0 52 206
0 53 0
0 53 29
0 53 38
0 53 68
0 53 81
0 53 125
0 53 278
0 54 71
0 54 77
0 54 84
0 54 150
0 54 170
0 54 268
0 55 22
0 55 36
0 55 84
0 55 106
0 55 113
0 55 122
0 55 131
0 55 144
0 55 148
0 55 211
0 56 0
0 56 1
0 56 7
0 56 22
0 56 97
0 56 114
0 56 127
0 56 162
0 56 163
0 56 172
0 56 196
0 56 206
0 56 290
0 57 13
0 57 100
0 57 144
0 57 154
0 57 165
0 57 183
0 57 318
0 57 334
0 57 341
0 58 4
0 58 14
0 58 20
0 58 30
0 58 34
0 58 48
0 58 72
0 58 92
0 58 131
0 58 137
0 58 159
0 58 162
0 58 172
0 58 214
0 59 3
0 59 51
0 59 103
0 59 105
0 59 111
0 59 116
0 59 129
0 59 225
0 60 1
0 60 2
0 60 20
0 60 82
0 60 138
0 60 147
0 60 161
0 61 4
0 61 36
0 61 41
0 61 77
0 61 105
0 61 111
0 61 245
0 62 38
0 62 53
0 62 56
0 62 57
0 62 70
0 62 73
0 62 81
0 62 90
0 62 108
0 62 115
0 62 143
0 62 160
0 62 170
0 63 8
0 63 15
0 63 61
0 63 99
0 63 127
0 63 141
0 63 144
0 63 172
0 63 261
0 64 13
0 64 17
0 64 18
0 64 36
0 64 58
0 64 70
0 64 96
0 64 120
0 64 123
0 64 153
0 64 173
0 64 224
0 64 288
0 65 48
0 65 69
0 65 158
0 65 219
0 66 24
0 66 56
0 66 67
0 66 87
0 66 119
0 66 124
0 66 144
0 66 166
0 66 248
0 66 343
0 67 47
0 67 57
0 67 63
0 67 65
0 67 86
0 67 96
0 67 111
0 67 150
0 67 166
0 67 217
0 68 64
0 68 105
0 68 108
0 68 113
0 68 140
0 68 144
0 68 151
0 69 22
0 69 63
0 69 86
0 69 91
0 69 97
0 69 144
0 69 301
0 70 10
0 70 31
0 70 52
0 70 55
0 70 59
0 70 62
0 70 67
0 70 100
0 70 111
0 70 145
0 70 164
0 70 355
0 71 3
0 71 50
0 71 81
0 71 96
0 71 111
0 71 127
0 71 144
0 72 11
0 72 13
0 72 14
0 72 41
0 72 58
0 72 71
0 72 78
0 72 91
0 72 97
0 72 107
0 72 148
0 72 176
0 73 28
0 73 66
0 73 95
0 73 108
0 73 109
0 73 134
0 74 8
0 74 31
0 74 44
0 74 54
0 74 74
0 75 20
0 75 50
0 75 63
0 75 95
0 75 109
0 75 127
0 75 159
0 75 227
0 75 240
0 75 294
0 76 15
0 76 23
0 76 32
0 76 40
0 76 69
0 76 87
0 76 94
0 76 104
0 76 129
0 76 145
0 76 163
0 76 168
0 76 320
0 77 27
0 77 49
0 77 115
0 77 133
0 78 42
0 78 60
0 78 80
0 78 84
0 78 100
0 78 139
0 78 154
0 78 167
0 78 240
0 78 284
0 79 33
0 79 69
0 79 92
0 79 132
0 79 136
0 79 147
0 79 154
0 79 161
0 79 211
0 79 237
0 80 23
0 80 46
0 80 50
0 80 106
0 80 222
0 80 269
0 80 279
0 81 5
0 81 15
0 81 19
0 81 48
0 81 56
0 81 88
0 81 94
0 81 344
0 82 1
0 82 31
0 82 64
0 82 89
0 82 104
0 82 140
0 82 141
0 82 342
0 83 33
0 83 50
0 83 80
0 83 94
0 83 102
0 83 106
0 83 129
0 84 18
0 84 62
0 84 70
0 84 98
0 84 105
0 84 108
0 84 131
0 84 150
0 84 167
0 84 304
0 85 9
0 85 23
0 85 25
0 85 50
0 85 63
0 85 107
0 85 118
0 85 171
0 85 239
0 86 32
0 86 70
0 86 109
0 86 123
0 86 157
0 87 5
0 87 11
0 87 14
0 87 35
0 87 58
0 87 86
0 87 111
0 87 131
0 87 156
0 87 177
0 88 5
0 88 11
0 88 55
0 88 64
0 88 71
0 88 73
0 88 80
0 88 101
0 88 144
0 88 145
0 88 318
0 89 0
0 89 4
0 89 141
0 89 143
0 89 148
0 89 153
0 89 168
0 90 24
0 90 29
0 90 41
0 90 70
0 90 84
0 90 92
0 90 106
0 90 111
0 90 119
0 90 133
0 90 159
0 91 16
0 91 29
0 91 31
0 91 69
0 91 70
0 91 71
0 91 80
0 91 97
0 91 104
0 91 130
0 91 291
0 91 331
0 92 27
0 92 38
0 92 42
0 92 59
0 92 95
0 92 100
0 92 143
0 92 150
0 92 155
0 92 158
0 92 268
0 92 287
0 92 315
0 93 18
0 93 27
0 93 56
0 93 76
0 93 108
0 93 125
0 93 133
0 93 156
0 93 170
0 93 172
0 93 343
0 94 9
0 94 38
0 94 80
0 94 83
0 94 86
0 94 114
0 94 119
0 94 124
0 94 170
0 94 186
0 95 29
0 95 31
0 95 48
0 95 80
0 95 86
0 95 106
0 95 121
0 95 122
0 95 128
0 95 148
0 95 157
0 95 165
0 95 239
0 96 2
0 96 49
0 96 63
0 96 99
0 96 108
0 96 138
0 96 149
0 96 330
0 97 36
0 97 53
0 97 106
0 97 127
0 97 134
0 97 263
0 98 8
0 98 25
0 98 55
0 98 100
0 98 108
0 98 159
0 98 161
0 99 59
0 99 127
0 99 145
0 99 155
0 99 165
0 100 14
0 100 30
0 100 58
0 100 92
0 100 118
0 100 123
0 100 135
0 100 207
0 100 277
0 100 295
0 100 304
0 101 3
0 101 16
0 101 23
0 101 34
0 101 35
0 101 59
0 101 67
0 101 88
0 101 102
0 101 113
0 101 127
0 101 129
0 101 154
0 101 162
0 101 168
0 101 170
0 101 222
0 101 252
0 101 266
0 102 8
0 102 11
0 102 25
0 102 45
0 102 53
0 102 64
0 102 72
0 102 76
0 102 85
0 102 99
0 102 115
0 102 128
0 102 167
0 103 24
0 103 32
0 103 96
0 103 98
0 103 117
0 103 144
0 103 251
0 104 7
0 104 33
0 104 38
0 104 43
0 104 69
0 104 71
0 104 93
0 104 117
0 104 120
0 104 121
0 104 139
0 104 166
0 104 307
0 105 19
0 105 37
0 105 50
0 105 55
0 105 60
0 105 89
0 105 123
0 105 145
0 105 150
0 105 163
0 106 18
0 106 20
0 106 36
0 106 47
0 106 48
0 106 53
0 106 105
0 106 112
0 106 138
0 106 218
0 106 295
0 106 296
0 106 307
0 106 323
0 107 5
0 107 7
0 107 13
0 107 125
0 107 142
0 107 152
0 107 159
0 107 169
0 107 274
0 108 20
0 108 24
0 108 43
0 108 49
0 108 57
0 108 68
0 108 87
0 108 91
0 108 93
0 108 105
0 108 117
0 108 119
0 108 122
0 108 130
0 108 139
0 108 142
0 108 289
0 109 57
0 109 65
0 109 81
0 109 84
0 109 141
0 109 167
0 109 171
0 110 19
0 110 47
0 110 91
0 110 103
0 110 119
0 110 154
0 110 273
0 111 0
0 111 56
0 111 61
0 111 118
0 111 140
0 111 149
0 111 165
0 111 217
0 111 270
0 112 49
0 112 62
0 112 70
0 112 71
0 112 81
0 112 111
0 112 138
0 112 291
0 112 297
0 112 322
0 113 30
0 113 55
0 113 70
0 113 76
0 113 78
0 113 89
0 113 156
0 113 158
0 113 166
0 113 167
0 113 173
0 113 280
0 114 0
0 114 23
0 114 57
0 114 87
0 114 104
0 114 139
0 114 161
0 114 339
0 115 48
0 115 72
0 115 87
0 115 113
0 115 151
0 116 45
0 116 51
0 116 110
0 116 125
0 116 135
0 116 158
0 116 171
0 116 222
0 116 294
0 117 11
0 117 61
0 117 85
0 117 98
0 117 112
0 117 153
0 117 171
0 118 30
0 118 59
0 118 78
0 118 111
0 118 123
0 118 133
0 118 136
0 118 139
0 118 241
0 119 4
0 119 53
0 119 54
0 119 61
0 119 63
0 119 91
0 119 116
0 119 123
0 119 145
0 119 247
0 120 0
0 120 51
0 120 52
0 120 53
0 120 62
0 120 72
0 120 84
0 120 85
0 120 100
0 120 155
0 121 72
0 121 78
0 121 87
0 121 106
0 121 124
0 121 129
0 121 256
0 121 325
0 121 337
0 122 99
0 122 110
0 122 120
0 122 141
0 122 229
0 123 0
0 123 30
0 123 31
0 123 51
0 123 52
0 123 85
0 123 106
0 123 120
0 124 89
0 124 102
0 124 155
0 124 160
0 124 265
0 124 310
0 125 3
0 125 8
0 125 20
0 125 24
0 125 37
0 125 50
0 125 93
0 125 95
0 125 100
0 125 114
0 125 138
0 125 146
0 125 204
0 125 209
0 125 300
0 126 17
0 126 36
0 126 52
0 126 93
0 126 103
0 126 109
0 126 158
0 126 167
0 127 7
0 127 26
0 127 32
0 127 36
0 127 55
0 127 62
0 127 90
0 127 103
0 127 126
0 127 136
0 127 217
0 127 282
0 127 319
0 128 0
0 128 18
0 128 39
0 128 49
0 128 56
0 128 79
0 128 90
0 128 100
0 128 109
0 128 125
0 128 147
0 128 151
0 128 155
0 128 280
0 128 323
0 129 5
0 129 11
0 129 26
0 129 54
0 129 93
0 129 101
0 129 149
0 129 154
0 129 175
0 130 11
0 130 14
0 130 15
0 130 46
0 130 67
0 130 112
0 130 120
0 130 150
0 130 153
0 130 162
0 131 15
0 131 19
0 131 64
0 131 74
0 131 76
0 131 100
0 131 108
0 131 122
0 131 130
0 131 146
0 131 170
0 131 227
0 131 234
0 132 23
0 132 64
0 132 86
0 132 121
0 132 139
0 132 141
0 132 156
0 132 166
0 132 195
0 132 214
0 133 22
0 133 31
0 133 38
0 133 51
0 133 113
0 134 18
0 134 20
0 134 27
0 134 49
0 134 52
0 134 55
0 134 67
0 134 83
0 134 84
0 134 98
0 134 247
0 134 294
0 135 1
0 135 39
0 135 54
0 135 78
0 135 100
0 136 20
0 136 35
0 136 38
0 136 43
0 136 53
0 136 96
0 136 111
0 136 137
0 136 161
0 136 171
0 136 209
0 137 46
0 137 58
0 137 69
0 137 74
0 138 22
0 138 45
0 138 141
0 138 143
0 138 174
0 139 6
0 139 16
0 139 37
0 139 43
0 139 81
0 139 107
0 139 120
0 139 127
0 139 132
0 140 16
0 140 37
0 140 50
0 140 116
0 140 120
0 140 134
0 140 165
0 140 251
0 141 32
0 141 43
0 141 51
0 141 54
0 141 78
0 141 91
0 141 227
0 142 1
0 142 12
0 142 43
0 142 49
0 142 56
0 142 61
0 142 71
0 142 90
0 142 98
0 142 103
0 142 105
0 142 121
0 142 219
0 143 65
0 143 68
0 143 97
0 143 132
0 143 307
0 144 52
0 144 86
0 144 88
0 144 95
0 144 102
0 144 151
0 144 202
0 144 227
0 144 288
0 145 25
0 145 32
0 145 51
0 145 67
0 145 73
0 145 101
0 145 122
0 145 125
0 145 139
0 145 296
0 145 304
0 146 8
0 146 79
0 146 93
0 146 96
0 146 127
0 146 157
0 146 174
0 147 1
0 147 25
0 147 27
0 147 33
0 147 43
0 147 82
0 147 114
0 147 154
0 147 173
0 147 255
0 147 347
0 148 7
0 148 23
0 148 30
0 148 47
0 148 51
0 148 87
0 148 110
0 148 124
0 148 130
0 148 144
0 148 223
0 148 231
0 148 306
0 149 5
0 149 33
0 149 48
0 149 49
0 149 54
0 149 65
0 149 68
0 149 71
0 149 86
0 149 91
0 149 92
0 149 124
0 149 140
0 149 141
0 149 142
0 149 217
0 150 7
0 150 39
0 150 40
0 150 48
0 150 87
0 150 130
0 150 170
0 151 79
0 151 107
0 151 125
0 151 142
0 151 155
0 151 171
0 151 218
0 152 6
0 152 9
0 152 21
0 152 24
0 152 48
0 152 67
0 152 72
0 152 104
0 152 134
0 153 9
0 153 26
0 153 42
0 153 69
0 153 79
0 153 81
0 153 94
0 153 116
0 153 135
0 153 143
0 153 170
0 153 339
0 154 10
0 154 16
0 154 20
0 154 28
0 154 45
0 154 47
0 154 62
0 154 74
0 154 94
0 154 106
0 154 117
0 154 168
0 154 326
0 155 63
0 155 66
0 155 94
0 155 110
0 155 113
0 155 134
0 155 151
0 155 169
0 155 263
0 155 300
0 156 6
0 156 29
0 156 34
0 156 54
0 156 67
0 156 74
0 156 98
0 156 144
0 156 321
0 157 8
0 157 9
0 157 16
0 157 63
0 157 104
0 157 108
0 157 143
0 157 163
0 158 23
0 158 27
0 158 37
0 158 49
0 158 66
0 158 109
0 158 180
0 158 300
0 159 65
0 159 79
0 159 124
0 159 125
0 159 134
0 159 162
0 159 277
0 159 309
0 160 42
0 160 57
0 160 92
0 160 113
0 160 125
0 160 147
0 160 168
0 161 6
0 161 10
0 161 50
0 161 75
0 161 92
0 161 102
0 161 117
0 161 155
0 161 313
0 161 314
0 162 4
0 162 6
0 162 7
0 162 23
0 162 101
0 162 107
0 162 110
0 162 129
0 162 137
0 162 153
0 162 155
0 162 300
0 163 14
0 163 16
0 163 28
0 163 51
0 163 55
0 163 135
0 163 138
0 163 147
0 163 169
0 163 170
0 164 5
0 164 6
0 164 29
0 164 37
0 164 46
0 164 59
0 164 66
0 164 77
0 164 84
0 164 93
0 164 96
0 164 136
0 164 137
0 164 195
0 164 208
0 165 51
0 165 90
0 165 95
0 165 117
0 165 130
0 165 153
0 165 160
0 165 165
0 165 222
0 166 3
0 166 13
0 166 58
0 166 60
0 166 73
0 166 121
0 166 125
0 166 128
0 166 159
0 166 172
0 166 177
0 167 12
0 167 47
0 167 63
0 167 113
0 167 114
0 167 116
0 167 128
0 167 166
0 167 237
0 167 291
0 167 300
0 167 325
0 167 339
0 168 11
0 168 22
0 168 84
0 168 110
0 168 169
0 168 172
0 169 23
0 169 43
0 169 101
0 169 127
0 169 128
0 169 134
0 169 170
0 169 191
0 169 242
0 170 40
0 170 81
0 170 90
0 170 108
0 170 134
0 170 148
0 170 159
0 170 197
0 171 18
0 171 76
0 171 79
0 171 107
0 171 128
0 171 161
0 171 165
0 171 185
0 172 11
0 172 19
0 172 55
0 172 76
0 172 95
0 172 120
0 172 123
0 172 145
0 172 171
0 173 10
0 173 16
0 173 49
0 173 97
0 173 269
0 173 286
0 173 318
0 173 334
0 173 346
0 174 6
0 174 172
0 174 180
0 174 213
0 174 316
0 174 337
0 174 350
0 175 139
0 175 167
0 175 172
0 175 194
0 175 231
0 175 239
0 175 255
0 175 298
0 176 348
0 177 37
0 178 83
0 178 192
0 178 202
0 178 222
0 178 224
0 178 251
0 178 289
0 178 340
0 179 216
0 179 287
0 179 309
0 179 334
0 180 175
0 180 178
0 180 252
0 180 271
0 181 162
0 181 193
0 181 214
0 181 229
0 181 344
0 182 59
0 182 61
0 182 145
0 182 159
0 182 191
0 182 217
0 183 208
0 183 249
0 183 256
0 183 353
0 184 160
0 184 315
0 184 334
0 185 46
0 185 187
0 185 194
0 185 251
0 185 279
0 185 296
0 186 74
0 186 199
0 186 271
0 186 339
0 187 20
0 187 162
0 187 181
0 187 232
0 187 257
0 187 331
0 187 344
0 188 32
0 188 198
0 188 205
0 188 261
0 188 273
0 188 278
0 188 311
0 189 47
0 189 139
0 189 268
0 189 297
0 189 323
0 190 23
0 190 196
0 190 213
0 191 75
0 191 191
0 191 220
0 191 221
0 191 239
0 191 285
0 192 222
0 192 255
0 192 284
0 192 295
0 193 186
0 193 353
0 194 47
0 194 251
0 194 331
0 195 45
0 195 220
0 195 255
0 195 333
0 196 203
0 196 254
0 196 268
0 196 304
0 196 314
0 196 332
0 197 46
0 197 196
0 197 325
0 197 337
0 198 190
0 198 248
0 198 354
0 199 13
0 199 131
0 199 212
0 199 227
0 200 36
0 200 63
0 200 177
0 200 250
0 201 174
0 201 278
0 201 295
0 201 333
0 202 58
0 202 85
0 202 183
0 202 193
0 202 282
0 202 306
0 203 193
0 203 196
0 204 195
0 204 200
0 204 281
0 204 288
0 204 294
0 205 19
0 205 57
0 205 71
0 205 284
0 205 350
0 206 140
0 206 214
0 206 261
0 206 297
0 206 320
0 206 329
0 207 212
0 207 261
0 207 266
0 207 303
0 207 309
0 207 348
0 208 115
0 208 237
0 209 142
0 209 150
0 209 237
0 209 239
0 210 90
0 210 268
0 211 144
0 211 184
0 211 209
0 211 217
0 211 336
0 211 338
0 212 322
0 213 5
0 213 57
0 213 289
0 213 328
0 214 70
0 214 184
0 214 194
0 214 198
0 214 207
0 214 221
0 214 272
0 215 49
0 215 192
0 215 241
0 215 300
0 216 84
0 216 353
0 217 117
0 217 166
0 217 343
0 218 183
0 218 248
0 218 319
0 218 334
0 219 317
0 220 54
0 220 90
0 220 170
0 221 173
0 221 258
0 221 319
0 222 2
0 222 116
0 222 132
0 222 147
0 222 149
0 222 183
0 222 228
0 222 320
0 223 161
0 223 307
0 223 328
0 223 337
0 223 342
0 224 13
0 224 223
0 224 303
0 224 308
0 225 173
0 225 248
0 225 304
0 226 32
0 226 200
0 226 224
0 226 227
0 226 241
0 226 267
0 226 282
0 227 237
0 227 270
0 227 293
0 227 294
0 228 47
0 228 80
0 228 196
0 228 271
0 228 289
0 228 303
0 228 351
0 229 163
0 229 201
0 229 274
0 229 308
0 229 348
0 230 26
0 230 42
0 230 141
0 230 212
0 230 213
0 230 305
0 230 311
0 230 347
0 231 83
0 231 188
0 231 189
0 231 225
0 231 250
0 231 280
0 231 309
0 231 317
0 232 36
0 232 118
0 232 219
0 232 224
0 232 250
0 232 303
0 232 304
0 232 352
0 232 354
0 233 211
0 233 256
0 233 284
0 234 72
0 234 96
0 234 112
0 234 218
0 234 233
0 234 259
0 234 354
0 235 8
0 235 92
0 235 173
0 235 211
0 235 228
0 235 235
0 235 253
0 235 297
0 235 332
0 235 349
0 235 351
0 236 189
0 236 231
0 236 238
0 237 45
0 237 150
0 237 159
0 237 192
0 237 244
0 237 256
0 238 118
0 238 223
0 238 278
0 238 303
0 239 59
0 239 270
0 239 323
0 240 58
0 240 111
0 240 120
0 240 124
0 240 196
0 240 221
0 240 288
0 240 326
0 241 98
0 241 157
0 241 186
0 241 262
0 241 264
0 241 316
0 242 192
0 242 240
0 242 247
0 242 300
0 242 304
0 242 353
0 243 188
0 243 203
0 243 216
0 243 217
0 243 264
0 243 341
0 244 124
0 244 181
0 244 276
0 244 301
0 244 329
0 244 330
0 245 180
0 245 217
0 245 260
0 245 279
0 245 287
0 246 65
0 246 132
0 246 173
0 246 241
0 246 261
0 246 315
0 247 199
0 247 243
0 247 316
0 247 332
0 247 336
0 248 22
0 248 45
0 248 71
0 248 226
0 249 13
0 249 141
0 249 229
0 249 257
0 250 81
0 250 237
0 250 316
0 250 345
0 251 147
0 251 183
0 251 189
0 251 246
0 251 281
0 251 287
0 251 290
0 251 305
0 252 267
0 252 273
0 252 297
0 253 32
0 253 46
0 253 79
0 253 173
0 253 218
0 253 233
0 254 64
0 254 70
0 254 190
0 254 304
0 254 318
0 255 3
0 255 80
0 255 164
0 255 179
0 255 220
0 255 288
0 255 330
0 256 66
0 256 184
0 256 194
0 256 227
0 256 235
0 256 255
0 256 322
0 256 335
0 257 73
0 257 176
0 257 278
0 258 36
0 258 124
0 258 285
0 258 304
0 258 347
0 258 349
0 259 132
0 259 271
0 259 278
0 259 305
0 260 165
0 260 244
0 260 271
0 261 68
0 261 222
0 261 272
0 261 280
0 261 295
0 262 120
0 262 181
0 262 212
0 262 215
0 262 236
0 262 265
0 262 287
0 262 312
0 263 7
0 263 90
0 263 232
0 263 234
0 263 242
0 264 21
0 264 79
0 264 210
0 265 183
0 265 274
0 265 279
0 265 283
0 266 117
0 266 176
0 266 299
0 266 321
0 267 59
0 267 115
0 267 204
0 267 231
0 267 266
0 267 277
0 267 343
0 268 43
0 268 71
0 268 135
0 268 144
0 268 230
0 269 222
0 270 164
0 270 230
0 270 243
0 270 259
0 270 286
0 271 54
0 271 203
0 271 261
0 271 294
0 272 192
0 272 208
0 272 271
0 272 318
0 273 87
0 273 119
0 273 246
0 273 262
0 274 147
0 274 154
0 274 168
0 274 169
0 274 185
0 274 204
0 274 271
0 274 274
0 274 339
0 275 233
0 275 258
0 275 260
0 275 289
0 276 140
0 276 215
0 276 238
0 276 317
0 276 340
0 277 217
0 277 352
0 278 37
0 278 239
0 279 173
0 279 197
0 279 265
0 279 338
0 280 211
0 280 269
0 280 271
0 280 324
0 281 259
0 281 283
0 282 181
0 282 259
0 282 295
0 282 332
0 283 49
0 283 98
0 283 181
0 283 194
0 283 309
0 284 18
0 284 170
0 284 179
0 284 198
0 284 225
0 284 234
0 284 280
0 284 292
0 284 306
0 284 339
0 285 29
0 285 142
0 285 231
0 285 263
0 285 305
0 286 141
0 287 129
0 287 188
0 287 278
0 288 16
0 288 191
0 288 212
0 288 225
0 288 239
0 288 346
0 288 348
0 289 65
0 289 72
0 289 254
0 289 303
0 289 329
0 290 202
0 290 274
0 290 336
0 291 229
0 291 236
0 291 344
0 292 7
0 292 199
0 292 285
0 293 136
0 293 167
0 293 247
0 293 275
0 293 277
0 293 342
0 294 74
0 294 261
0 294 321
0 294 323
0 295 342
0 295 351
0 296 198
0 296 200
0 296 228
0 296 254
0 296 258
0 296 276
0 296 316
0 296 346
0 297 17
0 297 234
0 297 236
0 297 349
0 298 18
0 298 130
0 298 143
0 298 225
0 298 230
0 298 250
0 298 318
0 299 210
0 299 232
0 299 290
0 300 6
0 300 49
0 300 142
0 300 259
0 300 278
0 300 288
0 301 14
0 301 130
0 301 186
0 301 205
0 301 207
0 301 211
0 301 260
0 301 327
0 302 110
0 302 247
0 302 273
0 302 274
0 302 284
0 303 250
0 303 251
0 303 255
0 303 260
0 304 249
0 304 304
0 304 346
0 305 122
0 305 240
0 305 249
0 305 277
0 306 80
0 306 210
0 306 258
0 306 266
0 306 304
0 307 193
0 307 270
0 308 175
0 308 326
0 309 33
0 309 232
0 309 240
0 309 249
0 309 324
0 310 103
0 310 190
0 310 229
0 310 286
0 311 198
0 311 228
0 311 230
0 311 325
0 312 17
0 312 79
0 312 213
0 312 214
0 312 228
0 312 311
0 312 348
0 313 189
0 313 262
0 313 324
0 314 193
0 314 286
0 314 335
0 315 15
0 315 216
0 315 233
0 315 248
0 315 262
0 315 284
0 315 303
0 316 169
0 316 266
0 316 269
0 316 304
0 316 305
0 317 172
0 317 186
0 317 230
0 317 241
0 317 322
0 317 344
0 318 84
0 318 150
0 318 250
0 318 278
0 318 291
0 319 135
0 319 283
0 319 292
0 320 71
0 320 152
0 320 209
0 320 213
0 320 241
0 320 246
0 320 317
0 321 243
0 322 54
0 322 176
0 322 205
0 322 240
0 322 243
0 322 244
0 323 159
0 323 175
0 323 245
0 323 315
0 324 214
0 324 270
0 324 322
0 325 24
0 325 76
0 325 87
0 325 109
0 325 172
0 325 312
0 326 71
0 326 237
0 326 254
0 326 286
0 326 295
0 326 352
0 327 104
0 327 139
0 327 201
0 327 211
0 327 313
0 327 318
0 327 326
0 327 349
0 327 355
0 328 77
0 328 104
0 328 152
0 328 214
0 328 235
0 328 243
0 329 3
0 329 251
0 329 288
0 329 289
0 329 339
0 330 98
0 330 205
0 330 263
0 330 267
0 330 338
0 331 38
0 331 48
0 331 133
0 331 174
0 331 257
0 331 317
0 331 351
0 332 110
0 332 280
0 332 318
0 332 352
0 333 122
0 333 161
0 333 184
0 333 247
0 333 258
0 333 311
0 334 192
0 334 204
0 334 232
0 334 250
0 334 281
0 334 296
0 334 332
0 334 351
0 335 226
0 335 316
0 335 354
0 336 14
0 336 64
0 336 111
0 336 207
0 336 263
0 336 304
0 336 313
0 337 88
0 337 303
0 337 320
0 338 36
0 338 185
0 339 13
0 339 18
0 339 166
0 339 259
0 339 262
0 339 290
0 340 185
0 340 204
0 340 265
0 340 301
0 340 309
0 341 98
0 341 199
0 341 342
0 342 106
0 342 185
0 343 77
0 343 114
0 343 233
0 343 247
0 343 302
0 343 354
0 344 50
0 344 126
0 344 173
0 344 226
0 344 243
0 344 254
0 344 263
0 344 284
0 344 296
0 345 96
0 345 255
0 345 258
0 345 266
0 346 75
0 346 230
0 346 247
0 346 351
0 347 1
0 347 4
0 347 143
0 347 262
0 347 299
0 347 301
0 347 318
0 348 222
0 348 269
0 348 316
0 349 240
0 349 254
0 349 262
0 349 337
0 349 342
0 349 352
0 350 199
0 350 224
0 350 280
0 350 327
0 352 210
0 352 213
0 352 260
0 352 313
0 353 8
0 353 179
0 354 98
0 354 99
0 354 325
0 355 182
0 355 230
1 0 45
1 0 74
1 0 91
1 0 110
1 0 250
1 1 6
1 1 15
1 1 58
1 1 82
1 1 87
1 1 108
1 1 147
1 1 160
1 1 164
1 1 282
1 2 13
1 2 15
1 2 62
1 2 77
1 2 128
1 2 168
1 2 172
1 2 274
1 3 13
1 3 17
1 3 42
1 3 50
1 3 74
1 3 91
1 3 164
1 3 326
1 4 18
1 4 118
1 4 171
1 4 322
1 5 25
1 5 34
1 5 37
1 5 50
1 5 58
1 5 82
1 5 140
1 5 239
1 6 38
1 6 84
1 6 131
1 6 219
1 6 313
1 7 21
1 7 50
1 7 58
1 7 112
1 7 114
1 7 137
1 7 142
1 7 191
1 7 209
1 7 263
1 7 335
1 8 25
1 8 27
1 8 102
1 8 109
1 8 130
1 8 136
1 8 155
1 8 158
1 8 172
1 8 201
1 9 17
1 9 33
1 9 37
1 9 45
1 9 49
1 9 60
1 9 71
1 9 82
1 9 93
1 9 119
1 9 151
1 9 345
1 10 1
1 10 8
1 10 45
1 10 50
1 10 69
1 10 91
1 10 157
1 10 158
1 10 169
1 10 237
1 10 328
1 11 12
1 11 38
1 11 40
1 11 92
1 11 97
1 11 98
1 11 101
1 11 120
1 11 322
1 12 14
1 12 29
1 12 84
1 12 99
1 12 135
1 12 165
1 13 18
1 13 36
1 13 100
1 13 106
1 13 125
1 13 130
1 13 145
1 13 171
1 13 329
1 14 10
1 14 14
1 14 29
1 14 31
1 14 35
1 14 87
1 14 95
1 14 294
1 15 11
1 15 22
1 15 25
1 15 54
1 15 70
1 15 78
1 15 88
1 15 106
1 15 151
1 15 162
1 15 173
1 15 211
1 15 260
1 16 6
1 16 16
1 16 53
1 16 71
1 16 74
1 16 221
1 16 268
1 17 61
1 17 85
1 17 102
1 17 106
1 17 111
1 17 125
1 17 134
1 17 158
1 18 0
1 18 30
1 18 65
1 18 98
1 18 108
1 18 122
1 18 131
1 18 147
1 18 153
1 18 238
1 19 21
1 19 50
1 19 78
1 19 83
1 19 85
1 19 102
1 19 112
1 19 135
1 19 160
1 19 316
1 20 47
1 20 49
1 20 76
1 20 90
1 20 123
1 20 140
1 21 54
1 21 102
1 21 118
1 21 129
1 21 163
1 21 220
1 21 230
1 22 38
1 22 83
1 22 86
1 22 125
1 23 15
1 23 20
1 23 31
1 23 35
1 23 46
1 23 55
1 23 91
1 23 93
1 23 123
1 23 143
1 23 164
1 23 223
1 24 7
1 24 35
1 24 54
1 24 61
1 24 67
1 24 72
1 24 90
1 24 114
1 24 171
1 25 21
1 25 33
1 25 40
1 25 42
1 25 43
1 25 91
1 25 146
1 25 164
1 26 10
1 26 24
1 26 46
1 26 56
1 26 61
1 26 123
1 26 130
1 26 155
1 26 161
1 26 163
1 26 233
1 27 8
1 27 23
1 27 45
1 27 53
1 27 112
1 27 128
1 27 131
1 27 142
1 27 147
1 27 168
1 27 169
1 27 294
1 28 13
1 28 68
1 28 93
1 28 104
1 28 108
1 28 129
1 28 148
1 28 193
1 29 17
1 29 34
1 29 64
1 29 111
1 29 126
1 29 134
1 29 137
1 29 163
1 29 217
1 30 8
1 30 9
1 30 52
1 30 68
1 30 87
1 30 111
1 30 124
1 30 132
1 30 158
1 30 306
1 31 36
1 31 44
1 31 79
1 31 82
1 31 103
1 31 106
1 31 121
1 31 124
1 31 127
1 31 146
1 31 154
1 31 224
1 31 230
1 32 7
1 32 22
1 32 34
1 32 54
1 32 66
1 32 72
1 32 126
1 32 134
1 32 152
1 32 156
1 32 164
1 32 165
1 32 169
1 32 171
1 32 341
1 33 32
1 33 49
1 33 65
1 33 68
1 33 72
1 33 84
1 33 86
1 33 120
1 33 123
1 33 148
1 33 151
1 33 159
1 33 298
1 34 19
1 34 50
1 34 69
1 34 149
1 34 160
1 34 230
1 35 51
1 35 105
1 35 109
1 35 112
1 35 122
1 35 126
1 35 160
1 35 238
1 36 62
1 36 88
1 36 93
1 36 130
1 36 232
1 36 260
1 37 24
1 37 33
1 37 90
1 37 149
1 37 158
1 37 161
1 37 342
1 38 3
1 38 18
1 38 22
1 38 34
1 38 50
1 38 77
1 38 87
1 38 94
1 38 139
1 38 171
1 38 217
1 38 355
1 39 49
1 39 54
1 39 94
1 39 105
1 39 146
1 39 168
1 39 320
1 39 334
1 40 22
1 40 51
1 40 77
1 40 87
1 40 92
1 40 173
1 40 204
1 40 319
1 41 19
1 41 54
1 41 74
1 41 132
1 41 147
1 41 155
1 41 170
1 42 6
1 42 35
1 42 36
1 42 58
1 42 135
1 42 152
1 42 169
1 43 18
1 43 27
1 43 60
1 43 79
1 43 86
1 43 91
1 43 94
1 43 120
1 43 135
1 43 141
1 43 145
1 43 150
1 43 283
1 44 9
1 44 107
1 44 142
1 44 224
1 44 321
1 45 24
1 45 39
1 45 49
1 45 92
1 45 98
1 45 104
1 45 119
1 45 121
1 45 132
1 45 145
1 45 173
1 45 355
1 46 9
1 46 26
1 46 29
1 46 49
1 46 84
1 46 87
1 46 101
1 46 149
1 47 0
1 47 6
1 47 10
1 47 15
1 47 17
1 47 85
1 47 101
1 47 118
1 47 119
1 47 153
1 48 4
1 48 75
1 48 85
1 48 89
1 48 106
1 48 110
1 48 135
1 48 225
1 48 279
1 48 353
1 49 21
1 49 24
1 49 33
1 49 71
1 49 92
1 49 165
1 49 171
1 49 285
1 49 303
1 50 0
1 50 7
1 50 35
1 50 38
1 50 45
1 50 53
1 50 58
1 50 75
1 50 95
1 50 102
1 50 126
1 50 128
1 50 140
1 50 148
1 51 11
1 51 18
1 51 23
1 51 119
1 51 131
1 51 159
1 51 164
1 51 165
1 51 331
1 52 7
1 52 17
1 52 18
1 52 51
1 52 88
1 52 91
1 52 94
1 52 127
1 52 141
1 52 143
1 52 158
1 52 166
1 53 6
1 53 8
1 53 40
1 53 45
1 53 48
1 53 51
1 53 83
1 53 105
1 53 113
1 54 11
1 54 29
1 54 38
1 54 43
1 54 71
1 54 77
1 54 95
1 54 135
1 54 147
1 54 212
1 54 261
1 54 309
1 55 6
1 55 11
1 55 24
1 55 26
1 55 68
1 55 69
1 55 91
1 55 109
1 55 146
1 55 156
1 55 172
1 56 47
1 56 59
1 56 84
1 56 136
1 56 143
1 56 155
1 56 243
1 57 69
1 57 81
1 57 106
1 57 115
1 57 124
1 57 169
1 57 280
1 58 19
1 58 47
1 58 48
1 58 69
1 58 73
1 58 77
1 58 82
1 58 83
1 58 102
1 58 110
1 58 150
1 58 152
1 58 250
1 59 48
1 59 63
1 59 68
1 59 74
1 59 162
1 59 166
1 59 214
1 59 316
1 60 10
1 60 49
1 60 101
1 60 130
1 60 167
1 60 172
1 60 248
1 61 32
1 61 39
1 61 65
1 61 78
1 61 100
1 61 139
1 61 163
1 61 352
1 62 10
1 62 54
1 62 56
1 62 73
1 62 104
1 62 112
1 62 115
1 62 127
1 62 166
1 62 298
1 63 16
1 63 42
1 63 45
1 63 61
1 63 70
1 63 91
1 63 119
1 63 179
1 63 217
1 64 2
1 64 7
1 64 13
1 64 44
1 64 53
1 64 73
1 64 74
1 64 81
1 64 87
1 64 110
1 64 123
1 64 129
1 64 138
1 65 10
1 65 27
1 65 41
1 65 42
1 65 44
1 65 84
1 65 89
1 65 109
1 65 118
1 65 146
1 65 152
1 65 203
1 66 6
1 66 74
1 66 116
1 66 118
1 66 122
1 66 136
1 66 142
1 66 163
1 67 7
1 67 27
1 67 43
1 67 67
1 67 80
1 67 94
1 67 152
1 67 154
1 67 168
1 67 272
1 68 5
1 68 34
1 68 57
1 68 67
1 68 84
1 68 122
1 68 173
1 69 10
1 69 20
1 69 35
1 69 95
1 69 107
1 69 142
1 69 144
1 69 146
1 69 193
1 70 2
1 70 15
1 70 17
1 70 48
1 70 72
1 70 99
1 70 169
1 70 348
1 71 4
1 71 68
1 71 94
1 71 99
1 71 108
1 71 112
1 71 128
1 71 129
1 71 148
1 71 169
1 72 5
1 72 48
1 72 65
1 72 67
1 72 88
1 72 89
1 72 94
1 72 123
1 72 154
1 72 170
1 73 53
1 73 56
1 73 81
1 73 89
1 73 119
1 73 155
1 73 157
1 73 193
1 73 223
1 73 229
1 73 236
1 73 241
1 74 4
1 74 47
1 74 51
1 74 72
1 74 159
1 74 169
1 74 312
1 74 342
1 75 14
1 75 31
1 75 40
1 75 80
1 75 95
1 75 116
1 76 10
1 76 18
1 76 45
1 76 82
1 76 131
1 76 254
1 76 320
1 77 3
1 77 37
1 77 59
1 77 283
1 78 20
1 78 43
1 78 53
1 78 56
1 78 79
1 78 83
1 78 101
1 78 112
1 78 134
1 78 148
1 78 167
1 78 228
1 78 297
1 79 8
1 79 28
1 79 38
1 79 43
1 79 69
1 79 123
1 79 129
1 79 133
1 79 156
1 79 161
1 79 319
1 80 17
1 80 51
1 80 70
1 80 108
1 80 111
1 80 118
1 80 149
1 80 285
1 80 308
1 81 74
1 81 125
1 81 166
1 82 59
1 82 75
1 82 114
1 82 159
1 82 171
1 82 198
1 83 19
1 83 20
1 83 24
1 83 42
1 83 62
1 83 69
1 83 117
1 83 146
1 83 157
1 83 171
1 83 299
1 84 15
1 84 25
1 84 26
1 84 33
1 84 93
1 84 104
1 84 107
1 84 116
1 84 141
1 84 172
1 84 208
1 85 17
1 85 21
1 85 38
1 85 43
1 85 63
1 85 95
1 85 113
1 85 121
1 85 178
1 86 8
1 86 18
1 86 38
1 86 46
1 86 96
1 86 121
1 86 153
1 86 164
1 86 166
1 86 167
1 87 30
1 87 33
1 87 38
1 87 63
1 87 92
1 87 107
1 87 121
1 87 164
1 87 166
1 88 10
1 88 21
1 88 28
1 88 31
1 88 62
1 88 99
1 88 100
1 88 104
1 88 106
1 88 153
1 88 166
1 88 341
1 89 17
1 89 42
1 89 54
1 89 84
1 89 94
1 89 130
1 89 145
1 89 163
1 89 169
1 90 7
1 90 40
1 90 42
1 90 57
1 90 77
1 90 80
1 90 108
1 91 19
1 91 53
1 91 54
1 91 69
1 91 71
1 91 82
1 91 111
1 91 128
1 91 134
1 91 143
1 91 144
1 91 335
1 92 39
1 92 99
1 92 107
1 92 111
1 92 116
1 92 161
1 92 169
1 92 290
1 92 304
1 93 72
1 93 109
1 93 113
1 93 152
1 93 159
1 93 173
1 94 115
1 94 130
1 94 161
1 94 165
1 94 167
1 95 10
1 95 13
1 95 29
1 95 41
1 95 81
1 95 104
1 95 120
1 95 149
1 95 162
1 95 229
1 95 295
1 96 29
1 96 38
1 96 54
1 96 75
1 96 76
1 96 87
1 96 97
1 96 103
1 96 135
1 96 260
1 96 262
1 96 337
1 97 50
1 97 55
1 97 105
1 97 143
1 97 165
1 97 169
1 98 8
1 98 68
1 98 74
1 98 98
1 98 104
1 98 109
1 98 145
1 98 156
1 99 47
1 99 127
1 99 199
1 100 0
1 100 22
1 100 51
1 100 52
1 100 90
1 100 115
1 100 121
1 101 13
1 101 70
1 101 71
1 101 116
1 101 154
1 101 164
1 101 173
1 101 185
1 102 7
1 102 33
1 102 45
1 102 96
1 102 111
1 102 134
1 102 139
1 102 141
1 102 144
1 102 156
1 102 167
1 102 170
1 102 321
1 102 347
1 103 5
1 103 24
1 103 76
1 103 78
1 103 111
1 103 118
1 103 123
1 103 224
1 103 226
1 103 305
1 104 5
1 104 27
1 104 50
1 104 52
1 104 138
1 104 143
1 104 154
1 104 199
1 105 15
1 105 79
1 105 86
1 105 88
1 105 119
1 105 144
1 105 163
1 105 284
1 106 10
1 106 122
1 106 142
1 106 186
1 106 326
1 107 10
1 107 16
1 107 34
1 107 39
1 107 62
1 107 92
1 107 93
1 107 108
1 107 143
1 107 157
1 107 167
1 107 177
1 108 24
1 108 110
1 108 111
1 108 113
1 108 161
1 108 220
1 109 33
1 109 69
1 109 91
1 109 109
1 109 163
1 109 172
1 109 190
1 109 346
1 110 22
1 110 29
1 110 41
1 110 49
1 110 77
1 110 79
1 110 91
1 110 113
1 110 128
1 110 130
1 110 181
1 111 31
1 111 35
1 111 44
1 111 46
1 111 56
1 111 59
1 111 72
1 111 115
1 111 206
1 111 337
1 112 31
1 112 34
1 112 49
1 112 54
1 112 86
1 112 107
1 112 129
1 112 232
1 112 257
1 112 346
1 113 40
1 113 142
1 113 312
1 114 7
1 114 54
1 114 93
1 114 100
1 114 109
1 114 137
1 114 166
1 114 304
1 114 342
1 115 43
1 115 51
1 115 52
1 115 60
1 115 63
1 115 68
1 115 74
1 115 91
1 115 126
1 115 145
1 115 171
1 116 76
1 116 78
1 116 80
1 116 98
1 116 106
1 116 107
1 116 335
1 117 5
1 117 15
1 117 39
1 117 43
1 117 49
1 117 56
1 117 76
1 117 92
1 117 122
1 117 147
1 118 14
1 118 36
1 118 90
1 118 106
1 118 108
1 118 125
1 118 134
1 118 348
1 119 51
1 119 163
1 120 3
1 120 42
1 120 43
1 120 71
1 120 80
1 120 107
1 120 144
1 120 159
1 121 13
1 121 21
1 121 126
1 121 135
1 121 141
1 121 162
1 121 253
1 122 65
1 122 130
1 122 193
1 122 253
1 123 5
1 123 11
1 123 27
1 123 55
1 123 106
1 123 122
1 123 134
1 124 29
1 124 76
1 124 78
1 124 88
1 124 95
1 124 136
1 124 141
1 124 167
1 125 3
1 125 51
1 125 56
1 125 70
1 125 77
1 125 105
1 125 110
1 125 122
1 125 166
1 125 191
1 125 274
1 125 299
1 126 19
1 126 56
1 126 91
1 126 92
1 126 94
1 126 96
1 126 103
1 126 117
1 126 122
1 126 140
1 127 93
1 127 114
1 127 132
1 127 156
1 127 162
1 127 236
1 128 16
1 128 19
1 128 51
1 128 60
1 128 68
1 128 111
1 128 171
1 129 35
1 129 40
1 129 53
1 129 55
1 129 70
1 129 135
1 129 156
1 129 161
1 129 189
1 129 274
1 130 47
1 130 54
1 130 71
1 130 78
1 130 95
1 130 117
1 130 135
1 130 138
1 130 164
1 130 169
1 131 4
1 131 17
1 131 37
1 131 61
1 131 114
1 131 200
1 131 302
1 132 4
1 132 93
1 132 107
1 132 116
1 132 143
1 132 149
1 132 328
1 133 8
1 133 32
1 133 45
1 133 80
1 133 85
1 133 117
1 133 119
1 133 120
1 133 188
1 133 219
1 133 251
1 134 3
1 134 14
1 134 26
1 134 31
1 134 106
1 134 107
1 134 110
1 134 118
1 134 121
1 134 128
1 134 135
1 134 167
1 135 10
1 135 71
1 135 91
1 135 108
1 135 113
1 135 126
1 135 290
1 136 51
1 136 57
1 136 80
1 136 92
1 136 94
1 136 103
1 136 121
1 136 145
1 136 211
1 136 347
1 137 36
1 137 44
1 137 106
1 137 122
1 137 129
1 137 131
1 137 143
1 137 146
1 137 148
1 137 169
1 137 172
1 137 191
1 137 214
1 138 18
1 138 26
1 138 70
1 138 131
1 139 39
1 139 45
1 139 76
1 139 132
1 139 145
1 139 184
1 139 226
1 140 6
1 140 28
1 140 42
1 140 70
1 140 114
1 140 252
1 141 0
1 141 4
1 141 43
1 141 65
1 141 87
1 141 90
1 141 95
1 141 104
1 141 146
1 141 148
1 141 153
1 141 156
1 141 165
1 141 247
1 142 1
1 142 3
1 142 25
1 142 30
1 142 68
1 142 79
1 142 134
1 142 152
1 142 163
1 143 15
1 143 19
1 143 24
1 143 31
1 143 48
1 143 60
1 143 99
1 143 115
1 143 160
1 144 1
1 144 13
1 144 43
1 144 52
1 144 57
1 144 59
1 144 68
1 144 75
1 144 77
1 144 92
1 144 113
1 144 138
1 144 146
1 144 167
1 144 324
1 144 343
1 145 8
1 145 14
1 145 85
1 145 92
1 145 102
1 145 122
1 145 139
1 145 243
1 146 40
1 146 63
1 146 72
1 146 81
1 146 103
1 146 106
1 146 163
1 146 170
1 146 273
1 146 286
1 147 33
1 147 39
1 147 285
1 147 350
1 148 28
1 148 49
1 148 74
1 148 151
1 149 13
1 149 19
1 149 43
1 149 50
1 149 72
1 149 92
1 149 94
1 149 104
1 149 115
1 149 153
1 149 163
1 149 171
1 149 256
1 149 349
1 149 356
1 150 14
1 150 17
1 150 23
1 150 26
1 150 79
1 150 90
1 150 103
1 150 127
1 150 136
1 150 332
1 151 5
1 151 43
1 151 62
1 151 85
1 151 98
1 151 119
1 151 123
1 151 172
1 151 194
1 151 291
1 152 2
1 152 39
1 152 40
1 152 51
1 152 66
1 152 79
1 152 80
1 152 121
1 152 140
1 152 161
1 152 167
1 152 225
1 152 345
1 153 9
1 153 93
1 153 100
1 153 104
1 153 111
1 153 124
1 153 141
1 153 143
1 153 349
1 154 22
1 154 24
1 154 56
1 154 77
1 154 81
1 154 83
1 154 84
1 154 233
1 155 8
1 155 27
1 155 76
1 155 77
1 155 132
1 155 149
1 155 161
1 155 162
1 156 0
1 156 22
1 156 30
1 156 37
1 156 49
1 156 72
1 156 109
1 156 138
1 157 0
1 157 6
1 157 9
1 157 13
1 157 44
1 157 56
1 157 62
1 157 78
1 157 92
1 157 102
1 157 122
1 157 123
1 157 127
1 157 149
1 157 182
1 157 268
1 158 24
1 158 44
1 158 65
1 158 68
1 158 73
1 158 76
1 158 90
1 158 100
1 158 109
1 158 126
1 158 154
1 158 174
1 158 203
1 159 19
1 159 73
1 159 76
1 159 140
1 159 156
1 159 273
1 160 18
1 160 24
1 160 40
1 160 68
1 160 95
1 160 108
1 160 140
1 160 156
1 160 160
1 160 330
1 161 13
1 161 36
1 161 53
1 161 65
1 161 66
1 161 78
1 161 108
1 161 120
1 161 161
1 161 180
1 162 19
1 162 47
1 162 51
1 162 89
1 162 109
1 162 118
1 162 125
1 162 142
1 163 48
1 163 88
1 163 110
1 163 116
1 163 123
1 164 36
1 164 43
1 164 59
1 164 79
1 164 86
1 164 87
1 164 115
1 164 126
1 164 155
1 165 20
1 165 71
1 165 72
1 165 165
1 165 274
1 165 291
1 166 75
1 166 82
1 166 94
1 166 157
1 166 320
1 167 26
1 167 34
1 167 40
1 167 50
1 167 63
1 167 75
1 167 91
1 167 103
1 167 112
1 167 137
1 167 139
1 167 158
1 167 161
1 167 170
1 167 263
1 167 264
1 168 45
1 168 67
1 168 70
1 168 88
1 168 163
1 168 169
1 168 285
1 169 4
1 169 13
1 169 56
1 169 63
1 169 77
1 169 162
1 169 292
1 170 9
1 170 22
1 170 37
1 170 65
1 170 111
1 170 143
1 170 146
1 170 169
1 170 198
1 170 349
1 171 4
1 171 9
1 171 12
1 171 27
1 171 38
1 171 39
1 171 78
1 171 102
1 171 116
1 171 122
1 171 159
1 171 168
1 172 46
1 172 146
1 173 67
1 173 160
1 173 181
1 173 206
1 173 220
1 173 231
1 173 236
1 173 253
1 173 350
1 174 282
1 175 22
1 175 57
1 175 121
1 175 185
1 175 293
1 175 297
1 176 130
1 176 208
1 176 217
1 176 224
1 176 355
1 177 1
1 177 87
1 177 184
1 177 188
1 177 208
1 177 278
1 177 280
1 177 320
1 177 333
1 177 338
1 177 350
1 179 2
1 179 25
1 179 64
1 179 264
1 179 288
1 180 142
1 180 188
1 180 222
1 180 260
1 180 267
1 180 285
1 181 226
1 181 239
1 181 249
1 181 267
1 181 290
1 181 323
1 182 131
1 182 210
1 182 249
1 182 288
1 182 291
1 182 318
1 183 22
1 183 62
1 183 129
1 183 176
1 183 195
1 183 348
1 183 351
1 184 66
1 184 204
1 184 222
1 184 292
1 185 285
1 185 290
1 185 333
1 186 217
1 186 242
1 186 328
1 187 16
1 187 125
1 187 189
1 187 211
1 187 250
1 187 351
1 188 43
1 188 72
1 188 110
1 188 136
1 188 173
1 188 240
1 188 264
1 188 342
1 188 343
1 189 234
1 189 252
1 189 346
1 190 24
1 190 193
1 190 227
1 190 229
1 190 291
1 191 63
1 191 88
1 191 186
1 191 244
1 191 299
1 191 315
1 191 339
1 192 24
1 192 112
1 192 139
1 192 256
1 193 8
1 193 10
1 193 146
1 193 215
1 193 229
1 193 263
1 193 295
1 193 320
1 194 213
1 194 334
1 195 42
1 195 195
1 195 200
1 195 202
1 195 284
1 196 43
1 196 80
1 196 198
1 196 333
1 197 101
1 197 181
1 197 195
1 197 214
1 197 220
1 197 230
1 197 241
1 197 272
1 197 276
1 197 296
1 197 332
1 198 22
1 198 179
1 198 184
1 198 250
1 198 342
1 199 200
1 199 254
1 199 347
1 200 131
1 200 143
1 200 190
1 200 212
1 200 251
1 200 278
1 201 180
1 201 243
1 201 289
1 201 292
1 202 95
1 202 316
1 203 31
1 203 54
1 203 195
1 203 290
1 203 337
1 204 266
1 204 311
1 205 109
1 205 136
1 205 180
1 205 211
1 206 281
1 206 289
1 206 292
1 207 0
1 207 102
1 207 149
1 207 178
1 207 180
1 207 288
1 207 332
1 207 351
1 208 188
1 209 122
1 209 187
1 209 195
1 209 209
1 209 259
1 209 333
1 210 132
1 210 187
1 210 226
1 210 273
1 210 341
1 210 353
1 211 198
1 211 259
1 211 265
1 211 286
1 211 332
1 212 249
1 212 306
1 213 64
1 213 131
1 213 136
1 213 190
1 213 197
1 213 209
1 213 280
1 213 337
1 214 104
1 214 187
1 214 215
1 214 235
1 214 243
1 214 244
1 214 246
1 214 356
1 215 160
1 215 223
1 215 228
1 215 349
1 216 90
1 216 162
1 216 203
1 216 227
1 216 243
1 216 263
1 216 264
1 216 292
1 217 200
1 217 212
1 218 81
1 218 281
1 218 297
1 218 304
1 219 169
1 219 203
1 219 236
1 219 277
1 219 307
1 219 335
1 220 0
1 220 190
1 220 248
1 221 8
1 221 184
1 221 289
1 221 303
1 222 89
1 222 184
1 222 226
1 222 230
1 222 261
1 222 329
1 223 142
1 223 177
1 223 206
1 223 335
1 224 41
1 224 217
1 224 234
1 224 272
1 224 313
1 225 17
1 225 78
1 225 151
1 225 201
1 225 213
1 225 285
1 226 168
1 226 186
1 226 292
1 227 276
1 228 69
1 228 139
1 228 184
1 228 208
1 228 213
1 228 309
1 229 226
1 230 241
1 230 287
1 230 304
1 231 14
1 231 41
1 231 209
1 231 302
1 231 324
1 232 177
1 232 268
1 233 13
1 233 277
1 233 296
1 234 34
1 234 47
1 234 58
1 234 115
1 234 181
1 234 200
1 234 254
1 234 267
1 234 271
1 234 357
1 235 180
1 235 203
1 235 217
1 235 313
1 236 5
1 236 26
1 236 47
1 236 89
1 236 202
1 236 230
1 237 123
1 237 162
1 237 197
1 237 200
1 237 227
1 238 85
1 238 186
1 238 277
1 238 304
1 238 325
1 239 3
1 239 50
1 239 195
1 239 223
1 239 322
1 239 348
1 240 34
1 240 62
1 240 188
1 240 217
1 240 304
1 240 319
1 241 9
1 241 138
1 241 190
1 241 198
1 241 216
1 241 275
1 241 349
1 242 179
1 242 234
1 242 259
1 242 262
1 242 301
1 243 57
1 243 205
1 243 248
1 243 306
1 243 313
1 243 332
1 244 185
1 244 188
1 244 223
1 244 233
1 244 270
1 244 302
1 245 17
1 245 216
1 245 283
1 245 336
1 246 12
1 246 146
1 246 237
1 246 274
1 247 211
1 247 322
1 247 343
1 248 4
1 248 46
1 248 112
1 248 159
1 248 175
1 248 202
1 248 234
1 248 249
1 248 261
1 248 339
1 248 349
1 249 217
1 249 225
1 249 334
1 250 12
1 250 118
1 250 224
1 250 267
1 250 309
1 251 177
1 251 213
1 251 220
1 251 236
1 251 345
1 252 144
1 252 189
1 252 236
1 252 254
1 252 258
1 252 285
1 253 300
1 253 320
1 253 333
1 254 186
1 254 202
1 254 207
1 254 217
1 254 234
1 254 309
1 254 328
1 255 227
1 255 240
1 255 245
1 255 264
1 255 282
1 255 354
1 256 13
1 256 85
1 256 219
1 256 221
1 256 230
1 256 259
1 257 19
1 257 180
1 257 263
1 257 294
1 258 120
1 258 179
1 258 181
1 258 186
1 258 225
1 258 254
1 258 317
1 259 204
1 259 206
1 259 211
1 259 279
1 260 124
1 260 213
1 260 247
1 260 251
1 260 317
1 260 344
1 261 140
1 261 195
1 261 329
1 261 349
1 262 39
1 262 91
1 262 121
1 262 145
1 262 164
1 262 314
1 262 353
1 263 223
1 263 287
1 263 320
1 264 179
1 264 239
1 264 254
1 264 297
1 264 322
1 264 345
1 265 151
1 265 210
1 265 274
1 265 338
1 266 100
1 266 255
1 266 341
1 267 43
1 267 192
1 267 195
1 267 272
1 267 326
1 267 332
1 267 347
1 268 65
1 269 8
1 269 266
1 269 290
1 269 299
1 270 191
1 270 192
1 270 217
1 270 244
1 270 325
1 271 201
1 271 341
1 272 6
1 272 308
1 272 347
1 273 57
1 273 167
1 273 201
1 273 207
1 273 246
1 273 268
1 273 290
1 273 344
1 274 33
1 274 243
1 274 296
1 275 224
1 275 242
1 275 245
1 275 250
1 275 336
1 276 19
1 276 97
1 276 116
1 276 146
1 276 272
1 276 301
1 276 329
1 277 114
1 277 224
1 277 264
1 277 342
1 278 86
1 278 176
1 278 267
1 278 343
1 279 203
1 279 259
1 279 265
1 279 280
1 279 330
1 279 331
1 279 342
1 280 30
1 280 177
1 280 229
1 280 272
1 280 287
1 281 44
1 281 58
1 281 184
1 281 289
1 281 310
1 282 113
1 282 134
1 282 192
1 282 288
1 282 356
1 283 34
1 284 87
1 284 241
1 284 246
1 284 296
1 285 3
1 285 49
1 285 187
1 285 311
1 286 13
1 286 191
1 286 249
1 286 256
1 286 264
1 286 340
1 287 3
1 287 136
1 287 175
1 287 187
1 287 194
1 287 203
1 287 289
1 287 323
1 288 191
1 288 274
1 288 330
1 290 220
1 290 238
1 290 239
1 290 308
1 291 303
1 292 48
1 292 81
1 292 357
1 293 171
1 293 209
1 293 271
1 293 304
1 293 337
1 293 342
1 293 349
1 294 118
1 294 133
1 294 246
1 294 254
1 295 37
1 295 178
1 295 196
1 295 225
1 295 234
1 296 81
1 296 180
1 296 300
1 296 313
1 296 336
1 297 38
1 297 253
1 297 303
1 298 53
1 298 214
1 298 232
1 299 70
1 299 176
1 299 186
1 299 302
1 299 316
1 299 332
1 299 333
1 299 337
1 300 42
1 300 133
1 300 195
1 300 283
1 301 219
1 301 246
1 301 261
1 301 315
1 302 200
1 302 230
1 302 241
1 302 334
1 302 340
1 302 350
1 303 23
1 303 180
1 303 218
1 303 278
1 303 347
1 304 115
1 304 197
1 304 225
1 304 232
1 305 116
1 305 145
1 305 226
1 305 343
1 306 51
1 306 222
1 306 336
1 307 19
1 307 119
1 307 164
1 307 208
1 307 338
1 308 63
1 308 303
1 309 2
1 309 91
1 309 201
1 309 295
1 310 38
1 310 294
1 310 316
1 311 130
1 311 205
1 311 242
1 311 272
1 311 296
1 311 312
1 312 13
1 312 187
1 312 200
1 312 230
1 312 257
1 312 291
1 312 302
1 312 346
1 313 51
1 313 249
1 313 253
1 313 308
1 313 345
1 314 4
1 314 86
1 314 105
1 314 184
1 314 233
1 314 237
1 314 283
1 314 304
1 315 81
1 315 189
1 315 248
1 315 332
1 316 71
1 316 183
1 316 208
1 316 212
1 316 244
1 316 289
1 317 90
1 317 127
1 317 176
1 317 192
1 317 259
1 317 351
1 317 352
1 318 60
1 318 153
1 318 191
1 318 196
1 318 261
1 318 293
1 319 61
1 319 185
1 319 186
1 319 203
1 319 291
1 319 298
1 319 338
1 320 131
1 320 198
1 320 216
1 320 245
1 320 318
1 320 350
1 321 257
1 321 318
1 322 12
1 322 35
1 322 246
1 322 283
1 322 287
1 322 299
1 322 302
1 322 334
1 322 351
1 323 204
1 323 232
1 323 339
1 324 72
1 324 76
1 324 86
1 324 141
1 324 200
1 324 207
1 324 239
1 324 336
1 325 41
1 325 132
1 325 280
1 325 281
1 325 323
1 326 117
1 326 196
1 326 198
1 326 310
1 326 321
1 326 325
1 327 85
1 327 189
1 327 228
1 327 254
1 327 259
1 328 46
1 328 174
1 328 185
1 328 211
1 328 303
1 329 201
1 329 264
1 329 269
1 329 326
1 330 149
1 330 198
1 330 222
1 330 230
1 330 330
1 331 15
1 331 149
1 331 166
1 331 346
1 332 41
1 332 172
1 332 189
1 332 219
1 333 95
1 333 97
1 333 257
1 333 267
1 333 303
1 333 350
1 333 352
1 334 204
1 334 232
1 334 336
1 334 353
1 335 57
1 335 65
1 335 283
1 336 242
1 337 177
1 337 260
1 337 318
1 338 17
1 338 220
1 338 302
1 338 303
1 338 311
1 339 183
1 339 259
1 339 264
1 340 175
1 340 243
1 340 247
1 340 315
1 341 52
1 341 148
1 341 301
1 342 159
1 342 219
1 342 256
1 342 273
1 342 298
1 342 299
1 342 342
1 343 78
1 343 108
1 343 197
1 343 198
1 343 208
1 343 232
1 343 268
1 343 308
1 344 55
1 344 139
1 344 189
1 344 212
1 344 235
1 345 89
1 345 117
1 345 118
1 345 271
1 345 356
1 346 192
1 346 255
1 346 299
1 346 349
1 347 107
1 347 127
1 347 223
1 347 321
1 347 327
1 347 334
1 348 279
1 349 34
1 349 95
1 349 181
1 349 226
1 350 100
1 350 229
1 350 287
1 350 336
1 351 272
1 352 70
1 352 138
1 352 209
1 352 215
1 352 266
1 352 285
1 352 317
1 352 330
1 352 336
1 352 356
1 352 357
1 353 17
1 353 143
1 353 313
1 354 138
1 354 203
1 354 258
1 354 304
1 354 333
1 355 39
1 355 258
2 0 2
2 0 4
2 0 53
2 0 77
2 0 96
2 0 124
2 0 144
2 0 145
2 0 148
2 0 154
2 0 162
2 0 184
2 1 0
2 1 43
2 1 53
2 1 65
2 1 75
2 1 87
2 1 99
2 1 127
2 1 130
2 1 169
2 1 219
2 2 0
2 2 29
2 2 90
2 2 116
2 2 133
2 2 173
2 3 0
2 3 1
2 3 15
2 3 20
2 3 37
2 3 49
2 3 61
2 3 68
2 3 79
2 3 110
2 3 121
2 3 156
2 3 157
2 3 163
2 4 15
2 4 16
2 4 33
2 4 46
2 4 59
2 4 77
2 4 106
2 4 121
2 4 122
2 4 123
2 4 130
2 4 143
2 4 171
2 4 320
2 5 96
2 5 97
2 5 107
2 5 109
2 5 111
2 5 112
2 5 118
2 5 134
2 5 141
2 5 151
2 5 152
2 5 187
2 5 197
2 6 2
2 6 6
2 6 11
2 6 34
2 6 57
2 6 110
2 6 147
2 7 6
2 7 23
2 7 62
2 7 78
2 7 91
2 7 125
2 7 143
2 7 163
2 7 169
2 7 303
2 7 308
2 7 345
2 8 0
2 8 38
2 8 81
2 8 144
2 8 146
2 8 161
2 8 163
2 8 293
2 9 25
2 9 27
2 9 51
2 9 78
2 9 92
2 9 98
2 9 99
2 9 115
2 9 143
2 9 145
2 9 183
2 10 15
2 10 20
2 10 53
2 10 73
2 10 75
2 10 118
2 10 130
2 10 135
2 10 147
2 10 210
2 10 247
2 11 48
2 11 77
2 11 87
2 11 90
2 11 125
2 11 146
2 11 187
2 11 188
2 11 341
2 12 92
2 12 98
2 12 101
2 12 142
2 12 162
2 12 165
2 12 169
2 12 235
2 13 14
2 13 42
2 13 74
2 13 98
2 13 119
2 13 136
2 13 139
2 13 150
2 13 165
2 13 167
2 13 207
2 13 272
2 14 31
2 14 45
2 14 53
2 14 69
2 14 86
2 14 94
2 14 98
2 14 107
2 14 127
2 14 173
2 14 240
2 15 41
2 15 75
2 15 89
2 15 92
2 15 120
2 15 129
2 15 135
2 15 138
2 15 244
2 15 352
2 16 4
2 16 16
2 16 21
2 16 75
2 16 78
2 16 101
2 16 121
2 16 130
2 16 167
2 17 14
2 17 45
2 17 64
2 17 86
2 17 91
2 17 111
2 17 222
2 18 15
2 18 17
2 18 54
2 18 97
2 18 103
2 18 129
2 18 158
2 19 21
2 19 31
2 19 56
2 19 88
2 19 106
2 19 113
2 19 116
2 19 157
2 19 173
2 19 265
2 20 7
2 20 39
2 20 75
2 20 135
2 20 196
2 21 41
2 21 74
2 21 124
2 21 127
2 21 143
2 21 144
2 21 163
2 22 42
2 22 51
2 22 56
2 22 68
2 22 84
2 22 121
2 22 165
2 23 70
2 23 97
2 23 112
2 23 137
2 23 157
2 23 181
2 23 296
2 23 329
2 23 354
2 24 8
2 24 9
2 24 11
2 24 39
2 24 63
2 24 65
2 24 76
2 24 88
2 24 97
2 24 129
2 24 132
2 24 138
2 24 140
2 24 168
2 24 298
2 25 30
2 25 32
2 25 73
2 25 78
2 25 79
2 25 116
2 25 129
2 25 137
2 25 214
2 25 228
2 26 12
2 26 38
2 26 53
2 26 59
2 26 65
2 26 83
2 26 105
2 26 121
2 26 145
2 26 168
2 26 229
2 26 256
2 27 8
2 27 48
2 27 56
2 27 155
2 27 159
2 27 290
2 28 75
2 28 89
2 28 90
2 28 124
2 28 142
2 29 25
2 29 86
2 29 118
2 29 171
2 30 5
2 30 8
2 30 25
2 30 42
2 30 43
2 30 64
2 30 81
2 30 99
2 30 108
2 30 114
2 30 133
2 30 141
2 30 144
2 30 145
2 31 21
2 31 44
2 31 67
2 31 72
2 31 86
2 32 6
2 32 11
2 32 18
2 32 40
2 32 60
2 32 68
2 32 80
2 32 165
2 32 192
2 33 17
2 33 43
2 33 51
2 33 92
2 33 135
2 33 169
2 33 329
2 34 20
2 34 40
2 34 41
2 34 64
2 34 77
2 34 86
2 34 105
2 34 134
2 34 154
2 34 349
2 35 71
2 35 102
2 35 104
2 35 259
2 36 73
2 36 86
2 36 92
2 36 173
2 37 4
2 37 26
2 37 63
2 37 71
2 37 73
2 37 77
2 37 338
2 38 39
2 38 43
2 38 47
2 38 51
2 38 72
2 38 93
2 38 162
2 38 217
2 38 277
2 39 1
2 39 19
2 39 47
2 39 50
2 39 61
2 39 66
2 39 98
2 39 123
2 39 170
2 39 186
2 39 356
2 40 25
2 40 31
2 40 51
2 40 61
2 40 79
2 40 150
2 40 152
2 40 154
2 41 10
2 41 27
2 41 28
2 41 45
2 41 46
2 41 55
2 41 97
2 41 99
2 41 109
2 42 24
2 42 39
2 42 52
2 42 107
2 42 109
2 42 161
2 42 182
2 42 351
2 43 16
2 43 48
2 43 89
2 43 94
2 43 141
2 43 147
2 44 94
2 44 147
2 44 163
2 44 166
2 44 209
2 44 329
2 45 1
2 45 11
2 45 38
2 45 52
2 45 99
2 45 112
2 45 128
2 45 138
2 45 168
2 46 2
2 46 33
2 46 39
2 46 49
2 46 67
2 46 128
2 46 136
2 46 163
2 46 164
2 47 45
2 47 126
2 47 146
2 47 149
2 47 167
2 47 172
2 48 0
2 48 19
2 48 42
2 48 61
2 48 83
2 48 123
2 48 130
2 48 140
2 48 146
2 48 152
2 48 163
2 48 173
2 48 190
2 48 236
2 49 8
2 49 17
2 49 19
2 49 22
2 49 23
2 49 26
2 49 40
2 49 90
2 49 94
2 49 111
2 49 144
2 49 147
2 49 267
2 50 2
2 50 5
2 50 58
2 50 68
2 50 150
2 50 223
2 50 253
2 50 297
2 51 4
2 51 8
2 51 31
2 51 33
2 51 57
2 51 88
2 51 97
2 51 99
2 51 112
2 51 125
2 52 61
2 52 62
2 52 71
2 52 92
2 52 117
2 52 139
2 52 149
2 52 287
2 53 0
2 53 8
2 53 23
2 53 49
2 53 50
2 53 119
2 53 126
2 53 171
2 54 10
2 54 61
2 54 112
2 54 124
2 54 157
2 54 218
2 54 329
2 55 2
2 55 131
2 56 3
2 56 29
2 56 35
2 56 59
2 56 114
2 56 119
2 57 31
2 57 33
2 57 44
2 57 45
2 57 67
2 57 80
2 57 87
2 57 103
2 57 133
2 57 137
2 57 145
2 57 291
2 58 50
2 58 67
2 58 69
2 58 72
2 58 73
2 58 92
2 58 103
2 58 110
2 58 116
2 58 134
2 58 137
2 59 30
2 59 48
2 59 86
2 59 87
2 59 116
2 59 133
2 59 158
2 59 163
2 59 166
2 59 171
2 60 14
2 60 38
2 60 78
2 60 85
2 60 339
2 61 7
2 61 10
2 61 42
2 61 57
2 61 87
2 61 116
2 61 142
2 61 148
2 62 2
2 62 52
2 62 54
2 62 58
2 62 63
2 62 92
2 62 100
2 62 105
2 62 119
2 62 282
2 62 313
2 62 335
2 62 357
2 63 6
2 63 22
2 63 40
2 63 49
2 63 60
2 63 78
2 63 82
2 63 98
2 63 112
2 63 124
2 63 154
2 63 161
2 63 178
2 64 0
2 64 27
2 64 62
2 64 82
2 64 113
2 64 116
2 64 137
2 64 238
2 65 1
2 65 11
2 65 16
2 65 24
2 65 29
2 65 44
2 65 58
2 65 71
2 65 100
2 65 124
2 65 128
2 65 158
2 65 161
2 65 216
2 66 21
2 66 47
2 66 77
2 66 83
2 66 108
2 66 147
2 66 158
2 66 170
2 67 63
2 67 69
2 67 80
2 67 126
2 67 136
2 67 156
2 68 9
2 68 105
2 68 117
2 68 134
2 68 160
2 68 169
2 69 51
2 69 69
2 69 94
2 69 98
2 69 110
2 69 150
2 70 102
2 70 112
2 70 122
2 70 130
2 70 137
2 70 140
2 70 173
2 70 197
2 71 23
2 71 28
2 71 43
2 71 57
2 71 71
2 71 94
2 71 134
2 71 135
2 72 7
2 72 11
2 72 27
2 72 68
2 72 69
2 72 70
2 72 81
2 72 92
2 72 298
2 73 35
2 73 51
2 73 52
2 73 102
2 73 108
2 73 131
2 73 162
2 73 164
2 73 171
2 73 213
2 74 56
2 74 86
2 74 114
2 74 125
2 74 166
2 74 171
2 74 173
2 75 46
2 75 59
2 75 165
2 75 282
2 76 0
2 76 10
2 76 25
2 76 63
2 76 65
2 76 76
2 76 144
2 76 150
2 76 165
2 77 18
2 77 21
2 77 26
2 77 43
2 77 63
2 77 80
2 77 132
2 77 142
2 77 161
2 77 169
2 77 239
2 77 329
2 78 5
2 78 36
2 78 64
2 78 90
2 79 0
2 79 13
2 79 16
2 79 25
2 79 45
2 79 57
2 79 60
2 79 86
2 79 90
2 79 95
2 79 100
2 79 115
2 79 120
2 79 121
2 79 124
2 79 132
2 79 160
2 79 286
2 79 349
2 80 2
2 80 12
2 80 34
2 80 40
2 80 43
2 80 67
2 80 82
2 80 86
2 80 146
2 80 193
2 80 257
2 81 4
2 81 9
2 81 22
2 81 35
2 81 81
2 81 99
2 81 109
2 81 141
2 81 142
2 81 151
2 81 180
2 81 353
2 82 5
2 82 10
2 82 31
2 82 43
2 82 45
2 82 71
2 82 77
2 82 115
2 82 117
2 82 145
2 82 154
2 82 233
2 83 37
2 83 41
2 83 47
2 83 52
2 83 64
2 83 69
2 83 89
2 83 93
2 83 94
2 83 108
2 83 122
2 83 141
2 83 226
2 84 3
2 84 46
2 84 71
2 84 88
2 84 103
2 84 142
2 84 164
2 85 15
2 85 33
2 85 36
2 85 39
2 85 84
2 85 91
2 85 95
2 85 99
2 85 134
2 86 2
2 86 44
2 86 50
2 86 75
2 86 80
2 86 94
2 86 104
2 86 112
2 86 150
2 86 222
2 86 289
2 87 25
2 87 30
2 87 63
2 87 76
2 87 106
2 87 127
2 87 133
2 87 139
2 87 144
2 87 158
2 87 177
2 87 195
2 87 262
2 87 287
2 88 26
2 88 46
2 88 63
2 88 66
2 88 162
2 89 19
2 89 22
2 89 25
2 89 44
2 89 66
2 89 96
2 89 131
2 89 136
2 89 151
2 89 155
2 89 283
2 89 355
2 90 28
2 90 31
2 90 65
2 90 67
2 90 69
2 90 108
2 90 121
2 90 154
2 90 166
2 90 174
2 90 303
2 91 8
2 91 10
2 91 22
2 91 47
2 91 55
2 91 57
2 91 68
2 91 78
2 91 135
2 92 26
2 92 67
2 92 69
2 92 76
2 92 86
2 92 101
2 92 157
2 92 307
2 93 7
2 93 9
2 93 23
2 93 32
2 93 71
2 93 82
2 93 85
2 93 114
2 93 138
2 93 148
2 94 27
2 94 77
2 94 111
2 94 125
2 94 126
2 94 128
2 95 18
2 95 19
2 95 34
2 95 67
2 95 79
2 95 132
2 95 152
2 95 166
2 96 3
2 96 50
2 96 82
2 96 144
2 96 147
2 96 154
2 96 170
2 96 172
2 97 1
2 97 7
2 97 50
2 97 68
2 97 72
2 97 88
2 97 99
2 97 108
2 97 125
2 97 127
2 97 137
2 97 168
2 98 30
2 98 61
2 98 63
2 98 86
2 98 87
2 98 98
2 98 104
2 98 140
2 98 154
2 98 156
2 98 166
2 98 207
2 98 246
2 98 341
2 99 58
2 99 62
2 99 89
2 99 91
2 99 106
2 99 139
2 100 1
2 100 10
2 100 20
2 100 132
2 100 163
2 100 199
2 100 252
2 100 288
2 100 312
2 101 39
2 101 74
2 101 107
2 101 127
2 101 166
2 101 169
2 101 294
2 102 35
2 102 36
2 102 61
2 102 76
2 102 93
2 102 126
2 102 132
2 102 155
2 102 157
2 102 188
2 103 20
2 103 30
2 103 65
2 103 70
2 103 86
2 103 111
2 103 133
2 103 138
2 103 171
2 103 352
2 104 69
2 104 70
2 104 78
2 104 139
2 104 172
2 105 1
2 105 9
2 105 18
2 105 19
2 105 23
2 105 25
2 105 57
2 105 78
2 105 93
2 105 115
2 105 184
2 105 252
2 106 15
2 106 19
2 106 33
2 106 40
2 106 44
2 106 54
2 106 69
2 106 84
2 106 109
2 106 114
2 106 129
2 106 139
2 107 34
2 107 113
2 107 139
2 107 297
2 108 15
2 108 17
2 108 26
2 108 30
2 108 54
2 108 56
2 108 87
2 108 100
2 108 110
2 108 114
2 108 124
2 108 164
2 108 172
2 108 231
2 109 24
2 109 25
2 109 65
2 109 75
2 109 76
2 109 102
2 109 116
2 109 124
2 110 11
2 110 58
2 110 80
2 110 86
2 110 97
2 110 105
2 110 119
2 110 161
2 111 24
2 111 49
2 111 75
2 111 89
2 111 90
2 111 126
2 111 262
2 112 6
2 112 16
2 112 27
2 112 46
2 112 50
2 112 53
2 112 87
2 112 88
2 112 135
2 112 149
2 112 151
2 112 153
2 112 155
2 113 4
2 113 7
2 113 117
2 113 164
2 113 165
2 113 169
2 113 179
2 114 6
2 114 8
2 114 42
2 114 45
2 114 102
2 114 133
2 114 149
2 114 155
2 114 164
2 115 8
2 115 15
2 115 84
2 115 128
2 115 150
2 116 42
2 116 77
2 116 117
2 116 124
2 116 198
2 116 269
2 117 38
2 117 42
2 117 57
2 117 64
2 117 85
2 117 104
2 117 118
2 117 150
2 117 168
2 117 282
2 117 302
2 118 12
2 118 28
2 118 60
2 118 113
2 118 115
2 118 128
2 118 133
2 118 156
2 119 5
2 119 12
2 119 15
2 119 18
2 119 41
2 119 55
2 119 77
2 119 86
2 119 118
2 119 143
2 120 27
2 120 40
2 120 41
2 120 45
2 120 73
2 120 78
2 120 82
2 120 85
2 120 104
2 120 113
2 120 160
2 120 166
2 120 167
2 121 39
2 121 45
2 121 72
2 121 73
2 121 118
2 121 141
2 121 145
2 121 160
2 122 22
2 122 37
2 122 49
2 122 85
2 122 91
2 122 112
2 122 128
2 122 149
2 122 150
2 122 157
2 123 26
2 123 30
2 123 72
2 123 256
2 124 28
2 124 30
2 124 40
2 124 63
2 124 85
2 124 125
2 124 148
2 124 165
2 124 172
2 125 15
2 125 32
2 125 88
2 125 122
2 125 125
2 125 133
2 125 157
2 125 331
2 126 25
2 126 43
2 126 119
2 126 140
2 126 148
2 126 205
2 127 6
2 127 46
2 127 47
2 127 52
2 127 92
2 127 102
2 127 119
2 127 132
2 127 157
2 127 237
2 128 78
2 128 121
2 128 142
2 129 33
2 129 60
2 129 97
2 129 101
2 129 128
2 129 130
2 129 142
2 129 219
2 130 13
2 130 48
2 130 65
2 130 80
2 130 107
2 130 109
2 130 151
2 130 152
2 130 155
2 130 168
2 130 225
2 131 1
2 131 32
2 131 50
2 131 54
2 131 91
2 131 108
2 131 117
2 131 246
2 131 345
2 132 2
2 132 3
2 132 11
2 132 14
2 132 20
2 132 44
2 132 78
2 132 112
2 132 115
2 133 23
2 133 51
2 133 129
2 133 154
2 133 164
2 133 294
2 134 10
2 134 18
2 134 50
2 134 106
2 134 111
2 134 156
2 134 163
2 134 200
2 134 293
2 135 12
2 135 60
2 135 70
2 135 73
2 135 120
2 135 149
2 135 213
2 136 4
2 136 5
2 136 10
2 136 35
2 136 70
2 136 72
2 136 93
2 136 97
2 136 136
2 137 12
2 137 28
2 137 38
2 137 53
2 137 60
2 137 63
2 137 73
2 137 88
2 137 91
2 137 121
2 137 122
2 137 156
2 137 169
2 137 183
2 137 223
2 137 345
2 138 80
2 138 83
2 138 127
2 138 135
2 138 142
2 138 160
2 138 171
2 138 196
2 138 328
2 139 22
2 139 30
2 139 43
2 139 73
2 139 92
2 139 100
2 139 122
2 139 134
2 139 149
2 139 171
2 139 341
2 140 57
2 140 70
2 140 72
2 140 135
2 140 162
2 141 36
2 141 78
2 141 97
2 141 104
2 141 148
2 142 32
2 142 49
2 142 108
2 142 116
2 142 147
2 143 49
2 143 72
2 143 82
2 143 115
2 143 133
2 143 150
2 143 151
2 143 170
2 143 171
2 143 183
2 143 189
2 144 1
2 144 6
2 144 54
2 144 82
2 144 107
2 144 314
2 145 24
2 145 48
2 145 51
2 145 56
2 145 96
2 145 112
2 145 161
2 145 162
2 145 165
2 145 194
2 145 280
2 146 15
2 146 43
2 146 82
2 146 101
2 146 102
2 146 113
2 146 115
2 146 206
2 147 11
2 147 74
2 147 89
2 147 97
2 147 111
2 147 162
2 147 177
2 147 219
2 147 319
2 147 339
2 148 31
2 148 50
2 148 62
2 148 110
2 148 131
2 148 133
2 148 264
2 148 293
2 148 351
2 149 5
2 149 36
2 149 59
2 149 94
2 149 108
2 149 134
2 149 140
2 149 200
2 149 244
2 150 17
2 150 47
2 150 90
2 150 125
2 150 137
2 150 269
2 150 350
2 151 31
2 151 56
2 151 63
2 151 65
2 151 74
2 151 89
2 151 137
2 151 157
2 151 179
2 151 268
2 152 16
2 152 37
2 152 51
2 152 156
2 152 223
2 152 246
2 153 9
2 153 17
2 153 29
2 153 46
2 153 66
2 153 113
2 153 129
2 153 155
2 153 167
2 154 6
2 154 33
2 154 46
2 154 84
2 154 102
2 154 122
2 154 139
2 154 140
2 154 144
2 154 278
2 154 290
2 155 1
2 155 11
2 155 14
2 155 25
2 155 29
2 155 40
2 155 63
2 155 69
2 155 107
2 155 114
2 155 150
2 155 154
2 155 158
2 155 164
2 155 211
2 155 316
2 156 41
2 156 48
2 156 77
2 156 121
2 156 125
2 156 162
2 156 212
2 157 5
2 157 7
2 157 90
2 157 122
2 157 166
2 158 42
2 158 57
2 158 78
2 158 79
2 158 80
2 158 89
2 158 94
2 158 105
2 158 106
2 158 159
2 159 28
2 159 46
2 159 49
2 159 79
2 159 80
2 159 84
2 159 87
2 159 96
2 159 101
2 159 113
2 159 148
2 159 247
2 159 269
2 159 317
2 159 341
2 159 350
2 160 16
2 160 23
2 160 50
2 160 63
2 160 70
2 160 79
2 160 149
2 160 153
2 161 25
2 161 37
2 161 53
2 161 136
2 161 155
2 161 168
2 162 66
2 162 74
2 162 79
2 162 115
2 162 118
2 162 130
2 162 150
2 162 164
2 163 22
2 163 31
2 163 39
2 163 87
2 163 108
2 163 160
2 164 4
2 164 7
2 164 113
2 164 159
2 164 179
2 165 14
2 165 24
2 165 44
2 165 52
2 165 69
2 165 81
2 165 88
2 165 128
2 165 129
2 165 147
2 165 198
2 166 10
2 166 11
2 166 40
2 166 55
2 166 61
2 166 72
2 166 77
2 166 97
2 166 109
2 166 121
2 166 137
2 166 233
2 166 335
2 166 347
2 167 18
2 167 47
2 167 60
2 167 61
2 167 121
2 167 160
2 167 181
2 167 187
2 167 202
2 168 51
2 168 59
2 168 79
2 168 86
2 168 92
2 168 100
2 168 124
2 168 125
2 168 126
2 168 155
2 168 162
2 168 168
2 169 2
2 169 21
2 169 26
2 169 53
2 169 112
2 169 114
2 169 131
2 169 132
2 169 144
2 169 150
2 169 154
2 169 248
2 169 316
2 170 1
2 170 7
2 170 10
2 170 49
2 170 65
2 170 68
2 170 124
2 170 126
2 170 134
2 170 136
2 170 169
2 170 173
2 170 220
2 171 16
2 171 53
2 171 62
2 171 65
2 171 119
2 171 132
2 171 137
2 171 170
2 171 320
2 172 41
2 172 72
2 172 89
2 172 96
2 172 131
2 172 168
2 172 173
2 172 310
2 173 7
2 173 48
2 173 56
2 173 113
2 173 114
2 173 132
2 173 141
2 173 171
2 173 187
2 173 196
2 173 317
2 174 200
2 174 230
2 174 255
2 174 301
2 175 206
2 175 219
2 175 266
2 175 284
2 175 295
2 175 302
2 175 320
2 175 346
2 176 134
2 176 174
2 176 220
2 176 228
2 176 230
2 176 347
2 177 96
2 177 269
2 177 307
2 178 109
2 178 293
2 178 345
2 179 184
2 179 245
2 179 308
2 179 350
2 180 11
2 180 95
2 180 195
2 180 198
2 180 248
2 180 262
2 181 6
2 181 208
2 181 247
2 181 309
2 182 5
2 182 99
2 182 180
2 182 240
2 182 264
2 182 347
2 182 355
2 183 20
2 183 233
2 183 298
2 183 313
2 183 352
2 185 224
2 185 261
2 186 204
2 186 343
2 186 355
2 187 187
2 187 239
2 187 341
2 188 101
2 188 311
2 188 332
2 188 338
2 188 356
2 189 189
2 189 295
2 189 310
2 190 342
2 191 232
2 191 257
2 191 308
2 191 356
2 192 46
2 192 102
2 192 149
2 192 212
2 192 262
2 192 292
2 192 296
2 192 307
2 192 311
2 192 328
2 193 185
2 193 250
2 193 251
2 193 314
2 194 124
2 194 248
2 194 280
2 195 1
2 195 277
2 195 326
2 196 2
2 196 174
2 196 243
2 196 288
2 197 136
2 197 204
2 197 207
2 197 246
2 197 285
2 197 286
2 197 323
2 197 356
2 198 190
2 198 204
2 198 233
2 198 268
2 198 281
2 198 353
2 199 84
2 199 85
2 199 293
2 199 341
2 200 64
2 200 234
2 200 271
2 201 185
2 201 245
2 201 341
2 202 256
2 202 282
2 202 319
2 202 332
2 202 343
2 203 144
2 203 168
2 203 179
2 203 245
2 204 193
2 204 279
2 204 334
2 204 351
2 205 152
2 205 235
2 205 255
2 206 33
2 206 45
2 206 179
2 206 218
2 206 221
2 206 312
2 206 324
2 206 348
2 207 48
2 207 176
2 207 295
2 207 304
2 207 305
2 207 336
2 208 13
2 208 205
2 208 213
2 208 215
2 208 275
2 208 307
2 209 93
2 209 205
2 210 52
2 210 279
2 210 291
2 211 204
2 211 288
2 212 162
2 212 246
2 212 317
2 212 357
2 213 137
2 214 65
2 214 205
2 214 224
2 215 186
2 215 193
2 215 196
2 215 205
2 215 251
2 215 274
2 215 306
2 215 349
2 216 207
2 216 255
2 217 38
2 217 267
2 218 5
2 218 177
2 218 178
2 218 268
2 218 318
2 218 337
2 218 348
2 219 156
2 219 161
2 219 250
2 219 334
2 220 289
2 221 1
2 222 37
2 222 54
2 222 144
2 222 206
2 222 229
2 222 343
2 223 14
2 223 136
2 223 193
2 223 234
2 223 253
2 223 269
2 223 313
2 224 173
2 224 174
2 224 210
2 224 211
2 224 257
2 224 273
2 225 67
2 225 209
2 225 242
2 225 265
2 225 291
2 226 12
2 226 108
2 226 194
2 226 290
2 226 324
2 226 350
2 226 354
2 227 8
2 227 195
2 227 262
2 227 347
2 228 10
2 228 209
2 228 237
2 228 316
2 228 343
2 229 13
2 229 187
2 229 293
2 229 350
2 230 240
2 230 300
2 230 306
2 230 310
2 231 86
2 231 221
2 231 339
2 232 138
2 232 277
2 232 303
2 233 243
2 233 281
2 233 286
2 233 317
2 234 96
2 234 124
2 234 185
2 234 204
2 234 223
2 234 287
2 234 347
2 234 357
2 235 113
2 235 207
2 235 225
2 235 295
2 235 297
2 235 311
2 235 341
2 235 346
2 236 30
2 236 58
2 236 144
2 236 190
2 237 79
2 237 255
2 237 267
2 237 346
2 238 78
2 238 148
2 238 200
2 238 204
2 238 274
2 239 52
2 239 205
2 239 342
2 239 351
2 240 161
2 241 153
2 241 195
2 241 265
2 241 308
2 241 353
2 242 239
2 242 244
2 242 257
2 242 328
2 242 350
2 242 352
2 243 184
2 243 199
2 243 253
2 244 168
2 244 286
2 245 157
2 245 251
2 246 118
2 246 245
2 246 308
2 246 330
2 247 45
2 247 134
2 247 343
2 247 353
2 248 124
2 248 145
2 248 193
2 248 243
2 248 259
2 249 194
2 249 198
2 249 265
2 249 325
2 249 331
2 250 59
2 250 239
2 250 306
2 251 2
2 251 66
2 251 181
2 251 188
2 251 199
2 251 276
2 252 236
2 252 237
2 252 274
2 252 318
2 252 345
2 253 77
2 253 212
2 253 230
2 253 235
2 253 243
2 253 343
2 253 354
2 254 141
2 254 235
2 254 265
2 255 218
2 255 279
2 255 339
2 255 350
2 255 353
2 256 184
2 256 234
2 256 263
2 256 288
2 256 305
2 257 214
2 257 215
2 257 238
2 257 328
2 259 136
2 259 180
2 259 184
2 259 220
2 259 338
2 259 342
2 259 350
2 260 212
2 260 346
2 260 357
2 261 135
2 261 246
2 261 272
2 261 279
2 261 326
2 262 135
2 262 138
2 262 185
2 262 290
2 262 292
2 262 305
2 263 192
2 263 215
2 263 221
2 263 240
2 263 270
2 263 342
2 264 112
2 264 259
2 264 333
2 265 50
2 265 242
2 265 276
2 265 328
2 265 341
2 265 351
2 265 353
2 266 186
2 266 250
2 266 270
2 266 308
2 267 102
2 267 175
2 267 225
2 267 255
2 267 262
2 267 335
2 268 109
2 268 121
2 268 191
2 268 226
2 268 243
2 268 356
2 269 255
2 269 336
2 269 352
2 270 319
2 271 35
2 271 133
2 271 194
2 271 291
2 272 59
2 272 113
2 272 197
2 272 225
2 272 268
2 272 275
2 272 301
2 272 357
2 273 60
2 273 254
2 273 289
2 273 311
2 273 319
2 273 328
2 274 53
2 274 90
2 274 160
2 274 237
2 274 300
2 275 84
2 275 138
2 275 244
2 275 251
2 275 263
2 275 311
2 276 334
2 277 44
2 277 117
2 277 273
2 277 278
2 278 211
2 278 219
2 278 345
2 279 9
2 279 352
2 280 36
2 280 195
2 280 251
2 280 305
2 281 203
2 281 228
2 281 293
2 281 343
2 282 115
2 282 199
2 282 232
2 282 238
2 282 255
2 282 280
2 283 66
2 283 76
2 283 178
2 283 205
2 283 287
2 284 43
2 284 335
2 285 183
2 285 186
2 285 205
2 285 206
2 285 218
2 285 291
2 285 356
2 286 188
2 287 222
2 287 239
2 287 309
2 287 323
2 288 13
2 288 28
2 288 75
2 288 195
2 288 240
2 288 271
2 288 295
2 288 329
2 288 331
2 288 349
2 289 180
2 289 288
2 289 338
2 290 121
2 290 244
2 291 73
2 291 145
2 291 234
2 291 254
2 291 291
2 291 342
2 291 346
2 292 189
2 292 208
2 292 259
2 292 275
2 292 280
2 292 352
2 293 272
2 293 290
2 293 324
2 293 346
2 293 357
2 294 222
2 294 292
2 295 88
2 295 136
2 295 259
2 295 293
2 295 319
2 296 25
2 296 117
2 296 151
2 296 227
2 296 240
2 296 275
2 297 75
2 297 111
2 297 250
2 298 7
2 298 36
2 298 138
2 298 199
2 298 253
2 298 255
2 298 288
2 298 345
2 298 347
2 299 190
2 299 237
2 299 347
2 300 188
2 300 208
2 300 220
2 300 248
2 301 119
2 301 265
2 302 83
2 302 251
2 302 266
2 302 282
2 302 288
2 302 295
2 303 22
2 303 218
2 303 235
2 303 258
2 303 261
2 303 270
2 303 314
2 304 33
2 304 121
2 304 305
2 304 307
2 305 7
2 305 69
2 305 110
2 305 231
2 305 234
2 305 265
2 305 304
2 306 169
2 306 243
2 306 307
2 306 321
2 307 63
2 307 71
2 307 133
2 307 135
2 307 226
2 307 265
2 307 298
2 307 336
2 308 159
2 308 246
2 309 302
2 309 350
2 310 184
2 310 270
2 310 300
2 310 319
2 311 112
2 311 222
2 311 300
2 311 303
2 311 344
2 312 228
2 312 278
2 312 293
2 312 307
2 312 320
2 312 334
2 313 195
2 313 283
2 313 301
2 313 316
2 314 14
2 314 95
2 314 103
2 314 294
2 314 343
2 315 56
2 315 183
2 315 190
2 315 238
2 315 243
2 315 267
2 315 288
2 315 357
2 316 212
2 316 258
2 316 273
2 317 8
2 317 75
2 317 187
2 317 326
2 318 188
2 318 190
2 318 218
2 318 279
2 319 74
2 319 199
2 319 201
2 319 248
2 319 330
2 319 356
2 320 194
2 320 293
2 320 334
2 320 349
2 321 225
2 321 253
2 321 305
2 321 357
2 322 71
2 323 117
2 323 141
2 323 148
2 323 188
2 323 326
2 324 231
2 324 243
2 324 265
2 324 292
2 325 39
2 325 213
2 325 219
2 325 221
2 325 222
2 325 279
2 326 33
2 326 210
2 326 314
2 326 324
2 326 357
2 327 64
2 327 101
2 327 189
2 327 193
2 327 214
2 327 244
2 327 253
2 327 301
2 327 354
2 328 273
2 328 310
2 328 331
2 328 340
2 329 36
2 329 206
2 330 189
2 330 250
2 330 260
2 330 309
2 330 319
2 330 322
2 331 315
2 331 343
2 332 203
2 333 20
2 333 251
2 333 324
2 334 86
2 334 175
2 334 199
2 334 231
2 334 309
2 334 337
2 335 55
2 335 229
2 335 305
2 335 312
2 336 26
2 336 32
2 336 227
2 336 313
2 337 43
2 337 235
2 337 326
2 338 51
2 338 317
2 338 325
2 338 350
2 338 351
2 339 14
2 339 90
2 339 170
2 339 221
2 339 262
2 340 176
2 340 265
2 340 302
2 341 129
2 341 138
2 341 247
2 341 276
2 341 346
2 341 350
2 342 115
2 342 177
2 342 271
2 343 32
2 343 159
2 343 163
2 343 230
2 343 252
2 343 326
2 344 147
2 344 174
2 344 182
2 344 183
2 344 228
2 344 262
2 345 78
2 345 186
2 345 207
2 345 215
2 345 279
2 345 338
2 346 41
2 346 293
2 346 345
2 347 26
2 347 59
2 347 148
2 347 203
2 347 279
2 347 314
2 348 50
2 348 96
2 348 97
2 348 223
2 348 224
2 348 310
2 349 293
2 349 320
2 350 33
2 350 65
2 350 102
2 350 212
2 350 221
2 350 314
2 350 331
2 351 255
2 351 298
2 352 12
2 352 65
2 352 132
2 352 178
2 352 249
2 352 251
2 352 312
2 352 346
2 353 40
2 353 61
2 353 192
2 353 239
2 353 334
2 354 191
2 355 236
2 355 301
2 356 43
2 356 73
2 356 221
2 356 284
2 356 303
2 357 219
2 357 258
2 357 323
2 357 333
3 0 17
3 0 27
3 0 49
3 0 71
3 0 86
3 0 113
3 0 127
3 0 143
3 0 145
3 0 156
3 0 275
3 1 19
3 1 24
3 1 113
3 1 151
3 1 168
3 1 292
3 1 308
3 2 20
3 2 72
3 2 75
3 2 77
3 2 94
3 2 105
3 2 107
3 2 144
3 2 147
3 2 156
3 2 274
3 2 352
3 3 10
3 3 22
3 3 23
3 3 52
3 3 84
3 3 137
3 4 4
3 4 7
3 4 31
3 4 60
3 4 83
3 4 85
3 4 119
3 4 151
3 4 154
3 5 19
3 5 52
3 5 66
3 5 182
3 5 203
3 6 37
3 6 62
3 6 97
3 6 137
3 6 144
3 7 9
3 7 13
3 7 25
3 7 34
3 7 58
3 7 60
3 7 98
3 7 119
3 7 133
3 7 152
3 7 166
3 8 27
3 8 32
3 8 43
3 8 67
3 8 98
3 8 108
3 8 123
3 8 163
3 8 231
3 8 247
3 9 2
3 9 29
3 9 43
3 9 58
3 9 78
3 9 79
3 9 110
3 9 139
3 9 160
3 10 34
3 10 61
3 10 65
3 10 70
3 10 74
3 10 76
3 10 83
3 10 102
3 10 104
3 10 129
3 10 132
3 10 144
3 10 216
3 10 337
3 11 17
3 11 24
3 11 74
3 11 85
3 11 123
3 11 164
3 11 227
3 11 294
3 12 18
3 12 42
3 12 73
3 12 76
3 12 102
3 12 107
3 12 145
3 12 148
3 13 13
3 13 15
3 13 28
3 13 35
3 13 49
3 13 90
3 13 97
3 13 118
3 13 136
3 13 153
3 13 171
3 13 254
3 13 327
3 14 3
3 14 8
3 14 10
3 14 16
3 14 29
3 14 55
3 14 58
3 14 70
3 14 93
3 14 109
3 14 114
3 14 133
3 14 308
3 15 72
3 15 95
3 15 167
3 15 171
3 16 11
3 16 15
3 16 25
3 16 45
3 16 60
3 16 69
3 16 72
3 16 90
3 16 150
3 16 156
3 16 159
3 16 161
3 16 350
3 17 27
3 17 29
3 17 42
3 17 111
3 17 156
3 17 163
3 17 303
3 18 0
3 18 6
3 18 34
3 18 42
3 18 52
3 18 65
3 18 71
3 18 72
3 18 73
3 18 104
3 18 121
3 18 162
3 18 336
3 19 24
3 19 72
3 19 76
3 19 127
3 19 153
3 19 171
3 19 264
3 19 288
3 19 333
3 20 55
3 20 94
3 20 99
3 20 120
3 20 148
3 20 164
3 20 180
3 20 305
3 21 7
3 21 12
3 21 17
3 21 36
3 21 50
3 21 82
3 21 111
3 21 146
3 21 168
3 21 336
3 22 13
3 22 30
3 22 31
3 22 38
3 22 52
3 22 91
3 22 95
3 22 99
3 22 108
3 22 110
3 22 120
3 22 122
3 22 133
3 22 137
3 22 185
3 22 328
3 23 29
3 23 42
3 23 47
3 23 85
3 23 130
3 23 140
3 23 150
3 23 154
3 24 36
3 24 70
3 24 83
3 24 119
3 24 146
3 25 4
3 25 59
3 25 103
3 25 108
3 25 114
3 25 137
3 25 162
3 25 164
3 25 244
3 25 274
3 25 281
3 25 354
3 26 53
3 26 71
3 26 87
3 26 90
3 26 91
3 26 92
3 26 97
3 26 107
3 26 193
3 27 2
3 27 7
3 27 18
3 27 57
3 27 58
3 27 89
3 27 98
3 27 108
3 27 117
3 27 143
3 27 154
3 27 159
3 27 163
3 28 0
3 28 20
3 28 46
3 28 71
3 28 95
3 28 100
3 28 112
3 28 152
3 29 25
3 29 53
3 29 64
3 29 74
3 29 79
3 29 96
3 29 134
3 29 145
3 29 157
3 30 17
3 30 64
3 30 83
3 30 99
3 30 111
3 30 133
3 31 20
3 31 88
3 31 112
3 31 138
3 31 143
3 31 238
3 32 1
3 32 5
3 32 31
3 32 40
3 32 70
3 32 78
3 32 138
3 32 151
3 33 5
3 33 21
3 33 42
3 33 53
3 33 81
3 33 84
3 33 96
3 33 109
3 33 144
3 33 172
3 34 16
3 34 54
3 34 55
3 34 74
3 34 114
3 34 115
3 34 126
3 34 136
3 34 344
3 35 52
3 35 97
3 35 104
3 35 108
3 35 121
3 35 122
3 35 146
3 35 148
3 35 157
3 35 163
3 35 276
3 36 22
3 36 44
3 36 49
3 36 64
3 36 79
3 36 80
3 36 86
3 36 90
3 36 94
3 36 121
3 36 129
3 37 23
3 37 24
3 37 33
3 37 73
3 37 146
3 37 172
3 38 19
3 38 50
3 38 59
3 38 63
3 38 73
3 38 98
3 38 108
3 38 138
3 38 152
3 38 163
3 38 168
3 38 170
3 39 27
3 39 28
3 39 43
3 39 52
3 39 78
3 39 94
3 39 108
3 39 171
3 39 250
3 40 26
3 40 53
3 40 75
3 40 93
3 40 108
3 40 109
3 40 118
3 40 122
3 40 161
3 40 268
3 41 45
3 41 60
3 41 128
3 41 153
3 41 158
3 41 160
3 41 162
3 41 164
3 41 314
3 42 25
3 42 53
3 42 59
3 42 87
3 42 96
3 42 120
3 42 127
3 42 135
3 42 144
3 42 292
3 42 299
3 43 5
3 43 34
3 43 40
3 43 44
3 43 48
3 43 51
3 43 82
3 43 84
3 43 86
3 43 89
3 43 101
3 43 115
3 43 140
3 43 145
3 43 151
3 44 30
3 44 60
3 44 104
3 44 110
3 44 113
3 44 115
3 44 247
3 45 35
3 45 90
3 45 110
3 45 112
3 45 161
3 45 165
3 45 299
3 45 303
3 46 38
3 46 42
3 46 44
3 46 48
3 46 68
3 46 104
3 46 129
3 46 130
3 46 162
3 46 171
3 46 172
3 46 226
3 47 2
3 47 6
3 47 31
3 47 35
3 47 71
3 47 87
3 47 141
3 47 144
3 47 177
3 47 307
3 48 114
3 48 137
3 48 140
3 48 258
3 49 22
3 49 33
3 49 50
3 49 100
3 49 107
3 49 112
3 49 138
3 49 146
3 49 155
3 49 160
3 50 125
3 50 132
3 51 22
3 51 37
3 51 66
3 51 125
3 51 127
3 51 131
3 51 137
3 51 138
3 52 6
3 52 12
3 52 45
3 52 51
3 52 62
3 52 90
3 52 117
3 52 156
3 52 161
3 52 164
3 52 168
3 52 216
3 53 31
3 53 41
3 53 57
3 53 149
3 53 153
3 53 221
3 53 244
3 53 286
3 54 2
3 54 15
3 54 60
3 54 80
3 54 85
3 54 127
3 55 5
3 55 24
3 55 36
3 55 40
3 55 88
3 55 94
3 55 108
3 55 136
3 55 160
3 55 257
3 55 337
3 56 20
3 56 71
3 56 99
3 56 109
3 56 154
3 56 243
3 57 16
3 57 17
3 57 35
3 57 36
3 57 52
3 57 79
3 57 81
3 57 84
3 57 110
3 57 127
3 57 134
3 57 145
3 57 149
3 57 233
3 57 283
3 57 293
3 58 19
3 58 30
3 58 61
3 58 65
3 58 72
3 58 94
3 58 122
3 58 155
3 58 164
3 58 169
3 58 170
3 59 29
3 59 40
3 59 64
3 59 116
3 59 118
3 59 131
3 59 136
3 59 222
3 59 282
3 60 24
3 60 31
3 60 70
3 60 92
3 60 100
3 60 109
3 60 130
3 60 221
3 61 18
3 61 20
3 61 22
3 61 30
3 61 41
3 61 67
3 61 68
3 61 92
3 61 104
3 61 108
3 61 150
3 61 168
3 61 171
3 61 290
3 62 3
3 62 11
3 62 20
3 62 35
3 62 37
3 62 40
3 62 46
3 62 88
3 62 90
3 62 103
3 62 115
3 62 152
3 62 168
3 62 311
3 63 4
3 63 20
3 63 29
3 63 51
3 63 57
3 63 69
3 63 131
3 63 252
3 64 10
3 64 23
3 64 45
3 64 95
3 64 113
3 64 145
3 64 150
3 64 152
3 64 171
3 64 249
3 65 3
3 65 35
3 65 39
3 65 47
3 65 62
3 65 64
3 65 94
3 65 112
3 65 141
3 65 163
3 66 1
3 66 19
3 66 29
3 66 37
3 66 57
3 66 61
3 66 244
3 67 129
3 67 130
3 67 166
3 67 184
3 67 305
3 68 14
3 68 35
3 68 52
3 68 74
3 68 75
3 68 119
3 68 145
3 68 149
3 68 152
3 69 4
3 69 33
3 69 42
3 69 53
3 69 55
3 69 61
3 69 141
3 69 171
3 69 288
3 69 323
3 70 7
3 70 17
3 70 26
3 70 36
3 70 43
3 70 56
3 70 70
3 70 74
3 70 77
3 70 108
3 70 116
3 70 125
3 70 134
3 70 154
3 70 161
3 70 265
3 71 15
3 71 58
3 71 79
3 71 111
3 71 136
3 71 137
3 71 144
3 71 201
3 71 228
3 72 4
3 72 27
3 72 43
3 72 91
3 72 200
3 72 355
3 73 19
3 73 58
3 73 65
3 73 84
3 73 104
3 73 119
3 73 237
3 74 68
3 74 172
3 74 209
3 75 42
3 75 60
3 75 67
3 75 95
3 75 98
3 75 116
3 75 120
3 75 308
3 76 15
3 76 18
3 76 19
3 76 24
3 76 61
3 76 71
3 76 81
3 76 119
3 76 260
3 76 301
3 77 15
3 77 34
3 77 62
3 77 63
3 77 122
3 77 133
3 77 134
3 77 152
3 77 197
3 77 229
3 78 22
3 78 36
3 78 56
3 78 77
3 78 112
3 78 119
3 78 126
3 78 131
3 78 152
3 78 202
3 79 9
3 79 13
3 79 14
3 79 24
3 79 42
3 79 67
3 79 76
3 79 147
3 79 151
3 79 171
3 79 201
3 79 255
3 79 323
3 80 7
3 80 10
3 80 19
3 80 21
3 80 23
3 80 32
3 80 36
3 80 47
3 80 68
3 80 74
3 80 85
3 80 101
3 80 114
3 80 119
3 80 157
3 80 166
3 81 8
3 81 29
3 81 46
3 81 63
3 81 74
3 81 99
3 81 106
3 81 114
3 81 140
3 81 164
3 81 167
3 81 202
3 82 27
3 82 43
3 82 113
3 82 163
3 82 331
3 83 12
3 83 21
3 83 65
3 83 72
3 83 154
3 83 155
3 84 11
3 84 30
3 84 45
3 84 63
3 84 65
3 84 66
3 84 121
3 84 336
3 85 66
3 85 105
3 85 141
3 85 144
3 85 193
3 85 218
3 85 227
3 85 318
3 85 329
3 86 6
3 86 36
3 86 42
3 86 76
3 86 118
3 86 141
3 86 157
3 87 40
3 87 57
3 87 97
3 87 99
3 87 131
3 87 133
3 87 140
3 87 141
3 87 169
3 87 240
3 87 285
3 88 10
3 88 17
3 88 21
3 88 38
3 88 54
3 88 107
3 88 123
3 88 132
3 88 134
3 88 303
3 89 0
3 89 33
3 89 42
3 89 44
3 89 58
3 89 91
3 89 102
3 89 117
3 89 118
3 89 128
3 89 134
3 89 142
3 89 154
3 89 155
3 89 170
3 90 16
3 90 19
3 90 78
3 90 165
3 90 226
3 91 31
3 91 57
3 91 64
3 91 71
3 91 75
3 91 92
3 91 143
3 91 145
3 91 156
3 91 166
3 91 212
3 91 232
3 92 26
3 92 31
3 92 35
3 92 74
3 92 86
3 92 90
3 92 121
3 92 125
3 92 129
3 92 142
3 92 200
3 93 2
3 93 6
3 93 39
3 93 53
3 93 71
3 93 101
3 93 160
3 94 54
3 94 71
3 94 85
3 94 141
3 94 168
3 95 0
3 95 26
3 95 34
3 95 42
3 95 71
3 95 108
3 95 115
3 95 129
3 95 145
3 95 157
3 96 1
3 96 7
3 96 38
3 96 57
3 96 106
3 96 107
3 96 124
3 96 125
3 96 128
3 96 139
3 96 342
3 97 0
3 97 11
3 97 120
3 97 131
3 97 135
3 97 143
3 97 231
3 98 41
3 98 60
3 98 65
3 98 70
3 98 71
3 98 75
3 98 96
3 98 112
3 98 141
3 98 154
3 98 158
3 99 48
3 99 51
3 99 68
3 99 70
3 99 117
3 99 152
3 99 216
3 99 341
3 100 15
3 100 32
3 100 52
3 100 76
3 100 105
3 100 136
3 100 150
3 100 171
3 100 187
3 100 210
3 100 217
3 100 235
3 101 39
3 101 83
3 101 121
3 101 141
3 101 149
3 101 150
3 101 175
3 101 231
3 101 307
3 102 25
3 102 59
3 102 72
3 102 79
3 102 94
3 102 152
3 102 344
3 103 36
3 103 51
3 103 78
3 103 81
3 103 84
3 103 98
3 103 152
3 103 163
3 103 167
3 103 170
3 103 241
3 103 323
3 104 44
3 104 46
3 104 88
3 104 153
3 104 154
3 104 248
3 105 12
3 105 33
3 105 35
3 105 61
3 105 80
3 105 99
3 105 100
3 105 147
3 105 150
3 106 72
3 106 103
3 106 143
3 106 160
3 106 165
3 106 170
3 106 215
3 107 8
3 107 10
3 107 52
3 107 58
3 107 114
3 107 165
3 108 21
3 108 26
3 108 97
3 108 119
3 108 190
3 109 34
3 109 43
3 109 46
3 109 52
3 109 53
3 109 59
3 109 89
3 109 107
3 109 112
3 109 119
3 109 147
3 109 288
3 110 23
3 110 52
3 110 55
3 110 88
3 110 102
3 110 106
3 110 140
3 110 155
3 110 165
3 110 166
3 110 168
3 110 198
3 111 45
3 111 54
3 111 105
3 111 118
3 111 120
3 111 148
3 111 149
3 111 151
3 111 169
3 112 10
3 112 18
3 112 24
3 112 71
3 112 104
3 112 114
3 113 23
3 113 48
3 113 102
3 113 104
3 113 114
3 113 119
3 113 122
3 113 150
3 113 152
3 113 169
3 113 201
3 113 257
3 114 69
3 114 81
3 114 85
3 114 109
3 114 110
3 114 135
3 114 143
3 114 299
3 115 2
3 115 5
3 115 52
3 115 53
3 115 103
3 115 113
3 115 159
3 115 161
3 115 169
3 115 171
3 115 206
3 115 299
3 116 14
3 116 25
3 116 28
3 116 52
3 116 76
3 116 116
3 116 293
3 117 7
3 117 43
3 117 51
3 117 65
3 117 147
3 117 169
3 117 179
3 117 243
3 117 309
3 118 5
3 118 12
3 118 21
3 118 52
3 118 76
3 118 77
3 118 79
3 118 83
3 118 104
3 118 111
3 118 115
3 118 122
3 118 130
3 118 133
3 119 17
3 119 33
3 119 38
3 119 63
3 119 69
3 119 76
3 119 86
3 119 89
3 119 93
3 119 142
3 119 246
3 120 4
3 120 19
3 120 28
3 120 34
3 120 44
3 120 57
3 120 68
3 120 70
3 120 75
3 120 119
3 120 121
3 120 146
3 120 153
3 120 190
3 120 243
3 121 2
3 121 8
3 121 14
3 121 24
3 121 90
3 121 116
3 121 134
3 121 251
3 122 7
3 122 13
3 122 15
3 122 82
3 122 83
3 122 86
3 122 128
3 122 150
3 122 155
3 122 161
3 122 169
3 122 170
3 123 65
3 123 77
3 123 97
3 123 126
3 123 163
3 123 201
3 123 318
3 124 26
3 124 45
3 124 47
3 124 78
3 124 84
3 124 151
3 124 263
3 124 277
3 125 9
3 125 24
3 125 44
3 125 45
3 125 66
3 125 87
3 125 101
3 125 112
3 125 123
3 125 133
3 125 135
3 125 143
3 125 147
3 125 172
3 126 24
3 126 37
3 126 52
3 126 64
3 126 76
3 126 83
3 126 99
3 126 129
3 126 248
3 126 310
3 127 2
3 127 28
3 127 81
3 127 88
3 127 102
3 127 118
3 127 141
3 127 150
3 127 354
3 128 18
3 128 19
3 128 30
3 128 31
3 128 69
3 128 106
3 128 114
3 128 116
3 128 118
3 128 125
3 128 255
3 128 286
3 129 20
3 129 25
3 129 62
3 129 69
3 129 91
3 129 92
3 129 168
3 130 10
3 130 33
3 130 41
3 130 54
3 130 87
3 130 111
3 130 192
3 131 3
3 131 6
3 131 15
3 131 65
3 131 84
3 131 107
3 131 131
3 131 162
3 131 348
3 132 35
3 132 59
3 132 60
3 132 81
3 132 100
3 132 106
3 132 107
3 132 110
3 132 152
3 132 209
3 132 291
3 133 68
3 133 71
3 133 96
3 133 106
3 133 142
3 133 151
3 133 169
3 133 193
3 133 255
3 134 22
3 134 24
3 134 35
3 134 39
3 134 54
3 134 95
3 134 143
3 134 144
3 134 162
3 134 295
3 135 8
3 135 27
3 135 55
3 135 67
3 135 92
3 135 112
3 135 301
3 136 10
3 136 24
3 136 40
3 136 71
3 136 102
3 136 115
3 136 134
3 136 136
3 136 145
3 136 193
3 137 35
3 137 37
3 137 52
3 137 56
3 137 99
3 137 122
3 137 131
3 137 168
3 137 333
3 138 12
3 138 33
3 138 65
3 138 68
3 138 84
3 138 105
3 138 114
3 138 162
3 138 165
3 139 5
3 139 25
3 139 42
3 139 67
3 139 69
3 139 130
3 139 146
3 139 174
3 140 126
3 140 151
3 140 154
3 141 11
3 141 46
3 141 49
3 141 98
3 141 111
3 141 119
3 141 129
3 141 151
3 142 13
3 142 27
3 142 72
3 142 81
3 142 96
3 142 106
3 142 130
3 142 149
3 142 159
3 142 253
3 143 25
3 143 31
3 143 41
3 143 49
3 143 50
3 143 57
3 143 105
3 143 148
3 143 285
3 143 324
3 144 25
3 144 58
3 144 60
3 144 66
3 144 112
3 144 135
3 144 184
3 144 207
3 145 19
3 145 24
3 145 46
3 145 71
3 145 88
3 145 102
3 145 144
3 145 146
3 145 165
3 145 213
3 145 294
3 146 20
3 146 59
3 146 64
3 146 110
3 146 153
3 146 158
3 146 161
3 146 280
3 147 40
3 147 54
3 147 86
3 147 101
3 147 133
3 147 148
3 147 279
3 148 47
3 148 50
3 148 52
3 148 87
3 148 110
3 148 134
3 148 154
3 148 165
3 148 265
3 148 314
3 149 44
3 149 163
3 149 164
3 149 254
3 149 255
3 150 7
3 150 16
3 150 36
3 150 48
3 150 64
3 150 80
3 150 95
3 150 116
3 150 152
3 150 156
3 150 171
3 150 172
3 150 194
3 150 232
3 151 1
3 151 52
3 151 69
3 151 91
3 151 93
3 151 106
3 151 114
3 151 153
3 151 171
3 151 179
3 151 282
3 151 323
3 152 59
3 152 87
3 152 135
3 152 143
3 152 287
3 152 341
3 153 6
3 153 40
3 153 43
3 153 67
3 153 152
3 153 301
3 154 9
3 154 30
3 154 51
3 154 87
3 154 94
3 154 107
3 154 110
3 154 121
3 154 140
3 154 169
3 154 171
3 155 12
3 155 21
3 155 33
3 155 72
3 155 78
3 155 152
3 155 169
3 156 4
3 156 62
3 156 121
3 156 126
3 156 136
3 156 157
3 156 173
3 157 2
3 157 4
3 157 21
3 157 23
3 157 70
3 157 84
3 157 94
3 157 115
3 157 116
3 157 117
3 157 134
3 157 306
3 158 7
3 158 26
3 158 41
3 158 67
3 158 108
3 158 114
3 158 130
3 158 138
3 158 152
3 158 156
3 158 165
3 159 15
3 159 34
3 159 41
3 159 62
3 159 94
3 159 151
3 159 276
3 160 11
3 160 59
3 160 60
3 160 61
3 160 106
3 160 115
3 160 160
3 160 169
3 161 9
3 161 48
3 161 55
3 161 95
3 161 143
3 161 173
3 162 4
3 162 18
3 162 72
3 162 76
3 162 96
3 162 105
3 162 133
3 162 139
3 162 162
3 162 164
3 163 7
3 163 52
3 163 68
3 163 78
3 163 96
3 163 131
3 163 141
3 163 154
3 163 157
3 163 162
3 163 171
3 163 172
3 164 6
3 164 9
3 164 41
3 164 84
3 164 90
3 164 119
3 164 131
3 164 295
3 165 30
3 165 55
3 165 58
3 165 76
3 165 91
3 165 93
3 165 108
3 165 114
3 165 126
3 165 132
3 165 135
3 165 142
3 165 170
3 165 255
3 165 285
3 166 26
3 166 35
3 166 110
3 166 118
3 166 124
3 166 128
3 166 141
3 166 159
3 167 21
3 167 87
3 167 153
3 167 154
3 167 168
3 167 182
3 167 231
3 168 28
3 168 31
3 168 46
3 168 61
3 168 107
3 168 111
3 168 114
3 168 148
3 168 150
3 169 25
3 169 85
3 169 107
3 169 145
3 169 165
3 169 186
3 169 250
3 169 293
3 169 303
3 170 23
3 170 30
3 170 40
3 170 42
3 170 66
3 170 85
3 170 106
3 170 124
3 170 164
3 170 169
3 170 349
3 171 6
3 171 19
3 171 21
3 171 34
3 171 73
3 171 84
3 171 119
3 171 122
3 171 141
3 171 165
3 171 300
3 171 319
3 172 37
3 172 57
3 172 72
3 172 77
3 172 96
3 172 132
3 172 146
3 172 219
3 172 346
3 173 29
3 173 33
3 173 73
3 173 81
3 173 86
3 173 113
3 173 116
3 173 119
3 173 154
3 173 162
3 173 170
3 173 176
3 173 268
3 173 279
3 174 94
3 174 134
3 174 199
3 174 237
3 174 255
3 174 300
3 175 64
3 175 221
3 175 247
3 176 203
3 176 297
3 176 321
3 177 14
3 177 103
3 178 39
3 178 255
3 179 35
3 179 227
3 179 261
3 180 131
3 180 184
3 180 229
3 180 311
3 180 314
3 181 152
3 181 170
3 181 177
3 181 199
3 181 244
3 181 249
3 181 330
3 182 62
3 182 285
3 182 323
3 182 342
3 183 146
3 183 185
3 183 203
3 183 216
3 183 274
3 183 303
3 183 320
3 183 340
3 184 129
3 184 176
3 184 254
3 185 120
3 185 159
3 185 206
3 185 224
3 185 231
3 185 260
3 185 300
3 185 319
3 186 5
3 186 174
3 186 191
3 186 239
3 186 262
3 186 337
3 187 11
3 187 153
3 187 180
3 187 220
3 187 274
3 187 310
3 187 343
3 188 203
3 188 250
3 188 268
3 188 283
3 188 336
3 189 153
3 189 196
3 189 268
3 189 309
3 190 137
3 190 158
3 190 164
3 190 251
3 190 255
3 190 256
3 190 269
3 191 204
3 191 253
3 192 28
3 192 142
3 192 341
3 193 190
3 193 301
3 193 306
3 193 352
3 194 21
3 194 123
3 194 193
3 194 196
3 194 257
3 194 295
3 194 317
3 195 280
3 195 297
3 196 13
3 196 203
3 196 284
3 196 296
3 197 107
3 197 245
3 197 323
3 197 354
3 198 35
3 198 193
3 198 275
3 199 217
3 199 228
3 199 247
3 199 328
3 199 341
3 199 349
3 199 352
3 200 202
3 200 211
3 200 218
3 200 225
3 200 347
3 201 42
3 201 257
3 201 275
3 201 317
3 201 322
3 201 338
3 202 142
3 202 234
3 202 274
3 202 302
3 203 49
3 203 208
3 203 240
3 203 330
3 204 138
3 204 178
3 204 194
3 204 212
3 204 231
3 204 271
3 204 275
3 204 319
3 204 334
3 205 260
3 205 267
3 205 304
3 205 336
3 206 42
3 206 208
3 206 235
3 206 290
3 206 311
3 206 316
3 206 318
3 206 344
3 207 235
3 207 297
3 207 314
3 207 316
3 207 327
3 207 347
3 208 29
3 209 61
3 209 188
3 209 225
3 209 233
3 209 324
3 210 182
3 212 96
3 212 200
3 212 203
3 213 205
3 214 80
3 214 230
3 214 261
3 214 295
3 214 316
3 215 187
3 215 196
3 215 225
3 215 234
3 215 297
3 215 311
3 216 115
3 216 294
3 217 23
3 217 194
3 217 255
3 217 326
3 218 228
3 218 298
3 218 302
3 218 315
3 218 323
3 219 78
3 219 205
3 219 211
3 219 354
3 220 5
3 220 259
3 221 116
3 221 196
3 221 197
3 221 267
3 222 70
3 222 94
3 222 174
3 222 179
3 222 233
3 222 274
3 223 79
3 223 271
3 223 290
3 224 179
3 224 203
3 224 324
3 224 349
3 225 37
3 225 72
3 225 214
3 225 220
3 225 229
3 225 256
3 225 296
3 225 335
3 225 343
3 226 35
3 226 53
3 226 156
3 226 341
3 227 251
3 228 68
3 228 174
3 228 307
3 229 203
3 229 269
3 229 272
3 229 301
3 230 82
3 230 136
3 230 196
3 230 226
3 231 133
3 231 191
3 231 258
3 231 298
3 231 307
3 232 6
3 232 43
3 232 295
3 233 191
3 233 301
3 233 323
3 234 34
3 234 80
3 234 172
3 234 175
3 234 230
3 234 253
3 234 270
3 234 281
3 234 295
3 234 329
3 234 344
3 235 283
3 235 327
3 236 1
3 236 44
3 236 48
3 236 57
3 236 136
3 236 148
3 236 154
3 236 181
3 236 274
3 237 134
3 237 239
3 238 53
3 238 107
3 238 214
3 238 269
3 238 287
3 238 293
3 239 5
3 239 195
3 239 198
3 239 210
3 239 249
3 239 280
3 240 178
3 240 223
3 240 263
3 240 302
3 240 308
3 241 204
3 241 235
3 241 253
3 241 286
3 241 332
3 242 82
3 242 201
3 242 226
3 242 239
3 242 288
3 243 232
3 243 237
3 243 352
3 243 353
3 245 164
3 245 226
3 245 256
3 246 137
3 246 174
3 246 211
3 246 338
3 247 25
3 247 100
3 247 267
3 248 285
3 248 313
3 248 333
3 248 351
3 248 355
3 249 189
3 249 221
3 249 250
3 249 278
3 249 315
3 250 101
3 250 109
3 250 145
3 250 150
3 250 230
3 250 275
3 250 290
3 250 349
3 250 355
3 251 21
3 251 211
3 251 293
3 251 330
3 252 145
3 252 259
3 252 284
3 252 289
3 252 302
3 252 347
3 253 93
3 253 142
3 253 200
3 253 209
3 253 224
3 253 296
3 253 320
3 253 327
3 254 182
3 254 310
3 254 324
3 255 294
3 256 85
3 256 86
3 256 99
3 256 261
3 256 321
3 256 324
3 257 142
3 257 206
3 258 85
3 258 184
3 258 237
3 258 354
3 259 195
3 259 268
3 259 298
3 260 49
3 260 97
3 260 128
3 260 138
3 260 211
3 260 220
3 260 240
3 260 242
3 261 217
3 261 286
3 261 307
3 261 309
3 261 322
3 262 214
3 262 230
3 262 238
3 262 279
3 262 296
3 263 31
3 263 39
3 263 185
3 263 291
3 263 300
3 263 345
3 264 172
3 264 207
3 264 246
3 264 281
3 265 176
3 265 184
3 265 203
3 265 228
3 265 250
3 265 279
3 266 123
3 266 124
3 266 184
3 266 207
3 266 223
3 266 308
3 267 58
3 267 242
3 268 186
3 268 219
3 269 183
3 269 233
3 269 268
3 270 258
3 270 274
3 270 307
3 271 99
3 271 102
3 271 121
3 271 137
3 271 175
3 271 296
3 272 154
3 272 229
3 272 275
3 273 111
3 273 122
3 273 211
3 273 239
3 273 310
3 274 153
3 274 234
3 274 247
3 274 329
3 275 66
3 275 195
3 275 201
3 275 222
3 275 236
3 275 320
3 276 105
3 276 180
3 276 184
3 276 252
3 276 255
3 276 303
3 276 331
3 277 231
3 277 253
3 277 288
3 277 289
3 277 311
3 278 198
3 278 235
3 278 248
3 278 266
3 278 355
3 279 186
3 279 200
3 279 286
3 279 335
3 280 67
3 280 106
3 280 193
3 280 328
3 281 127
3 281 273
3 281 297
3 282 330
3 283 210
3 284 293
3 284 323
3 284 336
3 285 1
3 285 135
3 285 268
3 285 341
3 286 55
3 286 63
3 286 128
3 286 229
3 286 320
3 286 348
3 287 134
3 287 335
3 288 152
3 288 296
3 288 343
3 289 212
3 289 315
3 289 327
3 290 26
3 290 241
3 291 18
3 291 53
3 291 98
3 291 118
3 291 135
3 291 168
3 291 174
3 291 235
3 292 155
3 292 265
3 292 287
3 292 352
3 293 43
3 293 82
3 293 177
3 293 182
3 293 225
3 293 340
3 294 202
3 294 205
3 294 291
3 295 4
3 295 254
3 296 23
3 296 125
3 296 201
3 296 284
3 297 88
3 297 171
3 297 174
3 297 245
3 297 255
3 297 274
3 297 321
3 297 330
3 298 118
3 299 295
3 299 330
3 300 8
3 300 10
3 300 84
3 300 227
3 300 243
3 300 286
3 300 304
3 300 339
3 301 55
3 301 168
3 301 283
3 301 315
3 302 123
3 302 255
3 302 283
3 302 329
3 302 344
3 303 263
3 303 274
3 304 146
3 304 277
3 304 328
3 304 337
3 305 79
3 305 103
3 305 141
3 305 295
3 305 298
3 305 345
3 306 70
3 306 89
3 306 108
3 306 220
3 306 264
3 306 286
3 306 309
3 306 337
3 306 349
3 307 77
3 307 198
3 307 211
3 307 276
3 307 319
3 308 108
3 308 167
3 308 280
3 308 320
3 309 30
3 309 123
3 309 206
3 309 217
3 309 242
3 309 316
3 310 220
3 310 248
3 310 278
3 310 292
3 310 347
3 311 158
3 311 262
3 312 84
3 312 293
3 312 339
3 313 92
3 313 119
3 313 175
3 313 221
3 313 313
3 314 86
3 314 192
3 314 223
3 314 252
3 314 292
3 314 342
3 314 343
3 315 20
3 315 274
3 315 296
3 315 343
3 316 330
3 317 63
3 317 66
3 317 179
3 317 180
3 317 233
3 317 247
3 317 263
3 317 279
3 317 348
3 318 215
3 318 244
3 318 305
3 318 316
3 319 31
3 320 28
3 320 71
3 320 188
3 320 213
3 320 225
3 320 247
3 320 318
3 320 337
3 320 342
3 321 276
3 321 336
3 322 161
3 322 179
3 322 183
3 322 235
3 322 239
3 323 38
3 323 81
3 323 112
3 323 243
3 323 271
3 323 275
3 323 284
3 323 345
3 324 3
3 324 201
3 324 237
3 324 240
3 325 46
3 325 91
3 325 175
3 325 186
3 325 259
3 325 287
3 325 349
3 326 235
3 326 275
3 326 293
3 327 162
3 327 209
3 327 245
3 327 246
3 327 300
3 328 73
3 328 205
3 329 86
3 329 87
3 329 157
3 329 243
3 329 264
3 329 282
3 329 286
3 329 305
3 330 124
3 330 187
3 330 200
3 330 204
3 331 79
3 331 214
3 331 255
3 332 233
3 332 277
3 333 67
3 333 198
3 333 261
3 333 298
3 334 39
3 334 212
3 334 299
3 334 321
3 335 42
3 335 112
3 335 201
3 335 208
3 335 260
3 335 290
3 335 327
3 336 91
3 336 244
3 336 251
3 336 308
3 336 329
3 336 341
3 336 347
3 337 21
3 337 166
3 337 179
3 337 216
3 337 247
3 337 303
3 338 150
3 338 205
3 338 209
3 338 216
3 338 222
3 338 299
3 338 314
3 339 188
3 339 288
3 339 307
3 339 341
3 340 271
3 340 280
3 340 354
3 341 176
3 341 214
3 341 230
3 341 234
3 341 237
3 341 324
3 341 345
3 342 205
3 342 241
3 343 68
3 343 235
3 344 188
3 344 213
3 344 333
3 345 126
3 345 285
3 345 310
3 345 338
3 345 343
3 346 128
3 346 222
3 346 246
3 347 212
3 347 301
3 347 308
3 348 194
3 348 198
3 348 286
3 349 166
3 349 219
3 350 69
3 350 193
3 350 232
3 350 327
3 350 334
3 351 69
3 351 177
3 351 239
3 351 332
3 351 345
3 352 94
3 352 98
3 352 101
3 352 213
3 352 234
3 352 274
3 352 334
3 353 119
3 353 184
3 354 10
3 354 176
3 355 184
3 355 252
3 355 263
3 355 327
3 355 346
3 356 64
3 356 113
3 356 207
3 357 51
3 357 207
3 357 218
3 357 290
3 357 317
3 357 345