51693
9
38 38 39 38 39 38 39 42 39
2361

0 520 850 176 959 124 194 0 356 0 0 511 0 856 0 0 0 0 0 0 0 0 7 97 0 0 0 63 84 0 20 46 36 0 76 31 0 74
0 0 0 0 985 0 0 0 0 640 679 0 0 673 910 808 0 0 0 0 0 91 0 0 81 71 0 5 70 19 80 0 26 14 0 0 87 0
654 0 0 906 0 367 0 0 645 958 45 0 58 237 0 446 35 0 0 0 0 94 0 25 0 0 66 88 0 0 72 60 0 0 59 0 24 0 26
588 479 0 618 0 347 0 927 688 0 136 327 29 0 39 0 79 0 0 81 19 0 54 0 0 0 35 0 0 0 0 90 0 51 0 8 0 0
283 0 0 624 582 292 579 0 0 668 0 474 874 316 0 906 53 99 47 85 52 0 28 38 0 0 0 45 56 77 0 0 0 27 95 21 0 81 0
140 543 0 0 0 49 0 0 572 0 417 885 95 0 0 690 91 13 0 0 0 0 48 38 20 59 0 0 0 2 0 0 0 90 0 0 12 0
0 0 0 837 277 0 132 530 669 0 0 0 645 527 209 0 0 42 70 82 0 0 0 90 0 9 0 39 12 0 0 65 39 86 0 0 0 0 0
327 517 0 0 0 133 451 448 0 0 0 0 563 0 466 0 0 141 5 82 0 48 0 72 0 55 0 0 49 0 2 0 88 0 37 28 0 0 0 41 0 48
0 568 0 0 0 455 0 0 0 0 0 517 111 7 0 579 14 91 73 0 0 2 7 0 57 0 0 27 94 12 0 39 99 0 0 0 40 65 0

0 0 1
0 0 2
0 0 3
0 0 4
0 0 9
0 0 10
0 0 12
0 0 13
0 0 14
0 0 15
0 0 19
0 1 6
0 1 7
0 1 8
0 1 10
0 1 11
0 1 13
0 1 17
0 1 27
0 2 0
0 2 2
0 2 5
0 2 6
0 2 8
0 2 9
0 2 10
0 2 11
0 2 12
0 2 14
0 2 15
0 2 16
0 3 0
0 3 1
0 3 2
0 3 3
0 3 4
0 3 5
0 3 6
0 3 10
0 3 11
0 3 12
0 3 14
0 3 20
0 3 24
0 3 29
0 3 30
0 4 0
0 4 1
0 4 5
0 4 7
0 4 8
0 4 10
0 4 12
0 4 14
0 4 17
0 4 35
0 5 0
0 5 1
0 5 2
0 5 3
0 5 9
0 5 12
0 5 22
0 5 24
0 5 32
0 5 33
0 6 0
0 6 1
0 6 2
0 6 5
0 6 6
0 6 7
0 6 8
0 6 10
0 6 11
0 6 13
0 6 14
0 6 15
0 6 37
0 7 0
0 7 4
0 7 6
0 7 7
0 7 9
0 7 10
0 7 11
0 7 12
0 7 13
0 7 14
0 7 16
0 7 29
0 7 36
0 8 0
0 8 1
0 8 2
0 8 7
0 8 9
0 8 11
0 8 13
0 8 14
0 8 15
0 8 16
0 9 0
0 9 4
0 9 5
0 9 6
0 9 8
0 9 10
0 9 12
0 9 13
0 9 14
0 9 15
0 10 1
0 10 3
0 10 4
0 10 5
0 10 10
0 10 11
0 10 13
0 10 14
0 10 15
0 10 27
0 10 37
0 11 0
0 11 1
0 11 3
0 11 4
0 11 6
0 11 7
0 11 10
0 11 11
0 11 15
0 11 21
0 11 23
0 11 28
0 11 31
0 12 0
0 12 4
0 12 5
0 12 6
0 12 7
0 12 8
0 12 9
0 12 10
0 12 11
0 12 12
0 12 13
0 12 22
0 12 28
0 13 1
0 13 3
0 13 6
0 13 8
0 13 9
0 13 10
0 13 11
0 13 14
0 13 22
0 14 0
0 14 1
0 14 2
0 14 3
0 14 5
0 14 6
0 14 7
0 14 10
0 14 14
0 14 18
0 14 30
0 14 32
0 14 33
0 14 35
0 14 37
0 15 0
0 15 1
0 15 2
0 15 4
0 15 7
0 15 8
0 15 10
0 15 13
0 15 14
0 15 17
0 15 25
0 15 34
0 15 36
0 16 2
0 16 3
0 16 4
0 16 17
0 16 24
0 16 25
0 16 26
0 16 30
0 16 36
0 16 37
0 17 3
0 17 5
0 17 15
0 17 23
0 17 24
0 17 28
0 17 32
0 18 12
0 18 17
0 18 21
0 18 27
0 18 29
0 18 37
0 19 13
0 19 20
0 19 28
0 19 33
0 19 34
0 20 0
0 20 1
0 20 13
0 20 18
0 20 19
0 20 21
0 20 24
0 20 31
0 20 33
0 21 1
0 21 2
0 21 3
0 21 17
0 21 20
0 21 23
0 21 26
0 22 9
0 22 12
0 22 23
0 22 33
0 23 12
0 23 13
0 23 23
0 23 36
0 24 4
0 24 6
0 24 17
0 24 18
0 24 35
0 25 2
0 25 10
0 25 16
0 25 22
0 26 9
0 26 19
0 26 26
0 26 28
0 26 29
0 26 32
0 27 34
0 28 4
0 28 8
0 28 9
0 29 10
0 29 15
0 29 20
0 29 31
0 29 35
0 30 4
0 30 19
0 30 25
0 30 28
0 30 30
0 31 1
0 31 24
0 31 28
0 31 31
0 31 36
0 31 37
0 32 10
0 32 21
0 32 24
0 33 9
0 33 10
0 33 16
0 33 19
0 33 25
0 33 27
0 33 28
0 33 31
0 33 34
0 34 4
0 34 19
0 34 22
0 34 27
0 35 5
0 35 12
0 35 16
0 35 26
0 36 3
0 36 13
0 36 17
0 36 29
0 37 7
0 37 11
0 37 30
1 0 0
1 0 1
1 0 2
1 0 8
1 0 9
1 0 11
1 0 12
1 0 14
1 0 15
1 0 16
1 0 22
1 0 28
1 0 34
1 1 0
1 1 1
1 1 2
1 1 4
1 1 5
1 1 7
1 1 8
1 1 9
1 1 10
1 1 11
1 1 12
1 1 13
1 1 14
1 1 30
1 2 0
1 2 3
1 2 4
1 2 6
1 2 7
1 2 10
1 2 11
1 2 13
1 2 17
1 2 21
1 2 23
1 2 29
1 2 37
1 3 1
1 3 2
1 3 4
1 3 5
1 3 7
1 3 8
1 3 9
1 3 11
1 3 12
1 3 13
1 3 14
1 3 16
1 3 31
1 3 35
1 3 38
1 4 0
1 4 1
1 4 2
1 4 4
1 4 5
1 4 7
1 4 9
1 4 12
1 4 13
1 5 3
1 5 4
1 5 5
1 5 6
1 5 7
1 5 9
1 5 13
1 5 34
1 5 38
1 6 0
1 6 1
1 6 3
1 6 6
1 6 7
1 6 10
1 6 11
1 6 12
1 6 13
1 6 15
1 6 20
1 6 21
1 7 3
1 7 4
1 7 7
1 7 8
1 7 12
1 7 16
1 7 22
1 7 24
1 7 25
1 7 30
1 8 1
1 8 4
1 8 5
1 8 9
1 8 10
1 8 12
1 8 15
1 8 32
1 9 5
1 9 6
1 9 7
1 9 8
1 9 10
1 9 11
1 9 12
1 9 14
1 9 15
1 9 16
1 9 26
1 10 1
1 10 3
1 10 7
1 10 8
1 10 11
1 10 13
1 10 36
1 11 5
1 11 6
1 11 7
1 11 10
1 11 11
1 11 12
1 11 13
1 11 15
1 11 30
1 11 38
1 12 1
1 12 3
1 12 5
1 12 7
1 12 8
1 12 10
1 12 11
1 12 12
1 12 13
1 12 19
1 13 1
1 13 2
1 13 4
1 13 5
1 13 7
1 13 9
1 13 11
1 13 12
1 13 13
1 13 14
1 13 29
1 13 36
1 14 0
1 14 3
1 14 5
1 14 6
1 14 8
1 14 9
1 14 11
1 14 12
1 14 13
1 14 15
1 14 16
1 14 22
1 14 33
1 15 0
1 15 1
1 15 2
1 15 4
1 15 5
1 15 6
1 15 7
1 15 8
1 15 9
1 15 10
1 15 11
1 15 13
1 15 14
1 15 15
1 15 19
1 15 34
1 16 5
1 16 7
1 16 9
1 16 12
1 16 14
1 16 17
1 16 21
1 16 29
1 17 19
1 17 29
1 17 32
1 17 35
1 17 36
1 18 13
1 18 28
1 18 30
1 18 31
1 18 32
1 19 4
1 19 5
1 19 18
1 19 25
1 19 27
1 19 28
1 19 34
1 19 38
1 20 8
1 20 15
1 20 28
1 20 35
1 21 15
1 21 25
1 21 38
1 22 3
1 22 17
1 22 26
1 22 28
1 23 27
1 23 33
1 23 35
1 24 1
1 24 10
1 24 17
1 24 18
1 24 22
1 24 35
1 25 1
1 25 18
1 25 22
1 25 28
1 25 32
1 25 36
1 26 5
1 26 11
1 26 16
1 26 34
1 26 35
1 27 11
1 27 14
1 27 32
1 28 0
1 28 9
1 28 11
1 28 18
1 28 27
1 28 28
1 29 2
1 29 4
1 29 20
1 29 22
1 29 24
1 29 33
1 29 34
1 30 8
1 30 10
1 30 30
1 31 28
1 31 31
1 32 18
1 32 23
1 32 26
1 32 37
1 33 2
1 33 13
1 33 20
1 33 23
1 33 36
1 34 14
1 34 17
1 34 24
1 34 36
1 35 5
1 35 7
1 35 11
1 35 15
1 35 17
1 35 18
1 35 33
1 36 0
1 36 15
1 36 23
1 36 24
1 36 31
1 36 34
1 37 0
1 37 2
1 37 20
1 37 21
1 37 30
1 37 33
1 37 35
2 0 0
2 0 3
2 0 4
2 0 6
2 0 9
2 0 11
2 0 14
2 0 15
2 0 22
2 0 30
2 1 1
2 1 2
2 1 3
2 1 4
2 1 5
2 1 6
2 1 7
2 1 8
2 1 9
2 1 10
2 1 12
2 1 13
2 1 14
2 1 15
2 1 30
2 1 37
2 2 0
2 2 5
2 2 8
2 2 9
2 2 10
2 2 11
2 2 12
2 2 14
2 2 15
2 2 35
2 2 36
2 3 0
2 3 1
2 3 2
2 3 3
2 3 4
2 3 11
2 3 12
2 3 14
2 3 15
2 3 16
2 3 23
2 3 34
2 4 0
2 4 1
2 4 3
2 4 4
2 4 7
2 4 10
2 4 12
2 4 14
2 4 16
2 4 32
2 5 0
2 5 2
2 5 3
2 5 4
2 5 5
2 5 6
2 5 8
2 5 9
2 5 13
2 5 15
2 5 36
2 6 0
2 6 4
2 6 5
2 6 6
2 6 7
2 6 8
2 6 9
2 6 11
2 6 12
2 6 13
2 6 14
2 6 15
2 6 18
2 6 23
2 6 29
2 7 0
2 7 1
2 7 2
2 7 3
2 7 7
2 7 8
2 7 10
2 7 12
2 7 17
2 7 26
2 8 0
2 8 1
2 8 2
2 8 4
2 8 7
2 8 11
2 8 12
2 8 14
2 8 30
2 8 32
2 9 0
2 9 3
2 9 5
2 9 7
2 9 9
2 9 11
2 9 15
2 9 19
2 9 27
2 10 0
2 10 2
2 10 4
2 10 6
2 10 7
2 10 8
2 10 9
2 10 11
2 10 13
2 10 14
2 10 24
2 10 34
2 11 0
2 11 1
2 11 2
2 11 8
2 11 9
2 11 10
2 11 12
2 11 13
2 11 14
2 11 15
2 11 35
2 12 0
2 12 3
2 12 4
2 12 7
2 12 8
2 12 10
2 12 13
2 12 22
2 12 37
2 13 0
2 13 1
2 13 4
2 13 7
2 13 11
2 13 20
2 14 0
2 14 2
2 14 6
2 14 7
2 14 9
2 14 10
2 14 11
2 14 13
2 14 14
2 14 34
2 15 0
2 15 2
2 15 3
2 15 7
2 15 11
2 15 12
2 15 13
2 15 15
2 15 17
2 15 27
2 15 32
2 16 12
2 16 17
2 16 23
2 17 15
2 17 18
2 17 22
2 17 35
2 18 0
2 18 7
2 18 9
2 18 32
2 18 37
2 19 9
2 19 13
2 19 24
2 19 25
2 19 33
2 19 37
2 20 2
2 20 19
2 21 6
2 21 23
2 21 33
2 21 34
2 21 37
2 22 11
2 22 23
2 22 27
2 22 28
2 23 11
2 23 12
2 23 28
2 23 31
2 23 34
2 24 6
2 24 7
2 24 8
2 24 15
2 24 17
2 24 32
2 25 9
2 25 12
2 25 21
2 26 0
2 26 4
2 26 24
2 26 29
2 26 36
2 27 9
2 27 20
2 27 27
2 27 31
2 28 1
2 28 5
2 28 17
2 29 4
2 29 14
2 29 20
2 29 26
2 29 31
2 29 32
2 29 33
2 29 34
2 30 8
2 30 13
2 30 17
2 30 20
2 30 28
2 30 36
2 31 5
2 31 6
2 31 20
2 31 27
2 31 29
2 31 30
2 31 32
2 31 33
2 31 37
2 32 1
2 32 8
2 32 11
2 32 21
2 32 26
2 32 27
2 32 32
2 33 1
2 33 3
2 33 5
2 33 10
2 33 26
2 33 28
2 34 0
2 34 2
2 34 18
2 34 32
2 35 12
2 35 15
2 35 28
2 35 33
2 36 3
2 36 16
2 36 22
2 37 2
2 37 4
2 37 6
2 37 14
2 38 7
2 38 12
2 38 24
2 38 37
3 0 0
3 0 1
3 0 3
3 0 4
3 0 5
3 0 6
3 0 8
3 0 9
3 0 10
3 0 11
3 0 12
3 0 15
3 1 0
3 1 2
3 1 3
3 1 4
3 1 5
3 1 6
3 1 7
3 1 8
3 1 10
3 1 11
3 1 12
3 1 13
3 1 21
3 1 22
3 1 25
3 1 36
3 2 0
3 2 1
3 2 4
3 2 5
3 2 7
3 2 8
3 2 10
3 2 13
3 2 15
3 3 1
3 3 3
3 3 5
3 3 8
3 3 12
3 3 20
3 3 28
3 3 35
3 4 0
3 4 3
3 4 7
3 4 8
3 4 11
3 4 12
3 4 13
3 4 14
3 4 20
3 4 35
3 5 0
3 5 2
3 5 5
3 5 6
3 5 7
3 5 12
3 5 13
3 5 14
3 5 24
3 5 25
3 5 32
3 5 37
3 6 0
3 6 2
3 6 3
3 6 6
3 6 8
3 6 9
3 6 10
3 6 12
3 6 14
3 6 16
3 6 22
3 7 1
3 7 2
3 7 3
3 7 5
3 7 7
3 7 10
3 7 16
3 7 33
3 8 3
3 8 5
3 8 10
3 8 11
3 8 14
3 8 31
3 9 2
3 9 3
3 9 4
3 9 5
3 9 6
3 9 8
3 9 9
3 9 11
3 9 12
3 9 14
3 9 29
3 10 4
3 10 6
3 10 7
3 10 9
3 10 11
3 10 12
3 10 14
3 10 16
3 10 20
3 10 21
3 10 26
3 10 29
3 10 31
3 10 37
3 11 0
3 11 2
3 11 3
3 11 7
3 11 8
3 11 10
3 11 12
3 11 22
3 12 3
3 12 6
3 12 7
3 12 8
3 12 11
3 12 12
3 12 13
3 12 15
3 12 26
3 12 34
3 12 38
3 13 1
3 13 2
3 13 3
3 13 4
3 13 8
3 13 9
3 13 11
3 13 12
3 13 13
3 13 15
3 14 0
3 14 1
3 14 3
3 14 5
3 14 6
3 14 7
3 14 8
3 14 11
3 14 12
3 14 15
3 14 18
3 14 20
3 14 30
3 14 33
3 15 3
3 15 6
3 15 7
3 15 10
3 15 11
3 15 12
3 15 14
3 15 15
3 16 2
3 16 13
3 16 32
3 17 2
3 17 16
3 17 19
3 17 33
3 17 38
3 18 1
3 18 2
3 18 31
3 18 32
3 18 35
3 19 0
3 19 9
3 19 22
3 19 31
3 20 0
3 20 4
3 20 34
3 20 38
3 21 1
3 21 12
3 21 21
3 21 26
3 21 29
3 21 31
3 21 35
3 22 1
3 22 9
3 22 13
3 22 15
3 22 37
3 23 5
3 23 22
3 23 25
3 23 28
3 23 31
3 23 35
3 24 2
3 24 6
3 24 21
3 24 22
3 24 30
3 24 31
3 25 10
3 25 20
3 25 31
3 26 12
3 26 14
3 26 19
3 26 29
3 27 11
3 27 35
3 28 0
3 28 4
3 28 11
3 28 17
3 28 22
3 28 28
3 29 11
3 29 25
3 30 22
3 30 34
3 31 16
3 31 23
3 31 37
3 32 3
3 32 13
3 32 24
3 33 6
3 33 14
3 33 17
3 33 19
3 33 28
3 34 0
3 34 9
3 34 12
3 34 19
3 34 21
3 34 24
3 35 20
3 35 21
3 35 24
3 35 29
3 35 37
3 36 5
3 36 10
3 36 15
3 36 24
3 36 33
3 36 36
3 37 22
3 37 26
3 37 27
3 37 29
4 0 0
4 0 1
4 0 6
4 0 7
4 0 8
4 0 9
4 0 10
4 0 11
4 0 12
4 0 15
4 0 26
4 0 32
4 0 36
4 1 0
4 1 1
4 1 4
4 1 7
4 1 9
4 1 10
4 1 12
4 1 13
4 1 14
4 1 22
4 1 30
4 2 0
4 2 1
4 2 3
4 2 4
4 2 5
4 2 8
4 2 10
4 2 11
4 2 22
4 2 23
4 2 34
4 3 3
4 3 4
4 3 6
4 3 8
4 3 9
4 3 10
4 3 11
4 3 12
4 3 13
4 3 15
4 3 17
4 3 21
4 3 30
4 4 4
4 4 6
4 4 10
4 4 11
4 4 14
4 4 15
4 4 21
4 4 31
4 4 32
4 5 0
4 5 1
4 5 5
4 5 7
4 5 8
4 5 9
4 5 10
4 5 11
4 5 12
4 5 13
4 5 14
4 5 15
4 5 31
4 5 33
4 6 0
4 6 1
4 6 2
4 6 4
4 6 6
4 6 9
4 6 11
4 6 12
4 6 13
4 6 14
4 6 28
4 7 0
4 7 4
4 7 5
4 7 6
4 7 10
4 7 13
4 7 14
4 7 19
4 8 0
4 8 2
4 8 3
4 8 7
4 8 8
4 8 11
4 8 14
4 8 30
4 8 31
4 9 0
4 9 1
4 9 3
4 9 6
4 9 7
4 9 8
4 9 10
4 9 11
4 9 12
4 9 13
4 9 15
4 9 28
4 10 1
4 10 2
4 10 3
4 10 5
4 10 6
4 10 7
4 10 8
4 10 9
4 10 11
4 10 13
4 10 14
4 10 17
4 10 24
4 10 25
4 11 0
4 11 1
4 11 2
4 11 3
4 11 4
4 11 6
4 11 8
4 11 9
4 11 11
4 11 13
4 11 25
4 11 26
4 11 34
4 12 1
4 12 2
4 12 5
4 12 9
4 12 11
4 12 12
4 12 14
4 12 16
4 12 36
4 12 37
4 13 0
4 13 1
4 13 3
4 13 5
4 13 6
4 13 10
4 13 12
4 13 14
4 13 15
4 13 32
4 13 36
4 14 0
4 14 2
4 14 3
4 14 4
4 14 6
4 14 8
4 14 10
4 14 13
4 14 15
4 15 3
4 15 5
4 15 6
4 15 7
4 15 8
4 15 10
4 15 12
4 15 17
4 15 21
4 16 5
4 16 17
4 16 29
4 16 37
4 17 4
4 17 11
4 17 13
4 17 17
4 17 36
4 17 37
4 18 1
4 18 8
4 18 10
4 18 32
4 19 1
4 19 12
4 19 13
4 19 19
4 19 29
4 19 33
4 19 36
4 20 8
4 20 17
4 20 22
4 20 24
4 20 33
4 20 34
4 20 37
4 21 0
4 21 4
4 21 7
4 21 27
4 21 29
4 22 3
4 22 7
4 22 22
4 23 13
4 23 31
4 23 33
4 23 34
4 23 36
4 24 5
4 24 18
4 24 26
4 24 32
4 24 35
4 25 1
4 25 8
4 25 17
4 25 18
4 25 24
4 25 31
4 26 0
4 26 2
4 26 9
4 26 10
4 26 24
4 27 8
4 27 11
4 27 24
4 27 26
4 27 33
4 28 17
4 28 23
4 28 24
4 28 28
4 28 36
4 29 1
4 29 7
4 29 10
4 29 25
4 29 30
4 30 9
4 30 10
4 30 28
4 30 29
4 30 31
4 30 32
4 31 16
4 31 17
4 31 18
4 31 19
4 31 25
4 31 27
4 31 34
4 32 12
4 32 32
4 32 35
4 33 2
4 33 6
4 33 19
4 33 22
4 33 23
4 33 28
4 33 29
4 33 35
4 34 1
4 34 19
4 34 21
4 34 22
4 34 32
4 34 34
4 34 36
4 35 3
4 35 26
4 36 10
4 36 11
4 36 12
4 36 20
4 36 31
4 36 32
4 36 33
4 37 10
4 37 12
4 37 17
4 37 25
4 37 32
4 38 16
4 38 27
4 38 34
5 0 0
5 0 2
5 0 4
5 0 5
5 0 9
5 0 14
5 0 15
5 0 24
5 0 25
5 0 29
5 0 33
5 1 1
5 1 2
5 1 6
5 1 8
5 1 10
5 1 11
5 1 12
5 1 13
5 1 14
5 1 36
5 2 2
5 2 7
5 2 8
5 2 9
5 2 10
5 2 11
5 2 12
5 2 15
5 2 36
5 3 0
5 3 1
5 3 2
5 3 3
5 3 4
5 3 7
5 3 10
5 3 11
5 3 14
5 3 15
5 3 17
5 3 25
5 3 36
5 4 1
5 4 3
5 4 4
5 4 6
5 4 7
5 4 8
5 4 12
5 4 13
5 4 14
5 4 15
5 4 16
5 4 18
5 4 19
5 4 30
5 5 0
5 5 1
5 5 4
5 5 5
5 5 7
5 5 8
5 5 9
5 5 10
5 5 11
5 5 12
5 5 19
5 5 24
5 5 33
5 6 0
5 6 1
5 6 3
5 6 5
5 6 6
5 6 8
5 6 12
5 6 14
5 6 15
5 6 23
5 6 26
5 6 28
5 6 30
5 7 0
5 7 2
5 7 3
5 7 9
5 7 10
5 7 12
5 7 13
5 7 15
5 7 24
5 7 27
5 7 28
5 7 33
5 8 0
5 8 5
5 8 9
5 8 11
5 8 15
5 8 16
5 8 25
5 8 29
5 8 35
5 9 2
5 9 3
5 9 4
5 9 6
5 9 7
5 9 9
5 9 10
5 9 12
5 9 13
5 9 14
5 9 25
5 10 0
5 10 1
5 10 2
5 10 3
5 10 6
5 10 9
5 10 10
5 10 11
5 10 13
5 10 26
5 10 30
5 11 1
5 11 3
5 11 5
5 11 6
5 11 7
5 11 8
5 11 9
5 11 12
5 11 13
5 11 26
5 11 30
5 12 0
5 12 2
5 12 3
5 12 4
5 12 5
5 12 6
5 12 8
5 12 9
5 12 11
5 12 12
5 12 21
5 12 32
5 12 33
5 12 38
5 13 0
5 13 1
5 13 3
5 13 4
5 13 5
5 13 6
5 13 9
5 13 10
5 13 11
5 13 12
5 13 13
5 13 14
5 13 19
5 14 1
5 14 2
5 14 3
5 14 4
5 14 6
5 14 8
5 14 10
5 14 11
5 14 15
5 14 17
5 14 32
5 14 34
5 15 1
5 15 3
5 15 4
5 15 6
5 15 7
5 15 10
5 15 12
5 15 15
5 15 19
5 15 25
5 15 28
5 16 1
5 16 2
5 16 13
5 16 15
5 16 19
5 16 22
5 16 28
5 17 5
5 17 15
5 17 34
5 18 21
5 19 4
5 19 12
5 19 13
5 19 15
5 19 16
5 19 19
5 19 26
5 19 29
5 20 2
5 20 5
5 20 8
5 20 11
5 20 16
5 20 17
5 20 33
5 21 0
5 21 3
5 21 5
5 21 15
5 21 19
5 21 22
5 21 33
5 21 34
5 21 38
5 22 0
5 22 22
5 22 33
5 23 2
5 23 28
5 24 20
5 24 33
5 25 5
5 25 19
5 25 22
5 25 24
5 25 30
5 26 7
5 26 12
5 26 13
5 26 18
5 26 28
5 26 32
5 26 33
5 27 0
5 27 2
5 27 5
5 27 12
5 27 15
5 27 23
5 27 26
5 27 28
5 28 4
5 28 26
5 29 1
5 29 12
5 29 16
5 29 29
5 29 35
5 30 14
5 30 26
5 30 31
5 31 7
5 31 11
5 31 18
5 31 20
5 31 23
5 31 24
5 31 25
5 31 34
5 31 36
5 32 1
5 32 22
5 32 24
5 32 27
5 32 37
5 33 0
5 33 2
5 33 8
5 33 19
5 33 23
5 33 30
5 33 31
5 33 38
5 34 8
5 34 10
5 34 21
5 34 27
5 34 32
5 35 9
5 35 22
5 35 23
5 35 27
5 35 29
5 36 2
5 36 13
5 36 18
5 36 30
5 36 32
5 37 5
5 37 13
5 37 14
5 37 23
5 37 26
5 37 32
5 37 33
6 0 2
6 0 4
6 0 5
6 0 7
6 0 8
6 0 9
6 0 11
6 0 12
6 0 16
6 0 20
6 0 35
6 0 40
6 1 1
6 1 3
6 1 4
6 1 5
6 1 6
6 1 7
6 1 8
6 1 9
6 1 10
6 1 11
6 1 13
6 1 14
6 1 15
6 1 20
6 1 24
6 1 37
6 2 0
6 2 1
6 2 3
6 2 4
6 2 5
6 2 8
6 2 9
6 2 11
6 2 13
6 2 14
6 2 16
6 2 17
6 2 19
6 2 27
6 2 40
6 3 0
6 3 1
6 3 2
6 3 5
6 3 8
6 3 9
6 3 11
6 3 13
6 3 14
6 3 15
6 3 16
6 3 18
6 3 41
6 4 0
6 4 3
6 4 4
6 4 6
6 4 8
6 4 9
6 4 11
6 4 12
6 4 13
6 4 15
6 4 17
6 4 21
6 4 35
6 4 36
6 5 0
6 5 3
6 5 4
6 5 11
6 5 12
6 5 13
6 5 14
6 5 16
6 5 17
6 5 20
6 6 1
6 6 3
6 6 4
6 6 8
6 6 12
6 6 13
6 6 37
6 6 38
6 6 41
6 7 0
6 7 1
6 7 5
6 7 6
6 7 10
6 7 11
6 7 13
6 7 17
6 7 18
6 7 20
6 7 21
6 7 38
6 8 2
6 8 3
6 8 4
6 8 5
6 8 8
6 8 11
6 8 12
6 8 15
6 8 16
6 8 17
6 8 29
6 9 0
6 9 1
6 9 5
6 9 8
6 9 11
6 9 13
6 9 14
6 9 15
6 9 16
6 9 17
6 10 1
6 10 3
6 10 4
6 10 5
6 10 10
6 10 11
6 10 12
6 10 13
6 10 14
6 10 16
6 10 31
6 10 41
6 11 2
6 11 5
6 11 7
6 11 9
6 11 11
6 11 12
6 11 14
6 11 15
6 11 16
6 11 24
6 12 0
6 12 1
6 12 2
6 12 3
6 12 4
6 12 5
6 12 10
6 12 11
6 12 13
6 12 14
6 12 15
6 12 16
6 12 41
6 13 0
6 13 2
6 13 4
6 13 6
6 13 7
6 13 9
6 13 10
6 13 11
6 13 16
6 13 17
6 14 1
6 14 4
6 14 5
6 14 7
6 14 8
6 14 12
6 14 13
6 14 14
6 14 15
6 14 17
6 14 18
6 14 19
6 14 22
6 14 24
6 14 30
6 14 35
6 15 1
6 15 3
6 15 4
6 15 6
6 15 7
6 15 8
6 15 10
6 15 12
6 15 13
6 15 14
6 15 15
6 15 17
6 15 23
6 15 25
6 15 27
6 15 33
6 16 9
6 16 23
6 16 29
6 16 32
6 16 33
6 16 40
6 17 0
6 17 13
6 17 16
6 17 19
6 17 20
6 17 24
6 17 34
6 17 37
6 18 12
6 18 25
6 18 31
6 18 37
6 19 18
6 19 20
6 19 29
6 19 31
6 19 37
6 19 39
6 20 7
6 20 8
6 20 23
6 20 25
6 20 41
6 21 17
6 21 21
6 22 16
6 22 27
6 22 37
6 23 4
6 23 11
6 23 21
6 23 31
6 23 32
6 23 40
6 23 41
6 24 8
6 24 22
6 24 28
6 24 35
6 24 38
6 25 3
6 25 4
6 26 7
6 26 8
6 26 25
6 27 6
6 27 15
6 27 23
6 27 24
6 27 25
6 27 30
6 27 34
6 27 40
6 28 26
6 29 18
6 29 21
6 29 25
6 29 26
6 29 28
6 29 35
6 29 38
6 30 23
6 30 37
6 30 38
6 31 1
6 31 2
6 31 5
6 31 13
6 31 14
6 31 27
6 31 34
6 31 39
6 32 6
6 32 10
6 32 13
6 32 18
6 32 19
6 32 33
6 33 17
6 33 18
6 33 24
6 33 25
6 34 12
6 34 24
6 34 28
6 34 30
6 34 41
6 35 0
6 35 3
6 35 24
6 35 31
6 35 41
6 36 2
6 36 12
6 36 18
6 36 36
6 36 39
6 37 8
6 37 12
6 37 13
6 37 15
6 37 34
6 37 36
6 37 37
6 38 1
6 38 3
6 38 16
6 38 27
7 0 1
7 0 5
7 0 6
7 0 7
7 0 8
7 0 9
7 0 12
7 0 13
7 0 14
7 1 0
7 1 2
7 1 3
7 1 5
7 1 6
7 1 7
7 1 8
7 1 10
7 1 11
7 1 12
7 1 13
7 1 14
7 1 16
7 1 26
7 1 29
7 2 0
7 2 11
7 2 12
7 2 13
7 2 14
7 2 17
7 2 32
7 3 1
7 3 2
7 3 4
7 3 5
7 3 8
7 3 10
7 3 11
7 3 12
7 3 13
7 3 15
7 3 21
7 4 0
7 4 1
7 4 2
7 4 4
7 4 5
7 4 7
7 4 8
7 4 9
7 4 13
7 4 14
7 4 15
7 5 0
7 5 1
7 5 2
7 5 3
7 5 6
7 5 8
7 5 9
7 5 11
7 5 13
7 5 14
7 5 23
7 5 27
7 5 32
7 6 1
7 6 2
7 6 6
7 6 8
7 6 9
7 6 10
7 6 12
7 6 13
7 6 15
7 6 18
7 6 34
7 6 37
7 7 0
7 7 3
7 7 10
7 7 11
7 7 12
7 7 13
7 7 15
7 7 27
7 7 29
7 7 35
7 8 1
7 8 2
7 8 4
7 8 5
7 8 7
7 8 8
7 8 9
7 8 11
7 8 13
7 8 14
7 8 15
7 8 20
7 8 37
7 9 2
7 9 5
7 9 6
7 9 7
7 9 10
7 9 11
7 9 14
7 9 15
7 9 30
7 10 1
7 10 2
7 10 3
7 10 4
7 10 7
7 10 11
7 10 13
7 10 14
7 10 18
7 11 0
7 11 1
7 11 3
7 11 5
7 11 8
7 11 11
7 11 12
7 11 13
7 11 14
7 12 1
7 12 2
7 12 3
7 12 4
7 12 6
7 12 8
7 12 9
7 12 10
7 12 11
7 12 13
7 12 26
7 12 30
7 13 1
7 13 4
7 13 5
7 13 9
7 13 10
7 13 12
7 13 13
7 13 14
7 13 15
7 13 19
7 13 21
7 13 23
7 13 35
7 14 2
7 14 6
7 14 10
7 14 11
7 14 12
7 14 15
7 15 0
7 15 1
7 15 6
7 15 8
7 15 12
7 15 15
7 15 30
7 15 32
7 15 37
7 16 0
7 16 1
7 16 5
7 16 6
7 16 8
7 16 11
7 16 12
7 16 13
7 16 14
7 16 20
7 16 23
7 17 0
7 17 1
7 17 2
7 17 5
7 17 6
7 17 8
7 17 10
7 17 12
7 17 14
7 17 15
7 17 27
7 17 28
7 17 30
7 17 32
7 18 8
7 18 12
7 18 14
7 18 22
7 18 23
7 18 34
7 19 10
7 19 24
7 19 25
7 20 6
7 21 2
7 21 24
7 21 32
7 21 33
7 22 4
7 22 18
7 22 20
7 22 24
7 22 28
7 23 1
7 23 15
7 23 27
7 23 29
7 23 30
7 24 9
7 24 24
7 24 25
7 24 38
7 25 0
7 25 11
7 25 12
7 25 13
7 25 17
7 25 24
7 26 2
7 26 4
7 26 7
7 26 12
7 26 16
7 26 17
7 26 19
7 26 28
7 26 29
7 26 31
7 26 32
7 27 0
7 27 3
7 27 9
7 27 29
7 27 35
7 28 25
7 28 26
7 29 3
7 29 11
7 29 13
7 29 22
7 30 3
7 30 8
7 30 19
7 30 37
7 31 16
7 31 22
7 32 1
7 32 20
7 32 29
7 32 34
7 32 35
7 32 36
7 33 1
7 33 3
7 33 6
7 33 11
7 33 23
7 33 26
7 33 34
7 34 1
7 34 9
7 34 26
7 34 36
7 35 0
7 35 5
7 35 9
7 35 18
7 35 25
7 35 29
7 36 17
7 36 29
7 36 33
7 36 34
7 37 12
7 37 13
7 37 19
7 37 21
7 37 23
7 37 27
7 37 31
7 37 33
7 38 0
7 38 21
7 39 2
7 39 6
7 39 15
7 39 23
7 39 29
7 40 0
7 40 9
7 40 18
7 40 26
7 40 29
7 40 33
7 41 1
7 41 2
7 41 4
7 41 11
7 41 26