51810
5
40 40 40 41 41
1015

0 0 526 409 63 0 306 872 0 0 0 0 731 59 0 82 79 60 0 84 46 0 0 38 79 52 0 74 7 0 63 0 95 18 0 89 0 0 0 0
0 0 0 0 534 0 0 0 0 0 0 502 0 21 0 0 0 27 55 17 0 0 15 29 54 30 40 0 0 0 78 94 74 0 0 87 80 16 0 0
0 0 0 397 713 360 5 0 0 818 0 49 0 0 74 43 93 0 0 0 2 0 0 17 0 0 0 0 0 0 27 0 18 18 0 0 92 79 0 0
166 762 0 0 10 978 133 593 293 966 459 0 0 871 0 0 2 2 0 0 0 92 0 0 0 50 0 47 0 8 87 0 19 74 76 21 25 0 0 0 0
344 0 0 707 812 0 221 0 427 770 58 594 0 708 93 0 0 0 0 0 4 87 18 0 91 0 85 0 0 35 0 67 0 55 69 66 42 18 0 0 96

0 0 0
0 0 1
0 0 2
0 0 3
0 0 5
0 0 6
0 0 7
0 0 8
0 0 9
0 0 10
0 0 11
0 0 12
0 0 27
0 0 30
0 1 0
0 1 2
0 1 3
0 1 4
0 1 5
0 1 6
0 1 7
0 1 8
0 1 9
0 1 10
0 1 11
0 1 12
0 1 18
0 1 23
0 1 27
0 2 0
0 2 1
0 2 2
0 2 3
0 2 4
0 2 5
0 2 6
0 2 7
0 2 9
0 2 12
0 2 14
0 2 33
0 2 37
0 3 0
0 3 1
0 3 2
0 3 4
0 3 6
0 3 7
0 3 8
0 3 9
0 3 11
0 3 12
0 3 16
0 3 19
0 3 23
0 3 26
0 4 2
0 4 4
0 4 5
0 4 6
0 4 7
0 4 8
0 4 9
0 4 10
0 4 11
0 4 12
0 4 14
0 4 23
0 4 26
0 4 28
0 4 39
0 5 1
0 5 3
0 5 6
0 5 7
0 5 8
0 5 9
0 5 11
0 5 12
0 5 25
0 5 35
0 5 36
0 6 0
0 6 1
0 6 2
0 6 3
0 6 4
0 6 5
0 6 7
0 6 8
0 6 10
0 6 12
0 6 20
0 7 2
0 7 5
0 7 6
0 7 7
0 7 9
0 7 11
0 7 12
0 7 24
0 7 34
0 7 36
0 7 37
0 7 38
0 8 0
0 8 1
0 8 3
0 8 4
0 8 5
0 8 6
0 8 7
0 8 8
0 8 9
0 8 11
0 8 24
0 8 25
0 9 0
0 9 1
0 9 3
0 9 4
0 9 5
0 9 6
0 9 7
0 9 8
0 9 9
0 9 10
0 9 11
0 9 12
0 9 25
0 9 37
0 9 39
0 10 0
0 10 1
0 10 2
0 10 3
0 10 4
0 10 5
0 10 6
0 10 7
0 10 10
0 10 11
0 10 12
0 10 15
0 11 0
0 11 1
0 11 2
0 11 3
0 11 4
0 11 5
0 11 7
0 11 8
0 11 9
0 11 10
0 11 11
0 11 12
0 11 19
0 11 31
0 12 0
0 12 1
0 12 2
0 12 3
0 12 6
0 12 7
0 12 9
0 12 11
0 12 12
0 12 18
0 12 31
0 13 15
0 13 27
0 13 31
0 13 36
0 14 29
0 15 1
0 15 12
0 15 38
0 16 0
0 16 22
0 16 27
0 17 5
0 17 14
0 17 39
0 18 11
0 18 19
0 18 24
0 18 33
0 19 21
0 19 30
0 20 7
0 20 21
0 21 1
0 21 13
0 22 15
0 22 19
0 22 25
0 23 2
0 23 10
0 23 12
0 23 19
0 23 21
0 23 25
0 24 11
0 24 33
0 25 10
0 25 20
0 26 16
0 26 17
0 26 20
0 26 22
0 26 26
0 26 38
0 27 12
0 27 25
0 28 2
0 28 30
0 29 27
0 30 13
0 30 27
0 30 31
0 31 12
0 31 21
0 31 25
0 31 38
0 32 18
0 32 33
0 33 18
0 33 26
0 33 39
0 34 0
0 34 5
0 34 38
0 35 8
0 35 25
0 35 27
0 35 28
0 36 0
0 36 32
0 36 36
0 37 3
0 37 5
0 37 10
0 38 2
0 38 3
0 38 16
0 38 38
0 39 9
0 39 20
1 0 1
1 0 2
1 0 3
1 0 4
1 0 5
1 0 6
1 0 7
1 0 8
1 0 9
1 0 12
1 0 27
1 0 37
1 1 0
1 1 1
1 1 2
1 1 3
1 1 4
1 1 5
1 1 6
1 1 7
1 1 8
1 1 9
1 1 10
1 1 11
1 1 35
1 1 37
1 2 0
1 2 1
1 2 2
1 2 4
1 2 5
1 2 6
1 2 7
1 2 8
1 2 9
1 2 10
1 2 11
1 2 12
1 2 16
1 2 29
1 3 0
1 3 1
1 3 2
1 3 3
1 3 4
1 3 5
1 3 7
1 3 8
1 3 10
1 3 11
1 3 12
1 4 0
1 4 2
1 4 3
1 4 5
1 4 6
1 4 8
1 4 9
1 4 10
1 4 11
1 4 12
1 4 30
1 4 38
1 5 0
1 5 1
1 5 2
1 5 3
1 5 4
1 5 5
1 5 7
1 5 8
1 5 9
1 5 10
1 5 11
1 5 28
1 6 0
1 6 1
1 6 3
1 6 4
1 6 5
1 6 6
1 6 7
1 6 9
1 6 10
1 6 11
1 6 12
1 6 14
1 6 15
1 6 38
1 7 0
1 7 1
1 7 2
1 7 3
1 7 4
1 7 5
1 7 6
1 7 8
1 7 9
1 7 11
1 7 30
1 8 1
1 8 3
1 8 4
1 8 5
1 8 6
1 8 7
1 8 10
1 8 11
1 8 12
1 8 13
1 9 0
1 9 1
1 9 2
1 9 3
1 9 4
1 9 5
1 9 6
1 9 8
1 9 9
1 9 10
1 9 12
1 9 15
1 9 35
1 9 37
1 10 0
1 10 1
1 10 2
1 10 4
1 10 5
1 10 6
1 10 9
1 10 10
1 10 12
1 10 15
1 11 0
1 11 1
1 11 2
1 11 4
1 11 5
1 11 6
1 11 7
1 11 9
1 11 10
1 11 12
1 11 21
1 11 28
1 11 29
1 11 30
1 11 38
1 12 0
1 12 1
1 12 2
1 12 4
1 12 5
1 12 6
1 12 8
1 12 10
1 12 11
1 12 12
1 13 29
1 14 7
1 14 11
1 14 17
1 14 19
1 14 37
1 15 12
1 15 14
1 15 20
1 15 28
1 15 39
1 16 4
1 16 10
1 16 13
1 17 23
1 17 25
1 17 32
1 17 35
1 18 27
1 18 31
1 18 37
1 19 25
1 20 3
1 20 11
1 21 6
1 21 18
1 22 14
1 22 16
1 22 27
1 22 30
1 22 33
1 23 2
1 24 15
1 24 28
1 25 26
1 26 3
1 26 32
1 26 34
1 27 4
1 27 18
1 27 23
1 27 24
1 27 31
1 28 34
1 29 0
1 29 1
1 29 2
1 29 6
1 29 14
1 29 35
1 30 9
1 30 23
1 30 28
1 30 34
1 30 37
1 31 28
1 31 36
1 32 10
1 32 16
1 32 32
1 33 27
1 33 36
1 33 37
1 34 22
1 34 29
1 34 37
1 35 1
1 35 14
1 35 20
1 35 28
1 35 30
1 35 39
1 36 5
1 36 20
1 37 5
1 37 19
1 38 1
1 38 19
1 38 30
1 39 3
1 39 13
1 39 14
1 39 19
1 39 27
1 39 34
1 39 39
2 0 0
2 0 1
2 0 3
2 0 4
2 0 6
2 0 7
2 0 8
2 0 10
2 0 11
2 0 13
2 0 27
2 1 0
2 1 1
2 1 3
2 1 4
2 1 5
2 1 6
2 1 7
2 1 9
2 1 10
2 1 11
2 1 12
2 1 13
2 2 0
2 2 1
2 2 3
2 2 5
2 2 6
2 2 7
2 2 8
2 2 9
2 2 11
2 2 12
2 2 13
2 2 20
2 2 27
2 2 39
2 3 0
2 3 1
2 3 2
2 3 4
2 3 5
2 3 6
2 3 9
2 3 10
2 3 11
2 3 13
2 3 25
2 4 1
2 4 2
2 4 3
2 4 4
2 4 5
2 4 6
2 4 7
2 4 9
2 4 10
2 4 12
2 4 13
2 4 15
2 4 34
2 4 37
2 5 0
2 5 1
2 5 2
2 5 4
2 5 5
2 5 6
2 5 8
2 5 9
2 5 10
2 5 13
2 6 0
2 6 1
2 6 3
2 6 4
2 6 6
2 6 8
2 6 9
2 6 10
2 6 11
2 6 12
2 6 16
2 6 23
2 6 30
2 7 4
2 7 5
2 7 6
2 7 8
2 7 9
2 7 10
2 7 11
2 7 20
2 7 21
2 7 26
2 7 38
2 8 0
2 8 1
2 8 2
2 8 3
2 8 4
2 8 6
2 8 9
2 8 10
2 8 11
2 8 12
2 8 13
2 9 0
2 9 1
2 9 2
2 9 3
2 9 4
2 9 5
2 9 6
2 9 8
2 9 9
2 9 10
2 9 11
2 9 12
2 9 19
2 9 29
2 9 37
2 10 0
2 10 2
2 10 5
2 10 6
2 10 7
2 10 8
2 10 9
2 10 10
2 10 12
2 10 13
2 10 14
2 10 36
2 10 37
2 11 0
2 11 1
2 11 3
2 11 5
2 11 8
2 11 9
2 11 11
2 11 12
2 11 14
2 11 19
2 11 30
2 11 31
2 12 0
2 12 3
2 12 4
2 12 5
2 12 6
2 12 7
2 12 8
2 12 9
2 12 10
2 12 13
2 12 22
2 12 25
2 12 34
2 13 6
2 13 10
2 13 12
2 13 29
2 14 5
2 14 34
2 15 2
2 15 28
2 15 29
2 15 36
2 16 1
2 16 14
2 16 18
2 16 19
2 16 23
2 16 27
2 17 8
2 17 9
2 17 17
2 17 23
2 17 27
2 17 36
2 18 2
2 18 8
2 18 20
2 18 27
2 18 30
2 19 10
2 19 11
2 19 33
2 19 36
2 20 2
2 20 34
2 21 0
2 21 7
2 21 24
2 22 15
2 22 19
2 23 4
2 23 6
2 23 7
2 23 30
2 23 32
2 23 39
2 24 5
2 24 12
2 24 14
2 25 8
2 25 14
2 25 36
2 26 15
2 26 16
2 26 29
2 27 3
2 27 8
2 27 14
2 27 21
2 27 26
2 28 5
2 28 31
2 28 33
2 28 39
2 29 29
2 30 10
2 30 19
2 30 26
2 30 28
2 31 38
2 32 10
2 32 11
2 32 18
2 33 37
2 33 39
2 34 0
2 34 23
2 34 39
2 34 40
2 35 3
2 35 23
2 35 38
2 36 16
2 37 9
2 37 13
2 37 22
2 37 34
2 37 35
2 37 36
2 37 40
2 38 5
2 38 16
2 38 17
2 38 31
2 38 35
2 39 5
2 39 8
2 39 35
3 0 0
3 0 1
3 0 2
3 0 3
3 0 4
3 0 6
3 0 7
3 0 9
3 0 10
3 0 11
3 0 12
3 0 13
3 0 34
3 0 40
3 1 0
3 1 2
3 1 3
3 1 4
3 1 5
3 1 6
3 1 7
3 1 8
3 1 9
3 1 10
3 1 11
3 1 12
3 1 28
3 2 0
3 2 1
3 2 3
3 2 5
3 2 7
3 2 8
3 2 11
3 2 12
3 2 13
3 2 27
3 3 0
3 3 1
3 3 5
3 3 6
3 3 13
3 3 22
3 3 28
3 4 1
3 4 3
3 4 4
3 4 5
3 4 6
3 4 8
3 4 10
3 4 11
3 4 13
3 5 1
3 5 2
3 5 3
3 5 5
3 5 6
3 5 7
3 5 8
3 5 10
3 5 11
3 5 12
3 5 13
3 5 16
3 5 19
3 6 0
3 6 1
3 6 2
3 6 3
3 6 4
3 6 5
3 6 9
3 6 10
3 6 11
3 6 13
3 6 17
3 6 18
3 6 38
3 7 1
3 7 2
3 7 3
3 7 5
3 7 6
3 7 7
3 7 8
3 7 9
3 7 10
3 7 11
3 7 13
3 7 24
3 7 30
3 8 1
3 8 2
3 8 4
3 8 6
3 8 7
3 8 8
3 8 9
3 8 10
3 8 11
3 8 12
3 8 17
3 8 23
3 8 28
3 9 0
3 9 4
3 9 6
3 9 8
3 9 9
3 9 10
3 9 11
3 9 12
3 9 13
3 9 14
3 9 31
3 10 2
3 10 3
3 10 5
3 10 7
3 10 8
3 10 9
3 10 10
3 10 11
3 10 12
3 10 13
3 10 21
3 10 31
3 10 33
3 10 35
3 11 0
3 11 1
3 11 2
3 11 3
3 11 4
3 11 5
3 11 7
3 11 8
3 11 9
3 11 10
3 11 11
3 11 13
3 11 14
3 11 21
3 11 23
3 12 0
3 12 1
3 12 2
3 12 4
3 12 5
3 12 6
3 12 7
3 12 10
3 12 11
3 12 13
3 12 35
3 13 0
3 13 2
3 13 3
3 13 4
3 13 5
3 13 6
3 13 7
3 13 8
3 13 10
3 13 11
3 13 13
3 13 17
3 14 20
3 14 22
3 15 19
3 15 33
3 15 37
3 16 15
3 16 21
3 16 23
3 17 4
3 17 18
3 17 19
3 17 40
3 18 5
3 18 11
3 18 12
3 18 28
3 19 28
3 19 32
3 19 34
3 20 33
3 20 34
3 21 4
3 21 5
3 21 17
3 21 18
3 21 20
3 21 21
3 21 26
3 21 36
3 22 17
3 23 7
3 23 13
3 23 17
3 23 19
3 23 33
3 23 34
3 24 17
3 24 39
3 25 8
3 25 11
3 25 12
3 25 21
3 26 13
3 26 17
3 26 19
3 26 21
3 26 29
3 26 33
3 26 34
3 27 7
3 27 11
3 27 12
3 27 14
3 27 19
3 27 21
3 27 22
3 27 36
3 28 2
3 28 32
3 29 22
3 29 27
3 29 31
3 29 36
3 29 39
3 30 2
3 30 8
3 30 13
3 30 19
3 30 20
3 30 25
3 30 28
3 30 31
3 31 20
3 31 36
3 32 13
3 32 18
3 32 27
3 32 30
3 33 27
3 33 29
3 34 27
3 34 30
3 35 1
3 35 16
3 35 24
3 35 28
3 36 31
3 36 32
3 36 33
3 36 35
3 37 15
3 37 29
3 37 36
3 38 5
3 38 19
3 38 34
3 40 16
3 40 24