51817
5
32 33 32 32 32
729

0 584 0 0 700 0 503 483 0 0 0 0 0 272 0 15 87 0 0 0 13 0 2 0 0 28 20 0 43 15 70 18
0 405 0 0 0 0 0 937 85 0 0 0 471 0 79 34 84 51 0 13 21 78 0 31 2 0 0 20 34 17 0 74 0
0 919 0 0 0 0 0 0 621 726 0 919 0 782 24 51 0 0 0 0 0 86 35 53 95 8 10 92 0 72 0 0
884 335 0 0 142 0 188 0 0 0 0 536 200 587 0 0 98 52 25 0 68 0 87 0 0 71 5 0 97 48 50 0
0 0 0 519 228 0 0 170 151 0 462 846 0 309 0 0 0 0 85 76 0 56 0 13 89 0 93 0 0 0 0 43

0 0 1
0 0 2
0 0 5
0 0 7
0 0 8
0 0 11
0 0 16
0 0 18
0 0 25
0 0 32
0 1 2
0 1 4
0 1 13
0 1 18
0 1 27
0 2 1
0 2 4
0 2 5
0 2 6
0 2 7
0 2 8
0 2 13
0 2 15
0 2 21
0 2 22
0 2 25
0 2 30
0 3 1
0 3 6
0 3 7
0 3 12
0 3 17
0 3 18
0 3 19
0 4 1
0 4 2
0 4 4
0 4 8
0 4 10
0 4 11
0 4 13
0 4 14
0 4 24
0 4 32
0 5 0
0 5 1
0 5 4
0 5 6
0 5 9
0 5 10
0 5 11
0 5 12
0 5 18
0 5 19
0 5 21
0 6 1
0 6 2
0 6 5
0 6 7
0 6 9
0 6 10
0 6 11
0 6 12
0 6 13
0 6 14
0 6 26
0 6 30
0 7 18
0 7 27
0 8 0
0 8 3
0 8 12
0 8 25
0 8 30
0 9 0
0 9 3
0 9 6
0 9 9
0 9 25
0 10 2
0 10 3
0 10 5
0 10 6
0 10 8
0 10 9
0 10 14
0 10 21
0 11 1
0 11 3
0 11 6
0 11 7
0 11 10
0 11 12
0 11 13
0 11 15
0 11 24
0 11 31
0 12 2
0 12 6
0 12 8
0 12 11
0 12 12
0 12 27
0 13 0
0 13 4
0 13 6
0 13 7
0 13 8
0 13 12
0 13 14
0 13 21
0 13 26
0 14 0
0 14 6
0 14 15
0 14 18
0 14 19
0 15 1
0 15 3
0 15 10
0 15 16
0 15 22
0 15 25
0 16 4
0 16 12
0 16 29
0 17 0
0 17 8
0 17 9
0 17 13
0 17 24
0 17 30
0 18 22
0 18 24
0 18 26
0 18 29
0 19 0
0 19 8
0 19 14
0 19 17
0 19 20
0 19 21
0 20 1
0 20 5
0 20 6
0 20 16
0 20 30
0 21 2
0 21 7
0 21 13
0 21 24
0 21 25
0 21 27
0 22 0
0 22 6
0 22 14
0 22 25
0 22 32
0 23 13
0 23 18
0 23 22
0 23 28
0 24 3
0 24 10
0 24 17
0 24 23
0 24 32
0 25 8
0 25 13
0 25 18
0 25 22
0 25 32
0 26 10
0 26 16
0 26 19
0 26 24
0 26 28
0 27 4
0 27 6
0 27 22
0 27 25
0 27 27
0 27 28
0 28 12
0 28 13
0 28 15
0 28 24
0 28 25
0 29 10
0 30 4
0 30 12
0 30 15
0 30 16
0 30 20
0 30 22
0 30 26
0 30 29
0 31 10
0 31 25
0 31 31
1 0 3
1 0 5
1 0 12
1 0 16
1 0 17
1 0 18
1 1 0
1 1 3
1 1 4
1 1 5
1 1 8
1 1 14
1 1 16
1 1 30
1 2 3
1 2 4
1 2 9
1 2 12
1 3 9
1 3 11
1 3 12
1 3 13
1 3 14
1 3 20
1 4 3
1 4 7
1 4 8
1 4 9
1 4 11
1 4 13
1 4 22
1 4 27
1 5 0
1 5 2
1 5 3
1 5 5
1 5 6
1 5 12
1 5 14
1 6 2
1 6 7
1 6 12
1 6 16
1 6 18
1 6 22
1 7 0
1 7 1
1 7 10
1 7 11
1 7 13
1 7 15
1 8 1
1 8 2
1 8 3
1 8 5
1 8 6
1 8 7
1 8 8
1 8 9
1 8 10
1 9 0
1 9 1
1 9 2
1 9 9
1 9 10
1 9 12
1 9 13
1 9 20
1 9 24
1 9 29
1 10 7
1 10 8
1 10 9
1 10 11
1 10 12
1 10 13
1 11 1
1 11 3
1 11 4
1 11 8
1 11 11
1 11 16
1 11 22
1 11 24
1 12 2
1 12 3
1 12 5
1 12 7
1 12 8
1 12 11
1 13 2
1 13 5
1 13 8
1 13 10
1 13 14
1 14 6
1 14 17
1 14 25
1 14 28
1 15 4
1 15 11
1 15 13
1 15 24
1 15 29
1 15 30
1 16 3
1 16 10
1 16 25
1 16 31
1 17 15
1 17 18
1 17 20
1 18 10
1 18 14
1 18 16
1 19 11
1 19 29
1 20 12
1 20 14
1 20 16
1 20 22
1 20 25
1 20 28
1 21 0
1 21 11
1 21 19
1 22 2
1 22 4
1 22 7
1 22 10
1 23 6
1 23 18
1 23 31
1 24 4
1 24 19
1 25 1
1 25 2
1 25 12
1 25 15
1 25 16
1 25 29
1 26 5
1 26 23
1 26 28
1 27 0
1 27 2
1 27 7
1 27 19
1 27 26
1 28 13
1 28 15
1 28 25
1 29 13
1 29 21
1 30 7
1 30 14
1 31 19
1 32 5
1 32 7
1 32 22
1 32 31
2 0 2
2 0 3
2 0 12
2 0 13
2 0 15
2 0 20
2 0 26
2 1 2
2 1 3
2 1 4
2 1 5
2 1 8
2 1 9
2 1 10
2 1 13
2 1 22
2 2 1
2 2 7
2 2 8
2 2 11
2 2 13
2 2 20
2 2 22
2 2 24
2 2 27
2 3 1
2 3 2
2 3 6
2 3 25
2 3 27
2 3 31
2 4 0
2 4 2
2 4 8
2 4 10
2 4 13
2 4 15
2 5 6
2 5 11
2 5 12
2 5 13
2 5 31
2 6 2
2 6 5
2 6 8
2 6 11
2 6 19
2 6 23
2 6 26
2 6 27
2 7 7
2 7 10
2 7 11
2 7 16
2 7 18
2 7 30
2 8 0
2 8 1
2 8 9
2 8 11
2 8 12
2 9 1
2 9 11
2 9 12
2 9 13
2 9 29
2 10 1
2 10 2
2 10 3
2 10 4
2 10 5
2 10 6
2 10 8
2 10 13
2 10 20
2 10 23
2 10 26
2 10 31
2 11 0
2 11 4
2 11 5
2 11 11
2 11 12
2 11 13
2 12 0
2 12 3
2 12 7
2 12 10
2 12 12
2 12 20
2 12 22
2 12 31
2 13 7
2 13 9
2 13 10
2 13 13
2 13 16
2 13 23
2 13 30
2 14 3
2 14 12
2 14 14
2 14 18
2 15 2
2 15 9
2 15 19
2 15 24
2 16 0
2 16 1
2 16 4
2 16 7
2 16 8
2 16 13
2 16 15
2 16 24
2 16 28
2 16 31
2 17 11
2 17 14
2 17 21
2 17 22
2 18 6
2 18 11
2 18 30
2 18 31
2 19 13
2 19 16
2 19 21
2 19 25
2 20 7
2 20 14
2 20 22
2 20 25
2 20 28
2 22 3
2 22 13
2 22 20
2 23 9
2 23 13
2 23 17
2 23 20
2 24 4
2 24 5
2 24 6
2 24 20
2 24 22
2 24 31
2 25 4
2 25 8
2 26 7
2 26 15
2 26 20
2 26 21
2 26 25
2 26 26
2 26 29
2 26 31
2 27 0
2 27 18
2 27 30
2 27 31
2 28 20
2 28 23
2 28 27
2 29 2
2 29 4
2 29 17
2 29 22
2 29 24
2 29 27
2 29 30
2 30 10
2 30 22
2 30 28
2 31 1
2 31 22
2 31 27
3 0 1
3 0 8
3 0 11
3 0 12
3 0 22
3 1 1
3 1 5
3 1 7
3 1 8
3 1 10
3 1 11
3 1 13
3 1 15
3 1 21
3 1 22
3 1 26
3 1 27
3 2 0
3 2 3
3 2 5
3 2 7
3 2 18
3 2 28
3 2 30
3 3 2
3 3 8
3 3 11
3 3 12
3 3 14
3 3 15
3 3 17
3 3 18
3 3 24
3 4 0
3 4 1
3 4 8
3 4 11
3 4 14
3 5 1
3 5 5
3 5 6
3 5 7
3 5 11
3 5 16
3 5 26
3 5 29
3 5 31
3 6 4
3 6 11
3 6 15
3 6 17
3 6 20
3 6 21
3 7 1
3 7 7
3 7 8
3 7 10
3 7 11
3 7 12
3 7 28
3 8 1
3 8 3
3 8 4
3 8 26
3 8 29
3 8 31
3 9 1
3 9 4
3 9 5
3 9 8
3 9 12
3 9 24
3 9 26
3 9 31
3 10 0
3 10 2
3 10 3
3 10 5
3 10 6
3 10 8
3 10 15
3 10 20
3 10 21
3 10 28
3 10 30
3 10 31
3 11 0
3 11 1
3 11 3
3 11 5
3 11 7
3 11 12
3 11 22
3 11 23
3 11 29
3 12 0
3 12 1
3 12 2
3 12 4
3 12 5
3 12 8
3 12 10
3 12 12
3 12 13
3 12 22
3 12 30
3 13 1
3 13 3
3 13 4
3 13 6
3 13 9
3 13 21
3 13 25
3 13 26
3 14 0
3 14 1
3 14 4
3 14 21
3 14 27
3 14 28
3 15 4
3 15 8
3 15 15
3 15 25
3 15 27
3 16 5
3 16 9
3 16 10
3 16 16
3 16 20
3 17 7
3 17 12
3 18 8
3 18 12
3 18 25
3 18 29
3 19 3
3 19 21
3 20 19
3 20 24
3 20 28
3 21 2
3 21 5
3 21 10
3 21 13
3 21 18
3 21 23
3 21 29
3 22 0
3 22 19
3 22 24
3 23 3
3 23 5
3 23 9
3 23 13
3 23 14
3 23 20
3 24 1
3 24 5
3 24 11
3 24 14
3 24 15
3 24 18
3 24 25
3 25 0
3 25 2
3 25 11
3 25 18
3 25 21
3 25 23
3 25 27
3 26 8
3 26 11
3 26 15
3 26 17
3 26 20
3 26 21
3 26 29
3 27 8
3 27 10
3 27 13
3 27 16
3 28 9
3 28 15
3 28 18
3 28 20
3 28 25
3 30 3
3 31 18
3 31 24
3 31 25