51478
4
208 207 207 207
4872

0 12 561 0 441 0 0 505 0 831 0 0 821 0 0 0 429 0 676 833 0 0 425 0 0 877 0 407 0 0 349 284 285 846 0 0 841 0 0 0 0 732 654 0 236 0 420 0 817 522 974 0 219 0 0 0 256 0 249 704 187 16 0 940 0 49 0 69 70 0 15 0 0 18 16 0 64 0 0 52 0 0 0 0 95 4 59 0 0 70 0 0 0 0 0 0 18 0 2 33 32 0 30 12 0 62 18 0 10 23 93 56 41 0 0 0 97 0 31 45 57 72 0 0 74 92 0 74 21 48 14 0 0 62 72 95 49 63 0 0 0 73 0 0 0 0 0 0 0 0 40 73 0 0 69 0 2 84 90 18 61 0 0 0 0 0 0 0 0 23 0 52 0 0 51 50 0 0 68 54 0 0 0 0 0 0 0 5 51 44 29 0 0 34 54 53 45 65 0 0 63 0 0 0 0 92 0 0
81 0 0 819 0 690 442 0 578 580 0 605 0 531 0 538 0 357 0 0 624 0 297 237 326 0 0 777 482 0 598 0 0 839 0 438 0 0 444 596 872 541 649 743 108 807 554 26 0 0 0 0 0 0 0 922 839 0 0 0 84 0 522 842 0 77 4 0 0 5 51 69 42 91 0 0 86 74 0 21 60 0 71 92 0 74 95 0 87 20 85 0 53 33 0 59 25 27 0 0 77 28 34 0 94 38 0 0 72 0 91 85 92 0 39 0 0 80 37 0 0 10 0 0 48 0 0 60 0 0 0 0 97 30 0 50 0 0 60 29 0 0 0 0 0 24 59 0 0 0 48 60 21 12 0 68 82 63 11 0 60 0 0 0 0 0 0 0 55 0 48 0 0 29 0 50 60 81 92 4 19 0 0 0 0 0 0 0 0 0 0 0 0 0 70 17 0 0 0 45 67 62 71 100 90 94 44
0 0 643 0 0 567 0 0 632 0 534 398 61 715 560 730 126 0 899 0 394 0 444 915 0 0 0 0 0 0 153 0 521 0 504 438 5 251 0 0 699 0 0 658 0 448 170 974 92 0 905 40 0 71 0 0 0 998 0 0 0 0 0 0 599 93 0 0 0 0 40 21 56 25 46 31 0 0 56 45 0 94 0 30 63 0 0 0 100 0 0 0 0 0 0 62 96 0 84 76 0 27 33 0 0 72 1 0 0 0 71 90 0 98 1 85 37 0 0 26 53 0 24 31 45 0 42 77 37 23 83 0 0 0 0 0 98 12 0 0 96 0 26 5 0 0 0 67 0 0 44 0 0 0 8 0 97 92 0 98 43 53 0 0 41 0 0 63 36 85 0 71 54 75 0 100 24 0 91 0 61 0 0 67 53 0 0 62 32 45 0 0 0 2 63 0 0 29 59 0 0 0 80 0 0 5 0
0 334 398 0 0 0 326 0 642 0 793 210 572 343 0 0 0 0 142 0 0 0 54 0 698 474 914 0 521 777 140 0 0 0 285 0 0 531 0 343 557 611 539 131 0 277 320 0 972 0 59 0 461 79 231 665 0 0 0 0 584 918 0 483 862 53 83 0 19 79 0 33 55 39 0 0 1 17 74 92 0 48 33 0 78 96 0 60 14 0 0 0 0 74 0 26 2 0 0 20 0 0 76 0 44 0 0 0 0 38 20 0 66 0 0 0 0 57 25 0 67 49 0 0 24 0 65 0 0 0 15 21 0 0 41 71 0 10 54 100 57 0 80 53 74 0 0 0 13 0 32 72 99 18 21 36 0 23 45 0 80 0 33 83 29 0 35 84 0 29 0 47 74 0 10 0 0 91 0 0 22 0 82 19 19 0 70 47 0 21 0 0 14 0 59 53 8 0 0 0 0 35 23 57 0 74 12

0 0 4
0 0 28
0 0 36
0 0 38
0 0 42
0 0 46
0 0 112
0 0 127
0 0 191
0 1 4
0 1 7
0 1 14
0 1 16
0 1 21
0 1 29
0 1 32
0 1 33
0 1 36
0 1 70
0 1 85
0 1 123
0 1 128
0 1 131
0 1 157
0 2 1
0 2 15
0 2 16
0 2 23
0 2 27
0 2 35
0 2 44
0 2 46
0 2 63
0 2 105
0 2 127
0 2 169
0 3 1
0 3 6
0 3 18
0 3 22
0 3 27
0 3 30
0 3 83
0 3 132
0 3 151
0 3 191
0 3 196
0 4 5
0 4 7
0 4 8
0 4 10
0 4 11
0 4 12
0 4 17
0 4 112
0 5 1
0 5 46
0 5 63
0 5 73
0 5 97
0 5 109
0 5 127
0 5 181
0 5 184
0 5 198
0 6 2
0 6 5
0 6 21
0 6 37
0 6 39
0 6 53
0 6 55
0 6 78
0 6 108
0 6 110
0 6 120
0 6 125
0 6 184
0 6 190
0 7 1
0 7 4
0 7 6
0 7 10
0 7 18
0 7 29
0 7 36
0 7 94
0 7 192
0 8 21
0 8 31
0 8 132
0 8 161
0 8 180
0 8 191
0 8 206
0 9 12
0 9 17
0 9 54
0 9 55
0 9 80
0 9 94
0 9 99
0 9 106
0 9 133
0 9 151
0 9 159
0 9 171
0 9 206
0 10 19
0 10 37
0 10 38
0 10 48
0 10 54
0 10 71
0 10 131
0 10 171
0 10 202
0 11 1
0 11 8
0 11 15
0 11 22
0 11 54
0 11 82
0 11 145
0 11 150
0 11 202
0 12 14
0 12 20
0 12 23
0 12 29
0 12 30
0 12 47
0 12 50
0 12 59
0 12 162
0 12 179
0 12 184
0 12 187
0 12 197
0 13 2
0 13 3
0 13 15
0 13 16
0 13 22
0 13 25
0 13 34
0 13 38
0 13 39
0 13 41
0 13 50
0 13 52
0 13 82
0 14 31
0 14 45
0 14 77
0 14 122
0 14 174
0 15 13
0 15 17
0 15 24
0 15 26
0 15 36
0 15 47
0 15 57
0 15 64
0 15 122
0 15 130
0 15 146
0 15 160
0 15 181
0 15 183
0 15 187
0 15 194
0 16 6
0 16 7
0 16 24
0 16 29
0 16 31
0 16 43
0 16 110
0 16 122
0 16 137
0 16 146
0 16 170
0 17 11
0 17 23
0 17 42
0 17 53
0 17 56
0 17 80
0 17 83
0 17 126
0 17 158
0 18 1
0 18 18
0 18 36
0 18 62
0 18 111
0 18 127
0 18 144
0 19 62
0 19 63
0 19 103
0 19 110
0 19 137
0 19 147
0 19 164
0 19 166
0 19 178
0 20 3
0 20 20
0 20 29
0 20 41
0 20 43
0 20 202
0 21 3
0 21 26
0 21 35
0 21 39
0 21 64
0 21 94
0 21 105
0 21 115
0 21 167
0 21 178
0 21 184
0 21 201
0 22 3
0 22 9
0 22 19
0 22 43
0 22 48
0 22 58
0 22 78
0 22 194
0 23 11
0 23 17
0 23 34
0 23 56
0 23 82
0 23 115
0 23 133
0 23 206
0 24 13
0 24 15
0 24 35
0 24 38
0 24 55
0 24 61
0 24 116
0 24 150
0 24 192
0 25 5
0 25 25
0 25 30
0 25 37
0 25 52
0 25 76
0 25 89
0 25 120
0 25 146
0 25 159
0 25 177
0 26 11
0 26 103
0 27 11
0 27 23
0 27 24
0 27 25
0 27 33
0 27 38
0 27 45
0 27 62
0 27 65
0 27 115
0 27 141
0 27 187
0 28 17
0 28 33
0 28 59
0 28 62
0 28 84
0 28 105
0 28 120
0 28 129
0 29 17
0 29 22
0 29 28
0 29 30
0 29 48
0 29 77
0 29 181
0 29 197
0 30 0
0 30 18
0 30 23
0 30 32
0 30 39
0 30 43
0 30 59
0 30 79
0 30 93
0 30 105
0 30 169
0 31 0
0 31 7
0 31 17
0 31 23
0 31 26
0 31 54
0 31 57
0 31 187
0 32 5
0 32 11
0 32 22
0 32 44
0 32 49
0 32 56
0 32 64
0 32 80
0 32 98
0 32 136
0 32 153
0 32 160
0 33 8
0 33 11
0 33 12
0 33 13
0 33 15
0 33 20
0 33 39
0 33 40
0 33 58
0 33 70
0 33 81
0 33 113
0 33 116
0 33 130
0 33 139
0 33 165
0 33 172
0 34 23
0 34 51
0 34 59
0 34 60
0 34 61
0 34 150
0 34 156
0 34 166
0 34 170
0 34 182
0 35 8
0 35 11
0 35 23
0 35 51
0 35 59
0 35 151
0 36 5
0 36 9
0 36 19
0 36 27
0 36 41
0 36 52
0 36 62
0 36 106
0 36 153
0 36 173
0 36 193
0 37 20
0 37 24
0 37 26
0 37 116
0 37 167
0 37 184
0 38 28
0 38 30
0 38 48
0 38 58
0 38 172
0 38 200
0 39 9
0 39 11
0 39 14
0 39 35
0 39 50
0 39 57
0 39 88
0 39 186
0 39 202
0 40 16
0 40 37
0 40 38
0 40 39
0 40 40
0 40 60
0 40 127
0 40 130
0 41 1
0 41 18
0 41 23
0 41 38
0 41 52
0 41 56
0 41 59
0 41 60
0 41 75
0 41 89
0 42 13
0 42 35
0 42 36
0 42 46
0 42 63
0 42 64
0 42 84
0 42 126
0 42 150
0 42 173
0 42 177
0 42 204
0 43 0
0 43 3
0 43 18
0 43 30
0 43 49
0 43 52
0 43 74
0 43 96
0 43 166
0 44 4
0 44 6
0 44 14
0 44 20
0 44 27
0 44 31
0 44 34
0 44 151
0 44 159
0 44 165
0 44 169
0 44 174
0 45 0
0 45 13
0 45 21
0 45 22
0 45 28
0 45 56
0 45 74
0 45 95
0 45 127
0 45 144
0 45 145
0 45 182
0 46 11
0 46 17
0 46 22
0 46 28
0 46 42
0 46 61
0 46 67
0 46 69
0 46 80
0 46 94
0 46 116
0 46 179
0 46 192
0 47 13
0 47 14
0 47 40
0 47 42
0 47 54
0 47 60
0 47 116
0 47 124
0 47 159
0 47 161
0 48 20
0 48 49
0 48 51
0 48 55
0 48 66
0 48 111
0 48 120
0 48 136
0 48 191
0 49 3
0 49 5
0 49 19
0 49 26
0 49 28
0 49 37
0 49 49
0 49 53
0 49 55
0 49 61
0 49 82
0 49 92
0 49 117
0 49 132
0 49 165
0 50 0
0 50 2
0 50 16
0 50 23
0 50 25
0 50 39
0 50 41
0 50 44
0 50 175
0 50 191
0 50 195
0 51 12
0 51 16
0 51 21
0 51 23
0 51 27
0 51 34
0 51 41
0 51 53
0 51 63
0 52 4
0 52 10
0 52 33
0 52 56
0 52 88
0 52 100
0 52 103
0 52 109
0 52 132
0 52 135
0 52 161
0 52 204
0 53 14
0 53 15
0 53 19
0 53 42
0 53 45
0 53 49
0 53 53
0 53 79
0 53 83
0 53 134
0 53 180
0 54 16
0 54 17
0 54 20
0 54 22
0 54 44
0 54 58
0 54 64
0 54 74
0 54 93
0 54 95
0 54 114
0 54 122
0 54 192
0 54 205
0 55 1
0 55 5
0 55 13
0 55 18
0 55 25
0 55 75
0 55 112
0 56 9
0 56 25
0 56 28
0 56 52
0 56 74
0 56 79
0 56 82
0 56 109
0 56 192
0 56 206
0 57 3
0 57 8
0 57 19
0 57 30
0 57 36
0 57 48
0 57 53
0 57 67
0 57 68
0 57 83
0 57 103
0 57 130
0 57 158
0 58 21
0 58 26
0 58 34
0 58 43
0 58 49
0 58 53
0 58 79
0 58 152
0 58 160
0 58 176
0 59 13
0 59 18
0 59 42
0 59 43
0 59 44
0 59 60
0 59 100
0 59 118
0 59 155
0 59 165
0 60 6
0 60 20
0 60 22
0 60 42
0 60 57
0 60 69
0 60 120
0 60 168
0 61 5
0 61 22
0 61 35
0 61 47
0 61 61
0 61 71
0 61 113
0 61 133
0 61 138
0 61 181
0 61 192
0 62 1
0 62 7
0 62 8
0 62 16
0 62 27
0 62 46
0 62 61
0 62 74
0 62 75
0 62 132
0 62 155
0 62 181
0 62 200
0 63 16
0 63 24
0 63 34
0 63 37
0 63 61
0 63 165
0 63 184
0 64 0
0 64 6
0 64 39
0 64 40
0 64 46
0 64 60
0 64 61
0 64 148
0 64 202
0 65 0
0 65 33
0 65 68
0 65 105
0 65 127
0 65 165
0 65 189
0 65 194
0 66 17
0 66 97
0 66 107
0 66 110
0 66 143
0 66 166
0 66 168
0 66 185
0 67 37
0 67 68
0 67 75
0 67 102
0 67 125
0 67 172
0 67 204
0 68 15
0 68 26
0 68 65
0 68 100
0 68 199
0 69 2
0 69 32
0 69 45
0 69 74
0 69 79
0 69 85
0 69 114
0 69 128
0 69 166
0 70 83
0 70 103
0 70 174
0 71 17
0 71 68
0 71 92
0 71 95
0 71 124
0 72 113
0 72 115
0 72 159
0 72 170
0 72 194
0 73 3
0 73 4
0 73 15
0 73 16
0 73 35
0 73 36
0 73 55
0 73 79
0 74 88
0 74 90
0 74 94
0 74 119
0 74 162
0 74 186
0 75 9
0 75 29
0 75 154
0 76 11
0 76 14
0 76 16
0 76 107
0 76 134
0 76 172
0 76 186
0 77 33
0 77 161
0 77 175
0 78 31
0 78 82
0 78 89
0 78 120
0 78 142
0 78 202
0 79 4
0 79 78
0 79 103
0 79 128
0 79 155
0 79 190
0 80 5
0 80 14
0 80 59
0 80 107
0 81 6
0 81 54
0 81 69
0 81 111
0 81 139
0 81 140
0 81 157
0 81 173
0 81 174
0 82 41
0 82 46
0 82 100
0 82 118
0 83 2
0 83 43
0 83 53
0 83 90
0 83 98
0 83 110
0 83 118
0 83 157
0 84 58
0 84 79
0 84 102
0 84 104
0 84 110
0 84 199
0 85 21
0 85 55
0 85 101
0 85 102
0 85 112
0 85 165
0 85 175
0 86 170
0 86 191
0 87 1
0 87 8
0 87 71
0 87 80
0 87 100
0 87 137
0 87 144
0 88 23
0 88 45
0 88 56
0 88 63
0 88 65
0 88 92
0 88 112
0 88 193
0 88 203
0 88 204
0 89 14
0 89 22
0 89 42
0 89 49
0 89 144
0 89 147
0 90 0
0 90 23
0 90 53
0 90 63
0 90 96
0 90 134
0 90 135
0 91 12
0 91 33
0 91 34
0 91 58
0 91 89
0 91 107
0 91 111
0 91 178
0 92 25
0 92 68
0 92 73
0 92 111
0 92 137
0 92 138
0 92 190
0 92 191
0 92 195
0 93 60
0 93 94
0 93 110
0 93 159
0 94 47
0 94 54
0 94 62
0 94 181
0 94 204
0 95 100
0 95 130
0 95 178
0 95 186
0 95 206
0 96 3
0 96 12
0 96 53
0 96 88
0 96 135
0 96 151
0 96 169
0 96 175
0 97 18
0 97 78
0 97 84
0 97 123
0 97 154
0 97 174
0 98 12
0 98 19
0 98 80
0 98 85
0 98 158
0 98 188
0 98 203
0 99 21
0 99 25
0 99 64
0 99 80
0 99 82
0 99 94
0 99 100
0 99 103
0 99 108
0 99 116
0 99 140
0 99 154
0 99 161
0 99 167
0 100 1
0 100 36
0 100 40
0 100 91
0 100 95
0 100 132
0 100 154
0 100 162
0 100 168
0 100 181
0 101 10
0 101 21
0 101 63
0 101 129
0 101 139
0 101 143
0 101 171
0 101 189
0 101 199
0 102 25
0 102 30
0 102 45
0 102 46
0 102 60
0 102 64
0 102 74
0 102 77
0 102 100
0 102 115
0 102 132
0 102 147
0 102 155
0 102 166
0 103 3
0 103 40
0 103 63
0 103 84
0 103 168
0 104 30
0 104 78
0 104 107
0 104 123
0 104 142
0 104 161
0 104 168
0 105 8
0 105 75
0 105 128
0 105 134
0 105 172
0 106 112
0 107 18
0 107 76
0 107 80
0 107 165
0 107 186
0 108 42
0 108 71
0 108 102
0 108 137
0 108 171
0 108 196
0 109 24
0 109 41
0 109 49
0 109 101
0 109 114
0 109 131
0 109 150
0 110 26
0 110 82
0 110 91
0 110 109
0 110 110
0 110 172
0 110 174
0 110 196
0 111 18
0 111 24
0 111 70
0 111 119
0 111 179
0 111 187
0 112 4
0 112 95
0 112 191
0 113 7
0 113 22
0 113 29
0 113 61
0 113 117
0 113 147
0 113 195
0 114 124
0 114 136
0 114 141
0 114 150
0 114 160
0 115 5
0 115 24
0 115 41
0 115 69
0 115 154
0 115 188
0 116 38
0 116 43
0 116 84
0 116 141
0 116 143
0 116 152
0 116 191
0 116 202
0 117 9
0 117 10
0 117 43
0 117 58
0 117 112
0 117 123
0 117 124
0 117 162
0 117 174
0 118 7
0 118 13
0 118 60
0 118 76
0 118 83
0 118 104
0 118 121
0 118 186
0 119 41
0 119 51
0 119 77
0 119 130
0 119 158
0 119 171
0 119 178
0 119 182
0 119 197
0 120 31
0 120 33
0 120 39
0 120 46
0 120 49
0 120 110
0 120 148
0 120 164
0 120 180
0 120 188
0 121 22
0 121 23
0 121 32
0 121 56
0 121 80
0 121 118
0 121 142
0 121 193
0 121 198
0 122 45
0 122 80
0 122 86
0 122 150
0 122 190
0 123 20
0 123 37
0 123 86
0 123 97
0 123 184
0 124 11
0 124 29
0 124 30
0 124 40
0 124 47
0 124 117
0 124 155
0 125 4
0 125 77
0 125 104
0 125 113
0 125 174
0 126 2
0 126 5
0 126 22
0 126 42
0 126 44
0 126 45
0 126 91
0 126 136
0 126 190
0 126 192
0 126 196
0 126 200
0 127 9
0 127 107
0 127 119
0 127 156
0 127 189
0 127 199
0 128 18
0 128 118
0 128 119
0 128 176
0 128 183
0 129 47
0 129 59
0 129 122
0 129 124
0 129 139
0 129 185
0 130 38
0 130 49
0 130 91
0 130 104
0 130 116
0 130 139
0 130 161
0 130 199
0 131 56
0 131 122
0 131 124
0 131 164
0 132 22
0 132 72
0 132 100
0 132 106
0 132 143
0 132 167
0 132 170
0 132 193
0 132 196
0 133 45
0 133 55
0 133 63
0 133 69
0 133 70
0 133 87
0 133 101
0 133 106
0 133 123
0 133 156
0 134 22
0 134 25
0 134 122
0 134 167
0 134 187
0 134 198
0 135 13
0 135 34
0 135 43
0 135 62
0 135 64
0 135 68
0 135 98
0 135 161
0 135 181
0 135 200
0 136 2
0 136 9
0 136 35
0 136 57
0 136 60
0 136 82
0 136 86
0 136 96
0 136 106
0 137 91
0 137 117
0 137 183
0 138 37
0 138 40
0 138 42
0 138 94
0 138 175
0 138 202
0 139 43
0 139 63
0 139 98
0 139 160
0 139 178
0 139 193
0 140 7
0 140 45
0 140 49
0 140 52
0 140 61
0 140 91
0 140 99
0 140 152
0 140 168
0 140 193
0 141 3
0 141 44
0 141 45
0 141 56
0 141 95
0 141 139
0 141 155
0 142 6
0 142 50
0 142 91
0 142 194
0 142 196
0 142 202
0 143 14
0 143 25
0 143 69
0 143 106
0 143 180
0 143 188
0 144 4
0 144 72
0 144 87
0 144 88
0 144 150
0 144 157
0 144 176
0 145 0
0 145 20
0 145 84
0 145 107
0 145 128
0 145 144
0 145 175
0 145 199
0 146 32
0 146 80
0 146 132
0 146 169
0 146 206
0 147 22
0 147 105
0 147 123
0 147 126
0 147 176
0 148 5
0 148 9
0 148 69
0 148 90
0 148 120
0 148 153
0 148 161
0 148 199
0 149 107
0 149 134
0 149 155
0 149 165
0 150 21
0 150 59
0 150 73
0 150 102
0 150 140
0 150 178
0 150 202
0 151 17
0 151 19
0 151 38
0 151 114
0 151 123
0 151 161
0 151 177
0 151 206
0 152 1
0 152 41
0 152 50
0 152 61
0 152 67
0 152 92
0 152 105
0 152 167
0 153 35
0 153 38
0 153 47
0 153 51
0 153 62
0 153 92
0 153 96
0 153 169
0 153 182
0 153 189
0 153 197
0 154 175
0 155 13
0 155 15
0 155 79
0 155 144
0 155 177
0 155 205
0 156 18
0 156 37
0 156 87
0 156 112
0 156 115
0 156 119
0 156 181
0 157 15
0 157 74
0 157 113
0 157 122
0 157 153
0 157 154
0 157 155
0 157 165
0 157 166
0 157 172
0 158 2
0 158 11
0 158 54
0 158 78
0 158 81
0 158 87
0 158 104
0 158 111
0 158 116
0 158 119
0 158 196
0 158 197
0 159 15
0 159 71
0 159 75
0 159 109
0 159 110
0 159 169
0 159 201
0 160 54
0 160 73
0 160 91
0 160 95
0 160 164
0 160 168
0 160 169
0 161 2
0 161 15
0 161 49
0 161 87
0 161 129
0 161 166
0 161 206
0 162 9
0 162 41
0 162 43
0 162 66
0 162 89
0 162 114
0 162 203
0 163 45
0 163 87
0 163 93
0 163 114
0 163 134
0 163 154
0 163 182
0 164 26
0 164 34
0 164 130
0 164 180
0 164 204
0 165 8
0 165 11
0 165 44
0 165 56
0 165 74
0 165 128
0 165 154
0 165 191
0 165 192
0 166 47
0 166 50
0 166 80
0 166 95
0 166 131
0 166 155
0 166 167
0 166 181
0 167 45
0 167 65
0 167 133
0 167 136
0 167 175
0 167 179
0 168 56
0 168 63
0 168 103
0 169 74
0 169 87
0 170 16
0 170 41
0 170 79
0 170 105
0 170 112
0 170 127
0 170 132
0 170 139
0 170 175
0 171 2
0 171 34
0 171 45
0 171 87
0 171 99
0 171 105
0 171 166
0 171 196
0 171 197
0 171 198
0 173 7
0 173 15
0 173 54
0 173 80
0 173 97
0 173 161
0 173 164
0 173 168
0 174 107
0 174 113
0 174 127
0 174 144
0 174 159
0 174 162
0 174 163
0 175 28
0 175 46
0 175 55
0 175 84
0 175 99
0 175 118
0 175 145
0 175 181
0 176 30
0 176 33
0 176 51
0 176 66
0 176 80
0 176 112
0 176 144
0 177 17
0 177 25
0 177 39
0 177 65
0 177 70
0 177 86
0 177 111
0 177 149
0 177 165
0 177 186
0 178 18
0 178 25
0 178 82
0 178 92
0 178 112
0 178 135
0 179 51
0 179 96
0 179 141
0 179 190
0 180 13
0 180 27
0 180 98
0 180 106
0 180 140
0 180 142
0 180 177
0 180 190
0 181 2
0 181 4
0 181 15
0 181 85
0 181 89
0 181 117
0 181 161
0 181 179
0 181 195
0 182 30
0 182 43
0 182 92
0 182 135
0 182 150
0 183 43
0 183 74
0 183 161
0 183 163
0 183 184
0 184 62
0 184 78
0 184 103
0 184 177
0 184 183
0 184 200
0 185 18
0 185 30
0 185 37
0 185 71
0 185 91
0 185 99
0 185 100
0 185 107
0 185 191
0 185 196
0 186 0
0 186 21
0 186 22
0 186 27
0 186 28
0 186 90
0 186 98
0 186 137
0 186 141
0 186 163
0 186 167
0 186 204
0 187 36
0 187 55
0 187 98
0 187 183
0 188 55
0 188 81
0 188 145
0 188 184
0 189 8
0 189 74
0 189 118
0 189 151
0 189 173
0 190 93
0 190 94
0 190 106
0 190 115
0 190 126
0 190 181
0 190 189
0 191 13
0 191 29
0 191 35
0 191 39
0 191 51
0 191 63
0 191 77
0 191 89
0 191 111
0 191 127
0 191 130
0 191 139
0 191 157
0 191 186
0 192 30
0 192 39
0 192 87
0 192 133
0 193 4
0 193 83
0 193 87
0 193 93
0 194 47
0 194 48
0 194 57
0 194 66
0 194 152
0 195 9
0 195 37
0 195 56
0 195 115
0 195 117
0 195 185
0 196 87
0 196 100
0 196 139
0 196 143
0 196 152
0 196 183
0 197 8
0 197 24
0 197 78
0 197 145
0 197 164
0 197 171
0 198 0
0 198 7
0 198 44
0 198 96
0 198 103
0 198 121
0 198 128
0 198 143
0 199 16
0 199 22
0 199 45
0 199 71
0 199 87
0 199 90
0 199 104
0 199 137
0 199 141
0 199 142
0 200 30
0 200 35
0 200 44
0 200 51
0 200 65
0 200 97
0 200 99
0 200 148
0 200 162
0 200 199
0 201 32
0 201 65
0 201 109
0 201 132
0 201 152
0 201 178
0 201 181
0 201 192
0 201 201
0 202 10
0 202 48
0 202 72
0 202 82
0 202 118
0 202 129
0 202 130
0 202 160
0 202 176
0 203 7
0 203 46
0 203 87
0 203 99
0 203 139
0 204 5
0 204 25
0 204 47
0 204 111
0 204 123
0 204 162
0 204 163
0 204 192
0 204 198
0 205 82
0 205 108
0 205 128
0 205 135
0 205 183
0 205 194
0 206 30
0 206 59
0 206 112
0 206 167
0 206 202
0 207 5
0 207 32
0 207 82
0 207 94
0 207 159
0 207 197
1 0 8
1 0 14
1 0 20
1 0 48
1 0 60
1 0 64
1 0 88
1 0 153
1 0 155
1 0 169
1 1 12
1 1 22
1 1 28
1 1 29
1 1 63
1 1 83
1 1 118
1 1 134
1 1 135
1 2 18
1 2 24
1 2 26
1 2 36
1 2 51
1 2 56
1 2 59
1 2 61
1 2 86
1 2 102
1 2 111
1 2 137
1 2 146
1 2 151
1 2 165
1 2 175
1 2 195
1 3 32
1 3 34
1 3 54
1 3 62
1 3 72
1 3 84
1 3 110
1 3 117
1 4 34
1 4 35
1 4 39
1 4 44
1 4 45
1 4 64
1 4 116
1 4 141
1 4 154
1 4 204
1 5 9
1 5 20
1 5 29
1 5 64
1 5 66
1 5 70
1 5 84
1 5 102
1 5 112
1 5 124
1 5 130
1 5 152
1 5 189
1 5 206
1 6 11
1 6 17
1 6 21
1 6 32
1 6 35
1 6 43
1 6 52
1 6 120
1 6 139
1 6 184
1 6 188
1 6 198
1 7 2
1 7 13
1 7 17
1 7 35
1 7 44
1 7 46
1 7 59
1 7 151
1 8 3
1 8 8
1 8 32
1 8 42
1 8 55
1 8 58
1 8 64
1 8 94
1 8 171
1 8 206
1 9 13
1 9 15
1 9 17
1 9 20
1 9 24
1 9 27
1 9 30
1 9 35
1 9 51
1 9 63
1 9 76
1 9 121
1 9 204
1 10 7
1 10 20
1 10 23
1 10 29
1 10 70
1 10 98
1 10 161
1 11 11
1 11 41
1 11 205
1 12 1
1 12 8
1 12 24
1 12 46
1 12 84
1 12 119
1 12 191
1 12 199
1 13 29
1 13 43
1 13 45
1 13 126
1 13 131
1 13 132
1 13 147
1 13 191
1 13 195
1 14 13
1 14 15
1 14 50
1 14 89
1 14 147
1 14 163
1 14 169
1 14 170
1 14 175
1 14 200
1 15 4
1 15 25
1 15 27
1 15 41
1 15 65
1 15 113
1 15 119
1 16 18
1 16 28
1 16 34
1 16 37
1 16 51
1 16 60
1 16 85
1 16 90
1 16 111
1 16 126
1 16 133
1 16 136
1 16 151
1 16 152
1 17 16
1 17 20
1 17 23
1 17 43
1 17 45
1 17 53
1 17 54
1 17 63
1 17 82
1 17 143
1 17 169
1 18 8
1 18 22
1 18 31
1 18 44
1 18 52
1 18 53
1 18 83
1 18 98
1 18 139
1 18 159
1 18 162
1 18 174
1 18 184
1 18 203
1 19 29
1 19 35
1 19 42
1 19 48
1 19 53
1 19 60
1 19 61
1 19 63
1 19 110
1 19 167
1 19 179
1 20 7
1 20 26
1 20 29
1 20 41
1 20 44
1 20 49
1 20 78
1 20 154
1 20 195
1 20 204
1 21 7
1 21 10
1 21 13
1 21 18
1 21 27
1 21 35
1 21 42
1 21 52
1 21 53
1 21 55
1 21 82
1 21 124
1 21 178
1 22 11
1 22 23
1 22 44
1 22 48
1 22 53
1 22 75
1 22 82
1 22 105
1 22 107
1 22 132
1 22 166
1 22 169
1 22 184
1 23 17
1 23 36
1 23 37
1 23 48
1 23 63
1 23 83
1 23 90
1 23 131
1 23 173
1 23 199
1 24 5
1 24 16
1 24 18
1 24 26
1 24 27
1 24 33
1 24 45
1 24 81
1 24 98
1 24 109
1 24 125
1 24 134
1 24 136
1 24 142
1 24 172
1 24 179
1 25 8
1 25 9
1 25 16
1 25 27
1 25 30
1 25 31
1 25 61
1 25 118
1 25 124
1 25 196
1 26 0
1 26 37
1 26 38
1 26 51
1 26 55
1 26 57
1 26 65
1 26 119
1 26 167
1 26 191
1 27 21
1 27 27
1 27 39
1 27 95
1 27 106
1 27 153
1 27 158
1 27 173
1 27 175
1 28 18
1 28 23
1 28 30
1 28 39
1 28 60
1 28 61
1 28 87
1 28 125
1 28 157
1 29 4
1 29 8
1 29 27
1 29 47
1 29 51
1 29 99
1 29 116
1 29 137
1 29 164
1 29 170
1 29 191
1 29 205
1 30 3
1 30 13
1 30 33
1 30 34
1 30 47
1 30 59
1 30 110
1 30 113
1 30 161
1 30 200
1 31 5
1 31 9
1 31 12
1 31 48
1 31 69
1 31 73
1 31 118
1 31 182
1 32 43
1 32 48
1 32 76
1 32 77
1 32 157
1 32 201
1 33 6
1 33 7
1 33 12
1 33 25
1 33 45
1 33 49
1 33 69
1 33 98
1 33 154
1 34 0
1 34 46
1 34 60
1 34 62
1 34 89
1 34 172
1 35 4
1 35 41
1 35 46
1 35 50
1 35 52
1 35 78
1 35 84
1 35 89
1 35 120
1 35 151
1 35 152
1 35 160
1 35 179
1 35 192
1 35 196
1 35 197
1 35 206
1 36 41
1 36 61
1 36 63
1 36 68
1 36 76
1 36 123
1 36 128
1 36 146
1 36 171
1 36 180
1 36 188
1 36 194
1 37 13
1 37 20
1 37 26
1 37 28
1 37 56
1 37 64
1 37 92
1 37 101
1 37 121
1 37 141
1 37 147
1 37 168
1 37 199
1 37 202
1 38 10
1 38 13
1 38 19
1 38 35
1 38 36
1 38 46
1 38 63
1 38 84
1 38 110
1 38 175
1 38 193
1 39 6
1 39 14
1 39 32
1 39 34
1 39 35
1 39 46
1 39 47
1 39 53
1 39 60
1 39 62
1 39 76
1 39 136
1 39 151
1 39 169
1 40 7
1 40 10
1 40 27
1 40 51
1 40 57
1 40 131
1 40 151
1 40 159
1 41 3
1 41 8
1 41 11
1 41 31
1 41 64
1 41 95
1 42 20
1 42 21
1 42 27
1 42 34
1 42 58
1 42 98
1 42 194
1 42 196
1 42 201
1 43 8
1 43 15
1 43 16
1 43 38
1 43 40
1 43 41
1 43 44
1 43 45
1 43 47
1 43 61
1 43 69
1 43 120
1 43 168
1 43 202
1 44 31
1 44 32
1 44 50
1 44 56
1 44 59
1 44 96
1 44 107
1 44 119
1 44 151
1 44 164
1 44 187
1 44 200
1 45 6
1 45 24
1 45 27
1 45 31
1 45 44
1 45 96
1 45 99
1 45 161
1 45 174
1 46 20
1 46 47
1 46 59
1 46 60
1 46 103
1 46 114
1 46 182
1 46 184
1 46 197
1 47 6
1 47 21
1 47 151
1 47 165
1 48 6
1 48 7
1 48 30
1 48 31
1 48 41
1 48 46
1 48 50
1 48 56
1 48 76
1 48 86
1 48 105
1 48 131
1 48 191
1 48 193
1 49 9
1 49 26
1 49 29
1 49 38
1 49 63
1 49 163
1 49 171
1 49 191
1 50 2
1 50 5
1 50 6
1 50 18
1 50 27
1 50 37
1 50 50
1 50 54
1 50 165
1 50 192
1 50 201
1 51 17
1 51 20
1 51 24
1 51 50
1 51 53
1 51 59
1 51 93
1 51 125
1 51 145
1 52 6
1 52 11
1 52 16
1 52 24
1 52 34
1 52 56
1 52 137
1 52 149
1 52 193
1 52 198
1 53 8
1 53 44
1 53 67
1 53 72
1 53 145
1 53 159
1 53 174
1 53 204
1 54 4
1 54 7
1 54 15
1 54 16
1 54 18
1 54 38
1 54 45
1 54 48
1 54 49
1 54 64
1 54 79
1 54 113
1 54 121
1 54 194
1 54 203
1 55 13
1 55 21
1 55 22
1 55 30
1 55 35
1 55 36
1 55 56
1 55 152
1 55 154
1 55 172
1 55 175
1 56 11
1 56 24
1 56 26
1 56 39
1 56 134
1 57 20
1 57 27
1 57 31
1 57 32
1 57 52
1 57 54
1 57 67
1 57 132
1 57 143
1 57 172
1 58 1
1 58 4
1 58 29
1 58 40
1 58 64
1 58 94
1 58 108
1 58 121
1 58 127
1 58 171
1 58 183
1 59 0
1 59 11
1 59 25
1 59 30
1 59 64
1 59 165
1 60 18
1 60 26
1 60 31
1 60 63
1 60 71
1 60 91
1 60 96
1 60 99
1 60 118
1 60 139
1 61 5
1 61 6
1 61 10
1 61 20
1 61 21
1 61 22
1 61 46
1 61 52
1 61 57
1 61 131
1 61 159
1 61 166
1 61 196
1 61 201
1 62 3
1 62 4
1 62 6
1 62 22
1 62 61
1 62 62
1 62 66
1 62 69
1 62 108
1 62 126
1 62 147
1 62 170
1 62 175
1 62 185
1 62 201
1 63 4
1 63 7
1 63 17
1 63 21
1 63 39
1 63 47
1 63 53
1 63 58
1 63 59
1 63 107
1 63 143
1 63 146
1 64 10
1 64 17
1 64 20
1 64 22
1 64 23
1 64 27
1 64 43
1 64 44
1 64 53
1 64 64
1 64 155
1 64 177
1 65 30
1 65 103
1 65 117
1 65 144
1 65 150
1 65 168
1 65 171
1 66 3
1 66 24
1 66 47
1 66 122
1 66 124
1 66 158
1 67 1
1 67 26
1 67 106
1 67 114
1 67 118
1 67 121
1 67 136
1 67 152
1 67 183
1 68 57
1 68 95
1 68 117
1 68 147
1 68 162
1 68 177
1 68 200
1 68 204
1 69 17
1 69 59
1 69 62
1 69 73
1 69 121
1 69 140
1 69 146
1 69 179
1 69 201
1 70 47
1 70 110
1 70 121
1 70 140
1 70 183
1 70 186
1 71 28
1 71 36
1 71 40
1 71 49
1 71 68
1 71 94
1 71 119
1 71 127
1 71 129
1 71 148
1 72 26
1 72 40
1 72 47
1 72 95
1 72 107
1 72 109
1 72 130
1 72 155
1 72 181
1 73 0
1 73 7
1 73 19
1 73 34
1 73 40
1 73 51
1 73 69
1 73 71
1 73 76
1 73 89
1 73 95
1 73 195
1 73 206
1 74 22
1 74 96
1 74 107
1 74 113
1 74 174
1 75 47
1 75 52
1 75 65
1 75 86
1 75 138
1 75 192
1 75 201
1 76 35
1 76 39
1 76 88
1 76 142
1 76 145
1 76 146
1 76 195
1 76 198
1 77 11
1 77 44
1 77 64
1 77 77
1 77 98
1 77 117
1 77 124
1 77 181
1 78 62
1 78 63
1 78 80
1 78 86
1 78 111
1 78 144
1 78 147
1 78 149
1 78 185
1 78 198
1 79 0
1 79 72
1 79 171
1 80 20
1 80 21
1 80 59
1 80 81
1 80 118
1 80 120
1 81 1
1 81 14
1 81 17
1 81 64
1 81 87
1 81 100
1 81 111
1 81 122
1 81 126
1 81 133
1 81 182
1 81 205
1 82 74
1 82 155
1 82 167
1 82 170
1 83 35
1 83 42
1 83 61
1 83 66
1 83 86
1 83 87
1 83 192
1 84 5
1 84 21
1 84 38
1 84 60
1 84 72
1 84 109
1 84 118
1 84 122
1 84 129
1 84 163
1 84 168
1 84 175
1 84 182
1 84 189
1 85 28
1 85 30
1 85 47
1 85 70
1 85 112
1 85 131
1 85 141
1 85 143
1 85 175
1 85 192
1 86 32
1 86 186
1 86 195
1 87 28
1 87 40
1 87 68
1 87 72
1 87 77
1 87 158
1 87 201
1 88 18
1 88 20
1 88 62
1 88 63
1 88 67
1 88 145
1 89 75
1 89 87
1 89 100
1 89 104
1 89 105
1 89 120
1 89 126
1 89 133
1 89 134
1 89 157
1 90 75
1 90 145
1 90 149
1 90 171
1 91 25
1 91 34
1 91 44
1 91 50
1 91 52
1 91 97
1 91 154
1 91 164
1 91 179
1 91 182
1 92 62
1 92 80
1 92 92
1 92 118
1 92 195
1 93 21
1 93 81
1 93 88
1 93 187
1 93 197
1 93 202
1 93 203
1 94 65
1 94 66
1 94 121
1 94 133
1 94 144
1 94 161
1 94 168
1 95 2
1 95 30
1 95 32
1 95 70
1 95 88
1 95 104
1 95 174
1 95 194
1 96 3
1 96 21
1 96 95
1 96 141
1 96 157
1 96 172
1 97 82
1 97 88
1 97 105
1 98 60
1 98 75
1 98 121
1 98 138
1 98 140
1 98 159
1 98 184
1 98 185
1 99 6
1 99 13
1 99 52
1 99 117
1 99 147
1 99 150
1 100 10
1 100 12
1 100 37
1 100 62
1 100 83
1 100 108
1 100 143
1 100 152
1 100 168
1 100 202
1 100 205
1 101 14
1 101 19
1 101 74
1 101 96
1 101 111
1 101 150
1 101 177
1 101 181
1 101 202
1 102 8
1 102 136
1 102 146
1 102 153
1 102 159
1 102 167
1 102 180
1 102 187
1 103 6
1 103 43
1 103 125
1 103 160
1 103 168
1 103 184
1 103 196
1 104 20
1 104 63
1 104 127
1 104 129
1 104 130
1 104 166
1 105 31
1 105 132
1 105 153
1 106 8
1 106 29
1 106 34
1 106 57
1 106 66
1 106 88
1 106 89
1 106 126
1 106 165
1 107 48
1 107 52
1 107 55
1 107 97
1 107 127
1 107 176
1 107 185
1 107 186
1 107 202
1 108 32
1 108 98
1 108 157
1 108 186
1 109 2
1 109 54
1 109 58
1 109 74
1 109 128
1 109 181
1 109 193
1 110 36
1 110 91
1 110 144
1 110 150
1 110 182
1 110 202
1 111 89
1 111 91
1 111 126
1 111 163
1 111 171
1 111 179
1 111 188
1 112 9
1 112 23
1 112 131
1 112 143
1 112 164
1 112 174
1 112 201
1 112 202
1 113 75
1 113 78
1 113 85
1 113 95
1 113 97
1 113 104
1 113 106
1 113 112
1 113 120
1 113 138
1 113 167
1 113 172
1 113 176
1 114 0
1 114 34
1 114 112
1 114 138
1 114 145
1 115 26
1 115 28
1 115 92
1 115 106
1 115 121
1 115 199
1 115 204
1 116 20
1 116 90
1 116 95
1 116 107
1 116 108
1 116 143
1 116 193
1 117 11
1 117 29
1 117 38
1 117 54
1 117 60
1 117 99
1 117 137
1 117 142
1 117 184
1 118 11
1 118 73
1 118 101
1 118 143
1 118 150
1 118 158
1 118 169
1 118 191
1 118 200
1 119 37
1 119 43
1 119 47
1 119 78
1 119 97
1 119 107
1 119 112
1 119 113
1 119 138
1 119 146
1 119 182
1 120 14
1 120 23
1 120 50
1 120 55
1 120 62
1 120 82
1 120 111
1 120 137
1 120 141
1 120 188
1 121 23
1 121 85
1 121 130
1 121 174
1 121 188
1 121 200
1 122 5
1 122 29
1 122 42
1 122 46
1 122 77
1 122 89
1 122 130
1 122 143
1 122 192
1 123 13
1 123 18
1 123 74
1 123 75
1 123 79
1 123 82
1 123 100
1 123 129
1 123 133
1 123 172
1 123 195
1 123 204
1 124 14
1 124 118
1 124 125
1 124 159
1 124 190
1 125 26
1 125 102
1 126 5
1 126 29
1 126 63
1 126 89
1 126 105
1 126 128
1 126 202
1 126 205
1 127 2
1 127 3
1 127 14
1 127 23
1 127 37
1 127 51
1 127 103
1 127 115
1 128 181
1 128 188
1 128 206
1 129 22
1 129 69
1 129 111
1 129 147
1 129 190
1 130 9
1 130 55
1 130 137
1 130 140
1 130 142
1 130 146
1 130 171
1 130 179
1 130 196
1 131 55
1 131 127
1 132 34
1 132 46
1 132 47
1 132 62
1 132 73
1 132 90
1 132 165
1 132 201
1 133 11
1 133 37
1 133 39
1 133 120
1 133 137
1 133 139
1 133 151
1 133 187
1 133 188
1 134 2
1 134 33
1 134 49
1 134 100
1 134 117
1 134 203
1 135 61
1 135 101
1 135 157
1 135 173
1 135 203
1 136 31
1 136 77
1 136 86
1 136 159
1 136 186
1 137 13
1 137 49
1 137 69
1 137 83
1 137 98
1 137 103
1 137 155
1 137 161
1 137 177
1 137 200
1 138 24
1 138 60
1 138 142
1 138 170
1 138 184
1 138 187
1 138 191
1 139 99
1 139 145
1 139 155
1 139 184
1 139 187
1 139 189
1 140 6
1 140 63
1 140 69
1 140 110
1 140 116
1 140 168
1 140 182
1 140 186
1 140 196
1 140 206
1 141 47
1 141 78
1 141 94
1 141 96
1 141 158
1 141 165
1 141 186
1 142 4
1 142 17
1 142 37
1 142 74
1 143 27
1 143 38
1 143 41
1 143 67
1 143 71
1 143 81
1 143 113
1 143 115
1 143 121
1 143 154
1 143 156
1 143 168
1 143 187
1 143 193
1 144 11
1 144 16
1 144 45
1 144 192
1 145 73
1 145 114
1 145 135
1 145 156
1 146 49
1 146 83
1 146 111
1 146 138
1 146 139
1 146 204
1 147 7
1 147 106
1 147 132
1 147 195
1 147 198
1 148 4
1 148 15
1 148 64
1 148 88
1 148 102
1 148 118
1 148 121
1 148 145
1 149 55
1 149 71
1 149 102
1 149 109
1 149 114
1 149 118
1 149 119
1 149 161
1 149 197
1 149 205
1 150 3
1 150 67
1 150 73
1 150 76
1 150 117
1 150 118
1 151 4
1 151 79
1 151 95
1 151 141
1 151 147
1 151 169
1 151 184
1 152 41
1 152 120
1 152 202
1 153 13
1 153 41
1 153 46
1 153 122
1 153 135
1 153 160
1 153 182
1 153 190
1 154 0
1 154 69
1 154 71
1 154 203
1 155 8
1 155 96
1 155 98
1 155 114
1 155 134
1 155 169
1 155 172
1 155 179
1 155 195
1 155 202
1 155 206
1 156 24
1 156 80
1 156 113
1 156 158
1 156 185
1 157 11
1 157 83
1 158 9
1 158 41
1 158 86
1 158 151
1 158 174
1 158 194
1 159 59
1 159 98
1 159 140
1 159 153
1 159 201
1 160 24
1 160 80
1 160 89
1 160 121
1 160 147
1 160 170
1 160 197
1 161 32
1 161 38
1 161 39
1 161 44
1 161 45
1 161 70
1 161 75
1 161 76
1 161 86
1 162 89
1 162 124
1 162 128
1 162 149
1 162 152
1 162 180
1 163 26
1 163 56
1 163 70
1 163 106
1 163 117
1 163 121
1 163 127
1 163 154
1 163 185
1 164 19
1 164 26
1 164 42
1 164 59
1 164 64
1 164 142
1 164 190
1 165 9
1 165 25
1 165 78
1 165 150
1 165 161
1 165 166
1 165 181
1 166 35
1 166 57
1 166 94
1 166 139
1 166 155
1 166 178
1 166 197
1 166 206
1 167 58
1 167 62
1 167 63
1 167 69
1 167 92
1 167 140
1 167 179
1 167 196
1 168 29
1 168 48
1 168 88
1 168 137
1 168 187
1 168 199
1 169 28
1 169 54
1 169 55
1 169 121
1 169 131
1 169 132
1 169 136
1 169 188
1 170 11
1 170 12
1 170 37
1 170 118
1 170 158
1 170 168
1 170 169
1 171 63
1 171 70
1 171 87
1 171 92
1 171 101
1 171 201
1 172 38
1 172 45
1 172 91
1 172 104
1 172 124
1 172 169
1 173 90
1 173 128
1 173 153
1 174 56
1 174 96
1 174 103
1 174 120
1 174 139
1 175 23
1 175 25
1 175 30
1 175 120
1 175 134
1 175 160
1 175 173
1 175 184
1 176 8
1 176 28
1 176 61
1 176 165
1 176 176
1 176 187
1 177 8
1 177 15
1 177 28
1 177 44
1 177 45
1 177 74
1 177 75
1 177 99
1 177 134
1 178 62
1 178 75
1 178 82
1 178 132
1 178 134
1 178 191
1 178 195
1 178 206
1 179 3
1 179 17
1 179 33
1 179 85
1 179 102
1 179 142
1 179 182
1 179 198
1 179 199
1 180 8
1 180 35
1 180 84
1 180 106
1 180 110
1 180 182
1 180 185
1 180 189
1 181 22
1 181 38
1 181 41
1 181 71
1 181 76
1 181 146
1 181 172
1 181 190
1 182 7
1 182 14
1 182 86
1 182 112
1 182 117
1 182 151
1 182 157
1 182 168
1 182 203
1 183 39
1 183 54
1 183 66
1 183 73
1 183 145
1 184 28
1 184 40
1 184 66
1 185 49
1 185 205
1 186 37
1 186 52
1 186 63
1 186 114
1 186 115
1 186 136
1 186 138
1 186 149
1 186 152
1 186 176
1 187 45
1 187 66
1 187 70
1 187 104
1 187 111
1 187 154
1 188 8
1 188 24
1 188 102
1 188 114
1 188 167
1 188 174
1 188 194
1 188 206
1 189 7
1 189 27
1 189 40
1 189 59
1 189 144
1 189 161
1 190 101
1 190 125
1 190 128
1 190 161
1 190 190
1 190 205
1 191 22
1 191 105
1 191 145
1 191 148
1 191 164
1 192 19
1 192 43
1 192 86
1 192 88
1 192 99
1 192 100
1 192 117
1 192 139
1 194 59
1 194 70
1 194 127
1 194 139
1 194 152
1 195 31
1 195 153
1 195 156
1 195 164
1 195 183
1 196 38
1 196 149
1 196 182
1 197 30
1 197 165
1 198 35
1 198 104
1 198 108
1 198 179
1 199 1
1 199 6
1 199 54
1 199 90
1 199 102
1 199 151
1 199 163
1 199 192
1 199 193
1 200 10
1 200 13
1 200 179
1 200 180
1 201 49
1 201 56
1 201 116
1 201 158
1 202 1
1 202 147
1 202 183
1 203 16
1 203 71
1 203 76
1 203 84
1 203 152
1 203 200
1 204 68
1 204 77
1 204 94
1 204 104
1 204 107
1 204 118
1 204 160
1 204 168
1 204 172
1 204 189
1 204 192
1 204 193
1 204 206
1 205 23
1 205 47
1 205 53
1 205 100
1 205 152
1 205 199
1 205 205
1 206 11
1 206 35
1 206 55
1 206 89
1 206 129
1 206 141
1 206 153
1 206 190
2 0 0
2 0 17
2 0 31
2 0 33
2 0 40
2 0 48
2 0 54
2 0 89
2 0 155
2 0 169
2 0 184
2 0 195
2 1 4
2 1 9
2 1 10
2 1 28
2 1 30
2 1 34
2 1 47
2 1 49
2 1 50
2 1 53
2 1 63
2 1 94
2 1 127
2 1 150
2 1 194
2 1 206
2 2 2
2 2 4
2 2 6
2 2 7
2 2 14
2 2 30
2 2 32
2 2 54
2 2 72
2 2 85
2 2 87
2 2 147
2 2 157
2 2 200
2 3 5
2 3 17
2 3 18
2 3 25
2 3 32
2 3 35
2 3 40
2 3 43
2 3 62
2 3 131
2 3 137
2 3 153
2 3 167
2 4 3
2 4 4
2 4 5
2 4 8
2 4 14
2 4 33
2 4 52
2 4 58
2 4 70
2 4 161
2 4 163
2 4 194
2 5 10
2 5 33
2 5 43
2 5 85
2 5 119
2 5 120
2 5 142
2 5 152
2 5 157
2 6 8
2 6 19
2 6 29
2 6 36
2 6 37
2 6 38
2 6 39
2 6 44
2 6 58
2 6 63
2 6 85
2 6 123
2 7 7
2 7 14
2 7 23
2 7 37
2 7 82
2 7 102
2 7 112
2 7 139
2 7 182
2 7 201
2 8 1
2 8 12
2 8 15
2 8 30
2 8 50
2 8 77
2 8 169
2 9 17
2 9 26
2 9 35
2 9 44
2 9 78
2 9 89
2 9 110
2 9 134
2 9 154
2 9 192
2 10 14
2 10 26
2 10 29
2 10 31
2 10 38
2 10 51
2 10 53
2 10 69
2 10 135
2 10 161
2 10 197
2 11 59
2 11 87
2 11 95
2 11 144
2 11 184
2 12 1
2 12 8
2 12 56
2 12 61
2 12 63
2 12 70
2 12 76
2 12 196
2 13 3
2 13 6
2 13 9
2 13 26
2 13 30
2 13 32
2 13 44
2 13 45
2 13 49
2 13 52
2 13 61
2 13 126
2 14 1
2 14 4
2 14 9
2 14 41
2 14 132
2 14 188
2 14 197
2 15 32
2 15 37
2 15 46
2 15 55
2 15 85
2 15 87
2 15 88
2 15 101
2 15 140
2 15 178
2 15 192
2 16 1
2 16 6
2 16 17
2 16 26
2 16 29
2 16 34
2 16 42
2 17 5
2 17 14
2 17 24
2 17 54
2 17 79
2 17 80
2 17 97
2 17 159
2 17 178
2 18 10
2 18 32
2 18 33
2 18 39
2 18 71
2 18 72
2 18 119
2 18 142
2 19 14
2 19 41
2 19 45
2 19 67
2 19 94
2 19 115
2 19 154
2 19 163
2 19 169
2 20 10
2 20 19
2 20 32
2 20 57
2 20 65
2 20 105
2 20 125
2 20 153
2 20 177
2 21 13
2 21 19
2 21 22
2 21 53
2 21 60
2 21 94
2 21 97
2 21 99
2 21 110
2 21 150
2 21 195
2 22 0
2 22 7
2 22 8
2 22 35
2 22 48
2 22 54
2 22 134
2 22 177
2 23 10
2 23 26
2 23 43
2 23 45
2 23 46
2 23 82
2 23 86
2 23 91
2 23 112
2 23 120
2 24 12
2 24 35
2 24 41
2 24 58
2 24 64
2 24 109
2 24 132
2 24 160
2 24 166
2 24 182
2 24 193
2 25 14
2 25 20
2 25 24
2 25 41
2 25 97
2 25 109
2 25 135
2 25 149
2 25 176
2 25 189
2 25 191
2 26 1
2 26 2
2 26 29
2 26 40
2 26 47
2 26 48
2 26 51
2 26 59
2 26 60
2 26 69
2 27 0
2 27 19
2 27 20
2 27 29
2 27 32
2 27 41
2 27 51
2 27 53
2 27 63
2 27 74
2 27 101
2 27 141
2 27 155
2 27 177
2 27 194
2 28 12
2 28 32
2 28 44
2 28 56
2 28 115
2 28 148
2 29 2
2 29 17
2 29 27
2 29 46
2 29 47
2 29 49
2 29 93
2 29 94
2 29 105
2 29 161
2 29 191
2 30 19
2 30 35
2 30 46
2 30 57
2 30 62
2 30 91
2 30 107
2 30 110
2 30 121
2 30 166
2 30 197
2 31 18
2 31 24
2 31 38
2 31 40
2 31 55
2 31 60
2 31 149
2 31 165
2 31 176
2 31 184
2 32 12
2 32 17
2 32 20
2 32 28
2 32 39
2 32 57
2 32 77
2 32 97
2 33 10
2 33 24
2 33 42
2 33 52
2 33 57
2 33 60
2 33 94
2 33 103
2 34 26
2 35 4
2 35 17
2 35 29
2 35 32
2 35 36
2 35 41
2 35 73
2 35 110
2 35 141
2 35 172
2 35 199
2 36 3
2 36 23
2 36 26
2 36 28
2 36 35
2 36 42
2 36 50
2 36 54
2 36 55
2 36 56
2 36 64
2 36 92
2 36 121
2 36 174
2 37 4
2 37 27
2 37 35
2 37 52
2 37 99
2 38 6
2 38 48
2 38 54
2 38 64
2 38 136
2 38 150
2 38 161
2 38 168
2 38 188
2 39 14
2 39 22
2 39 29
2 39 44
2 39 47
2 39 48
2 39 166
2 40 1
2 40 7
2 40 10
2 40 34
2 40 49
2 40 85
2 40 111
2 40 116
2 40 129
2 40 195
2 41 3
2 41 4
2 41 7
2 41 12
2 41 34
2 41 36
2 41 42
2 41 51
2 41 61
2 41 102
2 41 112
2 41 136
2 41 200
2 42 12
2 42 34
2 42 40
2 42 42
2 42 46
2 42 47
2 42 49
2 42 59
2 42 64
2 42 85
2 42 164
2 43 3
2 43 7
2 43 20
2 43 29
2 43 45
2 43 50
2 43 56
2 43 58
2 43 59
2 43 79
2 43 111
2 43 133
2 43 137
2 43 188
2 44 14
2 44 17
2 44 23
2 44 39
2 44 44
2 44 70
2 44 75
2 44 79
2 44 90
2 44 109
2 44 111
2 44 148
2 44 192
2 45 8
2 45 20
2 45 23
2 45 39
2 45 41
2 45 47
2 45 54
2 45 58
2 45 94
2 45 121
2 45 149
2 45 190
2 46 5
2 46 22
2 46 25
2 46 51
2 46 89
2 46 103
2 46 111
2 46 119
2 47 7
2 47 13
2 47 24
2 47 28
2 47 29
2 47 44
2 47 49
2 47 64
2 47 70
2 47 77
2 47 181
2 48 9
2 48 11
2 48 15
2 48 25
2 48 28
2 48 29
2 48 30
2 48 35
2 48 48
2 48 51
2 48 60
2 48 98
2 48 101
2 48 180
2 48 202
2 49 10
2 49 27
2 49 28
2 49 52
2 49 70
2 49 103
2 49 193
2 50 4
2 50 7
2 50 10
2 50 27
2 50 39
2 50 41
2 50 42
2 50 80
2 50 82
2 50 107
2 50 152
2 51 27
2 51 32
2 51 33
2 51 36
2 51 39
2 51 45
2 51 53
2 51 63
2 51 75
2 51 98
2 51 113
2 51 160
2 52 6
2 52 10
2 52 24
2 52 38
2 52 39
2 52 48
2 52 64
2 52 68
2 52 91
2 52 112
2 52 155
2 52 175
2 53 3
2 53 6
2 53 11
2 53 17
2 53 29
2 53 33
2 53 53
2 53 56
2 53 107
2 53 132
2 53 136
2 53 140
2 53 150
2 54 13
2 54 14
2 54 24
2 54 26
2 54 28
2 54 32
2 54 82
2 54 113
2 54 138
2 54 148
2 54 176
2 54 184
2 55 5
2 55 10
2 55 16
2 55 29
2 55 52
2 55 65
2 55 114
2 55 143
2 55 188
2 56 0
2 56 13
2 56 29
2 56 34
2 56 38
2 56 41
2 56 63
2 56 203
2 57 14
2 57 16
2 57 22
2 57 27
2 57 28
2 57 69
2 57 97
2 57 198
2 57 204
2 58 13
2 58 26
2 58 32
2 58 35
2 58 52
2 58 64
2 58 67
2 58 88
2 58 136
2 59 19
2 59 22
2 59 27
2 59 41
2 59 54
2 59 55
2 59 84
2 59 104
2 59 122
2 59 158
2 59 161
2 59 190
2 60 18
2 60 25
2 60 31
2 60 48
2 60 53
2 60 60
2 60 153
2 61 9
2 61 13
2 61 17
2 61 37
2 61 44
2 61 57
2 61 74
2 61 88
2 61 101
2 61 128
2 61 148
2 61 152
2 61 164
2 61 178
2 62 1
2 62 31
2 62 39
2 62 40
2 62 67
2 62 82
2 62 151
2 62 155
2 62 157
2 62 191
2 63 4
2 63 10
2 63 11
2 63 18
2 63 19
2 63 24
2 63 29
2 63 42
2 63 52
2 63 55
2 63 84
2 63 110
2 63 115
2 63 157
2 63 193
2 64 5
2 64 11
2 64 16
2 64 24
2 64 40
2 64 48
2 64 58
2 64 101
2 64 113
2 64 142
2 64 174
2 64 183
2 64 188
2 64 194
2 64 204
2 65 3
2 65 60
2 65 97
2 65 178
2 65 204
2 66 56
2 66 105
2 67 9
2 67 42
2 67 77
2 67 89
2 67 152
2 67 195
2 67 198
2 67 201
2 68 52
2 68 80
2 68 137
2 68 141
2 68 165
2 68 176
2 68 186
2 69 17
2 69 21
2 69 62
2 69 92
2 69 136
2 69 199
2 69 203
2 70 66
2 70 99
2 70 108
2 70 171
2 70 187
2 71 4
2 71 28
2 71 36
2 71 47
2 71 88
2 71 162
2 72 97
2 72 108
2 72 115
2 72 120
2 72 130
2 72 159
2 72 166
2 72 184
2 72 191
2 73 40
2 73 87
2 73 123
2 73 128
2 73 178
2 73 190
2 74 50
2 74 78
2 74 82
2 74 141
2 74 149
2 74 150
2 74 187
2 74 192
2 75 15
2 75 19
2 75 31
2 75 37
2 75 95
2 75 105
2 76 24
2 76 41
2 76 64
2 76 87
2 76 89
2 76 199
2 77 6
2 77 85
2 77 136
2 78 69
2 78 95
2 78 106
2 78 121
2 78 139
2 78 161
2 79 16
2 79 20
2 79 78
2 79 195
2 79 202
2 79 204
2 80 64
2 80 112
2 81 5
2 81 88
2 81 175
2 81 184
2 82 9
2 82 73
2 82 160
2 82 172
2 82 179
2 82 194
2 83 130
2 83 134
2 84 3
2 84 24
2 84 37
2 84 58
2 84 90
2 84 114
2 84 165
2 84 182
2 84 191
2 84 205
2 85 136
2 85 175
2 85 186
2 85 190
2 86 2
2 86 21
2 86 50
2 86 99
2 86 110
2 86 129
2 86 159
2 86 164
2 86 173
2 86 189
2 86 196
2 87 72
2 87 79
2 87 144
2 87 162
2 87 164
2 88 133
2 88 138
2 88 159
2 89 59
2 89 76
2 89 87
2 89 126
2 89 130
2 90 12
2 90 17
2 90 24
2 90 78
2 90 96
2 90 179
2 90 198
2 90 203
2 90 204
2 91 2
2 91 40
2 91 78
2 91 92
2 91 187
2 92 16
2 92 59
2 92 125
2 92 140
2 92 159
2 92 164
2 92 175
2 93 10
2 93 22
2 93 28
2 93 39
2 93 49
2 93 50
2 94 8
2 94 45
2 94 72
2 94 83
2 94 138
2 94 152
2 95 24
2 95 75
2 95 162
2 95 183
2 95 204
2 96 24
2 96 34
2 96 115
2 96 137
2 96 193
2 96 201
2 97 3
2 97 33
2 97 39
2 97 49
2 97 91
2 97 143
2 97 147
2 97 195
2 98 4
2 98 30
2 98 62
2 98 132
2 98 159
2 99 26
2 99 90
2 99 115
2 99 117
2 99 121
2 99 155
2 99 202
2 100 143
2 100 178
2 101 47
2 101 69
2 101 70
2 101 81
2 101 103
2 101 139
2 101 161
2 101 184
2 101 196
2 101 206
2 102 21
2 102 25
2 102 47
2 102 58
2 102 61
2 102 62
2 102 78
2 102 95
2 102 112
2 102 129
2 102 132
2 102 141
2 102 144
2 102 157
2 102 176
2 102 188
2 103 7
2 103 30
2 103 35
2 103 38
2 103 62
2 103 118
2 103 125
2 103 137
2 103 152
2 103 185
2 104 22
2 104 77
2 104 80
2 104 91
2 104 121
2 104 160
2 104 170
2 105 23
2 105 39
2 105 59
2 105 118
2 106 50
2 106 90
2 106 117
2 106 151
2 106 172
2 107 15
2 107 17
2 107 20
2 107 37
2 107 62
2 107 84
2 107 101
2 107 146
2 107 187
2 107 198
2 108 12
2 108 39
2 108 46
2 108 148
2 108 183
2 108 190
2 109 8
2 109 22
2 109 55
2 109 58
2 109 66
2 109 141
2 110 49
2 110 50
2 110 120
2 110 167
2 110 197
2 111 11
2 111 55
2 111 95
2 111 112
2 111 159
2 111 181
2 111 204
2 112 62
2 112 66
2 112 103
2 112 121
2 112 129
2 112 130
2 112 134
2 112 153
2 112 175
2 112 187
2 113 22
2 113 36
2 113 69
2 113 82
2 113 95
2 113 97
2 113 104
2 113 128
2 113 139
2 113 169
2 113 181
2 114 19
2 114 50
2 114 55
2 114 58
2 114 97
2 114 136
2 114 137
2 114 204
2 115 152
2 116 63
2 116 134
2 116 139
2 116 180
2 117 9
2 117 39
2 117 57
2 117 87
2 117 88
2 117 93
2 117 115
2 117 146
2 117 159
2 118 22
2 118 84
2 118 116
2 118 156
2 118 164
2 118 201
2 118 202
2 119 11
2 119 85
2 119 98
2 119 112
2 119 173
2 119 191
2 119 194
2 119 202
2 119 204
2 120 17
2 120 38
2 120 61
2 120 99
2 120 115
2 120 190
2 120 204
2 121 7
2 121 41
2 121 85
2 121 111
2 122 45
2 122 53
2 122 87
2 122 129
2 122 173
2 123 4
2 123 25
2 123 45
2 123 113
2 123 119
2 123 150
2 124 8
2 124 45
2 124 70
2 124 104
2 124 108
2 124 110
2 124 144
2 124 185
2 125 10
2 125 56
2 125 132
2 125 138
2 126 2
2 126 18
2 126 27
2 126 42
2 126 44
2 126 99
2 126 164
2 126 169
2 126 186
2 126 193
2 127 13
2 127 25
2 127 61
2 127 81
2 127 138
2 127 141
2 127 155
2 127 156
2 127 170
2 127 171
2 127 177
2 127 180
2 128 10
2 128 16
2 128 54
2 128 78
2 128 89
2 129 66
2 129 96
2 129 132
2 129 171
2 129 197
2 130 59
2 130 107
2 130 126
2 130 128
2 130 132
2 130 162
2 131 11
2 131 26
2 131 53
2 131 93
2 131 113
2 131 131
2 131 152
2 131 164
2 132 2
2 132 34
2 132 55
2 132 80
2 132 102
2 132 104
2 133 0
2 133 65
2 133 172
2 133 191
2 133 197
2 134 11
2 134 17
2 134 97
2 134 114
2 134 135
2 135 0
2 135 1
2 135 5
2 135 7
2 135 35
2 135 66
2 135 107
2 136 2
2 136 11
2 136 21
2 136 25
2 136 32
2 136 59
2 136 74
2 136 113
2 136 164
2 136 184
2 137 12
2 137 29
2 137 88
2 137 98
2 137 145
2 137 159
2 137 201
2 137 206
2 138 15
2 138 94
2 138 129
2 138 146
2 138 156
2 138 182
2 139 11
2 139 51
2 139 58
2 139 100
2 139 124
2 139 136
2 139 160
2 139 196
2 140 29
2 140 70
2 140 77
2 140 111
2 140 152
2 140 196
2 141 1
2 141 26
2 141 73
2 141 113
2 141 114
2 141 126
2 141 147
2 141 178
2 141 197
2 142 5
2 142 6
2 142 22
2 142 47
2 142 66
2 142 70
2 142 71
2 142 76
2 142 82
2 142 133
2 142 145
2 142 164
2 142 166
2 142 175
2 143 80
2 144 18
2 144 48
2 144 56
2 144 83
2 144 130
2 144 166
2 144 167
2 144 168
2 145 1
2 145 68
2 145 73
2 145 112
2 145 114
2 145 124
2 145 145
2 145 150
2 145 153
2 145 203
2 146 0
2 146 34
2 146 36
2 146 79
2 146 80
2 146 143
2 146 197
2 146 202
2 147 28
2 147 29
2 147 35
2 147 99
2 147 116
2 147 131
2 147 135
2 147 172
2 148 62
2 148 71
2 148 76
2 148 139
2 148 199
2 149 0
2 149 3
2 149 16
2 149 34
2 149 80
2 149 173
2 149 198
2 150 0
2 150 3
2 150 4
2 150 12
2 150 36
2 150 55
2 150 86
2 150 94
2 150 99
2 150 125
2 150 131
2 150 158
2 150 184
2 150 195
2 150 204
2 151 40
2 151 66
2 151 92
2 151 204
2 152 7
2 152 8
2 152 32
2 152 48
2 152 101
2 152 106
2 152 137
2 152 157
2 152 167
2 152 186
2 152 206
2 153 20
2 153 41
2 153 108
2 153 155
2 153 166
2 154 18
2 154 77
2 154 99
2 154 127
2 154 137
2 155 128
2 155 187
2 156 3
2 156 49
2 156 70
2 156 89
2 156 130
2 156 137
2 156 170
2 156 190
2 157 32
2 157 112
2 157 163
2 157 177
2 158 15
2 158 34
2 158 38
2 158 60
2 158 63
2 158 72
2 158 108
2 158 115
2 158 124
2 158 130
2 158 144
2 158 150
2 158 166
2 158 172
2 159 106
2 159 124
2 159 140
2 159 145
2 159 187
2 160 124
2 160 161
2 160 186
2 160 191
2 160 204
2 161 8
2 161 28
2 161 61
2 161 168
2 161 198
2 162 53
2 162 167
2 162 194
2 163 24
2 163 46
2 163 175
2 163 177
2 163 199
2 164 53
2 164 105
2 164 161
2 165 28
2 165 81
2 165 166
2 165 181
2 165 188
2 165 197
2 166 56
2 166 64
2 166 69
2 166 81
2 166 108
2 166 157
2 166 162
2 166 170
2 166 187
2 167 43
2 167 130
2 167 156
2 167 162
2 167 185
2 168 71
2 168 89
2 168 90
2 168 101
2 168 125
2 168 164
2 168 169
2 169 20
2 169 85
2 169 93
2 169 99
2 169 120
2 169 205
2 170 77
2 170 104
2 171 18
2 171 48
2 171 79
2 172 27
2 172 48
2 172 83
2 172 101
2 172 166
2 172 206
2 173 87
2 173 119
2 173 133
2 173 142
2 174 31
2 174 39
2 174 45
2 174 46
2 174 116
2 174 146
2 174 150
2 175 43
2 175 46
2 175 48
2 175 51
2 175 107
2 175 137
2 175 143
2 175 171
2 176 2
2 176 95
2 176 97
2 176 124
2 176 143
2 176 188
2 176 190
2 177 24
2 177 87
2 177 98
2 177 104
2 177 119
2 177 120
2 177 153
2 177 164
2 177 171
2 177 174
2 177 182
2 177 204
2 177 205
2 178 4
2 178 20
2 178 28
2 178 51
2 178 129
2 178 132
2 178 165
2 178 182
2 178 201
2 179 8
2 179 16
2 179 68
2 179 93
2 180 42
2 180 84
2 180 166
2 180 173
2 181 0
2 181 15
2 181 80
2 181 97
2 181 140
2 181 141
2 181 148
2 181 158
2 181 166
2 181 178
2 182 5
2 182 27
2 182 96
2 182 103
2 182 118
2 182 127
2 182 149
2 182 151
2 183 32
2 183 33
2 183 64
2 183 91
2 183 119
2 183 155
2 183 162
2 184 81
2 184 92
2 184 123
2 184 139
2 184 140
2 184 148
2 185 14
2 185 54
2 185 95
2 185 106
2 185 107
2 185 108
2 185 162
2 185 165
2 186 17
2 186 41
2 186 56
2 186 60
2 186 65
2 186 74
2 186 79
2 186 124
2 187 7
2 187 14
2 187 164
2 187 188
2 188 42
2 188 57
2 188 73
2 188 79
2 188 89
2 188 153
2 188 197
2 189 57
2 189 104
2 189 160
2 189 204
2 190 26
2 190 88
2 190 93
2 190 148
2 190 188
2 190 196
2 191 38
2 191 39
2 191 80
2 191 97
2 191 119
2 191 191
2 192 47
2 192 89
2 192 111
2 192 123
2 192 126
2 192 131
2 192 136
2 192 163
2 192 171
2 192 196
2 193 15
2 193 74
2 193 76
2 193 79
2 193 112
2 193 124
2 193 204
2 194 23
2 194 25
2 194 67
2 194 72
2 194 114
2 194 188
2 195 13
2 195 126
2 195 137
2 195 178
2 196 13
2 196 27
2 196 110
2 196 139
2 196 174
2 196 196
2 196 201
2 196 204
2 197 32
2 197 129
2 197 171
2 197 186
2 197 202
2 198 47
2 198 66
2 198 141
2 198 170
2 198 181
2 198 185
2 198 199
2 199 31
2 199 34
2 199 158
2 199 178
2 200 56
2 200 82
2 200 100
2 200 117
2 200 164
2 201 41
2 201 91
2 201 152
2 201 169
2 202 20
2 202 49
2 202 132
2 202 171
2 202 173
2 203 4
2 203 14
2 203 22
2 203 33
2 203 122
2 203 126
2 203 167
2 203 179
2 203 181
2 204 51
2 204 55
2 204 101
2 204 120
2 204 174
2 205 22
2 205 60
2 205 99
2 205 136
2 205 183
2 206 19
2 206 187
2 206 195