51621
4
297 295 296 295
3778

0 0 0 106 0 943 0 0 941 0 691 234 512 0 867 0 121 0 0 0 90 0 0 0 96 0 0 0 0 0 50 0 0 0 0 449 0 355 0 173 418 954 0 616 106 0 426 0 13 0 0 0 54 0 720 0 0 721 917 0 0 0 238 0 0 725 0 0 813 0 0 0 0 0 528 65 480 378 991 0 0 644 768 0 0 0 769 944 0 720 0 0 0 0 172 0 98 536 937 0 68 0 0 20 68 0 0 0 0 0 55 18 0 48 25 0 88 0 50 0 0 4 78 0 0 0 9 0 0 51 8 0 0 42 82 75 44 36 29 0 0 55 72 0 0 0 67 0 44 0 13 8 29 98 62 13 0 0 51 82 32 58 0 57 56 7 0 17 69 32 0 0 0 90 0 0 0 0 27 60 0 0 22 5 0 77 40 100 0 0 0 98 0 0 25 0 0 29 0 53 79 52 0 0 31 0 29 0 0 13 0 27 10 0 0 0 29 12 0 0 0 0 0 80 36 95 92 0 66 0 94 0 21 0 13 39 0 0 0 94 49 38 0 0 0 0 22 40 0 89 0 96 85 85 76 0 0 0 14 0 0 0 68 56 0 0 67 26 15 0 0 0 0 18 0 0 97 0 0 23 59 77 0 69 80 0 89 0 0 14 0 48 0 0 76 0 100
574 0 0 0 917 0 0 338 935 342 0 183 606 163 398 560 0 490 0 0 452 714 0 923 392 0 229 795 262 912 0 0 0 536 0 0 0 0 626 0 413 259 73 0 959 581 0 0 953 0 579 127 0 906 499 483 0 756 0 0 0 0 373 859 23 362 830 897 583 0 0 0 112 0 0 861 448 434 0 0 724 657 0 620 0 789 0 0 0 0 734 389 0 558 0 0 0 0 122 51 0 0 63 0 0 0 0 48 0 90 91 60 0 0 29 11 0 0 0 2 34 0 76 0 84 0 0 0 26 89 1 49 0 0 15 16 7 96 82 0 30 0 0 8 25 65 18 96 88 0 30 17 53 57 0 63 46 72 75 36 0 0 25 0 13 16 0 88 7 0 87 0 0 0 11 0 0 86 77 0 0 97 0 0 0 88 0 0 0 0 69 0 9 37 73 13 0 6 92 33 62 0 0 0 0 75 46 0 0 21 91 33 41 44 96 0 0 0 0 0 0 51 21 0 0 0 0 69 100 0 0 9 0 35 0 0 0 0 0 0 0 0 0 0 0 0 50 0 45 48 95 32 4 0 20 0 9 0 0 68 0 0 47 57 0 0 44 0 5 11 0 14 67 43 38 0 0 0 8 44 0 26 80 0 52 0 0 0 28 36 60 0 0 0 32
679 0 0 0 929 752 566 999 513 0 449 0 0 504 687 0 0 0 473 612 0 0 0 0 0 0 0 0 449 0 664 806 0 539 189 0 404 703 744 0 0 0 941 836 0 509 804 28 0 554 848 0 410 0 0 0 0 536 692 359 0 0 0 0 0 576 0 172 0 0 0 0 0 889 677 920 574 0 328 40 282 777 103 54 593 490 24 965 0 106 0 0 660 185 863 0 997 0 487 16 0 0 0 73 0 55 0 69 0 36 49 93 3 0 0 7 96 72 0 99 15 0 78 95 4 0 0 52 12 36 36 41 96 0 0 95 87 28 0 63 0 0 18 64 44 57 92 0 14 90 0 36 0 0 0 0 0 89 0 99 85 0 0 87 0 62 0 0 69 75 44 0 53 69 0 12 0 0 71 0 0 0 57 86 92 48 0 96 0 0 0 0 45 58 0 0 53 13 61 72 83 61 0 0 0 0 22 18 67 92 0 75 91 93 0 0 26 97 15 53 0 3 24 0 0 0 0 57 99 0 0 0 0 42 0 0 0 78 0 26 83 0 0 18 0 0 0 0 74 99 0 0 49 0 64 25 13 0 0 0 97 6 63 0 66 82 100 0 11 67 11 0 0 96 0 69 0 7 37 96 0 46 0 0 20 18 22 0 0 29 77 24 0 0 98 0
0 0 0 0 745 118 0 0 0 0 706 0 389 115 904 0 0 0 0 151 0 508 0 337 0 574 192 0 103 0 43 0 507 565 0 0 946 91 154 0 254 0 55 0 0 386 384 0 41 961 244 0 630 0 730 0 82 0 0 0 0 738 0 701 0 0 917 465 0 477 814 0 0 0 0 0 0 774 504 563 0 706 831 690 0 0 0 214 0 0 592 0 0 0 0 0 330 839 512 97 34 46 96 0 20 78 72 36 61 20 0 64 55 17 0 0 99 0 0 0 0 0 57 0 49 15 0 0 0 0 49 30 0 0 76 0 0 0 0 45 0 0 0 0 28 0 87 0 44 13 19 25 0 0 11 0 83 0 94 0 0 74 0 21 22 17 72 0 37 0 89 38 28 0 85 0 38 74 0 0 0 39 0 0 0 52 0 99 96 42 0 0 0 0 0 0 69 0 13 0 0 67 7 73 0 13 0 54 0 0 0 0 0 0 33 42 0 0 70 0 0 0 15 0 0 0 0 27 26 0 0 38 59 0 0 0 75 17 91 0 66 0 14 32 0 20 74 82 81 0 0 100 30 0 6 31 32 91 16 0 0 76 15 0 27 22 0 54 18 64 0 31 29 0 0 96 39 19 37 25 0 0 0 0 46 69 0 0 0 33 0 60 0 96 0

0 0 38
0 0 42
0 0 58
0 0 115
0 0 174
0 0 183
0 0 236
0 0 248
0 1 9
0 1 20
0 1 158
0 1 233
0 1 243
0 1 261
0 2 13
0 2 46
0 2 67
0 2 142
0 2 216
0 2 267
0 3 16
0 3 63
0 3 95
0 3 111
0 3 261
0 3 281
0 3 287
0 4 20
0 4 39
0 4 169
0 4 222
0 4 268
0 4 272
0 5 4
0 5 21
0 5 27
0 5 91
0 5 276
0 6 52
0 6 114
0 6 262
0 6 276
0 6 281
0 7 66
0 7 85
0 7 93
0 8 95
0 8 106
0 8 131
0 8 153
0 8 170
0 8 206
0 8 289
0 9 7
0 9 64
0 9 85
0 10 8
0 10 16
0 10 25
0 10 63
0 10 84
0 10 96
0 10 132
0 10 137
0 10 182
0 10 196
0 10 197
0 10 246
0 10 247
0 11 68
0 11 88
0 11 89
0 11 132
0 11 282
0 12 48
0 12 86
0 12 156
0 13 41
0 13 69
0 13 79
0 13 100
0 13 104
0 13 159
0 13 214
0 13 252
0 13 282
0 14 52
0 14 96
0 14 129
0 14 250
0 14 252
0 15 92
0 15 106
0 15 143
0 15 162
0 16 62
0 16 64
0 16 87
0 16 97
0 16 101
0 16 103
0 16 119
0 16 155
0 16 219
0 16 256
0 16 283
0 17 16
0 17 37
0 17 90
0 17 191
0 17 231
0 17 275
0 18 12
0 18 13
0 18 40
0 18 42
0 18 65
0 18 131
0 18 221
0 18 256
0 19 20
0 19 52
0 19 62
0 19 138
0 19 231
0 19 243
0 19 264
0 19 287
0 20 26
0 20 81
0 20 103
0 20 149
0 20 165
0 21 19
0 21 35
0 21 73
0 21 76
0 21 80
0 21 118
0 21 122
0 21 140
0 21 195
0 21 223
0 21 243
0 22 27
0 22 30
0 22 40
0 22 43
0 22 151
0 22 242
0 23 15
0 23 47
0 23 84
0 23 114
0 23 235
0 23 268
0 24 10
0 24 45
0 24 86
0 24 93
0 24 97
0 24 105
0 24 106
0 24 142
0 24 177
0 24 251
0 24 254
0 24 258
0 24 262
0 24 272
0 25 8
0 25 30
0 25 32
0 25 67
0 25 144
0 26 56
0 26 61
0 26 276
0 27 29
0 27 135
0 27 193
0 27 209
0 27 219
0 27 265
0 27 267
0 28 7
0 28 12
0 28 27
0 28 32
0 28 283
0 28 287
0 29 3
0 29 40
0 29 106
0 29 154
0 29 194
0 29 205
0 29 211
0 29 284
0 29 289
0 29 290
0 30 7
0 30 26
0 30 143
0 30 147
0 30 154
0 30 260
0 31 34
0 31 149
0 31 201
0 31 206
0 31 208
0 31 246
0 31 293
0 32 33
0 32 126
0 32 221
0 32 238
0 33 20
0 33 32
0 33 46
0 33 49
0 33 192
0 33 226
0 33 273
0 34 54
0 34 102
0 34 134
0 34 144
0 34 196
0 34 276
0 34 286
0 35 5
0 35 51
0 35 127
0 35 133
0 35 135
0 35 170
0 35 203
0 35 225
0 35 278
0 35 289
0 36 34
0 36 49
0 36 109
0 36 117
0 36 120
0 36 130
0 36 194
0 36 218
0 37 8
0 37 72
0 37 82
0 37 159
0 37 178
0 37 192
0 37 199
0 37 205
0 37 283
0 37 292
0 38 65
0 38 117
0 38 144
0 38 201
0 38 205
0 39 87
0 39 178
0 40 28
0 40 107
0 40 129
0 40 137
0 40 213
0 40 233
0 40 246
0 40 281
0 41 21
0 41 28
0 41 233
0 41 240
0 41 283
0 42 31
0 42 70
0 42 83
0 42 247
0 43 84
0 43 236
0 43 294
0 44 3
0 44 68
0 44 188
0 44 277
0 44 285
0 45 15
0 45 31
0 45 157
0 45 183
0 45 213
0 45 235
0 45 273
0 45 287
0 46 9
0 46 48
0 47 82
0 47 95
0 47 284
0 48 23
0 48 80
0 48 89
0 48 94
0 48 129
0 48 152
0 48 182
0 48 277
0 49 10
0 49 104
0 49 223
0 50 5
0 50 8
0 50 55
0 50 70
0 50 90
0 50 105
0 50 117
0 50 173
0 50 233
0 50 239
0 50 251
0 50 289
0 50 294
0 51 58
0 51 83
0 51 125
0 51 140
0 51 292
0 52 21
0 52 41
0 52 60
0 52 61
0 52 68
0 52 238
0 53 48
0 53 99
0 53 133
0 53 200
0 53 254
0 53 272
0 53 285
0 54 42
0 54 55
0 54 84
0 54 99
0 54 137
0 54 196
0 54 225
0 55 56
0 55 113
0 55 205
0 55 222
0 56 2
0 56 15
0 56 22
0 56 24
0 56 36
0 56 75
0 56 106
0 56 120
0 56 151
0 56 162
0 56 241
0 57 9
0 57 37
0 57 91
0 57 126
0 57 135
0 57 176
0 57 192
0 57 272
0 58 61
0 58 82
0 58 95
0 58 97
0 58 283
0 59 14
0 59 27
0 59 28
0 59 35
0 59 39
0 59 75
0 59 235
0 59 276
0 60 39
0 60 63
0 60 75
0 60 85
0 60 93
0 60 109
0 60 112
0 60 141
0 60 185
0 60 207
0 60 285
0 61 47
0 61 78
0 61 111
0 61 124
0 61 147
0 61 229
0 61 240
0 61 246
0 62 39
0 62 54
0 62 75
0 62 91
0 62 117
0 62 124
0 62 157
0 62 161
0 62 169
0 62 234
0 62 240
0 62 260
0 63 47
0 63 83
0 63 98
0 63 266
0 63 278
0 63 283
0 64 6
0 64 23
0 64 57
0 64 148
0 64 155
0 64 243
0 64 254
0 65 78
0 65 93
0 65 102
0 65 149
0 65 177
0 65 185
0 65 192
0 65 197
0 65 230
0 66 9
0 66 34
0 66 144
0 66 197
0 66 242
0 66 284
0 66 285
0 67 12
0 67 140
0 67 208
0 67 218
0 67 274
0 68 39
0 68 106
0 68 109
0 68 114
0 68 148
0 68 194
0 68 216
0 68 220
0 68 234
0 68 284
0 69 8
0 69 90
0 69 172
0 70 94
0 70 100
0 70 138
0 70 144
0 70 163
0 70 215
0 71 30
0 71 61
0 71 66
0 71 98
0 71 126
0 71 180
0 72 1
0 72 24
0 72 100
0 72 170
0 72 185
0 73 47
0 73 90
0 73 106
0 73 113
0 73 130
0 73 136
0 73 232
0 73 288
0 74 41
0 74 50
0 74 55
0 74 67
0 74 200
0 74 206
0 75 68
0 75 91
0 75 212
0 75 288
0 76 104
0 76 233
0 77 2
0 77 41
0 77 52
0 77 79
0 77 81
0 77 87
0 77 92
0 77 95
0 77 98
0 77 102
0 77 175
0 78 13
0 78 22
0 78 74
0 78 85
0 78 96
0 78 184
0 78 216
0 78 223
0 79 10
0 79 44
0 79 124
0 79 137
0 79 186
0 79 204
0 80 23
0 80 36
0 80 74
0 80 83
0 80 103
0 80 153
0 80 192
0 80 203
0 80 287
0 81 21
0 81 36
0 81 88
0 81 269
0 81 274
0 82 5
0 82 12
0 82 43
0 82 54
0 82 79
0 82 160
0 82 165
0 82 181
0 82 198
0 82 226
0 82 237
0 82 256
0 82 266
0 83 5
0 83 7
0 83 19
0 83 27
0 83 40
0 83 101
0 83 184
0 84 38
0 84 39
0 84 152
0 84 225
0 84 268
0 84 274
0 84 275
0 84 278
0 85 20
0 85 31
0 85 56
0 85 68
0 85 129
0 85 142
0 85 192
0 86 140
0 86 208
0 86 285
0 87 19
0 87 89
0 87 135
0 87 147
0 87 185
0 87 201
0 87 265
0 87 269
0 87 283
0 88 46
0 88 133
0 88 174
0 88 211
0 88 269
0 89 4
0 89 12
0 89 33
0 89 34
0 89 53
0 89 105
0 89 284
0 90 95
0 90 203
0 90 256
0 91 84
0 91 137
0 91 156
0 91 157
0 92 32
0 92 34
0 92 76
0 92 194
0 92 209
0 92 239
0 92 261
0 92 265
0 93 26
0 93 93
0 93 144
0 93 273
0 94 19
0 94 68
0 94 71
0 94 74
0 94 127
0 94 139
0 94 154
0 94 173
0 94 236
0 94 248
0 95 10
0 95 72
0 95 83
0 95 160
0 95 209
0 96 56
0 96 70
0 96 104
0 96 121
0 96 176
0 97 35
0 97 164
0 97 266
0 97 282
0 98 1
0 98 20
0 98 23
0 98 40
0 98 72
0 98 250
0 98 267
0 99 91
0 99 149
0 100 22
0 100 33
0 100 45
0 100 154
0 101 209
0 101 242
0 101 243
0 101 252
0 102 21
0 102 78
0 102 133
0 102 225
0 103 66
0 103 84
0 103 250
0 103 266
0 103 274
0 104 46
0 104 207
0 105 40
0 105 43
0 106 143
0 106 246
0 107 57
0 108 49
0 108 168
0 109 25
0 109 198
0 110 63
0 110 68
0 110 113
0 111 21
0 111 173
0 112 205
0 113 3
0 113 60
0 113 74
0 113 120
0 113 274
0 113 283
0 114 16
0 114 77
0 114 138
0 114 175
0 115 0
0 116 2
0 116 70
0 116 75
0 116 252
0 117 64
0 117 70
0 117 95
0 117 96
0 117 293
0 118 64
0 118 98
0 118 235
0 119 3
0 119 4
0 119 12
0 119 108
0 119 199
0 119 219
0 120 3
0 120 14
0 120 32
0 120 129
0 121 141
0 122 13
0 122 213
0 123 61
0 123 98
0 123 150
0 124 46
0 124 71
0 124 148
0 125 72
0 126 63
0 126 88
0 126 273
0 127 45
0 127 105
0 128 12
0 128 32
0 128 55
0 129 41
0 129 96
0 129 279
0 130 56
0 130 74
0 130 112
0 131 31
0 131 98
0 132 25
0 132 44
0 132 68
0 132 98
0 132 118
0 133 33
0 133 79
0 133 107
0 133 199
0 134 73
0 134 217
0 135 132
0 135 135
0 135 272
0 136 69
0 136 72
0 136 228
0 138 38
0 138 54
0 138 87
0 138 161
0 140 60
0 140 62
0 140 68
0 140 156
0 141 9
0 141 59
0 141 62
0 142 61
0 142 71
0 142 77
0 142 110
0 142 213
0 143 9
0 143 34
0 143 83
0 143 93
0 143 239
0 143 262
0 144 62
0 144 239
0 145 74
0 146 34
0 147 44
0 147 57
0 147 77
0 147 175
0 147 197
0 147 287
0 148 48
0 148 65
0 148 137
0 148 267
0 149 63
0 149 244
0 150 63
0 150 153
0 151 41
0 151 78
0 151 85
0 152 4
0 152 57
0 152 69
0 152 84
0 152 227
0 152 234
0 152 241
0 153 1
0 153 41
0 154 8
0 154 73
0 154 160
0 155 76
0 156 60
0 156 78
0 156 166
0 156 208
0 157 138
0 157 250
0 157 257
0 158 37
0 158 207
0 158 293
0 159 48
0 159 85
0 159 120
0 160 29
0 160 84
0 161 13
0 162 98
0 162 123
0 162 149
0 163 6
0 163 70
0 165 5
0 165 48
0 165 59
0 165 248
0 166 48
0 166 100
0 167 44
0 167 75
0 167 144
0 167 231
0 168 7
0 168 90
0 168 251
0 169 19
0 169 52
0 169 86
0 169 95
0 169 230
0 170 65
0 170 79
0 170 182
0 170 221
0 170 286
0 171 36
0 171 37
0 172 96
0 172 229
0 173 4
0 173 11
0 173 45
0 173 46
0 173 67
0 174 8
0 174 56
0 174 60
0 174 65
0 174 245
0 174 253
0 175 54
0 175 82
0 175 245
0 175 258
0 176 93
0 176 159
0 176 252
0 176 274
0 177 98
0 177 123
0 177 183
0 177 275
0 178 0
0 178 58
0 178 62
0 178 195
0 178 240
0 179 22
0 179 35
0 179 63
0 180 246
0 181 19
0 181 41
0 182 2
0 182 69
0 183 143
0 183 188
0 184 32
0 184 77
0 184 117
0 184 171
0 185 27
0 185 41
0 185 165
0 185 181
0 186 5
0 186 67
0 187 10
0 187 24
0 187 80
0 188 73
0 189 3
0 189 9
0 189 42
0 190 61
0 191 1
0 191 192
0 192 30
0 192 66
0 192 108
0 192 132
0 193 68
0 193 128
0 193 202
0 193 247
0 193 268
0 194 78
0 194 96
0 194 264
0 195 71
0 195 80
0 195 84
0 195 124
0 196 202
0 196 256
0 197 20
0 197 104
0 198 0
0 199 1
0 199 14
0 199 19
0 199 258
0 199 294
0 200 8
0 201 75
0 202 3
0 202 63
0 202 253
0 202 294
0 203 31
0 203 58
0 204 32
0 205 22
0 205 39
0 206 26
0 206 105
0 206 246
0 206 254
0 207 7
0 207 13
0 207 54
0 207 90
0 207 130
0 207 208
0 208 70
0 208 72
0 208 98
0 208 112
0 208 148
0 208 169
0 208 223
0 208 261
0 209 55
0 209 102
0 209 121
0 210 3
0 210 5
0 210 17
0 210 206
0 211 11
0 211 37
0 211 84
0 211 121
0 211 204
0 212 19
0 212 22
0 212 23
0 212 51
0 212 99
0 212 169
0 212 189
0 213 5
0 213 14
0 213 65
0 213 208
0 214 35
0 214 224
0 215 58
0 215 78
0 215 151
0 216 37
0 216 56
0 217 22
0 217 65
0 217 91
0 217 210
0 218 31
0 218 42
0 218 48
0 218 75
0 219 36
0 219 178
0 220 89
0 220 91
0 220 139
0 220 208
0 221 64
0 221 82
0 221 189
0 222 6
0 222 21
0 222 77
0 222 190
0 222 230
0 223 14
0 223 273
0 224 22
0 224 44
0 224 176
0 224 245
0 225 24
0 225 77
0 225 180
0 226 78
0 226 184
0 227 64
0 227 98
0 227 207
0 228 41
0 228 174
0 229 27
0 229 30
0 229 61
0 229 68
0 230 3
0 230 54
0 231 176
0 231 234
0 231 240
0 231 289
0 233 121
0 234 13
0 234 36
0 234 222
0 235 72
0 236 24
0 236 61
0 236 84
0 236 93
0 236 211
0 236 253
0 237 41
0 238 31
0 238 64
0 238 148
0 238 267
0 239 87
0 239 146
0 240 5
0 240 8
0 240 78
0 240 107
0 241 288
0 242 7
0 242 49
0 242 64
0 242 205
0 242 217
0 243 10
0 243 35
0 243 63
0 243 73
0 243 135
0 243 243
0 243 283
0 244 103
0 245 32
0 245 37
0 245 44
0 245 55
0 245 57
0 246 160
0 247 44
0 247 57
0 247 109
0 248 31
0 248 43
0 248 280
0 249 2
0 249 16
0 249 34
0 249 46
0 249 111
0 249 248
0 250 4
0 250 196
0 251 2
0 251 170
0 252 19
0 252 41
0 252 54
0 252 68
0 252 78
0 252 79
0 252 88
0 252 254
0 253 47
0 253 56
0 253 254
0 254 93
0 254 271
0 255 64
0 255 145
0 256 8
0 256 37
0 256 77
0 256 82
0 256 274
0 257 16
0 257 84
0 257 89
0 257 172
0 258 228
0 259 52
0 259 192
0 259 217
0 260 1
0 260 48
0 260 92
0 261 38
0 261 78
0 261 97
0 261 151
0 261 164
0 261 195
0 263 71
0 264 12
0 264 222
0 265 24
0 265 65
0 265 219
0 265 284
0 266 4
0 266 130
0 266 261
0 267 82
0 267 124
0 267 207
0 268 240
0 268 280
0 269 40
0 269 124
0 269 164
0 270 8
0 270 50
0 270 254
0 271 24
0 271 64
0 271 93
0 272 16
0 272 21
0 273 61
0 273 69
0 273 103
0 273 258
0 274 20
0 274 86
0 274 170
0 274 195
0 274 264
0 275 0
0 275 6
0 275 9
0 275 37
0 275 60
0 275 97
0 275 141
0 275 204
0 276 7
0 276 85
0 276 176
0 277 99
0 277 222
0 278 255
0 279 18
0 279 107
0 280 43
0 280 50
0 280 76
0 280 163
0 281 7
0 281 27
0 281 53
0 281 84
0 281 210
0 281 228
0 282 77
0 282 85
0 283 6
0 283 8
0 283 67
0 283 68
0 283 95
0 284 20
0 284 47
0 284 65
0 284 121
0 285 63
0 285 73
0 285 249
0 285 271
0 286 7
0 286 67
0 286 85
0 286 125
0 288 18
0 288 80
0 288 98
0 288 247
0 288 250
0 289 24
0 289 65
0 289 184
0 289 236
0 290 102
0 291 77
0 291 117
0 291 125
0 292 269
0 292 276
0 293 136
0 293 194
0 294 6
0 294 73
0 294 276
0 295 5
0 295 117
0 295 134
0 295 232
0 295 239
0 296 246
1 0 17
1 0 27
1 0 35
1 0 43
1 0 51
1 0 99
1 0 223
1 0 226
1 1 44
1 1 60
1 1 65
1 1 104
1 1 281
1 1 294
1 2 16
1 2 25
1 2 26
1 2 47
1 2 147
1 2 218
1 2 267
1 3 91
1 3 215
1 3 246
1 4 34
1 4 50
1 4 85
1 4 162
1 4 245
1 5 37
1 5 85
1 5 94
1 5 97
1 5 107
1 5 128
1 5 133
1 5 214
1 5 261
1 5 265
1 6 20
1 6 175
1 7 10
1 7 66
1 7 75
1 7 89
1 7 116
1 7 143
1 7 233
1 7 265
1 8 15
1 8 43
1 8 124
1 8 218
1 8 228
1 8 244
1 8 285
1 9 90
1 9 175
1 9 201
1 9 264
1 9 285
1 9 293
1 10 27
1 10 29
1 10 234
1 10 287
1 11 24
1 11 141
1 11 161
1 11 216
1 11 226
1 12 17
1 12 38
1 12 48
1 12 97
1 12 130
1 12 135
1 13 22
1 13 30
1 13 65
1 13 119
1 13 165
1 13 186
1 13 205
1 13 241
1 14 24
1 14 98
1 14 100
1 14 156
1 14 175
1 15 206
1 15 250
1 16 6
1 16 32
1 16 102
1 16 147
1 16 219
1 16 243
1 16 262
1 16 275
1 17 36
1 17 67
1 17 83
1 17 113
1 17 258
1 17 262
1 18 3
1 18 46
1 18 86
1 18 149
1 18 175
1 18 216
1 18 287
1 18 291
1 19 7
1 19 47
1 19 61
1 19 63
1 19 135
1 19 147
1 19 195
1 19 238
1 19 248
1 20 51
1 20 70
1 20 90
1 20 102
1 20 118
1 20 149
1 20 252
1 20 260
1 21 21
1 21 26
1 21 63
1 21 79
1 21 80
1 21 177
1 21 230
1 21 261
1 21 282
1 21 294
1 22 1
1 22 8
1 22 98
1 22 128
1 22 177
1 22 206
1 22 224
1 23 15
1 23 42
1 23 55
1 23 107
1 23 264
1 23 265
1 24 39
1 24 288
1 25 9
1 25 19
1 25 38
1 25 40
1 25 97
1 25 110
1 25 220
1 25 257
1 26 2
1 26 139
1 26 288
1 27 16
1 27 48
1 27 88
1 27 93
1 27 123
1 27 194
1 27 220
1 27 231
1 27 253
1 27 260
1 27 289
1 28 14
1 28 30
1 28 76
1 28 167
1 28 241
1 29 16
1 30 27
1 30 56
1 30 119
1 30 222
1 30 281
1 31 26
1 31 94
1 31 133
1 31 177
1 31 190
1 31 262
1 31 274
1 32 46
1 32 62
1 32 74
1 32 111
1 32 132
1 32 147
1 32 166
1 32 176
1 32 261
1 32 263
1 32 265
1 33 45
1 33 76
1 33 84
1 33 128
1 33 171
1 33 211
1 34 87
1 34 101
1 34 108
1 34 223
1 34 293
1 35 0
1 35 9
1 35 108
1 35 110
1 35 113
1 35 152
1 35 241
1 36 5
1 36 9
1 36 25
1 36 35
1 36 39
1 36 59
1 36 71
1 36 89
1 36 136
1 36 142
1 36 145
1 37 66
1 37 72
1 37 166
1 37 262
1 37 266
1 37 287
1 38 2
1 38 40
1 38 85
1 38 104
1 38 143
1 38 144
1 38 193
1 38 294
1 39 23
1 39 67
1 39 195
1 39 240
1 39 284
1 40 62
1 40 94
1 40 101
1 40 118
1 40 184
1 40 195
1 40 252
1 41 5
1 41 8
1 41 30
1 41 178
1 41 292
1 42 62
1 42 79
1 42 89
1 42 113
1 42 198
1 42 222
1 42 248
1 42 293
1 43 4
1 43 35
1 43 96
1 43 158
1 43 195
1 43 201
1 43 242
1 44 18
1 44 69
1 44 86
1 44 92
1 44 126
1 44 164
1 44 190
1 44 195
1 44 229
1 44 239
1 44 265
1 44 273
1 45 10
1 45 82
1 45 128
1 45 171
1 45 179
1 45 209
1 45 229
1 45 289
1 46 50
1 46 53
1 46 91
1 46 116
1 46 119
1 46 136
1 46 205
1 47 30
1 47 56
1 47 90
1 47 124
1 47 137
1 47 151
1 47 156
1 47 170
1 47 185
1 47 219
1 47 231
1 48 45
1 48 50
1 48 97
1 48 152
1 48 153
1 48 208
1 48 263
1 49 8
1 49 17
1 49 48
1 49 129
1 49 146
1 50 6
1 50 30
1 50 94
1 50 118
1 50 148
1 50 174
1 50 212
1 50 233
1 50 276
1 51 0
1 51 23
1 51 199
1 51 281
1 52 92
1 52 111
1 52 184
1 52 202
1 52 252
1 52 276
1 52 291
1 53 33
1 53 81
1 53 98
1 53 272
1 54 15
1 54 18
1 54 23
1 54 27
1 54 33
1 54 36
1 54 80
1 54 82
1 54 103
1 54 195
1 54 278
1 55 83
1 55 86
1 55 219
1 55 232
1 55 257
1 55 261
1 55 270
1 56 0
1 56 17
1 56 114
1 56 124
1 56 220
1 56 234
1 57 24
1 57 85
1 57 143
1 57 177
1 57 223
1 57 258
1 58 7
1 58 51
1 58 115
1 58 126
1 58 261
1 59 52
1 59 83
1 59 85
1 59 102
1 59 142
1 59 181
1 59 219
1 60 17
1 60 28
1 60 29
1 60 41
1 60 43
1 60 61
1 60 74
1 60 79
1 60 84
1 60 89
1 60 91
1 60 108
1 60 160
1 60 172
1 60 203
1 60 219
1 60 232
1 60 248
1 60 272
1 61 8
1 61 32
1 61 92
1 61 128
1 61 136
1 61 144
1 61 195
1 61 209
1 61 256
1 61 282
1 62 89
1 62 110
1 62 114
1 62 159
1 62 166
1 62 186
1 63 1
1 63 98
1 63 130
1 63 171
1 63 269
1 63 285
1 63 286
1 64 67
1 64 119
1 64 151
1 64 177
1 64 237
1 65 44
1 65 47
1 65 57
1 65 119
1 65 251
1 66 5
1 66 26
1 66 95
1 66 116
1 66 117
1 67 0
1 67 2
1 67 5
1 67 6
1 67 7
1 67 28
1 67 55
1 67 66
1 67 81
1 67 120
1 67 143
1 67 166
1 67 229
1 67 266
1 67 277
1 68 12
1 68 19
1 68 173
1 68 255
1 69 11
1 69 43
1 69 46
1 69 54
1 69 56
1 69 81
1 69 151
1 69 261
1 69 286
1 70 29
1 70 52
1 70 58
1 70 73
1 70 81
1 70 90
1 70 248
1 71 102
1 71 149
1 71 153
1 71 158
1 71 159
1 71 222
1 72 37
1 72 47
1 72 92
1 72 142
1 72 182
1 73 206
1 73 209
1 73 218
1 73 247
1 74 69
1 74 184
1 74 239
1 74 255
1 75 9
1 75 18
1 75 28
1 75 99
1 75 109
1 75 125
1 75 160
1 75 184
1 76 1
1 76 10
1 76 31
1 76 63
1 76 80
1 76 85
1 76 228
1 76 249
1 77 18
1 77 56
1 77 84
1 77 172
1 78 5
1 78 92
1 78 95
1 78 219
1 78 228
1 78 233
1 78 264
1 78 295
1 79 2
1 79 60
1 79 76
1 79 134
1 79 180
1 80 6
1 80 7
1 80 25
1 80 26
1 80 236
1 81 56
1 81 82
1 81 90
1 81 130
1 81 135
1 81 146
1 81 173
1 81 192
1 81 217
1 81 226
1 81 236
1 81 276
1 82 9
1 82 47
1 82 91
1 82 210
1 82 229
1 82 252
1 83 3
1 83 40
1 83 49
1 83 55
1 83 58
1 83 61
1 83 96
1 83 220
1 83 221
1 84 7
1 84 40
1 84 69
1 84 71
1 84 121
1 84 249
1 84 260
1 85 6
1 85 26
1 85 39
1 85 67
1 85 246
1 85 282
1 86 13
1 86 26
1 86 58
1 86 72
1 86 92
1 86 93
1 86 217
1 86 279
1 87 60
1 87 74
1 87 111
1 88 45
1 88 243
1 88 270
1 89 28
1 89 35
1 89 73
1 89 92
1 89 95
1 89 154
1 89 168
1 89 223
1 90 27
1 90 53
1 90 59
1 90 76
1 90 115
1 90 157
1 90 214
1 90 224
1 90 267
1 91 0
1 91 26
1 91 80
1 91 97
1 91 188
1 91 209
1 91 240
1 92 20
1 92 21
1 92 34
1 92 35
1 92 81
1 92 145
1 92 166
1 92 233
1 92 278
1 92 286
1 93 0
1 93 11
1 93 76
1 93 89
1 93 161
1 93 205
1 93 264
1 94 8
1 94 22
1 94 71
1 94 133
1 94 148
1 94 252
1 95 48
1 95 87
1 95 101
1 95 102
1 95 142
1 95 148
1 95 166
1 95 240
1 95 246
1 96 6
1 96 22
1 96 29
1 96 63
1 96 93
1 96 112
1 96 258
1 97 2
1 97 10
1 97 35
1 97 74
1 97 81
1 97 271
1 98 1
1 98 42
1 98 125
1 98 173
1 98 219
1 98 227
1 100 172
1 101 66
1 101 74
1 102 49
1 104 47
1 104 125
1 105 25
1 105 45
1 106 53
1 106 66
1 106 106
1 106 152
1 106 157
1 107 25
1 107 78
1 107 145
1 108 67
1 109 6
1 110 19
1 110 63
1 110 80
1 111 41
1 111 78
1 111 169
1 112 237
1 112 261
1 113 224
1 114 87
1 115 29
1 115 53
1 116 168
1 116 238
1 116 246
1 116 265
1 117 212
1 117 259
1 118 34
1 118 49
1 118 55
1 119 0
1 119 22
1 119 79
1 119 295
1 120 50
1 121 22
1 121 43
1 121 72
1 121 179
1 122 3
1 122 44
1 122 66
1 122 218
1 122 245
1 123 13
1 123 67
1 123 73
1 123 78
1 124 40
1 124 191
1 124 203
1 125 91
1 125 167
1 125 233
1 126 179
1 127 33
1 127 207
1 128 6
1 129 16
1 129 26
1 129 42
1 129 43
1 129 46
1 129 285
1 130 30
1 130 52
1 130 266
1 132 8
1 132 31
1 132 68
1 132 83
1 132 217
1 132 224
1 132 264
1 133 149
1 133 169
1 133 187
1 134 63
1 134 120
1 135 6
1 135 41
1 135 54
1 135 73
1 135 152
1 135 183
1 136 11
1 136 51
1 136 70
1 137 44
1 137 76
1 137 77
1 137 170
1 138 4
1 138 15
1 139 6
1 139 24
1 139 162
1 140 87
1 140 90
1 140 173
1 141 83
1 141 135
1 142 84
1 142 101
1 143 77
1 143 91
1 143 106
1 143 243
1 144 29
1 144 112
1 144 126
1 145 41
1 146 11
1 146 81
1 146 97
1 147 0
1 147 12
1 147 23
1 147 157
1 148 3
1 148 180
1 149 31
1 149 102
1 149 292
1 150 15
1 150 196
1 151 41
1 151 45
1 151 208
1 152 9
1 152 44
1 152 67
1 153 277
1 153 279
1 154 53
1 154 67
1 154 189
1 155 272
1 156 38
1 156 53
1 156 220
1 157 5
1 157 14
1 157 81
1 157 293
1 158 87
1 158 238
1 159 40
1 159 118
1 160 96
1 160 261
1 161 54
1 162 18
1 162 40
1 162 68
1 162 206
1 163 86
1 163 172
1 164 43
1 164 61
1 165 69
1 165 90
1 166 66
1 166 69
1 167 28
1 167 40
1 167 265
1 167 277
1 168 118
1 168 237
1 168 286
1 169 0
1 169 214
1 170 6
1 170 32
1 170 277
1 171 32
1 171 49
1 171 268
1 172 62
1 172 93
1 172 222
1 172 295
1 173 18
1 173 135
1 173 255
1 174 80
1 174 97
1 175 64
1 175 76
1 175 95
1 175 243
1 176 138
1 177 23
1 177 70
1 177 114
1 177 157
1 177 176
1 177 223
1 178 11
1 178 14
1 178 30
1 178 48
1 178 74
1 178 185
1 178 225
1 179 19
1 179 23
1 179 30
1 179 94
1 180 53
1 180 56
1 180 61
1 180 84
1 181 8
1 181 37
1 181 136
1 181 198
1 181 202
1 181 228
1 182 81
1 182 92
1 182 239
1 183 47
1 183 50
1 183 84
1 183 109
1 184 69
1 184 234
1 185 38
1 185 47
1 185 68
1 185 273
1 186 36
1 186 45
1 186 47
1 187 10
1 187 59
1 187 201
1 187 251
1 189 95
1 190 61
1 191 62
1 191 72
1 191 91
1 191 235
1 192 36
1 192 62
1 193 40
1 193 45
1 193 68
1 193 84
1 193 158
1 194 48
1 194 65
1 196 5
1 196 27
1 196 56
1 196 189
1 197 77
1 198 265
1 199 20
1 199 25
1 199 76
1 200 83
1 200 84
1 200 127
1 200 187
1 200 282
1 201 25
1 201 57
1 201 217
1 201 269
1 202 7
1 202 39
1 202 147
1 202 283
1 203 90
1 204 46
1 204 140
1 205 6
1 205 25
1 205 48
1 205 94
1 206 55
1 206 89
1 206 147
1 207 39
1 207 41
1 207 192
1 207 209
1 209 87
1 209 89
1 210 12
1 210 21
1 210 25
1 210 83
1 210 180
1 211 18
1 211 27
1 211 103
1 211 141
1 212 49
1 212 75
1 213 109
1 213 219
1 213 275
1 213 280
1 214 34
1 214 39
1 214 94
1 215 20
1 215 51
1 215 95
1 215 98
1 215 112
1 215 237
1 216 21
1 217 39
1 217 87
1 218 6
1 219 6
1 219 24
1 219 33
1 221 16
1 221 48
1 221 59
1 222 36
1 222 74
1 222 82
1 222 83
1 222 150
1 222 252
1 224 81
1 224 116
1 225 4
1 225 28
1 225 46
1 225 56
1 225 61
1 225 96
1 226 4
1 226 46
1 226 89
1 226 206
1 227 18
1 227 33
1 227 85
1 227 119
1 228 44
1 228 62
1 228 124
1 228 253
1 228 282
1 229 7
1 229 13
1 229 53
1 229 127
1 229 218
1 229 237
1 229 248
1 230 10
1 230 12
1 230 64
1 230 95
1 231 240
1 232 25
1 233 29
1 233 80
1 233 86
1 235 247
1 236 42
1 236 50
1 236 52
1 236 69
1 237 32
1 238 29
1 239 45
1 240 14
1 240 22
1 240 67
1 240 98
1 240 104
1 240 170
1 241 31
1 241 43
1 241 85
1 241 94
1 242 0
1 242 18
1 242 39
1 242 87
1 242 230
1 242 267
1 243 51
1 243 53
1 243 116
1 244 39
1 244 222
1 246 24
1 246 76
1 246 79
1 247 37
1 247 240
1 248 40
1 248 96
1 249 16
1 249 43
1 249 48
1 249 51
1 251 136
1 252 52
1 252 143
1 252 243
1 253 11
1 253 62
1 253 77
1 253 194
1 253 262
1 254 33
1 254 59
1 254 71
1 254 75
1 255 31
1 255 245
1 256 43
1 256 103
1 256 131
1 257 110
1 257 274
1 258 18
1 258 51
1 258 62
1 259 29
1 259 232
1 260 67
1 260 87
1 261 113
1 261 156
1 261 258
1 262 6
1 262 72
1 262 78
1 263 0
1 263 5
1 263 20
1 263 38
1 263 66
1 263 206
1 264 13
1 264 40
1 264 208
1 265 79
1 266 7
1 266 27
1 266 28
1 266 140
1 267 40
1 267 49
1 267 230
1 268 11
1 268 96
1 268 173
1 268 216
1 269 28
1 269 54
1 269 79
1 269 98
1 269 199
1 270 0
1 270 3
1 270 8
1 270 33
1 270 43
1 270 94
1 270 189
1 271 15
1 271 21
1 271 45
1 271 63
1 271 292
1 272 9
1 272 12
1 272 15
1 272 55
1 273 26
1 274 48
1 274 263
1 275 39
1 275 69
1 275 93
1 275 221
1 275 260
1 276 52
1 276 64
1 276 158
1 276 170
1 277 95
1 277 191
1 278 44
1 278 69
1 278 140
1 278 246
1 279 15
1 279 95
1 279 198
1 279 204
1 279 260
1 280 23
1 280 63
1 280 78
1 281 2
1 281 280
1 282 1
1 282 42
1 282 254
1 283 27
1 283 58
1 283 96
1 283 160
1 283 163
1 283 179
1 284 6
1 284 16
1 284 25
1 284 37
1 284 51
1 284 75
1 284 126
1 284 127
1 285 237
1 286 67
1 286 92
1 286 192
1 286 247
1 287 16
1 287 45
1 287 65
1 287 211
1 288 10
1 288 24
1 288 25
1 288 51
1 288 82
1 288 158
1 289 21
1 289 65
1 289 91
1 290 59
1 290 71
1 290 281
1 291 257
1 292 39
1 292 46
1 292 60
1 292 135
1 293 72
1 293 97
1 293 143
1 293 191
1 294 10
1 294 55
2 0 0
2 0 36
2 0 56
2 0 85
2 0 133
2 0 140
2 0 147
2 0 190
2 1 29
2 1 91
2 1 131
2 1 168
2 1 178
2 1 196
2 1 209
2 1 215
2 1 223
2 2 54
2 2 107
2 2 131
2 2 134
2 2 143
2 2 195
2 3 5
2 3 72
2 3 134
2 3 176
2 3 267
2 3 279
2 4 219
2 4 289
2 5 10
2 5 40
2 5 79
2 5 172
2 5 257
2 6 15
2 6 40
2 6 47
2 6 53
2 6 130
2 6 155
2 6 225
2 7 30
2 7 123
2 8 59
2 8 76
2 8 79
2 8 197
2 8 224
2 8 245
2 8 255
2 9 5
2 9 41
2 9 101
2 9 137
2 9 253
2 10 10
2 10 23
2 10 26
2 10 76
2 10 85
2 10 230
2 10 253
2 10 291
2 11 13
2 11 54
2 11 123
2 11 184
2 11 193
2 11 215
2 11 217
2 11 256
2 12 30
2 12 71
2 12 87
2 12 94
2 12 239
2 13 27
2 13 46
2 13 66
2 13 108
2 13 192
2 13 199
2 13 205
2 13 236
2 13 242
2 13 244
2 13 275
2 14 1
2 14 20
2 14 37
2 14 76
2 14 84
2 14 102
2 14 159
2 14 227
2 14 274
2 14 284
2 15 9
2 15 10
2 15 12
2 15 77
2 15 94
2 15 136
2 15 227
2 15 242
2 15 262
2 15 284
2 15 290
2 16 23
2 16 50
2 16 79
2 16 92
2 16 124
2 16 148
2 16 267
2 17 20
2 17 39
2 17 51
2 17 149
2 18 31
2 18 36
2 18 82
2 18 112
2 18 137
2 18 145
2 18 198
2 18 217
2 18 267
2 19 6
2 19 60
2 19 214
2 19 217
2 20 94
2 20 130
2 20 204
2 20 291
2 21 44
2 21 47
2 21 105
2 21 128
2 21 186
2 21 203
2 21 219
2 21 278
2 21 294
2 22 4
2 22 13
2 22 20
2 22 21
2 22 23
2 22 54
2 22 88
2 22 89
2 22 118
2 22 127
2 22 134
2 22 137
2 22 242
2 22 255
2 23 30
2 23 80
2 23 92
2 23 136
2 23 172
2 23 253
2 24 22
2 24 29
2 24 36
2 24 85
2 24 144
2 24 216
2 24 225
2 24 236
2 24 279
2 24 287
2 25 47
2 25 72
2 25 130
2 25 197
2 26 12
2 26 13
2 26 20
2 26 80
2 26 81
2 26 213
2 26 255
2 26 264
2 27 18
2 27 19
2 27 29
2 27 75
2 27 139
2 27 216
2 27 217
2 27 273
2 27 286
2 28 80
2 28 117
2 28 148
2 28 163
2 28 283
2 29 38
2 29 85
2 29 144
2 29 170
2 29 197
2 29 284
2 30 31
2 30 171
2 30 181
2 30 217
2 31 16
2 31 34
2 31 50
2 31 205
2 31 264
2 32 16
2 32 41
2 32 43
2 32 110
2 32 111
2 32 133
2 32 186
2 32 243
2 33 28
2 33 42
2 33 66
2 33 93
2 33 104
2 33 159
2 33 168
2 33 169
2 33 173
2 34 4
2 34 33
2 34 69
2 34 121
2 35 11
2 35 52
2 35 85
2 35 146
2 35 255
2 35 266
2 36 28
2 36 93
2 36 222
2 37 40
2 37 249
2 38 13
2 38 92
2 38 93
2 38 168
2 38 247
2 38 267
2 39 164
2 39 251
2 39 254
2 40 51
2 40 70
2 40 137
2 40 255
2 40 257
2 40 261
2 40 278
2 40 279
2 41 59
2 41 77
2 41 78
2 41 79
2 41 94
2 41 139
2 41 180
2 41 240
2 42 13
2 42 56
2 42 61
2 42 189
2 42 192
2 42 271
2 43 43
2 43 93
2 43 119
2 43 123
2 43 204
2 43 247
2 43 252
2 44 2
2 44 10
2 44 115
2 44 194
2 44 291
2 45 32
2 46 84
2 46 187
2 47 7
2 47 56
2 47 86
2 47 94
2 47 108
2 47 222
2 48 94
2 48 116
2 48 168
2 49 29
2 49 63
2 49 120
2 49 204
2 49 231
2 50 8
2 50 32
2 50 55
2 50 89
2 50 174
2 50 205
2 50 211
2 50 273
2 51 0
2 51 1
2 51 83
2 51 164
2 51 237
2 51 258
2 52 10
2 52 19
2 52 109
2 52 185
2 52 271
2 52 286
2 53 24
2 53 33
2 53 70
2 53 84
2 53 178
2 53 219
2 53 220
2 54 45
2 54 94
2 54 97
2 54 221
2 54 228
2 55 51
2 55 62
2 55 161
2 55 219
2 55 226
2 55 274
2 56 4
2 56 13
2 56 15
2 56 46
2 56 168
2 56 178
2 56 210
2 56 214
2 57 5
2 57 19
2 57 39
2 57 66
2 57 67
2 57 155
2 57 294
2 58 13
2 58 18
2 58 27
2 58 49
2 58 108
2 58 133
2 58 137
2 58 167
2 58 191
2 58 201
2 58 222
2 59 117
2 59 118
2 59 133
2 59 157
2 59 231
2 60 90
2 60 107
2 60 161
2 60 233
2 60 263
2 61 58
2 61 193
2 61 236
2 61 243
2 61 251
2 61 270
2 61 287
2 62 48
2 62 86
2 62 110
2 62 176
2 62 210
2 62 216
2 63 59
2 63 88
2 63 127
2 63 150
2 63 172
2 63 173
2 63 271
2 64 2
2 64 34
2 64 55
2 64 95
2 64 183
2 64 204
2 64 268
2 65 0
2 65 10
2 65 142
2 65 171
2 65 203
2 65 260
2 65 275
2 66 11
2 66 24
2 66 53
2 66 54
2 66 125
2 66 141
2 66 160
2 66 277
2 67 23
2 67 30
2 67 69
2 67 115
2 67 178
2 67 192
2 68 4
2 68 9
2 68 49
2 68 74
2 68 98
2 68 159
2 68 208
2 68 235
2 68 236
2 68 241
2 69 30
2 69 59
2 69 64
2 69 84
2 69 154
2 69 186
2 69 243
2 69 289
2 70 94
2 70 145
2 70 173
2 70 177
2 70 227
2 70 240
2 70 251
2 70 287
2 71 44
2 71 72
2 71 168
2 71 180
2 71 199
2 71 233
2 71 255
2 71 262
2 71 291
2 72 20
2 72 30
2 72 32
2 72 69
2 72 87
2 72 151
2 72 211
2 72 280
2 72 291
2 73 48
2 73 138
2 73 186
2 73 191
2 73 283
2 74 33
2 74 102
2 74 127
2 74 166
2 74 207
2 74 243
2 74 270
2 75 59
2 75 71
2 75 103
2 75 194
2 76 67
2 76 150
2 76 153
2 76 219
2 76 238
2 77 11
2 77 40
2 77 63
2 77 118
2 77 140
2 77 177
2 78 3
2 78 17
2 78 64
2 78 88
2 78 153
2 78 194
2 78 250
2 79 27
2 79 74
2 79 101
2 79 115
2 79 126
2 79 128
2 79 259
2 80 11
2 80 26
2 80 55
2 80 63
2 80 146
2 80 185
2 80 265
2 80 267
2 81 27
2 81 65
2 81 102
2 81 117
2 81 121
2 81 212
2 81 223
2 82 7
2 82 24
2 82 41
2 82 135
2 82 149
2 82 240
2 83 6
2 83 21
2 83 79
2 83 111
2 83 236
2 84 39
2 84 55
2 84 68
2 84 131
2 84 133
2 84 273
2 85 13
2 85 35
2 85 78
2 85 111
2 85 240
2 85 284
2 86 14
2 86 62
2 86 64
2 86 84
2 86 155
2 86 161
2 86 226
2 86 229
2 87 16
2 87 29
2 87 45
2 87 185
2 87 206
2 87 217
2 87 225
2 87 262
2 87 285
2 87 294
2 88 41
2 88 75
2 88 95
2 88 126
2 88 193
2 88 256
2 89 65
2 89 66
2 89 88
2 89 234
2 89 274
2 90 3
2 90 95
2 90 236
2 90 239
2 90 245
2 91 176
2 91 214
2 92 56
2 92 74
2 92 109
2 92 174
2 93 96
2 93 102
2 93 107
2 93 160
2 93 206
2 93 248
2 93 251
2 94 26
2 94 29
2 94 102
2 94 109
2 94 110
2 94 138
2 94 245
2 95 17
2 95 59
2 95 123
2 95 154
2 95 226
2 95 228
2 96 4
2 96 36
2 96 96
2 96 104
2 96 221
2 96 274
2 96 285
2 96 291
2 97 3
2 97 19
2 97 25
2 97 26
2 97 30
2 97 37
2 97 48
2 97 81
2 97 108
2 97 129
2 97 252
2 98 47
2 98 81
2 98 87
2 98 97
2 98 137
2 98 148
2 99 61
2 99 91
2 100 11
2 100 14
2 100 15
2 100 36
2 100 267
2 101 48
2 101 96
2 102 79
2 102 83
2 102 285
2 103 35
2 103 89
2 103 226
2 104 19
2 104 32
2 104 176
2 105 26
2 105 71
2 106 42
2 106 92
2 106 97
2 106 171
2 106 235
2 106 292
2 107 45
2 107 57
2 107 234
2 108 66
2 108 82
2 108 128
2 108 276
2 109 33
2 109 80
2 110 80
2 110 144
2 110 261
2 111 15
2 111 36
2 111 48
2 111 116
2 112 69
2 112 98
2 112 111
2 113 15
2 113 38
2 113 221
2 113 249
2 114 163
2 114 219
2 116 2
2 116 12
2 116 34
2 116 83
2 116 156
2 117 4
2 117 107
2 118 67
2 118 78
2 118 110
2 118 287
2 119 18
2 119 70
2 119 244
2 120 4
2 120 18
2 120 49
2 120 61
2 120 217
2 120 237
2 121 7
2 121 18
2 121 34
2 121 36
2 121 58
2 121 93
2 121 106
2 121 127
2 121 273
2 122 36
2 122 60
2 123 7
2 123 44
2 124 10
2 124 56
2 124 197
2 124 253
2 125 23
2 125 61
2 125 187
2 125 208
2 125 221
2 126 19
2 126 99
2 127 30
2 127 49
2 127 75
2 127 190
2 127 269
2 128 0
2 128 98
2 129 23
2 129 223
2 130 25
2 130 54
2 130 65
2 130 166
2 131 27
2 131 58
2 131 208
2 132 47
2 133 8
2 133 39
2 133 40
2 133 49
2 133 95
2 133 103
2 134 31
2 134 37
2 134 165
2 135 180
2 135 192
2 136 38
2 136 51
2 136 205
2 136 266
2 136 284
2 137 95
2 137 211
2 137 262
2 138 16
2 138 64
2 139 54
2 139 222
2 140 14
2 140 23
2 140 65
2 140 78
2 140 179
2 141 73
2 141 137
2 142 15
2 143 166
2 144 182
2 145 9
2 145 71
2 146 10
2 146 50
2 146 285
2 148 1
2 148 76
2 148 81
2 149 12
2 149 93
2 150 69
2 150 240
2 150 276
2 151 77
2 152 11
2 152 35
2 152 134
2 153 1
2 153 92
2 154 51
2 154 54
2 154 85
2 154 88
2 155 35
2 155 58
2 155 277
2 156 64
2 156 164
2 156 267
2 157 6
2 157 16
2 157 65
2 157 184
2 157 214
2 157 278
2 158 26
2 158 31
2 158 113
2 159 13
2 159 61
2 159 110
2 159 150
2 159 193
2 159 197
2 159 243
2 160 34
2 160 207
2 161 14
2 161 33
2 161 43
2 161 82
2 161 93
2 161 131
2 161 189
2 162 111
2 162 183
2 162 275
2 163 203
2 164 90
2 166 25
2 166 265
2 167 43
2 167 80
2 167 257
2 168 14
2 168 129
2 169 38
2 169 90
2 169 96
2 169 106
2 169 248
2 170 24
2 170 63
2 170 70
2 170 137
2 171 73
2 171 201
2 172 2
2 172 64
2 173 36
2 173 59
2 173 65
2 175 25
2 175 89
2 176 83
2 176 148
2 176 268
2 177 55
2 178 3
2 178 41
2 178 58
2 178 86
2 178 289
2 179 59
2 179 151
2 179 207
2 179 219
2 179 272
2 180 68
2 180 91
2 180 229
2 180 287
2 181 17
2 181 48
2 181 63
2 181 66
2 182 92
2 183 27
2 183 28
2 184 3
2 185 3
2 185 41
2 185 44
2 185 54
2 185 62
2 185 240
2 185 277
2 186 19
2 186 66
2 186 91
2 186 96
2 187 0
2 187 24
2 187 79
2 188 47
2 188 53
2 188 72
2 188 192
2 189 31
2 189 169
2 189 259
2 190 18
2 190 19
2 190 34
2 190 39
2 191 48
2 191 63
2 191 97
2 191 202
2 192 68
2 193 27
2 193 48
2 193 82
2 193 85
2 194 35
2 194 48
2 194 62
2 194 93
2 194 252
2 195 24
2 195 72
2 195 86
2 195 167
2 195 253
2 196 66
2 196 290
2 197 57
2 197 161
2 198 4
2 198 84
2 198 214
2 199 18
2 199 22
2 199 33
2 199 68
2 199 98
2 199 111
2 199 121
2 200 43
2 200 95
2 200 173
2 200 248
2 201 8
2 201 17
2 201 27
2 201 29
2 201 36
2 201 95
2 201 113
2 201 224
2 201 235
2 202 9
2 202 25
2 202 49
2 202 180
2 202 240
2 203 69
2 204 0
2 204 4
2 204 42
2 204 82
2 204 92
2 204 93
2 204 94
2 204 114
2 204 120
2 204 150
2 204 162
2 205 10
2 205 30
2 205 51
2 205 65
2 206 44
2 206 84
2 206 89
2 206 234
2 206 251
2 207 65
2 207 160
2 208 19
2 208 209
2 208 267
2 209 78
2 209 271
2 210 61
2 210 66
2 210 146
2 210 172
2 210 270
2 210 292
2 211 18
2 211 76
2 212 283
2 213 29
2 213 68
2 214 79
2 214 94
2 214 211
2 214 217
2 214 290
2 215 36
2 216 7
2 216 281
2 216 283
2 217 17
2 217 29
2 217 66
2 217 128
2 218 11
2 218 16
2 218 160
2 219 108
2 219 198
2 220 11
2 220 48
2 220 69
2 220 154
2 220 265
2 221 59
2 221 60
2 221 64
2 221 69
2 222 41
2 222 53
2 222 89
2 222 94
2 223 41
2 223 54
2 223 91
2 224 25
2 224 164
2 225 87
2 225 129
2 225 262
2 226 11
2 226 32
2 226 42
2 226 51
2 226 89
2 226 124
2 227 167
2 227 174
2 227 211
2 227 225
2 228 30
2 228 54
2 229 15
2 229 60
2 229 61
2 229 251
2 230 23
2 230 44
2 230 85
2 230 273
2 232 22
2 232 33
2 232 246
2 233 94
2 234 3
2 234 30
2 234 61
2 234 76
2 235 8
2 235 230
2 236 27
2 237 8
2 237 91
2 238 25
2 238 88
2 238 120
2 239 17
2 239 77
2 240 32
2 240 45
2 241 27
2 242 25
2 242 37
2 242 265
2 242 281
2 243 18
2 243 83
2 243 87
2 243 150
2 244 28
2 244 91
2 244 150
2 244 206
2 245 68
2 245 151
2 245 160
2 245 242
2 245 273
2 246 4
2 246 44
2 246 137
2 246 230
2 247 21
2 247 33
2 247 97
2 248 5
2 248 14
2 248 17
2 248 20
2 248 95
2 249 46
2 249 91
2 250 76
2 250 236
2 250 241
2 251 55
2 251 154
2 251 186
2 251 217
2 252 14
2 252 279
2 253 73
2 253 92
2 253 246
2 253 272
2 254 16
2 254 18
2 254 33
2 254 52
2 254 73
2 254 82
2 254 176
2 254 279
2 255 40
2 255 62
2 255 71
2 255 113
2 255 177
2 256 81
2 257 52
2 257 56
2 257 93
2 258 1
2 258 291
2 259 9
2 259 24
2 259 25
2 259 40
2 259 220
2 259 276
2 260 1
2 260 15
2 260 22
2 260 50
2 260 271
2 261 2
2 261 41
2 261 267
2 261 277
2 262 41
2 262 50
2 262 97
2 262 171
2 263 82
2 263 245
2 264 46
2 264 77
2 264 171
2 264 261
2 266 68
2 266 269
2 266 278
2 266 282
2 267 71
2 267 121
2 268 27
2 268 96
2 269 10
2 269 107
2 270 75
2 270 100
2 270 226
2 271 11
2 271 34
2 271 86
2 271 89
2 271 92
2 272 24
2 272 53
2 272 77
2 272 268
2 273 30
2 273 49
2 273 55
2 273 81
2 273 147
2 274 86
2 274 92
2 274 224
2 275 59
2 275 81
2 275 216
2 276 96
2 276 160
2 276 183
2 276 189
2 276 266
2 277 7
2 277 42
2 277 46
2 277 47
2 277 112
2 279 35
2 279 70
2 280 46
2 280 58
2 280 134
2 280 194
2 281 23
2 281 54
2 281 71
2 281 86
2 281 130
2 282 142
2 282 223
2 282 224
2 284 20
2 284 149
2 285 96
2 286 30
2 286 199
2 287 17
2 287 99
2 288 30
2 289 4
2 289 41
2 289 64
2 289 77
2 289 155
2 290 35
2 290 59
2 290 134
2 290 247
2 291 148
2 291 221
2 291 249
2 292 12
2 292 92
2 293 34
2 293 57
2 293 63
2 293 82
2 293 151
2 293 237
2 294 3
2 294 42
2 294 133
2 294 182
2 294 193
2 295 42
2 295 239