51673
8
146 145 145 145 145 146 146 145
5852

0 0 0 325 0 0 387 0 0 0 0 0 396 57 0 0 617 5 273 0 0 35 856 0 914 0 0 205 0 630 0 0 646 139 477 491 519 582 0 812 0 528 358 985 0 0 0 0 0 0 553 826 0 646 293 157 0 0 220 44 0 559 0 426 0 0 0 0 22 92 0 0 0 0 0 83 0 18 0 73 0 0 47 0 0 27 0 0 39 52 8 0 55 23 100 59 75 98 0 0 69 99 85 23 80 0 38 27 0 85 0 0 0 57 0 55 10 60 0 0 4 40 56 5 13 0 89 0 62 25 43 42 61 6 0 0 0 50 0 0 0 76 65 0 46 54
0 0 692 0 0 883 68 0 0 0 623 0 0 6 4 0 146 0 957 367 0 298 161 247 0 865 0 0 0 0 0 476 618 0 0 0 0 534 0 0 0 0 593 0 0 186 0 865 0 40 0 34 0 12 33 0 20 359 528 107 0 494 0 286 0 452 0 0 0 0 0 0 3 40 50 0 88 0 57 34 1 0 0 75 0 37 0 37 0 0 39 0 55 75 25 0 15 77 0 48 4 0 3 0 80 89 0 0 0 1 91 17 22 0 0 19 0 30 0 0 0 0 68 0 33 0 0 0 96 0 0 0 92 0 63 0 81 42 79 0 0 94 50 0 0
846 0 361 0 0 19 724 456 70 0 0 241 0 227 0 613 0 473 133 197 0 39 0 907 209 525 224 0 0 0 0 620 0 0 678 473 569 0 410 0 497 0 259 0 484 587 0 0 246 382 0 0 929 950 0 831 952 0 0 0 0 401 975 0 745 0 498 0 0 0 86 0 0 78 0 0 31 23 0 86 100 98 0 0 0 0 30 0 79 0 13 29 26 98 0 89 74 0 0 0 8 24 91 0 0 0 86 0 0 0 0 22 0 0 0 0 0 0 0 5 0 0 0 0 0 0 31 0 27 16 82 64 0 0 0 34 0 45 0 0 0 0 0 0 31
0 0 0 339 0 0 139 0 0 0 0 0 0 0 0 645 524 0 0 0 0 473 0 0 806 0 118 0 0 0 0 0 786 0 241 0 0 0 765 830 0 269 0 0 772 0 0 976 0 0 288 880 580 0 812 0 0 981 0 33 0 0 572 598 0 502 55 307 14 0 0 0 0 94 99 0 0 0 0 0 80 0 0 52 48 44 7 31 62 0 55 21 68 22 0 0 0 9 34 0 0 0 38 0 0 0 0 0 98 0 44 0 87 0 4 0 0 41 36 0 45 56 16 0 0 0 0 0 50 74 37 25 46 0 73 0 73 0 0 62 0 0 0 0 0
878 499 0 0 361 577 0 0 45 0 0 0 274 0 0 0 0 675 0 0 0 0 438 0 0 0 0 20 20 984 759 757 0 828 0 103 614 0 482 809 806 558 0 995 0 0 518 0 461 0 0 0 0 837 0 354 0 577 646 0 0 0 0 613 0 0 0 373 0 0 15 0 55 0 0 91 22 0 0 0 78 3 84 0 91 0 0 94 0 39 84 11 0 0 0 0 0 52 0 0 81 0 45 94 0 61 93 24 0 23 0 21 0 57 0 34 50 19 0 0 0 10 44 51 36 51 0 92 0 0 92 0 50 0 0 100 69 0 0 0 100 99 0 0 52
0 444 343 330 0 280 0 0 422 0 24 555 980 522 0 0 0 0 283 789 263 0 624 0 507 451 0 0 0 645 0 579 0 158 0 77 0 0 0 0 180 0 0 876 169 0 921 0 898 744 970 0 989 0 0 0 0 240 0 0 142 451 663 223 0 8 892 135 37 69 24 0 0 0 0 0 91 0 0 22 0 86 0 0 2 67 0 54 36 28 4 0 15 14 75 78 0 0 35 49 9 0 32 0 0 0 4 0 0 0 0 0 93 0 0 0 14 0 0 0 15 0 0 18 99 57 100 31 0 0 76 0 78 39 0 0 63 9 0 0 0 62 0 29 4 47
0 0 32 568 353 0 0 484 921 507 276 618 0 0 0 559 0 0 7 0 757 412 0 437 0 0 0 13 0 965 127 172 98 2 0 709 989 120 0 475 0 56 0 0 445 0 0 0 0 95 0 710 915 333 697 971 0 311 197 0 0 901 0 374 944 0 0 0 10 0 0 0 0 0 0 0 33 0 0 0 0 86 0 0 0 0 7 79 75 84 0 20 82 0 0 31 0 0 98 0 0 0 0 0 0 8 0 0 0 33 6 3 15 37 0 89 31 0 0 0 0 21 0 0 0 48 0 21 52 54 0 0 99 0 28 0 81 57 0 0 0 0 66 0 0 0
0 0 768 596 897 925 0 0 0 769 926 948 0 891 193 0 0 0 0 0 0 0 157 123 0 0 0 388 0 0 0 0 0 0 993 0 871 0 0 483 0 0 0 681 873 738 0 0 0 904 732 510 114 0 679 0 866 0 0 0 596 568 0 86 0 0 506 496 68 0 23 21 91 0 61 0 86 0 22 0 0 0 78 60 0 86 0 0 0 36 0 99 3 38 0 53 41 43 0 40 0 55 23 28 0 35 0 14 45 4 90 61 24 0 49 0 90 44 0 0 59 0 0 55 0 0 0 84 0 44 0 22 0 0 0 0 38 0 0 0 0 72 58 51 16

0 0 2
0 0 4
0 0 8
0 0 32
0 0 44
0 0 110
0 1 15
0 1 16
0 1 18
0 1 26
0 1 28
0 1 37
0 1 106
0 1 131
0 2 6
0 2 41
0 2 42
0 2 46
0 2 65
0 2 77
0 2 86
0 2 91
0 2 100
0 2 109
0 3 4
0 3 24
0 3 35
0 3 40
0 3 51
0 3 67
0 4 8
0 4 10
0 4 26
0 4 31
0 4 48
0 4 49
0 4 62
0 4 78
0 5 6
0 5 7
0 5 10
0 5 20
0 5 23
0 5 58
0 6 1
0 6 15
0 6 17
0 6 44
0 6 45
0 6 48
0 6 78
0 6 94
0 7 4
0 7 5
0 7 7
0 7 10
0 7 16
0 7 30
0 7 34
0 7 52
0 7 57
0 7 78
0 8 2
0 8 17
0 8 31
0 8 37
0 8 136
0 9 5
0 9 12
0 9 19
0 9 25
0 9 26
0 9 28
0 9 69
0 9 93
0 9 101
0 10 0
0 10 5
0 10 13
0 10 21
0 10 33
0 10 40
0 10 62
0 10 65
0 10 114
0 10 137
0 11 3
0 11 9
0 11 20
0 11 34
0 11 41
0 11 50
0 11 52
0 11 59
0 11 61
0 11 70
0 11 131
0 12 2
0 12 16
0 12 21
0 12 30
0 12 39
0 12 44
0 12 65
0 13 4
0 13 22
0 13 39
0 13 47
0 13 51
0 13 120
0 14 3
0 14 7
0 14 21
0 14 24
0 14 61
0 15 49
0 15 50
0 15 64
0 15 86
0 15 99
0 16 1
0 16 6
0 16 30
0 16 34
0 16 36
0 16 52
0 16 53
0 16 58
0 16 66
0 16 67
0 16 93
0 16 108
0 16 124
0 17 24
0 17 28
0 17 49
0 17 59
0 17 62
0 17 64
0 18 0
0 18 1
0 18 5
0 18 10
0 18 14
0 18 23
0 18 27
0 18 34
0 18 42
0 18 54
0 18 91
0 18 99
0 18 125
0 18 135
0 19 5
0 19 49
0 19 58
0 19 70
0 20 14
0 20 37
0 20 39
0 20 45
0 20 46
0 20 48
0 21 13
0 21 24
0 21 29
0 21 33
0 21 45
0 21 48
0 21 89
0 22 9
0 22 11
0 22 46
0 22 47
0 22 55
0 22 64
0 22 66
0 22 92
0 22 125
0 23 3
0 23 4
0 23 7
0 23 9
0 23 20
0 23 22
0 23 25
0 23 42
0 23 49
0 23 52
0 23 54
0 23 64
0 23 68
0 23 126
0 24 4
0 24 25
0 24 36
0 24 47
0 24 64
0 24 74
0 24 75
0 24 92
0 25 1
0 25 16
0 25 22
0 25 26
0 25 33
0 25 43
0 25 59
0 25 62
0 25 91
0 25 125
0 26 20
0 26 21
0 26 24
0 26 36
0 26 40
0 26 50
0 26 107
0 27 18
0 27 23
0 27 42
0 27 46
0 27 61
0 27 116
0 27 120
0 28 13
0 28 14
0 28 16
0 28 19
0 28 29
0 28 34
0 28 40
0 28 47
0 28 56
0 28 66
0 28 110
0 29 8
0 29 11
0 29 24
0 29 25
0 29 28
0 29 30
0 29 52
0 29 60
0 29 72
0 29 137
0 30 12
0 30 21
0 30 24
0 30 31
0 30 35
0 30 47
0 30 51
0 30 62
0 30 115
0 31 1
0 31 17
0 31 24
0 31 26
0 31 33
0 31 35
0 31 36
0 31 39
0 31 41
0 31 45
0 32 8
0 32 18
0 32 27
0 32 34
0 32 56
0 32 58
0 32 83
0 32 93
0 32 109
0 32 113
0 33 0
0 33 9
0 33 34
0 33 77
0 33 97
0 34 29
0 34 61
0 34 67
0 35 30
0 35 53
0 36 4
0 36 13
0 36 15
0 36 21
0 36 38
0 36 40
0 36 42
0 36 44
0 36 56
0 36 94
0 36 97
0 36 126
0 36 144
0 37 2
0 37 25
0 37 52
0 37 61
0 37 138
0 38 5
0 38 11
0 38 12
0 38 34
0 38 43
0 38 45
0 38 50
0 38 98
0 38 100
0 38 103
0 38 118
0 39 15
0 39 23
0 39 36
0 39 57
0 39 90
0 39 100
0 40 30
0 40 37
0 40 42
0 40 43
0 40 54
0 40 58
0 40 60
0 40 64
0 40 91
0 41 12
0 41 31
0 41 34
0 41 35
0 41 42
0 41 58
0 41 62
0 41 67
0 41 100
0 42 13
0 42 15
0 42 17
0 42 21
0 42 38
0 42 39
0 42 55
0 43 3
0 43 39
0 43 45
0 43 64
0 43 65
0 43 67
0 43 83
0 43 123
0 44 10
0 44 13
0 44 31
0 44 34
0 44 40
0 44 49
0 44 57
0 45 2
0 45 6
0 45 9
0 45 13
0 45 19
0 45 20
0 45 52
0 45 60
0 45 114
0 46 3
0 46 13
0 46 36
0 46 38
0 46 67
0 47 5
0 47 15
0 47 53
0 47 63
0 47 64
0 47 105
0 47 131
0 48 6
0 48 25
0 48 57
0 48 58
0 48 61
0 49 6
0 49 7
0 49 10
0 49 26
0 49 29
0 49 31
0 49 34
0 49 46
0 49 47
0 50 8
0 50 22
0 50 82
0 50 106
0 50 128
0 51 18
0 51 24
0 51 26
0 51 34
0 51 39
0 51 52
0 51 57
0 51 61
0 51 92
0 52 7
0 52 10
0 52 29
0 52 33
0 52 34
0 52 37
0 52 40
0 52 62
0 52 72
0 52 100
0 53 6
0 53 30
0 53 31
0 53 35
0 53 40
0 53 58
0 53 62
0 53 106
0 54 2
0 54 5
0 54 24
0 54 28
0 54 30
0 54 36
0 54 44
0 54 50
0 54 103
0 55 11
0 55 16
0 55 23
0 55 28
0 55 32
0 55 38
0 55 45
0 55 47
0 55 51
0 55 107
0 55 133
0 56 2
0 56 23
0 56 24
0 56 30
0 56 46
0 56 50
0 56 54
0 56 58
0 56 65
0 56 100
0 57 3
0 57 22
0 57 23
0 57 29
0 57 31
0 57 35
0 57 46
0 57 61
0 58 11
0 58 14
0 58 24
0 58 28
0 58 34
0 58 41
0 58 47
0 58 51
0 58 63
0 58 90
0 58 126
0 59 3
0 59 30
0 59 35
0 59 36
0 59 45
0 59 56
0 59 66
0 59 71
0 59 113
0 59 125
0 59 137
0 60 12
0 60 28
0 60 35
0 60 41
0 60 51
0 60 52
0 60 58
0 60 65
0 60 67
0 61 4
0 61 17
0 61 31
0 61 32
0 61 53
0 61 59
0 61 60
0 61 64
0 61 65
0 61 140
0 62 19
0 62 25
0 62 56
0 62 98
0 63 21
0 63 35
0 63 39
0 63 41
0 63 66
0 64 1
0 64 6
0 64 11
0 64 12
0 64 17
0 64 24
0 64 30
0 64 31
0 64 46
0 64 51
0 64 64
0 64 67
0 64 80
0 65 29
0 65 31
0 65 36
0 65 37
0 65 54
0 65 137
0 65 141
0 66 0
0 66 7
0 66 18
0 66 22
0 66 34
0 66 37
0 66 39
0 66 43
0 66 52
0 66 61
0 67 0
0 67 13
0 67 14
0 67 18
0 67 22
0 67 38
0 67 57
0 68 2
0 68 18
0 68 117
0 68 120
0 68 121
0 68 127
0 68 136
0 69 25
0 69 31
0 69 38
0 69 89
0 70 3
0 70 13
0 70 52
0 70 86
0 70 90
0 70 96
0 70 113
0 70 119
0 70 127
0 70 141
0 71 58
0 71 69
0 71 70
0 71 124
0 71 143
0 72 25
0 72 49
0 72 53
0 72 83
0 72 88
0 72 100
0 73 68
0 73 101
0 74 51
0 74 72
0 74 80
0 74 82
0 75 20
0 75 60
0 75 67
0 75 69
0 75 102
0 75 125
0 76 58
0 76 84
0 76 115
0 76 131
0 76 139
0 77 81
0 77 82
0 78 7
0 78 17
0 78 58
0 78 101
0 78 118
0 79 97
0 79 111
0 79 119
0 79 129
0 80 35
0 80 44
0 80 75
0 80 88
0 81 78
0 81 109
0 81 142
0 82 49
0 82 70
0 82 76
0 82 80
0 82 124
0 82 139
0 82 144
0 83 10
0 83 22
0 83 105
0 83 139
0 84 100
0 84 120
0 84 128
0 84 137
0 85 70
0 85 77
0 85 84
0 85 91
0 85 101
0 85 104
0 86 9
0 87 18
0 87 38
0 87 105
0 87 108
0 88 33
0 88 97
0 88 122
0 89 12
0 89 60
0 89 62
0 89 66
0 89 69
0 89 80
0 89 132
0 90 81
0 90 85
0 90 136
0 91 24
0 91 77
0 91 90
0 91 104
0 91 109
0 91 128
0 92 30
0 92 83
0 92 88
0 92 97
0 92 124
0 93 102
0 95 32
0 95 53
0 95 86
0 95 136
0 96 79
0 96 106
0 97 5
0 97 48
0 97 52
0 97 133
0 97 140
0 97 141
0 98 70
0 98 77
0 98 120
0 99 62
0 99 79
0 99 92
0 99 96
0 99 137
0 100 99
0 100 102
0 100 103
0 100 108
0 101 77
0 101 89
0 101 121
0 101 122
0 102 11
0 102 23
0 102 77
0 102 92
0 102 134
0 102 144
0 103 76
0 103 131
0 103 136
0 103 138
0 104 95
0 104 125
0 105 4
0 106 13
0 106 101
0 107 6
0 107 61
0 107 65
0 107 140
0 108 4
0 108 68
0 108 84
0 108 91
0 108 113
0 109 67
0 109 110
0 109 126
0 109 135
0 110 9
0 110 35
0 110 36
0 110 78
0 110 89
0 111 107
0 111 129
0 112 62
0 112 87
0 112 97
0 112 105
0 112 110
0 112 125
0 112 126
0 113 39
0 113 91
0 113 116
0 113 119
0 114 8
0 114 77
0 114 97
0 114 131
0 115 84
0 116 42
0 116 144
0 117 23
0 117 47
0 117 48
0 117 141
0 118 5
0 118 85
0 118 97
0 118 102
0 119 36
0 119 103
0 120 3
0 120 17
0 120 52
0 120 79
0 120 87
0 120 93
0 120 105
0 121 71
0 121 101
0 121 128
0 121 144
0 122 89
0 122 113
0 122 128
0 123 82
0 124 44
0 124 75
0 125 42
0 125 52
0 125 78
0 125 82
0 126 137
0 127 39
0 127 76
0 127 92
0 127 104
0 127 137
0 128 45
0 128 63
0 128 77
0 128 79
0 128 86
0 129 93
0 129 104
0 129 130
0 130 33
0 130 69
0 130 87
0 130 104
0 130 134
0 130 140
0 131 106
0 131 107
0 131 130
0 131 140
0 131 144
0 133 42
0 133 125
0 133 129
0 133 140
0 134 4
0 134 28
0 134 38
0 134 99
0 134 139
0 134 142
0 135 0
0 135 89
0 135 126
0 135 141
0 136 54
0 136 72
0 137 45
0 137 98
0 137 129
0 138 98
0 138 136
0 139 6
0 139 99
0 139 100
0 139 116
0 139 136
0 140 2
0 140 77
0 140 123
0 140 128
0 140 140
0 141 105
0 141 106
0 141 123
0 141 142
0 142 40
0 143 61
0 143 71
0 143 87
0 143 95
0 144 5
0 144 13
0 144 22
0 144 58
0 144 96
0 145 24
0 145 38
0 145 83
0 145 88
0 145 130
1 0 19
1 0 20
1 0 22
1 0 36
1 0 39
1 0 58
1 0 61
1 0 62
1 1 45
1 1 46
1 1 53
1 1 57
1 1 61
1 1 63
1 1 119
1 2 4
1 2 17
1 2 28
1 2 36
1 2 56
1 2 62
1 2 120
1 3 6
1 3 12
1 3 25
1 3 27
1 3 30
1 3 33
1 3 34
1 3 36
1 3 42
1 3 43
1 3 57
1 3 58
1 4 0
1 4 10
1 4 14
1 4 18
1 4 22
1 4 36
1 4 45
1 4 47
1 4 60
1 4 66
1 4 86
1 4 125
1 5 5
1 5 11
1 5 15
1 5 19
1 5 24
1 5 33
1 5 34
1 5 42
1 5 60
1 5 94
1 5 105
1 6 9
1 6 19
1 6 31
1 6 54
1 6 64
1 6 120
1 7 10
1 7 13
1 7 27
1 7 28
1 7 53
1 7 60
1 7 102
1 7 107
1 8 4
1 8 24
1 8 29
1 8 33
1 8 46
1 8 49
1 8 50
1 8 85
1 8 108
1 9 10
1 9 31
1 9 43
1 9 44
1 9 54
1 10 0
1 10 6
1 10 59
1 10 60
1 10 66
1 10 72
1 10 88
1 11 0
1 11 2
1 11 14
1 11 15
1 11 21
1 11 23
1 11 26
1 11 27
1 11 33
1 11 55
1 11 123
1 12 0
1 12 2
1 12 7
1 12 8
1 12 9
1 12 18
1 12 24
1 12 28
1 12 53
1 12 74
1 12 78
1 12 101
1 13 9
1 13 10
1 13 12
1 13 28
1 13 37
1 13 54
1 13 61
1 13 67
1 13 75
1 13 140
1 14 13
1 14 20
1 14 48
1 14 60
1 14 139
1 15 3
1 15 12
1 15 26
1 15 29
1 15 35
1 15 51
1 15 52
1 15 54
1 15 58
1 15 60
1 15 65
1 15 74
1 15 94
1 15 107
1 15 128
1 15 135
1 16 2
1 16 5
1 16 8
1 16 17
1 16 32
1 16 40
1 16 49
1 16 55
1 16 62
1 16 114
1 16 144
1 17 6
1 17 10
1 17 11
1 17 29
1 17 38
1 17 41
1 17 44
1 17 130
1 18 5
1 18 8
1 18 26
1 18 34
1 18 42
1 18 52
1 18 64
1 19 51
1 19 54
1 19 72
1 19 140
1 20 2
1 20 3
1 20 5
1 20 14
1 20 28
1 20 40
1 20 66
1 20 69
1 20 101
1 21 1
1 21 22
1 21 23
1 21 32
1 21 33
1 21 34
1 21 60
1 21 62
1 21 67
1 21 141
1 22 12
1 22 46
1 22 48
1 22 57
1 23 8
1 23 23
1 23 32
1 23 46
1 23 52
1 23 64
1 23 65
1 24 3
1 24 8
1 24 9
1 24 37
1 24 50
1 24 53
1 24 57
1 24 84
1 25 0
1 25 5
1 25 24
1 25 25
1 25 47
1 25 55
1 25 66
1 25 131
1 26 4
1 26 9
1 26 21
1 26 28
1 26 58
1 26 59
1 26 77
1 27 0
1 27 6
1 27 19
1 27 28
1 27 30
1 27 54
1 27 62
1 27 66
1 27 67
1 27 110
1 28 13
1 28 20
1 28 23
1 28 30
1 28 40
1 28 51
1 28 54
1 28 60
1 28 64
1 28 67
1 28 114
1 29 6
1 29 10
1 29 13
1 29 14
1 29 37
1 29 38
1 29 43
1 29 50
1 29 52
1 29 113
1 29 141
1 30 0
1 30 20
1 30 37
1 30 45
1 30 54
1 30 87
1 30 114
1 30 134
1 31 12
1 31 18
1 31 37
1 31 45
1 31 64
1 31 65
1 31 71
1 32 12
1 32 29
1 32 32
1 32 43
1 32 62
1 32 78
1 32 144
1 33 27
1 33 34
1 33 35
1 33 60
1 34 9
1 34 15
1 34 17
1 34 23
1 34 35
1 34 37
1 34 53
1 34 56
1 35 24
1 35 44
1 35 50
1 35 53
1 35 66
1 35 67
1 35 109
1 36 17
1 36 18
1 36 48
1 36 50
1 36 62
1 36 64
1 36 65
1 36 101
1 37 6
1 37 7
1 37 8
1 37 35
1 37 53
1 37 55
1 37 62
1 38 7
1 38 53
1 38 61
1 39 38
1 39 43
1 39 52
1 39 55
1 39 59
1 39 61
1 39 66
1 39 84
1 39 118
1 40 3
1 40 22
1 40 26
1 40 29
1 40 35
1 40 39
1 40 64
1 40 66
1 40 74
1 40 131
1 40 141
1 41 7
1 41 9
1 41 29
1 41 30
1 41 54
1 41 63
1 41 65
1 41 67
1 41 141
1 42 7
1 42 14
1 42 17
1 42 35
1 42 42
1 42 50
1 42 56
1 42 77
1 42 117
1 42 118
1 42 138
1 43 7
1 43 20
1 43 22
1 43 43
1 43 66
1 43 68
1 43 69
1 43 91
1 43 143
1 44 19
1 44 31
1 44 48
1 44 53
1 44 63
1 44 64
1 44 101
1 45 13
1 45 30
1 45 42
1 45 58
1 45 59
1 45 62
1 45 90
1 45 119
1 46 3
1 46 8
1 46 15
1 46 21
1 46 27
1 46 44
1 46 59
1 46 61
1 46 111
1 47 4
1 47 17
1 47 18
1 47 19
1 47 43
1 47 65
1 47 129
1 47 133
1 48 21
1 48 32
1 48 33
1 48 39
1 48 40
1 48 55
1 48 59
1 48 65
1 48 106
1 49 2
1 49 3
1 49 11
1 49 17
1 49 29
1 49 33
1 49 41
1 49 43
1 49 45
1 49 46
1 49 49
1 49 58
1 49 60
1 49 61
1 49 109
1 49 133
1 49 140
1 50 13
1 50 24
1 50 41
1 50 55
1 50 59
1 50 79
1 51 26
1 51 35
1 51 36
1 51 48
1 51 52
1 52 29
1 52 30
1 52 33
1 52 54
1 52 125
1 53 17
1 53 53
1 54 6
1 54 9
1 54 14
1 54 17
1 54 23
1 54 48
1 54 55
1 54 74
1 55 0
1 55 7
1 55 11
1 55 35
1 55 41
1 55 44
1 55 50
1 55 51
1 55 80
1 56 14
1 56 28
1 56 45
1 56 51
1 56 58
1 56 59
1 56 103
1 56 136
1 57 16
1 57 31
1 57 47
1 57 50
1 57 60
1 57 99
1 57 144
1 58 1
1 58 8
1 58 28
1 58 31
1 58 41
1 58 44
1 58 52
1 58 82
1 58 100
1 58 124
1 59 9
1 59 14
1 59 28
1 59 30
1 59 33
1 59 43
1 59 48
1 59 54
1 59 64
1 59 93
1 59 132
1 60 1
1 60 6
1 60 7
1 60 28
1 60 29
1 60 33
1 60 41
1 60 47
1 60 58
1 61 7
1 61 59
1 62 25
1 62 35
1 62 49
1 62 51
1 62 64
1 62 75
1 62 90
1 63 26
1 63 30
1 63 36
1 63 46
1 63 62
1 64 2
1 64 20
1 64 26
1 64 37
1 64 55
1 64 59
1 64 87
1 64 102
1 64 124
1 65 2
1 65 6
1 65 11
1 65 23
1 65 31
1 65 46
1 65 61
1 65 62
1 65 106
1 65 109
1 66 22
1 66 43
1 66 48
1 66 50
1 66 66
1 66 77
1 67 11
1 67 19
1 67 28
1 67 40
1 67 41
1 67 49
1 67 52
1 67 56
1 67 130
1 68 6
1 69 97
1 69 103
1 69 117
1 70 13
1 70 75
1 70 97
1 71 22
1 71 84
1 71 120
1 71 125
1 71 136
1 72 37
1 72 114
1 74 77
1 75 64
1 75 77
1 75 91
1 75 132
1 76 31
1 76 64
1 76 86
1 76 88
1 76 107
1 76 116
1 77 3
1 77 47
1 77 55
1 77 68
1 77 93
1 77 132
1 78 16
1 78 92
1 78 130
1 79 34
1 79 39
1 79 100
1 79 128
1 80 37
1 80 66
1 80 71
1 80 86
1 80 100
1 80 133
1 81 33
1 81 81
1 81 88
1 81 109
1 81 111
1 81 119
1 82 57
1 82 99
1 82 135
1 82 141
1 83 2
1 83 24
1 83 137
1 84 104
1 84 138
1 85 15
1 85 32
1 85 82
1 85 86
1 85 102
1 85 139
1 85 142
1 86 116
1 86 134
1 86 138
1 86 141
1 87 70
1 87 121
1 87 132
1 88 26
1 88 48
1 88 91
1 88 115
1 89 68
1 89 75
1 89 80
1 89 82
1 89 91
1 89 103
1 89 109
1 90 14
1 90 18
1 90 81
1 90 105
1 90 108
1 91 77
1 91 79
1 91 137
1 92 27
1 92 73
1 92 80
1 93 23
1 93 26
1 93 35
1 93 88
1 93 99
1 93 106
1 93 137
1 94 2
1 94 104
1 94 110
1 94 122
1 95 83
1 95 107
1 95 110
1 95 125
1 95 126
1 95 130
1 95 135
1 95 140
1 96 75
1 96 79
1 96 80
1 96 84
1 96 135
1 97 5
1 97 46
1 97 84
1 98 70
1 98 89
1 98 94
1 98 101
1 98 103
1 98 112
1 98 144
1 99 1
1 99 54
1 99 106
1 99 114
1 99 143
1 100 89
1 101 70
1 101 77
1 101 95
1 102 118
1 102 123
1 103 114
1 104 111
1 104 114
1 104 128
1 104 133
1 105 1
1 105 24
1 105 27
1 105 125
1 106 73
1 106 87
1 106 135
1 106 142
1 106 144
1 107 19
1 107 60
1 107 77
1 107 130
1 108 2
1 108 91
1 108 118
1 108 125
1 108 141
1 109 2
1 109 46
1 109 91
1 110 35
1 110 76
1 110 79
1 110 93
1 110 104
1 110 127
1 110 139
1 110 140
1 111 21
1 111 33
1 111 80
1 111 93
1 111 103
1 111 112
1 111 116
1 111 136
1 113 69
1 113 80
1 113 116
1 114 17
1 114 33
1 114 74
1 114 79
1 114 89
1 114 101
1 114 117
1 114 119
1 115 33
1 115 99
1 115 109
1 115 124
1 116 62
1 116 90
1 116 121
1 117 34
1 117 39
1 117 54
1 117 81
1 118 36
1 118 69
1 118 106
1 119 40
1 119 78
1 119 118
1 119 132
1 121 89
1 121 101
1 121 129
1 121 131
1 121 132
1 122 76
1 122 112
1 122 117
1 122 131
1 122 132
1 122 140
1 123 5
1 123 22
1 123 34
1 123 47
1 123 74
1 123 132
1 124 65
1 124 73
1 124 89
1 124 117
1 124 129
1 124 138
1 125 60
1 125 80
1 125 102
1 125 122
1 126 89
1 126 99
1 126 104
1 126 128
1 126 137
1 127 34
1 127 60
1 128 0
1 128 40
1 128 77
1 128 82
1 128 110
1 128 140
1 129 112
1 129 118
1 129 126
1 130 91
1 130 107
1 130 110
1 130 120
1 131 78
1 131 91
1 131 92
1 131 144
1 132 86
1 132 130
1 133 78
1 133 114
1 134 65
1 134 77
1 134 89
1 134 97
1 135 10
1 135 77
1 135 86
1 135 96
1 135 100
1 136 75
1 136 99
1 136 110
1 136 135
1 137 8
1 137 86
1 138 25
1 138 58
1 138 104
1 138 116
1 138 128
1 139 81
1 139 122
1 139 141
1 139 142
1 140 9
1 140 51
1 140 102
1 140 111
1 141 35
1 141 90
1 141 118
1 141 123
1 141 126
1 141 139
1 142 100
1 142 130
1 143 55
1 143 99
1 144 88
1 144 89
1 144 141
2 0 6
2 0 7
2 0 13
2 0 25
2 0 26
2 0 32
2 0 61
2 0 62
2 1 4
2 1 36
2 1 55
2 1 65
2 1 128
2 1 132
2 2 0
2 2 39
2 2 45
2 2 57
2 2 58
2 2 112
2 3 18
2 3 28
2 3 46
2 3 70
2 4 34
2 4 37
2 4 53
2 4 58
2 5 20
2 5 28
2 5 29
2 5 50
2 5 55
2 5 60
2 5 66
2 6 4
2 6 33
2 6 44
2 6 54
2 6 122
2 7 4
2 7 7
2 7 18
2 7 31
2 7 38
2 7 41
2 7 42
2 7 48
2 7 64
2 7 132
2 7 135
2 8 25
2 8 26
2 8 30
2 8 40
2 8 59
2 8 94
2 9 2
2 9 3
2 9 20
2 9 21
2 9 29
2 9 98
2 10 8
2 10 36
2 10 44
2 10 52
2 10 63
2 10 64
2 11 3
2 11 20
2 11 26
2 11 28
2 11 32
2 11 39
2 11 53
2 11 82
2 11 88
2 12 2
2 12 6
2 12 16
2 12 19
2 12 22
2 12 28
2 12 46
2 12 58
2 12 59
2 12 61
2 12 67
2 12 95
2 13 19
2 13 27
2 13 53
2 13 55
2 13 59
2 13 65
2 13 129
2 14 0
2 14 5
2 14 20
2 14 32
2 14 42
2 14 46
2 14 54
2 14 59
2 14 68
2 14 101
2 14 141
2 15 7
2 15 10
2 15 13
2 15 18
2 15 24
2 15 36
2 15 52
2 15 63
2 15 64
2 15 66
2 16 1
2 16 14
2 16 30
2 16 32
2 16 59
2 16 69
2 16 140
2 17 12
2 17 17
2 17 27
2 17 35
2 17 63
2 17 64
2 17 78
2 18 2
2 18 16
2 18 20
2 18 30
2 18 56
2 18 66
2 18 114
2 19 1
2 19 5
2 19 9
2 19 13
2 19 15
2 19 20
2 19 37
2 19 53
2 19 60
2 19 66
2 19 96
2 20 18
2 20 29
2 20 41
2 20 57
2 20 67
2 20 99
2 20 105
2 21 28
2 21 36
2 21 52
2 21 59
2 21 74
2 22 12
2 22 30
2 22 43
2 22 56
2 22 115
2 22 121
2 22 144
2 23 3
2 23 15
2 23 17
2 23 54
2 23 59
2 24 5
2 24 7
2 24 14
2 24 16
2 24 22
2 24 25
2 24 28
2 24 31
2 24 44
2 24 52
2 24 56
2 24 67
2 25 4
2 25 42
2 25 52
2 25 58
2 25 74
2 25 101
2 25 126
2 26 50
2 26 66
2 26 121
2 26 136
2 27 7
2 27 13
2 27 23
2 27 28
2 27 34
2 27 51
2 27 65
2 27 131
2 28 21
2 28 30
2 28 32
2 28 39
2 28 40
2 28 51
2 28 54
2 28 59
2 28 60
2 28 62
2 28 64
2 28 104
2 29 18
2 29 28
2 29 32
2 29 37
2 29 44
2 29 60
2 29 137
2 29 139
2 30 8
2 30 9
2 30 20
2 30 24
2 30 28
2 30 29
2 30 47
2 30 64
2 30 65
2 30 142
2 31 15
2 31 16
2 31 31
2 31 38
2 31 50
2 31 55
2 32 1
2 32 5
2 32 20
2 32 23
2 32 30
2 32 45
2 32 63
2 32 98
2 32 125
2 33 10
2 33 13
2 33 22
2 33 24
2 33 36
2 33 44
2 33 47
2 33 67
2 33 89
2 33 101
2 34 15
2 34 23
2 34 27
2 34 30
2 34 37
2 34 42
2 34 48
2 34 50
2 34 66
2 34 68
2 34 100
2 35 21
2 35 27
2 35 34
2 35 49
2 35 50
2 35 55
2 35 59
2 35 141
2 36 10
2 36 14
2 36 28
2 36 51
2 36 53
2 36 62
2 37 0
2 37 14
2 37 18
2 37 23
2 37 28
2 37 40
2 37 53
2 38 15
2 38 19
2 38 44
2 38 139
2 39 9
2 39 27
2 39 34
2 39 35
2 39 62
2 39 88
2 39 112
2 40 1
2 40 5
2 40 26
2 40 34
2 40 41
2 40 51
2 40 58
2 40 67
2 40 72
2 41 7
2 41 31
2 41 48
2 41 50
2 41 57
2 41 78
2 41 109
2 41 112
2 42 4
2 42 13
2 42 44
2 42 51
2 42 55
2 42 89
2 42 115
2 43 2
2 43 9
2 43 10
2 43 14
2 43 19
2 43 20
2 43 23
2 43 31
2 43 33
2 43 42
2 43 43
2 43 57
2 43 60
2 44 1
2 44 7
2 44 15
2 44 25
2 44 52
2 44 57
2 44 75
2 45 3
2 45 22
2 45 24
2 45 33
2 45 40
2 45 43
2 45 56
2 45 79
2 45 100
2 45 121
2 46 5
2 46 46
2 46 66
2 46 126
2 47 28
2 47 34
2 47 47
2 47 108
2 48 22
2 48 37
2 48 44
2 48 119
2 48 136
2 49 7
2 49 8
2 49 16
2 49 19
2 49 25
2 49 34
2 49 54
2 49 83
2 49 87
2 50 2
2 50 9
2 50 50
2 50 65
2 51 3
2 51 22
2 51 33
2 51 40
2 51 43
2 51 78
2 51 96
2 51 103
2 52 2
2 52 9
2 52 14
2 52 23
2 52 24
2 52 25
2 52 50
2 52 58
2 53 8
2 53 9
2 53 24
2 53 32
2 53 49
2 53 99
2 53 137
2 54 9
2 54 10
2 54 11
2 54 12
2 54 14
2 54 26
2 54 29
2 54 32
2 54 45
2 54 51
2 54 57
2 54 64
2 54 120
2 55 7
2 55 17
2 55 35
2 55 61
2 55 116
2 56 31
2 56 42
2 56 49
2 56 131
2 57 6
2 57 13
2 57 17
2 57 33
2 57 42
2 57 45
2 57 62
2 57 96
2 58 0
2 58 12
2 58 37
2 58 47
2 58 60
2 58 89
2 58 140
2 59 18
2 59 21
2 59 29
2 59 42
2 59 46
2 59 54
2 59 65
2 59 109
2 59 144
2 60 0
2 60 5
2 60 23
2 60 26
2 60 31
2 60 34
2 60 144
2 61 2
2 61 4
2 61 6
2 61 14
2 61 24
2 61 31
2 61 40
2 61 61
2 61 111
2 62 16
2 62 31
2 62 47
2 62 64
2 63 0
2 63 24
2 63 31
2 63 58
2 63 61
2 63 84
2 64 18
2 64 27
2 64 28
2 64 30
2 64 36
2 64 54
2 65 7
2 65 46
2 65 49
2 65 51
2 65 59
2 65 65
2 66 3
2 66 10
2 66 17
2 66 23
2 66 26
2 66 48
2 66 67
2 66 93
2 67 0
2 67 15
2 67 28
2 67 36
2 67 91
2 67 107
2 68 81
2 68 84
2 68 124
2 68 135
2 68 140
2 69 71
2 69 73
2 69 84
2 69 130
2 70 99
2 71 26
2 71 104
2 72 69
2 72 70
2 72 77
2 72 80
2 72 94
2 72 110
2 72 124
2 72 143
2 73 28
2 73 31
2 73 56
2 73 61
2 73 87
2 73 127
2 73 136
2 74 34
2 74 91
2 74 125
2 75 15
2 75 75
2 75 83
2 75 88
2 75 90
2 75 111
2 75 140
2 76 76
2 76 80
2 76 126
2 76 130
2 76 144
2 77 0
2 77 51
2 77 82
2 77 127
2 78 88
2 78 100
2 78 135
2 78 136
2 79 5
2 79 101
2 79 120
2 80 5
2 80 6
2 80 21
2 80 69
2 81 90
2 81 101
2 81 114
2 81 127
2 81 134
2 81 144
2 82 37
2 82 49
2 82 97
2 82 127
2 82 141
2 83 48
2 83 82
2 83 95
2 83 103
2 83 109
2 83 120
2 83 134
2 83 137
2 83 140
2 84 127
2 85 96
2 85 124
2 86 85
2 86 119
2 87 32
2 87 78
2 87 104
2 87 118
2 88 17
2 88 46
2 88 58
2 88 87
2 88 95
2 89 22
2 89 28
2 89 51
2 89 95
2 89 108
2 89 133
2 90 75
2 90 109
2 90 110
2 90 131
2 91 88
2 91 113
2 91 122
2 91 123
2 91 125
2 91 127
2 92 17
2 92 75
2 92 77
2 92 78
2 92 81
2 92 122
2 92 134
2 92 139
2 92 144
2 93 11
2 93 35
2 93 76
2 93 121
2 94 32
2 94 46
2 94 53
2 94 76
2 94 121
2 94 137
2 95 15
2 95 34
2 95 46
2 96 29
2 96 136
2 97 39
2 97 76
2 97 84
2 97 104
2 97 112
2 97 117
2 97 121
2 98 29
2 98 55
2 98 69
2 98 107
2 98 109
2 98 141
2 99 74
2 99 87
2 99 91
2 99 141
2 100 51
2 100 97
2 100 123
2 101 80
2 101 104
2 102 24
2 102 58
2 102 88
2 102 99
2 102 126
2 103 5
2 103 80
2 103 102
2 104 2
2 104 17
2 104 80
2 104 89
2 104 95
2 105 67
2 105 100
2 106 45
2 106 91
2 106 113
2 107 64
2 107 89
2 108 24
2 108 36
2 108 50
2 108 85
2 108 104
2 108 133
2 108 143
2 109 106
2 110 56
2 110 65
2 110 74
2 110 87
2 111 37
2 111 52
2 111 98
2 111 116
2 111 131
2 112 77
2 112 104
2 112 110
2 112 112
2 112 127
2 113 113
2 113 133
2 114 15
2 114 90
2 115 57
2 115 89
2 115 132
2 115 142
2 116 21
2 116 73
2 116 90
2 116 93
2 116 96
2 116 143
2 116 144
2 117 91
2 117 97
2 118 57
2 118 99
2 118 103
2 119 25
2 119 68
2 119 77
2 119 123
2 120 73
2 120 80
2 121 71
2 121 90
2 121 99
2 121 121
2 121 139
2 122 41
2 122 72
2 122 85
2 122 91
2 122 134
2 123 93
2 123 132
2 123 136
2 124 71
2 124 75
2 124 77
2 124 83
2 124 114
2 125 22
2 125 34
2 125 140
2 126 33
2 126 45
2 126 54
2 126 126
2 127 70
2 127 72
2 127 83
2 127 143
2 128 101
2 128 107
2 128 109
2 128 111
2 128 139
2 130 45
2 130 102
2 130 105
2 130 133
2 131 22
2 131 40
2 131 58
2 132 43
2 132 45
2 132 83
2 132 86
2 132 91
2 132 108
2 132 132
2 132 135
2 133 46
2 133 69
2 133 79
2 133 140
2 134 0
2 134 21
2 134 38
2 134 68
2 134 78
2 134 106
2 134 110
2 134 125
2 134 132
2 135 45
2 135 69
2 135 94
2 135 115
2 135 140
2 136 15
2 136 21
2 136 89
2 137 106
2 137 113
2 137 120
2 137 129
2 138 136
2 139 3
2 139 53
2 139 121
2 139 134
2 140 69
2 140 81
2 140 83
2 140 94
2 140 135
2 141 59
2 141 102
2 141 108
2 141 113
2 141 126
2 142 77
2 142 104
2 142 112
2 143 23
2 143 34
2 143 109
2 143 126
2 143 143
2 144 7
2 144 105
2 144 140
3 0 0
3 0 11
3 0 46
3 0 133
3 1 21
3 1 46
3 1 61
3 1 72
3 1 77
3 1 135
3 2 24
3 2 54
3 2 59
3 2 121
3 2 127
3 3 26
3 3 31
3 3 36
3 3 44
3 3 59
3 3 83
3 4 32
3 4 34
3 4 37
3 4 44
3 4 60
3 4 62
3 4 112
3 4 114
3 5 37
3 5 56
3 5 71
3 5 98
3 6 4
3 6 21
3 6 56
3 6 58
3 6 105
3 7 4
3 7 5
3 7 11
3 7 17
3 7 31
3 7 38
3 7 43
3 7 52
3 7 70
3 7 130
3 8 12
3 8 23
3 8 32
3 8 75
3 9 13
3 9 18
3 9 22
3 9 37
3 9 45
3 9 48
3 9 60
3 9 61
3 9 64
3 9 124
3 10 1
3 10 7
3 10 22
3 10 27
3 10 48
3 10 83
3 10 112
3 10 130
3 11 0
3 11 4
3 11 11
3 11 48
3 11 53
3 11 59
3 11 61
3 11 64
3 11 67
3 12 0
3 12 1
3 12 4
3 12 7
3 12 15
3 12 21
3 12 36
3 12 48
3 12 51
3 12 53
3 12 61
3 12 66
3 12 96
3 12 139
3 13 3
3 13 8
3 13 41
3 13 54
3 13 55
3 13 63
3 13 67
3 14 1
3 14 9
3 14 59
3 14 63
3 14 66
3 14 91
3 14 139
3 15 4
3 15 24
3 15 34
3 15 53
3 15 56
3 15 59
3 15 72
3 16 2
3 16 15
3 16 16
3 16 31
3 16 33
3 16 37
3 16 46
3 16 65
3 16 85
3 16 144
3 17 2
3 17 3
3 17 24
3 17 26
3 17 41
3 17 54
3 17 75
3 17 124
3 17 135
3 18 8
3 18 26
3 18 31
3 18 49
3 18 54
3 18 61
3 18 62
3 18 65
3 18 91
3 19 15
3 19 17
3 19 21
3 19 28
3 19 52
3 19 53
3 20 10
3 20 11
3 20 31
3 20 41
3 20 131
3 21 5
3 21 6
3 21 15
3 21 19
3 21 22
3 21 26
3 21 47
3 21 51
3 21 61
3 21 66
3 21 110
3 21 116
3 21 122
3 21 143
3 22 15
3 22 27
3 22 28
3 22 30
3 22 46
3 22 52
3 22 53
3 22 54
3 22 57
3 22 143
3 23 0
3 23 8
3 23 20
3 23 30
3 23 55
3 23 67
3 23 97
3 23 120
3 24 28
3 24 29
3 24 36
3 24 44
3 24 52
3 25 18
3 25 37
3 25 39
3 25 50
3 25 60
3 25 65
3 26 18
3 26 20
3 26 23
3 26 29
3 26 62
3 26 135
3 27 10
3 27 44
3 27 46
3 27 50
3 27 70
3 27 91
3 27 95
3 28 6
3 28 17
3 28 21
3 28 34
3 28 39
3 28 40
3 29 2
3 29 4
3 29 5
3 29 25
3 29 31
3 29 40
3 29 44
3 29 47
3 30 7
3 30 8
3 30 13
3 30 25
3 30 47
3 30 51
3 30 58
3 30 59
3 30 61
3 30 96
3 30 119
3 31 1
3 31 5
3 31 12
3 31 34
3 31 40
3 31 48
3 31 49
3 31 59
3 31 74
3 32 5
3 32 12
3 32 52
3 32 98
3 33 3
3 33 28
3 33 42
3 33 52
3 33 56
3 33 65
3 33 75
3 33 110
3 33 131
3 33 133
3 34 12
3 34 14
3 34 15
3 34 46
3 34 50
3 34 51
3 34 58
3 34 66
3 34 116
3 35 19
3 35 41
3 35 48
3 35 50
3 35 51
3 35 55
3 35 63
3 35 121
3 36 3
3 36 12
3 36 15
3 36 18
3 36 26
3 36 45
3 37 1
3 37 12
3 37 21
3 37 24
3 37 26
3 37 27
3 37 43
3 37 59
3 37 64
3 37 66
3 37 67
3 37 99
3 37 111
3 38 14
3 38 41
3 38 43
3 38 54
3 38 61
3 38 75
3 38 86
3 38 97
3 38 137
3 38 139
3 39 28
3 39 42
3 39 55
3 39 57
3 39 73
3 40 6
3 40 8
3 40 10
3 40 56
3 40 61
3 40 62
3 40 65
3 40 89
3 40 91
3 40 97
3 40 131
3 41 13
3 41 22
3 41 41
3 41 44
3 41 60
3 41 61
3 41 67
3 41 69
3 41 95
3 42 7
3 42 9
3 42 27
3 42 30
3 42 33
3 42 61
3 42 130
3 43 2
3 43 17
3 43 21
3 43 24
3 43 33
3 43 42
3 43 45
3 43 54
3 43 84
3 44 14
3 44 36
3 44 45
3 44 51
3 44 60
3 44 64
3 45 30
3 45 36
3 45 60
3 45 64
3 45 104
3 46 12
3 46 28
3 46 31
3 46 36
3 46 84
3 46 98
3 46 125
3 47 11
3 47 25
3 47 39
3 47 42
3 47 43
3 47 47
3 47 50
3 47 64
3 48 2
3 48 40
3 48 46
3 48 52
3 48 61
3 48 95
3 48 122
3 49 1
3 49 5
3 49 13
3 49 14
3 49 28
3 49 59
3 49 116
3 49 126
3 49 128
3 50 3
3 50 16
3 50 24
3 50 33
3 50 40
3 50 91
3 51 0
3 51 26
3 51 29
3 51 31
3 51 35
3 51 45
3 51 49
3 51 72
3 51 139
3 52 5
3 52 9
3 52 11
3 52 16
3 52 33
3 52 36
3 52 70
3 53 0
3 53 29
3 53 51
3 53 62
3 53 75
3 53 123
3 53 129
3 54 7
3 54 15
3 54 30
3 54 34
3 54 55
3 54 60
3 54 66
3 54 103
3 55 3
3 55 11
3 55 37
3 55 38
3 55 41
3 55 42
3 55 50
3 55 57
3 56 3
3 56 20
3 56 22
3 56 26
3 56 38
3 56 52
3 56 69
3 56 91
3 56 116
3 57 33
3 57 51
3 57 59
3 57 62
3 57 144
3 58 7
3 58 8
3 58 17
3 58 24
3 58 34
3 58 44
3 58 47
3 58 109
3 58 138
3 59 6
3 59 8
3 59 40
3 59 51
3 60 8
3 60 34
3 60 35
3 60 36
3 60 41
3 60 58
3 60 121
3 60 135
3 61 3
3 61 12
3 61 24
3 61 30
3 61 31
3 61 33
3 61 41
3 61 43
3 61 117
3 61 122
3 62 10
3 62 13
3 62 56
3 62 58
3 62 62
3 62 64
3 62 70
3 62 108
3 62 111
3 62 112
3 62 136
3 63 6
3 63 18
3 63 21
3 63 25
3 63 27
3 63 28
3 63 30
3 63 36
3 63 37
3 63 49
3 63 50
3 63 56
3 63 102
3 64 2
3 64 51
3 64 65
3 64 78
3 64 118
3 65 3
3 65 5
3 65 16
3 65 19
3 65 20
3 65 37
3 65 59
3 65 61
3 65 82
3 65 122
3 66 1
3 66 23
3 66 46
3 66 47
3 66 50
3 66 60
3 66 63
3 66 66
3 66 129
3 67 18
3 67 22
3 67 54
3 67 65
3 67 108
3 67 113
3 68 38
3 68 86
3 68 114
3 69 11
3 69 38
3 69 69
3 69 76
3 69 128
3 70 19
3 70 99
3 70 100
3 70 109
3 70 136
3 71 8
3 71 22
3 71 74
3 71 132
3 71 143
3 72 50
3 72 69
3 73 72
3 73 80
3 73 130
3 74 15
3 74 129
3 75 110
3 76 2
3 76 82
3 76 88
3 77 55
3 78 30
3 78 98
3 78 103
3 78 125
3 78 142
3 79 51
3 79 104
3 80 68
3 80 109
3 80 122
3 80 137
3 82 9
3 82 33
3 82 113
3 82 135
3 83 79
3 83 84
3 83 107
3 84 1
3 84 92
3 84 106
3 85 27
3 85 71
3 85 90
3 85 104
3 85 118
3 85 123
3 85 125
3 86 57
3 86 89
3 86 104
3 86 109
3 86 132
3 86 136
3 86 139
3 87 1
3 87 25
3 87 99
3 87 110
3 87 129
3 88 6
3 88 17
3 88 104
3 89 38
3 89 90
3 89 122
3 90 45
3 90 93
3 90 137
3 91 74
3 92 3
3 93 19
3 93 40
3 93 59
3 93 97
3 93 106
3 93 111
3 93 118
3 94 53
3 94 69
3 94 77
3 94 95
3 94 96
3 95 48
3 95 84
3 95 88
3 95 91
3 95 95
3 95 137
3 95 142
3 96 7
3 96 9
3 96 46
3 97 1
3 97 39
3 97 74
3 97 104
3 97 119
3 97 131
3 98 43
3 98 88
3 98 127
3 99 70
3 99 82
3 101 91
3 101 97
3 102 47
3 103 1
3 103 44
3 103 53
3 103 87
3 103 134
3 104 13
3 104 45
3 104 64
3 104 86
3 104 110
3 104 117
3 104 130
3 104 140
3 105 2
3 105 128
3 105 137
3 105 139
3 106 5
3 106 50
3 106 58
3 106 64
3 106 87
3 106 107
3 106 128
3 107 18
3 107 22
3 107 39
3 107 55
3 107 70
3 107 87
3 107 100
3 107 122
3 107 125
3 108 124
3 108 125
3 108 132
3 109 14
3 109 71
3 109 118
3 109 133
3 110 69
3 110 84
3 110 99
3 111 3
3 111 72
3 111 108
3 111 127
3 112 112
3 112 115
3 112 133
3 113 39
3 114 10
3 114 118
3 114 124
3 114 133
3 114 136
3 114 138
3 115 47
3 115 127
3 115 128
3 116 49
3 116 69
3 116 117
3 117 14
3 117 42
3 117 46
3 117 81
3 117 96
3 117 110
3 118 46
3 118 72
3 118 83
3 118 87
3 118 95
3 118 134
3 118 135
3 118 141
3 119 68
3 119 77
3 119 84
3 119 96
3 119 97
3 119 120
3 119 136
3 120 81
3 120 90
3 120 93
3 121 46
3 121 83
3 121 84
3 121 85
3 121 110
3 121 112
3 121 143
3 122 28
3 122 82
3 122 110
3 122 115
3 123 8
3 123 89
3 123 116
3 124 68
3 124 130
3 125 44
3 125 79
3 125 98
3 125 101
3 125 128
3 126 16
3 126 142
3 127 68
3 127 134
3 128 99
3 128 141
3 129 75
3 129 118
3 129 119
3 129 131
3 129 144
3 130 81
3 130 144
3 131 23
3 131 58
3 131 143
3 132 68
3 132 70
3 132 72
3 132 74
3 132 84
3 132 119
3 132 140
3 132 142
3 133 6
3 133 30
3 133 107
3 133 131
3 133 143
3 134 2
3 134 26
3 134 82
3 134 90
3 135 70
3 135 133
3 136 18
3 136 50
3 136 67
3 136 116
3 137 17
3 137 44
3 137 59
3 137 90
3 138 83
3 138 94
3 138 127
3 139 16
3 139 115
3 139 143
3 140 47
3 140 53
3 140 68
3 140 79
3 140 80
3 140 85
3 140 107
3 141 26
3 141 117
3 142 18
3 142 106
3 142 135
3 143 12
3 143 60
3 143 91
3 143 101
3 143 139
3 143 144
3 144 81
3 144 93
3 144 144
4 0 6
4 0 10
4 0 11
4 0 45
4 0 71
4 1 1
4 1 5
4 1 27
4 1 39
4 1 44
4 1 92
4 1 106
4 2 1
4 2 35
4 2 41
4 2 42
4 2 43
4 2 62
4 2 64
4 2 128
4 3 4
4 3 13
4 3 24
4 3 27
4 3 32
4 3 37
4 3 40
4 3 43
4 3 71
4 3 132
4 4 2
4 4 11
4 4 30
4 4 35
4 4 53
4 4 67
4 4 96
4 4 115
4 5 0
4 5 23
4 5 35
4 5 58
4 5 63
4 6 3
4 6 22
4 6 28
4 6 38
4 6 44
4 6 48
4 6 54
4 6 60
4 6 88
4 6 108
4 6 142
4 7 4
4 7 23
4 7 29
4 7 34
4 7 40
4 7 41
4 7 48
4 7 60
4 7 132
4 8 17
4 8 21
4 8 34
4 8 57
4 8 67
4 8 79
4 8 110
4 8 141
4 9 5
4 9 15
4 9 18
4 9 21
4 9 33
4 9 65
4 9 96
4 9 107
4 10 5
4 10 24
4 10 25
4 10 28
4 10 45
4 10 46
4 10 63
4 11 17
4 11 22
4 11 25
4 11 37
4 11 38
4 11 39
4 11 43
4 11 52
4 11 58
4 11 101
4 12 16
4 12 28
4 12 29
4 12 33
4 12 52
4 12 64
4 12 75
4 12 115
4 13 13
4 13 17
4 13 23
4 13 39
4 13 54
4 13 57
4 13 64
4 13 70
4 13 81
4 13 142
4 14 12
4 14 23
4 14 40
4 14 41
4 14 43
4 14 50
4 14 55
4 14 56
4 14 59
4 14 76
4 15 36
4 15 40
4 15 41
4 15 45
4 16 18
4 16 22
4 16 23
4 16 35
4 16 37
4 16 54
4 16 62
4 16 65
4 16 67
4 16 144
4 17 4
4 17 21
4 17 36
4 17 53
4 17 60
4 17 62
4 18 12
4 18 13
4 18 37
4 18 52
4 18 57
4 18 101
4 19 22
4 19 43
4 19 45
4 19 65
4 19 136
4 20 30
4 20 39
4 20 41
4 20 55
4 20 116
4 20 127
4 21 6
4 21 15
4 21 17
4 21 33
4 21 52
4 21 53
4 21 66
4 22 3
4 22 5
4 22 23
4 22 46
4 22 52
4 22 66
4 23 6
4 23 8
4 23 9
4 23 11
4 23 20
4 23 30
4 23 59
4 23 67
4 24 2
4 24 8
4 24 15
4 24 24
4 24 36
4 24 43
4 24 47
4 24 55
4 24 110
4 25 1
4 25 10
4 25 16
4 25 29
4 25 36
4 25 57
4 25 65
4 25 71
4 25 93
4 25 133
4 26 8
4 26 10
4 26 17
4 26 32
4 26 36
4 26 45
4 26 49
4 26 52
4 26 126
4 27 7
4 27 11
4 27 18
4 27 25
4 27 49
4 27 51
4 27 64
4 27 76
4 27 137
4 28 6
4 28 22
4 28 23
4 28 41
4 28 48
4 29 9
4 29 26
4 29 61
4 29 127
4 29 135
4 30 12
4 30 16
4 30 21
4 30 48
4 30 65
4 30 66
4 30 117
4 30 122
4 31 6
4 31 7
4 31 16
4 31 39
4 31 41
4 31 55
4 32 8
4 32 25
4 32 44
4 32 49
4 32 55
4 32 59
4 32 65
4 32 145
4 33 5
4 33 6
4 33 15
4 33 22
4 33 59
4 33 62
4 33 63
4 33 65
4 33 143
4 34 3
4 34 12
4 34 19
4 34 26
4 34 27
4 34 28
4 34 132
4 35 7
4 35 18
4 35 37
4 35 48
4 35 54
4 36 7
4 36 16
4 36 17
4 36 29
4 36 50
4 36 51
4 36 60
4 36 118
4 37 5
4 37 38
4 37 40
4 37 51
4 37 62
4 37 112
4 37 139
4 38 1
4 38 6
4 38 16
4 38 23
4 38 24
4 38 26
4 38 39
4 38 41
4 38 46
4 38 47
4 38 52
4 38 58
4 38 67
4 38 130
4 38 145
4 39 31
4 39 39
4 39 52
4 39 57
4 39 67
4 39 135
4 40 8
4 40 14
4 40 23
4 40 27
4 40 29
4 40 66
4 41 13
4 41 17
4 41 19
4 41 27
4 41 53
4 41 61
4 41 90
4 41 137
4 42 8
4 42 34
4 42 41
4 42 43
4 42 50
4 42 59
4 42 92
4 42 104
4 42 120
4 43 0
4 43 5
4 43 12
4 43 15
4 43 22
4 43 35
4 43 45
4 43 60
4 43 74
4 43 87
4 43 116
4 44 4
4 44 23
4 44 42
4 44 46
4 44 47
4 44 54
4 44 58
4 44 93
4 45 1
4 45 5
4 45 23
4 45 27
4 45 31
4 45 42
4 45 45
4 45 47
4 45 66
4 45 131
4 45 133
4 46 3
4 46 12
4 46 15
4 46 40
4 46 50
4 46 54
4 46 59
4 46 61
4 46 65
4 46 117
4 46 132
4 47 14
4 47 15
4 47 34
4 47 35
4 47 37
4 47 41
4 47 43
4 47 60
4 47 65
4 48 5
4 48 6
4 48 10
4 48 22
4 48 35
4 48 56
4 48 61
4 48 72
4 49 14
4 49 27
4 49 28
4 49 31
4 49 32
4 49 43
4 49 44
4 49 52
4 49 121
4 49 123
4 50 34
4 50 36
4 50 40
4 50 41
4 50 54
4 50 92
4 51 47
4 51 55
4 51 58
4 51 103
4 51 121
4 51 127
4 51 144
4 52 2
4 52 20
4 52 33
4 52 37
4 52 43
4 52 53
4 52 60
4 52 83
4 53 9
4 53 22
4 53 41
4 53 66
4 54 21
4 54 39
4 54 47
4 54 59
4 54 63
4 55 5
4 55 30
4 55 32
4 55 33
4 55 35
4 55 39
4 55 46
4 55 116
4 55 131
4 56 13
4 56 65
4 56 81
4 56 86
4 56 107
4 57 18
4 57 35
4 57 38
4 57 50
4 57 57
4 57 75
4 57 79
4 58 12
4 58 32
4 58 112
4 58 141
4 59 16
4 59 40
4 59 44
4 59 48
4 59 56
4 59 64
4 59 129
4 60 2
4 60 9
4 60 19
4 60 31
4 60 37
4 60 38
4 60 102
4 61 4
4 61 17
4 61 19
4 61 124
4 61 135
4 62 5
4 62 22
4 62 28
4 62 36
4 62 38
4 62 40
4 62 50
4 62 67
4 63 14
4 63 21
4 63 31
4 63 33
4 63 51
4 63 110
4 63 120
4 64 0
4 64 7
4 64 17
4 64 30
4 64 31
4 64 43
4 64 45
4 64 61
4 64 63
4 64 96
4 64 106
4 64 118
4 64 122
4 65 24
4 65 35
4 65 68
4 66 5
4 66 8
4 66 17
4 66 18
4 66 20
4 66 38
4 66 46
4 66 48
4 66 58
4 66 130
4 67 0
4 67 8
4 67 23
4 67 24
4 67 41
4 67 56
4 67 67
4 67 88
4 68 108
4 68 126
4 69 79
4 69 114
4 70 119
4 70 126
4 71 70
4 71 85
4 71 90
4 71 104
4 71 117
4 72 57
4 72 62
4 72 65
4 72 74
4 72 80
4 72 92
4 72 124
4 72 127
4 73 64
4 73 73
4 73 86
4 73 129
4 73 140
4 74 1
4 74 107
4 74 108
4 75 36
4 76 39
4 76 53
4 76 97
4 76 126
4 76 145
4 77 10
4 77 130
4 77 137
4 78 12
4 78 75
4 78 83
4 78 106
4 78 133
4 79 20
4 79 100
4 79 131
4 79 133
4 80 1
4 80 46
4 80 88
4 80 113
4 80 145
4 81 32
4 81 91
4 81 95
4 81 96
4 82 74
4 82 83
4 83 71
4 83 83
4 83 98
4 84 88
4 85 27
4 86 1
4 86 7
4 86 71
4 87 7
4 87 34
4 87 100
4 88 89
4 88 115
4 88 135
4 89 49
4 89 94
4 89 98
4 89 113
4 89 118
4 89 126
4 89 130
4 90 46
4 90 76
4 90 80
4 90 105
4 90 117
4 90 118
4 90 135
4 90 140
4 91 15
4 91 79
4 91 129
4 92 14
4 92 32
4 92 107
4 92 145
4 93 19
4 93 77
4 93 86
4 93 127
4 94 73
4 94 99
4 94 112
4 94 118
4 95 17
4 95 77
4 95 78
4 95 115
4 95 116
4 95 138
4 95 142
4 96 115
4 97 26
4 97 70
4 97 102
4 97 120
4 97 135
4 97 139
4 98 50
4 98 79
4 98 82
4 98 93
4 98 94
4 98 99
4 98 139
4 99 30
4 99 36
4 99 89
4 99 94
4 99 95
4 99 107
4 100 103
4 100 135
4 100 138
4 101 18
4 101 90
4 101 128
4 101 136
4 102 12
4 102 69
4 102 77
4 102 99
4 102 102
4 102 103
4 102 120
4 102 121
4 103 90
4 103 135
4 104 25
4 104 46
4 104 55
4 104 59
4 104 74
4 104 96
4 104 98
4 104 142
4 105 62
4 105 144
4 106 39
4 106 82
4 106 84
4 106 90
4 106 109
4 106 110
4 106 113
4 106 129
4 106 143
4 107 89
4 107 107
4 107 124
4 107 131
4 107 141
4 108 9
4 108 15
4 108 25
4 108 28
4 108 64
4 108 103
4 108 106
4 108 121
4 109 34
4 109 117
4 109 140
4 110 47
4 111 88
4 111 119
4 111 134
4 111 145
4 112 65
4 112 83
4 112 95
4 113 65
4 113 70
4 113 94
4 113 95
4 114 132
4 115 34
4 115 62
4 115 75
4 115 83
4 115 84
4 115 128
4 116 75
4 116 88
4 116 125
4 117 28
4 117 63
4 117 64
4 117 118
4 117 120
4 117 129
4 117 131
4 118 8
4 119 20
4 119 44
4 119 67
4 119 82
4 119 117
4 119 118
4 120 119
4 121 14
4 122 78
4 122 107
4 122 139
4 123 37
4 123 80
4 123 123
4 124 8
4 124 42
4 124 45
4 124 76
4 124 95
4 125 18
4 125 78
4 125 82
4 125 93
4 125 112
4 125 130
4 126 107
4 126 120
4 126 140
4 126 144
4 127 21
4 127 87
4 127 93
4 127 104
4 127 108
4 128 24
4 128 53
4 128 60
4 128 78
4 128 90
4 128 91
4 128 101
4 129 90
4 129 145
4 130 82
4 130 84
4 130 144
4 131 10
4 131 125
4 131 137
4 131 141
4 132 59
4 132 91
4 132 94
4 133 17
4 133 49
4 133 82
4 133 94
4 133 127
4 134 43
4 134 107
4 134 110
4 135 105
4 136 78
4 136 83
4 136 85
4 136 93
4 136 141
4 137 113
4 137 128
4 138 53
4 138 60
4 138 97
4 138 109
4 138 112
4 138 126
4 138 141
4 139 41
4 139 67
4 139 82
4 139 90
4 139 101
4 139 110
4 140 55
4 140 67
4 140 94
4 140 110
4 140 114
4 141 78
4 141 93
4 141 99
4 141 125
4 141 138
4 142 5
4 142 67
4 142 109
4 142 129
4 142 134
4 143 36
4 144 56
4 144 121
4 144 123
4 144 125
4 144 127
5 0 35
5 0 47
5 0 57
5 0 97
5 0 124
5 1 6
5 1 15
5 1 20
5 1 25
5 1 35
5 1 40
5 1 45
5 1 53
5 1 124
5 1 140
5 2 16
5 2 17
5 2 29
5 2 39
5 2 51
5 2 55
5 3 3
5 3 6
5 3 36
5 3 49
5 4 1
5 4 4
5 4 8
5 4 9
5 4 35
5 4 55
5 4 67
5 4 117
5 5 7
5 5 22
5 5 39
5 5 58
5 5 72
5 5 91
5 5 136
5 6 17
5 6 18
5 6 39
5 6 48
5 6 52
5 6 128
5 6 140
5 7 8
5 7 11
5 7 12
5 7 21
5 7 49
5 7 50
5 7 55
5 7 58
5 7 73
5 7 87
5 7 95
5 7 112
5 8 12
5 8 13
5 8 30
5 8 35
5 8 40
5 8 58
5 8 67
5 8 145
5 9 10
5 9 16
5 9 17
5 9 18
5 9 26
5 9 27
5 9 59
5 9 62
5 10 9
5 10 14
5 10 21
5 10 30
5 10 37
5 10 39
5 10 56
5 10 60
5 11 9
5 11 13
5 11 25
5 11 28
5 11 29
5 11 31
5 11 32
5 11 37
5 11 38
5 11 42
5 11 54
5 11 67
5 11 138
5 12 0
5 12 2
5 12 8
5 12 9
5 12 40
5 12 64
5 12 65
5 12 83
5 13 20
5 13 23
5 13 53
5 13 65
5 14 14
5 14 24
5 14 27
5 14 32
5 14 47
5 14 52
5 14 59
5 15 14
5 15 25
5 15 34
5 15 53
5 15 102
5 16 4
5 16 6
5 16 23
5 16 26
5 16 35
5 16 46
5 16 57
5 16 100
5 17 11
5 17 18
5 17 24
5 17 40
5 17 64
5 17 65
5 17 73
5 18 1
5 18 5
5 18 16
5 18 20
5 18 27
5 18 36
5 18 64
5 18 65
5 18 74
5 18 131
5 19 7
5 19 30
5 19 37
5 19 42
5 19 45
5 19 80
5 19 115
5 20 4
5 20 7
5 20 9
5 20 16
5 20 17
5 20 29
5 20 50
5 20 58
5 20 86
5 21 0
5 21 1
5 21 2
5 21 3
5 21 10
5 21 14
5 21 25
5 21 26
5 21 31
5 21 64
5 21 74
5 22 0
5 22 5
5 22 11
5 22 15
5 22 37
5 22 45
5 22 51
5 22 67
5 22 133
5 23 0
5 23 22
5 23 34
5 23 38
5 23 45
5 23 47
5 23 59
5 23 99
5 24 5
5 24 33
5 24 49
5 24 68
5 24 79
5 24 93
5 25 4
5 25 7
5 25 9
5 25 13
5 25 29
5 25 36
5 25 58
5 25 63
5 25 110
5 25 112
5 25 122
5 26 16
5 26 17
5 26 39
5 26 51
5 26 52
5 26 56
5 26 137
5 27 7
5 27 11
5 27 17
5 27 23
5 27 32
5 27 41
5 27 57
5 27 118
5 28 0
5 28 17
5 28 23
5 28 32
5 28 52
5 28 57
5 28 59
5 28 62
5 28 142
5 29 17
5 29 28
5 29 36
5 29 43
5 29 47
5 29 54
5 29 87
5 30 4
5 30 49
5 30 58
5 30 59
5 30 64
5 30 99
5 30 106
5 31 7
5 31 40
5 31 42
5 31 53
5 31 65
5 32 1
5 32 7
5 32 14
5 32 17
5 32 42
5 32 56
5 32 99
5 32 144
5 33 21
5 33 26
5 33 27
5 33 34
5 33 46
5 33 55
5 33 57
5 33 67
5 33 71
5 33 119
5 33 130
5 34 6
5 34 21
5 34 28
5 34 48
5 34 63
5 34 116
5 34 124
5 34 128
5 35 10
5 35 16
5 35 33
5 35 55
5 36 8
5 36 9
5 36 12
5 36 46
5 36 49
5 36 52
5 36 57
5 36 69
5 36 121
5 37 5
5 37 10
5 37 16
5 37 35
5 37 39
5 38 7
5 38 27
5 39 16
5 39 36
5 39 37
5 39 38
5 39 40
5 39 53
5 39 55
5 40 25
5 40 34
5 40 40
5 40 57
5 40 100
5 41 0
5 41 22
5 41 30
5 41 37
5 41 40
5 41 53
5 41 54
5 41 62
5 41 70
5 41 75
5 42 5
5 42 22
5 42 30
5 42 33
5 42 46
5 42 64
5 42 97
5 42 100
5 42 104
5 43 10
5 43 13
5 43 22
5 43 35
5 43 58
5 43 104
5 44 8
5 44 20
5 44 21
5 44 22
5 44 35
5 44 42
5 44 55
5 44 57
5 44 97
5 44 124
5 45 0
5 45 3
5 45 4
5 45 37
5 45 56
5 45 67
5 46 0
5 46 9
5 46 19
5 46 32
5 46 35
5 46 49
5 46 74
5 46 122
5 46 124
5 47 4
5 47 5
5 47 13
5 47 23
5 47 34
5 47 35
5 47 45
5 47 66
5 48 4
5 48 6
5 48 25
5 48 35
5 48 61
5 49 8
5 49 13
5 49 20
5 49 22
5 49 32
5 49 50
5 49 53
5 49 64
5 49 82
5 50 7
5 50 12
5 50 18
5 50 25
5 50 44
5 50 48
5 50 50
5 50 53
5 50 104
5 51 7
5 51 17
5 51 26
5 51 31
5 51 36
5 51 37
5 51 44
5 51 81
5 51 123
5 51 133
5 51 134
5 52 6
5 52 9
5 52 26
5 52 42
5 52 43
5 52 55
5 52 111
5 53 3
5 53 4
5 53 11
5 53 33
5 53 47
5 53 49
5 53 57
5 53 65
5 53 78
5 53 85
5 54 0
5 54 8
5 54 31
5 54 35
5 54 40
5 54 42
5 54 58
5 54 63
5 54 64
5 54 65
5 54 111
5 55 29
5 55 33
5 55 40
5 55 63
5 56 11
5 56 47
5 56 120
5 56 141
5 56 142
5 56 143
5 57 0
5 57 6
5 57 19
5 57 21
5 57 29
5 57 36
5 57 37
5 57 42
5 57 49
5 57 51
5 58 12
5 58 31
5 58 32
5 58 36
5 58 47
5 58 48
5 58 57
5 58 64
5 58 78
5 59 0
5 59 11
5 59 19
5 59 21
5 59 22
5 59 29
5 59 38
5 59 44
5 59 50
5 59 53
5 59 56
5 59 63
5 60 2
5 60 7
5 60 25
5 60 47
5 60 61
5 60 67
5 60 145
5 61 13
5 61 23
5 61 25
5 61 27
5 61 28
5 61 35
5 61 38
5 61 40
5 61 43
5 61 86
5 61 87
5 62 10
5 62 13
5 62 15
5 62 35
5 62 44
5 62 47
5 62 57
5 62 96
5 62 114
5 62 132
5 63 0
5 63 47
5 63 63
5 63 99
5 64 34
5 64 35
5 64 42
5 64 53
5 64 54
5 65 2
5 65 7
5 65 20
5 65 53
5 65 63
5 65 79
5 65 104
5 66 26
5 66 29
5 66 39
5 66 40
5 66 52
5 66 61
5 66 107
5 67 3
5 67 9
5 67 12
5 67 25
5 67 52
5 67 102
5 67 131
5 68 93
5 68 96
5 68 121
5 69 0
5 69 14
5 69 50
5 69 57
5 69 63
5 69 97
5 69 128
5 69 138
5 70 25
5 70 68
5 70 110
5 70 114
5 70 121
5 70 140
5 71 24
5 71 52
5 71 64
5 72 58
5 72 83
5 72 87
5 72 88
5 72 127
5 72 129
5 72 140
5 73 65
5 73 75
5 73 85
5 73 93
5 73 103
5 73 125
5 73 128
5 74 8
5 74 41
5 74 70
5 74 78
5 74 92
5 74 140
5 75 49
5 75 95
5 75 120
5 75 132
5 75 134
5 75 135
5 76 26
5 76 107
5 76 118
5 76 139
5 78 67
5 78 86
5 78 102
5 78 116
5 78 133
5 79 37
5 79 111
5 79 130
5 79 137
5 80 48
5 80 63
5 80 122
5 80 125
5 80 129
5 81 48
5 81 114
5 81 136
5 81 144
5 82 58
5 82 69
5 82 92
5 82 135
5 82 141
5 82 144
5 83 27
5 83 138
5 84 11
5 84 29
5 84 126
5 85 72
5 85 135
5 86 9
5 86 32
5 86 52
5 86 121
5 87 19
5 87 28
5 87 39
5 87 112
5 87 123
5 87 139
5 88 42
5 88 63
5 88 64
5 88 115
5 89 119
5 89 136
5 90 0
5 90 81
5 90 90
5 90 95
5 90 98
5 90 102
5 90 108
5 90 133
5 91 0
5 91 69
5 91 81
5 91 90
5 91 126
5 91 131
5 91 134
5 91 139
5 92 15
5 92 60
5 92 74
5 92 89
5 92 124
5 92 140
5 93 32
5 93 108
5 93 128
5 94 98
5 94 104
5 94 115
5 94 118
5 94 129
5 94 135
5 94 143
5 95 31
5 95 138
5 95 141
5 95 145
5 96 24
5 96 63
5 96 81
5 96 128
5 96 137
5 97 110
5 97 139
5 98 26
5 98 67
5 98 86
5 98 97
5 99 21
5 99 70
5 99 81
5 99 99
5 99 100
5 99 101
5 99 102
5 100 30
5 100 37
5 100 78
5 100 80
5 100 141
5 101 20
5 101 22
5 101 49
5 101 82
5 102 64
5 102 99
5 102 128
5 103 133
5 104 7
5 104 119
5 104 126
5 105 41
5 105 91
5 105 105
5 105 142
5 106 24
5 106 33
5 106 59
5 106 91
5 106 94
5 106 124
5 107 77
5 107 83
5 107 95
5 107 97
5 107 116
5 107 129
5 108 10
5 108 38
5 108 70
5 108 90
5 108 94
5 108 102
5 110 41
5 111 4
5 111 23
5 111 39
5 111 59
5 111 80
5 111 88
5 111 98
5 111 126
5 112 125
5 113 91
5 113 101
5 113 132
5 114 70
5 114 76
5 114 80
5 114 118
5 115 56
5 115 83
5 115 87
5 115 123
5 115 135
5 115 141
5 116 76
5 116 108
5 116 138
5 118 52
5 118 94
5 118 137
5 119 18
5 119 25
5 119 54
5 119 143
5 120 60
5 120 75
5 120 77
5 120 96
5 120 97
5 120 107
5 120 119
5 120 141
5 121 1
5 122 21
5 122 115
5 122 121
5 123 80
5 123 94
5 123 115
5 123 118
5 124 2
5 124 55
5 124 57
5 124 82
5 124 90
5 125 80
5 126 12
5 126 98
5 126 116
5 126 120
5 126 144
5 127 44
5 127 52
5 127 53
5 127 61
5 127 78
5 127 87
5 127 107
5 127 117
5 127 126
5 127 127
5 127 145
5 128 20
5 128 28
5 128 69
5 128 92
5 128 120
5 129 12
5 129 96
5 129 100
5 129 104
5 129 119
5 129 129
5 129 136
5 130 22
5 130 98
5 131 71
5 131 97
5 131 114
5 131 135
5 132 7
5 132 76
5 132 83
5 132 103
5 132 128
5 133 46
5 133 139
5 134 55
5 134 79
5 134 105
5 134 122
5 135 31
5 135 83
5 135 89
5 135 117
5 135 128
5 135 144
5 136 9
5 136 11
5 136 110
5 136 117
5 137 24
5 137 43
5 137 101
5 138 21
5 138 45
5 138 46
5 138 113
5 138 123
5 139 62
5 139 97
5 139 108
5 139 117
5 140 55
5 140 82
5 140 112
5 141 11
5 141 25
5 141 69
5 142 44
5 142 103
5 142 142
5 143 30
5 143 38
5 143 70
5 143 73
5 143 80
5 143 118
5 143 126
5 144 10
5 144 42
5 144 69
5 144 70
5 144 81
5 144 113
5 145 9
5 145 20
5 145 70
5 145 80
5 145 94
5 145 137
5 145 141
6 0 11
6 0 12
6 0 32
6 0 55
6 0 57
6 0 67
6 0 114
6 0 129
6 1 1
6 1 20
6 1 28
6 1 36
6 1 40
6 1 48
6 1 59
6 2 9
6 2 13
6 2 51
6 2 65
6 3 13
6 3 36
6 3 87
6 3 134
6 4 20
6 4 43
6 4 47
6 4 55
6 4 67
6 5 23
6 5 28
6 5 37
6 5 41
6 5 52
6 5 65
6 5 66
6 5 134
6 6 40
6 6 54
6 6 59
6 6 83
6 6 113
6 7 5
6 7 32
6 7 48
6 7 50
6 7 52
6 7 72
6 7 136
6 7 137
6 8 12
6 8 64
6 9 16
6 9 20
6 9 22
6 9 23
6 9 25
6 10 0
6 10 7
6 10 35
6 10 41
6 10 48
6 10 50
6 10 59
6 10 63
6 10 64
6 10 105
6 11 45
6 11 48
6 11 63
6 11 65
6 12 25
6 12 29
6 12 50
6 12 73
6 13 5
6 13 8
6 13 13
6 13 14
6 13 16
6 13 25
6 13 39
6 13 56
6 13 120
6 14 11
6 14 13
6 14 142
6 15 18
6 15 40
6 15 57
6 15 92
6 15 113
6 15 115
6 16 10
6 16 35
6 16 42
6 16 48
6 16 122
6 17 59
6 17 61
6 18 22
6 18 33
6 18 43
6 18 47
6 18 64
6 18 126
6 19 12
6 19 39
6 19 42
6 19 47
6 19 60
6 19 127
6 20 3
6 20 21
6 20 24
6 20 35
6 20 45
6 20 46
6 20 47
6 20 53
6 20 56
6 20 61
6 20 125
6 21 10
6 21 12
6 21 46
6 21 53
6 21 59
6 21 112
6 22 3
6 22 7
6 22 8
6 22 15
6 22 29
6 22 34
6 22 38
6 22 41
6 22 44
6 22 54
6 22 64
6 23 10
6 23 13
6 23 25
6 23 35
6 23 43
6 23 56
6 23 88
6 23 104
6 24 0
6 24 2
6 24 34
6 24 37
6 24 39
6 24 66
6 24 68
6 25 15
6 25 43
6 25 45
6 25 107
6 26 12
6 26 20
6 26 23
6 26 24
6 26 30
6 26 36
6 26 39
6 26 110
6 26 113
6 27 28
6 27 45
6 27 53
6 27 56
6 27 61
6 27 62
6 27 136
6 28 17
6 28 25
6 28 41
6 28 44
6 28 60
6 28 65
6 28 122
6 29 10
6 29 24
6 29 33
6 29 42
6 29 67
6 29 87
6 29 96
6 29 112
6 30 13
6 30 27
6 30 28
6 30 61
6 30 66
6 30 118
6 30 127
6 31 17
6 31 19
6 31 36
6 31 41
6 31 44
6 31 45
6 31 63
6 31 67
6 31 68
6 31 129
6 32 1
6 32 6
6 32 33
6 32 52
6 32 126
6 32 144
6 33 0
6 33 5
6 33 16
6 33 35
6 33 47
6 33 48
6 33 57
6 33 65
6 33 73
6 33 76
6 34 3
6 34 9
6 34 48
6 34 60
6 34 62
6 34 66
6 34 106
6 34 116
6 34 125
6 35 1
6 35 7
6 35 15
6 35 24
6 35 35
6 35 36
6 35 41
6 35 53
6 35 58
6 35 66
6 35 113
6 36 9
6 36 10
6 36 22
6 36 45
6 36 63
6 36 85
6 36 132
6 37 34
6 37 50
6 37 51
6 37 65
6 38 0
6 38 5
6 38 13
6 38 41
6 38 50
6 38 61
6 38 74
6 38 83
6 38 99
6 39 41
6 39 43
6 39 47
6 39 55
6 39 100
6 39 109
6 39 112
6 40 11
6 40 33
6 40 37
6 40 48
6 40 121
6 41 22
6 41 27
6 41 48
6 41 56
6 41 58
6 41 81
6 41 83
6 41 87
6 42 8
6 42 13
6 42 37
6 42 40
6 42 48
6 42 66
6 42 103
6 43 6
6 43 19
6 43 23
6 43 39
6 43 56
6 43 127
6 44 11
6 44 12
6 44 19
6 44 32
6 45 7
6 45 17
6 45 46
6 45 49
6 45 59
6 45 78
6 45 139
6 46 3
6 46 17
6 46 19
6 46 32
6 46 39
6 46 67
6 46 68
6 46 74
6 46 88
6 46 123
6 47 36
6 47 38
6 47 47
6 47 90
6 47 142
6 48 1
6 48 20
6 48 32
6 48 36
6 48 39
6 48 44
6 48 48
6 48 65
6 48 138
6 49 0
6 49 49
6 49 54
6 49 56
6 49 127
6 49 131
6 50 3
6 50 4
6 50 15
6 50 27
6 50 30
6 50 44
6 50 83
6 50 121
6 51 5
6 51 8
6 51 11
6 51 16
6 51 22
6 51 34
6 51 38
6 51 47
6 51 60
6 51 81
6 51 132
6 51 140
6 52 9
6 52 35
6 52 46
6 52 51
6 52 60
6 52 65
6 52 101
6 52 118
6 53 2
6 53 9
6 53 39
6 53 42
6 53 45
6 53 51
6 54 17
6 54 23
6 54 25
6 54 43
6 54 62
6 55 8
6 55 9
6 55 10
6 55 11
6 55 15
6 55 26
6 55 28
6 55 33
6 55 55
6 55 67
6 56 7
6 56 15
6 56 54
6 56 66
6 57 33
6 57 51
6 57 63
6 57 67
6 58 15
6 58 17
6 58 18
6 58 20
6 58 29
6 58 30
6 58 45
6 58 51
6 58 52
6 59 0
6 59 34
6 59 65
6 59 66
6 59 101
6 59 108
6 59 117
6 59 138
6 60 22
6 60 44
6 60 52
6 60 59
6 60 65
6 60 66
6 61 9
6 61 11
6 61 15
6 61 21
6 61 36
6 61 38
6 61 53
6 61 62
6 61 113
6 61 143
6 62 4
6 62 8
6 62 32
6 62 40
6 62 53
6 62 57
6 62 65
6 62 91
6 63 10
6 63 13
6 63 36
6 63 48
6 63 49
6 63 65
6 63 77
6 64 9
6 64 16
6 64 36
6 64 38
6 64 45
6 64 47
6 64 61
6 64 85
6 65 4
6 65 10
6 65 14
6 65 15
6 65 27
6 65 29
6 65 55
6 65 64
6 65 80
6 65 114
6 65 120
6 65 122
6 66 11
6 66 18
6 66 32
6 66 53
6 66 60
6 66 77
6 67 1
6 67 23
6 67 42
6 67 48
6 67 85
6 67 91
6 67 122
6 68 82
6 68 103
6 68 139
6 69 101
6 69 116
6 69 122
6 70 0
6 70 12
6 70 51
6 70 66
6 70 84
6 70 108
6 70 114
6 70 117
6 70 135
6 71 26
6 71 115
6 71 136
6 72 73
6 72 91
6 72 133
6 73 9
6 73 36
6 73 43
6 73 105
6 74 67
6 74 93
6 74 97
6 74 104
6 74 120
6 74 122
6 74 133
6 75 13
6 75 55
6 75 70
6 75 71
6 75 85
6 75 93
6 75 101
6 76 7
6 76 30
6 76 76
6 76 79
6 76 103
6 77 96
6 77 107
6 77 110
6 77 119
6 78 30
6 78 101
6 78 111
6 78 140
6 79 37
6 79 46
6 79 58
6 79 79
6 79 91
6 79 95
6 80 38
6 80 49
6 80 50
6 80 53
6 80 96
6 80 98
6 80 99
6 80 113
6 80 141
6 80 143
6 81 59
6 81 68
6 82 19
6 82 39
6 82 41
6 82 98
6 82 141
6 83 32
6 83 71
6 84 20
6 84 116
6 85 46
6 85 80
6 85 81
6 85 93
6 85 122
6 86 10
6 86 58
6 87 105
6 87 111
6 87 125
6 87 127
6 87 128
6 88 68
6 89 79
6 89 115
6 89 116
6 89 125
6 90 32
6 90 83
6 90 131
6 91 15
6 91 20
6 91 25
6 91 87
6 91 105
6 91 120
6 92 4
6 92 35
6 92 50
6 92 72
6 92 111
6 92 129
6 93 4
6 93 133
6 93 141
6 94 15
6 94 116
6 94 123
6 94 127
6 95 21
6 95 77
6 95 92
6 95 95
6 96 72
6 96 85
6 97 59
6 97 71
6 97 92
6 97 95
6 98 2
6 98 67
6 98 68
6 98 80
6 98 82
6 98 84
6 98 90
6 98 93
6 99 37
6 99 88
6 99 123
6 100 108
6 100 119
6 100 144
6 101 39
6 101 77
6 101 124
6 101 126
6 101 140
6 102 10
6 102 17
6 102 54
6 102 63
6 102 80
6 102 93
6 103 17
6 103 84
6 103 140
6 104 54
6 104 91
6 105 34
6 105 46
6 105 117
6 106 45
6 106 72
6 106 100
6 106 121
6 107 80
6 107 91
6 107 110
6 107 121
6 107 122
6 108 140
6 109 143
6 110 92
6 110 106
6 110 120
6 111 50
6 111 93
6 112 54
6 112 81
6 112 95
6 112 143
6 113 16
6 113 52
6 113 81
6 113 142
6 114 45
6 114 74
6 114 101
6 115 10
6 115 42
6 115 78
6 115 81
6 115 106
6 115 118
6 116 65
6 116 119
6 116 134
6 117 102
6 117 132
6 117 137
6 118 17
6 118 24
6 118 55
6 118 66
6 118 92
6 118 99
6 118 105
6 118 126
6 119 72
6 119 80
6 119 136
6 120 34
6 121 109
6 121 115
6 121 120
6 121 134
6 122 48
6 122 95
6 122 143
6 123 8
6 123 54
6 123 76
6 123 93
6 123 141
6 124 47
6 124 77
6 124 97
6 124 104
6 124 127
6 125 35
6 125 52
6 125 60
6 126 131
6 127 49
6 127 80
6 127 114
6 127 131
6 128 50
6 128 96
6 129 25
6 129 58
6 129 70
6 129 100
6 129 125
6 130 71
6 130 111
6 130 123
6 130 124
6 130 126
6 130 143
6 131 11
6 131 50
6 131 82
6 131 83
6 131 90
6 132 55
6 132 74
6 132 88
6 133 20
6 133 23
6 133 29
6 133 100
6 133 105
6 133 114
6 133 119
6 133 135
6 133 144
6 134 143
6 135 83
6 135 86
6 136 49
6 136 70
6 136 96
6 136 129
6 136 144
6 137 80
6 137 142
6 138 8
6 138 9
6 138 10
6 138 34
6 138 43
6 138 92
6 139 113
6 140 37
6 140 89
6 140 125
6 140 140
6 141 25
6 141 31
6 141 59
6 141 100
6 141 120
6 142 40
6 142 131
6 143 69
6 143 107
6 143 120
6 143 123
6 144 109
6 144 142
6 145 23
6 145 45
6 145 59
6 145 76
6 145 78
6 145 80
6 145 143