51643
3
504 504 505
6499

152 575 0 967 0 0 602 0 0 118 0 574 0 890 0 0 383 0 0 0 0 0 0 354 0 0 506 0 0 0 210 472 0 0 906 215 0 869 0 0 471 0 0 0 0 540 0 296 720 124 356 0 0 0 0 400 0 0 971 344 0 106 0 220 76 0 0 348 410 224 83 0 425 32 0 121 0 0 61 0 400 0 0 0 492 545 622 0 0 0 337 0 816 766 982 477 0 690 673 0 0 0 0 11 973 0 362 0 0 0 0 994 633 0 0 0 0 492 473 30 652 0 0 668 0 0 0 394 271 774 402 0 627 0 863 0 422 909 0 854 0 351 0 0 177 0 0 497 0 0 0 621 608 0 883 298 652 275 532 292 107 23 0 18 63 0 0 0 0 53 71 38 90 0 0 0 0 0 0 83 25 48 0 69 57 38 0 0 0 53 91 29 0 0 100 0 0 37 9 83 41 0 89 22 0 40 70 86 0 0 0 0 0 0 0 68 0 80 2 0 27 49 52 34 0 27 0 59 0 6 68 60 0 0 0 0 20 94 46 28 80 89 0 0 0 0 34 69 0 0 0 75 0 0 0 26 0 0 0 24 44 6 0 0 21 0 5 2 79 60 68 0 13 58 57 0 0 63 51 0 0 33 59 49 0 51 7 31 47 73 0 0 52 0 0 0 48 0 0 0 90 0 0 0 0 0 93 26 0 43 93 83 11 0 0 11 0 29 0 0 34 0 0 0 0 0 0 0 0 86 41 0 0 93 72 46 57 0 25 100 16 0 83 66 1 82 0 18 0 71 0 0 46 43 0 0 0 4 0 0 32 52 18 0 97 63 90 0 72 61 0 31 75 0 41 57 0 0 0 0 0 21 0 11 58 0 0 0 91 67 60 39 0 0 13 30 85 0 0 0 48 76 0 6 0 0 0 25 0 63 0 65 0 94 39 0 40 0 0 73 30 0 47 61 0 0 0 0 90 0 0 64 46 49 0 0 91 0 0 81 0 29 0 35 7 97 0 48 3 0 0 0 1 49 20 21 65 0 11 0 0 0 99 4 0 95 86 0 0 0 39 85 42 47 0 0 0 0 2 51 0 0 0 0 17 5 83 32 0 0 23 0 0 48 11 10 29 32 76 0 55 0 71 0
135 936 168 414 349 811 991 267 0 0 0 3 0 506 178 830 672 826 440 0 0 0 150 0 0 742 0 460 155 861 0 44 0 526 604 35 0 35 105 0 146 0 0 0 0 0 260 0 665 0 17 0 0 0 0 0 26 0 0 715 551 0 716 165 0 0 640 576 0 0 375 341 0 0 108 154 0 0 57 31 107 0 136 54 0 0 0 854 0 0 715 0 0 828 999 118 0 785 0 163 776 0 0 561 0 832 454 400 0 553 0 109 0 384 512 0 254 0 0 63 0 0 0 0 458 0 3 705 0 500 104 383 0 93 0 0 0 0 0 449 0 33 817 667 0 788 182 230 51 0 0 180 0 0 0 239 199 33 631 976 287 843 99 0 0 0 0 74 0 47 0 0 23 16 90 0 0 98 0 98 0 0 0 42 83 0 35 53 99 32 83 0 0 71 0 0 41 82 30 55 45 0 95 32 39 64 99 42 0 82 18 34 0 0 97 74 92 45 32 0 0 0 73 0 0 0 0 0 75 49 35 0 0 0 0 0 0 91 72 0 0 9 0 0 0 0 0 0 22 0 0 13 0 39 96 39 22 27 0 59 0 0 63 0 93 81 69 0 8 0 15 0 90 0 0 0 34 0 0 0 33 15 16 93 0 74 79 0 5 0 0 28 93 29 0 69 0 5 0 16 56 0 0 72 0 0 0 77 11 79 48 0 0 1 0 0 41 14 0 0 31 60 0 0 45 0 0 0 0 24 0 92 0 0 15 75 0 23 82 99 5 0 64 75 16 59 0 91 64 78 0 0 43 49 0 36 0 29 0 0 0 0 0 0 0 0 43 36 66 91 50 0 0 0 0 0 70 0 2 80 38 0 33 35 0 0 39 49 0 0 2 81 0 83 22 0 45 0 85 0 0 86 66 37 27 0 25 0 0 0 0 8 49 5 0 0 60 0 0 0 10 10 93 0 66 0 79 0 0 8 0 0 0 0 83 0 14 61 20 35 99 0 85 3 0 0 84 39 0 13 95 70 9 0 0 0 0 0 0 81 69 74 25 77 0 35 0 0 0 0 71 0 0 21 37 0 0 0 0 33 57 0 62 17 56 1 50 71 0 17 0 49 58 0 0 0 0 0 0 13 30 0 0 30
0 579 0 0 723 955 258 0 461 0 263 707 0 144 259 977 636 954 768 0 403 213 0 326 606 304 923 0 0 312 573 551 0 0 848 234 0 223 756 188 0 201 419 824 0 0 337 302 0 750 279 0 610 842 643 0 769 966 123 0 0 0 0 0 69 0 905 653 23 0 0 0 0 339 748 0 0 988 876 467 0 238 0 891 0 0 0 0 790 385 583 801 0 180 0 84 0 330 659 0 162 80 0 329 828 0 302 0 427 0 149 0 0 383 0 767 52 820 0 0 0 0 0 335 0 804 691 603 980 0 0 925 667 0 0 0 0 0 0 0 707 10 0 885 0 243 0 13 0 0 0 0 0 0 27 513 0 198 0 0 0 0 0 0 30 0 61 3 24 86 83 61 0 64 0 0 0 0 0 0 0 6 6 31 0 0 0 0 34 0 85 96 0 6 56 0 57 14 0 53 0 0 0 0 67 0 0 0 66 0 0 72 23 26 0 0 49 0 0 0 0 85 82 62 44 9 0 100 87 0 9 0 39 0 0 0 0 75 0 0 0 0 99 0 0 0 0 25 33 74 14 0 64 0 61 0 0 24 94 93 19 0 0 5 0 0 0 44 14 87 0 72 0 38 0 0 0 0 0 0 0 0 0 0 19 0 0 0 0 65 99 15 42 0 0 59 0 0 70 0 0 0 0 0 0 0 51 0 0 0 0 70 0 0 22 30 87 61 76 70 71 3 84 0 29 88 0 0 75 46 7 0 31 0 19 37 79 20 0 56 71 19 81 0 77 75 7 0 24 28 0 0 17 14 0 11 0 22 0 22 53 0 0 0 0 90 0 0 0 0 3 0 0 0 0 0 0 15 93 6 0 24 14 10 0 82 0 6 10 0 0 15 78 8 86 0 0 0 82 0 0 93 0 0 66 26 0 0 63 0 0 100 0 0 43 0 0 0 0 0 0 81 59 0 0 0 0 0 87 0 50 70 14 66 0 90 0 0 57 64 0 26 86 0 77 0 98 0 0 0 0 0 66 0 0 66 0 0 0 0 2 0 93 0 0 31 0 0 0 0 97 81 37 0 85 0 18 0 16 0 36 0 0 0 44 0 68 0 0 0 37 78 100 90 37 0 0 0 0 69 65 0 18 43 2

0 0 1
0 0 2
0 0 41
0 0 44
0 0 53
0 0 59
0 0 65
0 0 66
0 0 78
0 0 79
0 0 81
0 0 112
0 0 137
0 0 199
0 0 421
0 1 20
0 1 25
0 1 52
0 1 58
0 1 98
0 1 123
0 1 131
0 1 142
0 1 153
0 1 206
0 1 224
0 1 381
0 2 1
0 2 2
0 2 7
0 2 10
0 2 11
0 2 33
0 2 38
0 2 41
0 2 44
0 2 46
0 2 91
0 2 93
0 2 96
0 2 97
0 2 105
0 2 107
0 2 114
0 2 136
0 2 153
0 2 155
0 2 166
0 2 322
0 2 329
0 2 401
0 3 13
0 3 79
0 3 98
0 3 121
0 3 125
0 3 127
0 3 148
0 3 153
0 3 264
0 3 273
0 3 413
0 3 424
0 3 450
0 3 485
0 4 0
0 4 8
0 4 21
0 4 37
0 4 58
0 4 60
0 4 77
0 4 79
0 4 83
0 4 100
0 4 110
0 4 121
0 4 122
0 4 155
0 4 160
0 4 161
0 4 343
0 5 5
0 5 8
0 5 14
0 5 32
0 5 42
0 5 48
0 5 49
0 5 60
0 5 65
0 5 88
0 5 119
0 5 125
0 5 132
0 5 135
0 5 144
0 5 147
0 5 153
0 5 156
0 5 157
0 5 381
0 6 2
0 6 23
0 6 32
0 6 67
0 6 93
0 6 108
0 6 109
0 6 118
0 6 119
0 6 148
0 6 178
0 6 232
0 6 247
0 7 7
0 7 14
0 7 22
0 7 46
0 7 53
0 7 92
0 7 98
0 7 108
0 7 153
0 7 317
0 8 0
0 8 1
0 8 5
0 8 12
0 8 67
0 8 129
0 8 130
0 8 140
0 8 153
0 8 160
0 8 403
0 8 458
0 9 0
0 9 8
0 9 28
0 9 51
0 9 73
0 9 79
0 9 106
0 9 139
0 9 237
0 9 238
0 9 339
0 9 419
0 10 3
0 10 6
0 10 7
0 10 9
0 10 33
0 10 56
0 10 82
0 10 86
0 10 87
0 10 114
0 10 125
0 10 419
0 10 433
0 10 451
0 10 454
0 11 2
0 11 6
0 11 17
0 11 38
0 11 42
0 11 75
0 11 83
0 11 134
0 11 137
0 11 153
0 11 158
0 11 199
0 11 258
0 11 276
0 11 423
0 12 24
0 12 54
0 12 75
0 12 140
0 12 148
0 12 384
0 13 18
0 13 19
0 13 23
0 13 39
0 13 46
0 13 50
0 13 67
0 13 74
0 13 88
0 13 95
0 13 105
0 13 140
0 13 145
0 13 158
0 13 220
0 13 251
0 13 291
0 13 292
0 13 411
0 13 426
0 14 32
0 14 57
0 14 93
0 14 120
0 14 135
0 14 151
0 14 324
0 14 423
0 14 486
0 15 12
0 15 25
0 15 45
0 15 60
0 15 68
0 15 80
0 15 89
0 15 102
0 15 127
0 15 128
0 15 132
0 15 139
0 15 158
0 15 212
0 16 10
0 16 14
0 16 18
0 16 19
0 16 26
0 16 35
0 16 60
0 16 63
0 16 96
0 16 133
0 16 156
0 16 283
0 16 494
0 16 496
0 17 28
0 17 41
0 17 48
0 17 55
0 17 67
0 17 98
0 17 152
0 17 353
0 17 376
0 17 452
0 18 50
0 18 51
0 18 53
0 18 69
0 18 72
0 18 112
0 18 120
0 18 156
0 18 273
0 18 357
0 18 373
0 18 438
0 19 1
0 19 17
0 19 26
0 19 51
0 19 84
0 19 88
0 19 99
0 19 109
0 19 129
0 19 146
0 19 176
0 19 346
0 19 356
0 19 490
0 20 12
0 20 28
0 20 60
0 20 63
0 20 91
0 20 113
0 20 122
0 20 154
0 20 300
0 20 356
0 20 474
0 21 5
0 21 29
0 21 39
0 21 66
0 21 88
0 21 101
0 21 135
0 21 137
0 21 145
0 21 148
0 21 154
0 21 216
0 21 461
0 22 31
0 22 36
0 22 37
0 22 41
0 22 92
0 22 100
0 22 113
0 22 121
0 22 225
0 22 489
0 23 5
0 23 30
0 23 46
0 23 50
0 23 59
0 23 92
0 23 117
0 23 143
0 23 181
0 23 241
0 24 0
0 24 39
0 24 67
0 24 98
0 24 135
0 24 144
0 24 149
0 24 160
0 24 192
0 24 252
0 24 391
0 25 30
0 25 82
0 25 93
0 25 100
0 25 122
0 25 136
0 25 137
0 25 150
0 25 207
0 25 246
0 26 0
0 26 48
0 26 104
0 26 120
0 26 123
0 26 134
0 26 152
0 26 158
0 26 159
0 26 168
0 26 229
0 26 236
0 26 288
0 26 301
0 26 425
0 27 10
0 27 54
0 27 58
0 27 97
0 27 118
0 27 120
0 27 139
0 27 160
0 27 199
0 27 280
0 27 300
0 27 304
0 27 421
0 28 2
0 28 72
0 28 74
0 28 123
0 28 229
0 28 353
0 28 401
0 28 471
0 28 486
0 29 30
0 29 31
0 29 57
0 29 78
0 29 95
0 29 108
0 29 146
0 29 226
0 29 375
0 30 9
0 30 14
0 30 30
0 30 71
0 30 104
0 30 132
0 30 218
0 30 305
0 30 408
0 30 442
0 31 14
0 31 24
0 31 40
0 31 74
0 31 85
0 31 123
0 31 127
0 31 137
0 31 145
0 31 397
0 31 494
0 32 19
0 32 85
0 32 109
0 32 229
0 32 238
0 32 286
0 32 446
0 33 10
0 33 35
0 33 52
0 33 68
0 33 93
0 33 113
0 33 118
0 33 119
0 33 288
0 33 404
0 33 409
0 33 412
0 34 2
0 34 5
0 34 12
0 34 23
0 34 48
0 34 51
0 34 78
0 34 84
0 34 91
0 34 103
0 34 152
0 34 316
0 35 30
0 35 44
0 35 64
0 35 75
0 35 81
0 35 85
0 35 138
0 35 239
0 35 273
0 36 12
0 36 21
0 36 63
0 36 64
0 36 81
0 36 101
0 36 157
0 36 223
0 36 264
0 37 1
0 37 24
0 37 38
0 37 39
0 37 41
0 37 61
0 37 107
0 37 113
0 37 123
0 37 129
0 37 143
0 37 161
0 37 232
0 37 276
0 37 330
0 38 27
0 38 50
0 38 56
0 38 80
0 38 100
0 38 108
0 38 112
0 38 122
0 38 190
0 38 216
0 38 270
0 38 463
0 39 2
0 39 24
0 39 96
0 39 125
0 39 158
0 39 234
0 39 277
0 39 314
0 40 1
0 40 53
0 40 54
0 40 57
0 40 83
0 40 101
0 40 105
0 40 108
0 40 158
0 40 161
0 40 335
0 40 407
0 40 413
0 40 425
0 40 502
0 41 20
0 41 30
0 41 47
0 41 65
0 41 89
0 41 107
0 41 124
0 41 132
0 41 184
0 42 23
0 42 28
0 42 61
0 42 72
0 42 75
0 42 143
0 42 209
0 42 362
0 43 21
0 43 48
0 43 49
0 43 70
0 43 74
0 43 86
0 43 99
0 43 154
0 43 161
0 44 35
0 44 42
0 44 61
0 44 93
0 44 113
0 44 114
0 44 115
0 44 124
0 44 135
0 44 390
0 45 27
0 45 33
0 45 70
0 45 80
0 45 87
0 45 100
0 45 101
0 45 106
0 45 108
0 45 118
0 45 135
0 45 163
0 45 359
0 45 431
0 45 478
0 46 14
0 46 21
0 46 31
0 46 42
0 46 64
0 46 96
0 46 98
0 46 125
0 46 135
0 46 299
0 46 379
0 46 394
0 46 423
0 46 434
0 47 2
0 47 97
0 47 100
0 47 124
0 47 125
0 47 145
0 47 148
0 47 176
0 47 298
0 47 333
0 47 444
0 48 115
0 48 153
0 48 161
0 48 227
0 48 323
0 49 1
0 49 61
0 49 63
0 49 68
0 49 84
0 49 101
0 49 125
0 49 436
0 49 458
0 49 459
0 50 7
0 50 13
0 50 57
0 50 88
0 50 95
0 50 100
0 50 116
0 50 153
0 50 234
0 50 281
0 50 372
0 51 5
0 51 34
0 51 40
0 51 84
0 51 86
0 51 249
0 51 307
0 51 312
0 51 444
0 52 18
0 52 22
0 52 35
0 52 44
0 52 46
0 52 72
0 52 79
0 52 136
0 52 150
0 52 154
0 52 161
0 52 196
0 52 256
0 52 300
0 52 389
0 53 3
0 53 51
0 53 58
0 53 63
0 53 84
0 53 85
0 53 111
0 53 118
0 53 123
0 53 195
0 53 334
0 53 390
0 53 432
0 54 48
0 54 56
0 54 65
0 54 100
0 54 111
0 54 113
0 54 135
0 54 140
0 54 160
0 54 199
0 54 206
0 54 444
0 55 17
0 55 42
0 55 55
0 55 63
0 55 98
0 55 106
0 55 110
0 55 135
0 55 140
0 55 307
0 55 330
0 55 380
0 56 9
0 56 17
0 56 27
0 56 30
0 56 50
0 56 59
0 56 70
0 56 99
0 56 105
0 56 108
0 56 114
0 56 123
0 56 139
0 56 146
0 56 341
0 56 396
0 57 5
0 57 43
0 57 46
0 57 48
0 57 58
0 57 61
0 57 141
0 57 144
0 57 217
0 57 247
0 57 286
0 57 472
0 58 247
0 59 11
0 59 22
0 59 23
0 59 29
0 59 46
0 59 50
0 59 56
0 59 81
0 59 88
0 59 90
0 59 94
0 59 101
0 59 112
0 59 114
0 59 139
0 59 143
0 59 236
0 59 289
0 59 301
0 59 393
0 60 18
0 60 30
0 60 57
0 60 91
0 60 109
0 60 120
0 60 137
0 60 191
0 60 208
0 60 380
0 60 423
0 60 481
0 61 21
0 61 38
0 61 47
0 61 86
0 61 103
0 61 145
0 61 311
0 61 355
0 61 412
0 61 491
0 62 30
0 62 57
0 62 85
0 62 90
0 62 93
0 62 98
0 62 131
0 62 139
0 62 144
0 62 151
0 62 345
0 62 388
0 63 51
0 63 65
0 63 90
0 63 128
0 63 129
0 63 134
0 63 144
0 63 157
0 63 199
0 63 362
0 63 421
0 64 38
0 64 41
0 64 110
0 64 118
0 64 143
0 64 153
0 64 154
0 64 335
0 64 361
0 65 6
0 65 10
0 65 49
0 65 71
0 65 77
0 65 83
0 65 119
0 65 120
0 65 132
0 65 144
0 65 211
0 65 418
0 66 30
0 66 80
0 66 88
0 66 96
0 66 102
0 66 108
0 66 140
0 66 150
0 66 156
0 66 476
0 67 22
0 67 23
0 67 61
0 67 67
0 67 69
0 67 77
0 67 85
0 67 91
0 67 94
0 67 127
0 67 133
0 67 135
0 67 136
0 67 226
0 67 280
0 67 415
0 67 426
0 67 431
0 67 499
0 68 31
0 68 37
0 68 56
0 68 62
0 68 90
0 68 100
0 68 106
0 68 116
0 68 135
0 68 158
0 68 215
0 68 231
0 68 278
0 68 415
0 69 0
0 69 3
0 69 10
0 69 30
0 69 55
0 69 62
0 69 69
0 69 96
0 69 103
0 69 104
0 69 128
0 69 175
0 69 206
0 69 251
0 69 379
0 70 25
0 70 26
0 70 40
0 70 70
0 70 96
0 70 111
0 70 142
0 70 151
0 70 265
0 70 283
0 70 314
0 70 433
0 71 0
0 71 10
0 71 51
0 71 80
0 71 109
0 71 115
0 71 148
0 71 248
0 71 331
0 71 380
0 71 404
0 71 476
0 71 478
0 72 3
0 72 9
0 72 14
0 72 31
0 72 45
0 72 56
0 72 68
0 72 104
0 72 116
0 72 132
0 72 155
0 72 455
0 73 4
0 73 9
0 73 21
0 73 37
0 73 67
0 73 70
0 73 92
0 73 105
0 73 119
0 73 125
0 73 142
0 73 156
0 73 323
0 73 451
0 73 498
0 74 2
0 74 28
0 74 33
0 74 37
0 74 52
0 74 55
0 74 58
0 74 87
0 74 107
0 74 111
0 74 113
0 74 114
0 74 142
0 74 277
0 75 48
0 75 56
0 75 62
0 75 114
0 75 125
0 75 131
0 75 157
0 75 158
0 75 293
0 76 5
0 76 8
0 76 9
0 76 15
0 76 69
0 76 78
0 76 93
0 76 104
0 76 118
0 76 142
0 76 151
0 76 263
0 76 322
0 77 9
0 77 55
0 77 109
0 77 117
0 77 122
0 77 155
0 77 161
0 77 180
0 77 360
0 77 481
0 78 4
0 78 14
0 78 27
0 78 88
0 78 98
0 78 111
0 78 121
0 78 159
0 78 161
0 78 250
0 78 475
0 79 6
0 79 7
0 79 19
0 79 31
0 79 150
0 79 183
0 79 293
0 79 300
0 79 381
0 80 5
0 80 17
0 80 62
0 80 69
0 80 82
0 80 96
0 80 105
0 80 111
0 80 131
0 80 148
0 80 178
0 80 257
0 80 456
0 81 18
0 81 24
0 81 33
0 81 36
0 81 47
0 81 49
0 81 57
0 81 61
0 81 112
0 81 119
0 81 122
0 81 134
0 81 135
0 81 301
0 81 307
0 81 349
0 81 410
0 81 491
0 82 16
0 82 29
0 82 52
0 82 54
0 82 71
0 82 104
0 82 118
0 82 129
0 82 146
0 82 148
0 83 16
0 83 31
0 83 68
0 83 87
0 83 91
0 83 113
0 83 119
0 83 136
0 83 144
0 83 149
0 83 188
0 83 294
0 83 326
0 84 32
0 84 55
0 84 67
0 84 128
0 84 145
0 84 156
0 84 230
0 84 359
0 85 8
0 85 14
0 85 24
0 85 30
0 85 62
0 85 64
0 85 77
0 85 89
0 85 90
0 85 99
0 85 106
0 85 132
0 85 267
0 85 280
0 85 462
0 86 11
0 86 20
0 86 50
0 86 88
0 86 103
0 86 110
0 86 112
0 86 205
0 86 424
0 86 472
0 87 20
0 87 37
0 87 45
0 87 150
0 87 209
0 87 213
0 87 286
0 87 318
0 87 418
0 87 483
0 88 5
0 88 13
0 88 27
0 88 28
0 88 56
0 88 92
0 88 135
0 88 154
0 88 159
0 88 440
0 89 5
0 89 36
0 89 56
0 89 68
0 89 75
0 89 80
0 89 317
0 89 376
0 90 22
0 90 77
0 90 78
0 90 88
0 90 101
0 90 105
0 90 122
0 90 126
0 90 143
0 90 189
0 90 266
0 90 335
0 91 15
0 91 18
0 91 47
0 91 59
0 91 93
0 91 105
0 91 110
0 91 111
0 91 113
0 91 116
0 91 133
0 91 137
0 91 142
0 91 143
0 91 150
0 91 154
0 91 247
0 91 265
0 91 300
0 91 305
0 91 469
0 91 472
0 92 2
0 92 9
0 92 21
0 92 38
0 92 64
0 92 73
0 92 109
0 92 118
0 92 136
0 92 154
0 92 159
0 92 160
0 92 241
0 92 337
0 92 497
0 93 0
0 93 5
0 93 44
0 93 61
0 93 69
0 93 84
0 93 103
0 93 117
0 93 122
0 93 134
0 93 142
0 93 308
0 94 33
0 94 88
0 94 110
0 94 134
0 94 215
0 94 228
0 94 359
0 94 392
0 94 416
0 95 22
0 95 29
0 95 54
0 95 104
0 95 105
0 95 114
0 95 125
0 95 152
0 95 158
0 95 167
0 95 360
0 95 439
0 95 485
0 96 32
0 96 47
0 96 53
0 96 57
0 96 60
0 96 96
0 96 100
0 96 105
0 96 124
0 96 135
0 96 150
0 96 235
0 96 281
0 96 366
0 96 460
0 97 21
0 97 26
0 97 41
0 97 90
0 97 123
0 97 124
0 97 129
0 97 139
0 97 154
0 97 342
0 98 14
0 98 19
0 98 42
0 98 49
0 98 77
0 98 97
0 98 137
0 98 404
0 98 407
0 98 421
0 99 7
0 99 57
0 99 80
0 99 119
0 99 154
0 99 156
0 99 217
0 99 303
0 100 14
0 100 44
0 100 67
0 100 78
0 100 110
0 100 136
0 100 141
0 101 49
0 101 58
0 101 82
0 101 100
0 101 117
0 101 131
0 101 154
0 101 171
0 101 238
0 101 253
0 101 501
0 102 19
0 102 26
0 102 54
0 102 68
0 102 100
0 102 104
0 102 114
0 102 115
0 102 119
0 102 129
0 102 133
0 102 143
0 102 149
0 102 153
0 102 458
0 103 6
0 103 73
0 103 105
0 103 125
0 103 146
0 103 161
0 103 274
0 103 280
0 103 327
0 103 441
0 104 12
0 104 31
0 104 34
0 104 35
0 104 42
0 104 55
0 104 61
0 104 83
0 104 89
0 104 107
0 104 112
0 104 117
0 104 155
0 104 468
0 104 499
0 105 31
0 105 42
0 105 140
0 105 151
0 105 174
0 105 191
0 105 250
0 105 370
0 105 407
0 106 3
0 106 17
0 106 18
0 106 37
0 106 58
0 106 93
0 106 128
0 106 146
0 106 155
0 106 479
0 106 489
0 107 28
0 107 34
0 107 72
0 107 75
0 107 81
0 107 84
0 107 110
0 107 134
0 107 149
0 107 273
0 107 319
0 107 377
0 107 402
0 108 13
0 108 24
0 108 60
0 108 97
0 108 98
0 108 103
0 108 146
0 109 28
0 109 37
0 109 61
0 109 108
0 109 109
0 109 117
0 109 122
0 109 123
0 109 147
0 109 156
0 109 161
0 109 214
0 109 218
0 110 27
0 110 28
0 110 36
0 110 46
0 110 55
0 110 56
0 110 82
0 110 99
0 110 141
0 110 316
0 111 10
0 111 11
0 111 13
0 111 17
0 111 43
0 111 56
0 111 61
0 111 66
0 111 102
0 111 114
0 111 127
0 111 128
0 111 135
0 111 152
0 111 170
0 111 327
0 112 17
0 112 25
0 112 61
0 112 71
0 112 76
0 112 83
0 112 91
0 112 125
0 112 187
0 112 240
0 112 468
0 113 33
0 113 39
0 113 48
0 113 59
0 113 85
0 113 86
0 113 288
0 113 315
0 113 378
0 113 401
0 113 424
0 113 436
0 113 443
0 114 13
0 114 48
0 114 119
0 114 196
0 114 300
0 115 24
0 115 37
0 115 51
0 115 61
0 115 107
0 115 120
0 115 123
0 115 128
0 115 131
0 115 140
0 115 152
0 115 155
0 115 305
0 115 320
0 115 413
0 115 485
0 116 5
0 116 45
0 116 50
0 116 56
0 116 80
0 116 96
0 116 107
0 116 133
0 116 155
0 116 157
0 116 185
0 116 256
0 116 292
0 116 293
0 116 378
0 116 428
0 117 14
0 117 54
0 117 97
0 117 108
0 117 135
0 117 197
0 117 238
0 117 248
0 117 296
0 117 486
0 118 11
0 118 25
0 118 28
0 118 35
0 118 40
0 118 41
0 118 62
0 118 65
0 118 70
0 118 74
0 118 84
0 118 90
0 118 91
0 118 126
0 118 136
0 118 151
0 118 219
0 118 264
0 118 350
0 118 352
0 118 387
0 118 466
0 119 14
0 119 45
0 119 51
0 119 52
0 119 62
0 119 102
0 119 125
0 119 134
0 119 146
0 119 151
0 119 157
0 119 160
0 119 411
0 120 6
0 120 20
0 120 29
0 120 84
0 120 143
0 120 159
0 120 206
0 120 221
0 120 271
0 120 323
0 120 401
0 121 2
0 121 34
0 121 61
0 121 106
0 121 111
0 121 113
0 121 114
0 121 123
0 121 133
0 121 184
0 121 226
0 121 239
0 121 244
0 121 304
0 121 384
0 122 3
0 122 6
0 122 17
0 122 19
0 122 91
0 122 99
0 122 100
0 122 148
0 123 7
0 123 11
0 123 22
0 123 45
0 123 50
0 123 115
0 123 129
0 123 130
0 123 151
0 123 156
0 123 211
0 123 339
0 124 1
0 124 21
0 124 24
0 124 43
0 124 83
0 124 103
0 124 126
0 124 149
0 124 159
0 124 424
0 124 487
0 124 494
0 124 495
0 125 20
0 125 36
0 125 37
0 125 49
0 125 91
0 125 113
0 125 126
0 125 139
0 125 145
0 125 146
0 125 327
0 126 13
0 126 23
0 126 50
0 126 51
0 126 61
0 126 66
0 126 71
0 126 86
0 126 92
0 126 100
0 126 136
0 126 259
0 126 319
0 126 476
0 127 5
0 127 6
0 127 27
0 127 48
0 127 50
0 127 71
0 127 84
0 127 126
0 127 137
0 127 159
0 127 163
0 127 306
0 127 438
0 128 8
0 128 62
0 128 64
0 128 67
0 128 76
0 128 95
0 128 122
0 128 139
0 128 141
0 128 145
0 128 149
0 128 216
0 128 281
0 128 459
0 128 483
0 128 488
0 129 6
0 129 33
0 129 65
0 129 66
0 129 88
0 129 89
0 129 100
0 129 108
0 129 139
0 129 142
0 129 144
0 129 366
0 129 448
0 129 467
0 129 497
0 130 2
0 130 13
0 130 14
0 130 19
0 130 35
0 130 43
0 130 68
0 130 133
0 130 140
0 130 223
0 130 285
0 130 311
0 130 316
0 130 353
0 130 429
0 131 14
0 131 24
0 131 36
0 131 46
0 131 57
0 131 72
0 131 73
0 131 78
0 131 79
0 131 118
0 131 122
0 131 131
0 131 147
0 131 152
0 131 183
0 131 293
0 131 443
0 132 54
0 132 60
0 132 67
0 132 89
0 132 90
0 132 94
0 132 126
0 132 149
0 132 228
0 132 438
0 132 453
0 133 19
0 133 29
0 133 44
0 133 47
0 133 59
0 133 75
0 133 87
0 133 92
0 133 99
0 133 122
0 133 125
0 133 131
0 133 146
0 133 161
0 133 162
0 134 1
0 134 14
0 134 24
0 134 43
0 134 49
0 134 55
0 134 88
0 134 91
0 134 96
0 134 99
0 134 100
0 134 122
0 134 155
0 134 255
0 134 384
0 134 392
0 134 404
0 134 449
0 135 31
0 135 107
0 135 109
0 135 129
0 135 154
0 135 158
0 135 476
0 135 484
0 136 39
0 136 41
0 136 44
0 136 62
0 136 64
0 136 115
0 136 136
0 136 251
0 136 279
0 136 342
0 136 362
0 136 407
0 137 1
0 137 11
0 137 20
0 137 29
0 137 37
0 137 50
0 137 62
0 137 75
0 137 82
0 137 109
0 137 116
0 137 129
0 137 139
0 137 151
0 137 250
0 137 255
0 137 319
0 137 390
0 137 453
0 138 20
0 138 34
0 138 38
0 138 59
0 138 61
0 138 90
0 138 109
0 138 129
0 138 139
0 138 152
0 138 157
0 138 442
0 139 22
0 139 31
0 139 39
0 139 76
0 139 88
0 139 108
0 139 336
0 139 465
0 139 500
0 140 9
0 140 18
0 140 24
0 140 28
0 140 94
0 140 106
0 140 122
0 140 130
0 140 250
0 140 324
0 140 494
0 141 14
0 141 33
0 141 41
0 141 75
0 141 105
0 141 137
0 141 138
0 141 146
0 141 155
0 141 223
0 141 392
0 142 23
0 142 51
0 142 93
0 142 121
0 142 128
0 142 133
0 142 159
0 142 194
0 142 233
0 143 2
0 143 6
0 143 20
0 143 24
0 143 28
0 143 48
0 143 64
0 143 67
0 143 72
0 143 90
0 143 121
0 143 156
0 143 159
0 143 174
0 143 479
0 144 24
0 144 26
0 144 35
0 144 37
0 144 40
0 144 52
0 144 80
0 144 82
0 144 108
0 144 121
0 144 122
0 144 129
0 144 142
0 144 143
0 144 146
0 144 151
0 144 156
0 144 166
0 144 356
0 144 418
0 145 20
0 145 41
0 145 44
0 145 45
0 145 68
0 145 78
0 145 112
0 145 384
0 145 472
0 146 2
0 146 21
0 146 42
0 146 64
0 146 74
0 146 82
0 146 89
0 146 104
0 146 134
0 146 136
0 146 144
0 146 157
0 146 183
0 146 191
0 146 216
0 146 298
0 146 478
0 147 7
0 147 22
0 147 27
0 147 40
0 147 42
0 147 87
0 147 113
0 147 115
0 147 123
0 147 153
0 147 390
0 147 481
0 148 10
0 148 21
0 148 37
0 148 62
0 148 68
0 148 78
0 148 96
0 148 140
0 148 160
0 148 203
0 148 229
0 148 245
0 148 424
0 148 440
0 149 16
0 149 37
0 149 41
0 149 101
0 149 108
0 149 130
0 149 131
0 149 171
0 149 203
0 149 422
0 149 502
0 150 0
0 150 15
0 150 28
0 150 37
0 150 40
0 150 42
0 150 60
0 150 61
0 150 64
0 150 70
0 150 105
0 150 113
0 150 119
0 150 128
0 150 131
0 150 134
0 150 139
0 150 251
0 150 298
0 150 433
0 151 10
0 151 16
0 151 70
0 151 96
0 151 106
0 151 140
0 151 161
0 151 228
0 151 291
0 151 294
0 151 495
0 152 25
0 152 49
0 152 53
0 152 58
0 152 89
0 152 135
0 152 140
0 152 154
0 152 300
0 152 454
0 153 26
0 153 95
0 153 97
0 153 102
0 153 125
0 153 155
0 153 161
0 153 441
0 154 15
0 154 31
0 154 36
0 154 60
0 154 64
0 154 68
0 154 72
0 154 93
0 154 96
0 154 114
0 154 129
0 154 141
0 154 145
0 154 147
0 154 150
0 154 181
0 154 260
0 154 323
0 154 352
0 154 407
0 154 476
0 154 486
0 154 494
0 155 21
0 155 75
0 155 89
0 155 113
0 155 117
0 155 120
0 155 130
0 155 148
0 155 224
0 155 377
0 155 399
0 156 5
0 156 16
0 156 17
0 156 18
0 156 46
0 156 73
0 156 121
0 156 156
0 156 186
0 156 261
0 156 277
0 156 282
0 156 286
0 156 296
0 157 4
0 157 13
0 157 20
0 157 31
0 157 65
0 157 98
0 157 136
0 158 24
0 158 48
0 158 50
0 158 52
0 158 98
0 158 127
0 158 143
0 158 216
0 158 235
0 158 319
0 158 486
0 158 503
0 159 14
0 159 29
0 159 44
0 159 69
0 159 73
0 159 95
0 159 97
0 159 253
0 159 365
0 159 399
0 159 481
0 160 48
0 160 50
0 160 81
0 160 90
0 160 139
0 160 159
0 160 242
0 160 285
0 160 353
0 160 409
0 160 485
0 161 9
0 161 22
0 161 54
0 161 125
0 161 149
0 161 153
0 161 154
0 161 352
0 161 449
0 161 453
0 161 488
0 162 167
0 162 236
0 162 430
0 163 99
0 163 186
0 163 327
0 163 487
0 164 89
0 164 200
0 164 439
0 164 478
0 165 52
0 165 89
0 165 135
0 165 149
0 165 155
0 166 287
0 167 17
0 167 37
0 167 356
0 168 52
0 168 69
0 168 276
0 168 373
0 168 470
0 169 25
0 169 45
0 169 113
0 169 281
0 170 52
0 170 418
0 171 194
0 171 260
0 171 294
0 171 443
0 171 464
0 172 93
0 172 352
0 172 372
0 172 464
0 173 317
0 173 320
0 173 408
0 174 1
0 174 111
0 174 153
0 174 159
0 174 267
0 174 401
0 175 88
0 175 192
0 175 298
0 175 308
0 175 422
0 175 454
0 176 92
0 176 286
0 177 327
0 177 361
0 178 252
0 178 363
0 178 499
0 179 91
0 179 213
0 179 254
0 179 400
0 179 405
0 179 416
0 179 497
0 180 343
0 180 356
0 180 406
0 180 410
0 181 4
0 181 29
0 181 113
0 182 60
0 182 85
0 182 123
0 182 203
0 182 267
0 183 38
0 183 143
0 183 156
0 183 164
0 183 485
0 184 263
0 184 279
0 184 330
0 184 402
0 185 144
0 185 198
0 185 249
0 185 313
0 186 64
0 186 303
0 186 397
0 187 99
0 187 163
0 187 192
0 187 357
0 187 385
0 187 477
0 188 23
0 188 496
0 189 78
0 189 152
0 189 188
0 189 287
0 190 57
0 190 128
0 190 290
0 191 29
0 191 42
0 191 390
0 191 447
0 192 55
0 193 77
0 193 200
0 193 380
0 193 404
0 193 451
0 193 479
0 194 19
0 194 91
0 194 138
0 194 169
0 194 247
0 194 257
0 194 313
0 194 325
0 194 410
0 195 50
0 195 224
0 195 245
0 196 10
0 196 51
0 196 185
0 197 135
0 197 212
0 197 297
0 198 68
0 198 146
0 198 215
0 198 291
0 199 44
0 199 240
0 199 332
0 200 7
0 200 378
0 200 444
0 200 471
0 201 75
0 201 319
0 201 450
0 201 462
0 202 131
0 202 182
0 202 356
0 203 19
0 203 22
0 203 94
0 203 134
0 203 238
0 203 380
0 204 266
0 205 41
0 205 327
0 205 341
0 205 471
0 206 106
0 206 164
0 206 383
0 207 5
0 207 55
0 207 260
0 207 469
0 207 484
0 207 490
0 208 46
0 208 73
0 208 102
0 208 483
0 208 489
0 209 211
0 209 315
0 209 349
0 209 350
0 209 412
0 209 437
0 210 2
0 210 37
0 210 40
0 210 280
0 210 454
0 211 195
0 211 275
0 212 203
0 212 223
0 212 327
0 212 336
0 212 448
0 212 463
0 213 144
0 213 154
0 213 378
0 214 211
0 214 334
0 214 338
0 214 351
0 214 362
0 214 400
0 214 463
0 215 54
0 215 55
0 215 104
0 215 236
0 215 381
0 215 420
0 216 153
0 216 296
0 216 366
0 216 412
0 216 450
0 217 52
0 217 199
0 217 216
0 217 302
0 217 321
0 217 367
0 217 410
0 217 414
0 218 27
0 218 144
0 218 227
0 218 279
0 218 359
0 218 373
0 218 376
0 218 429
0 219 282
0 219 292
0 219 391
0 219 413
0 220 0
0 220 113
0 220 143
0 220 200
0 220 301
0 220 347
0 220 404
0 221 396
0 221 424
0 221 478
0 221 491
0 221 494
0 222 67
0 222 86
0 222 153
0 222 175
0 222 201
0 223 32
0 223 107
0 223 122
0 223 176
0 223 211
0 223 368
0 223 399
0 223 488
0 224 13
0 224 333
0 224 338
0 225 37
0 225 190
0 226 129
0 226 142
0 226 220
0 227 30
0 227 108
0 227 160
0 227 247
0 227 288
0 227 371
0 227 391
0 228 101
0 228 128
0 229 49
0 229 91
0 229 122
0 230 2
0 230 67
0 230 138
0 230 155
0 230 211
0 230 214
0 230 239
0 230 341
0 230 390
0 230 455
0 231 178
0 231 215
0 231 276
0 231 413
0 232 173
0 232 253
0 232 307
0 232 394
0 233 44
0 234 161
0 234 242
0 234 316
0 235 214
0 235 499
0 236 4
0 236 58
0 236 206
0 236 375
0 236 434
0 237 117
0 237 171
0 237 312
0 237 406
0 237 486
0 237 488
0 238 52
0 238 177
0 238 194
0 238 249
0 238 301
0 239 15
0 239 134
0 239 140
0 239 257
0 239 458
0 240 17
0 240 22
0 240 77
0 240 106
0 240 174
0 240 400
0 240 444
0 240 458
0 240 466
0 241 387
0 241 451
0 242 60
0 242 221
0 242 389
0 243 91
0 243 275
0 243 301
0 243 497
0 244 104
0 244 484
0 245 9
0 245 11
0 245 73
0 245 101
0 245 329
0 245 386
0 245 393
0 245 468
0 245 501
0 246 319
0 247 68
0 247 85
0 247 120
0 247 126
0 247 157
0 247 434
0 248 208
0 248 211
0 248 402
0 249 122
0 249 186
0 249 189
0 249 389
0 249 437
0 249 467
0 249 470
0 250 46
0 250 264
0 250 333
0 250 390
0 251 113
0 251 120
0 251 362
0 251 413
0 253 433
0 254 103
0 254 105
0 254 126
0 254 148
0 254 210
0 254 284
0 254 359
0 255 48
0 255 294
0 255 324
0 256 258
0 256 295
0 257 18
0 257 204
0 257 337
0 258 247
0 258 358
0 259 25
0 259 387
0 260 38
0 260 53
0 260 60
0 260 108
0 260 362
0 261 250
0 261 299
0 261 422
0 262 99
0 262 320
0 262 339
0 263 59
0 263 184
0 263 271
0 263 442
0 264 104
0 264 258
0 265 112
0 265 163
0 265 398
0 265 457
0 266 353
0 267 479
0 267 485
0 268 38
0 268 75
0 268 182
0 269 82
0 269 86
0 269 268
0 270 131
0 270 321
0 270 426
0 270 444
0 270 476
0 270 491
0 271 28
0 271 452
0 271 480
0 272 46
0 272 312
0 273 279
0 273 293
0 273 340
0 274 269
0 274 382
0 274 446
0 274 490
0 275 109
0 275 475
0 276 334
0 277 374
0 278 54
0 278 65
0 278 261
0 278 450
0 278 493
0 279 192
0 279 270
0 279 282
0 280 133
0 280 378
0 280 419
0 280 441
0 280 468
0 281 258
0 281 392
0 282 40
0 282 139
0 282 155
0 282 315
0 282 352
0 282 503
0 283 167
0 283 318
0 283 415
0 283 486
0 284 116
0 284 314
0 285 74
0 285 90
0 285 168
0 286 299
0 286 301
0 287 159
0 287 208
0 287 224
0 288 477
0 289 443
0 289 501
0 290 85
0 290 107
0 290 163
0 290 178
0 290 272
0 290 456
0 291 194
0 291 234
0 291 251
0 291 475
0 292 44
0 293 4
0 293 60
0 293 61
0 293 73
0 293 303
0 293 341
0 293 496
0 294 112
0 294 170
0 294 242
0 294 294
0 295 174
0 295 277
0 295 351
0 295 482
0 296 86
0 296 435
0 297 103
0 297 281
0 298 6
0 298 345
0 299 13
0 299 75
0 299 304
0 299 317
0 299 364
0 299 462
0 300 252
0 300 287
0 300 316
0 301 451
0 301 493
0 302 48
0 302 109
0 302 310
0 302 315
0 302 403
0 303 174
0 303 197
0 303 209
0 303 282
0 303 429
0 304 37
0 304 85
0 305 34
0 305 120
0 305 322
0 305 359
0 306 79
0 306 253
0 306 306
0 306 319
0 307 324
0 307 414
0 308 89
0 308 233
0 308 241
0 308 456
0 309 15
0 309 79
0 309 112
0 309 185
0 309 188
0 309 341
0 309 381
0 310 36
0 310 416
0 310 480
0 311 127
0 311 179
0 311 318
0 312 72
0 312 93
0 312 343
0 313 1
0 313 225
0 313 342
0 313 435
0 313 500
0 314 36
0 314 61
0 314 352
0 314 462
0 315 51
0 316 420
0 317 84
0 318 306
0 318 347
0 318 410
0 319 5
0 319 210
0 319 259
0 319 456
0 320 7
0 320 12
0 320 51
0 320 224
0 320 273
0 321 60
0 321 70
0 321 104
0 321 370
0 321 427
0 322 92
0 322 187
0 323 34
0 323 54
0 323 493
0 324 22
0 324 36
0 324 211
0 324 443
0 325 130
0 325 147
0 325 202
0 325 369
0 325 499
0 326 106
0 326 272
0 327 332
0 327 424
0 328 53
0 328 174
0 329 7
0 329 57
0 329 274
0 329 294
0 329 317
0 330 253
0 331 182
0 331 229
0 332 62
0 332 86
0 332 90
0 332 96
0 332 116
0 332 123
0 332 155
0 332 232
0 332 256
0 332 417
0 333 6
0 334 135
0 334 138
0 334 163
0 334 226
0 334 368
0 335 100
0 335 137
0 335 265
0 335 386
0 335 391
0 336 206
0 336 460
0 337 49
0 337 97
0 337 224
0 337 410
0 337 443
0 338 196
0 338 214
0 338 444
0 339 310
0 340 190
0 340 227
0 340 252
0 341 356
0 341 416
0 341 479
0 342 93
0 342 119
0 342 125
0 342 184
0 342 340
0 342 401
0 342 454
0 343 24
0 343 36
0 343 205
0 343 268
0 343 469
0 344 9
0 344 77
0 344 446
0 345 18
0 345 170
0 345 225
0 345 246
0 345 277
0 345 318
0 346 69
0 346 171
0 346 212
0 346 333
0 346 356
0 346 489
0 347 181
0 347 198
0 347 421
0 347 503
0 348 48
0 348 55
0 348 179
0 348 261
0 348 295
0 349 107
0 349 348
0 349 376
0 349 491
0 350 118
0 350 210
0 350 251
0 351 2
0 351 38
0 351 108
0 351 285
0 352 39
0 352 146
0 352 371
0 353 66
0 353 149
0 354 96
0 354 256
0 354 312
0 354 473
0 354 495
0 355 152
0 355 277
0 355 351
0 355 442
0 355 494
0 356 158
0 356 231
0 356 237
0 356 333
0 357 128
0 357 169
0 357 176
0 357 219
0 357 311
0 357 399
0 358 135
0 358 217
0 358 270
0 358 307
0 359 154
0 359 333
0 359 465
0 360 58
0 360 163
0 360 271
0 360 346
0 360 353
0 361 110
0 361 159
0 362 91
0 362 122
0 362 169
0 363 67
0 363 191
0 363 431
0 364 251
0 364 312
0 364 428
0 365 58
0 365 383
0 365 411
0 366 119
0 366 399
0 366 469
0 367 306
0 368 19
0 368 177
0 368 299
0 368 361
0 369 50
0 369 406
0 369 474
0 370 5
0 370 163
0 371 64
0 371 80
0 371 344
0 371 410
0 371 493
0 372 73
0 372 105
0 372 224
0 372 460
0 373 45
0 373 88
0 373 163
0 373 295
0 373 341
0 373 374
0 374 32
0 374 83
0 374 423
0 374 429
0 374 471
0 374 503
0 375 1
0 375 26
0 375 137
0 375 442
0 376 122
0 376 309
0 376 502
0 377 41
0 377 255
0 377 305
0 377 381
0 378 157
0 378 463
0 379 138
0 379 223
0 380 160
0 380 467
0 381 31
0 381 49
0 381 60
0 381 68
0 381 239
0 381 249
0 381 266
0 381 341
0 381 427
0 381 483
0 382 285
0 382 330
0 382 336
0 382 500
0 383 23
0 383 125
0 384 61
0 384 90
0 384 159
0 384 225
0 384 269
0 384 279
0 384 387
0 385 163
0 385 424
0 385 497
0 386 53
0 386 271
0 386 328
0 386 357
0 386 471
0 386 503
0 387 77
0 387 171
0 387 294
0 387 378
0 387 401
0 387 459
0 388 25
0 388 132
0 388 135
0 388 259
0 388 359
0 388 388
0 389 32
0 389 459
0 390 329
0 391 3
0 391 108
0 391 115
0 391 303
0 391 344
0 393 102
0 393 110
0 393 238
0 393 260
0 393 396
0 393 473
0 394 37
0 394 340
0 394 397
0 395 5
0 395 145
0 395 308
0 395 351
0 395 480
0 396 64
0 396 85
0 396 139
0 396 322
0 396 325
0 396 381
0 396 426
0 397 9
0 398 209
0 398 265
0 398 395
0 398 396
0 398 434
0 399 4
0 399 44
0 399 52
0 399 74
0 399 125
0 399 158
0 399 322
0 400 0
0 400 4
0 400 88
0 400 203
0 400 442
0 401 47
0 401 91
0 401 98
0 401 214
0 402 181
0 403 88
0 403 343
0 403 484
0 404 73
0 404 342
0 405 448
0 406 4
0 406 11
0 406 32
0 406 39
0 406 333
0 406 379
0 406 383
0 406 462
0 406 471
0 407 280
0 407 283
0 407 392
0 407 485
0 408 322
0 408 372
0 409 106
0 410 10
0 410 75
0 410 96
0 410 145
0 410 154
0 410 169
0 410 207
0 410 307
0 410 316
0 410 385
0 411 97
0 411 131
0 411 376
0 411 461
0 412 21
0 412 61
0 413 26
0 413 56
0 413 134
0 413 137
0 413 239
0 413 304
0 413 382
0 413 394
0 414 439
0 414 474
0 415 285
0 415 337
0 415 367
0 416 11
0 416 58
0 416 142
0 417 52
0 417 84
0 417 195
0 418 122
0 418 144
0 418 291
0 418 363
0 418 400
0 419 12
0 419 53
0 419 73
0 419 342
0 420 38
0 420 158
0 420 223
0 422 78
0 422 104
0 422 139
0 422 187
0 423 20
0 423 43
0 423 102
0 423 410
0 424 11
0 424 62
0 424 162
0 424 172
0 424 272
0 424 337
0 425 36
0 425 147
0 425 380
0 426 121
0 426 292
0 426 298
0 426 408
0 426 460
0 427 20
0 427 60
0 427 93
0 427 154
0 427 253
0 427 389
0 427 427
0 428 14
0 428 93
0 428 179
0 428 309
0 429 5
0 429 62
0 429 306
0 429 322
0 429 386
0 429 393
0 429 453
0 429 466
0 430 24
0 430 35
0 430 121
0 430 225
0 430 229
0 430 252
0 431 75
0 431 88
0 431 106
0 431 275
0 431 295
0 431 318
0 432 248
0 432 293
0 432 304
0 432 329
0 432 330
0 434 86
0 434 215
0 434 452
0 435 232
0 435 294
0 435 298
0 435 304
0 436 13
0 436 35
0 436 211
0 436 388
0 437 80
0 437 161
0 437 370
0 438 231
0 438 436
0 439 221
0 439 485
0 440 213
0 440 334
0 440 342
0 441 398
0 441 465
0 442 98
0 442 129
0 442 207
0 442 380
0 443 124
0 443 293
0 443 311
0 443 393
0 443 474
0 444 451
0 445 34
0 445 237
0 445 262
0 445 298
0 445 323
0 445 362
0 445 368
0 446 59
0 447 65
0 447 118
0 447 149
0 447 189
0 447 238
0 447 310
0 447 416
0 448 103
0 449 60
0 449 275
0 449 345
0 450 114
0 450 231
0 451 15
0 451 70
0 451 102
0 451 291
0 451 415
0 451 438
0 452 113
0 452 245
0 452 344
0 452 387
0 452 496
0 453 97
0 453 105
0 453 185
0 453 491
0 454 77
0 454 182
0 454 276
0 454 414
0 455 144
0 455 305
0 455 381
0 455 419
0 456 259
0 456 260
0 456 412
0 456 502
0 457 32
0 457 288
0 457 361
0 457 372
0 458 140
0 458 270
0 458 383
0 459 427
0 459 462
0 460 67
0 460 89
0 460 296
0 460 383
0 461 205
0 461 335
0 461 374
0 462 275
0 462 322
0 462 338
0 462 444
0 463 418
0 463 440
0 465 21
0 465 67
0 465 76
0 465 92
0 465 199
0 465 222
0 466 75
0 467 34
0 467 132
0 468 140
0 468 186
0 468 206
0 468 331
0 468 381
0 468 485
0 469 412
0 469 468
0 469 489
0 470 158
0 470 171
0 470 229
0 470 252
0 470 374
0 470 392
0 471 38
0 471 353
0 471 499
0 472 2
0 472 55
0 472 154
0 472 465
0 472 468
0 473 39
0 473 153
0 473 170
0 473 181
0 473 193
0 473 239
0 473 277
0 473 296
0 473 459
0 474 158
0 474 422
0 475 64
0 475 98
0 475 133
0 475 140
0 475 174
0 475 297
0 475 403
0 476 157
0 476 313
0 477 111
0 477 346
0 477 364
0 478 132
0 478 158
0 478 370
0 478 397
0 478 480
0 479 30
0 479 116
0 479 242
0 479 321
0 479 493
0 480 72
0 480 103
0 480 211
0 480 467
0 482 12
0 482 191
0 482 253
0 482 282
0 482 289
0 483 123
0 483 146
0 484 161
0 485 38
0 485 73
0 485 162
0 485 290
0 485 375
0 486 215
0 486 239
0 486 260
0 486 356
0 487 139
0 487 211
0 487 386
0 487 419
0 488 69
0 488 130
0 488 153
0 488 305
0 489 23
0 489 45
0 489 58
0 489 104
0 489 180
0 490 53
0 490 142
0 490 261
0 490 279
0 490 362
0 491 8
0 491 350
0 492 366
0 492 369
0 493 0
0 493 17
0 493 314
0 494 119
0 494 176
0 494 199
0 495 4
0 495 22
0 495 24
0 495 116
0 495 123
0 495 238
0 495 290
0 495 480
0 496 126
0 496 144
0 496 226
0 496 238
0 496 288
0 496 473
0 497 119
0 497 130
0 497 276
0 497 327
0 497 346
0 497 348
0 497 370
0 497 416
0 498 51
0 498 157
0 498 251
0 498 401
0 498 498
0 499 270
0 500 58
0 500 74
0 500 119
0 500 190
0 501 104
0 501 217
0 501 220
0 501 280
0 502 80
0 502 151
0 502 334
0 502 451
0 503 69
0 503 145
0 503 219
0 503 283
1 0 8
1 0 13
1 0 50
1 0 51
1 0 55
1 0 64
1 0 70
1 0 71
1 0 101
1 0 128
1 0 288
1 0 356
1 0 427
1 0 496
1 1 25
1 1 31
1 1 34
1 1 46
1 1 47
1 1 59
1 1 93
1 1 99
1 1 104
1 1 105
1 1 130
1 1 142
1 1 153
1 1 191
1 1 321
1 1 411
1 1 446
1 2 67
1 2 80
1 2 95
1 2 149
1 2 323
1 3 3
1 3 6
1 3 64
1 3 75
1 3 114
1 3 115
1 3 135
1 3 376
1 3 455
1 4 51
1 4 125
1 4 143
1 4 155
1 4 162
1 4 359
1 4 465
1 5 1
1 5 23
1 5 65
1 5 87
1 5 99
1 5 139
1 5 149
1 5 154
1 5 327
1 5 428
1 5 432
1 5 458
1 5 462
1 6 27
1 6 37
1 6 65
1 6 72
1 6 74
1 6 99
1 6 131
1 6 137
1 6 149
1 6 211
1 6 240
1 6 308
1 7 9
1 7 21
1 7 87
1 7 90
1 7 100
1 7 111
1 7 143
1 7 151
1 7 354
1 7 361
1 8 18
1 8 27
1 8 38
1 8 39
1 8 48
1 8 65
1 8 80
1 8 109
1 8 110
1 8 125
1 8 128
1 8 138
1 8 194
1 8 248
1 8 260
1 8 476
1 9 11
1 9 23
1 9 26
1 9 30
1 9 38
1 9 83
1 9 93
1 9 100
1 9 109
1 9 125
1 9 158
1 9 267
1 9 292
1 9 398
1 9 419
1 10 35
1 10 46
1 10 73
1 10 91
1 10 102
1 10 117
1 10 125
1 10 202
1 10 306
1 10 347
1 10 388
1 10 432
1 11 116
1 11 137
1 11 141
1 11 144
1 11 177
1 11 181
1 11 286
1 11 402
1 12 5
1 12 12
1 12 38
1 12 68
1 12 81
1 12 155
1 13 4
1 13 51
1 13 79
1 13 91
1 13 111
1 13 132
1 13 137
1 13 146
1 13 210
1 13 489
1 14 0
1 14 6
1 14 9
1 14 15
1 14 124
1 14 133
1 14 148
1 14 154
1 14 220
1 14 268
1 15 9
1 15 42
1 15 52
1 15 53
1 15 64
1 15 68
1 15 89
1 15 117
1 15 138
1 15 144
1 15 146
1 15 351
1 15 412
1 15 448
1 16 51
1 16 83
1 16 87
1 16 93
1 16 125
1 16 158
1 16 229
1 16 255
1 16 418
1 16 492
1 17 13
1 17 22
1 17 28
1 17 50
1 17 74
1 17 108
1 17 166
1 17 205
1 17 259
1 17 431
1 17 449
1 18 0
1 18 9
1 18 30
1 18 48
1 18 51
1 18 59
1 18 82
1 18 88
1 18 100
1 18 139
1 18 141
1 18 306
1 18 359
1 19 41
1 19 112
1 19 130
1 19 157
1 20 49
1 20 59
1 20 61
1 20 108
1 20 121
1 20 122
1 20 142
1 21 9
1 21 14
1 21 22
1 21 28
1 21 44
1 21 53
1 21 65
1 21 105
1 21 106
1 21 108
1 21 112
1 21 116
1 21 140
1 21 162
1 21 176
1 21 179
1 21 296
1 21 320
1 22 0
1 22 23
1 22 43
1 22 53
1 22 62
1 22 67
1 22 85
1 22 98
1 22 117
1 22 131
1 22 150
1 22 302
1 22 338
1 22 382
1 22 399
1 22 401
1 23 8
1 23 67
1 23 85
1 23 93
1 23 106
1 23 114
1 23 148
1 23 152
1 23 157
1 23 208
1 24 31
1 24 33
1 24 74
1 24 81
1 24 109
1 24 118
1 24 152
1 24 226
1 24 400
1 24 427
1 24 488
1 24 492
1 24 501
1 25 5
1 25 42
1 25 81
1 25 89
1 25 136
1 25 141
1 25 269
1 25 337
1 25 484
1 26 0
1 26 4
1 26 12
1 26 22
1 26 25
1 26 26
1 26 34
1 26 44
1 26 49
1 26 90
1 26 98
1 26 105
1 26 159
1 26 204
1 26 307
1 26 323
1 27 5
1 27 10
1 27 26
1 27 29
1 27 87
1 27 91
1 27 119
1 27 128
1 27 131
1 27 145
1 27 155
1 27 161
1 27 165
1 27 346
1 27 421
1 28 121
1 28 143
1 28 253
1 28 416
1 28 463
1 29 1
1 29 9
1 29 55
1 29 66
1 29 104
1 29 116
1 29 130
1 29 145
1 29 153
1 29 204
1 29 295
1 29 329
1 29 403
1 30 0
1 30 30
1 30 73
1 30 91
1 30 94
1 30 111
1 30 129
1 30 224
1 30 326
1 30 482
1 31 0
1 31 27
1 31 28
1 31 48
1 31 52
1 31 70
1 31 88
1 31 105
1 31 153
1 31 221
1 31 343
1 32 3
1 32 53
1 32 75
1 32 76
1 32 82
1 32 90
1 32 94
1 32 101
1 32 118
1 32 119
1 32 135
1 32 156
1 32 178
1 32 241
1 32 259
1 32 319
1 32 350
1 32 411
1 32 459
1 33 0
1 33 23
1 33 41
1 33 49
1 33 73
1 33 103
1 33 108
1 33 138
1 33 147
1 33 173
1 33 213
1 33 232
1 33 437
1 34 30
1 34 63
1 34 64
1 34 96
1 34 121
1 34 134
1 34 139
1 34 152
1 34 154
1 34 380
1 34 440
1 34 452
1 34 453
1 34 475
1 35 38
1 35 60
1 35 66
1 35 73
1 35 113
1 35 117
1 35 125
1 35 140
1 35 288
1 35 312
1 35 460
1 36 4
1 36 11
1 36 12
1 36 40
1 36 51
1 36 52
1 36 53
1 36 54
1 36 59
1 36 69
1 36 90
1 36 105
1 36 108
1 36 114
1 36 117
1 36 225
1 36 246
1 37 8
1 37 25
1 37 38
1 37 45
1 37 48
1 37 49
1 37 59
1 37 144
1 37 159
1 37 160
1 37 161
1 37 185
1 37 229
1 37 304
1 38 6
1 38 36
1 38 53
1 38 60
1 38 71
1 38 77
1 38 106
1 38 118
1 38 219
1 38 393
1 38 432
1 39 1
1 39 41
1 39 71
1 39 72
1 39 90
1 39 95
1 39 116
1 39 136
1 39 147
1 40 2
1 40 16
1 40 23
1 40 80
1 40 102
1 40 134
1 40 150
1 40 154
1 40 164
1 40 173
1 41 7
1 41 9
1 41 21
1 41 32
1 41 58
1 41 86
1 41 102
1 41 128
1 41 182
1 41 249
1 41 327
1 41 344
1 41 376
1 41 438
1 42 16
1 42 31
1 42 36
1 42 41
1 42 62
1 42 94
1 42 98
1 42 104
1 42 116
1 42 118
1 42 144
1 42 146
1 42 324
1 42 347
1 42 412
1 42 492
1 42 498
1 43 36
1 43 90
1 43 106
1 43 119
1 43 137
1 43 139
1 43 192
1 43 364
1 44 12
1 44 14
1 44 20
1 44 39
1 44 50
1 44 86
1 44 95
1 44 115
1 44 160
1 44 190
1 44 258
1 44 316
1 44 323
1 44 440
1 44 462
1 45 35
1 45 37
1 45 47
1 45 51
1 45 54
1 45 59
1 45 63
1 45 69
1 45 80
1 45 98
1 45 107
1 45 114
1 45 135
1 45 140
1 45 157
1 45 249
1 45 280
1 45 371
1 46 29
1 46 44
1 46 81
1 46 95
1 46 129
1 46 147
1 46 148
1 46 201
1 46 317
1 46 396
1 46 499
1 47 3
1 47 9
1 47 17
1 47 75
1 47 90
1 47 110
1 47 139
1 47 143
1 47 146
1 47 154
1 47 207
1 47 466
1 48 25
1 48 79
1 48 99
1 48 117
1 48 149
1 48 502
1 49 4
1 49 102
1 49 131
1 49 136
1 49 139
1 49 148
1 49 155
1 49 224
1 50 13
1 50 29
1 50 56
1 50 72
1 50 120
1 50 143
1 50 307
1 51 7
1 51 38
1 51 56
1 51 68
1 51 95
1 51 102
1 51 109
1 51 122
1 51 129
1 51 133
1 51 146
1 51 153
1 51 155
1 51 157
1 51 206
1 51 240
1 51 450
1 52 32
1 52 58
1 52 67
1 52 71
1 52 123
1 52 141
1 52 144
1 52 151
1 52 153
1 52 302
1 53 63
1 53 111
1 53 115
1 53 120
1 53 128
1 53 147
1 53 157
1 53 195
1 53 271
1 53 277
1 53 338
1 53 455
1 53 469
1 54 28
1 54 33
1 54 44
1 54 48
1 54 49
1 54 80
1 54 91
1 54 123
1 54 151
1 54 162
1 54 426
1 55 0
1 55 1
1 55 8
1 55 10
1 55 35
1 55 43
1 55 57
1 55 70
1 55 72
1 55 84
1 55 97
1 55 103
1 55 108
1 55 116
1 55 292
1 56 16
1 56 92
1 56 101
1 56 108
1 56 130
1 56 160
1 56 217
1 56 243
1 56 450
1 56 464
1 56 498
1 57 1
1 57 38
1 57 76
1 57 77
1 57 147
1 57 149
1 57 295
1 58 12
1 58 14
1 58 55
1 58 80
1 58 91
1 58 124
1 58 129
1 58 130
1 58 146
1 58 259
1 58 423
1 59 16
1 59 24
1 59 37
1 59 49
1 59 60
1 59 62
1 59 73
1 59 76
1 59 98
1 59 126
1 59 141
1 59 204
1 59 238
1 59 317
1 59 411
1 59 422
1 59 446
1 59 490
1 59 503
1 60 3
1 60 23
1 60 75
1 60 79
1 60 114
1 60 115
1 60 116
1 60 136
1 61 16
1 61 36
1 61 63
1 61 79
1 61 83
1 61 106
1 61 107
1 61 117
1 61 134
1 61 305
1 61 331
1 61 371
1 61 480
1 62 12
1 62 43
1 62 44
1 62 83
1 62 108
1 62 122
1 62 139
1 62 206
1 62 245
1 62 328
1 63 37
1 63 51
1 63 65
1 63 78
1 63 102
1 63 247
1 63 315
1 63 440
1 63 461
1 64 4
1 64 20
1 64 26
1 64 30
1 64 34
1 64 43
1 64 44
1 64 68
1 64 72
1 64 84
1 64 86
1 64 131
1 64 151
1 65 6
1 65 36
1 65 119
1 65 137
1 65 147
1 65 197
1 65 265
1 65 316
1 65 412
1 66 12
1 66 16
1 66 24
1 66 61
1 66 84
1 66 101
1 66 131
1 66 348
1 66 489
1 67 9
1 67 21
1 67 23
1 67 38
1 67 87
1 67 92
1 67 104
1 67 116
1 67 120
1 67 310
1 67 313
1 68 1
1 68 3
1 68 32
1 68 57
1 68 107
1 68 111
1 68 204
1 68 245
1 68 265
1 68 384
1 69 4
1 69 5
1 69 6
1 69 7
1 69 9
1 69 45
1 69 52
1 69 68
1 69 74
1 69 79
1 69 92
1 69 99
1 69 108
1 69 110
1 69 118
1 69 136
1 69 156
1 69 160
1 69 228
1 69 259
1 69 424
1 69 454
1 69 466
1 70 7
1 70 92
1 70 109
1 70 138
1 71 1
1 71 21
1 71 25
1 71 37
1 71 44
1 71 78
1 71 120
1 71 136
1 71 152
1 71 257
1 71 362
1 72 38
1 72 96
1 72 100
1 72 147
1 72 162
1 72 219
1 72 292
1 72 394
1 72 423
1 73 24
1 73 29
1 73 38
1 73 46
1 73 50
1 73 56
1 73 58
1 73 74
1 73 76
1 73 91
1 73 101
1 73 123
1 73 150
1 73 168
1 73 256
1 73 335
1 74 65
1 74 75
1 74 77
1 74 87
1 74 132
1 74 137
1 74 145
1 74 159
1 74 193
1 74 227
1 74 230
1 74 454
1 75 4
1 75 16
1 75 68
1 75 71
1 75 78
1 75 87
1 75 89
1 75 98
1 75 109
1 75 112
1 75 128
1 75 154
1 75 160
1 75 196
1 75 363
1 75 388
1 76 22
1 76 42
1 76 58
1 76 66
1 76 72
1 76 117
1 76 122
1 76 135
1 76 138
1 76 144
1 76 162
1 76 355
1 77 8
1 77 16
1 77 19
1 77 63
1 77 72
1 77 84
1 77 92
1 77 127
1 77 132
1 77 134
1 77 163
1 77 215
1 77 269
1 77 365
1 78 4
1 78 15
1 78 42
1 78 64
1 78 87
1 78 91
1 78 115
1 78 141
1 78 175
1 78 186
1 78 290
1 78 332
1 78 477
1 78 479
1 79 10
1 79 31
1 79 36
1 79 58
1 79 90
1 79 95
1 79 99
1 79 101
1 79 140
1 79 158
1 80 2
1 80 10
1 80 20
1 80 34
1 80 77
1 80 81
1 80 84
1 80 133
1 80 135
1 80 227
1 80 327
1 81 22
1 81 26
1 81 61
1 81 86
1 81 104
1 81 105
1 81 146
1 81 150
1 81 155
1 81 204
1 81 274
1 82 12
1 82 31
1 82 39
1 82 53
1 82 60
1 82 78
1 82 89
1 82 91
1 82 125
1 82 131
1 82 187
1 82 210
1 82 234
1 82 331
1 83 18
1 83 20
1 83 25
1 83 48
1 83 99
1 83 143
1 83 146
1 83 151
1 83 152
1 83 181
1 83 273
1 84 3
1 84 17
1 84 27
1 84 44
1 84 47
1 84 50
1 84 57
1 84 68
1 84 75
1 84 81
1 84 87
1 84 92
1 84 102
1 84 113
1 84 141
1 84 160
1 84 262
1 84 420
1 84 426
1 85 19
1 85 37
1 85 62
1 85 93
1 85 98
1 85 135
1 85 156
1 85 186
1 85 286
1 85 413
1 85 421
1 86 24
1 86 25
1 86 30
1 86 31
1 86 35
1 86 69
1 86 81
1 86 101
1 86 141
1 86 240
1 86 320
1 86 364
1 86 384
1 87 23
1 87 40
1 87 64
1 87 75
1 87 106
1 87 111
1 87 156
1 87 157
1 87 237
1 87 305
1 87 326
1 87 454
1 88 27
1 88 32
1 88 66
1 88 102
1 88 104
1 88 108
1 88 159
1 88 161
1 88 489
1 89 22
1 89 40
1 89 125
1 89 143
1 89 144
1 89 162
1 89 214
1 89 285
1 89 370
1 89 371
1 89 391
1 90 31
1 90 65
1 90 72
1 90 76
1 90 85
1 90 88
1 90 121
1 90 161
1 90 441
1 90 482
1 91 0
1 91 4
1 91 6
1 91 61
1 91 68
1 91 85
1 91 86
1 91 102
1 91 129
1 91 132
1 91 141
1 91 146
1 91 156
1 91 308
1 91 377
1 92 7
1 92 14
1 92 24
1 92 35
1 92 53
1 92 68
1 92 111
1 92 123
1 92 138
1 92 156
1 92 371
1 92 447
1 92 452
1 93 0
1 93 1
1 93 112
1 93 114
1 93 131
1 93 177
1 93 239
1 93 441
1 94 33
1 94 48
1 94 84
1 94 97
1 94 108
1 94 124
1 94 148
1 94 284
1 94 354
1 94 481
1 95 25
1 95 32
1 95 34
1 95 286
1 96 3
1 96 33
1 96 39
1 96 87
1 96 131
1 96 142
1 96 146
1 96 151
1 96 384
1 96 501
1 97 0
1 97 7
1 97 10
1 97 28
1 97 53
1 97 56
1 97 74
1 97 77
1 97 80
1 97 91
1 97 92
1 97 136
1 97 147
1 97 157
1 97 267
1 97 289
1 97 334
1 97 386
1 97 407
1 98 17
1 98 37
1 98 44
1 98 52
1 98 53
1 98 56
1 98 66
1 98 74
1 98 77
1 98 88
1 98 102
1 98 128
1 98 425
1 98 466
1 99 7
1 99 8
1 99 20
1 99 38
1 99 81
1 99 90
1 99 107
1 99 114
1 99 119
1 99 139
1 99 142
1 99 156
1 99 320
1 99 350
1 99 371
1 100 2
1 100 24
1 100 39
1 100 95
1 100 108
1 100 132
1 100 162
1 100 258
1 100 357
1 100 387
1 101 21
1 101 31
1 101 39
1 101 44
1 101 49
1 101 64
1 101 116
1 101 136
1 101 147
1 101 158
1 101 398
1 102 38
1 102 41
1 102 56
1 102 95
1 102 98
1 102 100
1 102 109
1 102 126
1 102 128
1 102 129
1 102 138
1 102 141
1 102 144
1 102 153
1 102 156
1 102 161
1 102 197
1 102 292
1 102 431
1 102 444
1 102 447
1 102 459
1 103 17
1 103 42
1 103 75
1 103 118
1 103 126
1 103 134
1 103 160
1 103 346
1 103 371
1 103 388
1 104 6
1 104 33
1 104 38
1 104 50
1 104 64
1 104 86
1 104 91
1 104 95
1 104 113
1 104 114
1 104 119
1 104 131
1 104 136
1 104 142
1 104 162
1 104 243
1 104 293
1 104 438
1 104 495
1 105 3
1 105 18
1 105 19
1 105 35
1 105 77
1 105 105
1 105 119
1 105 134
1 105 139
1 105 160
1 105 284
1 105 413
1 105 448
1 105 484
1 106 3
1 106 10
1 106 18
1 106 32
1 106 35
1 106 40
1 106 47
1 106 64
1 106 98
1 106 131
1 106 145
1 106 150
1 106 306
1 106 465
1 107 48
1 107 66
1 107 79
1 107 111
1 107 126
1 107 133
1 107 150
1 107 369
1 108 16
1 108 36
1 108 47
1 108 55
1 108 80
1 108 84
1 108 128
1 108 158
1 108 180
1 108 271
1 108 384
1 109 24
1 109 45
1 109 69
1 109 76
1 109 100
1 109 139
1 109 172
1 109 281
1 110 7
1 110 45
1 110 84
1 110 94
1 110 111
1 110 139
1 110 152
1 110 157
1 110 165
1 110 174
1 110 310
1 110 355
1 110 466
1 111 1
1 111 5
1 111 51
1 111 56
1 111 74
1 111 112
1 111 113
1 111 124
1 111 140
1 111 142
1 111 156
1 111 180
1 111 323
1 111 384
1 111 423
1 111 477
1 111 481
1 112 0
1 112 7
1 112 29
1 112 30
1 112 36
1 112 56
1 112 61
1 112 66
1 112 103
1 112 116
1 112 121
1 112 157
1 112 197
1 112 502
1 113 11
1 113 13
1 113 48
1 113 63
1 113 78
1 113 111
1 113 125
1 113 128
1 113 146
1 113 226
1 113 263
1 113 287
1 113 326
1 113 402
1 114 3
1 114 19
1 114 37
1 114 69
1 114 87
1 114 96
1 114 102
1 114 110
1 114 111
1 114 114
1 114 117
1 114 120
1 114 186
1 114 336
1 115 14
1 115 21
1 115 31
1 115 36
1 115 51
1 115 85
1 115 110
1 115 126
1 115 149
1 115 156
1 116 38
1 116 132
1 116 139
1 116 145
1 116 153
1 116 156
1 116 157
1 116 158
1 116 160
1 116 235
1 116 305
1 116 373
1 117 12
1 117 13
1 117 33
1 117 40
1 117 47
1 117 59
1 117 63
1 117 64
1 117 85
1 117 92
1 117 123
1 117 149
1 117 157
1 117 162
1 117 164
1 117 396
1 117 429
1 118 8
1 118 14
1 118 33
1 118 44
1 118 47
1 118 60
1 118 136
1 118 394
1 118 469
1 118 475
1 118 479
1 119 17
1 119 38
1 119 67
1 119 72
1 119 75
1 119 85
1 119 96
1 119 124
1 119 128
1 119 131
1 119 150
1 119 161
1 119 199
1 119 280
1 119 291
1 119 496
1 120 30
1 120 39
1 120 40
1 120 47
1 120 70
1 120 98
1 120 105
1 120 115
1 120 117
1 120 158
1 120 161
1 120 245
1 120 374
1 121 20
1 121 22
1 121 29
1 121 54
1 121 67
1 121 99
1 121 110
1 121 114
1 121 142
1 121 151
1 121 279
1 121 404
1 121 418
1 122 1
1 122 22
1 122 41
1 122 51
1 122 60
1 122 62
1 122 78
1 122 87
1 122 101
1 122 111
1 122 130
1 122 418
1 122 454
1 123 10
1 123 72
1 123 79
1 123 85
1 123 125
1 123 148
1 123 152
1 123 161
1 123 162
1 123 289
1 123 392
1 123 492
1 124 3
1 124 5
1 124 7
1 124 11
1 124 16
1 124 29
1 124 100
1 124 112
1 124 128
1 124 148
1 124 149
1 124 156
1 124 439
1 124 445
1 125 5
1 125 8
1 125 19
1 125 47
1 125 65
1 125 72
1 125 113
1 125 122
1 125 139
1 125 155
1 125 159
1 125 206
1 125 376
1 125 480
1 125 482
1 126 40
1 126 65
1 126 91
1 126 92
1 126 95
1 126 102
1 126 117
1 126 127
1 126 149
1 126 169
1 126 199
1 126 217
1 126 315
1 126 331
1 126 482
1 127 2
1 127 6
1 127 14
1 127 25
1 127 27
1 127 64
1 127 69
1 127 73
1 127 109
1 127 128
1 127 149
1 127 452
1 127 481
1 128 21
1 128 34
1 128 46
1 128 71
1 128 81
1 128 87
1 128 100
1 128 123
1 128 137
1 128 157
1 128 197
1 128 239
1 128 330
1 128 334
1 129 27
1 129 47
1 129 59
1 129 70
1 129 78
1 129 99
1 129 131
1 129 159
1 129 281
1 129 285
1 129 415
1 129 422
1 129 465
1 130 19
1 130 111
1 130 305
1 130 336
1 131 10
1 131 11
1 131 12
1 131 37
1 131 54
1 131 96
1 131 101
1 131 109
1 131 241
1 131 350
1 132 0
1 132 18
1 132 37
1 132 49
1 132 85
1 132 115
1 132 229
1 133 4
1 133 6
1 133 18
1 133 19
1 133 43
1 133 45
1 133 48
1 133 63
1 133 93
1 133 103
1 133 116
1 133 135
1 133 140
1 133 141
1 133 190
1 133 208
1 133 226
1 133 342
1 133 475
1 133 485
1 134 41
1 134 72
1 134 137
1 134 140
1 134 208
1 134 285
1 134 465
1 135 91
1 135 92
1 135 119
1 135 130
1 135 159
1 135 263
1 135 287
1 135 351
1 135 376
1 136 1
1 136 7
1 136 57
1 136 89
1 136 90
1 136 120
1 136 155
1 136 159
1 136 170
1 136 180
1 136 458
1 136 485
1 137 21
1 137 34
1 137 45
1 137 46
1 137 62
1 137 81
1 137 93
1 137 99
1 137 117
1 137 125
1 137 127
1 137 147
1 137 260
1 137 290
1 137 332
1 137 352
1 137 439
1 137 457
1 138 0
1 138 34
1 138 42
1 138 68
1 138 82
1 138 89
1 138 107
1 138 114
1 138 123
1 138 124
1 138 147
1 138 352
1 139 23
1 139 27
1 139 76
1 139 115
1 139 134
1 139 148
1 139 158
1 139 202
1 139 305
1 139 384
1 140 11
1 140 33
1 140 42
1 140 44
1 140 55
1 140 62
1 140 73
1 140 87
1 140 90
1 140 121
1 140 146
1 140 291
1 140 319
1 141 7
1 141 27
1 141 34
1 141 56
1 141 90
1 141 94
1 141 106
1 141 111
1 141 112
1 141 125
1 141 161
1 141 261
1 141 369
1 141 480
1 141 501
1 142 21
1 142 23
1 142 31
1 142 66
1 142 74
1 142 91
1 142 107
1 142 162
1 142 165
1 142 189
1 142 331
1 142 488
1 143 29
1 143 54
1 143 55
1 143 71
1 143 72
1 143 110
1 143 136
1 143 157
1 143 182
1 143 234
1 143 247
1 143 336
1 144 16
1 144 73
1 144 76
1 144 99
1 144 107
1 144 108
1 144 112
1 144 130
1 144 132
1 144 144
1 144 150
1 144 200
1 144 272
1 144 312
1 144 342
1 144 376
1 144 420
1 145 9
1 145 33
1 145 64
1 145 66
1 145 75
1 145 98
1 145 109
1 145 120
1 145 155
1 145 274
1 145 357
1 145 398
1 146 74
1 146 124
1 146 156
1 146 173
1 146 322
1 146 351
1 146 454
1 147 8
1 147 40
1 147 48
1 147 58
1 147 70
1 147 103
1 147 115
1 147 120
1 147 446
1 148 3
1 148 18
1 148 44
1 148 58
1 148 68
1 148 71
1 148 86
1 148 92
1 148 97
1 148 115
1 148 131
1 148 264
1 148 367
1 148 391
1 148 432
1 148 480
1 149 11
1 149 36
1 149 44
1 149 53
1 149 54
1 149 59
1 149 88
1 149 108
1 149 109
1 149 120
1 149 137
1 149 139
1 149 261
1 149 327
1 149 348
1 150 4
1 150 8
1 150 29
1 150 36
1 150 45
1 150 59
1 150 75
1 150 85
1 150 91
1 150 114
1 150 122
1 150 176
1 150 206
1 150 229
1 150 231
1 150 301
1 150 459
1 151 25
1 151 86
1 151 93
1 151 119
1 151 121
1 151 130
1 151 135
1 151 250
1 151 342
1 151 481
1 152 40
1 152 76
1 152 94
1 152 116
1 152 150
1 152 159
1 152 200
1 152 351
1 152 385
1 152 482
1 153 43
1 153 60
1 153 74
1 153 109
1 153 110
1 153 111
1 153 117
1 153 121
1 153 135
1 153 276
1 153 308
1 153 312
1 153 491
1 153 493
1 154 24
1 154 80
1 154 103
1 154 139
1 154 148
1 154 149
1 154 155
1 154 156
1 154 201
1 154 305
1 154 357
1 154 413
1 155 14
1 155 18
1 155 29
1 155 45
1 155 67
1 155 91
1 155 111
1 155 151
1 155 380
1 155 444
1 156 9
1 156 47
1 156 57
1 156 103
1 156 156
1 156 166
1 156 204
1 156 217
1 156 243
1 156 287
1 156 415
1 157 1
1 157 4
1 157 24
1 157 25
1 157 32
1 157 34
1 157 66
1 157 102
1 157 107
1 157 111
1 157 144
1 157 149
1 157 247
1 157 287
1 157 431
1 157 475
1 158 5
1 158 8
1 158 29
1 158 48
1 158 78
1 158 87
1 158 122
1 158 149
1 158 157
1 158 295
1 159 12
1 159 16
1 159 20
1 159 25
1 159 38
1 159 45
1 159 52
1 159 59
1 159 61
1 159 67
1 159 70
1 159 92
1 159 104
1 159 105
1 159 113
1 159 119
1 159 123
1 159 142
1 160 5
1 160 33
1 160 39
1 160 107
1 160 123
1 160 131
1 160 141
1 160 154
1 160 280
1 160 287
1 160 343
1 160 470
1 160 488
1 161 2
1 161 41
1 161 77
1 161 161
1 161 308
1 161 432
1 162 24
1 162 165
1 162 193
1 162 227
1 163 54
1 163 218
1 164 122
1 164 285
1 164 347
1 164 500
1 165 29
1 165 66
1 165 143
1 165 402
1 165 427
1 166 390
1 167 124
1 167 155
1 167 276
1 168 39
1 168 82
1 168 86
1 168 288
1 168 441
1 169 95
1 169 160
1 169 230
1 169 311
1 169 318
1 170 211
1 171 16
1 171 52
1 171 81
1 171 129
1 171 214
1 171 260
1 171 342
1 172 133
1 172 185
1 173 312
1 173 348
1 174 179
1 174 209
1 174 465
1 175 130
1 175 151
1 175 253
1 175 436
1 176 62
1 176 387
1 177 122
1 177 242
1 178 57
1 178 337
1 178 375
1 179 223
1 180 48
1 180 246
1 180 343
1 180 418
1 180 459
1 181 66
1 181 290
1 181 381
1 182 203
1 182 373
1 182 461
1 183 245
1 184 35
1 184 55
1 184 148
1 184 160
1 184 163
1 184 316
1 184 393
1 185 63
1 185 182
1 185 215
1 185 293
1 185 406
1 185 419
1 186 39
1 186 43
1 186 52
1 186 174
1 187 30
1 187 84
1 187 144
1 187 176
1 188 57
1 188 277
1 188 458
1 188 459
1 189 33
1 189 120
1 189 154
1 189 189
1 189 327
1 189 336
1 190 135
1 190 202
1 190 321
1 190 331
1 190 406
1 191 124
1 191 222
1 193 19
1 193 59
1 193 226
1 193 256
1 193 273
1 193 285
1 194 183
1 194 206
1 194 350
1 195 465
1 195 468
1 196 272
1 196 279
1 196 284
1 196 402
1 197 11
1 197 212
1 197 468
1 198 172
1 198 270
1 198 284
1 199 178
1 199 292
1 199 349
1 200 55
1 200 103
1 200 119
1 200 164
1 200 253
1 200 359
1 200 422
1 200 432
1 201 64
1 201 358
1 202 55
1 202 81
1 202 358
1 202 466
1 203 117
1 203 496
1 204 38
1 204 176
1 204 373
1 204 380
1 205 86
1 205 102
1 205 104
1 205 243
1 205 270
1 206 22
1 206 65
1 206 87
1 206 105
1 206 332
1 206 492
1 207 74
1 207 217
1 207 276
1 207 319
1 209 27
1 209 110
1 209 329
1 209 481
1 210 11
1 210 15
1 210 71
1 210 272
1 210 281
1 210 312
1 210 450
1 211 100
1 212 30
1 212 104
1 212 275
1 212 377
1 212 395
1 212 493
1 212 504
1 213 365
1 214 139
1 214 445
1 214 489
1 215 10
1 215 215
1 215 233
1 215 381
1 215 498
1 216 315
1 217 20
1 217 429
1 218 92
1 218 124
1 218 453
1 219 97
1 219 230
1 219 285
1 220 3
1 220 325
1 220 409
1 221 364
1 221 440
1 222 346
1 223 115
1 223 129
1 223 173
1 224 207
1 224 225
1 224 379
1 224 441
1 224 465
1 224 494
1 225 305
1 226 55
1 226 91
1 226 94
1 226 110
1 226 117
1 227 144
1 228 36
1 228 47
1 228 344
1 229 88
1 229 347
1 229 474
1 230 413
1 231 227
1 231 425
1 232 140
1 232 203
1 232 343
1 232 439
1 233 5
1 233 190
1 233 355
1 234 121
1 234 231
1 234 292
1 234 400
1 235 163
1 235 421
1 236 3
1 236 29
1 236 82
1 236 135
1 236 244
1 236 281
1 236 448
1 237 23
1 237 38
1 237 116
1 237 246
1 237 271
1 239 13
1 239 301
1 239 391
1 240 278
1 240 480
1 241 43
1 241 158
1 241 294
1 242 9
1 242 134
1 242 358
1 242 367
1 242 394
1 242 493
1 243 7
1 243 102
1 243 231
1 243 248
1 243 442
1 244 89
1 244 145
1 244 298
1 244 338
1 245 53
1 245 74
1 245 414
1 246 39
1 246 68
1 246 235
1 246 301
1 246 400
1 246 504
1 247 16
1 247 157
1 247 456
1 248 94
1 249 26
1 249 290
1 250 16
1 250 143
1 250 226
1 250 269
1 250 381
1 250 466
1 251 166
1 251 193
1 251 329
1 251 454
1 252 73
1 252 176
1 252 196
1 252 343
1 252 358
1 253 216
1 253 246
1 253 475
1 254 10
1 254 103
1 254 105
1 254 127
1 254 236
1 255 78
1 255 82
1 255 137
1 255 176
1 255 198
1 255 225
1 255 287
1 256 311
1 256 396
1 257 20
1 257 317
1 258 62
1 258 268
1 259 246
1 259 253
1 259 455
1 260 208
1 260 282
1 260 288
1 260 388
1 260 466
1 260 468
1 261 170
1 261 458
1 261 465
1 262 130
1 262 374
1 262 441
1 262 457
1 263 152
1 263 418
1 264 391
1 264 449
1 264 482
1 265 274
1 265 300
1 265 334
1 265 421
1 266 169
1 266 222
1 266 268
1 267 125
1 267 149
1 267 152
1 267 248
1 267 285
1 267 296
1 267 405
1 267 407
1 268 158
1 268 161
1 268 372
1 268 410
1 268 420
1 269 82
1 269 175
1 269 201
1 269 235
1 270 40
1 271 73
1 271 278
1 271 453
1 272 78
1 272 332
1 273 292
1 273 436
1 274 31
1 274 122
1 274 194
1 274 224
1 274 257
1 274 352
1 275 69
1 276 148
1 276 167
1 276 186
1 276 219
1 276 278
1 276 429
1 277 45
1 277 285
1 277 300
1 277 404
1 278 11
1 278 119
1 278 123
1 278 129
1 278 147
1 278 249
1 278 350
1 279 83
1 279 120
1 279 244
1 280 78
1 280 100
1 280 221
1 280 259
1 280 375
1 280 463
1 281 37
1 281 111
1 281 148
1 281 389
1 282 194
1 283 52
1 283 219
1 283 259
1 283 430
1 284 38
1 284 215
1 284 217
1 284 283
1 284 336
1 284 483
1 285 57
1 285 59
1 285 200
1 285 261
1 285 477
1 286 221
1 286 454
1 286 459
1 287 153
1 287 170
1 287 246
1 287 457
1 288 56
1 288 76
1 288 161
1 288 255
1 288 479
1 289 119
1 289 393
1 289 471
1 290 98
1 290 289
1 290 388
1 290 463
1 291 13
1 291 151
1 291 154
1 291 184
1 291 275
1 292 120
1 292 122
1 294 64
1 294 65
1 294 129
1 294 137
1 294 309
1 294 370
1 295 290
1 295 356
1 296 53
1 296 67
1 296 101
1 296 206
1 296 431
1 296 485
1 296 490
1 297 15
1 297 149
1 297 264
1 297 288
1 298 270
1 298 419
1 299 183
1 299 248
1 299 296
1 299 306
1 301 92
1 301 427
1 302 34
1 303 414
1 304 25
1 304 331
1 305 95
1 305 390
1 305 439
1 305 493
1 306 149
1 306 383
1 306 500
1 307 31
1 307 276
1 307 351
1 307 357
1 307 363
1 307 385
1 308 74
1 308 118
1 308 180
1 308 192
1 308 210
1 308 327
1 308 333
1 308 355
1 308 436
1 309 2
1 309 120
1 309 229
1 309 386
1 309 404
1 309 445
1 310 192
1 310 495
1 311 241
1 311 299
1 311 312
1 311 386
1 311 392
1 311 413
1 311 503
1 312 52
1 312 389
1 313 377
1 313 475
1 314 172
1 314 436
1 315 190
1 315 232
1 315 295
1 315 459
1 315 468
1 316 4
1 316 285
1 316 416
1 316 430
1 316 431
1 317 101
1 317 271
1 318 109
1 318 173
1 318 219
1 318 260
1 318 307
1 318 458
1 319 171
1 320 94
1 321 98
1 321 225
1 322 65
1 322 234
1 322 299
1 323 44
1 323 92
1 323 333
1 323 404
1 323 461
1 323 496
1 324 5
1 324 60
1 324 153
1 324 221
1 325 108
1 325 179
1 325 222
1 326 136
1 326 147
1 326 473
1 326 482
1 327 305
1 327 366
1 328 127
1 328 294
1 328 488
1 329 183
1 329 190
1 329 203
1 329 332
1 330 27
1 330 284
1 330 483
1 331 30
1 331 186
1 331 292
1 332 37
1 332 39
1 332 257
1 332 302
1 332 329
1 333 101
1 333 234
1 334 30
1 334 68
1 334 164
1 334 396
1 335 228
1 335 239
1 335 271
1 335 348
1 335 408
1 336 26
1 336 56
1 336 59
1 336 112
1 336 235
1 336 355
1 336 398
1 337 12
1 337 16
1 337 195
1 337 425
1 337 500
1 338 79
1 338 101
1 338 167
1 338 275
1 338 298
1 338 330
1 338 467
1 339 100
1 339 122
1 339 172
1 339 269
1 339 486
1 340 68
1 340 347
1 340 389
1 341 173
1 341 259
1 341 369
1 341 468
1 341 499
1 342 210
1 342 246
1 342 308
1 342 355
1 342 411
1 342 498
1 343 188
1 343 335
1 343 498
1 344 243
1 344 282
1 345 501
1 346 94
1 346 95
1 346 192
1 346 277
1 346 375
1 346 389
1 346 426
1 347 81
1 347 144
1 347 188
1 348 47
1 348 168
1 348 206
1 348 402
1 349 28
1 349 128
1 349 480
1 350 73
1 350 93
1 350 141
1 350 229
1 350 303
1 350 378
1 351 42
1 351 72
1 351 309
1 352 115
1 352 136
1 352 269
1 353 236
1 354 51
1 354 110
1 354 164
1 354 239
1 354 286
1 354 323
1 354 370
1 354 387
1 355 256
1 355 265
1 355 274
1 355 411
1 356 161
1 356 176
1 356 182
1 356 339
1 356 432
1 357 17
1 357 130
1 357 132
1 357 149
1 357 174
1 358 372
1 358 430
1 359 19
1 359 214
1 359 226
1 359 398
1 359 433
1 360 198
1 360 255
1 360 278
1 360 470
1 361 250
1 362 297
1 363 36
1 364 458
1 365 59
1 365 136
1 366 7
1 366 19
1 366 105
1 366 283
1 366 291
1 366 369
1 366 380
1 367 380
1 368 78
1 368 117
1 368 156
1 368 278
1 368 292
1 368 466
1 369 79
1 369 92
1 369 152
1 369 276
1 370 15
1 370 258
1 370 300
1 370 356
1 370 365
1 371 8
1 371 72
1 371 92
1 371 114
1 371 443
1 372 38
1 372 94
1 372 352
1 373 3
1 373 73
1 373 146
1 373 348
1 373 374
1 374 171
1 375 190
1 375 431
1 376 74
1 376 104
1 376 293
1 376 399
1 376 437
1 378 238
1 378 318
1 378 449
1 379 48
1 379 70
1 379 364
1 379 371
1 379 416
1 379 459
1 380 14
1 380 267
1 380 380
1 381 91
1 381 200
1 381 236
1 381 392
1 381 416
1 382 316
1 382 325
1 382 447
1 383 162
1 383 197
1 383 239
1 383 298
1 384 345
1 384 367
1 384 437
1 385 89
1 385 222
1 385 414
1 386 58
1 386 304
1 386 382
1 387 35
1 387 53
1 387 166
1 387 332
1 387 481
1 388 130
1 388 228
1 388 251
1 388 329
1 388 366
1 388 395
1 388 411
1 389 3
1 389 54
1 389 72
1 389 158
1 389 405
1 390 43
1 390 227
1 390 247
1 390 327
1 390 430
1 391 6
1 391 51
1 391 60
1 391 139
1 391 351
1 391 393
1 391 398
1 392 76
1 392 292
1 392 339
1 392 479
1 393 41
1 393 130
1 393 199
1 393 338
1 394 5
1 394 17
1 394 39
1 394 58
1 394 101
1 394 276
1 394 359
1 394 457
1 394 494
1 395 4
1 395 92
1 395 122
1 395 146
1 395 171
1 395 244
1 395 482
1 396 17
1 396 31
1 396 62
1 396 174
1 396 292
1 397 37
1 397 40
1 397 104
1 397 148
1 397 254
1 398 225
1 398 329
1 398 416
1 399 200
1 399 206
1 399 459
1 400 10
1 400 159
1 400 341
1 400 493
1 401 19
1 401 277
1 402 67
1 402 233
1 402 406
1 402 450
1 402 482
1 403 237
1 403 383
1 403 417
1 403 442
1 404 64
1 404 135
1 404 153
1 404 304
1 404 308
1 404 439
1 405 3
1 405 65
1 405 478
1 406 21
1 406 110
1 406 124
1 406 209
1 406 279
1 406 379
1 407 230
1 407 248
1 408 233
1 408 240
1 408 417
1 408 450
1 409 70
1 410 55
1 410 161
1 410 177
1 410 348
1 410 405
1 411 202
1 411 235
1 411 266
1 411 438
1 412 323
1 412 356
1 412 381
1 413 154
1 414 197
1 414 303
1 414 336
1 414 433
1 415 33
1 415 66
1 415 502
1 416 88
1 416 121
1 416 173
1 416 219
1 416 270
1 416 384
1 416 392
1 418 7
1 418 437
1 419 60
1 419 391
1 420 135
1 420 414
1 421 6
1 421 72
1 421 152
1 422 35
1 422 91
1 422 313
1 424 61
1 424 162
1 424 303
1 424 387
1 424 493
1 425 23
1 425 350
1 425 371
1 425 460
1 426 308
1 426 369
1 426 477
1 427 81
1 427 199
1 427 370
1 428 300
1 429 62
1 430 97
1 430 102
1 430 170
1 430 252
1 431 7
1 431 158
1 431 262
1 431 451
1 431 466
1 432 261
1 432 276
1 432 393
1 433 107
1 433 169
1 433 241
1 434 114
1 434 169
1 434 412
1 435 157
1 435 190
1 436 68
1 436 422
1 436 441
1 436 442
1 437 28
1 437 86
1 437 142
1 437 166
1 437 371
1 437 460
1 438 54
1 438 63
1 438 132
1 438 204
1 438 284
1 438 309
1 439 65
1 439 130
1 439 391
1 439 447
1 440 32
1 440 55
1 440 61
1 440 99
1 441 28
1 441 81
1 441 225
1 441 268
1 441 470
1 442 43
1 442 214
1 444 175
1 444 199
1 444 407
1 444 423
1 445 28
1 445 396
1 445 476
1 446 473
1 447 60
1 447 335
1 447 412
1 447 448
1 448 1
1 448 75
1 448 117
1 448 131
1 448 326
1 449 121
1 449 244
1 449 303
1 449 324
1 450 79
1 450 469
1 451 23
1 451 108
1 451 133
1 451 170
1 451 450
1 452 43
1 454 103
1 454 108
1 455 85
1 455 206
1 455 434
1 456 18
1 456 54
1 456 274
1 457 149
1 457 222
1 457 306
1 458 12
1 458 114
1 458 209
1 458 343
1 458 395
1 459 58
1 459 69
1 459 113
1 459 121
1 459 156
1 459 262
1 459 439
1 460 388
1 460 432
1 461 0
1 461 33
1 461 86
1 461 125
1 461 133
1 461 163
1 461 283
1 461 352
1 462 183
1 462 200
1 462 307
1 462 309
1 462 443
1 462 447
1 463 65
1 463 125
1 463 158
1 463 184
1 463 487
1 464 439
1 464 452
1 465 48
1 465 94
1 465 122
1 465 267
1 465 459
1 466 100
1 466 157
1 467 90
1 467 95
1 467 123
1 467 183
1 468 1
1 468 90
1 468 498
1 469 15
1 469 79
1 469 187
1 469 439
1 469 452
1 470 85
1 470 90
1 470 112
1 470 116
1 470 138
1 470 145
1 470 263
1 470 386
1 470 410
1 470 494
1 471 60
1 471 82
1 471 372
1 471 475
1 472 32
1 472 256
1 473 30
1 473 109
1 473 155
1 473 183
1 473 323
1 473 365
1 474 58
1 475 3
1 475 179
1 475 215
1 475 231
1 475 250
1 475 261
1 476 151
1 476 303
1 476 415
1 477 27
1 477 221
1 477 301
1 477 468
1 478 150
1 478 160
1 479 103
1 479 133
1 479 179
1 479 252
1 480 39
1 480 264
1 480 305
1 480 432
1 480 455
1 481 123
1 482 251
1 482 367
1 483 90
1 483 128
1 483 214
1 483 240
1 483 294
1 483 371
1 484 149
1 484 152
1 484 179
1 484 184
1 484 224
1 484 480
1 485 92
1 485 155
1 485 412
1 485 483
1 486 428
1 488 112
1 489 409
1 490 112
1 490 360
1 491 9
1 491 126
1 491 187
1 491 272
1 491 357
1 491 382
1 491 404
1 492 160
1 492 200
1 493 110
1 493 187
1 493 240
1 494 103
1 494 155
1 494 176
1 494 357
1 494 445
1 494 491
1 495 109
1 495 273
1 495 414
1 495 460
1 496 68
1 496 73
1 496 149
1 496 186
1 496 480
1 497 260
1 497 399
1 497 415
1 497 464
1 498 68
1 498 137
1 498 234
1 499 67
1 499 74
1 499 273
1 499 345
1 499 381
1 499 430
1 500 77
1 500 286
1 500 304
1 500 378
1 501 32
1 501 134
1 501 332
1 501 378
1 502 26
1 502 86
1 502 104
1 502 358
1 503 31
1 503 128
1 503 250
1 503 377