18
6
17 47 17 24 33 22
723

0 536 982 0 115 0 240 601 0 6 0 0 35 754 0 0 0
333 622 0 557 921 169 0 178 0 494 491 0 0 0 226 0 0 0 851 0 428 0 0 176 495 0 641 396 888 0 568 640 0 0 0 907 157 0 162 764 0 690 0 154 0 661 8
0 0 228 0 277 628 295 0 329 820 0 109 0 460 442 824 843
731 355 0 486 0 94 0 0 774 584 0 116 972 0 478 0 855 0 563 0 837 0 262 943
0 0 102 896 0 0 0 0 662 510 116 0 411 523 659 0 0 122 0 0 0 560 0 0 759 981 784 0 0 978 0 984 59
0 282 412 432 116 686 744 0 794 16 882 0 0 201 0 0 0 0 129 0 131 127

0 0 5
0 0 6
0 0 7
0 0 20
0 0 23
0 0 27
0 0 29
0 0 45
0 1 1
0 1 4
0 1 5
0 1 6
0 1 11
0 1 13
0 1 14
0 1 17
0 1 21
0 1 24
0 1 27
0 1 33
0 1 34
0 1 39
0 1 43
0 2 1
0 2 3
0 2 4
0 2 7
0 2 11
0 2 12
0 2 31
0 2 36
0 2 37
0 2 45
0 2 46
0 3 3
0 3 4
0 3 16
0 3 17
0 3 18
0 3 19
0 3 20
0 3 22
0 3 23
0 3 28
0 3 33
0 3 42
0 4 5
0 4 10
0 4 23
0 4 29
0 4 32
0 4 34
0 4 36
0 4 39
0 4 41
0 4 43
0 4 45
0 5 1
0 5 2
0 5 21
0 5 22
0 5 24
0 5 26
0 5 27
0 5 36
0 5 38
0 5 42
0 6 2
0 6 6
0 6 10
0 6 12
0 6 25
0 6 26
0 6 32
0 6 41
0 6 43
0 7 14
0 7 16
0 7 34
0 7 42
0 8 2
0 8 7
0 8 9
0 8 10
0 8 19
0 8 26
0 8 31
0 8 36
0 9 3
0 9 4
0 9 5
0 9 8
0 9 27
0 9 28
0 9 30
0 9 37
0 9 38
0 9 41
0 9 46
0 10 2
0 10 18
0 10 21
0 10 23
0 10 25
0 10 32
0 10 43
0 11 2
0 11 6
0 11 8
0 11 9
0 11 17
0 11 18
0 11 21
0 11 36
0 11 43
0 11 44
0 12 8
0 12 10
0 12 11
0 12 15
0 12 22
0 12 23
0 12 28
0 12 33
0 13 2
0 13 3
0 13 8
0 13 9
0 13 11
0 13 18
0 14 10
0 14 22
0 14 27
0 14 32
0 14 33
0 14 34
0 14 41
0 15 4
0 15 10
0 15 11
0 15 12
0 15 21
0 15 24
0 15 25
0 15 40
0 16 1
0 16 4
0 16 6
0 16 13
0 16 20
0 16 25
0 16 26
0 16 29
0 16 31
0 16 43
0 16 45
1 0 4
1 1 7
1 1 16
1 2 1
1 2 2
1 2 4
1 2 10
1 3 8
1 3 11
1 3 13
1 4 6
1 4 15
1 4 16
1 5 1
1 5 9
1 6 0
1 6 2
1 7 1
1 7 12
1 8 2
1 8 4
1 8 5
1 8 7
1 8 12
1 9 7
1 9 8
1 9 16
1 10 0
1 10 3
1 10 5
1 10 7
1 10 8
1 10 9
1 10 11
1 10 15
1 11 11
1 11 15
1 12 7
1 12 10
1 12 11
1 13 6
1 13 12
1 14 9
1 14 14
1 15 4
1 15 5
1 15 7
1 15 16
1 16 5
1 17 3
1 17 4
1 17 8
1 18 2
1 18 6
1 18 9
1 18 13
1 18 14
1 18 15
1 19 3
1 19 6
1 19 7
1 19 8
1 20 2
1 20 4
1 20 6
1 20 13
1 20 14
1 21 0
1 21 4
1 21 10
1 22 13
1 22 14
1 23 4
1 23 5
1 23 7
1 23 8
1 23 10
1 23 15
1 24 2
1 24 10
1 24 11
1 24 13
1 24 16
1 25 3
1 25 4
1 25 7
1 25 9
1 26 0
1 26 2
1 26 3
1 26 4
1 26 10
1 26 12
1 26 15
1 27 4
1 27 5
1 27 15
1 28 2
1 28 7
1 28 13
1 29 9
1 29 10
1 29 11
1 30 0
1 30 2
1 30 3
1 30 6
1 30 10
1 31 0
1 31 1
1 31 3
1 31 4
1 31 7
1 31 10
1 31 12
1 32 1
1 32 8
1 32 13
1 33 8
1 34 1
1 34 6
1 34 10
1 34 14
1 35 3
1 35 9
1 36 7
1 36 11
1 36 12
1 37 0
1 37 1
1 37 7
1 37 9
1 37 13
1 38 2
1 38 6
1 38 11
1 39 1
1 39 12
1 40 2
1 40 3
1 40 11
1 40 14
1 40 15
1 41 5
1 41 16
1 42 5
1 42 14
1 43 2
1 43 3
1 43 16
1 44 3
1 44 5
1 44 6
1 44 9
1 44 14
1 45 0
1 45 1
1 45 4
1 45 5
1 46 0
1 46 1
1 46 4
1 46 15
1 46 16
2 0 6
2 0 8
2 0 9
2 1 2
2 1 4
2 1 8
2 1 12
2 1 18
2 1 21
2 2 3
2 2 14
2 2 18
2 3 1
2 3 11
2 3 17
2 3 18
2 3 21
2 3 22
2 4 0
2 4 2
2 4 12
2 4 13
2 4 15
2 5 7
2 5 10
2 5 11
2 5 19
2 6 2
2 6 9
2 6 18
2 6 22
2 7 2
2 7 9
2 7 12
2 7 18
2 8 1
2 8 3
2 8 8
2 9 2
2 9 8
2 9 9
2 9 11
2 9 19
2 10 3
2 10 4
2 10 6
2 10 21
2 10 22
2 11 3
2 11 4
2 11 12
2 11 13
2 11 15
2 11 22
2 12 6
2 12 11
2 12 12
2 12 15
2 12 18
2 13 1
2 13 3
2 13 5
2 13 9
2 13 23
2 14 6
2 14 8
2 14 9
2 14 12
2 14 13
2 14 14
2 15 4
2 15 5
2 15 6
2 15 7
2 15 9
2 15 12
2 15 18
2 16 0
2 16 1
2 16 2
2 16 6
2 16 9
2 16 12
2 16 16
2 16 17
3 0 8
3 0 9
3 0 10
3 1 1
3 1 2
3 1 4
3 1 5
3 1 21
3 1 25
3 1 28
3 2 0
3 2 2
3 2 4
3 2 6
3 2 15
3 2 23
3 2 24
3 3 1
3 3 2
3 3 5
3 3 9
3 3 22
3 3 31
3 4 0
3 4 3
3 4 4
3 4 14
3 4 20
3 4 21
3 5 0
3 5 1
3 5 6
3 5 11
3 5 13
3 5 19
3 5 20
3 5 26
3 5 30
3 5 31
3 6 2
3 6 4
3 6 5
3 6 9
3 6 12
3 6 16
3 6 25
3 7 1
3 7 3
3 7 5
3 7 6
3 7 13
3 7 31
3 8 1
3 8 3
3 8 4
3 8 7
3 8 13
3 8 21
3 8 23
3 8 26
3 8 29
3 8 32
3 9 5
3 9 6
3 9 11
3 9 14
3 9 20
3 9 21
3 9 22
3 9 28
3 9 31
3 10 15
3 10 16
3 10 26
3 11 4
3 11 12
3 11 13
3 11 26
3 11 28
3 11 30
3 11 32
3 12 5
3 12 10
3 12 14
3 12 15
3 12 21
3 12 23
3 13 6
3 13 15
3 13 16
3 13 19
3 13 20
3 14 2
3 14 4
3 14 5
3 14 9
3 14 11
3 14 17
3 14 18
3 14 21
3 14 26
3 15 4
3 15 5
3 15 6
3 15 9
3 15 17
3 15 18
3 15 24
3 15 31
3 16 2
3 16 7
3 16 14
3 16 17
3 16 23
3 16 24
3 16 25
3 16 29
3 16 30
3 17 3
3 17 5
3 17 8
3 17 13
3 17 14
3 17 22
3 18 5
3 18 7
3 18 8
3 18 11
3 18 13
3 18 17
3 18 29
3 19 8
3 19 11
3 19 13
3 19 15
3 19 17
3 19 19
3 19 20
3 19 23
3 19 25
3 19 32
3 20 1
3 20 2
3 20 6
3 20 9
3 20 16
3 20 19
3 20 23
3 20 27
3 20 28
3 20 32
3 21 2
3 21 4
3 21 7
3 21 22
3 21 24
3 22 18
3 22 19
3 22 20
3 23 0
3 23 2
3 23 4
3 23 7
3 23 14
3 23 17
3 23 24
3 23 26
3 23 27
3 23 28
3 23 29
3 23 31
4 0 1
4 0 5
4 0 9
4 0 14
4 1 1
4 1 8
4 1 9
4 1 10
4 2 5
4 2 18
4 2 19
4 2 20
4 3 0
4 3 7
4 3 8
4 3 18
4 4 7
4 4 14
4 4 15
4 4 18
4 4 21
4 5 0
4 5 3
4 5 5
4 5 13
4 5 14
4 5 21
4 6 3
4 6 6
4 6 19
4 6 21
4 7 1
4 7 2
4 7 9
4 7 21
4 8 1
4 8 7
4 8 12
4 8 17
4 8 18
4 8 20
4 9 5
4 9 11
4 9 17
4 10 3
4 10 4
4 10 7
4 10 8
4 10 14
4 10 17
4 10 18
4 11 7
4 11 19
4 12 16
4 12 17
4 13 0
4 13 15
4 13 18
4 14 0
4 14 2
4 14 5
4 14 6
4 14 7
4 14 11
4 14 13
4 14 17
4 15 5
4 15 6
4 15 7
4 15 8
4 15 10
4 15 19
4 15 20
4 16 3
4 16 7
4 16 18
4 16 19
4 16 21
4 17 3
4 17 4
4 17 5
4 18 2
4 18 6
4 18 11
4 18 12
4 19 1
4 19 4
4 19 7
4 19 10
4 19 12
4 19 17
4 19 21
4 20 10
4 20 11
4 20 12
4 20 16
4 20 17
4 21 13
4 21 14
4 21 17
4 21 19
4 21 21
4 22 3
4 22 5
4 22 13
4 22 19
4 23 9
4 23 17
4 23 21
4 24 0
4 24 4
4 24 9
4 24 10
4 24 16
4 25 0
4 25 1
4 25 13
4 26 2
4 26 5
4 26 9
4 26 14
4 26 16
4 27 3
4 27 4
4 27 8
4 27 10
4 27 15
4 27 19
4 28 5
4 28 14
4 28 16
4 28 20
4 29 13
4 29 15
4 29 20
4 30 1
4 30 7
4 30 11
4 30 16
4 30 21
4 31 3
4 31 7
4 31 11
4 32 6
4 32 7
4 32 12
4 32 13