509
6
20 25 56 10 14 35
885

0 852 249 339 0 135 0 0 0 0 408 0 0 623 46 0 0 717 780 628
14 0 0 0 0 352 288 95 0 0 14 0 0 271 0 746 0 132 0 0 391 0 314 720 0
4 0 134 0 395 0 318 203 810 0 281 0 374 0 0 0 0 0 0 0 0 909 0 424 0 0 5 0 658 150 0 2 0 0 0 0 390 0 0 223 0 0 656 609 387 23 53 0 720 0 0 992 0 71 0 0
622 150 0 0 0 0 771 138 0 0
0 120 0 22 151 0 172 854 0 745 0 0 0 0
236 0 393 875 0 495 687 0 21 0 715 913 0 0 0 351 187 0 193 955 0 490 348 318 0 614 839 0 903 0 158 0 218 626 0

0 0 2
0 0 4
0 0 8
0 0 16
0 0 21
0 0 22
0 0 24
0 1 4
0 1 9
0 1 10
0 1 12
0 1 13
0 1 15
0 1 21
0 1 23
0 2 0
0 2 5
0 2 6
0 2 9
0 2 12
0 2 14
0 2 17
0 3 2
0 3 6
0 3 15
0 3 16
0 3 19
0 3 22
0 3 23
0 4 0
0 4 2
0 4 7
0 4 8
0 4 9
0 4 18
0 4 20
0 4 22
0 4 23
0 5 0
0 5 1
0 5 2
0 5 11
0 5 17
0 5 20
0 5 21
0 5 24
0 6 1
0 6 8
0 6 9
0 6 13
0 6 16
0 6 21
0 6 23
0 7 1
0 7 3
0 7 8
0 7 16
0 8 6
0 8 7
0 8 17
0 8 18
0 9 8
0 9 14
0 9 19
0 9 20
0 9 21
0 10 0
0 10 10
0 10 12
0 10 22
0 11 10
0 11 14
0 11 17
0 11 19
0 11 21
0 11 22
0 12 0
0 12 1
0 12 3
0 12 5
0 12 8
0 12 10
0 12 17
0 12 19
0 12 23
0 13 7
0 13 10
0 13 13
0 13 17
0 13 24
0 14 3
0 14 4
0 14 16
0 14 19
0 14 22
0 14 23
0 15 0
0 15 1
0 15 4
0 15 6
0 15 7
0 15 10
0 15 11
0 15 14
0 15 15
0 16 0
0 16 1
0 16 3
0 16 6
0 16 10
0 16 11
0 16 13
0 16 14
0 16 16
0 16 18
0 16 19
0 16 24
0 17 0
0 17 8
0 17 9
0 17 15
0 17 16
0 18 2
0 18 4
0 18 11
0 18 13
0 18 22
0 19 6
0 19 10
0 19 11
0 19 23
1 0 1
1 0 2
1 0 8
1 0 11
1 0 19
1 0 22
1 0 23
1 0 26
1 0 30
1 0 32
1 0 33
1 0 35
1 0 39
1 0 45
1 0 48
1 1 1
1 1 7
1 1 9
1 1 11
1 1 19
1 1 21
1 1 24
1 1 29
1 1 30
1 1 31
1 1 33
1 1 35
1 1 36
1 1 42
1 1 43
1 1 46
1 1 48
1 2 0
1 2 4
1 2 6
1 2 8
1 2 9
1 2 11
1 2 12
1 2 13
1 2 14
1 2 15
1 2 21
1 2 25
1 2 26
1 2 28
1 2 31
1 2 37
1 2 41
1 2 42
1 2 47
1 2 48
1 2 51
1 2 53
1 2 55
1 3 3
1 3 4
1 3 8
1 3 10
1 3 11
1 3 14
1 3 15
1 3 17
1 3 18
1 3 22
1 3 23
1 3 25
1 3 33
1 3 35
1 3 39
1 3 47
1 3 48
1 3 49
1 3 51
1 4 0
1 4 1
1 4 5
1 4 6
1 4 10
1 4 12
1 4 15
1 4 16
1 4 18
1 4 29
1 4 30
1 4 39
1 4 40
1 4 44
1 4 45
1 4 46
1 4 47
1 4 48
1 4 49
1 4 52
1 4 53
1 4 55
1 5 2
1 5 3
1 5 7
1 5 15
1 5 16
1 5 22
1 5 29
1 5 31
1 5 37
1 5 39
1 5 40
1 5 43
1 5 45
1 5 49
1 5 53
1 5 55
1 6 1
1 6 2
1 6 3
1 6 4
1 6 11
1 6 12
1 6 14
1 6 16
1 6 17
1 6 26
1 6 27
1 6 28
1 6 29
1 6 31
1 6 37
1 6 38
1 6 47
1 6 54
1 7 1
1 7 10
1 7 12
1 7 15
1 7 16
1 7 17
1 7 18
1 7 20
1 7 21
1 7 31
1 7 36
1 7 38
1 7 40
1 7 41
1 7 44
1 7 49
1 7 51
1 7 55
1 8 2
1 8 5
1 8 10
1 8 14
1 8 15
1 8 20
1 8 30
1 8 34
1 8 36
1 8 37
1 8 38
1 8 40
1 8 41
1 8 46
1 8 48
1 8 49
1 8 52
1 8 53
1 8 55
1 9 0
1 9 1
1 9 3
1 9 5
1 9 10
1 9 11
1 9 22
1 9 24
1 9 25
1 9 27
1 9 28
1 9 34
1 9 39
1 9 42
1 9 43
1 9 50
1 9 51
1 9 55
1 10 2
1 10 5
1 10 9
1 10 10
1 10 22
1 10 23
1 10 28
1 10 29
1 10 32
1 10 36
1 10 38
1 10 39
1 10 42
1 10 45
1 10 48
1 11 7
1 11 8
1 11 17
1 11 24
1 11 27
1 11 30
1 11 31
1 11 34
1 11 35
1 11 39
1 11 55
1 12 3
1 12 7
1 12 8
1 12 9
1 12 10
1 12 14
1 12 15
1 12 18
1 12 19
1 12 20
1 12 22
1 12 25
1 12 30
1 12 33
1 12 37
1 12 42
1 12 45
1 12 49
1 12 50
1 13 3
1 13 4
1 13 5
1 13 7
1 13 9
1 13 18
1 13 30
1 13 31
1 13 33
1 13 40
1 13 41
1 13 48
1 13 52
1 14 3
1 14 4
1 14 10
1 14 12
1 14 14
1 14 17
1 14 18
1 14 20
1 14 21
1 14 22
1 14 26
1 14 29
1 14 32
1 14 40
1 14 43
1 14 44
1 14 53
1 14 54
1 14 55
1 15 1
1 15 6
1 15 13
1 15 19
1 15 30
1 15 33
1 15 36
1 15 41
1 15 47
1 15 52
1 15 55
1 16 2
1 16 9
1 16 10
1 16 12
1 16 13
1 16 17
1 16 18
1 16 21
1 16 35
1 16 36
1 16 48
1 17 5
1 17 7
1 17 12
1 17 14
1 17 15
1 17 17
1 17 18
1 17 20
1 17 23
1 17 26
1 17 27
1 17 32
1 17 34
1 17 42
1 17 50
1 17 55
1 18 0
1 18 1
1 18 8
1 18 13
1 18 30
1 18 31
1 18 33
1 18 38
1 18 40
1 18 41
1 18 44
1 18 48
1 19 0
1 19 4
1 19 5
1 19 9
1 19 22
1 19 24
1 19 32
1 19 35
1 19 36
1 19 37
1 19 40
1 19 46
1 19 47
1 19 51
1 19 55
1 20 0
1 20 3
1 20 6
1 20 8
1 20 9
1 20 13
1 20 14
1 20 16
1 20 20
1 20 31
1 20 32
1 20 34
1 20 36
1 20 38
1 20 43
1 20 45
1 20 48
1 20 49
1 20 50
1 20 55
1 21 3
1 21 5
1 21 7
1 21 9
1 21 10
1 21 11
1 21 12
1 21 17
1 21 26
1 21 28
1 21 30
1 21 38
1 21 42
1 21 46
1 21 55
1 22 1
1 22 2
1 22 4
1 22 7
1 22 9
1 22 11
1 22 12
1 22 15
1 22 19
1 22 27
1 22 28
1 22 31
1 22 38
1 22 39
1 22 40
1 22 43
1 22 50
1 22 55
1 23 6
1 23 9
1 23 14
1 23 23
1 23 26
1 23 28
1 23 31
1 23 32
1 23 33
1 23 35
1 23 39
1 23 41
1 23 52
1 23 53
1 23 54
1 23 55
1 24 0
1 24 5
1 24 10
1 24 13
1 24 19
1 24 21
1 24 28
1 24 30
1 24 31
1 24 38
1 24 53
2 0 1
2 0 6
2 0 9
2 1 3
2 1 9
2 2 9
2 3 0
2 3 1
2 3 2
2 3 5
2 4 2
2 4 3
2 4 4
2 4 6
2 5 0
2 5 3
2 5 4
2 6 2
2 6 6
2 7 8
2 7 9
2 8 0
2 8 1
2 8 2
2 8 5
2 8 6
2 9 0
2 9 3
2 9 6
2 9 7
2 10 0
2 10 7
2 10 9
2 11 0
2 11 3
2 11 6
2 12 7
2 13 0
2 13 2
2 13 4
2 13 7
2 13 8
2 13 9
2 14 1
2 14 4
2 14 6
2 14 7
2 15 0
2 15 1
2 15 5
2 15 8
2 16 0
2 16 1
2 17 2
2 17 5
2 17 7
2 17 9
2 18 1
2 18 2
2 18 3
2 18 4
2 18 5
2 18 8
2 19 4
2 19 5
2 19 8
2 19 9
2 20 1
2 20 2
2 21 0
2 21 4
2 21 5
2 21 9
2 22 0
2 22 1
2 22 9
2 23 0
2 23 3
2 23 6
2 24 1
2 24 2
2 24 6
2 24 7
2 25 2
2 25 5
2 25 9
2 26 5
2 27 0
2 27 1
2 27 2
2 27 3
2 27 4
2 27 8
2 28 6
2 28 7
2 28 9
2 29 2
2 29 6
2 29 7
2 30 1
2 30 4
2 30 7
2 30 8
2 30 9
2 31 1
2 31 2
2 32 2
2 32 5
2 32 8
2 33 4
2 33 8
2 33 9
2 34 0
2 34 5
2 34 7
2 34 8
2 35 0
2 35 5
2 35 6
2 35 7
2 36 2
2 36 4
2 36 6
2 36 7
2 37 2
2 37 5
2 37 6
2 37 8
2 38 4
2 38 9
2 39 1
2 39 3
2 40 0
2 40 1
2 40 4
2 40 5
2 40 6
2 41 3
2 41 4
2 42 6
2 43 0
2 43 2
2 44 1
2 44 5
2 44 7
2 45 2
2 45 6
2 45 8
2 46 2
2 46 6
2 47 0
2 47 2
2 47 6
2 47 8
2 47 9
2 48 0
2 48 8
2 49 4
2 49 5
2 50 0
2 50 2
2 51 1
2 51 5
2 51 6
2 51 7
2 52 1
2 52 3
2 52 6
2 52 9
2 53 2
2 53 7
2 54 3
2 55 2
2 55 3
2 55 5
2 55 6
3 0 1
3 0 11
3 0 12
3 0 13
3 1 2
3 1 3
3 1 6
3 1 8
3 1 9
3 2 5
3 2 9
3 2 13
3 3 0
3 3 2
3 3 5
3 3 7
3 3 8
3 3 12
3 4 3
3 4 9
3 4 10
3 4 12
3 4 13
3 5 1
3 5 2
3 5 7
3 5 8
3 5 9
3 5 11
3 6 6
3 6 13
3 7 0
3 7 1
3 7 2
3 7 10
3 7 12
3 7 13
3 8 0
3 8 1
3 8 2
3 8 7
3 8 9
3 8 11
3 9 4
3 9 5
3 9 7
4 0 1
4 0 4
4 0 7
4 0 21
4 0 23
4 0 24
4 0 32
4 0 34
4 1 3
4 1 4
4 1 5
4 1 12
4 1 15
4 1 22
4 1 26
4 1 27
4 1 28
4 1 32
4 2 0
4 2 4
4 2 11
4 2 13
4 2 14
4 2 15
4 2 17
4 2 25
4 3 0
4 3 8
4 3 13
4 3 20
4 3 21
4 3 23
4 3 24
4 3 26
4 3 28
4 3 31
4 3 32
4 3 33
4 4 3
4 4 5
4 4 16
4 4 20
4 4 21
4 4 22
4 4 24
4 4 25
4 4 27
4 4 33
4 5 6
4 5 11
4 5 14
4 5 27
4 5 31
4 6 2
4 6 8
4 6 10
4 6 11
4 6 13
4 6 23
4 6 29
4 6 33
4 7 2
4 7 5
4 7 9
4 7 18
4 7 20
4 7 22
4 7 26
4 7 34
4 8 6
4 8 24
4 8 25
4 8 27
4 8 30
4 9 0
4 9 3
4 9 10
4 9 16
4 9 17
4 9 21
4 9 22
4 9 29
4 9 31
4 9 32
4 10 0
4 10 4
4 10 6
4 10 10
4 10 12
4 10 26
4 10 30
4 11 4
4 11 6
4 11 8
4 11 14
4 11 16
4 11 21
4 11 25
4 11 31
4 11 32
4 11 33
4 11 34
4 12 2
4 12 3
4 12 4
4 12 9
4 12 15
4 12 19
4 12 23
4 12 24
4 12 25
4 12 28
4 12 30
4 13 3
4 13 6
4 13 8
4 13 10
4 13 14
4 13 24
4 13 25
4 13 27
4 13 29
4 13 30
4 13 32
4 13 33