592
6
22 10 21 12 13 82
830

0 0 0 0 0 0 0 0 355 727 0 148 0 103 888 0 790 917 0 35 15 0
995 0 0 893 942 230 990 0 633 945
515 0 0 29 0 764 990 0 0 0 0 0 0 0 961 886 0 25 0 0 0
338 0 167 0 146 0 509 0 0 0 0 983
0 0 0 200 0 0 0 0 0 714 0 0 180
0 0 221 609 214 156 0 0 195 236 0 0 56 0 0 0 0 0 0 0 782 280 0 0 346 902 0 0 0 0 0 667 594 34 217 977 0 0 464 0 0 0 0 0 648 517 0 0 0 0 286 346 0 853 217 0 0 0 0 349 0 0 78 0 398 0 724 0 0 222 0 10 0 152 427 0 0 865 0 421 582 0

0 0 1
0 0 6
0 0 8
0 1 0
0 1 1
0 1 2
0 1 4
0 1 6
0 1 7
0 1 8
0 1 9
0 2 0
0 2 4
0 2 6
0 3 5
0 3 7
0 3 8
0 4 0
0 4 3
0 4 8
0 5 0
0 5 1
0 5 2
0 5 4
0 5 9
0 6 0
0 6 1
0 6 3
0 6 4
0 7 4
0 7 5
0 7 8
0 7 9
0 8 0
0 8 1
0 8 6
0 8 7
0 9 1
0 9 3
0 9 8
0 9 9
0 10 4
0 10 6
0 11 0
0 11 1
0 11 2
0 11 4
0 11 7
0 11 8
0 11 9
0 12 0
0 12 2
0 12 6
0 13 0
0 13 2
0 13 4
0 13 7
0 13 9
0 14 0
0 14 2
0 14 3
0 14 4
0 14 5
0 14 8
0 14 9
0 15 1
0 15 2
0 15 4
0 15 6
0 15 7
0 15 8
0 16 0
0 16 2
0 16 5
0 16 9
0 17 1
0 17 3
0 17 7
0 17 9
0 18 0
0 18 1
0 18 3
0 18 7
0 18 8
0 18 9
0 19 2
0 19 3
0 19 5
0 19 7
0 19 9
0 20 3
0 20 4
0 20 5
0 20 6
0 21 2
0 21 6
0 21 7
0 21 8
0 21 9
1 0 0
1 0 2
1 0 13
1 0 15
1 0 17
1 1 0
1 1 1
1 1 2
1 1 3
1 1 4
1 1 6
1 1 7
1 1 11
1 1 14
1 1 16
1 1 17
1 1 20
1 2 2
1 2 5
1 2 6
1 2 8
1 2 9
1 2 12
1 2 13
1 2 14
1 2 19
1 3 0
1 3 1
1 3 3
1 3 6
1 3 9
1 3 10
1 3 14
1 3 16
1 3 18
1 3 20
1 4 0
1 4 4
1 4 6
1 4 7
1 4 10
1 4 11
1 4 12
1 4 14
1 4 16
1 5 1
1 5 2
1 5 3
1 5 5
1 5 10
1 5 12
1 5 13
1 5 14
1 5 20
1 6 2
1 6 6
1 6 11
1 6 12
1 6 15
1 6 16
1 6 17
1 6 20
1 7 6
1 7 8
1 7 13
1 7 14
1 7 15
1 7 16
1 7 17
1 7 19
1 7 20
1 8 1
1 8 4
1 8 6
1 8 12
1 8 16
1 8 17
1 8 18
1 9 0
1 9 2
1 9 3
1 9 5
1 9 11
1 9 12
2 0 0
2 0 1
2 0 2
2 0 3
2 0 6
2 0 10
2 0 11
2 1 1
2 1 2
2 1 6
2 1 9
2 2 0
2 2 1
2 2 3
2 2 5
2 2 8
2 2 9
2 2 10
2 2 11
2 3 0
2 3 1
2 3 3
2 3 4
2 3 5
2 3 6
2 3 8
2 4 2
2 4 4
2 4 5
2 4 7
2 4 9
2 4 11
2 5 1
2 5 2
2 5 3
2 5 5
2 5 6
2 5 7
2 5 8
2 5 9
2 5 10
2 6 4
2 6 6
2 6 7
2 6 8
2 7 2
2 7 7
2 7 9
2 7 10
2 7 11
2 8 0
2 8 6
2 8 7
2 8 9
2 8 10
2 9 0
2 9 3
2 9 6
2 9 7
2 9 9
2 9 11
2 10 1
2 10 2
2 10 4
2 10 7
2 11 0
2 11 1
2 11 6
2 11 8
2 12 0
2 12 5
2 12 6
2 12 11
2 13 1
2 13 2
2 13 3
2 13 6
2 13 7
2 13 10
2 13 11
2 14 1
2 14 4
2 14 7
2 14 8
2 15 2
2 15 3
2 15 4
2 15 5
2 15 8
2 15 10
2 16 0
2 16 1
2 16 3
2 16 4
2 16 5
2 16 6
2 17 0
2 17 8
2 17 10
2 18 0
2 18 3
2 18 4
2 18 6
2 18 7
2 18 10
2 18 11
2 19 0
2 19 1
2 19 2
2 19 4
2 19 6
2 19 7
2 19 10
2 19 11
2 20 2
2 20 6
2 20 7
2 20 8
2 20 11
3 0 1
3 0 5
3 0 7
3 0 11
3 1 0
3 1 2
3 1 3
3 1 4
3 1 7
3 1 9
3 1 10
3 1 11
3 2 0
3 2 1
3 2 2
3 2 3
3 2 4
3 2 9
3 2 11
3 2 12
3 3 1
3 3 10
3 3 12
3 4 3
3 4 7
3 4 9
3 4 10
3 4 11
3 4 12
3 5 0
3 5 4
3 5 8
3 5 11
3 5 12
3 6 0
3 6 2
3 6 5
3 6 6
3 6 7
3 6 8
3 6 9
3 6 11
3 6 12
3 7 1
3 7 2
3 7 3
3 7 5
3 7 11
3 8 0
3 8 1
3 8 2
3 8 5
3 8 6
3 9 4
3 9 5
3 9 6
3 9 8
3 9 12
3 10 0
3 10 3
3 10 4
3 10 5
3 10 7
3 10 8
3 10 11
3 11 7
3 11 8
3 11 10
3 11 11
3 11 12
4 0 0
4 0 4
4 0 6
4 0 7
4 0 11
4 0 13
4 0 16
4 0 19
4 0 21
4 0 26
4 0 27
4 0 28
4 0 31
4 0 32
4 0 34
4 0 35
4 0 39
4 0 43
4 0 45
4 0 46
4 0 49
4 0 51
4 0 55
4 0 59
4 0 61
4 0 65
4 0 66
4 0 67
4 0 68
4 0 69
4 0 74
4 0 75
4 0 76
4 0 77
4 0 80
4 0 81
4 1 5
4 1 8
4 1 10
4 1 11
4 1 12
4 1 18
4 1 20
4 1 24
4 1 26
4 1 28
4 1 30
4 1 31
4 1 32
4 1 33
4 1 35
4 1 38
4 1 41
4 1 42
4 1 43
4 1 46
4 1 47
4 1 49
4 1 50
4 1 53
4 1 54
4 1 55
4 1 56
4 1 57
4 1 59
4 1 65
4 1 70
4 1 73
4 1 75
4 1 78
4 2 0
4 2 1
4 2 3
4 2 4
4 2 7
4 2 10
4 2 11
4 2 13
4 2 15
4 2 17
4 2 18
4 2 24
4 2 26
4 2 28
4 2 29
4 2 32
4 2 33
4 2 41
4 2 42
4 2 43
4 2 44
4 2 45
4 2 52
4 2 56
4 2 57
4 2 58
4 2 60
4 2 61
4 2 62
4 2 63
4 2 66
4 2 67
4 2 69
4 2 70
4 2 73
4 2 75
4 2 78
4 2 81
4 3 4
4 3 7
4 3 8
4 3 9
4 3 10
4 3 12
4 3 13
4 3 19
4 3 21
4 3 22
4 3 24
4 3 29
4 3 30
4 3 31
4 3 34
4 3 36
4 3 37
4 3 39
4 3 41
4 3 42
4 3 46
4 3 47
4 3 49
4 3 51
4 3 52
4 3 54
4 3 56
4 3 59
4 3 62
4 3 64
4 3 65
4 3 66
4 3 69
4 3 71
4 3 72
4 3 75
4 3 81
4 4 3
4 4 4
4 4 5
4 4 6
4 4 13
4 4 15
4 4 18
4 4 20
4 4 21
4 4 22
4 4 23
4 4 25
4 4 26
4 4 32
4 4 34
4 4 35
4 4 37
4 4 38
4 4 42
4 4 45
4 4 46
4 4 49
4 4 51
4 4 53
4 4 54
4 4 57
4 4 59
4 4 61
4 4 62
4 4 64
4 4 65
4 4 66
4 4 68
4 4 70
4 4 71
4 4 75
4 4 76
4 4 77
4 5 2
4 5 8
4 5 9
4 5 11
4 5 14
4 5 15
4 5 19
4 5 20
4 5 22
4 5 26
4 5 28
4 5 32
4 5 36
4 5 41
4 5 44
4 5 48
4 5 51
4 5 52
4 5 53
4 5 55
4 5 58
4 5 59
4 5 61
4 5 72
4 5 75
4 5 76
4 5 77
4 5 79
4 5 80
4 5 81
4 6 0
4 6 3
4 6 4
4 6 6
4 6 8
4 6 11
4 6 12
4 6 14
4 6 17
4 6 19
4 6 20
4 6 21
4 6 26
4 6 27
4 6 31
4 6 34
4 6 35
4 6 38
4 6 39
4 6 40
4 6 43
4 6 53
4 6 55
4 6 57
4 6 58
4 6 61
4 6 63
4 6 64
4 6 67
4 6 71
4 6 74
4 6 77
4 6 78
4 6 81
4 7 3
4 7 4
4 7 5
4 7 7
4 7 8
4 7 13
4 7 14
4 7 17
4 7 19
4 7 20
4 7 22
4 7 28
4 7 34
4 7 38
4 7 50
4 7 51
4 7 56
4 7 57
4 7 60
4 7 61
4 7 62
4 7 64
4 7 65
4 7 66
4 7 71
4 7 72
4 7 73
4 7 76
4 7 77
4 7 78
4 7 80
4 8 1
4 8 2
4 8 4
4 8 7
4 8 8
4 8 9
4 8 10
4 8 13
4 8 14
4 8 16
4 8 18
4 8 21
4 8 24
4 8 31
4 8 32
4 8 33
4 8 34
4 8 35
4 8 37
4 8 41
4 8 42
4 8 47
4 8 53
4 8 55
4 8 56
4 8 57
4 8 61
4 8 63
4 8 64
4 8 65
4 8 67
4 8 69
4 8 73
4 8 76
4 8 80
4 8 81
4 9 0
4 9 2
4 9 7
4 9 9
4 9 11
4 9 12
4 9 13
4 9 17
4 9 18
4 9 22
4 9 23
4 9 24
4 9 25
4 9 26
4 9 27
4 9 33
4 9 34
4 9 36
4 9 37
4 9 44
4 9 48
4 9 50
4 9 51
4 9 57
4 9 58
4 9 68
4 9 70
4 9 71
4 9 75
4 9 77
4 9 79
4 10 5
4 10 7
4 10 8
4 10 9
4 10 14
4 10 16
4 10 17
4 10 20
4 10 22
4 10 23
4 10 25
4 10 26
4 10 27
4 10 29
4 10 32
4 10 35
4 10 37
4 10 39
4 10 42
4 10 43
4 10 45
4 10 46
4 10 48
4 10 49
4 10 53
4 10 55
4 10 56
4 10 59
4 10 64
4 10 65
4 10 66
4 10 67
4 10 68
4 10 69
4 10 71
4 10 72
4 10 75
4 10 78
4 10 81
4 11 0
4 11 2
4 11 3
4 11 4
4 11 5
4 11 8
4 11 10
4 11 13
4 11 14
4 11 15
4 11 16
4 11 20
4 11 23
4 11 27
4 11 34
4 11 36
4 11 37
4 11 39
4 11 42
4 11 44
4 11 46
4 11 57
4 11 58
4 11 61
4 11 63
4 11 64
4 11 65
4 11 66
4 11 67
4 11 68
4 11 70
4 11 75
4 11 76
4 11 78
4 11 81
4 12 0
4 12 1
4 12 3
4 12 4
4 12 7
4 12 8
4 12 9
4 12 12
4 12 13
4 12 20
4 12 21
4 12 23
4 12 24
4 12 25
4 12 27
4 12 29
4 12 33
4 12 34
4 12 37
4 12 38
4 12 41
4 12 43
4 12 45
4 12 48
4 12 51
4 12 52
4 12 53
4 12 54
4 12 55
4 12 57
4 12 59
4 12 65
4 12 66
4 12 70
4 12 71
4 12 75
4 12 77
4 12 78
4 12 81