123
6
33 16 23 38 10 40
793

579 249 13 0 0 0 0 588 0 0 0 718 218 0 745 786 387 0 0 0 0 0 0 971 0 0 610 655 796 0 0 0 478
908 0 0 329 378 0 0 101 0 0 0 0 143 733 0 0
891 183 887 0 0 0 897 798 0 968 675 0 668 0 179 701 0 0 0 0 0 0 0
0 751 0 0 119 0 364 378 726 0 15 93 0 0 0 0 0 0 0 352 458 0 727 0 448 116 0 0 0 653 0 343 0 858 416 527 449 0
642 0 0 623 657 0 16 0 808 0
0 0 0 309 0 334 0 0 0 463 554 146 0 705 0 4 844 0 0 0 0 36 198 0 0 0 0 183 0 73 706 0 612 0 0 0 0 0 0 0

0 0 6
0 0 9
0 0 10
0 1 2
0 1 11
0 1 12
0 1 15
0 2 4
0 2 5
0 2 6
0 3 0
0 3 4
0 3 6
0 3 10
0 3 11
0 3 14
0 4 6
0 4 7
0 4 14
0 5 7
0 5 13
0 5 14
0 6 2
0 6 6
0 6 15
0 7 2
0 7 4
0 7 6
0 7 10
0 7 13
0 7 14
0 8 5
0 8 13
0 9 5
0 9 6
0 9 13
0 10 1
0 10 4
0 10 5
0 10 7
0 10 9
0 10 10
0 10 12
0 10 14
0 10 15
0 11 4
0 11 9
0 12 1
0 12 2
0 12 5
0 12 9
0 12 12
0 12 13
0 12 15
0 13 0
0 13 3
0 13 6
0 13 10
0 13 13
0 13 14
0 13 15
0 14 4
0 14 6
0 14 10
0 14 11
0 14 13
0 15 0
0 15 4
0 15 5
0 16 1
0 16 3
0 16 8
0 17 1
0 17 8
0 17 9
0 18 12
0 18 14
0 19 2
0 19 3
0 19 4
0 19 7
0 19 10
0 19 11
0 19 14
0 20 3
0 20 6
0 20 7
0 20 8
0 20 11
0 21 1
0 21 2
0 21 8
0 21 12
0 21 13
0 21 15
0 22 0
0 22 1
0 22 4
0 22 7
0 22 12
0 22 14
0 23 0
0 23 2
0 23 5
0 23 7
0 23 8
0 23 9
0 23 12
0 23 14
0 23 15
0 24 1
0 24 2
0 24 3
0 24 6
0 24 8
0 24 9
0 24 10
0 24 11
0 24 12
0 24 14
0 25 8
0 25 13
0 26 1
0 26 2
0 26 8
0 26 9
0 26 12
0 27 0
0 27 1
0 27 3
0 27 6
0 27 9
0 27 10
0 27 11
0 27 12
0 27 13
0 28 1
0 28 3
0 28 4
0 28 9
0 28 10
0 28 11
0 28 13
0 28 15
0 29 2
0 29 5
0 29 10
0 29 13
0 30 2
0 30 4
0 30 7
0 30 8
0 31 3
0 31 5
0 31 9
0 31 10
0 31 14
0 31 15
0 32 0
0 32 7
0 32 8
0 32 13
1 0 5
1 0 8
1 0 9
1 0 12
1 0 14
1 0 17
1 1 0
1 1 3
1 1 4
1 1 10
1 1 17
1 2 2
1 2 6
1 2 9
1 2 15
1 2 20
1 2 22
1 3 0
1 3 9
1 3 17
1 3 20
1 3 21
1 4 1
1 4 7
1 4 9
1 4 11
1 4 14
1 4 18
1 4 21
1 4 22
1 5 2
1 5 3
1 5 5
1 5 10
1 5 12
1 5 15
1 5 19
1 5 20
1 6 0
1 6 2
1 6 6
1 6 12
1 6 22
1 7 1
1 7 2
1 7 3
1 7 4
1 7 5
1 7 6
1 7 8
1 7 12
1 7 14
1 7 15
1 7 16
1 7 19
1 7 22
1 8 1
1 8 6
1 8 11
1 8 15
1 8 16
1 8 17
1 8 20
1 9 0
1 9 9
1 9 12
1 9 15
1 9 21
1 10 0
1 10 8
1 10 11
1 10 14
1 10 18
1 10 19
1 11 0
1 11 8
1 11 10
1 11 20
1 12 0
1 12 4
1 12 9
1 12 11
1 12 13
1 12 14
1 12 21
1 13 0
1 13 1
1 13 2
1 13 11
1 13 12
1 13 18
1 13 19
1 13 20
1 13 22
1 14 4
1 14 9
1 14 11
1 14 20
1 14 21
1 15 5
1 15 10
1 15 11
1 15 12
2 0 6
2 0 12
2 0 16
2 0 18
2 0 22
2 0 24
2 0 27
2 0 28
2 0 31
2 1 2
2 1 3
2 1 6
2 1 12
2 1 13
2 1 20
2 1 26
2 1 27
2 1 31
2 1 32
2 1 36
2 2 3
2 2 5
2 2 7
2 2 8
2 2 10
2 2 14
2 2 18
2 2 19
2 2 23
2 2 24
2 2 25
2 2 30
2 2 31
2 2 36
2 2 37
2 3 11
2 3 12
2 3 15
2 3 20
2 3 22
2 3 36
2 4 0
2 4 1
2 4 6
2 4 7
2 4 10
2 4 14
2 4 16
2 4 21
2 4 23
2 4 25
2 4 26
2 4 30
2 4 33
2 4 35
2 4 36
2 4 37
2 5 0
2 5 2
2 5 4
2 5 6
2 5 7
2 5 8
2 5 9
2 5 11
2 5 12
2 5 13
2 5 16
2 5 17
2 5 18
2 5 20
2 5 21
2 5 23
2 5 26
2 5 28
2 6 8
2 6 11
2 6 21
2 6 23
2 6 28
2 6 31
2 6 34
2 7 3
2 7 5
2 7 11
2 7 13
2 7 20
2 7 23
2 7 26
2 7 27
2 7 28
2 7 30
2 7 35
2 7 37
2 8 1
2 8 3
2 8 8
2 8 12
2 8 14
2 8 19
2 8 24
2 8 26
2 8 30
2 8 33
2 8 35
2 8 36
2 9 0
2 9 1
2 9 2
2 9 5
2 9 8
2 9 9
2 9 11
2 9 16
2 9 17
2 9 19
2 9 26
2 9 28
2 9 29
2 9 37
2 10 1
2 10 7
2 10 8
2 10 9
2 10 13
2 10 14
2 10 19
2 10 21
2 10 26
2 10 28
2 10 29
2 10 32
2 10 36
2 10 37
2 11 1
2 11 2
2 11 3
2 11 6
2 11 12
2 11 14
2 11 15
2 11 17
2 11 20
2 11 21
2 11 28
2 11 29
2 11 30
2 11 35
2 12 1
2 12 11
2 12 13
2 12 15
2 12 16
2 12 17
2 12 18
2 12 20
2 12 23
2 12 24
2 12 25
2 12 26
2 12 27
2 12 28
2 12 29
2 12 33
2 12 37
2 13 3
2 13 6
2 13 7
2 13 9
2 13 11
2 13 12
2 13 15
2 13 17
2 13 18
2 13 23
2 13 26
2 13 30
2 13 33
2 13 36
2 14 0
2 14 1
2 14 9
2 14 11
2 14 13
2 14 14
2 14 18
2 14 20
2 14 30
2 14 35
2 15 1
2 15 5
2 15 7
2 15 11
2 15 12
2 15 13
2 15 14
2 15 15
2 15 19
2 15 24
2 15 26
2 15 29
2 15 30
2 15 32
2 15 35
2 16 2
2 16 6
2 16 8
2 16 15
2 16 20
2 16 21
2 16 24
2 16 29
2 16 32
2 16 33
2 16 35
2 16 36
2 16 37
2 17 1
2 17 4
2 17 6
2 17 7
2 17 8
2 17 13
2 17 14
2 17 17
2 17 18
2 17 21
2 17 22
2 17 24
2 17 25
2 17 29
2 17 31
2 17 32
2 17 36
2 18 2
2 18 3
2 18 5
2 18 7
2 18 10
2 18 11
2 18 12
2 18 15
2 18 16
2 18 19
2 18 20
2 18 22
2 18 23
2 18 24
2 18 25
2 18 27
2 18 28
2 18 30
2 18 35
2 18 37
2 19 2
2 19 3
2 19 4
2 19 8
2 19 9
2 19 13
2 19 14
2 19 15
2 19 17
2 19 18
2 19 23
2 19 27
2 19 28
2 19 36
2 19 37
2 20 0
2 20 2
2 20 6
2 20 12
2 20 13
2 20 15
2 20 17
2 20 23
2 20 33
2 21 3
2 21 4
2 21 5
2 21 9
2 21 12
2 21 16
2 21 18
2 21 20
2 21 25
2 21 27
2 21 28
2 21 29
2 21 30
2 21 31
2 21 35
2 21 36
2 21 37
2 22 0
2 22 1
2 22 4
2 22 6
2 22 9
2 22 11
2 22 18
2 22 20
2 22 23
2 22 30
2 22 33
2 22 34
2 22 35
2 22 36
3 0 7
3 1 0
3 1 4
3 1 6
3 2 0
3 2 1
3 2 3
3 2 6
3 2 8
3 4 0
3 4 1
3 4 2
3 4 4
3 4 8
3 5 7
3 5 8
3 6 4
3 8 0
3 8 2
3 8 5
3 8 7
3 8 8
3 8 9
3 9 4
3 9 9
3 10 2
3 10 6
3 10 8
3 10 9
3 11 2
3 12 7
3 13 0
3 13 1
3 13 6
3 13 8
3 14 0
3 14 2
3 14 3
3 14 6
3 15 1
3 15 6
3 15 7
3 16 0
3 16 9
3 17 0
3 17 1
3 17 5
3 18 1
3 18 5
3 18 9
3 19 0
3 19 2
3 19 3
3 19 4
3 19 6
3 19 7
3 20 2
3 20 3
3 20 5
3 20 6
3 20 7
3 21 0
3 21 1
3 22 0
3 22 2
3 22 4
3 22 5
3 22 6
3 24 7
3 24 9
3 25 5
3 25 7
3 26 1
3 26 5
3 26 6
3 27 1
3 27 3
3 27 6
3 27 9
3 28 1
3 29 0
3 29 7
3 29 8
3 29 9
3 30 1
3 30 6
3 30 7
3 31 2
3 31 6
3 31 8
3 31 9
3 32 0
3 32 1
3 33 5
3 33 8
3 35 2
3 35 3
3 35 5
3 36 2
3 36 4
3 36 9
3 37 0
3 37 4
3 37 5
3 37 8
4 0 0
4 0 7
4 0 9
4 0 16
4 0 17
4 0 19
4 0 23
4 0 30
4 0 37
4 1 4
4 1 9
4 1 16
4 1 17
4 1 18
4 1 24
4 1 29
4 1 33
4 1 35
4 1 36
4 1 37
4 1 38
4 2 1
4 2 4
4 2 14
4 2 15
4 2 18
4 2 25
4 2 28
4 2 33
4 2 34
4 2 39
4 3 8
4 3 11
4 3 17
4 3 27
4 3 29
4 3 30
4 3 31
4 3 33
4 3 34
4 3 35
4 4 2
4 4 17
4 4 18
4 4 19
4 4 22
4 4 23
4 4 24
4 4 26
4 4 29
4 4 31
4 4 33
4 4 35
4 4 36
4 4 39
4 5 7
4 5 11
4 5 12
4 5 13
4 5 15
4 5 19
4 5 29
4 5 31
4 5 36
4 5 39
4 6 1
4 6 2
4 6 6
4 6 11
4 6 13
4 6 18
4 6 21
4 6 25
4 6 27
4 6 28
4 6 31
4 6 33
4 6 35
4 6 36
4 7 4
4 7 7
4 7 10
4 7 15
4 7 16
4 7 19
4 7 20
4 7 21
4 7 22
4 7 24
4 7 27
4 7 31
4 7 36
4 7 39
4 8 3
4 8 6
4 8 10
4 8 14
4 8 19
4 8 21
4 8 23
4 8 25
4 8 27
4 8 34
4 8 36
4 8 39
4 9 2
4 9 4
4 9 9
4 9 11
4 9 18
4 9 19
4 9 29
4 9 36
4 9 38