534
6
10 13 23 14 83 17
391

0 0 0 0 36 761 444 0 953 0
0 0 676 518 0 222 79 595 238 0 755 0 0
0 0 0 0 663 0 0 0 0 188 0 0 0 0 446 828 429 0 172 410 434 0 220
479 687 0 260 187 0 0 0 0 394 478 62 0 0
0 0 424 171 638 728 932 509 279 448 796 36 0 0 100 0 0 341 474 0 570 430 98 0 44 0 0 46 703 0 66 21 7 212 20 0 0 424 817 0 244 587 0 336 773 349 64 0 0 0 664 422 962 610 6 563 313 0 0 0 0 320 509 0 0 830 0 384 690 0 841 0 929 696 269 144 43 0 947 0 0 0 994
120 0 724 0 980 266 938 0 820 0 0 100 0 0 0 0 523

0 0 5
0 1 5
0 1 9
0 2 0
0 2 4
0 4 5
0 4 6
0 5 5
0 5 12
0 6 8
0 6 9
0 7 2
0 9 11
1 0 0
1 0 12
1 0 13
1 0 21
1 1 6
1 1 11
1 2 20
1 2 22
1 3 1
1 3 13
1 3 14
1 3 18
1 4 18
1 4 21
1 5 2
1 5 10
1 7 14
1 7 21
1 8 9
1 8 11
1 8 21
1 9 7
1 11 5
1 11 8
1 11 18
1 12 2
1 12 5
1 12 7
1 12 9
1 12 18
2 0 9
2 0 11
2 1 4
2 2 1
2 2 4
2 2 6
2 2 7
2 2 11
2 3 0
2 3 1
2 3 9
2 4 13
2 6 1
2 6 12
2 8 10
2 9 3
2 9 6
2 9 12
2 10 1
2 10 4
2 12 13
2 13 0
2 13 10
2 16 9
2 16 13
2 17 2
2 17 13
2 18 1
2 19 7
2 19 8
2 19 12
2 20 2
2 21 5
3 0 6
3 0 9
3 0 10
3 0 38
3 0 40
3 0 44
3 0 45
3 0 54
3 0 60
3 0 63
3 0 64
3 0 78
3 1 2
3 1 3
3 1 5
3 1 7
3 1 8
3 1 11
3 1 12
3 1 17
3 1 23
3 1 39
3 1 47
3 1 52
3 1 53
3 1 57
3 1 58
3 1 72
3 2 9
3 2 16
3 2 41
3 2 45
3 2 46
3 2 77
3 2 82
3 3 19
3 3 26
3 3 33
3 3 40
3 3 46
3 3 64
3 3 65
3 3 70
3 3 80
3 4 23
3 4 35
3 4 55
3 4 61
3 4 63
3 4 66
3 4 69
3 4 74
3 4 82
3 5 1
3 5 2
3 5 15
3 5 23
3 5 30
3 5 31
3 5 49
3 5 59
3 5 82
3 6 0
3 6 5
3 6 30
3 6 36
3 6 44
3 6 46
3 6 55
3 6 59
3 7 12
3 7 17
3 7 31
3 7 36
3 7 45
3 7 57
3 7 73
3 7 78
3 7 79
3 8 14
3 8 20
3 8 31
3 8 38
3 8 61
3 8 64
3 8 70
3 8 78
3 8 81
3 9 26
3 9 31
3 9 41
3 9 43
3 9 58
3 9 71
3 9 73
3 9 76
3 9 77
3 9 79
3 9 81
3 10 2
3 10 26
3 10 31
3 10 39
3 10 41
3 10 44
3 10 49
3 10 55
3 10 71
3 10 79
3 11 24
3 11 32
3 11 33
3 11 39
3 11 64
3 11 72
3 11 80
3 12 13
3 12 24
3 12 25
3 12 27
3 12 30
3 12 31
3 12 47
3 12 55
3 12 59
3 12 73
3 12 74
3 13 10
3 13 17
3 13 22
3 13 38
3 13 61
3 13 70
3 13 76
4 0 7
4 1 12
4 1 15
4 2 0
4 2 9
4 2 13
4 2 16
4 3 10
4 4 1
4 4 7
4 4 13
4 6 4
4 6 13
4 7 12
4 8 3
4 8 5
4 8 6
4 8 8
4 9 0
4 9 1
4 9 13
4 9 15
4 10 6
4 10 16
4 13 8
4 14 12
4 14 13
4 15 9
4 15 11
4 15 14
4 15 16
4 16 8
4 16 11
4 16 16
4 17 0
4 18 3
4 18 4
4 18 16
4 19 0
4 19 4
4 19 10
4 19 12
4 19 14
4 20 2
4 20 7
4 20 10
4 20 11
4 20 12
4 20 13
4 21 11
4 21 16
4 22 4
4 22 7
4 23 5
4 23 7
4 23 14
4 24 1
4 24 13
4 24 16
4 25 3
4 25 5
4 25 7
4 26 4
4 27 0
4 27 5
4 27 6
4 27 16
4 28 0
4 28 3
4 28 14
4 30 8
4 30 14
4 30 15
4 31 10
4 31 14
4 32 3
4 32 4
4 32 11
4 32 12
4 33 0
4 33 2
4 33 14
4 33 16
4 34 4
4 34 13
4 35 3
4 35 6
4 36 2
4 36 8
4 36 11
4 37 0
4 38 11
4 38 16
4 39 13
4 40 2
4 40 7
4 40 14
4 41 13
4 42 3
4 42 10
4 43 6
4 44 0
4 44 10
4 44 16
4 45 15
4 46 14
4 46 16
4 47 2
4 47 4
4 48 7
4 48 13
4 49 3
4 49 5
4 49 6
4 49 7
4 49 8
4 50 9
4 51 6
4 52 13
4 54 5
4 54 15
4 55 2
4 55 8
4 55 15
4 56 3
4 56 4
4 56 13
4 56 14
4 56 16
4 57 4
4 58 8
4 58 13
4 59 5
4 60 3
4 61 4
4 61 9
4 62 0
4 63 0
4 63 5
4 63 7
4 64 2
4 64 3
4 65 3
4 65 4
4 65 7
4 66 7
4 66 9
4 67 2
4 67 6
4 67 7
4 67 12
4 68 12
4 68 16
4 69 0
4 69 3
4 69 4
4 69 8
4 69 12
4 71 11
4 71 16
4 72 4
4 72 5
4 72 11
4 72 14
4 73 2
4 73 12
4 74 12
4 75 1
4 75 5
4 75 6
4 76 1
4 76 7
4 76 10
4 77 14
4 78 7
4 78 12
4 79 7
4 81 16
4 82 5
4 82 6
4 82 9