666
6
252 253 371 225 265 269
6483

0 0 244 48 463 200 0 397 293 0 732 0 0 0 728 350 0 979 0 74 326 0 0 0 0 667 0 0 0 219 1 0 0 0 270 0 0 0 868 0 299 734 0 772 578 0 181 0 0 0 861 0 0 0 292 0 420 446 0 0 0 0 0 883 162 0 0 0 0 129 0 50 0 448 451 0 0 0 548 118 0 0 27 75 0 0 0 44 88 0 5 0 0 48 55 92 96 0 0 66 31 0 0 46 0 0 0 0 80 0 76 0 0 37 0 14 0 66 0 58 36 0 8 0 0 0 0 80 17 32 13 23 0 95 0 78 0 0 0 0 0 14 84 65 0 53 0 61 14 97 0 0 0 0 0 4 28 0 0 0 0 0 94 0 0 64 0 34 0 0 0 0 0 21 0 0 86 0 0 37 0 0 0 88 0 61 87 0 90 0 0 0 0 0 67 42 0 0 0 0 0 0 56 0 0 0 65 36 80 0 0 0 0 26 37 10 0 15 85 27 0 17 0 0 0 0 0 31 46 83 0 0 14 93 59 58 55 0 0 88 0 0 0 31 0 3 65 0 44 9 81 0
0 791 0 30 0 0 83 0 0 708 409 393 0 0 629 313 0 38 0 200 0 0 273 171 0 0 0 0 0 0 0 0 0 757 783 0 38 166 525 0 0 821 1000 0 0 0 702 13 0 0 488 0 902 0 555 0 146 0 0 0 0 0 0 0 155 0 0 505 0 0 420 0 0 0 0 0 68 0 861 0 197 0 0 63 86 0 0 0 0 85 100 0 57 0 12 0 64 95 66 0 0 0 39 0 66 86 33 0 70 42 53 49 0 63 0 19 0 24 0 0 29 69 0 0 33 83 73 63 57 20 95 0 0 0 0 0 0 8 27 99 98 0 58 2 41 28 16 0 35 58 0 68 0 65 12 54 0 93 90 0 0 0 61 0 0 40 30 0 0 0 71 0 0 38 0 0 0 90 11 99 0 45 0 0 68 85 0 0 64 0 0 82 0 13 0 0 0 67 0 0 36 74 76 84 0 0 50 0 0 56 3 51 75 0 37 29 69 0 72 0 94 0 26 21 0 16 14 0 53 9 54 73 0 0 50 0 60 59 0 0 0 27 0 0 8 0 0 44 30 37 69 0 8
477 99 761 0 0 955 484 264 0 108 0 193 0 33 0 0 0 0 0 0 0 0 911 0 357 0 710 0 0 669 687 714 414 0 0 17 381 581 120 721 0 0 0 723 561 0 836 0 44 0 0 0 410 102 0 416 401 0 642 81 0 0 368 0 0 363 0 67 0 0 854 95 272 0 312 0 288 719 670 0 297 408 141 0 963 0 0 0 38 0 0 0 370 0 417 743 0 467 0 0 758 625 0 0 0 0 0 87 826 690 645 101 0 253 634 0 0 0 0 0 527 0 66 0 66 0 78 0 0 57 24 98 100 88 68 0 0 0 40 96 51 79 97 98 0 82 49 0 97 0 0 0 24 22 20 98 0 17 0 0 56 96 17 59 92 74 7 53 0 0 18 0 0 0 0 0 44 49 0 0 14 13 4 85 0 0 69 0 0 47 0 0 0 0 82 0 0 99 0 99 23 0 0 57 0 79 0 38 0 0 38 0 91 0 0 49 0 0 49 58 23 51 0 0 40 0 24 76 86 0 0 80 0 0 88 33 0 0 93 84 0 0 97 0 8 66 77 61 4 68 0 0 1 0 0 77 0 93 0 90 2 0 0 0 17 0 0 0 51 0 0 8 0 66 9 39 0 21 31 15 45 75 0 15 0 0 13 42 0 90 0 47 7 0 58 0 79 42 77 0 0 0 28 43 50 15 38 0 0 56 0 0 0 39 0 46 64 94 0 45 55 0 0 0 0 0 39 31 87 0 89 18 0 60 10 3 59 70 43 0 0 87 0 0 0 10 65 0 66 0 85 0 4 40 0 0 0 48 17 0 61 27 51 0 0 0 9 0 0 59 0
0 0 0 0 900 0 0 69 0 0 0 0 0 341 0 0 900 0 796 0 58 17 0 0 376 0 0 615 0 422 353 0 0 0 37 805 0 0 0 0 162 0 766 650 262 0 7 602 0 0 0 596 0 0 222 0 0 336 0 0 405 581 0 803 717 0 12 0 0 0 659 0 654 0 34 78 0 0 0 84 0 0 38 55 0 0 0 72 53 0 0 0 88 69 54 53 0 0 0 94 0 54 0 59 0 0 81 73 0 83 0 72 0 10 70 0 0 35 9 0 77 52 0 100 0 96 0 0 76 0 6 0 0 0 9 37 99 62 46 0 14 73 0 0 50 65 75 0 20 0 0 0 0 54 88 0 85 0 0 29 74 0 16 0 0 0 0 91 0 28 70 0 0 66 98 66 0 0 23 47 0 0 89 0 0 64 0 0 0 0 0 15 52 51 46 0 59 5 0 0 46 80 0 100 0 33 0 0 68 33 0 0 38 0 0 0 0 34 77 0 58 0 0 0 0
0 767 0 0 83 499 76 461 0 0 0 921 0 0 0 0 351 0 0 0 766 0 459 216 951 293 546 0 0 0 0 892 850 327 246 661 275 0 303 0 0 0 578 734 808 0 985 0 0 183 884 73 456 0 0 593 0 0 285 0 746 227 934 0 0 0 0 0 0 0 0 139 368 0 564 0 277 0 611 0 0 571 0 0 0 102 0 0 38 47 0 69 0 0 80 0 76 0 14 25 85 0 0 82 60 1 0 0 28 77 0 0 0 55 28 89 4 46 48 0 0 0 0 0 0 54 0 81 89 0 15 98 0 0 0 40 0 0 0 78 0 72 0 0 79 0 35 7 0 0 0 78 0 0 0 36 0 62 0 46 0 0 24 0 81 100 0 68 94 84 45 26 30 53 0 60 35 0 10 37 44 0 0 0 0 0 0 0 38 90 82 0 35 0 23 75 0 0 0 0 0 0 67 72 54 0 0 9 85 0 72 0 0 0 0 29 63 0 18 68 0 86 15 0 0 90 0 0 0 0 0 7 40 88 0 0 44 71 0 12 91 0 0 0 0 21 10 65 18 28 0 20 0 84 32 68 0 31 59 0 99 0 0 0 0
391 0 677 0 796 778 0 390 189 39 907 525 0 0 0 0 222 0 0 7 687 991 0 0 289 0 0 151 0 483 880 0 0 0 761 924 855 0 132 0 0 732 965 959 0 0 0 0 0 301 0 0 223 585 0 678 751 0 327 0 552 131 0 272 270 771 0 949 599 177 0 555 0 0 0 0 0 0 368 807 745 0 649 952 666 0 0 822 0 0 52 57 0 0 83 8 0 75 0 73 0 37 57 10 0 0 63 0 0 0 81 0 42 0 0 0 37 0 0 75 52 0 0 12 0 0 0 89 30 88 37 0 0 16 77 62 0 0 0 24 51 30 33 70 0 0 21 0 74 0 83 39 0 77 61 0 38 11 85 0 0 0 60 0 58 0 27 85 0 4 0 0 0 15 0 27 72 65 48 47 0 0 78 61 0 13 0 0 37 59 0 0 0 48 0 21 50 93 0 94 88 52 77 100 10 1 0 0 18 64 0 5 6 0 36 0 0 10 0 0 70 0 0 29 24 6 87 57 0 98 0 0 52 0 0 27 0 81 0 0 0 67 0 0 45 0 39 77 0 70 94 52 0 26 63 0 37 1 0 35 0 56 79 0 85 0 32 0 29

0 0 2
0 0 19
0 0 25
0 0 28
0 0 34
0 0 36
0 0 55
0 0 57
0 0 169
0 0 239
0 1 10
0 1 43
0 1 51
0 2 8
0 2 14
0 2 35
0 2 43
0 2 47
0 2 69
0 2 74
0 2 78
0 2 213
0 3 2
0 3 28
0 3 73
0 3 171
0 4 30
0 5 2
0 5 9
0 5 22
0 5 23
0 5 57
0 5 64
0 5 66
0 5 90
0 6 8
0 6 15
0 6 26
0 6 35
0 6 57
0 6 59
0 6 61
0 6 70
0 6 76
0 6 78
0 6 187
0 7 19
0 7 21
0 7 37
0 7 44
0 7 64
0 7 67
0 7 191
0 7 238
0 8 18
0 8 27
0 8 31
0 8 72
0 8 73
0 8 211
0 9 7
0 9 32
0 9 33
0 9 44
0 9 64
0 9 66
0 9 74
0 9 82
0 9 100
0 9 115
0 9 129
0 10 9
0 10 43
0 10 47
0 10 51
0 10 105
0 11 4
0 11 9
0 11 46
0 11 64
0 11 66
0 11 77
0 11 79
0 11 81
0 11 159
0 11 161
0 11 163
0 11 186
0 12 13
0 12 42
0 12 45
0 12 62
0 12 65
0 12 67
0 12 70
0 12 95
0 12 103
0 12 191
0 13 12
0 13 28
0 13 29
0 13 32
0 13 36
0 13 43
0 13 50
0 13 72
0 14 1
0 14 8
0 14 11
0 14 17
0 14 25
0 14 28
0 14 37
0 14 48
0 14 65
0 14 143
0 14 195
0 15 1
0 15 2
0 15 19
0 15 27
0 15 33
0 15 47
0 15 49
0 15 57
0 15 67
0 15 77
0 15 110
0 15 203
0 15 224
0 16 31
0 16 38
0 16 43
0 16 141
0 17 13
0 17 18
0 17 33
0 17 36
0 17 37
0 17 77
0 17 89
0 17 133
0 17 174
0 17 179
0 17 204
0 18 4
0 18 9
0 18 11
0 18 43
0 18 45
0 18 55
0 18 69
0 18 113
0 18 216
0 19 6
0 19 27
0 19 32
0 19 48
0 19 60
0 19 65
0 19 76
0 19 156
0 19 242
0 20 22
0 20 37
0 20 55
0 20 68
0 20 70
0 21 1
0 21 44
0 21 58
0 21 59
0 21 60
0 21 64
0 21 66
0 21 73
0 21 143
0 21 212
0 22 36
0 22 39
0 22 41
0 22 44
0 22 68
0 22 94
0 23 2
0 23 7
0 23 34
0 23 64
0 23 65
0 23 69
0 23 163
0 24 13
0 24 19
0 24 27
0 24 54
0 24 141
0 25 56
0 25 57
0 25 146
0 25 157
0 26 10
0 26 25
0 26 43
0 26 48
0 26 51
0 26 72
0 26 104
0 26 145
0 26 226
0 27 26
0 27 45
0 27 54
0 27 57
0 27 66
0 27 69
0 27 76
0 27 102
0 27 136
0 27 147
0 27 208
0 28 12
0 28 30
0 28 42
0 28 45
0 29 6
0 29 65
0 29 90
0 29 146
0 29 154
0 30 14
0 30 20
0 30 47
0 30 48
0 30 49
0 30 56
0 30 69
0 31 4
0 31 41
0 31 67
0 31 74
0 31 234
0 32 7
0 32 19
0 32 36
0 32 43
0 32 64
0 32 70
0 32 109
0 32 132
0 32 165
0 32 210
0 33 18
0 33 31
0 33 32
0 33 41
0 33 66
0 33 76
0 33 81
0 33 252
0 34 6
0 34 13
0 34 48
0 34 49
0 34 58
0 34 60
0 34 68
0 34 99
0 34 106
0 34 178
0 35 10
0 35 42
0 35 49
0 35 63
0 35 71
0 35 73
0 35 79
0 35 161
0 36 4
0 36 14
0 36 22
0 36 23
0 36 30
0 36 43
0 36 55
0 36 70
0 36 78
0 36 79
0 36 130
0 36 201
0 36 219
0 36 248
0 37 12
0 37 13
0 37 18
0 37 26
0 37 57
0 37 66
0 37 67
0 37 139
0 38 20
0 38 29
0 38 49
0 38 63
0 38 75
0 38 80
0 39 6
0 39 28
0 39 30
0 39 48
0 39 49
0 39 52
0 39 66
0 39 80
0 39 202
0 39 247
0 40 8
0 40 11
0 40 34
0 40 37
0 40 52
0 40 64
0 40 78
0 40 80
0 40 243
0 41 3
0 41 7
0 41 8
0 41 27
0 41 37
0 41 41
0 41 56
0 41 63
0 41 75
0 41 138
0 41 232
0 42 0
0 42 7
0 42 34
0 42 35
0 42 41
0 42 47
0 42 52
0 42 65
0 42 82
0 42 141
0 43 2
0 43 13
0 43 23
0 43 63
0 43 71
0 43 201
0 43 206
0 43 224
0 44 18
0 44 29
0 44 36
0 44 42
0 44 50
0 44 51
0 44 52
0 44 61
0 44 69
0 44 164
0 45 22
0 45 66
0 45 67
0 45 78
0 45 135
0 46 13
0 46 34
0 46 57
0 46 71
0 46 72
0 46 74
0 46 140
0 46 188
0 47 3
0 47 19
0 47 24
0 47 54
0 47 56
0 47 64
0 47 76
0 47 77
0 47 82
0 47 143
0 48 0
0 48 4
0 48 25
0 48 27
0 48 58
0 48 60
0 48 71
0 48 76
0 48 200
0 49 20
0 49 31
0 49 32
0 49 40
0 49 53
0 49 64
0 49 74
0 49 175
0 50 2
0 50 45
0 50 213
0 50 226
0 51 3
0 51 10
0 51 12
0 51 22
0 51 50
0 51 73
0 51 77
0 51 166
0 51 190
0 52 18
0 52 23
0 52 28
0 52 37
0 52 44
0 52 59
0 52 70
0 52 98
0 53 15
0 53 26
0 53 30
0 53 35
0 53 39
0 53 48
0 53 53
0 53 67
0 53 116
0 53 240
0 54 22
0 54 53
0 54 54
0 54 55
0 54 62
0 54 78
0 54 248
0 55 15
0 55 25
0 55 26
0 55 50
0 55 51
0 55 52
0 55 55
0 55 61
0 55 65
0 55 190
0 56 6
0 56 10
0 56 25
0 56 29
0 56 41
0 56 42
0 56 43
0 56 46
0 56 51
0 56 138
0 56 187
0 57 13
0 57 41
0 57 62
0 57 70
0 57 251
0 58 36
0 58 49
0 58 59
0 58 70
0 58 79
0 58 87
0 58 160
0 58 171
0 58 219
0 59 2
0 59 4
0 59 10
0 59 35
0 59 71
0 59 88
0 59 149
0 60 30
0 60 33
0 60 38
0 60 45
0 60 120
0 61 0
0 61 3
0 61 8
0 61 10
0 61 14
0 61 28
0 61 56
0 61 71
0 61 77
0 61 165
0 62 8
0 62 11
0 62 15
0 62 17
0 62 20
0 62 24
0 62 28
0 62 62
0 62 130
0 63 4
0 63 6
0 63 9
0 63 51
0 63 65
0 63 67
0 63 73
0 63 243
0 64 3
0 64 6
0 64 53
0 64 61
0 64 64
0 64 71
0 64 79
0 64 111
0 65 57
0 65 61
0 65 62
0 65 72
0 65 77
0 65 114
0 65 161
0 65 213
0 65 228
0 66 19
0 66 38
0 66 51
0 66 73
0 66 75
0 66 190
0 67 41
0 67 44
0 67 74
0 67 82
0 68 6
0 68 12
0 68 51
0 68 54
0 68 57
0 68 205
0 69 5
0 69 12
0 69 33
0 69 43
0 69 45
0 69 47
0 69 48
0 69 196
0 70 0
0 70 8
0 70 14
0 70 66
0 71 1
0 71 7
0 71 11
0 71 20
0 71 57
0 71 59
0 71 60
0 71 67
0 71 80
0 71 137
0 71 234
0 72 0
0 72 44
0 72 56
0 72 61
0 72 69
0 72 77
0 72 103
0 72 110
0 73 12
0 73 16
0 73 24
0 73 39
0 73 49
0 73 53
0 73 56
0 73 71
0 74 0
0 74 24
0 74 47
0 74 48
0 74 56
0 74 71
0 74 73
0 74 77
0 74 78
0 74 99
0 74 100
0 75 1
0 75 3
0 75 14
0 75 51
0 75 60
0 75 75
0 75 138
0 75 191
0 76 13
0 76 58
0 76 59
0 76 62
0 76 74
0 76 138
0 76 148
0 77 24
0 77 26
0 77 37
0 77 43
0 77 48
0 77 61
0 77 83
0 78 0
0 78 5
0 78 9
0 78 15
0 78 28
0 78 33
0 78 38
0 78 68
0 78 132
0 78 179
0 78 221
0 79 20
0 79 29
0 79 60
0 79 74
0 79 154
0 79 155
0 79 240
0 80 1
0 80 57
0 80 59
0 80 70
0 80 74
0 80 83
0 80 168
0 80 182
0 80 214
0 80 216
0 81 4
0 81 16
0 81 46
0 81 52
0 81 54
0 81 65
0 81 68
0 81 76
0 81 81
0 81 235
0 82 34
0 83 124
0 83 144
0 84 77
0 84 84
0 84 91
0 85 136
0 85 161
0 85 187
0 85 252
0 87 24
0 87 50
0 87 99
0 87 120
0 87 195
0 87 235
0 88 87
0 88 129
0 88 170
0 89 48
0 89 52
0 89 119
0 89 252
0 90 193
0 90 198
0 90 216
0 90 226
0 91 109
0 91 171
0 91 224
0 92 83
0 93 49
0 93 154
0 93 173
0 93 208
0 93 223
0 94 166
0 94 226
0 95 64
0 95 131
0 95 140
0 96 43
0 96 104
0 96 140
0 96 165
0 96 194
0 96 207
0 97 140
0 97 188
0 97 233
0 98 39
0 98 78
0 98 157
0 98 240
0 99 14
0 99 22
0 99 57
0 99 133
0 99 159
0 99 176
0 99 219
0 100 105
0 100 247
0 101 26
0 102 159
0 102 186
0 102 193
0 103 166
0 103 242
0 104 36
0 104 219
0 105 45
0 105 64
0 105 92
0 105 116
0 105 123
0 105 195
0 106 0
0 106 149
0 106 211
0 107 15
0 107 99
0 107 100
0 107 170
0 108 17
0 108 35
0 108 115
0 108 230
0 109 126
0 109 141
0 110 107
0 110 166
0 111 49
0 111 97
0 111 155
0 111 192
0 112 79
0 112 160
0 113 120
0 113 143
0 113 182
0 113 224
0 114 46
0 114 80
0 114 163
0 114 191
0 116 17
0 116 26
0 116 41
0 116 51
0 116 59
0 116 130
0 117 61
0 117 73
0 117 99
0 117 116
0 117 144
0 118 29
0 118 99
0 119 45
0 119 130
0 119 135
0 119 250
0 120 98
0 120 141
0 120 151
0 121 14
0 121 235
0 122 23
0 122 217
0 122 236
0 122 240
0 122 249
0 124 35
0 124 50
0 124 124
0 124 202
0 125 93
0 125 96
0 125 128
0 125 132
0 125 159
0 125 203
0 126 196
0 126 231
0 127 31
0 127 80
0 127 103
0 127 196
0 128 35
0 128 94
0 129 84
0 129 86
0 129 155
0 129 179
0 129 249
0 130 20
0 130 36
0 130 98
0 130 129
0 130 164
0 131 23
0 132 28
0 132 96
0 132 237
0 133 120
0 133 203
0 133 250
0 134 21
0 134 52
0 134 63
0 134 105
0 134 148
0 134 236
0 135 5
0 135 8
0 135 30
0 136 29
0 136 64
0 136 101
0 136 109
0 136 126
0 136 189
0 137 17
0 137 122
0 137 141
0 137 246
0 138 196
0 138 200
0 139 101
0 140 83
0 140 112
0 140 157
0 141 14
0 141 160
0 141 179
0 141 198
0 141 209
0 141 218
0 142 27
0 142 74
0 143 19
0 143 57
0 143 58
0 143 112
0 144 152
0 144 164
0 145 7
0 146 96
0 146 112
0 146 229
0 147 85
0 147 213
0 148 8
0 148 218
0 148 229
0 149 8
0 149 44
0 149 76
0 149 95
0 149 161
0 149 200
0 150 9
0 150 32
0 150 210
0 151 22
0 151 116
0 151 120
0 152 38
0 152 65
0 152 80
0 152 90
0 152 212
0 153 19
0 153 99
0 153 184
0 153 204
0 154 167
0 154 226
0 155 37
0 155 116
0 155 146
0 156 72
0 156 145
0 156 179
0 156 224
0 157 60
0 157 82
0 157 150
0 158 109
0 159 36
0 159 79
0 159 134
0 159 179
0 160 19
0 160 87
0 160 185
0 160 239
0 161 33
0 161 39
0 161 47
0 161 80
0 161 102
0 162 46
0 162 115
0 162 234
0 163 159
0 163 186
0 163 200
0 164 22
0 164 74
0 164 94
0 165 1
0 165 48
0 165 58
0 165 103
0 165 166
0 166 244
0 166 251
0 167 169
0 167 179
0 167 225
0 168 164
0 168 188
0 169 64
0 169 107
0 169 158
0 169 181
0 170 96
0 170 172
0 170 181
0 171 27
0 171 53
0 171 90
0 171 136
0 171 242
0 172 111
0 172 194
0 172 230
0 174 171
0 175 17
0 175 251
0 176 62
0 176 91
0 176 160
0 176 195
0 176 235
0 177 48
0 177 92
0 177 100
0 177 141
0 177 181
0 177 212
0 178 4
0 178 129
0 179 3
0 179 85
0 179 229
0 180 107
0 180 166
0 180 168
0 180 177
0 180 187
0 180 220
0 181 91
0 181 113
0 182 81
0 182 199
0 182 221
0 183 85
0 183 212
0 184 105
0 184 149
0 185 140
0 185 241
0 186 0
0 186 2
0 186 32
0 186 50
0 186 133
0 186 229
0 187 194
0 189 5
0 189 196
0 190 17
0 190 58
0 191 18
0 191 51
0 191 64
0 191 127
0 191 239
0 192 15
0 192 21
0 192 125
0 192 178
0 192 191
0 192 198
0 192 201
0 192 210
0 193 146
0 193 154
0 193 226
0 194 64
0 194 112
0 194 125
0 195 22
0 195 40
0 195 118
0 195 121
0 195 132
0 195 188
0 195 189
0 195 222
0 195 230
0 196 133
0 196 233
0 196 251
0 197 35
0 197 140
0 198 17
0 198 43
0 198 67
0 198 215
0 199 0
0 199 18
0 199 35
0 200 129
0 201 183
0 202 40
0 203 30
0 203 77
0 204 14
0 204 39
0 204 110
0 204 131
0 204 205
0 204 238
0 205 16
0 205 84
0 205 246
0 206 64
0 206 66
0 206 130
0 206 200
0 207 7
0 207 141
0 207 241
0 208 12
0 208 58
0 209 37
0 209 153
0 210 99
0 210 141
0 210 164
0 210 178
0 211 85
0 213 31
0 213 102
0 213 144
0 213 150
0 213 160
0 213 190
0 213 193
0 213 223
0 213 226
0 214 21
0 214 56
0 214 59
0 214 130
0 214 156
0 214 181
0 214 208
0 215 57
0 215 187
0 215 209
0 215 238
0 216 139
0 217 127
0 218 2
0 218 29
0 218 33
0 218 162
0 219 25
0 219 92
0 219 123
0 219 192
0 219 208
0 220 35
0 220 49
0 220 64
0 220 162
0 221 2
0 221 149
0 221 226
0 222 131
0 222 230
0 223 183
0 223 204
0 224 65
0 224 153
0 224 183
0 225 54
0 225 133
0 225 201
0 226 115
0 226 158
0 227 184
0 227 194
0 227 252
0 228 43
0 228 71
0 228 170
0 228 203
0 228 234
0 230 26
0 230 184
0 230 198
0 230 232
0 231 49
0 231 127
0 231 238
0 232 13
0 232 15
0 232 57
0 232 100
0 232 180
0 232 221
0 232 227
0 232 232
0 233 21
0 233 70
0 233 77
0 233 108
0 233 133
0 233 141
0 233 225
0 233 228
0 234 55
0 234 71
0 234 134
0 234 164
0 234 184
0 235 94
0 235 117
0 235 170
0 236 88
0 236 107
0 236 139
0 236 175
0 236 196
0 236 209
0 237 206
0 238 97
0 238 117
0 238 121
0 238 139
0 239 56
0 239 252
0 240 62
0 240 87
0 240 219
0 241 20
0 242 107
0 242 207
0 243 7
0 243 71
0 243 187
0 243 231
0 244 11
0 244 29
0 244 222
0 246 24
0 246 171
0 246 181
0 247 62
0 247 220
0 248 155
0 249 228
0 250 40
0 250 68
0 250 91
0 250 192
0 250 216
0 251 77
0 251 87
0 251 251
1 0 1
1 0 4
1 0 46
1 0 59
1 0 60
1 0 61
1 0 76
1 0 77
1 0 150
1 0 216
1 0 285
1 0 287
1 1 4
1 1 17
1 1 23
1 1 27
1 1 35
1 1 82
1 1 101
1 1 116
1 1 285
1 2 0
1 2 2
1 2 37
1 2 41
1 2 87
1 2 101
1 2 109
1 2 278
1 2 323
1 3 28
1 3 29
1 3 37
1 3 51
1 3 94
1 3 166
1 3 342
1 4 15
1 4 19
1 4 38
1 4 41
1 4 44
1 4 47
1 4 72
1 4 78
1 4 90
1 4 96
1 4 132
1 4 190
1 4 269
1 5 10
1 5 31
1 5 37
1 5 38
1 5 39
1 5 51
1 5 57
1 5 58
1 5 61
1 5 64
1 5 91
1 5 93
1 5 120
1 5 168
1 5 194
1 5 305
1 6 7
1 6 35
1 6 39
1 6 106
1 6 119
1 7 8
1 7 37
1 7 51
1 7 58
1 7 67
1 7 83
1 7 91
1 7 94
1 7 241
1 7 311
1 8 13
1 8 48
1 8 68
1 8 81
1 8 109
1 8 119
1 8 124
1 8 150
1 8 254
1 8 325
1 9 2
1 9 20
1 9 35
1 9 52
1 9 77
1 9 94
1 9 118
1 9 195
1 9 222
1 9 319
1 10 1
1 10 3
1 10 14
1 10 27
1 10 61
1 10 88
1 10 103
1 10 118
1 10 285
1 11 13
1 11 32
1 11 38
1 11 44
1 11 65
1 11 114
1 11 155
1 11 185
1 11 190
1 12 40
1 12 43
1 12 61
1 12 89
1 12 93
1 12 230
1 13 10
1 13 11
1 13 67
1 13 86
1 13 90
1 13 92
1 13 96
1 13 298
1 13 338
1 14 1
1 14 3
1 14 23
1 14 25
1 14 55
1 14 63
1 14 66
1 14 67
1 14 135
1 14 292
1 15 1
1 15 60
1 15 69
1 15 84
1 15 88
1 15 116
1 15 187
1 15 260
1 15 308
1 16 1
1 16 2
1 16 19
1 16 21
1 16 22
1 16 31
1 16 32
1 16 36
1 16 48
1 16 109
1 16 176
1 16 228
1 16 291
1 16 311
1 17 14
1 17 34
1 17 38
1 17 62
1 17 67
1 17 82
1 17 84
1 17 122
1 17 288
1 17 295
1 18 3
1 18 19
1 18 45
1 18 49
1 18 95
1 18 112
1 18 172
1 18 224
1 18 227
1 18 236
1 18 328
1 19 36
1 19 74
1 19 84
1 19 94
1 19 115
1 19 125
1 19 207
1 19 246
1 19 251
1 20 2
1 20 18
1 20 21
1 20 58
1 20 86
1 20 87
1 20 96
1 20 108
1 20 109
1 20 216
1 20 271
1 20 294
1 21 67
1 21 80
1 21 81
1 21 89
1 21 97
1 21 99
1 21 111
1 21 117
1 21 171
1 21 223
1 21 264
1 22 0
1 22 4
1 22 7
1 22 31
1 22 32
1 22 49
1 22 73
1 22 86
1 22 262
1 22 280
1 23 57
1 23 68
1 23 103
1 23 201
1 24 12
1 24 25
1 24 29
1 24 33
1 24 51
1 24 89
1 24 90
1 24 93
1 24 110
1 24 156
1 25 18
1 25 20
1 25 34
1 25 48
1 25 62
1 25 100
1 25 114
1 25 151
1 25 333
1 25 359
1 26 49
1 26 70
1 26 88
1 26 91
1 26 92
1 26 150
1 26 223
1 27 7
1 27 15
1 27 40
1 27 47
1 27 51
1 27 52
1 27 56
1 27 66
1 27 92
1 27 116
1 27 266
1 27 293
1 27 301
1 28 22
1 28 26
1 28 42
1 28 46
1 28 112
1 28 115
1 28 128
1 28 192
1 28 229
1 28 236
1 28 241
1 28 280
1 28 317
1 29 32
1 29 48
1 29 80
1 29 84
1 29 88
1 29 102
1 29 107
1 29 116
1 29 234
1 29 352
1 30 3
1 30 9
1 30 32
1 30 37
1 30 48
1 30 61
1 30 64
1 30 81
1 30 93
1 30 117
1 30 164
1 31 30
1 31 48
1 31 54
1 31 62
1 31 66
1 31 77
1 31 91
1 31 93
1 31 117
1 31 131
1 31 166
1 31 361
1 32 4
1 32 16
1 32 25
1 32 31
1 32 47
1 32 70
1 32 73
1 32 110
1 33 9
1 33 24
1 33 38
1 33 63
1 33 91
1 33 117
1 34 0
1 34 9
1 34 15
1 34 27
1 34 42
1 34 52
1 34 53
1 34 92
1 34 94
1 34 95
1 34 107
1 34 119
1 34 148
1 34 220
1 34 252
1 34 326
1 34 364
1 35 2
1 35 12
1 35 15
1 35 23
1 35 63
1 35 120
1 35 144
1 35 179
1 35 184
1 36 5
1 36 7
1 36 28
1 36 37
1 36 56
1 36 81
1 36 82
1 36 287
1 36 314
1 37 2
1 37 28
1 37 37
1 37 41
1 37 43
1 37 50
1 37 64
1 37 66
1 37 92
1 37 106
1 37 108
1 37 117
1 37 133
1 38 19
1 38 22
1 38 37
1 38 53
1 38 61
1 38 73
1 38 100
1 38 110
1 38 119
1 38 201
1 38 205
1 38 243
1 38 284
1 39 24
1 39 28
1 39 38
1 39 51
1 39 69
1 39 79
1 39 85
1 39 89
1 39 90
1 39 225
1 39 245
1 39 274
1 39 321
1 39 367
1 40 26
1 40 42
1 40 51
1 40 65
1 40 69
1 40 218
1 40 256
1 40 335
1 41 1
1 41 51
1 41 55
1 41 61
1 41 63
1 41 78
1 41 101
1 41 275
1 41 324
1 41 359
1 42 54
1 42 55
1 42 57
1 42 66
1 42 85
1 42 302
1 43 11
1 43 14
1 43 39
1 43 58
1 43 78
1 43 84
1 43 86
1 43 102
1 43 130
1 43 155
1 43 173
1 43 250
1 43 254
1 43 264
1 43 296
1 43 303
1 44 10
1 44 22
1 44 61
1 44 87
1 44 118
1 44 125
1 44 205
1 45 4
1 45 9
1 45 22
1 45 29
1 45 45
1 45 46
1 45 64
1 45 74
1 45 83
1 45 92
1 45 132
1 45 144
1 45 314
1 46 3
1 46 9
1 46 55
1 46 59
1 46 85
1 46 108
1 46 112
1 46 159
1 46 187
1 46 192
1 46 196
1 46 360
1 47 15
1 47 24
1 47 31
1 47 36
1 47 74
1 47 76
1 47 92
1 47 132
1 47 166
1 47 293
1 47 315
1 48 18
1 48 29
1 48 32
1 48 33
1 48 43
1 48 47
1 48 54
1 48 83
1 48 84
1 48 103
1 48 367
1 49 14
1 49 17
1 49 20
1 49 56
1 49 71
1 49 81
1 49 85
1 49 91
1 49 93
1 50 6
1 50 32
1 50 37
1 50 46
1 50 75
1 50 84
1 50 103
1 50 195
1 51 20
1 51 24
1 51 63
1 51 72
1 51 76
1 51 113
1 51 290
1 52 26
1 52 37
1 52 38
1 52 77
1 52 131
1 52 143
1 52 321
1 53 49
1 53 92
1 53 107
1 53 171
1 53 300
1 54 4
1 54 6
1 54 22
1 54 35
1 54 45
1 54 48
1 54 63
1 54 72
1 54 105
1 54 316
1 55 0
1 55 5
1 55 14
1 55 25
1 55 89
1 55 101
1 55 150
1 55 216
1 55 281
1 55 335
1 55 366
1 56 38
1 56 46
1 56 57
1 56 58
1 56 70
1 56 108
1 56 110
1 56 118
1 56 141
1 56 288
1 56 298
1 57 1
1 57 25
1 57 62
1 57 114
1 57 119
1 57 120
1 57 179
1 57 189
1 57 274
1 57 336
1 58 45
1 58 189
1 58 353
1 59 9
1 59 24
1 59 40
1 59 107
1 59 177
1 59 221
1 59 249
1 59 326
1 60 9
1 60 11
1 60 24
1 60 27
1 60 54
1 60 90
1 60 93
1 60 111
1 60 117
1 60 140
1 60 208
1 60 300
1 60 319
1 60 359
1 61 31
1 61 33
1 61 37
1 61 56
1 61 94
1 61 104
1 61 122
1 61 143
1 61 193
1 61 311
1 62 7
1 62 10
1 62 26
1 62 34
1 62 39
1 62 40
1 62 59
1 62 73
1 62 78
1 62 80
1 62 100
1 62 114
1 62 116
1 62 130
1 62 242
1 62 259
1 62 304
1 63 20
1 63 42
1 63 55
1 63 58
1 63 68
1 63 83
1 63 98
1 63 103
1 63 114
1 63 270
1 63 273
1 63 313
1 64 13
1 64 15
1 64 44
1 64 69
1 64 88
1 64 90
1 64 101
1 64 111
1 64 120
1 64 219
1 65 17
1 65 20
1 65 26
1 65 75
1 65 91
1 65 216
1 66 9
1 66 12
1 66 27
1 66 40
1 66 41
1 66 58
1 66 103
1 66 172
1 66 212
1 66 370
1 67 6
1 67 18
1 67 22
1 67 29
1 67 30
1 67 36
1 67 69
1 67 89
1 67 118
1 67 119
1 67 165
1 68 23
1 68 26
1 68 28
1 68 56
1 68 63
1 68 90
1 68 91
1 68 93
1 68 103
1 68 107
1 68 125
1 68 135
1 68 312
1 68 316
1 68 322
1 68 327
1 69 9
1 69 15
1 69 25
1 69 30
1 69 55
1 69 61
1 69 63
1 69 64
1 69 90
1 69 103
1 69 153
1 69 336
1 69 355
1 70 27
1 70 49
1 70 76
1 70 113
1 70 115
1 70 336
1 70 343
1 71 53
1 71 60
1 71 75
1 71 80
1 71 84
1 71 85
1 71 113
1 72 14
1 72 20
1 72 31
1 72 34
1 72 151
1 72 199
1 72 238
1 73 6
1 73 17
1 73 21
1 73 44
1 73 63
1 73 98
1 73 102
1 73 103
1 73 118
1 73 135
1 74 6
1 74 12
1 74 22
1 74 75
1 74 116
1 74 117
1 74 308
1 74 317
1 74 320
1 74 369
1 75 3
1 75 37
1 75 50
1 75 71
1 75 75
1 75 82
1 75 95
1 75 121
1 75 219
1 75 270
1 76 2
1 76 3
1 76 13
1 76 14
1 76 23
1 76 34
1 76 38
1 76 86
1 76 113
1 76 212
1 76 248
1 76 256
1 77 12
1 77 25
1 77 46
1 77 55
1 77 100
1 77 120
1 77 163
1 77 238
1 77 260
1 77 318
1 78 0
1 78 22
1 78 28
1 78 30
1 78 58
1 78 69
1 78 73
1 78 106
1 78 110
1 78 114
1 79 8
1 79 21
1 79 30
1 79 55
1 79 57
1 79 128
1 79 140
1 79 145
1 79 152
1 79 188
1 79 260
1 79 279
1 79 330
1 79 366
1 80 26
1 80 29
1 80 30
1 80 31
1 80 32
1 80 73
1 80 106
1 80 179
1 80 300
1 80 301
1 81 5
1 81 16
1 81 33
1 81 43
1 81 44
1 81 53
1 81 79
1 81 80
1 81 84
1 81 89
1 81 103
1 81 151
1 82 0
1 82 16
1 82 21
1 82 30
1 82 73
1 82 84
1 82 92
1 82 113
1 82 139
1 82 163
1 83 202
1 83 278
1 84 24
1 84 165
1 84 243
1 84 324
1 84 366
1 85 45
1 86 243
1 87 161
1 87 350
1 88 77
1 88 105
1 88 230
1 88 238
1 88 251
1 89 50
1 89 182
1 89 250
1 89 283
1 89 302
1 90 39
1 90 174
1 90 199
1 90 301
1 91 0
1 91 40
1 91 49
1 91 102
1 91 118
1 91 152
1 91 248
1 91 326
1 91 357
1 92 103
1 92 254
1 92 261
1 92 267
1 93 225
1 93 316
1 93 317
1 93 343
1 94 200
1 94 272
1 94 288
1 95 8
1 95 178
1 96 1
1 96 132
1 96 330
1 96 342
1 97 2
1 97 284
1 97 353
1 98 73
1 98 100
1 98 356
1 99 73
1 99 160
1 99 280
1 99 301
1 99 320
1 100 140
1 100 298
1 101 102
1 101 160
1 101 210
1 102 191
1 102 212
1 102 294
1 103 26
1 103 43
1 104 156
1 104 172
1 104 281
1 105 206
1 106 60
1 106 90
1 106 115
1 106 118
1 106 216
1 106 268
1 106 346
1 107 160
1 108 0
1 108 19
1 108 118
1 108 122
1 108 143
1 108 244
1 109 70
1 109 169
1 109 177
1 109 290
1 109 320
1 110 89
1 111 80
1 111 188
1 111 209
1 111 330
1 112 110
1 112 176
1 112 204
1 112 236
1 112 358
1 113 118
1 113 309
1 113 361
1 114 13
1 114 202
1 114 213
1 114 258
1 114 298
1 114 303
1 115 98
1 115 183
1 115 225
1 115 256
1 115 323
1 116 56
1 116 116
1 116 161
1 116 189
1 116 204
1 116 294
1 116 350
1 117 32
1 117 53
1 117 63
1 117 132
1 118 47
1 118 69
1 118 80
1 118 167
1 118 212
1 118 305
1 119 101
1 119 146
1 119 356
1 120 79
1 120 162
1 120 276
1 120 326
1 121 143
1 122 121
1 122 141
1 122 257
1 123 10
1 123 13
1 123 18
1 123 20
1 123 59
1 123 109
1 123 236
1 123 312
1 124 298
1 124 334
1 125 73
1 125 187
1 125 308
1 125 367
1 126 109
1 126 269
1 126 276
1 126 319
1 126 347
1 127 88
1 127 185
1 127 193
1 127 261
1 127 350
1 128 157
1 128 206
1 128 221
1 128 274
1 128 298
1 128 348
1 128 353
1 129 14
1 129 98
1 129 138
1 129 289
1 129 325
1 130 86
1 130 143
1 130 169
1 130 176
1 130 250
1 130 252
1 130 287
1 130 344
1 131 14
1 131 82
1 131 370
1 132 36
1 132 130
1 132 196
1 132 270
1 132 281
1 132 323
1 133 314
1 134 136
1 134 160
1 134 186
1 135 25
1 135 54
1 135 171
1 135 215
1 135 251
1 136 30
1 136 140
1 136 180
1 136 189
1 136 221
1 136 230
1 137 58
1 137 136
1 138 35
1 138 65
1 138 166
1 138 296
1 139 81
1 139 181
1 140 164
1 141 17
1 141 46
1 141 141
1 141 212
1 141 259
1 141 303
1 141 323
1 141 337
1 141 340
1 142 161
1 142 215
1 142 226
1 142 321
1 144 101
1 144 194
1 144 275
1 145 45
1 145 80
1 145 268
1 145 300
1 146 49
1 146 314
1 146 321
1 147 157
1 147 184
1 147 247
1 147 331
1 148 103
1 148 162
1 148 183
1 148 287
1 148 305
1 149 72
1 149 95
1 150 199
1 151 269
1 151 294
1 151 357
1 152 1
1 152 54
1 152 136
1 152 306
1 152 307
1 152 361
1 153 152
1 153 206
1 154 87
1 154 93
1 154 122
1 154 247
1 154 351
1 155 191
1 155 295
1 155 319
1 156 106
1 156 162
1 156 206
1 156 232
1 156 338
1 157 123
1 157 165
1 157 202
1 157 348
1 158 23
1 158 152
1 158 215
1 158 275
1 159 89
1 159 113
1 159 228
1 159 241
1 159 349
1 160 229
1 160 243
1 161 191
1 161 233
1 161 295
1 161 302
1 162 74
1 162 189
1 162 250
1 162 263
1 163 70
1 163 193
1 163 225
1 164 54
1 164 183
1 164 287
1 164 299
1 165 293
1 165 329
1 165 350
1 166 274
1 166 314
1 167 286
1 167 303
1 167 352
1 168 11
1 168 27
1 168 216
1 168 303
1 168 327
1 168 359
1 169 141
1 169 170
1 169 318
1 169 358
1 170 322
1 170 344
1 171 354
1 172 50
1 172 280
1 173 28
1 173 77
1 173 139
1 173 240
1 173 244
1 173 266
1 173 268
1 173 293
1 174 106
1 174 313
1 174 321
1 175 53
1 175 127
1 175 163
1 175 170
1 175 171
1 175 312
1 176 176
1 176 306
1 176 313
1 177 51
1 177 94
1 178 161
1 178 210
1 178 240
1 178 246
1 178 332
1 178 341
1 179 19
1 179 109
1 179 145
1 179 178
1 179 289
1 179 300
1 180 208
1 181 9
1 181 15
1 181 51
1 181 120
1 181 131
1 181 152
1 181 297
1 181 300
1 181 351
1 181 355
1 182 69
1 182 214
1 183 181
1 183 266
1 184 54
1 184 163
1 184 221
1 184 265
1 186 5
1 186 15
1 186 145
1 186 311
1 186 326
1 187 114
1 187 197
1 187 350
1 188 223
1 188 368
1 189 127
1 189 191
1 189 324
1 190 123
1 190 212
1 190 258
1 191 127
1 191 181
1 191 294
1 191 298
1 192 5
1 192 61
1 192 116
1 192 156
1 192 157
1 192 263
1 192 352
1 193 118
1 194 165
1 194 181
1 194 230
1 194 232
1 194 253
1 195 22
1 195 146
1 195 211
1 196 43
1 196 196
1 196 214
1 196 353
1 197 368
1 198 16
1 198 71
1 198 127
1 198 238
1 198 290
1 199 115
1 199 158
1 199 253
1 200 79
1 200 81
1 200 333
1 200 338
1 200 363
1 201 82
1 201 235
1 201 302
1 201 350
1 201 353
1 201 355
1 202 35
1 202 54
1 202 134
1 202 342
1 203 16
1 203 165
1 203 225
1 203 329
1 203 358
1 203 360
1 204 21
1 204 112
1 204 141
1 204 149
1 204 197
1 204 208
1 204 254
1 204 282
1 204 330
1 205 173
1 205 327
1 205 347
1 205 362
1 206 28
1 206 306
1 206 320
1 206 359
1 207 215
1 207 308
1 208 170
1 208 263
1 208 324
1 208 330
1 209 25
1 209 68
1 209 163
1 209 188
1 209 315
1 210 223
1 210 230
1 211 196
1 212 108
1 212 139
1 212 145
1 212 287
1 213 2
1 213 230
1 213 323
1 214 43
1 214 310
1 215 240
1 216 215
1 217 61
1 217 105
1 217 111
1 217 163
1 217 267
1 217 299
1 218 114
1 218 135
1 218 170
1 218 202
1 219 106
1 219 117
1 219 253
1 219 329
1 219 348
1 220 170
1 220 317
1 221 40
1 221 131
1 221 204
1 221 247
1 221 300
1 222 265
1 222 277
1 222 291
1 222 301
1 223 26
1 223 125
1 223 182
1 223 187
1 223 194
1 223 216
1 223 251
1 224 140
1 224 278
1 224 330
1 225 207
1 226 128
1 226 156
1 226 254
1 226 328
1 226 357
1 227 361
1 228 158
1 228 185
1 228 285
1 229 3
1 229 71
1 229 303
1 230 331
1 231 34
1 231 71
1 231 106
1 232 24
1 232 29
1 232 363
1 233 109
1 233 138
1 234 67
1 234 251
1 234 274
1 234 317
1 235 156
1 235 161
1 235 193
1 236 34
1 236 35
1 236 205
1 236 268
1 236 290
1 236 335
1 236 344
1 236 369
1 237 11
1 237 341
1 238 8
1 238 10
1 238 56
1 238 359
1 239 261
1 239 349
1 240 132
1 240 288
1 241 189
1 241 226
1 242 102
1 242 197
1 242 300
1 242 313
1 242 347
1 242 368
1 243 154
1 243 223
1 243 310
1 244 146
1 244 308
1 244 330
1 245 135
1 245 184
1 245 217
1 245 323
1 245 349
1 246 39
1 246 114
1 246 174
1 246 354
1 246 370
1 247 204
1 247 216
1 247 255
1 247 267
1 247 272
1 247 293
1 248 4
1 248 20
1 248 147
1 249 83
1 249 136
1 249 346
1 250 69
1 250 117
1 250 193
1 250 342
1 251 133
1 251 153
1 251 168
1 251 343
1 252 43
1 252 81
1 252 121
1 252 142
1 252 310
2 0 9
2 0 21
2 1 5
2 1 15
2 1 16
2 1 17
2 1 42
2 1 51
2 1 61
2 1 62
2 1 146
2 1 204
2 1 213
2 2 11
2 2 24
2 2 30
2 2 35
2 2 63
2 3 16
2 3 41
2 3 71
2 3 86
2 3 191
2 3 201
2 3 210
2 4 27
2 4 37
2 4 60
2 4 65
2 4 139
2 5 40
2 5 59
2 5 130
2 6 15
2 6 23
2 6 42
2 6 54
2 6 57
2 6 112
2 6 172
2 6 194
2 7 18
2 7 45
2 7 66
2 7 70
2 7 77
2 7 169
2 7 217
2 8 19
2 8 35
2 8 44
2 8 64
2 8 197
2 9 34
2 9 41
2 9 45
2 9 56
2 9 65
2 9 92
2 9 125
2 9 155
2 10 7
2 10 22
2 10 27
2 10 39
2 10 197
2 11 46
2 11 56
2 12 10
2 12 24
2 12 39
2 13 2
2 13 3
2 13 27
2 13 58
2 13 60
2 13 118
2 13 158
2 14 0
2 14 3
2 14 37
2 14 54
2 14 58
2 14 62
2 14 66
2 14 68
2 14 69
2 15 16
2 15 21
2 15 24
2 15 31
2 15 33
2 15 45
2 15 59
2 15 87
2 15 167
2 15 172
2 16 0
2 16 9
2 16 11
2 16 49
2 16 51
2 16 64
2 16 163
2 17 22
2 17 41
2 17 59
2 17 71
2 17 81
2 17 169
2 18 11
2 18 24
2 18 34
2 18 51
2 18 55
2 18 61
2 18 69
2 18 107
2 18 129
2 19 25
2 19 34
2 19 57
2 19 66
2 19 200
2 20 4
2 20 21
2 20 42
2 20 112
2 21 4
2 21 6
2 21 14
2 21 41
2 21 71
2 21 108
2 21 140
2 21 188
2 21 215
2 21 221
2 22 22
2 22 31
2 22 43
2 22 53
2 22 139
2 23 16
2 23 20
2 23 37
2 23 71
2 23 75
2 23 151
2 24 8
2 24 14
2 24 36
2 24 50
2 24 54
2 24 67
2 24 69
2 25 28
2 25 51
2 25 131
2 26 22
2 26 143
2 27 9
2 27 22
2 27 34
2 27 36
2 27 50
2 27 56
2 27 169
2 28 38
2 28 53
2 28 55
2 28 57
2 28 66
2 28 148
2 29 215
2 29 221
2 30 2
2 30 16
2 30 18
2 30 31
2 30 51
2 30 84
2 30 130
2 31 15
2 31 20
2 31 23
2 31 28
2 31 53
2 31 99
2 31 210
2 32 0
2 32 14
2 32 32
2 32 33
2 32 38
2 32 61
2 32 66
2 32 169
2 32 177
2 33 11
2 33 25
2 33 65
2 34 9
2 34 17
2 34 21
2 34 36
2 34 87
2 34 158
2 34 189
2 34 216
2 35 0
2 35 19
2 35 23
2 35 32
2 35 34
2 35 50
2 35 57
2 35 58
2 35 59
2 35 86
2 35 102
2 35 210
2 35 215
2 36 17
2 36 19
2 36 40
2 36 133
2 37 31
2 37 39
2 38 26
2 38 35
2 38 41
2 38 44
2 38 45
2 38 46
2 38 48
2 38 114
2 38 168
2 39 20
2 39 27
2 39 43
2 39 45
2 39 58
2 39 82
2 40 19
2 40 21
2 40 24
2 40 44
2 40 51
2 40 80
2 40 93
2 41 4
2 41 8
2 41 15
2 41 22
2 41 29
2 41 43
2 41 108
2 42 15
2 42 20
2 42 28
2 42 54
2 42 68
2 42 95
2 42 155
2 42 179
2 43 7
2 43 18
2 43 53
2 44 3
2 44 4
2 44 22
2 44 27
2 44 55
2 44 64
2 44 66
2 44 106
2 44 109
2 44 199
2 44 219
2 45 8
2 45 14
2 45 35
2 45 41
2 45 42
2 45 43
2 45 44
2 46 44
2 46 53
2 46 67
2 46 110
2 46 206
2 47 37
2 47 39
2 47 49
2 47 59
2 47 60
2 47 67
2 48 0
2 48 17
2 48 44
2 48 52
2 48 98
2 48 107
2 48 128
2 49 58
2 49 65
2 49 204
2 50 6
2 50 22
2 50 50
2 50 149
2 50 213
2 50 218
2 51 38
2 51 58
2 51 59
2 51 146
2 52 13
2 52 15
2 52 28
2 52 35
2 52 49
2 52 56
2 52 118
2 53 0
2 53 1
2 53 6
2 53 11
2 53 21
2 53 33
2 53 37
2 53 42
2 53 120
2 53 154
2 54 30
2 54 32
2 54 50
2 54 56
2 54 64
2 54 70
2 54 131
2 55 1
2 55 6
2 55 10
2 55 32
2 55 51
2 55 52
2 55 61
2 55 65
2 56 19
2 56 22
2 56 26
2 56 33
2 56 55
2 56 66
2 56 147
2 57 8
2 57 32
2 58 4
2 58 13
2 58 27
2 58 58
2 58 62
2 58 70
2 58 95
2 58 149
2 58 163
2 58 178
2 58 207
2 59 29
2 59 35
2 59 36
2 59 93
2 59 120
2 60 8
2 60 21
2 60 29
2 60 31
2 60 71
2 61 6
2 61 14
2 61 15
2 61 21
2 61 85
2 61 105
2 61 220
2 62 24
2 62 31
2 62 33
2 62 35
2 62 47
2 62 55
2 62 69
2 62 70
2 62 73
2 62 155
2 63 22
2 63 23
2 63 28
2 63 40
2 63 62
2 63 223
2 64 8
2 64 13
2 64 16
2 64 54
2 64 150
2 64 166
2 64 180
2 65 12
2 65 19
2 65 29
2 65 32
2 65 47
2 65 57
2 66 3
2 66 22
2 66 28
2 66 30
2 66 86
2 66 143
2 67 24
2 67 38
2 67 42
2 67 48
2 67 57
2 67 60
2 67 70
2 67 99
2 67 105
2 67 118
2 68 9
2 68 20
2 68 22
2 68 47
2 68 62
2 68 206
2 69 0
2 69 39
2 69 40
2 69 53
2 69 57
2 69 70
2 69 95
2 69 214
2 70 18
2 70 29
2 70 43
2 70 53
2 70 57
2 70 96
2 70 205
2 71 9
2 71 149
2 72 1
2 72 23
2 72 34
2 72 46
2 72 53
2 72 165
2 73 16
2 73 20
2 73 26
2 73 37
2 73 52
2 73 56
2 73 65
2 73 198
2 74 13
2 74 26
2 74 33
2 74 37
2 74 48
2 74 69
2 74 175
2 75 12
2 75 13
2 75 49
2 75 55
2 75 56
2 75 178
2 76 28
2 76 35
2 76 50
2 76 53
2 76 221
2 77 2
2 77 16
2 77 134
2 77 195
2 77 196
2 78 23
2 78 25
2 78 30
2 78 48
2 78 51
2 78 59
2 78 134
2 78 222
2 79 0
2 79 47
2 79 51
2 79 53
2 79 67
2 79 68
2 80 2
2 80 34
2 80 67
2 80 71
2 80 121
2 81 9
2 81 16
2 81 30
2 81 64
2 81 67
2 81 68
2 81 70
2 81 149
2 81 165
2 81 217
2 82 0
2 82 15
2 82 26
2 82 43
2 82 151
2 82 199
2 83 47
2 83 184
2 83 197
2 83 212
2 84 34
2 84 49
2 84 62
2 84 141
2 85 6
2 85 11
2 85 19
2 85 30
2 85 40
2 85 63
2 86 8
2 86 27
2 86 31
2 86 39
2 86 69
2 86 92
2 86 190
2 86 203
2 86 211
2 87 3
2 87 11
2 87 67
2 88 9
2 88 62
2 89 12
2 89 22
2 89 175
2 90 23
2 90 28
2 90 37
2 90 43
2 90 62
2 90 68
2 90 73
2 90 118
2 90 145
2 91 0
2 91 7
2 91 39
2 91 47
2 91 48
2 91 61
2 92 9
2 92 10
2 92 13
2 92 42
2 92 115
2 92 141
2 92 144
2 92 145
2 92 178
2 93 0
2 93 2
2 93 22
2 93 26
2 93 39
2 93 69
2 93 131
2 93 184
2 93 193
2 94 31
2 94 32
2 94 46
2 94 72
2 94 90
2 94 183
2 95 3
2 95 10
2 95 22
2 95 23
2 95 24
2 95 44
2 95 53
2 95 60
2 95 62
2 95 67
2 96 1
2 96 7
2 96 16
2 96 35
2 96 39
2 96 50
2 96 84
2 97 17
2 97 25
2 97 30
2 97 52
2 97 69
2 98 8
2 98 34
2 98 40
2 98 47
2 98 70
2 99 23
2 99 65
2 99 69
2 100 0
2 100 5
2 100 15
2 100 28
2 100 31
2 100 32
2 100 43
2 100 52
2 100 55
2 100 191
2 100 200
2 100 219
2 101 1
2 101 9
2 101 20
2 101 86
2 102 7
2 102 14
2 102 20
2 102 25
2 102 30
2 102 72
2 102 131
2 103 24
2 103 52
2 103 222
2 104 3
2 104 29
2 104 50
2 104 53
2 104 66
2 104 67
2 104 135
2 105 5
2 105 30
2 105 39
2 105 42
2 105 68
2 105 110
2 105 163
2 106 12
2 106 20
2 106 26
2 106 34
2 106 50
2 106 75
2 107 3
2 107 37
2 107 38
2 107 57
2 107 64
2 107 66
2 107 98
2 107 105
2 108 32
2 108 39
2 108 58
2 108 106
2 108 210
2 109 43
2 109 48
2 109 51
2 109 65
2 109 68
2 109 82
2 110 11
2 110 21
2 110 23
2 110 29
2 110 46
2 110 65
2 110 120
2 110 128
2 111 9
2 111 40
2 111 49
2 111 84
2 111 126
2 111 146
2 112 12
2 112 13
2 112 21
2 112 31
2 112 36
2 112 41
2 112 42
2 112 44
2 113 9
2 113 39
2 113 41
2 113 47
2 113 49
2 113 71
2 114 15
2 114 64
2 115 2
2 115 3
2 115 11
2 115 19
2 115 26
2 115 39
2 115 61
2 115 63
2 115 69
2 115 105
2 116 10
2 116 15
2 116 26
2 116 29
2 116 47
2 116 50
2 116 54
2 116 151
2 116 184
2 116 224
2 117 7
2 117 22
2 117 28
2 117 137
2 117 164
2 118 6
2 118 54
2 118 89
2 118 145
2 119 0
2 119 13
2 119 16
2 119 17
2 119 22
2 119 34
2 119 35
2 119 44
2 119 50
2 119 62
2 119 65
2 119 76
2 120 7
2 120 13
2 120 29
2 120 49
2 120 52
2 120 147
2 120 202
2 122 161
2 122 215
2 123 14
2 123 75
2 123 93
2 123 154
2 124 62
2 124 77
2 124 151
2 124 176
2 125 127
2 126 10
2 126 30
2 126 56
2 127 21
2 127 64
2 127 221
2 128 17
2 128 31
2 128 207
2 129 44
2 129 73
2 129 81
2 130 4
2 130 181
2 131 10
2 131 19
2 131 102
2 131 167
2 132 10
2 132 50
2 132 101
2 132 167
2 132 173
2 132 185
2 133 27
2 135 63
2 135 106
2 137 30
2 138 13
2 138 133
2 138 209
2 138 211
2 139 11
2 139 64
2 139 66
2 139 99
2 139 195
2 141 34
2 141 84
2 141 116
2 142 94
2 142 95
2 142 139
2 142 198
2 145 159
2 146 39
2 146 80
2 147 181
2 148 33
2 148 86
2 149 21
2 149 217
2 149 224
2 150 57
2 150 58
2 151 101
2 152 72
2 152 81
2 152 96
2 152 98
2 152 115
2 152 159
2 152 183
2 152 206
2 153 105
2 153 108
2 153 178
2 153 222
2 154 4
2 154 25
2 154 66
2 154 173
2 154 219
2 155 216
2 156 12
2 156 61
2 156 63
2 156 141
2 156 172
2 157 28
2 157 37
2 157 102
2 157 190
2 158 46
2 158 112
2 158 165
2 158 216
2 159 43
2 159 116
2 159 124
2 159 142
2 159 147
2 159 148
2 159 220
2 160 92
2 160 208
2 161 21
2 161 76
2 161 89
2 161 208
2 162 9
2 162 128
2 162 194
2 163 119
2 163 139
2 164 56
2 164 131
2 165 95
2 165 98
2 165 208
2 167 61
2 167 174
2 168 170
2 169 40
2 169 181
2 170 35
2 170 39
2 171 116
2 172 168
2 173 5
2 173 112
2 173 117
2 173 176
2 173 213
2 174 33
2 174 72
2 174 109
2 175 117
2 176 104
2 176 185
2 176 210
2 178 71
2 178 89
2 178 104
2 179 105
2 180 2
2 180 179
2 181 127
2 182 96
2 183 38
2 183 54
2 183 170
2 183 187
2 184 9
2 184 44
2 184 186
2 184 192
2 184 203
2 185 52
2 185 82
2 186 30
2 186 45
2 186 109
2 186 163
2 186 208
2 187 41
2 187 70
2 187 112
2 187 215
2 188 90
2 188 200
2 189 116
2 189 181
2 190 123
2 190 146
2 190 151
2 190 152
2 191 9
2 191 75
2 191 186
2 191 196
2 191 212
2 191 223
2 192 175
2 193 24
2 194 164
2 194 171
2 195 156
2 195 183
2 195 186
2 196 6
2 196 80
2 196 173
2 196 198
2 197 4
2 197 59
2 197 78
2 197 171
2 197 186
2 197 194
2 198 131
2 198 161
2 199 14
2 199 59
2 199 90
2 199 206
2 200 83
2 200 136
2 200 153
2 200 159
2 201 115
2 201 174
2 201 210
2 202 103
2 202 104
2 202 130
2 202 173
2 202 193
2 202 213
2 203 1
2 203 29
2 203 62
2 203 157
2 203 168
2 204 135
2 204 145
2 205 58
2 206 67
2 206 89
2 207 7
2 207 49
2 207 159
2 208 88
2 209 9
2 209 214
2 210 1
2 210 108
2 210 211
2 211 158
2 211 216
2 212 18
2 212 108
2 212 123
2 212 150
2 213 97
2 213 152
2 214 117
2 215 10
2 215 66
2 215 135
2 215 159
2 216 48
2 216 58
2 216 127
2 217 103
2 219 197
2 220 54
2 220 80
2 220 120
2 220 153
2 220 167
2 221 32
2 221 67
2 221 166
2 221 176
2 222 22
2 222 147
2 222 188
2 223 15
2 223 69
2 223 73
2 223 103
2 223 147
2 223 187
2 223 189
2 224 179
2 225 43
2 225 171
2 226 85
2 226 141
2 226 194
2 227 105
2 227 112
2 227 126
2 227 127
2 227 172
2 227 194
2 228 78
2 228 198
2 228 205
2 229 80
2 229 133
2 229 151
2 229 209
2 231 20
2 231 177
2 232 174
2 233 152
2 233 207
2 234 56
2 234 207
2 235 37
2 235 119
2 235 139
2 235 156
2 235 161
2 236 19
2 236 74
2 236 154
2 237 219
2 238 54
2 238 105
2 239 32
2 239 114
2 240 3
2 241 12
2 241 39
2 241 78
2 241 142
2 241 168
2 241 218
2 242 71
2 242 176
2 244 69
2 244 74
2 244 132
2 244 156
2 244 157
2 245 33
2 245 48
2 245 96
2 245 123
2 246 16
2 246 40
2 246 66
2 246 89
2 246 146
2 246 204
2 246 224
2 247 109
2 247 191
2 248 199
2 248 220
2 250 49
2 250 100
2 250 123
2 251 36
2 253 17
2 253 98
2 253 106
2 253 127
2 253 129
2 253 134
2 254 19
2 254 189
2 256 27
2 256 40
2 256 197
2 256 211
2 258 12
2 258 196
2 259 4
2 259 78
2 259 149
2 259 215
2 260 62
2 260 94
2 260 127
2 260 199
2 260 216
2 261 150
2 261 199
2 262 31
2 262 201
2 262 209
2 263 155
2 263 209
2 263 217
2 264 68
2 264 172
2 264 191
2 264 200
2 265 73
2 265 185
2 266 140
2 266 185
2 267 51
2 267 174
2 268 23
2 268 91
2 268 100
2 268 150
2 269 182
2 269 207
2 269 222
2 270 43
2 270 66
2 270 92
2 270 142
2 270 206
2 271 6
2 271 59
2 271 161
2 271 191
2 272 183
2 272 194
2 273 68
2 273 138
2 274 99
2 274 117
2 275 203
2 276 5
2 276 101
2 276 180
2 276 208
2 277 83
2 277 103
2 277 142
2 277 169
2 277 175
2 277 199
2 278 55
2 278 65
2 278 72
2 278 78
2 278 221
2 279 141
2 279 144
2 279 155
2 280 48
2 281 39
2 281 92
2 282 50
2 282 137
2 283 11
2 283 18
2 283 21
2 283 40
2 283 48
2 283 82
2 283 130
2 283 144
2 284 0
2 285 12
2 285 16
2 285 84
2 285 122
2 285 124
2 285 203
2 286 3
2 286 92
2 287 7
2 287 116
2 288 26
2 288 113
2 288 182
2 288 188
2 289 99
2 289 110
2 289 158
2 289 174
2 290 64
2 292 74
2 294 128
2 294 196
2 294 215
2 295 47
2 295 88
2 295 145
2 295 199
2 296 84
2 297 39
2 297 46
2 297 48
2 297 144
2 297 170
2 297 213
2 299 33
2 299 116
2 299 146
2 300 92
2 300 118
2 300 167
2 300 189
2 301 175
2 302 4
2 302 37
2 302 39
2 302 80
2 303 31
2 304 133
2 305 9
2 305 91
2 305 93
2 305 139
2 305 219
2 306 84
2 306 177
2 307 107
2 307 153
2 307 172
2 307 193
2 307 216
2 308 156
2 308 169
2 309 72
2 309 78
2 309 202
2 309 209
2 311 36
2 311 131
2 311 135
2 312 56
2 312 98
2 312 209
2 313 85
2 314 109
2 315 49
2 315 140
2 315 163
2 315 212
2 316 66
2 316 74
2 316 86
2 317 206
2 317 212
2 318 36
2 318 195
2 318 223
2 319 7
2 319 69
2 319 202
2 320 28
2 320 127
2 321 111
2 323 20
2 323 82
2 323 89
2 323 179
2 325 100
2 325 151
2 326 50
2 327 31
2 327 49
2 327 59
2 328 120
2 328 215
2 329 20
2 329 140
2 329 183
2 330 82
2 330 196
2 331 18
2 331 79
2 331 145
2 331 219
2 332 131
2 332 217
2 333 84
2 333 163
2 334 124
2 334 167
2 335 4
2 336 77
2 336 123
2 337 39
2 337 178
2 338 34
2 339 74
2 339 170
2 340 37
2 340 46
2 340 73
2 340 104
2 340 119
2 341 49
2 341 71
2 341 131
2 341 141
2 341 201
2 342 95
2 343 13
2 344 90
2 344 139
2 345 64
2 345 168
2 345 191
2 346 221
2 347 73
2 347 79
2 347 177
2 347 196
2 347 209
2 348 23
2 349 29
2 349 201
2 350 33
2 350 72
2 350 102
2 350 146
2 350 148
2 350 174
2 350 217
2 351 82
2 351 129
2 352 216
2 353 46
2 353 58
2 353 83
2 353 185
2 353 223
2 354 28
2 354 53
2 354 161
2 354 176
2 354 200
2 355 44
2 355 222
2 356 65
2 356 188
2 356 221
2 358 2
2 358 33
2 359 93
2 360 50
2 360 177
2 360 198
2 360 223
2 361 1
2 361 60
2 362 219
2 363 113
2 363 135
2 364 25
2 364 129
2 365 43
2 365 138
2 366 0
2 366 157
2 367 206
2 368 9
2 368 51
2 368 164
2 368 207
2 369 37
2 369 40
2 369 137
2 369 184
2 370 9
2 370 63
2 370 64
2 370 73
2 370 94
2 370 104
2 370 148
3 0 29
3 0 47
3 0 49
3 0 96
3 0 194
3 0 212
3 1 16
3 1 30
3 1 39
3 1 41
3 1 42
3 1 46
3 1 48
3 1 52
3 1 55
3 2 35
3 2 38
3 2 42
3 2 61
3 2 143
3 2 208
3 3 7
3 3 33
3 3 51
3 3 58
3 3 74
3 3 84
3 3 106
3 3 139
3 3 218
3 3 258
3 4 5
3 4 8
3 4 9
3 4 27
3 4 49
3 4 50
3 4 52
3 4 63
3 4 66
3 4 85
3 4 112
3 4 152
3 5 56
3 5 64
3 5 82
3 5 246
3 6 9
3 6 12
3 6 17
3 6 20
3 6 27
3 6 42
3 6 48
3 6 130
3 6 142
3 7 9
3 7 77
3 7 80
3 7 84
3 7 187
3 8 7
3 8 20
3 8 25
3 8 51
3 8 53
3 8 66
3 8 68
3 8 84
3 8 92
3 8 122
3 9 0
3 9 32
3 9 33
3 9 64
3 9 81
3 9 216
3 9 224
3 9 242
3 9 253
3 10 17
3 10 18
3 10 28
3 10 33
3 10 60
3 10 79
3 10 81
3 10 87
3 10 166
3 11 10
3 11 23
3 11 33
3 11 38
3 11 41
3 11 42
3 11 48
3 11 55
3 11 63
3 11 68
3 11 151
3 11 197
3 11 219
3 11 247
3 12 5
3 12 43
3 12 64
3 12 72
3 12 179
3 13 2
3 13 25
3 13 32
3 13 36
3 13 41
3 13 68
3 13 73
3 13 82
3 13 129
3 14 16
3 14 21
3 14 25
3 14 68
3 14 184
3 15 25
3 15 30
3 15 58
3 15 73
3 15 76
3 15 81
3 15 234
3 15 254
3 16 13
3 16 32
3 16 58
3 16 60
3 16 206
3 17 0
3 17 9
3 17 12
3 17 25
3 17 33
3 17 34
3 17 42
3 17 54
3 17 215
3 18 2
3 18 17
3 18 36
3 18 59
3 18 62
3 18 73
3 18 75
3 18 87
3 18 89
3 18 142
3 19 13
3 19 34
3 19 65
3 19 209
3 20 5
3 20 14
3 20 17
3 20 46
3 20 58
3 20 87
3 20 264
3 21 22
3 21 27
3 21 31
3 21 43
3 21 48
3 21 50
3 21 60
3 21 81
3 21 82
3 22 1
3 22 26
3 22 28
3 22 40
3 22 45
3 22 50
3 22 55
3 22 56
3 22 80
3 22 109
3 22 143
3 23 2
3 23 5
3 23 6
3 23 8
3 23 13
3 23 15
3 23 22
3 23 30
3 23 41
3 23 47
3 23 55
3 23 213
3 23 216
3 23 233
3 24 8
3 24 9
3 24 14
3 24 24
3 24 44
3 24 49
3 24 60
3 24 77
3 25 9
3 25 27
3 25 32
3 25 33
3 25 50
3 25 71
3 25 73
3 25 78
3 26 8
3 26 11
3 26 25
3 26 40
3 26 59
3 26 142
3 26 226
3 27 7
3 27 40
3 27 42
3 27 49
3 27 61
3 27 69
3 27 72
3 27 200
3 28 10
3 28 30
3 28 58
3 28 65
3 28 76
3 28 77
3 28 185
3 28 201
3 29 5
3 29 16
3 29 23
3 29 29
3 29 33
3 29 42
3 29 46
3 29 47
3 29 48
3 29 50
3 29 57
3 29 58
3 29 69
3 29 105
3 29 113
3 29 145
3 29 222
3 30 31
3 30 34
3 30 36
3 30 58
3 30 71
3 30 75
3 30 124
3 30 155
3 30 222
3 31 9
3 31 11
3 31 15
3 31 22
3 31 65
3 31 73
3 31 145
3 31 243
3 32 2
3 32 10
3 32 23
3 32 37
3 32 57
3 32 64
3 32 69
3 32 79
3 32 96
3 32 175
3 32 192
3 33 1
3 33 2
3 33 21
3 33 36
3 33 37
3 33 54
3 33 79
3 33 94
3 33 131
3 33 161
3 33 188
3 34 3
3 34 5
3 34 6
3 34 166
3 34 172
3 35 16
3 35 26
3 35 27
3 35 86
3 35 134
3 35 159
3 35 160
3 35 169
3 36 22
3 36 26
3 36 39
3 36 57
3 36 63
3 36 85
3 37 18
3 37 22
3 37 24
3 37 34
3 37 45
3 37 53
3 37 54
3 37 67
3 37 76
3 37 77
3 37 84
3 38 45
3 38 58
3 38 78
3 38 80
3 38 113
3 38 208
3 38 218
3 38 259
3 39 9
3 39 12
3 39 27
3 39 29
3 39 44
3 39 45
3 39 51
3 39 65
3 39 75
3 39 76
3 39 84
3 39 85
3 39 107
3 40 11
3 40 39
3 40 60
3 40 74
3 40 76
3 40 163
3 40 216
3 40 227
3 40 242
3 41 28
3 41 30
3 41 36
3 41 61
3 41 62
3 41 76
3 41 82
3 41 84
3 42 14
3 42 15
3 42 20
3 42 23
3 42 32
3 42 39
3 42 44
3 42 60
3 42 78
3 43 5
3 43 9
3 43 12
3 43 48
3 43 70
3 43 82
3 44 0
3 44 22
3 44 49
3 44 59
3 44 77
3 44 105
3 44 112
3 45 6
3 45 10
3 45 16
3 45 23
3 45 44
3 45 58
3 45 69
3 45 105
3 45 116
3 45 212
3 46 28
3 46 42
3 46 44
3 46 51
3 46 52
3 46 55
3 46 68
3 46 71
3 46 80
3 46 131
3 46 198
3 46 234
3 47 6
3 47 63
3 47 83
3 47 131
3 47 232
3 47 240
3 47 262
3 48 2
3 48 32
3 48 33
3 48 36
3 48 37
3 48 39
3 48 46
3 48 68
3 48 146
3 48 203
3 48 204
3 48 210
3 49 11
3 49 20
3 49 24
3 49 27
3 49 28
3 49 33
3 49 43
3 49 53
3 49 54
3 49 69
3 49 236
3 50 19
3 50 27
3 50 37
3 50 42
3 50 48
3 50 50
3 50 52
3 50 64
3 50 200
3 50 239
3 50 251
3 51 3
3 51 5
3 51 9
3 51 20
3 51 22
3 51 50
3 51 55
3 51 58
3 51 69
3 52 10
3 52 19
3 52 27
3 52 31
3 52 42
3 52 86
3 52 106
3 52 210
3 53 10
3 53 40
3 53 43
3 53 68
3 53 70
3 53 143
3 53 152
3 53 154
3 53 226
3 54 16
3 54 26
3 54 36
3 54 41
3 54 49
3 54 52
3 54 64
3 54 93
3 55 9
3 55 24
3 55 25
3 55 45
3 55 85
3 55 107
3 55 260
3 56 9
3 56 14
3 56 21
3 56 35
3 56 46
3 56 49
3 56 51
3 56 55
3 56 139
3 56 249
3 57 3
3 57 13
3 57 34
3 57 158
3 58 4
3 58 6
3 58 10
3 58 18
3 58 37
3 58 59
3 58 64
3 58 76
3 58 82
3 58 194
3 58 196
3 58 260
3 59 5
3 59 6
3 59 8
3 59 14
3 59 20
3 59 25
3 59 33
3 59 48
3 59 68
3 59 103
3 59 213
3 60 5
3 60 16
3 60 19
3 60 36
3 60 54
3 60 57
3 60 92
3 61 21
3 61 30
3 61 37
3 61 41
3 61 50
3 61 80
3 61 109
3 62 2
3 62 25
3 62 30
3 62 37
3 62 47
3 62 58
3 62 64
3 62 227
3 63 10
3 63 33
3 63 35
3 63 36
3 63 65
3 63 73
3 64 7
3 64 10
3 64 11
3 64 50
3 64 51
3 64 66
3 64 70
3 64 72
3 64 93
3 64 140
3 64 173
3 64 193
3 65 11
3 65 19
3 65 38
3 65 41
3 65 78
3 65 207
3 66 225
3 66 235
3 67 17
3 67 22
3 67 27
3 67 29
3 67 33
3 67 46
3 67 53
3 67 69
3 67 75
3 67 85
3 67 139
3 67 189
3 68 30
3 68 43
3 68 58
3 68 64
3 68 198
3 69 27
3 69 39
3 69 68
3 69 264
3 70 10
3 70 12
3 70 14
3 70 15
3 70 30
3 70 32
3 70 39
3 70 45
3 70 52
3 70 56
3 70 61
3 70 64
3 70 94
3 70 131
3 70 221
3 71 7
3 71 40
3 71 49
3 71 62
3 71 76
3 71 93
3 71 141
3 72 3
3 72 13
3 72 26
3 72 33
3 72 42
3 72 48
3 72 58
3 72 67
3 72 81
3 72 89
3 72 93
3 73 23
3 73 127
3 73 163
3 74 3
3 74 95
3 74 145
3 74 185
3 74 199
3 74 233
3 75 63
3 75 136
3 76 24
3 76 165
3 76 210
3 76 242
3 77 34
3 77 57
3 77 98
3 78 82
3 78 126
3 78 153
3 78 199
3 78 239
3 79 5
3 79 82
3 79 95
3 79 119
3 79 143
3 79 160
3 80 129
3 80 238
3 80 250
3 81 72
3 81 108
3 81 140
3 81 227
3 82 62
3 82 73
3 82 171
3 82 237
3 82 258
3 83 36
3 83 163
3 84 116
3 84 117
3 86 6
3 86 27
3 86 37
3 86 207
3 87 12
3 87 36
3 87 137
3 87 155
3 87 235
3 88 35
3 88 97
3 88 146
3 88 147
3 88 200
3 88 231
3 88 254
3 89 78
3 89 88
3 89 118
3 89 223
3 89 231
3 89 233
3 90 105
3 90 142
3 90 163
3 90 184
3 90 206
3 90 213
3 91 79
3 91 151
3 91 182
3 91 223
3 92 69
3 92 86
3 92 220
3 92 251
3 93 47
3 93 139
3 94 101
3 94 106
3 94 140
3 94 192
3 94 232
3 95 7
3 95 104
3 95 262
3 96 7
3 96 14
3 96 89
3 96 173
3 96 201
3 96 203
3 96 259
3 97 116
3 97 155
3 97 180
3 98 126
3 98 198
3 99 154
3 99 225
3 100 1
3 100 64
3 100 190
3 100 210
3 101 138
3 103 140
3 104 190
3 105 34
3 105 36
3 105 40
3 105 184
3 106 16
3 106 137
3 106 142
3 106 160
3 106 176
3 107 20
3 107 116
3 108 31
3 108 118
3 108 247
3 108 248
3 108 249
3 109 160
3 109 206
3 110 2
3 110 23
3 110 86
3 110 130
3 110 143
3 110 148
3 110 199
3 110 217
3 111 32
3 111 34
3 111 173
3 112 96
3 112 106
3 112 138
3 112 215
3 113 36
3 113 62
3 113 92
3 113 117
3 113 154
3 113 225
3 114 48
3 114 92
3 114 102
3 114 149
3 114 170
3 115 33
3 116 112
3 116 160
3 116 241
3 116 245
3 117 264
3 118 99
3 118 148
3 119 179
3 120 49
3 121 65
3 121 162
3 122 96
3 122 125
3 122 200
3 123 135
3 123 145
3 124 29
3 124 79
3 124 93
3 124 147
3 124 235
3 124 244
3 125 116
3 126 179
3 127 48
3 127 167
3 128 52
3 128 79
3 128 146
3 128 202
3 129 85
3 129 169
3 129 186
3 129 224
3 130 46
3 130 92
3 130 257
3 131 87
3 131 105
3 131 171
3 132 89
3 132 119
3 132 258
3 133 32
3 133 54
3 133 83
3 133 88
3 133 95
3 133 192
3 133 199
3 133 221
3 134 123
3 134 154
3 135 3
3 135 59
3 135 76
3 135 97
3 135 149
3 135 187
3 136 94
3 136 200
3 136 231
3 138 108
3 139 29
3 139 90
3 140 163
3 140 205
3 141 141
3 141 258
3 142 31
3 142 89
3 143 64
3 143 228
3 143 243
3 144 0
3 144 40
3 144 149
3 144 250
3 145 14
3 145 61
3 145 82
3 145 95
3 145 160
3 146 101
3 146 173
3 146 213
3 146 261
3 147 42
3 147 46
3 147 90
3 147 179
3 148 74
3 148 159
3 148 161
3 148 251
3 149 191
3 149 222
3 149 246
3 150 103
3 150 151
3 150 157
3 150 209
3 150 224
3 151 124
3 152 102
3 152 149
3 152 181
3 153 248
3 154 116
3 154 257
3 155 96
3 155 138
3 155 171
3 155 182
3 155 223
3 156 71
3 156 138
3 156 170
3 156 200
3 157 50
3 157 132
3 157 165
3 158 52
3 158 105
3 158 126
3 159 42
3 159 98
3 159 230
3 159 238
3 159 255
3 160 0
3 160 14
3 160 20
3 160 109
3 160 140
3 160 164
3 161 20
3 161 47
3 161 177
3 161 216
3 161 226
3 162 230
3 162 260
3 163 34
3 163 60
3 163 247
3 163 260
3 164 67
3 164 154
3 165 80
3 165 212
3 165 222
3 166 5
3 166 200
3 166 237
3 167 210
3 168 65
3 168 239
3 169 10
3 169 83
3 170 177
3 170 212
3 171 8
3 171 63
3 171 179
3 171 254
3 174 59
3 174 61
3 174 87
3 174 169
3 175 0
3 175 12
3 175 189
3 175 252
3 176 92
3 176 111
3 176 222
3 176 227
3 177 117
3 177 123
3 178 122
3 179 44
3 179 109
3 179 259
3 180 170
3 181 178
3 182 18
3 182 45
3 182 80
3 182 87
3 182 185
3 183 99
3 183 121
3 183 150
3 183 190
3 183 192
3 183 249
3 184 126
3 184 156
3 184 232
3 184 236
3 185 3
3 185 84
3 185 132
3 185 141
3 185 223
3 185 230
3 186 22
3 186 55
3 186 113
3 186 175
3 186 193
3 187 82
3 188 150
3 188 240
3 188 256
3 189 104
3 190 54
3 190 55
3 190 84
3 190 211
3 190 251
3 191 87
3 191 187
3 191 231
3 192 67
3 192 101
3 192 106
3 192 152
3 192 246
3 193 43
3 193 182
3 194 25
3 194 117
3 194 243
3 194 249
3 195 118
3 195 151
3 195 169
3 196 99
3 196 181
3 198 81
3 198 108
3 198 168
3 199 13
3 199 26
3 199 61
3 199 147
3 199 155
3 199 220
3 200 23
3 200 28
3 200 52
3 200 63
3 200 166
3 200 214
3 201 161
3 202 13
3 202 219
3 202 247
3 203 17
3 203 57
3 203 95
3 203 148
3 205 61
3 205 113
3 205 148
3 205 197
3 205 205
3 205 247
3 206 65
3 206 73
3 206 88
3 206 118
3 206 163
3 206 203
3 206 216
3 207 68
3 207 179
3 207 186
3 208 119
3 209 70
3 209 111
3 210 10
3 210 146
3 210 202
3 210 203
3 210 208
3 211 22
3 211 40
3 211 93
3 211 102
3 212 66
3 212 113
3 212 119
3 213 60
3 213 79
3 213 104
3 213 139
3 213 180
3 213 225
3 214 18
3 214 28
3 214 31
3 214 61
3 214 79
3 214 115
3 214 254
3 215 44
3 215 55
3 215 73
3 215 174
3 215 199
3 215 216
3 215 262
3 216 12
3 216 76
3 216 91
3 216 154
3 216 260
3 217 208
3 218 172
3 218 229
3 219 42
3 219 123
3 220 114
3 220 260
3 221 96
3 221 224
3 222 17
3 222 97
3 222 119
3 222 252
3 223 85
3 223 108
3 223 114
3 223 133
3 224 86
3 224 101
3 224 120
3 224 245
3 224 248
4 0 13
4 0 25
4 0 39
4 0 57
4 0 66
4 0 136
4 1 15
4 1 16
4 1 39
4 1 52
4 1 56
4 1 79
4 1 100
4 1 132
4 1 180
4 1 216
4 1 268
4 2 33
4 2 39
4 2 71
4 2 74
4 2 80
4 2 82
4 2 89
4 2 119
4 2 227
4 2 235
4 2 244
4 3 3
4 3 32
4 3 36
4 3 40
4 3 53
4 3 56
4 3 69
4 3 71
4 3 78
4 3 127
4 3 149
4 3 191
4 4 68
4 4 144
4 4 240
4 5 6
4 5 11
4 5 19
4 5 33
4 5 40
4 5 52
4 5 64
4 5 66
4 5 83
4 5 125
4 5 141
4 6 22
4 6 27
4 6 47
4 6 60
4 6 69
4 6 71
4 6 115
4 6 175
4 6 181
4 6 250
4 6 264
4 7 2
4 7 16
4 7 25
4 7 26
4 7 29
4 7 34
4 7 71
4 7 78
4 7 138
4 7 154
4 7 181
4 7 238
4 7 239
4 8 24
4 8 26
4 8 27
4 8 35
4 8 43
4 8 53
4 8 59
4 8 63
4 8 76
4 8 79
4 8 196
4 8 209
4 9 17
4 9 18
4 9 24
4 9 32
4 9 47
4 9 51
4 9 55
4 9 91
4 9 129
4 9 194
4 10 8
4 10 32
4 10 37
4 10 41
4 10 46
4 10 52
4 10 56
4 10 61
4 10 68
4 10 83
4 11 14
4 11 32
4 11 112
4 11 118
4 11 184
4 11 194
4 12 13
4 12 34
4 12 46
4 12 79
4 12 86
4 12 91
4 12 123
4 12 173
4 13 16
4 13 33
4 13 48
4 13 53
4 13 170
4 14 5
4 14 34
4 14 38
4 14 59
4 14 79
4 14 95
4 14 213
4 15 54
4 15 60
4 15 98
4 15 126
4 15 241
4 16 4
4 16 16
4 16 51
4 16 64
4 16 68
4 16 71
4 16 80
4 16 124
4 17 34
4 17 61
4 17 67
4 18 13
4 18 14
4 18 24
4 18 35
4 18 40
4 18 43
4 18 44
4 18 68
4 18 69
4 18 71
4 18 74
4 18 87
4 18 163
4 18 240
4 18 259
4 19 5
4 19 21
4 19 26
4 19 35
4 19 42
4 19 177
4 19 268
4 20 0
4 20 9
4 20 33
4 20 78
4 20 93
4 20 104
4 20 120
4 20 138
4 20 264
4 21 4
4 21 15
4 21 27
4 21 40
4 21 49
4 21 62
4 21 108
4 21 134
4 21 225
4 22 34
4 22 51
4 22 52
4 22 70
4 22 84
4 22 115
4 22 126
4 22 149
4 22 174
4 22 188
4 22 211
4 22 249
4 23 22
4 23 27
4 23 93
4 23 156
4 23 213
4 24 36
4 24 120
4 25 6
4 25 18
4 25 39
4 25 70
4 25 102
4 25 110
4 25 112
4 26 18
4 26 19
4 26 33
4 26 38
4 26 45
4 26 81
4 26 114
4 27 2
4 27 24
4 27 34
4 27 55
4 27 68
4 27 75
4 27 77
4 27 90
4 27 113
4 27 187
4 28 12
4 28 21
4 28 30
4 28 36
4 28 38
4 28 42
4 28 44
4 28 46
4 28 48
4 28 147
4 29 31
4 29 49
4 29 216
4 30 9
4 30 27
4 30 34
4 30 61
4 30 79
4 30 194
4 30 196
4 31 16
4 31 30
4 31 38
4 31 49
4 31 66
4 31 74
4 31 86
4 32 2
4 32 44
4 32 58
4 32 71
4 32 238
4 33 11
4 33 19
4 33 38
4 33 69
4 33 70
4 33 71
4 33 117
4 33 263
4 34 11
4 34 12
4 34 13
4 34 64
4 34 87
4 34 107
4 34 245
4 34 246
4 35 29
4 35 36
4 35 52
4 35 75
4 35 81
4 35 204
4 35 233
4 35 240
4 35 258
4 36 9
4 36 13
4 36 17
4 36 21
4 36 25
4 36 118
4 36 138
4 36 151
4 37 7
4 37 9
4 37 17
4 37 45
4 37 53
4 37 61
4 37 74
4 37 79
4 38 5
4 38 19
4 38 43
4 38 62
4 38 68
4 38 69
4 38 86
4 38 138
4 38 182
4 38 194
4 38 239
4 39 21
4 39 38
4 39 68
4 39 170
4 39 171
4 39 204
4 40 74
4 40 87
4 40 106
4 40 122
4 41 26
4 41 37
4 41 44
4 41 61
4 41 85
4 41 96
4 41 213
4 41 264
4 42 19
4 42 39
4 42 41
4 42 43
4 42 59
4 42 65
4 42 70
4 42 71
4 42 73
4 42 189
4 43 1
4 43 6
4 43 18
4 43 22
4 43 31
4 43 38
4 43 41
4 43 47
4 43 82
4 43 83
4 43 141
4 44 11
4 44 28
4 44 31
4 44 33
4 44 46
4 44 47
4 44 71
4 44 78
4 44 150
4 44 191
4 44 246
4 45 3
4 45 12
4 45 17
4 45 35
4 45 36
4 45 44
4 45 55
4 45 56
4 45 67
4 45 131
4 45 178
4 45 228
4 46 26
4 46 43
4 47 6
4 47 8
4 47 9
4 47 11
4 47 23
4 47 56
4 47 67
4 47 82
4 47 87
4 47 230
4 48 17
4 48 30
4 48 37
4 48 54
4 48 61
4 48 93
4 48 123
4 48 242
4 49 0
4 49 4
4 49 13
4 49 35
4 49 37
4 49 40
4 49 62
4 49 71
4 49 91
4 49 148
4 49 164
4 49 199
4 49 220
4 50 6
4 50 23
4 50 48
4 50 51
4 50 73
4 50 85
4 50 217
4 51 20
4 51 21
4 51 24
4 51 35
4 51 58
4 51 71
4 51 76
4 51 86
4 51 88
4 51 188
4 51 227
4 52 7
4 52 10
4 52 11
4 52 17
4 52 57
4 52 67
4 52 85
4 52 86
4 52 245
4 53 6
4 53 28
4 53 35
4 53 45
4 53 50
4 53 55
4 53 90
4 53 104
4 53 151
4 53 159
4 54 15
4 54 35
4 54 36
4 54 73
4 54 156
4 54 184
4 54 203
4 54 251
4 55 2
4 55 5
4 55 29
4 55 41
4 55 67
4 55 81
4 55 112
4 55 129
4 55 187
4 55 215
4 55 239
4 56 35
4 56 64
4 56 82
4 57 14
4 57 40
4 57 64
4 57 81
4 57 162
4 57 208
4 57 245
4 58 11
4 58 16
4 58 21
4 58 59
4 58 71
4 58 76
4 58 219
4 59 4
4 59 19
4 59 24
4 59 33
4 59 181
4 59 214
4 59 248
4 60 5
4 60 15
4 60 52
4 60 57
4 60 59
4 60 60
4 60 70
4 60 84
4 60 128
4 60 239
4 60 241
4 61 0
4 61 11
4 61 12
4 61 28
4 61 53
4 61 72
4 61 77
4 61 82
4 61 132
4 61 239
4 62 3
4 62 4
4 62 57
4 62 75
4 62 84
4 62 154
4 63 37
4 63 50
4 63 52
4 64 5
4 64 31
4 64 35
4 64 43
4 64 59
4 64 183
4 65 5
4 65 48
4 65 56
4 65 59
4 65 76
4 65 84
4 65 150
4 65 186
4 65 202
4 66 24
4 66 39
4 66 44
4 66 47
4 66 48
4 66 64
4 66 250
4 67 28
4 67 42
4 67 53
4 67 58
4 67 80
4 67 168
4 68 34
4 68 39
4 68 47
4 68 48
4 68 50
4 68 54
4 68 65
4 68 79
4 68 83
4 68 122
4 68 132
4 68 171
4 68 210
4 69 17
4 69 18
4 69 31
4 69 38
4 69 41
4 69 59
4 69 64
4 69 70
4 69 97
4 69 236
4 70 5
4 70 8
4 70 52
4 70 74
4 70 78
4 70 144
4 70 232
4 71 8
4 71 9
4 71 10
4 71 25
4 71 40
4 71 42
4 71 53
4 71 59
4 71 76
4 71 79
4 71 138
4 71 168
4 72 9
4 72 10
4 72 13
4 72 14
4 72 22
4 72 27
4 72 33
4 72 74
4 72 78
4 72 150
4 72 205
4 72 256
4 73 4
4 73 18
4 73 31
4 73 51
4 73 64
4 73 77
4 73 91
4 73 217
4 74 28
4 74 42
4 74 129
4 74 145
4 75 9
4 75 28
4 75 29
4 75 214
4 76 7
4 76 19
4 76 49
4 76 67
4 76 220
4 77 78
4 77 83
4 78 16
4 78 28
4 78 38
4 78 42
4 78 55
4 78 57
4 78 63
4 78 76
4 78 82
4 78 86
4 78 88
4 78 94
4 78 106
4 79 65
4 79 74
4 79 237
4 80 1
4 80 3
4 80 13
4 80 35
4 80 37
4 80 43
4 80 83
4 80 84
4 80 85
4 80 146
4 80 174
4 81 20
4 81 33
4 81 70
4 81 79
4 81 82
4 81 86
4 81 96
4 81 204
4 81 254
4 82 2
4 82 5
4 82 56
4 82 69
4 82 72
4 82 132
4 82 153
4 82 265
4 83 34
4 83 36
4 83 42
4 83 58
4 83 69
4 83 73
4 83 175
4 83 207
4 84 13
4 84 16
4 84 35
4 84 50
4 84 72
4 84 92
4 84 182
4 84 189
4 85 0
4 85 29
4 85 48
4 85 62
4 85 71
4 85 85
4 85 218
4 85 231
4 86 40
4 86 53
4 86 79
4 86 221
4 87 169
4 87 223
4 88 23
4 88 73
4 88 108
4 88 174
4 88 181
4 89 58
4 89 267
4 90 110
4 90 220
4 90 253
4 91 54
4 91 124
4 91 217
4 92 75
4 92 182
4 93 9
4 93 192
4 94 69
4 94 132
4 94 138
4 94 144
4 94 147
4 94 160
4 94 218
4 95 74
4 95 97
4 95 128
4 95 196
4 95 216
4 95 219
4 95 252
4 95 266
4 96 90
4 96 202
4 96 218
4 97 8
4 97 54
4 97 56
4 97 79
4 97 182
4 98 2
4 98 4
4 98 27
4 99 252
4 100 4
4 100 168
4 100 198
4 100 266
4 101 134
4 101 219
4 101 263
4 102 9
4 102 70
4 102 124
4 102 187
4 102 192
4 103 16
4 103 195
4 103 253
4 104 81
4 104 105
4 105 155
4 106 31
4 106 91
4 107 71
4 107 123
4 107 177
4 107 200
4 107 255
4 108 193
4 109 155
4 109 165
4 109 188
4 109 194
4 109 203
4 110 32
4 111 26
4 111 67
4 111 95
4 111 157
4 111 174
4 111 236
4 112 105
4 112 158
4 112 252
4 113 72
4 113 127
4 114 166
4 114 200
4 115 146
4 115 214
4 116 8
4 116 149
4 116 186
4 116 244
4 117 8
4 117 54
4 117 117
4 117 121
4 117 179
4 117 242
4 118 157
4 118 192
4 118 212
4 119 24
4 119 27
4 119 118
4 119 140
4 119 149
4 119 215
4 120 40
4 120 122
4 120 159
4 120 198
4 120 239
4 121 109
4 123 155
4 123 196
4 124 100
4 124 126
4 124 183
4 125 20
4 125 124
4 126 233
4 127 6
4 127 69
4 127 92
4 127 147
4 127 154
4 128 49
4 128 73
4 128 220
4 128 233
4 128 244
4 129 54
4 129 85
4 129 136
4 129 137
4 129 194
4 130 47
4 130 127
4 130 226
4 131 64
4 131 121
4 131 155
4 131 252
4 131 266
4 132 171
4 132 203
4 132 261
4 133 101
4 133 132
4 134 16
4 134 200
4 134 228
4 135 62
4 135 113
4 135 234
4 136 105
4 137 101
4 137 138
4 137 181
4 137 236
4 137 258
4 138 120
4 139 240
4 140 134
4 140 260
4 141 29
4 141 68
4 141 193
4 141 246
4 141 261
4 142 26
4 142 213
4 143 70
4 143 93
4 143 239
4 144 2
4 144 131
4 145 81
4 145 252
4 145 258
4 146 101
4 146 158
4 146 240
4 147 12
4 147 118
4 147 196
4 148 158
4 148 183
4 148 201
4 149 40
4 150 119
4 150 171
4 151 16
4 151 174
4 151 243
4 151 268
4 152 43
4 152 249
4 152 257
4 153 143
4 153 228
4 154 13
4 154 78
4 154 81
4 154 84
4 155 31
4 156 107
4 156 186
4 156 204
4 157 94
4 158 27
4 158 65
4 158 73
4 158 112
4 159 249
4 160 4
4 160 23
4 160 51
4 160 73
4 160 112
4 161 81
4 161 150
4 161 156
4 162 7
4 162 48
4 162 64
4 162 133
4 163 136
4 164 193
4 164 241
4 165 30
4 165 90
4 165 149
4 165 154
4 165 166
4 166 14
4 166 17
4 166 53
4 166 201
4 166 247
4 167 69
4 167 117
4 168 0
4 168 96
4 168 259
4 168 268
4 169 137
4 170 42
4 170 100
4 170 173
4 171 81
4 171 93
4 171 108
4 171 158
4 171 168
4 172 13
4 172 124
4 172 133
4 172 196
4 173 11
4 174 10
4 174 142
4 174 160
4 174 244
4 175 7
4 175 122
4 175 132
4 175 164
4 176 178
4 177 236
4 178 84
4 179 32
4 179 36
4 179 246
4 181 215
4 182 33
4 183 17
4 183 158
4 183 214
4 183 263
4 184 120
4 184 151
4 185 68
4 185 180
4 185 245
4 185 265
4 186 67
4 186 117
4 186 158
4 186 161
4 186 216
4 187 109
4 187 180
4 187 247
4 188 88
4 188 114
4 189 18
4 189 141
4 189 180
4 190 215
4 191 94
4 191 228
4 191 254
4 191 268
4 192 20
4 192 99
4 192 143
4 192 187
4 192 222
4 192 228
4 193 6
4 193 16
4 193 95
4 193 134
4 193 157
4 193 180
4 193 263
4 194 139
4 194 192
4 194 210
4 194 244
4 195 47
4 195 241
4 196 75
4 196 127
4 196 197
4 197 43
4 197 81
4 197 160
4 197 164
4 198 0
4 198 3
4 198 5
4 198 141
4 198 144
4 198 187
4 198 243
4 198 268
4 199 3
4 199 87
4 200 36
4 200 106
4 200 190
4 201 159
4 202 31
4 202 39
4 202 99
4 202 122
4 203 72
4 203 80
4 203 116
4 203 128
4 203 131
4 203 155
4 203 228
4 204 14
4 204 173
4 204 186
4 204 207
4 204 252
4 205 35
4 205 89
4 205 131
4 206 126
4 206 251
4 207 17
4 207 135
4 207 265
4 208 43
4 208 47
4 209 154
4 209 197
4 209 259
4 210 57
4 210 101
4 210 136
4 210 250
4 210 266
4 211 94
4 211 241
4 212 218
4 212 260
4 213 161
4 214 63
4 214 166
4 214 242
4 214 245
4 215 17
4 215 74
4 215 194
4 215 244
4 215 262
4 215 264
4 216 19
4 216 34
4 216 37
4 216 67
4 216 98
4 216 148
4 216 177
4 216 202
4 217 1
4 217 148
4 217 161
4 217 166
4 218 0
4 218 110
4 218 122
4 219 158
4 219 208
4 220 7
4 220 253
4 221 43
4 221 135
4 221 155
4 222 173
4 223 5
4 223 29
4 223 97
4 223 256
4 225 61
4 225 109
4 225 123
4 225 173
4 225 261
4 226 9
4 226 45
4 226 69
4 226 249
4 227 23
4 227 178
4 228 85
4 228 111
4 228 144
4 229 32
4 229 77
4 229 83
4 229 90
4 229 144
4 229 179
4 229 194
4 230 88
4 230 230
4 230 251
4 231 128
4 231 138
4 231 192
4 231 221
4 231 246
4 232 9
4 232 218
4 233 12
4 233 34
4 233 116
4 233 119
4 233 258
4 234 162
4 234 212
4 235 104
4 235 118
4 235 121
4 236 31
4 236 119
4 237 94
4 238 41
4 238 60
4 238 89
4 239 37
4 239 66
4 239 171
4 239 246
4 240 48
4 240 201
4 240 219
4 240 265
4 241 40
4 242 115
4 242 125
4 242 167
4 242 224
4 243 33
4 243 128
4 243 163
4 243 236
4 243 266
4 244 97
4 245 73
4 245 85
4 246 17
4 247 30
4 247 57
4 247 63
4 247 137
4 247 141
4 247 255
4 248 115
4 248 121
4 248 217
4 249 28
4 249 77
4 249 106
4 250 35
4 250 152
4 250 201
4 251 3
4 251 120
4 251 123
4 251 131
4 251 247
4 252 138
4 252 196
4 252 232
4 253 164
4 253 172
4 253 214
4 253 230
4 254 125
4 255 166
4 256 22
4 256 46
4 256 216
4 258 38
4 258 72
4 258 109
4 258 208
4 259 16
4 259 27
4 259 46
4 259 83
4 259 106
4 259 124
4 259 128
4 259 185
4 260 88
4 260 168
4 260 226
4 261 24
4 261 154
4 261 222
4 262 62
4 262 76
4 263 43
4 263 67
4 263 124
4 264 119
4 264 132
4 264 159
4 264 210