1024
3
385 340 369
5294

0 658 0 0 927 149 0 0 0 324 924 419 0 815 12 0 0 0 0 0 0 0 0 0 0 656 0 445 775 509 0 257 317 972 0 758 78 0 0 42 0 753 0 0 961 813 0 0 195 498 0 178 94 0 829 191 0 0 152 0 11 0 0 0 29 986 153 106 0 884 976 0 22 0 963 379 0 0 0 0 0 627 0 386 0 0 0 0 219 0 0 0 927 0 265 104 0 875 164 677 0 0 0 72 0 815 0 0 0 677 0 0 0 796 893 0 0 713 366 823 0 0 237 0 0 392 0 0 672 0 316 0 0 0 0 499 392 856 0 0 0 208 0 811 882 0 0 896 844 403 471 649 0 0 638 0 556 0 0 0 887 0 0 0 0 0 188 246 0 66 76 0 86 87 51 45 53 10 0 0 0 92 0 21 0 75 18 29 7 8 0 0 64 52 82 100 11 73 0 25 0 86 0 0 0 52 40 69 0 22 0 0 62 0 0 0 0 37 0 21 70 0 0 0 99 0 0 53 0 55 0 0 78 11 59 1 0 67 83 35 28 0 0 42 0 13 0 74 78 0 0 20 87 0 37 0 0 43 0 59 64 0 0 0 0 0 2 29 11 0 79 26 0 0 0 0 0 0 0 47 74 0 0 70 58 87 80 0 81 0 0 0 77 0 0 46 0 0 83 0 0 79 0 0 16 56 0 0 89 0 40 0 45 0 0 82 66 6 49 0 48 0 48 61 96 45 0 40 49 72 71 0 32 0 0 86 25 0 0 0 27 0 0 5 86 85 0 43 0 13 0 0 0 0 74 0 39 0 50 0 91 0 0 0 0 0 33 0 47 21 0 0 0 85 0 32 0 0 0 0 0 64 25 0 26
728 0 991 0 357 0 612 745 0 565 0 222 0 0 0 0 0 100 0 0 0 0 0 0 32 0 0 25 0 0 577 833 0 41 0 46 0 0 0 920 582 570 0 0 0 0 950 0 102 0 0 902 0 615 483 775 0 0 0 0 0 586 996 0 687 0 0 0 131 529 0 0 754 0 0 0 783 533 980 769 603 0 241 0 0 21 849 0 886 265 0 0 0 518 0 0 369 541 638 0 192 0 0 0 785 0 541 0 929 966 0 498 85 0 460 0 586 0 0 0 748 510 0 0 0 0 75 0 74 0 0 982 0 0 0 613 140 257 351 731 0 0 0 124 0 497 490 0 928 67 90 0 0 51 98 0 0 81 25 41 0 0 52 0 0 18 0 0 94 0 0 75 93 0 21 0 95 61 85 0 39 0 93 0 18 0 0 0 24 14 71 95 0 0 0 94 33 60 59 34 0 87 88 0 1 31 0 0 70 23 0 0 33 3 25 87 72 28 66 0 0 16 0 30 62 35 0 0 0 0 63 85 0 0 64 56 10 0 96 0 0 0 18 43 0 0 0 0 28 73 80 25 90 0 0 45 25 0 0 0 89 38 54 0 6 75 95 76 66 63 0 77 0 0 0 0 0 0 0 0 40 89 0 0 41 0 79 0 0 0 0 24 6 37 26 10 53 48 0 30 86 82 77 0 0 31 0 89 24 64 0 51 39 0 72 56 0 63 25 9 0 59 0 9 24 76 77 29 0 0 63 47 23 0 78 68 0 0 64 78
0 0 0 816 0 882 663 0 0 622 0 0 0 483 340 373 0 0 282 0 0 0 0 394 0 609 69 724 38 577 0 155 223 0 0 935 473 0 291 906 0 347 0 0 0 309 0 40 133 587 497 952 954 177 610 0 531 610 279 440 0 175 930 0 498 0 515 925 0 0 252 947 821 637 0 0 101 81 0 0 660 95 850 826 0 0 0 541 221 0 447 300 863 809 0 798 777 0 914 409 0 0 962 887 0 0 0 0 273 901 0 492 0 0 604 0 156 0 0 0 207 0 277 31 0 882 0 0 686 0 460 0 0 370 821 918 34 887 0 937 0 0 0 367 621 0 679 0 0 514 749 284 387 731 553 288 853 0 630 0 163 0 72 0 0 0 47 0 0 0 0 55 0 25 0 4 59 1 66 0 78 0 0 0 0 32 0 62 1 0 0 26 0 0 0 0 0 23 0 98 54 0 0 54 0 1 34 0 17 4 88 59 0 80 88 0 18 72 77 19 49 0 0 0 0 0 38 0 13 83 0 0 0 0 9 13 57 36 0 0 54 0 58 48 0 0 0 0 0 0 94 90 97 0 0 0 0 61 0 67 21 47 0 60 11 64 87 60 0 69 41 23 12 0 0 44 87 0 0 75 89 29 80 0 38 0 69 0 0 0 0 33 80 0 75 0 0 13 79 21 49 0 0 0 0 38 0 0 0 0 0 0 0 0 0 0 0 0 0 0 0 0 0 0 74 0 81 0 0 0 0 0 85 0 33 0 0 100 63 32 17 0 0 0 0 0 27 33 23 95 71 0 8 0 0 16 0 0 100 0 0 0 9 0 0 0 0 0 51

0 0 7
0 0 11
0 0 33
0 0 81
0 0 86
0 1 24
0 1 43
0 1 75
0 1 80
0 1 81
0 1 96
0 1 121
0 1 139
0 1 142
0 1 151
0 1 223
0 2 3
0 2 23
0 2 27
0 2 53
0 2 73
0 2 111
0 2 115
0 2 142
0 2 274
0 3 22
0 3 46
0 3 72
0 3 99
0 3 122
0 4 19
0 4 34
0 4 43
0 4 67
0 4 87
0 4 115
0 4 221
0 5 13
0 5 111
0 5 180
0 5 285
0 5 296
0 5 320
0 5 334
0 6 11
0 6 25
0 6 60
0 6 96
0 6 125
0 6 131
0 6 134
0 6 149
0 7 1
0 7 25
0 7 39
0 7 97
0 7 101
0 7 129
0 7 140
0 7 144
0 7 169
0 7 303
0 7 328
0 8 5
0 8 43
0 8 68
0 8 80
0 8 104
0 8 130
0 9 19
0 9 54
0 9 55
0 9 72
0 9 146
0 9 234
0 10 1
0 10 36
0 10 70
0 10 122
0 10 124
0 10 266
0 11 1
0 11 63
0 11 75
0 11 131
0 11 134
0 11 136
0 11 155
0 12 7
0 12 11
0 12 19
0 12 33
0 12 53
0 12 89
0 12 94
0 12 107
0 12 134
0 12 136
0 12 254
0 12 292
0 12 321
0 13 7
0 13 15
0 13 20
0 13 33
0 13 68
0 13 112
0 13 129
0 13 136
0 13 146
0 13 172
0 13 321
0 14 98
0 14 129
0 14 145
0 14 200
0 14 260
0 14 268
0 14 337
0 15 17
0 15 27
0 15 44
0 15 64
0 15 112
0 15 120
0 15 147
0 16 2
0 16 57
0 16 71
0 16 93
0 16 104
0 16 109
0 16 110
0 16 111
0 16 131
0 16 132
0 16 133
0 16 146
0 16 192
0 17 88
0 17 91
0 17 103
0 17 134
0 17 154
0 17 192
0 18 17
0 18 32
0 18 72
0 18 111
0 18 128
0 18 283
0 18 293
0 18 329
0 19 25
0 19 32
0 19 37
0 19 41
0 19 71
0 19 79
0 19 104
0 19 163
0 20 11
0 20 90
0 20 96
0 20 105
0 20 170
0 20 180
0 20 301
0 21 20
0 21 74
0 21 83
0 21 110
0 21 113
0 21 115
0 21 131
0 21 132
0 21 253
0 21 295
0 22 56
0 22 59
0 22 71
0 22 89
0 22 112
0 22 114
0 22 250
0 22 286
0 22 301
0 22 305
0 22 307
0 22 322
0 23 7
0 23 9
0 23 16
0 23 64
0 23 139
0 24 2
0 24 16
0 24 34
0 24 38
0 24 81
0 24 103
0 24 125
0 24 129
0 24 133
0 24 195
0 25 4
0 25 10
0 25 149
0 26 72
0 26 74
0 26 81
0 26 102
0 26 117
0 26 125
0 26 133
0 26 148
0 26 194
0 26 251
0 27 53
0 27 54
0 27 55
0 27 89
0 27 105
0 27 141
0 27 147
0 27 214
0 28 59
0 28 77
0 28 112
0 28 113
0 28 126
0 28 160
0 28 223
0 28 326
0 29 5
0 29 45
0 29 64
0 29 72
0 29 76
0 29 89
0 29 128
0 30 18
0 30 65
0 30 68
0 30 70
0 30 83
0 30 103
0 30 113
0 30 133
0 30 138
0 30 141
0 30 148
0 31 9
0 31 40
0 31 51
0 31 65
0 31 109
0 31 129
0 31 158
0 31 240
0 31 319
0 32 7
0 32 27
0 32 64
0 32 88
0 32 104
0 32 193
0 32 249
0 33 25
0 33 65
0 33 68
0 33 81
0 33 254
0 33 312
0 34 22
0 34 47
0 34 53
0 34 58
0 34 81
0 34 241
0 34 265
0 34 302
0 35 6
0 35 9
0 35 76
0 35 97
0 35 104
0 35 130
0 35 135
0 35 319
0 35 326
0 36 36
0 36 85
0 36 121
0 36 122
0 36 136
0 36 266
0 36 297
0 37 60
0 37 61
0 37 125
0 37 135
0 37 205
0 37 324
0 38 11
0 38 62
0 38 64
0 38 254
0 38 335
0 39 39
0 39 51
0 39 59
0 39 103
0 39 105
0 39 127
0 40 83
0 40 131
0 40 135
0 40 136
0 40 137
0 40 276
0 40 333
0 41 6
0 41 12
0 41 42
0 41 93
0 41 100
0 41 114
0 41 119
0 41 138
0 41 143
0 42 84
0 42 93
0 42 121
0 42 144
0 43 7
0 43 23
0 43 60
0 43 73
0 43 100
0 43 126
0 43 136
0 43 144
0 43 178
0 43 236
0 44 4
0 44 18
0 44 21
0 44 69
0 44 95
0 44 115
0 44 131
0 45 24
0 45 43
0 45 91
0 45 111
0 45 115
0 45 145
0 46 8
0 46 15
0 46 42
0 46 49
0 46 92
0 46 122
0 46 325
0 47 1
0 47 21
0 47 37
0 47 60
0 47 65
0 47 76
0 47 77
0 47 123
0 47 137
0 47 159
0 47 170
0 47 252
0 48 25
0 48 77
0 48 79
0 48 110
0 48 146
0 48 147
0 48 148
0 48 300
0 49 25
0 49 30
0 49 89
0 49 207
0 50 10
0 50 22
0 50 62
0 50 93
0 50 101
0 50 116
0 50 117
0 50 119
0 50 121
0 50 265
0 51 21
0 51 54
0 51 79
0 51 87
0 51 122
0 51 213
0 51 228
0 51 268
0 52 29
0 52 45
0 52 69
0 52 75
0 52 109
0 52 118
0 52 134
0 52 140
0 52 142
0 52 153
0 53 6
0 53 30
0 53 107
0 53 112
0 53 115
0 53 170
0 53 231
0 53 285
0 54 16
0 54 56
0 54 57
0 54 81
0 54 128
0 54 134
0 54 158
0 55 20
0 55 46
0 55 56
0 55 61
0 55 118
0 55 119
0 55 141
0 55 260
0 55 310
0 56 7
0 56 28
0 56 90
0 56 93
0 56 112
0 56 116
0 56 123
0 57 28
0 57 42
0 57 55
0 57 94
0 57 128
0 57 131
0 57 279
0 57 331
0 58 0
0 58 6
0 58 13
0 58 32
0 58 98
0 58 111
0 58 138
0 58 197
0 58 214
0 58 335
0 59 4
0 59 12
0 59 31
0 59 100
0 59 118
0 59 134
0 59 149
0 59 196
0 60 30
0 60 94
0 60 95
0 60 148
0 60 296
0 61 20
0 61 21
0 61 27
0 61 28
0 61 31
0 61 37
0 61 52
0 61 58
0 61 93
0 61 102
0 61 106
0 61 112
0 61 258
0 62 63
0 62 77
0 62 275
0 62 280
0 62 330
0 63 18
0 63 25
0 63 72
0 63 73
0 63 113
0 63 129
0 63 143
0 63 144
0 63 167
0 64 0
0 64 32
0 64 50
0 64 59
0 64 73
0 64 95
0 64 136
0 64 200
0 64 243
0 65 2
0 65 6
0 65 38
0 65 49
0 65 55
0 65 71
0 65 79
0 65 102
0 65 108
0 65 112
0 65 122
0 65 178
0 65 257
0 65 309
0 65 320
0 65 322
0 66 56
0 66 70
0 66 104
0 66 127
0 66 129
0 66 172
0 66 227
0 66 265
0 67 31
0 67 39
0 67 55
0 67 69
0 67 95
0 68 6
0 68 16
0 68 53
0 68 60
0 68 75
0 68 78
0 68 88
0 68 138
0 68 291
0 69 27
0 69 36
0 69 48
0 69 54
0 69 99
0 69 243
0 70 22
0 70 26
0 70 31
0 70 44
0 70 45
0 70 81
0 70 89
0 70 95
0 70 119
0 70 139
0 71 11
0 71 17
0 71 64
0 71 96
0 71 120
0 71 235
0 71 262
0 72 9
0 72 66
0 72 85
0 72 102
0 72 106
0 72 114
0 72 115
0 72 135
0 72 146
0 72 230
0 72 284
0 73 2
0 73 8
0 73 22
0 73 31
0 73 41
0 73 101
0 73 104
0 73 141
0 73 159
0 73 213
0 74 45
0 74 47
0 74 71
0 74 92
0 74 121
0 74 134
0 74 142
0 74 243
0 75 17
0 75 46
0 75 60
0 75 77
0 75 109
0 75 117
0 75 255
0 75 309
0 76 16
0 76 20
0 76 31
0 76 84
0 76 106
0 76 150
0 76 206
0 76 225
0 77 3
0 77 16
0 77 20
0 77 64
0 77 98
0 77 115
0 77 129
0 77 212
0 77 283
0 78 2
0 78 71
0 78 88
0 78 92
0 78 109
0 78 139
0 78 287
0 79 12
0 79 17
0 79 42
0 79 49
0 79 98
0 79 112
0 79 143
0 79 314
0 80 18
0 80 22
0 80 32
0 80 42
0 80 85
0 80 93
0 80 98
0 80 101
0 80 103
0 80 115
0 80 124
0 80 201
0 80 218
0 81 57
0 81 59
0 81 123
0 81 140
0 81 251
0 82 28
0 82 82
0 82 134
0 82 182
0 83 1
0 83 8
0 83 30
0 83 46
0 83 72
0 83 81
0 83 132
0 83 229
0 84 4
0 84 68
0 84 95
0 85 21
0 85 22
0 85 48
0 85 57
0 85 95
0 85 121
0 85 136
0 85 225
0 85 247
0 86 33
0 86 78
0 86 82
0 86 96
0 86 113
0 86 115
0 86 126
0 86 232
0 86 242
0 87 1
0 87 31
0 87 61
0 87 62
0 87 75
0 87 78
0 87 85
0 87 110
0 87 175
0 87 261
0 88 9
0 88 40
0 88 41
0 88 82
0 88 84
0 88 103
0 88 141
0 88 176
0 88 300
0 89 26
0 89 48
0 89 71
0 89 76
0 89 127
0 89 146
0 89 168
0 89 169
0 89 198
0 89 281
0 89 331
0 90 20
0 90 21
0 90 44
0 90 54
0 90 75
0 90 88
0 90 104
0 90 117
0 90 144
0 90 152
0 90 155
0 91 9
0 91 120
0 91 240
0 91 316
0 91 319
0 92 7
0 92 8
0 92 13
0 92 31
0 92 52
0 92 63
0 92 83
0 92 86
0 92 129
0 92 214
0 92 275
0 93 1
0 93 56
0 93 83
0 93 118
0 93 125
0 93 133
0 93 141
0 93 166
0 93 230
0 93 304
0 94 56
0 94 75
0 94 78
0 94 83
0 94 94
0 94 114
0 94 125
0 94 213
0 95 67
0 95 80
0 95 82
0 96 2
0 96 15
0 96 32
0 96 66
0 96 123
0 96 137
0 96 175
0 96 223
0 97 10
0 97 15
0 97 38
0 97 42
0 97 47
0 97 67
0 97 78
0 97 88
0 97 274
0 98 17
0 98 30
0 98 39
0 98 60
0 98 78
0 98 104
0 98 123
0 98 273
0 99 12
0 99 26
0 99 28
0 99 68
0 99 152
0 100 23
0 100 96
0 100 110
0 100 124
0 100 134
0 100 136
0 100 244
0 100 275
0 101 7
0 101 44
0 101 102
0 101 106
0 101 109
0 101 274
0 102 45
0 102 119
0 102 133
0 102 261
0 103 1
0 103 15
0 103 20
0 103 53
0 103 54
0 103 56
0 103 63
0 103 119
0 103 124
0 103 136
0 103 306
0 104 30
0 104 51
0 104 54
0 104 76
0 104 94
0 104 193
0 104 256
0 105 51
0 105 139
0 105 251
0 105 298
0 106 1
0 106 15
0 106 52
0 106 88
0 106 96
0 106 114
0 106 128
0 106 142
0 106 146
0 106 207
0 107 0
0 107 10
0 107 37
0 107 87
0 107 90
0 107 191
0 107 246
0 108 39
0 108 57
0 108 83
0 108 93
0 108 101
0 108 112
0 108 129
0 108 241
0 108 295
0 108 333
0 109 23
0 109 40
0 109 55
0 109 60
0 109 100
0 109 115
0 109 128
0 109 145
0 110 4
0 110 8
0 110 33
0 110 44
0 110 66
0 110 79
0 110 85
0 110 96
0 110 296
0 110 331
0 111 8
0 111 9
0 111 51
0 111 89
0 111 249
0 112 36
0 112 47
0 112 54
0 112 84
0 112 90
0 112 122
0 112 185
0 113 38
0 113 45
0 113 69
0 113 106
0 113 112
0 113 144
0 114 5
0 114 28
0 114 50
0 114 68
0 114 78
0 114 144
0 114 286
0 115 3
0 115 5
0 115 21
0 115 33
0 115 59
0 115 106
0 115 231
0 116 16
0 116 23
0 116 24
0 116 62
0 116 78
0 116 110
0 116 111
0 116 128
0 116 131
0 116 171
0 116 224
0 116 227
0 116 260
0 117 64
0 117 67
0 117 68
0 117 81
0 117 106
0 117 117
0 117 125
0 117 147
0 117 161
0 117 235
0 118 46
0 118 60
0 118 84
0 118 90
0 118 94
0 118 121
0 118 140
0 118 326
0 119 4
0 119 14
0 119 16
0 119 19
0 119 30
0 119 40
0 119 51
0 119 121
0 119 124
0 119 127
0 119 135
0 119 300
0 120 26
0 120 27
0 120 33
0 120 82
0 120 90
0 121 30
0 121 34
0 121 51
0 121 63
0 121 84
0 121 89
0 121 93
0 121 107
0 121 110
0 121 112
0 121 122
0 121 139
0 121 167
0 121 250
0 122 28
0 122 76
0 122 103
0 122 105
0 122 210
0 122 289
0 123 5
0 123 27
0 123 94
0 123 116
0 123 117
0 123 132
0 123 164
0 123 297
0 124 2
0 124 8
0 124 26
0 124 34
0 124 45
0 124 68
0 124 112
0 124 235
0 124 286
0 124 302
0 125 6
0 125 53
0 125 57
0 125 115
0 125 268
0 126 14
0 126 48
0 126 54
0 126 115
0 126 141
0 126 236
0 127 22
0 127 25
0 127 79
0 127 126
0 127 140
0 127 146
0 127 157
0 127 188
0 127 247
0 127 260
0 128 17
0 128 25
0 128 30
0 128 36
0 128 57
0 128 96
0 129 9
0 129 26
0 129 51
0 129 52
0 129 89
0 129 110
0 129 117
0 129 121
0 129 215
0 130 7
0 130 23
0 130 64
0 130 72
0 130 95
0 130 117
0 130 118
0 130 330
0 131 5
0 131 16
0 131 49
0 131 52
0 131 68
0 131 117
0 132 19
0 132 73
0 132 85
0 132 138
0 132 145
0 132 146
0 133 13
0 133 14
0 133 32
0 133 33
0 133 40
0 133 55
0 133 144
0 133 243
0 134 6
0 134 9
0 134 31
0 134 51
0 134 74
0 134 98
0 134 105
0 134 145
0 135 9
0 135 17
0 135 30
0 135 52
0 135 61
0 135 83
0 135 129
0 135 146
0 136 28
0 136 44
0 136 55
0 136 101
0 136 115
0 136 130
0 136 137
0 137 3
0 137 4
0 137 15
0 137 27
0 137 32
0 137 66
0 137 97
0 137 131
0 137 163
0 137 295
0 137 309
0 138 3
0 138 8
0 138 18
0 138 45
0 138 78
0 138 101
0 138 103
0 138 219
0 139 104
0 139 107
0 139 108
0 139 204
0 139 332
0 140 34
0 140 65
0 140 76
0 140 100
0 140 102
0 140 121
0 140 137
0 140 156
0 140 202
0 140 239
0 140 259
0 140 308
0 141 126
0 142 50
0 142 58
0 142 63
0 142 93
0 142 245
0 143 3
0 143 75
0 143 89
0 143 91
0 143 130
0 143 148
0 143 244
0 143 257
0 144 62
0 144 72
0 144 98
0 144 113
0 144 123
0 145 0
0 145 12
0 145 26
0 145 97
0 145 141
0 146 17
0 146 31
0 146 60
0 146 114
0 146 124
0 146 256
0 146 312
0 147 2
0 147 10
0 147 52
0 147 92
0 147 97
0 147 139
0 147 143
0 147 165
0 148 26
0 148 93
0 148 116
0 148 143
0 148 146
0 149 12
0 149 40
0 149 49
0 149 84
0 149 134
0 149 216
0 149 294
0 150 7
0 150 53
0 150 61
0 150 90
0 150 112
0 150 128
0 150 316
0 150 331
0 151 1
0 151 44
0 151 67
0 151 98
0 151 107
0 151 139
0 151 245
0 151 249
0 152 31
0 152 33
0 152 109
0 152 116
0 153 44
0 153 171
0 153 173
0 153 285
0 153 293
0 154 6
0 154 10
0 154 33
0 154 46
0 154 106
0 154 112
0 154 128
0 154 136
0 154 298
0 155 23
0 155 63
0 155 65
0 155 126
0 155 144
0 156 19
0 156 52
0 156 56
0 156 145
0 156 216
0 156 250
0 157 102
0 157 110
0 157 141
0 157 148
0 157 274
0 158 25
0 158 67
0 158 147
0 158 149
0 158 243
0 159 18
0 159 30
0 159 93
0 159 124
0 159 144
0 160 21
0 160 40
0 160 57
0 160 78
0 160 85
0 160 106
0 161 0
0 161 2
0 161 34
0 161 70
0 161 72
0 161 77
0 161 102
0 161 126
0 161 129
0 161 274
0 162 103
0 162 112
0 162 142
0 162 143
0 162 145
0 162 236
0 162 275
0 162 277
0 163 0
0 163 28
0 163 42
0 163 46
0 163 49
0 163 68
0 163 79
0 163 91
0 163 94
0 163 232
0 164 35
0 164 44
0 164 49
0 164 95
0 164 96
0 164 156
0 164 270
0 164 330
0 165 21
0 165 30
0 165 86
0 165 108
0 165 117
0 165 146
0 165 175
0 165 322
0 165 336
0 166 12
0 166 56
0 167 14
0 167 22
0 167 38
0 167 99
0 167 108
0 167 124
0 168 1
0 168 23
0 168 26
0 168 58
0 168 70
0 168 74
0 169 101
0 169 190
0 169 196
0 169 198
0 169 206
0 169 208
0 169 336
0 170 22
0 170 54
0 170 151
0 170 187
0 170 248
0 170 253
0 170 293
0 170 320
0 171 16
0 171 191
0 171 209
0 171 210
0 171 213
0 171 219
0 171 227
0 171 272
0 171 285
0 172 107
0 172 203
0 172 220
0 172 330
0 173 73
0 173 224
0 173 279
0 174 41
0 174 176
0 174 203
0 174 214
0 174 230
0 174 231
0 174 247
0 174 332
0 174 338
0 175 196
0 175 214
0 175 270
0 175 291
0 176 175
0 176 235
0 176 243
0 176 300
0 176 317
0 176 319
0 177 113
0 177 220
0 177 227
0 177 270
0 177 299
0 177 307
0 177 326
0 177 330
0 177 334
0 178 56
0 178 118
0 178 209
0 179 32
0 179 44
0 179 76
0 179 96
0 179 179
0 179 280
0 179 304
0 180 72
0 180 93
0 180 198
0 180 249
0 181 20
0 181 43
0 181 170
0 181 226
0 181 277
0 182 101
0 182 245
0 182 323
0 182 326
0 182 335
0 183 10
0 183 61
0 183 110
0 183 154
0 183 198
0 183 265
0 184 164
0 184 195
0 184 198
0 184 236
0 184 288
0 185 132
0 185 154
0 185 163
0 185 182
0 185 246
0 185 273
0 186 2
0 186 63
0 186 149
0 186 214
0 186 221
0 186 263
0 186 274
0 186 329
0 187 2
0 187 235
0 187 238
0 187 247
0 187 277
0 187 313
0 188 53
0 188 220
0 188 273
0 188 339
0 189 87
0 189 110
0 189 156
0 189 255
0 189 269
0 190 148
0 190 161
0 190 260
0 190 275
0 190 281
0 190 292
0 190 318
0 191 164
0 191 196
0 191 238
0 191 260
0 191 266
0 191 311
0 191 313
0 192 7
0 192 147
0 192 168
0 192 189
0 192 241
0 193 5
0 193 125
0 193 278
0 194 38
0 194 138
0 194 141
0 194 200
0 194 236
0 194 288
0 195 42
0 195 82
0 195 123
0 195 182
0 195 207
0 195 231
0 195 266
0 195 288
0 195 293
0 195 297
0 196 155
0 197 164
0 197 234
0 197 256
0 197 271
0 198 79
0 198 144
0 198 148
0 198 200
0 198 231
0 198 244
0 198 249
0 198 276
0 198 291
0 198 296
0 198 325
0 198 332
0 199 101
0 199 229
0 199 259
0 199 281
0 200 56
0 200 297
0 200 327
0 201 8
0 201 83
0 201 172
0 201 210
0 201 281
0 201 314
0 201 332
0 202 53
0 202 99
0 202 103
0 202 190
0 202 233
0 202 234
0 203 25
0 203 38
0 203 54
0 203 238
0 203 338
0 204 184
0 204 188
0 204 191
0 204 261
0 204 277
0 204 293
0 204 298
0 205 144
0 205 182
0 205 213
0 205 245
0 205 334
0 205 336
0 206 111
0 206 181
0 206 188
0 206 222
0 206 223
0 206 226
0 206 298
0 206 306
0 206 322
0 207 7
0 207 27
0 207 194
0 207 258
0 207 296
0 207 313
0 208 4
0 208 193
0 208 211
0 208 254
0 208 270
0 208 284
0 208 296
0 208 329
0 209 156
0 209 172
0 209 200
0 209 240
0 209 319
0 209 332
0 210 32
0 210 76
0 210 165
0 210 179
0 210 319
0 211 152
0 211 182
0 211 236
0 211 266
0 211 300
0 211 318
0 212 100
0 212 190
0 212 328
0 213 58
0 213 68
0 213 132
0 213 171
0 213 312
0 214 82
0 214 158
0 214 179
0 214 200
0 214 338
0 215 43
0 215 107
0 215 111
0 215 276
0 215 278
0 215 287
0 216 42
0 216 133
0 216 166
0 216 176
0 216 180
0 216 193
0 216 246
0 216 325
0 217 13
0 217 150
0 217 202
0 217 206
0 217 252
0 218 165
0 218 182
0 218 251
0 218 259
0 218 331
0 219 46
0 219 81
0 219 97
0 219 203
0 219 264
0 219 310
0 219 319
0 220 172
0 220 181
0 220 225
0 220 286
0 220 327
0 221 24
0 221 231
0 221 240
0 221 297
0 222 15
0 222 126
0 222 130
0 222 157
0 222 276
0 222 305
0 223 8
0 223 12
0 223 159
0 223 162
0 223 164
0 223 198
0 223 233
0 223 322
0 224 106
0 224 219
0 224 228
0 224 261
0 224 270
0 224 292
0 224 309
0 225 84
0 225 148
0 225 150
0 225 166
0 225 170
0 225 171
0 225 186
0 225 252
0 225 257
0 225 259
0 225 282
0 225 327
0 225 334
0 225 339
0 226 189
0 226 209
0 226 219
0 226 226
0 226 265
0 227 66
0 227 163
0 227 174
0 227 181
0 227 196
0 227 205
0 227 232
0 227 236
0 227 303
0 227 333
0 228 62
0 228 211
0 228 222
0 228 238
0 228 243
0 228 245
0 228 261
0 228 282
0 228 287
0 228 305
0 229 18
0 229 136
0 229 201
0 229 221
0 229 287
0 230 32
0 230 125
0 230 171
0 230 177
0 230 236
0 230 238
0 230 281
0 230 293
0 230 319
0 231 181
0 231 189
0 231 279
0 231 280
0 232 3
0 232 187
0 232 214
0 232 233
0 232 324
0 232 335
0 233 158
0 233 200
0 233 222
0 233 275
0 234 269
0 235 75
0 235 169
0 235 233
0 235 275
0 235 305
0 235 320
0 236 25
0 236 154
0 236 217
0 236 270
0 237 18
0 237 83
0 237 188
0 237 259
0 237 289
0 237 291
0 238 20
0 238 57
0 238 144
0 238 177
0 238 245
0 238 259
0 238 293
0 238 297
0 238 336
0 239 158
0 239 173
0 239 229
0 239 239
0 239 271
0 240 48
0 240 88
0 240 130
0 240 137
0 240 164
0 240 196
0 240 303
0 240 317
0 240 318
0 241 42
0 241 161
0 241 212
0 241 244
0 241 313
0 241 319
0 241 327
0 242 47
0 242 251
0 243 10
0 243 130
0 243 136
0 243 144
0 243 249
0 243 329
0 244 172
0 244 216
0 244 222
0 244 246
0 244 248
0 244 270
0 244 301
0 245 39
0 245 50
0 245 163
0 245 168
0 245 334
0 246 100
0 246 200
0 246 221
0 246 294
0 247 11
0 247 83
0 247 167
0 247 189
0 247 237
0 247 302
0 247 336
0 248 77
0 248 166
0 248 168
0 248 314
0 248 331
0 249 16
0 249 148
0 249 317
0 250 189
0 250 193
0 250 207
0 250 256
0 250 294
0 250 313
0 250 321
0 251 215
0 251 227
0 251 230
0 251 241
0 251 245
0 251 253
0 251 330
0 252 190
0 252 287
0 252 309
0 253 158
0 253 163
0 253 171
0 253 173
0 253 207
0 253 208
0 253 221
0 253 239
0 253 271
0 253 276
0 253 307
0 253 328
0 253 329
0 254 26
0 254 209
0 254 237
0 255 8
0 255 160
0 255 196
0 255 203
0 255 212
0 255 246
0 255 254
0 255 309
0 255 311
0 255 325
0 256 103
0 256 182
0 256 203
0 256 270
0 257 40
0 257 43
0 257 64
0 257 151
0 257 200
0 257 217
0 257 225
0 257 242
0 257 251
0 257 262
0 257 288
0 257 297
0 257 326
0 258 115
0 258 225
0 258 226
0 258 233
0 258 240
0 258 257
0 258 270
0 259 2
0 259 36
0 259 138
0 259 181
0 259 209
0 259 213
0 259 264
0 260 125
0 260 147
0 260 167
0 260 187
0 260 210
0 260 228
0 260 251
0 260 252
0 261 62
0 261 142
0 261 175
0 261 200
0 261 202
0 261 244
0 261 259
0 261 264
0 261 275
0 261 305
0 262 76
0 262 94
0 262 158
0 262 165
0 262 236
0 262 307
0 262 308
0 262 322
0 262 328
0 263 114
0 263 157
0 263 175
0 263 199
0 263 209
0 263 234
0 263 237
0 263 266
0 263 281
0 263 282
0 263 309
0 263 324
0 263 339
0 264 75
0 264 146
0 264 154
0 264 168
0 264 207
0 264 224
0 264 330
0 265 8
0 265 33
0 265 59
0 265 152
0 265 180
0 265 209
0 265 285
0 265 291
0 265 319
0 265 322
0 266 2
0 266 5
0 266 34
0 266 280
0 266 322
0 267 16
0 267 65
0 267 94
0 267 162
0 267 263
0 267 336
0 268 182
0 268 198
0 268 207
0 268 229
0 268 333
0 269 4
0 269 96
0 269 169
0 269 173
0 269 209
0 269 212
0 269 330
0 270 2
0 270 67
0 270 115
0 270 126
0 270 218
0 270 284
0 270 331
0 271 28
0 271 30
0 271 48
0 271 71
0 271 272
0 272 169
0 272 182
0 273 100
0 273 175
0 273 222
0 273 276
0 273 332
0 274 42
0 274 43
0 274 122
0 274 227
0 274 235
0 274 247
0 274 298
0 274 300
0 274 338
0 275 43
0 275 280
0 275 291
0 275 318
0 275 337
0 276 75
0 276 152
0 276 156
0 276 204
0 276 227
0 276 228
0 276 241
0 276 313
0 277 211
0 277 227
0 277 233
0 277 238
0 277 335
0 278 51
0 278 69
0 278 201
0 279 86
0 279 127
0 279 142
0 279 165
0 279 187
0 280 55
0 280 58
0 280 154
0 280 196
0 280 329
0 281 154
0 281 179
0 281 200
0 281 228
0 281 234
0 281 237
0 281 304
0 282 125
0 282 190
0 282 261
0 282 305
0 282 327
0 283 99
0 283 300
0 284 47
0 284 63
0 284 126
0 284 195
0 284 204
0 284 255
0 284 272
0 284 318
0 285 36
0 285 79
0 285 138
0 285 147
0 285 151
0 285 191
0 285 302
0 285 305
0 286 54
0 286 84
0 286 103
0 286 167
0 286 232
0 286 277
0 286 283
0 286 308
0 286 316
0 286 338
0 287 127
0 287 131
0 287 166
0 287 178
0 287 217
0 287 241
0 287 308
0 288 10
0 288 154
0 288 179
0 288 223
0 288 267
0 288 338
0 289 67
0 289 158
0 289 168
0 289 193
0 289 198
0 289 219
0 289 225
0 289 311
0 290 215
0 290 311
0 290 333
0 291 105
0 291 131
0 291 147
0 291 149
0 291 209
0 291 271
0 291 284
0 291 318
0 291 333
0 291 337
0 292 40
0 292 120
0 292 149
0 292 154
0 292 173
0 292 193
0 292 215
0 292 223
0 292 250
0 292 297
0 292 299
0 293 65
0 293 171
0 293 229
0 293 243
0 293 323
0 294 318
0 295 2
0 295 66
0 295 73
0 295 94
0 295 116
0 295 151
0 295 167
0 295 198
0 295 205
0 295 289
0 295 311
0 296 120
0 297 218
0 297 224
0 297 286
0 297 299
0 298 47
0 298 167
0 298 209
0 298 218
0 298 255
0 299 181
0 299 189
0 299 208
0 299 210
0 299 276
0 299 334
0 300 158
0 300 174
0 300 236
0 300 288
0 300 322
0 301 15
0 301 67
0 301 93
0 301 157
0 301 169
0 301 194
0 301 248
0 301 296
0 301 310
0 301 337
0 302 22
0 302 156
0 302 158
0 302 286
0 303 21
0 303 64
0 303 93
0 303 106
0 303 161
0 303 169
0 303 256
0 303 272
0 304 52
0 304 153
0 304 193
0 304 223
0 304 246
0 305 166
0 305 223
0 305 307
0 306 34
0 306 84
0 306 177
0 306 199
0 306 251
0 306 315
0 306 336
0 307 29
0 307 164
0 307 251
0 307 252
0 307 298
0 307 323
0 308 2
0 308 36
0 308 137
0 308 257
0 309 88
0 309 164
0 309 257
0 309 260
0 309 270
0 309 271
0 309 287
0 309 297
0 309 323
0 310 137
0 310 195
0 310 200
0 310 206
0 310 264
0 310 289
0 311 4
0 311 50
0 311 222
0 311 257
0 311 276
0 312 238
0 312 271
0 312 275
0 312 291
0 312 323
0 312 335
0 313 51
0 313 127
0 313 160
0 313 229
0 313 230
0 313 264
0 313 323
0 314 52
0 314 151
0 314 158
0 314 162
0 314 206
0 314 213
0 314 289
0 314 306
0 315 57
0 315 79
0 315 99
0 315 170
0 315 191
0 315 192
0 315 301
0 315 303
0 316 181
0 316 219
0 317 23
0 317 53
0 317 149
0 317 205
0 317 226
0 317 280
0 317 316
0 318 13
0 318 62
0 318 102
0 318 162
0 318 220
0 318 269
0 318 299
0 318 305
0 319 250
0 319 256
0 319 265
0 319 288
0 319 304
0 319 318
0 319 323
0 319 329
0 319 335
0 320 104
0 320 133
0 320 224
0 320 282
0 321 3
0 321 88
0 321 271
0 321 295
0 321 299
0 321 332
0 322 38
0 322 54
0 322 108
0 322 131
0 322 179
0 322 229
0 323 20
0 323 333
0 324 32
0 324 185
0 324 202
0 324 219
0 324 220
0 324 238
0 324 245
0 324 300
0 325 74
0 325 198
0 325 216
0 325 246
0 325 295
0 325 310
0 325 311
0 325 335
0 326 50
0 326 58
0 326 213
0 326 233
0 326 320
0 327 8
0 327 77
0 327 152
0 327 189
0 327 211
0 327 219
0 327 283
0 328 155
0 328 178
0 328 204
0 329 131
0 329 133
0 329 193
0 329 197
0 329 222
0 329 246
0 329 268
0 329 285
0 330 153
0 330 287
0 331 149
0 331 206
0 331 228
0 331 244
0 331 248
0 331 288
0 331 298
0 332 37
0 332 116
0 332 167
0 332 210
0 332 231
0 332 241
0 332 255
0 332 259
0 332 284
0 332 326
0 332 333
0 333 22
0 333 168
0 333 174
0 333 185
0 333 188
0 333 335
0 334 20
0 334 78
0 334 236
0 334 239
0 334 249
0 334 261
0 335 45
0 335 75
0 335 81
0 335 104
0 335 224
0 335 269
0 336 101
0 336 288
0 336 290
0 336 303
0 336 309
0 336 318
0 336 330
0 337 6
0 337 11
0 337 225
0 337 307
0 337 323
0 338 156
0 338 168
0 338 184
0 338 203
0 338 262
0 338 265
0 339 208
0 339 270
0 339 330
0 340 80
0 340 111
0 340 132
0 340 184
0 340 204
0 340 273
0 340 330
0 341 64
0 341 155
0 341 157
0 341 163
0 341 213
0 341 330
0 342 228
0 342 301
0 343 16
0 343 76
0 343 160
0 343 274
0 343 279
0 343 284
0 343 297
0 343 301
0 344 28
0 344 75
0 344 94
0 344 149
0 344 188
0 344 214
0 344 279
0 344 289
0 345 199
0 345 228
0 346 65
0 346 117
0 346 135
0 346 181
0 347 12
0 347 205
0 347 283
0 347 300
0 348 150
0 348 157
0 348 204
0 348 208
0 349 182
0 349 190
0 349 216
0 349 271
0 350 155
0 350 161
0 350 171
0 350 236
0 350 313
0 351 121
0 351 154
0 351 188
0 351 252
0 351 282
0 351 314
0 352 93
0 352 119
0 352 190
0 352 259
0 352 289
0 352 314
0 353 173
0 353 201
0 353 202
0 353 304
0 354 6
0 354 25
0 354 227
0 354 324
0 354 339
0 355 17
0 355 21
0 355 102
0 355 150
0 355 156
0 355 186
0 355 211
0 355 274
0 356 100
0 356 234
0 356 294
0 356 296
0 357 80
0 357 150
0 357 152
0 357 173
0 357 203
0 358 40
0 358 190
0 358 244
0 358 295
0 358 303
0 358 328
0 359 54
0 359 210
0 359 293
0 359 304
0 359 333
0 360 61
0 360 191
0 360 212
0 360 233
0 360 249
0 360 251
0 361 66
0 361 76
0 361 182
0 361 228
0 361 254
0 362 86
0 362 145
0 362 150
0 362 169
0 362 193
0 362 226
0 362 243
0 362 274
0 362 279
0 362 283
0 362 328
0 363 181
0 363 331
0 364 136
0 364 160
0 364 186
0 364 238
0 364 251
0 364 294
0 364 305
0 364 315
0 365 149
0 365 186
0 365 192
0 365 243
0 365 277
0 365 283
0 365 297
0 365 308
0 365 333
0 366 60
0 366 79
0 366 206
0 366 262
0 366 266
0 366 277
0 366 310
0 366 324
0 367 89
0 367 172
0 367 194
0 367 211
0 367 254
0 367 279
0 367 281
0 367 321
0 367 332
0 368 277
0 368 331
0 368 333
0 369 79
0 369 165
0 369 197
0 369 214
0 369 225
0 369 262
0 369 275
0 369 291
0 370 169
0 370 202
0 370 211
0 370 236
0 370 283
0 371 20
0 371 41
0 371 48
0 371 72
0 371 117
0 371 181
0 371 185
0 371 200
0 371 207
0 371 226
0 371 228
0 371 254
0 371 287
0 371 337
0 372 38
0 372 86
0 372 176
0 372 237
0 372 277
0 372 297
0 372 298
0 373 19
0 373 161
0 373 219
0 373 223
0 373 228
0 373 233
0 373 238
0 373 253
0 373 297
0 374 85
0 374 138
0 374 205
0 374 225
0 374 287
0 374 335
0 375 41
0 375 181
0 375 222
0 375 281
0 375 330
0 376 116
0 376 292
0 376 324
0 377 158
0 377 277
0 377 304
0 377 306
0 377 314
0 377 318
0 377 324
0 378 39
0 378 155
0 378 188
0 378 216
0 378 235
0 378 248
0 378 263
0 378 294
0 378 308
0 379 0
0 379 36
0 379 159
0 379 176
0 379 181
0 379 187
0 379 236
0 379 237
0 379 274
0 379 299
0 380 203
0 380 261
0 380 290
0 380 292
0 380 328
0 380 336
0 381 185
0 381 265
0 381 277
0 381 301
0 381 311
0 382 48
0 382 49
0 382 52
0 382 160
0 382 171
0 382 201
0 382 253
0 382 274
0 383 154
0 383 180
0 383 209
0 383 240
0 383 243
0 383 311
0 384 60
0 384 149
0 384 170
0 384 214
0 384 235
0 384 281
0 384 312
1 0 1
1 0 2
1 0 12
1 0 42
1 0 53
1 0 79
1 0 91
1 0 100
1 0 114
1 0 116
1 0 151
1 1 1
1 1 15
1 1 26
1 1 41
1 1 101
1 1 106
1 1 107
1 1 122
1 1 138
1 1 156
1 1 327
1 2 2
1 2 60
1 2 65
1 2 136
1 2 142
1 2 145
1 2 158
1 2 337
1 3 8
1 3 23
1 3 37
1 3 63
1 3 85
1 3 86
1 3 99
1 3 102
1 3 142
1 4 2
1 4 20
1 4 23
1 4 28
1 4 39
1 4 42
1 4 72
1 4 113
1 4 132
1 4 137
1 4 143
1 4 157
1 4 258
1 4 289
1 5 33
1 5 44
1 5 56
1 5 59
1 5 72
1 5 91
1 5 118
1 5 144
1 5 286
1 5 331
1 5 343
1 6 17
1 6 35
1 6 87
1 6 119
1 6 144
1 6 153
1 7 15
1 7 20
1 7 26
1 7 42
1 7 55
1 7 64
1 7 81
1 7 112
1 7 189
1 7 201
1 7 253
1 7 282
1 7 363
1 8 47
1 8 111
1 8 113
1 8 123
1 8 139
1 8 143
1 8 154
1 8 198
1 8 239
1 8 337
1 9 16
1 9 23
1 9 49
1 9 50
1 9 77
1 9 78
1 9 117
1 9 156
1 9 253
1 10 34
1 10 104
1 10 107
1 10 126
1 10 133
1 10 135
1 10 156
1 10 189
1 10 334
1 10 341
1 10 342
1 11 23
1 11 96
1 11 114
1 11 145
1 11 229
1 11 275
1 12 2
1 12 19
1 12 44
1 12 68
1 12 72
1 12 99
1 12 118
1 12 134
1 13 14
1 13 46
1 13 61
1 13 78
1 13 116
1 13 118
1 13 123
1 13 130
1 13 279
1 14 45
1 14 60
1 14 65
1 14 91
1 14 113
1 14 259
1 14 318
1 15 5
1 15 56
1 15 133
1 15 144
1 15 152
1 15 154
1 16 1
1 16 15
1 16 54
1 16 65
1 16 68
1 16 80
1 16 82
1 16 92
1 16 97
1 16 101
1 16 102
1 16 123
1 16 139
1 16 141
1 16 184
1 16 278
1 16 337
1 16 342
1 17 17
1 17 50
1 17 109
1 17 115
1 17 116
1 17 145
1 17 147
1 17 282
1 17 287
1 18 7
1 18 21
1 18 22
1 18 26
1 18 118
1 18 148
1 18 196
1 18 279
1 18 289
1 18 295
1 19 53
1 19 68
1 19 78
1 19 101
1 20 5
1 20 12
1 20 27
1 20 32
1 20 72
1 20 73
1 20 91
1 20 120
1 20 129
1 20 133
1 20 149
1 20 245
1 21 6
1 21 18
1 21 31
1 21 56
1 21 98
1 21 122
1 21 160
1 21 351
1 22 30
1 22 56
1 22 59
1 22 74
1 22 126
1 22 138
1 22 159
1 22 200
1 23 23
1 23 28
1 23 36
1 23 45
1 23 80
1 23 81
1 23 102
1 23 159
1 23 200
1 23 246
1 23 256
1 24 15
1 24 44
1 24 57
1 24 88
1 24 93
1 24 114
1 24 136
1 24 165
1 24 251
1 25 9
1 25 25
1 25 53
1 25 112
1 25 137
1 25 158
1 25 220
1 25 314
1 25 354
1 26 13
1 26 28
1 26 33
1 26 34
1 26 85
1 26 90
1 26 98
1 26 99
1 26 100
1 26 109
1 26 122
1 26 149
1 26 264
1 26 296
1 27 21
1 27 22
1 27 41
1 27 78
1 27 91
1 27 112
1 27 146
1 28 39
1 28 56
1 28 68
1 28 74
1 28 84
1 28 86
1 28 94
1 28 108
1 28 156
1 28 194
1 29 19
1 29 32
1 29 126
1 29 160
1 29 210
1 29 212
1 30 23
1 30 48
1 30 86
1 30 102
1 30 114
1 30 122
1 30 155
1 30 159
1 30 199
1 30 246
1 30 351
1 30 363
1 31 4
1 31 24
1 31 52
1 31 54
1 31 84
1 31 122
1 31 130
1 31 141
1 31 156
1 31 184
1 31 242
1 31 325
1 32 15
1 32 87
1 32 127
1 32 130
1 32 134
1 32 157
1 33 9
1 33 20
1 33 64
1 33 81
1 33 90
1 33 123
1 33 129
1 33 149
1 33 151
1 33 152
1 33 211
1 33 225
1 33 276
1 33 286
1 34 6
1 34 33
1 34 55
1 34 63
1 34 65
1 34 96
1 34 149
1 34 184
1 34 260
1 35 26
1 35 31
1 35 40
1 35 61
1 35 138
1 35 148
1 35 239
1 35 260
1 36 26
1 36 77
1 36 79
1 36 88
1 36 105
1 36 122
1 36 123
1 36 133
1 36 136
1 36 137
1 36 142
1 36 150
1 36 153
1 36 221
1 36 232
1 37 35
1 37 36
1 37 53
1 37 66
1 37 69
1 37 87
1 37 134
1 37 160
1 37 245
1 37 336
1 38 8
1 38 82
1 38 90
1 38 106
1 38 149
1 38 158
1 38 214
1 39 16
1 39 44
1 39 70
1 39 96
1 39 159
1 39 206
1 39 207
1 39 227
1 40 27
1 40 40
1 40 54
1 40 133
1 41 10
1 41 15
1 41 17
1 41 48
1 41 76
1 41 97
1 41 161
1 42 14
1 42 55
1 42 92
1 42 103
1 42 122
1 42 124
1 42 125
1 42 135
1 42 182
1 43 2
1 43 40
1 43 109
1 43 111
1 43 127
1 43 140
1 43 152
1 43 158
1 43 270
1 44 14
1 44 25
1 44 51
1 44 65
1 44 92
1 44 107
1 44 132
1 44 145
1 44 158
1 44 275
1 44 314
1 45 20
1 45 30
1 45 335
1 46 46
1 46 57
1 46 99
1 46 102
1 46 110
1 46 125
1 46 128
1 46 148
1 46 170
1 46 189
1 47 72
1 47 147
1 47 201
1 47 328
1 47 336
1 48 19
1 48 24
1 48 32
1 48 37
1 48 134
1 48 159
1 48 329
1 49 20
1 49 32
1 49 34
1 49 42
1 49 62
1 49 80
1 49 81
1 49 106
1 49 156
1 49 230
1 49 272
1 49 295
1 49 364
1 50 11
1 50 26
1 50 41
1 50 72
1 50 95
1 50 129
1 50 151
1 50 211
1 50 225
1 51 24
1 51 34
1 51 80
1 51 115
1 51 150
1 51 188
1 51 293
1 51 347
1 52 55
1 52 59
1 52 61
1 52 69
1 52 72
1 52 82
1 52 92
1 52 101
1 52 102
1 52 105
1 52 117
1 52 149
1 53 16
1 53 37
1 53 40
1 53 114
1 53 123
1 53 154
1 53 255
1 54 37
1 54 51
1 54 105
1 54 109
1 54 163
1 54 253
1 54 304
1 54 339
1 55 27
1 55 48
1 55 62
1 55 80
1 55 82
1 55 107
1 55 112
1 55 126
1 55 127
1 55 142
1 55 292
1 55 362
1 55 364
1 56 19
1 56 48
1 56 52
1 56 101
1 56 125
1 56 158
1 56 306
1 57 3
1 57 10
1 57 25
1 57 82
1 57 132
1 57 138
1 57 152
1 57 161
1 57 162
1 57 304
1 58 47
1 58 65
1 58 82
1 58 128
1 58 131
1 58 148
1 58 239
1 58 293
1 58 313
1 58 322
1 58 353
1 59 6
1 59 15
1 59 18
1 59 36
1 59 64
1 59 92
1 59 103
1 59 142
1 59 183
1 60 27
1 60 55
1 60 92
1 60 124
1 60 145
1 60 273
1 60 294
1 61 3
1 61 9
1 61 42
1 61 115
1 61 136
1 61 145
1 61 182
1 61 252
1 62 26
1 62 47
1 62 50
1 62 62
1 62 113
1 62 313
1 63 5
1 63 18
1 63 31
1 63 53
1 63 61
1 63 127
1 63 153
1 63 236
1 63 246
1 64 4
1 64 10
1 64 31
1 64 54
1 64 73
1 64 86
1 64 92
1 64 103
1 65 3
1 65 22
1 65 45
1 65 54
1 65 75
1 65 91
1 65 108
1 65 119
1 65 130
1 65 148
1 65 176
1 65 287
1 65 318
1 66 22
1 66 97
1 66 101
1 66 209
1 67 58
1 67 80
1 67 85
1 67 92
1 67 94
1 67 96
1 67 103
1 67 106
1 67 110
1 67 111
1 67 138
1 68 20
1 68 22
1 68 29
1 68 64
1 68 65
1 68 195
1 68 292
1 69 28
1 69 40
1 69 48
1 69 54
1 69 62
1 69 66
1 69 96
1 69 97
1 69 100
1 69 285
1 69 356
1 70 12
1 70 19
1 70 81
1 70 90
1 70 105
1 70 349
1 71 3
1 71 22
1 71 40
1 71 75
1 71 77
1 71 91
1 71 95
1 71 126
1 71 127
1 71 136
1 71 142
1 71 273
1 71 290
1 72 5
1 72 34
1 72 53
1 72 351
1 73 37
1 73 98
1 73 106
1 73 127
1 73 133
1 73 135
1 73 161
1 73 321
1 74 4
1 74 9
1 74 10
1 74 12
1 74 30
1 74 37
1 74 60
1 74 104
1 74 124
1 74 156
1 74 158
1 74 248
1 75 8
1 75 30
1 75 68
1 75 90
1 75 91
1 75 142
1 75 194
1 75 242
1 75 263
1 75 327
1 76 23
1 76 31
1 76 55
1 76 75
1 76 190
1 76 285
1 76 351
1 76 353
1 76 367
1 76 368
1 77 5
1 77 17
1 77 33
1 77 68
1 77 72
1 77 128
1 77 129
1 77 134
1 77 136
1 77 137
1 78 4
1 78 24
1 78 52
1 78 77
1 78 83
1 78 108
1 78 154
1 78 203
1 78 210
1 78 287
1 79 1
1 79 7
1 79 27
1 79 62
1 79 69
1 79 150
1 79 265
1 80 12
1 80 23
1 80 33
1 80 109
1 80 125
1 80 127
1 80 149
1 80 225
1 80 295
1 80 311
1 81 2
1 81 6
1 81 19
1 81 20
1 81 32
1 81 54
1 81 63
1 81 76
1 81 82
1 81 99
1 81 127
1 81 135
1 81 160
1 81 202
1 81 242
1 81 324
1 81 327
1 82 6
1 82 13
1 82 30
1 82 38
1 82 95
1 82 104
1 82 147
1 82 154
1 82 226
1 82 266
1 82 275
1 83 12
1 83 37
1 83 44
1 83 45
1 83 54
1 83 71
1 83 114
1 83 129
1 83 139
1 83 152
1 83 163
1 83 218
1 84 25
1 84 49
1 84 57
1 84 117
1 84 131
1 84 139
1 84 143
1 84 152
1 84 365
1 85 123
1 85 129
1 85 259
1 85 289
1 86 5
1 86 14
1 86 24
1 86 48
1 86 50
1 86 52
1 86 92
1 86 99
1 86 101
1 86 114
1 86 183
1 86 270
1 87 16
1 87 57
1 87 66
1 87 70
1 87 71
1 87 133
1 87 161
1 87 255
1 87 312
1 88 23
1 88 117
1 88 133
1 88 137
1 88 150
1 88 156
1 88 157
1 88 317
1 89 19
1 89 46
1 89 87
1 89 103
1 89 104
1 89 116
1 90 22
1 90 31
1 90 100
1 90 109
1 90 138
1 90 306
1 90 323
1 91 4
1 91 10
1 91 15
1 91 19
1 91 40
1 91 51
1 91 61
1 91 117
1 91 204
1 91 282
1 91 298
1 91 338
1 92 1
1 92 53
1 92 56
1 92 90
1 92 97
1 92 116
1 92 138
1 92 161
1 92 319
1 93 25
1 93 43
1 93 47
1 93 54
1 93 159
1 93 163
1 93 183
1 93 199
1 93 256
1 94 5
1 94 13
1 94 17
1 94 18
1 94 35
1 94 36
1 94 51
1 94 69
1 94 71
1 94 72
1 94 97
1 94 140
1 94 143
1 95 18
1 95 22
1 95 82
1 95 99
1 95 102
1 95 131
1 95 143
1 95 179
1 95 260
1 95 309
1 95 316
1 96 36
1 96 73
1 96 116
1 96 274
1 96 295
1 97 50
1 97 77
1 97 102
1 97 143
1 97 148
1 97 152
1 97 161
1 97 250
1 97 318
1 98 30
1 98 34
1 98 148
1 98 154
1 98 161
1 98 204
1 99 60
1 99 70
1 99 76
1 99 116
1 99 117
1 99 120
1 99 132
1 99 139
1 99 159
1 99 282
1 100 22
1 100 54
1 100 61
1 100 67
1 100 95
1 100 111
1 100 114
1 100 127
1 100 129
1 100 156
1 100 302
1 101 39
1 101 59
1 101 67
1 101 89
1 101 115
1 101 161
1 101 253
1 102 2
1 102 4
1 102 16
1 102 28
1 102 31
1 102 40
1 102 57
1 102 58
1 102 94
1 102 95
1 102 105
1 102 107
1 102 147
1 102 160
1 102 200
1 102 214
1 102 292
1 102 312
1 102 345
1 103 44
1 103 54
1 103 82
1 103 99
1 103 115
1 103 161
1 103 358
1 104 28
1 104 62
1 104 77
1 104 90
1 104 116
1 104 138
1 104 157
1 104 256
1 104 269
1 105 10
1 105 61
1 105 66
1 105 70
1 105 152
1 105 176
1 105 198
1 105 253
1 105 290
1 106 17
1 106 18
1 106 20
1 106 32
1 106 45
1 106 95
1 106 104
1 106 108
1 106 125
1 106 128
1 106 148
1 106 291
1 107 0
1 107 16
1 107 19
1 107 32
1 107 60
1 107 76
1 107 80
1 107 85
1 107 98
1 107 100
1 107 125
1 107 139
1 107 152
1 107 171
1 107 204
1 107 213
1 107 270
1 107 298
1 108 27
1 108 29
1 108 37
1 108 43
1 108 62
1 108 83
1 108 87
1 108 98
1 108 119
1 108 124
1 108 153
1 109 41
1 109 88
1 109 114
1 109 138
1 109 228
1 110 6
1 110 11
1 110 15
1 110 64
1 110 93
1 110 94
1 110 104
1 110 126
1 110 145
1 110 154
1 110 248
1 110 308
1 111 16
1 111 19
1 111 36
1 111 66
1 111 80
1 111 93
1 111 146
1 112 17
1 112 31
1 112 39
1 112 42
1 112 89
1 112 100
1 112 105
1 112 135
1 112 276
1 112 310
1 112 345
1 113 14
1 113 24
1 113 54
1 113 85
1 113 115
1 113 169
1 114 37
1 114 38
1 114 44
1 114 86
1 114 106
1 114 114
1 114 120
1 114 156
1 114 167
1 115 0
1 115 2
1 115 126
1 115 138
1 115 139
1 115 154
1 115 160
1 115 264
1 115 317
1 115 321
1 116 7
1 116 12
1 116 13
1 116 18
1 116 33
1 116 134
1 116 137
1 116 317
1 116 342
1 116 364
1 117 7
1 117 18
1 117 26
1 117 41
1 117 63
1 117 65
1 117 85
1 117 94
1 117 124
1 117 137
1 117 149
1 117 204
1 117 208
1 117 272
1 118 67
1 118 83
1 119 20
1 119 24
1 119 50
1 119 106
1 119 139
1 120 16
1 120 17
1 120 36
1 120 56
1 120 100
1 120 102
1 120 107
1 120 112
1 120 122
1 120 135
1 120 180
1 120 343
1 121 5
1 121 21
1 121 22
1 121 34
1 121 51
1 121 105
1 121 115
1 121 121
1 121 208
1 122 53
1 122 67
1 122 71
1 122 90
1 122 93
1 122 129
1 122 136
1 123 9
1 123 14
1 123 22
1 123 42
1 123 43
1 123 60
1 123 63
1 123 86
1 123 126
1 123 129
1 123 143
1 123 150
1 123 165
1 123 193
1 123 235
1 123 249
1 123 339
1 124 24
1 124 50
1 124 57
1 124 64
1 124 103
1 124 117
1 124 126
1 124 144
1 124 155
1 124 179
1 124 262
1 124 322
1 124 342
1 125 19
1 125 57
1 125 149
1 125 150
1 125 189
1 125 197
1 126 4
1 126 7
1 126 9
1 126 33
1 126 44
1 126 80
1 126 95
1 126 115
1 126 124
1 126 148
1 126 159
1 126 206
1 127 5
1 127 13
1 127 32
1 127 42
1 127 62
1 127 82
1 127 127
1 127 150
1 127 167
1 128 10
1 128 30
1 128 32
1 128 33
1 128 37
1 128 78
1 128 328
1 129 9
1 129 28
1 129 45
1 129 73
1 129 95
1 129 100
1 129 119
1 129 242
1 129 343
1 130 6
1 130 21
1 130 32
1 130 51
1 130 69
1 130 99
1 130 124
1 130 129
1 131 25
1 131 77
1 131 116
1 131 118
1 131 129
1 131 146
1 131 262
1 132 23
1 132 39
1 132 77
1 132 98
1 132 116
1 132 128
1 133 29
1 133 35
1 133 124
1 133 125
1 133 236
1 133 263
1 133 273
1 133 328
1 133 367
1 134 54
1 134 98
1 134 111
1 134 127
1 134 306
1 135 26
1 135 45
1 135 54
1 135 65
1 135 119
1 135 168
1 135 198
1 135 218
1 135 240
1 135 308
1 135 312
1 135 328
1 135 339
1 136 18
1 136 57
1 136 62
1 136 87
1 136 94
1 136 114
1 136 139
1 137 2
1 137 32
1 137 38
1 137 40
1 137 43
1 137 65
1 137 75
1 137 111
1 137 136
1 137 143
1 137 288
1 138 0
1 138 21
1 138 24
1 138 110
1 138 118
1 138 139
1 138 154
1 138 158
1 138 293
1 139 22
1 139 56
1 139 60
1 139 74
1 139 98
1 139 112
1 139 155
1 139 295
1 140 7
1 140 8
1 140 18
1 140 34
1 140 88
1 140 94
1 140 108
1 140 130
1 140 259
1 140 320
1 140 326
1 140 365
1 141 22
1 141 36
1 141 37
1 141 44
1 141 55
1 141 61
1 141 63
1 141 73
1 141 75
1 141 117
1 141 118
1 141 161
1 141 241
1 142 5
1 142 43
1 142 60
1 142 127
1 142 150
1 142 155
1 142 224
1 142 246
1 142 277
1 142 320
1 143 5
1 143 14
1 143 79
1 143 102
1 143 117
1 143 127
1 143 213
1 144 17
1 144 24
1 144 33
1 144 44
1 144 50
1 144 95
1 144 172
1 144 207
1 144 363
1 145 38
1 145 42
1 145 44
1 145 55
1 145 59
1 145 72
1 145 156
1 145 253
1 146 18
1 146 20
1 146 69
1 146 73
1 146 81
1 146 131
1 147 15
1 147 30
1 147 42
1 147 63
1 147 135
1 147 368
1 148 37
1 148 58
1 148 75
1 148 123
1 148 129
1 148 137
1 148 141
1 148 195
1 149 1
1 149 55
1 149 65
1 149 93
1 149 114
1 149 120
1 149 165
1 149 209
1 149 252
1 149 293
1 149 320
1 149 361
1 150 65
1 150 91
1 150 248
1 150 250
1 150 258
1 150 307
1 150 314
1 150 338
1 150 345
1 151 202
1 151 214
1 151 225
1 151 302
1 151 355
1 152 107
1 152 174
1 152 244
1 152 250
1 152 294
1 152 354
1 153 14
1 153 23
1 153 32
1 153 47
1 153 94
1 153 111
1 153 135
1 153 193
1 153 230
1 153 233
1 153 339
1 154 30
1 154 109
1 154 168
1 154 227
1 154 306
1 155 172
1 155 199
1 155 202
1 155 216
1 155 233
1 155 240
1 155 254
1 155 290
1 155 310
1 155 321
1 155 364
1 156 68
1 156 197
1 156 210
1 156 211
1 156 228
1 156 231
1 156 245
1 156 258
1 156 267
1 156 293
1 157 2
1 157 13
1 157 21
1 157 193
1 157 290
1 158 212
1 158 274
1 158 277
1 158 279
1 158 331
1 158 349
1 159 4
1 159 103
1 159 134
1 159 135
1 159 241
1 159 314
1 159 315
1 159 328
1 159 350
1 160 162
1 160 187
1 160 191
1 160 220
1 160 352
1 161 106
1 161 182
1 161 195
1 161 314
1 161 347
1 162 238
1 162 244
1 162 290
1 162 353
1 163 115
1 163 192
1 163 218
1 163 230
1 163 276
1 163 308
1 163 321
1 163 327
1 163 345
1 163 359
1 164 23
1 164 40
1 164 151
1 164 217
1 164 343
1 165 52
1 165 154
1 165 224
1 165 237
1 165 239
1 165 255
1 165 367
1 166 101
1 166 229
1 166 236
1 166 249
1 167 36
1 167 49
1 167 143
1 167 165
1 167 226
1 167 246
1 167 301
1 167 359
1 167 367
1 168 25
1 168 197
1 168 219
1 168 267
1 168 281
1 168 349
1 168 365
1 169 92
1 169 101
1 169 169
1 169 219
1 169 256
1 169 260
1 169 299
1 169 326
1 170 172
1 170 185
1 170 186
1 170 193
1 170 212
1 170 272
1 170 343
1 170 351
1 171 211
1 171 213
1 171 251
1 171 285
1 171 317
1 172 11
1 172 67
1 172 91
1 172 173
1 172 179
1 173 190
1 173 202
1 173 212
1 173 218
1 173 278
1 173 281
1 173 343
1 174 75
1 174 113
1 174 121
1 174 127
1 174 207
1 174 217
1 174 258
1 175 140
1 175 215
1 175 271
1 175 296
1 175 346
1 176 84
1 176 130
1 176 158
1 176 240
1 176 269
1 176 274
1 176 327
1 176 345
1 176 353
1 177 206
1 177 239
1 177 265
1 177 329
1 178 44
1 178 233
1 178 284
1 178 306
1 178 311
1 179 136
1 179 322
1 180 127
1 180 170
1 180 231
1 180 248
1 180 341
1 181 14
1 181 26
1 181 115
1 181 129
1 181 185
1 181 210
1 181 224
1 181 302
1 182 35
1 182 107
1 182 116
1 182 162
1 182 164
1 182 165
1 182 175
1 182 228
1 182 272
1 182 277
1 182 340
1 182 360
1 183 227
1 183 284
1 183 286
1 183 294
1 183 297
1 183 302
1 183 306
1 183 362
1 183 367
1 184 2
1 184 101
1 184 105
1 184 171
1 184 206
1 184 217
1 184 320
1 184 336
1 185 102
1 185 203
1 185 207
1 185 256
1 185 317
1 186 63
1 186 192
1 186 221
1 186 244
1 186 306
1 187 154
1 187 245
1 187 255
1 187 280
1 187 299
1 188 227
1 188 261
1 188 342
1 189 76
1 189 128
1 189 137
1 189 146
1 189 215
1 189 327
1 189 341
1 190 229
1 190 252
1 190 301
1 190 360
1 190 362
1 191 77
1 191 151
1 191 191
1 191 223
1 191 239
1 191 259
1 191 287
1 191 304
1 192 5
1 192 118
1 192 150
1 192 199
1 192 213
1 192 298
1 193 29
1 193 41
1 193 84
1 193 203
1 193 245
1 193 301
1 193 316
1 193 334
1 194 264
1 194 324
1 194 330
1 195 103
1 195 173
1 195 181
1 195 325
1 195 357
1 195 367
1 196 64
1 196 122
1 196 160
1 197 166
1 197 177
1 197 197
1 197 227
1 197 245
1 197 274
1 197 317
1 198 98
1 198 102
1 198 138
1 198 145
1 198 352
1 198 360
1 199 18
1 199 164
1 199 172
1 199 184
1 200 15
1 200 169
1 200 234
1 200 246
1 200 259
1 200 269
1 201 38
1 201 121
1 201 171
1 201 172
1 201 230
1 201 271
1 201 289
1 201 307
1 201 311
1 201 318
1 202 50
1 202 112
1 202 129
1 202 172
1 202 212
1 202 228
1 202 265
1 202 270
1 202 302
1 202 312
1 202 317
1 202 329
1 203 50
1 203 238
1 203 253
1 203 290
1 203 344
1 203 347
1 204 37
1 204 96
1 204 147
1 204 170
1 204 179
1 204 191
1 204 232
1 204 279
1 204 291
1 204 353
1 204 357
1 204 367
1 205 84
1 205 187
1 205 191
1 205 193
1 205 323
1 205 365
1 206 46
1 206 166
1 206 179
1 206 222
1 206 265
1 206 293
1 206 365
1 207 8
1 207 22
1 207 139
1 207 289
1 207 328
1 208 146
1 208 189
1 208 214
1 208 227
1 208 262
1 208 269
1 208 309
1 208 338
1 209 26
1 209 29
1 209 77
1 209 218
1 209 288
1 209 292
1 209 339
1 209 359
1 209 361
1 210 181
1 210 195
1 210 208
1 210 247
1 210 263
1 210 289
1 210 317
1 210 336
1 210 342
1 210 345
1 211 15
1 211 206
1 211 276
1 212 62
1 212 97
1 212 121
1 212 154
1 212 162
1 212 293
1 212 325
1 213 99
1 213 162
1 213 193
1 213 216
1 213 228
1 213 270
1 213 330
1 213 341
1 214 67
1 214 73
1 214 80
1 215 1
1 215 43
1 215 109
1 215 211
1 215 246
1 215 328
1 216 160
1 216 206
1 216 222
1 216 245
1 216 259
1 216 276
1 216 312
1 216 327
1 217 134
1 217 247
1 217 283
1 217 321
1 217 330
1 217 336
1 217 342
1 218 128
1 218 185
1 218 238
1 218 269
1 218 296
1 218 334
1 219 138
1 219 153
1 219 175
1 219 178
1 219 187
1 219 203
1 219 268
1 219 293
1 219 334
1 219 346
1 219 359
1 219 368
1 220 15
1 220 109
1 220 193
1 220 240
1 220 250
1 220 267
1 220 293
1 220 300
1 221 11
1 221 74
1 221 172
1 221 213
1 221 221
1 221 227
1 221 264
1 221 272
1 221 325
1 221 344
1 222 45
1 222 201
1 222 227
1 222 235
1 222 252
1 222 253
1 222 274
1 222 290
1 222 310
1 222 345
1 223 59
1 223 151
1 223 233
1 223 311
1 223 319
1 223 322
1 224 165
1 224 179
1 224 199
1 224 344
1 224 348
1 225 65
1 225 156
1 225 194
1 225 221
1 225 266
1 225 285
1 225 344
1 225 364
1 226 170
1 226 248
1 227 92
1 227 220
1 227 243
1 227 270
1 227 293
1 227 316
1 227 352
1 228 76
1 228 128
1 228 164
1 228 194
1 228 346
1 229 164
1 229 262
1 229 292
1 229 308
1 229 332
1 230 95
1 230 181
1 230 209
1 230 293
1 230 310
1 231 181
1 231 194
1 231 222
1 231 268
1 231 320
1 232 162
1 232 169
1 232 173
1 232 184
1 232 187
1 232 237
1 232 259
1 232 263
1 232 335
1 232 348
1 233 39
1 233 59
1 233 97
1 233 106
1 233 110
1 233 128
1 233 162
1 233 202
1 233 224
1 233 243
1 233 267
1 233 303
1 233 309
1 233 310
1 234 5
1 234 30
1 234 120
1 234 149
1 234 307
1 234 325
1 235 130
1 235 173
1 235 196
1 235 216
1 235 269
1 235 326
1 235 337
1 235 347
1 235 363
1 236 132
1 237 223
1 237 271
1 237 275
1 237 294
1 237 312
1 237 330
1 237 335
1 237 367
1 238 28
1 238 208
1 238 212
1 238 344
1 239 33
1 239 44
1 239 147
1 239 230
1 239 248
1 239 296
1 239 300
1 239 344
1 240 13
1 240 209
1 240 254
1 240 295
1 240 312
1 240 358
1 241 3
1 241 82
1 241 162
1 241 251
1 241 305
1 242 183
1 242 200
1 243 158
1 243 249
1 243 268
1 244 62
1 244 162
1 244 203
1 244 215
1 244 274
1 244 284
1 244 322
1 245 84
1 245 280
1 245 365
1 246 55
1 246 94
1 246 199
1 246 202
1 246 214
1 246 290
1 246 333
1 247 144
1 247 207
1 247 223
1 247 343
1 247 351
1 248 16
1 248 95
1 248 119
1 248 149
1 248 299
1 249 72
1 249 89
1 249 93
1 249 200
1 249 232
1 249 347
1 249 350
1 250 170
1 250 220
1 250 256
1 250 282
1 250 293
1 250 297
1 251 110
1 251 177
1 251 250
1 251 254
1 251 286
1 251 308
1 251 348
1 252 3
1 252 19
1 252 30
1 252 124
1 252 178
1 252 207
1 252 315
1 252 326
1 252 350
1 252 361
1 253 235
1 253 285
1 253 322
1 253 333
1 253 345
1 253 367
1 254 63
1 254 176
1 254 205
1 255 37
1 255 156
1 255 157
1 255 206
1 255 276
1 255 285
1 255 349
1 256 43
1 256 166
1 256 263
1 256 284
1 256 298
1 256 354
1 257 118
1 257 178
1 257 209
1 258 33
1 258 73
1 258 166
1 258 194
1 258 283
1 258 314
1 259 206
1 259 241
1 259 321
1 259 322
1 260 241
1 260 249
1 260 277
1 260 291
1 260 326
1 261 53
1 261 55
1 261 309
1 261 310
1 261 324
1 261 335
1 261 343
1 262 130
1 262 216
1 262 229
1 262 240
1 262 249
1 262 277
1 262 281
1 262 286
1 262 299
1 262 305
1 262 330
1 262 359
1 263 201
1 263 210
1 263 212
1 263 221
1 263 234
1 263 307
1 263 327
1 263 331
1 263 336
1 264 98
1 264 165
1 264 196
1 264 205
1 264 261
1 264 308
1 265 3
1 265 59
1 265 61
1 265 66
1 265 148
1 265 171
1 265 217
1 265 254
1 265 263
1 265 318
1 265 339
1 266 58
1 266 135
1 266 195
1 266 224
1 266 250
1 266 275
1 266 339
1 266 346
1 267 107
1 267 167
1 267 249
1 267 260
1 267 264
1 267 272
1 267 280
1 268 6
1 268 13
1 268 70
1 268 105
1 268 125
1 268 162
1 268 176
1 268 269
1 268 294
1 268 311
1 268 324
1 268 338
1 268 349
1 268 354
1 269 11
1 269 56
1 269 172
1 269 184
1 269 217
1 269 239
1 269 243
1 269 266
1 270 54
1 270 106
1 270 212
1 270 247
1 270 356
1 271 76
1 271 235
1 271 252
1 271 287
1 271 311
1 272 189
1 272 203
1 272 227
1 272 319
1 273 104
1 273 214
1 273 299
1 273 339
1 273 340
1 273 357
1 274 39
1 274 73
1 274 172
1 274 205
1 274 223
1 274 262
1 274 307
1 274 308
1 275 64
1 275 212
1 275 219
1 275 245
1 276 171
1 276 188
1 276 205
1 276 248
1 276 259
1 276 312
1 277 51
1 277 207
1 277 260
1 277 295
1 277 330
1 277 336
1 278 190
1 278 322
1 278 330
1 278 344
1 279 142
1 279 156
1 279 166
1 279 203
1 279 211
1 279 294
1 279 367
1 280 157
1 280 170
1 280 265
1 280 283
1 280 290
1 280 335
1 280 367
1 281 213
1 281 259
1 281 285
1 281 349
1 282 34
1 282 120
1 282 131
1 282 136
1 282 146
1 282 178
1 282 263
1 282 326
1 282 364
1 283 45
1 283 176
1 283 222
1 283 241
1 283 266
1 283 290
1 284 29
1 284 108
1 284 162
1 284 270
1 285 207
1 285 365
1 286 139
1 286 162
1 286 179
1 286 288
1 286 308
1 286 356
1 287 120
1 287 221
1 288 14
1 288 165
1 288 167
1 288 190
1 288 198
1 288 236
1 288 253
1 288 306
1 288 366
1 289 55
1 289 80
1 289 145
1 289 217
1 289 228
1 289 240
1 289 279
1 289 285
1 290 51
1 290 158
1 290 281
1 290 302
1 290 352
1 290 358
1 291 134
1 291 203
1 291 257
1 291 261
1 291 272
1 291 290
1 292 4
1 292 128
1 292 159
1 292 178
1 292 179
1 292 185
1 292 253
1 292 267
1 292 270
1 292 362
1 293 56
1 293 188
1 293 292
1 293 318
1 293 348
1 294 4
1 294 6
1 294 67
1 294 108
1 294 313
1 294 321
1 294 330
1 295 31
1 295 105
1 295 211
1 295 242
1 295 244
1 296 133
1 296 254
1 296 326
1 296 359
1 297 50
1 297 61
1 297 94
1 297 114
1 297 153
1 297 162
1 297 185
1 297 255
1 297 267
1 297 271
1 297 280
1 297 306
1 298 82
1 298 90
1 298 188
1 298 224
1 298 239
1 298 310
1 298 366
1 298 367
1 299 118
1 299 128
1 299 172
1 299 183
1 299 286
1 299 320
1 299 329
1 299 331
1 299 354
1 299 356
1 300 21
1 300 186
1 300 271
1 300 281
1 300 297
1 300 318
1 300 326
1 301 104
1 301 166
1 301 226
1 301 247
1 301 331
1 302 134
1 302 183
1 302 205
1 302 214
1 302 219
1 302 222
1 302 271
1 302 317
1 302 359
1 303 137
1 303 176
1 303 215
1 303 239
1 303 321
1 303 325
1 303 350
1 304 80
1 304 91
1 304 298
1 304 302
1 304 325
1 304 342
1 304 356
1 305 13
1 305 175
1 305 194
1 305 199
1 305 231
1 305 286
1 305 309
1 306 229
1 306 279
1 306 335
1 306 352
1 307 20
1 307 188
1 307 216
1 307 311
1 308 145
1 308 189
1 308 258
1 308 285
1 308 364
1 309 260
1 309 315
1 309 317
1 310 312
1 310 321
1 310 364
1 311 49
1 311 104
1 311 123
1 311 169
1 311 187
1 311 218
1 311 262
1 311 265
1 311 271
1 311 314
1 311 317
1 311 336
1 312 301
1 312 337
1 313 82
1 313 196
1 313 216
1 313 364
1 314 37
1 314 124
1 314 160
1 314 175
1 314 240
1 314 246
1 314 260
1 314 266
1 314 339
1 315 11
1 315 86
1 315 100
1 315 114
1 315 162
1 315 172
1 315 212
1 315 262
1 315 281
1 315 315
1 315 343
1 316 11
1 316 252
1 316 255
1 316 355
1 317 231
1 317 346
1 317 355
1 317 364
1 317 366
1 318 64
1 318 112
1 318 114
1 318 135
1 318 171
1 318 181
1 318 189
1 318 239
1 318 277
1 318 329
1 318 353
1 319 74
1 319 127
1 319 172
1 319 201
1 319 202
1 319 216
1 319 255
1 319 259
1 319 294
1 319 322
1 320 28
1 320 43
1 320 198
1 320 263
1 320 330
1 320 347
1 320 365
1 321 159
1 321 237
1 321 301
1 321 343
1 322 157
1 322 165
1 322 204
1 322 210
1 322 222
1 322 278
1 322 314
1 322 317
1 322 332
1 322 346
1 322 350
1 322 359
1 323 48
1 323 140
1 323 143
1 323 202
1 323 236
1 323 296
1 323 367
1 324 158
1 324 252
1 324 335
1 324 341
1 324 342
1 324 364
1 325 42
1 325 162
1 325 256
1 325 267
1 325 300
1 325 302
1 325 365
1 326 29
1 326 162
1 326 172
1 326 203
1 326 212
1 326 233
1 326 241
1 326 292
1 326 330
1 327 169
1 327 206
1 327 235
1 327 243
1 327 292
1 327 328
1 327 331
1 327 364
1 328 1
1 328 140
1 328 173
1 328 189
1 328 199
1 328 206
1 328 270
1 328 334
1 328 335
1 328 338
1 328 349
1 328 364
1 329 27
1 329 224
1 329 234
1 329 249
1 329 256
1 329 324
1 329 360
1 330 18
1 330 33
1 330 147
1 330 227
1 330 258
1 330 284
1 330 290
1 330 295
1 330 303
1 331 7
1 331 171
1 331 202
1 331 218
1 331 226
1 331 244
1 331 247
1 331 345
1 332 19
1 332 99
1 333 40
1 333 107
1 333 128
1 333 200
1 333 290
1 333 304
1 333 305
1 333 325
1 333 364
1 334 17
1 334 176
1 334 206
1 334 295
1 334 324
1 334 344
1 335 16
1 335 121
1 335 200
1 335 243
1 335 339
1 335 346
1 336 197
1 336 245
1 336 296
1 336 346
1 337 45
1 337 114
1 337 155
1 337 207
1 337 233
1 337 239
1 337 283
1 337 289
1 337 290
1 337 292
1 337 302
1 337 338
1 337 351
1 338 168
1 338 177
1 338 266
1 338 277
1 338 284
1 338 333
1 338 363
1 339 212
1 339 359
1 339 362