1323
6
81 70 66 72 100 75
2123

0 695 0 237 0 287 0 436 325 0 0 0 1 66 255 0 0 848 0 920 0 858 475 951 0 940 383 379 0 809 0 0 0 0 39 58 84 0 0 0 32 2 59 0 0 0 0 2 35 11 61 0 0 0 97 0 56 15 0 0 40 0 20 0 0 0 88 0 59 67 38 31 0 6 0 59 0 0 13 87 36
0 0 0 487 662 749 807 550 876 595 0 0 0 0 0 74 0 0 829 505 0 454 142 800 0 916 98 20 0 0 0 23 0 0 0 48 0 0 38 83 27 48 0 86 0 98 0 0 27 0 90 88 34 0 0 0 19 0 0 1 0 0 0 39 0 8 0 19 16 0
293 0 316 0 244 0 0 0 346 99 532 0 458 0 318 604 814 0 81 0 632 610 820 805 242 19 5 9 77 0 0 0 0 25 20 0 0 85 0 85 0 0 0 0 0 2 97 7 82 2 0 0 0 97 93 0 32 46 94 0 0 76 0 0 0 0
933 0 0 0 193 0 781 0 70 585 0 715 67 0 0 0 0 0 442 0 0 128 978 0 700 914 0 66 95 0 70 42 80 32 0 3 17 0 36 55 10 0 0 70 0 62 0 14 44 0 58 0 0 75 92 0 0 88 0 6 2 85 58 11 0 0 34 46 71 69 0 96
875 819 0 817 684 0 0 0 157 0 0 0 996 970 0 0 651 271 202 971 0 97 300 0 0 0 0 0 488 152 635 498 204 182 0 0 0 100 24 96 0 60 0 89 0 0 0 0 0 0 40 81 91 0 0 24 11 68 0 82 31 20 0 94 0 0 55 0 72 96 0 0 0 0 58 0 48 3 0 75 0 6 33 78 96 0 0 82 0 0 33 95 16 30 76 0 29 0 0 0
0 752 0 0 0 465 0 0 0 605 0 0 0 0 665 77 405 606 851 944 288 0 699 342 0 484 506 0 3 100 75 8 60 83 81 77 99 2 0 0 0 35 43 0 68 0 18 0 17 95 0 1 0 0 0 47 37 97 0 0 32 20 60 37 76 0 0 38 23 0 0 0 0 17 97

0 0 0
0 0 5
0 0 19
0 0 22
0 0 39
0 0 48
0 0 62
0 1 0
0 1 1
0 1 2
0 1 14
0 1 18
0 1 19
0 1 22
0 1 23
0 1 45
0 2 0
0 2 3
0 2 4
0 2 11
0 2 20
0 2 49
0 3 3
0 3 10
0 3 15
0 3 19
0 3 22
0 3 25
0 3 31
0 3 34
0 4 4
0 4 9
0 4 18
0 4 19
0 4 58
0 4 65
0 5 9
0 5 14
0 5 29
0 5 43
0 5 49
0 6 0
0 6 9
0 6 16
0 6 19
0 6 25
0 6 26
0 7 0
0 7 2
0 7 3
0 7 7
0 7 9
0 7 10
0 7 17
0 7 21
0 7 24
0 7 26
0 7 48
0 7 60
0 8 1
0 8 2
0 8 8
0 8 9
0 8 13
0 8 15
0 8 16
0 8 18
0 8 21
0 8 23
0 8 25
0 8 30
0 9 4
0 9 5
0 9 7
0 9 15
0 9 22
0 9 25
0 9 26
0 9 33
0 9 59
0 10 0
0 10 6
0 10 10
0 10 11
0 10 13
0 10 15
0 10 17
0 10 18
0 10 20
0 10 23
0 10 26
0 10 37
0 10 47
0 11 1
0 11 3
0 11 6
0 11 20
0 11 23
0 11 41
0 11 49
0 11 51
0 11 56
0 12 0
0 12 2
0 12 5
0 12 10
0 12 12
0 12 15
0 12 18
0 12 20
0 12 24
0 12 26
0 12 40
0 12 41
0 12 50
0 12 67
0 13 1
0 13 2
0 13 7
0 13 33
0 14 4
0 14 11
0 14 12
0 14 13
0 14 16
0 14 19
0 14 21
0 14 45
0 14 53
0 15 0
0 15 3
0 15 8
0 15 9
0 15 11
0 15 21
0 15 23
0 15 45
0 15 54
0 15 56
0 16 0
0 16 7
0 16 15
0 16 17
0 16 18
0 16 21
0 17 0
0 17 3
0 17 12
0 17 14
0 17 19
0 17 20
0 17 21
0 17 25
0 17 31
0 17 40
0 17 47
0 18 1
0 18 5
0 18 9
0 18 18
0 18 21
0 18 22
0 18 52
0 18 67
0 19 6
0 19 8
0 19 9
0 19 11
0 19 15
0 19 16
0 19 24
0 19 43
0 19 44
0 19 64
0 20 2
0 20 6
0 20 7
0 20 19
0 20 21
0 20 24
0 20 54
0 21 3
0 21 6
0 21 11
0 21 15
0 21 20
0 21 23
0 22 2
0 22 10
0 22 12
0 22 13
0 22 17
0 22 20
0 22 23
0 22 45
0 23 0
0 23 5
0 23 12
0 23 16
0 23 20
0 23 25
0 23 27
0 23 36
0 23 37
0 23 45
0 23 55
0 24 3
0 24 5
0 24 7
0 24 9
0 24 11
0 24 16
0 24 17
0 24 20
0 24 22
0 24 36
0 24 49
0 25 13
0 25 16
0 25 17
0 25 19
0 25 47
0 26 1
0 26 2
0 26 3
0 26 6
0 26 8
0 26 14
0 26 17
0 26 19
0 26 20
0 26 22
0 26 47
0 27 1
0 27 2
0 27 4
0 27 5
0 27 14
0 27 15
0 27 18
0 27 19
0 27 23
0 27 25
0 27 42
0 28 0
0 28 2
0 28 10
0 28 13
0 28 14
0 28 17
0 28 18
0 28 19
0 28 25
0 28 30
0 28 45
0 29 3
0 29 19
0 29 22
0 29 23
0 29 27
0 30 1
0 30 3
0 30 4
0 30 20
0 30 26
0 30 30
0 32 1
0 32 3
0 32 6
0 32 23
0 32 49
0 33 28
0 34 7
0 34 18
0 34 59
0 34 67
0 35 2
0 35 12
0 35 21
0 35 33
0 35 38
0 35 41
0 35 48
0 36 8
0 36 29
0 36 45
0 36 47
0 36 61
0 36 63
0 36 68
0 37 10
0 37 30
0 37 58
0 38 8
0 38 44
0 38 68
0 39 1
0 39 8
0 39 36
0 39 39
0 40 34
0 40 45
0 41 6
0 41 24
0 42 1
0 42 8
0 42 20
0 42 38
0 43 25
0 43 28
0 43 35
0 43 68
0 44 13
0 44 28
0 45 37
0 45 51
0 46 53
0 47 16
0 47 20
0 48 7
0 48 8
0 48 27
0 48 35
0 48 43
0 49 19
0 49 38
0 49 49
0 50 6
0 50 11
0 50 33
0 50 49
0 50 63
0 51 28
0 51 44
0 51 53
0 52 1
0 52 19
0 52 51
0 52 64
0 53 14
0 54 9
0 54 24
0 54 53
0 54 62
0 55 25
0 55 62
0 55 69
0 56 8
0 56 18
0 56 30
0 56 31
0 56 36
0 56 44
0 56 47
0 57 25
0 57 40
0 58 39
0 58 41
0 58 53
0 59 22
0 59 36
0 59 43
0 60 15
0 60 34
0 60 66
0 61 10
0 61 48
0 62 23
0 62 27
0 62 61
0 62 62
0 62 67
0 63 13
0 63 14
0 63 42
0 64 7
0 64 13
0 64 33
0 64 65
0 65 11
0 65 15
0 66 6
0 66 9
0 66 28
0 67 39
0 67 55
0 67 61
0 68 3
0 68 7
0 68 12
0 68 65
0 69 9
0 69 23
0 69 32
0 69 63
0 69 66
0 70 8
0 70 23
0 70 37
0 71 2
0 71 6
0 71 14
0 71 28
0 71 34
0 73 5
0 73 40
0 73 60
0 73 61
0 74 5
0 74 32
0 74 46
0 74 68
0 75 12
0 75 43
0 76 6
0 76 17
0 76 18
0 76 55
0 77 20
0 77 26
0 77 60
0 77 63
0 78 65
0 78 69
0 79 26
0 80 18
0 80 28
0 80 37
0 80 55
0 80 58
1 0 3
1 0 4
1 0 8
1 0 10
1 0 11
1 0 12
1 0 16
1 0 23
1 0 43
1 1 2
1 1 3
1 1 4
1 1 5
1 1 6
1 1 13
1 1 19
1 1 23
1 1 34
1 2 8
1 2 15
1 2 16
1 2 18
1 2 22
1 2 44
1 3 2
1 3 3
1 3 13
1 3 18
1 3 22
1 3 24
1 3 25
1 3 30
1 3 32
1 3 36
1 3 37
1 3 42
1 3 48
1 3 63
1 4 0
1 4 3
1 4 7
1 4 10
1 4 14
1 4 15
1 4 20
1 4 22
1 4 28
1 4 55
1 5 3
1 5 5
1 5 6
1 5 7
1 5 11
1 5 16
1 5 18
1 5 19
1 5 28
1 5 32
1 5 57
1 6 1
1 6 2
1 6 3
1 6 4
1 6 5
1 6 11
1 6 12
1 6 13
1 6 16
1 6 42
1 6 44
1 6 49
1 6 59
1 6 60
1 7 2
1 7 6
1 7 10
1 7 12
1 7 19
1 7 40
1 7 50
1 8 0
1 8 1
1 8 13
1 8 14
1 8 18
1 8 21
1 8 27
1 8 29
1 8 33
1 8 50
1 8 52
1 9 1
1 9 2
1 9 4
1 9 7
1 9 9
1 9 11
1 9 13
1 9 16
1 9 20
1 9 23
1 9 29
1 9 59
1 10 0
1 10 7
1 10 8
1 10 12
1 10 13
1 10 16
1 10 17
1 10 24
1 10 26
1 11 8
1 11 13
1 11 22
1 11 30
1 11 49
1 11 59
1 12 7
1 12 9
1 12 15
1 12 29
1 12 57
1 13 0
1 13 2
1 13 6
1 13 7
1 13 11
1 13 15
1 13 16
1 13 18
1 13 19
1 13 23
1 13 27
1 13 31
1 13 42
1 13 60
1 13 61
1 14 0
1 14 5
1 14 8
1 14 12
1 14 15
1 14 19
1 14 21
1 14 24
1 14 45
1 14 58
1 15 0
1 15 8
1 15 14
1 15 16
1 15 20
1 15 21
1 15 24
1 15 38
1 15 39
1 15 52
1 15 54
1 16 6
1 16 9
1 16 13
1 16 19
1 16 29
1 16 34
1 17 2
1 17 4
1 17 5
1 17 8
1 17 9
1 17 12
1 17 24
1 17 37
1 17 39
1 17 46
1 17 50
1 17 64
1 18 5
1 18 6
1 18 9
1 18 11
1 18 13
1 18 17
1 18 29
1 18 39
1 18 40
1 18 59
1 19 1
1 19 2
1 19 9
1 19 11
1 19 16
1 19 22
1 19 24
1 19 43
1 19 53
1 20 2
1 20 4
1 20 6
1 20 14
1 20 15
1 20 23
1 20 29
1 20 34
1 20 48
1 21 0
1 21 10
1 21 11
1 21 13
1 21 17
1 21 23
1 21 50
1 22 4
1 22 6
1 22 10
1 22 12
1 22 22
1 22 23
1 22 51
1 23 0
1 23 4
1 23 6
1 23 7
1 23 16
1 23 17
1 23 19
1 23 20
1 23 25
1 23 31
1 23 32
1 23 43
1 24 1
1 24 3
1 24 6
1 24 7
1 24 11
1 24 14
1 24 16
1 24 17
1 24 20
1 24 39
1 24 40
1 24 43
1 24 51
1 25 0
1 25 2
1 25 3
1 25 6
1 25 10
1 25 11
1 25 13
1 25 16
1 25 20
1 25 43
1 25 55
1 26 0
1 26 7
1 26 9
1 26 12
1 26 14
1 26 18
1 26 38
1 26 61
1 26 63
1 26 64
1 27 6
1 27 9
1 27 27
1 27 37
1 27 40
1 27 61
1 28 24
1 28 38
1 28 49
1 28 51
1 28 53
1 28 56
1 28 59
1 29 16
1 29 20
1 29 26
1 30 1
1 30 2
1 30 6
1 30 32
1 30 41
1 30 44
1 30 48
1 30 58
1 31 1
1 31 8
1 31 11
1 31 55
1 31 63
1 32 24
1 32 60
1 33 5
1 33 8
1 33 16
1 33 17
1 33 59
1 34 34
1 34 57
1 35 59
1 36 31
1 36 34
1 36 35
1 36 58
1 36 61
1 37 1
1 37 14
1 38 2
1 38 32
1 38 48
1 38 59
1 39 13
1 39 16
1 40 3
1 40 34
1 41 7
1 41 24
1 41 33
1 41 49
1 41 57
1 42 2
1 42 4
1 42 7
1 42 10
1 42 28
1 42 56
1 43 22
1 43 36
1 44 37
1 44 38
1 44 53
1 44 57
1 46 6
1 46 49
1 47 3
1 47 9
1 47 10
1 47 39
1 47 42
1 47 53
1 47 55
1 48 16
1 48 22
1 48 31
1 48 54
1 49 31
1 49 52
1 49 58
1 49 60
1 50 12
1 50 18
1 50 26
1 50 46
1 51 6
1 51 45
1 51 61
1 52 2
1 52 24
1 52 36
1 52 41
1 52 57
1 52 61
1 53 1
1 53 8
1 53 37
1 53 58
1 54 8
1 54 11
1 55 65
1 56 21
1 56 23
1 56 37
1 56 64
1 57 12
1 57 20
1 57 42
1 57 46
1 57 50
1 57 55
1 57 57
1 58 1
1 58 28
1 58 44
1 59 24
1 59 35
1 59 38
1 59 58
1 60 21
1 60 31
1 60 63
1 61 38
1 62 35
1 62 40
1 63 35
1 63 52
1 63 60
1 64 21
1 64 22
1 64 54
1 65 10
1 65 21
1 66 7
1 66 25
1 66 34
1 66 59
1 67 9
1 67 23
1 67 64
1 68 36
1 68 53
1 69 2
1 69 6
1 69 8
2 0 0
2 0 1
2 0 11
2 0 19
2 0 22
2 0 25
2 0 37
2 0 42
2 0 57
2 0 70
2 0 71
2 1 1
2 1 2
2 1 8
2 1 12
2 1 13
2 1 25
2 1 31
2 1 38
2 2 9
2 2 10
2 2 27
2 2 38
2 2 39
2 2 54
2 3 2
2 3 8
2 3 14
2 3 21
2 3 24
2 3 26
2 3 32
2 3 38
2 3 44
2 3 49
2 4 1
2 4 2
2 4 5
2 4 20
2 4 21
2 4 53
2 5 2
2 5 8
2 5 16
2 5 18
2 5 19
2 5 20
2 5 21
2 5 22
2 5 37
2 5 63
2 5 68
2 6 2
2 6 4
2 6 12
2 6 33
2 6 59
2 6 68
2 7 1
2 7 5
2 7 9
2 7 10
2 7 17
2 7 26
2 8 3
2 8 7
2 8 8
2 8 15
2 8 17
2 8 18
2 8 20
2 8 23
2 8 59
2 8 67
2 9 3
2 9 4
2 9 5
2 9 7
2 9 11
2 9 12
2 9 14
2 9 15
2 9 20
2 9 21
2 9 47
2 9 51
2 9 54
2 9 56
2 9 61
2 9 64
2 10 0
2 10 1
2 10 4
2 10 5
2 10 8
2 10 10
2 10 19
2 10 21
2 10 23
2 10 26
2 10 34
2 10 39
2 11 2
2 11 6
2 11 20
2 11 51
2 11 52
2 11 66
2 12 3
2 12 5
2 12 18
2 12 25
2 12 26
2 12 27
2 13 2
2 13 19
2 13 23
2 13 33
2 13 44
2 13 53
2 13 55
2 13 69
2 14 1
2 14 2
2 14 6
2 14 9
2 14 21
2 14 22
2 14 52
2 14 62
2 15 8
2 15 9
2 15 15
2 15 18
2 15 25
2 15 36
2 15 57
2 16 4
2 16 7
2 16 10
2 16 12
2 16 17
2 16 25
2 16 26
2 16 54
2 17 6
2 17 7
2 17 9
2 17 15
2 17 16
2 17 20
2 17 22
2 17 26
2 17 45
2 17 56
2 18 0
2 18 4
2 18 8
2 18 10
2 18 16
2 18 19
2 18 21
2 18 30
2 18 42
2 18 70
2 19 0
2 19 2
2 19 17
2 19 21
2 19 23
2 19 25
2 19 69
2 20 0
2 20 3
2 20 4
2 20 7
2 20 8
2 20 11
2 20 13
2 20 22
2 20 25
2 20 66
2 21 4
2 21 5
2 21 48
2 22 6
2 22 11
2 22 12
2 22 19
2 22 24
2 22 38
2 22 41
2 22 56
2 22 62
2 22 66
2 22 68
2 23 1
2 23 8
2 23 14
2 23 16
2 23 17
2 23 20
2 23 21
2 23 31
2 23 60
2 23 62
2 23 67
2 24 0
2 24 3
2 24 6
2 24 7
2 24 13
2 24 15
2 24 24
2 24 25
2 24 59
2 24 70
2 25 35
2 26 9
2 26 21
2 27 22
2 27 28
2 27 35
2 27 49
2 28 10
2 28 11
2 28 48
2 29 7
2 29 58
2 29 60
2 30 59
2 31 18
2 31 25
2 31 55
2 32 2
2 32 16
2 32 21
2 32 42
2 32 58
2 32 66
2 33 23
2 33 54
2 34 14
2 34 25
2 34 58
2 35 16
2 35 39
2 35 42
2 35 47
2 36 12
2 36 18
2 36 42
2 37 40
2 38 31
2 38 45
2 38 64
2 39 2
2 39 12
2 39 27
2 39 39
2 40 26
2 40 40
2 40 51
2 41 57
2 42 27
2 42 47
2 42 48
2 42 64
2 42 68
2 43 13
2 43 48
2 44 7
2 44 13
2 44 14
2 44 33
2 45 4
2 45 8
2 45 28
2 45 42
2 45 59
2 47 20
2 47 27
2 47 65
2 48 2
2 48 7
2 48 54
2 49 9
2 49 44
2 49 50
2 50 4
2 50 11
2 50 18
2 51 34
2 52 71
2 53 18
2 53 22
2 53 59
2 54 10
2 55 18
2 55 23
2 55 27
2 55 30
2 55 68
2 55 69
2 56 3
2 56 49
2 56 52
2 57 8
2 57 26
2 58 20
2 58 22
2 58 45
2 58 52
2 58 53
2 59 11
2 59 29
2 60 6
2 60 39
2 60 59
2 60 64
2 60 68
2 62 8
2 62 21
2 62 23
2 62 33
2 62 62
2 63 3
2 63 25
2 63 35
2 63 69
2 64 17
2 64 32
2 64 47
2 64 61
2 65 13
2 65 43
3 0 16
3 0 22
3 0 23
3 0 24
3 0 31
3 0 35
3 0 48
3 0 58
3 0 65
3 0 81
3 1 3
3 1 18
3 1 22
3 1 26
3 1 27
3 1 43
3 1 85
3 1 96
3 2 2
3 2 3
3 2 5
3 2 6
3 2 8
3 2 15
3 2 18
3 2 21
3 2 22
3 2 25
3 2 26
3 2 30
3 2 34
3 2 55
3 2 74
3 2 76
3 2 82
3 2 87
3 3 10
3 3 24
3 3 25
3 3 39
3 3 71
3 3 81
3 4 10
3 4 16
3 4 29
3 4 45
3 4 50
3 4 85
3 5 2
3 5 4
3 5 7
3 5 10
3 5 14
3 5 21
3 5 29
3 5 32
3 6 10
3 6 19
3 6 20
3 6 22
3 6 24
3 6 25
3 6 27
3 6 30
3 6 36
3 6 43
3 6 54
3 7 0
3 7 3
3 7 4
3 7 10
3 7 11
3 7 13
3 7 14
3 7 27
3 7 28
3 7 30
3 7 32
3 7 35
3 7 36
3 7 76
3 7 81
3 7 82
3 7 98
3 8 3
3 8 8
3 8 14
3 8 19
3 8 21
3 8 26
3 8 29
3 8 31
3 8 43
3 8 45
3 8 52
3 8 72
3 8 81
3 9 2
3 9 17
3 9 18
3 9 21
3 9 24
3 9 25
3 9 32
3 9 42
3 9 51
3 9 62
3 9 89
3 10 4
3 10 12
3 10 14
3 10 19
3 10 21
3 10 22
3 10 24
3 10 27
3 10 29
3 10 31
3 10 33
3 10 66
3 11 6
3 11 12
3 11 16
3 11 17
3 11 20
3 11 31
3 11 35
3 11 65
3 11 68
3 11 69
3 11 82
3 11 88
3 11 97
3 12 2
3 12 18
3 12 21
3 12 23
3 12 27
3 12 32
3 12 43
3 12 71
3 12 86
3 13 0
3 13 4
3 13 7
3 13 21
3 13 24
3 13 51
3 13 83
3 13 84
3 14 10
3 14 15
3 14 16
3 14 21
3 14 24
3 14 25
3 14 28
3 14 32
3 14 40
3 14 50
3 14 87
3 14 90
3 15 4
3 15 9
3 15 10
3 15 20
3 15 21
3 15 22
3 15 28
3 15 31
3 15 47
3 15 56
3 15 59
3 15 63
3 15 85
3 15 96
3 16 11
3 16 15
3 16 17
3 16 19
3 16 34
3 16 36
3 16 37
3 17 4
3 17 6
3 17 8
3 17 10
3 17 15
3 17 23
3 17 24
3 17 57
3 17 90
3 18 1
3 18 3
3 18 12
3 18 17
3 18 24
3 18 27
3 18 32
3 18 41
3 18 63
3 18 73
3 18 82
3 18 85
3 19 15
3 19 17
3 19 24
3 19 26
3 19 27
3 19 30
3 19 31
3 19 32
3 19 51
3 19 54
3 19 59
3 19 79
3 19 81
3 20 0
3 20 2
3 20 6
3 20 7
3 20 9
3 20 17
3 20 31
3 20 63
3 20 73
3 20 87
3 21 5
3 21 10
3 21 11
3 21 15
3 21 19
3 21 22
3 21 23
3 21 25
3 21 30
3 21 85
3 22 1
3 22 5
3 22 6
3 22 10
3 22 13
3 22 15
3 22 18
3 22 34
3 22 35
3 22 36
3 22 43
3 22 50
3 23 10
3 23 13
3 23 14
3 23 25
3 23 30
3 23 33
3 23 34
3 23 35
3 24 10
3 24 11
3 24 19
3 24 20
3 24 56
3 24 74
3 25 2
3 25 8
3 25 9
3 25 19
3 25 20
3 25 31
3 25 52
3 25 60
3 25 63
3 25 78
3 26 16
3 26 19
3 26 27
3 26 29
3 26 33
3 26 42
3 26 47
3 26 52
3 27 24
3 27 60
3 27 78
3 27 85
3 28 6
3 28 7
3 28 14
3 28 19
3 28 24
3 28 58
3 28 74
3 29 21
3 29 35
3 29 40
3 29 95
3 30 20
3 30 21
3 30 24
3 30 45
3 30 58
3 30 68
3 30 72
3 31 9
3 31 11
3 31 36
3 31 42
3 31 81
3 32 49
3 32 97
3 33 83
3 34 13
3 34 20
3 34 25
3 34 49
3 34 70
3 34 94
3 35 46
3 35 56
3 35 88
3 36 1
3 36 33
3 36 76
3 37 37
3 37 82
3 37 92
3 37 93
3 38 3
3 38 61
3 38 93
3 38 96
3 39 8
3 39 14
3 39 24
3 39 52
3 39 58
3 39 65
3 40 42
3 40 86
3 41 5
3 41 27
3 42 29
3 42 55
3 43 65
3 43 84
3 43 88
3 44 13
3 44 19
3 44 24
3 44 26
3 44 32
3 44 43
3 44 51
3 44 60
3 44 70
3 44 75
3 44 86
3 44 90
3 45 17
3 45 37
3 45 59
3 45 66
3 45 88
3 45 97
3 46 14
3 46 22
3 46 36
3 46 56
3 46 69
3 47 32
3 48 0
3 48 7
3 48 10
3 48 13
3 48 23
3 48 29
3 48 50
3 48 77
3 49 16
3 49 36
3 49 51
3 49 54
3 49 63
3 50 46
3 50 95
3 51 14
3 51 26
3 51 93
3 51 95
3 51 98
3 52 17
3 52 29
3 52 59
3 52 64
3 52 86
3 53 39
3 53 41
3 53 58
3 54 21
3 54 23
3 54 37
3 54 44
3 54 65
3 55 4
3 55 15
3 55 18
3 55 36
3 55 87
3 56 9
3 56 22
3 56 45
3 56 66
3 57 23
3 57 41
3 57 45
3 57 75
3 57 83
3 57 91
3 57 95
3 58 15
3 58 34
3 58 43
3 58 67
3 58 70
3 58 88
3 58 93
3 59 6
3 59 27
3 59 41
3 59 83
3 60 10
3 60 15
3 60 37
3 60 83
3 60 89
3 61 2
3 61 7
3 61 14
3 61 80
3 61 86
3 62 48
3 63 16
3 63 27
3 63 53
3 63 91
3 63 94
3 64 30
3 64 94
3 65 43
3 65 56
3 65 77
3 65 87
3 65 99
3 66 6
3 66 15
3 66 37
3 67 1
3 67 18
3 67 23
3 68 16
3 68 26
3 68 46
3 68 60
3 68 75
3 69 10
3 69 69
3 70 0
3 70 6
3 70 9
3 70 13
3 70 27
3 70 52
3 70 53
3 70 79
3 70 89
3 71 14
3 71 19
3 71 24
3 71 47
3 71 75
3 71 92
3 71 98
4 0 4
4 0 12
4 0 19
4 0 22
4 0 27
4 0 51
4 0 54
4 1 8
4 1 12
4 1 19
4 1 50
4 1 61
4 1 64
4 2 0
4 2 1
4 2 2
4 2 7
4 2 51
4 2 62
4 3 0
4 3 3
4 3 8
4 3 22
4 3 23
4 3 29
4 3 53
4 3 58
4 3 73
4 4 2
4 4 5
4 4 11
4 4 23
4 4 26
4 4 45
4 4 47
4 5 0
4 5 3
4 5 21
4 5 23
4 5 31
4 5 32
4 5 33
4 5 55
4 6 0
4 6 2
4 6 14
4 6 27
4 6 40
4 6 56
4 6 67
4 7 1
4 7 2
4 7 17
4 7 19
4 7 31
4 7 35
4 7 44
4 7 72
4 8 1
4 8 4
4 8 6
4 8 10
4 8 13
4 8 15
4 8 18
4 8 19
4 8 23
4 8 27
4 8 34
4 8 52
4 9 4
4 9 13
4 10 1
4 10 15
4 10 19
4 10 27
4 11 9
4 11 10
4 11 15
4 11 16
4 11 28
4 12 6
4 12 11
4 12 14
4 12 21
4 12 25
4 12 42
4 12 44
4 12 60
4 13 0
4 13 4
4 13 12
4 13 15
4 13 23
4 13 31
4 13 33
4 13 74
4 14 13
4 14 14
4 14 25
4 14 26
4 14 41
4 15 5
4 15 20
4 15 27
4 15 51
4 15 73
4 16 24
4 16 31
4 16 33
4 16 49
4 16 72
4 17 1
4 17 6
4 17 8
4 17 11
4 17 17
4 17 25
4 17 31
4 18 11
4 18 24
4 18 25
4 18 29
4 19 0
4 19 1
4 19 6
4 19 7
4 19 8
4 19 12
4 19 13
4 19 19
4 19 21
4 19 22
4 19 25
4 19 61
4 20 2
4 20 5
4 20 8
4 20 20
4 20 24
4 20 26
4 20 52
4 20 73
4 21 0
4 21 2
4 21 22
4 21 26
4 21 30
4 21 52
4 21 73
4 22 1
4 22 7
4 22 8
4 22 12
4 22 14
4 22 17
4 22 23
4 22 28
4 22 50
4 22 55
4 22 56
4 22 59
4 22 74
4 23 0
4 23 2
4 23 5
4 23 8
4 23 14
4 23 21
4 24 11
4 24 12
4 24 15
4 24 17
4 24 21
4 24 54
4 24 65
4 25 1
4 25 2
4 25 3
4 25 16
4 25 18
4 25 20
4 25 57
4 26 1
4 26 8
4 26 10
4 26 13
4 26 14
4 26 22
4 26 48
4 27 4
4 27 11
4 27 14
4 27 29
4 28 3
4 28 5
4 28 7
4 28 10
4 28 16
4 28 26
4 28 27
4 28 30
4 28 51
4 29 15
4 29 23
4 29 25
4 29 47
4 30 7
4 30 12
4 30 13
4 30 14
4 30 20
4 30 45
4 31 11
4 31 14
4 31 15
4 31 21
4 31 25
4 31 29
4 31 62
4 31 69
4 32 4
4 32 9
4 32 11
4 32 15
4 32 20
4 32 24
4 32 26
4 32 42
4 33 1
4 33 10
4 33 12
4 33 15
4 33 22
4 33 27
4 34 11
4 34 12
4 34 13
4 34 15
4 34 18
4 34 20
4 34 21
4 34 25
4 34 27
4 34 48
4 35 0
4 35 5
4 35 8
4 35 10
4 35 12
4 35 23
4 35 25
4 35 27
4 35 51
4 36 18
4 36 71
4 37 2
4 37 14
4 37 23
4 37 26
4 37 36
4 37 43
4 37 54
4 37 63
4 37 68
4 39 1
4 39 10
4 39 18
4 39 60
4 41 28
4 42 50
4 42 59
4 42 69
4 43 4
4 43 6
4 43 10
4 43 13
4 43 26
4 44 4
4 44 50
4 44 67
4 45 17
4 45 26
4 45 27
4 45 30
4 45 37
4 46 12
4 46 19
4 46 35
4 46 49
4 47 12
4 47 31
4 47 48
4 48 4
4 48 38
4 49 57
4 49 58
4 49 66
4 50 5
4 50 20
4 51 12
4 51 52
4 51 54
4 52 35
4 53 2
4 53 14
4 53 62
4 54 0
4 54 28
4 54 67
4 54 68
4 54 73
4 55 7
4 55 12
4 56 31
4 57 5
4 57 17
4 58 20
4 58 23
4 58 30
4 59 22
4 59 45
4 59 70
4 60 7
4 60 11
4 60 35
4 61 17
4 62 23
4 62 31
4 62 58
4 62 71
4 63 5
4 63 9
4 63 73
4 64 14
4 64 34
4 64 47
4 64 68
4 65 3
4 65 6
4 65 10
4 65 11
4 65 41
4 66 20
4 66 29
4 66 31
4 66 36
4 66 55
4 66 64
4 66 69
4 67 38
4 67 52
4 67 59
4 68 23
4 68 25
4 68 42
4 68 74
4 69 16
4 70 17
4 70 40
4 71 32
4 71 36
4 71 43
4 71 69
4 72 27
4 72 33
4 72 38
4 72 59
4 72 64
4 73 67
4 74 72
4 75 8
4 75 49
4 75 61
4 76 0
4 76 6
4 76 19
4 76 39
4 76 59
4 76 68
4 77 27
4 77 56
4 77 67
4 78 22
4 78 26
4 78 30
4 78 31
4 78 32
4 78 33
4 79 5
4 79 25
4 79 51
4 80 17
4 80 42
4 81 16
4 81 55
4 81 73
4 82 11
4 83 11
4 83 26
4 84 0
4 84 1
4 84 5
4 84 30
4 84 33
4 85 14
4 85 24
4 85 33
4 85 36
4 85 72
4 86 44
4 86 57
4 86 65
4 87 5
4 87 18
4 87 41
4 87 47
4 88 2
4 88 9
4 88 14
4 88 39
4 88 54
4 88 74
4 89 21
4 89 22
4 89 24
4 90 16
4 90 68
4 91 21
4 91 30
4 91 56
4 91 65
4 92 2
4 92 28
4 92 33
4 92 38
4 93 16
4 93 53
4 94 23
4 94 26
4 94 32
4 94 35
4 94 58
4 94 66
4 95 0
4 95 42
4 95 72
4 96 0
4 96 14
4 97 7
4 97 34
4 97 48
4 99 13
4 99 21
4 99 24
4 99 26
4 99 38
4 99 57