711
8
81 94 64 66 70 73 67 99
4279

190 13 999 547 0 633 72 0 0 0 0 0 0 0 0 0 0 818 0 642 967 0 0 0 0 0 0 0 909 0 0 0 202 0 0 96 0 40 0 20 55 0 12 0 0 70 0 94 0 88 0 43 0 0 0 87 0 0 87 51 92 86 0 46 35 36 0 0 0 39 40 18 0 8 74 53 96 0 89 0 18
222 377 0 0 0 72 0 0 682 0 0 210 763 0 0 58 35 0 913 530 579 479 26 130 0 0 552 918 0 869 0 0 150 604 796 0 88 249 0 0 0 0 80 98 9 0 83 81 0 0 18 22 0 0 26 0 0 0 0 61 58 0 0 14 49 0 0 2 0 0 88 8 86 39 76 56 0 0 15 0 0 65 0 0 0 74 0 14 69 0 69 0 0 0
665 0 0 0 81 0 318 0 847 240 0 401 0 0 0 781 0 0 899 0 0 0 686 0 648 0 37 4 0 0 37 76 0 4 69 0 32 6 0 0 16 32 0 0 0 59 74 34 61 34 62 0 70 0 0 0 80 0 8 91 25 0 80 41
245 181 0 549 224 0 0 35 683 733 0 0 0 0 0 986 0 0 0 273 0 0 0 0 0 577 0 8 67 0 24 0 0 75 64 49 0 34 59 0 0 0 0 33 43 47 81 0 0 0 36 48 89 0 90 41 35 15 0 0 49 11 52 0 0 0
642 0 0 897 0 361 0 0 0 0 0 0 819 0 0 0 0 0 402 395 806 0 0 0 0 925 435 0 119 81 0 0 89 76 0 0 0 75 31 0 77 0 0 64 0 23 0 0 0 0 45 0 19 31 0 87 89 0 0 0 0 29 0 0 63 0 43 0 0 0
0 610 347 0 150 0 0 492 200 241 392 0 0 0 22 145 751 0 0 0 745 0 54 0 418 47 885 335 0 0 60 19 0 0 0 64 67 0 0 0 30 74 54 91 0 9 11 94 12 60 0 0 0 87 10 0 0 80 53 6 0 0 0 0 10 30 0 51 0 4 99 28 62
0 466 0 343 885 953 862 0 353 0 100 107 515 495 885 0 0 980 0 464 0 40 0 0 0 237 344 0 0 0 98 90 7 0 0 0 0 0 4 67 0 38 86 20 0 91 0 0 5 98 0 0 60 0 92 0 45 0 0 76 12 0 1 45 17 85 0
0 813 151 0 0 0 113 0 0 885 0 0 918 444 0 0 720 0 0 111 517 818 0 0 0 8 596 0 664 208 0 0 0 0 0 319 865 0 0 544 0 0 18 0 6 59 0 99 0 11 0 81 0 0 0 98 28 29 56 0 0 43 86 36 0 0 0 26 0 0 0 77 0 0 74 11 0 0 78 0 59 0 0 0 84 66 39 0 0 0 0 91 0 13 0 17 71 64 82

0 0 15
0 0 35
0 0 43
0 0 44
0 0 57
0 1 3
0 1 6
0 1 11
0 1 15
0 1 17
0 1 19
0 1 23
0 1 25
0 1 30
0 1 44
0 1 73
0 2 15
0 2 17
0 2 18
0 2 20
0 2 22
0 2 26
0 2 29
0 2 31
0 2 41
0 2 42
0 2 57
0 2 84
0 3 0
0 3 1
0 3 3
0 3 6
0 3 7
0 3 8
0 3 17
0 3 23
0 3 29
0 3 30
0 3 31
0 3 33
0 3 37
0 3 65
0 3 88
0 3 93
0 4 0
0 4 3
0 4 4
0 4 15
0 4 16
0 4 29
0 4 34
0 4 35
0 4 55
0 4 56
0 4 76
0 4 85
0 5 14
0 5 16
0 5 18
0 5 19
0 5 20
0 5 21
0 5 22
0 5 25
0 5 26
0 5 32
0 5 34
0 5 37
0 5 52
0 5 92
0 6 0
0 6 4
0 6 5
0 6 6
0 6 8
0 6 13
0 6 14
0 6 25
0 6 26
0 6 27
0 6 32
0 6 37
0 6 43
0 6 63
0 6 89
0 6 92
0 7 1
0 7 2
0 7 5
0 7 7
0 7 8
0 7 16
0 7 20
0 7 21
0 7 22
0 7 24
0 7 46
0 7 61
0 8 25
0 8 31
0 9 8
0 9 9
0 9 11
0 9 12
0 9 13
0 9 18
0 9 24
0 9 26
0 9 28
0 9 35
0 9 44
0 9 64
0 9 80
0 10 0
0 10 2
0 10 5
0 10 15
0 10 16
0 10 17
0 10 22
0 10 23
0 10 24
0 10 29
0 10 33
0 10 35
0 10 36
0 11 6
0 11 8
0 11 18
0 11 19
0 11 20
0 11 21
0 11 33
0 11 37
0 12 0
0 12 1
0 12 3
0 12 10
0 12 13
0 12 16
0 12 19
0 12 28
0 12 35
0 12 36
0 12 40
0 12 93
0 13 0
0 13 3
0 13 4
0 13 11
0 13 25
0 13 30
0 13 32
0 13 36
0 13 60
0 13 68
0 14 0
0 14 5
0 14 7
0 14 9
0 14 16
0 14 19
0 14 22
0 14 24
0 14 25
0 14 28
0 14 29
0 14 31
0 14 33
0 14 35
0 14 36
0 14 55
0 14 93
0 15 2
0 15 20
0 15 27
0 15 32
0 15 39
0 15 77
0 16 8
0 16 10
0 16 18
0 16 22
0 16 27
0 16 34
0 16 35
0 16 36
0 16 43
0 16 84
0 17 1
0 17 2
0 17 4
0 17 8
0 17 10
0 17 15
0 17 17
0 17 20
0 17 22
0 17 23
0 17 24
0 17 25
0 17 26
0 17 28
0 17 32
0 17 37
0 17 52
0 18 0
0 18 1
0 18 3
0 18 7
0 18 9
0 18 10
0 18 12
0 18 13
0 18 14
0 18 17
0 18 19
0 18 21
0 18 56
0 18 67
0 18 81
0 18 84
0 19 5
0 19 6
0 19 12
0 19 17
0 19 18
0 19 24
0 19 27
0 19 28
0 19 32
0 19 36
0 19 38
0 19 39
0 20 0
0 20 7
0 20 13
0 20 16
0 20 24
0 20 28
0 20 30
0 20 74
0 21 4
0 21 8
0 21 12
0 21 14
0 21 15
0 21 17
0 21 21
0 21 24
0 21 30
0 21 35
0 21 37
0 21 49
0 21 57
0 21 79
0 22 0
0 22 2
0 22 16
0 22 21
0 22 22
0 22 31
0 22 32
0 22 35
0 22 42
0 22 62
0 22 65
0 22 75
0 22 90
0 23 1
0 23 5
0 23 10
0 23 11
0 23 16
0 23 19
0 23 20
0 23 26
0 23 29
0 23 30
0 23 33
0 23 35
0 23 36
0 23 37
0 23 39
0 23 59
0 23 76
0 23 79
0 24 1
0 24 2
0 24 5
0 24 13
0 24 15
0 24 20
0 24 21
0 24 22
0 24 23
0 24 32
0 24 34
0 24 35
0 25 0
0 25 2
0 25 6
0 25 11
0 25 12
0 25 16
0 25 21
0 25 22
0 25 23
0 25 24
0 25 28
0 25 29
0 25 31
0 25 32
0 25 34
0 26 4
0 26 7
0 26 15
0 26 16
0 26 17
0 26 19
0 26 29
0 26 58
0 26 82
0 26 87
0 26 91
0 27 10
0 27 16
0 27 22
0 27 24
0 27 28
0 27 30
0 27 34
0 27 35
0 27 62
0 28 0
0 28 5
0 28 6
0 28 9
0 28 10
0 28 13
0 28 17
0 28 19
0 28 26
0 28 36
0 28 70
0 29 11
0 29 12
0 29 15
0 29 19
0 29 31
0 29 32
0 29 36
0 29 38
0 29 43
0 29 45
0 29 82
0 29 88
0 30 0
0 30 5
0 30 8
0 30 9
0 30 11
0 30 12
0 30 15
0 30 16
0 30 17
0 30 19
0 30 24
0 30 35
0 30 37
0 30 47
0 31 0
0 31 5
0 31 15
0 31 16
0 31 79
0 31 88
0 32 1
0 32 4
0 32 16
0 32 17
0 32 39
0 32 48
0 32 53
0 32 70
0 32 81
0 32 82
0 33 10
0 33 16
0 33 19
0 33 35
0 33 46
0 33 49
0 33 51
0 33 60
0 33 67
0 33 72
0 33 73
0 33 84
0 34 9
0 34 27
0 34 60
0 34 63
0 34 80
0 34 84
0 34 88
0 35 24
0 35 40
0 35 52
0 35 83
0 36 23
0 36 27
0 36 31
0 36 33
0 37 42
0 37 50
0 37 52
0 37 54
0 37 71
0 37 74
0 37 80
0 37 91
0 38 66
0 38 88
0 39 19
0 39 33
0 39 85
0 39 89
0 40 15
0 40 35
0 40 58
0 40 59
0 40 64
0 40 70
0 40 76
0 40 80
0 40 91
0 40 92
0 41 5
0 41 10
0 41 21
0 41 31
0 41 43
0 41 44
0 41 45
0 41 46
0 41 49
0 41 56
0 41 62
0 41 72
0 41 73
0 41 88
0 42 21
0 42 35
0 42 43
0 42 51
0 42 60
0 42 70
0 42 82
0 42 88
0 42 91
0 43 5
0 43 17
0 43 43
0 43 46
0 43 56
0 43 64
0 43 90
0 43 93
0 44 12
0 44 25
0 44 51
0 44 59
0 44 72
0 44 87
0 44 91
0 45 9
0 45 22
0 45 39
0 45 42
0 45 45
0 45 58
0 45 81
0 45 85
0 46 2
0 46 28
0 46 37
0 46 40
0 46 45
0 46 51
0 46 55
0 46 58
0 46 77
0 47 10
0 47 46
0 47 56
0 47 73
0 47 74
0 47 84
0 48 2
0 48 3
0 48 16
0 48 48
0 48 62
0 48 77
0 48 80
0 49 8
0 49 40
0 49 41
0 49 50
0 49 55
0 49 60
0 49 80
0 49 82
0 50 38
0 50 43
0 50 44
0 50 63
0 51 58
0 51 61
0 51 64
0 51 79
0 51 89
0 52 1
0 52 19
0 52 24
0 52 25
0 52 52
0 52 60
0 52 70
0 52 73
0 52 80
0 52 85
0 52 88
0 52 89
0 52 90
0 53 2
0 53 19
0 53 37
0 53 53
0 53 54
0 53 62
0 53 66
0 53 72
0 54 50
0 54 68
0 54 82
0 54 87
0 54 91
0 55 13
0 55 20
0 55 42
0 55 60
0 55 61
0 55 64
0 55 69
0 55 82
0 55 93
0 56 1
0 56 7
0 56 30
0 56 37
0 56 45
0 56 59
0 56 63
0 56 69
0 56 73
0 56 75
0 56 78
0 56 83
0 56 86
0 56 93
0 57 25
0 57 34
0 57 38
0 57 79
0 58 1
0 58 8
0 58 21
0 58 53
0 58 58
0 58 68
0 58 69
0 58 76
0 58 86
0 59 48
0 59 62
0 59 75
0 59 89
0 60 7
0 60 21
0 60 30
0 60 44
0 60 51
0 60 75
0 60 78
0 60 80
0 60 83
0 60 85
0 60 88
0 60 90
0 61 8
0 61 54
0 61 63
0 61 80
0 61 85
0 61 91
0 62 12
0 62 25
0 62 41
0 62 47
0 62 65
0 63 20
0 63 31
0 63 63
0 63 66
0 63 72
0 63 73
0 63 81
0 63 86
0 64 15
0 64 66
0 64 73
0 64 89
0 65 3
0 65 23
0 65 28
0 65 43
0 65 47
0 65 51
0 65 74
0 65 80
0 65 81
0 65 83
0 66 8
0 66 11
0 66 21
0 66 37
0 66 49
0 66 52
0 66 55
0 66 58
0 66 69
0 67 35
0 67 36
0 67 38
0 67 78
0 67 79
0 67 83
0 67 91
0 68 19
0 68 27
0 68 52
0 68 54
0 68 60
0 68 69
0 68 72
0 68 79
0 68 91
0 68 93
0 69 34
0 69 48
0 69 58
0 69 62
0 69 69
0 69 74
0 69 77
0 70 30
0 70 39
0 70 53
0 70 68
0 70 77
0 71 0
0 71 9
0 71 15
0 71 22
0 71 71
0 72 59
0 72 70
0 72 71
0 72 88
0 73 23
0 73 35
0 73 63
0 73 70
0 73 78
0 73 83
0 73 88
0 74 20
0 74 40
0 74 59
0 75 7
0 75 22
0 75 31
0 75 36
0 75 61
0 75 90
0 76 78
0 77 3
0 77 7
0 77 12
0 77 34
0 77 35
0 77 56
0 77 57
0 77 81
0 77 82
0 77 93
0 78 16
0 78 64
0 78 75
0 78 83
0 79 7
0 79 40
0 79 41
0 79 47
0 79 61
0 80 5
0 80 47
0 80 58
0 80 61
1 0 0
1 0 4
1 0 9
1 0 10
1 0 17
1 0 25
1 1 0
1 1 3
1 1 4
1 1 12
1 1 15
1 1 23
1 1 27
1 1 28
1 1 29
1 1 39
1 1 52
1 1 59
1 2 6
1 2 10
1 2 12
1 2 13
1 2 17
1 2 19
1 2 25
1 2 32
1 2 38
1 2 43
1 2 51
1 3 1
1 3 3
1 3 4
1 3 8
1 3 13
1 3 18
1 3 19
1 3 32
1 3 33
1 4 1
1 4 3
1 4 7
1 4 12
1 4 19
1 4 37
1 4 62
1 5 0
1 5 3
1 5 4
1 5 5
1 5 7
1 5 8
1 5 9
1 5 16
1 5 19
1 5 20
1 5 40
1 6 2
1 6 5
1 6 7
1 6 8
1 6 11
1 6 17
1 6 24
1 6 25
1 6 57
1 7 0
1 7 3
1 7 4
1 7 12
1 7 13
1 7 14
1 7 18
1 7 20
1 7 23
1 7 40
1 7 53
1 7 55
1 8 0
1 8 1
1 8 5
1 8 6
1 8 8
1 8 12
1 8 15
1 8 18
1 8 19
1 8 23
1 8 59
1 9 0
1 9 4
1 9 5
1 9 15
1 9 17
1 9 18
1 9 22
1 9 32
1 9 57
1 10 3
1 10 10
1 10 17
1 10 18
1 10 19
1 10 22
1 10 23
1 10 49
1 11 2
1 11 5
1 11 11
1 11 13
1 11 19
1 11 21
1 11 22
1 11 24
1 11 25
1 11 48
1 12 0
1 12 2
1 12 4
1 12 5
1 12 13
1 12 14
1 12 23
1 12 24
1 12 42
1 12 47
1 13 3
1 13 5
1 13 7
1 13 8
1 13 9
1 13 13
1 13 17
1 13 20
1 13 24
1 13 32
1 14 1
1 14 2
1 14 5
1 14 6
1 14 8
1 14 9
1 14 12
1 14 14
1 14 21
1 15 3
1 15 4
1 15 5
1 15 13
1 15 15
1 15 17
1 15 20
1 15 37
1 15 46
1 15 58
1 15 60
1 16 5
1 16 6
1 16 7
1 16 10
1 16 13
1 16 16
1 16 21
1 16 39
1 17 1
1 17 2
1 17 3
1 17 5
1 17 6
1 17 8
1 17 10
1 17 11
1 17 12
1 17 18
1 17 19
1 17 21
1 17 22
1 17 33
1 18 3
1 18 6
1 18 8
1 18 10
1 18 19
1 18 22
1 18 23
1 18 50
1 19 3
1 19 4
1 19 7
1 19 10
1 19 11
1 19 15
1 19 19
1 19 23
1 19 24
1 19 26
1 19 30
1 20 2
1 20 5
1 20 8
1 20 11
1 20 13
1 20 15
1 20 19
1 20 21
1 21 0
1 21 3
1 21 4
1 21 9
1 21 13
1 21 14
1 21 15
1 21 16
1 21 21
1 21 31
1 21 42
1 21 47
1 21 59
1 22 4
1 22 6
1 22 11
1 22 13
1 22 16
1 22 19
1 22 22
1 22 63
1 23 0
1 23 9
1 23 10
1 23 13
1 23 14
1 23 16
1 23 38
1 23 39
1 24 2
1 24 5
1 24 6
1 24 16
1 24 19
1 24 23
1 24 31
1 24 52
1 25 3
1 25 4
1 25 6
1 25 15
1 25 17
1 25 20
1 25 21
1 25 24
1 25 61
1 26 0
1 26 3
1 26 8
1 26 11
1 26 15
1 26 21
1 26 23
1 26 24
1 26 28
1 26 32
1 26 39
1 26 48
1 27 10
1 27 14
1 27 15
1 27 18
1 27 23
1 27 25
1 28 0
1 28 3
1 28 10
1 28 18
1 28 37
1 28 40
1 28 63
1 29 1
1 29 2
1 29 9
1 29 10
1 29 12
1 29 17
1 29 24
1 29 25
1 29 48
1 29 50
1 30 5
1 30 9
1 30 19
1 30 26
1 30 45
1 30 61
1 31 0
1 31 1
1 31 4
1 31 6
1 31 12
1 31 17
1 31 19
1 31 22
1 31 24
1 31 39
1 31 50
1 31 54
1 31 59
1 32 8
1 32 11
1 32 17
1 32 19
1 32 20
1 32 21
1 32 22
1 32 42
1 32 53
1 32 58
1 32 59
1 33 2
1 33 18
1 33 19
1 33 24
1 33 42
1 33 54
1 33 62
1 34 2
1 34 4
1 34 9
1 34 10
1 34 15
1 34 16
1 34 22
1 34 39
1 34 61
1 35 3
1 35 4
1 35 5
1 35 6
1 35 11
1 35 14
1 35 16
1 35 19
1 35 24
1 35 25
1 35 55
1 35 60
1 35 61
1 36 2
1 36 7
1 36 8
1 36 14
1 36 17
1 36 24
1 36 25
1 37 0
1 37 1
1 37 4
1 37 11
1 37 16
1 37 17
1 37 18
1 37 21
1 37 40
1 38 17
1 38 29
1 38 30
1 38 34
1 38 35
1 38 46
1 38 59
1 39 9
1 39 49
1 39 53
1 40 44
1 40 50
1 40 55
1 41 9
1 41 31
1 41 53
1 42 1
1 42 7
1 42 26
1 42 30
1 42 31
1 42 42
1 42 53
1 43 5
1 43 21
1 43 35
1 43 40
1 43 50
1 43 53
1 43 54
1 43 57
1 43 60
1 44 4
1 44 28
1 44 30
1 44 33
1 45 21
1 45 41
1 46 20
1 46 31
1 46 32
1 46 36
1 47 3
1 47 16
1 47 27
1 47 35
1 47 38
1 47 62
1 48 18
1 48 40
1 48 42
1 48 49
1 48 62
1 49 0
1 49 22
1 49 33
1 49 35
1 50 2
1 50 27
1 50 44
1 50 50
1 51 5
1 51 16
1 51 41
1 51 43
1 51 47
1 51 49
1 51 55
1 51 61
1 52 7
1 52 12
1 52 19
1 52 25
1 52 26
1 52 27
1 52 35
1 52 40
1 52 48
1 52 54
1 53 46
1 53 49
1 53 58
1 53 59
1 53 62
1 54 38
1 54 43
1 54 45
1 55 21
1 55 44
1 56 21
1 56 23
1 56 30
1 56 41
1 57 5
1 57 7
1 57 24
1 57 31
1 57 32
1 57 41
1 57 51
1 58 5
1 58 41
1 58 42
1 58 46
1 59 11
1 59 41
1 59 46
1 59 52
1 60 4
1 60 5
1 60 10
1 60 32
1 60 36
1 60 42
1 61 0
1 61 51
1 61 53
1 62 16
1 62 35
1 62 50
1 62 52
1 63 10
1 63 23
1 63 30
1 63 34
1 63 36
1 63 40
1 63 55
1 63 58
1 63 59
1 64 5
1 64 20
1 64 26
1 64 57
1 64 61
1 65 28
1 65 46
1 66 10
1 66 15
1 66 34
1 66 53
1 66 54
1 66 60
1 67 1
1 67 8
1 67 43
1 67 48
1 67 57
1 67 58
1 68 27
1 68 37
1 68 38
1 68 41
1 68 58
1 69 52
1 69 59
1 69 62
1 70 1
1 70 9
1 70 17
1 70 32
1 70 41
1 70 42
1 70 49
1 70 59
1 71 24
1 71 28
1 71 37
1 71 39
1 71 50
1 72 8
1 72 11
1 72 20
1 72 39
1 72 41
1 72 42
1 72 45
1 73 4
1 73 6
1 73 26
1 73 30
1 73 41
1 73 46
1 73 52
1 74 3
1 74 17
1 74 35
1 74 36
1 74 48
1 75 13
1 75 30
1 75 40
1 75 47
1 75 56
1 76 2
1 76 14
1 76 23
1 76 25
1 76 60
1 77 2
1 77 3
1 77 13
1 77 17
1 77 22
1 77 49
1 77 58
1 78 8
1 78 20
1 78 29
1 78 33
1 78 43
1 78 49
1 78 50
1 78 57
1 79 2
1 79 17
1 79 27
1 79 33
1 79 49
1 80 34
1 80 42
1 80 47
1 81 4
1 81 10
1 81 13
1 81 25
1 81 27
1 81 34
1 81 47
1 81 48
1 81 57
1 82 19
1 82 29
1 82 47
1 82 58
1 83 37
1 83 47
1 83 61
1 84 30
1 84 52
1 84 53
1 85 1
1 85 16
1 85 26
1 85 30
1 86 9
1 86 22
1 86 27
1 86 50
1 87 27
1 87 34
1 87 36
1 87 62
1 87 63
1 88 21
1 88 24
1 88 27
1 88 32
1 88 35
1 88 62
1 89 9
1 89 19
1 89 40
1 89 44
1 89 47
1 89 49
1 89 51
1 89 53
1 89 56
1 89 60
1 90 0
1 90 5
1 90 45
1 90 53
1 91 19
1 91 30
1 91 31
1 91 40
1 91 44
1 92 31
1 92 48
1 92 55
1 93 14
1 93 20
1 93 21
1 93 51
2 0 1
2 0 11
2 0 19
2 0 20
2 0 22
2 0 23
2 0 24
2 0 26
2 0 31
2 1 1
2 1 10
2 1 14
2 1 16
2 1 18
2 1 20
2 1 21
2 1 23
2 1 25
2 1 45
2 1 46
2 1 61
2 2 2
2 2 6
2 2 8
2 2 10
2 2 12
2 2 14
2 2 19
2 2 24
2 2 25
2 2 31
2 2 65
2 3 2
2 3 4
2 3 5
2 3 7
2 3 8
2 3 10
2 3 17
2 3 18
2 3 19
2 3 23
2 3 25
2 3 43
2 4 2
2 4 3
2 4 11
2 4 12
2 4 18
2 4 39
2 4 51
2 4 58
2 5 0
2 5 2
2 5 4
2 5 5
2 5 6
2 5 19
2 5 20
2 5 22
2 5 23
2 5 30
2 5 31
2 5 38
2 5 41
2 5 53
2 5 58
2 6 1
2 6 4
2 6 18
2 6 21
2 6 22
2 6 25
2 6 27
2 6 29
2 6 36
2 6 61
2 7 2
2 7 5
2 7 6
2 7 9
2 7 16
2 7 18
2 7 20
2 7 23
2 7 24
2 7 31
2 7 40
2 7 41
2 7 43
2 7 47
2 8 1
2 8 3
2 8 5
2 8 6
2 8 12
2 8 14
2 8 15
2 8 17
2 8 21
2 8 22
2 8 28
2 8 30
2 8 38
2 8 46
2 8 57
2 9 5
2 9 14
2 9 21
2 9 22
2 9 26
2 9 32
2 9 36
2 9 43
2 9 46
2 10 0
2 10 1
2 10 7
2 10 8
2 10 10
2 10 14
2 10 16
2 10 20
2 10 21
2 10 23
2 10 26
2 10 30
2 11 8
2 11 9
2 11 11
2 11 19
2 11 20
2 11 38
2 11 53
2 11 58
2 12 3
2 12 4
2 12 6
2 12 10
2 12 12
2 12 15
2 12 18
2 12 20
2 12 22
2 12 23
2 12 29
2 12 47
2 12 52
2 12 56
2 12 60
2 13 1
2 13 6
2 13 8
2 13 10
2 13 14
2 13 15
2 13 16
2 13 19
2 13 22
2 13 24
2 13 26
2 13 53
2 14 2
2 14 3
2 14 5
2 14 7
2 14 8
2 14 14
2 14 16
2 14 19
2 14 21
2 14 22
2 14 23
2 14 24
2 14 41
2 14 44
2 15 0
2 15 1
2 15 4
2 15 5
2 15 7
2 15 19
2 15 22
2 15 25
2 16 2
2 16 12
2 16 16
2 16 18
2 16 23
2 16 24
2 16 25
2 16 38
2 17 2
2 17 5
2 17 11
2 17 19
2 17 29
2 17 56
2 17 59
2 18 1
2 18 2
2 18 4
2 18 8
2 18 9
2 18 10
2 18 13
2 18 19
2 18 20
2 18 28
2 18 44
2 18 49
2 18 51
2 18 58
2 19 1
2 19 3
2 19 4
2 19 5
2 19 9
2 19 15
2 19 18
2 19 20
2 19 21
2 19 24
2 19 25
2 19 36
2 19 59
2 20 0
2 20 2
2 20 3
2 20 5
2 20 10
2 20 11
2 20 12
2 20 14
2 20 15
2 20 17
2 20 18
2 20 23
2 20 30
2 20 58
2 20 63
2 20 64
2 21 2
2 21 6
2 21 7
2 21 10
2 21 13
2 21 25
2 21 58
2 22 2
2 22 3
2 22 6
2 22 7
2 22 19
2 22 22
2 22 23
2 22 36
2 22 52
2 22 54
2 22 56
2 22 61
2 22 64
2 23 4
2 23 9
2 23 11
2 23 14
2 23 15
2 23 18
2 23 21
2 23 24
2 23 25
2 24 11
2 24 13
2 24 15
2 24 16
2 24 20
2 24 21
2 24 24
2 24 25
2 24 29
2 24 60
2 25 0
2 25 3
2 25 6
2 25 11
2 25 16
2 25 21
2 25 22
2 25 24
2 25 25
2 25 30
2 25 45
2 25 47
2 25 63
2 26 17
2 26 27
2 26 33
2 26 40
2 26 50
2 26 51
2 27 14
2 27 28
2 27 31
2 27 39
2 27 49
2 27 55
2 27 59
2 28 28
2 28 47
2 28 51
2 28 61
2 29 24
2 29 52
2 29 54
2 30 18
2 30 28
2 30 41
2 30 45
2 30 46
2 30 63
2 31 22
2 31 49
2 31 52
2 31 53
2 31 55
2 31 57
2 31 59
2 32 12
2 32 18
2 32 38
2 32 43
2 32 46
2 32 47
2 32 48
2 32 62
2 33 1
2 33 8
2 33 16
2 33 18
2 33 36
2 33 57
2 34 15
2 34 23
2 34 35
2 34 44
2 34 52
2 34 55
2 34 56
2 35 25
2 35 29
2 35 42
2 35 48
2 35 61
2 36 0
2 36 27
2 36 28
2 36 35
2 36 47
2 36 59
2 37 19
2 37 24
2 37 29
2 37 34
2 38 32
2 38 55
2 38 65
2 39 12
2 39 13
2 39 19
2 39 28
2 39 34
2 39 42
2 39 54
2 39 59
2 40 14
2 40 15
2 40 39
2 40 58
2 41 3
2 41 25
2 41 27
2 41 43
2 41 49
2 41 59
2 41 64
2 41 65
2 42 53
2 42 54
2 43 18
2 43 22
2 43 28
2 43 44
2 43 49
2 43 52
2 43 58
2 43 61
2 44 7
2 44 11
2 44 27
2 44 32
2 44 33
2 44 37
2 44 39
2 44 44
2 44 46
2 44 56
2 44 64
2 44 65
2 45 8
2 45 12
2 45 15
2 45 16
2 45 28
2 45 29
2 45 35
2 45 46
2 45 59
2 46 41
2 46 42
2 46 52
2 46 53
2 47 2
2 47 17
2 47 30
2 47 39
2 47 45
2 47 58
2 48 36
2 48 42
2 48 43
2 48 58
2 49 28
2 49 38
2 49 45
2 49 49
2 49 57
2 49 59
2 49 63
2 50 2
2 50 9
2 50 23
2 50 63
2 50 65
2 51 29
2 51 36
2 51 47
2 51 60
2 51 61
2 51 62
2 52 5
2 52 7
2 52 21
2 52 29
2 52 39
2 52 46
2 52 64
2 53 22
2 53 46
2 54 17
2 54 25
2 54 33
2 54 40
2 54 64
2 55 3
2 55 7
2 55 27
2 55 29
2 55 32
2 55 34
2 55 60
2 56 9
2 56 10
2 56 20
2 56 43
2 57 11
2 57 43
2 57 54
2 58 31
2 58 38
2 58 47
2 58 50
2 58 55
2 58 58
2 59 6
2 59 16
2 59 38
2 59 62
2 60 0
2 60 9
2 60 24
2 60 29
2 61 20
2 61 27
2 61 32
2 61 41
2 61 45
2 61 49
2 61 58
2 61 61
2 61 64
2 62 19
2 62 26
2 62 35
2 62 63
2 63 0
2 63 1
2 63 11
2 63 23
2 63 44
2 63 53
2 63 63
3 0 6
3 0 7
3 0 9
3 0 11
3 0 15
3 0 20
3 0 21
3 0 24
3 0 43
3 0 51
3 0 64
3 1 3
3 1 9
3 1 13
3 1 19
3 1 21
3 1 30
3 1 31
3 1 32
3 1 41
3 1 56
3 1 64
3 2 1
3 2 7
3 2 9
3 2 14
3 2 21
3 2 27
3 2 52
3 2 57
3 2 64
3 3 0
3 3 5
3 3 7
3 3 10
3 3 12
3 3 15
3 3 20
3 3 21
3 3 26
3 3 29
3 3 59
3 3 62
3 4 3
3 4 4
3 4 6
3 4 7
3 4 10
3 4 22
3 4 27
3 5 3
3 5 8
3 5 10
3 5 12
3 5 14
3 5 15
3 5 18
3 5 19
3 5 22
3 5 23
3 5 39
3 5 55
3 6 0
3 6 1
3 6 13
3 6 15
3 6 17
3 6 19
3 6 56
3 6 59
3 7 2
3 7 11
3 7 12
3 7 16
3 7 67
3 8 8
3 8 10
3 8 15
3 8 18
3 8 20
3 8 32
3 8 34
3 8 66
3 8 67
3 9 4
3 9 6
3 9 11
3 9 13
3 9 14
3 9 15
3 9 20
3 9 22
3 9 26
3 9 28
3 9 40
3 9 44
3 9 46
3 10 0
3 10 5
3 10 10
3 10 19
3 10 20
3 10 27
3 10 37
3 11 0
3 11 2
3 11 4
3 11 8
3 11 16
3 11 21
3 11 22
3 11 28
3 11 46
3 11 49
3 11 56
3 11 60
3 11 63
3 12 0
3 12 1
3 12 7
3 12 10
3 12 15
3 12 17
3 12 20
3 12 21
3 12 23
3 12 25
3 12 27
3 12 28
3 12 30
3 12 60
3 12 65
3 13 3
3 13 10
3 13 16
3 13 18
3 13 19
3 13 23
3 13 24
3 13 35
3 13 56
3 13 57
3 13 67
3 14 8
3 14 15
3 14 16
3 14 17
3 14 19
3 14 20
3 14 23
3 14 26
3 14 35
3 14 41
3 14 52
3 14 58
3 15 2
3 15 3
3 15 13
3 15 15
3 15 17
3 15 23
3 15 24
3 15 44
3 15 59
3 16 4
3 16 6
3 16 9
3 16 17
3 16 21
3 16 22
3 16 24
3 16 27
3 16 51
3 16 61
3 17 1
3 17 3
3 17 7
3 17 8
3 17 11
3 17 13
3 17 16
3 17 19
3 17 21
3 17 22
3 17 27
3 17 28
3 17 57
3 17 60
3 17 63
3 17 67
3 18 0
3 18 3
3 18 8
3 18 14
3 18 18
3 18 19
3 18 24
3 18 48
3 18 49
3 18 52
3 18 68
3 19 2
3 19 4
3 19 6
3 19 7
3 19 8
3 19 16
3 19 18
3 19 24
3 19 26
3 19 27
3 19 28
3 19 52
3 19 55
3 19 69
3 20 0
3 20 1
3 20 6
3 20 11
3 20 12
3 20 15
3 20 16
3 20 19
3 20 20
3 20 24
3 20 28
3 20 29
3 20 51
3 21 2
3 21 8
3 21 15
3 21 20
3 21 21
3 21 26
3 21 27
3 22 2
3 22 7
3 22 12
3 22 16
3 22 24
3 22 25
3 22 30
3 22 45
3 23 0
3 23 1
3 23 2
3 23 4
3 23 11
3 23 16
3 23 19
3 23 27
3 23 28
3 23 41
3 23 53
3 23 63
3 24 1
3 24 3
3 24 4
3 24 9
3 24 12
3 24 14
3 24 15
3 24 25
3 24 46
3 24 65
3 25 0
3 25 5
3 25 6
3 25 8
3 25 11
3 25 15
3 25 17
3 25 18
3 25 21
3 25 22
3 25 24
3 25 26
3 25 28
3 25 34
3 25 36
3 26 1
3 26 3
3 26 4
3 26 5
3 26 7
3 26 10
3 26 12
3 26 20
3 26 21
3 26 22
3 26 52
3 26 55
3 27 12
3 27 19
3 27 38
3 27 46
3 27 56
3 27 67
3 27 69
3 28 4
3 28 14
3 28 26
3 28 43
3 28 50
3 28 56
3 29 31
3 29 37
3 29 46
3 29 48
3 29 52
3 29 53
3 29 59
3 29 63
3 29 64
3 29 69
3 30 8
3 30 14
3 30 28
3 30 33
3 30 36
3 30 38
3 30 47
3 30 49
3 31 12
3 31 13
3 31 26
3 31 41
3 31 54
3 31 62
3 32 4
3 32 23
3 32 43
3 32 50
3 32 61
3 32 68
3 33 2
3 33 33
3 33 61
3 33 68
3 34 17
3 34 20
3 34 38
3 34 39
3 34 46
3 34 57
3 35 14
3 35 55
3 36 2
3 36 21
3 36 26
3 36 43
3 36 57
3 36 62
3 37 24
3 37 31
3 37 44
3 37 59
3 38 13
3 38 29
3 38 54
3 38 59
3 38 66
3 39 1
3 39 3
3 39 10
3 39 11
3 39 24
3 39 38
3 39 47
3 40 7
3 40 14
3 40 45
3 40 46
3 41 28
3 41 40
3 41 62
3 42 6
3 42 34
3 42 41
3 42 50
3 42 53
3 42 55
3 43 22
3 43 33
3 43 66
3 44 11
3 44 34
3 44 37
3 44 44
3 45 9
3 45 30
3 45 34
3 45 35
3 45 51
3 45 58
3 45 65
3 46 20
3 46 32
3 46 33
3 46 36
3 46 67
3 47 34
3 47 60
3 47 66
3 48 33
3 48 40
3 48 41
3 49 3
3 49 43
3 49 48
3 49 58
3 49 59
3 50 3
3 50 9
3 50 36
3 50 38
3 50 39
3 50 54
3 50 59
3 50 68
3 51 14
3 51 35
3 51 40
3 51 41
3 51 43
3 51 47
3 51 51
3 51 66
3 51 68
3 52 33
3 52 52
3 53 3
3 53 7
3 53 30
3 53 32
3 53 45
3 53 47
3 53 51
3 53 62
3 54 1
3 54 39
3 54 49
3 54 52
3 54 55
3 54 57
3 54 60
3 55 32
3 55 35
3 55 36
3 55 39
3 55 41
3 55 54
3 55 62
3 56 34
3 56 44
3 56 48
3 56 49
3 56 53
3 56 55
3 56 68
3 57 6
3 57 37
3 57 47
3 57 58
3 57 59
3 57 62
3 58 46
3 58 64
3 59 7
3 59 22
3 59 24
3 59 59
3 60 44
3 61 44
3 62 0
3 62 32
3 62 52
3 62 59
3 62 69
3 63 13
3 63 15
3 63 22
3 63 35
3 63 36
3 63 49
3 63 56
3 63 62
3 63 64
3 64 7
3 64 30
3 64 39
3 64 53
3 64 59
3 64 60
3 65 25
3 65 29
3 65 42
3 65 53
3 65 66
4 0 4
4 0 7
4 0 8
4 0 11
4 0 14
4 0 16
4 0 17
4 0 18
4 0 21
4 0 22
4 0 28
4 0 64
4 1 5
4 1 8
4 1 10
4 1 15
4 1 18
4 1 19
4 1 20
4 1 26
4 1 45
4 1 60
4 1 65
4 2 3
4 2 6
4 2 8
4 2 13
4 2 15
4 2 21
4 2 24
4 2 27
4 2 28
4 2 36
4 2 61
4 2 64
4 3 1
4 3 3
4 3 4
4 3 7
4 3 15
4 3 22
4 3 26
4 3 28
4 3 29
4 3 30
4 3 52
4 3 71
4 4 3
4 4 4
4 4 9
4 4 17
4 4 18
4 4 19
4 4 20
4 4 25
4 4 69
4 5 1
4 5 3
4 5 8
4 5 9
4 5 10
4 5 14
4 5 17
4 5 18
4 5 25
4 5 27
4 5 28
4 5 29
4 6 2
4 6 5
4 6 6
4 6 10
4 6 12
4 6 14
4 6 15
4 6 17
4 6 20
4 6 24
4 6 25
4 6 26
4 7 3
4 7 9
4 7 15
4 7 18
4 7 23
4 7 26
4 7 29
4 7 37
4 7 42
4 8 10
4 8 18
4 8 20
4 8 21
4 8 27
4 8 29
4 8 41
4 8 48
4 8 56
4 8 57
4 8 70
4 9 0
4 9 2
4 9 3
4 9 6
4 9 14
4 9 19
4 9 23
4 9 28
4 9 39
4 9 48
4 10 5
4 10 6
4 10 10
4 10 12
4 10 14
4 10 17
4 10 20
4 10 21
4 10 27
4 10 29
4 10 30
4 10 58
4 11 1
4 11 2
4 11 13
4 11 18
4 11 19
4 11 20
4 11 24
4 11 27
4 11 31
4 11 53
4 11 62
4 12 2
4 12 5
4 12 7
4 12 8
4 12 9
4 12 10
4 12 14
4 12 16
4 12 21
4 12 26
4 12 30
4 12 33
4 12 37
4 12 44
4 12 51
4 12 70
4 13 0
4 13 6
4 13 8
4 13 15
4 13 18
4 13 22
4 13 23
4 13 29
4 13 66
4 13 72
4 14 4
4 14 10
4 14 12
4 14 13
4 14 14
4 14 21
4 14 22
4 14 23
4 15 1
4 15 6
4 15 12
4 15 19
4 15 22
4 15 24
4 15 30
4 15 42
4 15 67
4 15 68
4 16 4
4 16 5
4 16 7
4 16 8
4 16 12
4 16 13
4 16 14
4 16 17
4 16 28
4 16 51
4 16 58
4 16 61
4 16 66
4 17 9
4 17 11
4 17 16
4 17 17
4 17 21
4 17 24
4 17 29
4 17 62
4 18 5
4 18 7
4 18 15
4 18 24
4 18 25
4 18 27
4 18 61
4 19 0
4 19 1
4 19 2
4 19 6
4 19 8
4 19 19
4 19 20
4 19 21
4 19 23
4 19 24
4 19 27
4 19 36
4 19 58
4 20 0
4 20 2
4 20 3
4 20 7
4 20 10
4 20 13
4 20 14
4 20 26
4 20 27
4 21 0
4 21 7
4 21 9
4 21 14
4 21 15
4 21 19
4 21 22
4 21 25
4 21 26
4 21 42
4 21 46
4 21 69
4 22 7
4 22 8
4 22 11
4 22 13
4 22 17
4 22 19
4 22 24
4 22 25
4 23 4
4 23 5
4 23 6
4 23 11
4 23 19
4 23 20
4 23 21
4 23 22
4 23 27
4 24 7
4 24 8
4 24 10
4 24 14
4 24 17
4 24 21
4 24 22
4 24 25
4 24 26
4 24 27
4 24 29
4 24 59
4 24 72
4 25 25
4 25 32
4 25 36
4 25 39
4 25 47
4 25 69
4 26 1
4 26 3
4 26 11
4 26 14
4 26 26
4 26 34
4 26 55
4 26 67
4 27 2
4 27 9
4 27 18
4 27 20
4 27 22
4 27 24
4 27 26
4 27 44
4 27 68
4 28 8
4 28 12
4 28 13
4 28 15
4 28 18
4 28 19
4 28 23
4 28 25
4 28 28
4 28 29
4 28 39
4 28 70
4 29 17
4 29 28
4 29 44
4 29 53
4 29 67
4 29 72
4 30 6
4 30 9
4 30 10
4 30 36
4 31 27
4 31 49
4 31 53
4 31 71
4 32 2
4 32 17
4 32 36
4 32 41
4 32 54
4 32 55
4 32 58
4 32 63
4 33 17
4 33 30
4 33 32
4 33 39
4 33 48
4 33 56
4 34 3
4 34 4
4 34 9
4 34 22
4 34 32
4 34 42
4 34 47
4 34 49
4 34 59
4 34 63
4 35 3
4 35 4
4 35 25
4 35 36
4 35 37
4 35 55
4 35 57
4 35 59
4 36 4
4 36 6
4 36 30
4 36 37
4 36 40
4 36 42
4 36 46
4 36 59
4 36 65
4 37 11
4 37 12
4 37 13
4 37 14
4 37 19
4 37 51
4 37 56
4 37 57
4 38 36
4 38 52
4 38 54
4 38 59
4 38 70
4 38 71
4 39 0
4 39 39
4 39 41
4 39 42
4 39 43
4 39 48
4 40 29
4 40 52
4 40 61
4 40 64
4 40 70
4 41 14
4 41 22
4 41 29
4 41 38
4 41 49
4 41 51
4 41 55
4 41 68
4 41 71
4 42 18
4 42 35
4 42 36
4 42 47
4 42 61
4 42 68
4 42 69
4 42 71
4 43 0
4 43 5
4 43 23
4 43 53
4 43 55
4 43 67
4 44 9
4 44 17
4 44 29
4 44 34
4 44 43
4 44 50
4 44 57
4 44 59
4 44 71
4 45 2
4 45 22
4 45 33
4 45 37
4 45 45
4 45 56
4 45 66
4 45 69
4 46 2
4 46 4
4 46 21
4 46 33
4 46 35
4 46 43
4 46 48
4 46 50
4 46 56
4 46 62
4 47 9
4 47 12
4 47 42
4 47 47
4 47 49
4 47 51
4 47 52
4 47 63
4 47 66
4 47 69
4 48 25
4 48 42
4 48 45
4 48 48
4 48 51
4 48 52
4 48 58
4 48 68
4 49 13
4 49 22
4 49 31
4 49 37
4 49 50
4 50 35
4 51 1
4 51 2
4 51 13
4 51 15
4 51 20
4 51 43
4 51 46
4 51 58
4 51 66
4 52 4
4 52 8
4 52 13
4 52 26
4 52 64
4 53 2
4 53 6
4 53 57
4 54 35
4 54 39
4 54 41
4 54 43
4 54 44
4 54 47
4 54 55
4 54 66
4 54 72
4 55 1
4 55 11
4 55 13
4 55 30
4 55 39
4 55 46
4 55 54
4 56 18
4 56 34
4 56 37
4 56 60
4 56 65
4 56 70
4 57 17
4 57 22
4 57 36
4 57 41
4 57 52
4 57 60
4 57 68
4 57 70
4 57 71
4 58 5
4 58 14
4 58 32
4 58 41
4 58 51
4 58 55
4 58 66
4 59 11
4 59 30
4 59 37
4 59 50
4 59 64
4 59 66
4 60 2
4 60 18
4 60 29
4 60 30
4 60 33
4 60 50
4 60 53
4 60 59
4 60 62
4 60 68
4 60 71
4 61 1
4 61 2
4 61 37
4 61 40
4 61 51
4 61 61
4 61 63
4 62 4
4 62 8
4 62 27
4 62 32
4 62 39
4 62 47
4 62 53
4 62 64
4 63 12
4 63 20
4 63 33
4 63 36
4 63 39
4 63 66
4 63 68
4 63 72
4 64 43
4 64 47
4 64 49
4 65 24
4 65 46
4 65 55
4 65 61
4 65 71
4 66 15
4 66 18
4 66 20
4 66 46
4 66 47
4 66 55
4 66 57
4 67 55
4 67 58
4 67 66
4 67 72
4 68 21
4 68 28
4 68 49
4 68 51
4 69 62
4 69 68
4 69 69
5 0 1
5 0 2
5 0 5
5 0 8
5 0 15
5 0 16
5 0 18
5 0 20
5 0 23
5 0 53
5 1 1
5 1 2
5 1 6
5 1 13
5 1 18
5 1 19
5 1 24
5 1 44
5 1 47
5 1 53
5 2 4
5 2 7
5 2 13
5 2 21
5 2 22
5 2 26
5 2 45
5 2 56
5 2 66
5 3 1
5 3 3
5 3 4
5 3 7
5 3 11
5 3 17
5 3 20
5 3 26
5 3 41
5 3 46
5 3 63
5 4 2
5 4 10
5 4 13
5 4 14
5 4 16
5 4 21
5 4 26
5 4 34
5 5 0
5 5 7
5 5 13
5 5 18
5 5 20
5 5 36
5 5 47
5 5 50
5 6 3
5 6 5
5 6 7
5 6 10
5 6 12
5 6 13
5 6 17
5 6 18
5 6 19
5 6 21
5 6 22
5 6 23
5 6 26
5 6 29
5 6 41
5 6 51
5 6 54
5 7 0
5 7 1
5 7 2
5 7 8
5 7 9
5 7 11
5 7 12
5 7 17
5 7 18
5 7 20
5 7 21
5 7 23
5 7 32
5 7 43
5 7 53
5 7 57
5 8 4
5 8 6
5 8 16
5 8 22
5 8 26
5 8 29
5 8 30
5 8 55
5 9 0
5 9 9
5 9 13
5 9 14
5 9 17
5 9 19
5 9 21
5 9 24
5 9 26
5 9 29
5 9 47
5 9 54
5 10 3
5 10 7
5 10 8
5 10 19
5 10 20
5 10 22
5 10 24
5 10 25
5 11 2
5 11 4
5 11 6
5 11 10
5 11 13
5 11 18
5 11 33
5 12 0
5 12 2
5 12 4
5 12 6
5 12 8
5 12 14
5 12 16
5 12 22
5 12 25
5 13 0
5 13 1
5 13 4
5 13 6
5 13 7
5 13 8
5 13 14
5 13 16
5 13 19
5 13 22
5 13 25
5 13 31
5 13 39
5 13 41
5 13 42
5 14 5
5 14 6
5 14 15
5 14 24
5 14 25
5 14 27
5 14 31
5 14 36
5 14 58
5 15 2
5 15 4
5 15 11
5 15 16
5 15 19
5 15 24
5 15 25
5 15 41
5 15 44
5 15 53
5 15 55
5 15 59
5 15 65
5 16 1
5 16 5
5 16 6
5 16 9
5 16 14
5 16 18
5 16 26
5 16 44
5 16 57
5 17 0
5 17 4
5 17 5
5 17 9
5 17 11
5 17 12
5 17 14
5 17 26
5 17 27
5 17 32
5 18 2
5 18 3
5 18 5
5 18 9
5 18 13
5 18 16
5 18 20
5 18 22
5 18 24
5 18 27
5 18 34
5 18 35
5 18 38
5 18 41
5 18 42
5 18 66
5 19 2
5 19 6
5 19 8
5 19 14
5 19 15
5 19 16
5 19 19
5 19 31
5 19 48
5 19 54
5 19 65
5 20 2
5 20 3
5 20 6
5 20 7
5 20 8
5 20 10
5 20 22
5 20 24
5 20 27
5 20 41
5 20 58
5 20 63
5 21 3
5 21 10
5 21 11
5 21 12
5 21 14
5 21 16
5 21 24
5 21 26
5 21 30
5 21 45
5 21 46
5 22 6
5 22 7
5 22 8
5 22 10
5 22 11
5 22 13
5 22 20
5 22 22
5 22 34
5 22 51
5 22 63
5 23 11
5 23 16
5 23 17
5 23 18
5 23 19
5 23 21
5 23 22
5 23 23
5 23 24
5 23 25
5 23 63
5 24 0
5 24 8
5 24 14
5 24 17
5 24 20
5 24 25
5 24 43
5 24 47
5 24 51
5 25 2
5 25 4
5 25 5
5 25 8
5 25 12
5 25 13
5 25 14
5 25 16
5 25 17
5 25 21
5 25 22
5 25 48
5 25 53
5 25 64
5 26 4
5 26 5
5 26 9
5 26 10
5 26 13
5 26 19
5 26 20
5 26 22
5 26 23
5 26 25
5 26 26
5 26 28
5 26 30
5 26 39
5 26 61
5 27 1
5 27 5
5 27 9
5 27 18
5 27 19
5 27 21
5 27 23
5 27 25
5 27 26
5 27 35
5 27 59
5 28 3
5 28 8
5 28 16
5 28 17
5 28 22
5 28 61
5 29 0
5 29 2
5 29 5
5 29 6
5 29 13
5 29 16
5 29 19
5 29 54
5 30 6
5 30 42
5 30 45
5 30 52
5 30 55
5 31 1
5 31 25
5 31 37
5 31 44
5 31 50
5 31 61
5 32 9
5 32 11
5 32 24
5 32 27
5 32 31
5 32 40
5 32 61
5 32 63
5 33 21
5 33 29
5 33 38
5 33 59
5 34 0
5 34 24
5 34 31
5 34 32
5 34 37
5 34 39
5 34 46
5 34 47
5 34 50
5 34 53
5 34 54
5 34 64
5 35 15
5 35 34
5 35 37
5 35 42
5 35 45
5 35 46
5 35 56
5 36 10
5 36 20
5 36 23
5 36 27
5 36 32
5 36 33
5 36 38
5 36 39
5 36 42
5 36 52
5 37 29
5 37 34
5 37 37
5 37 44
5 38 2
5 38 4
5 38 5
5 38 27
5 38 28
5 38 40
5 38 49
5 38 50
5 38 57
5 38 64
5 38 65
5 39 18
5 39 23
5 39 30
5 39 47
5 39 52
5 39 58
5 40 7
5 40 9
5 40 21
5 40 31
5 40 32
5 40 33
5 40 38
5 40 54
5 40 56
5 40 58
5 41 0
5 41 22
5 41 27
5 41 35
5 41 37
5 41 45
5 41 54
5 42 6
5 42 8
5 42 11
5 42 18
5 42 26
5 42 30
5 42 45
5 42 46
5 42 66
5 43 14
5 43 17
5 43 30
5 43 33
5 43 36
5 43 45
5 43 46
5 43 48
5 43 54
5 44 11
5 44 22
5 44 25
5 44 55
5 44 57
5 44 63
5 45 33
5 45 34
5 45 38
5 45 45
5 45 50
5 45 58
5 45 60
5 45 62
5 46 31
5 46 50
5 46 55
5 46 61
5 47 8
5 47 28
5 47 29
5 47 34
5 47 46
5 47 52
5 47 54
5 47 55
5 48 46
5 48 60
5 49 44
5 49 49
5 49 52
5 49 65
5 49 66
5 50 12
5 50 22
5 50 30
5 50 33
5 50 36
5 50 37
5 50 53
5 50 66
5 51 39
5 51 41
5 51 64
5 52 33
5 52 37
5 52 48
5 52 60
5 53 19
5 53 20
5 53 22
5 53 44
5 53 46
5 53 58
5 53 61
5 54 5
5 54 40
5 54 62
5 55 4
5 55 16
5 55 29
5 55 32
5 55 44
5 55 45
5 55 46
5 55 57
5 56 8
5 56 29
5 56 30
5 56 32
5 56 33
5 56 42
5 56 44
5 56 46
5 56 52
5 56 62
5 56 66
5 57 0
5 57 41
5 57 44
5 57 57
5 58 22
5 58 30
5 58 50
5 58 52
5 59 7
5 59 24
5 59 35
5 59 36
5 59 40
5 59 59
5 59 64
5 59 66
5 60 33
5 60 54
5 61 15
5 61 18
5 61 20
5 61 37
5 61 46
5 61 53
5 62 22
5 62 41
5 62 46
5 62 59
5 62 60
5 63 1
5 63 8
5 63 45
5 63 48
5 63 53
5 63 57
5 63 66
5 64 7
5 64 10
5 64 18
5 64 27
5 64 31
5 64 36
5 64 42
5 64 45
5 64 47
5 64 49
5 65 0
5 65 10
5 65 21
5 65 27
5 65 41
5 65 44
5 65 49
5 65 51
5 65 57
5 66 4
5 66 24
5 66 38
5 66 43
5 66 48
5 66 59
5 66 63
5 67 18
5 67 21
5 67 35
5 67 36
5 67 37
5 67 39
5 67 45
5 67 65
5 68 19
5 68 51
5 69 2
5 69 3
5 69 42
5 70 14
5 70 47
5 70 56
5 70 66
5 71 3
5 71 27
5 71 28
5 71 36
5 71 41
5 71 42
5 71 65
5 72 5
5 72 10
5 72 33
5 72 35
5 72 38
5 72 43
5 72 45
5 72 46
5 72 64
5 72 65
6 0 2
6 0 9
6 0 12
6 0 13
6 0 25
6 0 28
6 0 36
6 0 37
6 0 49
6 0 60
6 0 71
6 1 4
6 1 8
6 1 11
6 1 12
6 1 14
6 1 16
6 1 25
6 1 27
6 1 39
6 1 40
6 1 57
6 1 73
6 1 82
6 2 2
6 2 3
6 2 4
6 2 6
6 2 7
6 2 8
6 2 14
6 2 15
6 2 17
6 2 24
6 2 27
6 2 29
6 2 30
6 2 71
6 2 73
6 3 0
6 3 2
6 3 3
6 3 5
6 3 6
6 3 7
6 3 8
6 3 14
6 3 16
6 3 33
6 3 35
6 3 36
6 3 38
6 3 39
6 3 40
6 3 95
6 3 96
6 4 10
6 4 11
6 4 12
6 4 17
6 4 18
6 4 19
6 4 22
6 4 23
6 4 24
6 4 25
6 4 29
6 4 33
6 4 36
6 4 37
6 4 49
6 4 57
6 4 61
6 4 96
6 5 0
6 5 10
6 5 12
6 5 14
6 5 19
6 5 30
6 5 31
6 5 36
6 5 37
6 5 39
6 5 65
6 5 82
6 5 97
6 6 3
6 6 4
6 6 5
6 6 6
6 6 9
6 6 15
6 6 16
6 6 21
6 6 22
6 6 31
6 6 35
6 6 36
6 6 44
6 6 49
6 6 56
6 6 68
6 6 72
6 7 1
6 7 8
6 7 9
6 7 12
6 7 18
6 7 26
6 7 28
6 7 30
6 7 31
6 7 37
6 7 52
6 7 54
6 7 73
6 7 78
6 8 1
6 8 5
6 8 8
6 8 14
6 8 22
6 8 24
6 8 25
6 8 31
6 8 33
6 8 37
6 8 38
6 8 86
6 8 98
6 9 1
6 9 3
6 9 5
6 9 8
6 9 33
6 9 35
6 9 36
6 9 38
6 9 73
6 9 83
6 10 2
6 10 7
6 10 9
6 10 19
6 10 23
6 10 25
6 10 36
6 10 52
6 10 75
6 10 81
6 10 86
6 10 93
6 10 94
6 11 2
6 11 5
6 11 10
6 11 13
6 11 14
6 11 20
6 11 32
6 11 35
6 11 51
6 11 55
6 11 77
6 11 79
6 12 5
6 12 8
6 12 9
6 12 14
6 12 18
6 12 20
6 12 22
6 12 29
6 12 31
6 12 35
6 12 37
6 12 38
6 12 39
6 12 63
6 12 69
6 12 85
6 13 3
6 13 4
6 13 8
6 13 11
6 13 16
6 13 19
6 13 22
6 13 23
6 13 27
6 13 28
6 13 31
6 13 33
6 13 38
6 13 44
6 13 49
6 13 53
6 13 66
6 13 79
6 14 1
6 14 2
6 14 7
6 14 9
6 14 16
6 14 18
6 14 21
6 14 23
6 14 27
6 14 34
6 14 35
6 14 38
6 14 49
6 14 55
6 14 68
6 15 5
6 15 9
6 15 10
6 15 19
6 15 20
6 15 21
6 15 25
6 15 27
6 15 29
6 15 34
6 15 37
6 15 38
6 15 40
6 15 65
6 15 72
6 15 77
6 15 85
6 15 94
6 16 7
6 16 11
6 16 14
6 16 15
6 16 21
6 16 23
6 16 24
6 16 30
6 16 34
6 16 35
6 16 36
6 16 39
6 16 47
6 16 49
6 17 1
6 17 4
6 17 11
6 17 12
6 17 15
6 17 18
6 17 23
6 17 24
6 17 25
6 17 29
6 17 33
6 17 34
6 17 37
6 17 38
6 17 62
6 17 70
6 17 71
6 17 74
6 17 94
6 17 98
6 18 6
6 18 8
6 18 9
6 18 13
6 18 17
6 18 18
6 18 22
6 18 25
6 18 26
6 18 28
6 18 30
6 18 31
6 18 41
6 18 85
6 19 6
6 19 12
6 19 15
6 19 29
6 19 30
6 19 33
6 19 48
6 19 54
6 19 62
6 19 68
6 20 2
6 20 3
6 20 4
6 20 11
6 20 13
6 20 15
6 20 20
6 20 21
6 20 25
6 20 26
6 20 29
6 20 30
6 20 32
6 20 33
6 20 35
6 20 69
6 20 74
6 20 98
6 21 3
6 21 7
6 21 10
6 21 11
6 21 14
6 21 17
6 21 18
6 21 26
6 21 28
6 21 30
6 21 36
6 21 37
6 21 38
6 21 45
6 21 95
6 22 9
6 22 13
6 22 14
6 22 18
6 22 20
6 22 22
6 22 23
6 22 32
6 22 35
6 22 39
6 22 49
6 22 61
6 22 68
6 23 1
6 23 2
6 23 5
6 23 7
6 23 9
6 23 10
6 23 12
6 23 13
6 23 14
6 23 15
6 23 19
6 23 20
6 23 21
6 23 22
6 23 30
6 23 33
6 23 37
6 23 38
6 23 61
6 24 6
6 24 7
6 24 17
6 24 23
6 24 24
6 24 26
6 24 33
6 24 34
6 24 70
6 24 93
6 24 96
6 25 0
6 25 4
6 25 12
6 25 16
6 25 18
6 25 20
6 25 21
6 25 22
6 25 24
6 25 26
6 25 33
6 25 34
6 25 38
6 25 47
6 25 81
6 25 91
6 25 92
6 25 97
6 26 2
6 26 6
6 26 9
6 26 12
6 26 16
6 26 17
6 26 20
6 26 31
6 26 33
6 26 35
6 26 39
6 26 41
6 26 62
6 26 96
6 27 0
6 27 14
6 27 17
6 27 57
6 27 73
6 27 75
6 27 89
6 28 5
6 28 20
6 28 23
6 28 25
6 28 50
6 28 52
6 28 56
6 28 69
6 28 72
6 28 75
6 28 78
6 28 79
6 28 92
6 28 98
6 29 27
6 29 31
6 29 33
6 29 36
6 29 47
6 29 52
6 29 69
6 29 75
6 30 31
6 30 61
6 30 87
6 30 94
6 31 10
6 31 32
6 31 34
6 31 76
6 31 87
6 32 4
6 32 14
6 32 21
6 32 32
6 32 50
6 32 76
6 32 88
6 33 2
6 33 12
6 33 23
6 33 42
6 33 49
6 33 53
6 33 56
6 33 59
6 33 69
6 33 77
6 33 79
6 33 94
6 34 13
6 34 43
6 34 44
6 34 70
6 34 85
6 34 90
6 34 94
6 34 95
6 34 98
6 35 30
6 35 32
6 35 34
6 35 35
6 35 36
6 35 42
6 35 52
6 35 73
6 35 77
6 35 80
6 35 88
6 35 93
6 36 21
6 36 27
6 36 51
6 36 55
6 36 64
6 36 71
6 36 93
6 36 96
6 37 48
6 37 64
6 37 65
6 37 67
6 37 71
6 37 78
6 37 79
6 37 85
6 37 98
6 38 19
6 38 23
6 38 26
6 38 34
6 38 40
6 38 45
6 38 69
6 38 78
6 38 79
6 38 94
6 39 27
6 39 41
6 39 55
6 39 67
6 39 71
6 39 74
6 39 76
6 39 78
6 39 86
6 39 88
6 39 97
6 39 98
6 40 16
6 40 44
6 40 45
6 40 49
6 40 57
6 40 62
6 40 64
6 40 88
6 41 40
6 41 46
6 41 77
6 41 84
6 41 85
6 41 91
6 41 94
6 42 10
6 42 40
6 42 41
6 42 46
6 42 47
6 42 67
6 42 70
6 43 15
6 43 30
6 43 75
6 43 96
6 44 47
6 44 50
6 44 61
6 44 66
6 44 75
6 44 98
6 45 12
6 45 30
6 45 33
6 45 34
6 45 85
6 45 88
6 45 95
6 46 25
6 46 29
6 46 33
6 46 56
6 46 57
6 46 60
6 46 67
6 46 71
6 46 72
6 46 86
6 46 89
6 47 40
6 47 41
6 47 54
6 47 60
6 47 64
6 47 66
6 47 71
6 47 72
6 47 73
6 47 90
6 47 91
6 48 14
6 48 25
6 48 27
6 48 29
6 48 38
6 48 44
6 48 48
6 48 72
6 48 78
6 48 83
6 49 72
6 49 86
6 50 4
6 50 15
6 50 43
6 50 77
6 50 95
6 51 16
6 51 22
6 51 45
6 51 53
6 51 54
6 51 76
6 52 3
6 52 7
6 52 11
6 52 44
6 52 47
6 52 72
6 52 75
6 52 77
6 52 80
6 52 84
6 52 86
6 52 90
6 52 94
6 53 8
6 53 21
6 53 56
6 53 59
6 53 72
6 53 98
6 54 7
6 54 26
6 54 34
6 54 42
6 54 80
6 54 95
6 55 8
6 55 17
6 55 91
6 55 96
6 56 2
6 56 14
6 56 29
6 56 39
6 56 42
6 56 53
6 56 57
6 56 63
6 56 78
6 56 83
6 56 91
6 56 98
6 57 0
6 57 8
6 57 15
6 57 49
6 57 58
6 57 77
6 57 88
6 58 20
6 58 22
6 58 25
6 58 44
6 58 73
6 58 80
6 59 9
6 59 22
6 59 24
6 59 25
6 59 61
6 59 76
6 59 90
6 60 21
6 60 36
6 60 42
6 60 72
6 60 73
6 60 86
6 60 98
6 61 42
6 61 45
6 61 51
6 61 52
6 61 59
6 61 63
6 61 64
6 61 71
6 61 74
6 61 78
6 61 82
6 61 90
6 61 94
6 62 13
6 62 23
6 62 41
6 62 54
6 62 56
6 62 62
6 62 66
6 62 70
6 62 72
6 62 75
6 63 40
6 63 57
6 63 72
6 63 74
6 63 84
6 63 85
6 63 86
6 63 90
6 63 98
6 64 44
6 64 66
6 64 72
6 64 74
6 64 83
6 64 92
6 65 36
6 65 39
6 65 64
6 65 83
6 65 89
6 66 37
6 66 41
6 66 50
6 66 58
6 66 76
6 66 85
6 66 86