2200
6
13 13 13 13 13 13
126

767 117 0 689 323 370 85 0 8 0 0 48 53
0 277 0 336 950 0 66 4 61 93 63 20 0
0 0 0 0 0 137 2 0 0 87 31 9 74
0 0 0 892 0 0 49 31 0 6 0 16 0
0 0 197 128 49 0 72 0 2 75 55 77 62
0 0 336 13 0 670 37 3 0 0 2 81 6

0 0 5
0 0 6
0 0 7
0 2 1
0 2 2
0 2 12
0 3 2
0 3 6
0 3 11
0 4 1
0 4 4
0 5 7
0 6 10
0 7 4
0 7 8
0 7 12
0 8 11
0 8 12
0 9 9
0 10 0
0 10 1
0 10 2
0 10 10
0 11 2
0 11 5
0 11 9
0 12 0
0 12 2
0 12 5
0 12 10
1 0 3
1 0 5
1 0 8
1 1 2
1 1 4
1 2 1
1 2 2
1 2 3
1 3 9
1 3 12
1 4 1
1 4 3
1 4 4
1 4 5
1 5 0
1 5 4
1 6 1
1 7 3
1 7 6
1 9 4
1 9 5
1 9 11
1 10 3
1 11 7
1 11 11
1 12 11
2 0 1
2 0 2
2 0 4
2 1 11
2 2 0
2 2 3
2 2 9
2 3 0
2 4 2
2 4 5
2 5 2
2 7 5
2 8 0
2 8 1
2 8 4
2 8 5
2 9 7
2 9 9
2 10 0
2 11 5
2 11 10
3 0 0
3 0 1
3 0 3
3 0 4
3 0 9
3 1 7
3 2 1
3 2 3
3 2 4
3 2 9
3 3 9
3 3 10
3 4 1
3 4 4
3 4 5
3 4 12
3 5 0
3 5 2
3 6 5
3 6 12
3 7 3
3 7 6
3 8 5
3 8 10
3 11 1
3 12 0
3 12 3
3 12 4
4 0 0
4 0 3
4 0 4
4 1 5
4 1 10
4 3 3
4 3 4
4 3 7
4 4 3
4 5 1
4 5 5
4 7 10
4 9 6
4 9 7
4 10 0
4 10 6
4 10 10
4 11 6
4 12 0
4 12 4
4 12 10