3702
5
33 33 33 33 33
669

0 641 0 0 0 730 0 419 0 0 182 0 83 0 0 35 55 53 80 9 0 0 73 0 40 0 74 0 0 42 0 0 0
67 0 0 216 0 904 0 233 989 0 309 0 72 0 0 20 37 0 0 0 27 51 20 54 0 0 77 0 50 78 0 0 0
431 0 941 923 793 0 0 260 0 131 0 0 0 0 78 0 33 0 0 0 17 0 0 11 0 0 86 0 84 41 0 0 0
590 175 0 0 953 0 0 274 0 0 0 32 51 18 0 0 79 0 67 0 86 69 0 0 0 93 0 69 0 85 35 0 95
313 0 0 0 0 308 0 0 354 0 506 431 0 0 0 0 27 0 0 0 0 0 0 78 0 0 0 52 0 0 0 0 57

0 0 0
0 0 4
0 0 5
0 0 6
0 0 8
0 0 11
0 0 14
0 0 31
0 1 4
0 1 5
0 1 8
0 1 10
0 1 11
0 1 21
0 1 24
0 1 28
0 2 6
0 2 8
0 2 10
0 2 12
0 2 26
0 3 3
0 3 10
0 3 15
0 3 18
0 3 20
0 3 22
0 3 23
0 3 29
0 3 32
0 4 5
0 4 10
0 4 26
0 5 7
0 5 8
0 5 9
0 5 10
0 5 13
0 6 2
0 6 8
0 6 15
0 6 22
0 7 4
0 7 8
0 7 11
0 7 21
0 7 23
0 8 0
0 8 4
0 8 15
0 8 32
0 9 0
0 9 3
0 9 11
0 9 26
0 9 27
0 9 31
0 10 11
0 11 0
0 11 1
0 11 4
0 11 11
0 12 7
0 12 12
0 12 13
0 13 4
0 13 19
0 13 23
0 14 3
0 14 5
0 14 15
0 14 25
0 14 26
0 14 29
0 14 31
0 14 32
0 15 6
0 15 7
0 15 9
0 15 13
0 15 22
0 15 27
0 15 28
0 15 31
0 16 23
0 16 25
0 16 29
0 17 12
0 17 15
0 17 16
0 17 17
0 17 21
0 17 22
0 17 27
0 17 28
0 18 3
0 18 7
0 18 12
0 18 16
0 18 19
0 19 18
0 19 27
0 19 29
0 19 32
0 20 4
0 20 6
0 20 9
0 20 12
0 20 18
0 20 19
0 20 27
0 21 27
0 21 30
0 22 26
0 22 31
0 22 32
0 23 22
0 24 6
0 24 16
0 24 17
0 24 20
0 24 21
0 25 0
0 25 15
0 25 16
0 25 20
0 25 30
0 25 31
0 26 17
0 26 24
0 26 26
0 26 30
0 27 1
0 27 32
0 28 9
0 28 17
0 29 3
0 29 6
0 29 14
0 29 15
0 29 17
0 29 19
0 29 30
0 30 12
0 30 16
0 30 23
0 30 24
0 30 27
0 31 1
0 31 18
0 31 22
0 31 23
0 31 29
0 31 31
0 32 12
0 32 15
0 32 17
0 32 24
0 32 27
1 0 0
1 0 2
1 0 4
1 0 5
1 0 22
1 0 26
1 0 31
1 1 1
1 1 2
1 1 3
1 1 10
1 1 16
1 1 20
1 1 25
1 2 3
1 2 6
1 2 7
1 2 10
1 2 11
1 2 24
1 3 2
1 3 4
1 3 15
1 4 11
1 5 3
1 5 11
1 5 12
1 5 18
1 6 1
1 6 7
1 7 0
1 7 7
1 7 10
1 7 31
1 8 10
1 8 11
1 8 22
1 8 27
1 8 29
1 8 31
1 9 4
1 9 9
1 9 10
1 9 11
1 10 2
1 10 8
1 10 13
1 10 14
1 11 0
1 11 1
1 11 7
1 11 11
1 11 18
1 11 21
1 12 12
1 12 22
1 12 25
1 12 29
1 12 30
1 12 31
1 13 9
1 13 10
1 13 11
1 13 12
1 13 13
1 13 17
1 13 23
1 13 27
1 13 29
1 14 17
1 14 18
1 14 25
1 14 31
1 15 7
1 15 16
1 15 27
1 15 30
1 16 2
1 16 4
1 16 16
1 16 23
1 16 24
1 16 25
1 16 30
1 16 31
1 16 32
1 17 5
1 17 19
1 17 25
1 17 29
1 18 1
1 18 11
1 18 25
1 19 13
1 19 19
1 19 27
1 20 7
1 20 14
1 20 20
1 20 24
1 21 6
1 21 17
1 21 19
1 21 21
1 21 27
1 22 2
1 22 8
1 22 15
1 22 18
1 22 24
1 23 6
1 23 14
1 23 17
1 23 29
1 24 15
1 24 23
1 24 24
1 24 25
1 24 26
1 24 30
1 25 4
1 25 5
1 25 8
1 25 19
1 25 21
1 26 7
1 26 13
1 26 15
1 26 19
1 26 24
1 27 11
1 27 16
1 27 29
1 28 13
1 28 21
1 28 24
1 29 4
1 29 6
1 29 7
1 29 12
1 29 23
1 29 24
1 29 25
1 29 29
1 30 4
1 30 14
1 30 24
1 31 1
1 31 12
1 31 18
1 31 19
1 31 20
1 31 21
1 31 23
1 31 28
1 32 12
1 32 17
1 32 19
1 32 21
1 32 22
1 32 27
2 0 1
2 0 7
2 0 11
2 0 25
2 0 28
2 0 31
2 1 1
2 1 3
2 1 11
2 1 17
2 2 0
2 2 1
2 2 3
2 2 5
2 2 8
2 2 9
2 2 11
2 2 13
2 2 16
2 2 32
2 3 1
2 3 2
2 3 6
2 3 13
2 3 14
2 4 1
2 4 3
2 4 4
2 4 5
2 4 7
2 4 11
2 4 24
2 4 28
2 5 1
2 5 4
2 5 6
2 5 7
2 5 11
2 6 0
2 6 1
2 6 2
2 6 4
2 6 8
2 6 15
2 6 22
2 7 4
2 7 5
2 7 17
2 7 20
2 7 26
2 7 31
2 8 8
2 8 9
2 8 14
2 8 21
2 8 25
2 8 29
2 9 1
2 9 2
2 9 10
2 9 17
2 9 26
2 9 31
2 10 1
2 10 10
2 10 12
2 10 19
2 10 28
2 11 1
2 11 9
2 11 10
2 11 18
2 12 3
2 12 10
2 12 21
2 12 27
2 12 28
2 13 10
2 13 17
2 13 23
2 13 24
2 13 25
2 14 27
2 14 29
2 15 0
2 15 14
2 15 29
2 16 19
2 16 25
2 16 30
2 17 12
2 17 18
2 17 25
2 17 29
2 17 30
2 18 5
2 18 21
2 18 22
2 18 23
2 18 29
2 19 13
2 19 17
2 19 24
2 19 27
2 20 16
2 20 18
2 20 19
2 20 26
2 20 27
2 20 29
2 20 30
2 20 31
2 21 1
2 21 3
2 21 4
2 22 2
2 22 14
2 22 19
2 22 20
2 22 29
2 22 30
2 22 32
2 23 0
2 23 10
2 23 11
2 23 16
2 23 17
2 23 24
2 23 25
2 23 28
2 24 2
2 24 12
2 24 16
2 24 21
2 24 22
2 24 27
2 24 29
2 24 32
2 25 7
2 25 8
2 25 22
2 25 23
2 25 25
2 25 27
2 25 28
2 25 30
2 25 31
2 26 2
2 26 8
2 26 11
2 26 13
2 26 15
2 26 16
2 26 17
2 27 14
2 27 21
2 28 4
2 28 5
2 28 9
2 28 10
2 28 12
2 28 19
2 28 20
2 28 28
2 29 6
2 29 10
2 29 13
2 29 23
2 29 26
2 29 27
2 29 30
2 30 13
2 30 14
2 30 23
2 30 24
2 31 2
2 31 15
2 31 29
2 32 10
2 32 11
2 32 16
2 32 18
2 32 20
2 32 27
2 32 31
3 0 4
3 0 5
3 0 16
3 0 29
3 1 1
3 1 2
3 1 5
3 1 21
3 2 1
3 2 2
3 2 4
3 2 7
3 2 9
3 2 10
3 2 11
3 2 22
3 3 0
3 3 2
3 3 3
3 3 11
3 3 19
3 3 21
3 3 23
3 3 25
3 4 3
3 4 4
3 4 5
3 4 8
3 4 14
3 4 25
3 4 27
3 4 31
3 4 32
3 5 1
3 5 5
3 5 6
3 5 8
3 5 29
3 6 1
3 6 2
3 6 4
3 6 8
3 6 11
3 6 16
3 6 26
3 7 2
3 7 4
3 7 5
3 7 9
3 7 26
3 8 0
3 8 2
3 8 4
3 8 5
3 8 7
3 9 1
3 9 3
3 9 5
3 9 11
3 10 0
3 10 2
3 10 7
3 10 12
3 10 20
3 11 0
3 11 3
3 11 8
3 11 9
3 11 11
3 12 12
3 12 32
3 13 4
3 13 7
3 13 24
3 14 9
3 14 14
3 14 16
3 14 17
3 14 18
3 14 20
3 14 21
3 14 23
3 14 25
3 14 29
3 15 5
3 15 14
3 15 15
3 15 24
3 16 16
3 16 17
3 16 19
3 16 22
3 17 15
3 17 21
3 17 23
3 18 6
3 18 15
3 18 22
3 18 25
3 18 28
3 18 30
3 19 5
3 19 15
3 19 18
3 19 24
3 19 25
3 19 29
3 19 31
3 20 0
3 20 19
3 20 20
3 20 26
3 20 27
3 20 29
3 20 30
3 21 19
3 21 32
3 22 3
3 22 4
3 22 13
3 22 16
3 22 18
3 22 25
3 23 20
3 23 26
3 23 28
3 24 1
3 24 12
3 24 19
3 24 24
3 25 4
3 25 13
3 25 14
3 25 17
3 25 29
3 25 30
3 26 2
3 26 22
3 26 25
3 26 30
3 27 2
3 27 30
3 28 7
3 28 13
3 28 21
3 29 4
3 29 12
3 29 15
3 29 23
3 29 24
3 29 26
3 29 28
3 30 3
3 30 4
3 30 12
3 30 24
3 31 23
3 31 30
3 32 14
3 32 16
3 32 20
3 32 23
3 32 24
3 32 30