3749
5
41 41 41 41 42
1694

0 0 72 0 455 718 812 628 0 228 0 0 244 755 0 90 0 39 94 91 0 0 60 0 0 82 39 30 0 0 0 3 45 35 0 37 65 0 44 0 0
0 3 625 752 378 0 0 982 739 905 358 0 264 588 45 10 2 0 0 2 6 15 0 0 0 0 0 0 0 0 0 0 0 0 47 86 0 45 21 0 29
0 0 72 0 987 0 503 403 386 0 0 0 0 0 913 25 32 36 0 64 90 89 0 0 0 0 0 59 81 20 92 0 0 64 13 75 30 0 0 37 0
946 209 0 902 145 0 347 0 0 0 481 942 367 0 0 0 63 0 27 20 0 4 0 0 0 0 90 99 20 0 0 76 0 69 0 53 0 32 25 57 98
402 0 510 0 0 0 0 913 0 0 0 0 817 969 459 0 43 85 78 0 0 0 0 0 17 48 0 0 87 16 0 69 0 0 0 0 84 83 64 0 0 18

0 0 0
0 0 3
0 0 4
0 0 5
0 0 6
0 0 11
0 0 13
0 0 14
0 0 16
0 0 17
0 0 24
0 0 33
0 1 2
0 1 4
0 1 5
0 1 6
0 1 7
0 1 9
0 1 12
0 1 14
0 1 16
0 1 17
0 1 24
0 1 27
0 1 31
0 1 36
0 1 40
0 2 6
0 2 7
0 2 14
0 2 15
0 2 17
0 2 19
0 2 28
0 2 32
0 2 36
0 2 37
0 2 40
0 3 0
0 3 1
0 3 5
0 3 6
0 3 7
0 3 8
0 3 11
0 3 12
0 3 14
0 3 23
0 3 38
0 4 0
0 4 1
0 4 4
0 4 6
0 4 10
0 4 12
0 4 14
0 4 18
0 4 27
0 5 2
0 5 6
0 5 7
0 5 8
0 5 9
0 5 11
0 5 13
0 5 16
0 5 19
0 5 22
0 5 23
0 5 29
0 5 31
0 6 2
0 6 7
0 6 12
0 6 14
0 6 15
0 7 2
0 7 3
0 7 7
0 7 10
0 7 11
0 7 12
0 7 23
0 7 31
0 8 0
0 8 1
0 8 2
0 8 6
0 8 8
0 8 11
0 8 13
0 8 17
0 8 19
0 8 24
0 8 31
0 9 1
0 9 2
0 9 3
0 9 4
0 9 7
0 9 9
0 9 14
0 9 16
0 9 19
0 9 28
0 9 40
0 10 5
0 10 13
0 10 18
0 10 28
0 11 1
0 11 2
0 11 6
0 11 7
0 11 29
0 11 30
0 11 40
0 12 3
0 12 7
0 12 8
0 12 9
0 12 10
0 12 14
0 12 23
0 12 30
0 12 33
0 12 37
0 13 1
0 13 3
0 13 5
0 13 6
0 13 9
0 13 22
0 13 36
0 13 37
0 14 3
0 14 4
0 14 5
0 14 6
0 14 9
0 14 12
0 14 13
0 14 14
0 14 27
0 14 36
0 15 1
0 15 15
0 15 16
0 15 17
0 15 22
0 15 33
0 15 34
0 15 39
0 16 1
0 16 6
0 16 16
0 16 26
0 16 28
0 16 29
0 16 32
0 16 35
0 16 36
0 17 0
0 17 10
0 17 21
0 17 22
0 17 23
0 17 24
0 17 28
0 17 29
0 17 31
0 17 32
0 17 38
0 18 6
0 18 10
0 18 15
0 18 17
0 18 21
0 18 28
0 18 31
0 18 33
0 18 34
0 18 35
0 18 37
0 19 6
0 19 13
0 19 16
0 19 18
0 19 19
0 19 21
0 19 24
0 19 26
0 19 30
0 19 32
0 19 33
0 19 34
0 19 35
0 19 37
0 19 38
0 20 4
0 20 17
0 20 22
0 20 25
0 20 26
0 20 27
0 20 30
0 20 32
0 20 34
0 20 35
0 20 39
0 21 6
0 21 7
0 21 13
0 21 15
0 21 17
0 21 19
0 21 20
0 21 22
0 21 26
0 21 27
0 21 31
0 21 34
0 21 38
0 22 6
0 22 9
0 22 15
0 22 19
0 22 20
0 22 27
0 22 34
0 22 35
0 22 38
0 22 39
0 23 6
0 23 12
0 23 14
0 23 15
0 23 16
0 23 17
0 23 18
0 23 19
0 23 23
0 23 26
0 23 29
0 23 34
0 23 35
0 23 36
0 23 37
0 24 10
0 24 13
0 24 16
0 24 17
0 24 18
0 24 22
0 24 24
0 24 25
0 24 31
0 24 32
0 24 34
0 25 17
0 25 19
0 25 21
0 25 23
0 25 29
0 25 31
0 25 33
0 25 34
0 25 40
0 26 0
0 26 3
0 26 7
0 26 16
0 26 23
0 26 29
0 26 30
0 26 35
0 26 40
0 27 5
0 27 9
0 27 17
0 27 18
0 27 28
0 27 29
0 27 30
0 27 33
0 27 34
0 27 37
0 27 38
0 27 40
0 28 0
0 28 4
0 28 5
0 28 14
0 28 15
0 28 18
0 28 21
0 28 22
0 28 23
0 28 30
0 28 31
0 28 39
0 28 40
0 29 5
0 29 6
0 29 9
0 29 17
0 29 18
0 29 21
0 29 24
0 29 26
0 29 29
0 29 30
0 29 34
0 29 39
0 30 15
0 30 20
0 30 21
0 30 26
0 30 28
0 30 31
0 30 32
0 31 9
0 31 11
0 31 17
0 31 18
0 31 19
0 31 20
0 31 21
0 31 29
0 31 30
0 31 31
0 31 33
0 32 15
0 32 18
0 32 20
0 32 23
0 32 27
0 32 28
0 32 31
0 32 33
0 32 37
0 32 38
0 33 5
0 33 6
0 33 15
0 33 18
0 33 23
0 33 25
0 33 27
0 33 29
0 34 5
0 34 8
0 34 15
0 34 18
0 34 19
0 34 20
0 34 25
0 34 29
0 34 35
0 34 38
0 35 5
0 35 22
0 35 23
0 35 24
0 35 25
0 35 27
0 35 28
0 35 33
0 35 35
0 35 38
0 35 39
0 36 18
0 36 19
0 36 22
0 36 24
0 36 27
0 36 31
0 36 32
0 36 34
0 36 35
0 36 39
0 37 2
0 37 10
0 37 16
0 37 20
0 37 25
0 37 26
0 37 27
0 37 39
0 38 5
0 38 22
0 38 26
0 38 27
0 38 28
0 38 30
0 38 32
0 38 37
0 38 38
0 39 19
0 39 20
0 39 22
0 39 23
0 39 25
0 39 29
0 39 31
0 39 36
0 40 7
0 40 9
0 40 12
0 40 16
0 40 21
0 40 22
0 40 23
0 40 24
0 40 27
0 40 29
0 40 31
0 40 39
0 40 40
1 0 0
1 0 2
1 0 5
1 0 8
1 0 10
1 0 11
1 0 12
1 0 30
1 0 34
1 1 0
1 1 2
1 1 3
1 1 5
1 1 6
1 1 8
1 1 11
1 1 13
1 1 15
1 1 24
1 1 30
1 1 31
1 1 40
1 2 0
1 2 3
1 2 4
1 2 7
1 2 13
1 2 15
1 2 23
1 2 29
1 2 38
1 3 7
1 3 9
1 3 13
1 3 23
1 3 24
1 3 29
1 4 0
1 4 1
1 4 2
1 4 3
1 4 4
1 4 7
1 4 14
1 4 33
1 4 37
1 5 5
1 5 7
1 5 8
1 5 9
1 5 11
1 5 14
1 5 17
1 5 18
1 5 19
1 6 1
1 6 2
1 6 3
1 6 5
1 6 8
1 6 10
1 6 13
1 6 23
1 6 29
1 6 36
1 6 39
1 6 40
1 7 0
1 7 3
1 7 5
1 7 6
1 7 9
1 7 10
1 7 11
1 7 13
1 7 14
1 7 21
1 7 31
1 8 5
1 8 10
1 8 11
1 8 14
1 8 21
1 8 22
1 8 24
1 8 34
1 8 40
1 9 1
1 9 4
1 9 5
1 9 8
1 9 10
1 9 13
1 9 14
1 9 25
1 9 28
1 9 33
1 10 3
1 10 4
1 10 7
1 10 8
1 10 9
1 10 13
1 10 20
1 10 21
1 10 32
1 10 37
1 10 38
1 11 0
1 11 1
1 11 2
1 11 3
1 11 4
1 11 7
1 11 8
1 11 9
1 11 14
1 11 18
1 11 25
1 11 29
1 11 34
1 11 37
1 11 40
1 12 1
1 12 2
1 12 3
1 12 4
1 12 5
1 12 6
1 12 8
1 12 9
1 12 18
1 12 25
1 12 32
1 12 38
1 13 1
1 13 3
1 13 4
1 13 5
1 13 6
1 13 7
1 13 8
1 13 12
1 13 13
1 13 21
1 13 34
1 13 38
1 14 0
1 14 2
1 14 3
1 14 5
1 14 6
1 14 9
1 14 11
1 14 12
1 14 14
1 14 24
1 14 25
1 14 29
1 15 15
1 15 18
1 15 19
1 15 21
1 15 25
1 15 27
1 15 34
1 15 35
1 15 37
1 15 39
1 16 2
1 16 16
1 16 22
1 16 24
1 16 27
1 16 28
1 16 29
1 16 30
1 16 31
1 16 33
1 16 39
1 17 2
1 17 18
1 17 24
1 17 26
1 17 27
1 17 32
1 17 34
1 18 3
1 18 8
1 18 11
1 18 29
1 18 38
1 19 0
1 19 16
1 19 18
1 19 28
1 19 30
1 19 38
1 20 9
1 20 12
1 20 16
1 20 22
1 20 25
1 20 26
1 20 28
1 20 29
1 20 30
1 20 31
1 20 36
1 20 38
1 20 39
1 20 40
1 21 0
1 21 5
1 21 13
1 21 15
1 21 18
1 21 19
1 21 24
1 21 30
1 21 36
1 21 38
1 21 39
1 21 40
1 22 1
1 22 10
1 22 18
1 22 22
1 22 24
1 22 25
1 22 27
1 22 32
1 22 34
1 22 39
1 23 2
1 23 4
1 23 7
1 23 33
1 23 34
1 23 38
1 23 40
1 24 3
1 24 16
1 24 18
1 24 19
1 24 24
1 24 29
1 24 36
1 24 38
1 24 40
1 25 7
1 25 16
1 25 17
1 25 24
1 25 25
1 25 27
1 25 28
1 25 30
1 25 36
1 25 37
1 25 39
1 25 40
1 26 8
1 26 12
1 26 13
1 26 15
1 26 18
1 26 19
1 26 21
1 26 22
1 26 28
1 26 30
1 26 32
1 26 33
1 26 35
1 26 38
1 26 40
1 27 10
1 27 20
1 27 21
1 27 27
1 27 29
1 27 37
1 27 39
1 27 40
1 28 0
1 28 2
1 28 10
1 28 13
1 28 22
1 28 24
1 28 27
1 28 30
1 28 33
1 28 34
1 28 37
1 29 17
1 29 18
1 29 27
1 29 34
1 29 36
1 29 38
1 30 4
1 30 6
1 30 9
1 30 10
1 30 11
1 30 13
1 30 15
1 30 18
1 30 20
1 30 23
1 30 27
1 30 30
1 30 31
1 30 32
1 30 33
1 30 34
1 30 38
1 31 2
1 31 4
1 31 8
1 31 16
1 31 17
1 31 21
1 31 28
1 31 33
1 31 35
1 31 40
1 32 15
1 32 19
1 32 26
1 32 27
1 32 31
1 32 34
1 32 38
1 33 4
1 33 23
1 33 24
1 33 25
1 33 27
1 33 28
1 33 29
1 33 31
1 33 33
1 33 35
1 34 0
1 34 9
1 34 13
1 34 14
1 34 20
1 34 21
1 34 23
1 34 26
1 34 29
1 34 32
1 34 36
1 35 5
1 35 8
1 35 11
1 35 15
1 35 17
1 35 18
1 35 20
1 35 30
1 35 32
1 35 35
1 35 37
1 35 38
1 36 2
1 36 8
1 36 12
1 36 16
1 36 20
1 36 21
1 36 27
1 36 28
1 36 29
1 36 35
1 36 36
1 36 38
1 37 3
1 37 11
1 37 14
1 37 15
1 37 18
1 37 28
1 37 30
1 37 32
1 37 33
1 37 34
1 37 35
1 37 36
1 37 38
1 38 3
1 38 10
1 38 16
1 38 20
1 38 21
1 38 22
1 38 24
1 38 32
1 38 34
1 38 40
1 39 18
1 39 22
1 39 23
1 39 24
1 39 28
1 39 29
1 39 30
1 39 31
1 39 34
1 40 5
1 40 12
1 40 15
1 40 17
1 40 18
1 40 19
1 40 20
1 40 21
1 40 24
1 40 30
1 40 33
1 40 36
1 40 38
1 40 40
2 0 0
2 0 1
2 0 2
2 0 5
2 0 6
2 0 9
2 0 10
2 0 11
2 0 12
2 0 13
2 0 18
2 0 34
2 0 35
2 1 0
2 1 2
2 1 5
2 1 6
2 1 9
2 1 14
2 1 15
2 1 20
2 1 31
2 1 32
2 1 38
2 2 0
2 2 4
2 2 8
2 2 11
2 2 12
2 2 14
2 2 15
2 2 17
2 2 23
2 2 26
2 2 28
2 2 30
2 2 40
2 3 3
2 3 4
2 3 7
2 3 11
2 3 12
2 3 13
2 3 14
2 3 27
2 3 32
2 3 37
2 4 3
2 4 4
2 4 6
2 4 9
2 4 11
2 4 13
2 4 14
2 4 15
2 4 18
2 4 22
2 4 23
2 5 1
2 5 2
2 5 5
2 5 7
2 5 8
2 5 10
2 5 11
2 5 22
2 6 0
2 6 2
2 6 3
2 6 7
2 6 9
2 6 11
2 6 23
2 7 0
2 7 4
2 7 6
2 7 7
2 7 8
2 7 10
2 7 11
2 7 13
2 7 18
2 7 24
2 7 30
2 7 33
2 7 35
2 7 38
2 8 0
2 8 3
2 8 9
2 8 10
2 8 12
2 8 15
2 8 40
2 9 0
2 9 1
2 9 2
2 9 3
2 9 4
2 9 5
2 9 6
2 9 8
2 9 10
2 9 12
2 9 13
2 9 23
2 9 24
2 9 36
2 9 40
2 10 1
2 10 3
2 10 4
2 10 6
2 10 8
2 10 9
2 10 11
2 10 13
2 10 14
2 10 17
2 11 0
2 11 4
2 11 6
2 11 7
2 11 9
2 11 11
2 11 27
2 11 29
2 11 36
2 12 0
2 12 2
2 12 3
2 12 6
2 12 7
2 12 11
2 12 12
2 12 13
2 12 14
2 12 20
2 12 37
2 13 2
2 13 3
2 13 4
2 13 6
2 13 9
2 13 14
2 13 16
2 13 17
2 13 19
2 13 28
2 14 1
2 14 2
2 14 6
2 14 8
2 14 10
2 14 11
2 14 22
2 14 30
2 14 38
2 14 40
2 15 0
2 15 16
2 15 17
2 15 18
2 15 22
2 15 23
2 15 27
2 15 32
2 15 35
2 15 40
2 16 5
2 16 8
2 16 9
2 16 16
2 16 17
2 16 23
2 16 24
2 16 25
2 16 28
2 16 29
2 16 30
2 16 36
2 17 9
2 17 14
2 17 15
2 17 20
2 17 22
2 17 23
2 17 24
2 17 26
2 17 28
2 17 29
2 17 35
2 17 39
2 18 0
2 18 3
2 18 7
2 18 14
2 18 19
2 18 20
2 18 24
2 18 32
2 18 33
2 18 36
2 18 39
2 18 40
2 19 11
2 19 18
2 19 21
2 19 22
2 19 30
2 19 34
2 19 38
2 20 13
2 20 17
2 20 18
2 20 21
2 20 24
2 20 27
2 20 29
2 20 30
2 20 33
2 20 34
2 20 36
2 21 4
2 21 6
2 21 7
2 21 16
2 21 17
2 21 18
2 21 26
2 21 33
2 22 0
2 22 2
2 22 7
2 22 11
2 22 16
2 22 19
2 22 20
2 22 23
2 22 25
2 22 27
2 22 28
2 22 29
2 22 31
2 22 32
2 22 33
2 22 34
2 22 36
2 22 37
2 22 40
2 23 2
2 23 9
2 23 11
2 23 18
2 23 22
2 23 23
2 23 25
2 23 27
2 23 31
2 23 39
2 24 14
2 24 18
2 24 19
2 24 21
2 24 23
2 24 25
2 24 26
2 24 27
2 24 29
2 24 30
2 24 31
2 24 33
2 24 34
2 24 37
2 24 39
2 24 40
2 25 15
2 25 17
2 25 27
2 25 32
2 25 35
2 25 37
2 26 1
2 26 5
2 26 8
2 26 14
2 26 21
2 26 22
2 26 23
2 26 28
2 26 29
2 26 30
2 26 33
2 26 35
2 26 36
2 26 40
2 27 5
2 27 6
2 27 12
2 27 18
2 27 22
2 27 23
2 27 24
2 27 25
2 27 32
2 27 34
2 27 36
2 28 2
2 28 10
2 28 18
2 28 19
2 28 24
2 28 31
2 28 33
2 28 35
2 28 37
2 29 0
2 29 5
2 29 15
2 29 19
2 29 22
2 29 23
2 29 26
2 29 27
2 29 29
2 29 31
2 29 32
2 29 33
2 29 36
2 29 37
2 29 39
2 29 40
2 30 3
2 30 6
2 30 12
2 30 15
2 30 23
2 30 28
2 30 30
2 30 37
2 30 39
2 31 7
2 31 15
2 31 25
2 31 30
2 31 31
2 31 36
2 31 40
2 32 2
2 32 21
2 32 25
2 32 30
2 32 31
2 32 38
2 33 7
2 33 15
2 33 21
2 33 23
2 33 36
2 34 11
2 34 15
2 34 17
2 34 18
2 34 20
2 34 21
2 34 25
2 34 31
2 35 8
2 35 11
2 35 16
2 35 17
2 35 19
2 35 27
2 35 32
2 35 33
2 35 35
2 35 37
2 35 38
2 36 0
2 36 10
2 36 13
2 36 17
2 36 23
2 36 29
2 36 30
2 36 31
2 36 32
2 36 35
2 36 38
2 37 7
2 37 19
2 37 20
2 37 21
2 37 23
2 37 25
2 37 31
2 37 34
2 37 38
2 37 39
2 38 4
2 38 17
2 38 18
2 38 21
2 38 23
2 38 24
2 38 28
2 38 29
2 38 31
2 38 32
2 38 36
2 38 38
2 38 40
2 39 5
2 39 23
2 39 26
2 39 29
2 39 31
2 39 33
2 39 34
2 39 36
2 39 37
2 40 0
2 40 1
2 40 13
2 40 18
2 40 19
2 40 22
2 40 23
2 40 25
2 40 27
2 40 28
2 40 29
2 40 35
2 40 39
3 0 5
3 0 12
3 0 31
3 0 37
3 0 38
3 0 39
3 1 0
3 1 7
3 1 8
3 1 9
3 1 10
3 1 12
3 1 21
3 1 22
3 1 29
3 1 31
3 2 0
3 2 1
3 2 3
3 2 4
3 2 5
3 2 6
3 2 7
3 2 8
3 2 9
3 2 11
3 2 21
3 2 26
3 2 35
3 2 41
3 3 5
3 3 6
3 3 8
3 3 9
3 3 10
3 3 13
3 3 25
3 3 37
3 3 40
3 4 0
3 4 1
3 4 2
3 4 3
3 4 13
3 4 33
3 4 41
3 5 0
3 5 1
3 5 4
3 5 5
3 5 8
3 5 9
3 5 10
3 5 12
3 5 16
3 5 27
3 5 40
3 5 41
3 6 0
3 6 1
3 6 2
3 6 5
3 6 7
3 6 9
3 6 10
3 6 11
3 6 12
3 6 13
3 6 14
3 6 25
3 6 26
3 6 29
3 6 30
3 6 33
3 6 37
3 6 38
3 7 0
3 7 3
3 7 5
3 7 12
3 7 17
3 7 35
3 7 37
3 7 41
3 8 7
3 8 8
3 8 9
3 8 11
3 9 0
3 9 1
3 9 4
3 9 6
3 9 8
3 9 14
3 9 20
3 9 21
3 9 28
3 9 33
3 9 38
3 9 39
3 10 0
3 10 3
3 10 5
3 10 6
3 10 7
3 10 8
3 10 14
3 10 15
3 10 19
3 10 22
3 10 24
3 10 25
3 10 38
3 11 1
3 11 2
3 11 7
3 11 10
3 11 13
3 11 17
3 11 25
3 11 33
3 11 35
3 11 39
3 11 40
3 11 41
3 12 2
3 12 3
3 12 6
3 12 8
3 12 10
3 12 11
3 12 14
3 12 26
3 12 29
3 12 32
3 12 33
3 12 36
3 12 40
3 13 2
3 13 4
3 13 5
3 13 11
3 13 13
3 13 16
3 13 18
3 13 21
3 13 27
3 13 30
3 13 36
3 14 6
3 14 10
3 14 12
3 14 16
3 14 24
3 14 32
3 14 33
3 15 0
3 15 8
3 15 12
3 15 20
3 15 23
3 15 24
3 15 26
3 15 30
3 15 31
3 15 32
3 15 34
3 15 35
3 15 36
3 15 37
3 16 3
3 16 8
3 16 18
3 16 21
3 16 28
3 16 33
3 16 34
3 16 37
3 16 39
3 16 40
3 16 41
3 17 12
3 17 14
3 17 16
3 17 21
3 17 24
3 17 30
3 17 33
3 17 35
3 17 37
3 17 38
3 17 39
3 17 41
3 18 4
3 18 13
3 18 19
3 18 21
3 18 22
3 18 24
3 18 25
3 18 27
3 18 30
3 18 31
3 18 37
3 18 39
3 18 40
3 19 3
3 19 11
3 19 21
3 19 22
3 19 29
3 19 30
3 19 31
3 19 33
3 19 36
3 19 39
3 19 41
3 20 3
3 20 11
3 20 17
3 20 18
3 20 21
3 20 23
3 20 26
3 20 28
3 20 32
3 20 37
3 20 40
3 20 41
3 21 15
3 21 18
3 21 23
3 21 25
3 21 26
3 21 27
3 21 28
3 21 39
3 22 3
3 22 4
3 22 14
3 22 18
3 22 22
3 22 26
3 22 35
3 22 40
3 23 2
3 23 6
3 23 10
3 23 15
3 23 16
3 23 18
3 23 21
3 23 23
3 23 27
3 23 29
3 23 32
3 23 33
3 24 0
3 24 7
3 24 10
3 24 18
3 24 19
3 24 22
3 24 28
3 24 29
3 24 30
3 24 34
3 24 36
3 24 37
3 24 39
3 25 10
3 25 17
3 25 19
3 25 20
3 25 22
3 25 26
3 25 28
3 25 29
3 25 36
3 25 38
3 26 2
3 26 5
3 26 12
3 26 15
3 26 20
3 26 23
3 26 25
3 26 31
3 26 37
3 26 40
3 26 41
3 27 23
3 27 26
3 27 31
3 27 36
3 27 38
3 27 41
3 28 4
3 28 8
3 28 16
3 28 20
3 28 26
3 28 27
3 28 31
3 28 32
3 28 34
3 28 35
3 28 36
3 28 41
3 29 0
3 29 33
3 29 36
3 29 37
3 29 40
3 29 41
3 30 30
3 30 33
3 30 34
3 30 36
3 30 37
3 30 40
3 31 17
3 31 19
3 31 20
3 31 32
3 31 33
3 31 35
3 31 37
3 31 38
3 31 41
3 32 1
3 32 9
3 32 15
3 32 17
3 32 18
3 32 19
3 32 25
3 32 28
3 32 35
3 32 36
3 32 41
3 33 17
3 33 23
3 33 25
3 33 26
3 33 27
3 33 28
3 33 29
3 33 38
3 34 0
3 34 7
3 34 13
3 34 15
3 34 22
3 34 24
3 34 25
3 34 32
3 34 36
3 34 38
3 34 41
3 35 3
3 35 7
3 35 8
3 35 11
3 35 15
3 35 25
3 35 31
3 35 37
3 35 40
3 36 5
3 36 11
3 36 20
3 36 34
3 36 39
3 36 40
3 37 6
3 37 13
3 37 14
3 37 19
3 37 20
3 37 25
3 37 26
3 37 27
3 37 30
3 37 33
3 37 38
3 38 15
3 38 19
3 38 23
3 38 27
3 38 28
3 38 33
3 38 35
3 38 38
3 39 5
3 39 16
3 39 18
3 39 28
3 39 31
3 39 33
3 39 35
3 39 36
3 40 7
3 40 17
3 40 18
3 40 22
3 40 23
3 40 25
3 40 26
3 40 29
3 40 31
3 40 35
3 40 37
3 40 41