207
4
28 27 28 27
529

926 0 0 348 194 0 0 847 0 0 0 14 18 0 92 0 0 0 0 66 0 0 0 6 9 0 0 39
0 0 0 0 573 0 0 0 69 89 0 0 0 0 0 16 0 79 50 68 0 72 0 0 0 84 28
611 465 786 0 59 0 782 0 0 0 0 0 0 54 0 25 0 0 0 20 62 0 0 22 24 0 21 60
0 488 0 0 391 290 638 0 0 0 0 0 0 20 0 0 0 87 53 47 81 0 10 0 79 0 0

0 0 0
0 0 3
0 0 7
0 0 13
0 0 23
0 1 0
0 1 2
0 1 4
0 1 7
0 1 18
0 1 26
0 2 4
0 2 5
0 2 9
0 3 2
0 3 8
0 3 20
0 3 24
0 4 1
0 4 2
0 4 4
0 5 1
0 5 2
0 5 5
0 5 15
0 5 18
0 6 2
0 6 4
0 6 5
0 6 10
0 6 22
0 6 23
0 6 25
0 7 2
0 7 9
0 7 18
0 7 26
0 8 9
0 8 11
0 8 13
0 8 21
0 8 22
0 8 23
0 8 24
0 8 25
0 9 8
0 9 10
0 9 13
0 9 15
0 9 18
0 9 21
0 10 14
0 10 16
0 10 17
0 10 18
0 10 20
0 10 25
0 10 26
0 11 12
0 11 15
0 11 20
0 12 0
0 12 5
0 12 8
0 12 9
0 12 10
0 12 11
0 12 12
0 12 13
0 12 17
0 12 19
0 12 24
0 13 0
0 13 16
0 13 20
0 13 25
0 14 10
0 14 11
0 14 12
0 14 13
0 14 17
0 14 20
0 14 26
0 15 12
0 15 13
0 15 19
0 15 23
0 15 24
0 15 26
0 16 3
0 16 17
0 16 19
0 16 20
0 16 23
0 16 25
0 16 26
0 17 4
0 17 8
0 17 15
0 17 22
0 18 2
0 18 7
0 18 9
0 18 15
0 18 20
0 18 21
0 18 22
0 18 23
0 18 24
0 18 25
0 18 26
0 19 13
0 19 14
0 19 20
0 19 21
0 19 24
0 19 25
0 20 7
0 20 9
0 20 10
0 20 11
0 20 12
0 20 15
0 20 16
0 20 18
0 20 20
0 20 22
0 21 2
0 21 8
0 21 10
0 21 18
0 21 19
0 21 21
0 21 22
0 21 24
0 21 25
0 22 6
0 22 15
0 22 20
0 22 21
0 23 8
0 23 9
0 23 10
0 23 11
0 23 13
0 23 17
0 23 18
0 23 24
0 24 3
0 24 9
0 24 14
0 24 15
0 24 16
0 24 17
0 24 19
0 24 21
0 25 5
0 25 6
0 25 9
0 25 10
0 25 11
0 25 12
0 25 13
0 25 19
0 25 20
0 25 21
0 26 0
0 26 11
0 26 12
0 26 13
0 26 14
0 26 17
0 26 18
0 26 19
0 26 23
0 26 25
0 27 3
0 27 10
0 27 11
0 27 21
0 27 22
1 0 2
1 0 4
1 0 22
1 1 0
1 1 2
1 1 4
1 1 5
1 1 7
1 1 13
1 1 16
1 1 23
1 2 5
1 2 6
1 2 7
1 2 11
1 2 27
1 3 4
1 3 11
1 4 4
1 4 7
1 4 18
1 4 26
1 5 2
1 5 24
1 6 4
1 6 6
1 6 8
1 6 17
1 6 22
1 7 2
1 7 6
1 7 7
1 7 8
1 8 15
1 8 16
1 8 19
1 8 25
1 9 6
1 9 9
1 9 10
1 9 11
1 9 12
1 9 13
1 9 20
1 9 21
1 10 0
1 10 12
1 10 13
1 10 16
1 10 17
1 10 19
1 10 21
1 10 23
1 11 8
1 11 10
1 11 12
1 11 19
1 11 20
1 12 8
1 12 12
1 12 15
1 12 16
1 12 24
1 12 26
1 12 27
1 13 5
1 13 8
1 13 12
1 13 15
1 13 16
1 13 17
1 13 22
1 13 23
1 13 26
1 14 10
1 14 11
1 14 14
1 14 20
1 14 21
1 14 23
1 14 27
1 15 7
1 15 9
1 15 12
1 15 15
1 15 16
1 15 18
1 15 19
1 15 20
1 15 21
1 15 23
1 15 24
1 15 26
1 16 9
1 16 14
1 16 16
1 16 19
1 16 20
1 16 24
1 16 25
1 16 26
1 17 8
1 17 9
1 17 10
1 17 11
1 17 12
1 17 15
1 17 16
1 17 17
1 17 20
1 17 23
1 17 25
1 17 27
1 18 10
1 18 11
1 18 13
1 18 15
1 18 18
1 18 19
1 18 23
1 19 0
1 19 8
1 19 9
1 19 10
1 19 13
1 19 18
1 19 21
1 20 9
1 20 10
1 20 11
1 20 12
1 20 14
1 20 21
1 20 22
1 20 23
1 20 26
1 21 7
1 21 11
1 21 13
1 21 18
1 21 19
1 21 22
1 21 24
1 21 25
1 22 4
1 22 16
1 22 18
1 22 20
1 22 24
1 22 25
1 22 27
1 23 4
1 23 5
1 23 11
1 23 18
1 23 20
1 24 12
1 24 16
1 24 19
1 24 20
1 24 27
1 25 7
1 25 12
1 25 13
1 25 26
1 26 10
1 26 12
1 26 14
1 26 17
1 26 19
1 26 22
1 26 27
2 0 17
2 1 0
2 1 6
2 2 7
2 2 20
2 3 2
2 3 7
2 3 14
2 3 18
2 3 23
2 3 24
2 4 1
2 4 6
2 4 12
2 5 0
2 5 2
2 5 3
2 5 5
2 5 21
2 5 25
2 6 3
2 6 25
2 7 10
2 8 8
2 8 9
2 8 10
2 8 13
2 8 17
2 8 18
2 8 19
2 8 20
2 8 22
2 8 23
2 9 0
2 9 8
2 9 10
2 9 12
2 9 13
2 9 16
2 9 18
2 9 22
2 9 24
2 9 26
2 10 4
2 10 8
2 10 11
2 10 12
2 10 14
2 10 16
2 10 17
2 10 20
2 10 22
2 10 23
2 10 25
2 11 1
2 11 8
2 11 13
2 11 14
2 11 20
2 11 21
2 11 26
2 12 7
2 12 8
2 12 10
2 12 12
2 12 13
2 12 18
2 12 23
2 12 26
2 13 10
2 13 14
2 13 15
2 13 16
2 13 18
2 13 20
2 13 22
2 13 24
2 14 8
2 14 16
2 14 18
2 14 20
2 14 21
2 14 24
2 14 25
2 14 26
2 15 5
2 15 6
2 15 8
2 15 9
2 15 10
2 15 11
2 15 12
2 15 17
2 15 19
2 15 21
2 15 22
2 16 9
2 16 13
2 16 16
2 16 19
2 17 3
2 17 9
2 17 11
2 17 13
2 17 14
2 17 15
2 17 16
2 17 18
2 17 21
2 17 24
2 18 3
2 18 12
2 18 17
2 18 21
2 18 24
2 19 9
2 19 10
2 19 14
2 19 15
2 19 22
2 19 25
2 19 26
2 20 10
2 20 13
2 20 15
2 20 20
2 20 22
2 21 5
2 21 8
2 21 10
2 21 15
2 21 17
2 21 24
2 21 26
2 22 0
2 22 9
2 22 12
2 22 13
2 22 15
2 22 19
2 22 20
2 22 25
2 23 0
2 23 9
2 23 13
2 23 22
2 23 23
2 24 11
2 24 12
2 24 13
2 24 14
2 24 16
2 24 17
2 24 22
2 24 26
2 25 17
2 25 18
2 25 20
2 25 21
2 25 23
2 25 25
2 26 8
2 26 14
2 26 17
2 26 19
2 26 21
2 26 24
2 27 9
2 27 10
2 27 11
2 27 13
2 27 18
2 27 21
2 27 22
2 27 23
2 27 25