3959
5
38 37 39 37 38
1381

883 43 769 730 0 371 0 0 0 183 0 810 285 230 415 319 881 481 33 53 24 42 78 0 0 0 0 81 84 87 0 0 0 24 67 96 32 0
776 0 0 628 721 200 0 371 64 721 0 536 0 413 0 0 0 0 35 0 0 82 0 0 59 0 0 0 74 39 0 0 14 87 82 46 4
646 321 937 0 0 0 0 132 0 0 0 435 444 0 0 0 432 290 0 0 0 48 40 19 0 0 0 0 46 36 0 91 56 0 56 88 0 64 60
812 0 0 181 0 246 0 83 951 0 0 0 513 0 493 687 0 0 0 77 54 79 0 0 0 13 0 70 97 0 31 24 0 0 0 94 3
0 0 0 0 494 0 0 0 0 44 0 300 22 0 987 959 0 314 23 17 0 0 0 0 66 38 33 0 76 74 98 0 46 86 0 0 45 73

0 0 2
0 0 3
0 0 11
0 0 12
0 0 14
0 0 19
0 0 23
0 0 28
0 1 0
0 1 5
0 1 7
0 1 8
0 1 12
0 1 13
0 1 14
0 1 15
0 1 16
0 1 17
0 1 18
0 1 22
0 1 32
0 1 33
0 2 1
0 2 2
0 2 7
0 2 8
0 2 9
0 2 10
0 2 13
0 2 21
0 2 32
0 2 35
0 3 0
0 3 1
0 3 7
0 3 8
0 3 10
0 3 12
0 3 14
0 3 15
0 3 17
0 3 20
0 3 25
0 3 36
0 4 0
0 4 3
0 4 6
0 4 8
0 4 9
0 4 10
0 4 11
0 4 12
0 4 17
0 4 32
0 5 1
0 5 2
0 5 5
0 5 10
0 5 11
0 5 12
0 5 13
0 5 15
0 5 17
0 5 23
0 5 34
0 6 1
0 6 2
0 6 4
0 6 6
0 6 7
0 6 9
0 6 11
0 6 12
0 6 15
0 6 16
0 6 18
0 6 30
0 6 36
0 7 1
0 7 2
0 7 3
0 7 5
0 7 6
0 7 8
0 7 9
0 7 10
0 7 16
0 7 23
0 7 35
0 8 2
0 8 3
0 8 4
0 8 5
0 8 14
0 8 17
0 8 28
0 8 29
0 9 1
0 9 2
0 9 6
0 9 7
0 9 10
0 9 12
0 9 13
0 9 15
0 9 16
0 9 17
0 9 29
0 9 34
0 10 0
0 10 2
0 10 6
0 10 11
0 10 12
0 10 16
0 10 17
0 10 22
0 10 30
0 10 31
0 11 0
0 11 1
0 11 2
0 11 4
0 11 5
0 11 6
0 11 7
0 11 8
0 11 11
0 11 12
0 11 13
0 11 15
0 11 22
0 11 29
0 11 32
0 11 35
0 12 1
0 12 2
0 12 8
0 12 10
0 12 11
0 12 15
0 12 34
0 13 2
0 13 6
0 13 8
0 13 9
0 13 11
0 13 13
0 13 16
0 13 17
0 13 23
0 13 24
0 14 1
0 14 2
0 14 4
0 14 13
0 14 14
0 14 15
0 14 16
0 14 23
0 14 25
0 14 31
0 15 0
0 15 1
0 15 6
0 15 8
0 15 9
0 15 10
0 15 12
0 15 14
0 15 15
0 15 17
0 15 22
0 15 28
0 16 0
0 16 1
0 16 3
0 16 4
0 16 6
0 16 11
0 16 14
0 16 22
0 16 24
0 17 0
0 17 1
0 17 2
0 17 3
0 17 4
0 17 6
0 17 7
0 17 8
0 17 11
0 17 13
0 17 25
0 18 0
0 18 2
0 18 11
0 18 14
0 18 21
0 18 22
0 18 24
0 18 31
0 18 34
0 18 36
0 19 4
0 19 5
0 19 12
0 19 19
0 19 27
0 19 28
0 19 36
0 20 6
0 20 20
0 20 25
0 20 33
0 21 13
0 21 25
0 21 28
0 21 36
0 22 9
0 22 10
0 22 13
0 22 18
0 22 22
0 22 25
0 22 26
0 22 30
0 22 31
0 22 32
0 22 35
0 23 7
0 23 15
0 23 18
0 23 27
0 23 29
0 23 33
0 23 36
0 24 7
0 24 11
0 24 12
0 24 17
0 24 18
0 24 19
0 24 20
0 24 22
0 24 34
0 25 3
0 25 6
0 25 8
0 25 14
0 25 17
0 25 18
0 25 19
0 25 25
0 25 29
0 25 35
0 26 19
0 26 21
0 26 25
0 26 27
0 26 30
0 26 31
0 26 32
0 27 13
0 27 18
0 27 26
0 27 30
0 27 31
0 27 34
0 27 35
0 28 19
0 28 33
0 28 34
0 28 36
0 29 6
0 29 19
0 29 20
0 29 31
0 29 32
0 30 8
0 30 14
0 30 24
0 30 25
0 30 26
0 30 27
0 30 30
0 30 33
0 31 0
0 31 8
0 31 10
0 31 12
0 31 15
0 31 19
0 31 23
0 31 28
0 31 29
0 31 31
0 32 3
0 32 5
0 32 11
0 32 16
0 32 19
0 32 21
0 32 22
0 32 28
0 33 9
0 33 12
0 33 19
0 33 25
0 33 34
0 34 0
0 34 2
0 34 4
0 34 16
0 34 20
0 34 23
0 34 25
0 34 30
0 34 31
0 34 36
0 35 9
0 35 19
0 35 24
0 35 27
0 35 30
0 36 6
0 36 14
0 36 16
0 36 20
0 36 22
0 36 23
0 36 25
0 36 28
0 36 35
0 37 7
0 37 9
0 37 18
0 37 20
0 37 27
0 37 30
0 37 32
0 37 34
0 37 36
1 0 0
1 0 2
1 0 5
1 0 6
1 0 9
1 0 11
1 0 26
1 0 27
1 0 32
1 1 1
1 1 4
1 1 5
1 1 6
1 1 9
1 1 10
1 1 14
1 1 17
1 1 23
1 1 31
1 2 0
1 2 1
1 2 7
1 2 8
1 2 9
1 2 10
1 2 11
1 2 12
1 2 13
1 2 17
1 2 20
1 2 21
1 2 27
1 2 33
1 2 37
1 3 3
1 3 4
1 3 5
1 3 6
1 3 7
1 3 8
1 3 10
1 3 11
1 3 13
1 3 15
1 3 17
1 3 18
1 3 29
1 3 37
1 4 7
1 4 12
1 4 14
1 4 15
1 4 16
1 4 18
1 4 32
1 4 37
1 4 38
1 5 4
1 5 5
1 5 13
1 5 15
1 5 16
1 5 18
1 5 19
1 5 24
1 5 35
1 6 1
1 6 2
1 6 3
1 6 4
1 6 7
1 6 8
1 6 9
1 6 10
1 6 12
1 6 13
1 6 17
1 6 18
1 7 4
1 7 8
1 7 10
1 7 13
1 7 14
1 7 15
1 7 21
1 7 28
1 7 32
1 7 36
1 7 37
1 8 3
1 8 4
1 8 7
1 8 9
1 8 11
1 8 12
1 8 16
1 8 17
1 8 22
1 8 29
1 8 30
1 8 33
1 9 1
1 9 2
1 9 4
1 9 5
1 9 7
1 9 8
1 9 9
1 9 12
1 9 14
1 9 15
1 9 16
1 9 17
1 9 18
1 9 20
1 9 29
1 10 2
1 10 3
1 10 4
1 10 5
1 10 6
1 10 9
1 10 11
1 10 13
1 10 14
1 10 16
1 10 33
1 10 37
1 11 3
1 11 6
1 11 7
1 11 8
1 11 11
1 11 13
1 11 14
1 11 17
1 11 18
1 11 20
1 11 24
1 11 27
1 11 33
1 11 35
1 11 38
1 12 2
1 12 3
1 12 7
1 12 8
1 12 10
1 12 11
1 12 13
1 12 14
1 12 17
1 12 26
1 12 28
1 12 30
1 13 1
1 13 2
1 13 6
1 13 8
1 13 17
1 13 18
1 13 20
1 13 29
1 13 30
1 13 36
1 14 0
1 14 1
1 14 3
1 14 4
1 14 5
1 14 7
1 14 10
1 14 12
1 14 17
1 14 18
1 14 20
1 14 25
1 14 28
1 15 0
1 15 2
1 15 5
1 15 7
1 15 9
1 15 11
1 15 13
1 15 16
1 15 18
1 15 23
1 15 27
1 15 30
1 15 31
1 16 0
1 16 1
1 16 2
1 16 3
1 16 8
1 16 10
1 16 11
1 16 12
1 16 13
1 16 15
1 16 17
1 16 19
1 16 21
1 16 23
1 16 33
1 17 1
1 17 3
1 17 4
1 17 7
1 17 8
1 17 12
1 17 13
1 17 14
1 17 15
1 17 16
1 17 18
1 17 23
1 17 31
1 18 12
1 18 13
1 18 16
1 18 22
1 18 32
1 19 1
1 19 14
1 19 17
1 19 24
1 19 26
1 19 30
1 19 34
1 19 37
1 19 38
1 20 14
1 20 21
1 20 23
1 20 24
1 20 26
1 20 30
1 20 32
1 20 35
1 21 0
1 21 8
1 21 9
1 21 14
1 21 17
1 22 5
1 22 33
1 22 35
1 22 36
1 23 1
1 23 10
1 23 17
1 23 20
1 23 21
1 23 23
1 23 28
1 23 33
1 24 4
1 24 6
1 24 18
1 24 24
1 24 27
1 24 32
1 24 36
1 24 37
1 25 12
1 25 13
1 25 17
1 25 26
1 25 38
1 26 14
1 26 16
1 26 17
1 26 24
1 26 25
1 26 34
1 27 1
1 27 2
1 27 8
1 27 21
1 27 24
1 27 28
1 27 36
1 27 37
1 28 2
1 28 13
1 28 19
1 28 24
1 28 25
1 28 27
1 28 32
1 29 6
1 29 8
1 29 14
1 29 21
1 29 33
1 29 34
1 29 37
1 30 2
1 30 3
1 30 6
1 30 7
1 30 17
1 30 19
1 30 24
1 30 25
1 30 29
1 30 34
1 30 36
1 31 0
1 31 4
1 31 11
1 31 16
1 31 23
1 31 24
1 31 28
1 31 30
1 31 33
1 31 35
1 32 4
1 32 13
1 32 17
1 32 23
1 32 31
1 32 35
1 33 4
1 33 32
1 34 6
1 34 7
1 34 13
1 34 20
1 34 28
1 34 34
1 35 3
1 35 4
1 35 6
1 35 20
1 35 22
1 35 33
1 35 34
1 35 38
1 36 5
1 36 11
1 36 13
1 36 15
1 36 20
1 36 24
1 36 25
1 36 26
1 36 27
1 36 32
1 36 37
1 36 38
2 0 2
2 0 3
2 0 4
2 0 6
2 0 8
2 0 9
2 0 10
2 0 11
2 0 13
2 0 14
2 0 15
2 0 16
2 0 18
2 0 20
2 0 24
2 0 29
2 0 31
2 0 35
2 1 1
2 1 3
2 1 4
2 1 8
2 1 10
2 1 13
2 1 16
2 1 17
2 1 18
2 1 35
2 2 0
2 2 1
2 2 3
2 2 6
2 2 8
2 2 9
2 2 11
2 2 14
2 2 15
2 2 17
2 2 32
2 3 0
2 3 3
2 3 4
2 3 5
2 3 6
2 3 11
2 3 15
2 3 20
2 4 2
2 4 5
2 4 6
2 4 8
2 4 13
2 4 14
2 4 16
2 4 30
2 5 2
2 5 4
2 5 5
2 5 6
2 5 7
2 5 8
2 5 11
2 5 12
2 5 13
2 5 16
2 5 17
2 5 36
2 6 0
2 6 1
2 6 3
2 6 5
2 6 6
2 6 11
2 6 13
2 6 17
2 6 29
2 6 31
2 6 33
2 7 5
2 7 6
2 7 7
2 7 8
2 7 10
2 7 12
2 7 14
2 7 15
2 7 16
2 7 17
2 7 32
2 8 0
2 8 3
2 8 6
2 8 8
2 8 12
2 8 15
2 8 16
2 8 22
2 8 35
2 9 4
2 9 5
2 9 13
2 9 16
2 9 24
2 9 30
2 10 1
2 10 2
2 10 3
2 10 7
2 10 10
2 10 15
2 10 19
2 10 27
2 10 31
2 10 36
2 11 1
2 11 3
2 11 5
2 11 6
2 11 7
2 11 13
2 11 15
2 11 16
2 11 17
2 11 22
2 11 33
2 12 1
2 12 3
2 12 7
2 12 8
2 12 10
2 12 13
2 12 15
2 12 17
2 12 33
2 12 36
2 13 3
2 13 7
2 13 9
2 13 11
2 13 13
2 13 14
2 13 15
2 13 16
2 13 19
2 13 24
2 13 26
2 13 32
2 14 0
2 14 2
2 14 3
2 14 5
2 14 9
2 14 10
2 14 11
2 14 13
2 14 14
2 15 6
2 15 7
2 15 9
2 15 11
2 15 12
2 15 14
2 15 15
2 15 17
2 15 22
2 16 0
2 16 1
2 16 2
2 16 5
2 16 6
2 16 7
2 16 8
2 16 10
2 16 11
2 16 16
2 16 17
2 17 3
2 17 9
2 17 11
2 17 12
2 17 13
2 17 31
2 17 32
2 18 1
2 18 2
2 18 3
2 18 7
2 18 8
2 18 10
2 18 15
2 18 20
2 18 25
2 18 29
2 18 33
2 18 35
2 19 10
2 19 15
2 19 20
2 19 21
2 19 22
2 19 26
2 19 27
2 19 28
2 19 31
2 20 1
2 20 22
2 20 29
2 20 35
2 21 2
2 21 3
2 21 4
2 21 8
2 21 9
2 21 13
2 21 22
2 21 24
2 21 26
2 21 32
2 22 12
2 22 13
2 22 27
2 22 32
2 22 33
2 22 36
2 23 1
2 23 18
2 23 19
2 23 20
2 23 22
2 23 26
2 23 30
2 23 33
2 23 34
2 24 0
2 24 7
2 24 12
2 24 16
2 24 19
2 24 24
2 24 29
2 25 0
2 25 4
2 25 17
2 25 19
2 25 26
2 25 28
2 25 29
2 25 31
2 25 32
2 25 35
2 26 4
2 26 9
2 26 12
2 26 18
2 26 19
2 26 33
2 26 34
2 26 35
2 26 36
2 27 7
2 27 10
2 27 16
2 27 19
2 27 23
2 27 27
2 27 29
2 27 35
2 28 4
2 28 8
2 28 20
2 28 21
2 28 29
2 28 33
2 29 1
2 29 15
2 29 19
2 29 20
2 29 22
2 29 26
2 29 34
2 29 35
2 30 7
2 30 20
2 30 22
2 30 29
2 31 1
2 31 7
2 31 8
2 31 16
2 31 22
2 31 24
2 31 27
2 31 32
2 31 33
2 32 18
2 32 20
2 32 21
2 32 22
2 32 24
2 32 31
2 32 35
2 33 1
2 33 4
2 33 10
2 33 15
2 33 27
2 33 32
2 33 35
2 34 12
2 34 22
2 34 29
2 34 30
2 34 34
2 35 7
2 35 17
2 35 20
2 35 23
2 35 25
2 35 28
2 36 0
2 36 1
2 36 2
2 36 5
2 36 6
2 36 19
2 36 25
2 36 26
2 36 28
2 37 7
2 37 8
2 37 12
2 37 18
2 37 20
2 37 21
2 37 22
2 37 23
2 37 30
2 37 31
2 37 34
2 38 5
2 38 7
2 38 11
2 38 17
2 38 26
2 38 30
2 38 34
3 0 1
3 0 2
3 0 3
3 0 11
3 0 12
3 0 22
3 0 36
3 1 7
3 1 8
3 1 11
3 1 12
3 1 13
3 1 14
3 1 16
3 1 19
3 1 24
3 1 28
3 1 29
3 2 2
3 2 3
3 2 6
3 2 7
3 2 12
3 2 13
3 2 14
3 2 19
3 2 25
3 2 28
3 3 0
3 3 1
3 3 5
3 3 8
3 3 10
3 3 14
3 3 25
3 4 0
3 4 1
3 4 2
3 4 3
3 4 4
3 4 6
3 4 9
3 4 10
3 4 15
3 4 33
3 5 5
3 5 6
3 5 10
3 5 11
3 5 13
3 5 14
3 5 15
3 5 16
3 5 24
3 5 25
3 5 26
3 5 31
3 5 32
3 6 1
3 6 2
3 6 3
3 6 4
3 6 6
3 6 7
3 6 10
3 6 11
3 6 12
3 6 16
3 6 17
3 6 21
3 6 25
3 6 34
3 7 2
3 7 4
3 7 6
3 7 7
3 7 11
3 7 12
3 7 13
3 7 15
3 7 17
3 7 31
3 7 37
3 8 0
3 8 5
3 8 6
3 8 9
3 8 10
3 8 12
3 8 16
3 8 19
3 8 22
3 8 25
3 8 29
3 8 31
3 9 0
3 9 5
3 9 6
3 9 8
3 9 9
3 9 17
3 10 1
3 10 2
3 10 3
3 10 5
3 10 7
3 10 11
3 10 12
3 10 14
3 10 15
3 10 16
3 10 17
3 10 24
3 10 33
3 11 0
3 11 4
3 11 5
3 11 6
3 11 8
3 11 9
3 11 11
3 11 16
3 11 19
3 12 1
3 12 3
3 12 5
3 12 6
3 12 10
3 12 11
3 12 14
3 12 20
3 12 22
3 12 31
3 13 0
3 13 3
3 13 4
3 13 5
3 13 6
3 13 10
3 13 11
3 13 16
3 13 22
3 13 31
3 13 35
3 13 37
3 14 5
3 14 8
3 14 10
3 14 11
3 14 15
3 14 17
3 14 21
3 14 26
3 14 27
3 14 37
3 15 0
3 15 5
3 15 6
3 15 9
3 15 11
3 15 14
3 15 17
3 15 20
3 15 25
3 16 2
3 16 3
3 16 6
3 16 8
3 16 10
3 16 13
3 16 14
3 16 15
3 16 17
3 16 25
3 16 27
3 16 33
3 17 3
3 17 8
3 17 11
3 17 13
3 17 14
3 17 16
3 17 23
3 17 28
3 17 30
3 18 0
3 18 17
3 18 23
3 18 25
3 18 27
3 19 0
3 19 1
3 19 7
3 19 8
3 19 14
3 19 16
3 19 19
3 19 20
3 19 22
3 19 23
3 19 28
3 20 2
3 20 13
3 20 15
3 20 20
3 20 23
3 20 26
3 20 28
3 20 33
3 21 6
3 21 14
3 21 19
3 21 21
3 21 22
3 21 26
3 21 36
3 21 37
3 22 14
3 22 15
3 22 16
3 22 18
3 22 27
3 22 29
3 22 35
3 22 37
3 23 12
3 23 18
3 23 24
3 23 25
3 23 26
3 23 32
3 23 37
3 24 2
3 24 5
3 24 7
3 24 21
3 24 23
3 24 25
3 24 26
3 24 29
3 24 30
3 24 31
3 25 0
3 25 1
3 25 5
3 25 9
3 25 10
3 25 11
3 25 14
3 25 22
3 25 29
3 25 33
3 25 34
3 26 2
3 26 3
3 26 5
3 26 8
3 26 15
3 26 18
3 26 19
3 26 21
3 26 25
3 26 31
3 26 32
3 26 33
3 27 2
3 27 19
3 27 20
3 27 23
3 27 29
3 27 35
3 28 9
3 28 19
3 28 22
3 28 30
3 28 32
3 29 3
3 29 9
3 29 12
3 29 14
3 29 19
3 29 21
3 29 22
3 29 24
3 29 36
3 29 37
3 30 13
3 30 24
3 30 29
3 30 32
3 31 3
3 31 11
3 31 24
3 31 25
3 31 29
3 31 32
3 31 35
3 31 36
3 32 1
3 32 4
3 32 7
3 32 16
3 32 21
3 32 23
3 32 29
3 32 32
3 32 34
3 33 16
3 33 23
3 33 24
3 33 25
3 33 26
3 33 28
3 33 31
3 33 37
3 34 1
3 34 9
3 34 12
3 34 18
3 34 19
3 34 27
3 34 30
3 34 34
3 34 37
3 35 2
3 35 5
3 35 20
3 35 22
3 35 27
3 35 30
3 35 33
3 35 35
3 36 0
3 36 9
3 36 18
3 36 30
3 36 31
3 36 37