1536
4
48 47 49 47
1579

0 0 0 120 0 457 71 0 115 0 750 0 0 0 719 0 0 0 958 951 388 12 0 0 0 17 61 0 92 0 0 0 75 0 0 48 0 0 0 0 1 0 93 6 0 0 73 0
977 0 267 950 961 887 488 561 198 0 0 0 647 0 0 0 0 814 929 0 0 54 0 14 28 0 93 22 0 0 0 0 0 0 0 27 99 0 0 0 83 60 0 16 67 0 68
0 449 898 0 736 0 459 16 936 0 0 624 0 868 616 0 0 0 0 923 0 0 74 0 66 0 0 0 20 0 0 71 0 0 0 0 12 0 0 0 2 0 0 0 0 0 81 44 63
702 0 0 0 0 611 0 575 783 0 661 113 0 0 691 0 826 848 0 0 0 34 0 12 0 0 0 0 53 73 93 61 88 0 47 0 0 0 80 0 64 0 0 95 0 21 14

0 0 5
0 0 8
0 0 11
0 0 12
0 0 16
0 0 26
0 1 1
0 1 7
0 1 8
0 1 9
0 1 10
0 1 11
0 1 15
0 1 16
0 1 17
0 1 18
0 1 19
0 1 21
0 1 22
0 1 40
0 2 1
0 2 2
0 2 5
0 2 8
0 2 12
0 2 16
0 2 17
0 2 18
0 2 29
0 3 0
0 3 2
0 3 4
0 3 9
0 3 11
0 3 14
0 3 15
0 3 16
0 3 17
0 3 21
0 3 37
0 3 44
0 4 1
0 4 2
0 4 4
0 4 6
0 4 13
0 4 15
0 4 16
0 4 17
0 4 18
0 4 24
0 4 28
0 4 32
0 4 43
0 5 4
0 5 5
0 5 8
0 5 9
0 5 10
0 5 11
0 5 16
0 5 17
0 5 19
0 5 21
0 5 25
0 6 0
0 6 3
0 6 4
0 6 6
0 6 7
0 6 8
0 6 9
0 6 16
0 6 17
0 6 19
0 6 25
0 6 29
0 6 44
0 7 0
0 7 1
0 7 2
0 7 5
0 7 6
0 7 8
0 7 9
0 7 14
0 7 16
0 7 17
0 7 25
0 7 33
0 7 37
0 8 1
0 8 7
0 8 8
0 8 11
0 8 12
0 8 22
0 8 34
0 8 43
0 9 3
0 9 6
0 9 8
0 9 16
0 9 19
0 9 20
0 9 22
0 9 23
0 9 24
0 9 34
0 9 36
0 10 6
0 10 8
0 10 9
0 10 10
0 10 12
0 10 22
0 10 42
0 11 6
0 11 9
0 11 10
0 11 16
0 11 18
0 12 0
0 12 2
0 12 3
0 12 4
0 12 5
0 12 7
0 12 9
0 12 15
0 12 18
0 12 19
0 12 21
0 12 22
0 12 29
0 13 2
0 13 3
0 13 5
0 13 7
0 13 9
0 13 10
0 13 13
0 13 14
0 13 17
0 13 18
0 13 19
0 13 35
0 14 0
0 14 1
0 14 3
0 14 4
0 14 5
0 14 9
0 14 12
0 14 18
0 14 29
0 14 34
0 14 39
0 15 2
0 15 4
0 15 7
0 15 10
0 15 12
0 15 14
0 15 15
0 15 16
0 15 33
0 15 43
0 15 46
0 16 1
0 16 3
0 16 6
0 16 7
0 16 8
0 16 9
0 16 12
0 16 13
0 16 15
0 16 17
0 16 18
0 16 19
0 16 40
0 17 0
0 17 2
0 17 7
0 17 8
0 17 12
0 17 14
0 17 15
0 17 16
0 17 17
0 17 18
0 18 0
0 18 4
0 18 6
0 18 7
0 18 11
0 18 14
0 18 15
0 18 18
0 18 23
0 18 28
0 18 31
0 18 35
0 19 2
0 19 3
0 19 7
0 19 9
0 19 10
0 19 12
0 19 13
0 19 16
0 19 27
0 19 32
0 19 37
0 19 45
0 20 3
0 20 6
0 20 8
0 20 9
0 20 10
0 20 14
0 20 16
0 20 18
0 21 21
0 21 22
0 21 26
0 21 33
0 21 34
0 21 36
0 21 41
0 21 42
0 22 1
0 22 7
0 22 13
0 22 15
0 22 21
0 22 24
0 22 28
0 22 30
0 22 33
0 22 39
0 22 41
0 23 2
0 23 20
0 23 26
0 23 33
0 23 40
0 23 41
0 23 44
0 24 2
0 24 10
0 24 22
0 24 24
0 24 28
0 24 29
0 24 31
0 24 32
0 24 36
0 24 39
0 24 40
0 24 43
0 24 46
0 25 5
0 25 22
0 25 23
0 25 24
0 25 26
0 25 29
0 25 30
0 25 34
0 25 37
0 25 39
0 25 41
0 25 42
0 25 43
0 25 46
0 26 20
0 26 21
0 26 26
0 26 28
0 26 29
0 26 37
0 26 41
0 26 42
0 26 43
0 26 44
0 26 45
0 27 2
0 27 7
0 27 12
0 27 28
0 27 29
0 27 30
0 27 31
0 27 32
0 27 33
0 27 34
0 27 39
0 27 42
0 27 45
0 27 46
0 28 6
0 28 20
0 28 24
0 28 26
0 28 27
0 28 29
0 28 31
0 28 33
0 28 34
0 28 35
0 28 38
0 28 46
0 29 1
0 29 8
0 29 12
0 29 19
0 29 24
0 29 28
0 29 29
0 29 30
0 29 32
0 29 33
0 29 35
0 29 36
0 29 38
0 29 39
0 29 42
0 29 44
0 30 6
0 30 15
0 30 18
0 30 20
0 30 21
0 30 25
0 30 27
0 30 33
0 30 39
0 30 41
0 30 42
0 31 5
0 31 20
0 31 22
0 31 24
0 31 25
0 31 33
0 31 37
0 31 40
0 31 41
0 32 9
0 32 19
0 32 20
0 32 22
0 32 25
0 32 26
0 32 28
0 32 29
0 32 33
0 32 36
0 32 37
0 32 44
0 33 4
0 33 12
0 33 17
0 33 24
0 33 28
0 33 40
0 33 41
0 34 26
0 34 35
0 34 36
0 34 37
0 34 38
0 34 39
0 34 42
0 34 43
0 34 44
0 35 17
0 35 24
0 35 29
0 35 32
0 35 33
0 35 42
0 35 44
0 35 45
0 35 46
0 36 0
0 36 10
0 36 24
0 36 25
0 36 27
0 36 31
0 36 41
0 36 46
0 37 20
0 37 21
0 37 23
0 37 28
0 37 30
0 37 31
0 37 36
0 37 38
0 37 46
0 38 16
0 38 17
0 38 20
0 38 27
0 38 28
0 38 32
0 38 33
0 38 34
0 38 35
0 38 37
0 38 39
0 38 40
0 38 42
0 38 43
0 38 45
0 39 0
0 39 3
0 39 5
0 39 14
0 39 22
0 39 26
0 39 29
0 39 40
0 39 42
0 40 7
0 40 13
0 40 14
0 40 18
0 40 21
0 40 24
0 40 27
0 40 28
0 40 34
0 40 37
0 40 38
0 40 39
0 40 40
0 40 41
0 40 45
0 41 9
0 41 12
0 41 13
0 41 20
0 41 22
0 41 26
0 41 27
0 41 36
0 41 37
0 41 43
0 41 44
0 42 17
0 42 21
0 42 23
0 42 25
0 42 30
0 42 32
0 42 33
0 42 36
0 42 37
0 42 41
0 43 19
0 43 22
0 43 24
0 43 25
0 43 26
0 43 30
0 43 31
0 43 41
0 43 45
0 44 3
0 44 14
0 44 22
0 44 23
0 44 26
0 44 27
0 44 31
0 44 33
0 44 35
0 44 38
0 44 39
0 44 43
0 45 6
0 45 17
0 45 20
0 45 24
0 45 28
0 45 36
0 45 39
0 45 46
0 46 11
0 46 22
0 46 24
0 46 27
0 46 30
0 46 31
0 46 32
0 46 39
0 46 41
0 46 43
0 46 44
0 46 45
0 46 46
0 47 7
0 47 13
0 47 21
0 47 22
0 47 29
0 47 32
0 47 35
0 47 37
0 47 39
0 47 41
0 47 42
0 47 43
0 47 44
1 0 5
1 0 10
1 0 16
1 0 18
1 0 20
1 0 46
1 1 0
1 1 3
1 1 4
1 1 7
1 1 8
1 1 9
1 1 10
1 1 16
1 1 17
1 1 18
1 1 20
1 1 28
1 1 30
1 2 0
1 2 1
1 2 3
1 2 4
1 2 5
1 2 6
1 2 7
1 2 9
1 2 10
1 2 16
1 2 31
1 3 3
1 3 4
1 3 5
1 3 6
1 3 9
1 3 14
1 3 15
1 3 16
1 3 18
1 3 19
1 3 20
1 3 45
1 3 46
1 4 3
1 4 5
1 4 11
1 4 12
1 4 13
1 4 14
1 4 17
1 4 22
1 4 29
1 4 35
1 5 7
1 5 8
1 5 9
1 5 11
1 5 12
1 5 14
1 5 16
1 5 17
1 5 20
1 5 27
1 5 39
1 5 42
1 6 0
1 6 2
1 6 7
1 6 11
1 6 12
1 6 14
1 6 15
1 6 16
1 6 17
1 6 45
1 6 46
1 7 1
1 7 3
1 7 5
1 7 7
1 7 8
1 7 12
1 7 14
1 7 15
1 7 16
1 7 24
1 7 35
1 7 40
1 7 44
1 8 3
1 8 4
1 8 5
1 8 6
1 8 7
1 8 8
1 8 16
1 8 17
1 8 19
1 8 20
1 8 30
1 9 0
1 9 2
1 9 8
1 9 9
1 9 12
1 9 16
1 9 17
1 9 18
1 9 20
1 9 44
1 10 0
1 10 1
1 10 2
1 10 3
1 10 5
1 10 7
1 10 10
1 10 12
1 10 14
1 10 16
1 10 20
1 10 43
1 11 1
1 11 5
1 11 6
1 11 7
1 11 9
1 11 10
1 11 11
1 11 12
1 11 16
1 11 17
1 11 20
1 11 22
1 11 27
1 11 46
1 12 1
1 12 2
1 12 4
1 12 6
1 12 7
1 12 8
1 12 9
1 12 12
1 12 17
1 12 18
1 12 20
1 12 21
1 12 39
1 12 41
1 13 7
1 13 9
1 13 10
1 13 14
1 13 18
1 13 19
1 13 20
1 14 2
1 14 3
1 14 4
1 14 6
1 14 8
1 14 10
1 14 12
1 14 14
1 14 20
1 14 25
1 14 47
1 15 0
1 15 3
1 15 6
1 15 10
1 15 12
1 15 13
1 15 18
1 15 19
1 15 25
1 16 1
1 16 4
1 16 6
1 16 7
1 16 9
1 16 10
1 16 11
1 16 12
1 16 13
1 16 14
1 16 15
1 16 18
1 16 25
1 16 27
1 16 30
1 16 31
1 16 38
1 16 41
1 16 45
1 16 48
1 17 2
1 17 6
1 17 8
1 17 10
1 17 12
1 17 15
1 17 16
1 17 17
1 17 20
1 17 24
1 17 26
1 17 28
1 17 30
1 17 43
1 18 2
1 18 4
1 18 6
1 18 7
1 18 12
1 18 13
1 18 17
1 18 19
1 18 24
1 18 30
1 18 33
1 18 36
1 19 1
1 19 13
1 19 17
1 19 18
1 19 20
1 19 30
1 19 38
1 20 2
1 20 25
1 20 26
1 20 29
1 20 31
1 20 34
1 20 39
1 20 40
1 20 42
1 20 43
1 20 47
1 21 4
1 21 13
1 21 21
1 21 22
1 21 23
1 21 24
1 21 44
1 22 18
1 22 22
1 22 24
1 22 27
1 22 29
1 22 33
1 22 38
1 22 39
1 22 40
1 23 3
1 23 6
1 23 23
1 23 27
1 23 28
1 23 32
1 23 33
1 23 37
1 23 39
1 24 3
1 24 13
1 24 24
1 24 26
1 24 37
1 24 43
1 24 46
1 25 6
1 25 8
1 25 16
1 25 18
1 25 20
1 25 21
1 25 24
1 25 33
1 25 35
1 25 39
1 25 47
1 25 48
1 26 1
1 26 3
1 26 5
1 26 7
1 26 9
1 26 12
1 26 24
1 26 28
1 26 31
1 26 36
1 26 38
1 26 41
1 26 42
1 26 48
1 27 2
1 27 7
1 27 13
1 27 22
1 27 27
1 27 30
1 27 31
1 27 36
1 27 37
1 27 39
1 27 41
1 27 45
1 28 1
1 28 3
1 28 7
1 28 11
1 28 15
1 28 21
1 28 23
1 28 29
1 28 32
1 28 33
1 28 35
1 28 36
1 28 37
1 28 38
1 28 43
1 28 46
1 29 5
1 29 9
1 29 20
1 29 26
1 29 27
1 29 32
1 29 38
1 29 42
1 29 43
1 30 0
1 30 6
1 30 10
1 30 12
1 30 13
1 30 16
1 30 17
1 30 27
1 30 28
1 30 30
1 30 36
1 30 37
1 30 38
1 30 42
1 30 43
1 30 44
1 31 22
1 31 23
1 31 28
1 31 31
1 31 33
1 31 35
1 31 37
1 31 40
1 31 42
1 31 47
1 31 48
1 32 0
1 32 27
1 32 28
1 32 34
1 32 35
1 32 40
1 32 42
1 32 43
1 33 3
1 33 6
1 33 15
1 33 23
1 33 31
1 33 32
1 33 33
1 33 36
1 33 39
1 34 13
1 34 19
1 34 24
1 34 32
1 34 38
1 34 39
1 34 41
1 34 46
1 34 48
1 35 17
1 35 22
1 35 23
1 35 26
1 35 27
1 35 29
1 35 31
1 35 32
1 35 35
1 35 42
1 35 48
1 36 10
1 36 25
1 36 33
1 36 35
1 36 36
1 36 38
1 36 39
1 36 42
1 37 11
1 37 21
1 37 24
1 37 26
1 37 29
1 37 37
1 37 46
1 37 47
1 38 8
1 38 16
1 38 27
1 38 28
1 38 29
1 38 31
1 38 34
1 38 37
1 38 39
1 38 40
1 38 47
1 39 5
1 39 19
1 39 23
1 39 24
1 39 33
1 39 37
1 39 39
1 39 40
1 39 46
1 40 21
1 40 23
1 40 25
1 40 26
1 40 30
1 40 34
1 40 39
1 40 40
1 40 48
1 41 13
1 41 24
1 41 28
1 41 29
1 41 33
1 41 35
1 41 37
1 41 44
1 41 45
1 42 1
1 42 9
1 42 10
1 42 13
1 42 24
1 42 26
1 42 29
1 42 30
1 42 36
1 42 37
1 42 40
1 42 42
1 42 43
1 42 46
1 42 48
1 43 5
1 43 13
1 43 14
1 43 21
1 43 22
1 43 24
1 43 25
1 43 27
1 43 28
1 43 29
1 43 30
1 43 35
1 43 37
1 43 39
1 43 40
1 43 44
1 43 46
1 44 11
1 44 14
1 44 16
1 44 22
1 44 23
1 44 24
1 44 26
1 44 28
1 44 29
1 44 40
1 44 44
1 44 45
1 44 47
1 44 48
1 45 9
1 45 24
1 45 31
1 45 38
1 45 41
1 45 44
1 45 47
1 46 2
1 46 10
1 46 21
1 46 22
1 46 25
1 46 26
1 46 27
1 46 28
1 46 30
1 46 35
1 46 36
1 46 39
1 46 43
1 46 48
2 0 0
2 0 6
2 0 13
2 0 16
2 0 17
2 0 21
2 0 27
2 0 31
2 1 0
2 1 6
2 1 8
2 1 9
2 1 12
2 1 15
2 1 16
2 1 17
2 1 18
2 1 31
2 1 32
2 1 36
2 1 45
2 2 0
2 2 1
2 2 2
2 2 8
2 2 11
2 2 14
2 2 15
2 2 17
2 2 34
2 3 0
2 3 2
2 3 9
2 3 11
2 3 13
2 3 14
2 3 19
2 3 20
2 3 25
2 4 1
2 4 3
2 4 4
2 4 5
2 4 6
2 4 7
2 4 10
2 4 13
2 4 16
2 4 19
2 4 27
2 5 3
2 5 7
2 5 8
2 5 9
2 5 13
2 5 14
2 5 15
2 5 17
2 5 18
2 5 24
2 5 26
2 5 39
2 5 40
2 5 41
2 6 7
2 6 12
2 6 14
2 6 15
2 6 16
2 6 18
2 6 21
2 6 31
2 6 32
2 6 33
2 6 43
2 7 4
2 7 7
2 7 11
2 7 14
2 7 16
2 7 19
2 7 20
2 7 22
2 7 23
2 7 44
2 8 0
2 8 2
2 8 3
2 8 5
2 8 6
2 8 8
2 8 9
2 8 10
2 8 12
2 8 13
2 8 15
2 8 19
2 8 34
2 8 40
2 8 43
2 9 3
2 9 5
2 9 6
2 9 9
2 9 10
2 9 12
2 9 14
2 9 15
2 9 30
2 9 44
2 10 3
2 10 4
2 10 6
2 10 7
2 10 8
2 10 9
2 10 12
2 10 14
2 10 15
2 10 16
2 10 27
2 10 37
2 10 41
2 10 43
2 11 0
2 11 4
2 11 5
2 11 6
2 11 8
2 11 10
2 11 11
2 11 13
2 11 15
2 11 18
2 11 30
2 11 32
2 12 1
2 12 5
2 12 12
2 12 14
2 12 17
2 12 24
2 12 25
2 12 27
2 12 32
2 12 46
2 13 0
2 13 4
2 13 5
2 13 7
2 13 8
2 13 10
2 13 13
2 13 16
2 13 17
2 13 18
2 14 2
2 14 3
2 14 7
2 14 8
2 14 12
2 14 14
2 14 17
2 14 31
2 15 1
2 15 4
2 15 5
2 15 6
2 15 7
2 15 8
2 15 9
2 15 11
2 15 14
2 15 15
2 15 17
2 15 18
2 15 19
2 15 22
2 15 24
2 15 32
2 15 42
2 16 0
2 16 3
2 16 5
2 16 13
2 16 17
2 16 23
2 16 24
2 16 25
2 17 1
2 17 2
2 17 3
2 17 9
2 17 10
2 17 11
2 17 14
2 17 16
2 17 18
2 17 19
2 17 20
2 17 25
2 17 45
2 18 1
2 18 2
2 18 5
2 18 7
2 18 10
2 18 14
2 18 15
2 18 33
2 18 35
2 18 45
2 18 46
2 19 0
2 19 1
2 19 4
2 19 5
2 19 6
2 19 10
2 19 14
2 19 15
2 19 17
2 20 0
2 20 1
2 20 2
2 20 4
2 20 5
2 20 6
2 20 8
2 20 9
2 20 10
2 20 11
2 20 12
2 20 13
2 20 17
2 20 19
2 21 14
2 21 21
2 21 24
2 21 27
2 21 40
2 21 46
2 22 4
2 22 5
2 22 20
2 22 21
2 22 24
2 22 28
2 22 33
2 22 35
2 22 39
2 22 41
2 22 44
2 23 3
2 23 5
2 23 11
2 23 20
2 23 21
2 23 24
2 23 26
2 23 28
2 23 36
2 23 37
2 23 39
2 23 40
2 23 42
2 23 45
2 24 6
2 24 11
2 24 16
2 24 24
2 24 25
2 24 29
2 24 38
2 24 45
2 24 46
2 25 2
2 25 12
2 25 13
2 25 17
2 25 23
2 25 24
2 25 30
2 25 31
2 25 35
2 25 38
2 25 41
2 25 42
2 25 45
2 25 46
2 26 7
2 26 11
2 26 14
2 26 17
2 26 27
2 26 29
2 26 31
2 26 36
2 26 39
2 26 41
2 26 44
2 27 1
2 27 2
2 27 10
2 27 20
2 27 22
2 27 25
2 27 28
2 27 29
2 27 30
2 27 31
2 27 33
2 27 34
2 27 41
2 27 43
2 27 46
2 28 9
2 28 11
2 28 20
2 28 21
2 28 23
2 28 26
2 28 28
2 28 29
2 28 36
2 28 37
2 28 39
2 28 43
2 29 18
2 29 20
2 29 26
2 29 33
2 29 38
2 29 40
2 29 42
2 29 44
2 30 4
2 30 6
2 30 9
2 30 15
2 30 16
2 30 19
2 30 20
2 30 25
2 30 27
2 30 32
2 30 33
2 30 35
2 30 40
2 30 42
2 31 15
2 31 22
2 31 23
2 31 25
2 31 27
2 31 39
2 31 43
2 31 45
2 32 14
2 32 17
2 32 21
2 32 26
2 32 32
2 32 34
2 32 36
2 32 42
2 32 43
2 32 46
2 33 7
2 33 17
2 33 27
2 33 29
2 33 32
2 33 33
2 33 34
2 33 37
2 33 39
2 33 41
2 33 43
2 34 3
2 34 11
2 34 19
2 34 21
2 34 22
2 34 24
2 34 28
2 34 29
2 34 32
2 34 36
2 34 39
2 34 44
2 34 45
2 34 46
2 35 14
2 35 21
2 35 27
2 35 28
2 35 29
2 35 30
2 35 38
2 35 40
2 35 41
2 35 44
2 35 46
2 36 7
2 36 9
2 36 22
2 36 27
2 36 28
2 36 39
2 36 40
2 36 44
2 37 9
2 37 15
2 37 18
2 37 19
2 37 20
2 37 28
2 37 30
2 37 31
2 37 32
2 37 33
2 37 41
2 37 42
2 38 2
2 38 11
2 38 15
2 38 20
2 38 23
2 38 29
2 38 31
2 38 33
2 38 37
2 38 39
2 38 41
2 38 42
2 38 46
2 39 1
2 39 7
2 39 12
2 39 17
2 39 18
2 39 25
2 39 32
2 39 35
2 39 45
2 40 24
2 40 33
2 40 37
2 40 38
2 40 42
2 40 44
2 40 46
2 41 1
2 41 3
2 41 4
2 41 11
2 41 12
2 41 27
2 41 33
2 41 39
2 41 43
2 41 45
2 41 46
2 42 1
2 42 2
2 42 7
2 42 21
2 42 25
2 42 27
2 42 28
2 42 29
2 42 32
2 42 33
2 42 35
2 42 36
2 42 39
2 42 40
2 42 43
2 42 44
2 43 6
2 43 12
2 43 14
2 43 25
2 43 34
2 43 42
2 43 46
2 44 6
2 44 21
2 44 23
2 44 24
2 44 26
2 44 27
2 44 28
2 44 29
2 44 31
2 44 34
2 44 38
2 44 45
2 44 46
2 45 5
2 45 21
2 45 22
2 45 23
2 45 30
2 45 37
2 45 38
2 45 42
2 45 46
2 46 10
2 46 24
2 46 25
2 46 27
2 46 29
2 46 30
2 46 31
2 46 36
2 46 38
2 46 43
2 47 26
2 47 27
2 47 28
2 47 30
2 47 33
2 47 38
2 47 43
2 47 44
2 48 6
2 48 9
2 48 21
2 48 26
2 48 29
2 48 30
2 48 33
2 48 34
2 48 36
2 48 39
2 48 41
2 48 46