2154
3
55 56 55
1263

660 159 0 154 447 0 75 435 0 0 243 0 199 0 892 582 111 0 0 28 0 0 83 0 0 0 45 6 0 50 98 49 0 0 99 79 26 80 0 0 18 0 7 2 66 48 21 53 59 81 0 0 0 26 0
912 0 0 0 286 29 0 0 171 0 920 516 0 586 321 0 837 0 0 0 100 0 75 0 0 99 85 20 24 14 82 88 6 28 0 0 74 0 77 0 34 9 0 51 2 0 0 59 0 57 62 49 0 0 0 21
741 0 0 704 619 120 724 608 83 0 196 0 367 140 0 909 0 377 51 0 35 0 45 34 0 0 0 0 0 88 0 95 78 33 17 33 73 0 0 0 0 66 80 0 0 0 0 0 62 0 42 4 0 0 0

0 0 2
0 0 4
0 0 12
0 0 13
0 0 14
0 0 15
0 0 18
0 0 20
0 0 32
0 0 34
0 0 42
0 0 55
0 1 10
0 1 11
0 1 13
0 1 18
0 1 19
0 1 20
0 1 29
0 1 46
0 1 53
0 2 2
0 2 5
0 2 6
0 2 11
0 2 12
0 2 13
0 2 15
0 2 16
0 2 19
0 2 21
0 2 28
0 2 47
0 2 52
0 3 10
0 3 13
0 3 15
0 3 18
0 3 19
0 3 25
0 3 37
0 3 45
0 3 49
0 4 5
0 4 6
0 4 7
0 4 10
0 4 11
0 4 15
0 4 19
0 4 21
0 4 30
0 5 6
0 5 12
0 5 13
0 5 18
0 5 19
0 5 28
0 5 34
0 5 37
0 5 40
0 5 43
0 5 46
0 5 49
0 5 53
0 6 4
0 6 9
0 6 11
0 6 12
0 6 13
0 6 14
0 6 16
0 6 25
0 6 31
0 6 54
0 7 4
0 7 5
0 7 8
0 7 15
0 7 16
0 7 18
0 7 28
0 7 53
0 8 0
0 8 4
0 8 6
0 8 8
0 8 9
0 8 12
0 8 14
0 8 15
0 8 16
0 8 17
0 8 19
0 8 20
0 8 39
0 8 42
0 8 45
0 8 53
0 9 1
0 9 4
0 9 7
0 9 9
0 9 11
0 9 17
0 9 32
0 9 34
0 9 36
0 9 40
0 9 42
0 9 44
0 9 51
0 10 2
0 10 5
0 10 6
0 10 7
0 10 11
0 10 14
0 10 15
0 10 16
0 10 17
0 10 18
0 10 26
0 10 50
0 10 51
0 11 1
0 11 5
0 11 6
0 11 8
0 11 10
0 11 27
0 11 35
0 11 41
0 11 43
0 11 47
0 11 48
0 12 6
0 12 8
0 12 11
0 12 39
0 12 44
0 12 46
0 13 3
0 13 6
0 13 10
0 13 11
0 13 16
0 13 42
0 13 43
0 13 49
0 13 53
0 13 55
0 14 0
0 14 5
0 14 10
0 14 15
0 14 17
0 14 18
0 14 19
0 14 21
0 14 23
0 14 26
0 14 44
0 14 50
0 15 2
0 15 4
0 15 9
0 15 10
0 15 12
0 15 14
0 15 17
0 15 30
0 16 1
0 16 3
0 16 4
0 16 6
0 16 16
0 16 17
0 16 21
0 16 25
0 16 26
0 16 37
0 16 40
0 16 55
0 17 3
0 17 14
0 17 17
0 17 25
0 17 35
0 17 40
0 18 1
0 18 8
0 18 9
0 18 12
0 18 27
0 18 33
0 18 42
0 18 53
0 19 0
0 19 11
0 19 20
0 19 26
0 19 28
0 19 29
0 19 30
0 19 32
0 19 33
0 19 42
0 19 44
0 19 48
0 19 49
0 20 2
0 20 3
0 20 10
0 20 17
0 20 19
0 20 27
0 20 31
0 20 36
0 20 37
0 20 39
0 20 40
0 20 41
0 20 52
0 20 53
0 21 4
0 21 17
0 21 18
0 21 20
0 21 21
0 21 24
0 21 27
0 21 37
0 21 38
0 21 45
0 21 49
0 21 53
0 21 54
0 22 18
0 22 24
0 22 25
0 22 26
0 22 29
0 22 30
0 22 31
0 22 39
0 22 46
0 22 48
0 23 0
0 23 1
0 23 6
0 23 14
0 23 23
0 23 24
0 23 25
0 23 29
0 23 31
0 23 32
0 23 34
0 23 36
0 23 40
0 23 42
0 23 44
0 23 48
0 23 49
0 23 51
0 23 53
0 23 54
0 23 55
0 24 4
0 24 8
0 24 23
0 24 27
0 24 29
0 24 30
0 24 31
0 24 35
0 24 37
0 24 38
0 24 47
0 24 55
0 25 2
0 25 13
0 25 18
0 25 20
0 25 21
0 25 23
0 25 25
0 25 27
0 25 29
0 25 31
0 25 37
0 25 39
0 25 42
0 25 43
0 25 45
0 25 46
0 25 51
0 25 53
0 26 6
0 26 10
0 26 14
0 26 16
0 26 17
0 26 26
0 26 29
0 26 30
0 26 33
0 26 39
0 26 48
0 26 53
0 26 54
0 27 6
0 27 16
0 27 21
0 27 27
0 27 29
0 27 33
0 27 34
0 27 40
0 27 41
0 27 45
0 27 46
0 27 54
0 28 4
0 28 18
0 28 20
0 28 21
0 28 23
0 28 29
0 28 35
0 28 37
0 28 38
0 28 39
0 28 44
0 28 52
0 28 54
0 29 5
0 29 13
0 29 18
0 29 19
0 29 21
0 29 28
0 29 29
0 29 32
0 29 36
0 29 43
0 29 45
0 29 50
0 29 51
0 29 53
0 30 20
0 30 24
0 30 39
0 30 40
0 30 41
0 30 46
0 30 47
0 30 48
0 30 55
0 31 17
0 31 24
0 31 27
0 31 31
0 31 34
0 31 37
0 31 44
0 31 47
0 31 49
0 31 51
0 32 0
0 32 12
0 32 19
0 32 22
0 32 24
0 32 30
0 32 31
0 32 32
0 32 35
0 32 37
0 32 39
0 32 40
0 32 41
0 32 43
0 32 47
0 32 48
0 32 50
0 32 51
0 32 52
0 32 54
0 32 55
0 33 0
0 33 17
0 33 18
0 33 28
0 33 31
0 33 33
0 33 37
0 33 40
0 33 41
0 33 42
0 33 43
0 33 46
0 33 47
0 34 23
0 34 32
0 34 33
0 34 35
0 34 40
0 34 46
0 34 47
0 35 15
0 35 20
0 35 34
0 35 37
0 35 39
0 35 44
0 35 48
0 35 55
0 36 0
0 36 7
0 36 10
0 36 21
0 36 30
0 36 33
0 36 34
0 36 41
0 36 42
0 36 47
0 36 51
0 36 52
0 36 53
0 36 54
0 37 0
0 37 19
0 37 20
0 37 24
0 37 25
0 37 26
0 37 27
0 37 29
0 37 32
0 37 34
0 37 35
0 37 39
0 37 40
0 37 43
0 37 44
0 37 47
0 37 48
0 37 54
0 37 55
0 38 7
0 38 20
0 38 21
0 38 23
0 38 25
0 38 28
0 38 29
0 38 30
0 38 37
0 38 46
0 38 49
0 38 50
0 38 52
0 38 54
0 38 55
0 39 19
0 39 20
0 39 21
0 39 22
0 39 24
0 39 32
0 39 35
0 39 37
0 39 38
0 39 40
0 39 44
0 39 50
0 39 51
0 39 54
0 40 0
0 40 4
0 40 6
0 40 7
0 40 15
0 40 21
0 40 26
0 40 32
0 40 33
0 40 35
0 40 40
0 40 41
0 40 47
0 40 48
0 40 50
0 40 54
0 41 2
0 41 8
0 41 13
0 41 17
0 41 29
0 41 32
0 41 33
0 41 36
0 41 38
0 41 39
0 41 40
0 41 41
0 41 48
0 41 53
0 42 14
0 42 17
0 42 18
0 42 20
0 42 23
0 42 30
0 42 31
0 42 32
0 42 36
0 42 43
0 42 47
0 42 48
0 42 51
0 42 52
0 42 55
0 43 16
0 43 23
0 43 30
0 43 31
0 43 33
0 43 35
0 43 38
0 43 41
0 43 44
0 43 48
0 44 26
0 44 27
0 44 28
0 44 29
0 44 30
0 44 31
0 44 32
0 44 34
0 44 35
0 44 36
0 44 37
0 44 45
0 44 46
0 44 47
0 44 49
0 44 53
0 44 54
0 45 20
0 45 22
0 45 23
0 45 28
0 45 32
0 45 33
0 45 34
0 45 36
0 45 41
0 45 44
0 45 48
0 45 50
0 45 55
0 46 8
0 46 15
0 46 22
0 46 30
0 46 32
0 46 33
0 46 37
0 46 41
0 46 45
0 46 46
0 46 49
0 46 52
0 47 12
0 47 24
0 47 25
0 47 27
0 47 30
0 47 31
0 47 35
0 47 44
0 47 46
0 47 48
0 47 49
0 47 50
0 48 15
0 48 21
0 48 25
0 48 29
0 48 30
0 48 38
0 48 40
0 48 42
0 48 46
0 48 53
0 49 4
0 49 12
0 49 17
0 49 20
0 49 24
0 49 28
0 49 35
0 49 36
0 49 39
0 49 42
0 49 47
0 49 48
0 49 49
0 49 50
0 49 51
0 49 53
0 49 54
0 50 21
0 50 22
0 50 24
0 50 39
0 50 41
0 50 43
0 50 45
0 50 48
0 50 52
0 51 0
0 51 16
0 51 19
0 51 24
0 51 25
0 51 27
0 51 31
0 51 36
0 51 39
0 51 40
0 51 41
0 51 43
0 51 45
0 51 46
0 51 49
0 51 51
0 52 1
0 52 3
0 52 14
0 52 26
0 52 28
0 52 29
0 52 32
0 52 33
0 52 37
0 52 43
0 52 47
0 52 54
0 53 7
0 53 13
0 53 20
0 53 24
0 53 28
0 53 31
0 53 33
0 53 37
0 53 40
0 53 42
0 53 43
0 53 44
0 53 45
0 53 49
0 53 51
0 53 54
0 54 16
0 54 20
0 54 25
0 54 30
0 54 32
0 54 33
0 54 44
0 54 48
1 0 4
1 0 6
1 0 7
1 0 11
1 0 13
1 0 16
1 0 18
1 0 31
1 0 44
1 0 54
1 1 0
1 1 2
1 1 7
1 1 8
1 1 10
1 1 16
1 1 42
1 2 5
1 2 6
1 2 7
1 2 10
1 2 11
1 2 13
1 2 49
1 3 0
1 3 5
1 3 15
1 3 17
1 3 18
1 3 19
1 4 3
1 4 5
1 4 12
1 4 14
1 4 22
1 4 27
1 4 33
1 4 37
1 5 2
1 5 8
1 5 14
1 5 16
1 5 18
1 5 27
1 5 45
1 6 0
1 6 5
1 6 6
1 6 8
1 6 9
1 6 13
1 6 17
1 6 37
1 6 53
1 7 2
1 7 14
1 7 16
1 7 24
1 7 39
1 8 0
1 8 1
1 8 3
1 8 7
1 8 10
1 8 12
1 8 13
1 8 15
1 8 16
1 8 17
1 8 31
1 8 53
1 9 0
1 9 1
1 9 14
1 9 17
1 9 18
1 9 19
1 9 22
1 9 31
1 9 36
1 9 43
1 10 2
1 10 9
1 10 12
1 10 13
1 10 15
1 10 16
1 10 18
1 11 4
1 11 6
1 11 8
1 11 17
1 11 49
1 12 3
1 12 13
1 12 27
1 12 28
1 12 36
1 12 54
1 13 6
1 13 7
1 13 9
1 13 17
1 13 18
1 13 32
1 13 42
1 14 1
1 14 2
1 14 9
1 14 11
1 14 14
1 14 15
1 14 22
1 14 29
1 14 43
1 14 47
1 15 0
1 15 2
1 15 5
1 15 6
1 15 16
1 15 31
1 15 52
1 16 2
1 16 9
1 16 21
1 16 24
1 16 33
1 16 43
1 16 49
1 17 0
1 17 1
1 17 4
1 17 9
1 17 10
1 17 11
1 17 12
1 17 17
1 17 18
1 17 53
1 18 2
1 18 7
1 18 16
1 18 32
1 18 41
1 18 43
1 19 1
1 19 2
1 19 4
1 19 5
1 19 7
1 19 18
1 19 28
1 19 36
1 19 39
1 19 52
1 20 8
1 20 24
1 20 30
1 20 31
1 20 33
1 20 37
1 20 40
1 20 42
1 20 46
1 20 49
1 20 52
1 20 54
1 21 19
1 21 23
1 21 30
1 21 32
1 21 34
1 21 51
1 22 1
1 22 20
1 22 21
1 22 22
1 22 24
1 22 31
1 22 34
1 22 39
1 22 52
1 23 3
1 23 7
1 23 16
1 23 24
1 23 38
1 23 41
1 23 44
1 23 45
1 23 52
1 23 53
1 23 54
1 24 3
1 24 14
1 24 19
1 24 26
1 24 27
1 24 28
1 24 31
1 24 38
1 24 40
1 24 41
1 24 45
1 24 49
1 24 51
1 24 52
1 25 4
1 25 9
1 25 16
1 25 21
1 25 24
1 25 26
1 25 29
1 25 32
1 25 34
1 25 35
1 25 37
1 25 40
1 25 41
1 25 43
1 25 44
1 25 46
1 26 1
1 26 19
1 26 20
1 26 25
1 26 26
1 26 31
1 26 32
1 26 34
1 26 40
1 26 44
1 26 47
1 26 48
1 27 10
1 27 21
1 27 31
1 27 33
1 27 34
1 27 35
1 27 40
1 27 42
1 27 43
1 27 49
1 27 50
1 28 10
1 28 22
1 28 24
1 28 25
1 28 26
1 28 31
1 28 33
1 28 35
1 28 37
1 28 40
1 28 42
1 28 43
1 28 44
1 28 47
1 28 50
1 28 51
1 29 9
1 29 12
1 29 20
1 29 24
1 29 27
1 29 28
1 29 40
1 29 45
1 29 49
1 30 14
1 30 25
1 30 27
1 30 28
1 30 33
1 30 35
1 30 36
1 30 37
1 30 41
1 30 47
1 30 50
1 30 52
1 31 22
1 31 26
1 31 32
1 31 34
1 31 41
1 31 42
1 31 43
1 31 45
1 31 50
1 31 51
1 31 53
1 32 19
1 32 21
1 32 25
1 32 29
1 32 31
1 32 33
1 32 39
1 32 45
1 32 47
1 33 1
1 33 5
1 33 22
1 33 23
1 33 24
1 33 26
1 33 31
1 33 40
1 33 41
1 33 50
1 33 52
1 33 54
1 34 0
1 34 12
1 34 20
1 34 34
1 34 36
1 34 39
1 34 42
1 34 43
1 34 49
1 34 51
1 34 53
1 35 8
1 35 10
1 35 25
1 35 27
1 35 31
1 35 36
1 35 37
1 35 39
1 35 41
1 35 46
1 35 47
1 35 48
1 35 49
1 35 52
1 35 53
1 36 13
1 36 20
1 36 21
1 36 28
1 36 35
1 36 38
1 36 39
1 36 44
1 36 48
1 36 50
1 36 51
1 37 2
1 37 5
1 37 13
1 37 14
1 37 19
1 37 23
1 37 26
1 37 29
1 37 34
1 37 36
1 37 45
1 38 10
1 38 19
1 38 20
1 38 28
1 38 31
1 38 33
1 38 36
1 38 37
1 38 43
1 38 45
1 38 47
1 38 48
1 38 51
1 38 52
1 39 19
1 39 20
1 39 24
1 39 25
1 39 28
1 39 30
1 39 33
1 39 36
1 39 37
1 39 40
1 39 51
1 39 54
1 40 2
1 40 8
1 40 12
1 40 20
1 40 22
1 40 24
1 40 27
1 40 32
1 40 37
1 40 44
1 40 45
1 40 46
1 40 51
1 40 53
1 41 4
1 41 9
1 41 20
1 41 21
1 41 23
1 41 26
1 41 31
1 41 32
1 41 33
1 41 34
1 41 40
1 41 47
1 41 48
1 41 51
1 42 12
1 42 22
1 42 23
1 42 26
1 42 30
1 42 31
1 42 32
1 42 43
1 42 45
1 42 49
1 42 53
1 43 21
1 43 22
1 43 24
1 43 25
1 43 28
1 43 29
1 43 31
1 43 41
1 43 50
1 43 52
1 44 22
1 44 33
1 44 34
1 44 35
1 44 37
1 44 38
1 44 44
1 44 46
1 44 48
1 44 50
1 44 52
1 45 16
1 45 22
1 45 25
1 45 28
1 45 29
1 45 31
1 45 33
1 45 36
1 45 38
1 45 43
1 45 50
1 46 1
1 46 10
1 46 31
1 46 36
1 46 43
1 46 47
1 46 50
1 47 4
1 47 7
1 47 19
1 47 20
1 47 23
1 47 28
1 47 32
1 47 36
1 47 37
1 47 38
1 47 50
1 47 52
1 48 9
1 48 22
1 48 24
1 48 25
1 48 26
1 48 29
1 48 30
1 48 32
1 48 34
1 48 41
1 48 43
1 48 47
1 48 49
1 48 52
1 49 0
1 49 15
1 49 20
1 49 23
1 49 25
1 49 28
1 49 32
1 49 34
1 49 36
1 49 39
1 49 43
1 49 44
1 49 45
1 49 53
1 49 54
1 50 8
1 50 25
1 50 26
1 50 30
1 50 45
1 50 47
1 50 48
1 50 50
1 50 53
1 51 20
1 51 23
1 51 25
1 51 27
1 51 30
1 51 37
1 51 38
1 51 39
1 51 42
1 51 43
1 51 45
1 51 49
1 51 51
1 51 52
1 52 11
1 52 19
1 52 20
1 52 23
1 52 25
1 52 26
1 52 29
1 52 45
1 52 46
1 52 49
1 52 50
1 52 51
1 52 52
1 53 1
1 53 13
1 53 20
1 53 26
1 53 28
1 53 30
1 53 35
1 53 38
1 53 41
1 53 42
1 53 44
1 53 50
1 53 53
1 54 10
1 54 21
1 54 30
1 54 34
1 54 35
1 54 36
1 54 37
1 54 41
1 54 46
1 54 49
1 54 51
1 55 0
1 55 17
1 55 21
1 55 23
1 55 27
1 55 28
1 55 30
1 55 35
1 55 41
1 55 42
1 55 43
1 55 45
1 55 46
1 55 48
1 55 51
1 55 53