2355
4
38 38 39 40
865

280 0 0 0 0 0 264 0 131 0 513 0 486 0 59 0 21 0 0 0 0 0 0 13 0 0 0 0 0 0 0 0 73 38 16 66 48 99
536 195 447 186 0 900 425 413 0 171 380 1 670 26 0 80 0 50 13 96 10 53 94 0 0 0 0 99 0 64 0 0 0 0 46 22 0 71
0 355 151 0 0 0 0 0 524 23 503 573 607 0 11 0 90 100 92 0 98 55 48 0 90 0 21 21 32 0 15 0 0 40 6 87 30 51 0
0 978 0 0 529 0 76 0 0 533 0 0 712 354 3 25 57 0 0 0 53 0 27 27 33 0 0 0 59 0 17 75 0 51 5 28 0 0 42 37

0 0 5
0 0 9
0 0 11
0 0 13
0 0 33
0 1 1
0 1 3
0 1 7
0 1 8
0 1 9
0 1 10
0 1 11
0 1 12
0 1 17
0 1 21
0 1 22
0 1 28
0 2 2
0 2 3
0 2 4
0 2 5
0 2 8
0 2 9
0 2 11
0 2 12
0 3 0
0 3 7
0 3 10
0 3 12
0 3 26
0 3 29
0 3 31
0 3 33
0 3 35
0 3 37
0 4 0
0 4 2
0 4 5
0 4 6
0 4 9
0 4 11
0 4 16
0 4 26
0 4 32
0 5 0
0 5 2
0 5 5
0 5 6
0 5 11
0 5 12
0 5 21
0 5 24
0 5 26
0 6 2
0 6 3
0 6 4
0 6 6
0 6 11
0 6 12
0 6 33
0 6 34
0 7 1
0 7 2
0 7 3
0 7 5
0 7 6
0 7 7
0 7 8
0 7 11
0 7 18
0 7 34
0 8 0
0 8 1
0 8 3
0 8 4
0 8 8
0 8 9
0 8 12
0 8 30
0 9 0
0 9 1
0 9 6
0 9 9
0 9 11
0 9 12
0 9 17
0 9 33
0 9 34
0 10 0
0 10 5
0 10 7
0 10 10
0 10 11
0 10 12
0 10 30
0 11 4
0 11 9
0 11 11
0 11 35
0 12 2
0 12 5
0 12 6
0 12 8
0 12 26
0 12 28
0 13 0
0 13 16
0 13 19
0 13 25
0 13 30
0 13 34
0 14 2
0 14 10
0 14 20
0 14 37
0 15 6
0 15 11
0 15 19
0 15 26
0 15 29
0 15 31
0 16 5
0 16 14
0 16 20
0 16 25
0 16 26
0 16 27
0 16 28
0 16 35
0 16 37
0 17 14
0 17 18
0 17 19
0 17 30
0 18 7
0 18 14
0 18 19
0 18 26
0 18 31
0 19 15
0 19 17
0 19 25
0 19 26
0 19 28
0 19 29
0 19 36
0 20 23
0 20 29
0 20 35
0 20 36
0 20 37
0 21 3
0 21 6
0 21 11
0 21 16
0 21 18
0 21 25
0 21 28
0 21 32
0 21 33
0 21 34
0 21 35
0 22 4
0 22 14
0 22 15
0 22 16
0 22 17
0 22 19
0 22 21
0 22 32
0 22 37
0 23 18
0 23 24
0 23 30
0 24 6
0 24 16
0 24 18
0 24 21
0 24 23
0 24 24
0 24 32
0 24 33
0 25 2
0 25 6
0 25 8
0 25 13
0 25 18
0 25 31
0 25 32
0 26 14
0 26 15
0 26 24
0 26 25
0 26 26
0 26 27
0 26 33
0 26 36
0 27 1
0 27 13
0 27 14
0 27 17
0 27 18
0 27 25
0 27 29
0 27 30
0 27 32
0 28 1
0 28 3
0 28 14
0 28 16
0 28 22
0 28 30
0 28 31
0 28 37
0 29 5
0 29 13
0 29 16
0 29 25
0 29 26
0 29 29
0 29 31
0 29 32
0 30 10
0 30 15
0 30 16
0 30 20
0 31 8
0 31 12
0 31 15
0 31 16
0 31 25
0 31 29
0 31 32
0 31 34
0 32 4
0 32 11
0 32 13
0 32 16
0 32 27
0 32 30
0 32 32
0 32 36
0 32 37
0 33 9
0 33 15
0 33 28
0 33 32
0 33 33
0 34 2
0 34 13
0 34 18
0 34 20
0 34 23
0 34 26
0 34 32
0 34 33
0 34 35
0 35 15
0 35 17
0 35 18
0 35 23
0 35 26
0 35 30
0 35 36
0 36 18
0 36 21
0 36 22
0 36 25
0 36 31
0 36 33
0 36 36
0 36 37
0 37 2
0 37 14
0 37 18
0 37 22
0 37 31
0 37 33
1 0 3
1 0 8
1 0 13
1 0 16
1 0 18
1 0 19
1 0 35
1 1 1
1 1 2
1 1 4
1 1 5
1 1 7
1 1 9
1 1 11
1 1 13
1 1 21
1 1 34
1 2 2
1 2 4
1 2 6
1 2 11
1 2 12
1 2 15
1 2 24
1 2 26
1 2 32
1 2 33
1 3 1
1 3 4
1 3 6
1 3 7
1 3 8
1 3 9
1 3 11
1 3 13
1 3 19
1 3 22
1 4 5
1 4 7
1 4 33
1 4 37
1 5 0
1 5 3
1 5 5
1 5 10
1 5 11
1 5 12
1 5 28
1 5 30
1 5 31
1 5 36
1 6 0
1 6 2
1 6 4
1 6 7
1 6 9
1 6 11
1 6 19
1 6 31
1 6 37
1 7 1
1 7 4
1 7 5
1 7 6
1 7 7
1 7 8
1 7 11
1 7 12
1 7 19
1 7 24
1 7 25
1 7 28
1 8 1
1 8 2
1 8 4
1 8 5
1 8 8
1 8 9
1 8 12
1 8 13
1 8 18
1 8 21
1 8 27
1 8 28
1 8 30
1 9 0
1 9 1
1 9 3
1 9 4
1 9 5
1 9 8
1 9 11
1 9 13
1 9 15
1 9 26
1 9 31
1 9 38
1 10 2
1 10 7
1 10 13
1 10 18
1 10 33
1 11 2
1 11 3
1 11 8
1 11 9
1 11 27
1 12 0
1 12 3
1 12 4
1 12 5
1 12 9
1 12 10
1 12 11
1 12 25
1 13 3
1 13 8
1 13 12
1 13 15
1 13 17
1 13 19
1 13 20
1 13 22
1 13 25
1 13 28
1 13 32
1 13 35
1 14 9
1 14 10
1 14 17
1 14 19
1 14 21
1 14 24
1 14 26
1 14 27
1 14 30
1 14 35
1 14 36
1 15 5
1 15 13
1 15 17
1 15 20
1 15 22
1 15 24
1 15 31
1 15 32
1 16 5
1 16 14
1 16 15
1 16 16
1 16 21
1 16 24
1 16 28
1 16 30
1 16 31
1 16 34
1 16 38
1 17 5
1 17 15
1 17 19
1 17 27
1 17 33
1 17 35
1 18 16
1 18 19
1 18 21
1 18 25
1 18 37
1 19 1
1 19 11
1 19 19
1 19 22
1 19 23
1 19 29
1 19 34
1 19 35
1 19 37
1 20 16
1 20 19
1 20 22
1 20 24
1 20 30
1 20 34
1 21 21
1 21 25
1 21 37
1 22 1
1 22 2
1 22 3
1 22 4
1 22 9
1 22 14
1 22 25
1 22 29
1 22 34
1 22 37
1 23 10
1 23 12
1 23 17
1 23 18
1 23 21
1 23 22
1 23 25
1 23 26
1 23 31
1 23 32
1 23 36
1 23 38
1 24 14
1 24 15
1 24 18
1 24 21
1 24 25
1 24 29
1 25 5
1 25 11
1 25 24
1 25 27
1 25 29
1 25 34
1 26 5
1 26 6
1 26 16
1 26 25
1 26 27
1 26 32
1 26 37
1 27 3
1 27 11
1 27 17
1 27 20
1 27 30
1 27 33
1 27 34
1 27 35
1 28 19
1 28 34
1 28 36
1 29 5
1 29 7
1 29 12
1 29 14
1 29 20
1 29 34
1 30 9
1 30 14
1 31 1
1 31 18
1 31 29
1 31 35
1 32 5
1 32 12
1 32 14
1 32 33
1 32 38
1 33 0
1 33 12
1 33 17
1 33 21
1 33 36
1 33 37
1 34 4
1 34 6
1 34 17
1 34 19
1 34 20
1 34 22
1 34 24
1 35 7
1 35 19
1 35 26
1 35 31
1 35 34
1 35 35
1 35 36
1 36 20
1 36 25
1 36 28
1 36 29
1 36 30
1 36 31
1 37 0
1 37 12
1 37 14
1 37 23
1 37 25
1 37 26
1 37 28
2 0 2
2 0 3
2 0 4
2 0 8
2 0 9
2 0 10
2 0 11
2 0 30
2 1 0
2 1 5
2 1 6
2 1 7
2 1 8
2 1 9
2 1 10
2 1 11
2 1 25
2 1 28
2 1 36
2 2 0
2 2 3
2 2 4
2 2 6
2 2 12
2 2 16
2 2 21
2 2 25
2 2 31
2 2 35
2 3 1
2 3 3
2 3 4
2 3 26
2 4 4
2 4 6
2 4 7
2 4 8
2 4 11
2 4 13
2 4 36
2 4 37
2 5 2
2 5 5
2 5 11
2 5 13
2 5 15
2 5 21
2 5 27
2 5 29
2 5 34
2 5 37
2 5 38
2 6 0
2 6 1
2 6 3
2 6 4
2 6 9
2 6 12
2 6 13
2 6 25
2 6 27
2 7 0
2 7 1
2 7 2
2 7 3
2 7 4
2 7 5
2 7 6
2 7 7
2 7 8
2 7 9
2 7 11
2 7 17
2 7 24
2 7 33
2 7 36
2 8 1
2 8 4
2 8 8
2 8 9
2 8 10
2 8 23
2 8 29
2 8 30
2 8 32
2 9 0
2 9 4
2 9 7
2 9 8
2 9 12
2 9 22
2 9 28
2 9 34
2 9 39
2 10 4
2 10 5
2 10 6
2 10 11
2 10 12
2 10 16
2 10 18
2 10 24
2 10 26
2 10 31
2 10 35
2 11 2
2 11 4
2 11 6
2 11 7
2 11 8
2 11 9
2 11 11
2 11 24
2 12 0
2 12 1
2 12 3
2 12 5
2 12 9
2 12 10
2 12 12
2 12 13
2 12 25
2 12 37
2 13 1
2 13 2
2 13 5
2 13 10
2 13 11
2 13 12
2 13 14
2 13 28
2 14 3
2 14 10
2 14 21
2 14 27
2 14 39
2 15 3
2 15 21
2 15 28
2 15 30
2 15 31
2 15 34
2 16 16
2 16 21
2 16 25
2 16 33
2 16 39
2 17 10
2 17 17
2 17 22
2 17 25
2 17 32
2 17 35
2 17 36
2 18 0
2 18 23
2 18 25
2 18 30
2 18 31
2 18 33
2 18 39
2 19 1
2 19 7
2 19 14
2 19 17
2 19 24
2 19 32
2 19 33
2 20 14
2 20 17
2 20 18
2 20 22
2 20 31
2 20 35
2 21 9
2 21 16
2 21 22
2 21 23
2 21 36
2 22 0
2 22 4
2 22 7
2 22 18
2 22 36
2 22 38
2 23 1
2 23 18
2 23 19
2 23 20
2 23 27
2 24 2
2 24 4
2 24 10
2 24 15
2 24 19
2 24 20
2 24 22
2 24 25
2 24 26
2 24 30
2 24 36
2 25 20
2 25 28
2 25 35
2 25 39
2 26 4
2 26 8
2 26 15
2 26 19
2 26 26
2 26 38
2 26 39
2 27 1
2 27 7
2 27 17
2 27 21
2 27 33
2 27 35
2 27 36
2 28 14
2 28 17
2 28 23
2 28 29
2 28 31
2 28 34
2 29 2
2 29 6
2 29 22
2 29 30
2 29 32
2 29 37
2 30 13
2 30 17
2 30 18
2 30 20
2 30 23
2 30 24
2 30 26
2 30 30
2 30 31
2 30 38
2 31 9
2 31 15
2 31 18
2 31 19
2 31 36
2 31 38
2 31 39
2 32 6
2 32 14
2 32 18
2 32 26
2 32 37
2 33 7
2 33 17
2 33 19
2 33 21
2 33 28
2 33 29
2 34 15
2 34 20
2 34 21
2 34 31
2 34 33
2 34 34
2 34 35
2 34 38
2 35 2
2 35 4
2 35 13
2 35 14
2 35 17
2 35 24
2 35 28
2 35 29
2 35 32
2 36 16
2 36 21
2 36 22
2 36 24
2 36 26
2 36 30
2 36 34
2 37 5
2 37 12
2 37 13
2 37 25
2 37 32
2 37 34
2 37 35
2 37 36
2 37 37
2 38 1
2 38 17
2 38 19
2 38 23
2 38 26
2 38 33
2 38 38