978
8
17 18 17 16 17 17 16 16
373

669 792 0 906 0 0 69 0 67 0 65 0 0 0 0 69 0
0 0 317 0 0 77 0 0 0 0 0 0 90 45 0 71 0 0
58 404 0 935 992 17 33 0 62 0 0 65 0 0 15 66 96
0 0 830 0 0 0 0 34 32 3 64 99 0 49 0 12
608 0 0 477 0 87 15 45 16 92 42 79 90 20 0 10 0
701 0 728 0 0 31 36 6 24 69 0 72 0 49 0 32 0
623 748 0 0 756 61 0 0 0 0 0 0 98 0 87 76
0 562 938 593 0 0 0 0 35 29 52 0 0 97 12 24

0 0 4
0 0 12
0 1 1
0 1 3
0 2 2
0 2 4
0 2 5
0 3 0
0 3 1
0 4 1
0 4 3
0 4 11
0 5 5
0 5 6
0 5 7
0 5 8
0 5 10
0 5 16
0 7 2
0 7 6
0 7 10
0 7 11
0 7 14
0 7 16
0 8 8
0 8 9
0 8 17
0 9 6
0 9 8
0 10 8
0 10 10
0 10 14
0 10 17
0 11 7
0 11 13
0 12 6
0 12 10
0 12 11
0 12 16
0 12 17
0 13 8
0 13 16
0 13 17
0 14 7
0 14 10
0 14 15
0 15 11
0 15 14
0 15 15
0 16 2
0 16 3
0 16 9
0 16 10
0 16 11
0 16 12
0 16 13
1 0 0
1 1 4
1 2 4
1 2 6
1 3 1
1 3 4
1 3 14
1 3 16
1 4 0
1 4 1
1 4 3
1 4 4
1 4 9
1 5 6
1 5 9
1 5 10
1 5 16
1 6 16
1 7 8
1 7 10
1 7 12
1 7 13
1 7 14
1 8 9
1 8 10
1 8 11
1 9 7
1 9 10
1 9 16
1 10 6
1 10 7
1 10 11
1 11 5
1 11 8
1 11 10
1 11 14
1 12 13
1 14 6
1 14 7
1 14 10
1 14 13
1 14 16
1 15 5
1 15 10
1 15 13
1 16 5
1 16 7
1 16 8
1 16 10
1 16 12
1 16 15
1 17 0
1 17 13
2 0 0
2 0 4
2 1 0
2 1 2
2 1 8
2 2 3
2 3 2
2 3 3
2 3 4
2 3 14
2 4 3
2 4 4
2 5 11
2 6 7
2 6 9
2 6 11
2 6 14
2 6 15
2 8 10
2 8 11
2 8 14
2 9 5
2 9 7
2 9 11
2 9 13
2 9 14
2 9 15
2 10 5
2 10 7
2 10 11
2 11 6
2 11 7
2 11 10
2 11 13
2 12 5
2 12 7
2 12 10
2 13 9
2 13 10
2 14 7
2 14 12
2 14 14
2 15 5
2 15 11
2 15 13
2 16 5
2 16 11
2 16 14
3 0 4
3 1 0
3 1 2
3 1 3
3 2 1
3 2 2
3 2 3
3 2 4
3 3 2
3 3 4
3 3 5
3 3 12
3 4 1
3 4 8
3 4 13
3 5 6
3 5 11
3 5 13
3 5 14
3 5 15
3 6 6
3 6 10
3 6 12
3 7 2
3 7 5
3 7 8
3 8 6
3 8 16
3 9 15
3 10 5
3 10 6
3 10 7
3 10 8
3 10 10
3 10 12
3 10 15
3 10 16
3 11 1
3 11 7
3 11 10
3 11 11
3 11 14
3 12 8
3 12 9
3 12 10
3 12 11
3 12 16
3 13 6
3 13 15
3 13 16
3 14 5
3 14 9
3 14 12
3 14 14
3 14 15
3 14 16
3 15 6
3 15 11
3 15 16
4 0 2
4 1 0
4 1 4
4 1 6
4 1 11
4 1 15
4 2 0
4 2 1
4 2 2
4 2 3
4 2 4
4 3 2
4 3 15
4 4 0
4 4 2
4 4 4
4 5 6
4 5 14
4 6 9
4 6 15
4 7 15
4 8 13
4 9 5
4 9 11
4 10 5
4 10 8
4 10 12
4 10 13
4 11 9
4 11 12
4 11 13
4 12 4
4 12 5
4 12 7
4 12 8
4 12 11
4 12 12
4 12 13
4 12 15
4 12 16
4 13 6
4 13 9
4 13 12
4 13 14
4 13 15
4 14 7
4 14 14
4 15 4
4 15 6
4 15 11
4 15 14
4 15 16
4 16 6
4 16 7
4 16 14
5 0 0
5 0 1
5 0 2
5 0 4
5 0 12
5 1 0
5 1 2
5 1 3
5 1 9
5 3 1
5 3 3
5 4 1
5 4 3
5 4 4
5 4 5
5 5 15
5 6 8
5 7 9
5 7 12
5 8 5
5 8 9
5 8 10
5 9 14
5 10 4
5 10 8
5 10 10
5 10 14
5 10 15
5 11 5
5 11 7
5 11 9
5 11 11
5 11 12
5 11 13
5 12 10
5 13 7
5 13 14
5 14 12
5 14 13
5 14 15
5 15 11
5 15 14
5 15 15
5 16 2
5 16 3
5 16 6
5 16 7
5 16 14
6 0 3
6 0 4
6 1 0
6 2 1
6 2 2
6 2 4
6 2 9
6 3 1
6 3 15
6 5 6
6 5 7
6 5 10
6 5 15
6 6 4
6 6 7
6 6 10
6 7 5
6 7 10
6 7 12
6 7 13
6 7 15
6 8 4
6 8 6
6 8 12
6 9 5
6 9 6
6 9 8
6 9 13
6 10 2
6 10 7
6 10 11
6 10 14
6 10 15
6 11 7
6 11 9
6 11 12
6 12 5
6 12 10
6 12 12
6 12 14
6 12 15
6 13 3
6 13 10
6 13 15
6 14 5
6 14 6
6 14 7
6 14 12
6 14 13
6 14 14
6 15 7
6 15 9
6 15 10
6 15 15