1301
8
29 26 26 26 26 26 26 26
844

0 0 0 574 198 345 0 0 122 0 69 0 0 0 0 0 42 42 26 11 23 0 0 0 0 0 28 0 91
0 0 353 575 0 0 596 0 18 0 0 67 80 84 61 0 10 86 60 58 36 46 4 49 63 0
0 0 799 616 0 0 0 80 0 10 0 75 29 0 99 0 0 73 0 0 46 0 0 0 0 0
859 521 362 696 176 0 0 579 30 0 71 0 78 49 0 0 0 0 0 55 0 6 76 36 87 0
916 877 527 757 0 0 791 0 0 0 0 36 0 88 33 0 87 23 97 0 50 84 0 48 61 0
328 977 677 790 823 96 0 297 0 0 86 85 15 0 95 0 0 23 0 0 78 37 80 77 38 22
807 135 0 733 0 0 0 0 92 0 45 57 35 0 38 34 0 12 0 0 55 26 8 82 78 72
439 0 0 0 358 801 880 0 0 92 0 49 63 89 0 60 0 0 24 0 0 41 20 97 45 29

0 0 7
0 0 9
0 0 19
0 0 20
0 1 2
0 1 4
0 1 5
0 1 6
0 1 7
0 1 8
0 1 9
0 2 1
0 2 5
0 2 7
0 2 18
0 3 3
0 3 4
0 3 6
0 3 24
0 4 3
0 4 5
0 4 7
0 4 21
0 4 24
0 4 25
0 5 0
0 5 3
0 5 12
0 5 17
0 5 18
0 6 2
0 6 6
0 6 10
0 6 24
0 7 1
0 7 4
0 7 6
0 7 7
0 7 14
0 7 15
0 7 19
0 8 0
0 8 7
0 8 16
0 8 22
0 9 11
0 9 14
0 9 18
0 10 4
0 10 13
0 10 23
0 10 25
0 11 0
0 11 1
0 11 9
0 11 14
0 11 25
0 12 2
0 12 3
0 12 4
0 12 20
0 13 8
0 13 11
0 13 14
0 14 14
0 14 16
0 14 17
0 14 23
0 15 8
0 15 10
0 15 12
0 15 13
0 15 18
0 15 19
0 15 24
0 15 25
0 16 3
0 16 11
0 16 19
0 16 20
0 17 1
0 17 10
0 17 14
0 17 20
0 18 9
0 18 12
0 18 23
0 19 4
0 19 6
0 19 7
0 19 8
0 19 17
0 19 19
0 20 0
0 20 17
0 20 18
0 21 0
0 21 9
0 21 24
0 22 7
0 22 12
0 22 14
0 22 23
0 22 25
0 23 1
0 23 4
0 23 11
0 23 14
0 23 15
0 23 25
0 24 5
0 24 15
0 25 1
0 25 4
0 25 9
0 26 12
0 26 17
0 26 19
0 26 20
0 26 24
0 27 1
0 27 11
0 27 14
0 27 15
0 27 21
0 28 5
0 28 8
0 28 15
0 28 20
0 28 21
0 28 24
1 0 0
1 0 11
1 0 14
1 0 15
1 0 16
1 0 22
1 0 25
1 1 0
1 1 1
1 1 2
1 1 5
1 1 7
1 1 8
1 1 11
1 2 2
1 2 3
1 2 5
1 2 8
1 2 9
1 2 24
1 3 0
1 3 1
1 3 2
1 3 5
1 3 6
1 3 7
1 3 16
1 3 20
1 4 1
1 4 3
1 4 4
1 4 5
1 4 14
1 5 2
1 5 13
1 6 6
1 6 9
1 6 22
1 7 1
1 7 2
1 7 3
1 7 5
1 7 7
1 7 15
1 7 24
1 8 0
1 8 9
1 8 12
1 8 19
1 8 22
1 9 3
1 9 19
1 9 25
1 10 12
1 10 13
1 10 19
1 11 12
1 11 20
1 12 7
1 12 17
1 12 18
1 12 24
1 13 7
1 13 10
1 13 12
1 13 17
1 13 19
1 14 3
1 14 4
1 14 15
1 14 20
1 14 23
1 15 3
1 15 4
1 15 6
1 15 8
1 15 13
1 15 17
1 15 21
1 16 1
1 16 3
1 16 6
1 16 19
1 16 20
1 17 0
1 17 1
1 17 7
1 17 16
1 17 25
1 18 0
1 18 12
1 18 13
1 19 10
1 19 13
1 19 20
1 20 13
1 21 9
1 21 10
1 21 15
1 21 16
1 21 21
1 21 22
1 21 24
1 22 4
1 22 7
1 22 8
1 22 12
1 22 14
1 22 17
1 22 20
1 22 22
1 23 9
1 23 10
1 23 17
1 23 19
1 23 23
1 23 24
1 24 13
1 24 19
1 24 21
1 24 25
1 25 7
1 25 8
1 25 9
1 25 10
1 25 14
1 25 15
1 25 17
1 25 22
2 0 6
2 0 11
2 0 12
2 0 16
2 0 19
2 0 21
2 0 23
2 0 25
2 1 1
2 1 3
2 1 10
2 2 1
2 2 6
2 2 7
2 2 8
2 2 13
2 2 16
2 2 24
2 3 1
2 3 6
2 3 25
2 4 0
2 4 1
2 4 5
2 4 7
2 5 1
2 5 6
2 5 15
2 5 19
2 5 23
2 6 0
2 6 1
2 6 2
2 6 3
2 6 4
2 7 0
2 7 1
2 7 8
2 8 9
2 8 18
2 8 23
2 9 6
2 9 10
2 9 18
2 9 22
2 9 23
2 10 9
2 10 11
2 10 13
2 11 7
2 11 15
2 11 19
2 11 21
2 12 5
2 12 16
2 12 24
2 13 5
2 13 6
2 13 8
2 13 11
2 13 14
2 13 17
2 13 18
2 13 20
2 13 25
2 14 10
2 14 14
2 14 15
2 14 20
2 14 22
2 14 24
2 15 8
2 15 11
2 15 12
2 15 15
2 15 23
2 16 16
2 16 18
2 16 22
2 16 24
2 17 4
2 17 18
2 17 22
2 18 6
2 19 7
2 19 10
2 19 19
2 19 25
2 20 3
2 20 8
2 20 16
2 21 3
2 21 15
2 21 22
2 21 23
2 21 24
2 21 25
2 22 11
2 22 20
2 22 22
2 22 24
2 22 25
2 23 10
2 23 16
2 24 4
2 24 10
2 24 13
2 24 18
2 25 9
2 25 14
2 25 21
2 25 22
2 25 24
3 0 0
3 0 1
3 0 2
3 0 4
3 0 7
3 0 13
3 1 4
3 1 6
3 1 7
3 1 8
3 1 10
3 1 14
3 2 3
3 2 6
3 2 15
3 3 0
3 3 1
3 3 2
3 3 5
3 3 7
3 3 8
3 4 1
3 4 2
3 4 5
3 5 0
3 5 4
3 5 5
3 5 6
3 5 9
3 5 18
3 6 2
3 6 3
3 6 7
3 6 16
3 6 17
3 6 22
3 7 1
3 7 13
3 7 25
3 8 7
3 8 8
3 8 9
3 8 14
3 8 15
3 8 23
3 8 25
3 9 1
3 9 4
3 9 5
3 9 11
3 9 12
3 9 13
3 9 18
3 9 19
3 9 21
3 10 8
3 10 14
3 10 20
3 11 17
3 11 19
3 11 20
3 11 24
3 12 8
3 12 14
3 12 21
3 13 3
3 13 12
3 13 17
3 13 19
3 13 23
3 13 25
3 14 0
3 14 9
3 14 11
3 15 5
3 15 7
3 15 15
3 15 22
3 16 6
3 16 7
3 17 9
3 17 10
3 17 23
3 18 2
3 18 12
3 18 13
3 18 15
3 18 16
3 18 17
3 18 19
3 18 25
3 19 17
3 19 18
3 19 20
3 19 22
3 20 7
3 20 8
3 20 9
3 20 15
3 20 18
3 21 7
3 21 14
3 21 16
3 22 20
3 23 1
3 23 21
3 23 24
3 24 0
3 24 2
3 24 13
3 24 17
3 24 21
3 24 25
3 25 4
3 25 21
4 0 2
4 0 3
4 0 6
4 0 12
4 0 24
4 1 0
4 1 2
4 1 19
4 2 0
4 2 2
4 2 3
4 2 5
4 2 8
4 3 0
4 3 1
4 3 2
4 3 3
4 3 4
4 3 6
4 3 9
4 3 12
4 4 1
4 4 4
4 4 6
4 4 16
4 4 17
4 4 18
4 4 25
4 5 0
4 5 1
4 5 2
4 5 3
4 5 5
4 5 6
4 5 13
4 5 15
4 5 21
4 5 24
4 6 0
4 6 1
4 6 5
4 7 4
4 7 14
4 7 21
4 8 8
4 8 10
4 8 16
4 8 21
4 8 24
4 8 25
4 9 2
4 9 4
4 9 6
4 9 12
4 9 14
4 9 15
4 9 22
4 9 23
4 9 24
4 10 4
4 10 16
4 10 18
4 10 24
4 11 10
4 11 11
4 11 17
4 12 3
4 12 10
4 12 13
4 12 23
4 13 10
4 13 13
4 13 16
4 13 17
4 13 18
4 13 24
4 15 20
4 15 23
4 15 24
4 16 1
4 16 7
4 16 14
4 16 17
4 16 19
4 16 24
4 17 8
4 17 20
4 17 23
4 18 2
4 18 5
4 18 9
4 18 12
4 18 15
4 18 21
4 19 3
4 19 8
4 19 11
4 19 13
4 19 15
4 19 18
4 20 2
4 20 4
4 20 5
4 20 11
4 20 21
4 20 22
4 20 24
4 20 25
4 21 2
4 21 13
4 21 15
4 21 16
4 21 18
4 21 19
4 21 22
4 21 23
4 22 5
4 22 8
4 22 9
4 22 13
4 22 16
4 23 24
4 23 25
4 24 5
4 24 13
4 24 20
4 25 13
4 25 14
4 25 15
4 25 25
5 0 0
5 0 1
5 0 4
5 0 5
5 0 7
5 1 0
5 1 1
5 1 3
5 1 6
5 1 7
5 1 25
5 2 0
5 2 6
5 2 12
5 3 3
5 3 7
5 3 21
5 4 0
5 4 5
5 4 6
5 5 4
5 5 17
5 6 0
5 6 3
5 6 10
5 6 15
5 7 6
5 7 25
5 8 0
5 8 6
5 9 4
5 9 15
5 9 18
5 9 21
5 9 22
5 10 9
5 10 15
5 10 17
5 10 19
5 10 21
5 11 1
5 11 10
5 11 11
5 11 13
5 11 17
5 12 11
5 12 18
5 12 22
5 13 3
5 13 9
5 13 11
5 13 13
5 13 24
5 14 11
5 14 15
5 14 23
5 14 25
5 15 13
5 15 14
5 15 15
5 15 17
5 15 18
5 15 22
5 15 24
5 16 9
5 17 7
5 17 8
5 17 10
5 17 22
5 17 24
5 18 0
5 18 1
5 18 5
5 18 12
5 18 14
5 18 18
5 18 19
5 18 20
5 18 21
5 19 0
5 19 8
5 19 15
5 19 20
5 19 23
5 20 4
5 20 8
5 20 13
5 21 9
5 21 10
5 21 11
5 21 21
5 21 22
5 22 4
5 22 5
5 22 17
5 22 21
5 23 9
5 23 10
5 23 21
5 23 23
5 23 24
5 24 0
5 24 1
5 24 13
5 24 16
5 24 24
5 25 17
6 0 0
6 0 1
6 0 4
6 0 6
6 1 0
6 1 4
6 1 7
6 1 11
6 1 20
6 1 21
6 2 2
6 2 3
6 2 4
6 2 6
6 2 8
6 3 3
6 3 9
6 3 25
6 4 1
6 4 2
6 4 5
6 4 7
6 4 23
6 5 1
6 5 5
6 5 6
6 5 7
6 5 13
6 5 14
6 6 6
6 6 7
6 6 14
6 7 2
6 7 3
6 7 4
6 7 5
6 7 6
6 7 7
6 7 11
6 7 21
6 7 22
6 8 1
6 8 9
6 8 16
6 8 19
6 8 23
6 9 10
6 9 16
6 10 3
6 10 6
6 10 8
6 10 12
6 10 13
6 10 14
6 10 18
6 10 23
6 10 25
6 11 11
6 11 13
6 11 17
6 11 18
6 11 19
6 11 22
6 12 11
6 12 16
6 12 18
6 12 20
6 13 0
6 13 1
6 13 4
6 13 11
6 13 12
6 13 14
6 13 15
6 13 18
6 13 21
6 13 24
6 14 1
6 14 20
6 15 1
6 15 17
6 16 2
6 16 3
6 16 9
6 16 19
6 16 24
6 17 5
6 17 15
6 18 13
6 18 17
6 18 19
6 19 3
6 19 6
6 19 11
6 19 13
6 19 14
6 19 16
6 19 18
6 20 14
6 20 16
6 20 24
6 20 25
6 21 11
6 21 17
6 21 22
6 22 5
6 22 10
6 22 11
6 23 2
6 23 4
6 23 20
6 23 25
6 24 22
6 24 24
6 25 6
6 25 8
6 25 14
6 25 16
6 25 17