3309
5
20 20 20 20 20
204

0 0 0 0 0 0 34 37 0 0 0 70 0 61 0 18 0 0 96 39
829 0 234 0 0 0 31 0 0 75 57 0 0 10 83 0 41 87 0 0
0 0 0 0 399 0 0 8 0 3 36 1 89 0 87 46 29 0 45 11
0 554 0 794 61 0 0 0 17 0 16 0 0 0 92 94 0 0 0 0
744 0 0 319 803 0 43 0 60 0 0 0 51 6 0 78 0 0 0 8

0 0 6
0 0 14
0 1 0
0 2 3
0 2 4
0 2 6
0 2 10
0 4 3
0 4 4
0 5 9
0 5 12
0 5 16
0 6 7
0 6 11
0 7 9
0 7 11
0 7 18
0 7 19
0 8 7
0 8 12
0 8 19
0 9 0
0 9 7
0 9 9
0 9 16
0 10 5
0 10 6
0 10 12
0 10 18
0 10 19
0 11 3
0 11 9
0 11 10
0 11 12
0 11 18
0 12 8
0 12 15
0 13 10
0 14 15
0 15 0
0 15 3
0 15 16
0 15 18
0 16 10
0 16 12
0 16 18
0 16 19
0 17 10
0 17 19
0 18 4
0 18 6
0 18 16
0 19 10
0 19 18
1 0 1
1 0 3
1 0 5
1 1 0
1 1 1
1 1 2
1 1 4
1 1 6
1 3 1
1 3 5
1 4 1
1 4 10
1 5 9
1 5 11
1 5 15
1 6 14
1 7 18
1 7 19
1 8 8
1 8 12
1 9 9
1 9 10
1 9 13
1 9 16
1 10 10
1 10 12
1 10 13
1 10 14
1 10 17
1 11 6
1 11 12
1 11 14
1 12 13
1 13 3
1 14 1
1 14 5
1 15 4
1 15 6
1 16 7
1 16 11
1 16 13
1 17 19
1 18 3
1 18 18
1 19 8
2 0 1
2 0 3
2 0 14
2 1 1
2 1 2
2 1 3
2 2 9
2 3 5
2 3 8
2 3 13
2 4 7
2 4 8
2 5 12
2 5 15
2 5 19
2 6 6
2 6 7
2 7 9
2 7 10
2 7 11
2 7 14
2 8 10
2 8 13
2 9 4
2 9 6
2 9 8
2 9 10
2 10 6
2 10 15
2 11 6
2 11 8
2 11 15
2 12 14
2 14 13
2 14 15
2 14 16
2 14 17
2 15 3
2 16 6
2 16 14
2 17 6
2 17 13
2 17 15
2 17 16
2 17 19
2 18 8
2 18 13
2 18 18
2 18 19
2 19 7
2 19 10
2 19 15
2 19 18
2 19 19
3 0 1
3 0 10
3 1 5
3 2 2
3 3 1
3 3 15
3 4 0
3 4 2
3 4 4
3 4 18
3 5 5
3 5 7
3 6 10
3 6 15
3 7 11
3 8 12
3 8 14
3 9 11
3 9 13
3 9 14
3 9 15
3 10 4
3 10 5
3 10 7
3 10 10
3 10 19
3 11 1
3 11 5
3 12 13
3 13 5
3 13 6
3 13 11
3 13 13
3 14 8
3 14 11
3 15 6
3 15 7
3 15 8
3 15 9
3 15 10
3 15 16
3 15 19
3 16 0
3 16 15
3 16 19
3 17 8
3 17 11
3 17 18
3 18 12
3 18 19
3 19 9