1348
7
31 32 30 31 31 30 30
832

790 0 0 0 0 83 0 0 0 0 6 0 97 23 0 0 38 15 0 47 83 0 0 0 90 0 0 0 41 0 0
830 353 644 0 696 336 0 0 437 67 0 0 0 92 0 37 0 83 54 0 0 0 0 0 61 49 0 0 59 0 0 0
0 25 0 724 686 0 0 0 85 0 64 0 81 0 86 0 0 68 52 0 0 0 94 9 0 0 0 87 88 100
909 892 268 0 440 0 0 339 0 0 0 0 0 66 76 0 0 88 95 0 0 21 19 0 0 38 100 61 80 0 0
0 0 0 0 535 0 0 882 68 0 0 0 48 0 0 33 24 0 97 0 93 3 93 0 44 48 0 0 25 11 0
0 366 635 126 162 0 228 726 67 0 0 36 57 0 43 0 46 0 16 0 0 0 0 0 0 0 73 0 0 5
0 0 0 0 755 0 0 433 60 0 81 86 0 79 90 11 0 0 0 79 0 0 0 88 7 0 0 0 96 0

0 0 1
0 0 3
0 0 4
0 0 5
0 0 7
0 0 8
0 1 0
0 1 1
0 1 7
0 1 8
0 1 30
0 2 1
0 2 3
0 2 4
0 2 5
0 2 6
0 2 8
0 2 10
0 2 20
0 2 23
0 3 0
0 3 2
0 3 3
0 3 4
0 3 7
0 3 8
0 3 18
0 3 25
0 4 1
0 4 2
0 4 3
0 4 4
0 4 6
0 4 7
0 4 12
0 4 13
0 4 19
0 5 0
0 5 1
0 5 3
0 5 4
0 5 6
0 5 7
0 5 8
0 6 0
0 6 1
0 6 2
0 6 3
0 6 5
0 6 26
0 7 1
0 7 2
0 7 3
0 7 4
0 7 7
0 7 8
0 7 12
0 7 17
0 7 28
0 7 30
0 8 13
0 8 17
0 8 23
0 8 26
0 8 28
0 9 0
0 9 3
0 9 12
0 10 1
0 10 3
0 10 12
0 10 13
0 10 17
0 10 23
0 10 29
0 10 30
0 11 1
0 11 7
0 11 9
0 11 10
0 11 13
0 11 16
0 11 18
0 11 25
0 11 31
0 12 2
0 12 4
0 12 11
0 12 12
0 12 15
0 12 27
0 12 29
0 13 11
0 13 14
0 13 15
0 13 17
0 13 22
0 13 23
0 13 26
0 14 7
0 14 11
0 14 18
0 14 19
0 14 22
0 15 2
0 15 16
0 15 21
0 16 6
0 16 15
0 16 20
0 16 21
0 17 10
0 17 13
0 17 14
0 17 15
0 17 21
0 17 24
0 17 27
0 18 19
0 19 14
0 19 17
0 19 27
0 19 29
0 20 2
0 20 5
0 20 11
0 20 12
0 20 13
0 20 17
0 20 30
0 21 8
0 21 9
0 21 14
0 21 16
0 21 17
0 21 24
0 21 26
0 21 28
0 22 4
0 22 11
0 22 22
0 22 31
0 23 16
0 23 22
0 23 24
0 23 26
0 24 2
0 24 23
0 25 4
0 25 20
0 25 24
0 26 18
0 27 1
0 27 2
0 27 22
0 27 26
0 27 29
0 28 2
0 28 9
0 28 11
0 28 15
0 29 12
0 29 13
0 29 17
0 29 26
0 29 31
0 30 1
0 30 2
0 30 10
0 30 13
0 30 17
0 30 22
0 30 25
0 30 28
1 0 0
1 0 1
1 0 2
1 0 4
1 0 6
1 0 16
1 0 26
1 1 1
1 1 5
1 1 24
1 2 0
1 2 2
1 2 6
1 2 10
1 2 11
1 3 2
1 3 6
1 3 7
1 3 8
1 3 14
1 4 5
1 4 6
1 4 11
1 4 14
1 4 27
1 5 4
1 5 6
1 5 7
1 5 17
1 6 0
1 6 1
1 6 6
1 6 12
1 7 2
1 7 11
1 7 20
1 8 0
1 8 1
1 8 2
1 8 4
1 8 6
1 8 13
1 8 26
1 8 27
1 9 3
1 9 7
1 9 11
1 9 13
1 9 20
1 9 21
1 10 7
1 10 9
1 10 14
1 10 15
1 10 18
1 10 21
1 10 22
1 10 23
1 10 27
1 11 4
1 11 8
1 11 16
1 11 24
1 12 0
1 12 8
1 12 12
1 13 5
1 13 10
1 13 14
1 13 29
1 14 9
1 14 11
1 14 28
1 15 18
1 15 19
1 15 21
1 15 26
1 16 0
1 16 5
1 16 12
1 16 14
1 16 16
1 16 19
1 16 26
1 16 29
1 17 0
1 17 5
1 17 6
1 17 7
1 17 12
1 17 17
1 17 28
1 18 4
1 18 6
1 18 19
1 18 24
1 18 29
1 19 10
1 19 13
1 19 22
1 19 25
1 19 28
1 20 25
1 20 29
1 21 7
1 21 19
1 22 5
1 22 14
1 23 8
1 23 13
1 23 25
1 23 27
1 24 18
1 24 22
1 24 25
1 24 27
1 25 17
1 25 28
1 25 29
1 26 11
1 26 14
1 26 28
1 27 6
1 27 8
1 27 13
1 27 17
1 27 23
1 27 28
1 28 12
1 28 22
1 28 24
1 29 2
1 29 5
1 29 10
1 29 16
1 30 11
1 30 12
1 31 8
2 0 1
2 0 5
2 0 6
2 0 16
2 0 21
2 1 0
2 1 3
2 1 4
2 1 7
2 1 17
2 2 1
2 2 5
2 2 6
2 2 8
2 3 1
2 4 1
2 4 7
2 5 1
2 5 3
2 5 5
2 5 6
2 5 8
2 5 15
2 6 0
2 6 1
2 6 4
2 6 7
2 6 9
2 6 20
2 6 23
2 7 0
2 7 1
2 7 4
2 7 6
2 7 7
2 8 10
2 8 16
2 8 29
2 8 30
2 9 13
2 9 30
2 10 3
2 10 13
2 10 19
2 10 22
2 10 27
2 11 10
2 12 3
2 12 13
2 12 19
2 12 25
2 13 7
2 13 12
2 13 22
2 13 23
2 13 26
2 13 30
2 14 8
2 14 13
2 14 29
2 15 3
2 15 11
2 16 14
2 16 20
2 17 7
2 17 8
2 17 9
2 17 10
2 17 12
2 17 22
2 18 18
2 19 15
2 19 20
2 19 30
2 20 21
2 21 19
2 21 21
2 21 29
2 21 30
2 22 15
2 22 23
2 22 24
2 22 28
2 23 5
2 23 13
2 24 11
2 24 19
2 25 4
2 25 10
2 25 12
2 25 16
2 25 30
2 26 13
2 26 19
2 27 4
2 27 5
2 27 9
2 27 10
2 27 12
2 27 14
2 27 18
2 28 6
2 28 17
2 28 21
2 28 25
2 28 26
2 28 29
2 29 5
2 29 12
2 29 15
2 29 23
3 0 0
3 0 1
3 0 4
3 0 5
3 0 7
3 0 9
3 0 12
3 0 15
3 0 16
3 1 4
3 1 6
3 1 8
3 1 18
3 1 23
3 1 28
3 2 3
3 2 5
3 2 6
3 2 7
3 3 1
3 3 4
3 3 6
3 3 7
3 3 8
3 3 24
3 4 0
3 4 3
3 4 6
3 5 2
3 5 3
3 5 6
3 5 15
3 5 26
3 5 30
3 6 1
3 6 2
3 6 3
3 6 7
3 7 1
3 7 2
3 7 3
3 7 6
3 7 19
3 7 30
3 8 2
3 8 12
3 8 14
3 8 30
3 9 3
3 9 9
3 9 10
3 9 13
3 9 19
3 10 11
3 10 12
3 10 25
3 11 13
3 11 18
3 11 23
3 11 24
3 11 29
3 12 9
3 12 17
3 12 23
3 13 4
3 13 10
3 13 12
3 13 15
3 13 21
3 13 23
3 13 26
3 14 9
3 14 12
3 14 16
3 14 19
3 14 23
3 14 30
3 15 5
3 15 9
3 16 0
3 16 8
3 16 29
3 17 5
3 17 15
3 17 21
3 17 30
3 18 14
3 18 18
3 18 19
3 18 22
3 18 30
3 19 14
3 19 29
3 20 12
3 20 16
3 21 1
3 21 22
3 22 4
3 22 14
3 23 13
3 23 25
3 23 27
3 24 11
3 25 0
3 25 11
3 25 15
3 25 18
3 25 19
3 25 22
3 25 25
3 25 30
3 26 0
3 26 5
3 26 16
3 26 23
3 26 27
3 26 29
3 27 11
3 27 12
3 27 18
3 27 24
3 27 29
3 28 16
3 28 19
3 28 29
3 29 0
3 29 9
3 29 12
3 29 18
3 29 23
3 29 29
3 30 8
3 30 12
3 30 16
3 30 21
3 30 24
3 30 26
3 30 29
4 0 1
4 0 4
4 0 6
4 0 10
4 0 18
4 0 22
4 0 26
4 1 0
4 1 1
4 1 5
4 1 7
4 1 15
4 1 24
4 1 26
4 2 0
4 2 1
4 2 2
4 2 3
4 2 7
4 2 12
4 3 0
4 3 1
4 3 5
4 3 15
4 3 21
4 4 0
4 4 1
4 4 2
4 4 3
4 4 5
4 4 6
4 4 7
4 5 2
4 5 4
4 5 6
4 5 11
4 5 15
4 6 0
4 6 2
4 6 5
4 6 6
4 6 7
4 6 18
4 7 3
4 7 5
4 7 6
4 7 7
4 7 19
4 8 0
4 8 9
4 8 11
4 8 13
4 8 28
4 9 8
4 9 22
4 9 23
4 10 10
4 10 11
4 10 12
4 10 21
4 10 25
4 10 28
4 11 2
4 11 8
4 11 25
4 12 7
4 12 24
4 13 14
4 13 16
4 13 20
4 14 6
4 14 12
4 14 19
4 14 23
4 14 24
4 15 2
4 15 7
4 15 13
4 15 15
4 15 27
4 16 2
4 16 11
4 16 12
4 16 14
4 16 26
4 16 28
4 17 3
4 17 6
4 17 14
4 17 18
4 17 25
4 18 0
4 18 15
4 18 16
4 18 17
4 18 26
4 19 2
4 19 17
4 19 22
4 19 25
4 19 26
4 19 27
4 20 5
4 20 24
4 20 25
4 21 10
4 21 13
4 21 27
4 22 3
4 22 8
4 22 17
4 23 21
4 23 29
4 24 6
4 24 13
4 24 26
4 25 24
4 26 0
4 26 10
4 26 16
4 26 21
4 26 22
4 26 27
4 27 9
4 27 12
4 27 17
4 28 8
4 28 22
4 28 25
4 29 5
4 29 21
4 29 29
4 30 7
4 30 8
4 30 22
4 30 26
5 0 0
5 0 2
5 0 4
5 0 12
5 0 26
5 1 1
5 1 2
5 1 5
5 1 6
5 1 11
5 2 0
5 2 2
5 2 5
5 2 6
5 2 9
5 2 17
5 2 21
5 3 0
5 3 1
5 3 4
5 3 5
5 3 6
5 3 7
5 3 27
5 4 1
5 4 2
5 4 3
5 4 5
5 4 7
5 4 9
5 4 26
5 5 0
5 5 6
5 5 13
5 5 29
5 6 0
5 6 2
5 6 4
5 6 6
5 6 19
5 7 2
5 7 4
5 7 29
5 8 0
5 8 2
5 8 9
5 8 14
5 8 15
5 8 21
5 8 28
5 9 9
5 9 20
5 9 29
5 10 10
5 10 14
5 10 20
5 10 25
5 10 28
5 11 4
5 11 8
5 11 15
5 11 22
5 12 11
5 12 14
5 12 23
5 12 27
5 12 28
5 13 0
5 13 4
5 13 12
5 13 19
5 13 27
5 14 18
5 14 21
5 14 24
5 15 17
5 15 21
5 15 28
5 16 0
5 16 8
5 16 22
5 16 23
5 17 29
5 18 2
5 18 8
5 18 14
5 18 19
5 19 3
5 19 5
5 19 10
5 19 11
5 19 18
5 19 28
5 20 8
5 20 24
5 21 6
5 21 8
5 21 12
5 21 13
5 21 17
5 21 26
5 22 17
5 22 27
5 23 11
5 23 12
5 23 17
5 23 19
5 23 20
5 23 21
5 24 18
5 24 19
5 24 24
5 25 12
5 25 23
5 25 25
5 26 0
5 26 5
5 26 12
5 26 13
5 26 21
5 26 25
5 27 19
5 27 26
5 28 10
5 28 14
5 28 19
5 29 1
5 29 8
5 29 15
5 29 16
5 29 17
5 29 21
5 29 22
5 29 25
5 29 28