2792
3
50 49 49
1097

693 0 9 0 0 0 653 662 0 262 52 0 0 0 67 0 56 22 0 33 91 0 0 92 0 0 0 55 0 44 0 89 13 0 34 0 53 0 0 35 0 0 0 0 0 0 0 0 75 32
0 580 0 0 0 0 0 0 0 500 0 0 0 0 0 61 37 50 0 0 0 87 0 0 0 51 0 0 0 0 86 0 0 53 0 0 0 0 0 64 0 91 70 0 0 0 17 23 98
0 418 991 0 0 281 0 898 0 0 892 0 269 0 0 16 0 0 0 0 5 0 6 0 0 67 0 0 0 0 0 0 0 10 0 66 61 0 0 66 0 56 0 0 36 0 77 13 2

0 0 0
0 0 1
0 0 2
0 0 4
0 0 5
0 0 7
0 0 12
0 0 13
0 0 19
0 0 22
0 0 28
0 0 34
0 1 1
0 1 5
0 1 6
0 1 7
0 1 9
0 1 10
0 1 11
0 1 12
0 1 13
0 1 23
0 2 0
0 2 1
0 2 3
0 2 4
0 2 5
0 2 6
0 2 7
0 2 8
0 2 11
0 2 13
0 2 19
0 2 20
0 2 22
0 2 24
0 2 27
0 2 34
0 2 35
0 2 46
0 3 1
0 3 3
0 3 4
0 3 5
0 3 7
0 3 9
0 3 10
0 3 12
0 3 13
0 3 14
0 4 0
0 4 1
0 4 2
0 4 3
0 4 5
0 4 8
0 4 9
0 4 10
0 4 11
0 4 12
0 4 38
0 4 44
0 5 2
0 5 5
0 5 7
0 5 10
0 5 12
0 5 20
0 5 23
0 5 42
0 5 48
0 6 1
0 6 2
0 6 4
0 6 5
0 6 6
0 6 8
0 6 9
0 6 12
0 6 14
0 6 19
0 6 22
0 7 0
0 7 4
0 7 5
0 7 7
0 7 8
0 7 11
0 7 13
0 7 35
0 7 42
0 7 47
0 8 3
0 8 5
0 8 7
0 8 10
0 8 12
0 8 13
0 8 14
0 8 30
0 8 34
0 9 0
0 9 1
0 9 3
0 9 7
0 9 9
0 9 10
0 9 12
0 9 13
0 9 30
0 9 37
0 10 0
0 10 1
0 10 5
0 10 9
0 10 11
0 10 12
0 10 13
0 10 24
0 10 26
0 10 28
0 10 31
0 11 0
0 11 5
0 11 7
0 11 8
0 11 10
0 11 12
0 11 17
0 11 31
0 11 44
0 12 1
0 12 3
0 12 6
0 12 7
0 12 8
0 12 9
0 12 10
0 12 13
0 12 23
0 12 29
0 12 38
0 12 39
0 12 44
0 13 0
0 13 1
0 13 3
0 13 4
0 13 5
0 13 7
0 13 8
0 13 11
0 13 13
0 13 17
0 13 33
0 13 36
0 13 48
0 14 3
0 14 8
0 14 20
0 14 22
0 14 24
0 14 25
0 14 27
0 14 29
0 14 30
0 14 32
0 14 33
0 14 38
0 14 42
0 14 44
0 14 48
0 15 6
0 15 10
0 15 14
0 15 21
0 15 22
0 15 23
0 15 35
0 15 39
0 15 40
0 15 41
0 15 44
0 16 4
0 16 9
0 16 16
0 16 17
0 16 20
0 16 21
0 16 22
0 16 30
0 16 32
0 16 37
0 16 38
0 16 42
0 16 43
0 16 47
0 17 14
0 17 17
0 17 18
0 17 27
0 17 35
0 17 36
0 17 38
0 17 45
0 17 46
0 18 4
0 18 14
0 18 15
0 18 18
0 18 20
0 18 22
0 18 29
0 18 30
0 18 33
0 18 35
0 18 38
0 19 20
0 19 21
0 19 22
0 19 23
0 19 29
0 19 32
0 19 33
0 19 34
0 19 40
0 19 41
0 20 14
0 20 19
0 20 21
0 20 26
0 20 27
0 20 28
0 20 30
0 20 33
0 20 37
0 20 38
0 20 40
0 20 42
0 21 5
0 21 17
0 21 19
0 21 26
0 21 36
0 21 37
0 21 45
0 22 15
0 22 17
0 22 23
0 22 33
0 22 42
0 22 43
0 22 44
0 22 46
0 22 48
0 23 24
0 23 25
0 23 26
0 23 28
0 23 29
0 23 31
0 23 34
0 23 39
0 23 43
0 24 0
0 24 5
0 24 14
0 24 19
0 24 24
0 24 25
0 24 26
0 24 31
0 24 33
0 24 35
0 24 38
0 24 48
0 25 15
0 25 16
0 25 25
0 25 26
0 25 29
0 25 31
0 25 36
0 25 40
0 25 43
0 25 45
0 25 46
0 25 48
0 26 18
0 26 20
0 26 21
0 26 23
0 26 26
0 26 27
0 26 33
0 26 35
0 26 38
0 26 41
0 26 42
0 26 43
0 26 45
0 26 48
0 27 9
0 27 10
0 27 15
0 27 20
0 27 21
0 27 22
0 27 24
0 27 25
0 27 36
0 27 38
0 27 41
0 28 16
0 28 18
0 28 22
0 28 27
0 28 28
0 28 31
0 28 34
0 28 41
0 28 47
0 29 3
0 29 10
0 29 16
0 29 17
0 29 18
0 29 20
0 29 23
0 29 25
0 29 27
0 29 33
0 29 36
0 29 37
0 29 41
0 29 44
0 30 17
0 30 20
0 30 23
0 30 25
0 30 27
0 30 31
0 30 42
0 30 44
0 30 46
0 30 48
0 31 15
0 31 16
0 31 21
0 31 24
0 31 27
0 31 35
0 31 42
0 31 44
0 31 47
0 32 18
0 32 25
0 32 26
0 32 32
0 32 38
0 32 43
0 32 44
0 33 2
0 33 5
0 33 19
0 33 21
0 33 22
0 33 27
0 33 35
0 33 37
0 33 47
0 34 14
0 34 30
0 34 32
0 34 33
0 34 38
0 34 39
0 34 41
0 34 42
0 34 44
0 34 46
0 35 6
0 35 17
0 35 20
0 35 23
0 35 25
0 35 31
0 35 32
0 35 37
0 35 38
0 35 41
0 35 48
0 36 5
0 36 15
0 36 17
0 36 24
0 36 31
0 36 33
0 36 34
0 36 36
0 36 37
0 36 41
0 37 15
0 37 17
0 37 23
0 37 29
0 37 30
0 37 31
0 37 37
0 37 38
0 37 40
0 37 45
0 38 3
0 38 8
0 38 12
0 38 15
0 38 16
0 38 17
0 38 18
0 38 23
0 38 24
0 38 25
0 38 26
0 38 27
0 38 28
0 38 31
0 38 36
0 38 42
0 38 44
0 38 48
0 39 4
0 39 7
0 39 14
0 39 15
0 39 19
0 39 22
0 39 26
0 39 29
0 39 32
0 39 34
0 39 41
0 39 47
0 39 48
0 40 14
0 40 19
0 40 21
0 40 24
0 40 30
0 40 32
0 40 38
0 40 40
0 40 41
0 40 42
0 40 43
0 40 45
0 40 47
0 41 15
0 41 16
0 41 24
0 41 25
0 41 27
0 41 29
0 41 31
0 41 32
0 41 34
0 41 35
0 41 39
0 41 46
0 42 13
0 42 17
0 42 21
0 42 25
0 42 26
0 42 27
0 42 32
0 42 37
0 42 38
0 42 42
0 42 44
0 42 48
0 43 0
0 43 9
0 43 14
0 43 15
0 43 16
0 43 18
0 43 19
0 43 20
0 43 23
0 43 24
0 43 25
0 43 31
0 43 36
0 43 41
0 43 42
0 43 46
0 43 47
0 43 48
0 44 16
0 44 21
0 44 32
0 44 34
0 44 43
0 44 44
0 44 45
0 44 46
0 45 10
0 45 14
0 45 18
0 45 22
0 45 25
0 45 26
0 45 28
0 45 37
0 45 38
0 45 43
0 45 46
0 46 16
0 46 25
0 46 26
0 46 27
0 46 29
0 46 30
0 46 31
0 46 32
0 46 33
0 46 35
0 46 42
0 46 45
0 46 48
0 47 9
0 47 16
0 47 19
0 47 21
0 47 26
0 47 27
0 47 28
0 47 38
0 47 41
0 47 43
0 47 45
0 48 5
0 48 8
0 48 13
0 48 15
0 48 16
0 48 23
0 48 27
0 48 28
0 48 29
0 48 31
0 48 37
0 48 43
0 49 14
0 49 16
0 49 17
0 49 18
0 49 23
0 49 25
0 49 27
0 49 28
0 49 30
0 49 35
0 49 41
0 49 42
0 49 44
0 49 45
0 49 46
1 0 0
1 0 1
1 0 12
1 0 13
1 0 32
1 0 35
1 0 39
1 1 0
1 1 3
1 1 4
1 1 6
1 1 7
1 1 10
1 1 12
1 1 14
1 2 0
1 2 3
1 2 4
1 2 5
1 2 6
1 2 9
1 2 10
1 2 12
1 2 13
1 3 1
1 3 2
1 3 12
1 3 13
1 3 14
1 3 41
1 3 44
1 4 0
1 4 4
1 4 5
1 4 7
1 4 8
1 4 10
1 4 13
1 4 22
1 4 43
1 4 45
1 4 48
1 5 0
1 5 4
1 5 6
1 5 7
1 5 9
1 5 12
1 5 25
1 5 45
1 6 1
1 6 2
1 6 3
1 6 6
1 6 7
1 6 9
1 6 10
1 6 11
1 6 20
1 6 24
1 6 29
1 7 6
1 7 7
1 7 8
1 7 9
1 7 12
1 7 35
1 8 1
1 8 8
1 8 9
1 8 11
1 8 13
1 8 19
1 8 32
1 8 39
1 9 0
1 9 1
1 9 4
1 9 6
1 9 9
1 9 10
1 9 11
1 9 14
1 9 33
1 9 44
1 9 46
1 10 0
1 10 2
1 10 4
1 10 9
1 10 11
1 10 13
1 11 1
1 11 5
1 11 6
1 11 8
1 11 9
1 11 12
1 11 13
1 11 19
1 11 29
1 11 38
1 12 1
1 12 2
1 12 4
1 12 5
1 12 6
1 12 7
1 12 8
1 12 12
1 12 13
1 13 0
1 13 1
1 13 4
1 13 7
1 13 8
1 13 9
1 13 10
1 13 11
1 13 12
1 13 16
1 13 34
1 13 38
1 14 10
1 14 14
1 14 16
1 14 19
1 14 20
1 14 24
1 14 25
1 14 33
1 14 35
1 14 36
1 14 37
1 14 39
1 14 47
1 14 48
1 15 10
1 15 13
1 15 14
1 15 16
1 15 20
1 15 22
1 15 25
1 15 32
1 15 33
1 15 34
1 15 35
1 15 36
1 15 37
1 15 39
1 15 46
1 16 14
1 16 15
1 16 18
1 16 28
1 16 30
1 16 31
1 16 35
1 16 39
1 16 40
1 16 42
1 16 48
1 17 2
1 17 7
1 17 10
1 17 16
1 17 17
1 17 18
1 17 20
1 17 30
1 17 36
1 17 39
1 17 40
1 18 0
1 18 15
1 18 20
1 18 21
1 18 25
1 18 26
1 18 29
1 18 32
1 18 33
1 18 34
1 18 37
1 18 44
1 18 45
1 19 8
1 19 9
1 19 19
1 19 22
1 19 27
1 19 30
1 19 31
1 19 34
1 19 36
1 19 38
1 19 40
1 19 43
1 19 45
1 19 46
1 19 47
1 20 24
1 20 33
1 20 34
1 20 36
1 20 43
1 20 47
1 21 10
1 21 14
1 21 16
1 21 20
1 21 24
1 21 26
1 21 27
1 21 30
1 21 31
1 21 36
1 21 37
1 21 40
1 21 48
1 22 15
1 22 28
1 22 34
1 22 36
1 22 38
1 22 40
1 22 44
1 22 48
1 23 14
1 23 17
1 23 19
1 23 22
1 23 30
1 23 34
1 24 6
1 24 10
1 24 14
1 24 20
1 24 22
1 24 26
1 24 27
1 24 30
1 24 34
1 24 36
1 24 37
1 24 38
1 24 39
1 24 43
1 24 46
1 24 48
1 25 16
1 25 18
1 25 20
1 25 23
1 25 25
1 25 27
1 25 36
1 25 37
1 25 39
1 25 40
1 25 42
1 25 48
1 26 8
1 26 13
1 26 14
1 26 17
1 26 19
1 26 24
1 26 28
1 26 29
1 26 31
1 26 32
1 26 34
1 26 35
1 26 39
1 26 44
1 26 45
1 26 48
1 27 12
1 27 14
1 27 18
1 27 23
1 27 27
1 27 28
1 27 29
1 27 48
1 28 14
1 28 22
1 28 24
1 28 26
1 28 29
1 28 30
1 28 34
1 28 39
1 28 40
1 28 45
1 28 47
1 29 13
1 29 15
1 29 20
1 29 27
1 29 28
1 29 29
1 29 36
1 29 37
1 29 39
1 29 43
1 29 44
1 29 46
1 30 6
1 30 16
1 30 19
1 30 20
1 30 22
1 30 23
1 30 24
1 30 28
1 30 31
1 30 33
1 30 34
1 30 35
1 30 41
1 30 46
1 31 11
1 31 13
1 31 20
1 31 21
1 31 22
1 31 26
1 31 31
1 31 36
1 31 39
1 31 41
1 31 47
1 32 13
1 32 15
1 32 16
1 32 20
1 32 27
1 32 34
1 32 36
1 32 37
1 32 39
1 32 42
1 32 44
1 32 45
1 32 46
1 32 47
1 33 7
1 33 15
1 33 24
1 33 28
1 33 31
1 33 37
1 33 38
1 33 39
1 33 40
1 33 41
1 33 43
1 33 47
1 34 32
1 34 33
1 34 34
1 34 36
1 34 46
1 35 8
1 35 15
1 35 18
1 35 27
1 35 31
1 35 32
1 35 34
1 35 35
1 35 36
1 35 37
1 35 39
1 35 41
1 35 45
1 35 47
1 36 4
1 36 5
1 36 13
1 36 14
1 36 15
1 36 20
1 36 24
1 36 25
1 36 28
1 36 37
1 36 43
1 36 48
1 37 8
1 37 16
1 37 18
1 37 22
1 37 26
1 37 32
1 37 40
1 37 41
1 38 14
1 38 19
1 38 21
1 38 22
1 38 26
1 38 28
1 38 29
1 38 34
1 38 39
1 38 40
1 38 47
1 39 6
1 39 7
1 39 15
1 39 17
1 39 21
1 39 24
1 39 26
1 39 28
1 39 29
1 39 31
1 39 32
1 39 33
1 39 37
1 39 42
1 39 46
1 39 48
1 40 14
1 40 17
1 40 20
1 40 22
1 40 25
1 40 27
1 40 28
1 40 31
1 40 36
1 40 38
1 40 42
1 40 43
1 41 10
1 41 12
1 41 15
1 41 20
1 41 23
1 41 27
1 41 32
1 41 34
1 41 44
1 42 15
1 42 20
1 42 21
1 42 22
1 42 28
1 42 30
1 42 37
1 42 38
1 42 43
1 42 46
1 43 15
1 43 21
1 43 24
1 43 27
1 43 34
1 43 38
1 43 39
1 43 46
1 43 48
1 44 16
1 44 17
1 44 18
1 44 21
1 44 22
1 44 23
1 44 25
1 44 30
1 44 34
1 44 38
1 44 39
1 44 47
1 45 1
1 45 14
1 45 16
1 45 18
1 45 20
1 45 21
1 45 24
1 45 27
1 45 35
1 45 36
1 45 38
1 45 46
1 46 14
1 46 17
1 46 19
1 46 20
1 46 21
1 46 22
1 46 25
1 46 27
1 46 30
1 46 34
1 46 37
1 46 41
1 46 46
1 46 48
1 47 14
1 47 15
1 47 23
1 47 26
1 47 27
1 47 29
1 47 32
1 47 41
1 47 47
1 48 7
1 48 9
1 48 10
1 48 13
1 48 15
1 48 17
1 48 22
1 48 26
1 48 29
1 48 32
1 48 35
1 48 37
1 48 39
1 48 43
1 48 44