607
5
39 39 39 39 38
999

0 0 0 0 0 0 0 728 0 0 425 0 0 176 0 373 0 523 0 555 0 0 0 0 0 38 11 23 0 84 58 0 0 51 42 0 3 0 0
0 651 22 0 0 99 640 0 820 0 773 93 0 0 264 0 598 0 0 0 0 23 0 0 1 0 0 0 0 0 0 20 0 6 30 0 0 54 0
328 326 66 90 0 0 0 0 82 52 0 0 914 985 153 0 62 54 956 0 0 37 0 0 58 24 0 0 0 0 0 0 0 0 0 62 0 0 9
413 0 0 349 584 50 808 0 52 831 393 424 0 54 256 0 879 0 709 319 0 48 80 71 34 63 58 10 34 93 0 0 0 86 16 0 38 0 44
0 0 438 0 584 0 21 0 696 0 269 877 675 297 0 0 88 359 0 81 46 25 0 0 0 0 0 0 0 0 0 0 29 5 29 0 0 0

0 0 0
0 0 2
0 0 6
0 0 11
0 0 18
0 0 34
0 0 38
0 1 0
0 1 8
0 1 13
0 1 17
0 1 18
0 1 29
0 1 32
0 2 2
0 2 5
0 2 8
0 2 10
0 2 12
0 2 14
0 2 17
0 2 23
0 2 33
0 2 38
0 3 3
0 3 4
0 3 6
0 3 8
0 3 9
0 3 11
0 3 12
0 3 13
0 3 19
0 3 20
0 3 35
0 4 1
0 4 2
0 4 10
0 4 15
0 5 1
0 5 4
0 5 8
0 5 12
0 5 14
0 5 15
0 5 16
0 5 21
0 5 25
0 6 4
0 6 6
0 6 7
0 6 10
0 6 13
0 6 14
0 6 17
0 6 18
0 6 29
0 6 32
0 7 0
0 7 8
0 7 9
0 7 13
0 7 17
0 7 18
0 7 19
0 7 37
0 8 1
0 8 6
0 8 7
0 8 9
0 8 10
0 8 11
0 8 14
0 8 15
0 8 16
0 8 18
0 8 22
0 8 27
0 9 0
0 9 10
0 9 11
0 9 13
0 9 19
0 9 23
0 9 32
0 9 36
0 10 3
0 10 8
0 10 11
0 10 12
0 10 15
0 10 17
0 10 18
0 10 19
0 10 22
0 10 27
0 10 32
0 10 37
0 11 1
0 11 2
0 11 3
0 11 14
0 11 15
0 11 16
0 12 0
0 12 4
0 12 8
0 12 15
0 12 17
0 12 19
0 12 37
0 13 2
0 13 3
0 13 7
0 13 9
0 13 12
0 13 15
0 13 25
0 14 5
0 14 6
0 14 11
0 14 14
0 14 18
0 14 19
0 14 23
0 14 36
0 15 2
0 15 4
0 15 8
0 15 26
0 15 32
0 16 7
0 16 9
0 16 12
0 16 13
0 16 17
0 16 18
0 16 21
0 16 33
0 16 37
0 17 1
0 17 11
0 17 13
0 17 15
0 17 17
0 17 22
0 17 24
0 17 28
0 18 3
0 18 5
0 18 9
0 18 10
0 18 15
0 18 26
0 19 1
0 19 2
0 19 4
0 19 5
0 19 8
0 19 12
0 19 18
0 19 31
0 20 0
0 20 10
0 20 32
0 21 5
0 21 10
0 21 20
0 21 24
0 21 33
0 21 35
0 22 5
0 22 23
0 22 25
0 22 34
0 22 36
0 22 37
0 23 0
0 23 14
0 23 31
0 24 3
0 24 22
0 24 26
0 25 4
0 25 13
0 25 20
0 25 23
0 25 24
0 25 38
0 26 23
0 26 35
0 26 36
0 27 18
0 27 27
0 27 36
0 28 0
0 28 9
0 28 22
0 28 26
0 28 28
0 29 8
0 29 12
0 29 17
0 29 18
0 29 26
0 29 27
0 29 33
0 30 1
0 30 2
0 30 5
0 30 15
0 30 25
0 30 32
0 30 34
0 31 0
0 31 11
0 31 14
0 31 22
0 31 25
0 31 36
0 32 5
0 32 19
0 32 32
0 32 33
0 33 3
0 33 34
0 33 35
0 34 2
0 34 8
0 34 10
0 34 14
0 34 34
0 35 0
0 35 18
0 35 28
0 35 36
0 36 15
0 36 18
0 36 21
0 36 27
0 37 2
0 37 6
0 37 10
0 37 12
0 37 13
0 37 24
0 37 30
0 38 2
0 38 16
0 38 29
1 0 1
1 0 2
1 0 6
1 0 11
1 0 12
1 0 14
1 0 18
1 0 19
1 0 25
1 1 2
1 1 4
1 1 6
1 1 7
1 1 8
1 1 13
1 1 15
1 1 17
1 1 22
1 1 28
1 1 29
1 2 5
1 2 6
1 2 9
1 2 12
1 3 1
1 3 12
1 3 13
1 3 14
1 3 18
1 3 19
1 3 23
1 3 24
1 3 25
1 3 28
1 3 30
1 4 0
1 4 16
1 4 18
1 4 20
1 4 35
1 5 0
1 5 2
1 5 8
1 5 10
1 5 11
1 5 12
1 5 17
1 5 19
1 5 20
1 5 34
1 5 37
1 6 6
1 6 7
1 6 9
1 6 12
1 6 14
1 6 33
1 7 10
1 7 14
1 7 16
1 7 19
1 8 3
1 8 7
1 8 8
1 8 9
1 8 10
1 8 15
1 8 16
1 8 22
1 8 26
1 8 29
1 9 0
1 9 3
1 9 8
1 9 12
1 9 17
1 9 18
1 9 19
1 9 36
1 10 10
1 10 11
1 10 14
1 10 15
1 10 20
1 10 25
1 11 2
1 11 7
1 11 12
1 11 13
1 11 15
1 11 17
1 11 22
1 11 38
1 12 2
1 12 3
1 12 5
1 12 9
1 12 13
1 12 21
1 12 23
1 13 5
1 13 8
1 13 13
1 13 15
1 13 22
1 14 8
1 14 12
1 14 16
1 14 29
1 14 30
1 14 32
1 14 34
1 15 3
1 15 7
1 15 10
1 15 22
1 16 0
1 16 2
1 16 12
1 16 13
1 16 17
1 16 18
1 17 1
1 17 3
1 17 5
1 17 8
1 17 12
1 17 14
1 17 16
1 17 19
1 17 34
1 17 37
1 17 38
1 18 3
1 18 6
1 18 10
1 18 11
1 18 12
1 18 14
1 18 16
1 19 1
1 19 3
1 19 5
1 19 8
1 19 17
1 19 31
1 19 32
1 19 36
1 19 38
1 20 1
1 20 4
1 20 20
1 20 25
1 20 27
1 21 12
1 21 28
1 21 33
1 21 37
1 22 2
1 22 16
1 22 25
1 22 32
1 22 35
1 23 3
1 23 12
1 23 19
1 23 36
1 24 1
1 24 3
1 24 12
1 24 30
1 24 31
1 25 19
1 26 5
1 26 10
1 26 30
1 26 31
1 26 32
1 26 36
1 27 1
1 27 7
1 27 20
1 27 21
1 27 24
1 27 26
1 27 28
1 27 38
1 28 2
1 28 6
1 28 22
1 28 25
1 28 33
1 28 34
1 28 36
1 29 2
1 29 16
1 29 24
1 29 38
1 30 3
1 30 4
1 30 5
1 30 16
1 30 21
1 30 26
1 30 31
1 30 38
1 31 4
1 31 12
1 31 27
1 31 30
1 32 1
1 32 3
1 32 5
1 32 9
1 32 22
1 32 26
1 32 34
1 33 3
1 33 16
1 33 30
1 34 1
1 34 5
1 34 9
1 34 15
1 34 16
1 34 24
1 34 26
1 34 34
1 34 36
1 35 0
1 35 2
1 35 7
1 35 8
1 35 10
1 35 17
1 35 18
1 35 20
1 35 21
1 35 23
1 35 26
1 35 28
1 36 9
1 36 19
1 36 20
1 36 22
1 37 15
1 37 27
1 37 31
1 37 33
1 38 17
1 38 20
1 38 21
1 38 23
1 38 24
1 38 28
1 38 32
1 38 34
1 38 38
2 0 1
2 0 2
2 0 5
2 0 6
2 0 7
2 0 9
2 0 11
2 0 13
2 0 14
2 0 15
2 0 17
2 0 18
2 0 24
2 0 28
2 0 36
2 1 1
2 1 2
2 1 8
2 1 18
2 1 25
2 1 33
2 1 36
2 1 37
2 2 3
2 2 6
2 2 11
2 2 15
2 2 16
2 2 35
2 3 5
2 3 6
2 3 12
2 3 16
2 3 17
2 3 19
2 3 28
2 3 32
2 3 36
2 4 1
2 4 2
2 4 5
2 4 6
2 4 7
2 4 10
2 4 12
2 4 13
2 4 15
2 4 21
2 5 3
2 5 7
2 5 8
2 5 9
2 5 10
2 5 11
2 5 14
2 5 17
2 5 21
2 5 26
2 6 1
2 6 4
2 6 6
2 6 13
2 6 18
2 6 19
2 7 5
2 7 6
2 7 12
2 7 16
2 7 17
2 7 24
2 7 25
2 7 30
2 7 31
2 7 35
2 8 4
2 8 5
2 8 8
2 8 15
2 8 18
2 8 22
2 8 25
2 8 33
2 9 6
2 9 9
2 9 12
2 9 13
2 9 16
2 9 18
2 9 24
2 9 30
2 9 33
2 10 4
2 10 8
2 10 15
2 10 22
2 10 23
2 11 0
2 11 6
2 11 11
2 11 13
2 11 14
2 11 18
2 11 24
2 11 27
2 11 30
2 11 31
2 11 38
2 12 1
2 12 6
2 12 7
2 12 15
2 12 18
2 12 19
2 12 38
2 13 1
2 13 6
2 13 11
2 13 16
2 13 17
2 14 1
2 14 5
2 14 7
2 14 8
2 14 11
2 14 26
2 14 37
2 15 3
2 15 9
2 15 12
2 15 16
2 15 20
2 15 21
2 15 23
2 15 28
2 15 29
2 16 7
2 16 11
2 16 12
2 16 13
2 16 19
2 16 30
2 16 32
2 16 35
2 17 1
2 17 5
2 17 7
2 17 18
2 17 19
2 17 20
2 17 26
2 17 36
2 17 37
2 17 38
2 18 5
2 18 6
2 18 16
2 18 17
2 18 19
2 18 21
2 18 29
2 18 30
2 18 35
2 18 37
2 19 1
2 19 2
2 19 4
2 19 12
2 19 17
2 19 19
2 19 26
2 19 29
2 19 32
2 20 11
2 20 12
2 20 21
2 20 34
2 21 19
2 21 21
2 21 25
2 21 27
2 21 31
2 22 0
2 22 17
2 22 20
2 22 23
2 22 26
2 22 37
2 23 2
2 23 4
2 23 21
2 23 26
2 23 31
2 23 36
2 24 34
2 25 2
2 25 6
2 25 19
2 25 20
2 25 36
2 26 4
2 26 38
2 27 13
2 27 19
2 27 25
2 27 26
2 27 38
2 28 1
2 28 15
2 28 28
2 29 12
2 29 19
2 29 20
2 29 22
2 29 33
2 30 5
2 30 18
2 30 23
2 30 29
2 30 33
2 30 34
2 30 37
2 31 2
2 31 14
2 31 19
2 32 0
2 32 14
2 32 16
2 32 22
2 32 27
2 32 37
2 33 1
2 33 2
2 33 7
2 33 33
2 34 16
2 34 21
2 34 34
2 35 2
2 35 12
2 35 15
2 35 21
2 35 24
2 35 29
2 36 5
2 36 6
2 36 7
2 36 21
2 36 26
2 37 4
2 37 27
2 37 32
2 38 9
2 38 15
2 38 21
2 38 32
2 38 33
3 0 2
3 0 12
3 0 14
3 0 16
3 0 25
3 0 27
3 0 37
3 1 1
3 1 4
3 1 8
3 1 13
3 1 14
3 1 15
3 1 18
3 1 23
3 1 31
3 1 37
3 2 1
3 2 3
3 2 5
3 2 8
3 2 9
3 2 16
3 2 31
3 2 35
3 2 36
3 3 4
3 3 5
3 3 8
3 3 9
3 3 13
3 3 15
3 3 28
3 3 29
3 3 30
3 4 11
3 4 13
3 4 20
3 5 0
3 5 4
3 5 5
3 5 7
3 5 8
3 5 10
3 5 12
3 5 14
3 5 30
3 5 32
3 5 36
3 6 3
3 6 5
3 6 13
3 6 20
3 6 29
3 7 0
3 7 2
3 7 7
3 7 8
3 7 14
3 7 16
3 7 17
3 8 4
3 8 5
3 8 6
3 9 9
3 9 10
3 9 13
3 9 16
3 9 20
3 9 30
3 10 3
3 10 13
3 10 28
3 10 29
3 11 3
3 11 8
3 11 11
3 11 16
3 11 36
3 12 1
3 12 3
3 12 4
3 12 6
3 12 7
3 12 8
3 12 12
3 12 15
3 12 21
3 12 23
3 12 27
3 12 31
3 13 1
3 13 5
3 13 7
3 13 9
3 13 10
3 13 14
3 13 15
3 13 17
3 13 25
3 14 1
3 14 6
3 14 7
3 14 11
3 14 12
3 14 14
3 14 15
3 14 23
3 14 24
3 15 1
3 15 2
3 15 8
3 15 9
3 15 13
3 15 15
3 15 30
3 16 0
3 16 1
3 16 4
3 16 6
3 16 17
3 16 19
3 16 27
3 17 0
3 17 1
3 17 5
3 17 12
3 17 14
3 17 18
3 17 21
3 17 28
3 18 2
3 18 10
3 18 12
3 18 17
3 18 18
3 18 25
3 19 0
3 19 3
3 19 4
3 19 8
3 19 9
3 19 12
3 19 31
3 19 33
3 19 37
3 20 13
3 20 17
3 20 26
3 21 0
3 21 1
3 21 2
3 21 25
3 22 32
3 22 33
3 23 7
3 23 12
3 23 22
3 23 23
3 23 31
3 23 37
3 24 20
3 25 11
3 25 13
3 25 20
3 25 21
3 25 28
3 25 29
3 25 36
3 26 8
3 26 11
3 26 13
3 26 23
3 26 25
3 26 27
3 26 28
3 26 34
3 27 21
3 27 22
3 27 33
3 27 35
3 27 36
3 28 14
3 28 24
3 28 36
3 29 10
3 29 14
3 29 17
3 29 19
3 29 26
3 29 30
3 29 33
3 30 18
3 30 19
3 30 27
3 30 30
3 30 31
3 30 35
3 32 3
3 32 18
3 32 20
3 32 34
3 33 11
3 33 16
3 33 21
3 33 25
3 33 34
3 33 37
3 34 8
3 34 21
3 34 23
3 34 29
3 34 34
3 34 37
3 35 1
3 35 6
3 35 7
3 35 9
3 35 19
3 36 16
3 36 17
3 36 31
3 36 36
3 37 1
3 37 21
3 37 24
3 37 27
3 37 29
3 37 35
3 37 37
3 38 7
3 38 21
3 38 27
3 38 28
3 38 37