566
4
50 50 51 51
1214

953 0 631 0 0 0 946 0 759 0 0 0 877 137 0 0 0 0 0 0 35 0 22 87 4 61 77 0 0 67 0 51 0 0 0 35 65 30 0 22 0 0 75 0 87 0 77 0 0 0
0 0 508 0 0 338 638 0 904 451 0 0 29 436 449 0 208 0 477 0 87 40 0 0 67 0 0 40 0 0 64 88 0 48 99 50 0 97 0 62 0 39 0 12 64 0 0 0 67 5
0 903 0 117 0 148 0 767 0 0 0 0 969 956 549 325 0 594 0 0 32 0 0 0 0 8 0 0 58 15 0 95 0 82 55 83 0 0 19 83 86 10 84 0 0 72 0 0 9 94 68
737 964 100 0 559 772 0 0 332 728 847 441 365 618 541 0 0 373 195 0 29 43 85 78 79 0 0 94 32 0 0 0 29 0 51 0 50 0 0 0 46 0 51 0 0 0 0 0 0 0 0

0 0 0
0 0 1
0 0 8
0 0 9
0 0 10
0 0 12
0 0 14
0 0 15
0 0 16
0 0 32
0 0 37
0 1 6
0 1 7
0 1 10
0 1 14
0 1 15
0 1 23
0 1 34
0 2 5
0 2 8
0 2 13
0 2 15
0 2 17
0 2 20
0 2 29
0 2 31
0 3 8
0 3 11
0 3 14
0 3 15
0 3 16
0 3 21
0 3 24
0 3 33
0 4 0
0 4 2
0 4 3
0 4 4
0 4 8
0 4 9
0 4 12
0 4 19
0 4 20
0 4 21
0 4 23
0 5 0
0 5 1
0 5 5
0 5 6
0 5 10
0 5 12
0 5 15
0 5 16
0 5 25
0 5 31
0 5 34
0 6 3
0 6 12
0 6 13
0 6 14
0 6 15
0 6 17
0 6 18
0 6 25
0 6 31
0 6 48
0 7 2
0 7 4
0 7 6
0 7 7
0 7 8
0 7 10
0 7 18
0 7 38
0 7 41
0 8 0
0 8 2
0 8 5
0 8 7
0 8 9
0 8 15
0 8 18
0 8 31
0 8 36
0 8 40
0 9 2
0 9 4
0 9 5
0 9 6
0 9 7
0 9 8
0 9 9
0 9 10
0 9 13
0 9 16
0 9 22
0 9 24
0 10 5
0 10 8
0 10 10
0 10 12
0 10 13
0 10 17
0 10 31
0 10 32
0 10 33
0 10 37
0 11 1
0 11 4
0 11 8
0 11 11
0 11 14
0 11 18
0 11 26
0 11 28
0 11 29
0 11 31
0 11 38
0 11 41
0 11 42
0 11 49
0 12 3
0 12 4
0 12 5
0 12 6
0 12 7
0 12 8
0 12 10
0 12 13
0 12 14
0 12 17
0 12 23
0 12 25
0 12 27
0 12 45
0 12 46
0 13 1
0 13 4
0 13 5
0 13 8
0 13 10
0 13 12
0 13 13
0 13 15
0 13 16
0 13 17
0 13 27
0 13 28
0 13 33
0 13 40
0 13 48
0 14 1
0 14 2
0 14 5
0 14 10
0 14 11
0 14 14
0 14 20
0 14 29
0 15 0
0 15 1
0 15 3
0 15 6
0 15 10
0 15 18
0 15 29
0 15 36
0 16 0
0 16 4
0 16 6
0 16 7
0 16 8
0 16 9
0 16 37
0 16 46
0 17 3
0 17 5
0 17 6
0 17 8
0 17 9
0 17 15
0 17 18
0 17 24
0 18 0
0 18 2
0 18 4
0 18 7
0 18 8
0 18 18
0 18 19
0 18 20
0 18 46
0 19 4
0 19 7
0 19 13
0 19 29
0 19 45
0 19 47
0 20 9
0 20 16
0 20 19
0 20 23
0 20 32
0 20 39
0 20 46
0 21 17
0 21 31
0 21 36
0 21 44
0 22 6
0 22 11
0 22 24
0 22 28
0 22 31
0 23 0
0 23 8
0 23 19
0 23 20
0 23 33
0 23 35
0 23 36
0 23 38
0 23 48
0 24 8
0 24 12
0 24 17
0 24 19
0 24 21
0 24 24
0 24 29
0 24 37
0 24 38
0 24 39
0 24 42
0 24 48
0 25 2
0 25 19
0 25 33
0 25 45
0 25 46
0 26 19
0 26 22
0 26 26
0 26 28
0 26 29
0 26 30
0 26 32
0 27 15
0 27 17
0 27 23
0 27 26
0 27 35
0 27 43
0 27 44
0 27 46
0 28 0
0 28 13
0 28 29
0 28 30
0 28 31
0 28 34
0 28 36
0 29 10
0 29 21
0 29 22
0 29 28
0 29 34
0 29 35
0 29 44
0 29 45
0 29 47
0 30 6
0 30 9
0 30 11
0 30 15
0 30 31
0 30 47
0 31 7
0 31 13
0 31 14
0 31 31
0 31 37
0 31 38
0 31 48
0 32 19
0 32 39
0 32 42
0 33 5
0 33 11
0 33 19
0 33 44
0 33 45
0 34 4
0 34 18
0 34 22
0 34 29
0 34 32
0 34 33
0 34 34
0 34 36
0 34 43
0 34 48
0 36 7
0 36 10
0 36 23
0 36 24
0 36 26
0 36 27
0 36 34
0 36 38
0 36 41
0 37 7
0 37 19
0 37 22
0 37 23
0 37 27
0 37 29
0 37 34
0 37 35
0 37 40
0 37 43
0 37 44
0 38 8
0 38 13
0 38 21
0 38 38
0 38 42
0 38 45
0 38 48
0 39 17
0 39 31
0 39 34
0 39 43
0 40 10
0 40 13
0 40 14
0 40 17
0 40 20
0 40 23
0 40 27
0 40 35
0 40 37
0 40 42
0 41 8
0 41 18
0 41 29
0 41 32
0 41 36
0 41 41
0 41 45
0 42 5
0 42 18
0 42 23
0 42 25
0 42 27
0 42 35
0 42 37
0 42 41
0 42 42
0 43 0
0 43 9
0 43 22
0 43 34
0 43 37
0 43 48
0 44 15
0 44 21
0 44 32
0 44 39
0 45 14
0 45 20
0 45 32
0 45 49
0 46 27
0 46 42
0 46 48
0 47 2
0 47 8
0 47 24
0 47 26
0 47 30
0 48 10
0 48 20
0 48 29
0 48 35
0 48 40
0 48 49
0 49 5
0 49 9
0 49 14
0 49 19
0 49 21
0 49 23
0 49 32
0 49 33
0 49 34
0 49 37
0 49 49
1 0 0
1 0 8
1 0 9
1 0 10
1 0 11
1 0 12
1 0 13
1 0 16
1 0 18
1 0 30
1 0 32
1 1 0
1 1 6
1 1 7
1 1 16
1 1 17
1 1 18
1 1 41
1 2 2
1 2 5
1 2 7
1 2 10
1 2 12
1 2 27
1 2 33
1 2 46
1 3 0
1 3 3
1 3 5
1 3 7
1 3 8
1 3 10
1 3 12
1 3 14
1 3 48
1 3 50
1 4 0
1 4 3
1 4 4
1 4 8
1 4 16
1 4 18
1 4 38
1 4 40
1 5 1
1 5 3
1 5 4
1 5 10
1 5 11
1 5 15
1 5 16
1 5 18
1 5 33
1 5 34
1 5 39
1 5 44
1 6 0
1 6 2
1 6 4
1 6 6
1 6 7
1 6 10
1 6 11
1 6 13
1 6 16
1 6 17
1 6 18
1 6 47
1 7 12
1 7 15
1 7 18
1 7 36
1 7 47
1 7 48
1 8 1
1 8 3
1 8 6
1 8 7
1 8 9
1 8 11
1 8 14
1 8 16
1 8 21
1 8 29
1 8 36
1 8 39
1 9 0
1 9 1
1 9 2
1 9 5
1 9 6
1 9 8
1 9 9
1 9 15
1 9 20
1 9 27
1 9 29
1 9 40
1 9 50
1 10 1
1 10 2
1 10 3
1 10 7
1 10 13
1 10 20
1 10 41
1 11 1
1 11 3
1 11 4
1 11 7
1 11 17
1 11 25
1 11 30
1 11 34
1 11 36
1 11 48
1 12 1
1 12 3
1 12 5
1 12 7
1 12 9
1 12 10
1 12 12
1 12 15
1 12 18
1 12 22
1 12 24
1 12 48
1 12 49
1 13 0
1 13 3
1 13 6
1 13 7
1 13 10
1 13 17
1 13 18
1 13 20
1 13 23
1 13 38
1 14 0
1 14 1
1 14 3
1 14 7
1 14 11
1 14 14
1 14 15
1 14 17
1 14 18
1 14 38
1 15 2
1 15 3
1 15 6
1 15 8
1 15 11
1 15 12
1 15 13
1 15 18
1 15 19
1 15 20
1 15 21
1 15 26
1 15 36
1 15 48
1 16 0
1 16 2
1 16 3
1 16 5
1 16 6
1 16 11
1 16 14
1 16 17
1 16 19
1 16 25
1 16 27
1 16 37
1 16 45
1 16 47
1 17 1
1 17 4
1 17 6
1 17 8
1 17 15
1 17 16
1 17 24
1 17 25
1 17 27
1 17 33
1 17 34
1 17 39
1 17 40
1 18 1
1 18 32
1 18 33
1 18 44
1 18 50
1 19 13
1 19 16
1 19 22
1 19 34
1 19 45
1 20 22
1 20 29
1 20 48
1 21 4
1 21 7
1 21 9
1 21 16
1 21 22
1 21 28
1 21 30
1 22 3
1 22 11
1 22 12
1 22 30
1 22 41
1 22 50
1 23 7
1 23 9
1 23 11
1 23 19
1 23 23
1 23 24
1 23 31
1 23 34
1 23 37
1 23 44
1 23 46
1 24 13
1 24 16
1 24 19
1 24 20
1 24 24
1 24 29
1 24 33
1 24 41
1 24 48
1 25 1
1 25 3
1 25 5
1 25 6
1 25 11
1 25 27
1 25 34
1 25 35
1 25 37
1 26 20
1 27 13
1 27 18
1 27 19
1 27 21
1 27 24
1 27 31
1 27 36
1 27 40
1 27 41
1 28 8
1 28 22
1 28 26
1 28 31
1 28 37
1 28 43
1 28 50
1 29 5
1 29 25
1 29 32
1 29 42
1 30 33
1 30 34
1 30 46
1 31 5
1 31 10
1 31 20
1 31 24
1 31 42
1 31 44
1 31 46
1 32 9
1 32 19
1 32 23
1 32 29
1 32 36
1 32 38
1 32 39
1 32 45
1 33 18
1 33 19
1 33 22
1 33 35
1 33 43
1 33 46
1 33 48
1 34 0
1 34 20
1 34 25
1 34 27
1 34 32
1 34 35
1 34 38
1 34 42
1 34 46
1 34 47
1 34 49
1 35 1
1 35 28
1 35 30
1 35 36
1 36 20
1 36 23
1 36 25
1 36 32
1 36 36
1 36 37
1 36 48
1 36 49
1 37 12
1 37 13
1 37 17
1 37 20
1 37 25
1 37 26
1 37 37
1 37 43
1 38 1
1 38 2
1 38 9
1 38 19
1 38 29
1 38 34
1 38 39
1 38 41
1 38 44
1 39 11
1 39 14
1 39 23
1 39 34
1 39 35
1 39 42
1 39 45
1 40 0
1 40 3
1 40 18
1 40 25
1 40 28
1 40 31
1 41 14
1 41 15
1 41 20
1 41 24
1 41 43
1 41 45
1 41 46
1 42 11
1 42 22
1 42 23
1 42 32
1 42 40
1 42 47
1 43 2
1 43 12
1 43 17
1 43 26
1 43 28
1 43 48
1 43 50
1 44 24
1 44 31
1 44 41
1 45 24
1 45 34
1 45 36
1 45 38
1 46 28
1 46 35
1 46 42
1 46 44
1 47 19
1 47 22
1 47 26
1 47 29
1 47 31
1 47 47
1 48 14
1 48 20
1 48 21
1 48 27
1 48 40
1 48 47
1 48 48
1 48 49
1 49 13
1 49 24
1 49 25
1 49 36
1 49 43
1 49 47
1 49 49
2 0 1
2 0 2
2 0 6
2 0 12
2 0 14
2 0 15
2 0 33
2 0 40
2 0 43
2 1 3
2 1 4
2 1 5
2 1 6
2 1 9
2 1 10
2 1 11
2 1 16
2 1 34
2 1 38
2 2 0
2 2 1
2 2 7
2 2 10
2 2 11
2 2 14
2 2 16
2 2 18
2 2 35
2 2 36
2 3 2
2 3 3
2 3 10
2 3 14
2 3 15
2 3 19
2 3 44
2 4 1
2 4 3
2 4 7
2 4 9
2 4 13
2 4 14
2 4 15
2 4 20
2 4 30
2 4 38
2 5 0
2 5 2
2 5 4
2 5 9
2 5 10
2 5 12
2 5 24
2 5 27
2 5 43
2 6 4
2 6 8
2 6 9
2 6 12
2 6 17
2 6 18
2 6 22
2 6 32
2 6 40
2 6 44
2 7 4
2 7 5
2 7 10
2 7 11
2 7 14
2 7 15
2 7 18
2 7 22
2 7 42
2 7 44
2 8 1
2 8 2
2 8 5
2 8 6
2 8 9
2 8 11
2 8 17
2 8 47
2 9 0
2 9 3
2 9 12
2 9 13
2 9 14
2 9 30
2 9 38
2 9 44
2 10 0
2 10 3
2 10 5
2 10 6
2 10 7
2 10 9
2 10 10
2 10 11
2 10 21
2 10 38
2 10 42
2 11 1
2 11 2
2 11 4
2 11 9
2 11 11
2 11 17
2 11 24
2 11 31
2 12 4
2 12 10
2 12 13
2 12 14
2 12 18
2 12 20
2 12 30
2 12 48
2 12 50
2 13 1
2 13 2
2 13 3
2 13 8
2 13 10
2 13 12
2 13 13
2 13 14
2 13 16
2 13 18
2 13 23
2 13 30
2 13 37
2 13 38
2 14 3
2 14 6
2 14 7
2 14 8
2 14 13
2 14 16
2 14 23
2 14 34
2 14 45
2 14 47
2 15 0
2 15 1
2 15 3
2 15 9
2 15 10
2 15 12
2 15 14
2 15 19
2 15 28
2 16 0
2 16 2
2 16 3
2 16 5
2 16 10
2 16 13
2 16 15
2 16 16
2 16 17
2 16 22
2 16 24
2 16 27
2 16 29
2 16 47
2 17 1
2 17 2
2 17 3
2 17 5
2 17 6
2 17 9
2 17 10
2 17 14
2 17 15
2 17 32
2 17 35
2 17 41
2 17 47
2 18 0
2 18 6
2 18 16
2 18 18
2 18 19
2 18 29
2 18 45
2 18 49
2 19 2
2 19 21
2 19 23
2 19 24
2 19 27
2 19 39
2 19 48
2 19 50
2 20 21
2 20 24
2 20 27
2 20 31
2 20 36
2 21 0
2 21 10
2 21 19
2 21 22
2 21 25
2 21 30
2 21 35
2 21 47
2 21 50
2 22 1
2 22 3
2 22 8
2 22 21
2 22 26
2 22 29
2 22 36
2 22 47
2 22 48
2 23 3
2 23 7
2 23 14
2 23 18
2 23 25
2 23 29
2 23 30
2 23 42
2 23 45
2 23 49
2 24 15
2 24 27
2 24 37
2 24 39
2 24 43
2 24 44
2 25 1
2 25 19
2 25 21
2 25 26
2 25 40
2 25 47
2 26 7
2 26 11
2 26 14
2 26 36
2 26 38
2 26 45
2 27 19
2 27 20
2 27 28
2 27 32
2 27 42
2 28 1
2 28 4
2 28 13
2 28 37
2 28 48
2 28 50
2 29 0
2 29 1
2 29 12
2 29 17
2 29 22
2 29 29
2 29 32
2 29 40
2 29 44
2 30 1
2 30 20
2 30 33
2 30 41
2 30 45
2 31 11
2 31 15
2 31 23
2 31 28
2 31 35
2 31 38
2 31 43
2 31 47
2 32 5
2 32 19
2 32 38
2 32 39
2 32 43
2 32 47
2 32 50
2 33 6
2 33 12
2 33 15
2 33 24
2 33 32
2 33 36
2 33 43
2 33 45
2 34 8
2 34 10
2 34 11
2 34 15
2 34 18
2 34 20
2 34 24
2 34 30
2 34 31
2 34 33
2 34 37
2 34 39
2 34 42
2 34 45
2 35 5
2 35 22
2 35 23
2 35 34
2 35 36
2 35 39
2 35 46
2 36 2
2 36 21
2 36 24
2 36 31
2 36 32
2 36 34
2 37 9
2 37 23
2 37 29
2 37 34
2 37 41
2 37 47
2 37 48
2 38 12
2 38 24
2 38 30
2 38 31
2 39 2
2 39 15
2 39 20
2 39 23
2 39 28
2 39 31
2 39 32
2 39 34
2 39 35
2 39 39
2 39 48
2 39 50
2 40 14
2 40 18
2 40 21
2 40 29
2 40 33
2 40 40
2 40 41
2 40 45
2 40 49
2 40 50
2 41 8
2 41 24
2 41 26
2 41 30
2 41 36
2 41 44
2 41 48
2 42 12
2 42 13
2 42 25
2 42 39
2 42 49
2 43 4
2 43 12
2 43 21
2 43 22
2 43 30
2 44 10
2 44 17
2 44 21
2 44 30
2 44 33
2 44 37
2 44 47
2 45 5
2 45 23
2 45 28
2 45 36
2 45 37
2 45 41
2 45 44
2 45 49
2 46 29
2 46 30
2 46 35
2 46 40
2 46 41
2 46 48
2 46 49
2 47 11
2 47 19
2 47 21
2 47 25
2 47 40
2 47 45
2 48 8
2 48 19
2 48 23
2 48 35
2 49 0
2 49 2
2 49 14
2 49 33
2 49 34
2 49 35
2 49 38
2 49 42
2 49 48
2 50 4
2 50 18
2 50 26
2 50 31
2 50 40
2 50 45
2 50 47
2 50 49