606
5
39 40 38 38 39
1025

0 672 0 0 293 0 449 0 436 0 586 0 477 0 249 0 0 110 0 809 33 0 40 0 38 0 0 75 1 0 75 0 0 0 22 0 24 100 99
413 0 0 150 0 0 0 543 0 459 0 984 661 0 0 0 106 128 280 277 0 74 60 0 56 79 43 69 0 0 0 57 43 80 42 87 49 74 0 16
0 0 0 221 0 599 0 0 0 0 830 0 786 0 13 836 84 447 0 0 0 59 52 4 98 4 75 38 33 0 0 0 17 27 6 25 45 100
0 0 0 731 0 0 0 5 0 869 0 0 0 96 371 513 867 816 963 11 65 0 0 11 0 18 0 0 41 0 36 0 21 0 0 90 0 0
109 176 0 763 361 0 744 0 936 312 664 189 0 549 515 0 796 606 0 695 15 0 0 46 0 0 39 35 0 37 90 0 0 0 0 0 0 6 0

0 0 0
0 0 6
0 0 8
0 0 9
0 0 11
0 0 17
0 0 18
0 0 19
0 0 27
0 1 1
0 1 3
0 1 8
0 1 11
0 1 13
0 1 15
0 1 16
0 1 21
0 2 0
0 2 2
0 2 3
0 2 5
0 2 6
0 2 12
0 2 15
0 2 16
0 2 18
0 2 21
0 2 25
0 2 28
0 3 1
0 3 5
0 3 6
0 3 10
0 3 11
0 3 12
0 4 4
0 4 9
0 4 14
0 4 17
0 4 19
0 4 21
0 4 39
0 5 1
0 5 16
0 5 17
0 5 19
0 5 30
0 5 32
0 6 2
0 6 6
0 6 10
0 6 16
0 6 18
0 6 27
0 6 35
0 6 37
0 7 2
0 7 4
0 7 6
0 7 7
0 7 14
0 7 16
0 7 18
0 7 20
0 7 22
0 7 23
0 8 3
0 8 5
0 8 6
0 8 8
0 8 12
0 8 22
0 8 27
0 8 29
0 9 3
0 9 4
0 9 7
0 9 10
0 9 15
0 9 17
0 9 29
0 10 1
0 10 4
0 10 9
0 10 12
0 10 14
0 10 15
0 10 17
0 10 18
0 10 19
0 11 10
0 11 11
0 11 17
0 11 18
0 11 19
0 12 0
0 12 6
0 12 7
0 12 10
0 12 12
0 12 13
0 12 15
0 12 16
0 12 17
0 12 18
0 12 23
0 12 25
0 13 8
0 13 9
0 13 10
0 13 11
0 13 12
0 13 15
0 13 16
0 13 17
0 13 25
0 14 4
0 14 10
0 14 12
0 14 17
0 14 18
0 14 19
0 14 20
0 14 25
0 14 29
0 15 2
0 15 4
0 15 5
0 15 6
0 15 16
0 15 19
0 15 24
0 16 0
0 16 4
0 16 5
0 16 9
0 16 10
0 16 13
0 16 14
0 16 19
0 16 20
0 16 22
0 16 24
0 16 27
0 17 4
0 17 17
0 17 24
0 18 0
0 18 3
0 18 8
0 18 11
0 19 2
0 19 3
0 19 4
0 19 8
0 19 11
0 19 13
0 19 15
0 19 19
0 19 35
0 20 11
0 20 17
0 20 21
0 20 25
0 20 37
0 21 7
0 21 15
0 21 16
0 21 17
0 21 18
0 21 25
0 21 27
0 21 37
0 22 15
0 22 21
0 22 36
0 23 0
0 23 10
0 23 15
0 23 31
0 23 37
0 23 39
0 24 2
0 24 10
0 24 27
0 24 30
0 24 32
0 24 37
0 25 3
0 25 5
0 25 6
0 25 7
0 25 26
0 25 36
0 25 38
0 26 0
0 26 3
0 26 29
0 26 31
0 27 2
0 27 11
0 27 17
0 27 26
0 27 34
0 27 39
0 28 4
0 28 5
0 28 10
0 28 21
0 28 23
0 28 30
0 28 39
0 29 4
0 29 5
0 29 16
0 29 17
0 29 21
0 29 22
0 29 25
0 29 38
0 29 39
0 30 17
0 30 21
0 30 30
0 30 36
0 31 38
0 31 39
0 32 3
0 32 35
0 32 39
0 33 3
0 33 6
0 33 8
0 33 14
0 33 19
0 33 30
0 33 31
0 33 35
0 34 16
0 34 18
0 34 20
0 34 32
0 34 36
0 34 39
0 35 1
0 35 4
0 35 8
0 35 19
0 35 20
0 35 27
0 35 35
0 35 36
0 35 39
0 36 18
0 36 22
0 36 29
0 36 33
0 36 36
0 37 2
0 37 5
0 37 6
0 37 12
0 37 24
0 37 26
0 37 32
0 37 33
0 37 34
0 37 38
0 38 11
0 38 17
0 38 29
0 38 36
1 0 7
1 0 11
1 0 16
1 0 18
1 1 1
1 1 5
1 1 13
1 1 15
1 2 3
1 2 11
1 2 13
1 2 17
1 2 30
1 2 34
1 3 6
1 3 7
1 3 13
1 3 15
1 3 18
1 3 21
1 3 29
1 3 31
1 4 3
1 4 4
1 4 9
1 4 12
1 4 15
1 4 16
1 4 17
1 5 1
1 5 2
1 5 6
1 5 15
1 5 16
1 5 17
1 5 19
1 5 36
1 6 0
1 6 6
1 6 8
1 6 10
1 6 11
1 6 12
1 6 15
1 6 17
1 6 26
1 6 35
1 6 36
1 7 0
1 7 4
1 7 7
1 7 11
1 7 12
1 7 14
1 7 17
1 8 0
1 8 1
1 8 2
1 8 3
1 8 7
1 8 14
1 8 20
1 8 21
1 8 22
1 8 29
1 8 35
1 9 1
1 9 8
1 9 10
1 9 13
1 9 21
1 9 22
1 9 34
1 10 4
1 10 6
1 10 8
1 10 10
1 10 11
1 10 13
1 10 17
1 10 29
1 11 4
1 11 7
1 11 11
1 11 15
1 11 18
1 11 25
1 12 2
1 12 8
1 12 13
1 12 14
1 12 18
1 12 28
1 12 31
1 13 1
1 13 6
1 13 8
1 13 12
1 13 13
1 13 17
1 14 1
1 14 8
1 14 9
1 14 11
1 14 15
1 14 16
1 14 20
1 14 25
1 15 1
1 15 3
1 15 4
1 15 8
1 15 9
1 15 10
1 15 15
1 15 19
1 15 22
1 15 36
1 16 0
1 16 1
1 16 5
1 17 2
1 17 4
1 17 8
1 17 10
1 17 11
1 17 20
1 18 3
1 18 9
1 18 10
1 18 21
1 18 23
1 18 28
1 18 33
1 18 34
1 19 2
1 19 4
1 19 12
1 19 14
1 19 17
1 19 18
1 19 22
1 19 30
1 20 9
1 21 0
1 21 21
1 21 22
1 21 28
1 22 6
1 22 7
1 22 20
1 22 34
1 22 36
1 23 0
1 23 6
1 23 21
1 23 27
1 24 4
1 24 18
1 24 20
1 24 23
1 24 31
1 24 32
1 24 36
1 25 2
1 25 12
1 25 14
1 25 15
1 25 20
1 25 24
1 25 25
1 25 30
1 25 35
1 26 4
1 26 6
1 26 8
1 26 17
1 26 21
1 26 37
1 27 1
1 27 6
1 27 8
1 27 29
1 27 37
1 28 2
1 28 9
1 28 18
1 28 25
1 28 26
1 28 27
1 28 35
1 29 6
1 29 10
1 29 13
1 29 14
1 29 19
1 29 37
1 30 3
1 30 7
1 30 24
1 30 25
1 30 35
1 31 3
1 31 12
1 31 14
1 31 26
1 31 30
1 31 36
1 32 11
1 32 18
1 32 29
1 32 33
1 33 2
1 33 21
1 33 24
1 33 25
1 33 26
1 33 29
1 33 33
1 34 5
1 34 6
1 34 7
1 34 10
1 34 15
1 34 18
1 34 21
1 34 27
1 34 29
1 35 1
1 35 4
1 35 10
1 35 11
1 35 20
1 35 34
1 36 19
1 36 23
1 36 24
1 37 1
1 37 8
1 37 15
1 37 16
1 37 21
1 37 27
1 37 30
1 37 33
1 38 0
1 38 6
1 38 15
1 38 20
1 38 23
1 39 0
1 39 1
1 39 17
1 39 31
1 39 36
2 0 0
2 0 15
2 0 33
2 1 3
2 1 5
2 1 6
2 1 8
2 1 13
2 1 35
2 1 36
2 2 0
2 2 6
2 2 9
2 2 11
2 2 16
2 2 19
2 2 24
2 2 26
2 2 28
2 2 32
2 2 36
2 3 2
2 3 4
2 3 6
2 3 8
2 3 11
2 3 13
2 3 16
2 3 20
2 3 33
2 4 3
2 4 4
2 4 11
2 4 12
2 4 13
2 4 16
2 4 21
2 4 22
2 5 2
2 5 4
2 5 6
2 5 7
2 5 9
2 5 11
2 5 12
2 5 14
2 5 15
2 6 1
2 6 5
2 6 7
2 6 13
2 6 14
2 6 16
2 6 17
2 6 32
2 7 3
2 7 5
2 7 6
2 7 8
2 7 9
2 7 10
2 7 12
2 7 23
2 7 27
2 8 0
2 8 1
2 8 5
2 8 6
2 8 9
2 8 10
2 8 11
2 8 21
2 8 23
2 8 35
2 9 3
2 9 4
2 9 13
2 9 14
2 9 19
2 9 23
2 9 35
2 9 36
2 10 5
2 10 6
2 10 10
2 10 14
2 10 18
2 11 1
2 11 2
2 11 5
2 11 7
2 11 9
2 11 15
2 12 1
2 12 3
2 12 4
2 12 6
2 12 10
2 12 11
2 12 12
2 12 16
2 12 29
2 12 30
2 13 8
2 13 11
2 13 12
2 13 13
2 13 15
2 13 17
2 14 2
2 14 4
2 14 5
2 14 7
2 14 10
2 14 11
2 14 16
2 14 18
2 14 20
2 14 35
2 15 0
2 15 1
2 15 6
2 15 7
2 15 11
2 15 12
2 15 15
2 15 17
2 15 26
2 15 35
2 16 5
2 16 7
2 16 8
2 16 10
2 16 11
2 16 13
2 16 17
2 16 20
2 16 22
2 17 3
2 17 5
2 17 12
2 17 13
2 17 17
2 17 28
2 17 36
2 18 0
2 18 2
2 18 5
2 18 6
2 18 13
2 18 14
2 18 27
2 18 28
2 18 34
2 19 11
2 19 14
2 19 27
2 19 30
2 20 3
2 20 8
2 20 36
2 20 37
2 21 11
2 21 14
2 21 21
2 21 28
2 21 30
2 22 7
2 22 8
2 22 17
2 22 21
2 22 22
2 22 24
2 22 31
2 23 15
2 23 18
2 24 1
2 24 2
2 24 16
2 24 20
2 24 27
2 24 33
2 25 26
2 25 29
2 26 0
2 26 1
2 26 17
2 27 14
2 27 22
2 27 25
2 27 37
2 28 8
2 28 20
2 28 37
2 29 0
2 29 4
2 29 16
2 30 13
2 30 14
2 30 21
2 30 22
2 30 35
2 31 6
2 31 11
2 31 13
2 31 29
2 32 2
2 32 9
2 32 13
2 32 21
2 32 26
2 32 28
2 32 33
2 32 34
2 32 37
2 33 8
2 33 21
2 33 22
2 33 24
2 33 28
2 33 29
2 33 32
2 33 34
2 33 36
2 34 1
2 34 12
2 34 25
2 34 31
2 35 18
2 35 19
2 35 23
2 35 24
2 35 30
2 35 31
2 35 35
2 36 5
2 36 12
2 36 16
2 36 20
2 36 21
2 36 22
2 36 23
2 36 27
2 37 10
2 37 24
3 0 5
3 0 6
3 0 13
3 0 17
3 0 18
3 0 19
3 0 23
3 0 29
3 0 30
3 0 34
3 1 0
3 1 2
3 1 3
3 1 7
3 1 8
3 1 9
3 1 11
3 1 14
3 1 16
3 1 18
3 1 25
3 1 27
3 2 5
3 2 7
3 2 8
3 2 9
3 2 12
3 2 13
3 2 15
3 2 17
3 2 18
3 2 19
3 2 30
3 3 0
3 3 3
3 3 8
3 3 13
3 3 14
3 3 17
3 3 20
3 3 22
3 3 31
3 3 34
3 4 9
3 4 15
3 4 17
3 4 18
3 4 19
3 4 26
3 4 28
3 4 29
3 4 31
3 4 36
3 5 4
3 5 6
3 5 7
3 5 12
3 5 18
3 5 20
3 6 1
3 6 4
3 6 6
3 6 13
3 6 15
3 6 17
3 6 18
3 6 22
3 6 27
3 7 0
3 7 3
3 7 6
3 7 8
3 7 9
3 7 18
3 7 28
3 7 31
3 8 1
3 8 17
3 8 19
3 8 20
3 8 23
3 8 27
3 8 38
3 9 0
3 9 2
3 9 5
3 9 6
3 9 19
3 9 26
3 10 1
3 10 2
3 10 3
3 10 10
3 10 11
3 10 21
3 10 30
3 10 31
3 11 2
3 11 3
3 11 4
3 11 8
3 11 11
3 11 18
3 11 19
3 11 32
3 11 36
3 12 1
3 12 4
3 12 7
3 12 8
3 12 10
3 12 15
3 12 18
3 12 19
3 13 0
3 13 3
3 13 5
3 13 6
3 13 10
3 13 13
3 13 19
3 13 23
3 13 28
3 14 0
3 14 2
3 14 3
3 14 18
3 14 21
3 14 31
3 14 34
3 15 0
3 15 4
3 15 5
3 15 7
3 15 11
3 15 14
3 15 16
3 15 25
3 15 32
3 15 33
3 15 34
3 16 1
3 16 2
3 16 4
3 16 5
3 16 9
3 16 15
3 16 16
3 16 19
3 16 24
3 16 31
3 17 4
3 17 7
3 17 10
3 17 12
3 17 23
3 18 7
3 18 15
3 18 19
3 18 23
3 18 33
3 19 1
3 19 6
3 19 28
3 20 3
3 20 9
3 20 18
3 20 19
3 20 21
3 20 27
3 20 28
3 20 35
3 21 7
3 21 8
3 21 15
3 21 23
3 21 24
3 21 26
3 22 1
3 22 2
3 22 8
3 22 18
3 22 27
3 22 29
3 22 33
3 22 36
3 23 11
3 23 12
3 23 22
3 23 24
3 23 36
3 24 0
3 24 1
3 24 2
3 24 7
3 24 14
3 24 22
3 24 30
3 24 31
3 24 34
3 24 37
3 25 5
3 25 24
3 25 28
3 26 5
3 26 23
3 26 32
3 27 1
3 27 34
3 28 10
3 28 36
3 28 37
3 29 9
3 29 15
3 29 17
3 29 23
3 29 24
3 29 27
3 29 30
3 30 4
3 30 12
3 30 16
3 30 22
3 30 23
3 31 6
3 31 15
3 31 20
3 31 23
3 31 25
3 31 30
3 32 1
3 32 11
3 32 31
3 33 24
3 33 28
3 33 36
3 34 10
3 34 15
3 34 16
3 34 28
3 35 11
3 35 31
3 35 36
3 36 14
3 36 17
3 36 20
3 36 36
3 36 37
3 37 14
3 37 22
3 37 33
3 37 37
3 37 38