3653
3
63 62 62
1853

0 602 0 0 87 217 0 69 107 381 0 609 864 444 777 0 176 313 0 0 15 11 0 0 0 0 22 78 0 0 41 77 0 0 8 5 0 0 23 26 28 37 72 51 64 0 0 0 0 0 0 0 0 56 64 50 0 21 6 14 0 0 38
0 562 526 966 34 0 0 0 697 709 0 0 0 45 803 620 435 0 0 11 75 0 0 20 95 0 26 95 0 0 0 46 42 99 0 34 13 0 0 7 65 26 10 64 0 0 0 86 0 83 33 0 85 0 30 100 0 0 0 0 0 92
0 0 975 525 513 27 0 641 281 0 560 0 0 847 83 615 0 0 74 0 0 28 18 9 0 0 0 0 0 0 0 60 0 18 0 10 75 39 0 18 0 0 52 0 0 0 22 0 0 0 0 90 0 36 94 0 0 98 0 0 0 98

0 0 2
0 0 10
0 0 11
0 0 13
0 0 14
0 0 17
0 0 23
0 0 25
0 0 49
0 0 60
0 1 3
0 1 8
0 1 11
0 1 12
0 1 16
0 1 20
0 1 36
0 1 44
0 1 46
0 1 55
0 1 59
0 2 0
0 2 3
0 2 6
0 2 9
0 2 10
0 2 14
0 2 16
0 2 17
0 2 20
0 2 24
0 2 28
0 2 39
0 2 50
0 3 1
0 3 2
0 3 4
0 3 5
0 3 6
0 3 7
0 3 8
0 3 9
0 3 10
0 3 12
0 3 14
0 3 34
0 3 49
0 3 57
0 4 3
0 4 4
0 4 5
0 4 6
0 4 9
0 4 10
0 4 11
0 4 12
0 4 13
0 4 16
0 4 17
0 4 28
0 4 34
0 4 38
0 4 41
0 5 1
0 5 2
0 5 4
0 5 5
0 5 6
0 5 11
0 5 16
0 5 17
0 5 19
0 5 22
0 5 24
0 5 26
0 5 28
0 5 34
0 5 44
0 5 50
0 5 52
0 5 53
0 5 57
0 6 2
0 6 4
0 6 5
0 6 10
0 6 11
0 6 12
0 6 13
0 6 14
0 6 17
0 6 20
0 6 23
0 6 28
0 6 31
0 6 32
0 6 39
0 6 40
0 7 1
0 7 2
0 7 3
0 7 5
0 7 6
0 7 8
0 7 11
0 7 14
0 7 15
0 7 16
0 7 21
0 7 27
0 7 49
0 8 0
0 8 1
0 8 2
0 8 3
0 8 4
0 8 8
0 8 9
0 8 11
0 8 14
0 8 16
0 8 25
0 8 33
0 8 39
0 8 44
0 8 50
0 9 0
0 9 1
0 9 2
0 9 3
0 9 4
0 9 6
0 9 7
0 9 9
0 9 14
0 9 22
0 9 24
0 9 30
0 9 37
0 9 48
0 9 59
0 10 2
0 10 3
0 10 4
0 10 7
0 10 10
0 10 14
0 10 15
0 10 41
0 10 42
0 10 54
0 11 0
0 11 4
0 11 7
0 11 10
0 11 13
0 11 14
0 11 16
0 11 24
0 11 38
0 11 40
0 11 41
0 11 43
0 11 49
0 12 0
0 12 2
0 12 3
0 12 5
0 12 7
0 12 8
0 12 9
0 12 15
0 12 16
0 12 17
0 12 20
0 12 28
0 12 37
0 12 43
0 12 44
0 12 46
0 12 51
0 12 54
0 13 1
0 13 2
0 13 4
0 13 10
0 13 13
0 13 15
0 13 17
0 13 22
0 13 26
0 13 29
0 13 30
0 13 41
0 13 52
0 13 59
0 14 0
0 14 1
0 14 2
0 14 3
0 14 4
0 14 5
0 14 6
0 14 7
0 14 10
0 14 13
0 14 14
0 14 15
0 14 16
0 14 17
0 14 37
0 15 1
0 15 2
0 15 4
0 15 11
0 15 13
0 15 17
0 15 18
0 15 28
0 15 30
0 15 31
0 15 38
0 15 39
0 15 47
0 15 54
0 15 59
0 16 0
0 16 2
0 16 6
0 16 7
0 16 10
0 16 12
0 16 14
0 16 18
0 16 23
0 16 33
0 16 35
0 16 42
0 16 45
0 16 48
0 16 52
0 16 56
0 16 57
0 17 0
0 17 2
0 17 3
0 17 5
0 17 6
0 17 9
0 17 10
0 17 11
0 17 17
0 17 39
0 17 44
0 17 51
0 17 57
0 18 2
0 18 19
0 18 21
0 18 22
0 18 24
0 18 27
0 18 29
0 18 30
0 18 32
0 18 33
0 18 34
0 18 35
0 18 38
0 18 40
0 18 41
0 18 42
0 18 43
0 18 53
0 18 60
0 19 8
0 19 19
0 19 20
0 19 23
0 19 25
0 19 32
0 19 33
0 19 34
0 19 41
0 19 47
0 19 58
0 19 60
0 19 61
0 20 5
0 20 8
0 20 10
0 20 18
0 20 19
0 20 25
0 20 26
0 20 28
0 20 29
0 20 30
0 20 33
0 20 34
0 20 35
0 20 39
0 20 44
0 20 54
0 20 56
0 21 7
0 21 15
0 21 16
0 21 21
0 21 22
0 21 25
0 21 26
0 21 28
0 21 32
0 21 33
0 21 36
0 21 37
0 21 39
0 21 42
0 21 43
0 21 46
0 21 48
0 21 49
0 21 52
0 21 54
0 22 4
0 22 24
0 22 26
0 22 27
0 22 42
0 22 46
0 22 48
0 22 59
0 22 60
0 23 11
0 23 20
0 23 24
0 23 29
0 23 31
0 23 33
0 23 35
0 23 36
0 23 37
0 23 41
0 23 44
0 23 46
0 23 52
0 23 57
0 23 58
0 23 59
0 24 8
0 24 14
0 24 23
0 24 24
0 24 28
0 24 31
0 24 33
0 24 36
0 24 39
0 24 41
0 24 43
0 24 44
0 24 46
0 24 48
0 24 52
0 24 60
0 24 61
0 25 19
0 25 21
0 25 23
0 25 27
0 25 28
0 25 32
0 25 43
0 25 46
0 25 53
0 25 58
0 25 59
0 26 6
0 26 13
0 26 15
0 26 20
0 26 24
0 26 27
0 26 30
0 26 32
0 26 39
0 26 47
0 26 51
0 26 55
0 26 58
0 26 59
0 27 5
0 27 9
0 27 10
0 27 12
0 27 13
0 27 16
0 27 19
0 27 21
0 27 28
0 27 29
0 27 30
0 27 32
0 27 33
0 27 38
0 27 43
0 27 47
0 27 50
0 27 51
0 27 53
0 27 54
0 27 56
0 27 59
0 28 2
0 28 3
0 28 9
0 28 13
0 28 15
0 28 19
0 28 23
0 28 26
0 28 32
0 28 39
0 28 41
0 28 43
0 28 51
0 28 58
0 28 61
0 29 6
0 29 11
0 29 19
0 29 24
0 29 30
0 29 31
0 29 36
0 29 39
0 29 40
0 29 41
0 29 42
0 29 45
0 29 46
0 29 47
0 29 50
0 29 51
0 29 52
0 29 55
0 29 57
0 29 58
0 29 59
0 29 61
0 30 5
0 30 11
0 30 14
0 30 17
0 30 22
0 30 23
0 30 29
0 30 33
0 30 38
0 30 42
0 30 48
0 30 53
0 30 55
0 30 57
0 30 58
0 31 8
0 31 19
0 31 22
0 31 23
0 31 33
0 31 35
0 31 39
0 31 41
0 31 42
0 31 45
0 31 56
0 31 58
0 31 61
0 32 4
0 32 23
0 32 28
0 32 33
0 32 34
0 32 35
0 32 36
0 32 38
0 32 39
0 32 46
0 32 48
0 32 51
0 32 54
0 32 55
0 32 56
0 32 57
0 32 61
0 33 9
0 33 13
0 33 14
0 33 16
0 33 17
0 33 19
0 33 20
0 33 25
0 33 31
0 33 34
0 33 38
0 33 41
0 33 49
0 33 50
0 33 51
0 33 52
0 33 55
0 33 60
0 34 1
0 34 10
0 34 16
0 34 24
0 34 30
0 34 36
0 34 38
0 34 39
0 34 49
0 34 50
0 34 52
0 34 56
0 34 58
0 35 2
0 35 6
0 35 7
0 35 8
0 35 20
0 35 23
0 35 25
0 35 26
0 35 28
0 35 34
0 35 38
0 35 42
0 35 44
0 35 45
0 35 49
0 35 52
0 35 53
0 35 55
0 35 57
0 35 59
0 35 60
0 36 6
0 36 7
0 36 13
0 36 18
0 36 19
0 36 20
0 36 25
0 36 27
0 36 48
0 36 49
0 36 52
0 36 53
0 36 54
0 36 57
0 36 61
0 37 23
0 37 25
0 37 27
0 37 29
0 37 32
0 37 38
0 37 39
0 37 40
0 37 42
0 37 44
0 37 45
0 37 46
0 37 50
0 37 55
0 37 57
0 37 58
0 37 59
0 38 18
0 38 20
0 38 25
0 38 28
0 38 32
0 38 38
0 38 40
0 38 41
0 38 42
0 38 44
0 38 56
0 38 57
0 38 60
0 39 0
0 39 3
0 39 21
0 39 23
0 39 31
0 39 38
0 39 40
0 39 41
0 39 46
0 39 47
0 39 48
0 39 53
0 39 61
0 40 1
0 40 3
0 40 11
0 40 17
0 40 23
0 40 26
0 40 33
0 40 35
0 40 39
0 40 41
0 40 42
0 40 46
0 40 52
0 40 57
0 40 58
0 41 0
0 41 1
0 41 5
0 41 27
0 41 33
0 41 34
0 41 37
0 41 40
0 41 56
0 42 0
0 42 4
0 42 5
0 42 6
0 42 8
0 42 9
0 42 19
0 42 22
0 42 25
0 42 27
0 42 35
0 42 38
0 42 39
0 42 40
0 42 43
0 42 47
0 42 48
0 42 51
0 42 52
0 42 53
0 42 54
0 42 60
0 43 20
0 43 24
0 43 25
0 43 30
0 43 36
0 43 44
0 43 48
0 43 50
0 43 55
0 43 57
0 43 59
0 43 61
0 44 9
0 44 12
0 44 25
0 44 26
0 44 27
0 44 28
0 44 30
0 44 38
0 44 47
0 44 49
0 44 59
0 45 5
0 45 12
0 45 14
0 45 18
0 45 21
0 45 25
0 45 30
0 45 34
0 45 35
0 45 44
0 45 45
0 45 47
0 45 48
0 45 51
0 45 52
0 45 53
0 45 57
0 45 60
0 46 1
0 46 21
0 46 25
0 46 27
0 46 30
0 46 32
0 46 45
0 46 46
0 46 53
0 46 58
0 47 2
0 47 4
0 47 5
0 47 7
0 47 11
0 47 17
0 47 20
0 47 22
0 47 23
0 47 25
0 47 40
0 47 44
0 47 46
0 47 56
0 47 58
0 47 60
0 48 15
0 48 21
0 48 22
0 48 33
0 48 35
0 48 44
0 48 50
0 48 51
0 48 52
0 48 54
0 48 57
0 49 1
0 49 8
0 49 14
0 49 25
0 49 26
0 49 27
0 49 33
0 49 34
0 49 41
0 49 46
0 49 50
0 49 52
0 49 54
0 49 55
0 49 56
0 49 57
0 49 58
0 50 3
0 50 13
0 50 19
0 50 25
0 50 28
0 50 31
0 50 36
0 50 37
0 50 43
0 50 45
0 50 49
0 50 50
0 50 52
0 50 53
0 50 55
0 50 58
0 51 3
0 51 10
0 51 17
0 51 25
0 51 30
0 51 35
0 51 36
0 51 39
0 51 43
0 51 44
0 51 46
0 51 52
0 51 53
0 51 59
0 52 1
0 52 10
0 52 16
0 52 18
0 52 19
0 52 20
0 52 24
0 52 26
0 52 34
0 52 48
0 52 59
0 52 60
0 52 61
0 53 9
0 53 21
0 53 26
0 53 30
0 53 34
0 53 40
0 53 41
0 53 43
0 53 45
0 53 53
0 53 56
0 53 57
0 54 12
0 54 24
0 54 28
0 54 29
0 54 32
0 54 35
0 54 36
0 54 43
0 54 44
0 54 47
0 54 52
0 54 60
0 55 7
0 55 15
0 55 16
0 55 20
0 55 23
0 55 24
0 55 27
0 55 31
0 55 32
0 55 34
0 55 38
0 55 41
0 55 42
0 55 48
0 55 53
0 55 54
0 55 60
0 56 19
0 56 24
0 56 26
0 56 33
0 56 34
0 56 35
0 56 47
0 56 48
0 56 58
0 56 60
0 57 0
0 57 4
0 57 26
0 57 27
0 57 28
0 57 29
0 57 48
0 57 51
0 57 53
0 57 59
0 58 4
0 58 11
0 58 16
0 58 22
0 58 25
0 58 26
0 58 30
0 58 34
0 58 37
0 58 39
0 58 43
0 58 46
0 58 55
0 58 59
0 58 60
0 58 61
0 59 21
0 59 22
0 59 24
0 59 29
0 59 30
0 59 34
0 59 38
0 59 41
0 59 46
0 59 49
0 59 51
0 59 56
0 60 8
0 60 10
0 60 15
0 60 22
0 60 26
0 60 29
0 60 30
0 60 36
0 60 40
0 60 44
0 60 45
0 60 49
0 60 52
0 60 53
0 60 61
0 61 2
0 61 14
0 61 16
0 61 18
0 61 19
0 61 20
0 61 21
0 61 28
0 61 38
0 61 39
0 61 41
0 61 45
0 61 51
0 61 55
0 62 3
0 62 9
0 62 14
0 62 17
0 62 20
0 62 24
0 62 28
0 62 32
0 62 35
0 62 41
0 62 46
0 62 49
0 62 51
0 62 59
0 62 60
1 0 2
1 0 3
1 0 7
1 0 9
1 0 11
1 0 13
1 0 17
1 0 24
1 0 36
1 0 40
1 0 43
1 0 53
1 0 57
1 0 58
1 0 61
1 1 0
1 1 1
1 1 3
1 1 5
1 1 7
1 1 8
1 1 9
1 1 14
1 1 20
1 1 21
1 1 36
1 1 42
1 1 45
1 1 47
1 1 48
1 1 49
1 2 1
1 2 2
1 2 3
1 2 4
1 2 5
1 2 9
1 2 10
1 2 12
1 2 13
1 2 14
1 2 16
1 2 17
1 2 19
1 2 29
1 2 32
1 2 36
1 3 3
1 3 5
1 3 6
1 3 7
1 3 8
1 3 9
1 3 12
1 3 14
1 3 15
1 3 25
1 3 28
1 3 31
1 3 35
1 3 36
1 3 42
1 3 50
1 3 54
1 3 58
1 4 0
1 4 1
1 4 6
1 4 7
1 4 14
1 4 29
1 4 30
1 4 47
1 4 57
1 4 59
1 5 2
1 5 4
1 5 5
1 5 6
1 5 9
1 5 12
1 5 14
1 5 15
1 5 16
1 5 31
1 5 36
1 5 42
1 5 45
1 5 47
1 5 57
1 5 58
1 5 60
1 6 4
1 6 5
1 6 6
1 6 8
1 6 13
1 6 25
1 6 27
1 6 41
1 6 54
1 7 2
1 7 6
1 7 7
1 7 10
1 7 11
1 7 17
1 7 32
1 7 33
1 7 39
1 7 40
1 7 41
1 7 43
1 7 45
1 7 56
1 8 1
1 8 5
1 8 6
1 8 7
1 8 9
1 8 11
1 8 12
1 8 13
1 8 17
1 8 32
1 8 34
1 8 43
1 8 50
1 8 51
1 8 55
1 9 0
1 9 2
1 9 7
1 9 14
1 9 15
1 9 17
1 9 24
1 9 33
1 9 36
1 9 49
1 9 56
1 10 1
1 10 3
1 10 6
1 10 7
1 10 9
1 10 12
1 10 16
1 10 17
1 10 21
1 10 22
1 10 33
1 10 38
1 10 47
1 10 51
1 10 52
1 10 55
1 11 0
1 11 1
1 11 3
1 11 4
1 11 5
1 11 6
1 11 7
1 11 9
1 11 10
1 11 12
1 11 13
1 11 15
1 11 20
1 11 22
1 11 27
1 11 35
1 11 39
1 11 44
1 11 61
1 12 0
1 12 5
1 12 7
1 12 12
1 12 13
1 12 14
1 12 15
1 12 16
1 12 17
1 12 38
1 12 39
1 12 40
1 12 49
1 12 54
1 12 56
1 12 60
1 13 0
1 13 4
1 13 5
1 13 10
1 13 11
1 13 12
1 13 15
1 13 16
1 13 25
1 13 44
1 13 45
1 13 50
1 14 1
1 14 3
1 14 4
1 14 5
1 14 6
1 14 7
1 14 8
1 14 13
1 14 33
1 14 37
1 14 42
1 14 44
1 14 45
1 14 50
1 14 59
1 15 0
1 15 1
1 15 4
1 15 6
1 15 7
1 15 9
1 15 10
1 15 12
1 15 13
1 15 14
1 15 15
1 15 16
1 15 28
1 15 30
1 15 46
1 16 1
1 16 2
1 16 5
1 16 7
1 16 9
1 16 10
1 16 12
1 16 13
1 16 15
1 16 16
1 16 17
1 16 20
1 16 30
1 16 32
1 16 35
1 16 42
1 16 44
1 16 51
1 16 57
1 17 1
1 17 2
1 17 3
1 17 5
1 17 7
1 17 10
1 17 14
1 17 15
1 17 17
1 17 25
1 17 34
1 17 44
1 18 3
1 18 5
1 18 8
1 18 15
1 18 17
1 18 31
1 18 32
1 18 34
1 18 46
1 18 54
1 19 18
1 19 19
1 19 23
1 19 25
1 19 28
1 19 33
1 19 42
1 19 43
1 19 47
1 19 49
1 19 51
1 19 52
1 19 55
1 19 57
1 19 61
1 20 0
1 20 19
1 20 22
1 20 27
1 20 29
1 20 30
1 20 32
1 20 34
1 20 35
1 20 37
1 20 40
1 20 44
1 20 47
1 20 48
1 20 49
1 20 51
1 20 52
1 20 54
1 20 56
1 20 61
1 21 8
1 21 10
1 21 13
1 21 14
1 21 23
1 21 26
1 21 35
1 21 41
1 21 42
1 21 56
1 21 61
1 22 0
1 22 2
1 22 12
1 22 19
1 22 22
1 22 24
1 22 25
1 22 26
1 22 31
1 22 32
1 22 35
1 22 38
1 22 40
1 22 41
1 22 43
1 22 45
1 22 48
1 22 49
1 22 54
1 22 60
1 22 61
1 23 4
1 23 12
1 23 13
1 23 24
1 23 40
1 23 41
1 23 42
1 23 50
1 23 54
1 23 58
1 23 61
1 24 9
1 24 12
1 24 18
1 24 20
1 24 27
1 24 30
1 24 31
1 24 36
1 24 39
1 24 47
1 24 51
1 24 52
1 24 54
1 24 56
1 24 60
1 25 1
1 25 2
1 25 7
1 25 15
1 25 19
1 25 24
1 25 32
1 25 35
1 25 36
1 25 37
1 25 40
1 25 42
1 25 49
1 25 51
1 25 52
1 25 58
1 25 60
1 25 61
1 26 17
1 26 23
1 26 26
1 26 29
1 26 32
1 26 33
1 26 35
1 26 37
1 26 38
1 26 41
1 26 42
1 26 46
1 26 48
1 26 55
1 26 58
1 26 61
1 27 3
1 27 11
1 27 23
1 27 27
1 27 33
1 27 35
1 27 37
1 27 40
1 27 44
1 27 49
1 27 54
1 27 57
1 28 3
1 28 7
1 28 18
1 28 23
1 28 39
1 28 42
1 28 45
1 28 49
1 28 52
1 28 53
1 28 54
1 28 61
1 29 3
1 29 10
1 29 12
1 29 19
1 29 21
1 29 22
1 29 34
1 29 35
1 29 42
1 29 46
1 29 49
1 29 50
1 29 51
1 29 53
1 29 56
1 29 57
1 30 6
1 30 18
1 30 20
1 30 21
1 30 26
1 30 30
1 30 32
1 30 39
1 30 45
1 30 46
1 30 49
1 30 50
1 30 54
1 30 57
1 30 59
1 31 5
1 31 13
1 31 15
1 31 17
1 31 18
1 31 19
1 31 23
1 31 30
1 31 31
1 31 36
1 31 42
1 31 44
1 31 45
1 31 49
1 31 53
1 31 56
1 32 9
1 32 11
1 32 12
1 32 14
1 32 21
1 32 22
1 32 25
1 32 30
1 32 36
1 32 41
1 32 44
1 32 53
1 32 56
1 32 59
1 33 1
1 33 4
1 33 12
1 33 13
1 33 20
1 33 25
1 33 26
1 33 27
1 33 43
1 33 46
1 33 52
1 33 53
1 33 54
1 33 56
1 33 59
1 33 60
1 33 61
1 34 0
1 34 4
1 34 29
1 34 34
1 34 36
1 34 37
1 34 39
1 34 40
1 34 48
1 34 50
1 35 12
1 35 17
1 35 18
1 35 23
1 35 27
1 35 29
1 35 30
1 35 33
1 35 40
1 35 46
1 35 48
1 35 51
1 35 52
1 35 53
1 35 57
1 36 15
1 36 20
1 36 27
1 36 28
1 36 30
1 36 33
1 36 34
1 36 38
1 36 44
1 36 49
1 36 53
1 36 55
1 36 59
1 36 61
1 37 4
1 37 16
1 37 18
1 37 22
1 37 28
1 37 30
1 37 35
1 37 40
1 37 42
1 37 44
1 37 45
1 37 47
1 37 51
1 37 56
1 37 59
1 37 60
1 38 15
1 38 16
1 38 18
1 38 25
1 38 27
1 38 28
1 38 37
1 38 42
1 38 48
1 38 49
1 38 50
1 38 52
1 38 55
1 38 58
1 38 59
1 38 61
1 39 0
1 39 3
1 39 10
1 39 16
1 39 19
1 39 23
1 39 24
1 39 29
1 39 33
1 39 46
1 39 50
1 39 55
1 39 58
1 39 59
1 40 1
1 40 22
1 40 23
1 40 24
1 40 26
1 40 29
1 40 32
1 40 33
1 40 34
1 40 37
1 40 38
1 40 50
1 40 53
1 40 54
1 40 55
1 40 58
1 40 61
1 41 4
1 41 5
1 41 6
1 41 18
1 41 23
1 41 25
1 41 30
1 41 32
1 41 38
1 41 42
1 41 47
1 41 49
1 41 50
1 41 53
1 41 56
1 41 57
1 41 60
1 42 0
1 42 5
1 42 18
1 42 25
1 42 27
1 42 29
1 42 34
1 42 36
1 42 37
1 42 38
1 42 39
1 42 42
1 42 46
1 42 50
1 42 51
1 42 57
1 42 59
1 42 61
1 43 6
1 43 7
1 43 11
1 43 18
1 43 22
1 43 24
1 43 25
1 43 26
1 43 27
1 43 32
1 43 37
1 43 45
1 43 49
1 43 52
1 43 58
1 43 60
1 44 3
1 44 5
1 44 6
1 44 10
1 44 18
1 44 19
1 44 22
1 44 23
1 44 26
1 44 28
1 44 30
1 44 31
1 44 41
1 44 50
1 44 54
1 44 56
1 44 57
1 44 58
1 44 61
1 45 3
1 45 4
1 45 8
1 45 18
1 45 20
1 45 22
1 45 23
1 45 25
1 45 29
1 45 30
1 45 32
1 45 33
1 45 37
1 45 44
1 45 46
1 45 47
1 45 49
1 45 51
1 45 53
1 45 54
1 45 57
1 45 58
1 45 60
1 45 61
1 46 5
1 46 12
1 46 14
1 46 18
1 46 20
1 46 22
1 46 30
1 46 37
1 46 40
1 46 42
1 46 43
1 46 44
1 46 51
1 46 53
1 46 55
1 47 13
1 47 18
1 47 21
1 47 23
1 47 25
1 47 26
1 47 37
1 47 44
1 47 47
1 47 49
1 47 55
1 47 57
1 48 6
1 48 7
1 48 10
1 48 15
1 48 21
1 48 40
1 48 45
1 48 47
1 48 49
1 48 50
1 48 56
1 48 57
1 48 59
1 49 0
1 49 14
1 49 18
1 49 20
1 49 25
1 49 27
1 49 28
1 49 35
1 49 37
1 49 39
1 49 42
1 49 45
1 49 48
1 49 59
1 50 0
1 50 9
1 50 21
1 50 23
1 50 24
1 50 27
1 50 30
1 50 31
1 50 44
1 50 47
1 50 48
1 50 52
1 50 53
1 50 56
1 50 58
1 50 61
1 51 4
1 51 22
1 51 29
1 51 32
1 51 33
1 51 35
1 51 39
1 51 44
1 51 49
1 51 50
1 51 53
1 51 54
1 51 56
1 51 61
1 52 19
1 52 28
1 52 29
1 52 30
1 52 38
1 52 39
1 52 41
1 52 42
1 52 45
1 52 47
1 52 48
1 52 49
1 52 58
1 52 60
1 53 1
1 53 5
1 53 12
1 53 15
1 53 18
1 53 20
1 53 24
1 53 27
1 53 32
1 53 35
1 53 39
1 53 41
1 53 42
1 53 50
1 53 54
1 53 55
1 53 57
1 53 59
1 54 8
1 54 10
1 54 12
1 54 14
1 54 18
1 54 22
1 54 33
1 54 34
1 54 36
1 54 38
1 54 40
1 54 41
1 54 46
1 54 54
1 55 1
1 55 3
1 55 8
1 55 10
1 55 13
1 55 14
1 55 19
1 55 24
1 55 26
1 55 27
1 55 28
1 55 30
1 55 31
1 55 36
1 55 39
1 55 40
1 55 46
1 55 53
1 55 54
1 55 56
1 55 57
1 55 59
1 55 60
1 56 14
1 56 19
1 56 24
1 56 27
1 56 33
1 56 37
1 56 42
1 56 47
1 56 48
1 56 53
1 57 11
1 57 13
1 57 20
1 57 25
1 57 28
1 57 30
1 57 36
1 57 38
1 57 40
1 57 44
1 57 48
1 57 49
1 57 51
1 57 57
1 57 59
1 58 15
1 58 16
1 58 20
1 58 22
1 58 29
1 58 32
1 58 36
1 58 37
1 58 47
1 58 55
1 59 3
1 59 9
1 59 23
1 59 32
1 59 37
1 59 38
1 59 46
1 59 48
1 59 50
1 59 60
1 60 3
1 60 8
1 60 20
1 60 22
1 60 27
1 60 30
1 60 34
1 60 38
1 60 47
1 60 49
1 60 52
1 60 55
1 60 60
1 61 0
1 61 16
1 61 17
1 61 18
1 61 21
1 61 23
1 61 32
1 61 35
1 61 36
1 61 38
1 61 40
1 61 43
1 61 45
1 61 49
1 61 50
1 61 53
1 61 55
1 61 56
1 61 57