2773
3
41 41 42
702

187 949 185 236 590 0 873 761 123 221 0 0 93 87 0 19 0 8 70 86 41 32 0 13 79 0 26 88 49 0 0 52 0 9 31 61 0 0 0 0 0
0 0 434 0 335 0 0 440 0 979 0 0 0 0 0 72 0 0 10 0 89 22 0 72 0 13 0 0 88 0 0 0 0 0 26 72 0 91 0 0 1
139 579 891 288 0 663 0 111 644 379 0 157 0 42 0 0 76 66 0 0 65 3 1 85 0 34 83 0 48 0 98 0 0 0 0 29 0 42 0 28 0 0

0 0 0
0 0 4
0 0 5
0 0 6
0 0 7
0 0 8
0 0 9
0 0 11
0 0 36
0 1 0
0 1 1
0 1 4
0 1 5
0 1 7
0 1 10
0 1 16
0 1 19
0 1 33
0 1 35
0 2 2
0 2 7
0 2 11
0 2 21
0 2 36
0 3 2
0 3 8
0 3 14
0 3 15
0 3 21
0 3 35
0 4 0
0 4 3
0 4 6
0 4 9
0 4 12
0 4 38
0 5 2
0 5 4
0 5 6
0 5 10
0 5 14
0 5 15
0 5 22
0 5 25
0 5 27
0 5 39
0 6 0
0 6 3
0 6 5
0 6 8
0 6 14
0 6 16
0 6 17
0 6 28
0 6 36
0 7 0
0 7 4
0 7 5
0 7 7
0 7 18
0 7 27
0 7 32
0 7 35
0 7 37
0 8 7
0 8 9
0 9 2
0 9 6
0 9 7
0 9 10
0 9 12
0 9 21
0 10 4
0 10 5
0 10 10
0 10 14
0 10 16
0 10 25
0 11 2
0 11 9
0 11 10
0 11 12
0 11 19
0 11 25
0 11 30
0 12 1
0 12 2
0 12 10
0 12 27
0 12 33
0 13 15
0 13 19
0 13 21
0 13 22
0 13 23
0 13 25
0 13 26
0 13 27
0 13 30
0 13 32
0 13 38
0 13 39
0 14 19
0 14 21
0 14 22
0 14 25
0 14 30
0 14 32
0 15 2
0 15 4
0 15 9
0 15 13
0 15 17
0 15 19
0 15 20
0 15 22
0 15 23
0 15 29
0 15 30
0 15 32
0 15 35
0 16 0
0 16 20
0 16 26
0 16 33
0 16 34
0 17 0
0 17 2
0 17 3
0 17 5
0 17 9
0 17 14
0 17 16
0 17 17
0 17 18
0 17 20
0 17 22
0 17 26
0 17 38
0 18 4
0 18 9
0 18 13
0 18 20
0 18 21
0 18 25
0 18 26
0 18 36
0 19 15
0 19 19
0 19 21
0 19 24
0 19 31
0 19 34
0 19 35
0 20 0
0 20 7
0 20 14
0 20 15
0 20 21
0 20 22
0 20 26
0 20 27
0 20 35
0 20 36
0 20 38
0 21 14
0 21 16
0 21 19
0 21 28
0 21 33
0 21 35
0 21 36
0 21 37
0 21 38
0 22 0
0 22 3
0 22 9
0 22 10
0 22 17
0 22 18
0 22 22
0 22 23
0 22 27
0 22 28
0 22 30
0 22 31
0 22 37
0 22 38
0 23 4
0 23 10
0 23 21
0 23 22
0 23 24
0 23 27
0 23 33
0 23 35
0 23 38
0 23 40
0 24 16
0 24 22
0 24 25
0 24 27
0 24 29
0 24 33
0 24 38
0 25 3
0 25 8
0 25 13
0 25 14
0 25 19
0 25 20
0 25 23
0 25 24
0 25 25
0 26 14
0 26 17
0 26 20
0 26 27
0 26 28
0 26 29
0 26 32
0 26 33
0 26 36
0 26 38
0 26 39
0 27 10
0 27 13
0 27 15
0 27 22
0 27 24
0 27 26
0 27 27
0 27 28
0 27 34
0 27 39
0 27 40
0 28 4
0 28 5
0 28 13
0 28 18
0 28 26
0 28 28
0 28 29
0 29 0
0 29 14
0 29 15
0 29 16
0 29 17
0 29 23
0 29 27
0 29 30
0 29 31
0 29 32
0 29 36
0 30 1
0 30 4
0 30 15
0 30 21
0 30 25
0 30 26
0 30 29
0 30 30
0 30 32
0 30 35
0 30 37
0 31 2
0 31 8
0 31 17
0 31 19
0 31 21
0 31 27
0 31 28
0 31 31
0 31 34
0 31 35
0 32 3
0 32 11
0 32 15
0 32 25
0 32 26
0 32 28
0 32 31
0 32 36
0 32 39
0 32 40
0 33 1
0 33 13
0 33 18
0 33 21
0 33 24
0 33 27
0 33 28
0 33 39
0 34 18
0 34 22
0 34 24
0 34 27
0 34 28
0 34 34
0 34 35
0 34 39
0 34 40
0 35 4
0 35 18
0 35 28
0 35 30
0 35 32
0 35 34
0 36 4
0 36 10
0 36 17
0 36 18
0 36 25
0 36 32
0 37 1
0 37 17
0 37 22
0 37 25
0 38 14
0 38 15
0 38 20
0 38 21
0 38 24
0 38 28
0 38 29
0 38 32
0 38 35
0 38 39
0 39 3
0 39 7
0 39 15
0 39 20
0 39 21
0 39 24
0 39 27
0 39 28
0 39 38
0 40 9
0 40 13
0 40 15
0 40 19
0 40 26
0 40 36
0 40 37
1 0 6
1 0 10
1 0 11
1 0 18
1 0 22
1 1 0
1 1 2
1 1 4
1 1 6
1 1 14
1 2 3
1 2 4
1 2 7
1 2 12
1 2 27
1 3 2
1 3 4
1 3 18
1 3 21
1 4 0
1 4 2
1 4 3
1 4 6
1 4 7
1 4 12
1 4 40
1 5 0
1 5 1
1 5 2
1 5 4
1 5 5
1 5 6
1 5 12
1 5 17
1 5 23
1 5 26
1 6 1
1 6 3
1 6 5
1 6 6
1 6 8
1 6 9
1 6 15
1 6 16
1 6 18
1 7 3
1 7 4
1 7 6
1 7 7
1 7 10
1 7 20
1 7 27
1 7 32
1 8 0
1 8 2
1 8 6
1 8 10
1 8 36
1 9 2
1 9 3
1 9 4
1 9 9
1 9 10
1 9 11
1 9 27
1 9 28
1 9 29
1 9 34
1 10 1
1 10 3
1 10 6
1 10 7
1 10 9
1 10 27
1 10 30
1 10 36
1 10 39
1 11 0
1 11 20
1 12 8
1 12 11
1 12 17
1 12 18
1 12 20
1 12 34
1 12 40
1 13 11
1 13 15
1 13 17
1 13 19
1 13 23
1 13 24
1 13 29
1 13 31
1 13 36
1 14 2
1 14 13
1 14 20
1 14 24
1 14 28
1 14 29
1 14 39
1 15 2
1 15 5
1 15 14
1 15 18
1 15 24
1 15 29
1 15 31
1 15 32
1 16 2
1 16 15
1 16 33
1 16 35
1 17 6
1 17 11
1 17 13
1 17 14
1 17 16
1 17 17
1 17 18
1 17 19
1 17 20
1 17 21
1 17 33
1 17 37
1 17 38
1 17 39
1 17 41
1 18 13
1 18 14
1 18 16
1 18 17
1 18 18
1 18 21
1 18 24
1 18 26
1 18 27
1 18 34
1 18 36
1 19 11
1 19 16
1 19 22
1 19 24
1 19 26
1 19 28
1 19 29
1 19 31
1 19 41
1 20 1
1 20 4
1 20 5
1 20 13
1 20 15
1 20 20
1 20 26
1 20 31
1 20 33
1 20 35
1 21 13
1 21 19
1 21 27
1 21 32
1 21 34
1 21 36
1 21 38
1 22 5
1 22 10
1 22 14
1 22 17
1 22 19
1 22 23
1 22 24
1 22 26
1 22 28
1 22 29
1 22 31
1 22 33
1 22 34
1 22 36
1 23 15
1 23 17
1 23 19
1 23 25
1 23 30
1 23 32
1 24 0
1 24 1
1 24 11
1 24 13
1 24 14
1 24 16
1 24 21
1 24 22
1 24 23
1 24 24
1 24 32
1 24 34
1 24 38
1 24 39
1 24 41
1 25 1
1 25 14
1 25 17
1 25 18
1 25 30
1 25 36
1 25 39
1 25 41
1 26 3
1 26 6
1 26 14
1 26 25
1 26 32
1 26 36
1 26 37
1 27 1
1 27 13
1 27 17
1 27 18
1 27 23
1 27 25
1 27 27
1 27 28
1 27 32
1 27 35
1 27 38
1 27 39
1 27 40
1 28 0
1 28 5
1 28 13
1 28 19
1 28 20
1 28 21
1 28 28
1 28 32
1 28 35
1 28 38
1 28 41
1 29 14
1 29 17
1 29 20
1 29 22
1 29 23
1 29 29
1 29 36
1 29 37
1 29 40
1 30 3
1 30 6
1 30 13
1 30 14
1 30 20
1 30 21
1 30 28
1 30 39
1 31 15
1 31 18
1 31 19
1 31 22
1 31 23
1 31 29
1 31 34
1 31 37
1 32 7
1 32 13
1 32 18
1 32 22
1 32 23
1 32 24
1 32 26
1 32 32
1 32 33
1 32 34
1 32 35
1 32 37
1 32 40
1 32 41
1 33 9
1 33 13
1 33 22
1 33 26
1 33 29
1 33 31
1 33 40
1 34 2
1 34 3
1 34 17
1 34 22
1 34 24
1 34 25
1 34 28
1 34 31
1 34 32
1 34 37
1 35 11
1 35 15
1 35 16
1 35 19
1 35 23
1 35 25
1 35 28
1 35 29
1 35 30
1 35 31
1 35 35
1 35 36
1 35 39
1 36 4
1 36 18
1 36 21
1 36 28
1 36 38
1 36 40
1 37 16
1 37 17
1 37 20
1 37 21
1 37 22
1 37 23
1 37 26
1 37 28
1 37 37
1 37 39
1 38 1
1 38 10
1 38 16
1 38 17
1 38 20
1 38 21
1 38 26
1 38 31
1 38 32
1 38 39
1 39 4
1 39 16
1 39 17
1 39 18
1 39 19
1 39 21
1 39 22
1 39 23
1 39 24
1 39 26
1 39 31
1 39 37
1 39 38
1 40 4
1 40 13
1 40 17
1 40 20
1 40 22
1 40 25
1 40 29
1 40 33
1 40 36
1 40 39