4413
7
16 15 14 14 15 16 14
317

0 808 0 0 376 0 984 0 0 81 71 76 0 0 54 46
62 682 635 0 0 0 0 0 0 0 68 53 0 0 31
0 680 543 0 0 0 0 35 77 0 68 7 0 9
0 571 164 0 0 0 539 0 27 0 56 6 0 0
189 101 0 990 0 0 919 0 99 43 16 0 77 42 0
122 647 0 826 995 780 987 753 18 0 1 93 0 0 57 0
16 0 569 535 148 0 0 19 41 34 0 11 0 11

0 0 7
0 1 0
0 1 2
0 1 7
0 1 11
0 2 1
0 2 5
0 2 6
0 2 7
0 2 12
0 3 0
0 3 1
0 3 2
0 3 3
0 3 11
0 4 1
0 4 3
0 4 6
0 4 12
0 5 0
0 5 1
0 5 3
0 5 4
0 5 6
0 5 9
0 6 0
0 6 1
0 6 2
0 6 3
0 6 4
0 7 4
0 7 5
0 8 6
0 8 11
0 10 1
0 10 8
0 10 9
0 10 10
0 11 2
0 11 5
0 11 13
0 11 14
0 13 1
0 13 8
0 13 9
0 13 12
0 14 10
0 14 14
0 15 5
0 15 8
1 0 1
1 0 3
1 0 4
1 0 5
1 0 6
1 0 7
1 0 9
1 1 0
1 1 3
1 1 4
1 1 10
1 1 12
1 2 1
1 2 2
1 2 4
1 2 13
1 3 2
1 3 3
1 3 4
1 3 5
1 3 6
1 4 2
1 4 4
1 5 4
1 5 9
1 6 1
1 6 4
1 6 5
1 6 6
1 7 2
1 7 4
1 7 6
1 8 3
1 8 10
1 8 13
1 9 5
1 9 6
1 9 8
1 9 11
1 9 12
1 9 13
1 10 7
1 10 10
1 10 11
1 11 2
1 12 12
1 13 0
1 13 3
1 14 11
1 14 13
2 0 4
2 0 5
2 1 0
2 1 1
2 1 3
2 1 4
2 1 6
2 1 8
2 1 11
2 2 0
2 2 2
2 2 4
2 2 7
2 2 10
2 2 12
2 3 2
2 3 3
2 3 6
2 3 9
2 3 10
2 4 4
2 4 5
2 4 8
2 5 0
2 5 1
2 5 2
2 5 3
2 5 4
2 6 0
2 6 4
2 6 5
2 6 11
2 6 13
2 7 6
2 7 8
2 7 11
2 8 1
2 8 7
2 8 9
2 8 12
2 9 2
2 9 5
2 9 8
2 9 10
2 9 11
2 10 13
2 11 3
2 11 13
2 12 0
2 12 5
2 12 6
2 13 5
2 13 8
2 13 12
3 0 0
3 1 0
3 1 6
3 1 7
3 1 11
3 1 14
3 2 5
3 2 12
3 3 0
3 3 1
3 3 4
3 3 5
3 3 6
3 3 12
3 4 1
3 4 2
3 4 6
3 5 1
3 5 3
3 5 4
3 6 0
3 6 3
3 6 9
3 7 1
3 8 1
3 8 4
3 8 7
3 8 10
3 9 5
3 9 9
3 9 10
3 9 13
3 10 13
3 11 0
3 11 10
3 11 11
3 12 0
3 12 5
3 12 12
3 12 14
3 13 8
3 13 13
4 0 0
4 0 3
4 0 4
4 0 7
4 0 12
4 0 13
4 1 0
4 1 1
4 1 3
4 1 6
4 1 7
4 1 9
4 1 13
4 1 15
4 2 1
4 2 4
4 2 6
4 2 7
4 2 9
4 3 0
4 3 1
4 3 2
4 3 5
4 3 9
4 3 10
4 4 2
4 4 3
4 4 5
4 4 6
4 5 1
4 5 8
4 5 10
4 6 0
4 6 2
4 6 4
4 6 7
4 7 6
4 7 11
4 8 3
4 8 10
4 8 11
4 8 14
4 9 0
4 9 2
4 9 3
4 9 7
4 9 8
4 9 9
4 9 13
4 9 14
4 9 15
4 10 2
4 10 3
4 10 4
4 10 11
4 11 2
4 12 5
4 12 8
4 12 13
4 13 0
4 13 9
4 13 13
4 13 15
4 14 2
4 14 11
4 14 15
5 0 0
5 1 0
5 1 1
5 1 2
5 1 5
5 1 6
5 1 9
5 1 12
5 1 13
5 2 0
5 2 8
5 3 0
5 3 2
5 3 3
5 3 4
5 3 5
5 3 12
5 4 1
5 4 4
5 4 6
5 4 9
5 4 13
5 5 1
5 5 2
5 5 5
5 5 6
5 5 7
5 6 0
5 6 2
5 6 3
5 6 4
5 6 6
5 6 9
5 7 0
5 7 1
5 7 2
5 7 3
5 7 8
5 7 9
5 8 2
5 8 4
5 8 13
5 9 1
5 9 3
5 9 11
5 10 11
5 11 2
5 11 6
5 11 9
5 12 0
5 12 1
5 12 10
5 12 12
5 13 11
5 15 7