4047
3
63 62 62
1841

0 0 933 0 553 0 906 0 451 0 0 0 0 0 0 235 0 442 673 14 697 48 838 0 0 0 0 690 0 0 93 16 89 88 52 0 0 0 0 0 0 0 15 76 0 0 21 0 4 6 92 0 0 64 0 75 85 0 0 0 0 0 45
549 627 499 488 425 0 780 0 0 0 398 0 0 99 0 0 398 205 0 0 0 455 0 124 27 0 812 0 0 0 24 26 0 0 0 4 0 78 0 0 0 0 10 0 0 0 77 9 0 0 0 36 0 63 52 48 43 0 0 0 0 9
899 730 0 0 0 0 0 0 0 0 0 0 18 58 0 529 0 0 201 0 0 0 976 254 60 485 201 95 16 0 0 50 0 19 0 51 0 24 100 0 89 78 52 0 0 0 0 0 0 0 52 0 0 50 0 100 59 0 95 0 32 0

0 0 0
0 0 9
0 0 15
0 0 18
0 0 21
0 0 24
0 0 27
0 0 29
0 0 37
0 0 38
0 0 40
0 0 43
0 0 52
0 0 56
0 0 57
0 1 2
0 1 4
0 1 6
0 1 8
0 1 9
0 1 14
0 1 18
0 1 20
0 1 22
0 1 52
0 1 59
0 1 60
0 2 1
0 2 4
0 2 6
0 2 8
0 2 9
0 2 13
0 2 16
0 2 19
0 2 20
0 2 21
0 2 26
0 3 9
0 3 10
0 3 11
0 3 13
0 3 25
0 3 26
0 3 44
0 3 46
0 3 51
0 3 52
0 3 54
0 3 57
0 3 59
0 3 60
0 4 0
0 4 11
0 4 21
0 4 28
0 4 34
0 4 39
0 4 40
0 4 54
0 4 58
0 5 0
0 5 1
0 5 7
0 5 13
0 5 16
0 5 19
0 5 20
0 5 25
0 5 31
0 5 36
0 5 39
0 5 57
0 5 61
0 6 2
0 6 4
0 6 5
0 6 8
0 6 18
0 6 22
0 6 25
0 6 35
0 6 38
0 6 43
0 6 48
0 6 53
0 6 61
0 7 1
0 7 5
0 7 11
0 7 12
0 7 13
0 7 16
0 7 19
0 7 26
0 7 40
0 7 45
0 8 1
0 8 3
0 8 5
0 8 8
0 8 10
0 8 11
0 8 15
0 8 17
0 8 19
0 8 23
0 8 30
0 8 32
0 8 33
0 8 34
0 8 42
0 8 46
0 8 49
0 9 1
0 9 3
0 9 6
0 9 7
0 9 9
0 9 16
0 9 18
0 9 22
0 9 25
0 9 32
0 9 34
0 9 53
0 9 59
0 10 0
0 10 3
0 10 5
0 10 11
0 10 15
0 10 21
0 10 24
0 10 26
0 10 31
0 10 43
0 10 51
0 11 6
0 11 16
0 11 19
0 11 22
0 11 24
0 11 31
0 11 40
0 11 45
0 11 46
0 11 50
0 11 57
0 11 59
0 12 2
0 12 3
0 12 5
0 12 10
0 12 12
0 12 13
0 12 16
0 12 17
0 12 22
0 12 26
0 12 31
0 12 39
0 12 45
0 12 50
0 12 51
0 12 60
0 13 10
0 13 11
0 13 16
0 13 17
0 13 25
0 13 28
0 13 41
0 13 55
0 13 56
0 13 57
0 13 61
0 14 5
0 14 7
0 14 15
0 14 16
0 14 20
0 14 22
0 14 25
0 14 33
0 14 38
0 14 43
0 14 45
0 14 49
0 14 50
0 14 53
0 15 0
0 15 1
0 15 3
0 15 10
0 15 17
0 15 23
0 15 24
0 15 27
0 15 31
0 15 33
0 15 38
0 15 44
0 15 53
0 15 56
0 15 59
0 16 0
0 16 3
0 16 5
0 16 12
0 16 19
0 16 25
0 16 33
0 16 37
0 16 44
0 16 48
0 16 52
0 16 55
0 16 59
0 17 7
0 17 10
0 17 11
0 17 18
0 17 21
0 17 33
0 17 53
0 17 54
0 17 57
0 18 1
0 18 2
0 18 8
0 18 14
0 18 17
0 18 26
0 18 27
0 18 49
0 18 53
0 18 55
0 19 1
0 19 2
0 19 4
0 19 6
0 19 11
0 19 37
0 19 47
0 19 54
0 19 55
0 19 61
0 20 3
0 20 4
0 20 6
0 20 7
0 20 12
0 20 16
0 20 21
0 20 33
0 20 38
0 20 56
0 20 58
0 20 60
0 21 0
0 21 1
0 21 3
0 21 11
0 21 13
0 21 14
0 21 16
0 21 19
0 21 24
0 21 25
0 21 38
0 21 46
0 21 52
0 22 0
0 22 1
0 22 2
0 22 3
0 22 4
0 22 5
0 22 6
0 22 9
0 22 16
0 22 25
0 22 26
0 22 33
0 22 36
0 22 46
0 22 49
0 22 55
0 22 56
0 23 4
0 23 13
0 23 14
0 23 20
0 23 23
0 23 24
0 23 25
0 23 26
0 23 38
0 23 41
0 23 43
0 23 50
0 24 3
0 24 5
0 24 6
0 24 7
0 24 8
0 24 15
0 24 16
0 24 20
0 24 25
0 24 26
0 24 27
0 24 31
0 24 52
0 24 55
0 24 56
0 25 5
0 25 16
0 25 25
0 25 26
0 25 28
0 25 34
0 25 39
0 25 42
0 25 49
0 25 54
0 26 1
0 26 6
0 26 7
0 26 8
0 26 13
0 26 14
0 26 15
0 26 23
0 26 25
0 26 26
0 26 37
0 26 38
0 26 40
0 26 58
0 27 2
0 27 13
0 27 17
0 27 18
0 27 25
0 27 27
0 27 34
0 27 35
0 27 37
0 27 45
0 27 48
0 27 52
0 28 2
0 28 3
0 28 5
0 28 11
0 28 13
0 28 14
0 28 17
0 28 29
0 28 32
0 28 36
0 28 37
0 28 40
0 28 41
0 28 47
0 28 49
0 28 53
0 28 58
0 28 59
0 28 61
0 29 4
0 29 6
0 29 8
0 29 10
0 29 14
0 29 16
0 29 23
0 29 34
0 29 36
0 29 40
0 29 41
0 29 48
0 29 55
0 29 56
0 29 60
0 30 17
0 30 26
0 30 27
0 30 29
0 30 31
0 30 32
0 30 34
0 30 37
0 30 38
0 30 42
0 30 44
0 30 48
0 30 53
0 30 58
0 30 59
0 30 60
0 30 61
0 31 4
0 31 18
0 31 21
0 31 24
0 31 29
0 31 35
0 31 39
0 31 42
0 31 45
0 31 46
0 31 49
0 31 50
0 31 51
0 31 59
0 32 1
0 32 20
0 32 21
0 32 24
0 32 35
0 32 36
0 32 38
0 32 41
0 32 44
0 32 46
0 32 49
0 32 50
0 32 51
0 32 57
0 32 58
0 32 60
0 33 0
0 33 1
0 33 2
0 33 7
0 33 9
0 33 13
0 33 15
0 33 16
0 33 21
0 33 28
0 33 29
0 33 30
0 33 32
0 33 33
0 33 34
0 33 35
0 33 36
0 33 37
0 33 43
0 33 47
0 33 52
0 33 55
0 33 58
0 33 59
0 33 61
0 34 11
0 34 13
0 34 19
0 34 24
0 34 26
0 34 31
0 34 41
0 34 42
0 34 45
0 34 46
0 34 47
0 34 52
0 34 54
0 34 58
0 35 0
0 35 18
0 35 23
0 35 25
0 35 31
0 35 37
0 35 49
0 36 3
0 36 6
0 36 13
0 36 28
0 36 39
0 36 40
0 36 41
0 36 42
0 36 45
0 36 46
0 36 51
0 37 4
0 37 13
0 37 18
0 37 23
0 37 32
0 37 33
0 37 34
0 37 35
0 37 36
0 37 39
0 37 40
0 37 41
0 37 45
0 37 46
0 37 47
0 37 52
0 37 53
0 37 55
0 37 56
0 37 59
0 38 10
0 38 18
0 38 23
0 38 35
0 38 42
0 38 47
0 38 55
0 38 60
0 38 61
0 39 8
0 39 14
0 39 15
0 39 20
0 39 24
0 39 32
0 39 39
0 39 40
0 39 42
0 39 44
0 39 47
0 39 48
0 39 54
0 39 58
0 39 59
0 39 60
0 40 8
0 40 12
0 40 16
0 40 18
0 40 23
0 40 31
0 40 33
0 40 36
0 40 37
0 40 38
0 40 39
0 40 40
0 40 41
0 40 42
0 40 47
0 40 50
0 40 51
0 40 55
0 40 56
0 40 57
0 41 1
0 41 12
0 41 18
0 41 20
0 41 29
0 41 33
0 41 36
0 41 39
0 41 42
0 41 43
0 41 44
0 41 46
0 41 47
0 41 48
0 41 49
0 41 51
0 42 0
0 42 2
0 42 9
0 42 13
0 42 19
0 42 26
0 42 27
0 42 30
0 42 31
0 42 34
0 42 39
0 42 45
0 42 53
0 43 15
0 43 17
0 43 18
0 43 29
0 43 31
0 43 35
0 43 38
0 43 44
0 43 47
0 43 48
0 43 49
0 43 52
0 43 53
0 43 55
0 43 57
0 43 59
0 43 61
0 44 8
0 44 9
0 44 11
0 44 25
0 44 28
0 44 30
0 44 31
0 44 33
0 44 37
0 44 38
0 44 41
0 44 43
0 44 52
0 44 53
0 44 54
0 44 56
0 44 57
0 45 10
0 45 13
0 45 15
0 45 17
0 45 29
0 45 35
0 45 38
0 45 41
0 45 42
0 45 43
0 45 45
0 45 46
0 45 49
0 45 50
0 45 51
0 45 56
0 45 58
0 46 3
0 46 4
0 46 5
0 46 12
0 46 23
0 46 28
0 46 29
0 46 30
0 46 35
0 46 38
0 46 41
0 46 47
0 46 50
0 46 51
0 46 52
0 46 55
0 46 56
0 46 58
0 46 59
0 47 4
0 47 17
0 47 19
0 47 21
0 47 25
0 47 28
0 47 29
0 47 32
0 47 34
0 47 38
0 47 48
0 47 49
0 47 51
0 47 52
0 47 54
0 47 57
0 47 58
0 47 61
0 48 15
0 48 16
0 48 17
0 48 32
0 48 35
0 48 38
0 48 41
0 48 42
0 48 44
0 48 48
0 48 49
0 48 50
0 48 54
0 48 55
0 48 59
0 48 60
0 48 61
0 49 5
0 49 8
0 49 19
0 49 24
0 49 26
0 49 29
0 49 31
0 49 32
0 49 33
0 49 34
0 49 37
0 49 44
0 49 45
0 49 46
0 49 51
0 49 52
0 49 53
0 49 54
0 49 55
0 49 59
0 49 61
0 50 5
0 50 6
0 50 8
0 50 23
0 50 28
0 50 31
0 50 37
0 50 40
0 50 41
0 50 43
0 50 49
0 50 50
0 50 51
0 50 56
0 50 57
0 50 58
0 50 60
0 51 1
0 51 6
0 51 12
0 51 22
0 51 23
0 51 28
0 51 31
0 51 32
0 51 33
0 51 38
0 51 40
0 51 41
0 51 44
0 51 45
0 51 47
0 51 49
0 51 51
0 51 52
0 51 57
0 51 58
0 52 11
0 52 16
0 52 17
0 52 28
0 52 29
0 52 32
0 52 34
0 52 39
0 52 41
0 52 42
0 52 49
0 52 50
0 52 55
0 52 57
0 52 60
0 53 1
0 53 6
0 53 7
0 53 13
0 53 14
0 53 17
0 53 27
0 53 36
0 53 42
0 53 48
0 53 50
0 53 53
0 53 55
0 53 56
0 53 57
0 53 59
0 54 7
0 54 9
0 54 10
0 54 21
0 54 29
0 54 34
0 54 43
0 54 45
0 54 51
0 54 53
0 54 60
0 54 61
0 55 15
0 55 19
0 55 21
0 55 22
0 55 26
0 55 28
0 55 32
0 55 33
0 55 35
0 55 36
0 55 41
0 55 44
0 55 48
0 55 49
0 55 51
0 55 52
0 55 54
0 55 56
0 55 57
0 55 60
0 56 20
0 56 24
0 56 26
0 56 27
0 56 31
0 56 34
0 56 38
0 56 42
0 56 45
0 56 49
0 56 59
0 56 60
0 56 61
0 57 0
0 57 10
0 57 17
0 57 18
0 57 20
0 57 23
0 57 29
0 57 31
0 57 37
0 57 40
0 57 42
0 57 44
0 57 46
0 57 47
0 57 49
0 57 52
0 57 55
0 57 57
0 57 59
0 57 60
0 57 61
0 58 7
0 58 18
0 58 28
0 58 30
0 58 31
0 58 32
0 58 33
0 58 35
0 58 38
0 58 44
0 58 46
0 58 47
0 58 48
0 58 49
0 58 55
0 58 58
0 58 59
0 59 10
0 59 15
0 59 19
0 59 23
0 59 27
0 59 28
0 59 32
0 59 36
0 59 38
0 59 40
0 59 42
0 59 43
0 59 45
0 59 47
0 59 48
0 59 49
0 59 51
0 59 52
0 59 54
0 59 56
0 59 58
0 59 60
0 59 61
0 60 1
0 60 2
0 60 7
0 60 8
0 60 11
0 60 20
0 60 23
0 60 27
0 60 33
0 60 35
0 60 40
0 60 43
0 60 44
0 60 47
0 60 52
0 60 54
0 60 56
0 60 57
0 60 58
0 60 60
0 61 6
0 61 19
0 61 27
0 61 30
0 61 31
0 61 32
0 61 37
0 61 48
0 61 49
0 61 50
0 61 52
0 61 53
0 61 59
0 61 60
0 61 61
0 62 0
0 62 1
0 62 9
0 62 10
0 62 11
0 62 12
0 62 14
0 62 17
0 62 27
0 62 30
0 62 31
0 62 40
0 62 43
0 62 50
0 62 57
0 62 61
1 0 1
1 0 3
1 0 5
1 0 6
1 0 7
1 0 10
1 0 16
1 0 26
1 0 49
1 0 53
1 0 56
1 0 61
1 1 1
1 1 9
1 1 15
1 1 17
1 1 20
1 1 25
1 1 29
1 1 30
1 1 36
1 1 39
1 1 40
1 1 45
1 1 50
1 1 52
1 1 56
1 1 60
1 2 5
1 2 9
1 2 14
1 2 23
1 2 24
1 2 26
1 2 29
1 2 35
1 2 37
1 2 61
1 3 0
1 3 2
1 3 3
1 3 6
1 3 8
1 3 17
1 3 21
1 3 23
1 3 24
1 3 30
1 3 36
1 3 41
1 3 53
1 3 58
1 3 59
1 3 60
1 4 5
1 4 12
1 4 21
1 4 22
1 4 23
1 4 33
1 4 37
1 4 44
1 4 53
1 5 7
1 5 9
1 5 14
1 5 15
1 5 16
1 5 17
1 5 19
1 5 21
1 5 22
1 5 23
1 5 25
1 5 35
1 5 38
1 5 55
1 5 57
1 6 2
1 6 5
1 6 10
1 6 20
1 6 27
1 6 32
1 6 48
1 7 1
1 7 4
1 7 5
1 7 9
1 7 12
1 7 17
1 7 19
1 7 21
1 7 23
1 7 29
1 7 35
1 7 40
1 7 43
1 7 45
1 8 1
1 8 2
1 8 3
1 8 4
1 8 9
1 8 20
1 8 26
1 8 27
1 8 34
1 8 36
1 8 37
1 8 43
1 8 49
1 8 51
1 8 53
1 8 54
1 8 57
1 8 61
1 9 2
1 9 6
1 9 13
1 9 23
1 9 25
1 9 35
1 9 36
1 9 40
1 9 41
1 9 49
1 9 58
1 10 2
1 10 3
1 10 5
1 10 8
1 10 17
1 10 21
1 10 26
1 10 35
1 10 36
1 10 37
1 10 44
1 10 48
1 10 50
1 10 51
1 10 57
1 10 59
1 10 61
1 11 1
1 11 6
1 11 8
1 11 12
1 11 14
1 11 19
1 11 26
1 11 30
1 11 40
1 11 41
1 11 43
1 11 53
1 11 54
1 11 58
1 12 0
1 12 5
1 12 7
1 12 8
1 12 13
1 12 18
1 12 19
1 12 21
1 12 22
1 12 25
1 12 40
1 12 41
1 12 50
1 12 58
1 13 5
1 13 8
1 13 11
1 13 16
1 13 20
1 13 30
1 13 38
1 13 41
1 13 44
1 13 52
1 13 61
1 14 0
1 14 9
1 14 16
1 14 33
1 14 38
1 14 41
1 14 44
1 14 49
1 14 50
1 14 52
1 15 1
1 15 11
1 15 15
1 15 18
1 15 19
1 15 23
1 15 35
1 15 37
1 15 39
1 15 46
1 15 49
1 15 56
1 15 59
1 16 2
1 16 5
1 16 9
1 16 10
1 16 12
1 16 15
1 16 16
1 16 20
1 16 24
1 16 26
1 16 34
1 16 50
1 16 52
1 16 53
1 16 61
1 17 3
1 17 4
1 17 5
1 17 10
1 17 12
1 17 17
1 17 19
1 17 20
1 17 21
1 17 23
1 17 26
1 17 38
1 17 46
1 17 54
1 17 55
1 17 59
1 18 13
1 18 16
1 18 19
1 18 22
1 18 23
1 18 33
1 18 45
1 18 55
1 18 57
1 18 58
1 19 2
1 19 16
1 19 19
1 19 24
1 19 40
1 19 42
1 19 46
1 19 51
1 19 57
1 19 59
1 20 5
1 20 6
1 20 8
1 20 9
1 20 12
1 20 14
1 20 23
1 20 24
1 20 41
1 20 43
1 20 46
1 20 57
1 20 60
1 21 2
1 21 8
1 21 9
1 21 13
1 21 21
1 21 23
1 21 24
1 21 25
1 21 26
1 21 27
1 21 50
1 21 61
1 22 0
1 22 1
1 22 6
1 22 7
1 22 12
1 22 17
1 22 18
1 22 21
1 22 22
1 22 26
1 22 33
1 22 39
1 22 40
1 22 43
1 22 45
1 22 46
1 22 59
1 22 60
1 23 0
1 23 1
1 23 5
1 23 10
1 23 15
1 23 17
1 23 25
1 23 37
1 23 42
1 23 44
1 23 58
1 24 6
1 24 7
1 24 8
1 24 10
1 24 15
1 24 21
1 24 22
1 24 24
1 24 34
1 24 39
1 24 55
1 24 56
1 25 2
1 25 7
1 25 11
1 25 15
1 25 16
1 25 18
1 25 19
1 25 23
1 25 26
1 25 32
1 25 35
1 25 38
1 25 39
1 25 43
1 25 45
1 26 2
1 26 11
1 26 16
1 26 21
1 26 22
1 26 23
1 26 24
1 26 25
1 26 36
1 26 42
1 26 51
1 26 52
1 26 61
1 27 2
1 27 11
1 27 12
1 27 18
1 27 21
1 27 25
1 27 27
1 27 28
1 27 29
1 27 33
1 27 34
1 27 38
1 27 40
1 27 42
1 27 44
1 27 46
1 27 47
1 27 48
1 27 54
1 27 59
1 28 5
1 28 11
1 28 12
1 28 13
1 28 29
1 28 31
1 28 32
1 28 34
1 28 37
1 28 41
1 28 44
1 28 49
1 28 52
1 28 57
1 28 58
1 28 61
1 29 10
1 29 23
1 29 25
1 29 28
1 29 35
1 29 36
1 29 42
1 29 46
1 29 47
1 29 51
1 29 52
1 29 58
1 29 60
1 30 0
1 30 1
1 30 15
1 30 23
1 30 24
1 30 33
1 30 35
1 30 36
1 30 37
1 30 45
1 30 46
1 30 48
1 30 49
1 30 50
1 30 51
1 30 55
1 30 56
1 30 57
1 30 59
1 31 2
1 31 9
1 31 13
1 31 20
1 31 28
1 31 29
1 31 35
1 31 39
1 31 40
1 31 41
1 31 42
1 31 43
1 31 44
1 31 45
1 31 49
1 31 50
1 31 54
1 31 55
1 31 57
1 31 58
1 31 61
1 32 7
1 32 16
1 32 20
1 32 21
1 32 23
1 32 24
1 32 27
1 32 29
1 32 30
1 32 33
1 32 39
1 32 40
1 32 41
1 32 43
1 32 46
1 32 50
1 32 51
1 32 52
1 32 55
1 32 56
1 32 57
1 32 61
1 33 3
1 33 5
1 33 9
1 33 10
1 33 16
1 33 32
1 33 34
1 33 35
1 33 36
1 33 37
1 33 38
1 33 39
1 33 40
1 33 43
1 33 45
1 33 47
1 33 50
1 33 52
1 33 56
1 33 61
1 34 1
1 34 2
1 34 21
1 34 25
1 34 27
1 34 29
1 34 34
1 34 36
1 34 37
1 34 38
1 34 40
1 34 41
1 34 42
1 34 43
1 34 45
1 34 54
1 34 56
1 34 60
1 35 3
1 35 5
1 35 7
1 35 9
1 35 20
1 35 30
1 35 34
1 35 41
1 35 43
1 35 51
1 35 52
1 35 59
1 35 60
1 36 3
1 36 11
1 36 13
1 36 20
1 36 22
1 36 23
1 36 26
1 36 27
1 36 30
1 36 32
1 36 34
1 36 35
1 36 39
1 36 47
1 36 52
1 36 54
1 36 56
1 36 61
1 37 5
1 37 11
1 37 23
1 37 30
1 37 31
1 37 32
1 37 33
1 37 37
1 37 41
1 37 43
1 37 47
1 37 49
1 37 50
1 37 58
1 37 59
1 38 16
1 38 28
1 38 29
1 38 31
1 38 32
1 38 34
1 38 35
1 38 44
1 38 46
1 38 51
1 38 52
1 38 58
1 39 5
1 39 16
1 39 28
1 39 29
1 39 30
1 39 33
1 39 39
1 39 40
1 39 42
1 39 43
1 39 50
1 39 51
1 39 54
1 39 55
1 39 57
1 39 58
1 40 3
1 40 19
1 40 25
1 40 27
1 40 28
1 40 29
1 40 30
1 40 34
1 40 35
1 40 43
1 40 45
1 40 47
1 40 51
1 40 59
1 41 0
1 41 21
1 41 26
1 41 28
1 41 29
1 41 30
1 41 31
1 41 35
1 41 36
1 41 38
1 41 44
1 41 45
1 41 51
1 41 52
1 41 53
1 41 54
1 41 57
1 41 61
1 42 5
1 42 12
1 42 18
1 42 19
1 42 26
1 42 27
1 42 30
1 42 32
1 42 37
1 42 39
1 42 40
1 42 44
1 42 47
1 42 53
1 42 55
1 42 59
1 42 61
1 43 1
1 43 11
1 43 23
1 43 25
1 43 28
1 43 30
1 43 31
1 43 34
1 43 35
1 43 38
1 43 39
1 43 40
1 43 45
1 43 48
1 43 50
1 43 52
1 43 59
1 44 4
1 44 7
1 44 15
1 44 27
1 44 32
1 44 37
1 44 38
1 44 39
1 44 41
1 44 42
1 44 49
1 44 50
1 44 51
1 44 53
1 44 55
1 44 60
1 45 4
1 45 22
1 45 25
1 45 29
1 45 30
1 45 33
1 45 38
1 45 39
1 45 40
1 45 41
1 45 43
1 45 45
1 45 50
1 45 54
1 45 58
1 45 59
1 45 60
1 46 0
1 46 8
1 46 14
1 46 20
1 46 28
1 46 32
1 46 33
1 46 34
1 46 38
1 46 39
1 46 40
1 46 42
1 46 48
1 46 50
1 46 54
1 46 58
1 47 2
1 47 20
1 47 26
1 47 29
1 47 32
1 47 33
1 47 34
1 47 37
1 47 41
1 47 50
1 47 53
1 47 57
1 47 58
1 47 60
1 48 1
1 48 28
1 48 33
1 48 36
1 48 38
1 48 49
1 48 56
1 48 57
1 48 58
1 49 3
1 49 14
1 49 23
1 49 26
1 49 34
1 49 35
1 49 37
1 49 42
1 49 43
1 49 46
1 49 47
1 49 48
1 49 51
1 49 56
1 49 59
1 50 7
1 50 12
1 50 14
1 50 15
1 50 18
1 50 31
1 50 32
1 50 37
1 50 46
1 50 49
1 50 58
1 50 59
1 51 1
1 51 8
1 51 15
1 51 19
1 51 22
1 51 28
1 51 37
1 51 40
1 51 42
1 51 44
1 51 46
1 51 48
1 51 49
1 51 54
1 51 55
1 51 57
1 51 58
1 51 60
1 51 61
1 52 6
1 52 9
1 52 15
1 52 30
1 52 31
1 52 38
1 52 43
1 52 48
1 52 52
1 52 56
1 52 57
1 53 6
1 53 8
1 53 20
1 53 23
1 53 24
1 53 30
1 53 31
1 53 34
1 53 36
1 53 45
1 53 46
1 53 47
1 53 50
1 53 52
1 53 57
1 53 61
1 54 1
1 54 7
1 54 19
1 54 23
1 54 25
1 54 30
1 54 33
1 54 37
1 54 39
1 54 43
1 54 44
1 54 47
1 54 48
1 54 51
1 54 54
1 54 56
1 54 57
1 54 59
1 54 60
1 55 15
1 55 18
1 55 20
1 55 24
1 55 28
1 55 31
1 55 34
1 55 38
1 55 39
1 55 42
1 55 51
1 55 55
1 55 57
1 55 58
1 55 60
1 56 2
1 56 4
1 56 12
1 56 19
1 56 28
1 56 29
1 56 30
1 56 31
1 56 32
1 56 33
1 56 38
1 56 43
1 56 46
1 56 52
1 56 53
1 56 60
1 56 61
1 57 2
1 57 3
1 57 12
1 57 23
1 57 27
1 57 30
1 57 35
1 57 36
1 57 42
1 57 43
1 57 45
1 57 48
1 57 57
1 57 58
1 57 59
1 58 3
1 58 18
1 58 19
1 58 20
1 58 27
1 58 29
1 58 34
1 58 36
1 58 37
1 58 43
1 58 44
1 58 45
1 58 46
1 58 48
1 58 56
1 58 58
1 58 59
1 58 60
1 59 5
1 59 29
1 59 45
1 59 48
1 59 53
1 59 58
1 60 4
1 60 14
1 60 20
1 60 26
1 60 28
1 60 30
1 60 42
1 60 44
1 60 45
1 60 53
1 60 54
1 61 2
1 61 9
1 61 16
1 61 22
1 61 31
1 61 39
1 61 41
1 61 43
1 61 45
1 61 47
1 61 48
1 61 50
1 61 53
1 61 56
1 61 57
1 61 58
1 61 59
1 61 61