4038
6
34 35 34 35 34 35
1024

0 0 929 378 0 0 132 516 417 160 0 0 0 0 0 611 0 20 22 0 0 0 50 0 83 86 57 20 24 24 0 62 0 1
0 725 0 0 8 585 0 0 0 0 148 595 0 48 0 0 942 602 0 93 0 0 19 0 0 0 0 54 0 0 0 0 0 82 0
0 0 0 0 554 446 478 0 509 0 0 489 465 0 841 0 0 0 35 0 94 0 67 0 0 0 0 0 67 0 62 93 0 0
945 146 0 794 912 0 748 88 162 0 0 8 0 0 62 594 307 0 20 0 35 30 0 0 0 54 9 0 0 0 0 71 4 0 80
790 845 439 640 200 312 0 0 0 0 394 0 892 0 0 710 0 32 0 54 0 0 63 0 0 55 0 0 0 0 0 43 0 20
0 0 0 443 745 0 0 825 326 430 868 0 0 49 0 0 0 887 23 0 52 28 33 0 0 0 0 57 0 0 0 38 0 94 94

0 0 8
0 0 11
0 0 13
0 0 16
0 0 18
0 0 23
0 0 29
0 1 3
0 1 7
0 1 9
0 1 10
0 1 12
0 1 13
0 1 32
0 2 1
0 2 11
0 2 12
0 2 16
0 2 32
0 3 2
0 3 4
0 3 32
0 4 5
0 4 6
0 4 11
0 4 15
0 4 27
0 4 32
0 5 15
0 5 34
0 6 1
0 6 8
0 6 11
0 6 15
0 6 19
0 6 23
0 6 30
0 7 1
0 7 4
0 7 7
0 7 11
0 7 21
0 7 27
0 8 0
0 8 2
0 8 10
0 8 15
0 8 25
0 8 26
0 9 6
0 9 12
0 10 0
0 10 2
0 10 4
0 10 6
0 10 14
0 11 2
0 11 6
0 11 8
0 11 12
0 12 4
0 12 5
0 12 9
0 12 13
0 12 16
0 12 19
0 13 6
0 13 14
0 13 15
0 13 18
0 13 30
0 14 0
0 14 1
0 14 5
0 14 8
0 14 10
0 14 13
0 14 14
0 14 26
0 14 27
0 15 3
0 15 4
0 15 5
0 15 11
0 15 12
0 15 14
0 15 15
0 15 17
0 16 5
0 16 6
0 16 12
0 16 14
0 16 16
0 16 29
0 16 33
0 17 1
0 17 2
0 17 10
0 17 20
0 17 21
0 17 22
0 17 23
0 17 24
0 17 30
0 17 32
0 17 33
0 17 34
0 18 22
0 18 28
0 18 30
0 18 31
0 18 32
0 18 33
0 19 11
0 19 20
0 19 28
0 20 10
0 20 13
0 20 18
0 20 19
0 20 24
0 20 25
0 20 28
0 20 30
0 20 32
0 21 21
0 21 22
0 21 29
0 21 30
0 21 31
0 22 4
0 22 18
0 22 24
0 22 25
0 22 27
0 22 29
0 23 11
0 23 18
0 23 23
0 23 24
0 23 26
0 23 28
0 23 30
0 23 31
0 23 32
0 23 33
0 23 34
0 24 1
0 24 7
0 24 10
0 24 18
0 24 21
0 24 25
0 24 27
0 24 28
0 24 33
0 25 0
0 25 6
0 25 8
0 25 20
0 25 25
0 25 26
0 25 28
0 25 30
0 25 31
0 25 32
0 25 33
0 25 34
0 26 18
0 26 19
0 26 23
0 26 24
0 26 26
0 26 27
0 26 30
0 26 33
0 27 1
0 27 20
0 27 23
0 27 24
0 27 32
0 28 3
0 28 30
0 28 34
0 29 6
0 29 14
0 29 23
0 29 25
0 29 26
0 29 32
0 29 33
0 29 34
0 30 3
0 30 16
0 30 21
0 30 24
0 30 25
0 30 27
0 30 28
0 30 32
0 31 3
0 31 5
0 31 18
0 31 19
0 31 20
0 31 29
0 31 34
0 32 2
0 32 13
0 32 21
0 32 23
0 32 25
0 32 26
0 32 27
0 32 28
0 32 34
0 33 6
0 33 11
0 33 18
0 33 28
0 33 31
1 0 1
1 1 0
1 1 1
1 1 8
1 1 15
1 2 5
1 2 8
1 2 16
1 3 3
1 3 5
1 3 12
1 3 15
1 3 16
1 4 0
1 4 5
1 4 6
1 4 18
1 5 12
1 5 24
1 5 27
1 6 4
1 6 6
1 6 13
1 6 15
1 6 16
1 6 20
1 6 31
1 7 3
1 7 4
1 7 7
1 7 10
1 7 15
1 8 1
1 8 3
1 8 9
1 8 11
1 8 26
1 8 29
1 8 30
1 9 2
1 9 12
1 9 30
1 10 2
1 10 5
1 10 12
1 10 13
1 10 14
1 10 30
1 11 8
1 11 15
1 11 18
1 11 22
1 11 32
1 12 2
1 12 4
1 12 5
1 12 6
1 12 8
1 12 16
1 13 0
1 13 2
1 13 5
1 13 7
1 13 9
1 13 13
1 13 14
1 13 18
1 13 20
1 14 0
1 14 1
1 14 13
1 14 15
1 14 24
1 14 30
1 14 31
1 15 2
1 15 10
1 15 26
1 15 30
1 16 1
1 16 2
1 16 4
1 16 6
1 16 7
1 16 25
1 17 5
1 17 7
1 17 8
1 17 33
1 18 3
1 18 7
1 18 11
1 18 17
1 18 22
1 19 16
1 19 21
1 19 22
1 19 23
1 19 25
1 19 27
1 19 33
1 20 5
1 20 6
1 20 10
1 20 23
1 20 24
1 21 23
1 21 24
1 21 26
1 21 29
1 21 32
1 22 4
1 22 18
1 22 19
1 22 25
1 22 32
1 23 3
1 23 17
1 23 20
1 23 21
1 23 23
1 23 24
1 23 25
1 23 28
1 24 3
1 24 14
1 24 24
1 24 26
1 24 30
1 24 32
1 25 2
1 25 5
1 25 6
1 25 9
1 25 19
1 25 24
1 25 26
1 25 27
1 25 28
1 26 11
1 26 20
1 26 29
1 26 30
1 27 0
1 27 6
1 27 13
1 27 16
1 27 17
1 27 27
1 27 33
1 28 21
1 28 23
1 28 24
1 28 32
1 29 10
1 29 12
1 29 17
1 29 25
1 30 20
1 30 21
1 30 22
1 30 28
1 30 31
1 31 9
1 31 10
1 31 18
1 31 21
1 31 23
1 31 25
1 31 26
1 31 27
1 31 30
1 31 33
1 32 11
1 32 19
1 32 23
1 32 27
1 32 28
1 32 30
1 32 33
1 33 24
1 33 25
1 33 28
1 34 4
1 34 11
1 34 18
1 34 20
1 34 22
1 34 27
1 34 30
2 0 1
2 0 5
2 0 8
2 0 11
2 0 15
2 1 4
2 1 5
2 1 10
2 1 16
2 1 24
2 2 1
2 2 2
2 2 12
2 2 17
2 3 5
2 3 22
2 4 3
2 4 8
2 4 10
2 4 23
2 4 25
2 4 26
2 5 1
2 5 6
2 5 14
2 5 18
2 5 25
2 5 27
2 5 28
2 5 34
2 6 0
2 6 2
2 6 6
2 6 7
2 6 11
2 6 19
2 7 4
2 7 5
2 7 8
2 7 14
2 7 24
2 7 26
2 7 34
2 8 0
2 8 5
2 8 11
2 8 18
2 9 4
2 9 7
2 9 10
2 9 11
2 9 18
2 9 23
2 9 29
2 10 4
2 10 9
2 10 10
2 11 5
2 11 6
2 11 8
2 11 12
2 11 13
2 11 26
2 12 2
2 12 3
2 12 6
2 12 7
2 12 8
2 12 23
2 12 31
2 13 4
2 13 8
2 13 11
2 13 12
2 13 14
2 13 22
2 13 25
2 14 1
2 14 2
2 14 11
2 14 23
2 14 26
2 15 6
2 15 8
2 15 12
2 15 21
2 16 0
2 16 3
2 16 8
2 16 12
2 16 17
2 16 28
2 17 12
2 17 19
2 17 24
2 17 31
2 17 32
2 18 4
2 18 19
2 18 23
2 18 24
2 18 25
2 18 27
2 18 29
2 18 30
2 19 19
2 19 20
2 19 22
2 19 23
2 19 28
2 19 29
2 19 33
2 20 3
2 20 7
2 20 14
2 20 21
2 20 23
2 20 28
2 20 32
2 21 2
2 21 4
2 21 8
2 21 10
2 21 19
2 21 21
2 21 22
2 21 25
2 21 27
2 21 30
2 21 32
2 21 33
2 22 20
2 22 21
2 22 22
2 22 23
2 22 26
2 22 29
2 22 31
2 23 3
2 23 19
2 23 20
2 23 23
2 23 26
2 23 29
2 23 31
2 23 33
2 23 34
2 24 22
2 24 24
2 24 28
2 24 29
2 24 33
2 25 20
2 25 27
2 25 28
2 25 31
2 26 6
2 26 23
2 26 26
2 26 30
2 26 33
2 27 7
2 27 19
2 27 22
2 27 23
2 27 33
2 28 5
2 28 15
2 28 21
2 28 26
2 28 27
2 28 29
2 28 30
2 28 31
2 29 1
2 29 11
2 29 19
2 29 25
2 29 27
2 29 29
2 30 8
2 30 27
2 30 30
2 30 31
2 31 15
2 31 21
2 31 26
2 31 27
2 32 6
2 32 27
2 32 33
2 33 4
2 33 8
2 33 15
2 33 25
2 33 26
2 33 27
3 0 14
3 0 16
3 1 2
3 1 7
3 1 15
3 1 21
3 1 23
3 2 0
3 2 2
3 2 3
3 2 8
3 2 10
3 2 15
3 2 16
3 2 19
3 3 3
3 3 5
3 3 6
3 3 7
3 3 8
3 3 12
3 3 15
3 3 16
3 3 28
3 4 4
3 4 6
3 4 24
3 4 31
3 5 0
3 5 1
3 5 5
3 5 9
3 5 10
3 5 15
3 5 29
3 5 33
3 6 0
3 6 4
3 6 5
3 6 10
3 6 11
3 6 28
3 7 4
3 7 9
3 7 12
3 7 14
3 7 15
3 7 16
3 7 23
3 7 31
3 8 0
3 8 2
3 8 23
3 8 30
3 9 3
3 9 6
3 9 7
3 9 14
3 9 28
3 10 4
3 10 7
3 10 8
3 10 11
3 10 12
3 10 15
3 10 16
3 10 17
3 10 19
3 10 25
3 11 0
3 11 2
3 11 3
3 11 7
3 11 17
3 12 1
3 12 6
3 12 7
3 12 8
3 12 12
3 13 5
3 13 10
3 13 11
3 13 27
3 14 1
3 14 4
3 14 6
3 14 12
3 14 14
3 14 22
3 15 11
3 15 13
3 15 19
3 15 20
3 15 31
3 16 4
3 16 7
3 16 14
3 16 21
3 16 32
3 17 1
3 17 2
3 17 3
3 17 5
3 17 8
3 17 16
3 17 19
3 18 13
3 18 22
3 18 31
3 18 33
3 19 2
3 19 17
3 19 24
3 19 25
3 19 26
3 19 27
3 19 28
3 20 2
3 20 5
3 20 18
3 20 19
3 20 25
3 21 8
3 21 13
3 21 21
3 21 25
3 21 30
3 21 32
3 22 1
3 22 8
3 22 15
3 22 23
3 22 29
3 22 30
3 22 32
3 23 8
3 23 17
3 23 22
3 23 24
3 23 26
3 23 30
3 24 16
3 24 19
3 24 25
3 24 32
3 25 5
3 25 19
3 25 20
3 25 22
3 25 27
3 25 31
3 26 19
3 26 23
3 26 25
3 26 33
3 27 21
3 27 22
3 27 29
3 27 30
3 27 33
3 28 0
3 28 17
3 28 20
3 28 24
3 28 27
3 28 31
3 28 32
3 29 21
3 29 22
3 29 23
3 29 25
3 29 27
3 29 28
3 29 30
3 30 2
3 30 20
3 30 24
3 30 28
3 30 29
3 30 31
3 31 7
3 31 18
3 31 24
3 31 27
3 31 28
3 31 31
3 31 33
3 32 4
3 32 25
3 32 32
3 33 19
3 33 26
3 33 29
3 33 31
3 34 15
3 34 17
3 34 20
3 34 22
3 34 27
3 34 28
4 0 4
4 0 6
4 0 8
4 0 28
4 1 6
4 1 8
4 1 12
4 1 15
4 1 17
4 1 22
4 1 28
4 2 2
4 2 5
4 2 6
4 2 14
4 2 19
4 2 27
4 3 1
4 3 4
4 3 12
4 3 13
4 3 18
4 3 26
4 3 33
4 4 9
4 4 11
4 4 13
4 4 14
4 4 16
4 4 17
4 4 18
4 4 19
4 4 22
4 4 23
4 4 24
4 5 3
4 5 4
4 5 7
4 5 11
4 5 22
4 6 1
4 6 2
4 6 3
4 6 5
4 6 8
4 6 9
4 6 12
4 6 15
4 6 25
4 6 26
4 6 32
4 7 1
4 7 9
4 7 10
4 7 13
4 7 17
4 7 30
4 7 34
4 8 0
4 8 5
4 8 6
4 8 8
4 8 14
4 8 32
4 8 34
4 9 3
4 9 4
4 9 5
4 9 8
4 9 13
4 9 17
4 9 27
4 9 33
4 10 5
4 10 7
4 10 8
4 10 23
4 11 9
4 11 10
4 11 14
4 11 19
4 11 32
4 12 3
4 12 6
4 12 10
4 12 15
4 12 16
4 12 22
4 12 28
4 12 34
4 13 2
4 13 5
4 13 6
4 13 31
4 14 2
4 14 4
4 14 5
4 14 7
4 14 15
4 14 16
4 14 19
4 14 26
4 15 0
4 15 4
4 16 0
4 16 12
4 16 16
4 16 19
4 17 3
4 17 14
4 17 18
4 17 28
4 17 29
4 17 31
4 18 2
4 18 5
4 18 10
4 18 12
4 18 24
4 18 25
4 18 26
4 18 34
4 19 2
4 19 11
4 19 20
4 19 21
4 19 22
4 19 23
4 20 18
4 20 20
4 20 26
4 21 7
4 21 13
4 21 23
4 21 27
4 21 28
4 21 29
4 21 33
4 21 34
4 22 0
4 22 2
4 22 4
4 22 5
4 23 8
4 23 10
4 23 12
4 23 18
4 23 19
4 23 21
4 23 31
4 23 32
4 23 34
4 24 3
4 24 4
4 24 10
4 24 20
4 24 21
4 24 24
4 24 26
4 24 27
4 24 32
4 24 33
4 25 0
4 25 4
4 25 14
4 25 16
4 25 20
4 25 26
4 25 29
4 25 32
4 26 14
4 26 15
4 26 19
4 26 20
4 26 24
4 26 26
4 26 34
4 27 1
4 27 10
4 27 16
4 27 19
4 27 22
4 27 24
4 27 26
4 27 34
4 28 1
4 28 18
4 28 20
4 28 24
4 29 13
4 29 19
4 29 25
4 29 26
4 29 28
4 29 32
4 29 34
4 30 1
4 30 18
4 30 22
4 31 25
4 32 12
4 32 19
4 32 21
4 32 24
4 32 27
4 32 29
4 33 3
4 33 13
4 33 20
4 33 25
4 33 26
4 33 30
4 33 31
4 33 32
4 33 33
4 33 34