421
4
24 23 23 23
279

254 202 439 0 407 524 0 0 93 0 1 0 0 0 9 8 86 0 0 21 0 72 4 0
0 144 157 374 0 520 893 0 37 39 0 0 0 0 0 69 20 0 14 0 32 0 42
0 0 0 570 0 219 0 834 13 0 29 0 67 72 0 87 0 0 39 0 25 13 0
0 198 0 0 126 451 0 266 30 0 0 0 55 55 55 0 0 0 67 7 0 45 40

0 0 3
0 0 5
0 0 17
0 1 1
0 1 3
0 1 5
0 1 6
0 2 0
0 2 1
0 2 4
0 2 6
0 3 0
0 3 3
0 3 7
0 4 1
0 4 5
0 4 6
0 5 1
0 5 3
0 5 5
0 5 18
0 6 0
0 6 1
0 6 6
0 6 9
0 7 1
0 7 5
0 7 6
0 7 8
0 7 10
0 7 18
0 8 1
0 8 18
0 9 10
0 9 15
0 10 8
0 10 13
0 10 18
0 10 20
0 11 9
0 11 11
0 11 12
0 11 13
0 11 14
0 11 16
0 12 4
0 12 12
0 12 13
0 13 5
0 13 7
0 13 11
0 13 21
0 15 2
0 15 8
0 16 5
0 16 13
0 16 14
0 16 15
0 17 9
0 17 11
0 17 17
0 17 19
0 18 1
0 18 8
0 18 11
0 18 19
0 19 16
0 19 20
0 20 2
0 20 8
0 20 16
0 20 19
0 20 22
0 21 8
0 21 9
0 21 11
0 21 17
0 21 20
0 22 0
0 22 2
0 22 3
0 22 8
0 22 9
0 23 9
0 23 21
1 0 0
1 0 3
1 0 6
1 0 13
1 0 17
1 0 18
1 0 19
1 1 1
1 1 6
1 1 15
1 1 21
1 2 1
1 2 3
1 2 4
1 2 10
1 2 18
1 2 19
1 3 2
1 3 4
1 3 18
1 4 2
1 4 4
1 4 5
1 4 18
1 5 0
1 5 1
1 5 3
1 5 5
1 5 7
1 5 17
1 5 20
1 5 21
1 6 0
1 6 5
1 6 13
1 7 3
1 7 4
1 7 6
1 7 11
1 7 16
1 7 19
1 8 1
1 8 6
1 8 14
1 8 15
1 8 16
1 8 18
1 8 20
1 9 0
1 9 11
1 9 13
1 9 14
1 9 15
1 9 22
1 10 12
1 10 13
1 10 14
1 11 10
1 11 13
1 11 20
1 12 0
1 12 12
1 12 16
1 13 5
1 13 6
1 13 9
1 13 18
1 14 4
1 14 15
1 15 6
1 15 10
1 15 13
1 15 17
1 16 10
1 16 11
1 17 18
1 17 20
1 17 22
1 18 15
1 18 20
1 19 14
1 19 15
1 19 18
1 19 20
1 20 8
1 20 10
1 20 11
1 20 16
1 21 0
1 21 7
1 21 15
1 21 19
1 22 6
1 22 12
1 22 21
2 0 0
2 0 2
2 0 3
2 0 7
2 0 16
2 1 3
2 1 5
2 1 6
2 1 20
2 2 0
2 2 2
2 2 17
2 3 0
2 3 2
2 3 3
2 3 4
2 3 6
2 3 12
2 4 1
2 4 2
2 4 3
2 4 4
2 4 13
2 4 18
2 4 20
2 5 0
2 5 8
2 6 0
2 6 5
2 6 7
2 6 10
2 6 12
2 6 13
2 7 0
2 7 4
2 7 5
2 7 7
2 7 8
2 7 9
2 7 14
2 8 9
2 8 10
2 8 17
2 8 19
2 9 10
2 9 11
2 9 17
2 10 3
2 10 14
2 10 15
2 10 20
2 10 21
2 11 2
2 11 10
2 11 14
2 11 16
2 12 7
2 12 9
2 12 13
2 12 19
2 12 21
2 13 15
2 13 18
2 14 2
2 14 7
2 14 9
2 14 22
2 15 4
2 15 6
2 15 20
2 16 0
2 16 14
2 16 16
2 16 18
2 17 7
2 17 8
2 17 18
2 17 21
2 18 8
2 18 11
2 18 13
2 18 15
2 18 18
2 18 22
2 19 3
2 19 10
2 19 15
2 19 17
2 19 21
2 20 4
2 20 12
2 20 17
2 20 19
2 20 20
2 21 20
2 21 21
2 22 9
2 22 14
2 22 20