4613
3
47 48 47
840

0 0 0 940 0 490 0 327 0 0 0 531 911 0 255 876 0 0 787 0 1000 28 0 0 58 80 61 0 59 71 97 28 0 90 46 32 65 24 56 12 0 0 0 15 55 0 0
596 114 90 682 549 0 0 590 0 0 778 0 0 188 0 115 0 914 230 522 445 95 0 45 28 92 64 24 98 0 0 0 25 0 99 48 72 0 49 0 22 0 0 0 0 16 0 50
0 0 0 466 0 0 0 76 838 635 798 503 0 606 698 0 659 0 928 15 0 10 0 0 0 0 24 0 0 33 0 0 0 0 63 0 29 72 45 0 72 0 0 0 0 0 2

0 0 0
0 0 1
0 0 8
0 0 9
0 0 10
0 0 15
0 0 16
0 0 23
0 0 25
0 0 44
0 0 47
0 1 0
0 1 1
0 1 5
0 1 6
0 1 8
0 1 10
0 1 20
0 1 28
0 1 36
0 2 0
0 2 2
0 2 5
0 2 6
0 2 14
0 2 15
0 2 16
0 2 35
0 2 44
0 3 1
0 3 5
0 3 6
0 3 9
0 3 10
0 3 11
0 3 20
0 3 21
0 3 23
0 3 24
0 3 32
0 3 38
0 3 44
0 4 0
0 4 9
0 4 11
0 4 16
0 4 18
0 4 19
0 4 20
0 4 33
0 4 34
0 5 2
0 5 6
0 5 11
0 5 13
0 5 14
0 5 17
0 5 18
0 5 20
0 5 22
0 5 31
0 5 33
0 6 1
0 6 9
0 6 10
0 6 15
0 6 16
0 7 1
0 7 7
0 7 11
0 7 19
0 7 20
0 7 21
0 7 26
0 7 27
0 7 29
0 8 3
0 8 7
0 8 8
0 8 9
0 8 10
0 8 11
0 8 17
0 8 21
0 8 24
0 8 43
0 9 16
0 9 19
0 9 20
0 9 22
0 9 30
0 9 43
0 10 2
0 10 4
0 10 6
0 10 7
0 10 9
0 10 11
0 10 12
0 10 15
0 10 17
0 10 20
0 11 14
0 11 15
0 11 34
0 11 37
0 12 2
0 12 7
0 12 11
0 12 18
0 12 27
0 12 28
0 12 39
0 13 0
0 13 8
0 13 11
0 13 27
0 13 32
0 13 42
0 14 1
0 14 7
0 14 8
0 14 10
0 14 11
0 14 20
0 14 29
0 15 0
0 15 4
0 15 7
0 15 9
0 15 13
0 15 15
0 15 16
0 15 20
0 15 25
0 16 1
0 16 2
0 16 5
0 16 11
0 16 16
0 16 35
0 16 43
0 17 0
0 17 1
0 17 2
0 17 6
0 17 8
0 17 13
0 17 14
0 17 19
0 17 35
0 17 40
0 18 2
0 18 4
0 18 7
0 18 9
0 18 10
0 18 12
0 18 13
0 18 14
0 18 15
0 18 26
0 18 38
0 19 0
0 19 2
0 19 3
0 19 5
0 19 15
0 19 16
0 19 18
0 19 20
0 19 24
0 20 4
0 20 11
0 20 13
0 20 27
0 20 31
0 21 0
0 21 4
0 21 5
0 21 28
0 21 34
0 21 37
0 21 38
0 21 41
0 21 42
0 22 3
0 22 5
0 22 16
0 22 28
0 22 29
0 22 33
0 22 35
0 22 36
0 22 38
0 22 42
0 22 43
0 22 45
0 23 1
0 23 4
0 23 28
0 23 36
0 23 40
0 23 45
0 23 46
0 24 1
0 24 22
0 24 25
0 24 26
0 24 30
0 24 31
0 24 32
0 24 40
0 24 42
0 24 45
0 25 0
0 25 8
0 25 28
0 25 30
0 25 37
0 25 38
0 25 41
0 25 43
0 25 45
0 26 1
0 26 9
0 26 23
0 26 24
0 26 26
0 26 27
0 26 28
0 26 31
0 26 39
0 26 42
0 26 44
0 26 45
0 27 10
0 27 21
0 27 26
0 27 31
0 27 40
0 27 45
0 27 46
0 28 29
0 28 30
0 28 31
0 28 34
0 28 38
0 28 39
0 28 40
0 28 43
0 29 1
0 29 2
0 29 4
0 29 9
0 29 13
0 29 20
0 29 25
0 29 26
0 29 34
0 29 35
0 29 43
0 29 46
0 30 8
0 30 11
0 30 18
0 30 24
0 30 25
0 30 26
0 30 31
0 30 32
0 30 36
0 30 39
0 30 40
0 30 41
0 30 44
0 31 0
0 31 22
0 31 23
0 31 25
0 31 26
0 31 33
0 31 37
0 31 39
0 31 40
0 31 47
0 32 0
0 32 1
0 32 5
0 32 19
0 32 21
0 32 37
0 32 43
0 32 45
0 33 8
0 33 22
0 33 27
0 33 29
0 33 34
0 33 36
0 33 38
0 33 40
0 33 41
0 33 43
0 33 45
0 34 4
0 34 17
0 34 22
0 34 28
0 34 30
0 34 31
0 34 32
0 34 36
0 34 45
0 34 46
0 35 3
0 35 26
0 35 29
0 35 34
0 35 36
0 35 38
0 35 39
0 35 40
0 35 44
0 35 47
0 36 21
0 36 23
0 36 25
0 36 26
0 36 27
0 36 28
0 36 32
0 36 34
0 36 35
0 36 38
0 36 42
0 37 29
0 37 31
0 37 33
0 37 37
0 37 38
0 37 40
0 38 34
0 38 36
0 38 37
0 38 43
0 38 44
0 39 1
0 39 2
0 39 19
0 39 21
0 39 26
0 39 37
0 39 39
0 39 40
0 40 12
0 40 21
0 40 43
0 40 46
0 41 0
0 41 2
0 41 3
0 41 10
0 41 23
0 41 25
0 41 26
0 41 28
0 41 31
0 41 32
0 41 33
0 41 38
0 41 40
0 41 45
0 42 11
0 42 21
0 42 25
0 42 32
0 42 37
0 42 39
0 42 40
0 42 41
0 42 45
0 42 46
0 42 47
0 43 10
0 43 11
0 43 20
0 43 22
0 43 26
0 43 31
0 43 33
0 43 34
0 43 40
0 44 21
0 44 23
0 44 25
0 44 27
0 44 30
0 44 32
0 44 36
0 44 43
0 44 47
0 45 25
0 45 26
0 45 27
0 45 37
0 45 40
0 45 41
0 45 43
0 46 9
0 46 15
0 46 22
0 46 24
0 46 31
0 46 32
0 46 36
0 46 44
0 46 47
1 0 5
1 0 9
1 0 11
1 0 12
1 0 13
1 0 24
1 0 27
1 0 46
1 1 7
1 1 9
1 1 10
1 1 12
1 1 16
1 1 17
1 1 23
1 1 27
1 1 29
1 2 4
1 2 6
1 2 7
1 2 8
1 2 9
1 2 11
1 2 15
1 2 19
1 2 23
1 2 34
1 2 38
1 3 0
1 3 4
1 3 7
1 3 9
1 3 10
1 3 12
1 3 14
1 3 15
1 3 16
1 4 3
1 4 9
1 4 10
1 4 11
1 4 12
1 4 16
1 4 28
1 4 29
1 4 31
1 5 0
1 5 6
1 5 9
1 5 13
1 5 14
1 5 29
1 5 32
1 5 42
1 6 2
1 6 5
1 6 6
1 6 7
1 6 12
1 6 13
1 6 14
1 6 15
1 6 19
1 6 21
1 6 29
1 6 45
1 7 0
1 7 7
1 7 12
1 7 13
1 7 19
1 8 2
1 8 4
1 8 8
1 8 9
1 8 10
1 8 11
1 8 13
1 8 18
1 8 19
1 8 23
1 8 41
1 8 46
1 9 2
1 9 11
1 9 13
1 9 17
1 9 20
1 9 31
1 9 33
1 9 36
1 10 1
1 10 2
1 10 4
1 10 5
1 10 8
1 10 11
1 10 15
1 10 18
1 10 19
1 10 20
1 10 21
1 10 28
1 11 1
1 11 4
1 11 5
1 11 8
1 11 9
1 11 13
1 11 21
1 11 31
1 12 1
1 12 3
1 12 4
1 12 6
1 12 13
1 12 14
1 12 27
1 12 45
1 12 46
1 13 1
1 13 4
1 13 7
1 13 9
1 13 12
1 13 14
1 13 20
1 13 30
1 13 43
1 14 0
1 14 2
1 14 3
1 14 4
1 14 9
1 14 10
1 14 12
1 14 15
1 14 18
1 14 29
1 14 30
1 14 37
1 14 42
1 15 1
1 15 3
1 15 4
1 15 6
1 15 9
1 15 11
1 15 12
1 15 15
1 15 18
1 15 20
1 15 24
1 15 27
1 15 32
1 15 38
1 15 46
1 16 7
1 16 19
1 16 27
1 16 34
1 17 1
1 17 8
1 17 13
1 17 14
1 17 17
1 17 28
1 17 42
1 17 43
1 18 3
1 18 9
1 18 11
1 18 14
1 18 15
1 18 16
1 18 29
1 18 31
1 18 33
1 18 34
1 18 35
1 18 36
1 19 0
1 19 6
1 19 12
1 19 14
1 19 17
1 19 18
1 19 21
1 20 1
1 20 5
1 20 7
1 20 10
1 20 11
1 20 12
1 20 14
1 20 26
1 20 36
1 20 46
1 21 10
1 21 23
1 21 25
1 21 28
1 21 29
1 21 42
1 21 44
1 21 45
1 22 8
1 22 21
1 22 24
1 22 25
1 22 35
1 22 37
1 23 11
1 23 15
1 23 23
1 23 24
1 23 28
1 23 30
1 23 33
1 23 40
1 23 41
1 23 43
1 24 25
1 24 28
1 24 43
1 25 23
1 25 24
1 25 25
1 25 29
1 25 31
1 25 33
1 25 38
1 25 39
1 25 44
1 25 46
1 26 10
1 26 21
1 26 27
1 26 33
1 26 37
1 26 42
1 27 2
1 27 5
1 27 15
1 27 22
1 27 25
1 27 29
1 27 34
1 27 42
1 27 44
1 27 46
1 28 7
1 28 21
1 28 22
1 28 25
1 28 32
1 28 37
1 28 46
1 29 9
1 29 21
1 29 23
1 29 28
1 29 38
1 29 40
1 29 42
1 29 44
1 30 20
1 30 21
1 30 22
1 30 25
1 30 27
1 30 30
1 30 31
1 30 39
1 30 41
1 30 42
1 30 43
1 31 17
1 31 19
1 31 22
1 31 23
1 31 25
1 31 33
1 31 41
1 31 43
1 31 45
1 31 46
1 32 4
1 32 6
1 32 13
1 32 25
1 32 39
1 32 44
1 32 45
1 33 8
1 33 27
1 33 31
1 33 39
1 33 46
1 34 18
1 34 23
1 34 26
1 34 33
1 34 39
1 34 44
1 34 45
1 35 2
1 35 3
1 35 22
1 35 23
1 35 28
1 35 30
1 35 32
1 35 41
1 35 42
1 35 43
1 35 45
1 35 46
1 36 0
1 36 1
1 36 12
1 36 17
1 36 19
1 36 20
1 36 27
1 36 28
1 36 30
1 36 34
1 36 35
1 36 37
1 36 38
1 36 44
1 37 10
1 37 12
1 37 17
1 37 25
1 37 27
1 37 30
1 38 10
1 38 23
1 38 27
1 38 30
1 38 31
1 38 39
1 38 41
1 38 44
1 38 46
1 39 2
1 39 22
1 39 23
1 39 33
1 39 35
1 39 39
1 39 42
1 39 43
1 39 44
1 39 46
1 40 14
1 40 22
1 40 32
1 40 33
1 40 38
1 41 16
1 41 18
1 41 21
1 41 27
1 41 37
1 41 40
1 41 46
1 42 20
1 42 21
1 42 26
1 42 29
1 42 33
1 42 35
1 42 36
1 42 43
1 43 12
1 43 20
1 43 22
1 43 24
1 43 25
1 43 28
1 43 30
1 43 35
1 43 39
1 43 40
1 43 41
1 44 2
1 44 21
1 44 34
1 44 37
1 44 38
1 44 41
1 44 44
1 45 8
1 45 28
1 45 30
1 45 33
1 45 44
1 46 13
1 46 15
1 46 19
1 46 24
1 46 25
1 46 28
1 46 29
1 46 31
1 46 35
1 46 39
1 46 40
1 46 43
1 46 45
1 47 1
1 47 8
1 47 18
1 47 21
1 47 22
1 47 37
1 47 38
1 47 39
1 47 41