2247
6
28 28 28 30 29 28
956

604 0 0 0 279 776 0 0 528 0 96 0 92 0 48 0 41 20 76 0 83 81 0 39 93 84 34 0
0 259 0 0 884 961 871 917 340 0 18 0 86 0 0 0 73 96 87 0 0 0 0 41 61 44 0 14
0 0 0 330 0 759 734 788 0 615 83 0 47 63 0 0 0 1 33 0 0 70 0 21 81 0 0 0
0 108 0 705 977 584 0 0 216 0 0 0 1 0 0 92 88 0 0 0 44 13 0 0 0 48 0 92 0 13
613 0 806 0 600 0 181 0 0 605 0 19 0 18 0 0 0 0 0 47 0 0 0 85 88 62 0 79 54
758 640 0 639 0 0 817 0 35 276 12 0 42 69 0 0 0 84 0 28 0 33 0 0 51 62 55 0

0 0 0
0 0 5
0 0 6
0 0 11
0 0 14
0 0 24
0 1 0
0 1 3
0 1 8
0 1 13
0 1 16
0 1 18
0 1 20
0 1 27
0 2 6
0 2 8
0 2 12
0 2 17
0 3 1
0 3 7
0 3 9
0 3 18
0 3 19
0 3 22
0 3 24
0 4 7
0 4 14
0 5 4
0 5 6
0 5 16
0 6 1
0 6 2
0 6 4
0 6 14
0 7 1
0 8 0
0 8 3
0 8 5
0 8 11
0 8 18
0 8 25
0 9 3
0 9 7
0 9 9
0 9 15
0 9 22
0 9 23
0 9 27
0 10 0
0 10 1
0 10 2
0 10 3
0 10 8
0 10 13
0 10 14
0 10 20
0 10 21
0 10 22
0 10 24
0 10 25
0 11 14
0 11 23
0 12 8
0 12 10
0 12 15
0 12 17
0 12 21
0 12 25
0 13 6
0 13 12
0 13 16
0 13 21
0 13 22
0 13 23
0 14 2
0 14 7
0 14 8
0 14 10
0 14 14
0 14 17
0 14 25
0 14 26
0 15 18
0 15 19
0 15 20
0 15 23
0 15 26
0 15 27
0 16 4
0 16 9
0 16 10
0 16 15
0 16 17
0 16 21
0 16 23
0 16 24
0 16 26
0 17 4
0 17 15
0 17 16
0 17 18
0 17 20
0 17 21
0 17 22
0 17 25
0 17 27
0 18 11
0 18 12
0 18 16
0 19 10
0 19 13
0 19 14
0 20 0
0 20 10
0 20 11
0 20 12
0 20 13
0 20 15
0 20 17
0 20 18
0 20 23
0 20 26
0 20 27
0 21 0
0 21 12
0 21 15
0 21 19
0 21 27
0 22 7
0 22 11
0 22 16
0 22 18
0 22 21
0 22 23
0 22 24
0 22 27
0 23 7
0 23 10
0 23 11
0 23 12
0 23 16
0 23 20
0 23 23
0 23 24
0 23 25
0 23 27
0 24 4
0 24 7
0 24 9
0 24 11
0 24 17
0 24 18
0 24 19
0 24 24
0 24 27
0 25 4
0 25 11
0 25 16
0 25 19
0 25 25
0 25 26
0 25 27
0 26 5
0 26 10
0 26 11
0 26 15
0 26 18
0 26 21
0 26 22
0 26 24
0 26 27
0 27 11
0 27 13
0 27 15
0 27 16
0 27 17
0 27 18
0 27 20
0 27 24
0 27 26
1 0 1
1 0 9
1 0 22
1 0 23
1 1 0
1 1 8
1 1 9
1 1 15
1 1 23
1 2 2
1 2 7
1 2 11
1 2 15
1 2 22
1 2 25
1 3 1
1 3 6
1 3 13
1 4 0
1 4 1
1 4 3
1 4 4
1 4 10
1 4 16
1 4 26
1 5 10
1 5 17
1 5 19
1 5 24
1 5 25
1 5 26
1 6 1
1 6 3
1 6 5
1 6 20
1 6 21
1 7 9
1 7 11
1 7 17
1 7 23
1 7 26
1 8 2
1 8 7
1 8 11
1 8 14
1 8 16
1 8 24
1 8 27
1 9 4
1 9 6
1 9 10
1 9 13
1 9 15
1 9 26
1 10 3
1 10 8
1 10 10
1 10 14
1 10 15
1 10 18
1 10 19
1 10 20
1 10 24
1 11 7
1 11 9
1 11 13
1 11 15
1 11 16
1 11 17
1 11 19
1 11 20
1 11 27
1 12 0
1 12 1
1 12 8
1 12 14
1 12 22
1 13 0
1 13 10
1 13 12
1 13 14
1 13 15
1 13 18
1 13 20
1 13 24
1 14 1
1 14 12
1 14 13
1 14 14
1 14 18
1 14 19
1 14 21
1 14 26
1 15 2
1 15 13
1 15 15
1 15 16
1 15 17
1 15 25
1 16 4
1 16 11
1 16 14
1 16 20
1 16 25
1 17 11
1 17 15
1 17 17
1 17 22
1 18 7
1 18 26
1 19 4
1 19 10
1 19 11
1 19 12
1 19 14
1 19 16
1 20 12
1 20 13
1 20 22
1 20 24
1 21 2
1 21 7
1 21 8
1 21 10
1 21 12
1 21 15
1 21 17
1 21 18
1 21 22
1 21 27
1 22 3
1 22 9
1 22 10
1 22 19
1 22 25
1 22 27
1 23 0
1 23 11
1 23 13
1 23 14
1 23 15
1 23 20
1 23 24
1 23 27
1 24 3
1 24 10
1 24 12
1 24 21
1 24 22
1 24 27
1 25 2
1 25 6
1 25 10
1 25 11
1 25 12
1 25 13
1 25 19
1 25 22
1 26 3
1 26 5
1 26 9
1 26 11
1 26 12
1 26 13
1 26 16
1 26 19
1 26 21
1 26 22
1 26 23
1 27 7
1 27 10
1 27 11
1 27 14
1 27 20
1 27 21
1 27 23
1 27 24
1 27 26
2 0 0
2 0 7
2 0 9
2 0 16
2 0 17
2 0 25
2 0 27
2 0 29
2 1 3
2 1 12
2 1 13
2 1 25
2 1 26
2 1 27
2 1 28
2 2 4
2 2 7
2 2 8
2 2 10
2 2 14
2 2 18
2 3 0
2 3 2
2 3 4
2 3 5
2 3 10
2 3 16
2 3 20
2 4 6
2 4 12
2 4 15
2 4 20
2 4 25
2 4 27
2 5 6
2 5 8
2 5 25
2 5 26
2 5 28
2 6 0
2 6 6
2 6 20
2 6 22
2 7 1
2 7 3
2 7 9
2 7 12
2 7 15
2 7 17
2 7 21
2 8 16
2 8 25
2 8 27
2 9 5
2 9 9
2 9 16
2 9 20
2 9 23
2 9 24
2 9 26
2 9 29
2 10 8
2 10 9
2 10 10
2 10 11
2 10 14
2 10 15
2 10 18
2 10 19
2 10 20
2 10 23
2 10 26
2 11 0
2 11 2
2 11 3
2 11 5
2 11 10
2 11 21
2 11 22
2 11 25
2 12 4
2 12 9
2 12 12
2 12 13
2 12 19
2 12 20
2 12 21
2 12 22
2 12 25
2 12 26
2 13 3
2 13 4
2 13 12
2 13 13
2 13 16
2 13 19
2 13 20
2 13 21
2 13 24
2 13 25
2 13 26
2 13 27
2 14 1
2 14 11
2 14 14
2 14 15
2 14 16
2 14 18
2 14 23
2 14 25
2 14 27
2 14 28
2 14 29
2 15 3
2 15 11
2 15 12
2 15 16
2 15 17
2 15 20
2 15 21
2 15 24
2 15 26
2 15 28
2 16 6
2 16 7
2 16 11
2 16 24
2 16 26
2 16 28
2 16 29
2 17 0
2 17 1
2 17 6
2 17 7
2 17 11
2 17 16
2 17 23
2 18 9
2 18 11
2 18 13
2 18 14
2 18 15
2 18 17
2 18 21
2 18 23
2 18 25
2 18 26
2 18 29
2 19 2
2 19 11
2 19 17
2 19 18
2 19 19
2 19 20
2 19 22
2 19 23
2 19 24
2 19 25
2 19 26
2 20 3
2 20 12
2 20 15
2 20 16
2 20 17
2 20 21
2 20 25
2 20 29
2 21 4
2 21 10
2 21 11
2 21 12
2 21 13
2 21 14
2 21 21
2 21 22
2 21 24
2 21 26
2 21 28
2 22 10
2 22 11
2 22 13
2 22 14
2 22 16
2 22 20
2 22 21
2 22 22
2 22 26
2 23 15
2 23 17
2 23 21
2 23 24
2 23 25
2 23 28
2 24 1
2 24 13
2 24 14
2 24 15
2 24 16
2 24 18
2 24 22
2 24 24
2 24 27
2 24 28
2 25 9
2 25 10
2 25 13
2 25 15
2 25 20
2 25 22
2 25 23
2 25 24
2 25 27
2 25 28
2 26 0
2 26 1
2 26 10
2 26 12
2 26 16
2 26 19
2 26 22
2 26 23
2 26 25
2 27 12
2 27 13
2 27 15
2 27 18
2 27 19
2 27 25
3 0 4
3 0 6
3 0 8
3 0 14
3 0 17
3 0 18
3 0 28
3 1 0
3 1 2
3 1 9
3 1 17
3 2 3
3 2 15
3 2 17
3 2 18
3 3 3
3 3 8
3 3 18
3 4 13
3 5 1
3 5 2
3 5 5
3 6 0
3 6 3
3 6 4
3 6 6
3 6 7
3 6 14
3 6 15
3 6 16
3 6 20
3 7 5
3 7 7
3 8 1
3 8 8
3 9 3
3 9 11
3 10 5
3 10 10
3 10 14
3 10 16
3 10 21
3 10 23
3 10 26
3 10 27
3 11 2
3 11 12
3 11 16
3 11 17
3 11 18
3 11 19
3 11 22
3 11 25
3 11 26
3 12 4
3 12 7
3 12 12
3 12 13
3 12 19
3 12 20
3 12 22
3 12 24
3 13 3
3 13 14
3 13 15
3 13 18
3 13 21
3 13 27
3 13 28
3 14 18
3 14 19
3 14 22
3 14 23
3 14 25
3 14 28
3 15 9
3 15 10
3 15 11
3 15 12
3 15 13
3 15 14
3 15 20
3 15 25
3 15 26
3 15 28
3 16 18
3 16 19
3 16 24
3 17 14
3 17 19
3 17 21
3 17 27
3 18 10
3 18 19
3 18 22
3 18 23
3 19 6
3 19 13
3 19 20
3 19 23
3 19 24
3 19 25
3 20 4
3 20 13
3 20 26
3 20 27
3 21 6
3 21 7
3 21 14
3 21 17
3 21 21
3 21 22
3 21 24
3 21 26
3 22 1
3 22 13
3 22 16
3 22 19
3 22 20
3 22 21
3 22 23
3 22 24
3 23 3
3 23 6
3 23 7
3 23 12
3 23 13
3 23 15
3 23 17
3 23 18
3 23 19
3 23 24
3 23 25
3 23 26
3 23 27
3 24 3
3 24 8
3 24 9
3 24 15
3 24 26
3 24 28
3 25 1
3 25 2
3 25 16
3 25 23
3 25 24
3 25 26
3 25 28
3 26 6
3 26 14
3 26 24
3 27 15
3 27 16
3 27 27
3 27 28
3 28 6
3 28 8
3 28 10
3 28 12
3 28 15
3 28 16
3 28 20
3 28 21
3 28 23
3 28 27
3 28 28
3 29 5
3 29 8
3 29 11
3 29 12
3 29 15
3 29 16
3 29 19
3 29 20
3 29 21
3 29 25
4 0 6
4 0 10
4 0 18
4 0 22
4 1 2
4 1 7
4 1 8
4 1 16
4 1 20
4 1 25
4 2 2
4 2 17
4 2 25
4 2 26
4 3 4
4 3 8
4 3 13
4 3 17
4 4 1
4 4 2
4 4 5
4 4 8
4 4 12
4 4 16
4 4 21
4 4 27
4 5 1
4 5 2
4 5 5
4 5 8
4 5 11
4 5 24
4 6 1
4 6 2
4 7 0
4 7 3
4 7 5
4 7 8
4 7 10
4 7 15
4 7 19
4 7 21
4 8 4
4 8 7
4 8 12
4 8 15
4 8 17
4 8 21
4 8 23
4 9 1
4 9 6
4 9 8
4 9 10
4 9 18
4 10 1
4 10 4
4 10 5
4 10 10
4 10 11
4 10 13
4 10 17
4 10 20
4 10 22
4 10 24
4 11 5
4 11 9
4 11 13
4 11 15
4 11 16
4 11 17
4 11 18
4 11 23
4 11 24
4 11 25
4 11 26
4 11 27
4 12 7
4 12 16
4 12 17
4 12 26
4 12 27
4 13 1
4 13 10
4 13 11
4 13 15
4 13 16
4 13 19
4 13 21
4 13 22
4 14 8
4 14 10
4 14 12
4 14 13
4 14 14
4 14 20
4 14 22
4 14 25
4 14 26
4 14 27
4 15 1
4 15 3
4 15 17
4 15 18
4 15 19
4 15 27
4 16 6
4 16 7
4 16 12
4 16 20
4 16 22
4 16 25
4 16 26
4 16 27
4 17 14
4 17 17
4 17 19
4 17 20
4 17 23
4 17 26
4 18 7
4 18 15
4 18 20
4 18 24
4 18 25
4 18 26
4 19 6
4 19 11
4 19 17
4 19 24
4 19 26
4 20 5
4 20 6
4 20 11
4 20 16
4 20 17
4 20 18
4 20 20
4 20 24
4 20 26
4 20 27
4 21 16
4 21 18
4 21 23
4 21 24
4 21 26
4 22 1
4 22 2
4 22 8
4 22 13
4 22 14
4 22 18
4 22 21
4 22 22
4 22 24
4 22 26
4 23 7
4 23 12
4 23 15
4 23 17
4 24 1
4 24 13
4 24 19
4 24 20
4 24 24
4 25 4
4 25 13
4 25 14
4 25 20
4 25 24
4 25 26
4 25 27
4 26 6
4 26 8
4 26 10
4 26 12
4 26 13
4 26 17
4 26 22
4 26 23
4 26 24
4 26 25
4 27 10
4 27 12
4 27 18
4 27 21
4 27 22
4 27 26
4 28 11
4 28 12
4 28 13
4 28 18
4 28 21
4 28 24
4 28 26