4405
6
21 24 21 21 21 21
435

0 0 0 0 0 83 0 652 0 547 25 100 65 76 0 90 79 59 0 58 79
587 36 0 556 902 0 0 0 0 804 0 15 0 0 13 53 0 0 0 54 94 34 0 93
0 0 0 0 0 618 0 974 0 0 38 0 0 39 33 0 0 90 0 15 20
0 113 0 0 0 425 831 0 0 745 0 0 61 0 0 67 0 0 25 76 0
0 0 0 0 9 0 62 141 0 819 56 11 0 66 0 0 65 0 15 0 0
0 399 0 113 0 0 0 335 849 0 98 0 53 0 0 6 0 47 74 78 0

0 0 2
0 0 7
0 0 8
0 0 10
0 1 0
0 1 2
0 1 12
0 2 1
0 2 4
0 2 5
0 2 14
0 2 20
0 3 0
0 3 1
0 3 5
0 3 6
0 3 7
0 3 8
0 3 10
0 3 16
0 3 22
0 4 6
0 4 9
0 5 0
0 5 6
0 5 21
0 6 3
0 6 9
0 6 12
0 6 15
0 6 21
0 7 3
0 7 6
0 7 7
0 7 10
0 7 15
0 7 20
0 8 0
0 8 1
0 8 4
0 8 5
0 8 8
0 8 9
0 8 10
0 8 14
0 9 2
0 9 3
0 9 4
0 9 9
0 10 1
0 10 9
0 10 10
0 10 16
0 10 20
0 10 22
0 11 0
0 11 11
0 11 12
0 11 18
0 11 22
0 12 1
0 12 6
0 12 12
0 12 14
0 12 16
0 12 17
0 12 19
0 12 21
0 13 13
0 13 14
0 13 18
0 13 20
0 13 22
0 14 0
0 14 8
0 14 10
0 14 12
0 14 14
0 14 16
0 14 20
0 14 23
0 15 6
0 15 7
0 15 11
0 15 12
0 15 13
0 15 17
0 15 18
0 15 19
0 15 20
0 15 23
0 16 11
0 16 12
0 16 14
0 16 21
0 17 0
0 17 8
0 17 12
0 17 14
0 17 19
0 17 20
0 17 21
0 17 22
0 18 14
0 18 17
0 19 1
0 19 9
0 19 12
0 19 13
0 19 15
0 19 19
0 19 20
0 20 2
0 20 4
0 20 8
0 20 14
0 20 17
0 20 18
1 0 0
1 0 7
1 0 12
1 1 3
1 1 9
1 1 12
1 2 0
1 2 2
1 2 5
1 2 6
1 2 20
1 3 3
1 4 0
1 4 3
1 4 7
1 4 8
1 4 19
1 5 0
1 5 1
1 5 5
1 5 6
1 5 7
1 5 17
1 6 1
1 7 0
1 7 2
1 7 8
1 8 0
1 8 1
1 9 1
1 9 3
1 9 4
1 10 0
1 10 2
1 10 4
1 10 6
1 10 9
1 10 10
1 10 18
1 10 19
1 11 15
1 11 16
1 11 20
1 12 4
1 12 11
1 12 13
1 12 14
1 13 0
1 13 5
1 13 6
1 13 11
1 13 13
1 13 18
1 13 19
1 14 3
1 14 7
1 14 12
1 14 16
1 14 17
1 15 10
1 15 15
1 15 17
1 15 18
1 15 20
1 16 5
1 16 7
1 16 9
1 16 15
1 17 7
1 17 8
1 17 10
1 17 14
1 17 15
1 17 18
1 17 19
1 18 9
1 18 11
1 18 15
1 18 16
1 19 6
1 19 9
1 19 10
1 19 17
1 19 18
1 19 19
1 20 14
1 20 19
1 21 4
1 21 10
1 21 13
1 21 15
1 22 8
1 22 10
1 22 14
1 22 15
1 22 17
1 23 17
2 0 1
2 0 3
2 0 8
2 0 10
2 1 0
2 1 2
2 1 9
2 2 0
2 2 1
2 2 2
2 2 5
2 2 7
2 2 8
2 2 10
2 3 1
2 3 6
2 3 7
2 4 0
2 4 2
2 4 3
2 4 4
2 4 19
2 5 0
2 5 6
2 5 7
2 6 0
2 6 3
2 6 4
2 6 7
2 6 9
2 7 6
2 7 12
2 8 0
2 8 3
2 8 8
2 8 15
2 9 4
2 9 5
2 9 7
2 9 9
2 10 10
2 10 11
2 10 14
2 10 17
2 10 18
2 11 2
2 11 15
2 11 16
2 12 5
2 12 13
2 12 19
2 12 20
2 13 5
2 13 9
2 13 13
2 13 15
2 13 17
2 14 20
2 15 0
2 15 13
2 15 17
2 15 18
2 16 8
2 16 11
2 17 9
2 17 10
2 17 16
2 17 18
2 18 12
2 18 14
2 18 16
2 18 20
2 19 9
2 19 14
2 19 16
2 19 19
2 20 0
2 20 1
2 20 5
2 20 10
2 20 14
3 0 1
3 0 2
3 0 4
3 0 5
3 1 6
3 1 7
3 1 14
3 2 5
3 3 2
3 3 10
3 3 20
3 4 0
3 4 7
3 4 9
3 5 0
3 5 19
3 6 8
3 7 1
3 7 2
3 7 6
3 7 7
3 7 9
3 7 16
3 8 2
3 8 3
3 8 4
3 8 8
3 8 9
3 8 18
3 9 0
3 9 4
3 9 5
3 9 7
3 9 15
3 9 20
3 10 7
3 10 10
3 10 11
3 10 12
3 10 14
3 10 20
3 11 14
3 11 15
3 11 16
3 11 17
3 11 20
3 12 3
3 12 4
3 12 13
3 12 16
3 12 17
3 12 18
3 13 4
3 13 16
3 13 17
3 13 18
3 14 10
3 14 17
3 15 1
3 15 19
3 16 19
3 17 1
3 17 4
3 17 7
3 17 9
3 18 15
3 18 18
3 19 0
3 19 19
3 20 12
3 20 19
3 20 20
4 0 8
4 1 0
4 1 3
4 1 4
4 1 6
4 1 8
4 2 4
4 2 16
4 3 0
4 3 4
4 3 5
4 3 8
4 3 9
4 4 2
4 4 6
4 4 8
4 4 13
4 5 4
4 5 8
4 5 19
4 6 3
4 6 4
4 6 6
4 6 9
4 7 2
4 7 5
4 7 6
4 7 9
4 8 2
4 8 4
4 8 8
4 8 9
4 8 15
4 8 16
4 9 5
4 10 13
4 10 14
4 10 15
4 11 16
4 11 18
4 11 19
4 12 7
4 12 12
4 12 14
4 12 18
4 13 12
4 13 14
4 13 18
4 13 19
4 14 10
4 14 14
4 14 18
4 15 12
4 15 14
4 15 16
4 16 12
4 16 18
4 17 14
4 17 17
4 18 0
4 19 4
4 19 8
4 19 16
4 20 0
4 20 7
4 20 15
4 20 18