702
8
13 13 13 13 13 14 13 13
211

0 0 822 154 0 0 0 33 97 57 0 0 85
679 0 0 867 43 0 0 0 50 68 91 0 18
276 257 446 902 0 0 13 0 0 74 0 37 6
889 225 0 453 0 21 86 0 89 0 76 46 94
0 567 0 0 0 49 93 97 29 24 99 19 41
409 322 839 0 41 59 47 0 99 26 83 0 37 0
384 915 869 822 0 92 0 0 0 59 0 0 61
446 78 0 0 0 33 29 84 0 0 29 14 13

0 0 0
0 0 1
0 0 4
0 1 7
0 2 0
0 2 2
0 2 3
0 2 12
0 4 4
0 4 11
0 5 10
0 6 10
0 6 11
0 7 4
0 7 7
0 7 10
0 8 4
0 8 7
0 8 9
0 8 11
0 9 4
0 9 5
0 9 8
0 9 10
0 9 11
0 10 8
0 10 9
0 10 10
0 10 12
0 11 4
0 11 6
0 11 10
0 12 2
0 12 4
0 12 10
0 12 11
1 1 2
1 1 6
1 1 9
1 1 11
1 2 1
1 2 3
1 2 8
1 3 12
1 4 11
1 5 8
1 7 1
1 7 4
1 8 4
1 8 12
1 9 4
1 9 7
1 10 7
1 10 9
1 10 10
1 10 11
1 10 12
1 11 10
1 11 11
1 12 6
1 12 8
2 0 0
2 4 3
2 5 8
2 5 9
2 5 11
2 5 12
2 6 7
2 6 9
2 7 4
2 7 9
2 7 11
2 8 1
2 8 8
2 8 12
2 9 1
2 9 4
2 9 6
2 9 8
2 9 9
2 9 11
2 10 4
2 10 11
2 11 6
2 11 7
2 11 12
2 12 8
2 12 9
2 12 10
3 1 2
3 2 1
3 2 2
3 3 3
3 3 4
3 4 4
3 5 6
3 6 4
3 6 5
3 7 5
3 8 5
3 9 4
3 9 6
3 9 10
3 10 11
3 11 4
3 11 12
3 12 4
3 12 11
4 1 2
4 2 2
4 3 2
4 3 10
4 4 1
4 4 5
4 4 6
4 4 10
4 5 9
4 5 10
4 5 12
4 6 5
4 7 1
4 7 5
4 7 6
4 7 9
4 7 11
4 8 5
4 8 11
4 9 3
4 9 6
4 9 8
4 9 12
4 10 6
4 10 7
4 10 9
4 10 12
4 12 9
4 12 10
5 0 2
5 0 3
5 1 8
5 2 0
5 2 1
5 3 1
5 4 5
5 4 6
5 4 7
5 4 10
5 4 12
5 5 2
5 5 5
5 5 7
5 5 9
5 5 10
5 5 12
5 6 4
5 6 8
5 7 12
5 8 6
5 8 7
5 8 9
5 8 10
5 9 5
5 9 6
5 9 7
5 9 8
5 9 9
5 9 11
5 10 9
5 10 12
5 11 1
5 11 5
5 11 6
5 12 9
5 12 12
5 13 2
5 13 4
5 13 8
5 13 10
6 0 1
6 1 3
6 2 2
6 2 10
6 3 2
6 3 3
6 3 11
6 4 4
6 4 7
6 4 8
6 4 9
6 5 11
6 6 7
6 6 10
6 7 9
6 8 11
6 8 12
6 9 4
6 9 8
6 9 11
6 9 12
6 10 0
6 10 2
6 10 4
6 10 6
6 10 7
6 11 4
6 11 5
6 11 11
6 12 6
6 12 7
6 12 11
6 12 12