841
4
42 42 42 42
1130

0 0 972 0 0 0 0 24 0 806 0 796 0 979 0 670 738 0 0 632 0 63 0 0 63 37 24 60 0 0 0 0 0 25 45 0 0 85 95 0 50 0
0 0 0 453 389 663 414 306 730 177 946 458 229 810 0 917 182 0 0 0 301 0 0 50 60 72 0 21 0 52 5 0 71 0 71 0 0 42 0 95 27 0
0 701 98 0 727 966 0 0 0 0 0 226 703 0 109 0 0 977 194 0 823 86 0 0 100 0 0 0 47 0 0 49 30 2 0 0 0 80 45 0 0 20
0 0 0 488 283 129 0 85 561 0 0 273 825 536 176 494 0 852 930 23 0 0 0 40 0 0 0 0 44 30 54 82 0 16 58 100 0 0 0 86 0 42

0 0 6
0 0 7
0 0 15
0 0 18
0 0 20
0 0 35
0 0 37
0 1 4
0 1 6
0 1 17
0 1 18
0 1 31
0 1 39
0 2 0
0 2 3
0 2 11
0 2 12
0 2 20
0 3 2
0 3 3
0 3 5
0 3 7
0 3 8
0 3 13
0 3 18
0 3 20
0 3 22
0 3 33
0 3 36
0 3 41
0 4 0
0 4 1
0 4 7
0 4 10
0 4 16
0 4 37
0 5 1
0 5 4
0 5 8
0 5 13
0 5 17
0 5 18
0 5 40
0 6 0
0 6 7
0 6 9
0 6 10
0 6 13
0 6 17
0 6 20
0 6 24
0 6 32
0 6 39
0 6 41
0 7 0
0 7 1
0 7 2
0 7 3
0 7 5
0 7 9
0 7 11
0 7 12
0 7 15
0 7 16
0 7 30
0 7 31
0 7 38
0 7 39
0 8 1
0 8 17
0 8 19
0 8 35
0 9 2
0 9 3
0 9 4
0 9 10
0 9 11
0 9 12
0 9 13
0 9 16
0 9 17
0 9 23
0 9 26
0 9 27
0 9 29
0 9 38
0 10 4
0 10 5
0 10 6
0 10 7
0 10 9
0 10 11
0 10 16
0 10 17
0 10 22
0 10 35
0 11 0
0 11 1
0 11 6
0 11 10
0 11 13
0 11 18
0 11 19
0 11 27
0 11 33
0 12 1
0 12 4
0 12 5
0 12 9
0 12 11
0 12 14
0 12 19
0 12 20
0 12 22
0 12 24
0 12 26
0 12 33
0 12 35
0 13 0
0 13 1
0 13 3
0 13 6
0 13 7
0 13 8
0 13 14
0 14 3
0 14 4
0 14 5
0 14 7
0 14 8
0 14 10
0 14 11
0 14 12
0 14 13
0 14 14
0 14 15
0 14 19
0 14 20
0 14 38
0 15 3
0 15 4
0 15 10
0 15 19
0 15 29
0 15 39
0 16 0
0 16 12
0 16 13
0 16 14
0 16 27
0 16 31
0 16 32
0 17 0
0 17 2
0 17 8
0 17 9
0 17 11
0 17 20
0 17 25
0 17 29
0 17 32
0 17 33
0 18 3
0 18 9
0 18 14
0 18 17
0 18 40
0 19 0
0 19 4
0 19 8
0 19 9
0 19 12
0 19 16
0 19 17
0 19 20
0 19 22
0 19 26
0 19 36
0 20 0
0 20 1
0 20 2
0 20 7
0 20 9
0 20 14
0 20 16
0 20 25
0 20 39
0 21 1
0 21 6
0 21 8
0 21 26
0 21 30
0 21 33
0 21 35
0 21 39
0 22 5
0 22 8
0 22 11
0 22 16
0 22 20
0 22 21
0 22 33
0 22 34
0 23 5
0 23 9
0 23 21
0 23 22
0 23 25
0 23 28
0 23 29
0 23 34
0 24 0
0 24 6
0 24 7
0 24 13
0 24 22
0 24 23
0 24 24
0 24 25
0 24 28
0 24 32
0 24 35
0 24 39
0 24 41
0 25 4
0 25 9
0 25 15
0 25 21
0 25 37
0 25 39
0 26 4
0 26 7
0 26 14
0 26 21
0 26 24
0 26 31
0 26 32
0 26 36
0 27 5
0 27 8
0 27 11
0 27 22
0 27 23
0 27 25
0 27 26
0 27 30
0 27 31
0 27 39
0 28 2
0 28 8
0 28 18
0 28 19
0 28 21
0 28 25
0 28 30
0 28 31
0 28 32
0 28 36
0 28 37
0 29 1
0 29 2
0 29 3
0 29 10
0 29 19
0 29 27
0 29 31
0 29 32
0 29 34
0 30 7
0 30 8
0 30 22
0 30 25
0 30 26
0 30 30
0 30 35
0 30 41
0 31 3
0 31 16
0 31 21
0 31 22
0 31 26
0 31 28
0 31 30
0 31 31
0 31 34
0 31 39
0 31 40
0 32 4
0 32 5
0 32 6
0 32 13
0 32 21
0 32 28
0 32 35
0 32 41
0 33 2
0 33 6
0 33 7
0 33 14
0 33 15
0 33 17
0 33 26
0 33 32
0 33 33
0 33 38
0 33 39
0 34 3
0 34 22
0 34 26
0 34 31
0 34 34
0 34 35
0 34 37
0 34 38
0 35 0
0 35 7
0 35 17
0 35 25
0 35 27
0 35 28
0 35 29
0 35 32
0 35 34
0 36 0
0 36 2
0 36 12
0 36 15
0 36 16
0 36 20
0 36 21
0 36 31
0 36 33
0 36 39
0 37 11
0 37 13
0 37 20
0 37 22
0 37 25
0 37 29
0 37 34
0 37 35
0 37 36
0 37 37
0 38 1
0 38 5
0 38 18
0 38 22
0 38 23
0 38 24
0 38 30
0 38 39
0 39 16
0 39 17
0 39 18
0 39 19
0 39 23
0 39 25
0 39 31
0 39 35
0 39 39
0 39 40
0 39 41
0 40 13
0 40 19
0 40 22
0 40 24
0 40 28
0 40 31
0 40 36
0 41 3
0 41 13
0 41 16
0 41 19
0 41 22
0 41 23
0 41 25
0 41 32
0 41 34
1 0 0
1 0 1
1 0 2
1 0 4
1 0 5
1 0 7
1 0 8
1 0 9
1 0 13
1 0 15
1 0 17
1 0 18
1 0 19
1 0 29
1 0 31
1 0 37
1 1 0
1 1 2
1 1 3
1 1 6
1 1 8
1 1 9
1 1 10
1 1 12
1 1 13
1 1 14
1 1 15
1 1 21
1 1 35
1 1 37
1 1 39
1 2 13
1 2 16
1 2 17
1 2 18
1 2 19
1 2 20
1 2 21
1 2 29
1 2 35
1 3 0
1 3 2
1 3 5
1 3 8
1 3 13
1 3 15
1 3 16
1 3 17
1 3 18
1 3 20
1 3 26
1 3 28
1 3 30
1 3 32
1 3 36
1 3 38
1 4 7
1 4 12
1 4 13
1 4 14
1 4 18
1 4 26
1 4 31
1 4 35
1 4 36
1 5 0
1 5 1
1 5 2
1 5 6
1 5 7
1 5 10
1 5 15
1 5 33
1 5 39
1 6 2
1 6 4
1 6 7
1 6 8
1 6 10
1 6 12
1 6 17
1 6 27
1 6 30
1 6 32
1 7 1
1 7 2
1 7 3
1 7 4
1 7 7
1 7 10
1 7 12
1 7 14
1 7 21
1 7 35
1 7 38
1 8 4
1 8 7
1 8 11
1 8 14
1 8 16
1 8 19
1 8 29
1 8 31
1 8 34
1 9 3
1 9 7
1 9 9
1 9 13
1 9 14
1 9 15
1 9 19
1 9 23
1 9 30
1 9 31
1 9 35
1 10 9
1 10 11
1 10 12
1 10 15
1 10 16
1 10 18
1 10 28
1 10 30
1 10 37
1 11 1
1 11 2
1 11 5
1 11 8
1 11 11
1 11 12
1 11 18
1 11 20
1 11 22
1 12 0
1 12 1
1 12 3
1 12 4
1 12 6
1 12 9
1 12 10
1 12 12
1 12 13
1 12 16
1 12 17
1 12 34
1 13 3
1 13 4
1 13 6
1 13 16
1 13 20
1 13 31
1 13 33
1 14 2
1 14 3
1 14 5
1 14 18
1 14 20
1 14 24
1 14 26
1 14 29
1 14 34
1 14 40
1 15 0
1 15 2
1 15 3
1 15 8
1 15 9
1 15 11
1 15 12
1 15 13
1 15 18
1 15 28
1 15 29
1 15 38
1 15 40
1 16 0
1 16 4
1 16 6
1 16 12
1 16 17
1 16 40
1 17 1
1 17 5
1 17 9
1 17 11
1 17 13
1 17 16
1 17 19
1 17 27
1 17 40
1 18 0
1 18 8
1 18 12
1 18 14
1 18 16
1 18 17
1 18 26
1 18 33
1 18 36
1 19 3
1 19 4
1 19 7
1 19 15
1 19 17
1 19 20
1 19 27
1 19 34
1 19 35
1 19 36
1 19 40
1 20 0
1 20 1
1 20 6
1 20 8
1 20 9
1 20 11
1 20 14
1 20 18
1 21 4
1 21 6
1 21 8
1 21 15
1 21 18
1 21 29
1 21 30
1 21 31
1 21 33
1 22 8
1 22 17
1 22 25
1 22 40
1 23 2
1 23 5
1 23 7
1 23 27
1 23 37
1 23 41
1 24 3
1 24 6
1 24 7
1 24 18
1 24 19
1 24 21
1 24 26
1 24 30
1 24 34
1 24 36
1 24 40
1 25 9
1 25 13
1 25 16
1 25 21
1 25 22
1 25 23
1 25 27
1 25 29
1 25 32
1 25 37
1 25 39
1 25 40
1 26 1
1 26 4
1 26 19
1 26 28
1 26 29
1 26 36
1 26 40
1 27 5
1 27 12
1 27 23
1 27 24
1 27 29
1 27 33
1 27 35
1 27 37
1 28 3
1 28 26
1 28 27
1 28 28
1 28 31
1 28 37
1 28 40
1 28 41
1 29 2
1 29 10
1 29 11
1 29 16
1 29 25
1 29 35
1 29 38
1 30 7
1 30 12
1 30 13
1 30 18
1 30 23
1 30 35
1 30 36
1 30 37
1 30 40
1 30 41
1 31 3
1 31 10
1 31 23
1 31 29
1 31 39
1 32 10
1 32 12
1 32 18
1 32 22
1 32 31
1 33 8
1 33 11
1 33 12
1 33 26
1 33 27
1 33 29
1 33 32
1 33 36
1 34 16
1 34 20
1 34 27
1 34 28
1 34 34
1 34 36
1 34 40
1 35 4
1 35 7
1 35 13
1 35 19
1 35 22
1 35 24
1 35 27
1 36 4
1 36 15
1 36 26
1 36 31
1 36 35
1 36 36
1 36 38
1 37 3
1 37 4
1 37 15
1 37 18
1 37 22
1 37 32
1 37 33
1 37 36
1 38 7
1 38 9
1 38 23
1 38 26
1 38 27
1 38 31
1 38 34
1 38 41
1 39 0
1 39 9
1 39 20
1 39 21
1 39 24
1 39 25
1 39 27
1 39 41
1 40 5
1 40 11
1 40 12
1 40 16
1 40 21
1 40 39
1 41 5
1 41 11
1 41 41
2 0 1
2 0 4
2 0 9
2 0 13
2 0 18
2 0 20
2 0 23
2 0 29
2 0 32
2 0 33
2 1 0
2 1 4
2 1 5
2 1 6
2 1 7
2 1 8
2 1 9
2 1 10
2 1 12
2 1 13
2 1 14
2 1 16
2 1 20
2 1 25
2 1 26
2 1 34
2 1 39
2 2 6
2 2 11
2 2 24
2 2 40
2 3 0
2 3 8
2 3 14
2 3 17
2 3 36
2 3 37
2 4 3
2 4 6
2 4 11
2 4 12
2 4 18
2 4 19
2 4 33
2 5 0
2 5 8
2 5 10
2 5 12
2 5 16
2 5 17
2 5 39
2 6 0
2 6 3
2 6 16
2 6 18
2 6 20
2 6 21
2 6 24
2 6 30
2 7 8
2 7 9
2 7 12
2 7 17
2 7 20
2 7 23
2 7 27
2 7 28
2 7 36
2 7 40
2 8 1
2 8 2
2 8 9
2 8 15
2 8 19
2 8 20
2 8 27
2 8 31
2 9 0
2 9 3
2 9 4
2 9 5
2 9 12
2 9 14
2 9 30
2 10 0
2 10 4
2 10 5
2 10 6
2 10 8
2 10 9
2 10 13
2 10 21
2 11 0
2 11 2
2 11 4
2 11 9
2 11 15
2 11 16
2 11 17
2 11 19
2 11 23
2 11 40
2 12 4
2 12 9
2 12 10
2 12 14
2 12 20
2 12 22
2 12 32
2 12 36
2 12 37
2 12 38
2 13 1
2 13 2
2 13 4
2 13 5
2 13 10
2 13 11
2 13 14
2 13 16
2 13 18
2 13 27
2 13 28
2 13 29
2 13 33
2 13 39
2 14 0
2 14 2
2 14 3
2 14 4
2 14 5
2 14 10
2 14 11
2 14 12
2 14 14
2 14 17
2 14 19
2 14 31
2 14 38
2 15 1
2 15 9
2 15 10
2 15 12
2 15 13
2 15 14
2 15 19
2 15 20
2 15 38
2 15 39
2 15 41
2 16 8
2 16 9
2 16 10
2 16 11
2 16 17
2 16 18
2 16 22
2 16 32
2 16 41
2 17 0
2 17 1
2 17 2
2 17 3
2 17 6
2 17 11
2 17 12
2 17 18
2 17 19
2 17 31
2 18 0
2 18 1
2 18 4
2 18 5
2 18 6
2 18 9
2 18 10
2 18 13
2 18 14
2 18 16
2 18 18
2 18 20
2 18 24
2 19 2
2 19 9
2 19 10
2 19 13
2 19 16
2 19 18
2 19 19
2 19 32
2 19 38
2 20 0
2 20 3
2 20 5
2 20 6
2 20 9
2 20 12
2 20 14
2 20 17
2 20 20
2 20 22
2 20 24
2 20 26
2 20 30
2 21 13
2 21 21
2 21 25
2 21 37
2 21 41
2 22 0
2 22 21
2 22 22
2 22 23
2 22 26
2 22 27
2 22 29
2 22 30
2 22 34
2 22 35
2 22 36
2 22 37
2 22 39
2 22 40
2 23 2
2 23 8
2 23 23
2 23 24
2 23 27
2 23 28
2 23 29
2 23 33
2 23 39
2 23 41
2 24 5
2 24 10
2 24 13
2 24 21
2 24 22
2 24 23
2 24 29
2 24 35
2 24 41
2 25 5
2 25 16
2 25 27
2 25 29
2 25 33
2 25 41
2 26 0
2 26 5
2 26 10
2 26 19
2 26 23
2 26 27
2 26 37
2 27 0
2 27 11
2 27 23
2 27 24
2 27 25
2 27 27
2 27 29
2 27 30
2 27 33
2 27 36
2 27 40
2 28 14
2 28 21
2 28 26
2 28 27
2 28 32
2 28 33
2 28 36
2 29 5
2 29 24
2 29 34
2 30 16
2 30 21
2 30 23
2 30 24
2 30 26
2 30 31
2 30 34
2 30 39
2 31 2
2 31 11
2 31 17
2 31 19
2 31 21
2 31 22
2 31 23
2 31 24
2 31 25
2 31 28
2 31 29
2 31 31
2 31 39
2 32 0
2 32 9
2 32 26
2 32 32
2 32 34
2 32 35
2 32 36
2 32 38
2 32 40
2 33 8
2 33 9
2 33 12
2 33 19
2 33 23
2 33 25
2 33 26
2 34 5
2 34 7
2 34 8
2 34 22
2 34 31
2 34 35
2 34 36
2 34 39
2 35 1
2 35 3
2 35 5
2 35 10
2 35 22
2 35 26
2 35 30
2 35 36
2 36 16
2 36 20
2 36 21
2 36 29
2 36 33
2 36 35
2 36 36
2 37 12
2 37 21
2 37 31
2 37 32
2 37 34
2 37 35
2 37 37
2 38 1
2 38 4
2 38 10
2 38 22
2 38 24
2 38 25
2 38 26
2 38 30
2 38 32
2 38 33
2 38 36
2 38 37
2 38 40
2 39 6
2 39 11
2 39 19
2 39 29
2 39 34
2 39 36
2 39 40
2 40 10
2 40 17
2 40 21
2 40 22
2 40 25
2 40 30
2 40 34
2 40 35
2 41 11
2 41 16
2 41 17
2 41 24
2 41 25
2 41 26
2 41 30
2 41 34
2 41 40