237
6
19 19 20 20 20 19
507

0 0 582 0 13 18 90 0 0 0 89 17 46 25 32 89 0 70 0
313 213 189 0 0 80 2 90 0 0 6 0 0 0 47 0 0 0 23
0 0 359 873 0 0 0 0 11 33 0 66 0 0 0 99 80 0 93 77
248 0 979 0 810 82 0 0 0 57 52 53 0 0 0 0 75 0 0 62
0 885 860 767 786 0 87 99 25 0 6 94 0 79 36 4 0 3 27 98
0 396 357 829 0 4 0 64 36 86 64 41 0 37 87 0 0 72 0

0 1 4
0 1 8
0 2 5
0 2 15
0 3 0
0 3 2
0 3 11
0 3 12
0 3 16
0 4 4
0 4 7
0 4 8
0 4 10
0 4 12
0 4 15
0 4 16
0 4 17
0 5 3
0 5 4
0 5 5
0 5 8
0 5 12
0 5 13
0 5 14
0 5 15
0 6 4
0 6 6
0 6 8
0 6 10
0 6 12
0 6 17
0 7 5
0 7 7
0 7 14
0 8 9
0 8 14
0 9 7
0 9 8
0 9 10
0 9 12
0 9 13
0 9 15
0 9 17
0 10 4
0 10 7
0 10 14
0 10 15
0 10 16
0 11 4
0 11 6
0 11 7
0 11 13
0 11 14
0 11 17
0 12 2
0 12 4
0 12 5
0 12 13
0 12 14
0 12 17
0 12 18
0 13 8
0 13 11
0 13 12
0 14 4
0 14 8
0 14 11
0 14 15
0 14 18
0 15 1
0 15 4
0 15 7
0 15 8
0 15 10
0 15 14
0 15 18
0 16 1
0 16 11
0 17 1
0 17 12
0 17 13
0 17 15
0 17 16
0 17 18
0 18 7
0 18 9
0 18 11
0 18 13
0 18 14
0 18 17
0 18 18
1 0 3
1 0 6
1 0 7
1 0 11
1 0 16
1 0 19
1 1 0
1 1 1
1 1 2
1 1 4
1 1 9
1 2 15
1 3 2
1 3 4
1 3 7
1 3 14
1 3 17
1 4 9
1 4 10
1 4 12
1 4 13
1 4 14
1 4 15
1 4 16
1 5 6
1 5 9
1 5 11
1 5 17
1 5 19
1 6 6
1 6 7
1 6 9
1 6 11
1 6 15
1 6 16
1 6 17
1 6 19
1 7 6
1 7 14
1 7 18
1 8 0
1 8 7
1 8 9
1 8 10
1 8 11
1 8 14
1 8 17
1 9 1
1 9 3
1 9 5
1 9 6
1 9 9
1 9 10
1 9 12
1 9 16
1 9 18
1 10 1
1 10 7
1 10 16
1 11 9
1 11 12
1 11 13
1 11 15
1 11 16
1 12 8
1 12 9
1 12 10
1 12 14
1 13 8
1 13 11
1 13 13
1 13 16
1 14 0
1 14 5
1 14 7
1 14 13
1 15 4
1 15 5
1 15 6
1 15 8
1 15 9
1 15 14
1 15 15
1 15 16
1 16 5
1 16 7
1 16 8
1 16 11
1 16 12
1 16 15
1 16 17
1 16 18
1 16 19
1 17 0
1 17 6
1 17 7
1 17 12
1 17 18
1 17 19
1 18 7
1 18 13
1 18 15
1 18 17
2 0 2
2 0 3
2 0 5
2 0 11
2 1 1
2 1 16
2 1 17
2 1 19
2 2 0
2 2 3
2 2 15
2 3 0
2 3 4
2 3 11
2 4 0
2 4 2
2 4 3
2 5 5
2 5 6
2 5 8
2 6 5
2 6 7
2 6 9
2 6 11
2 6 13
2 6 15
2 7 5
2 7 8
2 7 11
2 7 12
2 7 13
2 8 0
2 8 7
2 8 11
2 8 12
2 8 15
2 8 17
2 8 19
2 9 6
2 9 7
2 9 10
2 9 11
2 9 12
2 9 14
2 9 16
2 9 18
2 10 5
2 10 9
2 10 11
2 10 13
2 10 14
2 11 3
2 11 4
2 11 7
2 11 12
2 11 16
2 12 11
2 12 12
2 12 15
2 12 16
2 12 17
2 12 19
2 13 2
2 13 7
2 13 11
2 13 12
2 13 14
2 13 16
2 13 17
2 14 1
2 14 6
2 14 7
2 14 11
2 14 13
2 14 15
2 14 17
2 14 18
2 15 7
2 15 8
2 15 10
2 15 12
2 15 13
2 16 2
2 16 3
2 16 5
2 16 7
2 16 9
2 16 10
2 16 18
2 17 7
2 17 8
2 17 17
2 18 7
2 18 9
2 18 12
2 18 13
2 18 14
2 18 15
2 19 1
2 19 2
2 19 8
2 19 13
2 19 14
2 19 18
3 0 0
3 0 2
3 0 3
3 0 18
3 1 2
3 1 3
3 1 10
3 1 12
3 2 1
3 2 10
3 3 0
3 3 3
3 3 4
3 3 13
3 3 14
3 3 15
3 3 17
3 3 19
3 4 10
3 4 17
3 5 5
3 5 7
3 5 11
3 5 14
3 5 15
3 5 17
3 5 19
3 6 10
3 6 12
3 6 13
3 7 5
3 7 9
3 7 12
3 7 16
3 7 19
3 8 8
3 8 9
3 8 16
3 8 17
3 8 18
3 8 19
3 9 2
3 9 5
3 9 6
3 9 16
3 9 19
3 10 8
3 10 9
3 10 10
3 10 11
3 10 14
3 10 17
3 11 1
3 11 2
3 11 3
3 11 5
3 11 7
3 11 8
3 11 12
3 11 17
3 11 18
3 12 1
3 12 6
3 12 7
3 12 8
3 12 14
3 13 0
3 13 6
3 13 11
3 13 15
3 13 16
3 13 18
3 13 19
3 14 0
3 14 1
3 14 3
3 14 6
3 14 7
3 14 11
3 14 12
3 14 13
3 14 14
3 14 16
3 14 19
3 15 4
3 15 6
3 15 7
3 15 13
3 15 17
3 15 18
3 15 19
3 16 2
3 16 7
3 16 10
3 16 13
3 16 15
3 16 19
3 17 4
3 17 5
3 17 6
3 17 10
3 17 12
3 17 16
3 18 1
3 18 5
3 18 7
3 18 10
3 18 16
3 19 5
3 19 6
3 19 7
3 19 9
3 19 10
3 19 15
4 0 1
4 0 2
4 0 15
4 1 1
4 1 2
4 1 11
4 1 13
4 2 1
4 2 4
4 2 10
4 3 2
4 3 5
4 3 18
4 4 0
4 4 2
4 4 3
4 4 8
4 4 9
4 4 15
4 5 8
4 5 11
4 5 14
4 5 15
4 5 18
4 6 0
4 6 1
4 6 3
4 6 4
4 6 6
4 6 11
4 6 13
4 6 15
4 6 17
4 6 18
4 7 1
4 7 7
4 7 10
4 8 4
4 8 5
4 8 9
4 8 12
4 8 13
4 8 18
4 9 1
4 9 4
4 9 7
4 9 10
4 9 12
4 9 14
4 10 1
4 10 3
4 10 4
4 10 14
4 11 6
4 11 8
4 11 17
4 11 18
4 12 6
4 12 7
4 12 13
4 12 14
4 13 0
4 13 2
4 13 3
4 13 11
4 13 12
4 13 15
4 13 17
4 14 5
4 14 10
4 14 14
4 14 15
4 15 3
4 15 8
4 15 12
4 15 14
4 15 15
4 15 16
4 16 3
4 16 5
4 16 6
4 16 9
4 16 10
4 16 15
4 16 18
4 17 2
4 17 11
4 18 4
4 18 5
4 18 10
4 18 16
4 19 5
4 19 7
4 19 10
4 19 15