2957
4
26 26 26 28
425

0 0 667 744 0 0 0 0 542 281 31 0 74 0 0 0 0 0 56 0 0 21 0 60 0 63
542 997 793 153 969 0 0 868 386 0 28 38 0 0 0 0 0 67 33 44 26 68 32 79 0 0
974 472 0 0 0 369 0 95 0 0 36 0 0 0 58 0 46 0 0 0 64 28 0 72 0 0
0 0 478 0 675 666 0 877 0 0 29 0 0 0 0 79 0 70 0 73 82 98 93 0 0 0 0 90

0 0 1
0 0 12
0 1 4
0 1 6
0 1 7
0 1 8
0 2 0
0 2 5
0 2 9
0 2 13
0 3 1
0 3 8
0 3 9
0 3 16
0 4 0
0 4 1
0 4 2
0 4 17
0 4 23
0 5 2
0 5 9
0 6 0
0 7 0
0 7 3
0 7 5
0 7 6
0 7 16
0 7 19
0 7 20
0 7 21
0 7 23
0 8 4
0 8 6
0 8 12
0 8 19
0 8 23
0 9 2
0 10 8
0 10 10
0 10 12
0 10 13
0 10 15
0 10 19
0 10 20
0 10 23
0 10 25
0 11 0
0 11 9
0 11 10
0 11 12
0 11 15
0 11 23
0 11 24
0 11 25
0 12 0
0 12 1
0 12 13
0 12 15
0 12 18
0 12 21
0 12 24
0 13 7
0 13 8
0 13 10
0 13 14
0 13 17
0 13 23
0 13 25
0 14 10
0 14 11
0 14 19
0 14 20
0 14 21
0 14 24
0 15 15
0 15 19
0 15 21
0 15 22
0 15 24
0 16 6
0 16 10
0 16 11
0 16 14
0 16 19
0 16 22
0 17 4
0 17 10
0 17 12
0 17 13
0 17 16
0 17 17
0 17 19
0 18 9
0 18 18
0 18 20
0 18 23
0 18 24
0 19 7
0 19 10
0 19 18
0 19 20
0 19 24
0 20 1
0 20 4
0 20 6
0 20 11
0 20 13
0 20 14
0 20 16
0 20 20
0 20 23
0 21 1
0 21 11
0 21 12
0 21 25
0 22 12
0 22 20
0 22 21
0 22 23
0 22 24
0 22 25
0 23 8
0 23 11
0 23 15
0 23 18
0 23 22
0 23 23
0 24 17
0 24 18
0 24 22
0 24 23
0 24 25
0 25 12
0 25 13
0 25 17
0 25 24
1 0 1
1 0 9
1 0 15
1 0 19
1 0 21
1 1 2
1 1 6
1 1 7
1 1 8
1 1 9
1 1 24
1 2 2
1 2 4
1 2 6
1 2 7
1 2 10
1 3 3
1 3 5
1 3 6
1 3 9
1 3 12
1 3 21
1 3 22
1 4 5
1 5 5
1 5 13
1 5 14
1 6 1
1 6 2
1 6 4
1 6 6
1 6 7
1 6 10
1 6 11
1 6 13
1 6 16
1 6 20
1 6 22
1 6 25
1 7 3
1 7 4
1 7 6
1 7 12
1 8 2
1 8 25
1 9 4
1 9 5
1 9 8
1 9 22
1 10 7
1 10 18
1 10 19
1 11 3
1 11 14
1 11 15
1 11 17
1 11 18
1 11 21
1 12 0
1 12 15
1 13 10
1 13 11
1 13 12
1 13 13
1 13 14
1 13 15
1 13 16
1 13 17
1 13 20
1 13 24
1 14 10
1 14 11
1 14 12
1 14 14
1 14 16
1 14 19
1 14 25
1 15 11
1 15 13
1 15 15
1 15 16
1 15 18
1 15 23
1 16 11
1 16 14
1 16 15
1 16 16
1 16 17
1 16 21
1 16 24
1 17 2
1 17 4
1 17 7
1 17 10
1 17 12
1 17 13
1 17 15
1 17 19
1 18 4
1 18 5
1 18 14
1 19 11
1 19 14
1 19 15
1 19 16
1 19 22
1 20 10
1 20 12
1 20 15
1 20 16
1 20 20
1 20 21
1 21 6
1 21 10
1 21 12
1 21 13
1 21 14
1 21 16
1 21 17
1 21 18
1 21 20
1 21 23
1 22 0
1 22 2
1 22 3
1 22 13
1 22 16
1 22 20
1 22 21
1 22 22
1 22 23
1 23 2
1 23 4
1 23 8
1 23 15
1 23 21
1 24 9
1 24 11
1 24 13
1 24 16
1 24 18
1 24 19
1 24 22
1 25 2
1 25 7
1 25 11
1 25 12
1 25 17
1 25 21
1 25 24
1 25 25
2 0 0
2 0 5
2 0 7
2 0 22
2 0 27
2 1 1
2 1 2
2 1 4
2 1 5
2 1 8
2 1 9
2 1 22
2 2 5
2 2 9
2 3 2
2 3 3
2 3 7
2 3 14
2 3 16
2 3 21
2 4 2
2 4 3
2 5 3
2 5 6
2 5 9
2 5 11
2 6 5
2 6 13
2 6 16
2 6 17
2 7 3
2 7 7
2 8 2
2 8 3
2 8 9
2 8 10
2 8 26
2 8 27
2 9 4
2 9 5
2 9 10
2 10 10
2 10 18
2 10 21
2 11 8
2 11 10
2 11 11
2 11 13
2 11 16
2 11 17
2 11 19
2 11 20
2 11 23
2 12 10
2 12 14
2 12 16
2 12 18
2 12 22
2 12 25
2 12 27
2 13 4
2 13 10
2 13 14
2 13 19
2 13 20
2 13 21
2 14 17
2 14 19
2 14 22
2 14 24
2 15 10
2 15 12
2 15 15
2 15 19
2 15 21
2 15 23
2 16 10
2 16 16
2 16 18
2 16 20
2 16 21
2 16 25
2 16 26
2 16 27
2 17 18
2 17 20
2 17 23
2 18 3
2 18 4
2 18 5
2 18 8
2 18 10
2 18 13
2 18 14
2 18 17
2 18 18
2 19 10
2 19 11
2 19 12
2 19 14
2 19 15
2 19 16
2 19 19
2 19 20
2 19 23
2 20 14
2 20 15
2 20 17
2 20 23
2 20 26
2 20 27
2 21 10
2 21 14
2 21 17
2 21 19
2 21 21
2 21 25
2 22 6
2 22 11
2 22 12
2 22 14
2 22 16
2 22 20
2 22 27
2 23 13
2 23 16
2 23 21
2 23 23
2 23 25
2 24 10
2 24 14
2 24 19
2 24 20
2 24 25
2 24 27
2 25 14
2 25 17
2 25 23