1223
5
21 22 21 20 20
381

891 0 0 989 306 0 102 0 0 88 0 0 100 91 48 44 0 74 0 0 0
114 0 183 908 0 0 635 0 0 0 10 44 37 98 0 66 0 12 0 0 5 52
0 674 279 0 0 0 0 0 0 99 32 0 74 11 0 44 0 38 0 0 0
0 0 182 0 0 0 0 61 71 0 74 0 60 0 41 48 0 0 0 0
381 0 557 0 150 0 0 0 0 0 0 22 0 14 0 0 0 46 0 43

0 0 1
0 0 3
0 0 4
0 0 5
0 0 6
0 1 1
0 1 5
0 1 9
0 1 12
0 2 0
0 2 1
0 2 2
0 2 3
0 3 1
0 3 3
0 3 4
0 3 14
0 3 21
0 4 0
0 4 1
0 4 2
0 4 3
0 4 4
0 4 5
0 4 6
0 4 11
0 5 1
0 5 3
0 5 4
0 5 6
0 6 2
0 6 5
0 6 6
0 7 8
0 7 10
0 7 15
0 7 16
0 8 9
0 8 14
0 8 16
0 8 19
0 8 21
0 9 11
0 9 12
0 9 15
0 9 19
0 9 21
0 10 3
0 10 7
0 10 8
0 10 10
0 10 13
0 10 14
0 11 1
0 11 7
0 11 9
0 11 11
0 11 12
0 11 14
0 11 19
0 11 20
0 12 8
0 12 10
0 12 12
0 12 13
0 12 17
0 12 18
0 12 19
0 13 9
0 13 12
0 13 15
0 13 17
0 13 18
0 13 19
0 13 21
0 14 7
0 14 16
0 14 17
0 14 20
0 15 12
0 15 15
0 15 16
0 15 17
0 15 18
0 15 19
0 15 21
0 16 12
0 16 21
0 17 7
0 17 8
0 17 10
0 17 20
0 18 8
0 18 9
0 18 10
0 18 13
0 18 15
0 18 17
0 19 7
0 19 10
0 19 11
0 19 14
0 19 15
0 19 16
0 19 17
0 19 18
0 19 20
0 20 8
0 20 9
0 20 12
0 20 14
0 20 21
1 0 10
1 1 0
1 1 2
1 1 3
1 2 3
1 2 4
1 2 5
1 2 6
1 3 3
1 3 5
1 3 18
1 4 2
1 4 3
1 5 0
1 5 1
1 5 4
1 5 15
1 6 5
1 6 6
1 7 9
1 7 12
1 7 17
1 8 15
1 8 17
1 9 10
1 9 13
1 9 14
1 9 15
1 9 16
1 9 17
1 10 0
1 10 9
1 10 10
1 10 11
1 10 13
1 10 15
1 10 16
1 10 17
1 11 4
1 11 13
1 11 16
1 11 18
1 11 20
1 12 9
1 12 13
1 12 14
1 12 18
1 13 2
1 13 7
1 13 11
1 13 12
1 13 13
1 13 16
1 13 20
1 14 10
1 14 18
1 15 11
1 15 16
1 16 5
1 16 7
1 16 8
1 16 11
1 16 13
1 16 16
1 16 17
1 16 20
1 17 9
1 17 14
1 18 7
1 18 8
1 18 9
1 18 10
1 18 17
1 19 4
1 19 8
1 19 11
1 19 14
1 19 15
1 19 17
1 20 7
1 20 14
1 20 15
1 20 18
1 20 19
1 20 20
1 21 7
1 21 8
1 21 9
1 21 11
1 21 13
1 21 15
1 21 18
2 0 1
2 0 2
2 0 10
2 1 17
2 2 1
2 2 2
2 2 19
2 3 1
2 3 4
2 3 5
2 3 13
2 4 0
2 4 2
2 4 4
2 4 5
2 4 9
2 4 14
2 5 0
2 5 3
2 5 13
2 6 1
2 6 3
2 6 5
2 7 6
2 7 10
2 7 11
2 7 13
2 7 18
2 8 9
2 8 12
2 8 17
2 9 8
2 9 9
2 9 12
2 9 18
2 10 7
2 10 8
2 10 10
2 10 13
2 11 10
2 11 11
2 11 13
2 11 15
2 11 18
2 12 0
2 12 4
2 12 7
2 12 14
2 12 16
2 13 13
2 13 14
2 13 15
2 13 17
2 14 8
2 14 9
2 14 10
2 14 14
2 14 19
2 15 1
2 15 7
2 15 9
2 15 12
2 15 13
2 15 14
2 16 7
2 16 12
2 16 16
2 16 17
2 17 6
2 17 8
2 17 9
2 17 10
2 17 15
2 18 6
2 18 12
2 18 17
2 19 2
2 19 8
2 19 13
2 19 19
2 20 10
2 20 12
2 20 15
2 20 19
3 0 12
3 1 0
3 1 4
3 1 14
3 2 0
3 2 3
3 2 4
3 2 5
3 2 9
3 2 11
3 2 14
3 3 1
3 3 4
3 3 13
3 4 0
3 4 3
3 5 0
3 5 2
3 5 8
3 5 18
3 6 6
3 6 7
3 6 15
3 6 16
3 6 17
3 6 19
3 7 8
3 7 11
3 7 12
3 7 13
3 7 15
3 7 17
3 7 18
3 7 19
3 8 3
3 8 8
3 8 11
3 8 13
3 8 14
3 8 18
3 8 19
3 9 6
3 9 8
3 9 10
3 9 11
3 9 13
3 10 9
3 10 12
3 10 19
3 11 7
3 11 9
3 11 10
3 11 16
3 12 3
3 12 6
3 12 7
3 12 10
3 12 11
3 12 12
3 12 15
3 12 17
3 12 18
3 13 14
3 13 16
3 13 18
3 14 6
3 14 9
3 14 11
3 14 15
3 14 16
3 14 17
3 15 9
3 15 17
3 15 19
3 16 7
3 16 11
3 16 17
3 16 18
3 16 19
3 17 1
3 17 7
3 17 10
3 17 11
3 17 16
3 18 1
3 18 3
3 18 6
3 18 7
3 18 8
3 19 11
3 19 13
3 19 15
3 19 17