2752
3
66 64 64
1734

0 99 0 926 0 597 52 0 0 0 916 617 0 0 966 241 431 7 0 0 0 0 30 0 90 0 78 100 75 65 0 55 9 0 0 0 48 66 0 36 66 90 0 40 0 83 41 53 57 58 71 4 0 0 39 0 0 52 77 98 0 58 0 37 0 9
230 490 443 265 0 0 0 0 0 0 0 0 0 0 899 0 916 0 32 0 7 0 70 94 12 0 43 0 35 24 0 0 0 0 0 0 0 0 0 0 85 0 0 0 0 73 0 0 55 0 70 94 0 98 0 21 41 0 22 0 80 0 0 0
282 439 796 0 631 555 0 0 511 126 0 386 0 0 807 0 0 0 1 67 31 58 69 29 0 0 89 0 0 24 0 0 92 67 79 10 98 0 51 0 0 0 8 18 0 65 0 19 72 97 26 60 0 6 0 0 66 0 26 12 53 0 30 18

0 0 1
0 0 4
0 0 6
0 0 7
0 0 10
0 0 11
0 0 12
0 0 13
0 0 15
0 0 16
0 0 23
0 0 41
0 0 55
0 1 1
0 1 12
0 1 14
0 1 15
0 1 16
0 1 17
0 1 25
0 1 52
0 2 1
0 2 10
0 2 11
0 2 13
0 2 14
0 2 16
0 2 43
0 2 44
0 3 1
0 3 5
0 3 6
0 3 8
0 3 14
0 3 15
0 3 16
0 3 35
0 3 50
0 3 60
0 4 0
0 4 3
0 4 6
0 4 7
0 4 8
0 4 9
0 4 14
0 4 15
0 4 27
0 4 40
0 4 62
0 5 1
0 5 3
0 5 4
0 5 6
0 5 9
0 5 10
0 5 11
0 5 12
0 5 13
0 5 14
0 5 24
0 5 39
0 5 46
0 5 52
0 5 53
0 5 63
0 6 3
0 6 6
0 6 7
0 6 11
0 6 12
0 6 13
0 6 14
0 6 39
0 6 51
0 6 57
0 7 1
0 7 4
0 7 8
0 7 9
0 7 11
0 7 12
0 7 13
0 7 14
0 7 49
0 8 1
0 8 3
0 8 5
0 8 8
0 8 13
0 8 15
0 8 19
0 8 37
0 8 56
0 9 0
0 9 1
0 9 2
0 9 5
0 9 8
0 9 9
0 9 11
0 9 12
0 9 32
0 9 41
0 10 1
0 10 6
0 10 10
0 10 11
0 10 12
0 10 14
0 10 28
0 10 60
0 11 6
0 11 7
0 11 8
0 11 9
0 11 14
0 11 35
0 11 43
0 11 60
0 11 62
0 12 3
0 12 7
0 12 9
0 12 38
0 12 62
0 13 9
0 13 13
0 13 19
0 13 34
0 13 55
0 14 2
0 14 3
0 14 4
0 14 5
0 14 7
0 14 9
0 14 13
0 14 16
0 14 20
0 14 27
0 14 30
0 14 44
0 14 53
0 15 7
0 15 9
0 15 10
0 15 21
0 15 27
0 15 33
0 15 47
0 15 57
0 16 2
0 16 4
0 16 5
0 16 9
0 16 13
0 16 14
0 16 15
0 16 16
0 16 19
0 16 22
0 16 51
0 16 54
0 16 57
0 17 0
0 17 20
0 17 23
0 17 24
0 17 29
0 17 33
0 17 34
0 17 40
0 17 41
0 17 44
0 17 45
0 17 49
0 17 52
0 17 53
0 17 54
0 17 58
0 17 60
0 18 1
0 18 24
0 18 27
0 18 30
0 18 31
0 18 34
0 18 37
0 18 42
0 18 45
0 18 46
0 18 48
0 18 50
0 18 53
0 18 55
0 18 57
0 19 10
0 19 18
0 19 26
0 19 36
0 19 37
0 19 39
0 19 40
0 19 44
0 19 45
0 19 48
0 19 50
0 19 51
0 19 54
0 19 57
0 19 60
0 19 62
0 20 2
0 20 16
0 20 28
0 20 30
0 20 31
0 20 34
0 20 36
0 20 44
0 20 47
0 20 50
0 20 53
0 20 54
0 21 2
0 21 4
0 21 9
0 21 18
0 21 19
0 21 20
0 21 21
0 21 23
0 21 28
0 21 31
0 21 33
0 21 38
0 21 40
0 21 44
0 21 47
0 21 51
0 21 55
0 21 56
0 21 59
0 22 20
0 22 22
0 22 23
0 22 26
0 22 28
0 22 31
0 22 43
0 22 48
0 22 53
0 22 54
0 22 60
0 23 18
0 23 20
0 23 21
0 23 22
0 23 25
0 23 27
0 23 37
0 23 40
0 23 47
0 23 49
0 23 59
0 24 9
0 24 17
0 24 18
0 24 23
0 24 24
0 24 32
0 24 38
0 24 39
0 24 40
0 24 49
0 24 52
0 24 58
0 24 61
0 25 10
0 25 11
0 25 23
0 25 24
0 25 25
0 25 28
0 25 31
0 25 35
0 25 37
0 25 39
0 25 40
0 25 41
0 25 42
0 25 43
0 25 46
0 25 47
0 25 49
0 25 54
0 25 56
0 25 60
0 25 63
0 26 13
0 26 20
0 26 23
0 26 34
0 26 48
0 26 51
0 26 56
0 26 57
0 26 62
0 26 63
0 27 7
0 27 17
0 27 19
0 27 24
0 27 25
0 27 28
0 27 33
0 27 38
0 27 43
0 27 45
0 27 47
0 27 51
0 27 53
0 27 54
0 27 58
0 27 61
0 27 63
0 28 1
0 28 7
0 28 21
0 28 27
0 28 31
0 28 32
0 28 34
0 28 36
0 28 40
0 28 41
0 28 48
0 28 54
0 28 60
0 29 19
0 29 23
0 29 24
0 29 33
0 29 35
0 29 37
0 29 39
0 29 56
0 29 59
0 30 4
0 30 17
0 30 18
0 30 23
0 30 25
0 30 27
0 30 28
0 30 33
0 30 40
0 30 45
0 30 46
0 30 47
0 30 49
0 30 56
0 30 57
0 30 59
0 30 60
0 31 1
0 31 7
0 31 14
0 31 18
0 31 19
0 31 20
0 31 21
0 31 25
0 31 27
0 31 37
0 31 39
0 31 40
0 31 44
0 31 45
0 31 49
0 31 56
0 31 57
0 31 60
0 31 63
0 32 9
0 32 10
0 32 22
0 32 24
0 32 25
0 32 27
0 32 33
0 32 37
0 32 41
0 32 45
0 32 46
0 32 49
0 32 53
0 32 58
0 32 59
0 33 0
0 33 21
0 33 22
0 33 24
0 33 25
0 33 33
0 33 35
0 33 37
0 33 38
0 33 40
0 33 44
0 33 46
0 33 47
0 33 50
0 33 53
0 33 60
0 34 6
0 34 22
0 34 23
0 34 25
0 34 26
0 34 29
0 34 33
0 34 35
0 34 37
0 34 40
0 34 53
0 34 57
0 34 58
0 34 60
0 34 61
0 34 62
0 35 4
0 35 21
0 35 23
0 35 24
0 35 26
0 35 27
0 35 28
0 35 29
0 35 31
0 35 35
0 35 37
0 35 39
0 35 42
0 35 43
0 35 45
0 35 49
0 35 52
0 35 57
0 35 62
0 35 63
0 36 3
0 36 17
0 36 28
0 36 31
0 36 34
0 36 41
0 36 42
0 36 43
0 36 44
0 36 46
0 36 47
0 36 48
0 36 49
0 37 19
0 37 22
0 37 25
0 37 32
0 37 36
0 37 39
0 37 42
0 37 44
0 37 45
0 37 57
0 37 61
0 38 23
0 38 25
0 38 32
0 38 34
0 38 38
0 38 39
0 38 49
0 38 53
0 38 59
0 38 61
0 39 1
0 39 3
0 39 5
0 39 6
0 39 21
0 39 29
0 39 40
0 39 42
0 39 46
0 39 48
0 39 52
0 39 53
0 39 56
0 39 58
0 39 61
0 39 62
0 40 21
0 40 22
0 40 23
0 40 24
0 40 29
0 40 40
0 40 48
0 40 49
0 40 52
0 40 53
0 40 54
0 40 56
0 40 60
0 41 11
0 41 23
0 41 24
0 41 25
0 41 29
0 41 37
0 41 39
0 41 43
0 41 49
0 41 56
0 41 57
0 41 58
0 41 59
0 41 60
0 41 61
0 41 62
0 42 10
0 42 12
0 42 37
0 42 38
0 42 41
0 42 46
0 42 48
0 42 53
0 42 54
0 42 58
0 43 3
0 43 7
0 43 23
0 43 24
0 43 25
0 43 29
0 43 44
0 43 45
0 43 46
0 43 50
0 43 51
0 43 57
0 43 59
0 43 60
0 43 61
0 44 10
0 44 18
0 44 19
0 44 25
0 44 33
0 44 34
0 44 35
0 44 41
0 44 43
0 44 44
0 44 51
0 44 52
0 44 53
0 44 55
0 44 60
0 45 9
0 45 23
0 45 25
0 45 26
0 45 29
0 45 33
0 45 34
0 45 35
0 45 36
0 45 37
0 45 38
0 45 41
0 45 46
0 45 49
0 45 55
0 45 57
0 46 4
0 46 5
0 46 11
0 46 17
0 46 21
0 46 23
0 46 26
0 46 33
0 46 36
0 46 37
0 46 39
0 46 42
0 46 52
0 46 53
0 46 62
0 47 22
0 47 25
0 47 30
0 47 31
0 47 37
0 47 40
0 47 46
0 47 49
0 47 50
0 47 51
0 47 52
0 47 54
0 47 58
0 47 63
0 48 17
0 48 20
0 48 21
0 48 25
0 48 26
0 48 30
0 48 34
0 48 36
0 48 46
0 48 48
0 48 49
0 48 50
0 48 51
0 48 55
0 48 59
0 48 63
0 49 20
0 49 30
0 49 31
0 49 33
0 49 35
0 49 36
0 49 37
0 49 40
0 49 41
0 49 52
0 49 53
0 49 56
0 49 57
0 49 58
0 49 62
0 50 8
0 50 17
0 50 33
0 50 37
0 50 42
0 50 56
0 50 57
0 50 62
0 50 63
0 51 2
0 51 18
0 51 22
0 51 24
0 51 27
0 51 31
0 51 32
0 51 37
0 51 41
0 51 43
0 51 44
0 51 46
0 51 48
0 51 54
0 51 56
0 51 63
0 52 11
0 52 22
0 52 23
0 52 36
0 52 42
0 52 44
0 52 53
0 52 56
0 52 57
0 52 62
0 52 63
0 53 16
0 53 18
0 53 19
0 53 20
0 53 32
0 53 33
0 53 36
0 53 41
0 53 42
0 53 47
0 53 48
0 53 53
0 53 63
0 54 15
0 54 19
0 54 23
0 54 26
0 54 27
0 54 30
0 54 31
0 54 32
0 54 33
0 54 34
0 54 35
0 54 37
0 54 41
0 54 43
0 54 44
0 54 47
0 54 50
0 54 51
0 54 57
0 54 60
0 54 61
0 54 63
0 55 17
0 55 18
0 55 20
0 55 25
0 55 28
0 55 29
0 55 38
0 55 39
0 55 44
0 55 47
0 55 53
0 55 58
0 55 59
0 55 60
0 56 1
0 56 20
0 56 26
0 56 37
0 56 38
0 56 46
0 56 47
0 56 54
0 56 56
0 56 59
0 57 0
0 57 18
0 57 22
0 57 24
0 57 25
0 57 26
0 57 38
0 57 41
0 57 44
0 57 49
0 57 51
0 57 61
0 57 63
0 58 19
0 58 21
0 58 28
0 58 31
0 58 32
0 58 34
0 58 36
0 58 40
0 58 43
0 58 45
0 58 48
0 58 50
0 58 57
0 58 59
0 59 8
0 59 20
0 59 23
0 59 24
0 59 26
0 59 30
0 59 32
0 59 33
0 59 36
0 59 37
0 59 38
0 59 39
0 59 40
0 59 41
0 59 44
0 59 45
0 59 46
0 59 49
0 59 50
0 59 56
0 59 62
0 60 1
0 60 15
0 60 19
0 60 20
0 60 22
0 60 30
0 60 36
0 60 40
0 60 45
0 60 50
0 60 61
0 60 62
0 61 3
0 61 6
0 61 8
0 61 10
0 61 19
0 61 20
0 61 26
0 61 27
0 61 28
0 61 31
0 61 33
0 61 35
0 61 37
0 61 38
0 61 40
0 61 41
0 61 43
0 61 44
0 61 49
0 61 51
0 61 53
0 61 61
0 61 62
0 62 6
0 62 17
0 62 21
0 62 27
0 62 34
0 62 37
0 62 40
0 62 41
0 62 43
0 62 48
0 62 51
0 62 55
0 62 59
0 63 21
0 63 23
0 63 27
0 63 33
0 63 41
0 63 44
0 63 48
0 63 52
0 63 56
0 63 61
0 64 9
0 64 18
0 64 19
0 64 21
0 64 26
0 64 34
0 64 35
0 64 36
0 64 38
0 64 42
0 64 44
0 64 47
0 64 52
0 64 54
0 64 55
0 64 60
0 65 7
0 65 13
0 65 15
0 65 17
0 65 18
0 65 22
0 65 23
0 65 24
0 65 25
0 65 28
0 65 30
0 65 36
0 65 45
0 65 49
0 65 50
0 65 52
0 65 61
1 0 1
1 0 4
1 0 5
1 0 6
1 0 7
1 0 12
1 0 15
1 0 16
1 0 40
1 0 51
1 0 58
1 0 63
1 1 0
1 1 4
1 1 7
1 1 12
1 1 13
1 1 33
1 1 34
1 1 45
1 1 56
1 1 60
1 1 61
1 1 62
1 2 0
1 2 1
1 2 6
1 2 7
1 2 10
1 2 11
1 2 12
1 2 16
1 2 29
1 2 44
1 2 47
1 3 1
1 3 2
1 3 12
1 3 13
1 3 16
1 3 30
1 3 40
1 3 43
1 4 5
1 4 8
1 4 11
1 4 13
1 4 18
1 4 23
1 4 54
1 5 2
1 5 3
1 5 5
1 5 10
1 5 11
1 5 16
1 5 17
1 5 20
1 5 27
1 5 36
1 6 1
1 6 2
1 6 3
1 6 6
1 6 8
1 6 10
1 6 12
1 6 15
1 6 16
1 6 20
1 6 25
1 6 39
1 6 56
1 7 2
1 7 5
1 7 8
1 7 9
1 7 11
1 7 13
1 7 16
1 7 29
1 7 34
1 7 41
1 7 58
1 8 0
1 8 1
1 8 5
1 8 9
1 8 11
1 8 13
1 8 14
1 8 46
1 8 58
1 9 0
1 9 8
1 9 13
1 9 15
1 9 20
1 9 58
1 9 63
1 10 1
1 10 5
1 10 8
1 10 10
1 10 11
1 10 12
1 10 15
1 10 16
1 10 17
1 10 36
1 10 46
1 10 53
1 11 1
1 11 2
1 11 3
1 11 8
1 11 9
1 11 12
1 11 14
1 11 15
1 11 16
1 11 28
1 11 30
1 11 43
1 11 53
1 11 61
1 12 0
1 12 2
1 12 3
1 12 4
1 12 7
1 12 13
1 12 14
1 12 15
1 12 25
1 13 1
1 13 8
1 13 10
1 13 14
1 13 16
1 13 29
1 13 35
1 13 47
1 14 3
1 14 6
1 14 9
1 14 10
1 14 11
1 14 15
1 14 23
1 14 28
1 14 34
1 14 41
1 14 43
1 14 57
1 15 0
1 15 3
1 15 7
1 15 9
1 15 16
1 15 29
1 15 41
1 15 51
1 16 0
1 16 1
1 16 2
1 16 6
1 16 7
1 16 8
1 16 9
1 16 15
1 16 17
1 16 43
1 16 58
1 17 4
1 17 12
1 17 18
1 17 21
1 17 22
1 17 24
1 17 27
1 17 30
1 17 32
1 17 34
1 17 36
1 17 41
1 17 43
1 17 49
1 17 55
1 17 56
1 17 57
1 17 60
1 18 4
1 18 11
1 18 19
1 18 20
1 18 22
1 18 27
1 18 30
1 18 34
1 18 38
1 18 43
1 18 44
1 18 45
1 18 49
1 18 57
1 18 61
1 18 63
1 19 0
1 19 6
1 19 21
1 19 25
1 19 27
1 19 30
1 19 32
1 19 36
1 19 38
1 19 39
1 19 40
1 19 42
1 19 43
1 19 46
1 19 47
1 19 48
1 19 50
1 19 56
1 19 62
1 20 2
1 20 13
1 20 17
1 20 18
1 20 28
1 20 30
1 20 32
1 20 35
1 20 36
1 20 38
1 20 39
1 20 46
1 20 47
1 20 50
1 20 52
1 20 59
1 20 61
1 21 10
1 21 17
1 21 20
1 21 21
1 21 23
1 21 34
1 21 36
1 21 37
1 21 38
1 21 48
1 22 0
1 22 20
1 22 24
1 22 26
1 22 30
1 22 31
1 22 33
1 22 37
1 22 39
1 22 44
1 22 47
1 22 49
1 22 50
1 22 54
1 22 58
1 22 59
1 22 61
1 23 12
1 23 15
1 23 18
1 23 20
1 23 23
1 23 24
1 23 26
1 23 29
1 23 32
1 23 37
1 23 38
1 23 44
1 23 47
1 23 48
1 23 57
1 24 5
1 24 18
1 24 29
1 24 31
1 24 33
1 24 34
1 24 35
1 24 40
1 24 45
1 24 50
1 24 54
1 24 55
1 25 8
1 25 17
1 25 19
1 25 24
1 25 25
1 25 32
1 25 42
1 25 44
1 25 51
1 25 55
1 25 59
1 25 62
1 26 6
1 26 8
1 26 25
1 26 33
1 26 36
1 26 37
1 26 38
1 26 39
1 26 40
1 26 41
1 26 42
1 26 43
1 26 52
1 26 55
1 26 56
1 26 57
1 26 61
1 26 63
1 27 12
1 27 19
1 27 26
1 27 30
1 27 32
1 27 38
1 27 44
1 27 46
1 27 47
1 27 51
1 27 52
1 27 56
1 27 58
1 27 60
1 28 2
1 28 17
1 28 18
1 28 19
1 28 22
1 28 25
1 28 28
1 28 31
1 28 32
1 28 33
1 28 39
1 28 41
1 28 44
1 28 46
1 28 48
1 28 51
1 28 59
1 29 2
1 29 10
1 29 12
1 29 18
1 29 23
1 29 25
1 29 27
1 29 28
1 29 34
1 29 36
1 29 38
1 29 40
1 29 41
1 29 43
1 29 47
1 29 50
1 29 54
1 29 56
1 29 57
1 29 60
1 29 61
1 29 63
1 30 4
1 30 17
1 30 18
1 30 20
1 30 23
1 30 25
1 30 26
1 30 27
1 30 31
1 30 36
1 30 51
1 30 53
1 30 60
1 30 62
1 31 0
1 31 17
1 31 18
1 31 29
1 31 35
1 31 38
1 31 40
1 31 41
1 31 46
1 31 50
1 31 57
1 31 62
1 32 6
1 32 19
1 32 21
1 32 30
1 32 34
1 32 39
1 32 40
1 32 42
1 32 46
1 32 48
1 32 51
1 32 53
1 32 54
1 32 60
1 33 18
1 33 23
1 33 27
1 33 28
1 33 29
1 33 52
1 33 53
1 33 54
1 33 58
1 33 62
1 34 19
1 34 22
1 34 26
1 34 27
1 34 31
1 34 33
1 34 34
1 34 35
1 34 37
1 34 38
1 34 51
1 34 54
1 34 57
1 35 7
1 35 18
1 35 19
1 35 20
1 35 22
1 35 23
1 35 24
1 35 27
1 35 31
1 35 37
1 35 42
1 35 49
1 35 51
1 35 54
1 35 55
1 35 58
1 35 62
1 36 11
1 36 31
1 36 36
1 36 40
1 36 48
1 37 1
1 37 21
1 37 22
1 37 26
1 37 32
1 37 34
1 37 44
1 37 49
1 37 51
1 37 57
1 37 59
1 37 61
1 38 3
1 38 10
1 38 13
1 38 16
1 38 23
1 38 26
1 38 28
1 38 34
1 38 43
1 38 53
1 38 54
1 38 57
1 38 60
1 39 3
1 39 15
1 39 17
1 39 18
1 39 22
1 39 23
1 39 24
1 39 33
1 39 36
1 39 38
1 39 41
1 39 43
1 39 54
1 39 57
1 40 19
1 40 21
1 40 23
1 40 24
1 40 25
1 40 32
1 40 34
1 40 38
1 40 39
1 40 40
1 40 44
1 40 56
1 40 57
1 40 59
1 40 60
1 40 61
1 41 1
1 41 4
1 41 20
1 41 21
1 41 23
1 41 25
1 41 33
1 41 34
1 41 35
1 41 38
1 41 44
1 41 46
1 41 50
1 41 51
1 41 53
1 41 54
1 41 58
1 42 4
1 42 12
1 42 14
1 42 17
1 42 23
1 42 24
1 42 25
1 42 27
1 42 29
1 42 32
1 42 33
1 42 34
1 42 41
1 42 49
1 42 50
1 42 53
1 42 58
1 42 59
1 42 60
1 42 62
1 43 3
1 43 4
1 43 7
1 43 8
1 43 11
1 43 21
1 43 25
1 43 35
1 43 38
1 43 39
1 43 40
1 43 48
1 43 53
1 43 57
1 43 60
1 43 61
1 44 22
1 44 24
1 44 25
1 44 26
1 44 27
1 44 29
1 44 30
1 44 33
1 44 38
1 44 39
1 44 42
1 44 45
1 44 57
1 44 59
1 44 60
1 44 62
1 44 63
1 45 12
1 45 15
1 45 23
1 45 31
1 45 49
1 45 54
1 45 62
1 45 63
1 46 12
1 46 20
1 46 24
1 46 31
1 46 35
1 46 38
1 46 40
1 46 42
1 46 44
1 46 46
1 46 48
1 46 51
1 46 54
1 46 57
1 47 20
1 47 22
1 47 33
1 47 37
1 47 38
1 47 39
1 47 40
1 47 49
1 47 50
1 47 55
1 47 57
1 47 59
1 47 60
1 47 61
1 47 62
1 48 4
1 48 7
1 48 12
1 48 18
1 48 19
1 48 20
1 48 24
1 48 25
1 48 29
1 48 31
1 48 37
1 48 38
1 48 42
1 48 43
1 48 47
1 48 57
1 48 63
1 49 9
1 49 17
1 49 22
1 49 24
1 49 28
1 49 38
1 49 40
1 49 41
1 49 43
1 49 50
1 49 56
1 50 9
1 50 19
1 50 20
1 50 24
1 50 28
1 50 30
1 50 32
1 50 34
1 50 35
1 50 37
1 50 43
1 50 44
1 50 47
1 50 53
1 50 54
1 50 56
1 50 61
1 50 62
1 51 4
1 51 24
1 51 26
1 51 28
1 51 34
1 51 37
1 51 43
1 51 44
1 51 46
1 51 54
1 51 55
1 51 56
1 51 62
1 52 21
1 52 30
1 52 36
1 52 40
1 52 46
1 52 48
1 52 51
1 52 52
1 52 53
1 52 57
1 52 58
1 52 60
1 52 61
1 53 18
1 53 20
1 53 23
1 53 25
1 53 27
1 53 29
1 53 31
1 53 38
1 53 40
1 53 47
1 53 48
1 53 58
1 53 59
1 53 63
1 54 3
1 54 10
1 54 23
1 54 24
1 54 28
1 54 31
1 54 34
1 54 35
1 54 48
1 54 51
1 54 52
1 54 58
1 54 59
1 54 62
1 55 4
1 55 11
1 55 18
1 55 20
1 55 24
1 55 25
1 55 30
1 55 33
1 55 36
1 55 37
1 55 39
1 55 40
1 55 41
1 55 45
1 55 47
1 55 51
1 55 52
1 55 53
1 55 54
1 55 57
1 55 60
1 56 16
1 56 18
1 56 25
1 56 36
1 56 39
1 56 43
1 56 44
1 56 45
1 56 48
1 56 50
1 56 53
1 56 54
1 56 55
1 56 58
1 57 2
1 57 23
1 57 26
1 57 27
1 57 31
1 57 34
1 57 36
1 57 41
1 57 42
1 57 50
1 57 51
1 57 56
1 58 5
1 58 18
1 58 19
1 58 27
1 58 34
1 58 35
1 58 36
1 58 38
1 58 43
1 58 44
1 58 46
1 58 49
1 58 54
1 58 56
1 58 57
1 58 63
1 59 3
1 59 19
1 59 20
1 59 24
1 59 28
1 59 29
1 59 39
1 59 43
1 59 46
1 59 47
1 59 48
1 59 52
1 59 54
1 60 5
1 60 25
1 60 29
1 60 31
1 60 33
1 60 34
1 60 39
1 60 42
1 60 43
1 60 49
1 60 51
1 60 54
1 61 18
1 61 19
1 61 25
1 61 30
1 61 35
1 61 37
1 61 39
1 61 45
1 61 48
1 61 52
1 61 55
1 61 56
1 62 10
1 62 17
1 62 19
1 62 20
1 62 24
1 62 25
1 62 26
1 62 28
1 62 38
1 62 49
1 62 53
1 62 57
1 62 59
1 63 2
1 63 20
1 63 21
1 63 25
1 63 26
1 63 31
1 63 34
1 63 38
1 63 39
1 63 41
1 63 50
1 63 54