2378
4
49 49 49 51
1652

0 0 478 0 205 0 593 0 613 0 95 0 0 0 202 0 0 812 0 559 0 759 334 0 0 0 5 0 22 67 10 0 4 0 84 75 0 24 0 0 0 0 0 0 57 0 58 66 73
997 0 997 369 0 254 20 54 0 60 0 98 649 0 0 778 34 120 0 0 0 0 328 128 0 0 53 0 69 0 0 0 39 0 8 71 0 0 96 0 57 0 0 89 0 0 53 43 0
0 0 406 284 0 813 0 265 277 80 264 0 0 67 0 0 166 0 0 543 0 0 476 704 0 43 18 81 99 0 0 67 80 52 79 52 52 0 35 0 18 0 0 75 38 0 0 26 67
474 0 0 0 939 0 498 40 960 41 358 0 0 0 0 174 216 0 0 230 0 0 0 0 0 11 86 0 83 0 0 0 0 0 0 0 93 80 80 0 32 84 0 0 3 28 0 0 96 0 56

0 0 0
0 0 1
0 0 3
0 0 4
0 0 5
0 0 6
0 0 7
0 0 8
0 0 9
0 0 11
0 0 14
0 0 15
0 0 17
0 0 20
0 0 21
0 0 22
0 0 26
0 0 43
0 1 0
0 1 2
0 1 4
0 1 7
0 1 10
0 1 11
0 1 15
0 1 16
0 1 18
0 1 20
0 1 22
0 1 23
0 1 45
0 1 48
0 2 0
0 2 1
0 2 3
0 2 5
0 2 6
0 2 8
0 2 9
0 2 12
0 2 16
0 2 18
0 2 22
0 2 34
0 2 44
0 3 0
0 3 1
0 3 2
0 3 8
0 3 21
0 3 23
0 3 31
0 3 39
0 3 47
0 4 0
0 4 2
0 4 4
0 4 7
0 4 8
0 4 9
0 4 10
0 4 11
0 4 13
0 4 14
0 4 16
0 4 17
0 4 19
0 4 21
0 4 22
0 4 44
0 4 46
0 5 0
0 5 1
0 5 2
0 5 5
0 5 6
0 5 7
0 5 8
0 5 9
0 5 12
0 5 13
0 5 15
0 5 16
0 5 21
0 5 22
0 5 23
0 5 29
0 5 31
0 5 43
0 6 1
0 6 5
0 6 7
0 6 8
0 6 9
0 6 10
0 6 11
0 6 13
0 6 14
0 6 16
0 6 18
0 6 32
0 6 38
0 6 39
0 7 0
0 7 1
0 7 3
0 7 6
0 7 7
0 7 8
0 7 9
0 7 10
0 7 11
0 7 14
0 7 16
0 7 17
0 7 18
0 7 19
0 7 20
0 7 23
0 7 28
0 7 31
0 7 32
0 7 35
0 7 44
0 8 0
0 8 1
0 8 9
0 8 10
0 8 12
0 8 13
0 8 14
0 8 20
0 8 21
0 8 22
0 8 25
0 8 31
0 8 34
0 8 39
0 8 44
0 9 1
0 9 5
0 9 8
0 9 9
0 9 10
0 9 15
0 9 16
0 9 19
0 9 22
0 9 24
0 9 26
0 9 27
0 9 30
0 9 32
0 9 38
0 10 2
0 10 3
0 10 4
0 10 8
0 10 9
0 10 11
0 10 14
0 10 15
0 10 17
0 10 19
0 10 23
0 10 28
0 10 31
0 10 40
0 10 41
0 10 44
0 10 47
0 11 0
0 11 3
0 11 4
0 11 5
0 11 7
0 11 8
0 11 10
0 11 11
0 11 13
0 11 17
0 11 30
0 11 34
0 12 0
0 12 1
0 12 4
0 12 5
0 12 6
0 12 7
0 12 8
0 12 9
0 12 11
0 12 13
0 12 15
0 12 19
0 12 20
0 12 21
0 12 22
0 12 37
0 12 41
0 12 46
0 13 2
0 13 5
0 13 9
0 13 10
0 13 18
0 13 19
0 13 20
0 13 22
0 13 23
0 13 35
0 13 37
0 13 48
0 14 3
0 14 4
0 14 5
0 14 6
0 14 7
0 14 8
0 14 9
0 14 17
0 14 23
0 14 31
0 14 35
0 14 45
0 14 47
0 15 1
0 15 2
0 15 3
0 15 4
0 15 6
0 15 7
0 15 8
0 15 11
0 15 13
0 15 14
0 15 17
0 15 21
0 15 22
0 15 23
0 15 25
0 15 32
0 15 46
0 16 0
0 16 1
0 16 5
0 16 6
0 16 7
0 16 9
0 16 10
0 16 11
0 16 12
0 16 13
0 16 14
0 16 18
0 16 19
0 16 20
0 16 21
0 16 22
0 16 28
0 16 46
0 17 1
0 17 3
0 17 4
0 17 10
0 17 11
0 17 12
0 17 14
0 17 20
0 17 21
0 17 22
0 17 38
0 18 0
0 18 1
0 18 4
0 18 7
0 18 9
0 18 11
0 18 14
0 18 19
0 18 21
0 18 22
0 18 23
0 18 28
0 18 30
0 18 39
0 18 40
0 18 42
0 19 2
0 19 3
0 19 4
0 19 6
0 19 7
0 19 8
0 19 9
0 19 11
0 19 12
0 19 16
0 19 19
0 19 20
0 19 23
0 19 25
0 19 35
0 19 41
0 19 45
0 20 0
0 20 1
0 20 2
0 20 3
0 20 9
0 20 10
0 20 12
0 20 15
0 20 21
0 20 22
0 20 27
0 20 38
0 20 41
0 20 47
0 21 0
0 21 1
0 21 3
0 21 4
0 21 6
0 21 7
0 21 9
0 21 11
0 21 14
0 21 15
0 21 17
0 21 18
0 21 21
0 21 22
0 21 23
0 21 34
0 21 36
0 21 42
0 22 0
0 22 2
0 22 4
0 22 5
0 22 6
0 22 7
0 22 8
0 22 9
0 22 10
0 22 14
0 22 15
0 22 16
0 22 18
0 22 20
0 22 21
0 22 22
0 22 23
0 22 29
0 22 31
0 23 1
0 23 8
0 23 9
0 23 10
0 23 18
0 23 19
0 23 20
0 23 23
0 23 25
0 23 28
0 23 29
0 23 34
0 24 6
0 24 10
0 24 15
0 24 29
0 24 30
0 24 31
0 24 32
0 24 37
0 24 42
0 24 45
0 25 9
0 25 18
0 25 21
0 25 32
0 25 38
0 25 40
0 25 46
0 26 2
0 26 3
0 26 5
0 26 18
0 26 25
0 26 26
0 26 27
0 26 30
0 26 34
0 26 35
0 26 39
0 26 41
0 27 2
0 27 17
0 27 25
0 27 31
0 27 34
0 27 42
0 28 0
0 28 38
0 28 40
0 28 42
0 29 8
0 29 18
0 29 24
0 29 33
0 29 37
0 29 38
0 29 42
0 30 7
0 30 16
0 30 19
0 30 34
0 30 35
0 30 36
0 30 38
0 30 39
0 30 45
0 31 4
0 31 10
0 31 24
0 31 28
0 31 31
0 31 33
0 31 40
0 31 47
0 32 2
0 32 5
0 32 11
0 32 35
0 32 38
0 32 39
0 32 42
0 32 45
0 33 10
0 33 28
0 33 31
0 33 36
0 33 38
0 33 39
0 33 41
0 33 47
0 34 4
0 34 13
0 34 20
0 34 31
0 34 42
0 34 45
0 35 0
0 35 24
0 35 29
0 35 31
0 35 34
0 35 40
0 35 42
0 35 43
0 35 46
0 35 47
0 36 1
0 36 4
0 36 13
0 36 17
0 36 23
0 36 24
0 36 25
0 36 28
0 36 41
0 36 48
0 37 8
0 37 26
0 37 30
0 37 39
0 37 43
0 37 44
0 38 5
0 38 10
0 38 19
0 38 25
0 38 28
0 38 29
0 38 34
0 38 39
0 39 26
0 39 33
0 39 37
0 39 38
0 39 45
0 39 47
0 39 48
0 40 3
0 40 4
0 40 5
0 40 15
0 40 25
0 40 31
0 40 36
0 41 4
0 41 10
0 41 23
0 41 24
0 41 26
0 41 29
0 41 31
0 41 38
0 41 43
0 42 2
0 42 9
0 42 15
0 42 20
0 42 24
0 42 39
0 42 46
0 42 47
0 43 5
0 43 11
0 43 14
0 43 18
0 43 28
0 43 31
0 43 33
0 43 35
0 43 40
0 43 45
0 44 14
0 44 25
0 44 29
0 44 35
0 44 38
0 44 41
0 44 46
0 45 6
0 45 9
0 45 13
0 45 29
0 45 33
0 45 35
0 45 38
0 45 40
0 45 42
0 45 43
0 45 44
0 46 16
0 46 22
0 46 28
0 46 30
0 46 33
0 46 36
0 46 39
0 46 42
0 46 46
0 46 47
0 46 48
0 47 8
0 47 10
0 47 21
0 47 28
0 47 37
0 47 38
0 47 43
0 47 44
0 47 45
0 47 48
0 48 1
0 48 8
0 48 18
0 48 20
0 48 23
0 48 24
0 48 28
0 48 37
0 48 41
1 0 0
1 0 1
1 0 2
1 0 4
1 0 9
1 0 13
1 0 14
1 0 18
1 0 19
1 0 21
1 0 22
1 0 26
1 0 37
1 0 47
1 0 48
1 1 0
1 1 1
1 1 4
1 1 5
1 1 8
1 1 12
1 1 14
1 1 15
1 1 16
1 1 18
1 1 19
1 1 26
1 1 28
1 1 30
1 1 42
1 1 45
1 2 3
1 2 4
1 2 5
1 2 7
1 2 8
1 2 10
1 2 11
1 2 14
1 2 17
1 2 19
1 2 20
1 2 33
1 2 44
1 2 46
1 3 1
1 3 3
1 3 8
1 3 10
1 3 12
1 3 13
1 3 16
1 3 17
1 3 19
1 3 20
1 3 21
1 3 23
1 3 28
1 3 37
1 4 0
1 4 1
1 4 2
1 4 5
1 4 6
1 4 9
1 4 10
1 4 12
1 4 19
1 4 20
1 4 29
1 4 41
1 5 0
1 5 5
1 5 6
1 5 8
1 5 11
1 5 13
1 5 14
1 5 15
1 5 16
1 5 17
1 5 19
1 5 21
1 5 22
1 5 34
1 5 37
1 6 0
1 6 3
1 6 4
1 6 5
1 6 7
1 6 9
1 6 11
1 6 13
1 6 14
1 6 16
1 6 17
1 6 20
1 6 21
1 6 22
1 6 23
1 6 37
1 6 39
1 6 40
1 7 1
1 7 2
1 7 3
1 7 4
1 7 6
1 7 11
1 7 12
1 7 15
1 7 16
1 7 18
1 7 19
1 7 20
1 7 21
1 7 23
1 7 24
1 7 35
1 7 37
1 7 39
1 7 47
1 8 4
1 8 5
1 8 6
1 8 14
1 8 15
1 8 17
1 8 20
1 8 21
1 8 23
1 8 26
1 8 33
1 8 37
1 8 43
1 8 44
1 8 47
1 9 0
1 9 1
1 9 2
1 9 4
1 9 7
1 9 8
1 9 9
1 9 11
1 9 16
1 9 18
1 9 20
1 9 22
1 9 30
1 9 36
1 9 38
1 10 1
1 10 2
1 10 3
1 10 4
1 10 5
1 10 7
1 10 12
1 10 15
1 10 18
1 10 19
1 10 23
1 10 32
1 10 35
1 11 0
1 11 1
1 11 2
1 11 3
1 11 5
1 11 9
1 11 13
1 11 16
1 11 17
1 11 19
1 11 27
1 11 33
1 11 38
1 12 3
1 12 6
1 12 10
1 12 11
1 12 15
1 12 16
1 12 17
1 12 18
1 12 21
1 12 22
1 12 23
1 12 35
1 12 47
1 13 0
1 13 1
1 13 9
1 13 11
1 13 12
1 13 15
1 13 17
1 13 19
1 13 22
1 13 23
1 13 28
1 13 33
1 13 42
1 13 44
1 14 2
1 14 3
1 14 8
1 14 9
1 14 11
1 14 15
1 14 17
1 14 18
1 14 20
1 14 22
1 14 23
1 14 24
1 14 25
1 14 40
1 14 44
1 14 46
1 15 0
1 15 1
1 15 2
1 15 5
1 15 6
1 15 7
1 15 8
1 15 10
1 15 21
1 15 28
1 15 40
1 16 0
1 16 1
1 16 2
1 16 5
1 16 8
1 16 11
1 16 13
1 16 18
1 16 19
1 16 20
1 16 35
1 16 37
1 16 43
1 16 47
1 17 2
1 17 3
1 17 6
1 17 9
1 17 10
1 17 16
1 17 18
1 17 21
1 17 25
1 17 37
1 17 44
1 17 45
1 17 46
1 18 0
1 18 1
1 18 3
1 18 4
1 18 7
1 18 9
1 18 11
1 18 14
1 18 15
1 18 18
1 18 20
1 18 28
1 18 47
1 19 0
1 19 1
1 19 4
1 19 5
1 19 6
1 19 7
1 19 10
1 19 12
1 19 13
1 19 17
1 19 18
1 19 19
1 19 20
1 19 21
1 19 29
1 19 33
1 19 43
1 20 0
1 20 2
1 20 4
1 20 5
1 20 7
1 20 9
1 20 11
1 20 14
1 20 15
1 20 16
1 20 21
1 20 23
1 20 25
1 20 36
1 20 47
1 20 48
1 21 0
1 21 3
1 21 4
1 21 13
1 21 16
1 21 18
1 21 19
1 21 22
1 21 38
1 21 46
1 22 3
1 22 6
1 22 8
1 22 9
1 22 10
1 22 12
1 22 14
1 22 16
1 22 17
1 22 18
1 22 22
1 22 38
1 22 39
1 22 42
1 23 2
1 23 4
1 23 5
1 23 6
1 23 7
1 23 10
1 23 12
1 23 13
1 23 14
1 23 15
1 23 16
1 23 17
1 23 18
1 23 19
1 23 20
1 23 23
1 23 29
1 23 41
1 24 0
1 24 14
1 24 23
1 24 32
1 24 36
1 24 37
1 24 38
1 24 40
1 24 41
1 25 6
1 25 29
1 25 31
1 25 34
1 25 35
1 25 36
1 25 37
1 25 39
1 25 43
1 25 44
1 25 48
1 26 10
1 26 11
1 26 15
1 26 27
1 26 34
1 26 41
1 27 6
1 27 20
1 27 31
1 28 1
1 28 4
1 28 25
1 28 28
1 28 35
1 28 37
1 28 38
1 28 43
1 29 10
1 29 12
1 29 27
1 29 29
1 29 32
1 29 35
1 29 39
1 29 45
1 30 4
1 30 10
1 30 12
1 30 13
1 30 16
1 30 26
1 30 27
1 30 32
1 30 34
1 30 37
1 30 38
1 30 40
1 30 44
1 31 3
1 31 15
1 31 16
1 31 29
1 31 33
1 31 34
1 31 35
1 31 38
1 31 39
1 31 46
1 32 2
1 32 18
1 32 26
1 32 31
1 32 44
1 33 6
1 33 8
1 33 16
1 33 27
1 33 28
1 33 30
1 33 32
1 33 34
1 33 35
1 33 41
1 34 6
1 34 8
1 34 13
1 34 15
1 34 16
1 34 24
1 34 26
1 34 34
1 34 38
1 34 40
1 34 43
1 34 47
1 35 3
1 35 26
1 35 38
1 35 41
1 35 42
1 35 47
1 36 5
1 36 6
1 36 11
1 36 14
1 36 28
1 36 34
1 36 39
1 36 46
1 37 2
1 37 9
1 37 24
1 37 25
1 37 33
1 37 40
1 38 6
1 38 12
1 38 24
1 38 37
1 38 39
1 39 0
1 39 8
1 39 21
1 39 28
1 39 29
1 39 40
1 40 5
1 40 8
1 40 11
1 40 26
1 40 27
1 40 29
1 40 33
1 40 35
1 40 36
1 40 41
1 40 44
1 40 46
1 40 47
1 41 13
1 41 14
1 41 26
1 41 30
1 41 33
1 41 35
1 41 36
1 41 39
1 42 0
1 42 10
1 42 11
1 42 13
1 42 31
1 42 36
1 42 40
1 43 0
1 43 6
1 43 20
1 43 26
1 43 31
1 43 40
1 43 44
1 43 46
1 44 9
1 44 24
1 44 32
1 44 42
1 44 45
1 45 29
1 45 30
1 45 31
1 45 37
1 45 41
1 45 47
1 46 22
1 46 27
1 46 30
1 46 34
1 46 36
1 46 42
1 46 44
1 47 1
1 47 9
1 47 18
1 47 25
1 47 33
1 47 43
1 47 45
1 47 47
1 48 10
1 48 21
1 48 26
1 48 31
1 48 38
1 48 43
1 48 47
2 0 3
2 0 6
2 0 8
2 0 11
2 0 13
2 0 15
2 0 17
2 0 19
2 0 21
2 0 22
2 0 27
2 0 28
2 0 41
2 1 0
2 1 3
2 1 6
2 1 7
2 1 10
2 1 11
2 1 12
2 1 15
2 1 19
2 1 22
2 1 29
2 1 38
2 1 39
2 2 0
2 2 1
2 2 3
2 2 5
2 2 7
2 2 9
2 2 12
2 2 14
2 2 18
2 2 19
2 2 21
2 2 22
2 2 23
2 2 24
2 2 38
2 2 43
2 2 50
2 3 0
2 3 3
2 3 4
2 3 5
2 3 6
2 3 8
2 3 9
2 3 11
2 3 16
2 3 21
2 3 23
2 3 47
2 4 0
2 4 1
2 4 2
2 4 3
2 4 4
2 4 5
2 4 6
2 4 8
2 4 9
2 4 13
2 4 15
2 4 17
2 4 18
2 4 20
2 4 24
2 4 25
2 5 0
2 5 2
2 5 6
2 5 7
2 5 8
2 5 9
2 5 10
2 5 11
2 5 12
2 5 13
2 5 14
2 5 17
2 5 18
2 5 19
2 5 32
2 5 36
2 5 40
2 5 49
2 6 0
2 6 2
2 6 3
2 6 7
2 6 12
2 6 13
2 6 14
2 6 17
2 6 18
2 6 19
2 6 23
2 6 24
2 6 38
2 6 41
2 6 44
2 6 46
2 6 48
2 7 0
2 7 3
2 7 5
2 7 8
2 7 9
2 7 14
2 7 16
2 7 17
2 7 18
2 7 20
2 7 21
2 7 24
2 7 28
2 7 41
2 8 2
2 8 3
2 8 6
2 8 10
2 8 11
2 8 16
2 8 17
2 8 20
2 8 21
2 8 23
2 8 44
2 9 0
2 9 2
2 9 4
2 9 5
2 9 7
2 9 8
2 9 9
2 9 10
2 9 14
2 9 20
2 9 21
2 9 37
2 10 0
2 10 1
2 10 2
2 10 4
2 10 5
2 10 7
2 10 9
2 10 16
2 10 31
2 10 35
2 10 38
2 10 41
2 11 5
2 11 7
2 11 8
2 11 9
2 11 10
2 11 16
2 11 20
2 11 21
2 11 24
2 11 30
2 11 33
2 11 34
2 11 36
2 11 38
2 11 39
2 12 1
2 12 2
2 12 5
2 12 8
2 12 9
2 12 13
2 12 16
2 12 17
2 12 20
2 12 26
2 12 27
2 12 29
2 12 30
2 12 35
2 12 45
2 13 0
2 13 3
2 13 8
2 13 10
2 13 11
2 13 13
2 13 14
2 13 15
2 13 18
2 13 22
2 13 24
2 13 26
2 13 44
2 14 0
2 14 1
2 14 5
2 14 7
2 14 10
2 14 11
2 14 14
2 14 15
2 14 16
2 14 21
2 14 23
2 14 35
2 15 3
2 15 5
2 15 7
2 15 9
2 15 14
2 15 16
2 15 17
2 15 18
2 15 20
2 15 21
2 15 22
2 15 23
2 15 24
2 15 31
2 15 41
2 16 1
2 16 8
2 16 9
2 16 11
2 16 12
2 16 13
2 16 17
2 16 18
2 16 22
2 16 24
2 16 29
2 16 35
2 16 40
2 16 41
2 17 3
2 17 4
2 17 5
2 17 6
2 17 9
2 17 10
2 17 12
2 17 14
2 17 20
2 17 21
2 17 22
2 17 23
2 17 24
2 17 34
2 18 0
2 18 3
2 18 4
2 18 5
2 18 9
2 18 10
2 18 11
2 18 12
2 18 13
2 18 14
2 18 17
2 18 18
2 18 31
2 18 39
2 18 43
2 19 3
2 19 7
2 19 10
2 19 14
2 19 16
2 19 17
2 19 18
2 19 22
2 19 24
2 19 26
2 19 36
2 19 40
2 19 41
2 19 50
2 20 1
2 20 3
2 20 5
2 20 9
2 20 11
2 20 15
2 20 17
2 20 20
2 20 21
2 20 22
2 20 23
2 20 24
2 20 35
2 20 38
2 20 49
2 21 2
2 21 3
2 21 6
2 21 8
2 21 9
2 21 10
2 21 13
2 21 15
2 21 19
2 21 20
2 21 23
2 21 38
2 21 43
2 21 47
2 22 0
2 22 2
2 22 4
2 22 7
2 22 9
2 22 11
2 22 15
2 22 16
2 22 17
2 22 19
2 22 20
2 22 21
2 22 43
2 22 49
2 23 0
2 23 1
2 23 2
2 23 6
2 23 7
2 23 8
2 23 9
2 23 10
2 23 12
2 23 14
2 23 16
2 23 18
2 23 19
2 23 21
2 23 22
2 23 23
2 23 25
2 23 44
2 23 47
2 24 11
2 24 16
2 24 22
2 24 28
2 24 36
2 24 38
2 24 42
2 24 45
2 25 1
2 25 24
2 25 31
2 25 41
2 25 43
2 25 50
2 26 8
2 26 9
2 26 17
2 26 25
2 26 26
2 26 27
2 26 47
2 26 49
2 27 0
2 27 9
2 27 13
2 27 14
2 27 18
2 27 28
2 27 32
2 27 42
2 28 2
2 28 3
2 28 32
2 28 34
2 28 40
2 28 42
2 28 45
2 28 46
2 29 0
2 29 11
2 29 26
2 29 30
2 29 38
2 29 42
2 29 49
2 30 0
2 30 8
2 30 11
2 30 34
2 31 11
2 31 14
2 31 25
2 31 29
2 31 30
2 31 40
2 32 0
2 32 1
2 32 4
2 32 6
2 32 8
2 32 15
2 32 17
2 32 31
2 32 33
2 32 36
2 32 41
2 32 42
2 33 20
2 33 40
2 34 17
2 34 19
2 34 26
2 34 29
2 34 34
2 34 35
2 34 47
2 35 2
2 35 5
2 35 24
2 35 37
2 36 2
2 36 3
2 36 6
2 36 10
2 36 27
2 36 36
2 36 40
2 36 43
2 36 45
2 36 49
2 37 10
2 37 13
2 37 20
2 37 28
2 37 29
2 37 38
2 37 50
2 38 1
2 38 14
2 38 19
2 38 21
2 38 22
2 38 26
2 38 36
2 38 45
2 39 0
2 39 14
2 39 15
2 39 17
2 39 22
2 39 29
2 39 31
2 39 36
2 40 3
2 40 8
2 40 10
2 40 11
2 40 16
2 40 18
2 40 22
2 40 31
2 40 33
2 40 38
2 40 39
2 40 47
2 41 1
2 41 5
2 41 13
2 41 21
2 41 22
2 41 25
2 41 33
2 41 34
2 41 37
2 41 44
2 41 50
2 42 7
2 42 14
2 42 23
2 42 27
2 42 33
2 42 40
2 42 41
2 42 50
2 43 2
2 43 8
2 43 9
2 43 11
2 43 18
2 43 23
2 43 26
2 43 32
2 43 38
2 44 5
2 44 12
2 44 13
2 44 14
2 44 23
2 44 25
2 44 26
2 44 28
2 44 32
2 44 34
2 44 39
2 44 43
2 44 44
2 44 49
2 45 6
2 45 10
2 45 42
2 45 48
2 46 9
2 46 15
2 46 19
2 46 26
2 46 28
2 46 39
2 46 47
2 47 13
2 47 28
2 47 31
2 47 37
2 47 50
2 48 0
2 48 3
2 48 6
2 48 10
2 48 27
2 48 32