1395
3
28 30 28
364

529 0 0 678 0 0 0 40 22 0 98 0 0 5 20 16 0 0 26 31 0 0 0 0 0 0 32 0
0 511 0 548 0 776 862 0 0 60 32 7 79 24 0 0 100 0 6 15 0 32 0 0 0 0 66 0 5 0
997 305 0 840 0 0 0 0 0 0 26 0 2 83 37 0 80 0 0 0 0 81 45 0 0 0 0 60

0 0 15
0 0 17
0 1 3
0 1 4
0 1 10
0 1 11
0 1 12
0 1 18
0 1 21
0 1 26
0 2 3
0 2 4
0 2 6
0 3 6
0 3 7
0 3 19
0 4 2
0 4 4
0 4 5
0 4 10
0 4 16
0 5 2
0 5 3
0 5 7
0 5 9
0 5 15
0 5 19
0 5 21
0 5 27
0 6 2
0 6 3
0 6 4
0 6 5
0 6 12
0 6 13
0 6 14
0 6 16
0 6 17
0 6 20
0 6 29
0 7 0
0 7 1
0 7 3
0 7 6
0 7 8
0 7 9
0 7 15
0 7 16
0 7 17
0 7 18
0 7 19
0 7 21
0 7 22
0 7 24
0 7 26
0 7 29
0 8 0
0 8 7
0 8 12
0 8 14
0 8 16
0 8 19
0 8 21
0 8 23
0 8 27
0 9 0
0 9 2
0 9 9
0 9 13
0 9 14
0 9 19
0 9 20
0 9 23
0 9 27
0 10 9
0 10 12
0 10 18
0 10 21
0 10 22
0 10 29
0 11 5
0 11 6
0 11 8
0 11 17
0 11 22
0 11 25
0 11 27
0 12 1
0 12 6
0 12 8
0 12 15
0 12 17
0 12 21
0 12 22
0 13 6
0 13 11
0 13 12
0 13 14
0 13 27
0 13 28
0 13 29
0 14 2
0 14 11
0 14 13
0 14 16
0 14 24
0 14 28
0 14 29
0 15 3
0 15 9
0 15 12
0 15 24
0 15 29
0 16 8
0 16 10
0 16 14
0 16 19
0 16 23
0 16 26
0 16 27
0 17 1
0 17 2
0 17 7
0 17 10
0 17 13
0 17 16
0 17 25
0 17 27
0 18 5
0 18 11
0 18 18
0 18 22
0 18 25
0 18 26
0 19 10
0 19 14
0 19 16
0 19 20
0 19 23
0 19 27
0 19 29
0 20 6
0 20 9
0 20 12
0 20 13
0 20 14
0 20 18
0 20 19
0 20 20
0 20 22
0 20 23
0 20 25
0 20 29
0 21 2
0 21 8
0 21 11
0 21 14
0 21 16
0 21 18
0 21 20
0 21 22
0 21 26
0 22 5
0 22 15
0 22 19
0 22 22
0 22 23
0 23 12
0 23 13
0 23 17
0 23 19
0 23 20
0 23 23
0 24 8
0 24 10
0 24 21
0 25 3
0 25 10
0 25 22
0 25 28
0 26 15
0 26 17
0 26 27
0 27 3
0 27 7
0 27 8
0 27 10
0 27 20
1 0 0
1 0 5
1 0 6
1 0 7
1 0 10
1 0 13
1 0 18
1 1 1
1 1 3
1 1 14
1 2 2
1 2 4
1 2 6
1 2 20
1 2 25
1 2 27
1 3 0
1 3 3
1 3 4
1 3 5
1 3 7
1 3 15
1 3 24
1 4 0
1 4 1
1 4 4
1 4 6
1 4 10
1 4 15
1 4 19
1 4 20
1 5 0
1 5 1
1 5 6
1 5 12
1 5 17
1 6 1
1 6 7
1 6 12
1 7 2
1 7 13
1 8 13
1 8 22
1 8 24
1 9 0
1 9 7
1 9 13
1 9 17
1 10 1
1 10 3
1 10 4
1 10 15
1 10 18
1 10 19
1 10 20
1 10 25
1 11 1
1 11 2
1 11 4
1 11 7
1 11 8
1 11 12
1 11 25
1 12 3
1 12 7
1 12 12
1 12 14
1 12 16
1 12 18
1 12 20
1 12 27
1 13 1
1 13 10
1 13 14
1 13 20
1 13 24
1 13 27
1 14 9
1 14 13
1 14 22
1 14 24
1 14 26
1 14 27
1 15 3
1 15 6
1 15 9
1 15 14
1 15 17
1 15 18
1 15 19
1 15 20
1 15 21
1 15 26
1 16 9
1 16 11
1 16 13
1 16 15
1 16 18
1 16 21
1 16 22
1 16 24
1 16 26
1 16 27
1 17 8
1 17 10
1 17 16
1 17 18
1 17 23
1 18 0
1 18 3
1 18 4
1 18 8
1 18 10
1 18 12
1 18 13
1 18 16
1 18 19
1 18 26
1 19 4
1 19 9
1 19 18
1 19 20
1 20 0
1 20 7
1 20 12
1 20 14
1 20 21
1 20 24
1 20 25
1 21 12
1 21 16
1 22 4
1 22 5
1 22 15
1 22 16
1 22 19
1 23 6
1 23 9
1 23 19
1 23 21
1 23 22
1 23 26
1 24 1
1 24 3
1 24 5
1 24 6
1 24 8
1 24 13
1 24 17
1 24 21
1 24 24
1 25 0
1 25 3
1 25 13
1 25 21
1 25 22
1 25 23
1 26 20
1 27 7
1 27 9
1 27 15
1 27 17
1 27 20
1 27 23
1 27 25
1 27 27
1 28 11
1 28 18
1 29 6
1 29 7
1 29 14
1 29 15
1 29 17
1 29 18
1 29 22
1 29 25