1312
8
19 19 20 19 19 19 19 19
477

779 244 151 186 0 0 868 0 332 25 0 11 0 0 35 0 46 0 74
473 221 807 0 0 305 0 585 139 17 88 0 0 55 0 0 0 26 0
838 431 211 0 510 685 3 0 217 75 0 0 63 0 0 88 0 71 35 72
0 0 249 0 0 0 0 0 0 0 0 0 55 8 44 14 0 52 51
617 662 820 75 353 0 0 36 473 0 31 89 0 30 0 59 54 0 31
0 0 0 140 0 0 0 0 69 5 0 0 0 0 0 0 8 68 0
747 0 0 0 125 0 741 0 351 0 0 75 0 41 45 78 0 90 35
826 792 0 0 0 395 0 0 241 0 0 71 0 24 0 65 60 0 0

0 0 2
0 0 4
0 1 0
0 1 2
0 1 6
0 1 7
0 1 8
0 1 11
0 1 16
0 2 3
0 2 4
0 2 6
0 3 0
0 3 5
0 4 0
0 4 5
0 4 8
0 4 14
0 5 1
0 5 2
0 5 3
0 5 6
0 5 8
0 5 9
0 6 1
0 6 3
0 6 7
0 6 16
0 7 0
0 8 7
0 8 8
0 9 4
0 9 11
0 9 12
0 9 13
0 9 15
0 9 16
0 9 17
0 10 5
0 10 10
0 10 12
0 10 13
0 10 14
0 10 16
0 11 13
0 11 15
0 11 16
0 11 17
0 12 2
0 12 3
0 12 4
0 12 10
0 12 12
0 13 3
0 13 5
0 13 15
0 13 17
0 14 1
0 14 6
0 14 13
0 14 14
0 15 10
0 15 14
0 15 17
0 16 6
0 16 10
0 16 13
0 16 14
0 16 16
0 17 11
0 17 17
0 18 0
0 18 4
0 18 9
0 18 11
0 18 15
1 0 3
1 0 6
1 0 7
1 0 12
1 1 0
1 1 1
1 1 2
1 1 4
1 1 7
1 1 8
1 1 15
1 2 3
1 2 6
1 2 7
1 2 9
1 3 2
1 3 19
1 4 4
1 4 7
1 4 8
1 5 1
1 5 4
1 5 5
1 5 8
1 5 9
1 5 18
1 6 9
1 7 0
1 7 19
1 8 0
1 8 1
1 8 5
1 8 11
1 8 16
1 9 9
1 9 10
1 9 11
1 9 12
1 9 15
1 9 16
1 10 7
1 10 11
1 10 15
1 10 16
1 11 9
1 11 11
1 11 15
1 11 17
1 11 18
1 12 10
1 12 15
1 13 12
1 13 13
1 13 14
1 13 15
1 13 17
1 14 8
1 14 12
1 15 9
1 15 14
1 15 19
1 16 6
1 16 13
1 16 14
1 16 15
1 16 16
1 17 8
1 17 11
1 17 12
1 17 13
1 17 17
1 17 19
1 18 6
1 18 9
1 18 10
1 18 16
1 18 18
2 0 0
2 0 11
2 2 1
2 2 8
2 4 0
2 4 8
2 4 13
2 5 0
2 5 7
2 6 18
2 7 3
2 7 12
2 7 13
2 7 18
2 9 1
2 9 12
2 9 14
2 9 15
2 9 16
2 10 13
2 10 16
2 10 18
2 11 4
2 11 9
2 11 13
2 11 14
2 11 15
2 11 16
2 12 13
2 12 15
2 12 17
2 12 18
2 13 2
2 13 9
2 13 11
2 13 12
2 13 14
2 14 11
2 14 17
2 14 18
2 15 3
2 15 9
2 15 10
2 15 11
2 15 13
2 15 14
2 16 5
2 16 10
2 17 4
2 17 13
2 17 15
2 17 17
2 17 18
2 18 10
2 18 14
2 18 17
2 19 1
2 19 12
2 19 13
2 19 15
2 19 16
3 0 8
3 0 13
3 1 3
3 1 5
3 1 8
3 1 15
3 2 0
3 2 3
3 2 7
3 2 13
3 2 15
3 2 16
3 2 18
3 3 6
3 4 4
3 4 9
3 4 10
3 4 15
3 5 0
3 6 7
3 6 9
3 6 10
3 7 12
3 7 18
3 8 1
3 8 5
3 8 6
3 8 7
3 8 8
3 9 9
3 9 12
3 9 14
3 9 15
3 9 17
3 10 3
3 10 11
3 10 12
3 10 15
3 11 14
3 11 15
3 11 16
3 12 12
3 12 17
3 13 6
3 13 9
3 13 10
3 13 18
3 14 9
3 14 13
3 14 15
3 14 16
3 14 18
3 15 9
3 15 11
3 15 17
3 16 5
3 16 9
3 16 10
3 16 13
3 16 18
3 17 9
3 17 13
3 18 3
3 18 12
3 18 13
3 18 14
3 18 15
3 18 16
4 0 0
4 0 6
4 1 0
4 1 1
4 1 2
4 2 0
4 2 2
4 2 8
4 3 7
4 3 8
4 3 11
4 4 8
4 4 13
4 5 2
4 5 7
4 5 9
4 5 13
4 6 17
4 7 0
4 7 7
4 8 0
4 8 6
4 8 8
4 8 17
4 9 11
4 9 13
4 10 10
4 10 12
4 10 13
4 10 15
4 10 17
4 11 2
4 11 8
4 11 9
4 11 10
4 11 11
4 11 12
4 11 13
4 11 16
4 11 17
4 11 18
4 12 9
4 12 10
4 12 12
4 12 15
4 12 18
4 13 5
4 13 8
4 13 10
4 13 15
4 14 9
4 14 10
4 14 14
4 14 16
4 14 18
4 15 8
4 16 9
4 16 12
4 16 13
4 17 9
4 17 10
4 17 11
4 17 13
4 17 14
4 17 16
4 17 17
4 18 9
4 18 10
4 18 14
4 18 15
5 0 18
5 1 1
5 1 2
5 1 8
5 2 5
5 2 6
5 2 8
5 2 18
5 3 1
5 3 12
5 4 2
5 4 3
5 4 4
5 4 12
5 5 6
5 5 7
5 6 11
5 7 1
5 7 16
5 8 4
5 9 1
5 9 9
5 9 13
5 9 18
5 10 11
5 10 12
5 10 14
5 11 7
5 11 10
5 11 11
5 11 16
5 11 17
5 12 11
5 12 14
5 12 16
5 13 4
5 13 9
5 13 15
5 13 16
5 14 9
5 14 13
5 15 5
5 15 8
5 15 9
5 15 12
5 16 7
5 16 11
5 16 14
5 16 17
5 16 18
5 17 1
5 17 13
5 17 17
5 17 18
5 18 5
5 18 12
5 18 13
5 18 16
5 18 17
6 0 6
6 0 10
6 1 0
6 1 1
6 1 2
6 1 6
6 1 16
6 2 1
6 2 3
6 2 15
6 2 18
6 3 2
6 3 4
6 3 5
6 3 7
6 3 9
6 4 7
6 4 8
6 5 2
6 5 5
6 5 6
6 6 1
6 6 2
6 6 3
6 6 8
6 6 9
6 6 18
6 7 2
6 7 3
6 7 14
6 8 8
6 8 9
6 9 2
6 9 10
6 9 16
6 9 18
6 10 14
6 10 17
6 10 18
6 11 9
6 11 15
6 11 18
6 12 2
6 12 9
6 12 10
6 12 12
6 12 15
6 12 17
6 13 7
6 13 9
6 13 10
6 13 12
6 13 18
6 14 11
6 14 12
6 14 17
6 15 10
6 15 16
6 16 7
6 16 9
6 17 9
6 17 10
6 17 11
6 17 16
6 18 9
6 18 11