706
4
32 33 33 33
602

530 500 190 0 0 319 335 0 720 0 0 754 442 750 0 0 0 0 23 0 0 0 0 27 0 84 0 12 34 2 0 60
0 806 0 26 97 526 0 231 0 0 0 0 929 448 208 0 0 65 12 64 0 34 7 39 0 0 39 86 56 0 46 32 0
0 0 0 0 117 0 0 346 0 610 0 111 0 0 0 129 0 41 11 95 35 0 53 0 79 8 59 0 56 0 71 0 0
0 0 271 782 0 358 700 1000 956 305 0 436 270 0 716 82 0 0 0 78 0 0 93 78 8 0 0 95 0 0 47 32 0

0 0 0
0 0 2
0 0 5
0 0 6
0 0 7
0 0 10
0 1 2
0 1 3
0 1 6
0 1 7
0 1 9
0 1 14
0 1 15
0 1 18
0 1 22
0 1 24
0 1 28
0 1 32
0 2 3
0 2 4
0 2 9
0 2 10
0 2 11
0 2 12
0 2 13
0 2 21
0 2 25
0 2 31
0 3 3
0 3 4
0 3 6
0 3 13
0 3 14
0 3 23
0 3 24
0 3 29
0 4 1
0 4 14
0 4 23
0 5 1
0 5 4
0 5 5
0 5 7
0 5 9
0 5 13
0 5 14
0 5 15
0 6 1
0 6 2
0 6 9
0 6 12
0 6 14
0 7 0
0 7 1
0 7 3
0 7 7
0 7 8
0 7 10
0 7 14
0 7 15
0 7 20
0 7 22
0 7 23
0 8 2
0 8 4
0 8 5
0 8 6
0 8 8
0 8 10
0 8 17
0 8 23
0 8 26
0 9 3
0 9 10
0 9 11
0 9 13
0 9 14
0 9 18
0 10 0
0 10 1
0 10 2
0 10 4
0 10 7
0 10 11
0 10 16
0 10 32
0 11 0
0 11 1
0 11 3
0 11 4
0 11 10
0 11 15
0 11 23
0 11 30
0 11 32
0 12 0
0 12 5
0 12 6
0 12 8
0 12 9
0 12 10
0 12 12
0 12 20
0 12 22
0 12 27
0 13 5
0 13 7
0 13 8
0 13 13
0 13 22
0 13 30
0 13 31
0 13 32
0 14 7
0 14 9
0 14 10
0 14 11
0 14 13
0 14 18
0 14 19
0 14 24
0 14 28
0 15 3
0 15 6
0 15 27
0 15 31
0 16 0
0 16 9
0 16 12
0 16 16
0 16 17
0 16 23
0 16 24
0 16 26
0 16 27
0 16 32
0 17 16
0 17 17
0 17 21
0 17 29
0 18 11
0 18 17
0 18 25
0 18 26
0 18 30
0 19 3
0 19 4
0 19 14
0 19 15
0 19 19
0 19 20
0 19 28
0 20 6
0 21 4
0 21 16
0 21 22
0 21 30
0 21 31
0 22 1
0 22 3
0 22 15
0 22 17
0 22 26
0 22 27
0 22 29
0 23 25
0 23 26
0 24 6
0 24 13
0 24 15
0 24 22
0 24 29
0 25 1
0 25 8
0 25 20
0 25 30
0 26 4
0 26 14
0 26 20
0 27 6
0 27 11
0 27 13
0 27 26
0 28 16
0 28 22
0 28 32
0 29 6
0 29 17
0 29 21
0 29 24
0 29 25
0 29 31
0 30 5
0 30 7
0 30 17
0 30 26
0 31 2
0 31 20
0 31 22
0 31 24
0 31 32
1 0 1
1 0 6
1 0 7
1 0 8
1 0 10
1 0 11
1 0 14
1 0 20
1 1 2
1 1 3
1 1 5
1 1 6
1 1 7
1 1 8
1 1 12
1 1 15
1 1 31
1 2 0
1 2 12
1 2 15
1 2 23
1 2 31
1 3 1
1 3 2
1 3 4
1 3 5
1 3 8
1 3 11
1 3 12
1 3 14
1 3 20
1 4 7
1 4 11
1 4 14
1 4 19
1 4 24
1 4 28
1 5 5
1 5 10
1 5 11
1 5 12
1 5 14
1 5 15
1 5 17
1 5 18
1 6 9
1 6 11
1 6 14
1 6 22
1 7 0
1 7 2
1 7 14
1 7 15
1 7 20
1 7 29
1 8 0
1 8 1
1 8 2
1 8 7
1 8 8
1 8 10
1 8 11
1 8 12
1 8 13
1 8 14
1 8 18
1 8 23
1 9 0
1 9 3
1 9 7
1 9 8
1 10 4
1 10 5
1 10 6
1 10 7
1 10 9
1 10 12
1 11 4
1 11 5
1 11 7
1 11 8
1 11 10
1 11 13
1 11 32
1 12 0
1 12 4
1 12 11
1 12 13
1 12 32
1 13 1
1 13 2
1 13 3
1 13 4
1 13 5
1 13 6
1 13 9
1 13 10
1 13 11
1 13 14
1 13 24
1 14 0
1 14 3
1 14 6
1 14 8
1 14 11
1 14 13
1 14 14
1 14 15
1 15 1
1 15 6
1 15 7
1 15 21
1 15 26
1 15 27
1 16 6
1 16 7
1 16 10
1 16 16
1 16 30
1 17 0
1 17 2
1 17 7
1 17 8
1 17 19
1 17 28
1 18 8
1 18 10
1 18 22
1 18 23
1 18 24
1 18 32
1 19 0
1 19 1
1 19 21
1 19 24
1 19 30
1 20 2
1 20 4
1 20 9
1 20 17
1 20 23
1 21 6
1 21 19
1 21 22
1 21 23
1 21 31
1 22 12
1 22 16
1 22 18
1 22 30
1 22 31
1 23 10
1 23 15
1 23 32
1 24 1
1 24 13
1 24 25
1 24 26
1 24 28
1 25 1
1 25 4
1 25 20
1 25 28
1 25 29
1 25 32
1 26 7
1 26 16
1 26 24
1 27 7
1 27 17
1 27 21
1 27 23
1 27 28
1 28 16
1 28 22
1 28 30
1 29 2
1 29 4
1 29 17
1 29 23
1 29 32
1 30 2
1 30 8
1 31 1
1 31 15
1 31 17
1 31 18
1 31 27
1 32 2
1 32 6
1 32 9
1 32 20
1 32 30
2 0 1
2 0 3
2 0 4
2 0 6
2 0 7
2 0 9
2 0 15
2 0 32
2 1 1
2 1 2
2 1 10
2 1 12
2 1 14
2 1 18
2 1 19
2 1 27
2 2 0
2 2 5
2 2 7
2 2 9
2 2 10
2 2 12
2 2 14
2 2 31
2 3 0
2 3 3
2 3 7
2 3 8
2 3 15
2 3 22
2 3 29
2 4 1
2 4 3
2 4 7
2 4 8
2 4 12
2 4 15
2 5 0
2 5 1
2 5 3
2 5 4
2 5 5
2 5 12
2 5 14
2 5 16
2 6 1
2 6 5
2 6 6
2 6 7
2 6 9
2 6 10
2 6 12
2 6 13
2 7 6
2 7 11
2 7 13
2 7 16
2 7 17
2 7 21
2 8 0
2 8 6
2 8 8
2 8 9
2 8 12
2 8 14
2 8 16
2 8 19
2 9 1
2 9 3
2 9 4
2 9 9
2 9 18
2 9 21
2 9 29
2 9 30
2 9 32
2 10 0
2 10 1
2 10 6
2 10 9
2 10 11
2 10 14
2 10 22
2 11 5
2 11 7
2 11 10
2 11 11
2 11 12
2 11 14
2 11 19
2 11 23
2 12 1
2 12 2
2 12 4
2 12 5
2 12 8
2 12 9
2 12 14
2 12 23
2 12 27
2 13 3
2 13 8
2 13 9
2 13 12
2 13 13
2 14 0
2 14 2
2 14 5
2 14 7
2 14 9
2 14 19
2 14 24
2 15 0
2 15 2
2 15 3
2 15 6
2 15 7
2 15 11
2 15 12
2 15 27
2 15 31
2 16 6
2 16 13
2 16 27
2 17 13
2 17 15
2 17 21
2 18 17
2 18 24
2 18 25
2 18 32
2 19 2
2 19 7
2 19 9
2 19 10
2 20 1
2 20 2
2 20 5
2 20 18
2 20 22
2 20 27
2 20 29
2 21 3
2 21 5
2 21 6
2 21 15
2 21 18
2 22 1
2 22 3
2 22 9
2 22 18
2 22 23
2 22 27
2 22 30
2 23 11
2 23 17
2 23 22
2 23 23
2 23 24
2 23 25
2 23 26
2 23 28
2 23 32
2 24 15
2 24 19
2 24 28
2 25 1
2 25 15
2 25 21
2 25 28
2 25 32
2 26 12
2 26 26
2 26 27
2 26 29
2 26 30
2 27 12
2 27 19
2 27 22
2 27 23
2 27 25
2 27 29
2 28 0
2 28 3
2 28 14
2 28 16
2 28 21
2 28 23
2 28 25
2 29 17
2 29 27
2 29 28
2 30 7
2 30 10
2 30 23
2 30 28
2 30 31
2 31 11
2 31 15
2 31 24
2 32 3
2 32 12
2 32 14
2 32 21
2 32 23
2 32 25
2 32 29
2 32 32