2217
3
39 38 38
539

0 551 0 145 0 362 0 0 0 638 0 276 0 937 364 355 0 39 67 34 0 52 6 0 10 89 0 98 20 76 27 0 15 57 59 37 99 0 45
294 260 527 880 0 0 421 0 0 109 270 0 0 844 0 0 86 51 28 21 0 0 0 0 0 91 46 87 36 59 84 71 37 0 80 0 90 19
0 660 10 0 364 598 307 978 0 685 0 0 0 0 279 0 71 0 0 80 55 0 0 29 0 0 74 85 48 7 0 94 95 0 0 0 0 12

0 0 3
0 0 8
0 0 14
0 0 15
0 0 22
0 0 24
0 0 28
0 0 31
0 0 37
0 1 1
0 1 4
0 1 8
0 1 21
0 1 33
0 2 6
0 2 7
0 2 8
0 2 20
0 2 21
0 2 22
0 2 27
0 3 11
0 3 12
0 3 14
0 3 19
0 3 34
0 4 0
0 4 3
0 4 5
0 4 11
0 5 3
0 5 9
0 5 10
0 5 13
0 6 0
0 6 8
0 6 12
0 6 29
0 7 0
0 7 1
0 7 2
0 7 4
0 7 6
0 7 13
0 7 25
0 7 33
0 8 17
0 8 19
0 8 22
0 9 6
0 9 7
0 9 13
0 9 33
0 10 0
0 10 1
0 10 8
0 10 11
0 10 14
0 11 2
0 11 19
0 11 20
0 11 30
0 12 2
0 12 5
0 12 6
0 12 11
0 12 12
0 12 14
0 12 30
0 12 32
0 12 36
0 13 4
0 13 6
0 13 10
0 14 2
0 14 8
0 14 16
0 14 26
0 14 37
0 15 12
0 15 19
0 15 20
0 15 22
0 15 35
0 15 37
0 16 2
0 16 15
0 16 18
0 16 19
0 16 22
0 16 24
0 16 29
0 16 33
0 16 36
0 17 8
0 17 20
0 17 24
0 17 26
0 17 37
0 18 0
0 18 19
0 18 24
0 18 30
0 18 32
0 18 35
0 19 0
0 19 2
0 19 8
0 19 12
0 19 13
0 19 17
0 19 19
0 19 20
0 19 27
0 19 29
0 19 31
0 19 35
0 20 1
0 20 12
0 20 19
0 20 20
0 20 29
0 20 35
0 21 14
0 21 16
0 21 21
0 21 22
0 21 24
0 21 25
0 21 26
0 21 27
0 21 30
0 21 34
0 21 36
0 21 37
0 22 6
0 22 20
0 22 25
0 22 27
0 22 28
0 22 30
0 22 31
0 22 35
0 23 2
0 23 16
0 23 19
0 23 21
0 23 23
0 23 24
0 23 32
0 23 33
0 23 34
0 24 19
0 24 21
0 24 23
0 24 30
0 25 1
0 25 3
0 25 8
0 25 16
0 25 18
0 25 19
0 25 21
0 25 22
0 25 24
0 25 28
0 25 34
0 25 35
0 25 37
0 26 0
0 26 13
0 26 18
0 26 21
0 26 22
0 26 28
0 26 30
0 26 35
0 27 16
0 27 20
0 27 22
0 27 23
0 27 27
0 27 29
0 27 34
0 28 6
0 28 18
0 28 19
0 28 22
0 28 24
0 28 34
0 29 4
0 29 5
0 29 12
0 29 14
0 29 16
0 29 17
0 29 20
0 29 21
0 29 23
0 29 35
0 29 36
0 29 37
0 30 16
0 30 18
0 30 19
0 30 20
0 30 21
0 30 22
0 30 23
0 30 25
0 30 34
0 30 35
0 31 0
0 31 17
0 31 19
0 31 22
0 31 25
0 31 27
0 31 29
0 31 33
0 31 37
0 32 19
0 32 22
0 32 26
0 32 28
0 32 32
0 33 4
0 33 11
0 33 16
0 33 20
0 33 21
0 33 25
0 33 28
0 33 29
0 33 31
0 33 32
0 34 6
0 34 15
0 34 16
0 34 21
0 34 22
0 34 31
0 34 32
0 34 34
0 34 36
0 35 16
0 35 18
0 35 22
0 35 27
0 35 29
0 35 33
0 36 0
0 36 13
0 36 18
0 36 25
0 36 26
0 36 27
0 36 36
0 36 37
0 37 21
0 37 22
0 37 23
0 37 29
0 37 33
0 37 36
0 38 18
0 38 23
0 38 28
0 38 29
0 38 32
0 38 35
0 38 36
1 0 0
1 0 1
1 0 15
1 0 27
1 0 30
1 1 3
1 1 4
1 1 7
1 1 22
1 2 3
1 2 14
1 2 15
1 2 20
1 2 27
1 3 24
1 3 31
1 4 4
1 4 6
1 4 10
1 4 14
1 4 27
1 5 4
1 5 10
1 6 4
1 6 15
1 6 31
1 7 0
1 7 6
1 7 14
1 7 25
1 7 28
1 7 33
1 8 3
1 8 5
1 8 6
1 8 9
1 8 13
1 8 23
1 8 32
1 8 34
1 9 0
1 9 6
1 9 7
1 9 12
1 9 18
1 9 22
1 9 24
1 9 27
1 9 31
1 9 34
1 10 3
1 10 14
1 11 6
1 11 10
1 11 22
1 11 30
1 12 0
1 12 1
1 12 5
1 12 6
1 12 7
1 12 23
1 12 27
1 13 0
1 13 6
1 13 15
1 13 27
1 14 1
1 14 2
1 14 6
1 14 7
1 14 12
1 14 18
1 14 22
1 14 26
1 14 37
1 15 3
1 15 6
1 15 7
1 15 11
1 15 23
1 15 32
1 15 34
1 16 6
1 16 10
1 16 20
1 16 21
1 16 22
1 16 23
1 16 24
1 16 26
1 16 35
1 17 5
1 17 11
1 17 20
1 17 23
1 17 26
1 17 31
1 18 8
1 18 10
1 18 18
1 18 21
1 18 22
1 18 24
1 18 25
1 18 27
1 18 32
1 18 33
1 19 1
1 19 11
1 19 18
1 19 22
1 19 23
1 19 25
1 19 27
1 19 28
1 19 29
1 19 31
1 19 35
1 20 15
1 20 19
1 20 22
1 20 24
1 20 27
1 20 28
1 20 33
1 20 37
1 21 9
1 21 23
1 21 29
1 21 32
1 21 36
1 22 3
1 22 5
1 22 12
1 22 14
1 22 16
1 22 17
1 22 19
1 22 21
1 22 22
1 22 25
1 22 26
1 22 29
1 22 30
1 22 32
1 22 36
1 22 37
1 23 23
1 23 24
1 23 27
1 23 30
1 23 31
1 23 32
1 23 35
1 24 11
1 24 18
1 24 25
1 24 29
1 24 31
1 25 18
1 25 21
1 25 23
1 25 26
1 25 29
1 25 35
1 26 0
1 26 11
1 26 23
1 26 24
1 26 26
1 26 30
1 26 35
1 26 37
1 27 16
1 27 22
1 27 24
1 27 25
1 27 26
1 27 32
1 27 34
1 28 15
1 28 16
1 28 18
1 28 21
1 28 23
1 28 25
1 28 26
1 28 29
1 28 31
1 29 10
1 29 16
1 29 20
1 29 25
1 29 28
1 30 1
1 30 15
1 30 20
1 30 21
1 30 23
1 30 25
1 30 26
1 30 27
1 30 28
1 30 34
1 31 6
1 31 19
1 31 21
1 31 33
1 31 37
1 32 2
1 32 7
1 32 9
1 32 12
1 32 17
1 32 18
1 32 19
1 32 22
1 32 26
1 32 27
1 32 31
1 32 33
1 32 34
1 32 37
1 33 3
1 33 13
1 33 17
1 33 26
1 33 28
1 33 29
1 33 36
1 34 3
1 34 6
1 34 9
1 34 13
1 34 15
1 34 16
1 34 23
1 34 25
1 34 26
1 34 27
1 34 31
1 34 34
1 34 36
1 35 1
1 35 8
1 35 10
1 35 19
1 35 20
1 35 26
1 35 27
1 36 7
1 36 11
1 36 15
1 36 18
1 36 22
1 36 23
1 36 33
1 36 35
1 36 37
1 37 16
1 37 19
1 37 22
1 37 28
1 37 29
1 37 32
1 37 34