1505
6
31 30 30 29 29 30
814

423 56 0 275 0 302 0 986 655 47 0 0 66 70 58 0 0 0 0 0 14 86 50 68 0 96 0 5 0 36 44
745 167 0 579 0 319 0 0 0 0 78 17 0 56 23 81 0 0 70 0 63 53 0 0 0 3 81 92 0 0
0 0 998 395 0 978 347 0 769 0 0 0 0 0 0 17 0 0 0 56 0 71 82 5 0 0 49 20 81 46
454 611 0 0 0 867 0 841 0 49 42 0 0 28 64 0 0 0 0 51 80 31 0 76 99 0 0 0 0
0 0 547 0 519 713 859 0 62 0 0 19 11 0 47 0 33 0 29 0 0 0 0 0 13 0 0 37 85
0 0 366 0 0 547 929 0 0 0 0 3 0 29 0 0 0 0 48 35 0 96 83 80 36 0 0 0 30 6

0 0 1
0 0 3
0 0 6
0 0 7
0 0 14
0 0 22
0 1 5
0 1 7
0 1 8
0 1 14
0 1 24
0 1 27
0 2 0
0 2 2
0 2 4
0 2 5
0 2 9
0 2 10
0 2 25
0 3 0
0 3 3
0 3 4
0 3 7
0 3 9
0 3 14
0 3 19
0 3 21
0 4 2
0 4 5
0 4 6
0 4 13
0 4 15
0 4 17
0 5 4
0 5 6
0 5 7
0 5 15
0 5 18
0 5 19
0 5 28
0 6 1
0 6 2
0 6 3
0 6 6
0 6 7
0 6 9
0 6 16
0 6 21
0 6 28
0 7 2
0 7 3
0 7 6
0 7 14
0 8 0
0 8 1
0 8 2
0 8 4
0 8 5
0 9 11
0 9 21
0 9 22
0 9 25
0 10 9
0 10 11
0 10 16
0 10 24
0 10 28
0 11 3
0 11 7
0 11 17
0 11 18
0 12 9
0 12 10
0 12 11
0 12 17
0 12 20
0 12 25
0 13 9
0 13 10
0 13 13
0 13 19
0 13 20
0 13 28
0 14 13
0 14 18
0 14 20
0 14 25
0 14 26
0 14 28
0 15 13
0 15 15
0 15 28
0 16 13
0 16 17
0 16 25
0 17 18
0 17 24
0 18 3
0 18 7
0 18 17
0 18 19
0 18 28
0 19 25
0 20 9
0 20 12
0 20 13
0 20 16
0 20 24
0 21 1
0 21 12
0 21 21
0 21 26
0 21 28
0 22 1
0 22 17
0 22 19
0 22 25
0 23 2
0 23 9
0 23 10
0 23 12
0 23 16
0 23 17
0 23 20
0 23 25
0 24 1
0 24 5
0 24 14
0 24 19
0 24 22
0 25 1
0 25 2
0 25 4
0 25 18
0 25 21
0 25 24
0 25 25
0 25 29
0 26 1
0 26 9
0 26 11
0 26 15
0 26 22
0 27 11
0 27 15
0 27 28
0 28 1
0 28 9
0 28 10
0 28 13
0 28 14
0 28 24
0 28 25
0 29 7
0 29 13
0 29 14
0 29 19
0 29 20
0 29 22
0 29 23
0 29 29
0 30 0
0 30 7
0 30 9
0 30 17
0 30 23
0 30 24
1 0 3
1 0 4
1 0 6
1 0 7
1 0 8
1 0 11
1 0 16
1 1 2
1 1 7
1 1 11
1 1 22
1 2 0
1 2 1
1 2 4
1 2 6
1 2 7
1 2 8
1 2 13
1 3 0
1 3 3
1 3 5
1 3 8
1 3 13
1 3 22
1 4 3
1 4 6
1 4 8
1 4 24
1 4 28
1 5 0
1 5 1
1 5 2
1 5 3
1 5 5
1 5 6
1 5 7
1 5 14
1 6 2
1 6 3
1 6 5
1 6 13
1 6 28
1 7 0
1 7 1
1 7 4
1 7 6
1 7 7
1 7 9
1 7 11
1 7 14
1 7 24
1 8 0
1 8 2
1 8 8
1 8 18
1 8 25
1 8 28
1 9 0
1 9 13
1 9 14
1 9 24
1 9 28
1 10 4
1 10 9
1 10 14
1 10 17
1 10 26
1 10 28
1 11 2
1 11 4
1 11 10
1 11 12
1 11 13
1 11 20
1 11 21
1 11 26
1 12 0
1 12 7
1 12 12
1 12 18
1 12 21
1 13 8
1 13 17
1 13 18
1 13 20
1 13 27
1 14 1
1 14 5
1 14 11
1 14 16
1 14 17
1 14 19
1 14 28
1 15 23
1 15 25
1 15 26
1 16 0
1 16 8
1 16 10
1 16 13
1 16 16
1 16 18
1 16 19
1 17 2
1 17 3
1 17 9
1 17 10
1 17 14
1 18 6
1 18 22
1 18 23
1 18 26
1 18 29
1 19 8
1 19 10
1 19 13
1 19 14
1 19 19
1 19 20
1 19 21
1 19 25
1 19 28
1 20 9
1 20 10
1 20 19
1 20 29
1 21 6
1 21 10
1 21 20
1 21 21
1 22 5
1 22 6
1 22 25
1 23 8
1 23 10
1 23 11
1 23 12
1 23 14
1 23 18
1 23 20
1 24 7
1 24 10
1 24 14
1 24 20
1 24 24
1 25 1
1 25 8
1 25 11
1 25 15
1 25 16
1 25 22
1 25 23
1 25 24
1 25 27
1 26 0
1 26 22
1 26 24
1 26 26
1 27 20
1 27 27
1 28 2
1 28 6
1 28 7
1 28 12
1 28 13
1 28 14
1 28 16
1 28 17
1 28 23
1 29 5
1 29 6
1 29 19
1 29 22
1 29 23
1 29 29
2 0 0
2 0 2
2 0 3
2 0 5
2 0 8
2 0 21
2 0 27
2 1 0
2 1 3
2 1 5
2 1 8
2 1 14
2 2 1
2 2 2
2 2 3
2 2 4
2 2 22
2 3 3
2 3 5
2 3 6
2 3 7
2 3 26
2 4 1
2 4 2
2 4 3
2 4 5
2 4 7
2 4 15
2 4 21
2 4 27
2 4 28
2 5 1
2 5 5
2 5 6
2 5 7
2 5 10
2 5 20
2 5 28
2 6 3
2 6 4
2 6 13
2 6 23
2 7 0
2 7 1
2 7 3
2 7 4
2 7 15
2 7 28
2 8 0
2 8 1
2 8 12
2 8 15
2 8 26
2 9 11
2 9 13
2 9 17
2 9 21
2 9 27
2 10 7
2 10 19
2 10 23
2 10 25
2 10 27
2 11 5
2 11 7
2 11 8
2 11 13
2 11 16
2 11 17
2 11 18
2 11 21
2 11 23
2 11 25
2 11 27
2 12 1
2 12 3
2 12 11
2 12 25
2 13 1
2 13 10
2 13 17
2 14 0
2 14 9
2 14 19
2 14 22
2 14 27
2 15 5
2 15 7
2 15 10
2 15 22
2 15 25
2 15 27
2 16 9
2 16 10
2 16 13
2 16 19
2 16 21
2 16 25
2 16 28
2 17 7
2 17 9
2 17 11
2 17 15
2 17 18
2 17 19
2 18 2
2 18 5
2 18 6
2 18 8
2 18 11
2 18 15
2 18 19
2 18 25
2 19 0
2 19 4
2 19 13
2 19 19
2 19 26
2 20 6
2 20 7
2 20 10
2 20 25
2 20 26
2 21 16
2 21 26
2 22 6
2 22 8
2 22 9
2 22 22
2 22 23
2 22 25
2 22 27
2 22 28
2 23 1
2 23 7
2 23 16
2 23 19
2 23 20
2 23 21
2 23 23
2 24 6
2 24 17
2 24 21
2 24 26
2 25 9
2 25 10
2 25 13
2 25 20
2 25 22
2 26 8
2 26 14
2 26 16
2 26 18
2 26 24
2 27 9
2 27 11
2 27 13
2 27 16
2 27 18
2 27 26
2 28 3
2 28 14
2 28 17
2 28 28
2 29 2
2 29 10
2 29 13
2 29 16
2 29 21
2 29 27
3 0 6
3 0 8
3 0 10
3 0 15
3 1 0
3 1 2
3 1 11
3 1 13
3 1 17
3 2 3
3 2 5
3 3 1
3 3 2
3 3 4
3 3 5
3 3 6
3 3 19
3 3 23
3 3 26
3 4 0
3 4 3
3 4 4
3 4 6
3 4 10
3 5 0
3 5 2
3 5 3
3 5 4
3 5 6
3 5 7
3 6 0
3 6 3
3 6 13
3 7 0
3 7 1
3 7 3
3 7 4
3 7 5
3 7 6
3 7 9
3 7 10
3 7 12
3 7 20
3 7 22
3 7 24
3 7 25
3 7 28
3 8 3
3 8 4
3 8 13
3 8 17
3 8 21
3 8 25
3 9 7
3 9 11
3 9 14
3 9 15
3 9 21
3 9 26
3 9 28
3 10 1
3 10 7
3 10 15
3 10 19
3 10 22
3 11 10
3 11 12
3 11 13
3 11 16
3 11 17
3 11 25
3 11 26
3 11 28
3 12 19
3 13 14
3 13 15
3 13 17
3 13 27
3 14 12
3 14 13
3 14 23
3 15 7
3 15 10
3 15 14
3 15 15
3 15 19
3 15 23
3 16 0
3 16 1
3 16 19
3 16 23
3 16 26
3 16 27
3 17 1
3 17 13
3 17 22
3 17 25
3 18 12
3 18 16
3 18 27
3 19 4
3 19 8
3 19 12
3 19 13
3 19 15
3 19 16
3 19 19
3 19 20
3 19 24
3 19 26
3 20 3
3 20 10
3 20 15
3 20 20
3 20 21
3 20 22
3 20 24
3 21 2
3 21 8
3 21 11
3 21 12
3 21 18
3 21 19
3 21 21
3 22 1
3 22 4
3 22 17
3 22 27
3 23 2
3 23 4
3 23 10
3 23 12
3 23 18
3 23 20
3 23 22
3 24 7
3 24 25
3 24 26
3 24 27
3 24 28
3 25 9
3 25 14
3 25 17
3 25 20
3 26 23
3 27 8
3 27 9
3 27 10
3 27 12
3 28 9
3 28 10
3 28 21
3 28 25
4 0 4
4 0 6
4 0 8
4 0 14
4 0 18
4 0 24
4 1 0
4 1 1
4 1 7
4 1 8
4 1 26
4 2 3
4 2 4
4 2 9
4 3 1
4 3 2
4 3 3
4 3 4
4 3 8
4 3 18
4 3 22
4 4 1
4 4 2
4 4 3
4 4 4
4 4 5
4 4 12
4 4 20
4 4 26
4 5 7
4 5 8
4 5 12
4 6 2
4 6 7
4 6 14
4 6 17
4 6 18
4 6 22
4 6 24
4 7 1
4 7 2
4 7 7
4 7 12
4 7 16
4 7 17
4 8 0
4 8 2
4 8 9
4 8 18
4 8 21
4 8 25
4 8 26
4 8 29
4 9 10
4 9 16
4 9 21
4 9 26
4 9 29
4 10 10
4 10 11
4 10 14
4 10 18
4 10 20
4 10 21
4 10 23
4 11 4
4 11 9
4 11 10
4 11 25
4 12 1
4 12 3
4 12 8
4 12 17
4 12 22
4 13 9
4 13 11
4 13 20
4 13 23
4 13 25
4 14 1
4 14 5
4 14 8
4 14 13
4 14 20
4 14 21
4 14 23
4 15 10
4 15 12
4 15 18
4 15 24
4 15 26
4 16 2
4 16 5
4 16 9
4 16 12
4 16 17
4 16 22
4 16 27
4 17 4
4 17 18
4 17 21
4 17 27
4 17 28
4 18 27
4 19 2
4 19 9
4 19 29
4 20 3
4 20 5
4 20 11
4 20 12
4 20 13
4 20 18
4 20 20
4 21 5
4 21 12
4 21 14
4 21 17
4 21 25
4 22 5
4 22 12
4 23 5
4 23 7
4 23 13
4 23 22
4 24 10
4 24 11
4 24 13
4 24 17
4 24 21
4 24 24
4 24 26
4 25 8
4 25 12
4 25 13
4 25 14
4 25 18
4 25 25
4 25 26
4 26 23
4 27 12
4 27 13
4 27 16
4 27 21
4 27 28
4 27 29
4 28 9
4 28 24
4 28 29