2784
6
10 10 10 10 10 10
82

0 968 0 52 0 71 40 0 30 45
172 574 96 41 4 48 0 0 0 54
0 848 557 59 24 57 31 0 17 17
0 0 0 0 0 30 0 16 72 54
0 728 0 0 0 1 75 95 3 13
420 0 0 0 35 0 0 0 0 22

0 0 2
0 0 8
0 1 9
0 2 0
0 2 2
0 3 3
0 3 4
0 3 8
0 4 6
0 5 6
0 5 8
0 5 9
0 6 3
0 7 4
0 7 9
0 8 4
0 8 6
0 8 7
0 8 9
1 0 0
1 2 1
1 2 5
1 3 5
1 3 8
1 4 6
1 5 3
1 5 8
1 6 4
1 8 4
1 8 5
1 8 9
1 9 7
1 9 8
2 0 0
2 2 1
2 2 2
2 2 3
2 3 8
2 6 8
2 7 2
2 7 3
2 7 4
2 8 3
2 8 4
2 8 7
2 8 8
2 9 1
2 9 4
2 9 6
3 0 0
3 0 4
3 1 1
3 1 2
3 1 6
3 2 1
3 2 2
3 2 3
3 3 4
3 4 5
3 5 4
3 6 9
3 8 6
3 8 7
3 9 9
4 0 0
4 0 5
4 1 1
4 1 6
4 2 1
4 3 8
4 4 3
4 4 4
4 4 5
4 5 7
4 6 3
4 6 4
4 6 9
4 7 3
4 7 7
4 8 2
4 8 7
4 9 7