2413
5
39 42 39 39 40
1303

512 0 0 0 0 764 0 0 998 0 0 0 4 84 1 0 6 0 86 6 0 28 0 48 78 47 0 74 0 1 45 2 57 81 78 50 38 51 0
0 713 0 0 0 0 705 0 630 0 0 0 0 42 0 0 0 0 0 0 45 0 0 39 20 0 0 80 0 43 64 0 0 66 0 22 0 79 0 33 91 14
0 0 137 952 203 999 0 36 0 0 0 502 37 69 21 19 40 35 0 0 0 0 0 65 0 0 0 99 0 16 83 0 0 0 44 2 0 84 0
0 691 0 0 643 531 0 619 0 810 0 0 100 0 83 0 86 0 93 0 92 1 60 34 19 0 3 15 42 79 0 49 0 2 5 53 37 0 0
0 0 192 0 0 680 759 13 0 0 118 350 932 27 82 0 0 46 35 0 0 71 0 35 0 0 35 0 10 0 78 27 38 0 39 0 4 0 59 55

0 0 4
0 0 11
0 0 22
0 0 27
0 0 36
0 0 41
0 1 1
0 1 3
0 1 4
0 1 10
0 1 11
0 1 23
0 1 31
0 1 34
0 2 3
0 2 4
0 2 12
0 2 20
0 2 21
0 2 28
0 2 34
0 3 3
0 3 4
0 3 6
0 3 8
0 3 11
0 3 16
0 3 27
0 3 30
0 4 1
0 4 3
0 4 7
0 4 9
0 4 10
0 4 11
0 4 12
0 4 22
0 4 27
0 4 29
0 5 2
0 5 3
0 5 5
0 5 6
0 5 7
0 5 26
0 5 35
0 5 39
0 6 0
0 6 1
0 6 5
0 6 7
0 6 10
0 6 11
0 6 15
0 6 21
0 7 2
0 7 22
0 7 31
0 7 32
0 8 1
0 8 4
0 8 5
0 8 6
0 8 7
0 8 10
0 8 39
0 8 41
0 9 0
0 9 2
0 9 3
0 9 8
0 9 10
0 9 11
0 9 16
0 9 39
0 10 0
0 10 1
0 10 5
0 10 6
0 10 10
0 10 11
0 10 29
0 10 39
0 11 4
0 11 5
0 11 9
0 11 11
0 11 19
0 11 26
0 11 32
0 11 34
0 11 36
0 11 39
0 12 5
0 12 10
0 12 18
0 12 24
0 12 27
0 12 29
0 12 33
0 12 37
0 12 39
0 12 40
0 13 5
0 13 16
0 13 17
0 13 18
0 13 19
0 13 23
0 13 27
0 13 29
0 13 30
0 13 31
0 13 35
0 13 37
0 13 38
0 13 41
0 14 2
0 14 14
0 14 16
0 14 17
0 14 18
0 14 28
0 14 30
0 14 32
0 15 3
0 15 16
0 15 22
0 15 26
0 15 29
0 15 30
0 15 33
0 15 40
0 15 41
0 16 7
0 16 15
0 16 16
0 16 19
0 16 20
0 16 21
0 16 23
0 16 25
0 16 38
0 16 39
0 16 40
0 16 41
0 17 12
0 17 15
0 17 20
0 17 30
0 17 33
0 17 40
0 18 16
0 18 19
0 18 22
0 18 24
0 18 28
0 18 32
0 18 36
0 18 39
0 18 41
0 19 3
0 19 13
0 19 14
0 19 18
0 19 19
0 19 25
0 19 26
0 19 29
0 19 34
0 19 35
0 19 36
0 19 37
0 20 14
0 20 20
0 20 21
0 20 23
0 20 31
0 20 33
0 20 34
0 20 38
0 21 2
0 21 8
0 21 13
0 21 16
0 21 19
0 21 21
0 21 24
0 21 27
0 21 32
0 21 34
0 21 35
0 21 36
0 21 39
0 22 14
0 22 17
0 22 19
0 22 20
0 22 25
0 22 27
0 22 29
0 22 31
0 22 32
0 22 36
0 23 13
0 23 15
0 23 16
0 23 19
0 23 20
0 23 24
0 23 28
0 23 29
0 23 34
0 23 35
0 23 36
0 24 9
0 24 13
0 24 18
0 24 21
0 24 23
0 24 26
0 24 34
0 24 38
0 25 8
0 25 15
0 25 16
0 25 22
0 25 27
0 25 28
0 25 33
0 25 34
0 25 41
0 26 2
0 26 15
0 26 20
0 26 22
0 26 27
0 26 34
0 26 36
0 26 40
0 27 15
0 27 28
0 27 30
0 27 33
0 27 39
0 28 0
0 28 10
0 28 16
0 28 17
0 28 19
0 28 23
0 28 41
0 29 5
0 29 14
0 29 20
0 29 23
0 29 26
0 29 27
0 29 31
0 29 36
0 29 40
0 29 41
0 30 0
0 30 2
0 30 4
0 30 11
0 30 16
0 30 18
0 30 21
0 30 22
0 30 26
0 30 28
0 30 30
0 30 32
0 30 33
0 30 36
0 30 39
0 30 40
0 31 14
0 31 15
0 31 17
0 31 19
0 31 21
0 31 25
0 31 36
0 31 38
0 31 40
0 32 12
0 32 18
0 32 20
0 32 29
0 32 35
0 32 36
0 33 16
0 33 22
0 33 25
0 33 37
0 33 41
0 34 19
0 34 22
0 34 24
0 34 26
0 34 28
0 34 31
0 34 37
0 34 41
0 35 1
0 35 2
0 35 5
0 35 15
0 35 16
0 35 20
0 35 21
0 35 23
0 35 30
0 35 40
0 35 41
0 36 6
0 36 15
0 36 16
0 36 27
0 36 32
0 36 38
0 37 6
0 37 8
0 37 13
0 37 16
0 37 18
0 37 23
0 37 33
0 37 34
0 37 36
0 37 39
0 37 40
0 38 15
0 38 17
0 38 22
0 38 27
0 38 31
0 38 38
1 0 0
1 0 4
1 0 7
1 0 21
1 0 22
1 0 23
1 0 37
1 1 3
1 1 4
1 1 5
1 1 8
1 1 11
1 1 22
1 1 28
1 2 8
1 2 9
1 2 10
1 2 19
1 2 32
1 3 3
1 3 4
1 3 5
1 3 6
1 3 8
1 3 9
1 3 10
1 3 15
1 4 2
1 4 3
1 4 7
1 4 10
1 4 11
1 4 12
1 4 18
1 4 30
1 4 31
1 4 32
1 4 37
1 4 38
1 5 5
1 5 6
1 5 8
1 5 9
1 5 23
1 5 29
1 5 31
1 5 34
1 5 35
1 6 0
1 6 4
1 6 5
1 6 14
1 6 30
1 6 32
1 6 33
1 6 38
1 7 2
1 7 6
1 7 7
1 7 14
1 7 26
1 7 27
1 7 31
1 8 1
1 8 4
1 8 5
1 8 11
1 8 19
1 8 31
1 8 32
1 9 2
1 9 3
1 9 5
1 9 9
1 9 10
1 9 18
1 10 1
1 10 3
1 10 5
1 10 6
1 10 7
1 10 11
1 11 0
1 11 3
1 11 5
1 11 8
1 11 10
1 11 17
1 11 19
1 11 37
1 12 0
1 12 2
1 12 3
1 12 9
1 12 12
1 12 14
1 12 18
1 12 22
1 12 30
1 12 37
1 13 3
1 13 16
1 13 19
1 13 28
1 13 35
1 13 37
1 14 16
1 14 18
1 14 22
1 14 27
1 14 28
1 14 31
1 14 37
1 14 38
1 15 3
1 15 12
1 15 19
1 15 38
1 16 24
1 16 31
1 16 33
1 16 36
1 17 1
1 17 3
1 17 5
1 17 7
1 17 11
1 17 12
1 17 18
1 17 20
1 17 21
1 17 23
1 17 24
1 17 27
1 17 32
1 17 35
1 18 13
1 18 14
1 18 25
1 18 26
1 18 27
1 18 29
1 19 6
1 19 13
1 19 15
1 19 17
1 19 18
1 19 22
1 19 37
1 20 12
1 20 14
1 20 22
1 20 24
1 20 32
1 20 33
1 20 38
1 21 6
1 21 7
1 21 10
1 21 13
1 21 15
1 21 20
1 21 22
1 21 25
1 21 27
1 21 29
1 21 30
1 21 31
1 21 34
1 22 13
1 22 17
1 22 26
1 22 28
1 22 30
1 22 33
1 22 34
1 23 0
1 23 19
1 23 21
1 23 27
1 23 30
1 23 32
1 23 33
1 23 38
1 24 1
1 24 22
1 24 23
1 24 24
1 24 25
1 24 28
1 24 29
1 24 30
1 24 32
1 24 35
1 24 36
1 25 1
1 25 12
1 25 16
1 25 17
1 25 21
1 25 22
1 25 26
1 25 33
1 25 34
1 25 37
1 25 38
1 26 3
1 26 5
1 26 12
1 26 18
1 26 20
1 26 23
1 26 25
1 26 27
1 26 29
1 26 32
1 26 34
1 26 35
1 26 37
1 26 38
1 27 2
1 27 3
1 27 14
1 27 16
1 27 23
1 27 31
1 27 32
1 28 0
1 28 6
1 28 9
1 28 11
1 28 15
1 28 19
1 28 22
1 28 24
1 28 25
1 28 31
1 28 36
1 28 37
1 29 7
1 29 15
1 29 24
1 29 27
1 29 28
1 29 30
1 30 13
1 30 20
1 30 32
1 30 33
1 31 1
1 31 2
1 31 3
1 31 15
1 31 18
1 31 22
1 31 26
1 31 27
1 31 30
1 31 34
1 31 35
1 32 8
1 32 13
1 32 17
1 32 25
1 32 26
1 32 27
1 32 29
1 32 30
1 32 38
1 33 12
1 33 15
1 33 19
1 33 20
1 33 22
1 33 23
1 33 27
1 33 28
1 33 31
1 33 32
1 34 2
1 34 4
1 34 14
1 34 17
1 34 26
1 34 27
1 34 28
1 34 36
1 35 11
1 35 18
1 35 20
1 35 22
1 35 25
1 35 29
1 35 30
1 35 35
1 36 13
1 36 15
1 36 23
1 36 26
1 36 31
1 36 33
1 36 35
1 36 36
1 37 0
1 37 15
1 37 16
1 37 22
1 37 24
1 37 34
1 37 37
1 37 38
1 38 2
1 38 14
1 38 23
1 38 26
1 38 34
1 38 37
1 38 38
1 39 6
1 39 23
1 39 30
1 39 33
1 39 37
1 40 15
1 40 18
1 40 24
1 40 26
1 40 27
1 40 32
1 40 36
1 41 6
1 41 15
1 41 19
1 41 22
1 41 35
1 41 38
2 0 2
2 0 3
2 0 4
2 0 7
2 0 9
2 0 10
2 0 11
2 0 17
2 1 0
2 1 5
2 1 6
2 1 8
2 1 10
2 1 14
2 1 15
2 1 28
2 2 1
2 2 9
2 2 10
2 2 22
2 2 28
2 2 38
2 3 0
2 3 4
2 3 11
2 3 15
2 3 17
2 3 21
2 3 27
2 3 38
2 4 1
2 4 3
2 4 6
2 4 9
2 4 11
2 4 19
2 4 29
2 4 35
2 4 37
2 5 0
2 5 2
2 5 3
2 5 8
2 5 10
2 5 11
2 5 19
2 5 20
2 5 21
2 5 27
2 6 2
2 6 6
2 6 7
2 6 13
2 6 31
2 7 0
2 7 8
2 7 9
2 7 11
2 7 16
2 7 23
2 7 31
2 7 34
2 8 1
2 8 2
2 8 4
2 8 6
2 8 10
2 8 19
2 8 20
2 8 21
2 9 0
2 9 3
2 9 4
2 9 7
2 9 11
2 9 37
2 10 0
2 10 1
2 10 3
2 10 5
2 10 6
2 10 7
2 10 9
2 10 10
2 10 15
2 10 21
2 11 0
2 11 3
2 11 7
2 11 8
2 11 14
2 11 20
2 11 23
2 11 33
2 12 6
2 12 7
2 12 15
2 12 17
2 12 18
2 12 23
2 12 29
2 12 34
2 12 35
2 12 38
2 13 12
2 13 17
2 13 18
2 13 23
2 13 25
2 13 26
2 13 29
2 13 32
2 13 34
2 13 37
2 14 14
2 14 15
2 14 22
2 14 23
2 14 29
2 14 31
2 15 0
2 15 4
2 15 9
2 15 14
2 15 17
2 15 23
2 15 30
2 15 34
2 15 38
2 16 5
2 16 12
2 16 20
2 16 22
2 16 26
2 16 29
2 16 35
2 16 38
2 17 1
2 17 14
2 17 19
2 17 26
2 18 8
2 18 19
2 18 21
2 18 22
2 18 23
2 18 24
2 18 30
2 18 32
2 18 35
2 18 36
2 19 23
2 19 26
2 19 36
2 19 37
2 20 4
2 20 8
2 20 9
2 20 10
2 20 13
2 20 26
2 20 29
2 20 37
2 20 38
2 21 8
2 21 14
2 21 17
2 21 21
2 21 23
2 21 28
2 21 32
2 21 33
2 21 34
2 21 36
2 21 37
2 21 38
2 22 11
2 22 12
2 22 13
2 22 19
2 22 21
2 22 22
2 22 24
2 22 27
2 22 28
2 22 31
2 22 38
2 23 2
2 23 18
2 23 20
2 23 23
2 23 24
2 23 25
2 24 7
2 24 17
2 24 18
2 24 27
2 24 30
2 24 32
2 24 34
2 24 36
2 24 38
2 25 23
2 25 25
2 25 26
2 26 1
2 26 7
2 26 8
2 26 13
2 26 14
2 26 15
2 26 16
2 26 17
2 26 19
2 26 24
2 26 25
2 26 27
2 26 33
2 26 38
2 27 0
2 27 16
2 27 19
2 27 20
2 27 23
2 27 27
2 27 31
2 27 32
2 27 35
2 27 37
2 27 38
2 28 6
2 28 20
2 28 23
2 28 26
2 28 33
2 28 35
2 29 1
2 29 14
2 29 35
2 30 6
2 30 10
2 30 13
2 30 16
2 30 17
2 30 20
2 30 23
2 30 24
2 30 29
2 30 32
2 30 34
2 31 13
2 31 20
2 31 23
2 31 24
2 32 12
2 32 15
2 32 17
2 32 18
2 32 20
2 32 24
2 32 29
2 32 36
2 32 37
2 32 38
2 33 14
2 33 15
2 33 18
2 33 28
2 33 32
2 33 33
2 33 34
2 33 36
2 33 37
2 34 1
2 34 8
2 34 10
2 34 12
2 34 17
2 34 23
2 34 29
2 34 32
2 34 33
2 34 36
2 35 3
2 35 21
2 35 25
2 35 27
2 35 37
2 36 3
2 36 9
2 36 12
2 36 20
2 36 21
2 36 30
2 36 34
2 37 7
2 37 13
2 37 14
2 37 21
2 37 22
2 37 25
2 37 38
2 38 0
2 38 3
2 38 15
2 38 16
2 38 18
2 38 20
2 38 22
2 38 27
2 38 29
2 38 30
2 38 33
2 38 34
2 38 38
3 0 1
3 0 3
3 0 6
3 0 8
3 0 10
3 0 11
3 0 15
3 0 20
3 1 1
3 1 7
3 1 11
3 1 12
3 1 18
3 1 22
3 1 23
3 1 26
3 2 0
3 2 2
3 2 3
3 2 8
3 2 9
3 2 10
3 2 12
3 2 30
3 2 38
3 3 2
3 3 5
3 3 8
3 3 10
3 3 14
3 3 18
3 3 20
3 3 27
3 4 2
3 4 3
3 4 4
3 4 10
3 4 11
3 4 16
3 4 31
3 4 36
3 5 2
3 5 5
3 5 8
3 5 9
3 5 22
3 5 29
3 5 36
3 6 0
3 6 1
3 6 3
3 6 5
3 6 11
3 6 15
3 6 18
3 6 19
3 6 35
3 7 1
3 7 2
3 7 5
3 7 6
3 7 9
3 7 11
3 7 24
3 7 39
3 8 5
3 8 7
3 8 11
3 8 12
3 8 26
3 8 38
3 9 0
3 9 5
3 9 7
3 9 11
3 9 17
3 9 29
3 10 3
3 10 4
3 10 5
3 10 6
3 10 7
3 10 9
3 10 12
3 10 26
3 10 28
3 10 30
3 11 1
3 11 5
3 11 9
3 11 17
3 11 22
3 11 23
3 11 25
3 11 28
3 11 33
3 12 0
3 12 15
3 12 20
3 12 21
3 12 27
3 12 28
3 12 29
3 12 35
3 12 36
3 13 0
3 13 16
3 13 18
3 13 24
3 13 27
3 13 28
3 13 30
3 13 31
3 14 10
3 14 12
3 14 14
3 14 17
3 14 22
3 14 33
3 14 39
3 15 6
3 15 16
3 15 21
3 15 25
3 15 26
3 15 32
3 15 33
3 15 34
3 15 37
3 16 6
3 16 11
3 16 13
3 16 17
3 16 24
3 16 34
3 17 7
3 17 11
3 17 16
3 17 17
3 17 19
3 17 28
3 17 29
3 17 33
3 18 8
3 18 16
3 18 19
3 18 22
3 18 24
3 18 32
3 18 36
3 19 13
3 19 23
3 19 28
3 19 38
3 20 4
3 20 5
3 20 10
3 20 16
3 20 18
3 20 22
3 20 29
3 20 33
3 20 34
3 20 36
3 20 39
3 21 6
3 21 17
3 21 25
3 21 28
3 21 35
3 21 38
3 22 5
3 22 14
3 22 15
3 22 19
3 22 24
3 22 26
3 22 27
3 22 33
3 22 37
3 22 39
3 23 6
3 23 7
3 23 14
3 23 23
3 23 28
3 23 31
3 23 35
3 23 38
3 24 15
3 24 16
3 24 19
3 24 21
3 24 22
3 24 26
3 24 27
3 24 28
3 24 29
3 24 35
3 25 2
3 25 5
3 25 14
3 25 15
3 25 25
3 25 34
3 25 35
3 25 36
3 26 1
3 26 10
3 26 16
3 26 24
3 26 31
3 26 32
3 27 14
3 27 16
3 27 17
3 27 27
3 27 34
3 28 2
3 28 12
3 28 17
3 28 18
3 28 23
3 28 27
3 28 29
3 29 15
3 29 23
3 29 27
3 29 30
3 29 33
3 29 34
3 29 37
3 30 13
3 30 14
3 30 30
3 30 31
3 30 32
3 30 33
3 30 37
3 30 38
3 30 39
3 31 2
3 31 3
3 31 10
3 31 12
3 31 18
3 31 20
3 31 23
3 31 25
3 31 26
3 31 35
3 31 36
3 31 37
3 32 3
3 32 18
3 32 26
3 32 27
3 32 29
3 32 31
3 32 33
3 32 37
3 32 38
3 33 6
3 33 12
3 33 17
3 33 22
3 33 23
3 33 24
3 33 28
3 34 7
3 34 13
3 34 14
3 34 15
3 34 16
3 34 17
3 34 21
3 34 23
3 34 25
3 34 28
3 34 33
3 34 39
3 35 9
3 35 23
3 35 26
3 35 34
3 35 35
3 35 38
3 35 39
3 36 19
3 36 23
3 36 30
3 36 31
3 37 7
3 37 10
3 37 12
3 37 22
3 37 24
3 37 25
3 37 26
3 37 36
3 37 37
3 37 39
3 38 14
3 38 15
3 38 19
3 38 25
3 38 28
3 38 31
3 38 33
3 38 35
3 38 37
3 38 39