158
5
38 38 39 38 39
990

0 0 0 0 0 537 142 0 0 704 0 292 0 0 175 956 0 0 96 97 0 0 0 0 0 0 0 35 0 44 0 44 37 0 8 0 38 0
277 630 244 0 419 0 370 314 373 0 668 853 0 988 552 0 0 0 0 0 79 0 50 5 0 58 0 0 0 84 13 45 74 0 0 32 24 57
0 972 0 172 0 0 0 195 5 900 0 0 0 0 0 0 303 0 0 100 21 22 70 10 75 0 0 39 97 0 39 0 81 36 0 0 0 68 45
0 0 0 0 0 592 327 0 114 314 154 857 872 0 0 781 426 0 65 42 0 0 93 20 31 0 0 30 43 0 0 60 0 79 84 76 0 0
117 0 0 0 358 326 863 259 300 0 0 743 0 874 0 0 0 47 5 22 23 31 0 92 86 0 0 0 14 0 34 0 0 0 39 22 53 68 22

0 0 2
0 0 6
0 0 8
0 0 13
0 1 11
0 1 15
0 1 22
0 2 3
0 2 10
0 2 14
0 2 18
0 3 0
0 3 9
0 3 13
0 3 14
0 3 17
0 3 18
0 3 21
0 3 22
0 3 27
0 3 28
0 3 31
0 3 36
0 4 1
0 4 2
0 4 3
0 4 5
0 4 7
0 4 9
0 4 16
0 4 22
0 5 0
0 5 3
0 5 11
0 5 13
0 5 14
0 5 15
0 5 16
0 5 28
0 6 0
0 6 7
0 6 11
0 6 15
0 6 20
0 6 23
0 6 27
0 7 4
0 7 9
0 7 12
0 7 14
0 7 20
0 7 25
0 7 26
0 7 29
0 7 33
0 8 7
0 8 9
0 8 10
0 8 11
0 8 15
0 8 23
0 9 5
0 9 17
0 9 18
0 9 37
0 10 5
0 10 7
0 10 8
0 10 9
0 10 12
0 10 13
0 10 15
0 10 19
0 10 36
0 11 0
0 11 1
0 11 3
0 11 11
0 11 12
0 11 17
0 11 33
0 11 35
0 12 0
0 12 4
0 12 5
0 12 6
0 12 10
0 12 13
0 12 33
0 12 36
0 13 3
0 13 8
0 13 11
0 13 12
0 13 25
0 13 32
0 13 34
0 14 0
0 14 1
0 14 5
0 14 7
0 14 8
0 14 9
0 14 16
0 14 31
0 15 0
0 15 2
0 15 3
0 15 9
0 15 11
0 15 16
0 15 19
0 15 23
0 15 26
0 15 37
0 16 2
0 16 4
0 16 7
0 16 9
0 16 19
0 16 27
0 17 2
0 17 11
0 17 17
0 17 19
0 17 25
0 17 29
0 17 33
0 17 36
0 17 37
0 18 15
0 18 19
0 18 20
0 18 22
0 18 29
0 18 30
0 18 31
0 18 33
0 19 4
0 19 5
0 19 10
0 19 16
0 19 32
0 20 14
0 20 17
0 20 22
0 20 31
0 20 34
0 20 35
0 21 22
0 21 23
0 21 25
0 21 31
0 21 35
0 21 37
0 22 5
0 22 6
0 22 10
0 23 14
0 23 18
0 23 20
0 23 24
0 23 29
0 24 8
0 24 24
0 24 33
0 25 8
0 25 12
0 25 17
0 25 27
0 25 30
0 25 34
0 25 36
0 25 37
0 26 7
0 26 29
0 26 32
0 27 14
0 27 20
0 27 25
0 27 28
0 27 32
0 27 33
0 27 35
0 28 0
0 28 19
0 28 22
0 28 30
0 28 31
0 28 33
0 28 34
0 28 35
0 29 17
0 29 23
0 30 4
0 30 7
0 30 11
0 30 14
0 30 25
0 30 26
0 30 30
0 30 34
0 30 36
0 31 4
0 31 15
0 31 19
0 31 20
0 31 21
0 31 24
0 31 27
0 31 34
0 31 35
0 32 29
0 33 11
0 33 15
0 33 28
0 33 36
0 33 37
0 34 0
0 34 10
0 34 15
0 34 23
0 34 25
0 34 32
0 35 2
0 35 9
0 35 18
0 35 28
0 35 35
0 36 0
0 36 8
0 36 9
0 36 15
0 36 30
0 36 32
0 37 10
0 37 24
0 37 25
0 37 28
0 37 29
0 37 35
0 37 37
1 0 0
1 0 2
1 0 4
1 0 13
1 0 14
1 0 15
1 0 16
1 0 24
1 0 26
1 1 2
1 1 3
1 1 5
1 1 6
1 1 8
1 1 12
1 1 13
1 1 16
1 1 17
1 1 26
1 2 3
1 2 6
1 2 9
1 2 11
1 2 20
1 2 31
1 2 36
1 3 1
1 3 2
1 3 4
1 3 8
1 3 11
1 3 14
1 3 24
1 3 28
1 3 38
1 4 1
1 4 6
1 4 10
1 4 12
1 4 29
1 4 35
1 5 0
1 5 4
1 5 11
1 5 15
1 5 22
1 5 28
1 6 0
1 6 1
1 6 2
1 6 3
1 6 4
1 6 15
1 7 1
1 7 6
1 7 11
1 7 16
1 7 18
1 7 26
1 7 29
1 7 33
1 7 34
1 7 37
1 8 1
1 8 5
1 8 7
1 8 11
1 8 33
1 8 35
1 9 2
1 9 3
1 9 5
1 9 7
1 9 11
1 9 32
1 10 2
1 10 4
1 10 7
1 10 11
1 10 12
1 10 36
1 11 2
1 11 3
1 11 4
1 11 17
1 11 23
1 11 31
1 11 37
1 12 2
1 12 4
1 12 5
1 12 11
1 12 12
1 12 13
1 12 14
1 12 16
1 12 19
1 12 25
1 12 29
1 12 32
1 13 3
1 13 8
1 13 24
1 14 4
1 14 5
1 14 8
1 14 30
1 15 0
1 15 1
1 15 7
1 15 9
1 15 10
1 15 15
1 15 19
1 16 2
1 16 4
1 16 7
1 16 9
1 16 11
1 16 13
1 16 17
1 17 6
1 17 8
1 17 9
1 17 34
1 17 36
1 18 5
1 18 7
1 18 14
1 18 23
1 18 27
1 18 34
1 19 17
1 19 22
1 19 27
1 19 29
1 20 17
1 20 22
1 20 24
1 21 0
1 21 8
1 21 17
1 21 18
1 21 23
1 21 26
1 21 27
1 21 33
1 21 34
1 22 3
1 22 9
1 22 18
1 22 19
1 22 21
1 22 30
1 22 32
1 22 36
1 23 15
1 23 17
1 23 23
1 23 35
1 23 38
1 24 7
1 24 9
1 24 21
1 24 23
1 25 0
1 25 1
1 25 4
1 25 16
1 25 18
1 25 20
1 25 30
1 25 32
1 25 33
1 25 35
1 26 0
1 26 33
1 26 38
1 27 5
1 27 17
1 27 25
1 27 28
1 27 33
1 27 34
1 28 0
1 28 1
1 28 14
1 28 16
1 28 18
1 28 25
1 28 26
1 28 32
1 29 9
1 29 24
1 29 25
1 29 28
1 29 29
1 29 30
1 29 31
1 30 26
1 30 33
1 30 36
1 31 4
1 31 7
1 31 8
1 31 17
1 31 24
1 31 25
1 31 32
1 32 7
1 32 10
1 32 12
1 32 13
1 32 17
1 32 18
1 32 21
1 32 24
1 33 11
1 33 13
1 33 18
1 33 28
1 33 30
1 33 35
1 33 38
1 34 5
1 35 1
1 35 4
1 35 12
1 35 38
1 36 2
1 36 9
1 36 21
1 36 25
1 36 35
1 36 36
1 37 0
1 37 14
1 37 18
1 37 21
1 37 22
1 37 35
2 0 0
2 0 1
2 0 2
2 0 7
2 0 10
2 0 12
2 0 14
2 0 15
2 0 18
2 1 2
2 1 3
2 1 5
2 1 7
2 1 12
2 1 13
2 1 19
2 2 8
2 2 12
2 2 13
2 2 26
2 2 36
2 3 1
2 3 6
2 3 10
2 3 21
2 4 0
2 4 2
2 4 4
2 4 12
2 4 14
2 4 36
2 5 7
2 5 9
2 5 12
2 5 15
2 5 16
2 5 17
2 5 26
2 5 27
2 5 30
2 6 4
2 6 5
2 6 10
2 6 11
2 6 15
2 6 23
2 6 29
2 6 33
2 6 35
2 6 37
2 7 5
2 7 11
2 7 20
2 8 10
2 8 11
2 8 12
2 8 13
2 8 20
2 8 23
2 8 26
2 8 27
2 9 1
2 9 2
2 9 4
2 9 14
2 10 1
2 10 2
2 10 5
2 11 0
2 11 4
2 11 7
2 11 8
2 11 9
2 11 12
2 11 14
2 11 34
2 12 2
2 12 4
2 12 9
2 12 21
2 12 32
2 12 35
2 12 36
2 13 2
2 13 3
2 13 4
2 13 6
2 13 9
2 13 11
2 13 13
2 13 16
2 13 25
2 13 26
2 14 4
2 14 12
2 14 13
2 14 16
2 14 18
2 14 25
2 15 1
2 15 5
2 15 10
2 15 14
2 15 15
2 15 16
2 15 24
2 15 25
2 15 31
2 16 1
2 16 3
2 16 4
2 16 10
2 16 15
2 16 16
2 16 18
2 16 24
2 16 35
2 17 1
2 17 2
2 17 19
2 17 26
2 17 30
2 17 32
2 17 33
2 17 35
2 18 4
2 18 5
2 18 17
2 18 23
2 18 26
2 18 27
2 18 31
2 18 36
2 18 37
2 19 13
2 19 23
2 19 28
2 19 34
2 20 6
2 20 7
2 20 25
2 20 32
2 21 1
2 21 7
2 21 17
2 21 20
2 21 24
2 21 26
2 21 36
2 21 37
2 22 8
2 22 10
2 22 25
2 23 3
2 23 16
2 23 19
2 23 24
2 23 26
2 23 32
2 24 4
2 24 18
2 24 19
2 24 27
2 24 28
2 24 33
2 24 34
2 25 1
2 25 5
2 25 9
2 25 35
2 26 1
2 26 2
2 26 4
2 26 15
2 26 21
2 26 35
2 26 36
2 27 9
2 27 12
2 27 13
2 27 16
2 27 17
2 27 25
2 27 30
2 27 36
2 28 9
2 28 18
2 28 22
2 28 27
2 28 29
2 28 34
2 29 1
2 29 4
2 29 5
2 29 16
2 29 20
2 29 25
2 29 29
2 29 33
2 29 34
2 29 37
2 30 16
2 30 25
2 30 26
2 30 30
2 30 33
2 30 37
2 31 20
2 31 26
2 32 1
2 32 4
2 32 10
2 32 13
2 32 19
2 32 20
2 32 31
2 32 33
2 32 34
2 33 8
2 33 11
2 33 19
2 33 24
2 33 36
2 33 37
2 34 0
2 34 6
2 34 15
2 34 17
2 34 23
2 34 30
2 34 33
2 34 37
2 35 5
2 35 8
2 35 13
2 35 14
2 35 16
2 35 29
2 35 30
2 35 31
2 35 33
2 36 2
2 36 10
2 36 18
2 36 22
2 37 14
2 37 16
2 37 25
2 37 26
2 37 30
2 37 35
2 37 36
2 38 0
2 38 12
2 38 16
2 38 18
2 38 31
2 38 33
2 38 35
2 38 36
3 0 1
3 0 10
3 0 11
3 0 12
3 0 18
3 0 20
3 0 22
3 0 26
3 0 33
3 0 35
3 1 2
3 1 5
3 1 8
3 1 25
3 1 32
3 2 3
3 2 4
3 2 13
3 2 21
3 2 24
3 2 35
3 3 1
3 3 4
3 3 15
3 3 16
3 3 21
3 3 22
3 4 1
3 4 2
3 4 6
3 4 7
3 4 8
3 4 10
3 4 11
3 4 20
3 4 32
3 5 2
3 5 6
3 5 9
3 5 10
3 5 11
3 5 12
3 6 3
3 6 11
3 6 15
3 6 28
3 6 36
3 7 11
3 7 13
3 7 15
3 7 22
3 8 3
3 8 9
3 8 11
3 8 12
3 8 14
3 8 16
3 8 21
3 8 24
3 8 35
3 9 7
3 9 10
3 9 15
3 10 2
3 10 4
3 10 5
3 10 16
3 10 24
3 10 29
3 10 31
3 10 35
3 10 37
3 11 0
3 11 4
3 11 9
3 11 10
3 11 13
3 11 21
3 11 34
3 12 4
3 12 11
3 12 12
3 12 17
3 12 25
3 12 34
3 13 3
3 13 4
3 13 6
3 13 8
3 13 11
3 13 14
3 13 21
3 13 28
3 13 35
3 13 38
3 14 1
3 14 4
3 14 7
3 14 8
3 14 9
3 14 13
3 14 17
3 14 24
3 14 25
3 15 1
3 15 23
3 15 25
3 15 27
3 16 2
3 16 6
3 16 7
3 16 14
3 16 17
3 16 25
3 16 27
3 16 30
3 17 15
3 17 16
3 17 23
3 17 24
3 17 26
3 17 28
3 17 35
3 17 36
3 18 7
3 18 10
3 18 29
3 18 31
3 18 38
3 19 7
3 19 14
3 19 17
3 19 28
3 19 36
3 20 5
3 20 21
3 20 24
3 20 28
3 21 2
3 21 4
3 21 15
3 21 19
3 21 22
3 21 27
3 21 29
3 21 35
3 22 7
3 22 13
3 22 14
3 22 16
3 22 27
3 22 34
3 22 36
3 23 10
3 23 11
3 23 16
3 23 19
3 23 21
3 23 24
3 23 30
3 23 32
3 24 9
3 24 11
3 24 19
3 24 21
3 24 22
3 24 25
3 24 28
3 25 11
3 25 15
3 25 20
3 25 23
3 25 29
3 25 34
3 25 35
3 26 10
3 26 17
3 26 24
3 26 25
3 26 31
3 26 33
3 27 6
3 27 15
3 27 19
3 27 21
3 27 28
3 27 33
3 28 16
3 28 19
3 28 24
3 28 25
3 28 33
3 29 1
3 29 7
3 29 10
3 29 13
3 29 17
3 29 21
3 29 27
3 30 1
3 30 2
3 30 3
3 30 11
3 30 19
3 30 20
3 30 21
3 30 28
3 30 36
3 31 4
3 31 8
3 31 31
3 31 36
3 32 1
3 32 4
3 32 10
3 32 25
3 32 26
3 32 27
3 32 34
3 32 38
3 33 20
3 33 28
3 33 30
3 33 32
3 33 35
3 33 36
3 34 28
3 34 29
3 34 36
3 34 37
3 35 7
3 35 9
3 35 20
3 35 22
3 35 23
3 35 30
3 36 6
3 36 20
3 36 24
3 36 38
3 37 11
3 37 12
3 37 13
3 37 22
3 37 29
3 37 36
3 37 38