1102
6
33 33 33 34 33 34
995

869 840 907 0 0 0 537 509 360 0 118 854 0 0 0 68 26 30 35 60 0 0 11 0 33 21 53 57 0 0 22 100 0
376 131 543 627 0 0 468 0 425 0 0 0 11 0 0 16 72 5 0 11 72 0 0 0 0 62 96 0 60 43 0 9 27
895 0 715 0 0 0 0 0 0 0 87 782 0 10 6 0 0 0 0 38 76 0 0 97 33 62 45 0 6 35 0 0 0
0 0 0 57 624 0 143 98 569 707 0 0 0 1 0 46 0 8 92 0 58 50 0 81 97 82 0 0 79 0 0 0 22 1
0 0 0 533 274 0 0 0 995 725 899 326 0 0 0 28 65 0 3 61 0 0 0 34 0 0 0 74 7 0 0 100 0
0 198 229 32 285 0 82 0 945 15 475 0 0 0 0 0 35 9 0 64 0 48 17 0 45 56 44 57 59 0 0 25 0 85

0 0 1
0 0 2
0 0 3
0 0 7
0 0 8
0 1 0
0 1 1
0 1 3
0 1 4
0 1 5
0 1 6
0 1 10
0 1 12
0 1 25
0 1 31
0 2 0
0 2 1
0 2 2
0 2 5
0 2 8
0 2 10
0 2 14
0 2 17
0 3 0
0 3 5
0 3 8
0 4 3
0 4 4
0 4 6
0 4 10
0 4 20
0 4 22
0 4 23
0 4 25
0 4 28
0 4 31
0 5 2
0 5 7
0 5 11
0 5 17
0 5 30
0 6 1
0 6 6
0 6 7
0 6 11
0 7 0
0 7 11
0 7 25
0 8 4
0 8 6
0 8 8
0 8 32
0 9 2
0 9 4
0 9 6
0 9 9
0 9 23
0 9 30
0 10 0
0 10 3
0 10 7
0 10 8
0 10 14
0 10 20
0 10 30
0 11 0
0 11 1
0 11 2
0 11 8
0 11 10
0 11 14
0 12 5
0 12 18
0 12 19
0 12 20
0 12 25
0 12 26
0 12 28
0 13 18
0 13 21
0 13 30
0 13 31
0 14 4
0 14 13
0 14 16
0 14 17
0 14 20
0 14 21
0 14 31
0 15 4
0 15 13
0 15 24
0 15 28
0 15 31
0 16 10
0 16 17
0 16 19
0 16 22
0 16 28
0 16 29
0 16 30
0 17 5
0 17 10
0 17 12
0 17 15
0 17 17
0 17 19
0 17 21
0 17 31
0 17 32
0 18 0
0 18 1
0 18 15
0 18 17
0 18 18
0 18 22
0 18 25
0 18 27
0 18 31
0 19 6
0 19 10
0 19 16
0 19 17
0 19 19
0 19 26
0 20 12
0 20 13
0 20 19
0 20 22
0 20 27
0 20 31
0 21 12
0 21 13
0 21 19
0 21 22
0 21 25
0 21 26
0 21 30
0 21 31
0 21 32
0 22 12
0 22 27
0 22 28
0 22 30
0 22 32
0 23 11
0 23 14
0 23 16
0 24 16
0 24 19
0 25 15
0 25 19
0 25 21
0 25 24
0 25 27
0 25 31
0 26 7
0 26 9
0 26 13
0 26 15
0 26 19
0 26 20
0 26 24
0 26 25
0 27 1
0 27 2
0 27 13
0 27 23
0 27 24
0 27 32
0 28 22
0 28 23
0 28 27
0 29 11
0 29 12
0 29 16
0 29 24
0 29 30
0 30 0
0 30 1
0 30 2
0 30 5
0 30 24
0 30 29
0 30 32
0 31 1
0 31 13
0 31 14
0 31 23
0 31 24
0 31 27
0 31 30
0 32 1
0 32 12
0 32 15
0 32 16
0 32 31
1 0 7
1 1 0
1 1 1
1 1 2
1 1 7
1 1 8
1 1 11
1 1 16
1 2 14
1 2 16
1 2 17
1 3 0
1 3 7
1 3 11
1 3 12
1 3 28
1 4 5
1 4 6
1 4 12
1 4 18
1 4 20
1 4 25
1 5 1
1 5 7
1 5 10
1 5 26
1 6 4
1 6 9
1 7 1
1 7 4
1 7 6
1 7 8
1 7 9
1 7 10
1 7 11
1 7 22
1 7 31
1 8 1
1 8 3
1 8 4
1 8 7
1 8 9
1 8 10
1 8 11
1 8 20
1 8 28
1 9 0
1 9 1
1 9 4
1 9 9
1 9 11
1 9 15
1 9 21
1 9 22
1 9 24
1 9 25
1 10 0
1 10 2
1 10 5
1 10 9
1 10 10
1 10 11
1 10 32
1 11 1
1 11 2
1 11 5
1 11 27
1 12 3
1 12 4
1 12 10
1 12 12
1 12 16
1 12 25
1 12 29
1 12 30
1 13 1
1 13 6
1 13 18
1 13 21
1 14 3
1 14 12
1 14 15
1 14 18
1 14 19
1 14 25
1 14 29
1 14 31
1 15 0
1 15 4
1 15 15
1 15 24
1 15 27
1 16 12
1 16 13
1 16 22
1 16 27
1 16 29
1 16 32
1 17 9
1 17 12
1 17 14
1 17 15
1 17 17
1 17 20
1 17 27
1 18 12
1 18 17
1 18 22
1 18 23
1 18 30
1 18 32
1 19 1
1 19 4
1 19 8
1 19 14
1 19 28
1 19 30
1 20 6
1 20 12
1 20 17
1 20 18
1 20 21
1 21 13
1 21 17
1 21 20
1 21 21
1 22 5
1 22 26
1 23 8
1 23 25
1 23 30
1 23 32
1 24 15
1 24 18
1 24 26
1 24 27
1 24 28
1 24 29
1 25 2
1 25 14
1 26 2
1 26 16
1 26 22
1 26 25
1 26 28
1 26 30
1 27 9
1 27 20
1 27 24
1 27 26
1 27 27
1 27 29
1 27 32
1 28 1
1 28 13
1 28 15
1 28 20
1 28 31
1 29 13
1 29 23
1 29 26
1 29 29
1 30 10
1 30 13
1 30 15
1 30 24
1 30 26
1 30 31
1 30 32
1 31 15
1 31 19
1 31 20
1 31 21
1 31 26
1 31 27
1 31 30
1 31 32
1 32 0
1 32 13
1 32 15
1 32 16
1 32 17
1 32 20
1 32 23
1 32 24
1 32 31
1 32 32
2 0 1
2 0 16
2 0 20
2 1 0
2 1 1
2 1 2
2 1 3
2 1 8
2 1 9
2 1 10
2 1 21
2 2 4
2 2 5
2 2 7
2 2 8
2 2 17
2 2 22
2 2 29
2 3 1
2 3 8
2 3 9
2 4 0
2 4 1
2 4 5
2 4 7
2 4 10
2 4 12
2 4 31
2 5 3
2 5 5
2 5 6
2 5 21
2 5 33
2 6 1
2 6 6
2 6 7
2 6 8
2 6 12
2 6 15
2 6 18
2 6 23
2 7 2
2 7 4
2 7 6
2 7 7
2 7 18
2 7 23
2 7 26
2 8 10
2 8 21
2 9 2
2 9 4
2 9 5
2 9 6
2 9 7
2 9 9
2 9 10
2 9 14
2 9 17
2 9 21
2 10 0
2 10 2
2 10 3
2 10 9
2 10 11
2 10 22
2 10 30
2 11 6
2 11 9
2 11 10
2 11 11
2 11 16
2 12 3
2 12 6
2 12 13
2 12 15
2 12 17
2 12 19
2 12 30
2 13 8
2 13 12
2 13 19
2 13 20
2 13 21
2 13 27
2 14 4
2 14 6
2 14 10
2 14 13
2 14 20
2 14 24
2 14 26
2 14 31
2 14 32
2 15 23
2 15 33
2 16 9
2 16 12
2 16 26
2 16 27
2 16 31
2 17 10
2 17 11
2 17 16
2 17 17
2 17 18
2 17 21
2 17 22
2 17 23
2 17 26
2 18 14
2 18 16
2 18 20
2 18 23
2 18 31
2 19 5
2 19 11
2 19 13
2 19 14
2 19 17
2 19 28
2 19 29
2 19 31
2 19 32
2 19 33
2 20 2
2 20 10
2 20 15
2 21 10
2 21 13
2 21 16
2 21 17
2 21 20
2 21 21
2 21 23
2 21 25
2 21 31
2 22 10
2 22 12
2 22 14
2 22 18
2 22 21
2 23 13
2 23 14
2 23 19
2 23 25
2 24 12
2 24 17
2 24 20
2 24 26
2 24 29
2 25 6
2 25 8
2 25 11
2 25 13
2 25 17
2 25 22
2 25 29
2 25 31
2 25 32
2 26 0
2 26 22
2 26 27
2 26 29
2 27 9
2 27 12
2 27 16
2 27 17
2 27 21
2 27 23
2 28 6
2 28 14
2 28 16
2 28 23
2 28 26
2 28 30
2 29 1
2 29 22
2 29 23
2 29 27
2 30 2
2 30 9
2 30 16
2 30 17
2 30 20
2 30 23
2 30 26
2 31 20
2 31 23
2 31 30
2 32 16
2 32 25
2 32 26
3 0 0
3 0 1
3 0 3
3 0 11
3 0 15
3 0 18
3 0 19
3 0 30
3 1 0
3 1 4
3 1 8
3 1 9
3 1 11
3 1 16
3 1 19
3 1 22
3 2 4
3 2 5
3 2 7
3 2 10
3 2 12
3 2 29
3 3 0
3 3 1
3 3 3
3 3 4
3 3 9
3 3 16
3 4 1
3 4 2
3 4 4
3 4 7
3 4 9
3 4 10
3 4 11
3 4 13
3 4 27
3 5 2
3 5 7
3 5 15
3 5 18
3 5 32
3 6 5
3 6 16
3 6 26
3 6 28
3 7 0
3 7 1
3 7 2
3 7 3
3 7 7
3 7 10
3 7 11
3 7 12
3 8 0
3 8 2
3 8 3
3 8 4
3 8 5
3 8 6
3 8 9
3 8 11
3 9 1
3 9 8
3 9 9
3 9 11
3 10 1
3 10 2
3 10 7
3 11 0
3 11 5
3 11 10
3 11 13
3 11 23
3 11 25
3 12 6
3 12 12
3 12 18
3 12 19
3 12 20
3 13 5
3 13 13
3 13 14
3 13 15
3 13 20
3 13 23
3 13 25
3 13 28
3 14 0
3 14 26
3 14 27
3 14 28
3 14 30
3 14 32
3 15 4
3 15 12
3 15 16
3 15 17
3 15 19
3 15 22
3 15 24
3 15 31
3 16 15
3 16 22
3 16 24
3 16 26
3 16 30
3 16 31
3 17 6
3 17 12
3 17 17
3 17 19
3 17 24
3 17 28
3 18 13
3 18 16
3 18 18
3 18 19
3 18 24
3 18 26
3 18 28
3 18 29
3 18 32
3 19 7
3 19 14
3 19 16
3 19 29
3 19 30
3 19 32
3 20 1
3 20 16
3 20 17
3 20 19
3 20 25
3 20 28
3 21 16
3 21 23
3 21 26
3 21 28
3 22 12
3 22 15
3 22 20
3 22 21
3 23 5
3 23 15
3 23 18
3 23 21
3 23 22
3 23 28
3 24 10
3 24 12
3 24 17
3 24 20
3 25 14
3 25 18
3 25 23
3 25 26
3 25 28
3 25 29
3 26 12
3 26 13
3 26 17
3 26 23
3 26 24
3 26 26
3 26 28
3 26 31
3 27 8
3 27 13
3 27 14
3 27 15
3 27 23
3 27 25
3 27 27
3 27 28
3 28 3
3 28 12
3 28 17
3 28 21
3 28 26
3 28 27
3 28 29
3 29 8
3 29 10
3 29 14
3 29 15
3 29 17
3 29 20
3 29 26
3 29 29
3 30 0
3 30 12
3 30 13
3 30 14
3 30 26
3 30 29
3 30 32
3 31 5
3 31 11
3 31 15
3 31 20
3 31 25
3 31 28
3 31 32
3 32 14
3 32 25
3 32 26
3 32 27
3 32 28
3 32 31
3 32 32
3 33 2
3 33 4
3 33 9
3 33 18
3 33 24
3 33 26
4 0 2
4 0 3
4 0 7
4 0 10
4 1 0
4 1 5
4 1 7
4 1 9
4 1 12
4 1 33
4 2 6
4 2 9
4 2 14
4 3 3
4 3 7
4 3 11
4 3 13
4 3 24
4 3 27
4 4 8
4 4 9
4 4 10
4 4 33
4 5 5
4 5 6
4 5 11
4 5 16
4 5 31
4 5 32
4 6 0
4 6 2
4 6 7
4 6 10
4 6 13
4 6 29
4 7 5
4 7 6
4 7 7
4 7 8
4 7 15
4 8 1
4 8 2
4 8 5
4 8 8
4 8 9
4 8 10
4 9 1
4 9 2
4 9 3
4 9 4
4 9 9
4 9 21
4 10 0
4 10 3
4 10 6
4 10 7
4 10 11
4 10 33
4 11 6
4 11 10
4 11 11
4 12 7
4 12 16
4 12 20
4 12 23
4 12 24
4 12 29
4 12 30
4 12 31
4 13 0
4 13 8
4 13 16
4 13 20
4 13 23
4 13 26
4 13 33
4 14 9
4 14 15
4 14 17
4 14 20
4 14 24
4 14 26
4 14 27
4 14 31
4 14 32
4 15 0
4 15 13
4 15 24
4 15 27
4 16 6
4 16 9
4 16 16
4 16 23
4 16 24
4 16 28
4 16 31
4 16 32
4 17 0
4 17 18
4 17 21
4 17 33
4 18 1
4 18 5
4 18 18
4 18 22
4 18 24
4 18 29
4 19 3
4 19 6
4 19 8
4 19 12
4 19 28
4 20 8
4 20 12
4 20 16
4 20 19
4 20 22
4 20 29
4 20 30
4 21 1
4 21 8
4 21 15
4 21 18
4 21 21
4 21 32
4 22 19
4 22 20
4 22 23
4 22 24
4 22 25
4 22 26
4 22 31
4 22 33
4 23 12
4 23 13
4 23 15
4 23 21
4 23 31
4 24 2
4 24 7
4 24 15
4 24 28
4 24 32
4 25 17
4 25 18
4 25 20
4 25 30
4 25 31
4 26 20
4 26 24
4 26 31
4 26 32
4 27 1
4 27 6
4 27 8
4 27 13
4 27 15
4 27 16
4 27 19
4 27 20
4 27 21
4 27 24
4 27 28
4 27 29
4 27 33
4 28 11
4 28 12
4 28 16
4 28 19
4 28 27
4 28 28
4 29 0
4 29 5
4 29 13
4 29 27
4 29 33
4 30 7
4 30 15
4 30 22
4 30 26
4 30 32
4 31 3
4 31 9
4 31 16
4 31 18
4 31 21
4 31 22
4 31 23
4 31 25
4 31 26
4 31 28
4 31 33
4 32 5
4 32 7
4 32 13
4 32 14
4 32 15
4 32 20
4 32 25
4 32 29
4 32 31