659
5
35 36 35 35 35
852

0 955 0 0 0 0 852 0 0 0 0 628 270 0 0 0 0 0 64 0 0 0 42 56 17 0 88 0 98 0 0 0 6 0 98
0 364 976 211 24 592 272 358 0 0 0 401 0 0 28 0 0 0 0 0 0 71 62 0 19 30 93 53 0 0 37 0 0 27 0 66
400 0 811 900 0 0 92 275 0 0 480 0 524 100 0 84 28 29 0 18 35 36 0 0 20 9 38 0 0 66 0 0 0 100 0
0 0 862 498 0 400 123 865 0 517 0 0 87 19 0 64 0 0 0 1 0 0 67 40 0 84 0 0 0 73 0 0 0 0 0
949 139 727 0 657 749 903 0 0 0 409 0 25 0 0 0 0 50 0 74 0 0 100 0 70 0 29 79 0 25 0 54 0 77 48

0 0 1
0 0 4
0 0 5
0 0 11
0 0 19
0 0 27
0 1 1
0 1 2
0 1 5
0 1 6
0 1 10
0 1 16
0 1 19
0 1 26
0 2 0
0 2 3
0 2 5
0 2 6
0 2 8
0 2 9
0 2 12
0 2 18
0 2 23
0 2 29
0 3 0
0 3 2
0 3 3
0 3 4
0 3 7
0 3 19
0 3 23
0 3 25
0 3 33
0 4 6
0 4 8
0 4 9
0 4 10
0 4 11
0 4 16
0 4 20
0 4 21
0 4 25
0 4 29
0 4 32
0 5 6
0 5 8
0 5 11
0 6 2
0 6 4
0 6 6
0 6 8
0 6 10
0 6 12
0 6 19
0 6 29
0 7 1
0 7 3
0 7 4
0 7 7
0 7 8
0 7 10
0 7 11
0 7 31
0 7 34
0 7 35
0 8 0
0 8 5
0 8 6
0 8 8
0 8 11
0 8 12
0 8 19
0 8 29
0 8 31
0 9 2
0 9 4
0 9 10
0 9 13
0 9 21
0 9 25
0 10 0
0 10 6
0 10 8
0 10 9
0 10 10
0 10 17
0 10 18
0 10 27
0 11 3
0 11 4
0 11 6
0 11 7
0 11 11
0 11 19
0 11 20
0 11 29
0 12 1
0 12 3
0 12 6
0 12 7
0 12 8
0 12 9
0 12 11
0 12 12
0 12 17
0 12 29
0 12 30
0 12 32
0 13 11
0 13 12
0 13 21
0 13 23
0 13 28
0 13 29
0 14 7
0 14 22
0 14 27
0 14 28
0 15 0
0 15 4
0 15 8
0 15 13
0 15 16
0 15 18
0 15 21
0 15 24
0 15 29
0 15 30
0 16 16
0 16 17
0 17 14
0 17 20
0 17 24
0 17 35
0 18 27
0 18 34
0 19 19
0 19 25
0 19 31
0 20 19
0 20 21
0 20 22
0 20 25
0 21 13
0 21 15
0 21 19
0 21 25
0 21 35
0 22 0
0 22 6
0 22 20
0 22 25
0 22 27
0 22 31
0 23 4
0 23 8
0 23 15
0 23 18
0 23 23
0 23 24
0 23 33
0 24 4
0 24 17
0 24 19
0 25 7
0 25 13
0 25 15
0 25 16
0 25 19
0 25 23
0 25 30
0 25 31
0 26 3
0 26 4
0 26 10
0 26 18
0 26 24
0 27 7
0 27 21
0 27 28
0 28 11
0 28 26
0 28 27
0 28 28
0 28 35
0 29 1
0 29 15
0 29 24
0 30 1
0 30 11
0 30 14
0 30 16
0 30 20
0 31 5
0 31 10
0 31 15
0 31 28
0 32 11
0 32 13
0 32 15
0 33 1
0 33 4
0 33 10
0 33 33
0 34 9
0 34 12
0 34 18
0 34 20
0 34 22
0 34 26
1 0 3
1 0 4
1 0 6
1 0 8
1 0 12
1 0 13
1 0 21
1 1 3
1 1 4
1 1 6
1 1 10
1 1 12
1 1 17
1 2 1
1 2 2
1 2 4
1 2 8
1 2 11
1 2 12
1 2 13
1 2 17
1 2 18
1 2 24
1 3 2
1 3 4
1 3 5
1 3 6
1 3 10
1 3 19
1 3 24
1 3 28
1 3 33
1 4 0
1 4 4
1 4 8
1 4 11
1 4 22
1 4 27
1 5 2
1 5 3
1 5 4
1 5 8
1 5 9
1 5 10
1 5 20
1 5 25
1 5 27
1 5 31
1 6 0
1 6 4
1 6 5
1 6 14
1 6 16
1 6 27
1 6 29
1 7 1
1 7 3
1 7 4
1 7 5
1 7 7
1 7 8
1 7 10
1 7 15
1 7 16
1 7 26
1 7 34
1 8 4
1 8 11
1 8 15
1 8 19
1 8 22
1 8 31
1 8 33
1 9 1
1 9 5
1 9 8
1 9 9
1 9 12
1 9 17
1 9 25
1 9 26
1 10 4
1 10 8
1 10 9
1 10 10
1 10 11
1 10 29
1 10 30
1 11 0
1 11 1
1 11 2
1 11 7
1 11 8
1 11 11
1 11 24
1 11 29
1 11 30
1 12 0
1 12 2
1 12 5
1 12 10
1 12 27
1 13 0
1 13 4
1 13 7
1 13 17
1 13 25
1 13 31
1 14 0
1 14 8
1 14 15
1 14 27
1 14 30
1 14 33
1 15 18
1 15 23
1 15 24
1 15 26
1 15 30
1 16 1
1 16 21
1 16 30
1 17 1
1 17 2
1 17 3
1 17 22
1 17 34
1 18 4
1 18 12
1 18 13
1 18 15
1 18 17
1 18 22
1 18 23
1 19 1
1 19 3
1 19 4
1 19 17
1 20 11
1 20 13
1 20 28
1 21 2
1 21 10
1 21 34
1 22 7
1 22 16
1 22 22
1 22 25
1 22 26
1 22 27
1 22 28
1 22 31
1 23 3
1 23 13
1 23 25
1 23 27
1 24 14
1 24 20
1 25 1
1 25 9
1 25 13
1 25 15
1 25 21
1 26 4
1 26 5
1 26 15
1 26 28
1 27 6
1 27 7
1 27 15
1 27 16
1 27 18
1 27 19
1 27 21
1 27 25
1 27 27
1 27 28
1 27 32
1 28 6
1 28 11
1 28 15
1 28 20
1 28 26
1 28 30
1 29 1
1 29 5
1 29 25
1 29 31
1 30 14
1 30 19
1 30 27
1 30 32
1 30 34
1 31 9
1 31 10
1 31 14
1 31 16
1 31 26
1 31 34
1 32 3
1 32 6
1 32 8
1 32 9
1 32 15
1 32 16
1 32 17
1 33 6
1 33 15
1 33 19
1 33 20
1 33 23
1 34 0
1 34 6
1 34 7
1 34 9
1 34 17
1 34 18
1 34 19
1 34 20
1 34 32
1 34 33
1 35 1
1 35 10
1 35 12
1 35 17
1 35 23
1 35 26
1 35 27
1 35 30
1 35 33
2 0 0
2 0 1
2 0 2
2 0 5
2 0 6
2 0 7
2 0 8
2 0 10
2 0 11
2 0 12
2 0 22
2 0 25
2 1 2
2 1 7
2 1 10
2 1 28
2 2 2
2 2 7
2 2 10
2 2 12
2 2 29
2 2 32
2 2 34
2 3 1
2 3 3
2 3 12
2 3 14
2 3 16
2 3 18
2 4 6
2 4 7
2 4 8
2 4 12
2 4 18
2 4 19
2 4 23
2 4 25
2 4 26
2 4 27
2 4 29
2 5 2
2 5 9
2 5 10
2 5 11
2 5 12
2 5 18
2 5 33
2 6 0
2 6 2
2 6 4
2 6 9
2 6 16
2 6 27
2 6 28
2 6 30
2 7 1
2 7 4
2 7 5
2 7 6
2 7 8
2 7 9
2 7 10
2 7 11
2 7 13
2 7 17
2 7 25
2 7 26
2 7 30
2 7 34
2 8 4
2 8 5
2 8 9
2 8 21
2 8 31
2 9 2
2 9 4
2 9 7
2 9 9
2 9 11
2 9 17
2 9 20
2 9 31
2 10 0
2 10 1
2 10 3
2 10 11
2 10 12
2 10 22
2 10 23
2 10 24
2 10 27
2 10 33
2 11 0
2 11 3
2 11 6
2 11 7
2 11 8
2 11 11
2 11 23
2 11 30
2 11 31
2 11 34
2 12 0
2 12 3
2 12 4
2 12 8
2 12 9
2 12 11
2 12 12
2 12 23
2 12 25
2 13 5
2 13 13
2 13 20
2 13 22
2 13 27
2 14 4
2 14 23
2 15 0
2 15 2
2 15 13
2 15 18
2 15 19
2 15 34
2 16 1
2 16 7
2 16 16
2 16 20
2 16 23
2 16 33
2 17 28
2 17 30
2 17 32
2 17 33
2 18 0
2 18 9
2 18 22
2 19 11
2 19 21
2 19 23
2 19 26
2 19 29
2 20 20
2 20 21
2 20 24
2 20 32
2 21 20
2 21 33
2 22 19
2 22 25
2 22 33
2 23 1
2 23 2
2 23 6
2 23 7
2 23 34
2 24 2
2 24 20
2 24 29
2 24 31
2 25 2
2 25 5
2 25 15
2 25 18
2 25 20
2 25 23
2 25 24
2 25 25
2 26 8
2 26 12
2 26 23
2 26 25
2 27 2
2 27 3
2 27 8
2 27 11
2 27 16
2 27 33
2 28 16
2 28 17
2 28 19
2 28 32
2 29 4
2 29 8
2 29 10
2 29 13
2 29 17
2 29 20
2 29 22
2 30 11
2 30 15
2 30 17
2 30 23
2 30 28
2 31 10
2 31 18
2 31 22
2 31 24
2 31 29
2 32 33
2 33 1
2 33 5
2 33 12
2 33 15
2 33 19
2 33 24
2 33 26
2 34 3
2 34 12
2 34 13
2 34 19
2 34 34
3 0 2
3 0 6
3 0 8
3 0 10
3 0 25
3 0 32
3 1 4
3 1 5
3 1 7
3 1 9
3 1 10
3 1 12
3 1 22
3 2 1
3 2 4
3 2 8
3 2 9
3 2 11
3 2 12
3 2 16
3 2 17
3 2 31
3 3 0
3 3 1
3 3 8
3 3 16
3 4 2
3 4 3
3 4 4
3 4 5
3 4 6
3 4 10
3 4 11
3 4 12
3 4 22
3 4 32
3 5 3
3 5 6
3 5 7
3 5 12
3 5 14
3 5 20
3 5 23
3 5 25
3 5 27
3 5 29
3 5 31
3 5 32
3 6 3
3 6 4
3 6 6
3 6 7
3 6 9
3 6 12
3 6 29
3 6 30
3 7 1
3 7 2
3 7 3
3 7 4
3 7 5
3 7 7
3 7 9
3 7 12
3 7 13
3 7 23
3 7 31
3 7 34
3 8 1
3 8 2
3 8 8
3 8 17
3 8 21
3 8 23
3 9 0
3 9 2
3 9 6
3 9 7
3 9 20
3 9 21
3 10 9
3 10 10
3 10 11
3 10 30
3 11 0
3 11 1
3 11 2
3 11 6
3 11 9
3 11 10
3 11 14
3 11 20
3 12 0
3 12 2
3 12 4
3 12 5
3 12 10
3 12 28
3 12 31
3 13 3
3 13 11
3 13 31
3 14 6
3 14 17
3 14 18
3 14 23
3 15 17
3 15 26
3 16 0
3 16 1
3 16 2
3 16 3
3 16 11
3 16 24
3 16 28
3 17 1
3 17 2
3 17 8
3 17 9
3 17 27
3 17 28
3 17 30
3 17 33
3 18 21
3 18 26
3 19 15
3 19 21
3 19 29
3 19 34
3 20 5
3 20 9
3 20 10
3 20 16
3 20 18
3 20 23
3 20 24
3 20 34
3 21 3
3 21 11
3 21 15
3 21 16
3 21 18
3 21 20
3 21 32
3 21 33
3 22 2
3 22 14
3 22 17
3 22 20
3 22 21
3 22 27
3 22 28
3 22 31
3 23 14
3 23 17
3 23 19
3 23 25
3 23 27
3 24 5
3 24 6
3 24 17
3 24 30
3 25 7
3 25 10
3 25 12
3 25 34
3 26 17
3 26 33
3 27 1
3 27 29
3 27 32
3 28 21
3 28 22
3 28 23
3 28 28
3 28 34
3 29 9
3 29 14
3 29 30
3 30 2
3 30 33
3 31 2
3 31 11
3 31 12
3 31 17
3 31 20
3 31 28
3 31 31
3 31 33
3 32 8
3 32 10
3 32 12
3 32 19
3 32 22
3 33 3
3 33 8
3 33 26
3 34 2
3 34 23
3 34 29