643
7
11 11 13 11 11 11 11
176

0 0 0 206 824 72 0 0 0 0 0
237 6 0 263 0 42 20 0 90 58 33
901 270 0 366 0 0 66 0 91 0 0 56 34
0 859 0 925 0 71 0 27 0 0 0
0 171 846 0 297 60 52 0 19 0 0
0 0 796 0 395 0 0 0 0 0 82
0 11 0 959 500 82 0 86 0 0 50

0 0 1
0 0 3
0 0 4
0 1 9
0 3 0
0 4 0
0 5 5
0 5 7
0 6 6
0 6 7
0 6 10
0 7 5
0 7 6
0 7 7
0 8 5
0 8 6
0 8 9
0 8 10
0 9 3
0 9 4
0 9 6
0 9 7
0 9 8
0 9 9
0 10 5
1 1 2
1 1 4
1 2 3
1 2 5
1 3 1
1 3 3
1 3 8
1 3 10
1 4 0
1 4 2
1 4 3
1 5 5
1 5 9
1 5 11
1 6 6
1 6 9
1 7 5
1 7 7
1 8 4
1 8 6
1 8 7
1 8 9
1 8 11
1 8 12
1 9 5
1 9 7
1 9 12
1 10 0
1 10 5
1 10 6
1 10 8
1 10 12
2 0 1
2 0 2
2 0 4
2 0 8
2 1 0
2 1 1
2 1 3
2 1 6
2 2 5
2 3 0
2 3 1
2 3 4
2 4 0
2 4 1
2 4 3
2 5 4
2 5 5
2 5 8
2 6 1
2 6 6
2 6 9
2 7 9
2 8 2
2 8 7
2 8 9
2 9 2
2 10 0
2 10 5
2 10 7
2 10 8
2 10 9
2 10 10
2 11 6
2 11 7
2 11 8
2 11 10
2 12 5
3 0 6
3 1 2
3 1 4
3 2 1
3 3 0
3 3 2
3 3 3
3 4 0
3 4 8
3 4 10
3 5 5
3 5 7
3 5 10
3 6 6
3 6 9
3 6 10
3 7 7
3 8 7
3 9 1
3 9 2
3 9 6
3 10 5
3 10 6
3 10 10
4 0 0
4 0 2
4 1 0
4 1 1
4 1 4
4 2 1
4 2 4
4 2 9
4 3 0
4 3 3
4 4 0
4 4 4
4 4 10
4 5 9
4 6 5
4 6 7
4 6 10
4 7 0
4 7 2
4 7 5
4 8 1
4 8 2
4 8 5
4 8 7
4 8 8
4 8 10
4 9 5
4 9 9
5 0 1
5 0 4
5 0 5
5 0 6
5 0 9
5 1 1
5 1 2
5 1 3
5 1 4
5 1 8
5 2 3
5 3 4
5 4 0
5 4 2
5 4 5
5 5 5
5 5 9
5 5 10
5 6 9
5 6 10
5 7 6
5 7 7
5 7 9
5 8 8
5 8 9
5 9 8
5 9 9
5 10 1
5 10 6
5 10 8