1527
4
43 44 44 44
1062

0 923 198 0 0 730 678 0 760 0 0 374 858 0 0 0 0 0 14 64 0 70 50 0 9 54 22 0 60 76 0 13 0 0 0 0 0 37 2 0 0 5 0
0 530 355 0 0 499 0 24 978 0 215 621 496 0 984 67 11 71 27 10 0 11 67 16 19 0 0 86 0 93 0 53 100 0 0 85 0 0 76 27 96 96 0 0
0 424 567 571 264 650 0 789 0 0 0 0 833 381 0 0 6 100 0 0 0 12 48 0 39 0 0 0 71 0 22 0 28 24 0 4 0 16 31 0 0 51 53 0
641 0 538 0 0 837 0 181 0 0 814 684 0 0 0 152 0 52 33 50 1 0 0 0 32 0 88 0 77 54 83 0 31 51 68 0 80 0 47 5 0 0 0 0

0 0 0
0 0 1
0 0 2
0 0 7
0 0 13
0 0 14
0 0 19
0 0 21
0 1 3
0 1 6
0 1 8
0 1 9
0 1 11
0 1 25
0 1 42
0 2 2
0 2 5
0 2 6
0 2 7
0 2 8
0 2 9
0 2 11
0 2 12
0 2 17
0 2 23
0 2 36
0 3 0
0 3 1
0 3 5
0 3 6
0 3 8
0 3 10
0 3 11
0 3 13
0 3 15
0 3 33
0 3 34
0 4 4
0 4 9
0 4 10
0 4 11
0 4 12
0 4 13
0 4 18
0 4 19
0 4 21
0 4 36
0 4 38
0 5 0
0 5 2
0 5 4
0 5 7
0 5 9
0 5 10
0 5 13
0 5 14
0 5 17
0 6 6
0 6 8
0 6 9
0 6 11
0 6 13
0 6 14
0 6 15
0 6 16
0 6 30
0 7 2
0 7 4
0 7 7
0 7 9
0 7 10
0 7 12
0 7 13
0 7 14
0 7 21
0 7 40
0 7 41
0 8 0
0 8 2
0 8 3
0 8 5
0 8 8
0 8 10
0 8 12
0 8 14
0 8 23
0 9 1
0 9 3
0 9 8
0 9 13
0 9 14
0 9 17
0 9 20
0 9 30
0 9 36
0 10 2
0 10 5
0 10 6
0 10 10
0 10 11
0 10 13
0 10 23
0 10 29
0 10 33
0 10 41
0 11 3
0 11 4
0 11 7
0 11 8
0 11 10
0 11 11
0 11 12
0 11 19
0 11 30
0 11 39
0 11 42
0 12 0
0 12 1
0 12 3
0 12 8
0 12 10
0 12 16
0 12 24
0 12 43
0 13 0
0 13 1
0 13 2
0 13 4
0 13 9
0 13 10
0 13 11
0 13 13
0 13 15
0 13 19
0 13 23
0 13 33
0 13 38
0 13 40
0 14 0
0 14 4
0 14 5
0 14 6
0 14 9
0 14 14
0 14 21
0 14 22
0 14 32
0 15 0
0 15 1
0 15 2
0 15 3
0 15 5
0 15 9
0 15 11
0 15 13
0 15 15
0 15 32
0 15 40
0 16 1
0 16 4
0 16 11
0 16 35
0 17 2
0 17 3
0 17 5
0 17 10
0 17 22
0 17 32
0 17 38
0 18 1
0 18 22
0 18 33
0 18 42
0 19 0
0 19 27
0 19 31
0 19 37
0 20 17
0 20 23
0 20 29
0 20 30
0 20 33
0 20 34
0 21 5
0 21 11
0 21 24
0 21 37
0 21 40
0 21 42
0 22 6
0 22 10
0 22 14
0 22 17
0 22 24
0 22 34
0 22 38
0 23 1
0 23 5
0 23 15
0 23 18
0 23 25
0 23 31
0 23 40
0 23 42
0 24 22
0 24 29
0 24 32
0 24 36
0 24 40
0 24 43
0 25 0
0 25 4
0 25 18
0 25 19
0 25 21
0 25 28
0 25 29
0 25 42
0 26 12
0 26 17
0 26 19
0 26 20
0 26 21
0 26 25
0 26 33
0 26 34
0 26 37
0 27 21
0 27 23
0 27 28
0 27 32
0 27 42
0 28 2
0 28 4
0 28 7
0 28 20
0 28 24
0 28 26
0 28 28
0 28 32
0 28 35
0 28 37
0 28 41
0 29 6
0 29 7
0 29 10
0 29 15
0 29 17
0 29 21
0 29 39
0 29 41
0 29 43
0 30 10
0 30 19
0 30 21
0 30 22
0 30 24
0 30 29
0 30 30
0 30 31
0 30 32
0 30 33
0 30 40
0 30 42
0 31 3
0 31 8
0 31 27
0 31 36
0 31 40
0 31 41
0 32 16
0 32 30
0 32 31
0 32 34
0 32 38
0 32 39
0 33 11
0 33 26
0 33 34
0 33 39
0 33 40
0 33 43
0 34 5
0 34 12
0 34 13
0 34 24
0 34 27
0 34 29
0 34 38
0 34 41
0 35 25
0 35 30
0 35 42
0 36 5
0 36 12
0 36 15
0 36 24
0 36 27
0 36 29
0 36 34
0 36 36
0 37 18
0 37 22
0 37 33
0 38 3
0 38 7
0 38 18
0 38 24
0 38 30
0 39 0
0 39 14
0 39 16
0 39 18
0 39 19
0 39 21
0 39 22
0 39 23
0 39 24
0 39 35
0 40 2
0 40 6
0 40 38
0 41 0
0 41 8
0 41 15
0 41 20
0 41 22
0 41 27
0 41 28
0 41 30
0 41 35
0 41 40
0 41 42
0 41 43
0 42 3
0 42 10
0 42 11
0 42 12
0 42 18
0 42 19
0 42 20
0 42 24
0 42 26
1 0 2
1 0 3
1 0 5
1 0 6
1 0 7
1 0 8
1 0 11
1 0 14
1 0 15
1 0 16
1 0 35
1 0 39
1 1 1
1 1 4
1 1 7
1 1 8
1 1 9
1 1 12
1 1 15
1 1 34
1 1 38
1 1 39
1 1 41
1 2 2
1 2 3
1 2 4
1 2 5
1 2 8
1 2 11
1 2 12
1 2 15
1 2 17
1 3 3
1 3 5
1 3 6
1 3 9
1 3 11
1 3 12
1 3 13
1 3 14
1 3 20
1 3 21
1 3 24
1 3 40
1 4 1
1 4 2
1 4 3
1 4 15
1 4 21
1 4 25
1 4 27
1 4 29
1 4 42
1 5 2
1 5 3
1 5 5
1 5 6
1 5 7
1 5 9
1 5 10
1 5 11
1 5 12
1 5 13
1 5 20
1 5 39
1 5 42
1 5 43
1 6 3
1 6 4
1 6 5
1 6 6
1 6 7
1 6 12
1 6 13
1 6 15
1 6 42
1 7 0
1 7 2
1 7 3
1 7 5
1 7 9
1 7 11
1 7 12
1 7 13
1 7 14
1 8 2
1 8 3
1 8 4
1 8 6
1 8 10
1 8 15
1 8 17
1 8 39
1 9 2
1 9 6
1 9 7
1 9 13
1 9 14
1 9 18
1 9 26
1 9 33
1 10 2
1 10 3
1 10 6
1 10 9
1 10 11
1 10 12
1 10 13
1 10 21
1 10 31
1 10 34
1 10 36
1 11 4
1 11 6
1 11 7
1 11 8
1 11 9
1 11 10
1 11 12
1 11 19
1 11 28
1 12 0
1 12 2
1 12 5
1 12 7
1 12 9
1 12 11
1 12 13
1 12 14
1 12 15
1 12 18
1 12 34
1 12 38
1 12 39
1 12 40
1 12 41
1 13 1
1 13 5
1 13 7
1 13 10
1 13 12
1 13 19
1 13 26
1 13 27
1 13 41
1 14 4
1 14 5
1 14 6
1 14 10
1 14 12
1 14 13
1 14 14
1 14 16
1 14 17
1 14 21
1 14 26
1 15 1
1 15 2
1 15 3
1 15 8
1 15 13
1 15 15
1 15 42
1 16 5
1 16 19
1 16 22
1 16 25
1 16 37
1 16 42
1 17 5
1 17 9
1 17 18
1 17 28
1 17 29
1 17 37
1 17 38
1 18 3
1 18 20
1 18 21
1 18 29
1 18 31
1 18 36
1 18 37
1 18 42
1 19 2
1 19 9
1 19 18
1 19 20
1 19 23
1 19 24
1 19 37
1 19 41
1 20 1
1 20 5
1 20 7
1 20 10
1 20 12
1 20 16
1 20 31
1 20 34
1 20 40
1 21 15
1 21 19
1 21 20
1 21 29
1 21 30
1 21 35
1 22 11
1 22 12
1 22 16
1 22 32
1 22 35
1 22 36
1 22 42
1 23 14
1 23 19
1 23 20
1 23 34
1 23 35
1 23 36
1 23 40
1 23 42
1 23 43
1 24 8
1 24 10
1 24 17
1 24 21
1 24 25
1 24 26
1 24 29
1 24 36
1 24 42
1 25 1
1 25 19
1 25 22
1 25 23
1 25 24
1 25 41
1 26 3
1 26 16
1 26 21
1 27 1
1 27 18
1 27 21
1 27 24
1 27 25
1 27 26
1 27 27
1 27 28
1 27 30
1 27 33
1 27 38
1 27 41
1 28 13
1 28 15
1 28 19
1 28 31
1 28 42
1 28 43
1 29 16
1 29 26
1 29 30
1 29 32
1 30 5
1 30 17
1 30 26
1 30 27
1 30 31
1 30 33
1 30 35
1 31 0
1 31 3
1 31 6
1 31 8
1 31 20
1 31 24
1 31 26
1 31 37
1 32 4
1 32 5
1 32 7
1 32 9
1 32 17
1 32 30
1 32 31
1 32 35
1 32 40
1 33 15
1 33 21
1 33 24
1 33 32
1 33 34
1 33 43
1 34 0
1 34 4
1 34 22
1 34 25
1 34 31
1 34 32
1 34 42
1 35 1
1 35 7
1 35 8
1 35 12
1 35 25
1 35 33
1 35 39
1 36 8
1 36 10
1 36 13
1 36 19
1 36 20
1 36 24
1 36 25
1 36 32
1 36 40
1 37 4
1 37 17
1 37 28
1 38 16
1 38 30
1 39 3
1 39 34
1 39 39
1 39 43
1 40 7
1 40 10
1 40 14
1 40 15
1 40 16
1 40 30
1 40 33
1 40 36
1 40 37
1 41 7
1 41 16
1 41 27
1 41 30
1 41 41
1 42 5
1 42 7
1 42 10
1 42 11
1 42 15
1 42 16
1 42 18
1 42 22
1 42 23
1 42 30
1 42 38
1 43 3
1 43 11
1 43 16
1 43 33
2 0 0
2 0 2
2 0 4
2 0 8
2 0 9
2 0 10
2 0 12
2 0 14
2 0 15
2 0 31
2 0 41
2 1 0
2 1 3
2 1 4
2 1 9
2 1 11
2 1 14
2 1 15
2 1 18
2 1 19
2 1 21
2 1 29
2 1 36
2 1 37
2 2 1
2 2 2
2 2 3
2 2 5
2 2 6
2 2 7
2 2 8
2 2 11
2 2 14
2 2 15
2 2 42
2 3 2
2 3 3
2 3 4
2 3 5
2 3 6
2 3 7
2 3 14
2 3 15
2 3 34
2 3 37
2 4 3
2 4 4
2 4 5
2 4 7
2 4 9
2 4 11
2 4 12
2 4 13
2 4 14
2 4 32
2 5 0
2 5 4
2 5 7
2 5 8
2 5 12
2 5 15
2 5 25
2 5 31
2 6 2
2 6 6
2 6 7
2 6 11
2 6 13
2 6 14
2 6 18
2 6 22
2 6 24
2 6 27
2 6 31
2 6 36
2 7 0
2 7 4
2 7 5
2 7 7
2 7 8
2 7 9
2 7 10
2 7 12
2 7 15
2 7 27
2 7 32
2 8 1
2 8 5
2 8 6
2 8 7
2 8 8
2 8 9
2 8 12
2 8 14
2 8 15
2 8 17
2 8 20
2 8 27
2 8 39
2 8 42
2 9 6
2 9 9
2 9 10
2 9 14
2 9 15
2 9 29
2 10 1
2 10 4
2 10 5
2 10 6
2 10 11
2 10 14
2 10 22
2 10 29
2 10 38
2 11 1
2 11 7
2 11 8
2 11 9
2 11 10
2 11 11
2 11 13
2 11 21
2 11 27
2 11 28
2 11 38
2 11 39
2 11 42
2 11 43
2 12 3
2 12 5
2 12 6
2 12 7
2 12 9
2 12 10
2 12 11
2 12 12
2 12 13
2 12 16
2 12 26
2 12 35
2 12 43
2 13 2
2 13 7
2 13 9
2 13 11
2 13 13
2 13 22
2 13 28
2 13 36
2 13 39
2 14 1
2 14 2
2 14 8
2 14 9
2 14 15
2 14 19
2 14 24
2 14 33
2 14 42
2 14 43
2 15 3
2 15 5
2 15 7
2 15 8
2 15 12
2 15 14
2 15 20
2 15 34
2 15 35
2 15 38
2 16 15
2 16 16
2 16 22
2 16 24
2 16 32
2 16 43
2 17 1
2 17 9
2 17 10
2 17 11
2 17 18
2 17 20
2 17 30
2 17 38
2 17 42
2 18 4
2 18 6
2 18 13
2 18 18
2 18 27
2 19 1
2 19 8
2 19 11
2 19 16
2 19 19
2 19 23
2 19 26
2 19 33
2 19 37
2 19 39
2 20 1
2 20 2
2 20 6
2 20 8
2 20 20
2 20 22
2 20 23
2 20 24
2 20 35
2 21 15
2 21 17
2 21 28
2 21 33
2 22 7
2 22 8
2 22 19
2 23 9
2 23 13
2 23 15
2 23 17
2 23 20
2 23 35
2 23 39
2 23 41
2 23 42
2 23 43
2 24 0
2 24 16
2 24 22
2 24 33
2 24 38
2 25 12
2 25 16
2 25 18
2 25 26
2 25 36
2 25 42
2 26 15
2 26 18
2 26 20
2 26 24
2 26 25
2 26 28
2 26 30
2 26 40
2 26 41
2 27 5
2 27 9
2 27 17
2 27 18
2 27 25
2 27 26
2 27 31
2 27 34
2 27 43
2 28 16
2 28 18
2 28 27
2 28 30
2 28 43
2 29 1
2 29 13
2 29 18
2 29 23
2 29 25
2 29 26
2 29 27
2 29 37
2 29 39
2 30 2
2 30 16
2 30 29
2 31 5
2 31 12
2 31 16
2 31 18
2 31 21
2 31 24
2 31 26
2 31 30
2 31 35
2 31 41
2 32 1
2 32 21
2 33 13
2 33 16
2 33 31
2 33 35
2 33 41
2 34 17
2 34 19
2 34 34
2 34 37
2 34 41
2 35 0
2 35 2
2 35 6
2 35 8
2 35 25
2 35 29
2 35 39
2 35 40
2 35 41
2 36 1
2 36 3
2 36 15
2 36 17
2 36 21
2 36 37
2 37 13
2 37 21
2 37 27
2 37 30
2 37 31
2 37 33
2 37 43
2 38 3
2 38 5
2 38 6
2 38 8
2 38 13
2 38 14
2 38 15
2 38 20
2 38 23
2 38 24
2 38 32
2 38 36
2 38 37
2 38 38
2 38 41
2 38 43
2 39 19
2 39 25
2 39 32
2 39 35
2 39 36
2 40 22
2 40 23
2 40 26
2 40 38
2 40 41
2 41 0
2 41 22
2 41 28
2 41 30
2 41 31
2 41 33
2 41 35
2 41 38
2 42 4
2 42 14
2 42 16
2 42 22
2 42 24
2 42 27
2 42 30
2 42 34
2 42 43
2 43 2
2 43 25
2 43 26
2 43 32
2 43 41