195
5
26 26 27 26 26
432

0 0 134 973 392 268 0 36 12 44 0 62 0 12 0 44 52 88 0 90 31 84 39 9 55 0
0 761 0 0 667 0 0 0 36 0 5 68 0 3 0 0 0 0 0 30 7 0 39 0 0 0
0 0 904 0 671 0 511 0 18 0 74 0 79 0 0 0 0 0 0 0 99 0 0 45 0 0 0
779 263 0 0 0 0 0 3 78 42 66 0 14 0 0 66 0 0 30 0 0 0 33 83 0 0
90 0 843 0 757 0 0 0 0 8 28 0 0 0 36 0 35 99 79 39 64 0 0 0 9 0

0 0 0
0 0 4
0 0 12
0 0 20
0 1 0
0 1 6
0 1 19
0 1 22
0 2 1
0 2 4
0 2 5
0 2 19
0 3 2
0 3 4
0 3 7
0 3 22
0 3 23
0 3 25
0 4 2
0 4 6
0 4 12
0 4 19
0 5 0
0 5 17
0 5 22
0 5 23
0 6 2
0 6 4
0 6 5
0 6 6
0 6 13
0 7 7
0 7 11
0 7 15
0 7 20
0 7 22
0 7 23
0 8 1
0 8 5
0 8 13
0 8 21
0 8 23
0 8 25
0 9 5
0 9 7
0 9 8
0 9 14
0 9 17
0 9 21
0 9 23
0 10 0
0 10 1
0 10 15
0 10 19
0 10 20
0 10 24
0 11 6
0 11 10
0 11 19
0 11 22
0 11 25
0 12 0
0 12 7
0 12 8
0 12 23
0 12 25
0 13 1
0 13 13
0 13 15
0 13 16
0 13 18
0 13 20
0 13 21
0 14 1
0 14 3
0 14 6
0 14 14
0 14 15
0 14 16
0 14 19
0 14 22
0 15 2
0 15 5
0 15 13
0 15 14
0 15 18
0 15 24
0 16 6
0 16 16
0 16 19
0 17 5
0 17 7
0 17 10
0 17 13
0 17 19
0 18 13
0 18 16
0 18 19
0 18 20
0 19 4
0 19 23
0 20 11
0 20 23
0 21 1
0 21 8
0 21 11
0 21 12
0 21 13
0 21 14
0 21 20
0 21 21
0 21 25
0 22 2
0 22 5
0 22 6
0 22 8
0 22 16
0 22 20
0 23 2
0 23 10
0 23 16
0 23 20
0 24 6
0 24 15
0 24 16
0 24 18
0 25 5
0 25 17
0 25 22
1 0 1
1 0 7
1 0 22
1 0 23
1 0 24
1 1 2
1 1 3
1 1 20
1 1 22
1 1 25
1 2 5
1 2 10
1 2 15
1 2 23
1 2 24
1 3 0
1 3 4
1 3 5
1 3 8
1 4 2
1 4 9
1 4 25
1 4 26
1 5 2
1 5 4
1 5 5
1 5 6
1 5 11
1 6 12
1 7 3
1 7 6
1 7 7
1 7 24
1 8 1
1 8 3
1 8 7
1 8 10
1 9 3
1 9 10
1 9 13
1 9 18
1 9 24
1 9 25
1 10 9
1 10 17
1 11 8
1 11 11
1 11 25
1 12 16
1 12 25
1 13 0
1 13 15
1 13 19
1 14 1
1 14 11
1 14 13
1 14 25
1 14 26
1 15 11
1 15 15
1 16 6
1 17 2
1 17 13
1 17 15
1 18 21
1 18 22
1 19 13
1 19 14
1 19 20
1 20 12
1 20 19
1 21 9
1 21 12
1 21 19
1 21 25
1 22 9
1 22 20
1 22 21
1 23 9
1 23 10
1 23 17
1 23 18
1 23 20
1 24 8
1 24 9
1 24 11
1 24 18
1 25 2
1 25 4
1 25 8
1 25 17
1 25 19
1 25 20
1 25 25
2 0 3
2 0 6
2 0 7
2 1 1
2 1 2
2 1 18
2 1 22
2 2 4
2 2 16
2 2 19
2 3 0
2 3 1
2 3 3
2 3 4
2 3 13
2 4 2
2 4 4
2 4 5
2 4 9
2 4 17
2 4 18
2 4 21
2 5 0
2 5 1
2 5 4
2 5 11
2 5 17
2 5 19
2 6 11
2 6 16
2 6 24
2 7 2
2 7 3
2 7 16
2 7 23
2 7 25
2 8 2
2 8 5
2 9 9
2 9 11
2 9 13
2 9 16
2 9 19
2 9 20
2 10 5
2 10 10
2 10 11
2 10 14
2 10 18
2 10 24
2 10 25
2 11 6
2 11 17
2 12 0
2 12 10
2 12 11
2 12 18
2 13 2
2 13 17
2 13 24
2 14 10
2 15 6
2 15 10
2 15 12
2 16 2
2 16 6
2 16 13
2 16 22
2 17 0
2 17 18
2 18 8
2 18 11
2 18 20
2 19 2
2 19 10
2 19 19
2 19 20
2 19 23
2 19 25
2 20 17
2 20 20
2 21 0
2 21 2
2 21 5
2 21 6
2 21 7
2 21 10
2 21 12
2 21 15
2 21 20
2 22 5
2 22 8
2 22 14
2 23 8
2 23 9
2 23 10
2 23 22
2 24 12
2 24 16
2 24 24
2 25 4
2 25 5
2 25 17
2 25 20
2 25 25
2 26 2
2 26 9
3 0 0
3 0 4
3 0 8
3 0 16
3 0 22
3 0 23
3 1 7
3 1 12
3 1 16
3 1 19
3 2 0
3 2 2
3 2 3
3 3 1
3 3 4
3 3 5
3 3 20
3 3 25
3 4 6
3 4 25
3 5 2
3 5 6
3 6 3
3 6 13
3 6 15
3 6 23
3 6 24
3 7 10
3 7 13
3 7 16
3 8 5
3 8 6
3 8 8
3 8 10
3 8 13
3 8 15
3 8 17
3 8 18
3 8 19
3 8 24
3 9 0
3 9 13
3 9 19
3 10 3
3 10 8
3 10 13
3 10 18
3 10 20
3 10 22
3 11 10
3 11 22
3 11 23
3 12 4
3 12 10
3 12 11
3 12 12
3 12 24
3 13 5
3 13 11
3 13 12
3 13 16
3 13 19
3 13 22
3 14 18
3 14 24
3 15 13
3 15 19
3 15 23
3 16 3
3 16 11
3 16 13
3 16 15
3 16 19
3 16 21
3 16 23
3 17 16
3 18 4
3 18 10
3 18 13
3 18 17
3 18 19
3 19 7
3 19 12
3 20 8
3 20 16
3 21 14
3 21 20
3 22 8
3 22 10
3 22 13
3 22 19
3 22 21
3 22 24
3 23 17
3 23 24
3 24 16
3 24 22
3 25 7
3 25 9
3 25 13
3 25 15
3 25 25