2393
5
14 14 14 14 14
141

418 0 0 56 715 65 82 0 0 0 0 0 0 0
676 0 0 136 0 0 0 0 55 82 0 0 0 0
0 0 0 103 0 17 0 0 99 0 49 74 96 0
0 0 0 0 0 0 39 18 4 10 0 98 0 27
0 0 0 361 30 78 1 57 0 59 0 94 0 3

0 0 2
0 1 0
0 1 2
0 1 4
0 1 5
0 1 12
0 2 2
0 3 1
0 3 9
0 3 12
0 4 0
0 4 1
0 4 2
0 4 3
0 4 8
0 5 12
0 6 5
0 6 10
0 7 1
0 7 7
0 7 8
0 7 9
0 7 10
0 7 13
0 8 0
0 8 6
0 9 1
0 9 5
0 10 3
0 10 11
0 11 1
0 11 10
0 11 13
0 12 6
0 13 9
0 13 12
1 0 0
1 0 1
1 0 2
1 1 4
1 1 5
1 1 9
1 1 10
1 2 10
1 3 0
1 3 1
1 3 4
1 4 2
1 4 6
1 5 4
1 5 7
1 6 5
1 6 7
1 6 10
1 7 1
1 7 8
1 8 5
1 8 13
1 9 3
1 9 10
1 10 5
1 11 5
1 11 9
1 13 1
1 13 4
1 13 7
1 13 13
2 0 2
2 0 3
2 0 4
2 0 11
2 1 1
2 1 3
2 1 4
2 1 12
2 2 3
2 2 11
2 3 2
2 3 3
2 4 3
2 4 4
2 5 9
2 6 5
2 6 7
2 7 5
2 7 12
2 8 10
2 9 9
2 9 12
2 9 13
2 10 10
2 11 3
2 11 5
2 11 11
2 11 12
2 12 11
2 13 0
2 13 6
2 13 8
2 13 11
3 0 1
3 0 5
3 0 9
3 1 1
3 1 3
3 1 8
3 1 11
3 2 2
3 2 8
3 2 11
3 3 0
3 3 2
3 3 3
3 4 1
3 4 2
3 4 3
3 4 4
3 5 6
3 5 7
3 5 10
3 5 12
3 6 5
3 6 8
3 6 11
3 7 8
3 7 10
3 7 12
3 7 13
3 8 0
3 9 3
3 9 4
3 9 9
3 9 11
3 9 12
3 9 13
3 10 1
3 10 6
3 11 4
3 11 7
3 11 8
3 13 10