265
3
24 24 25
243

0 0 784 0 6 26 0 0 744 6 0 0 28 0 0 70 95 65 0 98 72 0 0 0
623 0 0 0 537 0 0 0 0 0 0 0 75 0 53 0 0 0 0 62 0 9 0 0
0 0 320 0 199 0 0 283 0 43 0 56 1 0 0 31 0 83 62 86 0 100 61 0 15

0 0 3
0 0 16
0 1 0
0 1 3
0 1 6
0 1 7
0 1 8
0 1 12
0 1 13
0 1 15
0 2 0
0 2 3
0 2 22
0 3 0
0 3 1
0 3 2
0 3 5
0 3 7
0 4 1
0 4 4
0 4 8
0 4 11
0 4 23
0 5 1
0 5 5
0 5 7
0 5 12
0 5 16
0 6 0
0 6 2
0 6 3
0 6 5
0 6 6
0 6 7
0 6 12
0 6 17
0 6 21
0 6 23
0 7 1
0 7 2
0 7 9
0 7 13
0 7 17
0 7 20
0 8 3
0 8 5
0 8 7
0 8 9
0 8 14
0 8 16
0 8 19
0 8 21
0 9 12
0 10 11
0 10 14
0 10 17
0 10 19
0 10 21
0 11 2
0 11 13
0 11 14
0 12 5
0 12 7
0 12 9
0 12 23
0 13 9
0 13 10
0 13 11
0 13 17
0 13 20
0 14 4
0 14 8
0 14 13
0 14 14
0 14 21
0 15 1
0 15 2
0 15 8
0 15 15
0 16 4
0 16 11
0 17 12
0 17 13
0 17 20
0 17 23
0 18 9
0 18 11
0 18 13
0 18 16
0 18 20
0 18 21
0 18 23
0 19 4
0 19 10
0 19 13
0 19 17
0 19 19
0 19 21
0 19 23
0 20 11
0 20 13
0 20 18
0 20 21
0 21 14
0 21 15
0 21 17
0 21 18
0 22 2
0 22 5
0 22 7
0 22 10
0 22 12
0 22 16
0 22 18
0 22 19
0 22 23
0 23 3
0 23 5
0 23 16
0 23 17
0 23 22
0 23 23
1 0 0
1 0 5
1 0 17
1 0 18
1 0 21
1 0 22
1 1 1
1 1 4
1 1 6
1 1 8
1 1 9
1 1 10
1 1 16
1 1 21
1 1 22
1 1 24
1 2 0
1 2 4
1 2 6
1 2 8
1 2 12
1 2 15
1 2 24
1 3 2
1 3 5
1 3 20
1 4 6
1 4 21
1 4 22
1 5 0
1 5 5
1 5 8
1 5 12
1 5 15
1 6 1
1 6 6
1 6 7
1 6 16
1 6 19
1 7 0
1 7 1
1 7 2
1 7 5
1 7 6
1 7 7
1 7 9
1 7 18
1 7 19
1 7 21
1 7 23
1 8 0
1 8 5
1 8 7
1 8 10
1 8 14
1 8 20
1 9 5
1 9 23
1 10 9
1 10 15
1 10 24
1 11 7
1 11 10
1 11 12
1 11 22
1 12 5
1 12 6
1 12 8
1 12 16
1 12 22
1 13 0
1 13 12
1 13 22
1 13 23
1 13 24
1 14 9
1 14 14
1 14 17
1 14 21
1 14 24
1 15 2
1 15 3
1 15 4
1 15 13
1 15 16
1 15 18
1 16 9
1 16 12
1 16 15
1 16 19
1 16 20
1 16 21
1 16 23
1 17 2
1 17 16
1 18 3
1 18 10
1 18 14
1 18 19
1 18 24
1 19 2
1 19 3
1 19 7
1 19 8
1 19 23
1 20 8
1 20 10
1 20 14
1 21 1
1 21 6
1 21 12
1 21 18
1 22 0
1 22 7
1 22 17
1 22 23
1 23 6
1 23 11
1 23 16
1 23 22
1 23 24