1391
5
16 16 16 16 16
215

0 930 0 936 0 337 0 2 0 44 82 0 0 37 31 0
0 0 740 247 0 105 0 3 77 0 0 78 0 58 72 36
262 919 0 0 0 998 19 0 65 0 100 2 0 47 0 85
0 218 671 723 0 0 61 0 11 0 2 86 0 0 0 54
554 913 440 256 0 417 0 10 0 0 1 75 46 15 0 0

0 0 10
0 0 11
0 2 0
0 2 8
0 2 14
0 3 2
0 4 3
0 4 4
0 5 3
0 5 11
0 6 1
0 6 6
0 6 7
0 6 8
0 6 11
0 6 12
0 6 15
0 7 8
0 7 10
0 7 12
0 7 13
0 8 2
0 8 4
0 8 7
0 8 15
0 9 1
0 9 2
0 9 6
0 9 9
0 9 10
0 9 13
0 9 15
0 10 8
0 10 12
0 11 2
0 11 3
0 11 5
0 11 6
0 11 12
0 11 14
0 11 15
0 12 6
0 12 12
0 12 13
0 13 12
0 13 13
0 14 2
0 14 9
0 14 12
0 15 0
0 15 12
0 15 15
1 1 3
1 2 0
1 2 4
1 2 5
1 2 9
1 2 11
1 2 15
1 3 7
1 3 13
1 4 2
1 4 7
1 4 10
1 5 2
1 5 6
1 6 0
1 6 8
1 6 9
1 6 12
1 7 4
1 7 7
1 7 11
1 7 12
1 7 15
1 8 2
1 8 7
1 8 10
1 8 15
1 9 6
1 9 8
1 9 9
1 10 2
1 10 9
1 10 10
1 10 12
1 10 14
1 11 0
1 11 4
1 11 6
1 11 10
1 11 15
1 12 7
1 12 12
1 12 13
1 13 7
1 13 10
1 14 9
1 14 10
1 14 11
1 14 13
1 14 14
1 14 15
1 15 6
1 15 8
1 15 9
1 15 10
1 15 13
1 15 14
2 0 0
2 0 2
2 0 3
2 1 10
2 2 4
2 2 5
2 2 9
2 3 1
2 3 4
2 3 9
2 4 3
2 4 9
2 4 10
2 4 13
2 5 4
2 5 15
2 6 1
2 6 6
2 6 7
2 6 8
2 6 9
2 6 14
2 7 5
2 7 11
2 7 12
2 7 13
2 8 5
2 8 6
2 8 7
2 8 8
2 8 9
2 8 13
2 9 0
2 9 3
2 9 7
2 9 8
2 9 9
2 10 1
2 10 9
2 10 12
2 10 13
2 11 7
2 11 9
2 12 1
2 12 7
2 12 9
2 12 10
2 12 11
2 12 13
2 12 14
2 12 15
2 13 2
2 13 4
2 13 8
2 13 10
2 13 15
2 14 6
2 14 7
2 14 14
2 14 15
2 15 8
2 15 12
2 15 13
3 0 5
3 0 6
3 0 7
3 1 3
3 1 15
3 2 0
3 2 5
3 3 2
3 3 4
3 3 5
3 4 11
3 4 13
3 5 2
3 5 3
3 5 7
3 5 15
3 6 8
3 6 10
3 7 7
3 7 9
3 7 14
3 8 7
3 8 9
3 8 12
3 8 13
3 9 11
3 9 12
3 9 15
3 10 0
3 10 5
3 11 11
3 11 14
3 12 1
3 12 3
3 12 4
3 12 9
3 12 11
3 12 13
3 13 1
3 13 6
3 13 11
3 14 15
3 15 9