649
3
18 18 18
109

290 0 731 273 0 263 156 0 343 0 93 0 0 92 97 0 0 53
0 0 0 0 0 0 518 571 510 46 7 56 66 0 70 0 0 0
288 0 607 0 0 50 720 81 0 16 0 0 91 56 13 31 14 0

0 0 4
0 0 5
0 0 13
0 0 15
0 1 5
0 1 8
0 2 7
0 2 11
0 2 12
0 3 0
0 3 15
0 4 1
0 4 2
0 4 8
0 5 2
0 5 16
0 7 7
0 7 12
0 8 1
0 9 11
0 9 16
0 9 17
0 10 9
0 10 13
0 11 3
0 11 9
0 11 10
0 11 11
0 11 12
0 11 15
0 11 17
0 12 10
0 12 13
0 12 14
0 12 15
0 13 0
0 13 10
0 13 12
0 13 16
0 14 9
0 14 10
0 14 13
0 14 14
0 14 15
0 15 10
0 15 11
0 15 14
0 15 15
0 15 17
0 16 11
0 16 14
0 16 15
0 16 16
0 16 17
0 17 0
0 17 11
0 17 12
0 17 14
0 17 15
1 0 0
1 0 5
1 0 6
1 1 5
1 1 17
1 2 2
1 2 11
1 3 1
1 3 5
1 3 6
1 3 8
1 3 13
1 4 12
1 5 4
1 5 5
1 5 15
1 6 5
1 6 11
1 7 9
1 8 10
1 9 0
1 9 2
1 9 3
1 9 7
1 9 16
1 9 17
1 10 0
1 10 13
1 12 5
1 12 9
1 12 16
1 13 9
1 13 10
1 13 11
1 13 17
1 14 12
1 14 13
1 14 17
1 15 6
1 15 11
1 15 13
1 15 16
1 16 5
1 16 13
1 16 16
1 16 17
1 17 10
1 17 11
1 17 12
1 17 14