753
7
24 24 24 24 24 24 25
727

911 0 805 933 0 0 1 0 0 0 80 0 0 13 3 0 0 61 0 14 57 47 0 0
536 0 120 329 558 0 0 0 44 0 0 0 0 33 0 0 29 0 28 75 0 0 18 0
0 0 0 421 0 0 23 0 0 47 0 0 44 0 0 0 5 0 42 0 0 59 19 76
0 0 680 0 0 858 30 52 5 16 80 0 10 9 0 0 0 0 92 51 46 49 0 4
0 0 4 751 0 206 0 95 91 0 47 0 0 88 0 5 92 0 0 0 0 1 7 0
0 141 0 791 0 0 91 0 0 31 0 0 0 93 16 0 25 79 62 0 91 12 7 53
0 573 0 0 0 0 0 43 34 32 63 93 0 0 21 65 0 23 32 0 0 32 0 84 54

0 0 1
0 0 2
0 0 3
0 0 18
0 0 21
0 1 4
0 1 6
0 1 11
0 1 17
0 2 2
0 2 3
0 2 9
0 2 10
0 2 21
0 3 9
0 3 12
0 3 14
0 3 20
0 4 4
0 4 16
0 4 18
0 4 19
0 5 0
0 5 2
0 6 4
0 6 16
0 7 3
0 7 5
0 7 7
0 7 14
0 7 19
0 7 22
0 8 4
0 8 10
0 8 14
0 8 15
0 8 18
0 8 20
0 9 14
0 9 15
0 9 17
0 9 20
0 9 22
0 10 9
0 10 13
0 10 17
0 10 23
0 11 1
0 11 2
0 11 5
0 11 6
0 11 12
0 11 16
0 12 8
0 12 9
0 12 10
0 12 12
0 12 14
0 12 23
0 13 9
0 13 11
0 13 14
0 13 20
0 14 0
0 14 4
0 14 6
0 14 7
0 14 8
0 14 12
0 14 19
0 14 21
0 14 22
0 15 10
0 15 12
0 15 13
0 15 14
0 16 3
0 16 6
0 16 7
0 16 18
0 16 19
0 17 7
0 18 0
0 18 6
0 18 8
0 18 10
0 18 17
0 18 18
0 18 23
0 19 1
0 19 6
0 19 9
0 19 15
0 20 4
0 20 15
0 20 18
0 20 22
0 21 8
0 21 9
0 21 11
0 21 13
0 21 16
0 21 18
0 21 20
0 21 21
0 21 23
0 22 5
0 22 12
0 22 23
0 23 13
0 23 17
0 23 18
0 23 20
0 23 22
0 23 23
1 0 2
1 0 3
1 0 10
1 0 20
1 0 23
1 1 2
1 1 17
1 2 0
1 2 1
1 2 4
1 2 6
1 2 9
1 2 18
1 2 19
1 2 20
1 3 0
1 3 4
1 3 5
1 3 17
1 3 19
1 3 20
1 4 1
1 4 13
1 4 23
1 5 2
1 5 4
1 5 11
1 5 13
1 6 1
1 6 6
1 6 10
1 6 13
1 6 14
1 6 15
1 6 17
1 6 18
1 6 19
1 6 20
1 7 6
1 7 8
1 7 10
1 7 11
1 7 14
1 7 15
1 7 20
1 7 22
1 8 6
1 8 8
1 8 9
1 8 10
1 8 13
1 8 14
1 8 15
1 8 16
1 8 22
1 9 6
1 9 7
1 9 9
1 9 10
1 9 11
1 9 12
1 9 14
1 9 18
1 9 19
1 9 21
1 10 2
1 10 4
1 10 5
1 10 6
1 10 10
1 10 12
1 10 15
1 10 20
1 10 21
1 10 22
1 11 8
1 11 12
1 11 14
1 11 15
1 11 19
1 11 21
1 11 23
1 12 5
1 12 8
1 12 11
1 12 12
1 12 16
1 12 17
1 12 20
1 12 23
1 13 9
1 13 13
1 13 14
1 13 16
1 13 21
1 13 22
1 14 11
1 14 18
1 15 0
1 15 5
1 15 8
1 15 9
1 15 10
1 15 11
1 15 13
1 15 19
1 16 2
1 16 8
1 16 16
1 16 17
1 17 7
1 17 11
1 17 12
1 17 16
1 17 20
1 18 6
1 18 8
1 18 15
1 18 22
1 18 23
1 19 9
1 19 11
1 19 14
1 19 21
1 20 7
1 20 14
1 20 16
1 20 17
1 21 9
1 21 12
1 21 19
1 22 1
1 22 14
1 22 16
1 23 3
1 23 8
1 23 13
1 23 17
1 23 22
1 23 23
2 0 1
2 0 2
2 0 5
2 0 6
2 0 7
2 0 15
2 0 23
2 1 2
2 1 3
2 1 4
2 1 21
2 2 6
2 2 12
2 3 0
2 3 1
2 3 4
2 3 7
2 4 5
2 4 11
2 4 17
2 4 18
2 5 5
2 5 8
2 6 0
2 6 4
2 6 8
2 6 13
2 6 16
2 6 19
2 6 21
2 7 1
2 7 4
2 7 6
2 7 7
2 7 8
2 7 10
2 7 15
2 7 17
2 7 19
2 7 22
2 8 2
2 8 8
2 8 12
2 8 20
2 9 3
2 9 7
2 9 14
2 9 18
2 9 20
2 9 23
2 10 6
2 10 12
2 10 13
2 10 16
2 10 18
2 10 19
2 10 20
2 10 22
2 11 9
2 11 13
2 11 18
2 12 7
2 12 10
2 12 12
2 12 17
2 12 23
2 13 0
2 13 10
2 13 14
2 13 15
2 13 20
2 13 21
2 13 23
2 14 9
2 14 10
2 14 18
2 14 20
2 15 7
2 15 14
2 15 17
2 15 19
2 15 21
2 15 23
2 16 8
2 16 18
2 16 20
2 16 21
2 17 6
2 17 12
2 17 13
2 17 14
2 17 16
2 17 22
2 18 4
2 18 14
2 18 21
2 19 3
2 19 5
2 19 11
2 19 13
2 19 18
2 19 20
2 20 5
2 20 10
2 20 13
2 20 20
2 20 22
2 20 23
2 21 7
2 21 9
2 21 13
2 21 16
2 21 17
2 22 2
2 22 4
2 22 6
2 22 17
2 22 18
2 23 6
3 0 0
3 0 1
3 0 2
3 1 2
3 1 19
3 2 2
3 2 3
3 2 6
3 2 12
3 3 2
3 3 13
3 3 14
3 3 18
3 4 3
3 4 10
3 4 13
3 4 14
3 4 16
3 4 20
3 5 0
3 5 17
3 6 2
3 6 6
3 6 9
3 6 10
3 6 13
3 6 18
3 6 20
3 6 22
3 7 3
3 7 6
3 7 11
3 7 17
3 7 22
3 8 5
3 8 7
3 8 8
3 8 10
3 8 11
3 8 12
3 8 13
3 8 18
3 8 22
3 9 5
3 9 9
3 9 10
3 9 11
3 10 6
3 10 10
3 10 16
3 10 17
3 11 6
3 11 18
3 11 22
3 12 7
3 12 14
3 12 15
3 12 20
3 12 22
3 13 2
3 13 3
3 13 7
3 13 9
3 13 11
3 13 12
3 13 23
3 14 9
3 14 14
3 14 15
3 15 8
3 15 11
3 15 13
3 15 14
3 15 15
3 15 20
3 15 22
3 16 1
3 16 12
3 16 15
3 16 18
3 16 20
3 16 21
3 17 5
3 17 7
3 17 8
3 17 11
3 17 12
3 17 13
3 17 15
3 17 17
3 17 21
3 18 9
3 18 11
3 18 15
3 18 16
3 18 19
3 18 21
3 19 4
3 19 10
3 19 11
3 19 12
3 19 14
3 19 16
3 19 21
3 20 2
3 20 9
3 20 19
3 20 20
3 20 21
3 21 13
3 21 16
3 21 18
3 22 1
3 22 9
3 22 14
3 22 18
3 23 6
3 23 8
3 23 14
3 23 16
3 23 22
3 23 23
4 0 1
4 0 4
4 0 5
4 0 14
4 0 16
4 1 5
4 1 16
4 1 19
4 1 20
4 2 0
4 2 3
4 2 11
4 2 20
4 3 0
4 3 17
4 3 19
4 4 8
4 4 14
4 4 19
4 4 20
4 5 1
4 5 2
4 5 6
4 5 17
4 6 6
4 6 9
4 6 14
4 6 16
4 6 19
4 6 22
4 6 23
4 7 13
4 7 20
4 8 0
4 8 9
4 8 12
4 8 18
4 9 19
4 9 22
4 10 4
4 10 10
4 10 11
4 10 13
4 10 16
4 10 18
4 10 21
4 11 6
4 11 12
4 11 14
4 11 15
4 11 16
4 11 17
4 12 10
4 12 19
4 12 23
4 13 0
4 13 12
4 13 21
4 13 23
4 14 14
4 14 15
4 14 16
4 14 17
4 14 20
4 15 8
4 15 15
4 15 16
4 15 19
4 16 3
4 16 5
4 16 15
4 16 21
4 17 0
4 17 6
4 17 8
4 17 12
4 17 14
4 18 0
4 18 3
4 19 15
4 19 17
4 19 21
4 20 2
4 20 11
4 20 14
4 20 19
4 21 4
4 21 11
4 21 16
4 21 17
4 21 21
4 21 22
4 21 23
4 22 3
4 22 7
4 22 8
4 22 9
4 22 10
4 22 12
4 22 13
4 22 14
4 22 22
4 23 0
4 23 10
4 23 12
4 23 21
5 0 0
5 0 9
5 0 15
5 0 21
5 1 4
5 1 6
5 1 8
5 2 1
5 2 2
5 2 10
5 2 11
5 2 14
5 2 17
5 2 19
5 3 1
5 3 9
5 3 13
5 3 17
5 3 23
5 4 4
5 4 5
5 4 15
5 4 16
5 4 24
5 5 4
5 5 19
5 6 5
5 6 9
5 6 17
5 6 19
5 6 21
5 6 23
5 7 9
5 7 10
5 7 14
5 7 20
5 7 22
5 7 23
5 8 6
5 8 7
5 8 10
5 8 13
5 8 16
5 8 17
5 8 19
5 8 21
5 9 3
5 9 12
5 9 14
5 9 16
5 9 22
5 9 23
5 9 24
5 10 2
5 10 3
5 10 7
5 10 12
5 10 16
5 10 18
5 10 20
5 10 22
5 10 24
5 11 8
5 11 10
5 11 11
5 11 12
5 11 15
5 11 22
5 12 0
5 12 3
5 12 8
5 12 11
5 12 18
5 12 24
5 13 12
5 13 23
5 14 5
5 14 11
5 14 17
5 14 18
5 14 19
5 15 8
5 15 13
5 15 15
5 15 18
5 15 22
5 16 6
5 16 9
5 16 10
5 16 14
5 16 16
5 16 17
5 16 18
5 16 19
5 16 21
5 17 12
5 17 15
5 17 16
5 18 17
5 18 18
5 18 24
5 19 0
5 19 14
5 19 15
5 19 17
5 19 21
5 19 23
5 20 2
5 20 6
5 20 9
5 20 15
5 20 18
5 20 24
5 21 7
5 21 9
5 21 12
5 21 18
5 21 24
5 22 5
5 22 9
5 22 12
5 22 18
5 22 22
5 23 9
5 23 12