1070
8
13 13 13 13 13 13 13 13
258

0 835 0 847 0 0 0 0 12 0 34 0 0
105 0 0 0 0 26 0 0 0 0 0 0 6
0 525 997 547 0 45 41 0 44 40 71 14 42
802 0 0 0 916 0 0 0 0 9 0 0 60
16 150 0 0 118 68 0 0 79 60 76 75 0
174 195 0 0 969 0 0 97 17 50 2 0 76
0 620 326 0 767 45 0 10 15 0 0 0 7
0 0 0 0 0 0 0 29 49 0 0 0 0

0 0 0
0 0 1
0 0 3
0 0 4
0 1 0
0 1 1
0 1 2
0 1 4
0 1 8
0 3 0
0 3 2
0 3 8
0 3 11
0 4 1
0 4 2
0 5 3
0 5 5
0 5 10
0 6 8
0 7 1
0 7 7
0 7 9
0 7 12
0 8 6
0 8 7
0 8 10
0 9 1
0 9 5
0 9 8
0 9 10
0 9 11
0 10 3
0 10 10
0 11 1
0 11 4
0 11 7
0 11 12
0 12 4
0 12 6
1 0 0
1 0 1
1 0 3
1 1 0
1 1 2
1 1 8
1 2 2
1 3 2
1 3 3
1 3 4
1 3 9
1 4 0
1 4 1
1 4 4
1 4 5
1 4 6
1 4 7
1 5 10
1 6 2
1 6 4
1 6 5
1 6 9
1 7 2
1 7 3
1 7 8
1 8 7
1 9 3
1 9 5
1 9 10
1 9 12
1 10 6
1 10 8
1 10 12
1 11 6
1 11 7
1 11 9
1 11 10
1 12 0
1 12 9
1 12 11
1 12 12
2 0 0
2 0 1
2 0 2
2 0 3
2 0 4
2 0 8
2 0 12
2 1 0
2 1 1
2 1 3
2 1 4
2 1 6
2 2 2
2 2 4
2 3 5
2 3 7
2 4 0
2 4 2
2 4 3
2 4 4
2 4 12
2 5 4
2 6 0
2 6 6
2 6 11
2 7 2
2 8 0
2 8 4
2 10 0
2 10 11
2 11 1
2 12 6
2 12 12
3 0 2
3 0 3
3 0 11
3 1 0
3 1 1
3 1 3
3 1 6
3 1 8
3 1 9
3 2 3
3 2 4
3 2 6
3 2 9
3 3 0
3 3 2
3 3 3
3 3 6
3 4 0
3 4 2
3 4 4
3 4 12
3 5 0
3 5 1
3 6 3
3 6 8
3 7 0
3 7 6
3 7 9
3 8 7
3 8 8
3 8 10
3 8 11
3 9 7
3 9 11
3 9 12
3 10 1
3 10 3
3 10 11
3 11 5
3 11 10
3 12 6
3 12 7
4 0 1
4 0 2
4 0 3
4 1 0
4 1 3
4 1 4
4 1 12
4 2 0
4 2 1
4 2 2
4 2 4
4 2 11
4 2 12
4 3 4
4 3 9
4 3 10
4 4 0
4 4 2
4 4 4
4 5 0
4 5 1
4 5 2
4 5 8
4 5 12
4 6 6
4 6 8
4 6 11
4 7 0
4 7 8
4 7 9
4 7 12
4 8 4
4 8 9
4 9 9
4 10 0
4 11 9
4 12 12
5 0 0
5 0 1
5 0 2
5 0 6
5 1 0
5 1 1
5 1 2
5 1 3
5 1 11
5 2 12
5 3 2
5 3 3
5 3 4
5 3 7
5 4 0
5 4 3
5 4 4
5 4 7
5 5 2
5 5 10
5 5 11
5 6 6
5 6 8
5 7 0
5 7 8
5 7 10
5 8 6
5 8 8
5 8 9
5 8 11
5 9 8
5 9 9
5 9 10
5 10 7
5 11 6
5 11 9
5 11 12
5 12 10
6 0 1
6 0 2
6 0 3
6 0 5
6 1 1
6 2 2
6 2 3
6 2 4
6 3 0
6 3 3
6 3 9
6 4 2
6 4 3
6 4 4
6 5 1
6 5 7
6 7 11
6 8 5
6 8 8
6 9 0
6 9 1
6 9 7
6 10 6
6 10 9
6 11 6
6 12 2
6 12 9
6 12 12