1253
8
21 20 23 13 22 15 12 14
428

711 64 549 0 0 975 246 0 145 671 285 81 0 0 0 0 717 363 0 155 0
0 97 867 258 0 201 0 0 786 0 0 329 326 1007 916 595 76 680 0 0
437 981 694 828 0 352 0 536 0 0 0 0 0 0 1012 892 0 420 930 678 598 376 347
0 0 546 975 57 394 605 309 0 0 678 0 0
793 376 0 0 0 0 0 0 0 0 602 869 0 281 0 347 122 0 479 183 317 151
381 0 676 0 186 0 447 0 891 0 125 171 644 0 0
0 0 0 90 100 0 655 0 0 0 0 395
676 0 0 308 0 0 857 799 0 509 141 632 0 739

0 0 1
0 0 4
0 0 10
0 1 9
0 1 13
0 1 16
0 1 19
0 2 6
0 2 16
0 2 17
0 2 18
0 2 19
0 3 4
0 3 6
0 3 12
0 4 9
0 4 13
0 4 14
0 4 17
0 5 1
0 5 5
0 5 16
0 6 1
0 6 3
0 6 8
0 6 16
0 6 17
0 7 7
0 7 9
0 7 11
0 8 1
0 8 2
0 9 7
0 9 10
0 9 15
0 9 18
0 10 0
0 10 3
0 10 5
0 10 6
0 10 15
0 10 18
0 10 19
0 11 0
0 11 5
0 12 5
0 12 10
0 12 13
0 12 14
0 12 17
0 13 4
0 13 9
0 13 15
0 14 3
0 14 10
0 14 11
0 14 17
0 14 19
0 15 1
0 15 6
0 15 9
0 15 10
0 15 17
0 15 18
0 15 19
0 16 1
0 16 4
0 16 16
0 16 19
0 17 0
0 17 2
0 18 6
0 18 10
0 18 11
0 18 13
0 18 17
0 19 0
0 19 12
0 20 0
0 20 3
0 20 8
0 20 11
0 20 13
0 20 16
0 20 17
0 20 18
1 0 6
1 0 12
1 0 19
1 1 6
1 1 9
1 1 13
1 2 1
1 2 3
1 2 4
1 2 7
1 2 11
1 2 13
1 2 16
1 2 18
1 3 4
1 3 13
1 3 15
1 3 19
1 4 0
1 4 4
1 4 13
1 4 20
1 5 3
1 5 5
1 5 8
1 5 18
1 6 0
1 6 2
1 6 8
1 6 13
1 6 14
1 6 17
1 6 20
1 7 6
1 7 14
1 8 0
1 8 8
1 8 10
1 8 20
1 8 21
1 9 0
1 9 10
1 10 1
1 10 3
1 10 4
1 10 8
1 10 10
1 10 21
1 11 0
1 11 4
1 11 5
1 11 6
1 11 14
1 11 17
1 12 2
1 12 3
1 12 8
1 12 10
1 12 12
1 12 15
1 12 20
1 13 2
1 13 4
1 13 13
1 13 17
1 13 18
1 14 5
1 14 8
1 14 10
1 14 18
1 15 4
1 15 14
1 15 17
1 15 19
1 16 1
1 16 6
1 16 8
1 16 9
1 16 12
1 16 14
1 16 19
1 17 0
1 17 4
1 17 12
1 18 12
1 18 14
1 18 16
1 18 17
1 18 22
1 19 6
1 19 10
1 19 16
2 0 6
2 0 8
2 1 1
2 1 3
2 2 0
2 2 6
2 2 9
2 2 12
2 3 3
2 3 4
2 3 6
2 3 7
2 3 12
2 4 2
2 5 5
2 5 12
2 6 5
2 6 9
2 7 0
2 7 1
2 7 2
2 7 6
2 7 7
2 8 3
2 10 5
2 10 10
2 11 10
2 12 3
2 12 5
2 12 10
2 13 0
2 14 3
2 14 4
2 15 3
2 15 4
2 15 10
2 15 11
2 15 12
2 16 0
2 16 2
2 16 5
2 16 6
2 16 7
2 16 9
2 16 10
2 17 5
2 18 7
2 18 8
2 19 0
2 19 2
2 19 7
2 20 3
2 20 9
2 21 8
2 21 11
2 22 7
3 0 16
3 1 2
3 1 3
3 1 10
3 1 17
3 1 18
3 2 2
3 2 13
3 2 16
3 2 20
3 3 0
3 3 7
3 3 11
3 3 18
3 3 20
3 4 7
3 4 10
3 4 14
3 4 15
3 4 16
3 5 1
3 5 10
3 5 15
3 5 19
3 6 0
3 6 4
3 6 17
3 6 19
3 6 20
3 6 21
3 7 11
3 7 12
3 7 19
3 8 4
3 8 7
3 8 8
3 8 13
3 8 16
3 9 0
3 9 1
3 9 6
3 9 8
3 9 15
3 9 19
3 10 5
3 10 14
3 10 18
3 11 6
3 11 17
3 12 6
3 12 10
3 12 15
4 0 2
4 0 8
4 0 10
4 0 11
4 0 12
4 1 4
4 1 6
4 1 8
4 2 0
4 2 2
4 2 10
4 3 1
4 3 6
4 3 7
4 3 10
4 3 11
4 4 4
4 4 7
4 4 11
4 5 0
4 5 2
4 5 6
4 6 2
4 6 3
4 6 11
4 6 14
4 7 7
4 8 1
4 8 3
4 8 6
4 8 7
4 9 7
4 9 8
4 9 9
4 10 0
4 10 1
4 10 6
4 10 8
4 10 9
4 11 13
4 12 5
4 12 8
4 12 11
4 13 0
4 13 2
4 13 5
4 14 0
4 14 4
4 14 7
4 14 14
4 16 0
4 16 4
4 16 8
4 16 10
4 16 14
4 17 2
4 17 12
4 18 8
4 19 1
4 19 2
4 19 3
4 19 9
4 19 11
4 19 13
4 20 8
4 20 11
4 21 3
4 21 4
5 0 0
5 0 2
5 0 8
5 1 0
5 1 1
5 1 3
5 1 6
5 1 9
5 2 0
5 2 2
5 3 2
5 3 3
5 4 1
5 4 2
5 4 5
5 4 11
5 5 3
5 5 8
5 6 0
5 6 9
5 7 7
5 7 9
5 7 11
5 8 7
5 8 8
5 8 10
5 8 11
5 9 7
5 10 0
5 11 5
5 12 11
5 13 4
5 13 5
5 14 9
6 0 2
6 0 4
6 0 9
6 0 11
6 1 3
6 1 7
6 1 9
6 1 13
6 2 1
6 2 2
6 2 7
6 2 9
6 2 12
6 3 0
6 3 3
6 3 4
6 3 6
6 3 11
6 3 13
6 4 0
6 4 2
6 4 3
6 4 5
6 4 10
6 4 12
6 5 6
6 5 13
6 6 7
6 7 3
6 7 5
6 8 12
6 9 0
6 9 4
6 9 13
6 10 1
6 10 2
6 10 3
6 10 9
6 10 11
6 11 11