627
5
47 40 18 96 19
1230

0 0 0 0 0 0 0 0 0 554 0 0 0 179 0 0 0 0 0 0 0 0 0 0 0 710 0 191 795 0 0 0 295 0 0 0 0 0 0 742 0 0 0 0 0 0 0
0 0 153 0 0 89 0 0 78 0 0 0 0 626 43 0 0 0 370 0 365 0 0 0 0 0 0 218 476 0 0 0 0 898 0 0 0 0 0 0
0 0 0 0 957 0 0 0 363 0 112 0 0 0 0 0 0 0
0 0 0 0 0 712 945 0 0 0 78 0 0 0 0 0 0 0 831 0 0 0 0 0 0 0 0 0 0 0 0 0 0 0 0 0 0 0 0 0 0 0 385 0 0 0 0 0 0 0 1012 0 0 0 0 0 0 430 0 0 0 410 0 0 0 0 927 0 0 0 0 0 0 0 0 0 249 0 0 0 432 0 0 0 0 915 0 0 0 0 0 0 0 0 0 0
0 0 246 475 0 0 799 0 0 0 0 0 506 0 677 0 0 598 0

0 0 0
0 0 2
0 0 8
0 0 14
0 0 23
0 0 30
0 0 35
0 0 36
0 0 37
0 1 1
0 1 2
0 1 13
0 1 15
0 1 16
0 1 18
0 1 20
0 1 22
0 1 26
0 1 32
0 2 1
0 2 3
0 2 6
0 2 15
0 2 23
0 2 31
0 2 35
0 2 39
0 3 1
0 3 13
0 3 17
0 3 21
0 3 25
0 3 26
0 3 29
0 4 8
0 4 14
0 4 15
0 4 17
0 4 18
0 4 26
0 4 30
0 4 31
0 4 32
0 4 33
0 4 36
0 5 6
0 5 10
0 5 14
0 5 15
0 5 21
0 5 27
0 5 29
0 5 32
0 6 4
0 6 6
0 6 10
0 6 22
0 6 25
0 6 33
0 7 9
0 7 18
0 7 19
0 7 21
0 7 23
0 8 1
0 8 4
0 8 5
0 8 6
0 8 14
0 8 19
0 8 20
0 8 24
0 9 7
0 9 9
0 9 10
0 9 12
0 9 16
0 9 18
0 9 26
0 9 28
0 9 29
0 9 30
0 9 38
0 10 3
0 10 7
0 10 8
0 10 18
0 10 30
0 10 35
0 11 0
0 11 18
0 12 0
0 12 2
0 12 3
0 12 5
0 12 8
0 12 15
0 12 16
0 12 17
0 12 19
0 12 21
0 12 29
0 13 0
0 13 5
0 13 9
0 13 18
0 13 19
0 13 21
0 13 24
0 13 29
0 14 6
0 14 9
0 14 22
0 14 35
0 14 38
0 15 9
0 15 20
0 15 26
0 15 27
0 16 2
0 16 11
0 16 17
0 16 20
0 16 28
0 16 36
0 16 39
0 17 7
0 17 15
0 17 26
0 17 39
0 18 0
0 18 14
0 18 22
0 18 29
0 18 30
0 18 31
0 18 33
0 18 38
0 19 7
0 19 15
0 19 17
0 19 19
0 19 28
0 20 0
0 20 1
0 20 3
0 20 19
0 20 25
0 20 34
0 21 1
0 21 5
0 21 7
0 21 11
0 21 14
0 21 18
0 21 19
0 21 20
0 21 23
0 21 28
0 21 29
0 21 36
0 21 39
0 22 5
0 22 9
0 22 16
0 22 18
0 22 19
0 22 26
0 22 30
0 22 33
0 22 37
0 23 2
0 23 4
0 23 7
0 23 15
0 23 18
0 23 30
0 23 38
0 23 39
0 24 3
0 24 7
0 24 12
0 24 18
0 24 23
0 24 29
0 25 2
0 25 3
0 25 20
0 25 21
0 25 34
0 26 1
0 26 6
0 26 8
0 26 11
0 26 18
0 26 20
0 26 27
0 26 28
0 26 29
0 26 34
0 27 8
0 27 19
0 27 37
0 28 0
0 28 2
0 28 3
0 28 8
0 28 12
0 28 17
0 28 22
0 28 28
0 28 30
0 28 31
0 28 36
0 28 37
0 28 38
0 29 0
0 29 1
0 29 19
0 29 22
0 29 39
0 30 0
0 30 9
0 30 13
0 30 28
0 30 31
0 30 38
0 31 5
0 31 11
0 31 18
0 31 28
0 31 29
0 31 36
0 31 37
0 31 39
0 32 4
0 32 5
0 32 7
0 32 8
0 32 11
0 32 15
0 32 25
0 32 26
0 32 27
0 32 32
0 32 37
0 33 8
0 33 18
0 33 19
0 33 22
0 33 23
0 33 32
0 33 34
0 33 38
0 33 39
0 34 3
0 34 14
0 34 21
0 34 23
0 34 26
0 34 29
0 35 1
0 35 11
0 35 17
0 35 18
0 35 27
0 35 28
0 35 30
0 35 32
0 35 36
0 36 1
0 36 3
0 36 7
0 36 18
0 36 21
0 36 23
0 36 35
0 37 4
0 37 24
0 37 36
0 37 38
0 37 39
0 38 0
0 38 3
0 38 4
0 38 10
0 38 13
0 38 14
0 38 16
0 38 22
0 38 35
0 38 38
0 39 1
0 39 2
0 39 3
0 39 6
0 39 12
0 39 21
0 39 27
0 39 33
0 40 7
0 40 13
0 40 17
0 40 21
0 40 33
0 41 18
0 41 21
0 41 35
0 41 38
0 42 0
0 42 13
0 42 15
0 42 19
0 42 20
0 42 33
0 42 37
0 43 3
0 43 5
0 43 6
0 43 7
0 43 8
0 43 14
0 43 17
0 43 22
0 43 27
0 43 30
0 43 35
0 43 36
0 44 4
0 44 5
0 44 11
0 44 13
0 44 15
0 44 19
0 44 20
0 44 25
0 44 27
0 44 35
0 44 36
0 45 1
0 45 13
0 45 16
0 45 23
0 45 33
0 45 36
0 45 37
0 46 3
0 46 5
0 46 9
0 46 11
0 46 13
0 46 15
0 46 16
0 46 18
0 46 21
0 46 25
0 46 26
0 46 27
0 46 33
1 0 1
1 0 4
1 0 15
1 1 2
1 1 3
1 1 4
1 1 6
1 1 11
1 2 3
1 2 10
1 2 11
1 2 12
1 3 0
1 3 1
1 3 15
1 3 16
1 4 0
1 4 4
1 4 7
1 4 10
1 5 4
1 5 5
1 5 8
1 5 9
1 5 11
1 5 13
1 6 5
1 6 13
1 6 15
1 7 3
1 7 6
1 7 12
1 7 16
1 8 3
1 8 4
1 8 7
1 8 13
1 8 14
1 9 0
1 9 2
1 9 3
1 9 4
1 9 6
1 9 11
1 9 17
1 10 14
1 11 15
1 12 10
1 12 17
1 13 13
1 13 16
1 14 0
1 14 6
1 14 10
1 14 15
1 15 6
1 15 7
1 15 14
1 16 3
1 16 7
1 16 9
1 16 11
1 16 13
1 16 16
1 16 17
1 17 5
1 17 7
1 17 13
1 18 1
1 18 15
1 18 17
1 19 1
1 19 4
1 20 0
1 20 2
1 20 3
1 20 12
1 20 13
1 21 1
1 21 9
1 21 14
1 21 15
1 21 17
1 22 5
1 22 15
1 22 16
1 22 17
1 23 4
1 23 8
1 23 13
1 24 0
1 24 4
1 24 12
1 24 16
1 25 1
1 25 10
1 25 14
1 26 7
1 26 13
1 26 16
1 27 7
1 27 8
1 27 12
1 27 14
1 27 15
1 27 17
1 28 10
1 28 11
1 29 2
1 29 7
1 29 8
1 29 13
1 30 3
1 30 4
1 30 6
1 30 10
1 31 10
1 31 11
1 32 0
1 32 6
1 32 13
1 33 3
1 33 6
1 33 9
1 33 11
1 33 12
1 34 1
1 34 4
1 34 6
1 35 1
1 35 5
1 35 12
1 35 16
1 37 0
1 37 2
1 37 4
1 37 6
1 37 7
1 37 9
1 37 10
1 38 5
1 38 9
1 38 11
1 38 13
1 39 2
1 39 7
1 39 8
1 39 15
1 39 17
2 0 7
2 0 18
2 0 22
2 0 26
2 0 36
2 0 39
2 0 43
2 0 44
2 0 46
2 0 54
2 0 56
2 0 60
2 0 64
2 0 68
2 0 73
2 0 75
2 0 77
2 0 81
2 0 89
2 0 91
2 0 93
2 1 3
2 1 4
2 1 9
2 1 18
2 1 23
2 1 26
2 1 27
2 1 34
2 1 35
2 1 42
2 1 43
2 1 44
2 1 52
2 1 53
2 1 58
2 1 66
2 1 67
2 1 70
2 1 73
2 1 77
2 1 81
2 1 87
2 1 91
2 1 92
2 2 7
2 2 18
2 2 21
2 2 28
2 2 32
2 2 38
2 2 46
2 2 56
2 2 62
2 2 67
2 2 81
2 2 85
2 2 88
2 3 4
2 3 8
2 3 11
2 3 18
2 3 37
2 3 43
2 3 45
2 3 49
2 3 53
2 3 57
2 3 59
2 3 63
2 3 72
2 3 88
2 3 91
2 4 2
2 4 3
2 4 5
2 4 6
2 4 8
2 4 10
2 4 11
2 4 17
2 4 18
2 4 22
2 4 33
2 4 35
2 4 37
2 4 41
2 4 57
2 4 58
2 4 65
2 4 70
2 4 78
2 4 81
2 4 85
2 4 86
2 5 2
2 5 11
2 5 13
2 5 14
2 5 19
2 5 22
2 5 23
2 5 26
2 5 35
2 5 37
2 5 43
2 5 44
2 5 45
2 5 46
2 5 53
2 5 54
2 5 56
2 5 59
2 5 66
2 5 71
2 5 83
2 5 91
2 6 1
2 6 2
2 6 13
2 6 16
2 6 17
2 6 18
2 6 22
2 6 24
2 6 25
2 6 28
2 6 30
2 6 32
2 6 57
2 6 61
2 6 72
2 6 74
2 6 77
2 6 90
2 6 91
2 7 5
2 7 8
2 7 14
2 7 15
2 7 27
2 7 32
2 7 33
2 7 44
2 7 47
2 7 58
2 7 62
2 7 74
2 7 82
2 7 87
2 7 89
2 8 3
2 8 4
2 8 6
2 8 12
2 8 19
2 8 25
2 8 26
2 8 30
2 8 32
2 8 39
2 8 41
2 8 48
2 8 50
2 8 53
2 8 59
2 8 62
2 8 70
2 8 71
2 8 76
2 8 78
2 8 81
2 8 87
2 8 93
2 8 95
2 9 15
2 9 24
2 9 26
2 9 29
2 9 36
2 9 41
2 9 59
2 9 82
2 9 90
2 10 7
2 10 20
2 10 25
2 10 26
2 10 31
2 10 35
2 10 41
2 10 44
2 10 49
2 10 56
2 10 65
2 10 76
2 10 80
2 10 81
2 10 83
2 10 84
2 11 3
2 11 4
2 11 9
2 11 11
2 11 14
2 11 19
2 11 24
2 11 39
2 11 41
2 11 51
2 11 52
2 11 53
2 11 57
2 11 68
2 11 82
2 11 90
2 11 92
2 11 93
2 11 95
2 12 4
2 12 6
2 12 15
2 12 24
2 12 27
2 12 29
2 12 36
2 12 38
2 12 39
2 12 41
2 12 49
2 12 53
2 12 54
2 12 62
2 12 66
2 12 71
2 12 75
2 12 78
2 12 83
2 12 92
2 12 95
2 13 38
2 13 43
2 13 49
2 13 50
2 13 56
2 13 66
2 13 68
2 13 71
2 13 75
2 13 77
2 13 85
2 13 86
2 13 88
2 13 90
2 13 94
2 14 4
2 14 10
2 14 12
2 14 13
2 14 14
2 14 21
2 14 26
2 14 27
2 14 30
2 14 38
2 14 46
2 14 47
2 14 50
2 14 66
2 14 69
2 14 80
2 14 86
2 14 90
2 14 91
2 14 92
2 15 4
2 15 7
2 15 16
2 15 22
2 15 24
2 15 27
2 15 41
2 15 42
2 15 50
2 15 51
2 15 52
2 15 61
2 15 63
2 15 72
2 15 74
2 15 84
2 15 85
2 15 88
2 15 92
2 16 10
2 16 22
2 16 23
2 16 31
2 16 32
2 16 35
2 16 47
2 16 55
2 16 61
2 16 63
2 16 65
2 16 66
2 16 74
2 16 84
2 16 90
2 17 2
2 17 5
2 17 6
2 17 8
2 17 18
2 17 21
2 17 24
2 17 26
2 17 27
2 17 44
2 17 48
2 17 52
2 17 54
2 17 68
2 17 82
2 17 91
2 17 93
3 0 3
3 0 8
3 1 3
3 1 4
3 1 8
3 1 11
3 1 17
3 2 4
3 2 11
3 2 17
3 3 1
3 3 2
3 3 3
3 3 9
3 4 13
3 4 16
3 5 2
3 5 4
3 5 5
3 5 6
3 5 8
3 5 15
3 5 17
3 6 2
3 6 6
3 6 8
3 6 10
3 6 13
3 7 1
3 7 6
3 7 7
3 7 8
3 7 12
3 8 1
3 8 3
3 8 6
3 8 14
3 8 15
3 9 9
3 9 18
3 10 6
3 10 7
3 10 9
3 10 16
3 11 0
3 11 4
3 11 5
3 11 8
3 11 12
3 11 16
3 11 17
3 12 14
3 13 1
3 13 2
3 13 5
3 13 9
3 13 13
3 13 14
3 14 0
3 14 4
3 14 8
3 14 9
3 14 10
3 14 11
3 14 12
3 14 14
3 15 2
3 15 3
3 15 5
3 15 6
3 15 7
3 15 8
3 15 13
3 15 18
3 16 1
3 16 6
3 16 11
3 16 18
3 17 0
3 17 1
3 17 4
3 18 0
3 18 4
3 18 5
3 18 17
3 19 2
3 19 3
3 19 8
3 19 12
3 20 2
3 20 5
3 20 10
3 21 4
3 21 6
3 21 9
3 21 13
3 21 14
3 22 2
3 22 4
3 22 7
3 22 13
3 23 7
3 23 11
3 24 4
3 24 6
3 24 17
3 24 18
3 25 0
3 25 5
3 25 11
3 25 16
3 26 1
3 26 9
3 26 10
3 26 16
3 26 17
3 27 0
3 27 2
3 27 3
3 27 12
3 27 17
3 28 0
3 28 1
3 28 4
3 28 10
3 28 11
3 29 0
3 29 6
3 29 10
3 29 18
3 30 0
3 30 3
3 30 5
3 30 7
3 30 11
3 30 16
3 31 0
3 31 4
3 31 10
3 31 14
3 31 16
3 31 17
3 32 2
3 32 16
3 33 11
3 33 14
3 34 2
3 34 3
3 34 10
3 34 12
3 34 13
3 35 0
3 35 1
3 35 18
3 36 4
3 36 5
3 36 12
3 36 15
3 36 17
3 37 3
3 37 6
3 37 8
3 38 5
3 38 12
3 39 6
3 39 8
3 39 9
3 40 0
3 40 2
3 40 6
3 40 7
3 40 8
3 40 16
3 40 18
3 41 1
3 41 7
3 41 9
3 41 10
3 41 11
3 41 12
3 41 13
3 41 15
3 41 18
3 42 0
3 42 5
3 42 7
3 42 9
3 42 14
3 43 1
3 43 2
3 43 4
3 43 5
3 43 7
3 43 16
3 44 2
3 44 8
3 44 11
3 44 12
3 44 16
3 45 11
3 45 18
3 46 0
3 46 4
3 46 9
3 46 12
3 46 16
3 46 18
3 47 1
3 47 6
3 47 10
3 47 15
3 48 3
3 48 8
3 49 1
3 49 7
3 50 0
3 50 1
3 50 6
3 50 11
3 50 12
3 50 13
3 50 17
3 51 0
3 51 1
3 51 11
3 51 13
3 52 1
3 52 13
3 52 16
3 53 2
3 53 3
3 53 12
3 53 16
3 53 17
3 54 8
3 54 9
3 54 13
3 54 15
3 54 17
3 55 1
3 55 3
3 55 5
3 55 6
3 55 14
3 55 18
3 56 0
3 56 1
3 56 5
3 56 6
3 56 11
3 56 13
3 56 16
3 57 9
3 59 2
3 59 7
3 59 11
3 60 7
3 60 10
3 60 11
3 61 0
3 61 6
3 61 15
3 62 1
3 62 10
3 63 1
3 63 8
3 63 11
3 63 17
3 64 0
3 64 5
3 64 7
3 64 8
3 64 9
3 65 9
3 65 11
3 65 12
3 65 13
3 65 15
3 66 4
3 66 9
3 66 16
3 66 17
3 66 18
3 67 5
3 67 10
3 68 6
3 68 11
3 68 16
3 68 18
3 69 5
3 69 9
3 69 10
3 69 11
3 69 14
3 69 17
3 69 18
3 71 1
3 71 17
3 72 4
3 72 5
3 72 6
3 72 9
3 72 11
3 72 17
3 73 5
3 73 7
3 73 14
3 73 15
3 73 18
3 74 2
3 74 10
3 74 17
3 74 18
3 75 1
3 75 10
3 76 0
3 76 7
3 76 11
3 77 12
3 77 14
3 78 2
3 78 3
3 78 4
3 78 7
3 78 11
3 79 4
3 79 5
3 79 7
3 79 10
3 79 12
3 79 13
3 79 15
3 80 2
3 80 6
3 80 16
3 80 17
3 81 7
3 81 9
3 81 18
3 82 3
3 82 10
3 82 11
3 82 17
3 83 8
3 83 12
3 83 13
3 83 15
3 84 4
3 84 11
3 84 12
3 84 14
3 84 17
3 85 0
3 85 3
3 85 5
3 85 10
3 85 12
3 85 13
3 85 15
3 86 0
3 86 2
3 86 3
3 86 12
3 86 15
3 87 3
3 87 5
3 87 6
3 87 7
3 87 11
3 88 16
3 89 6
3 89 9
3 89 16
3 90 13
3 90 15
3 90 17
3 91 4
3 91 5
3 91 16
3 92 4
3 92 9
3 92 14
3 93 3
3 93 4
3 93 6
3 93 14
3 93 16
3 93 17
3 93 18
3 94 0
3 94 6
3 94 13
3 94 16
3 95 6
3 95 11
3 95 12