444
4
185 21 10 44
1814

38 0 993 0 954 0 0 0 0 21 0 0 253 0 0 143 911 0 365 0 34 0 0 0 0 114 0 0 0 0 739 0 63 0 421 0 190 0 998 600 1012 0 0 946 0 891 445 0 0 0 0 584 0 186 0 0 0 0 537 135 0 53 0 182 0 427 36 224 514 569 306 0 0 907 0 0 259 449 0 0 0 0 554 0 90 0 0 878 0 868 1011 0 0 0 0 0 770 0 889 199 0 0 0 0 806 594 872 0 62 421 0 0 0 350 295 0 113 665 237 1015 0 0 0 0 0 0 0 622 0 0 557 0 835 0 0 0 0 0 461 540 0 530 467 973 789 0 0 0 0 984 0 621 208 0 369 0 313 0 56 0 0 0 0 984 272 686 0 0 0 846 530 1008 0 0 0 0 934 689 0 55 677 208 0 871 641
0 1018 927 569 258 705 684 0 0 150 930 0 0 0 525 15 0 0 861 653 0
0 486 0 0 785 0 533 661 685 0
921 0 0 0 0 88 507 0 403 0 0 584 0 0 0 0 0 846 0 204 0 0 0 640 0 0 892 0 0 0 172 0 0 464 293 0 886 0 0 64 0 0 0 0

0 0 0
0 0 7
0 0 13
0 0 14
0 0 16
0 0 17
0 0 18
0 0 19
0 1 1
0 1 6
0 1 8
0 1 9
0 1 10
0 1 11
0 1 14
0 2 7
0 2 8
0 2 13
0 2 14
0 2 15
0 2 18
0 2 20
0 3 4
0 3 5
0 3 10
0 3 11
0 3 14
0 3 17
0 3 20
0 4 0
0 4 2
0 4 5
0 4 8
0 4 10
0 4 12
0 4 15
0 4 16
0 4 18
0 5 2
0 5 3
0 5 4
0 5 6
0 5 8
0 5 15
0 5 16
0 5 18
0 6 2
0 6 6
0 6 7
0 6 8
0 6 9
0 6 10
0 6 13
0 6 15
0 6 20
0 7 0
0 7 1
0 7 2
0 7 4
0 7 5
0 7 12
0 7 17
0 8 0
0 8 2
0 8 6
0 8 7
0 8 16
0 8 17
0 8 19
0 8 20
0 9 0
0 9 5
0 9 7
0 9 8
0 9 13
0 9 15
0 9 16
0 9 18
0 9 20
0 10 4
0 10 6
0 10 8
0 10 13
0 10 16
0 10 17
0 11 0
0 11 1
0 11 2
0 11 4
0 11 5
0 11 7
0 11 8
0 11 14
0 11 16
0 11 17
0 11 18
0 11 19
0 12 1
0 12 2
0 12 5
0 12 9
0 12 12
0 12 15
0 12 16
0 13 2
0 13 3
0 13 10
0 13 12
0 13 15
0 13 17
0 14 4
0 14 9
0 14 12
0 14 14
0 14 17
0 14 18
0 15 0
0 15 3
0 15 4
0 15 6
0 15 9
0 15 14
0 15 15
0 15 16
0 15 17
0 15 19
0 16 1
0 16 3
0 16 7
0 16 9
0 16 13
0 16 14
0 16 16
0 16 17
0 17 6
0 17 9
0 17 10
0 17 13
0 17 16
0 17 17
0 17 18
0 17 20
0 18 0
0 18 1
0 18 3
0 18 4
0 18 6
0 18 9
0 18 10
0 18 12
0 18 14
0 18 17
0 18 19
0 18 20
0 19 2
0 19 4
0 19 17
0 19 18
0 19 19
0 20 3
0 20 7
0 20 11
0 20 16
0 21 2
0 21 3
0 21 6
0 21 8
0 21 10
0 21 11
0 21 13
0 21 14
0 21 19
0 21 20
0 22 2
0 22 11
0 22 12
0 22 15
0 22 16
0 22 20
0 23 1
0 23 3
0 23 5
0 23 7
0 23 11
0 24 0
0 24 8
0 24 13
0 24 16
0 24 17
0 24 18
0 25 0
0 25 1
0 25 5
0 25 7
0 25 8
0 25 11
0 25 12
0 25 16
0 25 18
0 25 20
0 26 0
0 26 1
0 26 2
0 26 5
0 26 6
0 26 7
0 26 8
0 26 9
0 26 10
0 26 12
0 26 15
0 26 16
0 26 17
0 26 19
0 27 0
0 27 1
0 27 2
0 27 7
0 27 12
0 27 14
0 27 18
0 27 19
0 27 20
0 28 1
0 28 2
0 28 4
0 28 5
0 28 6
0 28 7
0 28 8
0 28 9
0 28 10
0 28 14
0 28 17
0 28 19
0 29 1
0 29 5
0 29 6
0 29 9
0 29 17
0 29 18
0 30 0
0 30 1
0 30 4
0 30 9
0 30 11
0 30 12
0 30 13
0 30 16
0 30 17
0 31 0
0 31 5
0 31 8
0 31 9
0 31 11
0 31 13
0 31 15
0 31 17
0 31 20
0 32 0
0 32 5
0 32 6
0 32 10
0 32 13
0 32 14
0 32 17
0 32 20
0 33 1
0 33 2
0 33 7
0 33 8
0 33 10
0 33 11
0 33 13
0 33 14
0 33 15
0 33 16
0 33 20
0 34 0
0 34 1
0 34 3
0 34 4
0 34 5
0 34 6
0 34 8
0 34 11
0 34 19
0 34 20
0 35 3
0 35 4
0 35 7
0 35 10
0 35 11
0 35 12
0 35 14
0 35 15
0 35 16
0 35 17
0 36 0
0 36 2
0 36 8
0 36 11
0 36 12
0 36 14
0 36 16
0 36 17
0 36 19
0 37 0
0 37 8
0 37 15
0 37 18
0 37 20
0 38 4
0 38 8
0 38 12
0 38 14
0 38 16
0 38 18
0 39 2
0 39 10
0 39 12
0 39 13
0 39 14
0 39 15
0 39 16
0 39 18
0 39 19
0 40 4
0 40 5
0 40 6
0 40 11
0 40 13
0 40 15
0 40 19
0 40 20
0 41 3
0 41 5
0 41 7
0 41 9
0 41 10
0 42 2
0 42 4
0 42 5
0 42 7
0 42 9
0 42 11
0 42 17
0 42 19
0 43 1
0 43 2
0 43 9
0 43 11
0 43 12
0 43 14
0 43 17
0 43 18
0 43 20
0 44 1
0 44 3
0 44 6
0 44 7
0 44 11
0 44 12
0 44 14
0 44 17
0 44 19
0 45 0
0 45 7
0 45 15
0 45 18
0 45 19
0 46 0
0 46 2
0 46 5
0 46 8
0 46 9
0 46 10
0 46 12
0 46 13
0 46 17
0 46 19
0 47 0
0 47 4
0 47 7
0 47 9
0 47 11
0 47 13
0 47 20
0 48 0
0 48 3
0 48 5
0 48 6
0 48 7
0 48 11
0 48 12
0 48 13
0 48 17
0 48 18
0 49 0
0 49 1
0 49 6
0 49 11
0 49 12
0 49 14
0 49 15
0 49 18
0 49 19
0 50 1
0 50 3
0 50 5
0 50 6
0 50 8
0 50 11
0 50 13
0 50 15
0 51 2
0 51 3
0 51 7
0 51 9
0 51 10
0 51 13
0 51 14
0 51 16
0 51 18
0 51 19
0 52 2
0 52 5
0 52 8
0 52 10
0 52 12
0 53 0
0 53 5
0 53 7
0 53 14
0 53 17
0 53 18
0 53 20
0 54 1
0 54 2
0 54 3
0 54 4
0 54 5
0 54 7
0 54 8
0 54 12
0 54 13
0 54 14
0 54 17
0 54 18
0 55 1
0 55 2
0 55 4
0 55 11
0 56 1
0 56 2
0 56 3
0 56 4
0 56 6
0 56 8
0 56 10
0 56 11
0 56 12
0 56 13
0 56 15
0 56 19
0 56 20
0 57 1
0 57 2
0 57 3
0 57 5
0 57 10
0 57 12
0 57 15
0 57 16
0 57 18
0 58 0
0 58 2
0 58 3
0 58 7
0 58 13
0 58 14
0 58 17
0 58 18
0 58 19
0 58 20
0 59 2
0 59 3
0 59 9
0 59 10
0 59 11
0 59 12
0 59 15
0 60 1
0 60 5
0 60 10
0 60 11
0 60 12
0 60 15
0 60 18
0 60 19
0 60 20
0 61 3
0 61 6
0 61 7
0 61 8
0 61 9
0 61 10
0 61 11
0 61 14
0 61 15
0 61 19
0 61 20
0 62 2
0 62 3
0 62 5
0 62 10
0 62 12
0 62 13
0 62 14
0 62 15
0 62 18
0 62 19
0 63 1
0 63 3
0 63 4
0 63 5
0 63 10
0 63 13
0 63 16
0 63 18
0 63 20
0 64 0
0 64 4
0 64 8
0 64 11
0 64 14
0 64 16
0 64 17
0 64 19
0 65 0
0 65 5
0 65 7
0 65 11
0 65 16
0 65 18
0 65 19
0 65 20
0 66 0
0 66 1
0 66 3
0 66 4
0 66 9
0 66 13
0 66 16
0 66 19
0 66 20
0 67 0
0 67 2
0 67 3
0 67 5
0 67 6
0 67 8
0 67 9
0 67 11
0 67 13
0 67 15
0 67 18
0 67 20
0 68 1
0 68 3
0 68 7
0 68 8
0 68 10
0 68 13
0 68 19
0 68 20
0 69 1
0 69 3
0 69 10
0 69 13
0 69 15
0 69 16
0 69 17
0 69 18
0 69 20
0 70 4
0 70 8
0 70 9
0 70 14
0 71 1
0 71 3
0 71 5
0 71 6
0 71 10
0 71 13
0 71 14
0 71 15
0 71 20
0 72 1
0 72 11
0 72 12
0 72 13
0 72 16
0 73 3
0 73 4
0 73 7
0 73 8
0 73 9
0 73 17
0 74 0
0 74 2
0 74 3
0 74 4
0 74 6
0 74 7
0 74 8
0 74 10
0 74 15
0 74 16
0 74 19
0 75 1
0 75 2
0 75 3
0 75 7
0 75 8
0 75 9
0 75 16
0 75 18
0 76 0
0 76 3
0 76 5
0 76 7
0 76 8
0 76 11
0 76 13
0 76 15
0 76 18
0 76 19
0 76 20
0 77 3
0 77 5
0 77 7
0 77 8
0 77 9
0 77 10
0 77 16
0 77 18
0 77 19
0 78 0
0 78 2
0 78 3
0 78 8
0 78 9
0 78 10
0 78 12
0 78 13
0 78 18
0 78 19
0 79 5
0 79 6
0 79 9
0 79 12
0 79 13
0 79 16
0 79 20
0 80 0
0 80 10
0 80 13
0 80 14
0 80 15
0 80 18
0 81 3
0 81 7
0 81 8
0 81 9
0 81 10
0 81 11
0 81 13
0 81 17
0 81 20
0 82 0
0 82 1
0 82 8
0 82 10
0 82 11
0 82 13
0 82 16
0 82 18
0 83 0
0 83 1
0 83 3
0 83 8
0 83 11
0 83 13
0 83 14
0 83 20
0 84 0
0 84 1
0 84 3
0 84 4
0 84 5
0 84 6
0 84 7
0 84 8
0 84 13
0 84 16
0 85 0
0 85 1
0 85 2
0 85 3
0 85 4
0 85 7
0 85 10
0 85 11
0 85 12
0 85 17
0 85 19
0 86 0
0 86 1
0 86 2
0 86 9
0 86 11
0 86 12
0 86 16
0 86 18
0 86 19
0 87 2
0 87 7
0 87 9
0 87 11
0 87 12
0 87 13
0 87 15
0 88 0
0 88 2
0 88 3
0 88 7
0 88 9
0 88 10
0 88 14
0 88 17
0 89 3
0 89 4
0 89 7
0 89 9
0 89 13
0 89 14
0 89 17
0 89 19
0 90 0
0 90 1
0 90 2
0 90 5
0 90 7
0 90 10
0 90 13
0 90 15
0 90 17
0 90 19
0 91 3
0 91 4
0 91 5
0 91 10
0 91 11
0 91 16
0 91 17
0 91 18
0 92 1
0 92 4
0 92 6
0 92 8
0 92 12
0 92 14
0 92 15
0 92 16
0 92 17
0 92 19
0 92 20
0 93 0
0 93 1
0 93 3
0 93 6
0 93 7
0 93 10
0 93 11
0 93 14
0 93 16
0 93 17
0 93 18
0 93 19
0 94 7
0 94 8
0 94 13
0 94 14
0 94 15
0 94 16
0 94 20
0 95 1
0 95 8
0 95 17
0 95 18
0 96 0
0 96 1
0 96 3
0 96 4
0 96 5
0 96 7
0 96 12
0 96 13
0 97 7
0 97 8
0 97 10
0 97 12
0 97 15
0 97 16
0 97 18
0 97 20
0 98 1
0 98 5
0 98 6
0 98 7
0 98 11
0 98 13
0 98 14
0 98 16
0 98 19
0 99 2
0 99 4
0 99 8
0 99 9
0 99 10
0 99 12
0 99 16
0 100 1
0 100 3
0 100 5
0 100 7
0 100 10
0 100 20
0 101 3
0 101 5
0 101 8
0 101 10
0 101 11
0 101 12
0 101 14
0 101 15
0 101 20
0 102 4
0 102 6
0 102 9
0 102 11
0 103 4
0 103 5
0 103 6
0 103 9
0 103 11
0 103 13
0 103 18
0 103 20
0 104 3
0 104 6
0 104 8
0 104 9
0 104 10
0 104 11
0 104 12
0 104 16
0 104 17
0 104 19
0 105 0
0 105 1
0 105 3
0 105 5
0 105 7
0 105 12
0 105 16
0 106 1
0 106 3
0 106 4
0 106 5
0 106 6
0 106 8
0 106 11
0 106 13
0 106 15
0 106 16
0 106 18
0 106 20
0 107 2
0 107 3
0 107 9
0 107 11
0 107 12
0 107 20
0 108 3
0 108 7
0 108 9
0 108 10
0 108 11
0 108 18
0 109 1
0 109 2
0 109 3
0 109 4
0 109 7
0 109 10
0 109 11
0 109 16
0 109 17
0 110 0
0 110 5
0 110 9
0 110 12
0 110 14
0 110 16
0 110 18
0 111 1
0 111 2
0 111 3
0 111 4
0 111 10
0 111 11
0 111 13
0 111 14
0 111 18
0 112 0
0 112 3
0 112 5
0 112 7
0 112 10
0 112 13
0 112 16
0 112 18
0 112 19
0 113 0
0 113 3
0 113 4
0 113 6
0 113 7
0 113 8
0 113 11
0 113 14
0 113 15
0 113 19
0 114 0
0 114 1
0 114 2
0 114 5
0 114 7
0 114 9
0 114 11
0 114 12
0 114 14
0 114 16
0 114 18
0 114 19
0 114 20
0 115 2
0 115 3
0 115 4
0 115 7
0 115 11
0 115 12
0 115 13
0 115 14
0 116 2
0 116 4
0 116 6
0 116 9
0 116 12
0 116 15
0 116 20
0 117 1
0 117 5
0 117 10
0 117 12
0 117 15
0 117 16
0 117 17
0 117 20
0 118 4
0 118 10
0 118 16
0 118 19
0 119 0
0 119 1
0 119 6
0 119 8
0 119 9
0 119 10
0 119 11
0 119 13
0 119 14
0 119 16
0 119 19
0 120 0
0 120 3
0 120 4
0 120 10
0 120 12
0 120 13
0 120 16
0 120 17
0 121 1
0 121 3
0 121 5
0 121 10
0 121 11
0 121 13
0 121 16
0 122 0
0 122 2
0 122 3
0 122 5
0 122 8
0 122 9
0 122 13
0 122 14
0 122 16
0 122 17
0 122 19
0 122 20
0 123 0
0 123 2
0 123 3
0 123 7
0 123 8
0 123 10
0 123 11
0 123 15
0 123 16
0 124 5
0 124 7
0 124 12
0 124 13
0 124 16
0 124 19
0 124 20
0 125 0
0 125 1
0 125 3
0 125 4
0 125 6
0 125 7
0 125 8
0 125 9
0 125 14
0 125 16
0 125 17
0 125 18
0 126 0
0 126 3
0 126 4
0 126 8
0 126 15
0 126 18
0 127 0
0 127 3
0 127 4
0 127 5
0 127 7
0 127 13
0 127 14
0 127 15
0 127 16
0 127 17
0 127 18
0 127 19
0 127 20
0 128 1
0 128 7
0 128 9
0 128 11
0 128 15
0 128 18
0 129 3
0 129 7
0 129 14
0 129 15
0 130 0
0 130 2
0 130 9
0 130 11
0 130 12
0 130 13
0 130 15
0 130 16
0 131 1
0 131 2
0 131 16
0 131 18
0 131 20
0 132 0
0 132 1
0 132 3
0 132 6
0 132 8
0 132 10
0 132 15
0 132 18
0 133 1
0 133 4
0 133 6
0 133 7
0 133 9
0 133 14
0 133 18
0 133 19
0 134 5
0 134 6
0 134 10
0 134 15
0 134 17
0 135 1
0 135 3
0 135 4
0 135 9
0 135 10
0 135 12
0 135 15
0 135 16
0 135 17
0 135 19
0 136 0
0 136 1
0 136 2
0 136 4
0 136 6
0 136 9
0 136 13
0 136 16
0 136 18
0 137 1
0 137 3
0 137 8
0 137 9
0 137 10
0 137 11
0 137 12
0 137 13
0 137 17
0 137 18
0 138 6
0 138 10
0 138 15
0 138 20
0 139 0
0 139 3
0 139 6
0 139 9
0 139 10
0 139 13
0 139 15
0 139 17
0 140 0
0 140 1
0 140 2
0 140 3
0 140 6
0 140 8
0 140 11
0 140 15
0 140 16
0 140 18
0 140 19
0 140 20
0 141 1
0 141 3
0 141 10
0 141 12
0 141 13
0 141 14
0 141 15
0 141 17
0 142 0
0 142 1
0 142 3
0 142 6
0 142 9
0 142 10
0 142 12
0 142 13
0 143 2
0 143 5
0 143 8
0 143 9
0 143 13
0 143 16
0 143 17
0 143 19
0 144 1
0 144 3
0 144 7
0 144 9
0 144 10
0 144 12
0 144 13
0 144 14
0 144 16
0 144 17
0 144 18
0 144 20
0 145 5
0 145 6
0 145 9
0 145 10
0 145 12
0 145 13
0 145 14
0 145 17
0 145 19
0 145 20
0 146 4
0 146 6
0 146 15
0 147 0
0 147 2
0 147 6
0 147 8
0 147 9
0 147 12
0 147 16
0 147 17
0 147 18
0 147 19
0 148 5
0 148 7
0 148 8
0 148 11
0 148 14
0 148 15
0 148 17
0 149 0
0 149 2
0 149 4
0 149 5
0 149 6
0 149 10
0 149 11
0 149 15
0 149 16
0 149 18
0 150 0
0 150 1
0 150 2
0 150 3
0 150 5
0 150 7
0 150 9
0 150 10
0 150 12
0 150 17
0 150 18
0 150 20
0 151 1
0 151 3
0 151 5
0 151 8
0 151 9
0 151 10
0 151 13
0 151 18
0 152 1
0 152 4
0 152 5
0 152 9
0 152 10
0 152 11
0 152 12
0 152 14
0 152 15
0 152 18
0 152 20
0 153 0
0 153 5
0 153 8
0 153 11
0 153 16
0 153 17
0 153 18
0 153 19
0 154 0
0 154 1
0 154 2
0 154 4
0 154 6
0 154 8
0 154 9
0 154 13
0 154 14
0 154 17
0 154 18
0 154 19
0 155 6
0 155 10
0 155 12
0 155 13
0 155 15
0 155 17
0 155 18
0 155 19
0 156 2
0 156 4
0 156 8
0 156 11
0 156 17
0 157 0
0 157 2
0 157 6
0 157 8
0 157 9
0 157 10
0 157 11
0 157 18
0 157 20
0 158 0
0 158 3
0 158 5
0 158 8
0 158 9
0 158 10
0 158 11
0 158 12
0 158 13
0 158 19
0 159 0
0 159 1
0 159 2
0 159 5
0 159 9
0 159 10
0 159 11
0 159 12
0 159 13
0 159 16
0 159 18
0 160 2
0 160 4
0 160 9
0 160 12
0 160 13
0 161 0
0 161 1
0 161 5
0 161 6
0 161 7
0 161 13
0 161 14
0 161 18
0 161 20
0 162 0
0 162 1
0 162 3
0 162 6
0 162 9
0 162 12
0 162 13
0 162 16
0 162 17
0 162 19
0 162 20
0 163 0
0 163 2
0 163 6
0 163 7
0 163 12
0 163 13
0 163 14
0 163 16
0 164 2
0 164 4
0 164 5
0 164 6
0 164 12
0 164 13
0 164 14
0 164 17
0 164 19
0 164 20
0 165 0
0 165 1
0 165 3
0 165 4
0 165 5
0 165 7
0 165 15
0 166 0
0 166 1
0 166 3
0 166 11
0 166 13
0 166 15
0 167 7
0 167 9
0 167 11
0 167 13
0 167 14
0 167 18
0 167 19
0 168 0
0 168 1
0 168 3
0 168 7
0 168 9
0 168 13
0 168 14
0 168 15
0 168 16
0 169 3
0 169 4
0 169 5
0 169 6
0 169 7
0 169 9
0 169 11
0 169 14
0 169 17
0 169 20
0 170 4
0 170 5
0 170 8
0 170 9
0 170 16
0 170 17
0 170 18
0 171 2
0 171 3
0 171 4
0 171 7
0 171 8
0 171 11
0 171 14
0 171 17
0 171 19
0 171 20
0 172 0
0 172 2
0 172 4
0 172 5
0 172 9
0 172 15
0 172 16
0 172 17
0 173 1
0 173 6
0 173 9
0 173 12
0 173 15
0 173 17
0 173 18
0 174 2
0 174 4
0 174 9
0 174 11
0 174 13
0 174 14
0 174 16
0 174 17
0 174 19
0 174 20
0 175 5
0 175 6
0 175 7
0 175 10
0 175 15
0 175 17
0 176 0
0 176 3
0 176 4
0 176 6
0 176 7
0 176 8
0 176 9
0 176 11
0 176 12
0 176 15
0 176 16
0 176 20
0 177 0
0 177 2
0 177 3
0 177 4
0 177 6
0 177 8
0 177 10
0 177 11
0 177 14
0 177 17
0 177 18
0 178 0
0 178 2
0 178 5
0 178 9
0 178 10
0 178 11
0 178 13
0 178 14
0 178 18
0 179 1
0 179 2
0 179 4
0 179 12
0 179 18
0 179 19
0 180 0
0 180 4
0 180 10
0 180 14
0 180 15
0 180 16
0 180 18
0 180 19
0 181 1
0 181 7
0 181 8
0 181 9
0 181 13
0 181 14
0 181 15
0 182 3
0 182 5
0 182 11
0 182 12
0 182 13
0 182 14
0 182 15
0 182 19
0 183 0
0 183 1
0 183 3
0 183 4
0 183 10
0 183 12
0 183 14
0 183 17
0 184 0
0 184 6
0 184 7
0 184 15
0 184 17
1 0 0
1 0 2
1 0 4
1 0 5
1 0 7
1 0 9
1 1 1
1 1 2
1 1 7
1 1 9
1 2 0
1 2 4
1 3 1
1 3 5
1 3 6
1 3 7
1 3 8
1 4 2
1 4 3
1 4 5
1 4 6
1 4 9
1 5 4
1 5 6
1 6 0
1 6 2
1 6 3
1 6 4
1 6 9
1 7 4
1 7 8
1 8 1
1 8 2
1 8 5
1 9 1
1 9 3
1 9 5
1 9 7
1 10 0
1 10 3
1 10 4
1 11 2
1 11 4
1 11 6
1 11 9
1 12 0
1 12 2
1 12 7
1 12 8
1 12 9
1 13 0
1 13 1
1 13 2
1 13 3
1 13 6
1 14 1
1 14 2
1 14 3
1 15 0
1 15 3
1 15 4
1 15 7
1 15 8
1 15 9
1 16 0
1 16 1
1 16 4
1 16 5
1 16 6
1 16 7
1 16 9
1 17 0
1 17 4
1 17 6
1 17 8
1 18 1
1 18 4
1 18 5
1 18 8
1 19 0
1 19 1
1 19 5
1 19 9
1 20 2
1 20 3
1 20 4
1 20 5
2 0 1
2 0 2
2 0 3
2 0 4
2 0 5
2 0 7
2 0 9
2 0 10
2 0 13
2 0 14
2 0 18
2 0 20
2 0 27
2 0 30
2 0 31
2 0 35
2 0 36
2 0 37
2 0 38
2 0 42
2 0 43
2 1 0
2 1 1
2 1 3
2 1 5
2 1 6
2 1 8
2 1 9
2 1 15
2 1 23
2 1 25
2 1 29
2 1 33
2 1 35
2 1 38
2 1 39
2 1 40
2 2 2
2 2 5
2 2 6
2 2 8
2 2 9
2 2 10
2 2 18
2 2 22
2 2 23
2 2 25
2 2 26
2 2 27
2 2 29
2 2 38
2 2 40
2 2 43
2 3 0
2 3 1
2 3 3
2 3 4
2 3 6
2 3 7
2 3 12
2 3 14
2 3 25
2 3 30
2 3 31
2 3 32
2 3 33
2 3 35
2 3 36
2 3 38
2 3 39
2 3 42
2 4 0
2 4 1
2 4 2
2 4 4
2 4 5
2 4 8
2 4 9
2 4 10
2 4 13
2 4 14
2 4 15
2 4 19
2 4 22
2 4 31
2 4 32
2 4 33
2 4 35
2 4 39
2 4 40
2 4 41
2 4 42
2 5 1
2 5 2
2 5 3
2 5 4
2 5 8
2 5 12
2 5 13
2 5 19
2 5 24
2 5 25
2 5 27
2 5 30
2 5 31
2 5 32
2 5 33
2 5 37
2 5 43
2 6 0
2 6 3
2 6 5
2 6 8
2 6 9
2 6 10
2 6 11
2 6 15
2 6 18
2 6 20
2 6 21
2 6 22
2 6 23
2 6 30
2 6 35
2 6 36
2 6 39
2 6 41
2 6 42
2 7 1
2 7 5
2 7 6
2 7 7
2 7 12
2 7 14
2 7 17
2 7 19
2 7 24
2 7 26
2 7 27
2 7 31
2 7 33
2 7 36
2 7 37
2 7 38
2 7 40
2 8 0
2 8 1
2 8 4
2 8 5
2 8 6
2 8 7
2 8 8
2 8 10
2 8 17
2 8 18
2 8 20
2 8 21
2 8 23
2 8 25
2 8 30
2 8 31
2 8 36
2 8 37
2 8 39
2 8 40
2 9 0
2 9 3
2 9 4
2 9 5
2 9 11
2 9 13
2 9 14
2 9 15
2 9 16
2 9 17
2 9 19
2 9 20
2 9 21
2 9 24
2 9 26
2 9 27
2 9 29
2 9 32
2 9 40
2 9 41
2 9 42