707
5
59 51 9 100 61
4187

0 0 0 0 0 0 0 0 0 0 0 0 0 0 0 0 0 0 0 0 0 15 0 0 0 0 121 0 0 0 0 0 0 970 0 0 0 0 0 0 0 0 602 741 0 0 597 0 0 0 0 0 163 0 0 0 0 432 0
0 0 0 0 0 701 0 0 0 150 0 837 0 647 0 0 0 0 854 927 0 0 971 130 736 0 0 0 0 0 0 0 0 0 23 185 0 0 0 0 0 636 894 0 0 0 0 754 0 0 578
0 0 0 0 0 0 0 516 0
0 0 0 0 0 0 245 0 0 0 0 0 0 0 0 0 0 0 0 0 0 0 863 0 0 360 0 0 0 0 0 0 0 0 0 0 0 0 0 0 0 0 0 707 0 0 355 413 555 0 0 0 0 226 362 933 0 0 0 0 0 827 0 0 484 0 464 0 0 0 0 0 0 687 0 755 871 0 0 0 0 0 0 0 0 0 0 0 0 172 0 0 0 0 0 788 0 0 0 0
0 857 0 0 0 0 0 0 0 0 0 713 0 0 0 0 983 0 0 0 789 0 0 0 660 0 498 0 0 0 0 0 895 51 0 0 0 682 0 458 0 0 0 0 0 0 0 0 0 0 0 0 0 0 0 0 0 0 0 0 0

0 0 8
0 0 11
0 0 18
0 0 20
0 0 24
0 0 25
0 0 27
0 0 28
0 0 34
0 0 35
0 0 36
0 0 37
0 0 41
0 0 42
0 0 44
0 0 45
0 0 48
0 0 49
0 0 50
0 1 2
0 1 4
0 1 5
0 1 6
0 1 8
0 1 9
0 1 10
0 1 12
0 1 13
0 1 14
0 1 15
0 1 16
0 1 19
0 1 20
0 1 22
0 1 25
0 1 27
0 1 28
0 1 32
0 1 33
0 1 34
0 1 35
0 1 37
0 1 38
0 1 40
0 1 45
0 1 47
0 1 48
0 1 49
0 1 50
0 2 0
0 2 1
0 2 4
0 2 5
0 2 7
0 2 10
0 2 11
0 2 13
0 2 16
0 2 18
0 2 20
0 2 23
0 2 28
0 2 33
0 2 34
0 2 35
0 2 38
0 2 43
0 2 44
0 2 45
0 2 46
0 2 49
0 3 5
0 3 6
0 3 7
0 3 14
0 3 15
0 3 16
0 3 17
0 3 21
0 3 22
0 3 23
0 3 24
0 3 27
0 3 29
0 3 31
0 3 32
0 3 33
0 3 35
0 3 38
0 3 39
0 3 40
0 3 42
0 3 43
0 3 44
0 3 45
0 3 46
0 3 47
0 3 48
0 3 49
0 3 50
0 4 0
0 4 1
0 4 2
0 4 6
0 4 7
0 4 11
0 4 15
0 4 27
0 4 32
0 4 34
0 4 35
0 4 36
0 4 39
0 4 41
0 4 42
0 4 43
0 4 47
0 4 49
0 4 50
0 5 5
0 5 10
0 5 12
0 5 13
0 5 14
0 5 21
0 5 23
0 5 24
0 5 31
0 5 32
0 5 34
0 5 35
0 5 37
0 5 43
0 5 44
0 5 45
0 5 48
0 6 0
0 6 4
0 6 6
0 6 8
0 6 9
0 6 10
0 6 12
0 6 13
0 6 16
0 6 18
0 6 19
0 6 23
0 6 24
0 6 27
0 6 28
0 6 31
0 6 32
0 6 37
0 6 39
0 6 47
0 6 48
0 6 49
0 7 0
0 7 4
0 7 5
0 7 6
0 7 8
0 7 13
0 7 18
0 7 20
0 7 21
0 7 22
0 7 24
0 7 29
0 7 30
0 7 32
0 7 33
0 7 34
0 7 36
0 7 38
0 7 40
0 7 42
0 7 46
0 8 0
0 8 2
0 8 3
0 8 14
0 8 16
0 8 17
0 8 19
0 8 20
0 8 21
0 8 23
0 8 24
0 8 25
0 8 27
0 8 30
0 8 31
0 8 34
0 8 35
0 8 36
0 8 38
0 8 40
0 8 44
0 8 47
0 8 49
0 9 3
0 9 6
0 9 7
0 9 8
0 9 10
0 9 11
0 9 12
0 9 14
0 9 15
0 9 19
0 9 21
0 9 23
0 9 24
0 9 26
0 9 27
0 9 31
0 9 35
0 9 39
0 9 40
0 9 41
0 9 42
0 9 43
0 9 44
0 9 46
0 9 48
0 10 0
0 10 1
0 10 4
0 10 6
0 10 7
0 10 8
0 10 11
0 10 23
0 10 25
0 10 26
0 10 27
0 10 28
0 10 29
0 10 30
0 10 31
0 10 33
0 10 36
0 10 38
0 10 40
0 10 45
0 10 48
0 10 49
0 10 50
0 11 0
0 11 1
0 11 8
0 11 10
0 11 17
0 11 18
0 11 19
0 11 29
0 11 31
0 11 38
0 11 39
0 11 41
0 11 42
0 11 46
0 12 4
0 12 5
0 12 6
0 12 7
0 12 10
0 12 16
0 12 17
0 12 18
0 12 20
0 12 22
0 12 24
0 12 26
0 12 29
0 12 30
0 12 36
0 12 39
0 12 42
0 12 45
0 12 47
0 13 0
0 13 4
0 13 6
0 13 12
0 13 13
0 13 17
0 13 19
0 13 20
0 13 21
0 13 22
0 13 24
0 13 25
0 13 30
0 13 31
0 13 32
0 13 37
0 13 41
0 13 45
0 13 46
0 13 47
0 13 50
0 14 0
0 14 7
0 14 9
0 14 12
0 14 13
0 14 19
0 14 21
0 14 24
0 14 28
0 14 31
0 14 38
0 14 40
0 14 42
0 14 43
0 14 45
0 14 46
0 14 50
0 15 3
0 15 4
0 15 5
0 15 6
0 15 7
0 15 10
0 15 11
0 15 16
0 15 19
0 15 22
0 15 27
0 15 30
0 15 31
0 15 32
0 15 34
0 15 36
0 15 38
0 15 45
0 15 46
0 15 49
0 15 50
0 16 0
0 16 1
0 16 6
0 16 7
0 16 12
0 16 14
0 16 19
0 16 21
0 16 22
0 16 23
0 16 24
0 16 25
0 16 27
0 16 29
0 16 31
0 16 33
0 16 34
0 16 35
0 16 39
0 16 41
0 16 43
0 16 45
0 16 47
0 16 48
0 17 3
0 17 7
0 17 13
0 17 16
0 17 19
0 17 20
0 17 23
0 17 24
0 17 29
0 17 30
0 17 31
0 17 41
0 17 45
0 17 47
0 18 0
0 18 6
0 18 8
0 18 10
0 18 20
0 18 22
0 18 23
0 18 25
0 18 26
0 18 29
0 18 31
0 18 34
0 18 37
0 18 40
0 18 46
0 18 48
0 19 2
0 19 4
0 19 5
0 19 6
0 19 7
0 19 10
0 19 11
0 19 12
0 19 16
0 19 22
0 19 25
0 19 26
0 19 29
0 19 44
0 19 47
0 20 0
0 20 2
0 20 7
0 20 11
0 20 13
0 20 15
0 20 19
0 20 22
0 20 24
0 20 26
0 20 27
0 20 31
0 20 32
0 20 34
0 20 36
0 20 40
0 20 44
0 20 45
0 20 46
0 21 0
0 21 6
0 21 8
0 21 12
0 21 13
0 21 15
0 21 17
0 21 19
0 21 22
0 21 24
0 21 25
0 21 34
0 21 38
0 21 40
0 21 42
0 21 44
0 21 45
0 21 48
0 21 49
0 21 50
0 22 1
0 22 2
0 22 4
0 22 7
0 22 12
0 22 15
0 22 21
0 22 24
0 22 25
0 22 34
0 22 36
0 22 42
0 22 44
0 22 49
0 22 50
0 23 0
0 23 1
0 23 2
0 23 3
0 23 9
0 23 13
0 23 15
0 23 24
0 23 27
0 23 28
0 23 29
0 23 30
0 23 32
0 23 37
0 23 38
0 23 41
0 23 43
0 23 49
0 24 0
0 24 4
0 24 7
0 24 8
0 24 10
0 24 12
0 24 15
0 24 21
0 24 23
0 24 24
0 24 26
0 24 27
0 24 29
0 24 30
0 24 31
0 24 32
0 24 33
0 24 41
0 24 42
0 24 43
0 24 47
0 24 48
0 24 49
0 25 0
0 25 2
0 25 11
0 25 15
0 25 17
0 25 19
0 25 20
0 25 21
0 25 23
0 25 28
0 25 36
0 25 37
0 25 39
0 25 40
0 25 41
0 25 42
0 25 43
0 25 47
0 26 4
0 26 5
0 26 6
0 26 9
0 26 15
0 26 18
0 26 21
0 26 22
0 26 23
0 26 24
0 26 26
0 26 29
0 26 30
0 26 33
0 26 36
0 26 37
0 26 38
0 26 42
0 26 49
0 27 0
0 27 1
0 27 2
0 27 7
0 27 9
0 27 11
0 27 12
0 27 13
0 27 14
0 27 16
0 27 19
0 27 22
0 27 23
0 27 25
0 27 26
0 27 27
0 27 30
0 27 31
0 27 32
0 27 34
0 27 39
0 27 40
0 27 41
0 27 43
0 27 44
0 27 45
0 27 46
0 27 48
0 27 49
0 27 50
0 28 3
0 28 4
0 28 7
0 28 8
0 28 9
0 28 11
0 28 14
0 28 15
0 28 17
0 28 18
0 28 19
0 28 20
0 28 21
0 28 23
0 28 24
0 28 25
0 28 27
0 28 29
0 28 33
0 28 34
0 28 35
0 28 36
0 28 38
0 28 40
0 28 41
0 28 43
0 28 45
0 28 46
0 28 47
0 29 0
0 29 4
0 29 5
0 29 6
0 29 7
0 29 9
0 29 12
0 29 16
0 29 18
0 29 23
0 29 29
0 29 30
0 29 33
0 29 35
0 29 36
0 29 39
0 29 40
0 29 44
0 30 2
0 30 4
0 30 9
0 30 14
0 30 16
0 30 20
0 30 21
0 30 22
0 30 29
0 30 30
0 30 31
0 30 33
0 30 34
0 30 35
0 30 36
0 30 38
0 30 43
0 30 44
0 30 46
0 30 49
0 30 50
0 31 0
0 31 1
0 31 3
0 31 4
0 31 6
0 31 9
0 31 13
0 31 14
0 31 16
0 31 21
0 31 22
0 31 23
0 31 29
0 31 32
0 31 33
0 31 35
0 31 37
0 31 38
0 31 41
0 31 45
0 31 49
0 32 1
0 32 3
0 32 5
0 32 14
0 32 15
0 32 18
0 32 20
0 32 22
0 32 26
0 32 27
0 32 30
0 32 32
0 32 35
0 32 40
0 32 44
0 32 48
0 33 0
0 33 1
0 33 2
0 33 3
0 33 4
0 33 5
0 33 6
0 33 7
0 33 10
0 33 13
0 33 21
0 33 23
0 33 24
0 33 26
0 33 31
0 33 35
0 33 42
0 33 43
0 33 46
0 33 48
0 33 49
0 34 4
0 34 5
0 34 9
0 34 11
0 34 13
0 34 15
0 34 17
0 34 21
0 34 22
0 34 23
0 34 25
0 34 27
0 34 30
0 34 34
0 34 36
0 34 37
0 34 38
0 34 39
0 34 41
0 35 6
0 35 9
0 35 13
0 35 16
0 35 18
0 35 19
0 35 20
0 35 22
0 35 26
0 35 29
0 35 31
0 35 32
0 35 42
0 35 50
0 36 1
0 36 2
0 36 3
0 36 4
0 36 5
0 36 7
0 36 10
0 36 13
0 36 14
0 36 15
0 36 17
0 36 22
0 36 24
0 36 28
0 36 32
0 36 36
0 36 37
0 36 39
0 36 42
0 36 49
0 37 3
0 37 4
0 37 5
0 37 6
0 37 7
0 37 8
0 37 9
0 37 14
0 37 17
0 37 19
0 37 20
0 37 21
0 37 26
0 37 30
0 37 33
0 37 35
0 37 37
0 37 38
0 37 41
0 37 46
0 37 48
0 37 50
0 38 1
0 38 3
0 38 4
0 38 7
0 38 9
0 38 10
0 38 11
0 38 12
0 38 16
0 38 19
0 38 20
0 38 22
0 38 23
0 38 24
0 38 25
0 38 27
0 38 31
0 38 34
0 38 35
0 38 38
0 38 39
0 38 49
0 39 0
0 39 1
0 39 5
0 39 9
0 39 10
0 39 11
0 39 12
0 39 14
0 39 15
0 39 18
0 39 22
0 39 23
0 39 25
0 39 28
0 39 31
0 39 32
0 39 36
0 39 42
0 39 43
0 39 48
0 40 0
0 40 1
0 40 2
0 40 3
0 40 4
0 40 5
0 40 6
0 40 7
0 40 9
0 40 12
0 40 14
0 40 16
0 40 20
0 40 21
0 40 22
0 40 23
0 40 29
0 40 30
0 40 34
0 40 36
0 40 37
0 40 38
0 40 39
0 40 40
0 40 41
0 40 43
0 40 45
0 40 46
0 40 47
0 41 0
0 41 2
0 41 3
0 41 8
0 41 9
0 41 13
0 41 15
0 41 24
0 41 25
0 41 26
0 41 29
0 41 30
0 41 33
0 41 47
0 41 48
0 41 49
0 41 50
0 42 2
0 42 3
0 42 6
0 42 8
0 42 9
0 42 10
0 42 11
0 42 14
0 42 20
0 42 21
0 42 22
0 42 25
0 42 29
0 42 30
0 42 31
0 42 32
0 42 33
0 42 34
0 42 36
0 42 37
0 42 38
0 42 39
0 42 43
0 42 46
0 42 47
0 42 48
0 43 3
0 43 9
0 43 12
0 43 13
0 43 15
0 43 16
0 43 18
0 43 20
0 43 22
0 43 24
0 43 27
0 43 31
0 43 32
0 43 33
0 43 37
0 43 38
0 43 46
0 43 48
0 43 50
0 44 2
0 44 3
0 44 5
0 44 8
0 44 11
0 44 12
0 44 15
0 44 16
0 44 18
0 44 21
0 44 23
0 44 25
0 44 26
0 44 27
0 44 30
0 44 32
0 44 33
0 44 40
0 44 41
0 44 44
0 44 45
0 44 46
0 44 49
0 45 1
0 45 2
0 45 16
0 45 19
0 45 21
0 45 24
0 45 26
0 45 27
0 45 28
0 45 29
0 45 30
0 45 32
0 45 35
0 45 37
0 45 38
0 45 45
0 45 46
0 45 47
0 45 48
0 45 50
0 46 2
0 46 4
0 46 6
0 46 7
0 46 9
0 46 13
0 46 14
0 46 15
0 46 17
0 46 19
0 46 22
0 46 25
0 46 27
0 46 30
0 46 36
0 46 37
0 46 38
0 46 39
0 46 40
0 46 48
0 47 0
0 47 3
0 47 4
0 47 6
0 47 7
0 47 13
0 47 15
0 47 17
0 47 21
0 47 22
0 47 32
0 47 38
0 47 40
0 47 46
0 47 48
0 47 49
0 47 50
0 48 1
0 48 2
0 48 3
0 48 4
0 48 5
0 48 11
0 48 12
0 48 13
0 48 17
0 48 22
0 48 24
0 48 26
0 48 31
0 48 32
0 48 33
0 48 36
0 48 38
0 48 39
0 48 41
0 48 42
0 48 43
0 48 44
0 48 47
0 49 0
0 49 5
0 49 10
0 49 13
0 49 14
0 49 16
0 49 18
0 49 19
0 49 20
0 49 21
0 49 23
0 49 25
0 49 26
0 49 28
0 49 36
0 49 41
0 49 42
0 49 43
0 49 45
0 49 47
0 50 1
0 50 2
0 50 3
0 50 5
0 50 10
0 50 14
0 50 15
0 50 18
0 50 20
0 50 24
0 50 26
0 50 30
0 50 31
0 50 32
0 50 33
0 50 37
0 50 38
0 50 40
0 50 41
0 50 43
0 50 45
0 50 50
0 51 4
0 51 5
0 51 6
0 51 13
0 51 14
0 51 18
0 51 22
0 51 23
0 51 26
0 51 27
0 51 29
0 51 30
0 51 31
0 51 32
0 51 39
0 51 41
0 51 42
0 51 43
0 51 44
0 51 45
0 51 46
0 51 48
0 51 49
0 52 4
0 52 6
0 52 9
0 52 14
0 52 16
0 52 18
0 52 20
0 52 24
0 52 26
0 52 27
0 52 31
0 52 32
0 52 36
0 52 40
0 52 42
0 52 44
0 52 45
0 52 47
0 52 48
0 52 49
0 53 1
0 53 2
0 53 6
0 53 8
0 53 9
0 53 10
0 53 11
0 53 12
0 53 15
0 53 16
0 53 24
0 53 25
0 53 26
0 53 28
0 53 29
0 53 31
0 53 35
0 53 37
0 53 39
0 53 41
0 53 48
0 54 0
0 54 5
0 54 6
0 54 9
0 54 11
0 54 17
0 54 18
0 54 20
0 54 23
0 54 24
0 54 27
0 54 28
0 54 31
0 54 34
0 54 39
0 54 43
0 54 44
0 54 46
0 54 50
0 55 0
0 55 1
0 55 4
0 55 11
0 55 16
0 55 18
0 55 21
0 55 26
0 55 30
0 55 31
0 55 32
0 55 33
0 55 37
0 55 42
0 55 43
0 55 48
0 56 0
0 56 4
0 56 7
0 56 12
0 56 13
0 56 16
0 56 20
0 56 21
0 56 23
0 56 32
0 56 35
0 56 36
0 56 37
0 56 41
0 56 46
0 56 49
0 57 5
0 57 13
0 57 15
0 57 16
0 57 19
0 57 20
0 57 23
0 57 24
0 57 27
0 57 30
0 57 32
0 57 35
0 57 37
0 57 38
0 57 39
0 57 43
0 57 46
0 57 48
0 57 49
0 57 50
0 58 0
0 58 2
0 58 7
0 58 10
0 58 12
0 58 13
0 58 14
0 58 17
0 58 20
0 58 21
0 58 22
0 58 23
0 58 28
0 58 29
0 58 36
0 58 37
0 58 39
0 58 43
0 58 44
0 58 47
0 58 49
1 0 1
1 0 3
1 0 5
1 0 7
1 1 0
1 1 1
1 1 3
1 1 8
1 2 4
1 3 1
1 3 4
1 3 7
1 4 1
1 4 7
1 4 8
1 5 3
1 5 4
1 5 7
1 5 8
1 6 3
1 6 4
1 6 7
1 6 8
1 7 1
1 7 6
1 7 7
1 8 0
1 8 1
1 8 4
1 8 5
1 8 6
1 8 7
1 9 1
1 9 2
1 9 4
1 9 8
1 10 0
1 10 4
1 10 7
1 10 8
1 11 3
1 11 4
1 11 5
1 11 6
1 12 0
1 12 2
1 12 4
1 12 6
1 12 7
1 12 8
1 13 2
1 13 3
1 13 4
1 14 6
1 14 7
1 14 8
1 15 0
1 15 1
1 15 2
1 15 4
1 15 5
1 15 6
1 15 8
1 16 6
1 17 2
1 17 4
1 17 5
1 17 7
1 18 4
1 18 5
1 18 7
1 18 8
1 19 3
1 19 4
1 19 8
1 20 7
1 20 8
1 21 0
1 21 2
1 21 3
1 22 1
1 22 3
1 22 4
1 23 0
1 23 5
1 24 1
1 24 4
1 25 8
1 26 2
1 26 4
1 26 5
1 26 6
1 26 7
1 26 8
1 27 1
1 27 4
1 27 5
1 27 8
1 28 0
1 28 1
1 28 3
1 28 6
1 28 7
1 29 3
1 29 4
1 29 5
1 29 8
1 30 2
1 30 3
1 30 5
1 30 6
1 30 8
1 31 1
1 31 3
1 31 5
1 31 6
1 31 8
1 32 7
1 32 8
1 33 4
1 33 5
1 33 6
1 33 7
1 34 0
1 34 4
1 34 6
1 34 7
1 35 0
1 35 3
1 35 4
1 35 7
1 36 3
1 36 7
1 36 8
1 37 0
1 37 1
1 37 6
1 38 0
1 38 1
1 38 6
1 40 1
1 40 7
1 40 8
1 41 2
1 41 3
1 41 5
1 41 6
1 41 7
1 42 0
1 42 7
1 42 8
1 43 1
1 43 3
1 43 5
1 44 0
1 44 2
1 44 3
1 44 4
1 45 2
1 45 7
1 46 0
1 46 1
1 46 3
1 46 4
1 46 5
1 46 6
1 47 2
1 47 4
1 47 6
1 47 7
1 48 0
1 48 1
1 48 4
1 49 2
1 49 6
1 50 1
1 50 3
1 50 4
1 50 7
2 0 0
2 0 2
2 0 11
2 0 12
2 0 13
2 0 18
2 0 25
2 0 26
2 0 29
2 0 30
2 0 33
2 0 34
2 0 36
2 0 38
2 0 41
2 0 42
2 0 43
2 0 55
2 0 64
2 0 65
2 0 68
2 0 72
2 0 81
2 0 84
2 0 87
2 0 88
2 0 90
2 0 92
2 0 94
2 0 95
2 0 96
2 0 99
2 1 0
2 1 4
2 1 7
2 1 8
2 1 10
2 1 11
2 1 13
2 1 16
2 1 24
2 1 27
2 1 34
2 1 35
2 1 38
2 1 40
2 1 41
2 1 42
2 1 43
2 1 45
2 1 46
2 1 47
2 1 49
2 1 52
2 1 53
2 1 55
2 1 59
2 1 64
2 1 66
2 1 68
2 1 71
2 1 72
2 1 73
2 1 75
2 1 76
2 1 77
2 1 78
2 1 79
2 1 83
2 1 84
2 1 85
2 1 87
2 1 88
2 1 99
2 2 0
2 2 6
2 2 8
2 2 9
2 2 10
2 2 11
2 2 12
2 2 15
2 2 18
2 2 20
2 2 22
2 2 23
2 2 25
2 2 28
2 2 32
2 2 34
2 2 35
2 2 37
2 2 39
2 2 45
2 2 47
2 2 48
2 2 49
2 2 51
2 2 56
2 2 57
2 2 58
2 2 62
2 2 65
2 2 68
2 2 69
2 2 70
2 2 73
2 2 77
2 2 78
2 2 80
2 2 83
2 2 87
2 2 89
2 2 90
2 2 91
2 2 92
2 2 94
2 2 96
2 2 97
2 2 99
2 3 1
2 3 2
2 3 8
2 3 10
2 3 16
2 3 21
2 3 27
2 3 29
2 3 32
2 3 33
2 3 34
2 3 35
2 3 36
2 3 39
2 3 40
2 3 42
2 3 43
2 3 44
2 3 45
2 3 47
2 3 48
2 3 49
2 3 53
2 3 58
2 3 59
2 3 60
2 3 62
2 3 64
2 3 66
2 3 68
2 3 69
2 3 73
2 3 74
2 3 75
2 3 76
2 3 84
2 3 85
2 3 86
2 3 87
2 3 92
2 3 93
2 3 99
2 4 5
2 4 6
2 4 11
2 4 14
2 4 17
2 4 21
2 4 24
2 4 25
2 4 26
2 4 29
2 4 30
2 4 35
2 4 38
2 4 40
2 4 44
2 4 46
2 4 50
2 4 51
2 4 52
2 4 57
2 4 60
2 4 61
2 4 65
2 4 67
2 4 71
2 4 74
2 4 76
2 4 79
2 4 82
2 4 83
2 4 84
2 4 85
2 4 90
2 4 92
2 4 95
2 4 97
2 5 0
2 5 2
2 5 4
2 5 6
2 5 7
2 5 8
2 5 9
2 5 11
2 5 13
2 5 16
2 5 17
2 5 19
2 5 20
2 5 21
2 5 25
2 5 27
2 5 29
2 5 31
2 5 32
2 5 36
2 5 37
2 5 40
2 5 41
2 5 42
2 5 43
2 5 47
2 5 55
2 5 57
2 5 58
2 5 59
2 5 60
2 5 61
2 5 62
2 5 65
2 5 66
2 5 68
2 5 69
2 5 70
2 5 72
2 5 75
2 5 77
2 5 82
2 5 87
2 5 89
2 5 92
2 5 93
2 5 94
2 5 96
2 6 0
2 6 1
2 6 7
2 6 9
2 6 10
2 6 11
2 6 12
2 6 14
2 6 15
2 6 16
2 6 19
2 6 22
2 6 23
2 6 24
2 6 27
2 6 32
2 6 33
2 6 41
2 6 44
2 6 51
2 6 52
2 6 56
2 6 61
2 6 62
2 6 67
2 6 69
2 6 71
2 6 72
2 6 73
2 6 75
2 6 76
2 6 77
2 6 80
2 6 84
2 6 85
2 6 86
2 6 88
2 6 89
2 6 90
2 6 97
2 7 0
2 7 1
2 7 5
2 7 9
2 7 10
2 7 12
2 7 15
2 7 17
2 7 21
2 7 24
2 7 29
2 7 30
2 7 32
2 7 37
2 7 46
2 7 52
2 7 57
2 7 59
2 7 61
2 7 63
2 7 64
2 7 65
2 7 68
2 7 70
2 7 73
2 7 75
2 7 78
2 7 79
2 7 82
2 7 83
2 7 85
2 7 87
2 7 88
2 7 89
2 7 90
2 7 98
2 7 99
2 8 0
2 8 3
2 8 4
2 8 7
2 8 8
2 8 14
2 8 15
2 8 18
2 8 20
2 8 26
2 8 28
2 8 29
2 8 30
2 8 31
2 8 32
2 8 38
2 8 40
2 8 44
2 8 45
2 8 50
2 8 52
2 8 53
2 8 54
2 8 59
2 8 61
2 8 63
2 8 65
2 8 68
2 8 69
2 8 70
2 8 73
2 8 74
2 8 75
2 8 76
2 8 79
2 8 80
2 8 81
2 8 84
2 8 91
2 8 92
2 8 93
2 8 96
2 8 98
3 0 1
3 0 6
3 0 8
3 0 10
3 0 13
3 0 15
3 0 16
3 0 17
3 0 18
3 0 23
3 0 24
3 0 26
3 0 30
3 0 33
3 0 36
3 0 40
3 0 41
3 0 42
3 0 43
3 0 47
3 0 49
3 0 51
3 0 52
3 0 59
3 0 60
3 1 0
3 1 4
3 1 5
3 1 14
3 1 15
3 1 18
3 1 20
3 1 21
3 1 25
3 1 27
3 1 29
3 1 30
3 1 36
3 1 39
3 1 40
3 1 43
3 1 48
3 1 49
3 1 59
3 1 60
3 2 0
3 2 3
3 2 10
3 2 12
3 2 15
3 2 17
3 2 20
3 2 25
3 2 29
3 2 31
3 2 34
3 2 37
3 2 38
3 2 43
3 2 46
3 2 48
3 2 50
3 2 52
3 2 53
3 2 54
3 2 55
3 2 58
3 3 0
3 3 1
3 3 4
3 3 5
3 3 6
3 3 10
3 3 12
3 3 14
3 3 18
3 3 20
3 3 21
3 3 22
3 3 26
3 3 34
3 3 38
3 3 42
3 3 43
3 3 45
3 3 46
3 3 47
3 3 48
3 3 50
3 3 53
3 3 54
3 3 57
3 3 59
3 4 2
3 4 3
3 4 5
3 4 7
3 4 8
3 4 9
3 4 11
3 4 12
3 4 16
3 4 18
3 4 19
3 4 20
3 4 24
3 4 25
3 4 26
3 4 29
3 4 30
3 4 35
3 4 42
3 4 44
3 4 45
3 4 46
3 4 48
3 4 49
3 4 53
3 4 59
3 4 60
3 5 0
3 5 4
3 5 5
3 5 7
3 5 8
3 5 11
3 5 12
3 5 17
3 5 22
3 5 24
3 5 25
3 5 26
3 5 29
3 5 35
3 5 38
3 5 39
3 5 43
3 5 44
3 5 49
3 5 50
3 5 52
3 5 53
3 5 59
3 5 60
3 6 1
3 6 6
3 6 10
3 6 13
3 6 17
3 6 19
3 6 21
3 6 22
3 6 24
3 6 25
3 6 27
3 6 28
3 6 29
3 6 32
3 6 34
3 6 38
3 6 40
3 6 43
3 6 45
3 6 46
3 6 48
3 6 49
3 6 51
3 6 53
3 6 55
3 6 59
3 7 2
3 7 8
3 7 9
3 7 11
3 7 13
3 7 14
3 7 16
3 7 18
3 7 22
3 7 23
3 7 28
3 7 30
3 7 31
3 7 33
3 7 35
3 7 39
3 7 41
3 7 43
3 7 44
3 7 47
3 7 49
3 7 52
3 7 55
3 7 58
3 8 1
3 8 3
3 8 4
3 8 5
3 8 6
3 8 12
3 8 13
3 8 18
3 8 19
3 8 20
3 8 23
3 8 24
3 8 25
3 8 30
3 8 33
3 8 41
3 8 42
3 8 43
3 8 47
3 8 48
3 8 50
3 8 52
3 8 57
3 8 59
3 8 60
3 9 1
3 9 6
3 9 7
3 9 8
3 9 9
3 9 10
3 9 11
3 9 16
3 9 20
3 9 23
3 9 25
3 9 27
3 9 31
3 9 33
3 9 43
3 9 44
3 9 46
3 9 47
3 9 49
3 9 50
3 9 54
3 9 57
3 9 58
3 9 60
3 10 0
3 10 3
3 10 10
3 10 15
3 10 16
3 10 21
3 10 24
3 10 25
3 10 28
3 10 30
3 10 31
3 10 32
3 10 33
3 10 34
3 10 35
3 10 36
3 10 38
3 10 40
3 10 41
3 10 42
3 10 43
3 10 47
3 10 48
3 10 49
3 10 51
3 10 55
3 10 56
3 10 58
3 11 0
3 11 1
3 11 2
3 11 3
3 11 5
3 11 7
3 11 10
3 11 13
3 11 26
3 11 27
3 11 30
3 11 32
3 11 35
3 11 40
3 11 41
3 11 44
3 11 45
3 11 49
3 11 51
3 11 55
3 12 0
3 12 3
3 12 5
3 12 6
3 12 7
3 12 8
3 12 9
3 12 10
3 12 11
3 12 15
3 12 18
3 12 19
3 12 25
3 12 27
3 12 28
3 12 30
3 12 31
3 12 32
3 12 33
3 12 36
3 12 43
3 12 45
3 12 48
3 12 52
3 12 53
3 12 57
3 12 59
3 13 2
3 13 3
3 13 4
3 13 5
3 13 6
3 13 7
3 13 8
3 13 9
3 13 10
3 13 11
3 13 12
3 13 13
3 13 21
3 13 22
3 13 26
3 13 32
3 13 35
3 13 37
3 13 38
3 13 43
3 13 46
3 13 49
3 13 50
3 13 51
3 13 55
3 13 56
3 14 2
3 14 4
3 14 5
3 14 6
3 14 7
3 14 9
3 14 11
3 14 12
3 14 14
3 14 15
3 14 19
3 14 22
3 14 24
3 14 30
3 14 31
3 14 32
3 14 33
3 14 37
3 14 39
3 14 40
3 14 43
3 14 44
3 14 45
3 14 46
3 14 50
3 14 51
3 14 55
3 14 56
3 14 60
3 15 0
3 15 1
3 15 6
3 15 7
3 15 8
3 15 10
3 15 11
3 15 14
3 15 15
3 15 18
3 15 24
3 15 25
3 15 28
3 15 29
3 15 30
3 15 31
3 15 32
3 15 34
3 15 35
3 15 37
3 15 40
3 15 42
3 15 49
3 15 54
3 15 55
3 15 57
3 16 0
3 16 1
3 16 2
3 16 4
3 16 6
3 16 9
3 16 10
3 16 11
3 16 13
3 16 18
3 16 19
3 16 21
3 16 23
3 16 24
3 16 27
3 16 28
3 16 30
3 16 31
3 16 32
3 16 40
3 16 44
3 16 46
3 16 49
3 16 50
3 16 52
3 16 54
3 16 57
3 16 59
3 17 0
3 17 2
3 17 3
3 17 4
3 17 5
3 17 13
3 17 14
3 17 16
3 17 18
3 17 19
3 17 20
3 17 21
3 17 22
3 17 25
3 17 27
3 17 31
3 17 32
3 17 33
3 17 35
3 17 36
3 17 42
3 17 44
3 17 47
3 17 48
3 17 49
3 17 50
3 17 51
3 17 52
3 17 53
3 17 55
3 17 59
3 17 60
3 18 2
3 18 7
3 18 10
3 18 12
3 18 13
3 18 16
3 18 18
3 18 19
3 18 23
3 18 24
3 18 25
3 18 26
3 18 29
3 18 31
3 18 32
3 18 33
3 18 37
3 18 42
3 18 44
3 18 46
3 18 48
3 18 52
3 18 57
3 19 2
3 19 3
3 19 6
3 19 9
3 19 10
3 19 16
3 19 18
3 19 20
3 19 21
3 19 23
3 19 27
3 19 32
3 19 36
3 19 41
3 19 42
3 19 43
3 19 46
3 19 58
3 19 59
3 20 0
3 20 1
3 20 2
3 20 4
3 20 6
3 20 7
3 20 9
3 20 14
3 20 18
3 20 19
3 20 25
3 20 27
3 20 32
3 20 35
3 20 36
3 20 45
3 20 47
3 20 48
3 20 49
3 20 50
3 20 51
3 20 54
3 20 58
3 20 60
3 21 1
3 21 6
3 21 8
3 21 12
3 21 13
3 21 14
3 21 17
3 21 26
3 21 28
3 21 29
3 21 30
3 21 32
3 21 33
3 21 34
3 21 35
3 21 41
3 21 42
3 21 43
3 21 44
3 21 45
3 21 58
3 22 1
3 22 3
3 22 4
3 22 5
3 22 6
3 22 9
3 22 10
3 22 11
3 22 12
3 22 15
3 22 18
3 22 20
3 22 27
3 22 33
3 22 40
3 22 44
3 22 45
3 22 49
3 22 56
3 22 57
3 23 0
3 23 3
3 23 4
3 23 6
3 23 10
3 23 13
3 23 17
3 23 19
3 23 20
3 23 21
3 23 22
3 23 23
3 23 26
3 23 28
3 23 35
3 23 40
3 23 42
3 23 43
3 23 48
3 23 50
3 23 54
3 23 56
3 23 58
3 23 59
3 24 0
3 24 3
3 24 7
3 24 8
3 24 10
3 24 12
3 24 14
3 24 17
3 24 22
3 24 23
3 24 24
3 24 28
3 24 29
3 24 30
3 24 35
3 24 40
3 24 44
3 24 47
3 24 51
3 24 53
3 24 54
3 24 55
3 24 56
3 24 58
3 25 0
3 25 1
3 25 2
3 25 5
3 25 9
3 25 10
3 25 12
3 25 16
3 25 19
3 25 20
3 25 21
3 25 25
3 25 27
3 25 29
3 25 31
3 25 32
3 25 36
3 25 37
3 25 39
3 25 41
3 25 43
3 25 45
3 25 49
3 25 50
3 25 51
3 25 52
3 25 54
3 25 55
3 26 0
3 26 4
3 26 6
3 26 8
3 26 17
3 26 18
3 26 21
3 26 23
3 26 25
3 26 26
3 26 32
3 26 33
3 26 39
3 26 45
3 26 49
3 26 59
3 26 60
3 27 2
3 27 3
3 27 5
3 27 7
3 27 9
3 27 12
3 27 17
3 27 20
3 27 22
3 27 23
3 27 25
3 27 29
3 27 30
3 27 31
3 27 32
3 27 36
3 27 38
3 27 39
3 27 42
3 27 44
3 27 48
3 27 50
3 27 52
3 27 54
3 27 58
3 27 59
3 27 60
3 28 1
3 28 5
3 28 6
3 28 7
3 28 9
3 28 11
3 28 14
3 28 17
3 28 21
3 28 23
3 28 24
3 28 25
3 28 32
3 28 36
3 28 40
3 28 44
3 28 48
3 28 50
3 28 54
3 28 59
3 29 2
3 29 3
3 29 10
3 29 11
3 29 12
3 29 13
3 29 22
3 29 23
3 29 24
3 29 25
3 29 26
3 29 27
3 29 28
3 29 30
3 29 32
3 29 35
3 29 36
3 29 41
3 29 42
3 29 46
3 29 50
3 30 7
3 30 9
3 30 10
3 30 12
3 30 15
3 30 17
3 30 20
3 30 21
3 30 22
3 30 23
3 30 25
3 30 26
3 30 27
3 30 30
3 30 33
3 30 35
3 30 37
3 30 39
3 30 43
3 30 45
3 30 49
3 30 50
3 30 51
3 30 52
3 30 56
3 30 57
3 31 0
3 31 2
3 31 3
3 31 5
3 31 7
3 31 9
3 31 10
3 31 11
3 31 12
3 31 14
3 31 16
3 31 19
3 31 20
3 31 21
3 31 22
3 31 23
3 31 24
3 31 30
3 31 32
3 31 35
3 31 37
3 31 40
3 31 41
3 31 44
3 31 47
3 31 48
3 31 50
3 31 51
3 31 53
3 31 54
3 31 56
3 31 57
3 31 59
3 32 1
3 32 2
3 32 3
3 32 4
3 32 5
3 32 7
3 32 8
3 32 10
3 32 11
3 32 14
3 32 15
3 32 16
3 32 17
3 32 18
3 32 23
3 32 24
3 32 26
3 32 31
3 32 32
3 32 35
3 32 37
3 32 38
3 32 39
3 32 42
3 32 46
3 32 47
3 32 49
3 32 53
3 32 55
3 32 57
3 33 1
3 33 6
3 33 9
3 33 11
3 33 12
3 33 20
3 33 26
3 33 29
3 33 30
3 33 34
3 33 35
3 33 40
3 33 41
3 33 43
3 33 50
3 33 54
3 33 56
3 33 58
3 33 60
3 34 0
3 34 10
3 34 11
3 34 15
3 34 18
3 34 20
3 34 23
3 34 26
3 34 28
3 34 32
3 34 33
3 34 36
3 34 38
3 34 41
3 34 43
3 34 47
3 34 48
3 34 58
3 34 59
3 34 60
3 35 4
3 35 9
3 35 10
3 35 11
3 35 16
3 35 18
3 35 20
3 35 21
3 35 22
3 35 23
3 35 24
3 35 27
3 35 29
3 35 31
3 35 33
3 35 34
3 35 35
3 35 41
3 35 42
3 35 44
3 35 48
3 35 49
3 35 50
3 35 53
3 35 54
3 35 55
3 36 0
3 36 1
3 36 5
3 36 6
3 36 8
3 36 9
3 36 10
3 36 13
3 36 15
3 36 16
3 36 17
3 36 19
3 36 20
3 36 21
3 36 24
3 36 26
3 36 29
3 36 31
3 36 32
3 36 33
3 36 34
3 36 38
3 36 40
3 36 42
3 36 45
3 36 46
3 36 50
3 36 51
3 36 52
3 36 53
3 36 55
3 36 58
3 37 1
3 37 3
3 37 4
3 37 5
3 37 6
3 37 7
3 37 9
3 37 15
3 37 17
3 37 18
3 37 21
3 37 23
3 37 24
3 37 26
3 37 29
3 37 30
3 37 32
3 37 34
3 37 36
3 37 40
3 37 42
3 37 47
3 37 48
3 37 50
3 37 53
3 37 55
3 37 58
3 37 60
3 38 0
3 38 10
3 38 13
3 38 16
3 38 19
3 38 20
3 38 23
3 38 24
3 38 25
3 38 26
3 38 28
3 38 33
3 38 34
3 38 36
3 38 37
3 38 40
3 38 41
3 38 44
3 38 45
3 38 49
3 38 51
3 38 59
3 39 0
3 39 6
3 39 9
3 39 12
3 39 13
3 39 16
3 39 18
3 39 22
3 39 31
3 39 32
3 39 35
3 39 36
3 39 37
3 39 39
3 39 40
3 39 41
3 39 43
3 39 45
3 39 47
3 39 48
3 39 52
3 39 53
3 39 54
3 39 55
3 39 57
3 39 58
3 39 60
3 40 0
3 40 1
3 40 3
3 40 5
3 40 8
3 40 9
3 40 10
3 40 11
3 40 12
3 40 13
3 40 14
3 40 17
3 40 19
3 40 20
3 40 22
3 40 23
3 40 29
3 40 32
3 40 33
3 40 42
3 40 43
3 40 44
3 40 47
3 40 50
3 40 53
3 40 54
3 40 55
3 40 56
3 40 58
3 40 59
3 40 60
3 41 1
3 41 3
3 41 6
3 41 10
3 41 11
3 41 15
3 41 16
3 41 17
3 41 20
3 41 21
3 41 23
3 41 26
3 41 27
3 41 33
3 41 34
3 41 37
3 41 39
3 41 40
3 41 41
3 41 42
3 41 43
3 41 44
3 41 46
3 41 53
3 41 54
3 42 2
3 42 3
3 42 7
3 42 8
3 42 10
3 42 12
3 42 13
3 42 15
3 42 16
3 42 18
3 42 22
3 42 25
3 42 27
3 42 31
3 42 32
3 42 41
3 42 47
3 42 48
3 42 49
3 42 54
3 42 60
3 43 0
3 43 1
3 43 2
3 43 6
3 43 8
3 43 9
3 43 13
3 43 14
3 43 16
3 43 19
3 43 20
3 43 23
3 43 26
3 43 28
3 43 29
3 43 33
3 43 34
3 43 35
3 43 36
3 43 38
3 43 39
3 43 41
3 43 43
3 43 44
3 43 45
3 43 46
3 43 51
3 43 52
3 43 55
3 43 56
3 43 58
3 44 3
3 44 7
3 44 8
3 44 10
3 44 11
3 44 16
3 44 20
3 44 21
3 44 22
3 44 23
3 44 29
3 44 32
3 44 35
3 44 37
3 44 39
3 44 40
3 44 43
3 44 45
3 44 46
3 44 52
3 44 55
3 44 56
3 44 57
3 44 58
3 45 0
3 45 6
3 45 7
3 45 11
3 45 16
3 45 17
3 45 20
3 45 23
3 45 27
3 45 28
3 45 29
3 45 35
3 45 36
3 45 39
3 45 40
3 45 43
3 45 45
3 45 48
3 45 52
3 45 54
3 45 58
3 46 0
3 46 5
3 46 6
3 46 9
3 46 10
3 46 13
3 46 15
3 46 17
3 46 18
3 46 19
3 46 20
3 46 23
3 46 26
3 46 29
3 46 30
3 46 31
3 46 33
3 46 40
3 46 41
3 46 42
3 46 45
3 46 47
3 46 49
3 46 50
3 46 51
3 46 53
3 46 58
3 46 60
3 47 0
3 47 1
3 47 4
3 47 5
3 47 6
3 47 7
3 47 10
3 47 14
3 47 16
3 47 17
3 47 18
3 47 26
3 47 30
3 47 31
3 47 33
3 47 40
3 47 42
3 47 43
3 47 44
3 47 47
3 47 48
3 47 52
3 47 53
3 47 54
3 47 55
3 47 57
3 47 59
3 47 60
3 48 2
3 48 8
3 48 10
3 48 15
3 48 17
3 48 18
3 48 22
3 48 30
3 48 31
3 48 33
3 48 36
3 48 38
3 48 41
3 48 43
3 48 46
3 48 47
3 48 48
3 48 49
3 48 52
3 49 0
3 49 1
3 49 3
3 49 5
3 49 7
3 49 13
3 49 16
3 49 20
3 49 22
3 49 23
3 49 25
3 49 28
3 49 29
3 49 33
3 49 35
3 49 36
3 49 37
3 49 38
3 49 42
3 49 43
3 49 44
3 49 51
3 49 56
3 49 58
3 49 59
3 50 0
3 50 1
3 50 3
3 50 5
3 50 6
3 50 11
3 50 12
3 50 16
3 50 17
3 50 19
3 50 21
3 50 22
3 50 23
3 50 27
3 50 28
3 50 31
3 50 32
3 50 33
3 50 39
3 50 42
3 50 45
3 50 46
3 50 48
3 50 49
3 50 52
3 50 53
3 50 55
3 50 57
3 51 7
3 51 8
3 51 12
3 51 15
3 51 16
3 51 23
3 51 24
3 51 25
3 51 26
3 51 30
3 51 34
3 51 37
3 51 38
3 51 39
3 51 40
3 51 49
3 51 50
3 51 52
3 51 53
3 51 59
3 51 60
3 52 0
3 52 1
3 52 4
3 52 6
3 52 8
3 52 9
3 52 11
3 52 12
3 52 13
3 52 15
3 52 16
3 52 18
3 52 19
3 52 23
3 52 25
3 52 29
3 52 31
3 52 34
3 52 36
3 52 44
3 52 45
3 52 46
3 52 49
3 52 51
3 52 56
3 52 57
3 52 58
3 52 59
3 53 1
3 53 3
3 53 4
3 53 10
3 53 11
3 53 12
3 53 17
3 53 19
3 53 20
3 53 22
3 53 24
3 53 25
3 53 26
3 53 31
3 53 32
3 53 34
3 53 38
3 53 39
3 53 40
3 53 44
3 53 48
3 53 53
3 53 56
3 53 59
3 54 1
3 54 2
3 54 4
3 54 5
3 54 7
3 54 8
3 54 9
3 54 11
3 54 12
3 54 13
3 54 16
3 54 22
3 54 23
3 54 24
3 54 26
3 54 27
3 54 28
3 54 29
3 54 30
3 54 36
3 54 37
3 54 38
3 54 40
3 54 41
3 54 43
3 54 46
3 54 47
3 54 49
3 54 51
3 54 54
3 54 55
3 54 56
3 54 58
3 54 60
3 55 0
3 55 1
3 55 3
3 55 4
3 55 5
3 55 10
3 55 11
3 55 13
3 55 19
3 55 22
3 55 23
3 55 28
3 55 29
3 55 35
3 55 39
3 55 40
3 55 43
3 55 48
3 55 53
3 55 54
3 55 57
3 55 59
3 56 2
3 56 5
3 56 10
3 56 12
3 56 14
3 56 15
3 56 17
3 56 18
3 56 23
3 56 24
3 56 27
3 56 30
3 56 35
3 56 36
3 56 39
3 56 43
3 56 45
3 56 46
3 56 47
3 56 48
3 56 50
3 56 51
3 56 57
3 56 60
3 57 1
3 57 2
3 57 3
3 57 9
3 57 10
3 57 12
3 57 14
3 57 17
3 57 18
3 57 19
3 57 22
3 57 24
3 57 26
3 57 31
3 57 32
3 57 33
3 57 37
3 57 42
3 57 49
3 57 51
3 57 53
3 57 54
3 57 56
3 57 57
3 57 59
3 57 60
3 58 1
3 58 3
3 58 4
3 58 11
3 58 15
3 58 16
3 58 17
3 58 19
3 58 21
3 58 22
3 58 24
3 58 31
3 58 32
3 58 33
3 58 36
3 58 37
3 58 38
3 58 42
3 58 45
3 58 46
3 58 47
3 58 54
3 58 56
3 58 57
3 58 58
3 59 2
3 59 5
3 59 8
3 59 9
3 59 10
3 59 11
3 59 12
3 59 14
3 59 17
3 59 26
3 59 27
3 59 29
3 59 31
3 59 37
3 59 38
3 59 39
3 59 40
3 59 42
3 59 45
3 59 46
3 59 49
3 59 57
3 59 58
3 59 59
3 60 0
3 60 1
3 60 2
3 60 3
3 60 4
3 60 6
3 60 8
3 60 9
3 60 12
3 60 17
3 60 18
3 60 21
3 60 22
3 60 23
3 60 24
3 60 25
3 60 26
3 60 27
3 60 36
3 60 39
3 60 40
3 60 44
3 60 46
3 60 47
3 60 50
3 60 53
3 60 59
3 61 1
3 61 3
3 61 7
3 61 9
3 61 13
3 61 14
3 61 18
3 61 25
3 61 27
3 61 28
3 61 38
3 61 43
3 61 44
3 61 46
3 61 49
3 61 50
3 61 56
3 62 2
3 62 3
3 62 10
3 62 11
3 62 12
3 62 14
3 62 26
3 62 27
3 62 29
3 62 30
3 62 35
3 62 38
3 62 39
3 62 45
3 62 46
3 62 48
3 62 51
3 62 52
3 62 55
3 62 58
3 62 60
3 63 0
3 63 1
3 63 5
3 63 10
3 63 12
3 63 20
3 63 21
3 63 24
3 63 25
3 63 27
3 63 28
3 63 29
3 63 31
3 63 32
3 63 33
3 63 34
3 63 37
3 63 43
3 63 44
3 63 45
3 63 46
3 63 48
3 63 50
3 63 51
3 63 58
3 63 60
3 64 0
3 64 2
3 64 6
3 64 16
3 64 18
3 64 19
3 64 26
3 64 27
3 64 33
3 64 36
3 64 40
3 64 42
3 64 43
3 64 44
3 64 46
3 64 48
3 64 49
3 64 51
3 64 53
3 64 59
3 64 60
3 65 1
3 65 4
3 65 5
3 65 6
3 65 7
3 65 9
3 65 11
3 65 16
3 65 20
3 65 21
3 65 24
3 65 26
3 65 30
3 65 40
3 65 43
3 65 53
3 65 55
3 65 59
3 66 4
3 66 7
3 66 8
3 66 13
3 66 14
3 66 16
3 66 18
3 66 19
3 66 20
3 66 21
3 66 22
3 66 24
3 66 28
3 66 29
3 66 31
3 66 33
3 66 34
3 66 38
3 66 39
3 66 42
3 66 44
3 66 45
3 66 49
3 66 52
3 66 53
3 66 55
3 67 2
3 67 12
3 67 13
3 67 18
3 67 19
3 67 20
3 67 21
3 67 22
3 67 23
3 67 30
3 67 35
3 67 36
3 67 39
3 67 40
3 67 42
3 67 44
3 67 45
3 67 48
3 67 50
3 67 52
3 67 54
3 67 55
3 67 60
3 68 1
3 68 2
3 68 6
3 68 7
3 68 8
3 68 10
3 68 11
3 68 14
3 68 18
3 68 21
3 68 22
3 68 23
3 68 24
3 68 26
3 68 28
3 68 30
3 68 31
3 68 32
3 68 33
3 68 34
3 68 35
3 68 37
3 68 38
3 68 39
3 68 43
3 68 44
3 68 46
3 68 49
3 68 51
3 68 52
3 68 55
3 68 59
3 69 1
3 69 2
3 69 4
3 69 6
3 69 13
3 69 14
3 69 15
3 69 16
3 69 17
3 69 20
3 69 21
3 69 30
3 69 31
3 69 36
3 69 44
3 69 45
3 69 46
3 69 49
3 69 51
3 69 54
3 69 55
3 70 0
3 70 2
3 70 7
3 70 9
3 70 13
3 70 14
3 70 19
3 70 22
3 70 24
3 70 26
3 70 28
3 70 31
3 70 32
3 70 33
3 70 39
3 70 42
3 70 43
3 70 44
3 70 45
3 70 51
3 70 54
3 70 55
3 70 56
3 70 58
3 70 60
3 71 0
3 71 3
3 71 7
3 71 9
3 71 10
3 71 13
3 71 14
3 71 20
3 71 22
3 71 25
3 71 28
3 71 30
3 71 32
3 71 33
3 71 34
3 71 38
3 71 39
3 71 41
3 71 42
3 71 43
3 71 44
3 71 47
3 71 48
3 71 55
3 71 56
3 71 57
3 71 58
3 71 59
3 72 3
3 72 5
3 72 6
3 72 9
3 72 10
3 72 12
3 72 13
3 72 17
3 72 21
3 72 22
3 72 24
3 72 29
3 72 35
3 72 38
3 72 39
3 72 42
3 72 46
3 72 50
3 72 51
3 72 56
3 72 57
3 72 58
3 73 1
3 73 3
3 73 9
3 73 11
3 73 12
3 73 14
3 73 15
3 73 16
3 73 18
3 73 20
3 73 24
3 73 26
3 73 27
3 73 28
3 73 32
3 73 33
3 73 34
3 73 36
3 73 40
3 73 44
3 73 45
3 73 49
3 73 57
3 73 59
3 74 0
3 74 2
3 74 4
3 74 5
3 74 12
3 74 15
3 74 20
3 74 21
3 74 24
3 74 27
3 74 30
3 74 31
3 74 32
3 74 33
3 74 35
3 74 36
3 74 38
3 74 41
3 74 42
3 74 44
3 74 45
3 74 47
3 74 48
3 74 50
3 74 51
3 74 54
3 74 56
3 74 59
3 75 1
3 75 5
3 75 8
3 75 12
3 75 14
3 75 16
3 75 18
3 75 20
3 75 23
3 75 28
3 75 37
3 75 44
3 75 49
3 75 50
3 75 51
3 75 54
3 75 55
3 75 57
3 75 58
3 75 60
3 76 2
3 76 7
3 76 10
3 76 12
3 76 14
3 76 17
3 76 20
3 76 24
3 76 25
3 76 27
3 76 28
3 76 32
3 76 36
3 76 42
3 76 46
3 76 49
3 76 50
3 76 52
3 76 55
3 76 56
3 76 58
3 77 0
3 77 9
3 77 13
3 77 17
3 77 18
3 77 24
3 77 28
3 77 29
3 77 30
3 77 32
3 77 33
3 77 40
3 77 46
3 77 47
3 77 48
3 77 53
3 77 56
3 78 1
3 78 5
3 78 9
3 78 10
3 78 11
3 78 12
3 78 13
3 78 14
3 78 19
3 78 24
3 78 28
3 78 29
3 78 30
3 78 33
3 78 34
3 78 35
3 78 39
3 78 42
3 78 45
3 78 47
3 78 48
3 78 49
3 78 58
3 79 2
3 79 3
3 79 4
3 79 8
3 79 10
3 79 11
3 79 13
3 79 14
3 79 15
3 79 16
3 79 17
3 79 19
3 79 23
3 79 25
3 79 26
3 79 32
3 79 38
3 79 41
3 79 42
3 79 48
3 79 50
3 79 51
3 79 52
3 79 57
3 79 58
3 79 60
3 80 1
3 80 2
3 80 5
3 80 8
3 80 12
3 80 17
3 80 24
3 80 29
3 80 30
3 80 33
3 80 34
3 80 38
3 80 45
3 80 46
3 80 49
3 80 50
3 80 53
3 80 54
3 80 55
3 81 0
3 81 1
3 81 6
3 81 9
3 81 11
3 81 12
3 81 18
3 81 22
3 81 26
3 81 30
3 81 36
3 81 37
3 81 38
3 81 39
3 81 42
3 81 47
3 81 50
3 81 52
3 81 58
3 82 1
3 82 4
3 82 5
3 82 6
3 82 8
3 82 10
3 82 11
3 82 13
3 82 14
3 82 19
3 82 20
3 82 24
3 82 26
3 82 31
3 82 34
3 82 37
3 82 38
3 82 39
3 82 45
3 82 49
3 82 50
3 82 51
3 82 55
3 82 58
3 82 59
3 83 0
3 83 1
3 83 5
3 83 6
3 83 9
3 83 11
3 83 12
3 83 15
3 83 17
3 83 19
3 83 20
3 83 21
3 83 23
3 83 29
3 83 31
3 83 33
3 83 34
3 83 35
3 83 36
3 83 37
3 83 39
3 83 40
3 83 41
3 83 42
3 83 44
3 83 48
3 83 53
3 83 60
3 84 9
3 84 12
3 84 13
3 84 20
3 84 22
3 84 23
3 84 27
3 84 30
3 84 31
3 84 32
3 84 37
3 84 38
3 84 42
3 84 44
3 84 49
3 84 52
3 84 55
3 84 56
3 84 57
3 84 58
3 84 59
3 84 60
3 85 0
3 85 1
3 85 2
3 85 12
3 85 13
3 85 19
3 85 20
3 85 22
3 85 25
3 85 30
3 85 31
3 85 32
3 85 33
3 85 34
3 85 37
3 85 39
3 85 40
3 85 41
3 85 43
3 85 49
3 85 54
3 85 57
3 85 58
3 85 59
3 86 0
3 86 3
3 86 4
3 86 5
3 86 7
3 86 8
3 86 9
3 86 11
3 86 12
3 86 14
3 86 17
3 86 20
3 86 21
3 86 22
3 86 23
3 86 26
3 86 28
3 86 29
3 86 31
3 86 34
3 86 39
3 86 40
3 86 41
3 86 47
3 86 48
3 86 51
3 86 54
3 86 55
3 86 56
3 86 57
3 86 58
3 87 1
3 87 2
3 87 3
3 87 4
3 87 5
3 87 11
3 87 16
3 87 17
3 87 18
3 87 20
3 87 21
3 87 23
3 87 25
3 87 26
3 87 27
3 87 28
3 87 30
3 87 32
3 87 33
3 87 37
3 87 39
3 87 41
3 87 45
3 87 46
3 87 48
3 87 50
3 87 52
3 87 53
3 87 54
3 87 55
3 87 59
3 88 4
3 88 5
3 88 6
3 88 8
3 88 11
3 88 13
3 88 16
3 88 17
3 88 18
3 88 21
3 88 24
3 88 29
3 88 32
3 88 38
3 88 41
3 88 48
3 88 49
3 88 51
3 88 52
3 88 55
3 88 56
3 88 58
3 89 1
3 89 12
3 89 14
3 89 17
3 89 19
3 89 20
3 89 22
3 89 23
3 89 25
3 89 26
3 89 27
3 89 33
3 89 34
3 89 42
3 89 45
3 89 48
3 89 50
3 89 57
3 89 58
3 89 60
3 90 0
3 90 2
3 90 3
3 90 4
3 90 6
3 90 12
3 90 13
3 90 16
3 90 18
3 90 19
3 90 20
3 90 22
3 90 24
3 90 28
3 90 29
3 90 30
3 90 44
3 90 45
3 90 50
3 91 5
3 91 6
3 91 7
3 91 10
3 91 13
3 91 15
3 91 19
3 91 21
3 91 22
3 91 23
3 91 24
3 91 26
3 91 28
3 91 29
3 91 31
3 91 32
3 91 39
3 91 42
3 91 43
3 91 44
3 91 45
3 91 46
3 91 49
3 91 55
3 91 57
3 92 1
3 92 2
3 92 3
3 92 7
3 92 10
3 92 11
3 92 13
3 92 15
3 92 22
3 92 24
3 92 29
3 92 31
3 92 32
3 92 33
3 92 40
3 92 43
3 92 47
3 92 51
3 92 52
3 92 53
3 92 54
3 92 59
3 93 0
3 93 1
3 93 3
3 93 5
3 93 7
3 93 9
3 93 16
3 93 18
3 93 19
3 93 21
3 93 23
3 93 24
3 93 28
3 93 30
3 93 42
3 93 43
3 93 44
3 93 45
3 93 46
3 93 50
3 93 60
3 94 0
3 94 2
3 94 3
3 94 4
3 94 5
3 94 8
3 94 9
3 94 12
3 94 15
3 94 16
3 94 18
3 94 20
3 94 21
3 94 22
3 94 23
3 94 27
3 94 30
3 94 34
3 94 36
3 94 38
3 94 39
3 94 40
3 94 43
3 94 47
3 94 53
3 94 54
3 94 56
3 94 57
3 94 58
3 94 60
3 95 0
3 95 1
3 95 5
3 95 8
3 95 11
3 95 13
3 95 14
3 95 17
3 95 19
3 95 21
3 95 25
3 95 28
3 95 30
3 95 34
3 95 37
3 95 39
3 95 44
3 95 53
3 95 59
3 96 4
3 96 5
3 96 7
3 96 10
3 96 14
3 96 18
3 96 20
3 96 22
3 96 23
3 96 26
3 96 29
3 96 31
3 96 33
3 96 34
3 96 35
3 96 38
3 96 40
3 96 44
3 96 48
3 96 49
3 96 53
3 96 59
3 97 5
3 97 9
3 97 10
3 97 20
3 97 21
3 97 23
3 97 24
3 97 30
3 97 32
3 97 35
3 97 36
3 97 37
3 97 39
3 97 43
3 97 46
3 97 47
3 97 49
3 97 51
3 97 53
3 97 55
3 98 4
3 98 5
3 98 10
3 98 11
3 98 13
3 98 15
3 98 18
3 98 19
3 98 21
3 98 22
3 98 26
3 98 30
3 98 31
3 98 34
3 98 35
3 98 37
3 98 42
3 98 45
3 98 51
3 98 52
3 98 54
3 98 57
3 98 58
3 98 59
3 99 1
3 99 2
3 99 6
3 99 8
3 99 11
3 99 15
3 99 16
3 99 17
3 99 18
3 99 19
3 99 22
3 99 25
3 99 28
3 99 33
3 99 36
3 99 39
3 99 41
3 99 43
3 99 46
3 99 50
3 99 51
3 99 52
3 99 53
3 99 55
3 99 59
3 99 60