1119
7
23 10 7 11 32 29 108
2394

0 0 0 0 0 0 0 0 0 0 0 0 0 0 0 0 920 1016 0 0 0 0 0
0 0 11 0 0 75 0 944 0 0
0 0 0 221 0 398 0
0 0 0 0 0 51 0 0 0 0 0
0 0 0 0 0 957 999 357 0 0 765 463 0 280 0 0 0 0 0 0 0 0 0 0 63 0 0 0 0 0 0 0
0 0 0 0 0 0 0 327 0 0 135 0 0 0 0 0 0 0 0 0 861 0 668 0 23 0 0 0 0
260 0 0 0 0 0 641 187 710 0 0 0 0 302 0 0 0 0 0 0 0 887 0 0 122 0 0 0 0 0 0 0 0 0 495 0 0 0 0 873 0 0 0 178 0 0 0 0 0 0 0 0 0 0 0 0 0 0 33 0 0 0 0 0 0 0 0 0 0 0 559 0 0 931 0 0 0 0 0 0 541 0 0 0 692 0 799 0 0 0 0 762 0 0 0 0 0 0 0 0 0 0 62 0 0 0 0 631

0 0 0
0 0 1
0 0 3
0 0 4
0 0 5
0 0 6
0 0 9
0 1 1
0 1 2
0 1 5
0 1 6
0 1 7
0 2 0
0 2 6
0 2 9
0 3 0
0 3 2
0 3 4
0 4 2
0 4 3
0 4 4
0 4 5
0 4 7
0 4 9
0 5 0
0 5 1
0 5 2
0 5 4
0 5 6
0 5 7
0 5 9
0 6 2
0 6 3
0 6 5
0 6 7
0 6 8
0 6 9
0 7 1
0 7 6
0 8 0
0 8 2
0 8 3
0 8 5
0 8 6
0 8 7
0 8 8
0 8 9
0 9 4
0 9 5
0 9 6
0 9 9
0 10 1
0 10 2
0 10 5
0 10 6
0 10 8
0 10 9
0 11 0
0 11 2
0 11 3
0 11 6
0 11 7
0 11 8
0 12 1
0 12 9
0 13 0
0 13 2
0 13 5
0 13 7
0 13 8
0 14 1
0 14 3
0 14 4
0 14 5
0 14 6
0 14 7
0 14 9
0 15 2
0 15 6
0 15 7
0 16 1
0 16 3
0 16 4
0 17 0
0 17 1
0 17 2
0 18 0
0 18 2
0 18 3
0 18 4
0 18 6
0 18 7
0 18 8
0 18 9
0 19 0
0 19 1
0 19 3
0 19 4
0 19 8
0 20 2
0 20 3
0 20 4
0 21 1
0 21 2
0 21 4
0 21 6
0 21 8
0 21 9
0 22 0
0 22 1
0 22 2
0 22 4
0 22 7
0 22 9
1 0 3
1 0 6
1 1 3
1 1 4
1 2 1
1 2 2
1 2 3
1 2 4
1 3 1
1 4 1
1 4 4
1 4 6
1 5 3
1 5 4
1 5 5
1 5 6
1 6 0
1 6 1
1 6 3
1 6 6
1 7 1
1 7 2
1 7 3
1 7 6
1 8 2
1 8 3
1 8 5
1 8 6
1 9 0
1 9 3
1 9 6
2 0 2
2 0 3
2 0 4
2 0 6
2 1 2
2 1 3
2 1 4
2 1 6
2 1 8
2 1 9
2 2 1
2 2 3
2 2 4
2 2 6
2 2 7
2 2 8
2 3 3
2 3 5
2 4 1
2 4 8
2 4 9
2 5 0
2 5 1
2 5 4
2 5 5
2 5 6
2 5 7
2 5 8
2 6 1
2 6 4
2 6 6
2 6 7
2 6 9
3 0 3
3 0 4
3 0 5
3 0 10
3 0 11
3 0 13
3 0 16
3 0 20
3 0 23
3 0 24
3 0 26
3 0 30
3 1 2
3 1 4
3 1 7
3 1 11
3 1 17
3 1 18
3 1 19
3 1 20
3 1 25
3 1 28
3 1 30
3 1 31
3 2 0
3 2 2
3 2 4
3 2 6
3 2 8
3 2 9
3 2 13
3 2 15
3 2 16
3 2 17
3 2 18
3 2 20
3 2 21
3 2 24
3 2 26
3 2 27
3 2 29
3 2 30
3 2 31
3 3 0
3 3 1
3 3 2
3 3 5
3 3 8
3 3 9
3 3 10
3 3 11
3 3 12
3 3 14
3 3 23
3 3 25
3 3 26
3 4 2
3 4 4
3 4 6
3 4 7
3 4 8
3 4 9
3 4 12
3 4 15
3 4 16
3 4 21
3 4 22
3 4 23
3 4 24
3 4 25
3 4 26
3 4 29
3 4 30
3 4 31
3 5 2
3 5 3
3 5 5
3 5 6
3 5 7
3 5 8
3 5 9
3 5 11
3 5 14
3 5 15
3 5 17
3 5 18
3 5 20
3 5 24
3 5 26
3 5 31
3 6 0
3 6 3
3 6 4
3 6 5
3 6 6
3 6 8
3 6 10
3 6 11
3 6 12
3 6 13
3 6 15
3 6 17
3 6 20
3 6 22
3 6 25
3 6 26
3 6 28
3 6 29
3 6 30
3 6 31
3 7 1
3 7 3
3 7 9
3 7 12
3 7 13
3 7 14
3 7 15
3 7 17
3 7 19
3 7 20
3 7 21
3 7 23
3 7 27
3 7 28
3 8 0
3 8 3
3 8 5
3 8 6
3 8 9
3 8 10
3 8 13
3 8 14
3 8 17
3 8 18
3 8 19
3 8 21
3 8 23
3 8 24
3 8 25
3 8 27
3 9 3
3 9 4
3 9 5
3 9 7
3 9 8
3 9 9
3 9 10
3 9 11
3 9 13
3 9 14
3 9 16
3 9 17
3 9 21
3 9 22
3 9 24
3 9 25
3 9 27
3 9 28
3 9 29
3 9 31
3 10 2
3 10 10
3 10 12
3 10 13
3 10 14
3 10 18
3 10 19
3 10 21
3 10 22
3 10 23
3 10 27
3 10 30
4 0 5
4 0 6
4 0 7
4 0 8
4 0 9
4 0 10
4 0 12
4 0 17
4 0 18
4 0 19
4 0 20
4 0 21
4 0 24
4 0 27
4 1 0
4 1 1
4 1 4
4 1 5
4 1 6
4 1 13
4 1 15
4 1 18
4 1 20
4 1 23
4 1 25
4 1 26
4 1 28
4 2 1
4 2 4
4 2 5
4 2 8
4 2 11
4 2 12
4 2 13
4 2 14
4 2 15
4 2 16
4 2 21
4 2 23
4 2 24
4 2 27
4 2 28
4 3 0
4 3 1
4 3 2
4 3 4
4 3 6
4 3 7
4 3 8
4 3 9
4 3 11
4 3 12
4 3 13
4 3 14
4 3 15
4 3 16
4 3 17
4 3 18
4 3 20
4 3 21
4 3 22
4 3 23
4 3 27
4 3 28
4 4 1
4 4 2
4 4 5
4 4 9
4 4 10
4 4 11
4 4 13
4 4 18
4 4 21
4 4 22
4 4 24
4 4 25
4 4 27
4 5 1
4 5 3
4 5 4
4 5 7
4 5 10
4 5 12
4 5 13
4 5 14
4 5 16
4 5 17
4 5 18
4 5 20
4 5 23
4 5 24
4 5 27
4 6 0
4 6 4
4 6 5
4 6 7
4 6 8
4 6 10
4 6 15
4 6 16
4 6 17
4 6 18
4 6 26
4 7 3
4 7 5
4 7 7
4 7 9
4 7 10
4 7 12
4 7 17
4 7 20
4 7 23
4 7 24
4 7 27
4 8 0
4 8 4
4 8 5
4 8 6
4 8 7
4 8 8
4 8 9
4 8 11
4 8 13
4 8 16
4 8 18
4 8 19
4 8 22
4 8 24
4 8 27
4 9 1
4 9 3
4 9 4
4 9 5
4 9 7
4 9 8
4 9 9
4 9 10
4 9 11
4 9 14
4 9 16
4 9 18
4 9 20
4 9 22
4 9 24
4 9 25
4 9 26
4 9 27
4 9 28
4 10 1
4 10 2
4 10 4
4 10 5
4 10 8
4 10 10
4 10 13
4 10 15
4 10 17
4 10 18
4 10 21
4 10 22
4 10 25
4 10 27
4 10 28
4 11 0
4 11 1
4 11 4
4 11 8
4 11 17
4 11 21
4 11 22
4 11 23
4 11 25
4 11 27
4 11 28
4 12 0
4 12 7
4 12 9
4 12 10
4 12 12
4 12 13
4 12 16
4 12 17
4 12 21
4 12 24
4 12 26
4 12 28
4 13 0
4 13 2
4 13 3
4 13 4
4 13 5
4 13 6
4 13 7
4 13 10
4 13 14
4 13 15
4 13 23
4 13 24
4 13 27
4 13 28
4 14 3
4 14 5
4 14 7
4 14 8
4 14 9
4 14 10
4 14 13
4 14 14
4 14 15
4 14 18
4 14 21
4 14 22
4 14 23
4 14 25
4 14 26
4 14 27
4 15 0
4 15 2
4 15 5
4 15 12
4 15 13
4 15 14
4 15 16
4 15 17
4 15 18
4 15 19
4 15 21
4 15 22
4 15 23
4 15 24
4 15 27
4 15 28
4 16 4
4 16 6
4 16 9
4 16 11
4 16 13
4 16 15
4 16 16
4 16 17
4 16 18
4 16 19
4 16 20
4 16 21
4 16 23
4 16 25
4 16 27
4 17 0
4 17 6
4 17 7
4 17 9
4 17 10
4 17 11
4 17 13
4 17 16
4 17 17
4 17 18
4 17 19
4 17 22
4 17 23
4 17 24
4 17 26
4 17 27
4 18 5
4 18 6
4 18 7
4 18 8
4 18 9
4 18 15
4 18 16
4 18 17
4 18 18
4 18 21
4 18 22
4 18 23
4 18 25
4 18 26
4 18 28
4 19 0
4 19 3
4 19 5
4 19 6
4 19 7
4 19 9
4 19 14
4 19 18
4 19 19
4 19 20
4 19 21
4 19 23
4 19 24
4 19 27
4 20 0
4 20 1
4 20 3
4 20 10
4 20 12
4 20 13
4 20 19
4 20 20
4 20 27
4 20 28
4 21 0
4 21 4
4 21 6
4 21 7
4 21 9
4 21 12
4 21 13
4 21 15
4 21 16
4 21 19
4 21 21
4 21 22
4 21 24
4 21 25
4 21 27
4 21 28
4 22 1
4 22 2
4 22 5
4 22 7
4 22 8
4 22 9
4 22 10
4 22 11
4 22 12
4 22 13
4 22 21
4 22 26
4 22 27
4 22 28
4 23 1
4 23 3
4 23 5
4 23 7
4 23 8
4 23 9
4 23 10
4 23 11
4 23 15
4 23 16
4 23 17
4 23 18
4 23 22
4 23 23
4 23 24
4 23 25
4 24 1
4 24 2
4 24 6
4 24 8
4 24 13
4 24 14
4 24 15
4 24 16
4 24 19
4 24 20
4 24 23
4 24 24
4 24 25
4 24 27
4 24 28
4 25 1
4 25 3
4 25 6
4 25 9
4 25 11
4 25 14
4 25 16
4 25 17
4 25 18
4 25 22
4 25 23
4 25 28
4 26 0
4 26 1
4 26 3
4 26 4
4 26 6
4 26 9
4 26 10
4 26 12
4 26 13
4 26 15
4 26 17
4 26 18
4 26 19
4 26 20
4 26 21
4 26 22
4 26 25
4 26 26
4 26 27
4 26 28
4 27 1
4 27 4
4 27 7
4 27 8
4 27 9
4 27 10
4 27 11
4 27 20
4 27 23
4 27 24
4 28 0
4 28 3
4 28 4
4 28 7
4 28 9
4 28 10
4 28 12
4 28 13
4 28 14
4 28 15
4 28 17
4 28 19
4 28 20
4 28 24
4 28 25
4 28 26
4 28 27
4 29 0
4 29 1
4 29 2
4 29 4
4 29 6
4 29 7
4 29 8
4 29 9
4 29 10
4 29 12
4 29 13
4 29 14
4 29 16
4 29 18
4 29 19
4 29 21
4 29 22
4 29 25
4 29 26
4 30 0
4 30 2
4 30 8
4 30 10
4 30 11
4 30 12
4 30 13
4 30 15
4 30 16
4 30 19
4 30 21
4 30 22
4 30 23
4 30 24
4 30 25
4 30 27
4 31 4
4 31 6
4 31 7
4 31 8
4 31 12
4 31 13
4 31 14
4 31 15
4 31 17
4 31 18
4 31 25
4 31 26
4 31 27
5 0 1
5 0 2
5 0 5
5 0 11
5 0 12
5 0 13
5 0 14
5 0 16
5 0 17
5 0 19
5 0 20
5 0 21
5 0 25
5 0 26
5 0 27
5 0 28
5 0 33
5 0 34
5 0 35
5 0 37
5 0 39
5 0 40
5 0 44
5 0 45
5 0 46
5 0 50
5 0 52
5 0 53
5 0 54
5 0 56
5 0 58
5 0 60
5 0 64
5 0 65
5 0 66
5 0 67
5 0 68
5 0 71
5 0 76
5 0 77
5 0 81
5 0 83
5 0 84
5 0 85
5 0 86
5 0 87
5 0 88
5 0 89
5 0 90
5 0 92
5 0 93
5 0 96
5 0 98
5 0 99
5 0 100
5 0 103
5 0 104
5 0 107
5 1 0
5 1 1
5 1 3
5 1 6
5 1 11
5 1 12
5 1 13
5 1 15
5 1 19
5 1 24
5 1 25
5 1 27
5 1 28
5 1 30
5 1 31
5 1 34
5 1 35
5 1 36
5 1 38
5 1 39
5 1 40
5 1 42
5 1 43
5 1 46
5 1 47
5 1 48
5 1 49
5 1 50
5 1 52
5 1 54
5 1 55
5 1 60
5 1 62
5 1 63
5 1 64
5 1 67
5 1 70
5 1 72
5 1 73
5 1 75
5 1 77
5 1 78
5 1 80
5 1 85
5 1 86
5 1 94
5 1 98
5 1 100
5 1 103
5 1 105
5 2 0
5 2 1
5 2 5
5 2 7
5 2 9
5 2 11
5 2 12
5 2 13
5 2 14
5 2 15
5 2 16
5 2 19
5 2 21
5 2 22
5 2 23
5 2 24
5 2 28
5 2 30
5 2 31
5 2 33
5 2 34
5 2 37
5 2 38
5 2 39
5 2 41
5 2 42
5 2 43
5 2 45
5 2 46
5 2 48
5 2 51
5 2 52
5 2 53
5 2 55
5 2 56
5 2 57
5 2 61
5 2 62
5 2 63
5 2 64
5 2 65
5 2 66
5 2 68
5 2 71
5 2 72
5 2 73
5 2 74
5 2 76
5 2 77
5 2 82
5 2 83
5 2 84
5 2 86
5 2 87
5 2 88
5 2 90
5 2 93
5 2 95
5 2 97
5 2 99
5 2 100
5 2 103
5 2 104
5 2 105
5 2 106
5 3 0
5 3 2
5 3 6
5 3 11
5 3 14
5 3 15
5 3 17
5 3 20
5 3 22
5 3 23
5 3 24
5 3 33
5 3 35
5 3 36
5 3 37
5 3 39
5 3 40
5 3 41
5 3 44
5 3 46
5 3 48
5 3 50
5 3 51
5 3 52
5 3 54
5 3 56
5 3 57
5 3 59
5 3 64
5 3 65
5 3 66
5 3 67
5 3 73
5 3 74
5 3 75
5 3 80
5 3 83
5 3 84
5 3 85
5 3 86
5 3 87
5 3 88
5 3 89
5 3 90
5 3 92
5 3 93
5 3 94
5 3 95
5 3 104
5 3 105
5 3 106
5 4 0
5 4 1
5 4 2
5 4 5
5 4 7
5 4 10
5 4 11
5 4 16
5 4 17
5 4 21
5 4 25
5 4 26
5 4 28
5 4 30
5 4 31
5 4 35
5 4 36
5 4 40
5 4 41
5 4 42
5 4 43
5 4 46
5 4 47
5 4 48
5 4 53
5 4 58
5 4 59
5 4 62
5 4 63
5 4 64
5 4 65
5 4 69
5 4 70
5 4 71
5 4 77
5 4 78
5 4 82
5 4 83
5 4 84
5 4 85
5 4 86
5 4 88
5 4 91
5 4 93
5 4 94
5 4 97
5 4 98
5 4 100
5 4 105
5 4 106
5 5 1
5 5 3
5 5 4
5 5 8
5 5 9
5 5 10
5 5 14
5 5 15
5 5 17
5 5 18
5 5 24
5 5 25
5 5 28
5 5 31
5 5 32
5 5 35
5 5 39
5 5 40
5 5 41
5 5 42
5 5 48
5 5 53
5 5 54
5 5 58
5 5 59
5 5 61
5 5 65
5 5 66
5 5 69
5 5 71
5 5 72
5 5 73
5 5 74
5 5 76
5 5 78
5 5 80
5 5 82
5 5 87
5 5 89
5 5 92
5 5 93
5 5 94
5 5 95
5 5 96
5 5 97
5 5 101
5 5 104
5 5 106
5 6 0
5 6 1
5 6 2
5 6 3
5 6 7
5 6 8
5 6 11
5 6 14
5 6 16
5 6 17
5 6 19
5 6 20
5 6 21
5 6 23
5 6 25
5 6 26
5 6 28
5 6 29
5 6 30
5 6 32
5 6 33
5 6 35
5 6 40
5 6 41
5 6 42
5 6 43
5 6 47
5 6 51
5 6 54
5 6 64
5 6 72
5 6 73
5 6 74
5 6 78
5 6 79
5 6 80
5 6 83
5 6 88
5 6 89
5 6 90
5 6 91
5 6 92
5 6 93
5 6 95
5 6 98
5 6 100
5 6 102
5 6 103
5 6 106
5 6 107
5 7 1
5 7 3
5 7 4
5 7 5
5 7 7
5 7 9
5 7 10
5 7 13
5 7 15
5 7 18
5 7 21
5 7 22
5 7 27
5 7 28
5 7 30
5 7 31
5 7 33
5 7 34
5 7 41
5 7 43
5 7 45
5 7 46
5 7 48
5 7 49
5 7 50
5 7 51
5 7 53
5 7 55
5 7 56
5 7 57
5 7 58
5 7 59
5 7 63
5 7 64
5 7 66
5 7 68
5 7 71
5 7 72
5 7 74
5 7 75
5 7 76
5 7 77
5 7 79
5 7 80
5 7 81
5 7 82
5 7 83
5 7 85
5 7 88
5 7 89
5 7 90
5 7 91
5 7 92
5 7 93
5 7 96
5 7 97
5 7 99
5 7 101
5 7 102
5 7 104
5 7 106
5 7 107
5 8 3
5 8 5
5 8 7
5 8 8
5 8 10
5 8 11
5 8 14
5 8 15
5 8 17
5 8 18
5 8 19
5 8 21
5 8 22
5 8 24
5 8 25
5 8 27
5 8 29
5 8 35
5 8 39
5 8 41
5 8 42
5 8 43
5 8 45
5 8 47
5 8 48
5 8 49
5 8 50
5 8 53
5 8 54
5 8 56
5 8 59
5 8 60
5 8 61
5 8 63
5 8 64
5 8 68
5 8 70
5 8 74
5 8 76
5 8 78
5 8 80
5 8 81
5 8 83
5 8 84
5 8 87
5 8 89
5 8 90
5 8 91
5 8 92
5 8 93
5 8 94
5 8 97
5 8 98
5 8 100
5 8 101
5 8 102
5 8 104
5 8 105
5 8 106
5 8 107
5 9 3
5 9 4
5 9 6
5 9 7
5 9 10
5 9 13
5 9 14
5 9 15
5 9 16
5 9 17
5 9 18
5 9 19
5 9 21
5 9 22
5 9 28
5 9 30
5 9 31
5 9 34
5 9 37
5 9 39
5 9 41
5 9 44
5 9 46
5 9 47
5 9 48
5 9 51
5 9 54
5 9 55
5 9 56
5 9 57
5 9 58
5 9 62
5 9 63
5 9 64
5 9 65
5 9 66
5 9 72
5 9 77
5 9 78
5 9 80
5 9 82
5 9 84
5 9 86
5 9 87
5 9 88
5 9 90
5 9 91
5 9 92
5 9 96
5 9 98
5 9 99
5 9 101
5 9 102
5 9 104
5 9 105
5 9 106
5 10 3
5 10 4
5 10 5
5 10 6
5 10 7
5 10 9
5 10 11
5 10 15
5 10 19
5 10 22
5 10 27
5 10 30
5 10 32
5 10 34
5 10 35
5 10 38
5 10 39
5 10 43
5 10 45
5 10 48
5 10 49
5 10 51
5 10 52
5 10 55
5 10 56
5 10 57
5 10 58
5 10 59
5 10 61
5 10 62
5 10 63
5 10 65
5 10 67
5 10 68
5 10 69
5 10 70
5 10 72
5 10 74
5 10 76
5 10 78
5 10 80
5 10 81
5 10 82
5 10 83
5 10 84
5 10 85
5 10 86
5 10 87
5 10 89
5 10 90
5 10 92
5 10 93
5 10 94
5 10 95
5 10 96
5 10 97
5 10 98
5 10 102
5 10 104
5 10 106
5 10 107
5 11 1
5 11 3
5 11 4
5 11 5
5 11 8
5 11 10
5 11 12
5 11 14
5 11 16
5 11 17
5 11 18
5 11 19
5 11 20
5 11 24
5 11 28
5 11 29
5 11 31
5 11 34
5 11 36
5 11 40
5 11 41
5 11 42
5 11 43
5 11 44
5 11 47
5 11 48
5 11 49
5 11 50
5 11 56
5 11 58
5 11 59
5 11 60
5 11 63
5 11 66
5 11 67
5 11 68
5 11 69
5 11 70
5 11 71
5 11 72
5 11 74
5 11 76
5 11 78
5 11 79
5 11 80
5 11 81
5 11 83
5 11 85
5 11 89
5 11 91
5 11 93
5 11 96
5 11 98
5 11 100
5 11 101
5 11 103
5 11 104
5 11 105
5 11 106
5 11 107
5 12 3
5 12 6
5 12 8
5 12 9
5 12 13
5 12 17
5 12 19
5 12 21
5 12 22
5 12 23
5 12 26
5 12 27
5 12 32
5 12 33
5 12 34
5 12 36
5 12 37
5 12 38
5 12 39
5 12 40
5 12 41
5 12 42
5 12 43
5 12 44
5 12 45
5 12 47
5 12 49
5 12 51
5 12 53
5 12 55
5 12 56
5 12 57
5 12 58
5 12 59
5 12 60
5 12 62
5 12 65
5 12 68
5 12 70
5 12 71
5 12 73
5 12 74
5 12 76
5 12 77
5 12 78
5 12 79
5 12 80
5 12 81
5 12 83
5 12 84
5 12 85
5 12 89
5 12 91
5 12 92
5 12 93
5 12 94
5 12 95
5 12 96
5 12 99
5 12 100
5 12 101
5 12 104
5 12 105
5 12 106
5 13 0
5 13 1
5 13 3
5 13 4
5 13 6
5 13 9
5 13 13
5 13 14
5 13 15
5 13 16
5 13 18
5 13 20
5 13 21
5 13 22
5 13 24
5 13 27
5 13 30
5 13 35
5 13 36
5 13 37
5 13 38
5 13 39
5 13 43
5 13 47
5 13 51
5 13 54
5 13 58
5 13 59
5 13 62
5 13 64
5 13 66
5 13 68
5 13 73
5 13 76
5 13 79
5 13 80
5 13 82
5 13 84
5 13 85
5 13 86
5 13 91
5 13 98
5 13 99
5 13 102
5 13 103
5 13 105
5 13 106
5 13 107
5 14 1
5 14 2
5 14 4
5 14 6
5 14 11
5 14 12
5 14 14
5 14 16
5 14 20
5 14 23
5 14 24
5 14 26
5 14 28
5 14 34
5 14 35
5 14 36
5 14 39
5 14 40
5 14 43
5 14 44
5 14 49
5 14 50
5 14 53
5 14 54
5 14 59
5 14 65
5 14 66
5 14 68
5 14 70
5 14 73
5 14 75
5 14 76
5 14 77
5 14 78
5 14 81
5 14 85
5 14 87
5 14 90
5 14 93
5 14 94
5 14 96
5 14 97
5 14 101
5 14 102
5 14 103
5 14 104
5 14 105
5 14 106
5 15 1
5 15 2
5 15 3
5 15 8
5 15 10
5 15 14
5 15 16
5 15 20
5 15 21
5 15 22
5 15 23
5 15 24
5 15 25
5 15 27
5 15 28
5 15 29
5 15 32
5 15 35
5 15 36
5 15 37
5 15 38
5 15 40
5 15 41
5 15 44
5 15 45
5 15 46
5 15 47
5 15 48
5 15 50
5 15 51
5 15 52
5 15 54
5 15 55
5 15 57
5 15 58
5 15 59
5 15 60
5 15 64
5 15 66
5 15 72
5 15 75
5 15 80
5 15 81
5 15 82
5 15 85
5 15 86
5 15 88
5 15 91
5 15 92
5 15 93
5 15 94
5 15 100
5 15 102
5 15 103
5 15 107
5 16 1
5 16 2
5 16 4
5 16 5
5 16 9
5 16 10
5 16 11
5 16 12
5 16 14
5 16 15
5 16 17
5 16 21
5 16 22
5 16 24
5 16 25
5 16 27
5 16 28
5 16 30
5 16 31
5 16 32
5 16 33
5 16 35
5 16 38
5 16 39
5 16 40
5 16 41
5 16 43
5 16 50
5 16 51
5 16 56
5 16 58
5 16 60
5 16 61
5 16 62
5 16 64
5 16 66
5 16 67
5 16 70
5 16 71
5 16 72
5 16 73
5 16 74
5 16 75
5 16 80
5 16 81
5 16 83
5 16 86
5 16 88
5 16 91
5 16 93
5 16 96
5 16 97
5 16 98
5 16 99
5 16 102
5 16 105
5 16 106
5 17 2
5 17 3
5 17 5
5 17 8
5 17 9
5 17 10
5 17 12
5 17 13
5 17 16
5 17 24
5 17 27
5 17 31
5 17 32
5 17 33
5 17 34
5 17 35
5 17 40
5 17 42
5 17 43
5 17 44
5 17 46
5 17 50
5 17 51
5 17 52
5 17 55
5 17 56
5 17 57
5 17 58
5 17 59
5 17 65
5 17 69
5 17 73
5 17 74
5 17 76
5 17 77
5 17 84
5 17 85
5 17 87
5 17 89
5 17 91
5 17 93
5 17 98
5 17 101
5 17 102
5 17 103
5 17 107
5 18 4
5 18 8
5 18 11
5 18 12
5 18 14
5 18 18
5 18 20
5 18 23
5 18 26
5 18 30
5 18 31
5 18 32
5 18 34
5 18 35
5 18 38
5 18 44
5 18 46
5 18 49
5 18 52
5 18 53
5 18 54
5 18 56
5 18 58
5 18 59
5 18 62
5 18 63
5 18 64
5 18 65
5 18 69
5 18 71
5 18 73
5 18 76
5 18 77
5 18 81
5 18 82
5 18 84
5 18 86
5 18 88
5 18 89
5 18 94
5 18 96
5 18 98
5 18 99
5 18 100
5 18 105
5 19 0
5 19 1
5 19 2
5 19 3
5 19 5
5 19 9
5 19 11
5 19 14
5 19 15
5 19 16
5 19 17
5 19 20
5 19 24
5 19 30
5 19 31
5 19 32
5 19 36
5 19 38
5 19 44
5 19 47
5 19 48
5 19 49
5 19 52
5 19 55
5 19 57
5 19 58
5 19 59
5 19 61
5 19 62
5 19 63
5 19 65
5 19 69
5 19 71
5 19 72
5 19 73
5 19 75
5 19 76
5 19 79
5 19 80
5 19 81
5 19 84
5 19 87
5 19 88
5 19 89
5 19 90
5 19 95
5 19 96
5 19 97
5 19 99
5 19 103
5 19 104
5 19 105
5 19 107
5 20 0
5 20 1
5 20 2
5 20 4
5 20 5
5 20 7
5 20 8
5 20 9
5 20 16
5 20 18
5 20 21
5 20 24
5 20 26
5 20 28
5 20 29
5 20 30
5 20 31
5 20 35
5 20 39
5 20 40
5 20 45
5 20 46
5 20 47
5 20 50
5 20 53
5 20 57
5 20 61
5 20 62
5 20 63
5 20 66
5 20 67
5 20 70
5 20 72
5 20 73
5 20 74
5 20 78
5 20 79
5 20 81
5 20 84
5 20 86
5 20 88
5 20 90
5 20 94
5 20 99
5 20 100
5 20 102
5 20 103
5 20 104
5 20 107
5 21 3
5 21 4
5 21 5
5 21 6
5 21 8
5 21 9
5 21 10
5 21 15
5 21 16
5 21 17
5 21 18
5 21 19
5 21 22
5 21 23
5 21 24
5 21 25
5 21 26
5 21 27
5 21 31
5 21 33
5 21 41
5 21 42
5 21 47
5 21 48
5 21 49
5 21 52
5 21 53
5 21 55
5 21 57
5 21 60
5 21 64
5 21 65
5 21 67
5 21 68
5 21 69
5 21 71
5 21 75
5 21 76
5 21 84
5 21 85
5 21 90
5 21 91
5 21 92
5 21 93
5 21 95
5 21 97
5 21 98
5 21 101
5 21 102
5 21 103
5 21 104
5 21 105
5 21 106
5 22 1
5 22 5
5 22 7
5 22 9
5 22 12
5 22 13
5 22 15
5 22 17
5 22 20
5 22 21
5 22 22
5 22 26
5 22 27
5 22 28
5 22 30
5 22 32
5 22 33
5 22 34
5 22 38
5 22 39
5 22 40
5 22 41
5 22 42
5 22 43
5 22 44
5 22 48
5 22 51
5 22 53
5 22 55
5 22 57
5 22 58
5 22 61
5 22 66
5 22 67
5 22 68
5 22 69
5 22 70
5 22 71
5 22 73
5 22 75
5 22 76
5 22 77
5 22 78
5 22 79
5 22 80
5 22 82
5 22 83
5 22 88
5 22 90
5 22 92
5 22 93
5 22 95
5 22 98
5 22 105
5 23 0
5 23 3
5 23 7
5 23 8
5 23 9
5 23 10
5 23 11
5 23 13
5 23 14
5 23 16
5 23 17
5 23 18
5 23 19
5 23 20
5 23 25
5 23 29
5 23 31
5 23 32
5 23 33
5 23 34
5 23 35
5 23 36
5 23 37
5 23 38
5 23 39
5 23 44
5 23 46
5 23 47
5 23 48
5 23 52
5 23 55
5 23 56
5 23 57
5 23 61
5 23 63
5 23 64
5 23 65
5 23 68
5 23 69
5 23 70
5 23 72
5 23 73
5 23 79
5 23 81
5 23 82
5 23 84
5 23 86
5 23 87
5 23 91
5 23 92
5 23 95
5 23 98
5 23 99
5 23 102
5 23 103
5 23 104
5 23 107
5 24 0
5 24 1
5 24 2
5 24 3
5 24 6
5 24 8
5 24 10
5 24 12
5 24 13
5 24 14
5 24 16
5 24 20
5 24 21
5 24 26
5 24 27
5 24 28
5 24 31
5 24 33
5 24 35
5 24 41
5 24 42
5 24 43
5 24 46
5 24 47
5 24 52
5 24 54
5 24 55
5 24 58
5 24 59
5 24 60
5 24 61
5 24 62
5 24 63
5 24 66
5 24 68
5 24 79
5 24 82
5 24 83
5 24 84
5 24 86
5 24 88
5 24 91
5 24 92
5 24 95
5 24 96
5 24 98
5 24 102
5 24 103
5 24 105
5 25 0
5 25 1
5 25 2
5 25 3
5 25 7
5 25 8
5 25 9
5 25 11
5 25 12
5 25 13
5 25 14
5 25 15
5 25 16
5 25 20
5 25 21
5 25 25
5 25 26
5 25 27
5 25 29
5 25 32
5 25 33
5 25 37
5 25 38
5 25 39
5 25 41
5 25 43
5 25 46
5 25 47
5 25 48
5 25 49
5 25 51
5 25 52
5 25 53
5 25 55
5 25 56
5 25 57
5 25 58
5 25 59
5 25 62
5 25 63
5 25 65
5 25 66
5 25 67
5 25 71
5 25 77
5 25 80
5 25 84
5 25 85
5 25 89
5 25 92
5 25 93
5 25 96
5 25 97
5 25 99
5 25 100
5 25 102
5 25 103
5 25 105
5 25 107
5 26 1
5 26 3
5 26 5
5 26 9
5 26 11
5 26 13
5 26 16
5 26 17
5 26 18
5 26 20
5 26 21
5 26 22
5 26 23
5 26 25
5 26 26
5 26 28
5 26 33
5 26 36
5 26 40
5 26 41
5 26 49
5 26 52
5 26 53
5 26 59
5 26 60
5 26 61
5 26 62
5 26 74
5 26 75
5 26 76
5 26 78
5 26 79
5 26 80
5 26 81
5 26 82
5 26 84
5 26 85
5 26 86
5 26 87
5 26 89
5 26 90
5 26 91
5 26 93
5 26 95
5 26 97
5 26 98
5 26 102
5 26 103
5 26 104
5 26 105
5 26 106
5 27 0
5 27 3
5 27 5
5 27 6
5 27 8
5 27 9
5 27 10
5 27 14
5 27 16
5 27 17
5 27 20
5 27 22
5 27 23
5 27 24
5 27 25
5 27 27
5 27 28
5 27 32
5 27 34
5 27 36
5 27 37
5 27 38
5 27 40
5 27 41
5 27 42
5 27 43
5 27 45
5 27 47
5 27 48
5 27 50
5 27 52
5 27 54
5 27 56
5 27 57
5 27 60
5 27 63
5 27 66
5 27 75
5 27 77
5 27 78
5 27 79
5 27 80
5 27 83
5 27 85
5 27 86
5 27 87
5 27 90
5 27 92
5 27 93
5 27 99
5 27 100
5 27 101
5 27 102
5 27 103
5 27 104
5 27 105
5 27 107
5 28 0
5 28 1
5 28 2
5 28 5
5 28 9
5 28 12
5 28 14
5 28 15
5 28 18
5 28 19
5 28 20
5 28 23
5 28 24
5 28 25
5 28 26
5 28 27
5 28 30
5 28 32
5 28 33
5 28 35
5 28 36
5 28 37
5 28 38
5 28 40
5 28 42
5 28 49
5 28 51
5 28 52
5 28 54
5 28 55
5 28 57
5 28 59
5 28 61
5 28 62
5 28 63
5 28 64
5 28 66
5 28 71
5 28 72
5 28 75
5 28 78
5 28 79
5 28 81
5 28 82
5 28 83
5 28 85
5 28 86
5 28 88
5 28 89
5 28 93
5 28 95
5 28 96
5 28 98
5 28 99
5 28 100
5 28 104
5 28 105
5 28 106