233
3
46 94 140
8742

0 754 0 649 608 0 0 52 0 31 1017 0 0 1011 818 299 0 294 835 0 812 913 174 629 106 0 0 970 953 229 0 992 87 893 0 448 0 600 0 0 116 130 661 0 433 730
0 289 756 302 0 162 449 0 0 0 823 0 0 424 948 69 997 0 51 0 950 860 0 0 306 268 506 101 201 0 1003 0 28 1004 72 784 181 692 135 0 702 0 591 0 825 0 0 0 432 0 755 294 0 304 0 807 802 848 279 0 989 406 0 0 765 736 0 224 543 0 0 0 0 954 247 316 0 173 0 945 656 496 480 463 890 0 0 934 383 0 0 0 923 0
0 180 52 317 0 201 0 305 0 207 0 0 845 0 95 785 0 99 233 0 566 782 962 0 0 833 237 0 776 0 789 0 865 0 0 240 241 455 635 721 704 186 830 439 0 0 110 0 649 919 0 0 0 934 699 220 601 105 436 384 17 0 10 1017 722 804 780 218 0 0 0 728 429 0 0 0 623 97 841 0 725 0 903 149 0 0 0 461 300 534 0 1017 0 0 1019 0 0 0 971 0 576 106 0 247 0 0 232 1023 0 413 123 0 478 869 58 0 696 180 422 763 0 797 0 208 495 0 905 537 0 243 552 0 95 0 0 0 226 979 138 168

0 0 0
0 0 2
0 0 4
0 0 6
0 0 7
0 0 8
0 0 10
0 0 13
0 0 14
0 0 17
0 0 18
0 0 26
0 0 27
0 0 28
0 0 29
0 0 30
0 0 31
0 0 34
0 0 35
0 0 37
0 0 39
0 0 40
0 0 41
0 0 42
0 0 43
0 0 44
0 0 47
0 0 48
0 0 50
0 0 51
0 0 58
0 0 59
0 0 61
0 0 64
0 0 65
0 0 70
0 0 71
0 0 72
0 0 73
0 0 74
0 0 75
0 0 77
0 0 80
0 0 83
0 0 89
0 1 1
0 1 4
0 1 6
0 1 7
0 1 9
0 1 11
0 1 17
0 1 19
0 1 20
0 1 21
0 1 22
0 1 23
0 1 24
0 1 26
0 1 28
0 1 29
0 1 32
0 1 35
0 1 36
0 1 38
0 1 39
0 1 42
0 1 45
0 1 47
0 1 48
0 1 51
0 1 53
0 1 54
0 1 55
0 1 56
0 1 61
0 1 62
0 1 63
0 1 64
0 1 65
0 1 66
0 1 67
0 1 68
0 1 72
0 1 73
0 1 77
0 1 78
0 1 80
0 1 82
0 1 83
0 1 84
0 1 87
0 2 1
0 2 2
0 2 4
0 2 5
0 2 7
0 2 9
0 2 10
0 2 11
0 2 12
0 2 16
0 2 20
0 2 26
0 2 28
0 2 32
0 2 36
0 2 37
0 2 38
0 2 40
0 2 42
0 2 43
0 2 45
0 2 46
0 2 47
0 2 49
0 2 52
0 2 53
0 2 54
0 2 57
0 2 58
0 2 59
0 2 60
0 2 62
0 2 63
0 2 64
0 2 66
0 2 70
0 2 72
0 2 74
0 2 76
0 2 79
0 2 84
0 2 85
0 2 87
0 2 89
0 2 92
0 3 1
0 3 2
0 3 5
0 3 6
0 3 7
0 3 12
0 3 13
0 3 15
0 3 17
0 3 21
0 3 23
0 3 24
0 3 25
0 3 28
0 3 30
0 3 31
0 3 36
0 3 37
0 3 38
0 3 39
0 3 41
0 3 42
0 3 43
0 3 44
0 3 46
0 3 47
0 3 48
0 3 52
0 3 53
0 3 55
0 3 56
0 3 57
0 3 59
0 3 60
0 3 66
0 3 67
0 3 72
0 3 73
0 3 80
0 3 82
0 3 84
0 3 87
0 3 89
0 3 90
0 3 91
0 3 93
0 4 4
0 4 8
0 4 10
0 4 12
0 4 14
0 4 16
0 4 19
0 4 21
0 4 22
0 4 23
0 4 24
0 4 26
0 4 27
0 4 28
0 4 29
0 4 30
0 4 31
0 4 34
0 4 35
0 4 36
0 4 37
0 4 39
0 4 40
0 4 46
0 4 48
0 4 49
0 4 50
0 4 51
0 4 54
0 4 55
0 4 59
0 4 61
0 4 63
0 4 66
0 4 70
0 4 72
0 4 74
0 4 75
0 4 81
0 4 82
0 4 83
0 4 85
0 4 88
0 4 91
0 4 92
0 5 4
0 5 6
0 5 7
0 5 9
0 5 11
0 5 19
0 5 21
0 5 22
0 5 24
0 5 26
0 5 27
0 5 31
0 5 34
0 5 35
0 5 39
0 5 40
0 5 41
0 5 42
0 5 43
0 5 50
0 5 52
0 5 54
0 5 56
0 5 62
0 5 63
0 5 64
0 5 66
0 5 67
0 5 68
0 5 69
0 5 73
0 5 74
0 5 75
0 5 76
0 5 77
0 5 78
0 5 80
0 5 81
0 5 82
0 5 83
0 5 84
0 5 87
0 5 89
0 5 92
0 6 3
0 6 5
0 6 6
0 6 8
0 6 9
0 6 10
0 6 12
0 6 13
0 6 19
0 6 28
0 6 29
0 6 33
0 6 36
0 6 38
0 6 39
0 6 40
0 6 41
0 6 46
0 6 49
0 6 50
0 6 52
0 6 53
0 6 54
0 6 55
0 6 58
0 6 59
0 6 61
0 6 65
0 6 67
0 6 68
0 6 74
0 6 75
0 6 78
0 6 83
0 6 85
0 6 86
0 6 91
0 7 0
0 7 1
0 7 2
0 7 3
0 7 4
0 7 5
0 7 8
0 7 13
0 7 14
0 7 15
0 7 17
0 7 18
0 7 19
0 7 22
0 7 23
0 7 24
0 7 27
0 7 28
0 7 30
0 7 33
0 7 35
0 7 36
0 7 37
0 7 42
0 7 45
0 7 48
0 7 49
0 7 50
0 7 56
0 7 58
0 7 59
0 7 61
0 7 63
0 7 65
0 7 66
0 7 67
0 7 68
0 7 73
0 7 74
0 7 77
0 7 80
0 7 81
0 7 82
0 7 83
0 7 87
0 7 88
0 7 89
0 7 90
0 7 93
0 8 4
0 8 6
0 8 7
0 8 9
0 8 10
0 8 11
0 8 12
0 8 13
0 8 15
0 8 20
0 8 22
0 8 25
0 8 26
0 8 28
0 8 29
0 8 30
0 8 31
0 8 32
0 8 35
0 8 40
0 8 41
0 8 42
0 8 47
0 8 48
0 8 51
0 8 52
0 8 53
0 8 55
0 8 61
0 8 62
0 8 65
0 8 67
0 8 69
0 8 70
0 8 71
0 8 73
0 8 75
0 8 76
0 8 77
0 8 78
0 8 79
0 8 89
0 8 93
0 9 0
0 9 2
0 9 6
0 9 8
0 9 9
0 9 12
0 9 13
0 9 14
0 9 15
0 9 17
0 9 19
0 9 20
0 9 22
0 9 25
0 9 27
0 9 30
0 9 32
0 9 35
0 9 37
0 9 39
0 9 41
0 9 46
0 9 47
0 9 48
0 9 49
0 9 50
0 9 52
0 9 54
0 9 56
0 9 60
0 9 64
0 9 65
0 9 69
0 9 70
0 9 72
0 9 73
0 9 78
0 9 79
0 9 81
0 9 83
0 9 84
0 9 87
0 9 88
0 9 90
0 9 91
0 9 92
0 9 93
0 10 0
0 10 1
0 10 2
0 10 3
0 10 6
0 10 7
0 10 11
0 10 15
0 10 19
0 10 23
0 10 24
0 10 25
0 10 30
0 10 31
0 10 32
0 10 36
0 10 39
0 10 41
0 10 44
0 10 46
0 10 47
0 10 52
0 10 53
0 10 54
0 10 56
0 10 57
0 10 59
0 10 61
0 10 63
0 10 65
0 10 67
0 10 68
0 10 70
0 10 71
0 10 72
0 10 73
0 10 74
0 10 75
0 10 76
0 10 78
0 10 79
0 10 81
0 10 84
0 10 85
0 10 87
0 10 89
0 10 90
0 10 91
0 10 92
0 11 1
0 11 4
0 11 7
0 11 9
0 11 10
0 11 20
0 11 24
0 11 25
0 11 26
0 11 27
0 11 28
0 11 32
0 11 33
0 11 39
0 11 40
0 11 41
0 11 45
0 11 48
0 11 49
0 11 51
0 11 53
0 11 57
0 11 58
0 11 59
0 11 61
0 11 62
0 11 63
0 11 67
0 11 72
0 11 73
0 11 74
0 11 75
0 11 76
0 11 77
0 11 78
0 11 80
0 11 81
0 11 85
0 11 87
0 11 90
0 11 93
0 12 1
0 12 2
0 12 5
0 12 7
0 12 9
0 12 12
0 12 14
0 12 16
0 12 18
0 12 21
0 12 24
0 12 25
0 12 26
0 12 29
0 12 31
0 12 33
0 12 34
0 12 35
0 12 37
0 12 39
0 12 42
0 12 43
0 12 44
0 12 47
0 12 50
0 12 51
0 12 52
0 12 53
0 12 61
0 12 63
0 12 67
0 12 68
0 12 69
0 12 71
0 12 72
0 12 78
0 12 82
0 12 86
0 12 88
0 12 91
0 12 93
0 13 0
0 13 1
0 13 2
0 13 3
0 13 11
0 13 17
0 13 20
0 13 21
0 13 22
0 13 23
0 13 25
0 13 26
0 13 27
0 13 29
0 13 31
0 13 32
0 13 33
0 13 34
0 13 38
0 13 39
0 13 40
0 13 42
0 13 48
0 13 49
0 13 50
0 13 51
0 13 52
0 13 53
0 13 54
0 13 55
0 13 56
0 13 59
0 13 61
0 13 62
0 13 63
0 13 64
0 13 66
0 13 67
0 13 68
0 13 69
0 13 71
0 13 72
0 13 74
0 13 75
0 13 79
0 13 80
0 13 81
0 13 84
0 13 87
0 13 90
0 13 92
0 13 93
0 14 0
0 14 4
0 14 5
0 14 10
0 14 11
0 14 12
0 14 13
0 14 14
0 14 17
0 14 19
0 14 20
0 14 22
0 14 25
0 14 27
0 14 28
0 14 29
0 14 30
0 14 34
0 14 35
0 14 39
0 14 41
0 14 42
0 14 43
0 14 47
0 14 49
0 14 50
0 14 56
0 14 57
0 14 59
0 14 61
0 14 62
0 14 66
0 14 69
0 14 70
0 14 74
0 14 76
0 14 78
0 14 82
0 14 84
0 14 86
0 14 91
0 14 93
0 15 0
0 15 2
0 15 3
0 15 5
0 15 6
0 15 8
0 15 9
0 15 11
0 15 12
0 15 13
0 15 14
0 15 15
0 15 16
0 15 17
0 15 19
0 15 20
0 15 23
0 15 25
0 15 26
0 15 27
0 15 28
0 15 30
0 15 33
0 15 35
0 15 39
0 15 41
0 15 42
0 15 43
0 15 46
0 15 48
0 15 50
0 15 52
0 15 54
0 15 56
0 15 57
0 15 58
0 15 59
0 15 62
0 15 64
0 15 65
0 15 66
0 15 68
0 15 70
0 15 71
0 15 72
0 15 76
0 15 78
0 15 82
0 15 84
0 15 86
0 15 92
0 15 93
0 16 0
0 16 1
0 16 5
0 16 10
0 16 16
0 16 18
0 16 21
0 16 24
0 16 26
0 16 28
0 16 29
0 16 30
0 16 32
0 16 33
0 16 34
0 16 35
0 16 36
0 16 38
0 16 44
0 16 47
0 16 48
0 16 49
0 16 51
0 16 52
0 16 55
0 16 56
0 16 58
0 16 59
0 16 60
0 16 63
0 16 65
0 16 67
0 16 68
0 16 70
0 16 71
0 16 72
0 16 73
0 16 74
0 16 79
0 16 82
0 16 84
0 16 85
0 16 86
0 16 87
0 16 93
0 17 1
0 17 2
0 17 3
0 17 7
0 17 10
0 17 13
0 17 15
0 17 18
0 17 20
0 17 24
0 17 25
0 17 26
0 17 28
0 17 29
0 17 31
0 17 33
0 17 34
0 17 37
0 17 39
0 17 41
0 17 42
0 17 43
0 17 44
0 17 47
0 17 49
0 17 50
0 17 51
0 17 54
0 17 57
0 17 62
0 17 64
0 17 66
0 17 67
0 17 68
0 17 69
0 17 71
0 17 73
0 17 74
0 17 75
0 17 76
0 17 80
0 17 81
0 17 82
0 17 84
0 17 88
0 17 91
0 18 1
0 18 4
0 18 5
0 18 6
0 18 9
0 18 10
0 18 15
0 18 20
0 18 21
0 18 27
0 18 29
0 18 30
0 18 31
0 18 34
0 18 35
0 18 40
0 18 46
0 18 49
0 18 50
0 18 51
0 18 53
0 18 54
0 18 55
0 18 56
0 18 57
0 18 59
0 18 62
0 18 63
0 18 64
0 18 67
0 18 68
0 18 74
0 18 79
0 18 82
0 18 87
0 18 88
0 18 89
0 18 91
0 18 92
0 19 4
0 19 6
0 19 8
0 19 10
0 19 12
0 19 13
0 19 15
0 19 16
0 19 19
0 19 20
0 19 22
0 19 24
0 19 27
0 19 28
0 19 30
0 19 32
0 19 33
0 19 34
0 19 40
0 19 42
0 19 44
0 19 45
0 19 47
0 19 49
0 19 52
0 19 54
0 19 56
0 19 59
0 19 60
0 19 61
0 19 62
0 19 63
0 19 68
0 19 73
0 19 74
0 19 76
0 19 79
0 19 85
0 19 87
0 19 88
0 19 89
0 19 91
0 20 1
0 20 2
0 20 5
0 20 6
0 20 7
0 20 9
0 20 17
0 20 20
0 20 22
0 20 23
0 20 24
0 20 25
0 20 28
0 20 29
0 20 30
0 20 32
0 20 35
0 20 36
0 20 37
0 20 42
0 20 46
0 20 47
0 20 48
0 20 50
0 20 51
0 20 53
0 20 56
0 20 57
0 20 60
0 20 66
0 20 67
0 20 68
0 20 69
0 20 71
0 20 72
0 20 73
0 20 74
0 20 77
0 20 78
0 20 81
0 20 83
0 20 85
0 20 86
0 20 88
0 20 89
0 20 90
0 20 92
0 21 0
0 21 2
0 21 3
0 21 4
0 21 6
0 21 7
0 21 8
0 21 10
0 21 13
0 21 16
0 21 19
0 21 20
0 21 22
0 21 23
0 21 24
0 21 25
0 21 27
0 21 29
0 21 30
0 21 33
0 21 34
0 21 37
0 21 39
0 21 40
0 21 44
0 21 46
0 21 48
0 21 50
0 21 51
0 21 52
0 21 55
0 21 56
0 21 57
0 21 62
0 21 70
0 21 72
0 21 77
0 21 79
0 21 81
0 21 82
0 21 84
0 21 86
0 21 89
0 21 90
0 21 93
0 22 1
0 22 7
0 22 8
0 22 11
0 22 12
0 22 13
0 22 14
0 22 15
0 22 25
0 22 26
0 22 27
0 22 28
0 22 32
0 22 33
0 22 36
0 22 39
0 22 40
0 22 44
0 22 48
0 22 49
0 22 53
0 22 54
0 22 56
0 22 58
0 22 62
0 22 63
0 22 66
0 22 67
0 22 69
0 22 70
0 22 72
0 22 74
0 22 81
0 22 82
0 22 83
0 22 86
0 22 87
0 22 88
0 22 93
0 23 0
0 23 1
0 23 4
0 23 7
0 23 8
0 23 11
0 23 14
0 23 15
0 23 16
0 23 17
0 23 18
0 23 20
0 23 21
0 23 24
0 23 26
0 23 28
0 23 31
0 23 34
0 23 37
0 23 38
0 23 40
0 23 43
0 23 44
0 23 48
0 23 49
0 23 51
0 23 52
0 23 54
0 23 57
0 23 58
0 23 61
0 23 63
0 23 64
0 23 66
0 23 67
0 23 71
0 23 73
0 23 75
0 23 77
0 23 79
0 23 81
0 23 83
0 23 85
0 23 86
0 23 90
0 23 91
0 24 0
0 24 4
0 24 7
0 24 9
0 24 11
0 24 12
0 24 13
0 24 14
0 24 15
0 24 16
0 24 17
0 24 19
0 24 21
0 24 22
0 24 26
0 24 27
0 24 30
0 24 31
0 24 32
0 24 33
0 24 35
0 24 37
0 24 38
0 24 41
0 24 42
0 24 44
0 24 45
0 24 47
0 24 48
0 24 49
0 24 50
0 24 51
0 24 53
0 24 56
0 24 59
0 24 62
0 24 64
0 24 66
0 24 68
0 24 71
0 24 72
0 24 79
0 24 81
0 24 83
0 24 85
0 24 87
0 24 88
0 24 91
0 24 92
0 24 93
0 25 3
0 25 6
0 25 8
0 25 10
0 25 15
0 25 16
0 25 17
0 25 18
0 25 19
0 25 20
0 25 21
0 25 22
0 25 24
0 25 26
0 25 27
0 25 32
0 25 34
0 25 35
0 25 36
0 25 37
0 25 38
0 25 40
0 25 41
0 25 46
0 25 50
0 25 51
0 25 54
0 25 55
0 25 56
0 25 58
0 25 59
0 25 60
0 25 62
0 25 63
0 25 67
0 25 70
0 25 73
0 25 74
0 25 76
0 25 77
0 25 79
0 25 84
0 25 85
0 25 86
0 25 92
0 25 93
0 26 1
0 26 2
0 26 3
0 26 4
0 26 5
0 26 7
0 26 8
0 26 9
0 26 15
0 26 16
0 26 17
0 26 19
0 26 20
0 26 23
0 26 26
0 26 27
0 26 29
0 26 30
0 26 31
0 26 34
0 26 36
0 26 38
0 26 40
0 26 43
0 26 45
0 26 46
0 26 47
0 26 50
0 26 51
0 26 54
0 26 56
0 26 57
0 26 63
0 26 66
0 26 67
0 26 71
0 26 73
0 26 74
0 26 75
0 26 77
0 26 78
0 26 80
0 26 81
0 26 82
0 26 84
0 26 87
0 26 88
0 26 89
0 26 92
0 27 2
0 27 3
0 27 4
0 27 5
0 27 6
0 27 8
0 27 10
0 27 14
0 27 15
0 27 17
0 27 19
0 27 22
0 27 23
0 27 24
0 27 26
0 27 27
0 27 31
0 27 34
0 27 36
0 27 38
0 27 39
0 27 40
0 27 42
0 27 43
0 27 44
0 27 46
0 27 49
0 27 52
0 27 53
0 27 54
0 27 57
0 27 60
0 27 62
0 27 63
0 27 64
0 27 66
0 27 68
0 27 69
0 27 74
0 27 80
0 27 81
0 27 84
0 27 85
0 27 88
0 27 91
0 27 93
0 28 2
0 28 4
0 28 7
0 28 9
0 28 12
0 28 13
0 28 15
0 28 16
0 28 17
0 28 18
0 28 19
0 28 21
0 28 23
0 28 24
0 28 25
0 28 26
0 28 27
0 28 29
0 28 30
0 28 32
0 28 33
0 28 34
0 28 35
0 28 37
0 28 44
0 28 49
0 28 51
0 28 52
0 28 54
0 28 55
0 28 57
0 28 58
0 28 59
0 28 62
0 28 64
0 28 66
0 28 69
0 28 72
0 28 73
0 28 74
0 28 77
0 28 78
0 28 79
0 28 80
0 28 81
0 28 83
0 28 84
0 28 86
0 28 88
0 28 89
0 29 2
0 29 4
0 29 5
0 29 8
0 29 10
0 29 14
0 29 15
0 29 16
0 29 17
0 29 18
0 29 20
0 29 21
0 29 24
0 29 25
0 29 26
0 29 27
0 29 28
0 29 30
0 29 31
0 29 35
0 29 36
0 29 37
0 29 38
0 29 39
0 29 40
0 29 43
0 29 45
0 29 49
0 29 50
0 29 51
0 29 52
0 29 53
0 29 55
0 29 56
0 29 57
0 29 60
0 29 62
0 29 66
0 29 68
0 29 71
0 29 73
0 29 74
0 29 75
0 29 76
0 29 78
0 29 80
0 29 84
0 29 85
0 29 86
0 29 87
0 29 88
0 29 91
0 29 93
0 30 1
0 30 4
0 30 8
0 30 9
0 30 10
0 30 13
0 30 16
0 30 17
0 30 18
0 30 19
0 30 20
0 30 22
0 30 23
0 30 25
0 30 28
0 30 29
0 30 30
0 30 31
0 30 32
0 30 37
0 30 38
0 30 39
0 30 41
0 30 42
0 30 46
0 30 52
0 30 54
0 30 55
0 30 56
0 30 58
0 30 59
0 30 60
0 30 61
0 30 64
0 30 71
0 30 74
0 30 75
0 30 79
0 30 80
0 30 82
0 30 85
0 30 87
0 30 88
0 30 89
0 30 90
0 30 92
0 31 3
0 31 4
0 31 7
0 31 9
0 31 10
0 31 12
0 31 13
0 31 14
0 31 18
0 31 19
0 31 21
0 31 23
0 31 26
0 31 27
0 31 29
0 31 32
0 31 34
0 31 37
0 31 38
0 31 42
0 31 44
0 31 45
0 31 48
0 31 52
0 31 55
0 31 58
0 31 60
0 31 64
0 31 65
0 31 66
0 31 68
0 31 69
0 31 71
0 31 72
0 31 73
0 31 74
0 31 77
0 31 81
0 31 83
0 31 84
0 31 85
0 31 86
0 31 88
0 32 6
0 32 7
0 32 10
0 32 12
0 32 13
0 32 14
0 32 17
0 32 19
0 32 20
0 32 22
0 32 23
0 32 25
0 32 28
0 32 29
0 32 33
0 32 35
0 32 37
0 32 38
0 32 40
0 32 42
0 32 43
0 32 45
0 32 46
0 32 47
0 32 49
0 32 51
0 32 52
0 32 54
0 32 55
0 32 57
0 32 58
0 32 62
0 32 65
0 32 66
0 32 73
0 32 74
0 32 76
0 32 77
0 32 78
0 32 80
0 32 84
0 32 85
0 32 87
0 32 89
0 32 90
0 32 91
0 32 92
0 33 1
0 33 2
0 33 3
0 33 4
0 33 5
0 33 6
0 33 8
0 33 9
0 33 10
0 33 13
0 33 14
0 33 15
0 33 16
0 33 19
0 33 22
0 33 24
0 33 26
0 33 27
0 33 28
0 33 29
0 33 30
0 33 31
0 33 32
0 33 33
0 33 34
0 33 36
0 33 37
0 33 38
0 33 40
0 33 41
0 33 42
0 33 44
0 33 48
0 33 49
0 33 50
0 33 52
0 33 54
0 33 55
0 33 57
0 33 64
0 33 66
0 33 70
0 33 72
0 33 73
0 33 74
0 33 75
0 33 76
0 33 77
0 33 79
0 33 82
0 33 84
0 33 85
0 33 86
0 33 88
0 33 89
0 33 90
0 34 1
0 34 2
0 34 4
0 34 6
0 34 7
0 34 11
0 34 12
0 34 14
0 34 15
0 34 16
0 34 18
0 34 22
0 34 23
0 34 26
0 34 27
0 34 29
0 34 31
0 34 33
0 34 39
0 34 40
0 34 42
0 34 44
0 34 47
0 34 50
0 34 52
0 34 54
0 34 56
0 34 58
0 34 60
0 34 61
0 34 63
0 34 64
0 34 65
0 34 66
0 34 70
0 34 73
0 34 74
0 34 77
0 34 78
0 34 79
0 34 81
0 34 84
0 34 85
0 34 86
0 34 87
0 34 88
0 34 89
0 34 91
0 34 93
0 35 0
0 35 1
0 35 2
0 35 7
0 35 8
0 35 12
0 35 13
0 35 16
0 35 17
0 35 18
0 35 21
0 35 24
0 35 26
0 35 27
0 35 30
0 35 31
0 35 32
0 35 33
0 35 34
0 35 36
0 35 40
0 35 41
0 35 44
0 35 45
0 35 49
0 35 52
0 35 53
0 35 54
0 35 58
0 35 62
0 35 63
0 35 64
0 35 65
0 35 72
0 35 73
0 35 75
0 35 76
0 35 77
0 35 80
0 35 82
0 35 83
0 35 85
0 35 88
0 35 92
0 35 93
0 36 0
0 36 1
0 36 5
0 36 6
0 36 7
0 36 9
0 36 13
0 36 16
0 36 17
0 36 18
0 36 21
0 36 23
0 36 24
0 36 25
0 36 26
0 36 27
0 36 29
0 36 32
0 36 35
0 36 36
0 36 38
0 36 39
0 36 40
0 36 41
0 36 43
0 36 44
0 36 46
0 36 48
0 36 53
0 36 55
0 36 57
0 36 59
0 36 61
0 36 62
0 36 68
0 36 70
0 36 71
0 36 72
0 36 73
0 36 74
0 36 75
0 36 78
0 36 80
0 36 82
0 36 87
0 36 89
0 36 90
0 37 2
0 37 3
0 37 4
0 37 6
0 37 9
0 37 12
0 37 13
0 37 15
0 37 17
0 37 21
0 37 22
0 37 25
0 37 27
0 37 28
0 37 29
0 37 32
0 37 34
0 37 35
0 37 38
0 37 39
0 37 40
0 37 42
0 37 43
0 37 44
0 37 45
0 37 46
0 37 47
0 37 49
0 37 51
0 37 52
0 37 56
0 37 60
0 37 63
0 37 66
0 37 68
0 37 71
0 37 72
0 37 73
0 37 75
0 37 76
0 37 78
0 37 79
0 37 81
0 37 82
0 37 85
0 37 87
0 37 91
0 37 92
0 38 1
0 38 3
0 38 4
0 38 5
0 38 6
0 38 8
0 38 9
0 38 11
0 38 12
0 38 15
0 38 20
0 38 21
0 38 22
0 38 23
0 38 25
0 38 28
0 38 29
0 38 30
0 38 31
0 38 32
0 38 33
0 38 34
0 38 35
0 38 38
0 38 39
0 38 41
0 38 42
0 38 43
0 38 45
0 38 46
0 38 47
0 38 48
0 38 49
0 38 51
0 38 52
0 38 55
0 38 62
0 38 64
0 38 66
0 38 67
0 38 71
0 38 72
0 38 74
0 38 75
0 38 76
0 38 77
0 38 79
0 38 85
0 38 86
0 38 88
0 38 90
0 38 91
0 38 92
0 38 93
0 39 1
0 39 3
0 39 4
0 39 6
0 39 7
0 39 9
0 39 12
0 39 13
0 39 16
0 39 17
0 39 19
0 39 20
0 39 21
0 39 24
0 39 27
0 39 28
0 39 29
0 39 30
0 39 32
0 39 33
0 39 37
0 39 38
0 39 39
0 39 41
0 39 44
0 39 45
0 39 46
0 39 47
0 39 49
0 39 51
0 39 52
0 39 53
0 39 54
0 39 55
0 39 57
0 39 59
0 39 60
0 39 62
0 39 67
0 39 68
0 39 69
0 39 70
0 39 73
0 39 74
0 39 77
0 39 78
0 39 80
0 39 83
0 39 84
0 39 85
0 39 86
0 39 91
0 39 92
0 40 0
0 40 2
0 40 3
0 40 4
0 40 6
0 40 7
0 40 8
0 40 13
0 40 16
0 40 19
0 40 22
0 40 25
0 40 27
0 40 28
0 40 29
0 40 33
0 40 35
0 40 39
0 40 41
0 40 42
0 40 48
0 40 49
0 40 50
0 40 51
0 40 54
0 40 55
0 40 56
0 40 57
0 40 58
0 40 59
0 40 60
0 40 65
0 40 67
0 40 69
0 40 70
0 40 73
0 40 75
0 40 84
0 40 88
0 40 89
0 40 90
0 40 91
0 40 93
0 41 2
0 41 3
0 41 6
0 41 7
0 41 8
0 41 12
0 41 14
0 41 16
0 41 17
0 41 19
0 41 20
0 41 25
0 41 26
0 41 28
0 41 29
0 41 33
0 41 34
0 41 35
0 41 36
0 41 37
0 41 38
0 41 39
0 41 40
0 41 41
0 41 42
0 41 44
0 41 45
0 41 46
0 41 47
0 41 49
0 41 54
0 41 55
0 41 56
0 41 58
0 41 59
0 41 62
0 41 63
0 41 65
0 41 66
0 41 70
0 41 72
0 41 73
0 41 77
0 41 79
0 41 80
0 41 81
0 41 82
0 41 83
0 41 87
0 41 88
0 41 90
0 41 91
0 41 93
0 42 0
0 42 1
0 42 2
0 42 3
0 42 4
0 42 10
0 42 11
0 42 13
0 42 19
0 42 21
0 42 23
0 42 24
0 42 25
0 42 29
0 42 30
0 42 31
0 42 32
0 42 34
0 42 35
0 42 36
0 42 40
0 42 41
0 42 44
0 42 45
0 42 46
0 42 49
0 42 50
0 42 51
0 42 52
0 42 55
0 42 56
0 42 57
0 42 59
0 42 60
0 42 62
0 42 63
0 42 64
0 42 65
0 42 66
0 42 67
0 42 68
0 42 69
0 42 71
0 42 72
0 42 74
0 42 77
0 42 78
0 42 79
0 42 82
0 42 83
0 42 84
0 42 87
0 42 88
0 42 89
0 42 92
0 42 93
0 43 0
0 43 2
0 43 3
0 43 7
0 43 8
0 43 13
0 43 15
0 43 16
0 43 18
0 43 21
0 43 23
0 43 24
0 43 25
0 43 26
0 43 30
0 43 31
0 43 33
0 43 34
0 43 38
0 43 41
0 43 45
0 43 47
0 43 50
0 43 51
0 43 52
0 43 56
0 43 57
0 43 59
0 43 63
0 43 65
0 43 66
0 43 67
0 43 69
0 43 70
0 43 71
0 43 72
0 43 81
0 43 84
0 43 86
0 43 87
0 43 88
0 43 89
0 43 90
0 43 93
0 44 2
0 44 3
0 44 17
0 44 18
0 44 20
0 44 22
0 44 23
0 44 26
0 44 27
0 44 28
0 44 30
0 44 33
0 44 34
0 44 37
0 44 48
0 44 50
0 44 52
0 44 56
0 44 62
0 44 64
0 44 71
0 44 79
0 44 80
0 44 82
0 44 83
0 44 84
0 44 85
0 44 87
0 44 88
0 44 89
0 44 93
0 45 3
0 45 5
0 45 6
0 45 7
0 45 8
0 45 9
0 45 11
0 45 12
0 45 16
0 45 18
0 45 20
0 45 23
0 45 26
0 45 29
0 45 33
0 45 35
0 45 38
0 45 40
0 45 42
0 45 45
0 45 46
0 45 47
0 45 51
0 45 53
0 45 56
0 45 58
0 45 62
0 45 64
0 45 67
0 45 69
0 45 72
0 45 73
0 45 74
0 45 76
0 45 78
0 45 80
0 45 81
0 45 84
0 45 86
0 45 87
0 45 88
0 45 91
0 45 93
1 0 3
1 0 4
1 0 5
1 0 6
1 0 7
1 0 8
1 0 11
1 0 12
1 0 13
1 0 14
1 0 15
1 0 20
1 0 21
1 0 22
1 0 25
1 0 28
1 0 29
1 0 32
1 0 33
1 0 34
1 0 35
1 0 41
1 0 44
1 0 47
1 0 50
1 0 52
1 0 53
1 0 54
1 0 55
1 0 57
1 0 59
1 0 60
1 0 62
1 0 63
1 0 68
1 0 72
1 0 77
1 0 85
1 0 86
1 0 88
1 0 90
1 0 98
1 0 99
1 0 100
1 0 101
1 0 105
1 0 106
1 0 111
1 0 114
1 0 116
1 0 117
1 0 119
1 0 122
1 0 124
1 0 126
1 0 129
1 0 130
1 0 133
1 0 134
1 0 135
1 0 137
1 0 139
1 1 0
1 1 1
1 1 6
1 1 8
1 1 9
1 1 11
1 1 13
1 1 15
1 1 17
1 1 20
1 1 21
1 1 23
1 1 26
1 1 27
1 1 31
1 1 33
1 1 34
1 1 35
1 1 41
1 1 42
1 1 43
1 1 45
1 1 47
1 1 49
1 1 50
1 1 51
1 1 52
1 1 56
1 1 57
1 1 58
1 1 61
1 1 63
1 1 64
1 1 65
1 1 69
1 1 70
1 1 76
1 1 77
1 1 79
1 1 81
1 1 85
1 1 86
1 1 88
1 1 89
1 1 94
1 1 95
1 1 96
1 1 97
1 1 101
1 1 103
1 1 104
1 1 105
1 1 106
1 1 107
1 1 108
1 1 110
1 1 112
1 1 113
1 1 116
1 1 119
1 1 121
1 1 122
1 1 123
1 1 125
1 1 126
1 1 132
1 1 134
1 1 138
1 1 139
1 2 0
1 2 3
1 2 4
1 2 5
1 2 6
1 2 7
1 2 9
1 2 10
1 2 11
1 2 12
1 2 15
1 2 17
1 2 18
1 2 21
1 2 23
1 2 26
1 2 27
1 2 30
1 2 31
1 2 32
1 2 33
1 2 35
1 2 42
1 2 44
1 2 45
1 2 46
1 2 49
1 2 50
1 2 52
1 2 53
1 2 55
1 2 56
1 2 58
1 2 60
1 2 62
1 2 64
1 2 65
1 2 69
1 2 70
1 2 71
1 2 72
1 2 74
1 2 81
1 2 83
1 2 84
1 2 85
1 2 89
1 2 90
1 2 91
1 2 92
1 2 94
1 2 95
1 2 96
1 2 98
1 2 100
1 2 101
1 2 105
1 2 106
1 2 107
1 2 110
1 2 112
1 2 113
1 2 115
1 2 116
1 2 119
1 2 120
1 2 122
1 2 123
1 2 126
1 2 127
1 2 128
1 2 129
1 2 130
1 2 131
1 2 134
1 2 139
1 3 1
1 3 3
1 3 4
1 3 6
1 3 8
1 3 9
1 3 11
1 3 16
1 3 17
1 3 18
1 3 22
1 3 23
1 3 24
1 3 25
1 3 26
1 3 28
1 3 29
1 3 31
1 3 33
1 3 34
1 3 36
1 3 38
1 3 39
1 3 41
1 3 43
1 3 45
1 3 47
1 3 48
1 3 49
1 3 50
1 3 52
1 3 53
1 3 55
1 3 56
1 3 57
1 3 59
1 3 60
1 3 61
1 3 62
1 3 64
1 3 68
1 3 71
1 3 72
1 3 74
1 3 75
1 3 78
1 3 79
1 3 81
1 3 82
1 3 83
1 3 85
1 3 86
1 3 87
1 3 88
1 3 90
1 3 92
1 3 95
1 3 96
1 3 97
1 3 99
1 3 101
1 3 106
1 3 110
1 3 112
1 3 113
1 3 116
1 3 117
1 3 120
1 3 122
1 3 124
1 3 128
1 3 130
1 3 132
1 3 133
1 3 134
1 3 135
1 3 138
1 3 139
1 4 4
1 4 5
1 4 6
1 4 7
1 4 8
1 4 11
1 4 14
1 4 15
1 4 17
1 4 18
1 4 21
1 4 26
1 4 27
1 4 28
1 4 29
1 4 30
1 4 31
1 4 32
1 4 33
1 4 34
1 4 35
1 4 39
1 4 40
1 4 42
1 4 46
1 4 51
1 4 53
1 4 54
1 4 56
1 4 58
1 4 59
1 4 60
1 4 61
1 4 62
1 4 64
1 4 66
1 4 67
1 4 71
1 4 74
1 4 76
1 4 77
1 4 78
1 4 79
1 4 80
1 4 82
1 4 85
1 4 86
1 4 87
1 4 89
1 4 90
1 4 91
1 4 92
1 4 94
1 4 95
1 4 96
1 4 97
1 4 99
1 4 104
1 4 110
1 4 113
1 4 116
1 4 118
1 4 120
1 4 122
1 4 124
1 4 126
1 4 130
1 4 131
1 4 132
1 4 135
1 4 136
1 4 137
1 4 139
1 5 1
1 5 5
1 5 7
1 5 8
1 5 9
1 5 10
1 5 14
1 5 15
1 5 18
1 5 19
1 5 23
1 5 25
1 5 26
1 5 29
1 5 30
1 5 33
1 5 34
1 5 35
1 5 36
1 5 40
1 5 41
1 5 43
1 5 44
1 5 46
1 5 48
1 5 49
1 5 51
1 5 53
1 5 54
1 5 55
1 5 56
1 5 57
1 5 58
1 5 60
1 5 62
1 5 66
1 5 68
1 5 75
1 5 77
1 5 78
1 5 80
1 5 81
1 5 83
1 5 84
1 5 85
1 5 86
1 5 90
1 5 91
1 5 92
1 5 93
1 5 95
1 5 96
1 5 99
1 5 100
1 5 101
1 5 102
1 5 103
1 5 104
1 5 105
1 5 110
1 5 111
1 5 112
1 5 114
1 5 115
1 5 116
1 5 118
1 5 119
1 5 120
1 5 122
1 5 123
1 5 124
1 5 126
1 5 127
1 5 132
1 5 134
1 5 135
1 5 137
1 5 138
1 5 139
1 6 0
1 6 1
1 6 3
1 6 4
1 6 5
1 6 6
1 6 7
1 6 9
1 6 12
1 6 13
1 6 14
1 6 17
1 6 18
1 6 20
1 6 21
1 6 25
1 6 26
1 6 27
1 6 29
1 6 34
1 6 36
1 6 39
1 6 40
1 6 46
1 6 48
1 6 50
1 6 52
1 6 54
1 6 55
1 6 56
1 6 58
1 6 61
1 6 62
1 6 64
1 6 65
1 6 66
1 6 67
1 6 69
1 6 70
1 6 71
1 6 74
1 6 75
1 6 77
1 6 79
1 6 81
1 6 82
1 6 83
1 6 84
1 6 86
1 6 87
1 6 90
1 6 93
1 6 94
1 6 95
1 6 97
1 6 99
1 6 100
1 6 101
1 6 103
1 6 104
1 6 106
1 6 107
1 6 108
1 6 109
1 6 113
1 6 117
1 6 118
1 6 120
1 6 122
1 6 123
1 6 125
1 6 127
1 6 131
1 6 133
1 6 136
1 6 139
1 7 0
1 7 2
1 7 3
1 7 4
1 7 5
1 7 8
1 7 10
1 7 11
1 7 14
1 7 16
1 7 17
1 7 18
1 7 20
1 7 22
1 7 34
1 7 36
1 7 39
1 7 40
1 7 41
1 7 43
1 7 44
1 7 45
1 7 49
1 7 55
1 7 58
1 7 60
1 7 61
1 7 62
1 7 63
1 7 64
1 7 65
1 7 66
1 7 70
1 7 71
1 7 72
1 7 73
1 7 75
1 7 76
1 7 77
1 7 78
1 7 80
1 7 84
1 7 87
1 7 89
1 7 92
1 7 97
1 7 99
1 7 103
1 7 107
1 7 110
1 7 112
1 7 113
1 7 114
1 7 115
1 7 116
1 7 117
1 7 118
1 7 119
1 7 122
1 7 123
1 7 126
1 7 127
1 7 128
1 7 129
1 7 130
1 7 131
1 7 132
1 7 136
1 7 138
1 8 4
1 8 5
1 8 7
1 8 10
1 8 11
1 8 12
1 8 13
1 8 14
1 8 15
1 8 18
1 8 20
1 8 22
1 8 23
1 8 25
1 8 27
1 8 28
1 8 30
1 8 32
1 8 33
1 8 35
1 8 36
1 8 39
1 8 41
1 8 42
1 8 44
1 8 48
1 8 51
1 8 52
1 8 53
1 8 54
1 8 55
1 8 60
1 8 62
1 8 63
1 8 64
1 8 67
1 8 68
1 8 69
1 8 72
1 8 75
1 8 76
1 8 77
1 8 79
1 8 81
1 8 84
1 8 86
1 8 87
1 8 88
1 8 93
1 8 95
1 8 98
1 8 99
1 8 100
1 8 101
1 8 102
1 8 105
1 8 107
1 8 108
1 8 111
1 8 115
1 8 117
1 8 118
1 8 120
1 8 123
1 8 129
1 8 130
1 8 132
1 8 133
1 8 136
1 8 137
1 8 138
1 8 139
1 9 1
1 9 2
1 9 7
1 9 8
1 9 11
1 9 12
1 9 13
1 9 14
1 9 15
1 9 20
1 9 23
1 9 25
1 9 26
1 9 27
1 9 30
1 9 32
1 9 36
1 9 38
1 9 39
1 9 40
1 9 41
1 9 44
1 9 46
1 9 47
1 9 48
1 9 50
1 9 51
1 9 52
1 9 53
1 9 54
1 9 57
1 9 59
1 9 61
1 9 63
1 9 64
1 9 65
1 9 66
1 9 67
1 9 69
1 9 70
1 9 72
1 9 73
1 9 75
1 9 77
1 9 79
1 9 84
1 9 85
1 9 87
1 9 88
1 9 89
1 9 92
1 9 93
1 9 96
1 9 97
1 9 98
1 9 102
1 9 104
1 9 105
1 9 106
1 9 107
1 9 110
1 9 112
1 9 114
1 9 117
1 9 118
1 9 119
1 9 120
1 9 122
1 9 123
1 9 126
1 9 127
1 9 129
1 9 130
1 9 134
1 9 138
1 10 2
1 10 3
1 10 4
1 10 8
1 10 10
1 10 11
1 10 12
1 10 14
1 10 16
1 10 17
1 10 20
1 10 22
1 10 23
1 10 25
1 10 26
1 10 28
1 10 30
1 10 32
1 10 33
1 10 35
1 10 36
1 10 38
1 10 45
1 10 49
1 10 51
1 10 52
1 10 53
1 10 56
1 10 58
1 10 60
1 10 61
1 10 62
1 10 63
1 10 68
1 10 72
1 10 73
1 10 74
1 10 76
1 10 80
1 10 83
1 10 85
1 10 87
1 10 88
1 10 89
1 10 90
1 10 92
1 10 93
1 10 94
1 10 95
1 10 98
1 10 100
1 10 102
1 10 103
1 10 104
1 10 106
1 10 108
1 10 110
1 10 111
1 10 116
1 10 117
1 10 119
1 10 123
1 10 124
1 10 125
1 10 127
1 10 128
1 10 129
1 10 130
1 10 132
1 10 134
1 10 136
1 10 139
1 11 0
1 11 1
1 11 2
1 11 5
1 11 7
1 11 9
1 11 10
1 11 16
1 11 19
1 11 21
1 11 23
1 11 24
1 11 26
1 11 27
1 11 28
1 11 32
1 11 33
1 11 35
1 11 36
1 11 37
1 11 38
1 11 42
1 11 47
1 11 48
1 11 51
1 11 56
1 11 57
1 11 59
1 11 61
1 11 63
1 11 66
1 11 67
1 11 69
1 11 70
1 11 73
1 11 74
1 11 75
1 11 79
1 11 80
1 11 82
1 11 83
1 11 84
1 11 85
1 11 86
1 11 89
1 11 91
1 11 93
1 11 94
1 11 95
1 11 96
1 11 97
1 11 98
1 11 99
1 11 100
1 11 101
1 11 104
1 11 105
1 11 106
1 11 107
1 11 108
1 11 109
1 11 111
1 11 112
1 11 114
1 11 117
1 11 120
1 11 122
1 11 123
1 11 126
1 11 127
1 11 128
1 11 129
1 11 131
1 11 132
1 11 135
1 11 137
1 12 3
1 12 6
1 12 8
1 12 9
1 12 12
1 12 13
1 12 15
1 12 17
1 12 18
1 12 22
1 12 23
1 12 24
1 12 25
1 12 26
1 12 27
1 12 30
1 12 31
1 12 33
1 12 34
1 12 36
1 12 37
1 12 39
1 12 40
1 12 41
1 12 42
1 12 45
1 12 46
1 12 47
1 12 48
1 12 53
1 12 54
1 12 56
1 12 59
1 12 60
1 12 61
1 12 62
1 12 63
1 12 64
1 12 65
1 12 69
1 12 71
1 12 72
1 12 73
1 12 74
1 12 75
1 12 76
1 12 77
1 12 78
1 12 82
1 12 84
1 12 87
1 12 89
1 12 90
1 12 91
1 12 98
1 12 99
1 12 100
1 12 104
1 12 105
1 12 106
1 12 111
1 12 114
1 12 115
1 12 116
1 12 117
1 12 118
1 12 120
1 12 121
1 12 124
1 12 126
1 12 127
1 12 129
1 12 130
1 12 132
1 12 137
1 12 139
1 13 0
1 13 2
1 13 3
1 13 5
1 13 6
1 13 7
1 13 9
1 13 10
1 13 11
1 13 14
1 13 16
1 13 17
1 13 19
1 13 20
1 13 21
1 13 22
1 13 23
1 13 24
1 13 28
1 13 30
1 13 31
1 13 32
1 13 33
1 13 34
1 13 39
1 13 40
1 13 41
1 13 43
1 13 44
1 13 45
1 13 46
1 13 50
1 13 51
1 13 52
1 13 53
1 13 54
1 13 55
1 13 56
1 13 58
1 13 61
1 13 62
1 13 63
1 13 65
1 13 66
1 13 70
1 13 71
1 13 72
1 13 73
1 13 76
1 13 77
1 13 79
1 13 81
1 13 83
1 13 86
1 13 87
1 13 89
1 13 90
1 13 91
1 13 92
1 13 93
1 13 94
1 13 95
1 13 96
1 13 99
1 13 101
1 13 102
1 13 103
1 13 105
1 13 106
1 13 107
1 13 109
1 13 110
1 13 111
1 13 112
1 13 114
1 13 115
1 13 118
1 13 121
1 13 124
1 13 127
1 13 128
1 13 130
1 13 131
1 13 132
1 13 138
1 14 3
1 14 4
1 14 7
1 14 8
1 14 12
1 14 14
1 14 16
1 14 18
1 14 19
1 14 24
1 14 25
1 14 26
1 14 28
1 14 30
1 14 32
1 14 33
1 14 35
1 14 36
1 14 38
1 14 39
1 14 41
1 14 47
1 14 52
1 14 54
1 14 56
1 14 58
1 14 59
1 14 63
1 14 66
1 14 70
1 14 79
1 14 81
1 14 83
1 14 84
1 14 85
1 14 88
1 14 93
1 14 94
1 14 95
1 14 98
1 14 99
1 14 101
1 14 102
1 14 103
1 14 106
1 14 108
1 14 110
1 14 111
1 14 114
1 14 116
1 14 117
1 14 118
1 14 119
1 14 121
1 14 123
1 14 125
1 14 130
1 14 132
1 14 135
1 14 137
1 14 139
1 15 1
1 15 2
1 15 6
1 15 7
1 15 9
1 15 12
1 15 18
1 15 20
1 15 21
1 15 22
1 15 23
1 15 26
1 15 27
1 15 31
1 15 32
1 15 33
1 15 38
1 15 41
1 15 44
1 15 45
1 15 47
1 15 48
1 15 51
1 15 52
1 15 53
1 15 57
1 15 58
1 15 59
1 15 60
1 15 65
1 15 66
1 15 69
1 15 75
1 15 77
1 15 78
1 15 79
1 15 80
1 15 81
1 15 84
1 15 85
1 15 88
1 15 91
1 15 92
1 15 93
1 15 94
1 15 95
1 15 96
1 15 97
1 15 98
1 15 99
1 15 100
1 15 102
1 15 104
1 15 108
1 15 111
1 15 113
1 15 115
1 15 118
1 15 119
1 15 120
1 15 125
1 15 127
1 15 133
1 16 0
1 16 2
1 16 3
1 16 6
1 16 7
1 16 10
1 16 11
1 16 13
1 16 14
1 16 15
1 16 18
1 16 20
1 16 25
1 16 26
1 16 28
1 16 30
1 16 32
1 16 36
1 16 38
1 16 44
1 16 46
1 16 47
1 16 48
1 16 52
1 16 53
1 16 55
1 16 56
1 16 61
1 16 64
1 16 65
1 16 66
1 16 67
1 16 72
1 16 76
1 16 77
1 16 81
1 16 84
1 16 85
1 16 89
1 16 91
1 16 92
1 16 95
1 16 96
1 16 98
1 16 99
1 16 100
1 16 101
1 16 102
1 16 103
1 16 104
1 16 107
1 16 109
1 16 111
1 16 112
1 16 114
1 16 117
1 16 118
1 16 119
1 16 122
1 16 124
1 16 126
1 16 129
1 16 130
1 16 133
1 16 134
1 17 0
1 17 1
1 17 2
1 17 4
1 17 5
1 17 6
1 17 8
1 17 9
1 17 10
1 17 12
1 17 13
1 17 14
1 17 16
1 17 17
1 17 18
1 17 21
1 17 22
1 17 25
1 17 26
1 17 28
1 17 29
1 17 30
1 17 31
1 17 35
1 17 36
1 17 39
1 17 41
1 17 42
1 17 44
1 17 45
1 17 50
1 17 51
1 17 53
1 17 57
1 17 58
1 17 60
1 17 61
1 17 62
1 17 63
1 17 65
1 17 66
1 17 67
1 17 69
1 17 70
1 17 72
1 17 78
1 17 79
1 17 81
1 17 85
1 17 86
1 17 89
1 17 90
1 17 91
1 17 92
1 17 93
1 17 94
1 17 95
1 17 96
1 17 97
1 17 98
1 17 100
1 17 104
1 17 107
1 17 108
1 17 109
1 17 110
1 17 114
1 17 116
1 17 117
1 17 119
1 17 120
1 17 121
1 17 122
1 17 123
1 17 125
1 17 127
1 17 130
1 17 131
1 17 132
1 17 133
1 17 137
1 17 138
1 17 139
1 18 0
1 18 3
1 18 6
1 18 7
1 18 8
1 18 10
1 18 13
1 18 14
1 18 19
1 18 25
1 18 26
1 18 27
1 18 32
1 18 34
1 18 35
1 18 36
1 18 39
1 18 42
1 18 43
1 18 44
1 18 46
1 18 49
1 18 50
1 18 52
1 18 54
1 18 55
1 18 59
1 18 62
1 18 66
1 18 67
1 18 68
1 18 69
1 18 71
1 18 72
1 18 76
1 18 77
1 18 84
1 18 86
1 18 87
1 18 88
1 18 91
1 18 93
1 18 94
1 18 95
1 18 97
1 18 98
1 18 103
1 18 105
1 18 106
1 18 107
1 18 108
1 18 113
1 18 115
1 18 116
1 18 118
1 18 119
1 18 122
1 18 125
1 18 126
1 18 128
1 18 129
1 18 133
1 18 134
1 19 4
1 19 5
1 19 6
1 19 10
1 19 11
1 19 15
1 19 19
1 19 20
1 19 22
1 19 23
1 19 25
1 19 27
1 19 28
1 19 30
1 19 32
1 19 33
1 19 34
1 19 35
1 19 37
1 19 39
1 19 44
1 19 47
1 19 51
1 19 52
1 19 53
1 19 54
1 19 57
1 19 59
1 19 61
1 19 62
1 19 66
1 19 67
1 19 69
1 19 73
1 19 79
1 19 81
1 19 83
1 19 86
1 19 90
1 19 91
1 19 92
1 19 94
1 19 95
1 19 98
1 19 100
1 19 104
1 19 106
1 19 107
1 19 108
1 19 110
1 19 113
1 19 114
1 19 115
1 19 119
1 19 120
1 19 123
1 19 126
1 19 127
1 19 128
1 19 130
1 19 132
1 19 135
1 19 136
1 19 137
1 19 139
1 20 1
1 20 2
1 20 4
1 20 5
1 20 6
1 20 7
1 20 8
1 20 9
1 20 13
1 20 14
1 20 17
1 20 18
1 20 21
1 20 23
1 20 25
1 20 26
1 20 29
1 20 31
1 20 32
1 20 33
1 20 34
1 20 35
1 20 38
1 20 41
1 20 43
1 20 46
1 20 47
1 20 53
1 20 55
1 20 57
1 20 59
1 20 60
1 20 62
1 20 63
1 20 66
1 20 67
1 20 68
1 20 69
1 20 71
1 20 73
1 20 74
1 20 75
1 20 78
1 20 79
1 20 81
1 20 83
1 20 88
1 20 89
1 20 90
1 20 91
1 20 92
1 20 95
1 20 97
1 20 98
1 20 100
1 20 103
1 20 107
1 20 110
1 20 111
1 20 112
1 20 118
1 20 120
1 20 121
1 20 122
1 20 125
1 20 129
1 20 131
1 20 133
1 20 134
1 20 136
1 20 137
1 20 138
1 21 2
1 21 3
1 21 8
1 21 11
1 21 12
1 21 14
1 21 15
1 21 16
1 21 20
1 21 21
1 21 24
1 21 25
1 21 26
1 21 28
1 21 30
1 21 32
1 21 36
1 21 37
1 21 38
1 21 40
1 21 42
1 21 43
1 21 45
1 21 47
1 21 48
1 21 49
1 21 50
1 21 55
1 21 56
1 21 59
1 21 61
1 21 62
1 21 64
1 21 67
1 21 69
1 21 70
1 21 73
1 21 74
1 21 75
1 21 76
1 21 77
1 21 78
1 21 79
1 21 80
1 21 82
1 21 85
1 21 86
1 21 88
1 21 91
1 21 92
1 21 94
1 21 97
1 21 98
1 21 99
1 21 101
1 21 110
1 21 111
1 21 113
1 21 114
1 21 115
1 21 116
1 21 117
1 21 121
1 21 123
1 21 124
1 21 126
1 21 127
1 21 129
1 21 130
1 21 131
1 21 132
1 21 135
1 21 137
1 21 139
1 22 0
1 22 1
1 22 2
1 22 3
1 22 5
1 22 7
1 22 8
1 22 10
1 22 16
1 22 21
1 22 22
1 22 24
1 22 25
1 22 27
1 22 29
1 22 30
1 22 31
1 22 32
1 22 33
1 22 34
1 22 35
1 22 40
1 22 41
1 22 43
1 22 45
1 22 46
1 22 47
1 22 49
1 22 52
1 22 53
1 22 54
1 22 55
1 22 59
1 22 60
1 22 61
1 22 62
1 22 64
1 22 65
1 22 68
1 22 71
1 22 74
1 22 75
1 22 76
1 22 80
1 22 81
1 22 83
1 22 84
1 22 85
1 22 86
1 22 87
1 22 88
1 22 91
1 22 92
1 22 96
1 22 98
1 22 101
1 22 104
1 22 106
1 22 109
1 22 114
1 22 116
1 22 118
1 22 119
1 22 120
1 22 122
1 22 124
1 22 128
1 22 135
1 22 136
1 22 137
1 22 138
1 23 1
1 23 3
1 23 5
1 23 7
1 23 8
1 23 9
1 23 11
1 23 12
1 23 14
1 23 18
1 23 19
1 23 20
1 23 21
1 23 23
1 23 25
1 23 26
1 23 27
1 23 28
1 23 29
1 23 31
1 23 32
1 23 33
1 23 35
1 23 36
1 23 37
1 23 39
1 23 40
1 23 43
1 23 45
1 23 46
1 23 48
1 23 50
1 23 53
1 23 55
1 23 56
1 23 57
1 23 58
1 23 60
1 23 61
1 23 62
1 23 63
1 23 65
1 23 69
1 23 70
1 23 72
1 23 74
1 23 75
1 23 76
1 23 80
1 23 82
1 23 90
1 23 91
1 23 92
1 23 94
1 23 98
1 23 100
1 23 102
1 23 103
1 23 106
1 23 107
1 23 108
1 23 111
1 23 112
1 23 113
1 23 114
1 23 115
1 23 117
1 23 124
1 23 128
1 23 129
1 23 131
1 23 135
1 23 138
1 24 0
1 24 1
1 24 2
1 24 4
1 24 5
1 24 7
1 24 8
1 24 10
1 24 11
1 24 14
1 24 15
1 24 16
1 24 20
1 24 21
1 24 24
1 24 25
1 24 27
1 24 29
1 24 30
1 24 34
1 24 36
1 24 38
1 24 39
1 24 43
1 24 46
1 24 50
1 24 51
1 24 53
1 24 56
1 24 57
1 24 58
1 24 61
1 24 63
1 24 64
1 24 65
1 24 66
1 24 67
1 24 69
1 24 72
1 24 73
1 24 74
1 24 75
1 24 82
1 24 84
1 24 86
1 24 89
1 24 90
1 24 95
1 24 96
1 24 99
1 24 102
1 24 103
1 24 104
1 24 108
1 24 110
1 24 111
1 24 114
1 24 116
1 24 117
1 24 119
1 24 121
1 24 123
1 24 125
1 24 127
1 24 131
1 24 135
1 24 137
1 24 139
1 25 1
1 25 6
1 25 7
1 25 8
1 25 9
1 25 14
1 25 16
1 25 19
1 25 20
1 25 21
1 25 22
1 25 25
1 25 26
1 25 28
1 25 29
1 25 30
1 25 31
1 25 32
1 25 34
1 25 36
1 25 40
1 25 41
1 25 43
1 25 44
1 25 49
1 25 50
1 25 51
1 25 53
1 25 56
1 25 57
1 25 61
1 25 62
1 25 64
1 25 65
1 25 68
1 25 69
1 25 70
1 25 71
1 25 72
1 25 74
1 25 76
1 25 77
1 25 81
1 25 82
1 25 86
1 25 87
1 25 89
1 25 90
1 25 92
1 25 94
1 25 95
1 25 96
1 25 97
1 25 98
1 25 100
1 25 103
1 25 104
1 25 105
1 25 106
1 25 108
1 25 110
1 25 111
1 25 112
1 25 114
1 25 115
1 25 117
1 25 118
1 25 122
1 25 123
1 25 129
1 25 132
1 25 134
1 25 135
1 25 137
1 25 139
1 26 0
1 26 2
1 26 3
1 26 4
1 26 5
1 26 6
1 26 8
1 26 14
1 26 15
1 26 17
1 26 18
1 26 19
1 26 20
1 26 21
1 26 22
1 26 23
1 26 26
1 26 27
1 26 29
1 26 30
1 26 31
1 26 32
1 26 33
1 26 35
1 26 37
1 26 38
1 26 40
1 26 41
1 26 43
1 26 45
1 26 46
1 26 47
1 26 49
1 26 51
1 26 52
1 26 54
1 26 55
1 26 60
1 26 61
1 26 64
1 26 65
1 26 68
1 26 70
1 26 71
1 26 75
1 26 80
1 26 81
1 26 82
1 26 86
1 26 87
1 26 88
1 26 90
1 26 92
1 26 93
1 26 94
1 26 95
1 26 98
1 26 101
1 26 102
1 26 103
1 26 104
1 26 108
1 26 110
1 26 115
1 26 118
1 26 119
1 26 121
1 26 122
1 26 123
1 26 124
1 26 126
1 26 127
1 26 128
1 26 131
1 26 132
1 26 133
1 26 136
1 26 137
1 27 0
1 27 2
1 27 3
1 27 5
1 27 8
1 27 9
1 27 10
1 27 13
1 27 14
1 27 16
1 27 20
1 27 23
1 27 24
1 27 28
1 27 29
1 27 33
1 27 34
1 27 35
1 27 37
1 27 41
1 27 48
1 27 54
1 27 57
1 27 58
1 27 63
1 27 65
1 27 66
1 27 70
1 27 72
1 27 73
1 27 76
1 27 77
1 27 78
1 27 80
1 27 83
1 27 84
1 27 87
1 27 89
1 27 90
1 27 91
1 27 92
1 27 94
1 27 95
1 27 98
1 27 101
1 27 103
1 27 104
1 27 105
1 27 110
1 27 111
1 27 112
1 27 113
1 27 115
1 27 116
1 27 117
1 27 119
1 27 122
1 27 124
1 27 126
1 27 130
1 27 131
1 27 135
1 27 136
1 27 137
1 27 138
1 27 139
1 28 0
1 28 1
1 28 2
1 28 6
1 28 9
1 28 10
1 28 11
1 28 12
1 28 14
1 28 15
1 28 20
1 28 22
1 28 24
1 28 27
1 28 34
1 28 36
1 28 37
1 28 38
1 28 41
1 28 42
1 28 46
1 28 47
1 28 51
1 28 52
1 28 53
1 28 54
1 28 57
1 28 67
1 28 68
1 28 69
1 28 70
1 28 71
1 28 73
1 28 76
1 28 77
1 28 79
1 28 81
1 28 85
1 28 86
1 28 87
1 28 88
1 28 89
1 28 93
1 28 97
1 28 99
1 28 101
1 28 102
1 28 103
1 28 104
1 28 105
1 28 106
1 28 108
1 28 110
1 28 111
1 28 112
1 28 113
1 28 114
1 28 115
1 28 116
1 28 118
1 28 121
1 28 122
1 28 123
1 28 124
1 28 126
1 28 128
1 28 129
1 28 132
1 28 136
1 28 137
1 29 0
1 29 2
1 29 5
1 29 8
1 29 10
1 29 11
1 29 14
1 29 15
1 29 16
1 29 19
1 29 20
1 29 21
1 29 26
1 29 27
1 29 29
1 29 31
1 29 32
1 29 33
1 29 35
1 29 36
1 29 37
1 29 38
1 29 39
1 29 45
1 29 46
1 29 47
1 29 48
1 29 50
1 29 51
1 29 52
1 29 53
1 29 55
1 29 58
1 29 65
1 29 66
1 29 67
1 29 68
1 29 72
1 29 76
1 29 77
1 29 78
1 29 80
1 29 86
1 29 87
1 29 88
1 29 89
1 29 90
1 29 91
1 29 92
1 29 93
1 29 96
1 29 99
1 29 100
1 29 101
1 29 103
1 29 104
1 29 105
1 29 110
1 29 113
1 29 120
1 29 121
1 29 122
1 29 123
1 29 124
1 29 125
1 29 126
1 29 127
1 29 128
1 29 129
1 29 131
1 29 133
1 29 135
1 29 136
1 29 137
1 30 1
1 30 2
1 30 5
1 30 7
1 30 9
1 30 10
1 30 11
1 30 12
1 30 13
1 30 14
1 30 15
1 30 20
1 30 23
1 30 24
1 30 26
1 30 27
1 30 29
1 30 31
1 30 33
1 30 34
1 30 36
1 30 39
1 30 44
1 30 45
1 30 46
1 30 48
1 30 49
1 30 55
1 30 57
1 30 61
1 30 63
1 30 64
1 30 66
1 30 67
1 30 68
1 30 71
1 30 73
1 30 77
1 30 78
1 30 79
1 30 81
1 30 82
1 30 83
1 30 85
1 30 86
1 30 88
1 30 90
1 30 95
1 30 97
1 30 98
1 30 99
1 30 100
1 30 101
1 30 102
1 30 108
1 30 109
1 30 111
1 30 116
1 30 119
1 30 120
1 30 121
1 30 122
1 30 126
1 30 128
1 30 129
1 30 134
1 30 135
1 31 0
1 31 1
1 31 3
1 31 4
1 31 7
1 31 8
1 31 12
1 31 15
1 31 16
1 31 17
1 31 18
1 31 20
1 31 21
1 31 22
1 31 24
1 31 26
1 31 29
1 31 30
1 31 35
1 31 36
1 31 40
1 31 41
1 31 43
1 31 44
1 31 45
1 31 46
1 31 49
1 31 50
1 31 51
1 31 55
1 31 57
1 31 59
1 31 60
1 31 61
1 31 65
1 31 66
1 31 68
1 31 69
1 31 71
1 31 73
1 31 78
1 31 79
1 31 80
1 31 82
1 31 84
1 31 85
1 31 88
1 31 89
1 31 93
1 31 94
1 31 97
1 31 98
1 31 99
1 31 100
1 31 101
1 31 103
1 31 104
1 31 107
1 31 109
1 31 110
1 31 113
1 31 119
1 31 120
1 31 121
1 31 122
1 31 123
1 31 124
1 31 127
1 31 128
1 31 129
1 31 131
1 32 2
1 32 3
1 32 4
1 32 6
1 32 8
1 32 9
1 32 11
1 32 15
1 32 21
1 32 23
1 32 24
1 32 25
1 32 27
1 32 29
1 32 30
1 32 31
1 32 32
1 32 35
1 32 36
1 32 37
1 32 39
1 32 42
1 32 45
1 32 48
1 32 49
1 32 50
1 32 51
1 32 52
1 32 53
1 32 55
1 32 56
1 32 59
1 32 63
1 32 64
1 32 65
1 32 66
1 32 67
1 32 70
1 32 74
1 32 76
1 32 77
1 32 79
1 32 80
1 32 82
1 32 83
1 32 88
1 32 95
1 32 99
1 32 100
1 32 104
1 32 105
1 32 109
1 32 110
1 32 113
1 32 115
1 32 116
1 32 118
1 32 122
1 32 123
1 32 128
1 32 129
1 32 130
1 32 131
1 32 132
1 32 133
1 32 136
1 32 138
1 33 1
1 33 3
1 33 6
1 33 7
1 33 8
1 33 10
1 33 11
1 33 12
1 33 14
1 33 15
1 33 22
1 33 24
1 33 26
1 33 28
1 33 29
1 33 30
1 33 31
1 33 33
1 33 39
1 33 41
1 33 42
1 33 43
1 33 47
1 33 49
1 33 53
1 33 55
1 33 56
1 33 62
1 33 65
1 33 66
1 33 67
1 33 68
1 33 71
1 33 72
1 33 76
1 33 78
1 33 81
1 33 82
1 33 87
1 33 89
1 33 92
1 33 93
1 33 94
1 33 97
1 33 98
1 33 99
1 33 101
1 33 103
1 33 105
1 33 106
1 33 107
1 33 108
1 33 112
1 33 115
1 33 118
1 33 121
1 33 122
1 33 124
1 33 128
1 33 131
1 33 132
1 33 135
1 33 136
1 33 137
1 33 138
1 33 139
1 34 1
1 34 2
1 34 4
1 34 9
1 34 13
1 34 14
1 34 17
1 34 18
1 34 19
1 34 20
1 34 24
1 34 27
1 34 32
1 34 33
1 34 35
1 34 36
1 34 39
1 34 43
1 34 44
1 34 45
1 34 55
1 34 56
1 34 62
1 34 64
1 34 66
1 34 68
1 34 74
1 34 75
1 34 78
1 34 81
1 34 82
1 34 91
1 34 93
1 34 102
1 34 105
1 34 106
1 34 107
1 34 108
1 34 109
1 34 112
1 34 121
1 34 123
1 34 125
1 34 126
1 34 128
1 34 131
1 34 133
1 34 136
1 34 137
1 34 139
1 35 0
1 35 1
1 35 2
1 35 3
1 35 4
1 35 5
1 35 7
1 35 8
1 35 9
1 35 11
1 35 12
1 35 13
1 35 15
1 35 16
1 35 19
1 35 20
1 35 24
1 35 25
1 35 33
1 35 35
1 35 36
1 35 37
1 35 38
1 35 39
1 35 40
1 35 41
1 35 42
1 35 44
1 35 45
1 35 49
1 35 60
1 35 66
1 35 67
1 35 68
1 35 69
1 35 75
1 35 77
1 35 79
1 35 81
1 35 83
1 35 84
1 35 85
1 35 88
1 35 89
1 35 90
1 35 92
1 35 94
1 35 95
1 35 96
1 35 97
1 35 100
1 35 105
1 35 106
1 35 107
1 35 110
1 35 115
1 35 117
1 35 118
1 35 119
1 35 120
1 35 123
1 35 124
1 35 128
1 35 131
1 35 133
1 35 134
1 35 135
1 35 137
1 35 139
1 36 0
1 36 5
1 36 6
1 36 8
1 36 9
1 36 10
1 36 12
1 36 14
1 36 16
1 36 18
1 36 19
1 36 20
1 36 22
1 36 23
1 36 24
1 36 28
1 36 31
1 36 32
1 36 34
1 36 35
1 36 36
1 36 39
1 36 41
1 36 42
1 36 44
1 36 45
1 36 47
1 36 51
1 36 53
1 36 55
1 36 61
1 36 62
1 36 63
1 36 67
1 36 72
1 36 79
1 36 80
1 36 83
1 36 85
1 36 86
1 36 90
1 36 97
1 36 98
1 36 101
1 36 102
1 36 104
1 36 105
1 36 107
1 36 108
1 36 110
1 36 111
1 36 115
1 36 117
1 36 118
1 36 119
1 36 122
1 36 125
1 36 129
1 36 131
1 36 132
1 36 136
1 36 137
1 36 138
1 37 1
1 37 2
1 37 4
1 37 8
1 37 11
1 37 12
1 37 13
1 37 15
1 37 16
1 37 18
1 37 19
1 37 20
1 37 23
1 37 29
1 37 30
1 37 31
1 37 32
1 37 34
1 37 39
1 37 40
1 37 41
1 37 44
1 37 48
1 37 49
1 37 50
1 37 51
1 37 56
1 37 60
1 37 61
1 37 62
1 37 63
1 37 65
1 37 66
1 37 67
1 37 68
1 37 69
1 37 70
1 37 71
1 37 72
1 37 73
1 37 76
1 37 77
1 37 85
1 37 90
1 37 91
1 37 92
1 37 94
1 37 96
1 37 97
1 37 98
1 37 99
1 37 100
1 37 101
1 37 102
1 37 103
1 37 105
1 37 107
1 37 110
1 37 116
1 37 117
1 37 118
1 37 119
1 37 120
1 37 121
1 37 123
1 37 124
1 37 125
1 37 128
1 37 129
1 37 132
1 37 135
1 37 136
1 37 137
1 37 139
1 38 1
1 38 4
1 38 5
1 38 6
1 38 8
1 38 12
1 38 13
1 38 16
1 38 20
1 38 21
1 38 23
1 38 26
1 38 27
1 38 28
1 38 31
1 38 32
1 38 34
1 38 36
1 38 38
1 38 40
1 38 41
1 38 43
1 38 45
1 38 47
1 38 48
1 38 49
1 38 52
1 38 53
1 38 55
1 38 58
1 38 60
1 38 61
1 38 62
1 38 64
1 38 65
1 38 66
1 38 68
1 38 69
1 38 72
1 38 73
1 38 75
1 38 76
1 38 77
1 38 78
1 38 82
1 38 84
1 38 85
1 38 90
1 38 91
1 38 92
1 38 96
1 38 101
1 38 103
1 38 104
1 38 105
1 38 106
1 38 110
1 38 111
1 38 114
1 38 115
1 38 116
1 38 118
1 38 119
1 38 122
1 38 123
1 38 126
1 38 128
1 38 129
1 38 130
1 38 131
1 38 132
1 39 0
1 39 3
1 39 6
1 39 9
1 39 10
1 39 12
1 39 14
1 39 15
1 39 16
1 39 17
1 39 23
1 39 26
1 39 28
1 39 29
1 39 30
1 39 31
1 39 32
1 39 33
1 39 37
1 39 39
1 39 41
1 39 42
1 39 43
1 39 45
1 39 48
1 39 49
1 39 50
1 39 53
1 39 56
1 39 58
1 39 60
1 39 63
1 39 64
1 39 66
1 39 67
1 39 68
1 39 69
1 39 70
1 39 71
1 39 72
1 39 77
1 39 79
1 39 80
1 39 81
1 39 83
1 39 84
1 39 87
1 39 88
1 39 92
1 39 95
1 39 96
1 39 98
1 39 99
1 39 102
1 39 105
1 39 106
1 39 107
1 39 109
1 39 111
1 39 112
1 39 113
1 39 115
1 39 116
1 39 117
1 39 119
1 39 120
1 39 122
1 39 124
1 39 125
1 39 128
1 39 131
1 39 132
1 39 133
1 39 135
1 39 139
1 40 0
1 40 2
1 40 4
1 40 5
1 40 12
1 40 13
1 40 14
1 40 15
1 40 16
1 40 22
1 40 23
1 40 24
1 40 28
1 40 31
1 40 37
1 40 39
1 40 40
1 40 41
1 40 42
1 40 44
1 40 45
1 40 48
1 40 49
1 40 51
1 40 52
1 40 54
1 40 55
1 40 56
1 40 57
1 40 59
1 40 60
1 40 63
1 40 65
1 40 67
1 40 69
1 40 70
1 40 71
1 40 72
1 40 73
1 40 77
1 40 78
1 40 79
1 40 81
1 40 82
1 40 84
1 40 92
1 40 93
1 40 94
1 40 95
1 40 105
1 40 107
1 40 108
1 40 112
1 40 116
1 40 118
1 40 119
1 40 120
1 40 122
1 40 124
1 40 127
1 40 128
1 40 130
1 40 134
1 40 135
1 40 136
1 41 1
1 41 3
1 41 5
1 41 6
1 41 7
1 41 8
1 41 9
1 41 10
1 41 11
1 41 12
1 41 13
1 41 14
1 41 15
1 41 16
1 41 19
1 41 20
1 41 21
1 41 23
1 41 24
1 41 28
1 41 30
1 41 33
1 41 36
1 41 39
1 41 40
1 41 42
1 41 44
1 41 45
1 41 47
1 41 48
1 41 50
1 41 52
1 41 53
1 41 54
1 41 57
1 41 59
1 41 61
1 41 62
1 41 63
1 41 67
1 41 68
1 41 71
1 41 73
1 41 74
1 41 75
1 41 77
1 41 78
1 41 80
1 41 83
1 41 86
1 41 87
1 41 88
1 41 89
1 41 90
1 41 92
1 41 93
1 41 94
1 41 96
1 41 98
1 41 99
1 41 101
1 41 104
1 41 107
1 41 108
1 41 112
1 41 114
1 41 115
1 41 116
1 41 118
1 41 120
1 41 121
1 41 122
1 41 124
1 41 125
1 41 126
1 41 129
1 41 133
1 41 135
1 41 136
1 41 137
1 41 138
1 42 2
1 42 3
1 42 4
1 42 8
1 42 9
1 42 13
1 42 14
1 42 15
1 42 18
1 42 20
1 42 22
1 42 23
1 42 24
1 42 25
1 42 26
1 42 27
1 42 31
1 42 32
1 42 33
1 42 34
1 42 35
1 42 41
1 42 42
1 42 43
1 42 44
1 42 45
1 42 50
1 42 51
1 42 52
1 42 53
1 42 54
1 42 55
1 42 58
1 42 60
1 42 61
1 42 64
1 42 65
1 42 67
1 42 70
1 42 71
1 42 74
1 42 76
1 42 79
1 42 83
1 42 85
1 42 86
1 42 90
1 42 92
1 42 95
1 42 99
1 42 101
1 42 108
1 42 110
1 42 112
1 42 114
1 42 119
1 42 120
1 42 122
1 42 123
1 42 124
1 42 125
1 42 126
1 42 130
1 42 131
1 42 133
1 42 134
1 42 135
1 42 136
1 42 137
1 43 2
1 43 4
1 43 5
1 43 7
1 43 11
1 43 13
1 43 14
1 43 16
1 43 18
1 43 22
1 43 26
1 43 27
1 43 29
1 43 30
1 43 33
1 43 34
1 43 36
1 43 38
1 43 39
1 43 40
1 43 42
1 43 44
1 43 46
1 43 47
1 43 50
1 43 51
1 43 52
1 43 54
1 43 55
1 43 57
1 43 60
1 43 61
1 43 64
1 43 66
1 43 68
1 43 71
1 43 72
1 43 74
1 43 75
1 43 79
1 43 80
1 43 82
1 43 83
1 43 85
1 43 87
1 43 88
1 43 91
1 43 94
1 43 95
1 43 97
1 43 98
1 43 99
1 43 100
1 43 103
1 43 105
1 43 107
1 43 109
1 43 110
1 43 111
1 43 112
1 43 114
1 43 116
1 43 117
1 43 119
1 43 120
1 43 122
1 43 124
1 43 125
1 43 126
1 43 128
1 43 129
1 43 134
1 43 135
1 43 138
1 43 139
1 44 1
1 44 2
1 44 3
1 44 6
1 44 8
1 44 10
1 44 12
1 44 13
1 44 15
1 44 16
1 44 17
1 44 18
1 44 20
1 44 21
1 44 28
1 44 32
1 44 34
1 44 35
1 44 36
1 44 38
1 44 39
1 44 42
1 44 43
1 44 44
1 44 48
1 44 49
1 44 50
1 44 51
1 44 52
1 44 53
1 44 54
1 44 56
1 44 59
1 44 60
1 44 64
1 44 67
1 44 68
1 44 70
1 44 71
1 44 73
1 44 78
1 44 81
1 44 82
1 44 83
1 44 85
1 44 86
1 44 87
1 44 91
1 44 96
1 44 99
1 44 101
1 44 102
1 44 103
1 44 105
1 44 106
1 44 109
1 44 113
1 44 115
1 44 116
1 44 119
1 44 121
1 44 122
1 44 126
1 44 129
1 44 130
1 44 131
1 44 132
1 44 133
1 44 139
1 45 2
1 45 3
1 45 5
1 45 6
1 45 7
1 45 9
1 45 11
1 45 14
1 45 15
1 45 16
1 45 17
1 45 18
1 45 19
1 45 20
1 45 22
1 45 24
1 45 25
1 45 26
1 45 30
1 45 31
1 45 32
1 45 34
1 45 35
1 45 40
1 45 42
1 45 46
1 45 47
1 45 50
1 45 52
1 45 55
1 45 60
1 45 63
1 45 66
1 45 69
1 45 72
1 45 73
1 45 75
1 45 79
1 45 82
1 45 83
1 45 84
1 45 87
1 45 88
1 45 95
1 45 96
1 45 98
1 45 100
1 45 102
1 45 103
1 45 105
1 45 107
1 45 108
1 45 110
1 45 111
1 45 112
1 45 114
1 45 116
1 45 119
1 45 124
1 45 126
1 45 127
1 45 128
1 45 129
1 45 130
1 45 131
1 45 132
1 45 135
1 45 138
1 46 0
1 46 1
1 46 6
1 46 8
1 46 11
1 46 13
1 46 18
1 46 19
1 46 20
1 46 21
1 46 22
1 46 24
1 46 27
1 46 28
1 46 31
1 46 32
1 46 35
1 46 38
1 46 42
1 46 43
1 46 46
1 46 47
1 46 48
1 46 49
1 46 51
1 46 52
1 46 54
1 46 55
1 46 56
1 46 59
1 46 60
1 46 61
1 46 62
1 46 63
1 46 65
1 46 66
1 46 67
1 46 70
1 46 72
1 46 73
1 46 74
1 46 75
1 46 77
1 46 78
1 46 79
1 46 82
1 46 84
1 46 85
1 46 87
1 46 90
1 46 95
1 46 96
1 46 97
1 46 98
1 46 99
1 46 100
1 46 103
1 46 104
1 46 105
1 46 107
1 46 110
1 46 114
1 46 116
1 46 117
1 46 119
1 46 121
1 46 123
1 46 125
1 46 127
1 46 129
1 46 130
1 46 134
1 46 135
1 46 137
1 46 138
1 47 3
1 47 9
1 47 10
1 47 13
1 47 15
1 47 16
1 47 17
1 47 18
1 47 19
1 47 22
1 47 25
1 47 26
1 47 27
1 47 30
1 47 31
1 47 32
1 47 33
1 47 35
1 47 36
1 47 37
1 47 40
1 47 45
1 47 47
1 47 51
1 47 52
1 47 56
1 47 57
1 47 58
1 47 59
1 47 61
1 47 62
1 47 63
1 47 64
1 47 66
1 47 69
1 47 71
1 47 72
1 47 74
1 47 79
1 47 80
1 47 81
1 47 82
1 47 83
1 47 85
1 47 86
1 47 87
1 47 89
1 47 90
1 47 94
1 47 96
1 47 97
1 47 98
1 47 101
1 47 102
1 47 108
1 47 109
1 47 111
1 47 112
1 47 113
1 47 116
1 47 118
1 47 119
1 47 120
1 47 123
1 47 125
1 47 126
1 47 128
1 47 130
1 47 131
1 47 132
1 47 136
1 47 137
1 47 138
1 47 139
1 48 3
1 48 4
1 48 7
1 48 10
1 48 12
1 48 17
1 48 20
1 48 21
1 48 22
1 48 23
1 48 24
1 48 25
1 48 26
1 48 28
1 48 30
1 48 31
1 48 33
1 48 35
1 48 36
1 48 38
1 48 39
1 48 40
1 48 43
1 48 45
1 48 46
1 48 47
1 48 53
1 48 54
1 48 55
1 48 60
1 48 63
1 48 64
1 48 66
1 48 69
1 48 71
1 48 73
1 48 74
1 48 75
1 48 76
1 48 77
1 48 79
1 48 81
1 48 82
1 48 84
1 48 85
1 48 86
1 48 89
1 48 90
1 48 91
1 48 93
1 48 95
1 48 98
1 48 99
1 48 101
1 48 102
1 48 103
1 48 106
1 48 107
1 48 109
1 48 111
1 48 112
1 48 113
1 48 116
1 48 118
1 48 119
1 48 120
1 48 121
1 48 122
1 48 123
1 48 124
1 48 125
1 48 128
1 48 133
1 48 135
1 48 136
1 48 138
1 49 0
1 49 3
1 49 5
1 49 8
1 49 15
1 49 16
1 49 17
1 49 18
1 49 23
1 49 27
1 49 28
1 49 31
1 49 32
1 49 33
1 49 34
1 49 35
1 49 42
1 49 43
1 49 46
1 49 47
1 49 49
1 49 50
1 49 51
1 49 52
1 49 56
1 49 57
1 49 58
1 49 59
1 49 60
1 49 61
1 49 64
1 49 65
1 49 67
1 49 69
1 49 70
1 49 76
1 49 78
1 49 83
1 49 85
1 49 86
1 49 89
1 49 91
1 49 92
1 49 94
1 49 95
1 49 96
1 49 97
1 49 98
1 49 100
1 49 101
1 49 102
1 49 103
1 49 105
1 49 107
1 49 108
1 49 110
1 49 111
1 49 113
1 49 115
1 49 116
1 49 117
1 49 118
1 49 120
1 49 123
1 49 124
1 49 128
1 49 130
1 49 131
1 49 133
1 49 134
1 49 135
1 50 1
1 50 4
1 50 5
1 50 7
1 50 10
1 50 11
1 50 14
1 50 19
1 50 20
1 50 23
1 50 26
1 50 27
1 50 29
1 50 34
1 50 36
1 50 37
1 50 38
1 50 39
1 50 40
1 50 42
1 50 44
1 50 48
1 50 50
1 50 55
1 50 56
1 50 60
1 50 62
1 50 66
1 50 67
1 50 69
1 50 71
1 50 72
1 50 73
1 50 76
1 50 78
1 50 79
1 50 82
1 50 88
1 50 93
1 50 94
1 50 95
1 50 96
1 50 97
1 50 99
1 50 100
1 50 103
1 50 104
1 50 107
1 50 110
1 50 111
1 50 112
1 50 113
1 50 114
1 50 121
1 50 127
1 50 128
1 50 129
1 50 133
1 50 134
1 50 136
1 50 137
1 51 0
1 51 2
1 51 3
1 51 4
1 51 6
1 51 7
1 51 12
1 51 16
1 51 17
1 51 18
1 51 20
1 51 22
1 51 23
1 51 24
1 51 25
1 51 31
1 51 32
1 51 34
1 51 37
1 51 38
1 51 39
1 51 41
1 51 49
1 51 50
1 51 54
1 51 55
1 51 56
1 51 60
1 51 61
1 51 63
1 51 64
1 51 65
1 51 66
1 51 67
1 51 68
1 51 71
1 51 72
1 51 74
1 51 76
1 51 77
1 51 79
1 51 80
1 51 81
1 51 90
1 51 94
1 51 96
1 51 98
1 51 99
1 51 102
1 51 103
1 51 104
1 51 107
1 51 109
1 51 111
1 51 112
1 51 114
1 51 117
1 51 121
1 51 123
1 51 124
1 51 125
1 51 126
1 51 129
1 51 133
1 51 134
1 51 136
1 51 139
1 52 1
1 52 2
1 52 3
1 52 4
1 52 5
1 52 6
1 52 9
1 52 11
1 52 12
1 52 13
1 52 17
1 52 20
1 52 21
1 52 25
1 52 28
1 52 31
1 52 33
1 52 34
1 52 37
1 52 38
1 52 39
1 52 43
1 52 45
1 52 46
1 52 50
1 52 51
1 52 52
1 52 55
1 52 56
1 52 57
1 52 58
1 52 61
1 52 62
1 52 63
1 52 64
1 52 67
1 52 68
1 52 73
1 52 76
1 52 77
1 52 78
1 52 79
1 52 82
1 52 86
1 52 90
1 52 98
1 52 100
1 52 102
1 52 103
1 52 106
1 52 116
1 52 117
1 52 118
1 52 121
1 52 126
1 52 128
1 52 131
1 52 133
1 52 139
1 53 1
1 53 2
1 53 4
1 53 5
1 53 7
1 53 8
1 53 10
1 53 11
1 53 12
1 53 13
1 53 14
1 53 16
1 53 19
1 53 20
1 53 21
1 53 25
1 53 27
1 53 29
1 53 31
1 53 32
1 53 33
1 53 34
1 53 35
1 53 39
1 53 41
1 53 43
1 53 46
1 53 49
1 53 50
1 53 53
1 53 54
1 53 55
1 53 58
1 53 59
1 53 60
1 53 62
1 53 63
1 53 64
1 53 66
1 53 67
1 53 69
1 53 70
1 53 71
1 53 73
1 53 74
1 53 75
1 53 76
1 53 77
1 53 78
1 53 79
1 53 82
1 53 85
1 53 87
1 53 91
1 53 93
1 53 94
1 53 99
1 53 100
1 53 101
1 53 105
1 53 106
1 53 107
1 53 108
1 53 110
1 53 112
1 53 115
1 53 116
1 53 118
1 53 119
1 53 121
1 53 122
1 53 123
1 53 125
1 53 126
1 53 128
1 53 129
1 53 130
1 53 131
1 53 139
1 54 4
1 54 5
1 54 7
1 54 8
1 54 10
1 54 11
1 54 13
1 54 16
1 54 17
1 54 19
1 54 20
1 54 22
1 54 23
1 54 24
1 54 25
1 54 28
1 54 29
1 54 30
1 54 33
1 54 34
1 54 35
1 54 40
1 54 41
1 54 42
1 54 43
1 54 44
1 54 46
1 54 48
1 54 49
1 54 51
1 54 52
1 54 55
1 54 56
1 54 59
1 54 60
1 54 65
1 54 67
1 54 68
1 54 69
1 54 73
1 54 75
1 54 76
1 54 77
1 54 78
1 54 79
1 54 80
1 54 87
1 54 88
1 54 93
1 54 94
1 54 95
1 54 96
1 54 98
1 54 101
1 54 104
1 54 106
1 54 108
1 54 109
1 54 110
1 54 112
1 54 115
1 54 116
1 54 117
1 54 118
1 54 121
1 54 122
1 54 126
1 54 128
1 54 130
1 54 131
1 54 135
1 54 136
1 54 137
1 54 139
1 55 3
1 55 8
1 55 9
1 55 10
1 55 11
1 55 17
1 55 18
1 55 19
1 55 21
1 55 22
1 55 23
1 55 26
1 55 32
1 55 36
1 55 38
1 55 39
1 55 41
1 55 42
1 55 44
1 55 45
1 55 48
1 55 50
1 55 52
1 55 53
1 55 55
1 55 59
1 55 63
1 55 66
1 55 67
1 55 69
1 55 71
1 55 74
1 55 75
1 55 76
1 55 79
1 55 80
1 55 81
1 55 83
1 55 86
1 55 89
1 55 90
1 55 94
1 55 98
1 55 101
1 55 102
1 55 103
1 55 108
1 55 110
1 55 112
1 55 113
1 55 115
1 55 118
1 55 119
1 55 121
1 55 122
1 55 123
1 55 125
1 55 128
1 55 129
1 55 130
1 55 136
1 55 138
1 56 0
1 56 1
1 56 2
1 56 3
1 56 5
1 56 6
1 56 8
1 56 10
1 56 12
1 56 15
1 56 16
1 56 18
1 56 20
1 56 21
1 56 23
1 56 24
1 56 26
1 56 28
1 56 32
1 56 35
1 56 36
1 56 37
1 56 38
1 56 39
1 56 43
1 56 44
1 56 48
1 56 49
1 56 50
1 56 52
1 56 53
1 56 54
1 56 55
1 56 56
1 56 57
1 56 58
1 56 61
1 56 62
1 56 66
1 56 67
1 56 70
1 56 71
1 56 74
1 56 75
1 56 77
1 56 78
1 56 84
1 56 86
1 56 88
1 56 92
1 56 93
1 56 95
1 56 97
1 56 98
1 56 103
1 56 104
1 56 105
1 56 106
1 56 107
1 56 108
1 56 109
1 56 111
1 56 112
1 56 113
1 56 116
1 56 118
1 56 120
1 56 121
1 56 124
1 56 125
1 56 127
1 56 131
1 56 133
1 56 134
1 56 138
1 56 139
1 57 3
1 57 4
1 57 5
1 57 7
1 57 9
1 57 10
1 57 12
1 57 14
1 57 15
1 57 16
1 57 17
1 57 18
1 57 19
1 57 21
1 57 22
1 57 23
1 57 24
1 57 25
1 57 26
1 57 27
1 57 30
1 57 31
1 57 33
1 57 34
1 57 36
1 57 42
1 57 50
1 57 51
1 57 52
1 57 55
1 57 56
1 57 57
1 57 58
1 57 60
1 57 62
1 57 64
1 57 68
1 57 73
1 57 77
1 57 78
1 57 79
1 57 80
1 57 82
1 57 86
1 57 87
1 57 88
1 57 90
1 57 93
1 57 96
1 57 98
1 57 100
1 57 101
1 57 102
1 57 103
1 57 104
1 57 107
1 57 109
1 57 110
1 57 111
1 57 114
1 57 116
1 57 119
1 57 120
1 57 121
1 57 125
1 57 126
1 57 130
1 57 132
1 57 136
1 57 139
1 58 0
1 58 4
1 58 8
1 58 9
1 58 10
1 58 12
1 58 13
1 58 15
1 58 16
1 58 17
1 58 18
1 58 19
1 58 20
1 58 21
1 58 22
1 58 26
1 58 29
1 58 34
1 58 35
1 58 36
1 58 37
1 58 39
1 58 40
1 58 44
1 58 45
1 58 46
1 58 50
1 58 51
1 58 55
1 58 57
1 58 58
1 58 59
1 58 60
1 58 65
1 58 72
1 58 73
1 58 77
1 58 78
1 58 79
1 58 82
1 58 83
1 58 84
1 58 85
1 58 87
1 58 91
1 58 92
1 58 93
1 58 95
1 58 96
1 58 97
1 58 98
1 58 99
1 58 100
1 58 103
1 58 106
1 58 107
1 58 110
1 58 111
1 58 112
1 58 117
1 58 121
1 58 132
1 58 133
1 58 135
1 58 138
1 59 1
1 59 2
1 59 5
1 59 9
1 59 12
1 59 13
1 59 14
1 59 18
1 59 19
1 59 23
1 59 24
1 59 25
1 59 29
1 59 31
1 59 34
1 59 38
1 59 43
1 59 44
1 59 46
1 59 47
1 59 50
1 59 51
1 59 52
1 59 53
1 59 54
1 59 55
1 59 60
1 59 61
1 59 63
1 59 64
1 59 66
1 59 67
1 59 69
1 59 70
1 59 72
1 59 75
1 59 78
1 59 81
1 59 84
1 59 85
1 59 86
1 59 89
1 59 90
1 59 91
1 59 93
1 59 96
1 59 97
1 59 98
1 59 99
1 59 102
1 59 106
1 59 109
1 59 111
1 59 113
1 59 114
1 59 115
1 59 117
1 59 119
1 59 122
1 59 123
1 59 124
1 59 126
1 59 127
1 59 128
1 59 131
1 59 132
1 59 134
1 59 135
1 59 136
1 59 137
1 59 138
1 59 139
1 60 1
1 60 2
1 60 3
1 60 4
1 60 5
1 60 6
1 60 10
1 60 11
1 60 12
1 60 16
1 60 19
1 60 20
1 60 24
1 60 28
1 60 30
1 60 37
1 60 38
1 60 39
1 60 40
1 60 42
1 60 46
1 60 47
1 60 56
1 60 57
1 60 59
1 60 60
1 60 61
1 60 62
1 60 63
1 60 69
1 60 70
1 60 71
1 60 72
1 60 73
1 60 74
1 60 75
1 60 76
1 60 77
1 60 80
1 60 81
1 60 82
1 60 84
1 60 88
1 60 89
1 60 90
1 60 93
1 60 96
1 60 98
1 60 103
1 60 104
1 60 107
1 60 109
1 60 111
1 60 112
1 60 114
1 60 120
1 60 122
1 60 123
1 60 125
1 60 126
1 60 130
1 60 132
1 60 133
1 60 134
1 60 136
1 60 138
1 61 1
1 61 2
1 61 3
1 61 5
1 61 6
1 61 8
1 61 10
1 61 16
1 61 17
1 61 18
1 61 20
1 61 21
1 61 22
1 61 23
1 61 26
1 61 27
1 61 30
1 61 31
1 61 32
1 61 33
1 61 39
1 61 40
1 61 41
1 61 43
1 61 46
1 61 47
1 61 48
1 61 49
1 61 52
1 61 54
1 61 55
1 61 59
1 61 60
1 61 61
1 61 63
1 61 65
1 61 68
1 61 69
1 61 71
1 61 77
1 61 78
1 61 79
1 61 80
1 61 82
1 61 83
1 61 90
1 61 93
1 61 94
1 61 100
1 61 105
1 61 106
1 61 107
1 61 109
1 61 111
1 61 114
1 61 115
1 61 117
1 61 118
1 61 119
1 61 122
1 61 124
1 61 125
1 61 127
1 61 129
1 61 131
1 61 133
1 61 134
1 61 136
1 61 137
1 61 138
1 62 1
1 62 2
1 62 3
1 62 5
1 62 6
1 62 8
1 62 9
1 62 13
1 62 14
1 62 18
1 62 21
1 62 25
1 62 27
1 62 28
1 62 29
1 62 35
1 62 37
1 62 38
1 62 39
1 62 41
1 62 42
1 62 43
1 62 44
1 62 49
1 62 50
1 62 52
1 62 55
1 62 57
1 62 60
1 62 61
1 62 67
1 62 68
1 62 70
1 62 71
1 62 72
1 62 73
1 62 75
1 62 76
1 62 77
1 62 80
1 62 81
1 62 82
1 62 83
1 62 84
1 62 85
1 62 86
1 62 88
1 62 89
1 62 95
1 62 99
1 62 104
1 62 108
1 62 109
1 62 110
1 62 111
1 62 115
1 62 116
1 62 117
1 62 118
1 62 123
1 62 124
1 62 126
1 62 128
1 62 130
1 62 131
1 62 132
1 62 133
1 62 134
1 62 136
1 62 137
1 62 138
1 63 0
1 63 1
1 63 2
1 63 3
1 63 4
1 63 5
1 63 8
1 63 10
1 63 13
1 63 15
1 63 16
1 63 17
1 63 20
1 63 24
1 63 27
1 63 30
1 63 31
1 63 33
1 63 34
1 63 35
1 63 36
1 63 37
1 63 38
1 63 39
1 63 40
1 63 42
1 63 44
1 63 45
1 63 46
1 63 48
1 63 49
1 63 50
1 63 54
1 63 57
1 63 63
1 63 66
1 63 68
1 63 69
1 63 70
1 63 72
1 63 73
1 63 75
1 63 76
1 63 79
1 63 82
1 63 83
1 63 85
1 63 88
1 63 89
1 63 93
1 63 95
1 63 97
1 63 98
1 63 101
1 63 104
1 63 105
1 63 108
1 63 109
1 63 110
1 63 111
1 63 112
1 63 115
1 63 116
1 63 118
1 63 120
1 63 126
1 63 127
1 63 128
1 63 129
1 63 130
1 63 132
1 63 133
1 63 136
1 63 137
1 64 0
1 64 1
1 64 2
1 64 3
1 64 4
1 64 5
1 64 6
1 64 8
1 64 9
1 64 13
1 64 15
1 64 18
1 64 20
1 64 21
1 64 22
1 64 23
1 64 24
1 64 25
1 64 26
1 64 30
1 64 32
1 64 33
1 64 35
1 64 37
1 64 41
1 64 43
1 64 44
1 64 46
1 64 49
1 64 50
1 64 52
1 64 55
1 64 57
1 64 58
1 64 60
1 64 61
1 64 63
1 64 65
1 64 66
1 64 68
1 64 69
1 64 70
1 64 71
1 64 73
1 64 78
1 64 79
1 64 83
1 64 84
1 64 85
1 64 87
1 64 88
1 64 89
1 64 91
1 64 92
1 64 93
1 64 94
1 64 95
1 64 97
1 64 100
1 64 101
1 64 102
1 64 103
1 64 105
1 64 107
1 64 108
1 64 109
1 64 113
1 64 114
1 64 115
1 64 116
1 64 117
1 64 120
1 64 122
1 64 123
1 64 126
1 64 127
1 64 129
1 64 131
1 64 132
1 64 133
1 64 134
1 64 136
1 64 138
1 65 1
1 65 3
1 65 7
1 65 9
1 65 10
1 65 11
1 65 16
1 65 20
1 65 21
1 65 22
1 65 28
1 65 30
1 65 31
1 65 34
1 65 36
1 65 38
1 65 39
1 65 40
1 65 43
1 65 48
1 65 49
1 65 50
1 65 55
1 65 56
1 65 58
1 65 60
1 65 61
1 65 63
1 65 65
1 65 67
1 65 68
1 65 69
1 65 70
1 65 72
1 65 75
1 65 76
1 65 78
1 65 82
1 65 84
1 65 85
1 65 86
1 65 87
1 65 88
1 65 90
1 65 92
1 65 93
1 65 94
1 65 96
1 65 97
1 65 104
1 65 105
1 65 107
1 65 109
1 65 111
1 65 112
1 65 114
1 65 115
1 65 118
1 65 119
1 65 121
1 65 122
1 65 123
1 65 128
1 65 129
1 65 130
1 65 131
1 65 132
1 65 133
1 65 135
1 65 136
1 65 137
1 66 4
1 66 6
1 66 8
1 66 9
1 66 10
1 66 12
1 66 14
1 66 15
1 66 16
1 66 17
1 66 19
1 66 22
1 66 26
1 66 28
1 66 30
1 66 31
1 66 34
1 66 38
1 66 39
1 66 41
1 66 42
1 66 43
1 66 45
1 66 47
1 66 49
1 66 50
1 66 51
1 66 52
1 66 59
1 66 60
1 66 61
1 66 62
1 66 65
1 66 66
1 66 70
1 66 71
1 66 73
1 66 78
1 66 79
1 66 80
1 66 82
1 66 83
1 66 86
1 66 88
1 66 90
1 66 93
1 66 94
1 66 96
1 66 99
1 66 101
1 66 102
1 66 103
1 66 105
1 66 107
1 66 108
1 66 109
1 66 110
1 66 111
1 66 113
1 66 115
1 66 119
1 66 121
1 66 122
1 66 123
1 66 124
1 66 126
1 66 127
1 66 130
1 66 131
1 66 132
1 66 135
1 66 137
1 66 138
1 66 139
1 67 1
1 67 3
1 67 7
1 67 8
1 67 12
1 67 13
1 67 14
1 67 16
1 67 18
1 67 21
1 67 22
1 67 23
1 67 24
1 67 25
1 67 27
1 67 28
1 67 30
1 67 31
1 67 33
1 67 36
1 67 37
1 67 39
1 67 40
1 67 41
1 67 42
1 67 43
1 67 44
1 67 46
1 67 51
1 67 54
1 67 58
1 67 59
1 67 62
1 67 63
1 67 65
1 67 66
1 67 68
1 67 71
1 67 74
1 67 77
1 67 78
1 67 80
1 67 82
1 67 83
1 67 84
1 67 85
1 67 90
1 67 93
1 67 98
1 67 99
1 67 100
1 67 102
1 67 104
1 67 105
1 67 110
1 67 117
1 67 118
1 67 119
1 67 121
1 67 123
1 67 124
1 67 128
1 67 129
1 67 131
1 67 134
1 67 137
1 68 0
1 68 3
1 68 4
1 68 5
1 68 7
1 68 8
1 68 9
1 68 12
1 68 15
1 68 16
1 68 17
1 68 18
1 68 19
1 68 20
1 68 21
1 68 25
1 68 26
1 68 27
1 68 28
1 68 31
1 68 33
1 68 34
1 68 35
1 68 36
1 68 43
1 68 44
1 68 46
1 68 47
1 68 49
1 68 50
1 68 52
1 68 57
1 68 58
1 68 59
1 68 60
1 68 61
1 68 65
1 68 67
1 68 70
1 68 72
1 68 74
1 68 75
1 68 81
1 68 83
1 68 84
1 68 85
1 68 93
1 68 94
1 68 100
1 68 101
1 68 102
1 68 103
1 68 105
1 68 106
1 68 107
1 68 108
1 68 110
1 68 113
1 68 114
1 68 115
1 68 116
1 68 117
1 68 119
1 68 120
1 68 122
1 68 124
1 68 127
1 68 130
1 68 131
1 68 132
1 68 133
1 68 137
1 68 138
1 69 2
1 69 7
1 69 8
1 69 11
1 69 12
1 69 14
1 69 15
1 69 17
1 69 18
1 69 19
1 69 20
1 69 21
1 69 24
1 69 26
1 69 27
1 69 30
1 69 37
1 69 38
1 69 39
1 69 45
1 69 48
1 69 50
1 69 53
1 69 55
1 69 58
1 69 61
1 69 62
1 69 64
1 69 65
1 69 66
1 69 68
1 69 69
1 69 72
1 69 74
1 69 75
1 69 76
1 69 77
1 69 78
1 69 80
1 69 81
1 69 82
1 69 84
1 69 86
1 69 87
1 69 88
1 69 89
1 69 90
1 69 92
1 69 94
1 69 95
1 69 97
1 69 98
1 69 101
1 69 102
1 69 104
1 69 106
1 69 107
1 69 110
1 69 115
1 69 117
1 69 119
1 69 120
1 69 121
1 69 124
1 69 125
1 69 126
1 69 127
1 69 128
1 69 131
1 69 138
1 70 0
1 70 2
1 70 3
1 70 4
1 70 5
1 70 6
1 70 7
1 70 8
1 70 10
1 70 12
1 70 13
1 70 14
1 70 15
1 70 17
1 70 18
1 70 19
1 70 24
1 70 28
1 70 30
1 70 31
1 70 32
1 70 33
1 70 34
1 70 37
1 70 38
1 70 39
1 70 40
1 70 41
1 70 43
1 70 46
1 70 48
1 70 49
1 70 52
1 70 54
1 70 56
1 70 60
1 70 63
1 70 65
1 70 66
1 70 75
1 70 77
1 70 78
1 70 79
1 70 80
1 70 81
1 70 82
1 70 83
1 70 84
1 70 89
1 70 90
1 70 92
1 70 94
1 70 96
1 70 98
1 70 99
1 70 100
1 70 101
1 70 102
1 70 103
1 70 105
1 70 106
1 70 108
1 70 109
1 70 110
1 70 111
1 70 112
1 70 113
1 70 114
1 70 116
1 70 118
1 70 122
1 70 123
1 70 125
1 70 126
1 70 127
1 70 128
1 70 130
1 70 131
1 70 135
1 70 139
1 71 0
1 71 1
1 71 2
1 71 6
1 71 7
1 71 10
1 71 11
1 71 15
1 71 17
1 71 18
1 71 19
1 71 20
1 71 23
1 71 25
1 71 26
1 71 29
1 71 30
1 71 35
1 71 37
1 71 38
1 71 40
1 71 41
1 71 42
1 71 43
1 71 44
1 71 46
1 71 47
1 71 50
1 71 52
1 71 54
1 71 55
1 71 56
1 71 59
1 71 61
1 71 63
1 71 64
1 71 66
1 71 70
1 71 71
1 71 72
1 71 73
1 71 74
1 71 75
1 71 76
1 71 77
1 71 78
1 71 79
1 71 80
1 71 81
1 71 82
1 71 84
1 71 85
1 71 89
1 71 90
1 71 92
1 71 95
1 71 96
1 71 97
1 71 99
1 71 100
1 71 101
1 71 104
1 71 106
1 71 107
1 71 112
1 71 113
1 71 114
1 71 115
1 71 117
1 71 118
1 71 119
1 71 120
1 71 124
1 71 128
1 71 132
1 71 137
1 71 138
1 72 1
1 72 2
1 72 4
1 72 5
1 72 6
1 72 8
1 72 13
1 72 15
1 72 16
1 72 17
1 72 20
1 72 21
1 72 22
1 72 23
1 72 24
1 72 35
1 72 36
1 72 37
1 72 38
1 72 39
1 72 43
1 72 44
1 72 46
1 72 49
1 72 54
1 72 55
1 72 57
1 72 58
1 72 59
1 72 61
1 72 65
1 72 66
1 72 67
1 72 68
1 72 73
1 72 76
1 72 77
1 72 78
1 72 79
1 72 80
1 72 81
1 72 83
1 72 84
1 72 88
1 72 91
1 72 94
1 72 96
1 72 98
1 72 103
1 72 104
1 72 107
1 72 109
1 72 110
1 72 112
1 72 113
1 72 114
1 72 122
1 72 123
1 72 124
1 72 126
1 72 127
1 72 128
1 72 131
1 72 139
1 73 0
1 73 2
1 73 3
1 73 4
1 73 8
1 73 9
1 73 16
1 73 17
1 73 18
1 73 19
1 73 21
1 73 23
1 73 31
1 73 33
1 73 34
1 73 37
1 73 38
1 73 39
1 73 41
1 73 42
1 73 43
1 73 45
1 73 46
1 73 47
1 73 49
1 73 51
1 73 53
1 73 54
1 73 61
1 73 64
1 73 66
1 73 68
1 73 69
1 73 70
1 73 72
1 73 73
1 73 75
1 73 77
1 73 79
1 73 84
1 73 87
1 73 90
1 73 91
1 73 93
1 73 94
1 73 95
1 73 98
1 73 103
1 73 105
1 73 107
1 73 109
1 73 111
1 73 112
1 73 114
1 73 116
1 73 118
1 73 120
1 73 124
1 73 126
1 73 127
1 73 129
1 73 130
1 73 132
1 73 133
1 73 134
1 73 138
1 73 139
1 74 1
1 74 2
1 74 3
1 74 5
1 74 7
1 74 8
1 74 12
1 74 16
1 74 17
1 74 18
1 74 26
1 74 27
1 74 28
1 74 29
1 74 30
1 74 31
1 74 32
1 74 34
1 74 35
1 74 36
1 74 38
1 74 39
1 74 40
1 74 41
1 74 44
1 74 47
1 74 48
1 74 49
1 74 50
1 74 51
1 74 53
1 74 57
1 74 58
1 74 60
1 74 62
1 74 63
1 74 64
1 74 65
1 74 66
1 74 67
1 74 68
1 74 70
1 74 71
1 74 72
1 74 74
1 74 78
1 74 79
1 74 80
1 74 81
1 74 82
1 74 85
1 74 88
1 74 91
1 74 93
1 74 94
1 74 95
1 74 97
1 74 98
1 74 99
1 74 100
1 74 104
1 74 105
1 74 106
1 74 107
1 74 109
1 74 112
1 74 116
1 74 117
1 74 121
1 74 124
1 74 126
1 74 127
1 74 128
1 74 129
1 74 132
1 74 135
1 75 0
1 75 2
1 75 3
1 75 5
1 75 8
1 75 9
1 75 12
1 75 15
1 75 16
1 75 17
1 75 18
1 75 21
1 75 31
1 75 33
1 75 34
1 75 35
1 75 37
1 75 43
1 75 45
1 75 47
1 75 48
1 75 49
1 75 50
1 75 58
1 75 60
1 75 65
1 75 66
1 75 67
1 75 70
1 75 71
1 75 72
1 75 74
1 75 76
1 75 79
1 75 81
1 75 82
1 75 84
1 75 85
1 75 86
1 75 87
1 75 90
1 75 92
1 75 95
1 75 96
1 75 98
1 75 100
1 75 101
1 75 103
1 75 104
1 75 105
1 75 106
1 75 108
1 75 109
1 75 111
1 75 113
1 75 115
1 75 116
1 75 117
1 75 118
1 75 119
1 75 120
1 75 121
1 75 125
1 75 128
1 75 130
1 75 132
1 75 135
1 75 136
1 75 137
1 75 138
1 75 139
1 76 3
1 76 4
1 76 8
1 76 9
1 76 10
1 76 11
1 76 12
1 76 14
1 76 16
1 76 17
1 76 18
1 76 19
1 76 21
1 76 23
1 76 24
1 76 25
1 76 26
1 76 27
1 76 28
1 76 29
1 76 30
1 76 31
1 76 32
1 76 33
1 76 34
1 76 37
1 76 40
1 76 43
1 76 45
1 76 48
1 76 51
1 76 52
1 76 54
1 76 61
1 76 63
1 76 65
1 76 67
1 76 68
1 76 72
1 76 73
1 76 76
1 76 79
1 76 82
1 76 84
1 76 85
1 76 86
1 76 89
1 76 91
1 76 92
1 76 93
1 76 95
1 76 97
1 76 100
1 76 101
1 76 103
1 76 105
1 76 110
1 76 111
1 76 112
1 76 116
1 76 117
1 76 118
1 76 120
1 76 122
1 76 124
1 76 125
1 76 127
1 76 128
1 76 129
1 76 130
1 76 133
1 76 134
1 76 137
1 76 138
1 77 3
1 77 5
1 77 9
1 77 11
1 77 12
1 77 14
1 77 16
1 77 17
1 77 18
1 77 21
1 77 22
1 77 24
1 77 26
1 77 27
1 77 29
1 77 31
1 77 32
1 77 33
1 77 40
1 77 42
1 77 44
1 77 45
1 77 46
1 77 48
1 77 49
1 77 54
1 77 55
1 77 56
1 77 57
1 77 60
1 77 62
1 77 63
1 77 65
1 77 66
1 77 68
1 77 70
1 77 72
1 77 73
1 77 75
1 77 78
1 77 80
1 77 81
1 77 84
1 77 85
1 77 87
1 77 89
1 77 91
1 77 93
1 77 94
1 77 97
1 77 99
1 77 101
1 77 103
1 77 104
1 77 106
1 77 107
1 77 108
1 77 110
1 77 115
1 77 116
1 77 117
1 77 125
1 77 128
1 77 129
1 77 132
1 77 133
1 77 137
1 77 139
1 78 1
1 78 2
1 78 3
1 78 4
1 78 5
1 78 6
1 78 10
1 78 11
1 78 14
1 78 15
1 78 19
1 78 21
1 78 22
1 78 23
1 78 24
1 78 25
1 78 26
1 78 27
1 78 30
1 78 31
1 78 33
1 78 36
1 78 39
1 78 40
1 78 41
1 78 42
1 78 43
1 78 44
1 78 45
1 78 46
1 78 49
1 78 54
1 78 57
1 78 60
1 78 61
1 78 66
1 78 67
1 78 68
1 78 69
1 78 70
1 78 71
1 78 72
1 78 73
1 78 74
1 78 76
1 78 78
1 78 81
1 78 82
1 78 84
1 78 85
1 78 87
1 78 88
1 78 89
1 78 91
1 78 92
1 78 93
1 78 94
1 78 95
1 78 98
1 78 102
1 78 104
1 78 105
1 78 107
1 78 108
1 78 112
1 78 114
1 78 120
1 78 122
1 78 123
1 78 127
1 78 129
1 78 132
1 78 135
1 78 136
1 78 137
1 78 138
1 78 139
1 79 1
1 79 5
1 79 7
1 79 10
1 79 13
1 79 14
1 79 15
1 79 16
1 79 18
1 79 20
1 79 22
1 79 24
1 79 25
1 79 26
1 79 29
1 79 30
1 79 31
1 79 32
1 79 34
1 79 36
1 79 38
1 79 47
1 79 49
1 79 51
1 79 55
1 79 56
1 79 60
1 79 61
1 79 62
1 79 63
1 79 65
1 79 66
1 79 67
1 79 70
1 79 73
1 79 74
1 79 75
1 79 76
1 79 77
1 79 78
1 79 86
1 79 88
1 79 91
1 79 95
1 79 97
1 79 99
1 79 100
1 79 102
1 79 105
1 79 108
1 79 109
1 79 110
1 79 111
1 79 114
1 79 116
1 79 117
1 79 119
1 79 120
1 79 121
1 79 125
1 79 127
1 79 128
1 79 129
1 79 131
1 79 132
1 79 134
1 79 135
1 79 138
1 79 139
1 80 4
1 80 5
1 80 7
1 80 13
1 80 16
1 80 17
1 80 20
1 80 21
1 80 27
1 80 34
1 80 36
1 80 39
1 80 41
1 80 42
1 80 43
1 80 46
1 80 49
1 80 51
1 80 53
1 80 56
1 80 58
1 80 59
1 80 60
1 80 62
1 80 65
1 80 66
1 80 67
1 80 68
1 80 71
1 80 72
1 80 75
1 80 76
1 80 77
1 80 78
1 80 80
1 80 82
1 80 84
1 80 88
1 80 89
1 80 90
1 80 91
1 80 97
1 80 98
1 80 102
1 80 105
1 80 106
1 80 107
1 80 109
1 80 113
1 80 116
1 80 118
1 80 119
1 80 120
1 80 121
1 80 122
1 80 123
1 80 126
1 80 129
1 80 130
1 80 131
1 80 138
1 81 0
1 81 1
1 81 4
1 81 9
1 81 13
1 81 14
1 81 15
1 81 16
1 81 17
1 81 18
1 81 20
1 81 23
1 81 24
1 81 27
1 81 30
1 81 34
1 81 36
1 81 38
1 81 40
1 81 41
1 81 42
1 81 46
1 81 48
1 81 50
1 81 53
1 81 54
1 81 55
1 81 56
1 81 58
1 81 60
1 81 62
1 81 63
1 81 64
1 81 65
1 81 67
1 81 68
1 81 70
1 81 73
1 81 74
1 81 83
1 81 85
1 81 87
1 81 88
1 81 90
1 81 92
1 81 95
1 81 97
1 81 98
1 81 99
1 81 100
1 81 101
1 81 102
1 81 103
1 81 104
1 81 105
1 81 106
1 81 107
1 81 108
1 81 110
1 81 111
1 81 116
1 81 121
1 81 122
1 81 123
1 81 124
1 81 125
1 81 126
1 81 130
1 81 132
1 81 135
1 81 136
1 81 137
1 81 139
1 82 8
1 82 11
1 82 12
1 82 14
1 82 15
1 82 19
1 82 21
1 82 22
1 82 23
1 82 29
1 82 30
1 82 32
1 82 34
1 82 37
1 82 39
1 82 43
1 82 46
1 82 47
1 82 54
1 82 55
1 82 57
1 82 62
1 82 64
1 82 65
1 82 67
1 82 74
1 82 79
1 82 80
1 82 84
1 82 85
1 82 86
1 82 89
1 82 94
1 82 101
1 82 103
1 82 104
1 82 106
1 82 109
1 82 111
1 82 112
1 82 115
1 82 116
1 82 117
1 82 126
1 82 127
1 82 130
1 82 135
1 82 137
1 83 0
1 83 1
1 83 2
1 83 4
1 83 9
1 83 11
1 83 12
1 83 13
1 83 15
1 83 16
1 83 17
1 83 19
1 83 20
1 83 22
1 83 25
1 83 26
1 83 28
1 83 30
1 83 31
1 83 32
1 83 33
1 83 34
1 83 38
1 83 39
1 83 40
1 83 42
1 83 45
1 83 47
1 83 51
1 83 52
1 83 57
1 83 59
1 83 61
1 83 62
1 83 63
1 83 65
1 83 67
1 83 68
1 83 69
1 83 71
1 83 72
1 83 73
1 83 75
1 83 77
1 83 78
1 83 81
1 83 82
1 83 83
1 83 85
1 83 87
1 83 91
1 83 94
1 83 95
1 83 96
1 83 99
1 83 100
1 83 102
1 83 103
1 83 108
1 83 116
1 83 117
1 83 120
1 83 121
1 83 123
1 83 126
1 83 134
1 83 138
1 84 0
1 84 3
1 84 4
1 84 5
1 84 7
1 84 10
1 84 11
1 84 12
1 84 14
1 84 15
1 84 17
1 84 18
1 84 19
1 84 20
1 84 21
1 84 22
1 84 23
1 84 24
1 84 25
1 84 26
1 84 27
1 84 28
1 84 29
1 84 30
1 84 34
1 84 35
1 84 36
1 84 37
1 84 40
1 84 42
1 84 45
1 84 47
1 84 48
1 84 50
1 84 51
1 84 52
1 84 54
1 84 55
1 84 56
1 84 64
1 84 65
1 84 66
1 84 68
1 84 69
1 84 70
1 84 71
1 84 72
1 84 75
1 84 76
1 84 77
1 84 78
1 84 80
1 84 83
1 84 84
1 84 85
1 84 86
1 84 87
1 84 89
1 84 92
1 84 93
1 84 94
1 84 99
1 84 100
1 84 102
1 84 106
1 84 108
1 84 109
1 84 111
1 84 113
1 84 114
1 84 117
1 84 118
1 84 120
1 84 122
1 84 127
1 84 131
1 84 132
1 84 133
1 84 136
1 84 139
1 85 0
1 85 1
1 85 3
1 85 7
1 85 8
1 85 9
1 85 12
1 85 15
1 85 18
1 85 20
1 85 21
1 85 27
1 85 31
1 85 33
1 85 37
1 85 41
1 85 43
1 85 44
1 85 45
1 85 46
1 85 48
1 85 49
1 85 54
1 85 58
1 85 60
1 85 62
1 85 63
1 85 68
1 85 71
1 85 74
1 85 75
1 85 76
1 85 77
1 85 80
1 85 81
1 85 83
1 85 85
1 85 88
1 85 91
1 85 92
1 85 93
1 85 94
1 85 95
1 85 96
1 85 102
1 85 103
1 85 104
1 85 109
1 85 111
1 85 113
1 85 114
1 85 115
1 85 117
1 85 119
1 85 120
1 85 122
1 85 125
1 85 126
1 85 127
1 85 128
1 85 133
1 85 135
1 85 137
1 85 138
1 85 139
1 86 1
1 86 2
1 86 3
1 86 4
1 86 6
1 86 10
1 86 14
1 86 18
1 86 19
1 86 22
1 86 23
1 86 25
1 86 29
1 86 31
1 86 33
1 86 34
1 86 35
1 86 36
1 86 41
1 86 42
1 86 43
1 86 44
1 86 47
1 86 51
1 86 53
1 86 59
1 86 60
1 86 64
1 86 66
1 86 67
1 86 71
1 86 72
1 86 74
1 86 76
1 86 78
1 86 80
1 86 81
1 86 88
1 86 92
1 86 93
1 86 95
1 86 96
1 86 98
1 86 100
1 86 101
1 86 102
1 86 105
1 86 106
1 86 110
1 86 111
1 86 113
1 86 114
1 86 115
1 86 116
1 86 120
1 86 123
1 86 124
1 86 127
1 86 129
1 86 130
1 86 131
1 86 132
1 86 134
1 86 138
1 87 3
1 87 7
1 87 9
1 87 12
1 87 17
1 87 18
1 87 24
1 87 26
1 87 27
1 87 28
1 87 29
1 87 32
1 87 33
1 87 34
1 87 39
1 87 40
1 87 46
1 87 52
1 87 53
1 87 56
1 87 57
1 87 58
1 87 59
1 87 60
1 87 62
1 87 64
1 87 69
1 87 70
1 87 71
1 87 77
1 87 78
1 87 82
1 87 83
1 87 84
1 87 85
1 87 86
1 87 89
1 87 94
1 87 95
1 87 96
1 87 97
1 87 99
1 87 100
1 87 101
1 87 102
1 87 104
1 87 105
1 87 107
1 87 108
1 87 109
1 87 110
1 87 112
1 87 113
1 87 115
1 87 116
1 87 117
1 87 120
1 87 122
1 87 124
1 87 125
1 87 131
1 87 133
1 87 134
1 87 135
1 87 137
1 87 139
1 88 1
1 88 3
1 88 4
1 88 5
1 88 7
1 88 10
1 88 13
1 88 14
1 88 16
1 88 18
1 88 20
1 88 22
1 88 24
1 88 25
1 88 26
1 88 27
1 88 29
1 88 33
1 88 34
1 88 37
1 88 39
1 88 40
1 88 43
1 88 44
1 88 47
1 88 48
1 88 52
1 88 54
1 88 57
1 88 58
1 88 59
1 88 62
1 88 63
1 88 64
1 88 66
1 88 68
1 88 70
1 88 76
1 88 78
1 88 81
1 88 83
1 88 93
1 88 95
1 88 100
1 88 103
1 88 104
1 88 105
1 88 107
1 88 108
1 88 109
1 88 111
1 88 115
1 88 117
1 88 120
1 88 126
1 88 127
1 88 132
1 88 133
1 88 134
1 88 135
1 88 137
1 89 0
1 89 2
1 89 5
1 89 6
1 89 7
1 89 9
1 89 11
1 89 12
1 89 15
1 89 16
1 89 24
1 89 27
1 89 28
1 89 31
1 89 33
1 89 38
1 89 40
1 89 41
1 89 42
1 89 43
1 89 45
1 89 46
1 89 47
1 89 48
1 89 49
1 89 52
1 89 58
1 89 61
1 89 62
1 89 63
1 89 66
1 89 67
1 89 68
1 89 70
1 89 73
1 89 74
1 89 75
1 89 76
1 89 77
1 89 78
1 89 79
1 89 86
1 89 89
1 89 92
1 89 93
1 89 94
1 89 95
1 89 100
1 89 102
1 89 103
1 89 108
1 89 114
1 89 115
1 89 117
1 89 118
1 89 119
1 89 124
1 89 125
1 89 126
1 89 127
1 89 130
1 89 135
1 89 136
1 90 1
1 90 2
1 90 3
1 90 4
1 90 5
1 90 7
1 90 10
1 90 14
1 90 16
1 90 18
1 90 20
1 90 22
1 90 24
1 90 28
1 90 29
1 90 30
1 90 32
1 90 33
1 90 34
1 90 35
1 90 37
1 90 38
1 90 39
1 90 40
1 90 41
1 90 43
1 90 44
1 90 45
1 90 48
1 90 49
1 90 50
1 90 51
1 90 52
1 90 53
1 90 55
1 90 58
1 90 60
1 90 62
1 90 67
1 90 68
1 90 69
1 90 70
1 90 71
1 90 73
1 90 74
1 90 75
1 90 76
1 90 78
1 90 80
1 90 81
1 90 82
1 90 87
1 90 88
1 90 89
1 90 94
1 90 97
1 90 98
1 90 99
1 90 100
1 90 102
1 90 105
1 90 106
1 90 107
1 90 108
1 90 110
1 90 111
1 90 113
1 90 114
1 90 116
1 90 123
1 90 124
1 90 125
1 90 129
1 90 130
1 90 131
1 90 132
1 90 134
1 90 135
1 90 138
1 90 139
1 91 0
1 91 3
1 91 4
1 91 5
1 91 9
1 91 10
1 91 11
1 91 12
1 91 13
1 91 14
1 91 16
1 91 17
1 91 19
1 91 20
1 91 21
1 91 23
1 91 27
1 91 32
1 91 33
1 91 35
1 91 38
1 91 39
1 91 41
1 91 43
1 91 50
1 91 51
1 91 52
1 91 53
1 91 55
1 91 57
1 91 58
1 91 67
1 91 68
1 91 69
1 91 72
1 91 73
1 91 75
1 91 76
1 91 79
1 91 84
1 91 88
1 91 89
1 91 90
1 91 92
1 91 95
1 91 101
1 91 102
1 91 109
1 91 110
1 91 112
1 91 115
1 91 118
1 91 119
1 91 120
1 91 123
1 91 125
1 91 130
1 91 132
1 91 133
1 91 134
1 91 136
1 91 137
1 91 139
1 92 1
1 92 2
1 92 8
1 92 9
1 92 13
1 92 14
1 92 16
1 92 18
1 92 20
1 92 23
1 92 24
1 92 25
1 92 26
1 92 31
1 92 32
1 92 33
1 92 34
1 92 37
1 92 40
1 92 41
1 92 42
1 92 43
1 92 44
1 92 46
1 92 48
1 92 50
1 92 57
1 92 60
1 92 63
1 92 67
1 92 70
1 92 71
1 92 72
1 92 74
1 92 76
1 92 77
1 92 78
1 92 79
1 92 81
1 92 82
1 92 84
1 92 85
1 92 88
1 92 89
1 92 92
1 92 94
1 92 95
1 92 98
1 92 100
1 92 102
1 92 105
1 92 106
1 92 107
1 92 108
1 92 110
1 92 111
1 92 112
1 92 114
1 92 115
1 92 116
1 92 117
1 92 118
1 92 119
1 92 121
1 92 122
1 92 125
1 92 126
1 92 130
1 92 132
1 92 135
1 92 137
1 92 138
1 92 139
1 93 0
1 93 2
1 93 4
1 93 5
1 93 7
1 93 9
1 93 11
1 93 12
1 93 13
1 93 14
1 93 15
1 93 16
1 93 19
1 93 21
1 93 22
1 93 26
1 93 27
1 93 30
1 93 31
1 93 32
1 93 34
1 93 38
1 93 39
1 93 44
1 93 47
1 93 48
1 93 52
1 93 56
1 93 57
1 93 58
1 93 60
1 93 63
1 93 64
1 93 65
1 93 66
1 93 70
1 93 74
1 93 75
1 93 78
1 93 81
1 93 82
1 93 83
1 93 85
1 93 86
1 93 87
1 93 88
1 93 90
1 93 92
1 93 94
1 93 95
1 93 96
1 93 100
1 93 101
1 93 102
1 93 104
1 93 106
1 93 108
1 93 109
1 93 110
1 93 113
1 93 114
1 93 115
1 93 116
1 93 118
1 93 119
1 93 121
1 93 124
1 93 126
1 93 128
1 93 133
1 93 139