939
6
89 45 35 41 45 25
1997

0 0 0 264 0 0 0 0 0 0 0 0 0 0 0 0 0 135 0 0 877 29 0 0 0 0 0 217 0 0 0 0 0 0 0 0 0 0 0 0 0 0 164 890 0 0 845 0 0 0 0 0 0 0 0 0 860 0 526 0 0 0 0 0 0 0 0 0 0 0 0 0 0 0 209 550 0 806 0 0 0 0 0 0 0 0 0 0 0
0 0 0 0 0 455 0 145 0 0 0 828 0 0 0 0 0 0 0 0 0 0 917 104 0 0 0 0 769 0 585 0 0 0 0 0 0 809 528 901 0 0 0 0 0
0 0 0 0 737 0 17 0 0 0 0 484 997 307 0 0 0 0 0 0 0 0 0 0 0 0 0 0 828 0 0 0 0 0 0
0 0 0 0 0 0 0 335 0 0 0 0 0 0 0 0 972 0 0 220 0 0 536 0 0 0 0 0 0 0 0 0 0 0 0 0 140 0 0 0 0
0 0 0 0 0 0 0 0 0 884 0 0 0 0 0 0 0 0 0 0 830 0 0 0 0 142 0 0 248 0 0 0 0 0 0 1016 0 0 0 0 0 0 616 0 754
0 0 0 0 0 302 0 0 0 260 0 0 0 0 663 0 658 383 0 0 335 0 0 942 30

0 0 1
0 0 6
0 0 11
0 0 15
0 0 23
0 0 26
0 0 30
0 0 32
0 1 6
0 1 8
0 1 14
0 1 16
0 1 19
0 1 28
0 1 30
0 1 36
0 1 40
0 1 41
0 2 3
0 2 5
0 2 11
0 2 13
0 2 14
0 2 21
0 2 25
0 2 29
0 2 33
0 2 34
0 2 39
0 2 40
0 3 2
0 3 4
0 3 9
0 3 11
0 3 19
0 3 20
0 3 27
0 3 31
0 3 40
0 3 42
0 4 2
0 4 4
0 4 6
0 4 13
0 4 23
0 4 25
0 4 27
0 4 32
0 4 35
0 4 36
0 4 37
0 4 39
0 4 41
0 4 43
0 5 8
0 5 9
0 5 10
0 5 26
0 5 32
0 5 33
0 5 38
0 5 39
0 5 41
0 6 0
0 6 4
0 6 5
0 6 7
0 6 12
0 6 14
0 6 16
0 6 18
0 6 21
0 6 24
0 6 32
0 6 34
0 6 38
0 7 0
0 7 2
0 7 3
0 7 9
0 7 14
0 7 19
0 7 23
0 7 25
0 7 34
0 7 42
0 8 5
0 8 10
0 8 11
0 8 12
0 8 15
0 8 16
0 8 17
0 8 20
0 8 26
0 8 33
0 8 41
0 9 4
0 9 8
0 9 11
0 9 17
0 9 23
0 9 25
0 9 26
0 9 31
0 9 39
0 9 43
0 10 3
0 10 12
0 10 13
0 10 15
0 10 19
0 10 20
0 10 31
0 10 38
0 11 8
0 11 21
0 11 22
0 11 23
0 11 24
0 11 27
0 11 36
0 11 42
0 11 44
0 12 6
0 12 10
0 12 15
0 12 24
0 12 31
0 12 32
0 12 35
0 13 0
0 13 5
0 13 8
0 13 13
0 13 14
0 13 16
0 13 19
0 13 26
0 13 30
0 13 33
0 13 36
0 13 38
0 13 39
0 14 1
0 14 4
0 14 5
0 14 14
0 14 15
0 14 18
0 14 20
0 14 24
0 14 25
0 14 30
0 14 37
0 14 40
0 15 0
0 15 23
0 15 24
0 15 28
0 15 31
0 15 37
0 16 2
0 16 7
0 16 13
0 16 14
0 16 18
0 16 28
0 16 29
0 16 30
0 16 32
0 16 34
0 16 37
0 17 0
0 17 1
0 17 2
0 17 11
0 17 17
0 17 23
0 17 28
0 17 33
0 17 36
0 17 41
0 18 0
0 18 11
0 18 17
0 18 20
0 18 21
0 18 23
0 18 26
0 18 29
0 18 33
0 18 35
0 18 40
0 19 2
0 19 5
0 19 8
0 19 9
0 19 10
0 19 13
0 19 23
0 19 35
0 19 38
0 19 44
0 20 5
0 20 7
0 20 10
0 20 18
0 20 21
0 20 24
0 20 29
0 20 33
0 20 35
0 20 38
0 20 40
0 21 5
0 21 22
0 21 24
0 21 26
0 21 30
0 21 32
0 22 1
0 22 4
0 22 9
0 22 10
0 22 11
0 22 28
0 22 30
0 22 32
0 22 38
0 22 44
0 23 3
0 23 12
0 23 20
0 23 27
0 23 37
0 23 44
0 24 5
0 24 8
0 24 15
0 24 19
0 24 22
0 24 24
0 24 27
0 24 29
0 24 33
0 24 36
0 24 37
0 25 1
0 25 5
0 25 19
0 25 32
0 25 33
0 25 37
0 26 0
0 26 1
0 26 2
0 26 5
0 26 12
0 26 13
0 26 28
0 26 36
0 26 39
0 26 44
0 27 2
0 27 3
0 27 7
0 27 13
0 27 15
0 27 25
0 27 27
0 27 29
0 27 30
0 27 37
0 27 42
0 28 1
0 28 3
0 28 4
0 28 6
0 28 7
0 28 10
0 28 13
0 28 20
0 28 24
0 28 31
0 28 34
0 28 35
0 28 42
0 28 43
0 29 12
0 29 34
0 29 39
0 29 43
0 29 44
0 30 4
0 30 9
0 30 10
0 30 14
0 30 19
0 30 32
0 30 36
0 30 39
0 30 40
0 30 43
0 31 3
0 31 14
0 31 24
0 31 35
0 31 36
0 31 42
0 32 0
0 32 7
0 32 8
0 32 15
0 32 24
0 32 29
0 32 30
0 32 35
0 32 40
0 33 2
0 33 6
0 33 20
0 33 30
0 33 37
0 33 42
0 34 0
0 34 1
0 34 7
0 34 17
0 34 24
0 34 26
0 34 28
0 34 33
0 34 36
0 34 38
0 34 41
0 34 42
0 35 0
0 35 26
0 35 31
0 35 34
0 36 2
0 36 26
0 36 35
0 36 38
0 37 9
0 37 12
0 37 19
0 37 23
0 37 26
0 37 30
0 37 31
0 37 32
0 37 35
0 37 37
0 37 39
0 37 44
0 38 4
0 38 11
0 38 15
0 38 17
0 38 20
0 38 25
0 38 26
0 38 31
0 39 9
0 39 11
0 39 15
0 39 19
0 39 26
0 39 28
0 39 36
0 39 43
0 40 0
0 40 7
0 40 11
0 40 12
0 40 15
0 40 19
0 40 31
0 40 39
0 41 9
0 41 12
0 41 18
0 41 21
0 41 23
0 41 24
0 41 29
0 41 31
0 41 38
0 41 39
0 42 5
0 42 25
0 42 30
0 42 41
0 43 5
0 43 6
0 43 8
0 43 9
0 43 15
0 43 19
0 43 22
0 43 24
0 43 26
0 43 27
0 43 37
0 43 40
0 43 44
0 44 4
0 44 9
0 44 12
0 44 16
0 44 20
0 44 24
0 44 30
0 44 36
0 44 38
0 45 0
0 45 2
0 45 6
0 45 23
0 45 31
0 45 33
0 45 41
0 46 7
0 46 15
0 46 31
0 47 1
0 47 5
0 47 7
0 47 9
0 47 16
0 47 26
0 47 28
0 47 34
0 48 0
0 48 6
0 48 11
0 48 13
0 48 15
0 48 19
0 48 24
0 48 25
0 48 28
0 48 38
0 49 6
0 49 8
0 49 10
0 49 22
0 49 26
0 49 27
0 49 32
0 49 34
0 49 43
0 50 8
0 50 24
0 50 25
0 50 36
0 50 38
0 51 3
0 51 4
0 51 9
0 51 22
0 51 31
0 51 40
0 52 4
0 52 14
0 52 18
0 52 21
0 52 22
0 52 29
0 52 30
0 52 35
0 53 0
0 53 4
0 53 11
0 53 13
0 53 16
0 53 17
0 53 20
0 53 22
0 53 25
0 53 38
0 53 39
0 53 40
0 53 41
0 53 42
0 54 12
0 54 26
0 54 30
0 54 32
0 55 5
0 55 8
0 55 10
0 55 15
0 55 30
0 55 31
0 55 39
0 56 6
0 56 14
0 56 16
0 56 42
0 57 4
0 57 6
0 57 7
0 57 8
0 57 20
0 57 21
0 57 22
0 57 23
0 57 28
0 57 33
0 57 34
0 57 36
0 57 38
0 57 40
0 58 4
0 58 6
0 58 13
0 58 15
0 58 18
0 58 19
0 58 20
0 58 41
0 59 8
0 59 12
0 59 13
0 59 22
0 59 24
0 60 3
0 60 7
0 60 11
0 60 24
0 60 28
0 60 38
0 61 5
0 61 7
0 61 8
0 61 11
0 61 21
0 61 28
0 61 32
0 62 9
0 62 23
0 62 34
0 62 35
0 62 40
0 63 0
0 63 2
0 63 3
0 63 9
0 63 10
0 63 13
0 63 15
0 63 19
0 63 26
0 63 27
0 63 30
0 63 39
0 63 40
0 63 41
0 63 42
0 64 5
0 64 12
0 64 17
0 64 25
0 64 27
0 64 33
0 65 2
0 65 10
0 65 11
0 65 16
0 65 20
0 65 22
0 65 24
0 65 29
0 65 30
0 65 39
0 65 40
0 65 42
0 66 2
0 66 15
0 66 19
0 66 22
0 66 23
0 66 24
0 66 27
0 66 31
0 66 33
0 66 36
0 66 42
0 67 8
0 67 11
0 67 13
0 67 17
0 67 19
0 67 21
0 67 25
0 67 33
0 67 38
0 67 41
0 68 0
0 68 8
0 68 9
0 68 15
0 68 28
0 68 29
0 68 30
0 68 33
0 68 34
0 68 39
0 68 44
0 69 2
0 69 5
0 69 8
0 69 12
0 69 13
0 69 20
0 70 14
0 70 16
0 70 22
0 70 23
0 70 34
0 70 37
0 70 38
0 71 11
0 71 23
0 71 24
0 71 27
0 71 28
0 71 31
0 71 33
0 71 35
0 71 36
0 71 43
0 72 1
0 72 8
0 72 16
0 72 22
0 72 29
0 72 31
0 72 33
0 72 35
0 73 10
0 73 21
0 73 22
0 73 28
0 73 35
0 73 37
0 73 40
0 74 0
0 74 5
0 74 9
0 74 12
0 74 13
0 74 14
0 74 25
0 74 38
0 74 40
0 75 6
0 75 7
0 75 13
0 75 14
0 75 20
0 75 29
0 75 31
0 75 40
0 75 41
0 75 43
0 76 3
0 76 5
0 76 7
0 76 18
0 76 19
0 76 20
0 76 29
0 76 34
0 77 6
0 77 7
0 77 17
0 77 18
0 77 20
0 77 30
0 77 35
0 77 36
0 77 37
0 78 2
0 78 14
0 78 21
0 78 33
0 78 36
0 78 37
0 79 1
0 79 2
0 79 8
0 79 11
0 79 18
0 79 19
0 79 23
0 79 34
0 79 38
0 79 39
0 79 44
0 80 6
0 80 7
0 80 8
0 80 9
0 80 18
0 80 21
0 80 31
0 80 39
0 80 40
0 80 41
0 80 42
0 80 44
0 81 2
0 81 5
0 81 8
0 81 16
0 81 22
0 81 24
0 81 33
0 81 40
0 81 44
0 82 0
0 82 5
0 82 15
0 82 19
0 82 25
0 82 28
0 82 33
0 82 36
0 83 0
0 83 10
0 83 13
0 83 28
0 83 29
0 83 36
0 84 7
0 84 8
0 84 9
0 84 10
0 84 14
0 84 21
0 84 32
0 84 33
0 85 1
0 85 5
0 85 6
0 85 8
0 85 10
0 85 21
0 85 23
0 85 25
0 85 26
0 85 27
0 85 29
0 86 4
0 86 8
0 86 10
0 86 14
0 86 19
0 86 34
0 86 37
0 86 44
0 87 5
0 87 6
0 87 8
0 87 22
0 87 25
0 87 29
0 87 32
0 87 34
0 87 35
0 87 38
0 87 42
0 88 2
0 88 4
0 88 8
0 88 15
0 88 19
0 88 21
1 0 3
1 0 5
1 0 13
1 0 15
1 0 16
1 0 20
1 0 24
1 1 8
1 1 9
1 1 12
1 1 13
1 1 14
1 1 19
1 1 20
1 1 26
1 2 2
1 2 7
1 2 9
1 2 14
1 2 22
1 2 29
1 3 8
1 3 11
1 3 16
1 3 22
1 3 23
1 4 9
1 4 24
1 4 25
1 4 28
1 4 31
1 5 0
1 5 3
1 5 11
1 5 21
1 5 31
1 6 4
1 6 7
1 6 13
1 6 15
1 6 16
1 6 18
1 6 20
1 6 28
1 6 34
1 7 1
1 7 12
1 7 15
1 7 16
1 7 25
1 7 26
1 7 33
1 8 0
1 8 1
1 8 7
1 8 9
1 8 12
1 8 16
1 8 20
1 8 24
1 9 2
1 9 8
1 9 15
1 9 16
1 9 18
1 9 29
1 9 31
1 9 32
1 10 0
1 10 6
1 10 9
1 10 17
1 10 18
1 11 2
1 11 4
1 11 5
1 11 9
1 11 14
1 11 27
1 11 30
1 12 0
1 12 1
1 12 16
1 12 22
1 12 24
1 12 31
1 13 0
1 13 4
1 13 6
1 13 11
1 13 12
1 13 14
1 13 25
1 13 28
1 14 1
1 14 6
1 14 8
1 14 11
1 14 14
1 14 30
1 14 33
1 15 0
1 15 20
1 15 22
1 15 23
1 16 2
1 16 15
1 16 23
1 16 28
1 17 2
1 17 12
1 17 14
1 17 16
1 17 18
1 17 24
1 18 5
1 18 14
1 18 20
1 18 22
1 18 23
1 18 26
1 18 28
1 18 33
1 19 16
1 19 18
1 19 24
1 19 33
1 19 34
1 20 14
1 20 15
1 20 16
1 20 23
1 20 26
1 20 27
1 20 28
1 20 30
1 21 3
1 21 25
1 21 27
1 21 28
1 21 31
1 21 34
1 22 0
1 22 4
1 22 12
1 22 24
1 22 30
1 22 32
1 22 33
1 23 2
1 23 8
1 23 12
1 23 14
1 23 21
1 23 23
1 23 28
1 23 30
1 23 31
1 24 0
1 24 9
1 24 11
1 24 12
1 24 16
1 24 25
1 24 29
1 25 5
1 25 6
1 25 8
1 25 26
1 26 0
1 26 2
1 26 3
1 26 5
1 26 6
1 26 18
1 26 20
1 26 22
1 26 32
1 27 0
1 27 1
1 27 2
1 27 4
1 27 8
1 27 9
1 27 15
1 27 16
1 27 17
1 27 19
1 27 34
1 28 0
1 28 16
1 28 34
1 29 4
1 29 7
1 29 9
1 29 12
1 29 13
1 29 23
1 29 25
1 29 30
1 30 10
1 30 31
1 30 33
1 31 0
1 31 1
1 31 10
1 31 14
1 31 15
1 31 19
1 31 24
1 31 27
1 31 28
1 31 29
1 31 33
1 31 34
1 32 0
1 32 27
1 32 34
1 33 0
1 33 14
1 33 26
1 33 32
1 34 11
1 34 16
1 34 17
1 34 19
1 34 23
1 34 24
1 34 28
1 34 30
1 34 34
1 35 21
1 35 24
1 35 27
1 35 30
1 35 31
1 35 33
1 36 8
1 36 12
1 36 22
1 36 27
1 36 33
1 37 2
1 37 7
1 37 15
1 37 19
1 37 21
1 37 25
1 37 29
1 38 1
1 38 10
1 38 12
1 38 17
1 38 21
1 38 28
1 38 30
1 38 34
1 39 2
1 39 5
1 39 8
1 39 19
1 39 20
1 39 24
1 39 25
1 39 27
1 39 28
1 39 30
1 39 32
1 39 34
1 40 1
1 40 6
1 40 11
1 40 16
1 40 19
1 40 20
1 40 24
1 40 31
1 40 33
1 41 9
1 41 13
1 41 14
1 41 18
1 41 21
1 41 28
1 41 29
1 41 31
1 41 34
1 42 3
1 42 8
1 42 13
1 42 18
1 42 21
1 42 25
1 42 31
1 43 0
1 43 2
1 43 18
1 43 24
1 43 27
1 43 29
1 43 34
1 44 4
1 44 5
1 44 10
1 44 23
1 44 33
2 0 3
2 0 5
2 0 7
2 0 11
2 0 13
2 0 18
2 0 20
2 0 30
2 0 35
2 1 10
2 1 13
2 1 14
2 1 20
2 1 23
2 1 40
2 2 2
2 2 10
2 2 12
2 2 13
2 2 33
2 2 36
2 2 38
2 3 0
2 3 2
2 3 5
2 3 9
2 3 14
2 3 16
2 3 22
2 3 24
2 3 31
2 3 37
2 4 0
2 4 10
2 4 11
2 4 12
2 4 30
2 5 0
2 5 4
2 5 7
2 5 11
2 5 13
2 5 16
2 5 17
2 5 19
2 5 34
2 6 2
2 6 19
2 6 23
2 6 29
2 6 35
2 7 9
2 7 18
2 7 22
2 7 23
2 7 34
2 7 35
2 7 36
2 7 37
2 7 39
2 8 14
2 8 16
2 8 20
2 8 21
2 8 24
2 8 29
2 9 17
2 9 19
2 9 22
2 9 32
2 10 0
2 10 3
2 10 4
2 10 5
2 10 6
2 10 11
2 10 15
2 10 29
2 10 37
2 10 40
2 11 1
2 11 4
2 11 8
2 11 19
2 11 23
2 11 28
2 11 38
2 12 0
2 12 2
2 12 5
2 12 13
2 12 14
2 12 15
2 12 16
2 12 21
2 12 22
2 12 23
2 12 29
2 12 32
2 13 1
2 13 4
2 13 8
2 13 10
2 13 23
2 13 27
2 13 35
2 13 36
2 13 39
2 13 40
2 14 4
2 14 5
2 14 8
2 14 11
2 14 13
2 14 24
2 14 28
2 14 31
2 14 33
2 15 4
2 15 6
2 15 8
2 15 17
2 15 19
2 15 22
2 15 26
2 15 35
2 15 38
2 16 6
2 16 10
2 16 14
2 16 21
2 16 22
2 16 23
2 16 24
2 16 26
2 17 0
2 17 2
2 17 8
2 17 10
2 17 11
2 17 21
2 17 22
2 17 27
2 17 32
2 17 34
2 18 1
2 18 2
2 18 5
2 18 7
2 18 24
2 18 26
2 18 31
2 18 32
2 18 39
2 18 40
2 19 1
2 19 5
2 19 8
2 19 13
2 19 15
2 19 17
2 19 27
2 19 35
2 19 38
2 19 40
2 20 5
2 20 12
2 20 17
2 20 18
2 20 23
2 20 24
2 20 25
2 20 31
2 21 0
2 21 2
2 21 11
2 21 19
2 21 23
2 21 30
2 21 32
2 21 36
2 21 37
2 22 4
2 22 7
2 22 12
2 22 13
2 22 21
2 22 22
2 22 25
2 22 29
2 22 35
2 22 39
2 23 9
2 23 19
2 23 20
2 23 29
2 23 35
2 23 39
2 24 10
2 24 28
2 24 29
2 24 34
2 24 40
2 25 5
2 25 8
2 25 20
2 25 26
2 25 33
2 25 37
2 25 39
2 26 3
2 26 4
2 26 7
2 26 8
2 26 12
2 26 17
2 26 19
2 26 24
2 26 27
2 26 28
2 26 33
2 26 36
2 26 38
2 26 40
2 27 2
2 27 6
2 27 17
2 27 22
2 27 28
2 27 33
2 28 10
2 28 12
2 28 14
2 28 16
2 28 17
2 28 18
2 28 19
2 28 26
2 28 31
2 28 33
2 28 34
2 29 10
2 29 12
2 29 16
2 29 17
2 29 18
2 29 23
2 29 31
2 29 36
2 29 38
2 30 1
2 30 4
2 30 5
2 30 7
2 30 21
2 30 23
2 30 24
2 30 28
2 30 29
2 30 30
2 30 34
2 30 37
2 30 39
2 30 40
2 31 5
2 31 7
2 31 15
2 31 22
2 31 25
2 31 26
2 31 27
2 31 29
2 31 32
2 31 35
2 31 37
2 32 5
2 32 8
2 32 12
2 32 13
2 32 22
2 32 24
2 32 28
2 32 33
2 33 1
2 33 2
2 33 3
2 33 4
2 33 10
2 33 15
2 33 18
2 33 19
2 33 21
2 33 22
2 33 25
2 33 27
2 33 29
2 33 31
2 33 32
2 33 34
2 34 6
2 34 7
2 34 11
2 34 16
2 34 22
2 34 37
2 34 38
3 0 3
3 0 9
3 0 24
3 0 28
3 0 34
3 0 35
3 1 0
3 1 27
3 1 29
3 1 39
3 1 43
3 2 3
3 2 4
3 2 8
3 2 10
3 2 25
3 2 30
3 2 31
3 2 32
3 3 0
3 3 11
3 3 18
3 3 20
3 3 26
3 3 29
3 3 33
3 3 34
3 3 35
3 3 42
3 3 43
3 4 6
3 4 9
3 4 11
3 4 15
3 4 18
3 4 25
3 4 29
3 4 40
3 4 41
3 5 2
3 5 9
3 5 13
3 5 15
3 5 16
3 5 23
3 5 26
3 6 3
3 6 8
3 6 33
3 6 34
3 6 39
3 7 0
3 7 8
3 7 13
3 7 17
3 7 18
3 7 24
3 7 44
3 8 1
3 8 6
3 8 11
3 8 15
3 8 21
3 8 22
3 8 23
3 8 24
3 8 29
3 8 37
3 9 6
3 9 11
3 9 12
3 9 13
3 9 20
3 9 24
3 9 28
3 9 29
3 9 31
3 9 36
3 10 4
3 10 13
3 10 14
3 10 18
3 10 22
3 10 29
3 10 30
3 10 31
3 10 34
3 10 42
3 11 1
3 11 4
3 11 14
3 11 20
3 11 29
3 11 31
3 11 32
3 11 33
3 11 34
3 11 38
3 11 41
3 12 1
3 12 3
3 12 5
3 12 7
3 12 12
3 12 16
3 12 22
3 12 23
3 12 24
3 12 27
3 13 26
3 13 31
3 13 32
3 13 35
3 13 36
3 14 0
3 14 3
3 14 6
3 14 9
3 14 10
3 14 17
3 14 21
3 14 25
3 14 33
3 14 36
3 15 8
3 15 9
3 15 27
3 15 29
3 15 38
3 16 0
3 16 1
3 16 4
3 16 5
3 16 13
3 16 18
3 16 24
3 16 34
3 16 37
3 16 43
3 17 0
3 17 4
3 17 17
3 17 19
3 17 21
3 17 25
3 17 35
3 17 43
3 17 44
3 18 0
3 18 2
3 18 4
3 18 12
3 18 27
3 18 28
3 18 38
3 18 43
3 19 10
3 19 11
3 19 13
3 19 14
3 19 16
3 19 17
3 19 20
3 19 22
3 19 25
3 19 30
3 19 36
3 20 0
3 20 1
3 20 5
3 20 11
3 20 15
3 20 16
3 20 20
3 20 27
3 20 29
3 20 36
3 20 37
3 20 42
3 21 0
3 21 1
3 21 2
3 21 3
3 21 8
3 21 14
3 21 15
3 21 18
3 21 24
3 21 28
3 21 34
3 22 0
3 22 6
3 22 9
3 22 15
3 22 24
3 22 25
3 22 42
3 22 44
3 23 13
3 23 19
3 23 21
3 23 22
3 23 25
3 23 33
3 23 36
3 24 1
3 24 17
3 24 18
3 24 20
3 24 26
3 24 33
3 24 40
3 25 1
3 25 6
3 25 10
3 25 26
3 25 31
3 25 38
3 25 39
3 25 40
3 25 44
3 26 2
3 26 4
3 26 13
3 26 16
3 26 21
3 26 32
3 26 39
3 26 42
3 26 43
3 27 2
3 27 10
3 27 12
3 27 13
3 27 16
3 27 24
3 27 27
3 27 40
3 27 41
3 27 42
3 28 6
3 28 13
3 28 18
3 28 21
3 28 31
3 28 39
3 28 41
3 28 42
3 29 5
3 29 6
3 29 7
3 29 12
3 29 18
3 29 25
3 29 31
3 29 32
3 29 35
3 29 36
3 29 39
3 29 40
3 29 42
3 29 43
3 30 9
3 30 14
3 30 15
3 30 16
3 30 25
3 30 33
3 30 39
3 30 40
3 30 43
3 31 4
3 31 11
3 31 13
3 31 14
3 31 15
3 31 17
3 31 22
3 31 29
3 31 30
3 31 42
3 31 44
3 32 2
3 32 3
3 32 6
3 32 9
3 32 11
3 32 21
3 32 23
3 32 24
3 32 26
3 32 27
3 32 31
3 32 37
3 32 39
3 32 40
3 32 44
3 33 2
3 33 3
3 33 9
3 33 10
3 33 12
3 33 22
3 33 25
3 33 26
3 33 27
3 33 28
3 33 30
3 33 39
3 34 5
3 34 19
3 34 24
3 34 30
3 34 31
3 34 35
3 34 36
3 35 3
3 35 7
3 35 16
3 35 22
3 36 0
3 36 1
3 36 6
3 36 12
3 36 26
3 36 30
3 36 33
3 36 35
3 36 38
3 36 43
3 37 0
3 37 5
3 37 6
3 37 10
3 37 15
3 37 18
3 37 24
3 37 26
3 37 33
3 37 34
3 37 37
3 37 40
3 37 41
3 38 7
3 38 9
3 38 11
3 38 20
3 38 22
3 38 25
3 38 31
3 38 38
3 38 43
3 39 0
3 39 1
3 39 2
3 39 7
3 39 9
3 39 10
3 39 12
3 39 20
3 39 26
3 39 29
3 39 31
3 39 33
3 39 40
3 39 42
3 40 9
3 40 10
3 40 11
3 40 21
3 40 27
3 40 32
3 40 38
3 40 42
3 40 43
4 0 1
4 0 8
4 0 10
4 0 16
4 0 20
4 0 22
4 0 23
4 1 5
4 1 11
4 1 15
4 1 16
4 1 19
4 1 20
4 2 11
4 2 14
4 2 17
4 2 18
4 2 21
4 2 23
4 3 13
4 3 22
4 4 2
4 4 6
4 4 8
4 4 11
4 4 15
4 5 0
4 5 4
4 5 15
4 5 21
4 6 1
4 6 7
4 6 9
4 6 16
4 6 21
4 7 3
4 7 7
4 7 17
4 7 20
4 7 21
4 8 1
4 8 6
4 8 7
4 8 8
4 8 10
4 8 13
4 8 20
4 8 24
4 9 7
4 9 8
4 9 13
4 9 15
4 10 0
4 10 7
4 10 9
4 10 13
4 11 1
4 11 19
4 11 23
4 12 12
4 12 18
4 12 19
4 13 0
4 13 3
4 13 7
4 13 9
4 13 10
4 13 16
4 13 17
4 13 19
4 13 22
4 14 11
4 14 16
4 14 22
4 15 0
4 15 6
4 15 8
4 15 14
4 16 1
4 16 15
4 16 23
4 16 24
4 17 0
4 17 3
4 17 12
4 18 4
4 18 6
4 18 8
4 18 10
4 18 17
4 18 21
4 19 2
4 19 10
4 19 14
4 19 15
4 19 22
4 19 24
4 20 1
4 20 4
4 21 2
4 21 3
4 21 15
4 21 20
4 21 22
4 21 24
4 22 15
4 22 19
4 22 22
4 23 2
4 23 15
4 23 17
4 23 18
4 23 19
4 23 23
4 23 24
4 24 1
4 24 3
4 24 4
4 24 5
4 24 8
4 24 16
4 24 19
4 24 21
4 25 4
4 25 7
4 25 9
4 25 14
4 25 17
4 25 22
4 25 24
4 26 7
4 26 12
4 26 18
4 27 5
4 27 20
4 28 3
4 28 7
4 28 9
4 28 11
4 28 12
4 28 17
4 29 6
4 29 13
4 29 14
4 29 21
4 29 23
4 30 6
4 30 8
4 30 15
4 30 17
4 31 1
4 31 2
4 31 18
4 31 24
4 32 4
4 32 8
4 32 23
4 32 24
4 33 4
4 33 6
4 33 7
4 33 10
4 33 12
4 33 13
4 33 14
4 33 15
4 33 22
4 34 1
4 34 3
4 34 6
4 34 11
4 35 2
4 35 3
4 35 4
4 35 10
4 35 13
4 35 22
4 36 7
4 36 11
4 36 16
4 36 22
4 36 23
4 37 6
4 37 7
4 37 9
4 37 11
4 37 14
4 37 20
4 38 0
4 38 2
4 38 3
4 38 6
4 38 10
4 38 12
4 38 17
4 38 18
4 38 20
4 38 24
4 39 1
4 39 16
4 39 22
4 40 11
4 40 15
4 40 18
4 40 19
4 40 24
4 41 3
4 41 6
4 41 8
4 41 13
4 41 24
4 42 0
4 42 4
4 42 10
4 42 14
4 42 24
4 43 2
4 43 4
4 43 6
4 43 13
4 43 21
4 44 1
4 44 2
4 44 5
4 44 6
4 44 8
4 44 13
4 44 17