267
4
23 48 40 9
676

0 0 0 0 0 586 0 0 0 0 187 0 0 0 0 0 0 0 0 0 0 313 924
0 0 934 0 0 0 788 0 0 0 0 0 0 0 0 0 0 0 0 0 302 481 0 0 943 0 0 0 581 0 0 0 0 0 0 0 0 0 0 0 0 0 0 149 0 0 0 0
0 0 0 0 906 0 0 61 0 111 617 0 0 0 0 355 0 0 0 0 715 381 891 733 0 1019 0 0 0 0 928 0 0 243 0 236 396 0 0 865
0 0 81 502 364 0 0 0 0

0 0 6
0 0 9
0 0 20
0 0 36
0 0 38
0 1 11
0 1 12
0 1 18
0 1 20
0 1 25
0 1 27
0 1 28
0 1 36
0 1 40
0 2 4
0 2 5
0 2 19
0 2 20
0 2 30
0 2 32
0 2 35
0 2 36
0 3 0
0 3 2
0 3 6
0 3 7
0 3 14
0 3 16
0 3 17
0 3 22
0 3 27
0 3 32
0 3 36
0 3 37
0 3 39
0 3 41
0 3 43
0 4 3
0 4 12
0 4 15
0 4 21
0 4 31
0 4 38
0 4 40
0 5 5
0 5 6
0 5 7
0 5 21
0 5 22
0 5 29
0 5 33
0 5 38
0 5 40
0 5 41
0 6 7
0 6 9
0 6 12
0 6 20
0 6 24
0 6 27
0 6 46
0 7 2
0 7 7
0 7 9
0 7 11
0 7 21
0 7 25
0 7 28
0 7 39
0 7 42
0 8 8
0 8 9
0 8 14
0 8 25
0 8 28
0 8 32
0 8 35
0 8 42
0 8 44
0 8 45
0 9 16
0 9 18
0 9 23
0 9 24
0 9 26
0 9 28
0 9 33
0 9 35
0 9 41
0 10 0
0 10 2
0 10 5
0 10 10
0 10 15
0 10 17
0 10 18
0 10 19
0 10 34
0 10 35
0 10 36
0 10 39
0 11 0
0 11 3
0 11 12
0 11 15
0 11 20
0 11 21
0 11 22
0 11 23
0 11 26
0 11 32
0 11 37
0 11 44
0 12 4
0 12 6
0 12 10
0 12 12
0 12 13
0 12 15
0 12 20
0 12 26
0 12 29
0 12 38
0 12 39
0 12 45
0 13 2
0 13 5
0 13 6
0 13 12
0 13 29
0 13 33
0 13 40
0 13 41
0 14 1
0 14 10
0 14 11
0 14 14
0 14 17
0 14 31
0 14 37
0 14 41
0 15 3
0 15 4
0 15 9
0 15 14
0 15 35
0 15 43
0 16 0
0 16 15
0 16 16
0 16 19
0 16 20
0 16 27
0 16 36
0 16 40
0 16 41
0 16 45
0 17 0
0 17 3
0 17 7
0 17 21
0 17 22
0 17 36
0 17 40
0 17 41
0 17 42
0 18 1
0 18 4
0 18 6
0 18 10
0 18 21
0 18 22
0 18 30
0 18 31
0 18 34
0 18 43
0 18 46
0 19 0
0 19 6
0 19 9
0 19 11
0 19 16
0 19 17
0 19 18
0 19 20
0 19 28
0 19 35
0 19 41
0 19 44
0 19 47
0 20 3
0 20 18
0 20 22
0 20 23
0 20 25
0 20 35
0 20 36
0 20 37
0 20 45
0 21 8
0 21 14
0 21 24
0 21 26
0 21 29
0 21 39
0 21 42
0 22 7
0 22 13
0 22 15
0 22 36
0 22 45
0 22 46
1 0 1
1 0 2
1 0 6
1 0 11
1 0 32
1 0 36
1 1 2
1 1 7
1 1 9
1 1 10
1 1 14
1 1 16
1 1 21
1 1 23
1 1 34
1 1 35
1 2 6
1 2 7
1 2 21
1 2 24
1 2 31
1 2 33
1 3 5
1 3 8
1 3 10
1 3 11
1 3 22
1 3 25
1 3 29
1 3 30
1 3 35
1 3 38
1 3 39
1 4 3
1 4 5
1 4 20
1 4 25
1 4 26
1 4 27
1 5 6
1 5 7
1 5 9
1 5 10
1 5 15
1 5 21
1 5 22
1 5 24
1 5 26
1 5 29
1 5 35
1 5 36
1 5 38
1 6 5
1 6 12
1 6 13
1 6 16
1 6 21
1 6 23
1 6 30
1 6 32
1 6 34
1 6 36
1 6 38
1 6 39
1 7 0
1 7 7
1 7 11
1 7 12
1 7 13
1 7 17
1 7 27
1 7 28
1 7 33
1 7 35
1 7 39
1 8 0
1 8 22
1 8 27
1 9 0
1 9 2
1 9 8
1 9 9
1 9 10
1 9 11
1 9 12
1 9 29
1 9 30
1 9 31
1 9 34
1 10 4
1 10 9
1 10 10
1 10 11
1 10 19
1 10 30
1 11 0
1 11 7
1 11 17
1 11 26
1 11 35
1 11 37
1 11 38
1 11 39
1 12 8
1 12 18
1 12 24
1 12 25
1 12 34
1 12 39
1 13 3
1 13 15
1 13 20
1 13 24
1 13 29
1 13 30
1 13 33
1 13 38
1 14 1
1 14 3
1 14 8
1 14 13
1 14 18
1 14 20
1 14 24
1 14 27
1 15 16
1 15 17
1 15 33
1 16 7
1 16 9
1 16 10
1 16 11
1 16 14
1 16 18
1 16 24
1 16 26
1 16 27
1 16 28
1 16 31
1 16 35
1 16 36
1 16 37
1 16 38
1 16 39
1 17 11
1 17 12
1 17 13
1 17 15
1 17 22
1 17 23
1 17 24
1 17 27
1 17 31
1 17 33
1 17 36
1 18 4
1 18 6
1 18 10
1 18 13
1 18 18
1 18 21
1 18 22
1 18 24
1 18 37
1 18 38
1 19 1
1 19 5
1 19 13
1 19 23
1 19 27
1 19 28
1 19 30
1 20 1
1 20 3
1 20 4
1 20 9
1 20 13
1 20 19
1 20 30
1 20 32
1 21 7
1 21 14
1 21 15
1 21 19
1 21 20
1 21 35
1 22 2
1 22 12
1 22 18
1 22 26
1 22 28
1 22 34
1 23 15
1 23 17
1 23 19
1 23 37
1 24 2
1 24 17
1 24 29
1 24 37
1 25 1
1 25 10
1 25 12
1 25 19
1 25 22
1 25 24
1 25 33
1 25 34
1 25 35
1 25 37
1 25 39
1 26 0
1 26 3
1 26 7
1 26 9
1 26 12
1 26 15
1 26 23
1 26 25
1 26 27
1 26 30
1 26 39
1 27 3
1 27 15
1 27 18
1 27 28
1 27 32
1 27 35
1 27 38
1 27 39
1 28 1
1 28 10
1 28 15
1 28 22
1 28 28
1 28 29
1 28 32
1 28 35
1 28 37
1 28 38
1 29 8
1 29 12
1 29 14
1 29 22
1 29 23
1 29 29
1 29 30
1 29 32
1 29 37
1 30 8
1 30 10
1 30 20
1 30 33
1 31 9
1 31 15
1 31 23
1 31 26
1 31 29
1 31 31
1 32 5
1 32 13
1 32 18
1 32 20
1 32 28
1 32 30
1 32 31
1 32 32
1 32 36
1 33 7
1 33 10
1 33 13
1 33 28
1 34 0
1 34 1
1 34 3
1 34 10
1 34 17
1 34 24
1 34 30
1 34 33
1 34 38
1 35 0
1 35 3
1 35 4
1 35 7
1 35 16
1 35 21
1 35 29
1 35 35
1 35 37
1 36 0
1 36 1
1 36 2
1 36 3
1 36 4
1 36 11
1 36 14
1 36 18
1 36 23
1 36 24
1 36 25
1 36 30
1 37 1
1 37 6
1 37 7
1 37 12
1 37 13
1 37 16
1 37 18
1 37 25
1 37 27
1 37 29
1 37 36
1 37 37
1 37 38
1 38 3
1 38 8
1 38 19
1 38 31
1 38 34
1 38 36
1 38 39
1 39 7
1 39 8
1 39 14
1 39 19
1 39 23
1 39 25
1 39 29
1 39 31
1 39 33
1 39 38
1 40 4
1 40 6
1 40 15
1 40 20
1 40 23
1 40 33
1 40 35
1 40 36
1 41 1
1 41 5
1 41 17
1 41 21
1 41 26
1 41 33
1 41 35
1 42 10
1 42 13
1 42 27
1 42 28
1 42 32
1 42 33
1 42 35
1 42 36
1 43 4
1 43 9
1 43 10
1 43 16
1 43 23
1 43 31
1 43 34
1 44 0
1 44 13
1 44 14
1 44 19
1 44 23
1 44 30
1 44 31
1 44 39
1 45 1
1 45 5
1 45 14
1 45 24
1 45 27
1 45 29
1 45 30
1 45 33
1 45 37
1 45 39
1 46 7
1 46 9
1 46 10
1 46 16
1 46 19
1 46 20
1 46 23
1 46 24
1 46 26
1 46 31
1 46 32
1 47 2
1 47 15
1 47 16
1 47 17
1 47 18
1 47 22
1 47 23
1 47 28
1 47 29
1 47 33
1 47 36
1 47 39
2 0 2
2 0 8
2 1 0
2 1 3
2 1 5
2 2 6
2 4 6
2 4 8
2 5 1
2 5 2
2 5 7
2 5 8
2 6 2
2 6 6
2 8 4
2 9 6
2 11 2
2 11 8
2 12 1
2 12 6
2 14 3
2 14 7
2 14 8
2 15 1
2 15 5
2 16 8
2 17 0
2 17 3
2 17 5
2 18 0
2 18 6
2 20 2
2 20 5
2 21 0
2 21 1
2 21 6
2 22 0
2 23 0
2 24 6
2 26 5
2 26 8
2 27 0
2 27 2
2 27 3
2 27 8
2 28 5
2 28 7
2 28 8
2 29 0
2 29 4
2 30 2
2 30 6
2 31 6
2 33 4
2 34 5
2 34 8
2 35 5
2 36 1
2 36 4
2 37 8
2 38 8