1042
7
18 11 20 13 65 7 26
648

0 318 160 131 651 188 799 745 51 0 542 665 0 643 0 0 270 179
599 355 0 890 686 671 39 434 226 759 135
75 628 459 20 0 228 842 991 511 753 0 681 297 391 80 759 0 376 649 432
56 603 0 0 555 929 717 248 0 1018 169 814 489
823 706 0 0 393 517 2 0 513 399 0 148 0 151 629 975 919 101 378 435 1022 0 0 223 906 965 0 476 0 476 180 952 602 0 118 802 749 561 267 0 963 777 487 176 771 829 648 722 0 0 375 193 227 40 276 0 665 643 80 0 938 540 735 1011 589
357 197 1000 0 465 493 164
0 246 0 465 0 675 964 588 0 583 864 0 344 222 4 600 334 63 647 385 250 908 291 0 0 933

0 0 1
0 0 5
0 0 8
0 1 0
0 1 8
0 1 10
0 2 3
0 2 9
0 3 1
0 3 2
0 3 4
0 4 5
0 4 7
0 4 8
0 5 0
0 5 2
0 5 4
0 5 10
0 6 1
0 6 6
0 6 8
0 6 10
0 7 2
0 7 4
0 7 5
0 7 8
0 7 10
0 8 10
0 9 0
0 9 1
0 9 4
0 10 0
0 10 2
0 10 7
0 11 3
0 11 4
0 11 5
0 12 2
0 12 3
0 12 4
0 12 6
0 13 3
0 13 4
0 14 3
0 14 4
0 14 8
0 15 4
0 15 5
0 15 10
0 16 0
0 16 4
0 16 7
0 17 1
0 17 4
1 0 0
1 0 11
1 0 13
1 0 16
1 1 0
1 1 4
1 1 6
1 1 9
1 1 18
1 1 19
1 2 1
1 2 10
1 2 14
1 2 15
1 2 17
1 3 3
1 3 5
1 3 15
1 3 17
1 3 18
1 4 1
1 4 4
1 4 6
1 4 11
1 4 15
1 4 18
1 5 0
1 5 3
1 5 4
1 5 9
1 5 10
1 5 15
1 5 19
1 6 1
1 6 3
1 6 4
1 6 5
1 6 10
1 6 14
1 6 15
1 6 16
1 6 17
1 7 2
1 7 5
1 7 9
1 7 10
1 7 13
1 7 14
1 8 2
1 8 5
1 8 7
1 8 8
1 8 9
1 8 10
1 8 17
1 9 0
1 9 2
1 9 3
1 9 5
1 9 11
1 9 12
1 9 16
1 9 18
1 10 0
1 10 2
1 10 4
1 10 6
1 10 8
1 10 13
1 10 16
2 0 0
2 0 1
2 0 2
2 0 3
2 0 4
2 0 6
2 0 8
2 0 11
2 0 12
2 1 4
2 1 6
2 1 7
2 1 12
2 2 2
2 2 5
2 2 7
2 2 9
2 3 0
2 3 4
2 3 6
2 3 11
2 4 3
2 4 4
2 4 6
2 4 9
2 4 10
2 4 11
2 5 1
2 5 4
2 5 5
2 5 6
2 6 1
2 6 3
2 6 7
2 6 8
2 7 1
2 8 2
2 8 5
2 8 8
2 8 11
2 9 5
2 9 6
2 9 8
2 9 10
2 9 11
2 10 0
2 10 6
2 10 11
2 10 12
2 11 0
2 11 3
2 11 9
2 12 0
2 12 5
2 12 11
2 13 1
2 13 4
2 13 6
2 13 7
2 13 8
2 13 10
2 13 11
2 13 12
2 14 9
2 14 10
2 14 11
2 15 0
2 15 1
2 15 4
2 15 6
2 15 8
2 16 1
2 16 5
2 16 7
2 16 8
2 16 9
2 16 12
2 17 3
2 17 8
2 18 3
2 18 4
2 18 5
2 18 12
2 19 7
2 19 8
2 19 9
2 19 10
3 0 3
3 0 4
3 0 6
3 0 8
3 0 12
3 0 13
3 0 15
3 0 16
3 0 26
3 0 29
3 0 34
3 0 35
3 0 44
3 0 48
3 0 49
3 0 50
3 0 52
3 0 54
3 0 55
3 0 57
3 0 60
3 0 63
3 1 0
3 1 1
3 1 2
3 1 4
3 1 8
3 1 9
3 1 10
3 1 16
3 1 17
3 1 23
3 1 24
3 1 29
3 1 31
3 1 32
3 1 34
3 1 35
3 1 41
3 1 43
3 1 44
3 1 57
3 2 0
3 2 3
3 2 6
3 2 11
3 2 12
3 2 14
3 2 15
3 2 16
3 2 17
3 2 18
3 2 22
3 2 27
3 2 28
3 2 29
3 2 34
3 2 36
3 2 42
3 2 44
3 2 48
3 2 50
3 2 58
3 2 59
3 2 60
3 2 61
3 2 64
3 3 1
3 3 2
3 3 3
3 3 5
3 3 6
3 3 7
3 3 9
3 3 10
3 3 14
3 3 17
3 3 18
3 3 21
3 3 24
3 3 28
3 3 29
3 3 31
3 3 37
3 3 39
3 3 40
3 3 45
3 3 47
3 3 52
3 3 53
3 3 56
3 3 64
3 4 4
3 4 6
3 4 7
3 4 11
3 4 12
3 4 19
3 4 23
3 4 24
3 4 29
3 4 38
3 4 39
3 4 40
3 4 42
3 4 47
3 4 50
3 4 51
3 4 52
3 4 55
3 4 58
3 4 63
3 5 2
3 5 3
3 5 13
3 5 15
3 5 16
3 5 20
3 5 21
3 5 22
3 5 27
3 5 29
3 5 42
3 5 43
3 5 56
3 5 59
3 6 4
3 6 5
3 6 8
3 6 9
3 6 10
3 6 18
3 6 20
3 6 24
3 6 28
3 6 30
3 6 33
3 6 35
3 6 41
3 6 42
3 6 44
3 6 46
3 6 49
3 6 50
3 6 52
3 6 60
3 6 62
3 7 6
3 7 15
3 7 20
3 7 25
3 7 30
3 7 36
3 7 38
3 7 48
3 7 56
3 8 0
3 8 2
3 8 6
3 8 8
3 8 9
3 8 12
3 8 13
3 8 14
3 8 18
3 8 20
3 8 23
3 8 25
3 8 28
3 8 29
3 8 32
3 8 37
3 8 38
3 8 41
3 8 43
3 8 54
3 8 58
3 8 59
3 8 61
3 8 63
3 9 0
3 9 1
3 9 3
3 9 4
3 9 5
3 9 6
3 9 8
3 9 9
3 9 15
3 9 17
3 9 20
3 9 27
3 9 33
3 9 36
3 9 39
3 9 43
3 9 56
3 9 57
3 9 60
3 9 61
3 9 64
3 10 0
3 10 1
3 10 2
3 10 4
3 10 6
3 10 9
3 10 12
3 10 13
3 10 24
3 10 30
3 10 33
3 10 36
3 10 37
3 10 38
3 10 43
3 10 53
3 10 59
3 10 61
3 11 5
3 11 13
3 11 15
3 11 20
3 11 21
3 11 22
3 11 25
3 11 31
3 11 34
3 11 36
3 11 38
3 11 41
3 11 45
3 11 50
3 11 54
3 11 55
3 11 56
3 11 60
3 11 61
3 11 62
3 11 63
3 12 1
3 12 14
3 12 15
3 12 16
3 12 22
3 12 26
3 12 30
3 12 32
3 12 39
3 12 45
3 12 46
3 12 49
3 12 51
3 12 52
4 0 5
4 1 0
4 1 2
4 2 1
4 2 2
4 2 3
4 2 6
4 3 4
4 4 1
4 4 3
4 5 5
4 6 6
4 7 4
4 7 6
4 8 0
4 8 4
4 9 1
4 9 5
4 10 6
4 11 1
4 11 6
4 12 2
4 12 5
4 12 6
4 13 3
4 14 0
4 14 1
4 14 2
4 14 3
4 14 4
4 14 5
4 15 0
4 15 1
4 15 5
4 16 1
4 16 4
4 16 5
4 17 1
4 17 4
4 17 5
4 18 1
4 18 3
4 18 5
4 19 0
4 19 5
4 19 6
4 21 3
4 21 4
4 22 1
4 23 5
4 24 1
4 24 5
4 25 0
4 25 3
4 25 4
4 25 6
4 26 0
4 26 1
4 26 2
4 26 3
4 27 2
4 27 3
4 27 6
4 28 0
4 28 1
4 28 3
4 28 4
4 28 6
4 29 1
4 29 6
4 30 0
4 31 2
4 31 4
4 31 6
4 32 3
4 32 5
4 33 1
4 34 0
4 34 5
4 34 6
4 35 5
4 36 1
4 36 2
4 37 0
4 38 2
4 38 5
4 39 0
4 39 1
4 40 0
4 40 2
4 40 5
4 41 1
4 41 4
4 41 6
4 42 0
4 42 6
4 44 0
4 44 1
4 44 5
4 44 6
4 45 1
4 45 3
4 45 6
4 46 0
4 46 6
4 47 6
4 48 4
4 48 5
4 49 3
4 50 4
4 51 1
4 51 3
4 51 4
4 51 5
4 53 0
4 53 1
4 53 6
4 54 2
4 55 3
4 55 5
4 55 6
4 56 1
4 56 4
4 56 5
4 56 6
4 57 0
4 57 2
4 58 0
4 58 2
4 60 6
4 61 2
4 62 2
4 62 4
4 63 0
4 63 4
4 64 1
4 64 3
5 0 1
5 0 10
5 0 14
5 0 16
5 1 1
5 1 9
5 1 11
5 1 19
5 1 21
5 1 24
5 1 25
5 2 3
5 2 4
5 2 9
5 2 11
5 2 14
5 2 16
5 2 21
5 3 12
5 3 14
5 3 15
5 3 16
5 3 20
5 3 23
5 4 0
5 4 1
5 4 8
5 4 9
5 4 10
5 4 11
5 4 15
5 4 19
5 4 24
5 5 0
5 5 6
5 5 7
5 5 9
5 5 17
5 5 18
5 5 19
5 5 25
5 6 6
5 6 9
5 6 10
5 6 12
5 6 24