1807
5
109 128 114 116 133
1355

0 0 0 535 810 0 558 0 478 504 0 0 265 0 80 0 631 113 0 0 465 676 729 0 0 539 0 397 0 0 0 49 39 87 0 0 79 0 79 99 84 0 0 0 0 94 0 3 0 0 4 97 82 93 85 0 5 0 1 12 75 0 36 82 59 37 0 0 0 0 0 35 0 0 10 0 11 35 0 9 65 66 22 65 23 0 0 0 0 39 0 12 0 2 24 0 84 84 94 62 0 0 0 0 0 0 0 0 0
172 0 390 80 0 0 799 316 425 0 0 0 0 0 0 0 0 0 0 193 240 371 0 910 312 187 0 0 151 0 47 932 0 0 0 0 0 0 0 0 0 0 53 0 0 63 17 76 33 0 0 0 83 24 0 17 47 96 0 0 0 0 26 25 9 66 0 0 0 0 15 0 68 0 91 0 51 0 83 0 31 0 0 3 16 0 0 50 0 0 0 11 0 13 0 88 0 78 0 0 12 50 0 0 81 76 100 61 19 0 0 5 68 83 0 50 0 32 54 0 0 0 0 0 0 0 0 0
0 215 271 589 654 656 326 288 222 0 354 543 157 365 62 625 341 792 963 965 0 0 0 0 342 755 547 0 858 56 0 90 0 11 77 0 86 26 14 18 75 0 0 0 0 35 10 24 0 0 4 0 0 0 45 0 29 67 19 63 43 0 24 20 0 0 58 0 0 2 0 2 0 0 56 51 0 53 0 0 9 0 0 0 0 0 0 0 0 0 0 82 84 15 21 0 56 59 72 20 0 38 72 10 0 33 0 74 0 58 0 0 0 0
0 0 0 176 0 362 718 0 0 0 81 0 325 0 0 132 0 0 174 0 0 0 274 0 0 0 907 0 0 858 89 15 3 0 98 0 0 0 99 0 35 0 0 0 0 49 68 91 39 0 76 0 0 41 0 0 61 3 0 0 0 0 0 0 0 0 38 32 51 40 0 69 0 0 0 20 53 3 17 52 4 36 0 23 46 54 0 0 0 0 0 20 0 0 98 0 0 0 31 28 15 0 89 1 32 0 14 0 0 1 0 0 85 10 99 0
0 0 559 0 0 0 0 0 0 0 0 763 0 513 925 0 378 622 0 0 0 986 678 961 0 0 0 888 0 954 999 0 0 276 0 92 0 18 83 0 49 26 84 0 0 0 0 0 38 56 0 0 0 69 41 0 0 0 63 0 86 0 0 0 12 0 0 2 73 0 0 7 0 22 66 39 0 0 9 87 0 87 11 50 45 23 100 68 80 0 0 43 0 21 0 0 92 90 0 0 0 0 47 25 73 60 0 0 0 43 0 96 5 92 0 56 76 47 0 0 44 0 0 0 0 0 0 0 0 0 0 34 34

0 0 73
0 0 81
0 0 88
0 1 40
0 2 50
0 2 60
0 2 76
0 2 125
0 4 18
0 4 36
0 4 68
0 4 75
0 4 81
0 4 100
0 4 102
0 5 28
0 5 77
0 5 114
0 5 124
0 6 16
0 6 25
0 6 79
0 6 104
0 6 121
0 7 29
0 7 54
0 8 28
0 8 35
0 8 57
0 8 118
0 9 61
0 11 7
0 11 13
0 11 28
0 11 33
0 11 49
0 11 74
0 11 84
0 11 92
0 11 122
0 12 14
0 12 58
0 13 6
0 13 85
0 13 110
0 13 117
0 14 83
0 15 11
0 15 44
0 15 94
0 15 101
0 15 127
0 16 34
0 16 55
0 16 74
0 16 87
0 17 62
0 17 65
0 17 95
0 17 115
0 18 12
0 18 18
0 18 23
0 18 92
0 19 3
0 19 20
0 19 24
0 19 73
0 19 86
0 20 112
0 21 5
0 21 57
0 22 44
0 23 1
0 23 53
0 24 34
0 25 66
0 25 73
0 25 78
0 25 100
0 25 107
0 26 104
0 27 15
0 28 16
0 28 77
0 28 84
0 29 22
0 30 10
0 30 79
0 30 102
0 30 119
0 31 3
0 31 14
0 31 33
0 31 127
0 32 111
0 33 6
0 34 76
0 34 86
0 36 3
0 37 27
0 38 84
0 38 97
0 39 17
0 39 19
0 39 47
0 39 72
0 39 112
0 40 20
0 41 41
0 41 60
0 42 81
0 42 119
0 42 127
0 43 63
0 43 67
0 43 113
0 45 4
0 45 21
0 45 35
0 45 48
0 45 52
0 45 77
0 45 100
0 45 119
0 46 73
0 46 91
0 47 59
0 47 113
0 48 33
0 48 111
0 49 26
0 49 72
0 49 77
0 49 94
0 50 8
0 50 37
0 50 46
0 51 113
0 51 117
0 52 35
0 52 109
0 53 6
0 53 19
0 53 114
0 54 12
0 54 61
0 54 72
0 54 89
0 54 113
0 55 58
0 56 28
0 56 119
0 57 39
0 57 77
0 57 83
0 57 100
0 57 121
0 58 12
0 58 39
0 58 102
0 58 109
0 58 118
0 58 125
0 59 1
0 59 2
0 59 49
0 59 93
0 60 66
0 60 72
0 60 115
0 61 99
0 62 30
0 62 120
0 62 124
0 63 40
0 64 10
0 64 40
0 64 100
0 65 10
0 65 43
0 65 78
0 65 97
0 65 109
0 66 20
0 66 36
0 67 23
0 67 55
0 67 75
0 67 92
0 68 22
0 68 60
0 68 73
0 68 93
0 69 33
0 69 94
0 70 47
0 70 55
0 70 116
0 71 33
0 71 52
0 71 86
0 71 114
0 72 45
0 72 50
0 72 54
0 72 60
0 73 114
0 74 61
0 74 76
0 76 102
0 77 11
0 77 36
0 77 67
0 77 91
0 77 94
0 77 100
0 77 115
0 78 17
0 78 19
0 78 81
0 78 92
0 79 12
0 79 20
0 79 98
0 79 121
0 80 50
0 80 91
0 80 107
0 80 110
0 81 84
0 81 111
0 82 5
0 82 10
0 82 13
0 82 29
0 82 98
0 83 87
0 83 108
0 84 19
0 84 42
0 84 59
0 84 88
0 84 109
0 86 19
0 86 49
0 86 76
0 86 99
0 86 117
0 87 9
0 87 35
0 87 45
0 87 120
0 88 16
0 88 26
0 88 36
0 88 57
0 88 101
0 88 114
0 88 119
0 90 11
0 90 26
0 90 82
0 91 16
0 91 29
0 91 87
0 91 96
0 91 112
0 92 7
0 92 43
0 92 89
0 92 108
0 93 26
0 93 59
0 94 7
0 94 42
0 94 88
0 94 110
0 95 14
0 95 95
0 96 27
0 96 28
0 96 68
0 96 84
0 96 92
0 97 51
0 97 120
0 97 125
0 98 28
0 98 56
0 98 70
0 98 126
0 99 97
0 99 109
0 100 86
0 100 101
0 101 8
0 101 49
0 101 68
0 101 97
0 102 1
0 102 64
0 102 77
0 102 83
0 102 88
0 102 111
0 103 1
0 103 110
0 104 37
0 104 69
0 104 87
0 104 92
0 104 111
0 105 67
0 105 89
0 106 87
0 106 93
0 107 44
0 107 69
0 108 40
0 108 41
0 108 50
0 108 101
0 108 112
1 0 37
1 0 53
1 1 12
1 1 31
1 1 100
1 2 39
1 2 65
1 2 76
1 2 85
1 2 91
1 4 52
1 4 96
1 5 3
1 5 11
1 5 75
1 5 95
1 6 46
1 6 68
1 6 85
1 7 100
1 8 22
1 8 36
1 8 112
1 9 40
1 9 41
1 9 56
1 9 108
1 10 30
1 10 56
1 10 80
1 11 54
1 12 5
1 12 63
1 13 20
1 13 25
1 13 27
1 13 31
1 13 102
1 14 46
1 14 72
1 14 103
1 14 105
1 15 4
1 16 31
1 16 46
1 16 55
1 16 81
1 17 34
1 17 64
1 18 11
1 18 20
1 18 38
1 18 59
1 18 72
1 18 81
1 18 85
1 18 86
1 18 102
1 19 7
1 19 74
1 19 106
1 20 31
1 20 109
1 21 10
1 21 33
1 21 71
1 21 109
1 22 65
1 22 72
1 22 93
1 23 53
1 23 62
1 23 80
1 24 10
1 24 25
1 24 76
1 24 91
1 25 91
1 25 104
1 25 111
1 26 99
1 27 66
1 27 87
1 28 45
1 28 71
1 28 94
1 28 109
1 29 1
1 29 60
1 30 81
1 32 79
1 32 93
1 33 22
1 33 40
1 33 49
1 33 109
1 33 113
1 34 85
1 35 83
1 35 89
1 36 61
1 36 70
1 36 92
1 37 49
1 37 93
1 37 98
1 38 28
1 38 64
1 38 66
1 38 74
1 38 107
1 40 8
1 40 23
1 40 37
1 40 94
1 41 5
1 41 17
1 42 35
1 42 71
1 43 14
1 43 43
1 44 54
1 44 65
1 44 77
1 44 89
1 44 108
1 45 25
1 45 44
1 46 113
1 47 15
1 48 33
1 48 66
1 48 81
1 48 83
1 49 17
1 49 39
1 50 9
1 50 34
1 50 44
1 50 46
1 50 89
1 50 106
1 51 29
1 51 59
1 51 87
1 51 101
1 52 55
1 52 67
1 52 70
1 53 54
1 54 30
1 54 93
1 55 20
1 55 96
1 56 27
1 56 31
1 56 35
1 57 21
1 57 30
1 57 59
1 57 66
1 58 2
1 58 14
1 58 20
1 58 56
1 58 84
1 59 22
1 59 66
1 59 92
1 60 104
1 60 107
1 61 66
1 61 94
1 62 16
1 62 62
1 62 108
1 63 9
1 63 23
1 63 78
1 63 103
1 64 73
1 64 100
1 65 78
1 65 88
1 65 92
1 67 22
1 67 109
1 68 17
1 68 32
1 69 8
1 69 12
1 69 25
1 69 26
1 69 40
1 69 105
1 70 24
1 70 73
1 71 22
1 71 74
1 71 97
1 72 2
1 72 21
1 73 34
1 73 38
1 73 48
1 73 64
1 74 10
1 74 16
1 74 20
1 74 82
1 75 30
1 75 44
1 75 55
1 75 58
1 75 71
1 75 73
1 75 110
1 76 11
1 76 101
1 76 106
1 76 108
1 77 20
1 78 95
1 79 5
1 79 31
1 79 66
1 79 91
1 79 92
1 80 13
1 80 44
1 80 54
1 80 107
1 81 90
1 82 12
1 82 44
1 82 53
1 82 91
1 82 108
1 83 62
1 83 95
1 83 103
1 84 14
1 84 75
1 84 107
1 85 23
1 85 44
1 86 5
1 86 49
1 86 55
1 87 3
1 87 35
1 87 43
1 87 50
1 87 92
1 88 3
1 88 93
1 89 13
1 89 108
1 90 15
1 90 38
1 90 55
1 90 78
1 90 92
1 90 94
1 91 5
1 91 86
1 91 98
1 91 112
1 92 22
1 92 41
1 93 18
1 93 58
1 93 87
1 94 59
1 94 98
1 95 40
1 95 58
1 95 67
1 96 46
1 96 55
1 96 111
1 97 23
1 97 48
1 98 47
1 98 91
1 99 74
1 99 89
1 100 92
1 100 111
1 101 19
1 101 45
1 101 89
1 102 13
1 102 77
1 102 89
1 103 22
1 103 48
1 103 52
1 103 65
1 104 27
1 104 41
1 105 38
1 105 45
1 105 75
1 106 37
1 106 67
1 106 98
1 107 20
1 107 27
1 107 43
1 107 53
1 107 91
1 108 19
1 108 38
1 108 105
1 109 11
1 109 79
1 109 91
1 111 9
1 111 74
1 111 113
1 112 32
1 112 68
1 112 94
1 112 111
1 113 38
1 113 82
1 114 20
1 114 35
1 114 112
1 115 9
1 115 31
1 116 8
1 116 68
1 116 72
1 116 94
1 117 35
1 118 20
1 118 94
1 119 87
1 120 65
1 121 113
1 122 61
1 122 77
1 122 105
1 122 107
1 123 5
1 123 8
1 123 18
1 123 43
1 124 39
1 124 65
1 124 113
1 125 7
1 125 16
1 125 36
1 126 51
1 126 60
1 127 92
2 0 17
2 2 11
2 2 22
2 2 37
2 2 52
2 2 80
2 2 83
2 3 8
2 3 74
2 4 0
2 4 16
2 4 35
2 4 44
2 4 46
2 5 12
2 5 22
2 5 88
2 5 102
2 6 22
2 6 26
2 6 86
2 6 94
2 7 70
2 7 109
2 8 48
2 8 50
2 9 97
2 9 106
2 10 112
2 11 82
2 12 26
2 12 48
2 12 55
2 12 91
2 13 25
2 13 30
2 13 43
2 13 51
2 15 12
2 15 19
2 15 21
2 15 48
2 15 61
2 15 68
2 15 93
2 16 106
2 16 111
2 17 49
2 17 59
2 17 61
2 18 58
2 20 36
2 20 90
2 20 98
2 21 7
2 22 75
2 22 96
2 23 11
2 23 68
2 24 3
2 24 25
2 24 42
2 24 89
2 25 17
2 25 52
2 25 94
2 25 112
2 26 110
2 27 72
2 28 1
2 28 2
2 28 7
2 28 27
2 28 78
2 28 98
2 29 23
2 29 75
2 31 48
2 31 87
2 32 33
2 32 65
2 34 19
2 34 53
2 34 83
2 34 91
2 34 94
2 34 100
2 36 23
2 36 36
2 36 72
2 37 21
2 38 5
2 39 3
2 39 32
2 39 44
2 40 48
2 40 109
2 41 0
2 41 25
2 41 47
2 41 55
2 41 57
2 41 89
2 42 9
2 43 4
2 43 23
2 43 27
2 43 48
2 43 61
2 43 113
2 44 62
2 44 65
2 44 86
2 44 94
2 45 31
2 45 84
2 45 105
2 46 27
2 46 77
2 46 85
2 46 95
2 47 59
2 47 71
2 47 75
2 47 113
2 48 6
2 48 13
2 48 44
2 48 87
2 48 96
2 48 112
2 49 5
2 49 8
2 49 81
2 49 82
2 50 58
2 50 91
2 50 115
2 51 5
2 51 19
2 51 79
2 52 12
2 52 24
2 53 15
2 53 31
2 53 51
2 54 5
2 54 112
2 55 59
2 55 82
2 56 10
2 56 28
2 56 54
2 56 75
2 56 100
2 57 46
2 57 87
2 58 67
2 59 32
2 59 38
2 59 97
2 59 105
2 60 5
2 60 63
2 60 65
2 60 78
2 61 69
2 61 89
2 62 26
2 62 83
2 62 107
2 63 11
2 63 30
2 64 53
2 64 74
2 64 82
2 65 70
2 66 82
2 66 95
2 67 56
2 67 59
2 67 100
2 69 65
2 69 72
2 69 74
2 70 112
2 71 11
2 71 30
2 71 100
2 71 105
2 72 7
2 72 25
2 72 90
2 73 16
2 73 28
2 73 45
2 73 73
2 73 108
2 74 20
2 74 79
2 74 109
2 75 49
2 75 61
2 76 36
2 76 42
2 76 68
2 76 71
2 76 79
2 76 90
2 77 22
2 77 45
2 77 55
2 77 66
2 78 32
2 78 33
2 79 24
2 79 34
2 79 56
2 80 47
2 80 88
2 80 105
2 81 15
2 81 28
2 81 57
2 81 78
2 81 114
2 82 41
2 82 106
2 83 27
2 84 32
2 84 75
2 84 76
2 85 53
2 85 108
2 86 48
2 86 53
2 86 84
2 87 28
2 87 29
2 87 48
2 87 79
2 88 28
2 88 38
2 89 49
2 89 65
2 89 83
2 90 3
2 90 21
2 90 56
2 91 42
2 91 80
2 91 108
2 92 80
2 93 27
2 93 92
2 94 38
2 94 60
2 94 106
2 95 25
2 95 34
2 95 58
2 95 65
2 95 72
2 95 85
2 96 23
2 96 30
2 96 36
2 96 43
2 96 83
2 96 86
2 98 11
2 98 97
2 99 2
2 99 11
2 99 19
2 99 21
2 99 43
2 99 81
2 99 83
2 99 103
2 100 74
2 101 28
2 101 106
2 102 2
2 102 79
2 102 101
2 102 103
2 103 10
2 103 63
2 103 68
2 103 110
2 104 29
2 105 8
2 105 30
2 105 46
2 105 77
2 106 11
2 106 22
2 106 88
2 107 8
2 107 22
2 107 103
2 108 37
2 108 87
2 108 101
2 109 21
2 109 64
2 109 94
2 109 103
2 110 64
2 111 24
2 111 76
2 112 12
2 112 85
2 113 2
2 113 27
2 113 42
2 113 58
3 0 14
3 0 52
3 0 71
3 0 93
3 1 52
3 1 64
3 2 73
3 2 94
3 2 116
3 2 128
3 3 7
3 3 31
3 3 63
3 3 68
3 3 119
3 3 120
3 4 36
3 4 80
3 4 84
3 4 98
3 5 15
3 5 25
3 5 31
3 5 48
3 5 84
3 6 15
3 6 80
3 6 87
3 6 108
3 7 13
3 7 92
3 7 93
3 7 125
3 8 24
3 8 46
3 9 34
3 9 68
3 10 25
3 10 31
3 10 48
3 10 57
3 10 68
3 11 5
3 11 35
3 11 56
3 11 69
3 11 71
3 11 105
3 11 114
3 12 10
3 13 51
3 13 53
3 13 69
3 14 50
3 15 8
3 16 28
3 16 75
3 17 79
3 17 100
3 18 17
3 18 53
3 19 99
3 20 92
3 20 125
3 21 18
3 22 64
3 23 35
3 23 50
3 23 67
3 23 89
3 23 108
3 24 94
3 25 43
3 25 74
3 25 75
3 25 76
3 25 84
3 26 66
3 27 58
3 27 61
3 27 86
3 28 22
3 28 25
3 28 65
3 28 117
3 29 31
3 29 60
3 30 27
3 30 39
3 30 121
3 31 66
3 32 71
3 32 82
3 32 106
3 33 16
3 33 51
3 33 55
3 34 29
3 34 56
3 34 71
3 35 18
3 35 53
3 35 78
3 35 111
3 35 129
3 36 2
3 36 3
3 36 30
3 36 108
3 37 27
3 37 81
3 37 93
3 39 4
3 39 91
3 40 36
3 40 76
3 40 90
3 40 107
3 41 103
3 42 39
3 42 56
3 42 65
3 42 87
3 42 111
3 43 24
3 43 58
3 43 102
3 44 9
3 44 21
3 45 24
3 46 83
3 47 77
3 47 85
3 48 17
3 48 20
3 48 75
3 48 76
3 48 107
3 49 2
3 49 3
3 49 58
3 49 111
3 50 92
3 50 111
3 50 123
3 50 127
3 51 0
3 51 50
3 51 80
3 51 92
3 52 106
3 52 124
3 52 127
3 52 131
3 53 31
3 53 36
3 53 41
3 53 47
3 53 80
3 53 87
3 53 121
3 53 126
3 53 129
3 54 68
3 54 105
3 55 127
3 56 22
3 56 60
3 56 66
3 56 120
3 57 7
3 58 28
3 59 14
3 59 21
3 59 24
3 59 72
3 59 84
3 59 94
3 60 60
3 61 19
3 61 97
3 62 38
3 62 104
3 63 10
3 63 60
3 64 12
3 65 39
3 65 76
3 65 96
3 65 117
3 65 123
3 66 108
3 67 6
3 67 14
3 67 96
3 68 89
3 69 23
3 70 27
3 70 37
3 70 126
3 71 8
3 71 72
3 71 83
3 72 4
3 72 52
3 73 17
3 73 75
3 74 0
3 74 14
3 74 27
3 74 51
3 74 61
3 74 76
3 74 83
3 75 97
3 76 2
3 76 17
3 76 94
3 76 96
3 77 24
3 77 47
3 77 82
3 77 89
3 78 94
3 78 130
3 79 1
3 79 44
3 79 56
3 79 80
3 79 90
3 80 22
3 80 50
3 80 83
3 80 92
3 81 14
3 81 15
3 81 25
3 81 42
3 82 15
3 82 22
3 83 45
3 83 63
3 83 89
3 84 46
3 85 22
3 85 92
3 86 13
3 86 41
3 86 64
3 86 88
3 87 49
3 87 65
3 87 98
3 87 109
3 88 42
3 88 101
3 88 128
3 89 43
3 89 61
3 89 128
3 90 33
3 90 59
3 90 113
3 91 89
3 91 93
3 91 128
3 92 27
3 92 34
3 92 132
3 93 69
3 93 78
3 93 99
3 93 119
3 94 43
3 94 120
3 95 74
3 95 124
3 95 130
3 96 4
3 96 93
3 96 121
3 97 46
3 97 51
3 97 94
3 97 97
3 98 54
3 98 88
3 98 94
3 99 21
3 99 45
3 99 122
3 99 126
3 101 3
3 101 24
3 101 31
3 101 98
3 101 120
3 102 5
3 102 27
3 102 55
3 102 100
3 102 107
3 102 116
3 102 117
3 103 93
3 104 4
3 104 20
3 104 61
3 104 69
3 104 70
3 104 79
3 105 90
3 106 12
3 106 29
3 106 66
3 106 75
3 106 126
3 106 131
3 107 63
3 107 66
3 107 93
3 107 124
3 107 128
3 108 83
3 109 7
3 109 13
3 109 48
3 109 92
3 109 106
3 109 131
3 110 75
3 110 120
3 111 66
3 111 68
3 111 116
3 112 44
3 112 96
3 113 34
3 113 43
3 113 47
3 113 85
3 113 95
3 113 100
3 113 105
3 114 9
3 114 14
3 114 65
3 114 123
3 114 128
3 115 0
3 115 12
3 115 17
3 115 61
3 115 71