195
5
108 102 168 113 109
4827

875 553 531 0 0 448 506 14 0 0 0 94 0 75 590 104 0 0 0 955 0 0 377 0 0 0 0 824 70 0 84 28 0 0 42 69 0 0 96 0 90 70 0 0 0 0 64 4 73 33 0 71 95 8 63 84 77 6 75 25 10 88 33 74 85 88 0 0 40 0 39 0 0 14 75 23 0 83 84 0 76 0 0 75 13 63 0 64 5 84 45 0 49 0 17 0 0 36 0 0 0 39 23 63 47 0 0 0
620 0 410 367 0 0 0 564 0 0 54 527 0 0 0 0 0 979 253 0 384 0 0 0 8 0 0 0 80 0 0 81 0 0 0 75 18 0 0 0 43 0 0 38 0 18 0 50 0 45 56 0 0 35 84 78 100 30 48 0 43 12 0 0 0 0 0 37 4 4 81 0 68 38 0 0 0 7 0 0 0 0 49 0 54 19 0 59 0 25 34 35 0 0 43 0 0 0 1 90 72 62
0 597 0 931 0 928 958 0 596 0 0 273 292 0 218 0 76 0 0 0 0 0 0 0 0 369 0 123 0 0 0 0 401 0 804 0 137 0 0 0 0 625 238 66 2 100 23 0 14 0 24 41 0 68 0 0 10 21 0 0 24 78 0 0 0 0 0 54 8 21 90 0 85 94 0 99 0 0 0 0 40 0 90 0 34 0 88 91 0 0 90 0 0 24 0 8 91 0 77 0 59 84 0 0 0 0 29 0 0 0 0 0 0 0 0 21 0 0 0 0 67 0 32 69 0 32 92 0 0 0 15 0 0 69 0 0 0 26 11 56 0 0 0 0 77 12 0 0 0 0 0 0 0 0 0 0 0 0 8 0 0 0 0 11 0 78 0 0
783 0 733 0 0 0 875 0 8 864 852 0 0 211 74 0 0 0 0 871 892 0 0 642 0 0 331 888 279 0 0 68 28 93 0 0 0 0 0 0 31 0 0 0 48 90 78 0 0 43 0 0 0 0 75 65 42 26 0 0 0 44 66 0 0 0 0 74 46 68 0 97 0 0 0 9 15 88 0 5 0 0 52 0 83 0 0 0 0 0 0 98 93 70 0 0 0 0 77 0 14 54 0 0 72 0 0 22 83 0 0 0 0
0 0 564 0 88 0 555 0 0 0 0 0 0 977 0 0 0 0 959 0 0 0 0 169 332 135 924 444 98 66 35 0 34 0 92 0 0 10 0 11 0 93 98 0 62 21 0 69 59 88 60 88 56 0 0 72 0 84 40 0 39 95 0 0 34 79 0 49 0 0 36 0 0 1 0 49 0 0 42 0 23 0 25 9 64 0 54 0 35 25 98 0 0 62 59 54 0 73 22 0 63 47 0 0 0 0 73 0 0

0 0 1
0 0 11
0 0 15
0 0 22
0 0 61
0 0 66
0 0 69
0 0 95
0 1 3
0 1 10
0 1 45
0 1 47
0 1 50
0 1 63
0 1 64
0 1 85
0 1 98
0 1 100
0 1 101
0 2 1
0 2 23
0 2 25
0 2 26
0 2 30
0 2 51
0 2 94
0 3 14
0 3 44
0 3 52
0 3 60
0 3 74
0 3 79
0 3 97
0 4 17
0 4 33
0 4 35
0 4 69
0 4 91
0 4 93
0 4 99
0 5 15
0 5 27
0 5 30
0 5 65
0 5 68
0 5 74
0 5 76
0 5 91
0 5 98
0 6 64
0 6 67
0 6 95
0 7 3
0 7 34
0 7 37
0 7 72
0 7 88
0 7 92
0 7 96
0 7 98
0 7 101
0 8 5
0 8 9
0 8 10
0 8 11
0 8 64
0 8 71
0 8 76
0 9 11
0 9 15
0 9 16
0 9 38
0 9 44
0 9 49
0 9 53
0 9 72
0 9 74
0 9 92
0 10 14
0 10 23
0 10 25
0 10 40
0 10 43
0 10 71
0 10 94
0 10 101
0 11 2
0 11 3
0 11 26
0 11 28
0 11 31
0 11 45
0 11 77
0 12 8
0 12 24
0 12 25
0 12 39
0 12 41
0 12 56
0 12 62
0 12 67
0 12 88
0 12 97
0 13 20
0 13 24
0 13 27
0 13 54
0 13 62
0 13 70
0 13 71
0 13 78
0 13 80
0 13 94
0 14 0
0 14 17
0 14 22
0 14 31
0 14 48
0 14 77
0 14 78
0 14 95
0 14 96
0 14 99
0 15 4
0 15 24
0 15 33
0 15 34
0 15 47
0 15 53
0 15 63
0 15 64
0 15 76
0 15 84
0 15 88
0 15 89
0 15 93
0 15 97
0 16 3
0 16 25
0 16 31
0 16 37
0 16 38
0 16 72
0 16 82
0 17 21
0 17 23
0 17 26
0 17 31
0 17 33
0 17 35
0 17 37
0 17 46
0 17 48
0 17 68
0 17 79
0 17 85
0 17 88
0 17 101
0 18 8
0 18 9
0 18 14
0 18 18
0 18 57
0 18 63
0 18 70
0 18 71
0 18 74
0 18 89
0 18 99
0 19 12
0 19 14
0 19 19
0 19 29
0 19 43
0 19 53
0 19 56
0 19 81
0 19 83
0 19 88
0 19 92
0 20 0
0 20 3
0 20 32
0 20 38
0 20 51
0 20 84
0 21 6
0 21 14
0 21 16
0 21 40
0 21 70
0 21 71
0 21 92
0 21 96
0 22 4
0 22 17
0 22 21
0 22 30
0 22 50
0 22 58
0 22 80
0 22 93
0 22 99
0 23 2
0 23 20
0 23 22
0 23 29
0 23 59
0 23 62
0 23 78
0 24 0
0 24 2
0 24 24
0 24 29
0 24 37
0 24 46
0 24 47
0 24 59
0 24 61
0 24 77
0 24 82
0 24 94
0 24 99
0 25 5
0 25 19
0 25 20
0 25 24
0 25 34
0 25 35
0 25 58
0 25 83
0 25 84
0 25 85
0 26 0
0 26 26
0 26 30
0 26 32
0 26 34
0 26 45
0 26 65
0 26 66
0 26 98
0 27 13
0 27 18
0 27 33
0 27 89
0 27 91
0 27 98
0 28 4
0 28 5
0 28 25
0 28 28
0 28 29
0 28 41
0 28 43
0 28 70
0 28 71
0 28 84
0 28 86
0 28 94
0 28 98
0 29 19
0 29 24
0 29 29
0 29 36
0 29 40
0 29 48
0 29 75
0 29 77
0 30 3
0 30 21
0 30 29
0 30 41
0 30 95
0 31 4
0 31 9
0 31 37
0 31 55
0 31 72
0 31 86
0 31 90
0 32 3
0 32 8
0 32 48
0 32 67
0 32 75
0 32 80
0 32 99
0 32 100
0 33 15
0 33 33
0 33 48
0 33 71
0 33 73
0 33 75
0 34 35
0 34 63
0 34 66
0 34 88
0 35 5
0 35 12
0 35 32
0 35 34
0 35 42
0 35 48
0 35 76
0 35 81
0 35 91
0 35 93
0 36 18
0 36 26
0 36 34
0 36 52
0 36 53
0 36 54
0 36 62
0 36 72
0 36 83
0 36 97
0 36 100
0 37 1
0 37 12
0 37 16
0 37 17
0 37 29
0 37 40
0 37 41
0 37 64
0 37 67
0 37 75
0 37 92
0 37 97
0 38 16
0 38 46
0 38 68
0 38 81
0 38 83
0 38 84
0 39 1
0 39 37
0 39 40
0 39 51
0 39 75
0 39 76
0 39 83
0 40 43
0 40 78
0 40 83
0 40 90
0 41 3
0 41 6
0 41 7
0 41 10
0 41 30
0 41 68
0 41 72
0 41 73
0 41 93
0 42 14
0 42 25
0 42 38
0 42 49
0 42 52
0 42 64
0 42 90
0 43 4
0 43 30
0 43 35
0 43 54
0 43 56
0 43 67
0 43 83
0 44 14
0 44 20
0 44 23
0 44 39
0 44 41
0 44 55
0 44 58
0 44 93
0 44 100
0 45 11
0 45 22
0 45 24
0 45 32
0 45 54
0 45 55
0 45 74
0 45 90
0 45 95
0 45 100
0 46 1
0 46 15
0 46 29
0 46 42
0 46 43
0 46 54
0 46 63
0 46 67
0 46 74
0 46 80
0 46 85
0 46 90
0 47 12
0 47 22
0 47 44
0 47 50
0 47 69
0 47 70
0 47 77
0 47 95
0 47 96
0 48 5
0 48 25
0 48 26
0 48 28
0 48 34
0 48 42
0 48 48
0 48 59
0 48 60
0 48 69
0 48 82
0 48 84
0 48 85
0 48 89
0 48 94
0 48 101
0 49 0
0 49 35
0 49 39
0 49 42
0 49 50
0 49 92
0 49 96
0 50 11
0 50 16
0 50 57
0 50 68
0 50 97
0 51 9
0 51 19
0 51 39
0 51 43
0 51 44
0 51 53
0 51 95
0 52 13
0 52 40
0 52 48
0 52 51
0 52 64
0 52 76
0 52 77
0 52 87
0 52 91
0 52 99
0 52 101
0 53 46
0 53 71
0 53 72
0 53 94
0 54 5
0 54 31
0 54 46
0 54 74
0 54 82
0 54 94
0 54 96
0 55 3
0 55 19
0 55 25
0 55 37
0 55 42
0 55 50
0 55 74
0 55 101
0 56 17
0 56 41
0 56 54
0 56 56
0 56 61
0 56 101
0 57 1
0 57 2
0 57 10
0 57 26
0 57 59
0 57 84
0 57 96
0 58 7
0 58 29
0 58 47
0 58 56
0 58 64
0 58 69
0 58 74
0 58 86
0 59 2
0 59 9
0 59 19
0 59 32
0 59 33
0 59 38
0 59 43
0 59 70
0 60 0
0 60 23
0 60 53
0 60 56
0 60 77
0 60 80
0 60 92
0 60 96
0 61 7
0 61 17
0 61 26
0 61 45
0 61 75
0 61 80
0 62 15
0 62 30
0 62 55
0 62 67
0 62 72
0 62 74
0 62 79
0 63 5
0 63 20
0 63 29
0 63 30
0 63 38
0 63 66
0 63 71
0 63 76
0 63 93
0 64 21
0 64 43
0 64 76
0 64 99
0 65 9
0 65 10
0 65 14
0 65 17
0 65 62
0 65 94
0 66 28
0 66 53
0 66 64
0 66 82
0 67 9
0 67 33
0 67 38
0 67 43
0 67 53
0 67 56
0 67 78
0 67 82
0 67 89
0 67 99
0 67 101
0 68 47
0 68 56
0 68 60
0 68 76
0 68 91
0 69 1
0 69 16
0 69 56
0 69 62
0 69 66
0 70 8
0 70 39
0 70 46
0 70 56
0 70 68
0 70 78
0 70 84
0 71 5
0 71 7
0 71 15
0 71 23
0 71 26
0 71 32
0 71 33
0 71 35
0 71 42
0 71 50
0 71 60
0 71 66
0 71 79
0 72 0
0 72 7
0 72 13
0 72 19
0 72 29
0 72 59
0 72 86
0 73 3
0 73 11
0 73 29
0 73 39
0 73 41
0 73 45
0 73 56
0 73 63
0 74 4
0 74 7
0 74 13
0 74 15
0 74 26
0 74 40
0 74 50
0 74 56
0 74 71
0 74 85
0 75 1
0 75 21
0 75 25
0 75 30
0 75 33
0 75 35
0 75 41
0 75 46
0 75 54
0 75 58
0 75 87
0 75 94
0 75 98
0 75 99
0 76 4
0 76 8
0 76 14
0 76 22
0 76 27
0 76 28
0 76 30
0 76 31
0 76 35
0 76 78
0 76 84
0 76 93
0 76 100
0 77 18
0 77 23
0 77 25
0 77 33
0 77 42
0 77 46
0 77 57
0 77 65
0 77 89
0 77 93
0 77 95
0 78 9
0 78 11
0 78 15
0 78 29
0 78 34
0 78 42
0 78 56
0 78 74
0 78 75
0 78 86
0 78 100
0 79 35
0 79 40
0 79 68
0 79 69
0 79 72
0 79 79
0 80 8
0 80 19
0 80 28
0 80 36
0 80 37
0 80 48
0 80 53
0 80 79
0 80 88
0 80 96
0 81 21
0 81 34
0 81 77
0 82 4
0 82 7
0 82 14
0 82 20
0 82 23
0 82 27
0 82 29
0 82 38
0 82 42
0 82 50
0 82 55
0 82 75
0 82 82
0 82 86
0 83 16
0 83 19
0 83 28
0 83 33
0 83 46
0 83 54
0 83 71
0 83 95
0 83 100
0 83 101
0 84 11
0 84 15
0 84 17
0 84 26
0 84 27
0 84 38
0 84 46
0 84 49
0 84 76
0 84 83
0 85 46
0 85 47
0 85 68
0 86 15
0 86 16
0 86 29
0 86 34
0 86 37
0 86 51
0 86 64
0 86 67
0 87 8
0 87 77
0 87 83
0 88 18
0 88 19
0 88 36
0 88 46
0 88 47
0 88 53
0 88 58
0 88 70
0 88 85
0 89 0
0 89 24
0 89 41
0 89 46
0 89 56
0 89 64
0 89 85
0 89 94
0 90 10
0 90 17
0 90 32
0 90 42
0 90 53
0 90 75
0 90 88
0 90 90
0 90 96
0 91 5
0 91 7
0 91 28
0 91 35
0 91 51
0 91 94
0 92 9
0 92 58
0 92 92
0 92 97
0 92 101
0 93 47
0 93 56
0 93 60
0 93 65
0 93 68
0 93 78
0 93 81
0 94 5
0 94 6
0 94 9
0 94 18
0 94 22
0 94 24
0 94 29
0 94 41
0 94 66
0 94 68
0 94 95
0 95 10
0 95 20
0 95 29
0 95 36
0 95 40
0 95 60
0 95 67
0 95 74
0 95 77
0 95 80
0 95 101
0 96 23
0 96 31
0 96 32
0 96 43
0 96 48
0 96 49
0 96 52
0 96 68
0 96 73
0 96 77
0 96 81
0 96 84
0 96 95
0 96 97
0 97 9
0 97 13
0 97 16
0 97 29
0 97 59
0 97 69
0 97 71
0 97 80
0 97 86
0 97 95
0 98 18
0 98 25
0 98 26
0 98 40
0 98 48
0 98 68
0 98 71
0 98 78
0 98 88
0 98 100
0 99 10
0 99 12
0 99 24
0 99 31
0 99 35
0 99 52
0 99 57
0 99 81
0 99 93
0 100 4
0 100 13
0 100 34
0 100 40
0 100 47
0 100 51
0 100 68
0 100 84
0 100 86
0 100 96
0 100 101
0 101 6
0 101 10
0 101 15
0 101 21
0 101 28
0 101 31
0 101 46
0 101 57
0 101 91
0 101 96
0 101 99
0 102 26
0 102 39
0 102 96
0 103 12
0 103 15
0 103 23
0 103 30
0 103 40
0 103 62
0 103 66
0 103 82
0 103 94
0 103 98
0 104 5
0 104 25
0 104 30
0 104 40
0 104 41
0 104 54
0 104 61
0 104 73
0 104 94
0 105 1
0 105 9
0 105 22
0 105 28
0 106 8
0 106 14
0 106 15
0 106 36
0 106 41
0 106 62
0 106 63
0 106 81
0 106 88
0 107 14
0 107 41
0 107 60
0 107 62
0 107 95
0 107 96
1 0 3
1 0 4
1 0 10
1 0 34
1 0 38
1 0 59
1 0 66
1 0 81
1 0 107
1 0 110
1 0 114
1 0 116
1 0 144
1 0 145
1 1 18
1 1 24
1 1 30
1 1 34
1 1 41
1 1 51
1 1 65
1 1 70
1 1 91
1 1 107
1 1 120
1 1 125
1 1 138
1 1 139
1 1 144
1 1 150
1 1 165
1 2 21
1 2 22
1 2 38
1 2 74
1 2 85
1 2 90
1 2 101
1 2 112
1 2 116
1 2 120
1 2 127
1 2 139
1 2 140
1 2 152
1 2 155
1 2 165
1 2 167
1 3 46
1 3 62
1 3 75
1 3 81
1 3 85
1 3 95
1 3 123
1 3 136
1 3 142
1 3 145
1 3 154
1 3 155
1 3 162
1 4 2
1 4 33
1 4 35
1 4 45
1 4 56
1 4 58
1 4 94
1 4 115
1 4 128
1 4 161
1 5 11
1 5 36
1 5 47
1 5 53
1 5 67
1 5 76
1 5 82
1 5 92
1 5 97
1 5 100
1 5 137
1 6 6
1 6 12
1 6 17
1 6 19
1 6 33
1 6 40
1 6 63
1 6 72
1 6 77
1 6 93
1 6 106
1 6 126
1 6 141
1 6 152
1 6 154
1 6 165
1 6 167
1 7 0
1 7 12
1 7 46
1 7 49
1 7 93
1 7 98
1 7 99
1 7 108
1 7 110
1 7 122
1 7 124
1 7 126
1 8 12
1 8 33
1 8 39
1 8 49
1 8 52
1 8 56
1 8 66
1 8 73
1 8 96
1 8 106
1 8 127
1 8 143
1 8 148
1 8 151
1 9 15
1 9 41
1 9 47
1 9 52
1 9 68
1 9 83
1 9 84
1 9 109
1 9 122
1 9 144
1 9 152
1 9 160
1 9 162
1 10 19
1 10 63
1 10 80
1 10 86
1 10 100
1 10 104
1 10 106
1 10 117
1 10 133
1 10 142
1 10 154
1 11 12
1 11 14
1 11 21
1 11 40
1 11 43
1 11 50
1 11 54
1 11 62
1 11 87
1 11 130
1 11 135
1 11 142
1 11 154
1 11 155
1 11 156
1 12 18
1 12 23
1 12 26
1 12 35
1 12 50
1 12 61
1 12 68
1 12 75
1 12 80
1 12 103
1 12 118
1 12 127
1 12 129
1 12 146
1 12 147
1 12 162
1 13 2
1 13 32
1 13 40
1 13 78
1 13 90
1 13 92
1 13 111
1 13 160
1 14 0
1 14 13
1 14 28
1 14 40
1 14 47
1 14 48
1 14 62
1 14 66
1 14 74
1 14 90
1 14 99
1 14 126
1 14 140
1 14 143
1 14 145
1 14 148
1 14 153
1 14 158
1 15 19
1 15 22
1 15 29
1 15 41
1 15 73
1 15 101
1 15 104
1 15 112
1 15 122
1 15 123
1 15 143
1 15 145
1 16 34
1 16 79
1 16 97
1 16 109
1 16 121
1 16 125
1 16 132
1 16 133
1 16 135
1 16 142
1 16 144
1 16 147
1 16 161
1 17 12
1 17 54
1 17 64
1 17 86
1 17 87
1 17 98
1 17 109
1 17 120
1 17 125
1 17 128
1 17 130
1 17 136
1 17 151
1 17 159
1 17 162
1 17 164
1 17 166
1 18 10
1 18 18
1 18 29
1 18 30
1 18 51
1 18 52
1 18 59
1 18 61
1 18 100
1 18 103
1 18 125
1 18 133
1 18 137
1 18 143
1 18 154
1 18 157
1 19 0
1 19 1
1 19 11
1 19 24
1 19 27
1 19 33
1 19 47
1 19 53
1 19 54
1 19 70
1 19 87
1 19 90
1 19 158
1 20 30
1 20 38
1 20 50
1 20 54
1 20 64
1 20 68
1 20 69
1 20 76
1 20 77
1 20 84
1 20 113
1 20 130
1 20 151
1 20 164
1 21 5
1 21 17
1 21 28
1 21 66
1 21 100
1 21 107
1 21 108
1 21 113
1 21 124
1 21 133
1 21 151
1 21 156
1 21 157
1 22 7
1 22 20
1 22 23
1 22 27
1 22 28
1 22 45
1 22 64
1 22 73
1 22 76
1 22 86
1 22 90
1 22 94
1 22 96
1 22 101
1 22 103
1 22 107
1 22 110
1 22 113
1 22 138
1 23 0
1 23 16
1 23 23
1 23 25
1 23 38
1 23 51
1 23 59
1 23 68
1 23 93
1 23 98
1 23 103
1 23 111
1 23 112
1 23 115
1 23 134
1 23 135
1 23 155
1 23 162
1 23 163
1 24 4
1 24 26
1 24 32
1 24 34
1 24 75
1 24 89
1 24 111
1 24 134
1 24 159
1 24 160
1 24 162
1 25 13
1 25 25
1 25 71
1 25 79
1 25 93
1 25 103
1 25 105
1 25 110
1 25 121
1 25 127
1 25 128
1 25 163
1 26 4
1 26 5
1 26 12
1 26 23
1 26 35
1 26 84
1 26 85
1 26 90
1 26 108
1 26 120
1 26 121
1 26 140
1 26 152
1 26 163
1 26 164
1 27 23
1 27 29
1 27 40
1 27 46
1 27 59
1 27 70
1 27 79
1 27 81
1 27 83
1 27 103
1 27 110
1 27 116
1 28 9
1 28 32
1 28 82
1 28 88
1 28 112
1 28 113
1 28 145
1 28 148
1 28 151
1 28 155
1 28 160
1 28 161
1 28 164
1 29 19
1 29 22
1 29 41
1 29 52
1 29 88
1 29 91
1 29 104
1 29 132
1 29 150
1 30 0
1 30 6
1 30 16
1 30 18
1 30 32
1 30 33
1 30 47
1 30 50
1 30 53
1 30 64
1 30 69
1 30 73
1 30 95
1 30 100
1 30 110
1 30 112
1 30 118
1 30 135
1 30 136
1 30 137
1 30 140
1 30 151
1 30 153
1 30 162
1 31 1
1 31 22
1 31 46
1 31 47
1 31 127
1 31 133
1 31 153
1 32 9
1 32 19
1 32 23
1 32 29
1 32 38
1 32 57
1 32 66
1 32 77
1 32 93
1 32 95
1 32 134
1 32 155
1 32 159
1 33 31
1 33 45
1 33 60
1 33 69
1 33 86
1 33 96
1 33 107
1 33 128
1 33 138
1 33 141
1 33 153
1 34 0
1 34 21
1 34 23
1 34 55
1 34 59
1 34 62
1 34 72
1 34 76
1 34 87
1 34 96
1 34 114
1 34 136
1 34 153
1 35 7
1 35 9
1 35 23
1 35 24
1 35 45
1 35 63
1 35 69
1 35 75
1 35 92
1 35 111
1 35 153
1 35 159
1 35 160
1 36 2
1 36 24
1 36 34
1 36 42
1 36 47
1 36 81
1 36 99
1 36 101
1 36 122
1 36 131
1 36 140
1 36 153
1 36 164
1 37 8
1 37 32
1 37 33
1 37 37
1 37 39
1 37 50
1 37 53
1 37 64
1 37 105
1 37 109
1 37 119
1 37 144
1 37 147
1 38 21
1 38 24
1 38 30
1 38 50
1 38 52
1 38 84
1 38 91
1 38 117
1 38 122
1 38 128
1 38 130
1 38 139
1 39 5
1 39 13
1 39 24
1 39 53
1 39 54
1 39 65
1 39 66
1 39 75
1 39 93
1 39 103
1 39 107
1 39 109
1 39 119
1 39 123
1 39 137
1 39 150
1 39 152
1 39 158
1 40 9
1 40 18
1 40 20
1 40 27
1 40 37
1 40 47
1 40 57
1 40 65
1 40 76
1 40 77
1 40 85
1 40 87
1 40 112
1 40 132
1 40 147
1 40 163
1 40 164
1 41 2
1 41 3
1 41 6
1 41 20
1 41 30
1 41 36
1 41 56
1 41 61
1 41 129
1 41 139
1 41 143
1 41 150
1 41 154
1 41 155
1 42 2
1 42 9
1 42 22
1 42 28
1 42 32
1 42 36
1 42 53
1 42 54
1 42 55
1 42 72
1 42 78
1 42 84
1 42 108
1 42 109
1 42 122
1 42 126
1 42 165
1 43 3
1 43 4
1 43 7
1 43 18
1 43 24
1 43 27
1 43 32
1 43 35
1 43 50
1 43 56
1 43 65
1 43 92
1 43 101
1 43 110
1 43 123
1 43 146
1 43 164
1 44 14
1 44 19
1 44 39
1 44 65
1 44 87
1 44 88
1 44 90
1 44 93
1 44 103
1 44 106
1 44 107
1 44 117
1 44 123
1 44 140
1 44 145
1 44 151
1 44 153
1 45 16
1 45 18
1 45 32
1 45 36
1 45 72
1 45 74
1 45 85
1 45 99
1 45 117
1 45 124
1 45 143
1 46 7
1 46 44
1 46 45
1 46 60
1 46 61
1 46 102
1 46 105
1 46 133
1 46 137
1 46 139
1 46 153
1 46 160
1 46 166
1 47 0
1 47 2
1 47 5
1 47 10
1 47 16
1 47 37
1 47 46
1 47 78
1 47 81
1 47 83
1 47 111
1 47 132
1 47 141
1 47 142
1 47 163
1 48 4
1 48 6
1 48 24
1 48 32
1 48 73
1 48 117
1 48 145
1 48 160
1 49 6
1 49 7
1 49 12
1 49 26
1 49 32
1 49 66
1 49 110
1 49 119
1 49 135
1 49 149
1 49 153
1 49 162
1 49 167
1 50 36
1 50 56
1 50 97
1 50 99
1 50 107
1 50 109
1 50 131
1 51 12
1 51 35
1 51 37
1 51 41
1 51 52
1 51 79
1 51 103
1 51 117
1 51 130
1 51 167
1 52 2
1 52 5
1 52 36
1 52 78
1 52 82
1 52 118
1 52 122
1 52 133
1 52 142
1 52 147
1 52 151
1 52 153
1 52 155
1 53 3
1 53 4
1 53 17
1 53 35
1 53 36
1 53 49
1 53 64
1 53 88
1 53 95
1 53 120
1 53 121
1 53 137
1 53 155
1 53 156
1 54 16
1 54 35
1 54 77
1 54 85
1 54 89
1 54 92
1 54 104
1 54 106
1 54 109
1 54 124
1 54 127
1 54 132
1 54 148
1 54 161
1 54 167
1 55 4
1 55 34
1 55 67
1 55 72
1 55 78
1 55 80
1 55 100
1 55 102
1 55 111
1 55 117
1 55 130
1 55 147
1 55 162
1 55 165
1 55 166
1 56 6
1 56 10
1 56 21
1 56 25
1 56 28
1 56 53
1 56 64
1 56 66
1 56 68
1 56 70
1 56 114
1 56 126
1 56 138
1 56 153
1 56 154
1 57 30
1 57 40
1 57 56
1 57 65
1 57 70
1 57 75
1 57 82
1 57 86
1 57 98
1 57 110
1 57 114
1 57 120
1 57 135
1 57 136
1 57 137
1 57 143
1 57 148
1 58 1
1 58 3
1 58 5
1 58 17
1 58 25
1 58 40
1 58 45
1 58 47
1 58 64
1 58 85
1 58 106
1 58 109
1 58 119
1 58 120
1 58 133
1 58 137
1 58 148
1 58 167
1 59 0
1 59 1
1 59 4
1 59 35
1 59 40
1 59 67
1 59 114
1 59 115
1 59 138
1 59 153
1 59 157
1 59 166
1 60 8
1 60 9
1 60 27
1 60 30
1 60 36
1 60 47
1 60 71
1 60 99
1 60 100
1 60 112
1 60 114
1 60 121
1 60 122
1 60 137
1 60 146
1 60 150
1 60 166
1 61 4
1 61 12
1 61 13
1 61 18
1 61 29
1 61 48
1 61 58
1 61 68
1 61 80
1 61 83
1 61 89
1 61 92
1 61 98
1 61 110
1 61 132
1 61 136
1 61 157
1 62 30
1 62 36
1 62 46
1 62 47
1 62 50
1 62 71
1 62 103
1 62 108
1 62 121
1 62 133
1 62 140
1 63 6
1 63 20
1 63 44
1 63 56
1 63 70
1 63 77
1 63 98
1 63 107
1 63 111
1 63 118
1 63 120
1 63 138
1 63 148
1 63 150
1 63 154
1 63 156
1 64 12
1 64 46
1 64 82
1 64 106
1 64 108
1 64 152
1 65 13
1 65 21
1 65 22
1 65 26
1 65 29
1 65 30
1 65 76
1 65 80
1 65 112
1 65 126
1 65 127
1 66 1
1 66 3
1 66 13
1 66 25
1 66 34
1 66 50
1 66 53
1 66 56
1 66 80
1 66 87
1 66 96
1 66 123
1 66 125
1 66 141
1 66 149
1 66 163
1 66 166
1 67 2
1 67 7
1 67 23
1 67 24
1 67 32
1 67 38
1 67 42
1 67 51
1 67 83
1 67 98
1 67 122
1 67 126
1 67 139
1 67 141
1 67 157
1 67 163
1 68 2
1 68 16
1 68 65
1 68 66
1 68 70
1 68 76
1 68 83
1 68 114
1 69 29
1 69 49
1 69 55
1 69 75
1 69 102
1 69 117
1 69 126
1 69 133
1 69 151
1 69 160
1 69 164
1 70 4
1 70 5
1 70 22
1 70 89
1 70 108
1 70 109
1 70 120
1 70 132
1 70 144
1 70 145
1 70 158
1 71 13
1 71 17
1 71 21
1 71 46
1 71 53
1 71 69
1 71 72
1 71 116
1 71 120
1 71 122
1 71 128
1 71 129
1 71 134
1 71 141
1 71 147
1 71 151
1 71 156
1 71 162
1 71 165
1 72 18
1 72 25
1 72 38
1 72 61
1 72 87
1 72 89
1 72 114
1 72 115
1 72 116
1 72 121
1 72 134
1 72 135
1 72 164
1 73 5
1 73 19
1 73 23
1 73 32
1 73 38
1 73 44
1 73 53
1 73 64
1 73 69
1 73 73
1 73 81
1 73 93
1 73 101
1 73 111
1 73 126
1 73 140
1 73 144
1 73 160
1 73 163
1 74 19
1 74 39
1 74 56
1 74 74
1 74 121
1 74 131
1 74 144
1 74 153
1 75 10
1 75 43
1 75 60
1 75 67
1 75 68
1 75 73
1 75 97
1 75 99
1 75 114
1 75 123
1 75 127
1 75 156
1 75 161
1 76 0
1 76 37
1 76 45
1 76 47
1 76 66
1 76 69
1 76 79
1 76 80
1 76 85
1 76 86
1 76 90
1 76 92
1 76 95
1 76 108
1 76 118
1 76 127
1 76 149
1 77 17
1 77 38
1 77 49
1 77 91
1 77 92
1 77 95
1 77 102
1 77 111
1 77 121
1 77 131
1 77 133
1 77 141
1 77 154
1 78 3
1 78 29
1 78 33
1 78 67
1 78 68
1 78 70
1 78 72
1 78 93
1 78 119
1 78 142
1 78 143
1 78 153
1 78 162
1 79 5
1 79 15
1 79 24
1 79 30
1 79 40
1 79 41
1 79 45
1 79 73
1 79 86
1 79 89
1 79 99
1 79 101
1 79 130
1 79 136
1 79 141
1 79 142
1 79 162
1 80 3
1 80 11
1 80 16
1 80 18
1 80 28
1 80 35
1 80 43
1 80 69
1 80 79
1 80 87
1 80 92
1 80 116
1 80 121
1 80 122
1 80 130
1 80 139
1 80 149
1 80 160
1 80 165
1 81 17
1 81 18
1 81 30
1 81 52
1 81 66
1 81 67
1 81 125
1 82 6
1 82 10
1 82 18
1 82 28
1 82 34
1 82 49
1 82 63
1 82 68
1 82 105
1 82 108
1 82 116
1 82 123
1 82 132
1 82 136
1 82 143
1 82 145
1 83 1
1 83 20
1 83 50
1 83 51
1 83 59
1 83 64
1 83 87
1 83 90
1 83 92
1 83 136
1 83 142
1 84 12
1 84 44
1 84 88
1 84 110
1 84 111
1 84 132
1 84 140
1 84 149
1 84 155
1 84 159
1 84 165
1 85 0
1 85 3
1 85 22
1 85 26
1 85 52
1 85 54
1 85 57
1 85 58
1 85 65
1 85 74
1 85 90
1 85 98
1 85 125
1 85 129
1 85 131
1 85 135
1 85 140
1 85 154
1 85 164
1 86 38
1 86 58
1 86 78
1 86 90
1 86 95
1 86 120
1 87 0
1 87 10
1 87 17
1 87 28
1 87 121
1 87 126
1 87 145
1 87 150
1 88 5
1 88 14
1 88 45
1 88 47
1 88 59
1 88 87
1 88 99
1 88 105
1 88 106
1 88 110
1 88 114
1 88 118
1 88 125
1 88 164
1 88 166
1 89 5
1 89 17
1 89 29
1 89 39
1 89 53
1 89 72
1 89 73
1 89 116
1 89 121
1 89 131
1 89 156
1 89 157
1 90 5
1 90 14
1 90 20
1 90 21
1 90 33
1 90 39
1 90 44
1 90 62
1 90 84
1 90 88
1 90 103
1 90 108
1 90 113
1 90 118
1 90 129
1 90 167
1 91 0
1 91 9
1 91 12
1 91 14
1 91 27
1 91 33
1 91 64
1 91 65
1 91 77
1 91 90
1 91 101
1 91 106
1 91 134
1 91 150
1 91 161
1 91 162
1 92 6
1 92 36
1 92 44
1 92 50
1 92 52
1 92 56
1 92 86
1 92 92
1 92 111
1 92 114
1 92 122
1 92 128
1 92 141
1 92 142
1 92 157
1 92 160
1 92 165
1 92 166
1 93 4
1 93 12
1 93 24
1 93 27
1 93 31
1 93 52
1 93 71
1 93 81
1 93 84
1 93 101
1 93 114
1 93 118
1 93 122
1 94 11
1 94 61
1 94 70
1 94 80
1 94 99
1 94 119
1 94 127
1 95 0
1 95 24
1 95 33
1 95 34
1 95 35
1 95 37
1 95 60
1 95 65
1 95 92
1 95 101
1 95 112
1 95 114
1 95 116
1 95 131
1 95 149
1 95 155
1 95 158
1 96 29
1 96 32
1 96 39
1 96 47
1 96 50
1 96 53
1 96 70
1 96 102
1 96 107
1 96 154
1 96 167
1 97 5
1 97 10
1 97 16
1 97 19
1 97 28
1 97 56
1 97 59
1 97 99
1 97 118
1 97 126
1 97 130
1 97 147
1 97 163
1 98 1
1 98 10
1 98 25
1 98 30
1 98 31
1 98 36
1 98 45
1 98 59
1 98 67
1 98 81
1 98 83
1 98 94
1 98 103
1 98 108
1 98 137
1 98 149
1 98 154
1 98 159
1 98 160
1 99 23
1 99 35
1 99 50
1 99 58
1 99 77
1 99 81
1 99 120
1 99 141
1 99 145
1 99 149
1 100 6
1 100 7
1 100 8
1 100 19
1 100 40
1 100 61
1 100 70
1 100 88
1 100 141
1 100 147
1 101 2
1 101 12
1 101 13
1 101 38
1 101 39
1 101 51
1 101 62
1 101 63
1 101 65
1 101 66
1 101 68
1 101 75
1 101 94
1 101 129
1 101 139
1 101 145
1 101 151
2 0 1
2 0 4
2 0 25
2 0 37
2 0 43
2 0 45
2 0 63
2 1 34
2 1 37
2 1 43
2 1 56
2 1 59
2 1 73
2 1 102
2 1 108
2 1 112
2 2 5
2 2 7
2 2 39
2 2 50
2 2 53
2 2 66
2 2 67
2 2 92
2 2 103
2 2 104
2 3 2
2 3 20
2 3 35
2 3 41
2 3 51
2 3 59
2 3 66
2 3 70
2 3 94
2 3 107
2 4 18
2 4 23
2 4 38
2 4 43
2 4 46
2 4 49
2 4 50
2 4 76
2 4 85
2 4 104
2 4 107
2 4 108
2 5 2
2 5 23
2 5 62
2 5 64
2 5 80
2 5 88
2 5 101
2 5 104
2 5 106
2 5 110
2 6 9
2 6 25
2 6 35
2 6 72
2 6 85
2 6 92
2 6 97
2 6 104
2 7 27
2 7 31
2 7 37
2 7 46
2 7 60
2 7 62
2 7 73
2 7 106
2 8 12
2 8 33
2 8 49
2 8 51
2 8 102
2 9 5
2 9 9
2 9 16
2 9 24
2 9 25
2 9 33
2 9 51
2 9 70
2 9 72
2 9 89
2 10 6
2 10 8
2 10 34
2 10 45
2 10 63
2 10 79
2 10 80
2 10 88
2 10 106
2 11 1
2 11 7
2 11 9
2 11 28
2 11 30
2 11 35
2 11 51
2 11 68
2 11 94
2 11 104
2 12 17
2 12 20
2 12 37
2 12 42
2 12 64
2 12 67
2 12 70
2 12 76
2 12 77
2 12 78
2 12 93
2 12 104
2 12 110
2 13 47
2 13 55
2 13 84
2 13 86
2 14 15
2 14 24
2 14 26
2 14 27
2 14 29
2 14 32
2 14 38
2 14 48
2 14 55
2 14 60
2 14 80
2 14 98
2 15 38
2 15 39
2 15 51
2 15 89
2 15 95
2 16 8
2 16 14
2 16 31
2 16 64
2 16 86
2 16 110
2 17 1
2 17 9
2 17 16
2 17 29
2 17 87
2 17 105
2 18 4
2 18 14
2 18 47
2 18 64
2 18 85
2 19 3
2 19 48
2 19 52
2 19 54
2 19 60
2 19 72
2 19 75
2 19 95
2 19 101
2 20 41
2 20 44
2 20 48
2 20 62
2 20 82
2 20 90
2 20 104
2 21 4
2 21 51
2 21 73
2 21 83
2 21 107
2 22 26
2 22 41
2 22 45
2 22 49
2 22 57
2 22 76
2 22 81
2 22 94
2 22 98
2 22 107
2 23 7
2 23 20
2 23 24
2 23 36
2 23 41
2 23 65
2 23 72
2 23 75
2 23 101
2 23 105
2 24 12
2 24 21
2 24 27
2 24 36
2 24 50
2 24 51
2 24 78
2 24 83
2 24 92
2 24 98
2 24 109
2 25 7
2 25 23
2 25 43
2 25 47
2 25 71
2 25 77
2 25 78
2 25 80
2 25 88
2 25 90
2 25 92
2 25 96
2 25 106
2 25 109
2 25 111
2 26 37
2 26 39
2 26 54
2 26 77
2 26 79
2 26 90
2 26 91
2 27 0
2 27 14
2 27 18
2 27 33
2 27 61
2 27 87
2 27 102
2 27 104
2 27 106
2 27 108
2 28 0
2 28 2
2 28 10
2 28 15
2 28 22
2 28 45
2 28 51
2 28 66
2 28 67
2 28 81
2 28 100
2 28 105
2 29 14
2 29 20
2 29 24
2 29 39
2 29 41
2 29 46
2 29 47
2 29 55
2 29 78
2 29 91
2 29 110
2 30 23
2 30 24
2 30 27
2 30 47
2 30 48
2 30 68
2 30 86
2 30 92
2 30 111
2 31 16
2 31 25
2 31 46
2 31 66
2 31 89
2 32 3
2 32 14
2 32 27
2 32 35
2 32 46
2 32 50
2 32 62
2 32 67
2 32 68
2 32 89
2 32 91
2 32 97
2 33 1
2 33 20
2 33 40
2 33 84
2 33 86
2 33 96
2 33 102
2 33 105
2 34 15
2 34 34
2 34 59
2 34 60
2 34 98
2 34 99
2 34 100
2 34 102
2 34 107
2 35 3
2 35 4
2 35 21
2 35 56
2 35 70
2 35 86
2 35 104
2 36 3
2 36 11
2 36 43
2 36 49
2 36 51
2 36 53
2 36 61
2 36 70
2 36 79
2 36 80
2 36 91
2 36 94
2 36 102
2 37 13
2 37 20
2 37 56
2 37 83
2 37 98
2 38 15
2 38 17
2 38 29
2 38 35
2 38 54
2 38 77
2 38 91
2 38 92
2 38 109
2 39 12
2 39 13
2 39 20
2 39 43
2 39 47
2 39 49
2 39 59
2 39 64
2 39 82
2 39 83
2 39 85
2 39 90
2 39 91
2 39 105
2 40 1
2 40 3
2 40 8
2 40 13
2 40 29
2 40 31
2 40 40
2 40 55
2 40 63
2 40 104
2 40 110
2 41 1
2 41 7
2 41 17
2 41 20
2 41 24
2 41 57
2 41 60
2 41 67
2 41 74
2 41 76
2 41 99
2 41 100
2 42 3
2 42 6
2 42 23
2 42 31
2 42 62
2 42 63
2 42 81
2 42 84
2 42 111
2 43 11
2 43 13
2 43 19
2 43 25
2 43 59
2 43 60
2 43 72
2 43 77
2 43 83
2 43 86
2 43 90
2 43 95
2 43 96
2 43 102
2 43 106
2 44 3
2 44 10
2 44 12
2 44 21
2 44 42
2 44 58
2 44 63
2 44 65
2 44 78
2 44 81
2 44 108
2 44 110
2 45 10
2 45 15
2 45 28
2 45 29
2 45 44
2 45 50
2 45 61
2 45 71
2 45 86
2 45 94
2 46 5
2 46 7
2 46 14
2 46 32
2 46 35
2 46 44
2 46 52
2 46 57
2 46 59
2 46 72
2 46 82
2 46 96
2 46 101
2 47 6
2 47 37
2 47 61
2 47 81
2 47 89
2 47 99
2 47 103
2 47 110
2 48 10
2 48 24
2 48 42
2 48 49
2 48 52
2 48 53
2 48 72
2 48 102
2 49 7
2 49 19
2 49 65
2 49 75
2 49 93
2 49 97
2 50 22
2 50 36
2 50 42
2 50 52
2 50 85
2 50 87
2 50 92
2 50 93
2 50 98
2 50 111
2 51 25
2 51 47
2 51 52
2 51 56
2 51 64
2 51 78
2 51 92
2 51 96
2 51 102
2 52 7
2 52 22
2 52 23
2 52 67
2 52 101
2 52 105
2 53 23
2 53 44
2 53 50
2 53 64
2 53 78
2 53 88
2 53 91
2 53 101
2 53 104
2 54 8
2 54 43
2 54 66
2 54 75
2 54 110
2 55 1
2 55 23
2 55 28
2 55 29
2 55 37
2 55 81
2 55 92
2 55 103
2 56 8
2 56 11
2 56 26
2 56 43
2 56 66
2 56 82
2 56 107
2 57 8
2 57 23
2 57 25
2 57 68
2 57 80
2 57 97
2 57 100
2 57 108
2 58 25
2 58 38
2 58 47
2 58 50
2 58 83
2 58 91
2 58 95
2 59 9
2 59 11
2 59 17
2 59 40
2 59 50
2 59 82
2 59 97
2 59 99
2 59 109
2 60 5
2 60 53
2 60 56
2 60 79
2 60 86
2 60 94
2 60 111
2 61 3
2 61 34
2 61 64
2 61 99
2 61 102
2 61 105
2 61 111
2 62 1
2 62 6
2 62 17
2 62 19
2 62 30
2 62 31
2 62 42
2 62 49
2 62 60
2 62 68
2 62 79
2 62 89
2 63 14
2 63 16
2 63 32
2 63 48
2 63 60
2 63 68
2 63 81
2 63 92
2 64 7
2 64 28
2 64 29
2 64 31
2 64 35
2 64 41
2 64 55
2 64 61
2 64 63
2 64 72
2 64 79
2 64 97
2 65 3
2 65 9
2 65 19
2 65 64
2 65 78
2 65 102
2 66 38
2 66 101
2 66 112
2 67 1
2 67 6
2 67 27
2 67 38
2 67 47
2 67 67
2 67 74
2 67 79
2 67 81
2 67 82
2 67 106
2 67 112
2 68 3
2 68 7
2 68 12
2 68 26
2 68 34
2 68 47
2 68 68
2 68 80
2 68 81
2 68 85
2 69 14
2 69 19
2 69 29
2 69 30
2 69 58
2 69 67
2 69 69
2 69 84
2 69 91
2 69 92
2 69 94
2 69 97
2 69 102
2 69 108
2 70 3
2 70 5
2 70 37
2 70 91
2 70 111
2 70 112
2 71 7
2 71 14
2 71 56
2 71 70
2 71 84
2 72 11
2 72 45
2 72 75
2 72 92
2 72 96
2 72 110
2 72 112
2 73 13
2 73 24
2 73 28
2 73 35
2 73 42
2 73 43
2 73 45
2 73 56
2 73 74
2 73 78
2 73 110
2 74 6
2 74 16
2 74 24
2 74 35
2 74 36
2 74 44
2 74 67
2 74 71
2 74 74
2 74 91
2 74 98
2 74 110
2 75 15
2 75 19
2 75 21
2 75 22
2 75 33
2 75 37
2 75 57
2 75 72
2 75 78
2 75 96
2 75 101
2 75 107
2 76 22
2 76 23
2 76 30
2 76 33
2 76 48
2 76 56
2 76 57
2 76 60
2 76 76
2 76 81
2 76 87
2 76 92
2 76 94
2 76 108
2 77 18
2 77 19
2 77 26
2 77 36
2 77 44
2 77 95
2 78 7
2 78 13
2 78 16
2 78 31
2 78 33
2 78 41
2 78 57
2 78 64
2 78 66
2 78 76
2 79 16
2 79 21
2 79 81
2 80 4
2 80 5
2 80 7
2 80 20
2 80 33
2 80 39
2 80 42
2 80 47
2 80 55
2 80 62
2 80 78
2 80 84
2 80 87
2 80 103
2 81 7
2 81 8
2 81 40
2 81 43
2 81 45
2 81 60
2 81 61
2 81 99
2 81 100
2 82 35
2 82 58
2 82 64
2 82 81
2 82 82
2 82 90
2 82 94
2 82 109
2 83 38
2 83 42
2 83 64
2 83 69
2 83 70
2 83 93
2 83 94
2 83 102
2 83 107
2 84 12
2 84 17
2 84 25
2 84 35
2 84 45
2 84 64
2 84 70
2 84 77
2 84 79
2 84 83
2 84 110
2 85 11
2 85 32
2 85 35
2 85 58
2 85 60
2 85 64
2 85 93
2 86 4
2 86 5
2 86 33
2 86 34
2 86 39
2 86 47
2 86 62
2 86 84
2 86 87
2 86 94
2 86 108
2 87 1
2 87 13
2 87 22
2 87 28
2 87 78
2 87 96
2 87 106
2 88 14
2 88 47
2 88 55
2 88 62
2 88 68
2 88 74
2 88 76
2 88 82
2 88 108
2 88 110
2 89 15
2 89 36
2 89 42
2 89 56
2 89 58
2 89 98
2 90 6
2 90 19
2 90 27
2 90 39
2 90 42
2 90 55
2 90 77
2 90 78
2 90 93
2 91 2
2 91 6
2 91 9
2 91 13
2 91 31
2 91 43
2 91 72
2 91 78
2 91 85
2 91 96
2 91 98
2 91 110
2 92 8
2 92 25
2 92 29
2 92 48
2 92 57
2 92 77
2 92 82
2 92 98
2 92 101
2 92 111
2 93 8
2 93 15
2 93 17
2 93 20
2 93 40
2 93 46
2 93 60
2 93 63
2 93 78
2 93 86
2 94 28
2 94 30
2 94 38
2 94 59
2 94 71
2 94 105
2 95 6
2 95 13
2 95 15
2 95 43
2 95 112
2 96 27
2 96 51
2 96 55
2 96 60
2 96 63
2 96 74
2 96 78
2 96 90
2 96 99
2 96 109
2 97 36
2 97 49
2 97 52
2 97 54
2 97 56
2 97 76
2 97 82
2 97 85
2 98 20
2 98 61
2 98 70
2 98 85
2 98 91
2 98 98
2 98 112
2 99 25
2 99 32
2 99 38
2 99 57
2 99 59
2 99 65
2 99 70
2 99 92
2 99 95
2 99 111
2 100 9
2 100 16
2 100 19
2 100 45
2 100 46
2 100 51
2 100 73
2 100 92
2 100 97
2 100 111
2 101 27
2 101 32
2 101 39
2 101 73
2 101 89
2 101 103
2 101 104
2 101 109
2 101 112
2 102 17
2 102 27
2 102 28
2 102 30
2 102 43
2 102 51
2 102 58
2 102 74
2 102 83
2 102 84
2 102 105
2 103 3
2 103 32
2 103 64
2 103 79
2 103 82
2 103 92
2 103 104
2 103 110
2 104 10
2 104 26
2 104 29
2 104 31
2 104 66
2 104 75
2 104 106
2 105 9
2 105 13
2 105 16
2 105 23
2 105 26
2 105 36
2 105 56
2 105 62
2 105 66
2 105 78
2 105 87
2 105 99
2 105 102
2 105 107
2 106 0
2 106 15
2 106 16
2 106 19
2 106 34
2 106 36
2 106 53
2 106 85
2 106 86
2 106 91
2 106 93
2 106 109
2 107 15
2 107 19
2 107 29
2 107 37
2 107 42
2 107 47
2 107 96
2 107 104
2 107 105
2 107 110
2 108 19
2 108 26
2 108 82
2 108 86
2 109 60
2 109 78
2 110 8
2 110 10
2 110 11
2 110 12
2 110 20
2 110 49
2 110 60
2 110 67
2 110 69
2 110 99
2 110 107
2 110 108
2 111 25
2 111 29
2 111 41
2 111 42
2 111 83
2 111 97
2 111 107
2 111 111
2 112 13
2 112 17
2 112 21
2 112 27
2 112 33
2 112 75
2 112 85
2 112 86
2 112 92
2 112 102
2 112 107
2 113 0
2 113 13
2 113 46
2 113 47
2 113 69
2 113 78
2 113 108
2 113 111
2 114 12
2 114 13
2 114 15
2 114 31
2 114 51
2 114 60
2 114 64
2 114 84
2 114 102
2 115 22
2 115 27
2 115 36
2 115 40
2 115 60
2 115 61
2 115 70
2 115 80
2 115 92
2 115 98
2 115 111
2 116 17
2 116 18
2 116 33
2 116 71
2 116 81
2 116 86
2 116 97
2 116 107
2 117 8
2 117 27
2 117 49
2 117 54
2 117 61
2 117 62
2 117 68
2 117 71
2 117 95
2 117 105
2 118 1
2 118 19
2 118 39
2 118 43
2 118 93
2 119 35
2 119 38
2 119 47
2 119 61
2 119 71
2 119 80
2 119 83
2 119 85
2 119 86
2 119 92
2 119 101
2 120 12
2 120 18
2 120 47
2 120 52
2 120 55
2 120 78
2 120 84
2 120 93
2 120 110
2 121 2
2 121 4
2 121 11
2 121 84
2 121 104
2 121 108
2 122 5
2 122 17
2 122 20
2 122 33
2 122 50
2 122 59
2 122 71
2 123 15
2 123 42
2 123 60
2 123 65
2 123 71
2 123 74
2 123 86
2 123 88
2 123 93
2 124 4
2 124 5
2 124 10
2 124 18
2 124 21
2 124 24
2 124 43
2 124 46
2 124 73
2 124 95
2 124 105
2 125 2
2 125 4
2 125 10
2 125 12
2 125 28
2 125 46
2 125 51
2 125 55
2 125 60
2 125 62
2 125 78
2 125 94
2 125 95
2 126 5
2 126 9
2 126 15
2 126 32
2 126 37
2 126 44
2 126 50
2 126 67
2 126 69
2 126 74
2 126 92
2 126 99
2 126 105
2 127 5
2 127 21
2 127 37
2 127 41
2 127 51
2 127 58
2 127 60
2 127 61
2 127 76
2 127 80
2 127 82
2 127 100
2 127 109
2 128 22
2 128 28
2 128 30
2 128 33
2 128 37
2 128 42
2 128 43
2 128 49
2 128 94
2 128 95
2 128 104
2 128 107
2 129 24
2 129 27
2 129 33
2 129 48
2 129 62
2 129 72
2 129 73
2 129 87
2 130 12
2 130 15
2 130 22
2 130 26
2 130 36
2 130 41
2 130 46
2 130 56
2 130 60
2 130 73
2 130 76
2 130 91
2 130 105
2 130 111
2 131 23
2 131 26
2 131 43
2 131 79
2 131 87
2 131 95
2 132 39
2 132 43
2 132 53
2 132 56
2 132 83
2 132 102
2 133 1
2 133 12
2 133 15
2 133 31
2 133 43
2 133 44
2 133 56
2 133 64
2 133 76
2 133 91
2 133 101
2 133 102
2 134 16
2 134 23
2 134 25
2 134 31
2 134 67
2 134 87
2 134 89
2 134 100
2 135 7
2 135 27
2 135 28
2 135 39
2 135 69
2 135 78
2 135 84
2 135 101
2 135 102
2 135 109
2 135 112
2 136 17
2 136 43
2 136 62
2 136 65
2 136 68
2 136 93
2 136 112
2 137 5
2 137 6
2 137 43
2 137 49
2 137 58
2 137 64
2 137 67
2 137 80
2 137 82
2 137 89
2 137 91
2 137 107
2 137 108
2 137 111
2 138 16
2 138 27
2 138 33
2 138 55
2 138 58
2 138 65
2 138 79
2 138 99
2 138 105
2 139 19
2 139 28
2 139 39
2 139 56
2 139 67
2 139 98
2 139 108
2 140 0
2 140 21
2 140 61
2 140 68
2 140 78
2 140 82
2 140 88
2 140 99
2 141 11
2 141 41
2 141 51
2 141 59
2 141 75
2 141 98
2 142 20
2 142 24
2 142 49
2 142 54
2 142 58
2 142 71
2 142 83
2 142 99
2 142 105
2 142 112
2 143 1
2 143 19
2 143 43
2 143 49
2 143 59
2 143 67
2 143 95
2 143 98
2 144 0
2 144 2
2 144 22
2 144 31
2 144 49
2 144 50
2 144 54
2 144 58
2 144 61
2 144 79
2 144 89
2 145 3
2 145 20
2 145 32
2 145 39
2 145 87
2 145 105
2 146 35
2 146 39
2 146 41
2 146 57
2 146 70
2 146 84
2 146 102
2 146 103
2 146 105
2 146 108
2 147 10
2 147 36
2 147 71
2 147 72
2 148 3
2 148 18
2 148 48
2 148 52
2 148 54
2 148 58
2 148 62
2 148 82
2 148 84
2 148 90
2 148 91
2 149 20
2 149 21
2 149 42
2 149 48
2 149 55
2 149 57
2 149 59
2 149 73
2 149 81
2 149 83
2 149 86
2 149 87
2 149 89
2 149 103
2 149 104
2 150 35
2 150 75
2 150 86
2 150 98
2 150 105
2 150 106
2 150 110
2 151 1
2 151 5
2 151 14
2 151 82
2 151 94
2 152 41
2 152 48
2 152 57
2 152 65
2 152 70
2 152 74
2 152 103
2 152 110
2 153 3
2 153 5
2 153 7
2 153 48
2 153 53
2 153 55
2 153 60
2 153 77
2 153 96
2 153 102
2 153 104
2 154 5
2 154 18
2 154 28
2 154 50
2 154 52
2 154 53
2 154 62
2 154 86
2 154 87
2 154 102
2 155 6
2 155 21
2 155 22
2 155 24
2 155 40
2 155 67
2 155 73
2 155 75
2 155 89
2 155 93
2 155 94
2 155 107
2 156 15
2 156 29
2 156 34
2 156 45
2 156 64
2 156 69
2 156 72
2 156 88
2 156 93
2 156 103
2 157 9
2 157 14
2 157 22
2 157 42
2 157 49
2 157 54
2 157 62
2 157 65
2 157 80
2 157 89
2 157 92
2 158 13
2 158 21
2 158 49
2 158 57
2 158 61
2 158 73
2 158 74
2 158 79
2 158 81
2 158 86
2 158 93
2 158 108
2 158 112
2 159 30
2 159 40
2 159 49
2 159 50
2 159 62
2 159 65
2 159 72
2 159 84
2 159 89
2 160 1
2 160 4
2 160 43
2 160 84
2 160 86
2 160 109
2 161 0
2 161 7
2 161 14
2 161 21
2 161 34
2 161 38
2 161 53
2 161 79
2 161 80
2 161 91
2 162 7
2 162 8
2 162 12
2 162 18
2 162 20
2 162 30
2 162 33
2 162 41
2 162 55
2 162 70
2 163 55
2 163 68
2 163 79
2 163 83
2 163 89
2 163 103
2 164 22
2 164 29
2 164 73
2 164 93
2 164 100
2 164 101
2 165 8
2 165 43
2 165 63
2 165 66
2 165 67
2 165 104
2 165 106
2 166 24
2 166 29
2 166 35
2 166 36
2 166 82
2 166 96
2 166 111
2 166 112
2 167 2
2 167 3
2 167 6
2 167 14
2 167 40
2 167 46
2 167 57
2 167 63
2 167 84
2 167 89
3 0 85
3 0 89
3 0 97
3 1 0
3 1 1
3 1 13
3 1 14
3 1 41
3 1 64
3 1 72
3 1 85
3 1 90
3 1 98
3 2 16
3 2 19
3 2 33
3 2 38
3 2 39
3 2 42
3 2 55
3 2 71
3 2 81
3 2 98
3 3 6
3 3 18
3 3 44
3 3 46
3 3 63
3 3 65
3 3 68
3 3 88
3 4 22
3 4 24
3 4 27
3 4 35
3 4 36
3 4 37
3 4 46
3 4 51
3 4 53
3 4 57
3 4 65
3 4 67
3 4 70
3 4 73
3 4 79
3 4 86
3 4 99
3 5 7
3 5 12
3 5 19
3 5 26
3 5 29
3 5 39
3 5 41
3 5 75
3 5 107
3 6 11
3 6 32
3 6 65
3 6 82
3 6 96
3 6 103
3 6 104
3 7 41
3 7 77
3 7 79
3 7 81
3 7 100
3 7 104
3 8 20
3 8 49
3 8 60
3 8 74
3 8 85
3 8 96
3 8 102
3 9 54
3 9 60
3 9 67
3 9 77
3 9 79
3 9 94
3 10 0
3 10 46
3 10 56
3 10 81
3 10 99
3 11 1
3 11 2
3 11 14
3 11 30
3 11 33
3 11 34
3 11 39
3 11 78
3 11 93
3 12 19
3 12 34
3 12 38
3 12 50
3 12 63
3 12 72
3 12 95
3 13 30
3 13 33
3 13 40
3 13 45
3 13 47
3 13 49
3 13 57
3 13 60
3 13 68
3 13 76
3 14 21
3 14 29
3 14 53
3 14 54
3 14 55
3 14 75
3 14 91
3 14 93
3 14 97
3 14 99
3 15 8
3 15 29
3 15 31
3 15 46
3 15 52
3 15 83
3 15 89
3 15 101
3 15 105
3 16 0
3 16 12
3 16 16
3 16 19
3 16 33
3 16 47
3 16 96
3 17 17
3 17 22
3 17 25
3 17 28
3 17 43
3 17 50
3 17 57
3 17 64
3 17 76
3 17 93
3 17 96
3 17 108
3 18 2
3 18 61
3 18 65
3 18 108
3 19 17
3 19 42
3 19 49
3 19 79
3 19 85
3 19 88
3 19 107
3 20 10
3 20 21
3 20 23
3 20 49
3 20 53
3 20 59
3 20 67
3 20 81
3 20 96
3 21 25
3 21 39
3 21 70
3 21 88
3 21 105
3 22 2
3 22 7
3 22 8
3 22 13
3 22 14
3 22 30
3 22 60
3 22 68
3 22 76
3 22 81
3 22 103
3 23 7
3 23 24
3 23 34
3 23 36
3 23 47
3 23 60
3 23 61
3 23 79
3 23 91
3 23 100
3 24 2
3 24 5
3 24 13
3 24 34
3 24 54
3 24 56
3 24 63
3 24 70
3 24 80
3 24 86
3 24 87
3 25 22
3 25 27
3 25 36
3 25 38
3 25 44
3 25 46
3 25 104
3 25 105
3 26 5
3 26 25
3 26 34
3 26 44
3 26 55
3 26 62
3 26 66
3 26 76
3 26 77
3 26 95
3 27 13
3 27 20
3 27 33
3 27 42
3 27 55
3 27 64
3 27 67
3 27 83
3 28 15
3 28 16
3 28 57
3 28 68
3 28 76
3 28 83
3 29 6
3 29 24
3 29 38
3 29 65
3 29 100
3 30 15
3 30 43
3 30 53
3 30 55
3 30 64
3 30 67
3 30 80
3 30 94
3 31 14
3 31 28
3 31 34
3 31 41
3 31 43
3 31 48
3 31 72
3 31 74
3 31 78
3 31 79
3 31 84
3 31 90
3 31 94
3 31 102
3 31 103
3 32 13
3 32 18
3 32 27
3 32 40
3 32 42
3 32 59
3 32 63
3 32 76
3 32 93
3 32 102
3 32 103
3 33 1
3 33 8
3 33 14
3 33 48
3 33 53
3 33 66
3 33 68
3 33 74
3 33 79
3 33 80
3 33 92
3 33 93
3 33 102
3 34 3
3 34 47
3 34 49
3 34 50
3 34 56
3 34 60
3 34 61
3 34 65
3 34 73
3 34 105
3 35 0
3 35 18
3 35 29
3 35 74
3 35 91
3 35 96
3 35 106
3 36 4
3 36 12
3 36 51
3 36 52
3 36 56
3 36 99
3 37 2
3 37 7
3 37 23
3 37 47
3 37 51
3 37 65
3 37 66
3 37 68
3 37 75
3 37 82
3 37 102
3 38 5
3 38 20
3 38 27
3 38 35
3 38 80
3 38 85
3 39 3
3 39 57
3 39 60
3 39 87
3 39 94
3 40 6
3 40 20
3 40 29
3 40 37
3 40 39
3 40 47
3 40 87
3 41 4
3 41 14
3 41 28
3 41 32
3 41 50
3 41 54
3 41 59
3 41 80
3 41 84
3 41 94
3 41 106
3 41 108
3 42 6
3 42 12
3 42 34
3 42 45
3 42 49
3 42 51
3 42 63
3 42 86
3 42 87
3 42 89
3 42 97
3 43 21
3 43 29
3 43 37
3 43 45
3 43 49
3 43 56
3 43 62
3 43 90
3 43 100
3 43 107
3 44 3
3 44 16
3 44 56
3 44 62
3 44 68
3 44 70
3 44 78
3 44 84
3 44 89
3 44 93
3 44 95
3 44 98
3 45 13
3 45 26
3 45 36
3 45 41
3 45 58
3 45 61
3 45 88
3 45 105
3 46 7
3 46 11
3 46 35
3 46 42
3 46 88
3 46 98
3 46 103
3 46 105
3 47 1
3 47 13
3 47 35
3 47 61
3 47 66
3 47 78
3 47 82
3 47 92
3 47 102
3 48 27
3 48 29
3 48 34
3 48 47
3 48 48
3 48 49
3 48 50
3 48 69
3 48 74
3 48 77
3 48 95
3 48 99
3 48 104
3 49 10
3 49 14
3 49 38
3 49 54
3 49 61
3 49 63
3 49 88
3 49 105
3 50 0
3 50 5
3 50 28
3 50 69
3 50 71
3 50 77
3 50 91
3 51 3
3 51 24
3 51 25
3 51 30
3 51 38
3 51 46
3 51 65
3 51 68
3 51 86
3 51 95
3 51 100
3 51 108
3 52 13
3 52 34
3 52 40
3 52 46
3 52 105
3 53 0
3 53 25
3 53 67
3 53 97
3 53 100
3 54 5
3 54 7
3 54 26
3 54 36
3 54 60
3 54 61
3 54 82
3 55 11
3 55 17
3 55 33
3 55 36
3 55 44
3 55 63
3 55 74
3 55 97
3 55 100
3 55 103
3 55 105
3 56 26
3 56 36
3 56 38
3 56 41
3 56 43
3 56 52
3 56 53
3 56 59
3 56 78
3 56 80
3 56 84
3 56 89
3 56 104
3 57 17
3 57 20
3 57 23
3 57 30
3 57 32
3 57 63
3 57 72
3 57 78
3 57 80
3 57 107
3 58 23
3 58 25
3 58 35
3 58 47
3 58 68
3 58 74
3 58 85
3 58 91
3 58 97
3 59 27
3 59 28
3 59 32
3 59 34
3 59 36
3 59 85
3 60 2
3 60 30
3 60 47
3 60 70
3 60 77
3 60 94
3 60 105
3 61 21
3 61 49
3 61 57
3 61 59
3 61 63
3 61 66
3 61 68
3 61 70
3 61 74
3 61 86
3 61 88
3 61 89
3 61 93
3 61 104
3 62 2
3 62 6
3 62 13
3 62 17
3 62 22
3 62 56
3 63 2
3 63 18
3 63 42
3 63 60
3 63 76
3 63 83
3 63 108
3 64 26
3 64 27
3 64 28
3 64 59
3 64 60
3 64 68
3 64 77
3 64 89
3 64 106
3 65 1
3 65 13
3 65 47
3 65 96
3 66 0
3 66 5
3 66 12
3 66 44
3 66 63
3 66 64
3 66 87
3 66 88
3 66 91
3 66 106
3 66 108
3 67 43
3 67 45
3 67 53
3 67 55
3 67 68
3 67 82
3 67 88
3 67 91
3 67 93
3 68 16
3 68 17
3 68 24
3 68 32
3 68 35
3 68 58
3 68 74
3 68 79
3 69 4
3 69 8
3 69 20
3 69 25
3 69 38
3 69 51
3 69 70
3 69 85
3 69 94
3 69 95
3 70 6
3 70 9
3 70 25
3 70 33
3 70 59
3 70 94
3 71 3
3 71 8
3 71 20
3 71 23
3 71 27
3 71 31
3 71 52
3 71 65
3 71 68
3 71 77
3 71 88
3 71 92
3 71 95
3 71 99
3 71 101
3 71 102
3 72 16
3 72 29
3 72 30
3 72 51
3 72 62
3 72 64
3 72 71
3 72 72
3 72 85
3 72 97
3 72 107
3 73 1
3 73 3
3 73 16
3 73 29
3 73 30
3 73 42
3 73 70
3 73 77
3 73 79
3 73 86
3 74 43
3 74 70
3 74 75
3 74 85
3 74 94
3 74 100
3 75 1
3 75 20
3 75 38
3 75 61
3 75 80
3 75 88
3 75 90
3 75 95
3 75 107
3 76 36
3 76 60
3 76 97
3 77 17
3 77 38
3 77 51
3 77 61
3 77 74
3 78 27
3 78 32
3 78 48
3 78 69
3 78 72
3 78 73
3 78 75
3 78 83
3 78 94
3 78 101
3 79 9
3 79 29
3 79 31
3 79 43
3 79 45
3 79 46
3 79 48
3 79 53
3 79 58
3 79 72
3 79 77
3 79 86
3 79 95
3 79 100
3 80 34
3 80 54
3 80 59
3 80 75
3 80 88
3 80 92
3 80 96
3 80 105
3 81 1
3 81 10
3 81 20
3 81 26
3 81 43
3 81 86
3 82 1
3 82 8
3 82 9
3 82 12
3 82 15
3 82 77
3 82 79
3 82 80
3 82 85
3 83 8
3 83 13
3 83 38
3 83 42
3 83 44
3 83 45
3 83 53
3 83 64
3 83 68
3 83 85
3 83 105
3 83 106
3 84 11
3 84 12
3 84 33
3 84 73
3 84 78
3 84 80
3 84 100
3 85 8
3 85 27
3 85 40
3 85 47
3 85 56
3 85 58
3 85 89
3 85 97
3 86 0
3 86 5
3 86 26
3 86 29
3 86 42
3 86 43
3 86 47
3 86 63
3 86 66
3 86 76
3 86 78
3 86 85
3 86 99
3 86 101
3 87 11
3 87 23
3 87 24
3 87 43
3 87 44
3 87 47
3 87 55
3 87 60
3 87 65
3 87 67
3 87 87
3 88 2
3 88 5
3 88 12
3 88 14
3 88 26
3 88 30
3 88 43
3 88 61
3 88 78
3 88 82
3 88 86
3 88 94
3 88 98
3 88 101
3 89 14
3 89 16
3 89 54
3 89 66
3 89 77
3 89 79
3 89 91
3 89 92
3 89 95
3 89 97
3 90 1
3 90 10
3 90 16
3 90 23
3 90 25
3 90 35
3 90 48
3 90 54
3 90 69
3 90 90
3 90 92
3 90 98
3 91 23
3 91 38
3 91 48
3 91 56
3 92 24
3 92 29
3 92 30
3 92 34
3 92 45
3 92 46
3 92 60
3 92 72
3 92 76
3 92 84
3 92 102
3 93 5
3 93 25
3 93 31
3 93 56
3 93 73
3 93 85
3 94 6
3 94 7
3 94 10
3 94 37
3 94 41
3 94 47
3 94 91
3 94 93
3 95 1
3 95 6
3 95 16
3 95 30
3 95 31
3 95 35
3 95 39
3 95 41
3 95 46
3 95 49
3 95 74
3 95 85
3 96 3
3 96 13
3 96 71
3 96 77
3 96 103
3 97 2
3 97 3
3 97 8
3 97 17
3 97 23
3 97 26
3 97 37
3 97 52
3 97 56
3 97 71
3 97 72
3 97 99
3 97 105
3 98 9
3 98 21
3 98 26
3 98 40
3 98 47
3 98 64
3 98 71
3 98 72
3 98 75
3 98 96
3 98 100
3 99 19
3 99 29
3 99 40
3 99 54
3 99 62
3 99 73
3 99 107
3 100 9
3 100 13
3 100 25
3 100 55
3 100 74
3 100 88
3 100 95
3 100 105
3 100 107
3 101 9
3 101 34
3 101 40
3 101 53
3 101 65
3 101 70
3 101 90
3 101 106
3 102 9
3 102 15
3 102 35
3 102 44
3 102 49
3 102 50
3 102 60
3 102 73
3 102 76
3 102 92
3 102 99
3 103 14
3 103 17
3 103 28
3 103 38
3 103 50
3 103 56
3 103 58
3 103 60
3 103 73
3 103 83
3 103 95
3 104 1
3 104 5
3 104 44
3 104 48
3 104 53
3 104 82
3 104 92
3 104 105
3 105 24
3 105 26
3 105 28
3 105 40
3 105 52
3 105 55
3 105 65
3 105 67
3 105 71
3 105 92
3 105 93
3 105 95
3 105 105
3 106 11
3 106 35
3 106 36
3 106 45
3 106 56
3 106 81
3 106 86
3 106 90
3 106 98
3 106 104
3 107 1
3 107 2
3 107 5
3 107 11
3 107 29
3 107 48
3 107 56
3 107 84
3 107 94
3 107 99
3 107 103
3 108 19
3 108 43
3 108 54
3 108 69
3 108 102
3 109 3
3 109 11
3 109 12
3 109 24
3 109 47
3 109 68
3 109 76
3 110 2
3 110 18
3 110 25
3 110 38
3 110 42
3 110 47
3 110 59
3 110 80
3 110 83
3 110 92
3 111 16
3 111 25
3 111 37
3 111 41
3 111 45
3 111 73
3 111 74
3 111 77
3 111 78
3 111 84
3 111 89
3 111 100
3 112 14
3 112 19
3 112 20
3 112 23
3 112 47
3 112 51
3 112 75
3 112 78
3 112 89
3 112 90
3 112 95
3 112 98
3 112 99