1437
5
156 98 109 140 97
4874

0 13 229 5 0 136 0 0 88 64 0 0 375 0 781 0 938 616 513 366 425 0 320 728 0 750 0 0 0 63 0 0 227 262 0 0 393 0 913 194 98 0 83 12 29 60 70 0 78 0 0 0 71 53 0 41 0 0 39 0 29 0 0 35 0 57 71 0 98 0 0 0 0 23 70 94 44 0 0 43 0 0 92 42 0 89 46 0 0 59 70 68 57 0 0 80 59 0 0 0 0 0 63 6 72 0 100 0 69 42 0 43 55 1 100 57 5 0 56 96 0 69 76 0 83 0 0 0 100 33 88 0 0 96 55 0 25 22 41 70 0 0 41 0 0 0 60 23 71 10 0 22 23 59 95 33
127 0 751 528 0 681 0 0 0 706 643 801 133 582 164 368 0 0 0 732 635 0 520 693 137 0 88 5 97 0 52 0 0 67 0 5 0 69 0 0 0 0 58 0 0 0 57 0 0 85 0 59 0 48 89 32 0 0 0 10 50 97 47 41 89 0 0 64 0 0 0 0 0 0 0 0 0 7 89 0 97 0 79 57 86 0 0 91 0 0 58 0 0 0 10 0 44 52
0 103 647 0 0 0 20 0 0 439 500 9 0 0 10 0 0 0 0 0 0 0 913 582 460 0 353 145 0 29 0 0 61 94 35 64 50 64 0 50 90 0 24 36 17 0 99 0 63 0 56 0 0 0 0 77 45 26 89 30 0 75 0 0 18 40 45 0 0 24 57 0 0 100 95 88 27 92 0 49 67 0 25 43 0 97 50 0 0 81 60 42 31 0 28 79 0 0 50 0 18 39 0 0 10 12 0 0 93
0 511 425 313 0 0 374 0 0 717 0 362 0 0 220 0 0 0 0 511 0 0 0 0 0 757 496 0 184 0 0 775 647 0 0 380 0 97 0 0 0 5 0 49 0 0 85 0 0 0 64 0 90 0 0 40 0 35 0 0 50 63 0 58 54 0 9 0 0 0 0 0 0 69 23 76 0 42 38 49 0 0 0 50 0 0 0 0 90 0 47 0 30 66 99 53 0 0 0 0 0 0 98 100 0 81 49 0 67 0 26 30 0 99 26 64 0 0 27 0 0 0 0 0 66 0 19 0 0 5 0 0 0 63 0 0 26 0 0 16
452 0 0 0 0 0 744 821 0 0 0 148 258 426 543 148 0 546 970 0 0 0 0 0 617 61 26 17 61 56 9 44 97 0 37 34 0 0 90 0 0 95 81 0 0 0 68 0 0 70 87 0 0 0 58 41 0 100 82 100 51 0 0 10 29 34 0 0 24 0 0 0 28 51 26 0 7 0 0 0 0 87 89 25 0 0 0 0 16 0 22 0 0 0 39 0 83

0 0 5
0 0 7
0 0 14
0 0 26
0 0 51
0 0 52
0 0 53
0 0 59
0 0 76
0 0 80
0 0 87
0 0 96
0 1 7
0 1 17
0 1 18
0 1 24
0 1 31
0 1 40
0 1 41
0 1 45
0 1 48
0 1 52
0 1 65
0 1 72
0 2 6
0 2 8
0 2 20
0 2 42
0 2 59
0 2 68
0 2 94
0 3 4
0 3 6
0 3 25
0 3 49
0 3 56
0 3 59
0 3 84
0 3 88
0 3 89
0 4 14
0 4 16
0 4 32
0 4 48
0 4 66
0 4 83
0 4 84
0 5 12
0 5 21
0 5 22
0 5 34
0 5 44
0 5 48
0 5 51
0 5 70
0 6 8
0 6 9
0 6 21
0 6 27
0 6 30
0 6 37
0 6 47
0 6 48
0 6 63
0 6 71
0 6 75
0 6 93
0 7 12
0 7 14
0 7 17
0 7 30
0 7 37
0 7 39
0 7 44
0 7 73
0 7 77
0 7 87
0 7 92
0 8 4
0 8 6
0 8 17
0 8 20
0 8 23
0 8 41
0 8 44
0 8 57
0 8 78
0 8 94
0 9 8
0 9 25
0 9 28
0 9 36
0 9 43
0 9 51
0 9 79
0 9 94
0 10 4
0 10 20
0 10 23
0 10 57
0 10 82
0 10 94
0 11 9
0 11 15
0 11 27
0 11 32
0 11 33
0 11 75
0 12 10
0 12 11
0 12 23
0 12 28
0 12 42
0 12 44
0 12 48
0 12 53
0 12 69
0 12 74
0 12 77
0 12 80
0 12 96
0 13 1
0 13 2
0 13 10
0 13 30
0 13 44
0 13 62
0 14 2
0 14 42
0 14 48
0 14 64
0 14 69
0 14 75
0 14 97
0 15 6
0 15 11
0 15 22
0 15 33
0 15 39
0 15 42
0 15 88
0 16 14
0 16 21
0 16 32
0 16 64
0 16 76
0 16 94
0 17 9
0 17 46
0 17 47
0 17 52
0 17 59
0 17 70
0 17 75
0 17 81
0 17 83
0 17 96
0 18 21
0 18 31
0 18 38
0 18 40
0 18 52
0 18 54
0 18 65
0 18 67
0 18 68
0 18 72
0 18 74
0 19 2
0 19 9
0 19 11
0 19 20
0 19 23
0 19 24
0 19 27
0 19 35
0 19 37
0 19 43
0 19 50
0 19 59
0 19 93
0 20 0
0 20 25
0 20 30
0 20 43
0 20 55
0 20 72
0 20 90
0 21 4
0 21 6
0 21 9
0 21 38
0 21 68
0 21 70
0 21 79
0 21 83
0 21 88
0 22 8
0 22 21
0 22 29
0 22 82
0 22 84
0 23 44
0 23 68
0 24 12
0 24 15
0 24 16
0 24 18
0 24 69
0 24 70
0 24 79
0 24 81
0 24 84
0 24 88
0 24 95
0 24 96
0 25 33
0 25 43
0 25 54
0 25 59
0 25 66
0 25 87
0 25 89
0 26 15
0 26 22
0 26 27
0 26 34
0 26 37
0 26 63
0 26 93
0 27 7
0 27 21
0 27 40
0 27 44
0 27 60
0 27 69
0 27 87
0 27 92
0 28 18
0 28 27
0 28 39
0 28 65
0 28 74
0 28 81
0 28 89
0 29 6
0 29 23
0 29 25
0 29 28
0 29 32
0 29 33
0 29 36
0 29 55
0 29 69
0 29 78
0 29 79
0 29 85
0 29 94
0 30 7
0 30 17
0 30 18
0 30 24
0 30 33
0 30 35
0 30 42
0 30 60
0 30 67
0 31 0
0 31 4
0 31 9
0 31 12
0 31 21
0 31 26
0 31 31
0 31 32
0 31 45
0 31 50
0 31 77
0 32 9
0 32 14
0 32 19
0 32 29
0 32 44
0 32 70
0 32 78
0 32 91
0 32 93
0 33 35
0 33 39
0 33 47
0 33 80
0 33 89
0 34 14
0 34 41
0 34 44
0 34 60
0 34 76
0 34 80
0 34 84
0 34 91
0 35 0
0 35 1
0 35 9
0 35 14
0 35 28
0 35 44
0 35 55
0 35 59
0 35 67
0 35 80
0 35 83
0 35 94
0 36 4
0 36 45
0 36 69
0 36 71
0 36 76
0 36 84
0 36 87
0 37 13
0 37 52
0 37 80
0 37 90
0 37 93
0 37 97
0 38 8
0 38 19
0 38 26
0 38 27
0 38 42
0 38 45
0 38 46
0 38 47
0 38 69
0 38 77
0 38 84
0 38 87
0 39 10
0 39 13
0 39 15
0 39 24
0 39 28
0 39 35
0 39 52
0 39 62
0 39 63
0 39 79
0 39 91
0 39 95
0 40 1
0 40 35
0 40 39
0 40 44
0 40 52
0 40 71
0 40 73
0 40 75
0 41 4
0 41 6
0 41 9
0 41 28
0 41 35
0 41 36
0 41 38
0 41 46
0 41 48
0 41 51
0 41 60
0 41 66
0 41 77
0 41 81
0 41 88
0 42 2
0 42 4
0 42 5
0 42 28
0 42 29
0 42 52
0 42 57
0 42 60
0 42 71
0 42 72
0 42 74
0 42 83
0 42 86
0 42 87
0 42 93
0 43 3
0 43 17
0 43 36
0 43 42
0 43 47
0 43 74
0 43 89
0 44 1
0 44 29
0 44 43
0 44 63
0 44 92
0 45 6
0 45 13
0 45 25
0 45 28
0 45 32
0 45 53
0 45 55
0 45 59
0 45 70
0 45 72
0 45 75
0 45 79
0 45 83
0 45 96
0 46 6
0 46 10
0 46 20
0 46 21
0 46 29
0 46 60
0 46 63
0 46 72
0 46 77
0 46 78
0 47 23
0 47 31
0 47 50
0 47 52
0 47 54
0 47 81
0 47 82
0 47 86
0 47 87
0 47 92
0 47 95
0 48 11
0 48 16
0 48 24
0 48 26
0 48 56
0 48 59
0 48 64
0 48 74
0 48 78
0 48 80
0 48 81
0 48 89
0 49 0
0 49 14
0 49 16
0 49 29
0 49 35
0 49 60
0 49 69
0 49 72
0 49 79
0 49 84
0 49 88
0 49 90
0 49 91
0 50 18
0 50 25
0 50 30
0 50 35
0 50 43
0 50 57
0 50 59
0 50 62
0 50 68
0 50 69
0 51 10
0 51 13
0 51 26
0 51 27
0 51 48
0 51 61
0 51 70
0 51 74
0 51 92
0 52 11
0 52 27
0 52 33
0 52 38
0 52 40
0 52 44
0 52 46
0 52 53
0 52 72
0 53 20
0 53 21
0 53 67
0 54 6
0 54 7
0 54 13
0 54 15
0 54 27
0 54 61
0 54 70
0 54 90
0 55 6
0 55 23
0 55 57
0 55 58
0 55 62
0 55 77
0 55 83
0 55 86
0 56 24
0 56 29
0 56 47
0 56 61
0 56 64
0 56 78
0 56 79
0 56 81
0 56 84
0 57 16
0 57 20
0 57 40
0 57 58
0 57 68
0 57 69
0 57 72
0 57 74
0 58 1
0 58 6
0 58 30
0 58 51
0 58 61
0 58 70
0 58 71
0 58 94
0 58 95
0 59 9
0 59 19
0 59 20
0 59 23
0 59 27
0 59 59
0 59 76
0 59 80
0 59 96
0 60 4
0 60 8
0 60 20
0 60 31
0 60 35
0 60 47
0 60 51
0 60 53
0 60 63
0 60 68
0 60 78
0 60 80
0 60 88
0 60 93
0 61 4
0 61 28
0 61 35
0 61 89
0 62 3
0 62 10
0 62 12
0 62 25
0 62 36
0 62 84
0 62 91
0 62 93
0 63 1
0 63 3
0 63 11
0 63 18
0 63 23
0 63 33
0 63 38
0 63 45
0 63 47
0 63 48
0 63 49
0 63 59
0 63 61
0 63 64
0 63 72
0 63 74
0 64 5
0 64 10
0 64 51
0 64 62
0 64 65
0 64 88
0 64 91
0 64 96
0 65 13
0 65 17
0 65 39
0 65 42
0 65 47
0 65 51
0 65 55
0 65 94
0 65 96
0 66 11
0 66 19
0 66 26
0 66 27
0 66 50
0 66 64
0 66 74
0 66 77
0 66 78
0 66 90
0 67 0
0 67 24
0 67 28
0 67 38
0 67 42
0 67 47
0 67 69
0 67 75
0 67 76
0 67 85
0 67 97
0 68 7
0 68 20
0 68 37
0 68 42
0 68 62
0 68 78
0 68 80
0 68 83
0 68 85
0 68 96
0 69 0
0 69 2
0 69 16
0 69 26
0 69 35
0 69 55
0 69 79
0 70 0
0 70 2
0 70 4
0 70 6
0 70 13
0 70 27
0 70 49
0 70 55
0 70 72
0 70 90
0 70 97
0 71 2
0 71 14
0 71 21
0 71 28
0 71 32
0 71 53
0 71 62
0 71 69
0 71 80
0 71 86
0 72 1
0 72 42
0 72 44
0 72 56
0 72 82
0 73 20
0 73 36
0 73 62
0 73 65
0 73 86
0 73 90
0 74 1
0 74 2
0 74 4
0 74 27
0 74 34
0 74 36
0 74 44
0 74 57
0 74 61
0 74 65
0 74 67
0 74 71
0 74 91
0 75 6
0 75 11
0 75 13
0 75 16
0 75 25
0 75 32
0 75 45
0 75 56
0 75 66
0 75 83
0 75 84
0 75 90
0 75 93
0 75 94
0 76 0
0 76 7
0 76 32
0 76 37
0 76 53
0 76 56
0 76 65
0 76 82
0 76 85
0 76 86
0 77 0
0 77 13
0 77 19
0 77 25
0 77 34
0 77 42
0 77 48
0 77 58
0 77 82
0 78 16
0 78 29
0 78 30
0 78 35
0 78 62
0 78 86
0 78 90
0 78 97
0 79 84
0 79 94
0 80 4
0 80 30
0 80 38
0 80 44
0 80 50
0 80 60
0 80 61
0 80 72
0 80 77
0 80 82
0 81 42
0 81 56
0 81 72
0 81 91
0 81 96
0 82 1
0 82 11
0 82 13
0 82 39
0 82 50
0 82 72
0 82 76
0 82 94
0 83 13
0 83 17
0 83 22
0 83 25
0 83 36
0 83 50
0 83 71
0 83 74
0 83 75
0 83 79
0 83 96
0 84 2
0 84 18
0 84 20
0 84 44
0 84 46
0 84 51
0 84 53
0 84 65
0 84 67
0 84 77
0 84 83
0 84 94
0 84 96
0 85 30
0 85 32
0 85 60
0 85 77
0 85 86
0 85 87
0 85 91
0 86 0
0 86 1
0 86 9
0 86 11
0 86 51
0 86 71
0 87 6
0 87 12
0 87 25
0 87 63
0 87 71
0 87 88
0 87 90
0 88 7
0 88 13
0 88 30
0 88 37
0 88 49
0 88 63
0 88 69
0 88 74
0 88 82
0 88 83
0 88 85
0 88 88
0 88 91
0 88 94
0 89 24
0 89 49
0 89 58
0 89 72
0 89 84
0 90 7
0 90 9
0 90 19
0 90 21
0 90 34
0 90 38
0 90 41
0 90 47
0 90 49
0 90 62
0 90 78
0 90 94
0 91 20
0 91 38
0 91 44
0 91 75
0 91 91
0 92 12
0 92 28
0 92 34
0 92 64
0 92 67
0 92 74
0 92 85
0 92 90
0 92 91
0 93 8
0 93 22
0 93 26
0 93 42
0 93 56
0 93 62
0 93 70
0 93 74
0 93 75
0 93 85
0 93 91
0 94 2
0 94 9
0 94 15
0 94 17
0 94 18
0 94 43
0 94 46
0 94 51
0 94 71
0 94 77
0 94 78
0 95 15
0 95 16
0 95 27
0 95 41
0 95 47
0 95 55
0 95 64
0 95 68
0 95 72
0 95 81
0 95 83
0 96 17
0 96 24
0 96 32
0 96 43
0 96 60
0 96 72
0 96 74
0 96 75
0 96 88
0 97 20
0 97 34
0 97 56
0 97 75
0 97 79
0 97 88
0 97 90
0 98 13
0 98 16
0 98 24
0 98 33
0 98 39
0 98 44
0 98 77
0 98 89
0 98 95
0 99 4
0 99 6
0 99 14
0 99 18
0 99 24
0 99 30
0 99 42
0 99 62
0 99 89
0 100 13
0 100 32
0 100 45
0 100 56
0 100 67
0 100 81
0 100 83
0 100 95
0 101 0
0 101 8
0 101 9
0 101 17
0 101 24
0 101 26
0 101 28
0 101 34
0 101 41
0 101 43
0 101 44
0 101 60
0 101 73
0 101 74
0 101 75
0 101 77
0 101 79
0 101 96
0 102 10
0 102 12
0 102 23
0 102 27
0 102 38
0 102 42
0 102 58
0 102 63
0 102 68
0 102 78
0 103 16
0 103 42
0 103 52
0 103 57
0 103 65
0 103 68
0 103 70
0 103 72
0 103 73
0 103 80
0 103 93
0 104 0
0 104 15
0 104 46
0 104 93
0 104 97
0 105 4
0 105 6
0 105 9
0 105 10
0 105 13
0 105 36
0 105 39
0 105 42
0 105 45
0 105 55
0 105 80
0 105 94
0 106 30
0 106 31
0 106 47
0 106 53
0 106 74
0 106 78
0 107 45
0 107 47
0 107 48
0 107 49
0 107 67
0 107 68
0 107 69
0 107 75
0 107 84
0 107 87
0 108 6
0 108 13
0 108 41
0 108 61
0 108 88
0 109 16
0 109 33
0 109 45
0 109 53
0 109 66
0 109 90
0 110 6
0 110 7
0 110 31
0 111 12
0 111 20
0 111 32
0 111 40
0 111 49
0 111 50
0 111 59
0 111 60
0 111 65
0 111 70
0 111 95
0 112 0
0 112 5
0 112 20
0 112 34
0 112 35
0 112 41
0 112 50
0 112 65
0 112 68
0 112 74
0 112 82
0 113 4
0 113 9
0 113 21
0 113 22
0 113 26
0 113 33
0 113 51
0 113 60
0 113 78
0 113 84
0 113 89
0 113 91
0 114 6
0 114 8
0 114 18
0 114 27
0 114 39
0 114 48
0 114 66
0 114 80
0 114 90
0 114 91
0 114 92
0 114 97
0 115 10
0 115 26
0 115 35
0 115 37
0 115 43
0 115 55
0 115 86
0 115 93
0 116 5
0 116 6
0 116 23
0 116 37
0 116 70
0 116 74
0 116 76
0 116 79
0 117 13
0 117 22
0 117 34
0 117 39
0 117 41
0 117 54
0 117 63
0 117 72
0 117 83
0 117 84
0 117 91
0 117 94
0 118 5
0 118 11
0 118 25
0 118 29
0 118 31
0 118 36
0 118 49
0 118 58
0 118 59
0 118 65
0 119 7
0 119 37
0 119 42
0 119 43
0 119 47
0 119 48
0 119 70
0 119 83
0 119 86
0 119 87
0 119 90
0 120 14
0 120 46
0 120 48
0 120 62
0 120 64
0 120 92
0 121 27
0 121 30
0 121 39
0 121 44
0 121 45
0 121 46
0 121 47
0 121 53
0 121 78
0 121 85
0 122 1
0 122 2
0 122 17
0 122 18
0 122 30
0 122 45
0 122 50
0 122 57
0 122 82
0 122 85
0 122 89
0 123 0
0 123 14
0 123 22
0 123 26
0 123 55
0 123 65
0 123 76
0 123 89
0 123 90
0 123 92
0 124 4
0 124 28
0 124 29
0 124 79
0 124 84
0 124 90
0 124 91
0 124 93
0 125 9
0 125 15
0 125 24
0 125 38
0 125 50
0 125 61
0 125 77
0 125 78
0 126 17
0 126 31
0 126 34
0 126 36
0 126 41
0 126 56
0 126 59
0 126 61
0 127 1
0 127 10
0 127 27
0 127 35
0 127 44
0 127 57
0 127 63
0 127 84
0 127 91
0 128 8
0 128 13
0 128 17
0 128 29
0 128 31
0 128 44
0 129 30
0 129 35
0 129 60
0 129 70
0 129 89
0 129 95
0 129 97
0 130 13
0 130 16
0 130 19
0 130 36
0 130 37
0 130 49
0 130 64
0 130 68
0 130 80
0 130 86
0 131 24
0 131 34
0 131 39
0 131 42
0 131 48
0 131 51
0 131 63
0 131 67
0 132 17
0 132 18
0 132 36
0 132 64
0 132 71
0 132 88
0 132 90
0 133 2
0 133 72
0 133 75
0 133 82
0 133 96
0 134 60
0 134 70
0 134 76
0 134 82
0 134 87
0 134 93
0 135 3
0 135 10
0 135 17
0 135 27
0 135 29
0 135 36
0 135 46
0 135 47
0 135 50
0 135 53
0 135 61
0 135 65
0 135 68
0 135 81
0 135 90
0 136 10
0 136 19
0 136 31
0 136 32
0 136 54
0 136 59
0 136 71
0 136 77
0 136 81
0 137 11
0 137 15
0 137 35
0 137 50
0 137 52
0 137 66
0 137 74
0 137 81
0 138 10
0 138 13
0 138 23
0 138 36
0 138 45
0 138 46
0 138 47
0 138 53
0 138 89
0 138 94
0 139 6
0 139 13
0 139 51
0 139 76
0 139 87
0 139 91
0 139 97
0 140 6
0 140 28
0 140 37
0 140 42
0 140 84
0 141 10
0 141 33
0 141 48
0 141 56
0 141 60
0 141 93
0 142 44
0 142 64
0 142 78
0 142 94
0 143 0
0 143 26
0 143 32
0 143 35
0 143 38
0 143 41
0 143 58
0 143 60
0 143 73
0 143 74
0 143 76
0 143 95
0 144 4
0 144 7
0 144 15
0 144 16
0 144 36
0 144 57
0 144 72
0 144 80
0 144 83
0 144 95
0 145 6
0 145 37
0 145 56
0 145 58
0 145 61
0 145 69
0 145 70
0 145 88
0 146 11
0 146 40
0 146 56
0 146 58
0 146 92
0 147 2
0 147 19
0 147 31
0 147 42
0 147 46
0 147 53
0 147 56
0 147 93
0 148 1
0 148 7
0 148 28
0 148 44
0 148 70
0 148 90
0 149 12
0 149 13
0 149 44
0 149 65
0 149 76
0 150 14
0 150 29
0 150 34
0 150 38
0 150 39
0 150 69
0 150 73
0 150 76
0 150 89
0 150 93
0 151 13
0 151 25
0 151 35
0 151 37
0 151 39
0 151 48
0 151 52
0 151 77
0 151 82
0 152 18
0 152 22
0 152 39
0 152 40
0 152 52
0 152 58
0 152 70
0 152 76
0 152 78
0 152 96
0 153 7
0 153 16
0 153 17
0 153 25
0 153 36
0 153 50
0 153 65
0 153 70
0 153 72
0 153 78
0 153 82
0 153 84
0 153 86
0 153 88
0 153 91
0 154 23
0 154 40
0 154 42
0 154 61
0 154 79
0 154 92
0 155 0
0 155 4
0 155 7
0 155 50
0 155 68
0 155 95
1 0 10
1 0 23
1 0 32
1 0 40
1 0 51
1 0 78
1 0 104
1 0 106
1 1 30
1 1 74
1 1 80
1 1 81
1 1 85
1 1 90
1 1 104
1 1 105
1 2 27
1 2 42
1 2 58
1 2 59
1 2 70
1 2 75
1 2 84
1 2 88
1 2 93
1 2 106
1 3 26
1 3 33
1 3 42
1 3 52
1 3 53
1 4 7
1 4 14
1 4 22
1 4 27
1 4 45
1 4 51
1 4 77
1 4 78
1 4 83
1 5 1
1 5 6
1 5 10
1 5 16
1 5 20
1 5 31
1 5 34
1 5 41
1 5 49
1 5 50
1 5 53
1 5 60
1 5 64
1 5 105
1 6 7
1 6 26
1 6 34
1 6 48
1 6 99
1 6 103
1 7 2
1 7 40
1 7 43
1 7 45
1 7 67
1 7 71
1 7 97
1 7 106
1 8 2
1 8 16
1 8 30
1 8 35
1 8 48
1 8 61
1 8 69
1 8 82
1 8 90
1 8 99
1 8 103
1 9 16
1 9 22
1 9 34
1 9 40
1 9 43
1 9 48
1 9 50
1 9 54
1 9 81
1 9 96
1 9 105
1 9 108
1 10 36
1 10 39
1 10 49
1 10 52
1 10 60
1 10 67
1 10 73
1 10 79
1 10 84
1 11 1
1 11 6
1 11 7
1 11 21
1 11 22
1 11 23
1 11 51
1 11 73
1 11 74
1 11 82
1 11 92
1 12 14
1 12 19
1 12 26
1 12 45
1 12 70
1 12 73
1 12 74
1 12 76
1 12 86
1 12 100
1 12 106
1 12 107
1 13 6
1 13 15
1 13 32
1 13 40
1 13 41
1 13 53
1 13 66
1 13 70
1 13 71
1 13 95
1 13 98
1 13 101
1 14 4
1 14 21
1 14 23
1 14 24
1 14 76
1 14 81
1 14 86
1 14 93
1 14 106
1 15 14
1 15 28
1 15 34
1 15 36
1 15 46
1 15 47
1 15 48
1 15 49
1 15 65
1 16 16
1 16 18
1 16 22
1 16 37
1 16 42
1 16 43
1 16 59
1 16 70
1 16 74
1 16 76
1 16 79
1 17 3
1 17 17
1 17 20
1 17 33
1 17 45
1 17 47
1 17 79
1 17 95
1 18 17
1 18 29
1 18 31
1 18 55
1 18 57
1 18 69
1 18 84
1 19 0
1 19 11
1 19 12
1 19 14
1 19 24
1 19 26
1 19 34
1 19 46
1 19 48
1 19 95
1 19 98
1 20 7
1 20 8
1 20 28
1 20 40
1 20 41
1 20 67
1 20 69
1 20 73
1 20 98
1 20 106
1 21 60
1 21 69
1 21 73
1 21 78
1 21 91
1 21 93
1 21 94
1 21 97
1 21 99
1 21 101
1 22 6
1 22 48
1 22 55
1 22 59
1 22 63
1 22 75
1 22 76
1 22 80
1 22 84
1 22 101
1 22 103
1 22 108
1 23 0
1 23 48
1 23 50
1 23 67
1 23 77
1 23 84
1 23 93
1 23 103
1 23 106
1 24 2
1 24 29
1 24 30
1 24 34
1 24 49
1 24 62
1 24 74
1 24 81
1 24 86
1 25 0
1 25 42
1 25 48
1 25 49
1 25 55
1 25 59
1 25 71
1 25 73
1 25 82
1 25 97
1 26 39
1 26 45
1 26 53
1 26 61
1 26 67
1 26 76
1 26 81
1 26 93
1 26 95
1 26 99
1 27 1
1 27 9
1 27 23
1 27 27
1 27 28
1 27 30
1 27 39
1 27 66
1 27 74
1 27 83
1 27 92
1 27 98
1 28 12
1 28 13
1 28 27
1 28 32
1 28 34
1 28 48
1 28 71
1 28 97
1 28 101
1 29 7
1 29 10
1 29 11
1 29 21
1 29 27
1 29 28
1 29 40
1 29 43
1 29 54
1 29 75
1 29 77
1 29 79
1 29 102
1 30 10
1 30 38
1 30 42
1 30 46
1 30 52
1 30 55
1 30 59
1 30 66
1 30 69
1 30 70
1 30 75
1 30 85
1 30 97
1 31 38
1 31 50
1 31 52
1 31 67
1 31 86
1 31 104
1 32 20
1 32 57
1 32 67
1 32 82
1 32 89
1 32 94
1 32 102
1 32 103
1 33 10
1 33 12
1 33 34
1 33 54
1 33 83
1 33 92
1 33 102
1 34 1
1 34 2
1 34 4
1 34 32
1 34 33
1 34 84
1 34 93
1 34 101
1 34 106
1 35 13
1 35 36
1 35 59
1 35 79
1 35 93
1 35 107
1 36 3
1 36 58
1 36 68
1 36 69
1 36 71
1 36 81
1 36 93
1 36 98
1 36 106
1 37 14
1 37 17
1 37 31
1 37 42
1 37 62
1 37 101
1 38 2
1 38 7
1 38 11
1 38 19
1 38 22
1 38 80
1 38 84
1 38 103
1 38 104
1 38 108
1 39 2
1 39 16
1 39 18
1 39 24
1 39 54
1 39 56
1 39 67
1 39 73
1 39 99
1 40 5
1 40 46
1 40 53
1 40 75
1 41 8
1 41 11
1 41 15
1 41 34
1 41 43
1 41 45
1 41 50
1 41 52
1 41 54
1 41 55
1 41 70
1 41 77
1 41 95
1 42 5
1 42 11
1 42 17
1 42 19
1 42 28
1 42 29
1 42 33
1 42 34
1 42 42
1 42 45
1 42 46
1 42 51
1 42 64
1 42 66
1 42 88
1 42 95
1 43 16
1 43 18
1 43 29
1 43 30
1 43 46
1 43 53
1 43 55
1 43 60
1 43 62
1 43 68
1 43 70
1 43 89
1 43 91
1 43 93
1 43 102
1 44 21
1 44 26
1 44 38
1 44 40
1 44 58
1 44 64
1 44 79
1 44 86
1 44 102
1 45 4
1 45 5
1 45 13
1 45 14
1 45 30
1 45 34
1 45 69
1 45 72
1 45 78
1 45 89
1 45 103
1 46 0
1 46 15
1 46 40
1 46 43
1 46 63
1 46 99
1 47 18
1 47 55
1 47 81
1 47 96
1 48 39
1 48 40
1 48 61
1 48 64
1 48 68
1 48 93
1 48 106
1 49 24
1 49 51
1 49 67
1 49 74
1 49 83
1 50 9
1 50 29
1 50 49
1 50 50
1 50 53
1 50 61
1 50 69
1 50 81
1 50 83
1 50 85
1 50 86
1 50 98
1 50 102
1 50 103
1 51 13
1 51 14
1 51 21
1 51 58
1 51 71
1 51 74
1 51 78
1 51 79
1 51 103
1 52 12
1 52 14
1 52 16
1 52 36
1 52 37
1 52 46
1 52 55
1 52 60
1 52 90
1 52 102
1 53 0
1 53 1
1 53 16
1 53 47
1 53 53
1 53 56
1 53 60
1 53 70
1 53 78
1 53 100
1 53 108
1 54 4
1 54 13
1 54 20
1 54 30
1 54 56
1 54 61
1 54 71
1 54 74
1 54 97
1 54 98
1 54 99
1 55 5
1 55 8
1 55 14
1 55 18
1 55 19
1 55 22
1 55 41
1 55 47
1 55 49
1 55 52
1 55 63
1 55 72
1 55 89
1 55 103
1 56 1
1 56 16
1 56 21
1 56 35
1 56 66
1 56 77
1 56 80
1 56 93
1 56 96
1 57 1
1 57 8
1 57 9
1 57 21
1 57 34
1 57 71
1 57 73
1 57 74
1 57 102
1 58 12
1 58 35
1 58 43
1 58 54
1 58 94
1 58 96
1 58 104
1 59 2
1 59 8
1 59 17
1 59 22
1 59 30
1 59 52
1 59 67
1 59 75
1 59 88
1 59 100
1 60 1
1 60 19
1 60 22
1 60 37
1 60 42
1 60 44
1 60 45
1 60 81
1 60 93
1 61 16
1 61 32
1 61 49
1 61 57
1 61 66
1 61 75
1 61 79
1 61 85
1 61 99
1 62 30
1 62 35
1 62 45
1 62 48
1 62 67
1 62 75
1 63 16
1 63 76
1 63 90
1 63 99
1 63 102
1 64 2
1 64 38
1 64 39
1 64 40
1 64 80
1 64 95
1 64 105
1 65 2
1 65 6
1 65 17
1 65 59
1 65 75
1 65 103
1 66 6
1 66 9
1 66 15
1 66 20
1 66 52
1 66 67
1 66 71
1 66 74
1 66 75
1 66 90
1 66 100
1 66 107
1 67 8
1 67 13
1 67 25
1 67 44
1 67 52
1 67 56
1 67 93
1 68 37
1 68 45
1 68 46
1 68 48
1 68 59
1 68 60
1 68 65
1 68 70
1 68 78
1 68 86
1 68 96
1 68 97
1 69 6
1 69 23
1 69 28
1 69 45
1 69 56
1 69 61
1 69 63
1 69 72
1 69 85
1 69 96
1 70 25
1 70 26
1 70 34
1 70 43
1 70 46
1 70 49
1 70 74
1 70 75
1 70 88
1 70 91
1 70 96
1 71 14
1 71 20
1 71 22
1 71 24
1 71 25
1 71 33
1 71 43
1 71 48
1 71 58
1 71 69
1 71 100
1 71 104
1 72 13
1 72 34
1 72 38
1 72 72
1 72 88
1 73 0
1 73 1
1 73 9
1 73 54
1 73 70
1 73 72
1 73 75
1 73 79
1 73 80
1 73 105
1 73 106
1 74 6
1 74 8
1 74 14
1 74 24
1 74 26
1 74 33
1 74 73
1 74 98
1 74 104
1 75 26
1 75 44
1 75 45
1 75 55
1 75 63
1 75 87
1 75 91
1 76 11
1 76 14
1 76 25
1 76 74
1 76 97
1 76 101
1 76 107
1 76 108
1 77 3
1 77 5
1 77 8
1 77 49
1 77 51
1 77 57
1 77 59
1 77 72
1 77 76
1 78 5
1 78 8
1 78 20
1 78 23
1 78 36
1 78 47
1 78 53
1 78 59
1 78 71
1 78 83
1 78 88
1 78 92
1 78 104
1 79 15
1 79 20
1 79 29
1 79 38
1 79 58
1 79 59
1 79 63
1 79 64
1 79 98
1 79 108
1 80 17
1 80 31
1 80 37
1 80 48
1 80 51
1 80 69
1 80 73
1 80 91
1 80 94
1 80 97
1 80 106
1 80 107
1 81 6
1 81 8
1 81 21
1 81 23
1 81 28
1 81 45
1 81 49
1 81 63
1 81 69
1 82 3
1 82 22
1 82 37
1 82 51
1 82 71
1 82 74
1 82 90
1 82 94
1 82 95
1 82 99
1 82 102
1 83 31
1 83 63
1 83 69
1 83 70
1 83 74
1 83 76
1 83 81
1 83 82
1 83 90
1 84 49
1 84 61
1 84 74
1 84 90
1 84 92
1 84 97
1 85 5
1 85 22
1 85 38
1 85 47
1 85 54
1 85 107
1 86 10
1 86 29
1 86 30
1 86 36
1 86 39
1 86 47
1 86 57
1 86 64
1 86 78
1 86 86
1 86 93
1 86 100
1 86 106
1 87 0
1 87 7
1 87 30
1 87 41
1 87 42
1 87 48
1 87 54
1 87 61
1 87 66
1 87 77
1 87 79
1 88 4
1 88 6
1 88 13
1 88 25
1 88 30
1 88 34
1 88 35
1 88 42
1 88 43
1 88 44
1 88 51
1 88 55
1 88 80
1 88 82
1 88 85
1 88 86
1 88 89
1 88 90
1 88 93
1 88 100
1 89 1
1 89 2
1 89 3
1 89 10
1 89 49
1 89 56
1 89 57
1 89 68
1 89 70
1 89 83
1 89 87
1 89 88
1 89 90
1 89 94
1 90 0
1 90 4
1 90 5
1 90 21
1 90 37
1 90 45
1 90 57
1 90 66
1 90 68
1 90 79
1 90 81
1 90 104
1 91 15
1 91 35
1 91 48
1 91 57
1 91 58
1 91 68
1 91 81
1 92 8
1 92 12
1 92 36
1 92 58
1 92 96
1 92 104
1 93 3
1 93 10
1 93 11
1 93 18
1 93 20
1 93 24
1 93 32
1 93 36
1 93 38
1 93 41
1 93 53
1 93 66
1 93 72
1 93 85
1 93 86
1 94 12
1 94 41
1 94 45
1 94 47
1 94 72
1 94 77
1 94 92
1 94 99
1 94 101
1 95 3
1 95 10
1 95 12
1 95 14
1 95 18
1 95 32
1 95 44
1 95 45
1 95 62
1 95 66
1 95 81
1 95 88
1 95 92
1 95 105
1 96 9
1 96 31
1 96 39
1 96 51
1 96 56
1 96 70
1 96 91
1 96 97
1 96 102
1 97 4
1 97 15
1 97 18
1 97 33
1 97 39
1 97 43
1 97 46
1 97 48
1 97 61
1 97 84
1 97 85
1 97 88
1 97 99
1 97 102
2 0 5
2 0 7
2 0 14
2 0 24
2 0 29
2 0 34
2 0 42
2 0 45
2 0 58
2 0 69
2 0 72
2 0 96
2 0 99
2 0 109
2 0 117
2 0 123
2 1 7
2 1 16
2 1 25
2 1 26
2 1 30
2 1 64
2 1 79
2 1 85
2 1 87
2 1 92
2 1 101
2 1 104
2 1 112
2 1 134
2 2 4
2 2 5
2 2 22
2 2 37
2 2 42
2 2 44
2 2 50
2 2 60
2 2 64
2 2 82
2 2 92
2 2 100
2 2 120
2 2 122
2 2 125
2 2 126
2 3 5
2 3 6
2 3 11
2 3 25
2 3 33
2 3 34
2 3 45
2 3 54
2 3 71
2 3 82
2 3 87
2 3 92
2 3 101
2 3 105
2 3 108
2 3 111
2 3 112
2 3 121
2 3 127
2 3 132
2 4 5
2 4 22
2 4 23
2 4 42
2 4 48
2 4 53
2 4 66
2 4 88
2 4 91
2 4 96
2 4 122
2 4 131
2 4 138
2 5 10
2 5 18
2 5 32
2 5 62
2 5 96
2 5 100
2 5 113
2 5 116
2 5 128
2 6 0
2 6 17
2 6 23
2 6 46
2 6 47
2 6 63
2 6 68
2 6 78
2 6 80
2 6 87
2 6 94
2 6 98
2 6 109
2 6 119
2 6 123
2 6 136
2 7 8
2 7 17
2 7 19
2 7 23
2 7 35
2 7 56
2 7 69
2 7 76
2 7 93
2 7 131
2 8 5
2 8 20
2 8 26
2 8 31
2 8 48
2 8 107
2 8 109
2 8 110
2 8 116
2 8 120
2 8 127
2 8 132
2 8 134
2 9 15
2 9 17
2 9 31
2 9 37
2 9 42
2 9 43
2 9 44
2 9 46
2 9 64
2 9 66
2 9 79
2 9 90
2 9 96
2 9 111
2 9 119
2 9 121
2 10 38
2 10 42
2 10 55
2 10 64
2 10 68
2 10 73
2 10 110
2 10 119
2 10 134
2 11 23
2 11 24
2 11 26
2 11 29
2 11 30
2 11 35
2 11 42
2 11 46
2 11 51
2 11 54
2 11 67
2 11 95
2 11 115
2 11 134
2 11 135
2 12 1
2 12 9
2 12 22
2 12 28
2 12 33
2 12 54
2 12 66
2 12 78
2 12 106
2 12 111
2 12 116
2 12 118
2 13 0
2 13 4
2 13 9
2 13 44
2 13 67
2 13 77
2 13 82
2 13 87
2 13 89
2 13 94
2 13 121
2 14 2
2 14 13
2 14 18
2 14 20
2 14 22
2 14 49
2 14 51
2 14 59
2 14 66
2 14 71
2 14 74
2 14 78
2 14 97
2 14 106
2 14 108
2 14 118
2 14 135
2 15 10
2 15 14
2 15 27
2 15 40
2 15 59
2 15 71
2 15 74
2 15 100
2 15 119
2 15 122
2 15 123
2 15 137
2 16 14
2 16 43
2 16 47
2 16 98
2 16 99
2 16 103
2 16 109
2 16 120
2 16 123
2 17 30
2 17 43
2 17 50
2 17 58
2 17 61
2 17 78
2 17 82
2 17 92
2 17 111
2 17 131
2 18 26
2 18 31
2 18 41
2 18 56
2 18 61
2 18 64
2 18 80
2 18 89
2 19 1
2 19 3
2 19 6
2 19 7
2 19 8
2 19 12
2 19 24
2 19 39
2 19 68
2 19 115
2 19 125
2 20 2
2 20 11
2 20 17
2 20 20
2 20 25
2 20 41
2 20 62
2 20 86
2 20 92
2 20 93
2 20 105
2 20 130
2 20 134
2 20 139
2 21 17
2 21 18
2 21 26
2 21 27
2 21 29
2 21 79
2 21 87
2 21 105
2 21 108
2 21 110
2 21 117
2 21 134
2 21 137
2 21 138
2 22 0
2 22 24
2 22 36
2 22 40
2 22 77
2 22 82
2 22 90
2 22 108
2 22 109
2 22 123
2 22 126
2 22 137
2 23 9
2 23 22
2 23 25
2 23 27
2 23 78
2 23 80
2 23 87
2 23 104
2 23 131
2 23 135
2 23 138
2 24 7
2 24 21
2 24 29
2 24 43
2 24 46
2 24 51
2 24 77
2 24 81
2 24 129
2 25 20
2 25 23
2 25 36
2 25 39
2 25 43
2 25 48
2 25 52
2 25 53
2 25 54
2 25 61
2 25 68
2 25 74
2 25 78
2 25 84
2 25 93
2 25 107
2 25 114
2 26 2
2 26 3
2 26 5
2 26 11
2 26 16
2 26 27
2 26 66
2 26 72
2 26 91
2 26 99
2 26 102
2 26 126
2 26 127
2 26 134
2 27 9
2 27 13
2 27 40
2 27 45
2 27 69
2 27 99
2 27 110
2 27 111
2 27 118
2 27 119
2 27 133
2 28 28
2 28 35
2 28 36
2 28 68
2 28 69
2 28 72
2 28 73
2 28 86
2 28 108
2 28 131
2 28 136
2 29 11
2 29 24
2 29 31
2 29 38
2 29 41
2 29 42
2 29 51
2 29 52
2 29 56
2 29 57
2 29 70
2 29 77
2 29 109
2 30 8
2 30 12
2 30 13
2 30 16
2 30 41
2 30 73
2 30 94
2 30 95
2 30 103
2 30 108
2 30 135
2 30 137
2 31 28
2 31 32
2 31 43
2 31 46
2 31 47
2 31 69
2 31 72
2 31 73
2 31 81
2 31 87
2 31 88
2 31 93
2 31 96
2 31 100
2 31 105
2 31 109
2 31 136
2 32 2
2 32 18
2 32 42
2 32 48
2 32 52
2 32 58
2 32 93
2 32 96
2 32 101
2 32 107
2 32 119
2 32 123
2 33 6
2 33 8
2 33 13
2 33 22
2 33 25
2 33 41
2 33 48
2 33 50
2 33 84
2 33 87
2 33 88
2 33 105
2 33 108
2 33 126
2 33 138
2 34 13
2 34 29
2 34 30
2 34 31
2 34 44
2 34 60
2 34 76
2 34 108
2 34 116
2 34 138
2 35 12
2 35 15
2 35 23
2 35 36
2 35 40
2 35 45
2 35 51
2 35 58
2 35 78
2 35 98
2 35 105
2 35 112
2 35 130
2 35 132
2 36 12
2 36 34
2 36 51
2 36 64
2 36 86
2 36 88
2 36 89
2 36 91
2 36 92
2 36 129
2 37 12
2 37 22
2 37 23
2 37 26
2 37 49
2 37 137
2 38 4
2 38 20
2 38 31
2 38 33
2 38 47
2 38 52
2 38 63
2 38 81
2 38 97
2 38 98
2 38 113
2 38 114
2 38 120
2 38 121
2 38 124
2 38 131
2 38 137
2 39 3
2 39 18
2 39 34
2 39 37
2 39 39
2 39 64
2 39 66
2 39 81
2 39 87
2 39 95
2 39 105
2 39 106
2 39 120
2 39 135
2 40 17
2 40 36
2 40 38
2 40 41
2 40 53
2 40 54
2 40 57
2 40 65
2 40 68
2 40 99
2 40 110
2 40 135
2 41 2
2 41 29
2 41 74
2 41 78
2 41 93
2 41 96
2 41 98
2 41 113
2 41 114
2 41 132
2 42 5
2 42 7
2 42 12
2 42 22
2 42 23
2 42 64
2 42 88
2 42 91
2 43 11
2 43 18
2 43 34
2 43 43
2 43 46
2 43 56
2 43 57
2 43 58
2 43 60
2 43 64
2 43 66
2 43 71
2 43 72
2 43 77
2 43 84
2 43 94
2 43 110
2 43 112
2 43 122
2 44 16
2 44 24
2 44 35
2 44 81
2 44 94
2 45 0
2 45 3
2 45 4
2 45 8
2 45 9
2 45 14
2 45 20
2 45 25
2 45 28
2 45 32
2 45 38
2 45 57
2 45 74
2 45 89
2 45 116
2 45 117
2 46 3
2 46 10
2 46 15
2 46 16
2 46 19
2 46 22
2 46 26
2 46 30
2 46 32
2 46 34
2 46 35
2 46 51
2 46 59
2 46 90
2 46 102
2 46 104
2 46 113
2 46 115
2 46 118
2 46 122
2 47 42
2 47 57
2 47 73
2 47 75
2 47 85
2 47 89
2 47 94
2 47 128
2 47 133
2 47 138
2 48 11
2 48 25
2 48 60
2 48 62
2 48 85
2 48 111
2 48 129
2 48 130
2 49 10
2 49 22
2 49 26
2 49 30
2 49 40
2 49 46
2 49 49
2 49 57
2 49 104
2 49 108
2 50 1
2 50 4
2 50 6
2 50 12
2 50 17
2 50 30
2 50 41
2 50 50
2 50 56
2 50 70
2 50 76
2 50 77
2 50 85
2 50 89
2 50 99
2 50 103
2 50 117
2 50 120
2 51 25
2 51 78
2 51 83
2 51 92
2 51 100
2 51 112
2 51 118
2 51 123
2 52 6
2 52 13
2 52 30
2 52 63
2 52 64
2 52 68
2 52 74
2 52 81
2 52 97
2 52 99
2 52 107
2 52 111
2 52 122
2 52 125
2 52 138
2 53 17
2 53 55
2 53 67
2 53 78
2 53 93
2 53 110
2 53 139
2 54 11
2 54 18
2 54 49
2 54 56
2 54 79
2 54 90
2 54 91
2 54 92
2 54 133
2 55 25
2 55 27
2 55 30
2 55 38
2 55 46
2 55 47
2 55 60
2 55 72
2 55 73
2 55 80
2 55 87
2 55 94
2 55 95
2 55 97
2 55 125
2 56 6
2 56 40
2 56 67
2 56 78
2 56 85
2 56 103
2 56 104
2 56 138
2 57 20
2 57 26
2 57 30
2 57 35
2 57 38
2 57 43
2 57 74
2 57 79
2 57 106
2 57 126
2 57 132
2 57 137
2 58 7
2 58 15
2 58 53
2 58 61
2 58 71
2 58 77
2 58 130
2 59 0
2 59 1
2 59 4
2 59 8
2 59 35
2 59 36
2 59 52
2 59 69
2 59 71
2 59 76
2 59 82
2 59 83
2 59 120
2 59 130
2 60 7
2 60 9
2 60 23
2 60 27
2 60 28
2 60 40
2 60 63
2 60 69
2 60 94
2 60 115
2 60 128
2 60 131
2 60 136
2 61 10
2 61 15
2 61 26
2 61 41
2 61 51
2 61 64
2 61 125
2 61 131
2 62 17
2 62 27
2 62 32
2 62 47
2 62 86
2 62 88
2 62 90
2 62 106
2 62 108
2 62 115
2 62 119
2 62 120
2 62 130
2 62 136
2 63 1
2 63 3
2 63 7
2 63 8
2 63 15
2 63 24
2 63 34
2 63 49
2 63 60
2 63 84
2 63 88
2 63 105
2 63 126
2 63 130
2 64 5
2 64 7
2 64 14
2 64 15
2 64 21
2 64 33
2 64 42
2 64 48
2 64 55
2 64 58
2 64 75
2 64 78
2 64 91
2 64 93
2 64 95
2 64 113
2 64 121
2 64 135
2 65 0
2 65 2
2 65 11
2 65 33
2 65 48
2 65 49
2 65 69
2 65 121
2 65 126
2 65 131
2 65 136
2 66 8
2 66 24
2 66 47
2 66 63
2 66 64
2 66 76
2 66 86
2 66 104
2 66 108
2 66 128
2 66 129
2 66 133
2 67 12
2 67 30
2 67 31
2 67 54
2 67 91
2 67 93
2 67 97
2 67 119
2 67 125
2 67 130
2 68 2
2 68 11
2 68 23
2 68 26
2 68 58
2 68 69
2 68 75
2 68 84
2 68 88
2 68 93
2 68 97
2 68 99
2 68 112
2 68 121
2 68 124
2 68 136
2 69 7
2 69 15
2 69 50
2 69 52
2 69 89
2 69 94
2 69 101
2 69 104
2 69 109
2 69 139
2 70 12
2 70 16
2 70 53
2 70 61
2 70 66
2 70 91
2 70 94
2 70 118
2 70 121
2 70 134
2 71 7
2 71 50
2 71 72
2 71 78
2 71 83
2 71 88
2 71 90
2 71 100
2 71 106
2 71 111
2 71 131
2 71 132
2 71 139
2 72 14
2 72 36
2 72 40
2 72 44
2 72 62
2 72 72
2 72 75
2 72 77
2 72 90
2 72 124
2 72 133
2 72 136
2 73 26
2 73 32
2 73 47
2 73 69
2 73 71
2 73 73
2 73 76
2 73 85
2 73 92
2 73 109
2 73 127
2 73 129
2 73 137
2 74 0
2 74 18
2 74 33
2 74 82
2 74 90
2 74 106
2 74 111
2 74 112
2 74 113
2 74 132
2 75 5
2 75 12
2 75 16
2 75 20
2 75 26
2 75 31
2 75 37
2 75 40
2 75 45
2 75 54
2 75 68
2 75 77
2 75 86
2 75 88
2 75 89
2 75 106
2 75 117
2 75 118
2 75 129
2 76 59
2 76 78
2 76 81
2 76 88
2 76 93
2 76 94
2 76 95
2 76 96
2 76 97
2 76 120
2 77 9
2 77 36
2 77 38
2 77 55
2 77 59
2 77 63
2 77 65
2 77 81
2 77 93
2 77 94
2 77 107
2 77 112
2 77 114
2 77 120
2 77 136
2 78 23
2 78 25
2 78 42
2 78 47
2 78 53
2 78 70
2 78 71
2 78 80
2 78 124
2 79 11
2 79 24
2 79 37
2 79 51
2 79 68
2 79 70
2 79 79
2 79 108
2 79 109
2 79 136
2 79 139
2 80 7
2 80 12
2 80 16
2 80 18
2 80 39
2 80 57
2 80 59
2 80 67
2 80 73
2 80 76
2 80 82
2 80 89
2 80 99
2 80 102
2 80 108
2 80 116
2 80 120
2 80 135
2 80 136
2 81 0
2 81 4
2 81 8
2 81 13
2 81 22
2 81 26
2 81 68
2 81 91
2 81 108
2 81 115
2 81 122
2 81 123
2 81 134
2 82 17
2 82 27
2 82 41
2 82 43
2 82 52
2 82 53
2 82 63
2 82 64
2 82 66
2 82 72
2 82 96
2 82 125
2 83 25
2 83 46
2 83 64
2 83 70
2 83 88
2 83 103
2 83 124
2 83 127
2 83 135
2 84 8
2 84 16
2 84 21
2 84 22
2 84 31
2 84 38
2 84 55
2 84 59
2 84 60
2 84 66
2 84 70
2 84 93
2 84 94
2 84 111
2 84 120
2 84 122
2 84 129
2 84 132
2 85 4
2 85 13
2 85 15
2 85 17
2 85 22
2 85 33
2 85 36
2 85 48
2 85 64
2 85 68
2 85 71
2 85 76
2 85 83
2 85 90
2 85 106
2 85 122
2 85 136
2 86 2
2 86 22
2 86 27
2 86 39
2 86 44
2 86 45
2 86 51
2 86 54
2 86 73
2 86 91
2 86 96
2 86 122
2 86 124
2 86 127
2 87 3
2 87 7
2 87 12
2 87 14
2 87 24
2 87 28
2 87 52
2 87 55
2 87 62
2 87 64
2 87 69
2 87 70
2 87 85
2 87 87
2 87 101
2 87 113
2 87 119
2 87 121
2 87 128
2 88 1
2 88 14
2 88 35
2 88 41
2 88 50
2 88 53
2 88 61
2 88 62
2 88 66
2 88 67
2 88 68
2 88 76
2 88 88
2 88 89
2 88 104
2 88 119
2 88 134
2 88 136
2 88 138
2 89 5
2 89 28
2 89 30
2 89 35
2 89 44
2 89 46
2 89 49
2 89 53
2 89 72
2 89 80
2 89 120
2 90 20
2 90 46
2 90 47
2 90 61
2 90 72
2 90 79
2 90 84
2 90 100
2 90 107
2 90 113
2 90 120
2 91 20
2 91 24
2 91 40
2 91 51
2 91 69
2 91 71
2 91 94
2 91 106
2 91 125
2 92 8
2 92 9
2 92 25
2 92 51
2 92 58
2 92 85
2 92 86
2 92 120
2 93 5
2 93 7
2 93 21
2 93 27
2 93 31
2 93 45
2 93 53
2 93 57
2 93 108
2 93 118
2 93 130
2 94 0
2 94 6
2 94 36
2 94 44
2 94 45
2 94 47
2 94 57
2 94 65
2 94 97
2 94 100
2 94 102
2 94 108
2 94 123
2 94 124
2 95 0
2 95 49
2 95 59
2 95 61
2 95 76
2 95 86
2 95 99
2 95 121
2 95 130
2 95 134
2 96 0
2 96 8
2 96 33
2 96 50
2 96 55
2 96 61
2 96 79
2 96 95
2 96 113
2 96 135
2 97 11
2 97 35
2 97 45
2 97 64
2 97 74
2 97 75
2 97 78
2 97 115
2 97 117
2 97 122
2 97 124
2 97 135
2 97 138
2 98 5
2 98 9
2 98 13
2 98 20
2 98 29
2 98 33
2 98 34
2 98 46
2 98 81
2 98 101
2 98 117
2 98 129
2 99 13
2 99 24
2 99 25
2 99 29
2 99 33
2 99 35
2 99 36
2 99 37
2 99 44
2 99 53
2 99 72
2 99 96
2 99 97
2 99 105
2 99 106
2 100 1
2 100 18
2 100 23
2 100 25
2 100 31
2 100 37
2 100 43
2 100 78
2 100 94
2 100 110
2 100 111
2 100 114
2 100 115
2 100 116
2 100 121
2 100 125
2 101 6
2 101 10
2 101 25
2 101 49
2 101 68
2 101 75
2 101 76
2 101 93
2 101 94
2 101 110
2 101 131
2 101 133
2 101 135
2 102 13
2 102 23
2 102 40
2 102 43
2 102 49
2 102 68
2 102 73
2 102 79
2 102 110
2 102 113
2 102 124
2 103 3
2 103 13
2 103 23
2 103 27
2 103 35
2 103 52
2 103 57
2 103 61
2 103 63
2 103 66
2 103 77
2 103 84
2 103 99
2 103 114
2 103 120
2 103 135
2 104 2
2 104 35
2 104 71
2 104 78
2 104 83
2 104 96
2 104 106
2 104 110
2 104 120
2 104 126
2 104 129
2 104 131
2 105 0
2 105 4
2 105 12
2 105 13
2 105 17
2 105 24
2 105 28
2 105 32
2 105 37
2 105 50
2 105 56
2 105 59
2 105 64
2 105 94
2 105 117
2 105 139
2 106 0
2 106 13
2 106 25
2 106 30
2 106 36
2 106 51
2 106 70
2 106 80
2 106 81
2 106 108
2 106 120
2 107 24
2 107 44
2 107 48
2 107 55
2 107 57
2 107 67
2 107 70
2 107 76
2 107 87
2 107 107
2 107 108
2 107 113
2 107 127
2 107 129
2 107 136
2 108 8
2 108 15
2 108 18
2 108 19
2 108 39
2 108 45
2 108 48
2 108 78
2 108 85
2 108 122
2 108 125
2 108 128
3 0 0
3 0 9
3 0 19
3 0 47
3 0 48
3 0 80
3 0 82
3 1 13
3 1 28
3 1 77
3 1 90
3 2 3
3 2 30
3 2 46
3 2 69
3 2 73
3 2 76
3 2 85
3 3 3
3 3 7
3 3 13
3 3 15
3 3 19
3 3 22
3 3 34
3 3 47
3 3 68
3 4 1
3 4 54
3 4 56
3 4 60
3 4 65
3 4 69
3 4 72
3 4 79
3 4 85
3 4 86
3 4 87
3 4 95
3 5 27
3 5 35
3 5 43
3 5 47
3 5 54
3 5 59
3 5 70
3 5 79
3 5 88
3 5 92
3 5 93
3 6 2
3 6 12
3 6 28
3 6 32
3 6 35
3 6 40
3 6 59
3 7 2
3 7 13
3 7 21
3 7 40
3 7 54
3 7 61
3 7 64
3 7 69
3 7 75
3 8 29
3 8 30
3 8 57
3 8 62
3 8 75
3 8 85
3 8 91
3 9 33
3 9 34
3 9 55
3 9 58
3 9 72
3 9 80
3 9 89
3 10 5
3 10 10
3 10 12
3 10 31
3 10 57
3 10 66
3 10 72
3 11 8
3 11 9
3 11 15
3 11 21
3 11 24
3 11 41
3 11 63
3 11 96
3 12 26
3 12 28
3 12 29
3 12 50
3 12 65
3 12 74
3 12 92
3 12 94
3 13 8
3 13 28
3 13 48
3 13 49
3 13 61
3 13 67
3 13 68
3 13 78
3 14 8
3 14 12
3 14 16
3 14 26
3 14 28
3 14 37
3 14 40
3 14 46
3 14 58
3 14 65
3 14 68
3 14 70
3 14 71
3 14 76
3 14 92
3 15 10
3 15 12
3 15 19
3 15 22
3 15 48
3 15 77
3 15 78
3 15 94
3 16 9
3 16 14
3 16 17
3 16 23
3 16 29
3 16 30
3 16 36
3 16 43
3 16 44
3 16 45
3 16 46
3 16 64
3 16 69
3 16 79
3 16 83
3 16 91
3 16 93
3 17 12
3 17 24
3 17 53
3 17 56
3 18 11
3 18 17
3 18 21
3 18 28
3 18 32
3 18 37
3 18 53
3 18 95
3 19 28
3 19 34
3 19 47
3 19 48
3 19 50
3 19 60
3 19 68
3 20 21
3 20 54
3 20 57
3 20 59
3 20 82
3 20 83
3 20 90
3 21 1
3 21 30
3 21 46
3 21 51
3 21 59
3 21 85
3 21 88
3 21 90
3 21 93
3 22 18
3 22 23
3 22 30
3 22 50
3 22 56
3 22 59
3 22 75
3 22 95
3 23 24
3 23 35
3 23 43
3 23 54
3 23 55
3 23 67
3 23 79
3 23 80
3 24 3
3 24 16
3 24 27
3 24 35
3 24 55
3 24 58
3 24 67
3 24 78
3 24 89
3 25 0
3 25 22
3 25 31
3 25 43
3 25 53
3 25 70
3 25 73
3 25 83
3 25 84
3 26 7
3 26 25
3 26 32
3 26 45
3 26 58
3 26 67
3 26 70
3 26 81
3 26 85
3 26 90
3 27 25
3 27 30
3 27 31
3 27 41
3 27 54
3 27 76
3 27 83
3 27 88
3 27 89
3 27 96
3 28 15
3 28 32
3 28 34
3 28 47
3 28 48
3 28 56
3 28 59
3 28 82
3 28 86
3 28 88
3 28 94
3 29 33
3 29 38
3 29 52
3 29 60
3 29 64
3 29 66
3 29 74
3 30 16
3 30 33
3 30 37
3 30 41
3 30 47
3 30 68
3 30 93
3 30 95
3 31 0
3 31 8
3 31 24
3 31 39
3 31 40
3 31 42
3 31 49
3 31 82
3 31 90
3 31 92
3 32 21
3 32 35
3 32 46
3 32 48
3 32 50
3 32 51
3 32 59
3 32 62
3 32 72
3 33 16
3 33 25
3 33 45
3 33 51
3 33 52
3 33 66
3 33 92
3 34 8
3 34 11
3 34 32
3 34 37
3 34 57
3 34 58
3 34 83
3 35 24
3 35 34
3 35 35
3 35 74
3 36 18
3 36 24
3 36 30
3 36 38
3 36 40
3 36 61
3 36 80
3 37 26
3 37 32
3 37 38
3 37 51
3 37 58
3 37 69
3 37 75
3 37 88
3 37 96
3 38 23
3 38 27
3 38 29
3 38 38
3 38 40
3 38 52
3 38 54
3 38 76
3 38 77
3 39 17
3 39 32
3 39 48
3 39 78
3 40 9
3 40 27
3 40 49
3 40 56
3 40 79
3 41 2
3 41 27
3 41 32
3 41 37
3 41 40
3 41 46
3 41 60
3 41 61
3 41 67
3 41 68
3 41 79
3 41 80
3 41 85
3 42 8
3 42 19
3 42 31
3 42 37
3 42 42
3 42 62
3 42 70
3 42 81
3 43 13
3 43 17
3 43 22
3 43 33
3 43 39
3 43 53
3 43 71
3 43 75
3 43 81
3 43 92
3 43 93
3 44 6
3 44 32
3 44 46
3 44 51
3 44 64
3 44 65
3 44 75
3 44 79
3 44 81
3 45 1
3 45 17
3 45 19
3 45 45
3 46 2
3 46 12
3 46 14
3 46 20
3 46 22
3 46 26
3 46 42
3 46 50
3 46 68
3 46 74
3 46 77
3 47 3
3 47 11
3 47 31
3 47 41
3 47 66
3 47 68
3 47 81
3 47 85
3 47 89
3 47 95
3 48 2
3 48 3
3 48 21
3 48 24
3 48 63
3 48 72
3 49 4
3 49 14
3 49 16
3 49 37
3 49 44
3 49 45
3 49 47
3 49 52
3 49 70
3 49 73
3 49 91
3 49 93
3 50 20
3 50 40
3 50 67
3 50 73
3 50 74
3 50 81
3 50 87
3 51 3
3 51 8
3 51 22
3 51 32
3 51 33
3 51 38
3 51 41
3 51 42
3 51 49
3 51 56
3 51 57
3 51 70
3 51 90
3 52 28
3 52 30
3 52 50
3 52 53
3 52 57
3 52 79
3 53 25
3 53 27
3 53 34
3 53 48
3 53 54
3 53 57
3 53 65
3 53 69
3 53 75
3 53 86
3 53 91
3 53 96
3 54 0
3 54 32
3 54 49
3 54 65
3 54 86
3 55 0
3 55 2
3 55 12
3 55 22
3 55 30
3 55 37
3 55 45
3 55 72
3 55 85
3 55 91
3 55 92
3 55 95
3 56 1
3 56 4
3 56 6
3 56 61
3 56 69
3 56 76
3 57 11
3 57 28
3 57 40
3 57 51
3 57 56
3 57 65
3 57 79
3 57 83
3 57 91
3 57 94
3 57 96
3 58 4
3 58 18
3 58 33
3 58 37
3 58 54
3 58 59
3 58 68
3 58 76
3 59 16
3 59 21
3 59 26
3 59 33
3 59 34
3 59 43
3 59 60
3 59 75
3 59 77
3 59 79
3 59 88
3 59 89
3 59 94
3 60 11
3 60 27
3 60 31
3 60 33
3 60 56
3 60 77
3 61 4
3 61 21
3 61 40
3 61 84
3 61 87
3 61 93
3 62 1
3 62 6
3 62 10
3 62 29
3 62 39
3 62 50
3 62 60
3 62 74
3 62 75
3 63 5
3 63 9
3 63 36
3 63 53
3 63 54
3 63 64
3 63 73
3 63 74
3 63 75
3 63 83
3 64 6
3 64 28
3 64 43
3 64 44
3 64 50
3 64 61
3 64 66
3 64 76
3 64 90
3 65 4
3 65 9
3 65 18
3 65 25
3 65 35
3 65 57
3 65 58
3 65 60
3 65 79
3 65 80
3 65 85
3 65 86
3 65 96
3 66 0
3 66 6
3 66 23
3 66 32
3 66 35
3 66 61
3 66 73
3 66 76
3 66 84
3 66 85
3 67 13
3 67 47
3 67 48
3 67 64
3 67 79
3 67 82
3 67 87
3 67 91
3 68 6
3 68 28
3 68 60
3 68 61
3 68 90
3 69 3
3 69 4
3 69 10
3 69 21
3 69 36
3 69 48
3 69 57
3 69 74
3 69 91
3 70 7
3 70 10
3 70 25
3 70 28
3 70 29
3 70 36
3 70 37
3 70 80
3 70 83
3 70 86
3 70 87
3 70 90
3 71 4
3 71 5
3 71 14
3 71 21
3 71 30
3 71 40
3 71 59
3 72 0
3 72 7
3 72 36
3 72 50
3 72 55
3 72 57
3 72 67
3 72 69
3 72 71
3 73 16
3 73 30
3 73 32
3 73 34
3 73 44
3 73 58
3 73 61
3 73 82
3 73 90
3 74 0
3 74 16
3 74 29
3 74 33
3 74 38
3 74 41
3 74 60
3 74 77
3 74 89
3 75 17
3 75 24
3 75 26
3 75 38
3 75 51
3 75 69
3 76 1
3 76 16
3 76 36
3 76 67
3 77 24
3 77 50
3 77 61
3 77 66
3 77 70
3 77 84
3 78 0
3 78 12
3 78 28
3 78 42
3 78 43
3 78 51
3 78 53
3 78 62
3 78 80
3 78 83
3 79 20
3 79 28
3 79 51
3 79 68
3 79 71
3 79 91
3 80 9
3 80 12
3 80 14
3 80 19
3 80 34
3 80 52
3 80 78
3 80 80
3 80 88
3 81 1
3 81 11
3 81 17
3 81 28
3 81 30
3 81 34
3 81 37
3 81 41
3 81 45
3 81 54
3 81 57
3 81 60
3 81 73
3 82 14
3 82 37
3 82 42
3 82 60
3 83 10
3 83 36
3 83 37
3 83 51
3 83 78
3 83 85
3 84 18
3 84 21
3 84 24
3 84 37
3 84 40
3 84 47
3 84 59
3 84 72
3 84 73
3 84 86
3 85 3
3 85 10
3 85 42
3 85 47
3 85 59
3 85 64
3 85 68
3 86 17
3 86 45
3 86 56
3 86 58
3 87 1
3 87 2
3 87 7
3 87 15
3 87 21
3 87 22
3 87 26
3 87 57
3 87 62
3 87 66
3 87 75
3 87 80
3 87 87
3 88 7
3 88 14
3 88 29
3 88 32
3 88 36
3 88 42
3 88 44
3 88 51
3 88 75
3 88 79
3 88 93
3 89 1
3 89 22
3 89 24
3 89 29
3 89 38
3 89 49
3 89 53
3 89 57
3 89 78
3 89 82
3 90 11
3 90 25
3 90 32
3 90 38
3 90 52
3 90 68
3 90 73
3 90 80
3 90 81
3 90 93
3 91 10
3 91 59
3 92 7
3 92 19
3 92 28
3 92 47
3 92 66
3 92 68
3 92 75
3 93 0
3 93 9
3 93 16
3 93 18
3 93 73
3 93 85
3 93 92
3 94 23
3 94 35
3 95 14
3 95 43
3 95 55
3 95 61
3 95 63
3 95 77
3 96 9
3 96 41
3 96 58
3 96 65
3 96 83
3 96 88
3 96 96
3 97 7
3 97 25
3 97 26
3 97 40
3 97 50
3 97 71
3 98 7
3 98 11
3 98 29
3 98 48
3 98 54
3 98 94
3 99 35
3 99 37
3 99 43
3 99 46
3 99 79
3 100 12
3 100 14
3 100 18
3 100 23
3 100 31
3 100 34
3 100 45
3 100 49
3 100 82
3 100 88
3 100 91
3 100 95
3 101 9
3 101 18
3 101 35
3 101 79
3 102 7
3 102 11
3 102 13
3 102 16
3 102 35
3 102 57
3 102 71
3 102 76
3 102 78
3 103 1
3 103 5
3 103 9
3 103 13
3 103 22
3 103 37
3 103 55
3 103 66
3 103 68
3 103 70
3 103 87
3 103 89
3 104 13
3 104 15
3 104 26
3 104 28
3 104 41
3 104 43
3 104 51
3 104 55
3 104 65
3 104 71
3 104 92
3 105 2
3 105 18
3 105 37
3 105 50
3 105 77
3 105 78
3 105 79
3 105 80
3 105 81
3 105 92
3 106 8
3 106 16
3 106 20
3 106 43
3 106 64
3 106 93
3 107 6
3 107 32
3 107 59
3 107 63
3 107 75
3 107 84
3 107 96
3 108 0
3 108 6
3 108 10
3 108 46
3 108 65
3 108 81
3 108 85
3 109 16
3 109 20
3 109 32
3 109 60
3 109 74
3 109 80
3 110 2
3 110 15
3 110 20
3 110 23
3 110 34
3 110 36
3 110 49
3 110 63
3 110 90
3 111 29
3 111 31
3 111 50
3 111 53
3 111 55
3 111 62
3 111 66
3 111 74
3 111 86
3 111 91
3 112 0
3 112 2
3 112 6
3 112 9
3 112 29
3 112 52
3 112 67
3 112 74
3 112 81
3 113 2
3 113 6
3 113 16
3 113 38
3 113 46
3 113 52
3 113 65
3 113 87
3 113 95
3 114 11
3 114 35
3 114 50
3 114 64
3 114 75
3 114 89
3 115 12
3 115 15
3 115 16
3 115 17
3 115 35
3 115 63
3 115 66
3 115 67
3 115 83
3 116 0
3 116 15
3 116 39
3 116 51
3 116 54
3 116 71
3 116 83
3 116 87
3 116 92
3 116 93
3 116 94
3 117 1
3 117 19
3 117 44
3 117 52
3 117 86
3 117 96
3 118 24
3 118 25
3 118 29
3 118 47
3 119 1
3 119 35
3 119 37
3 120 8
3 120 37
3 120 38
3 120 44
3 120 49
3 120 63
3 120 70
3 120 73
3 120 75
3 120 87
3 120 93
3 121 24
3 121 43
3 121 50
3 121 53
3 121 56
3 121 63
3 121 80
3 121 82
3 122 29
3 122 30
3 122 42
3 122 43
3 122 63
3 122 71
3 122 86
3 123 14
3 123 26
3 123 42
3 123 44
3 123 50
3 123 67
3 123 74
3 123 75
3 123 84
3 124 11
3 124 16
3 124 30
3 124 38
3 124 59
3 124 79
3 125 10
3 125 13
3 125 17
3 125 22
3 125 29
3 125 35
3 125 42
3 125 62
3 125 84
3 126 4
3 126 14
3 126 17
3 126 19
3 126 36
3 126 40
3 126 42
3 126 45
3 126 51
3 126 58
3 126 62
3 126 85
3 126 89
3 126 96
3 127 4
3 127 8
3 127 25
3 127 42
3 127 44
3 127 45
3 127 60
3 127 70
3 127 79
3 127 89
3 128 33
3 128 41
3 128 78
3 128 92
3 128 95
3 129 0
3 129 9
3 129 14
3 129 21
3 129 39
3 129 46
3 129 47
3 129 71
3 129 81
3 130 19
3 130 53
3 130 54
3 130 62
3 130 74
3 130 80
3 130 90
3 130 92
3 131 8
3 131 41
3 131 60
3 131 73
3 132 1
3 132 9
3 132 16
3 132 19
3 132 21
3 132 28
3 132 30
3 132 35
3 132 54
3 132 63
3 132 72
3 132 81
3 133 3
3 133 6
3 133 9
3 133 10
3 133 37
3 133 40
3 133 57
3 133 70
3 133 72
3 134 8
3 134 9
3 134 15
3 134 33
3 134 34
3 134 41
3 134 43
3 134 45
3 134 46
3 134 60
3 134 69
3 134 80
3 134 81
3 134 82
3 134 84
3 134 85
3 134 90
3 134 94
3 135 14
3 135 16
3 135 17
3 135 28
3 135 42
3 135 54
3 135 55
3 135 56
3 135 70
3 135 71
3 135 72
3 135 83
3 136 12
3 136 20
3 136 53
3 136 61
3 136 63
3 136 71
3 136 73
3 136 91
3 137 1
3 137 12
3 137 13
3 137 39
3 137 45
3 137 63
3 137 68
3 137 70
3 137 88
3 137 90
3 138 0
3 138 8
3 138 44
3 138 55
3 138 59
3 138 83
3 138 89
3 138 95
3 139 11
3 139 12
3 139 47
3 139 64
3 139 75
3 139 76
3 139 82