2386
5
123 111 128 126 112
4525

0 909 0 0 264 0 0 0 0 0 0 0 662 904 0 441 0 820 0 279 201 0 361 550 0 0 360 0 92 0 0 0 0 5 84 0 0 0 0 0 0 51 11 0 0 25 86 12 10 0 1 0 4 31 0 0 75 32 83 87 63 68 33 0 34 67 63 63 18 57 79 0 52 0 10 0 23 29 49 37 0 61 0 0 0 55 0 0 0 0 0 36 90 0 16 0 0 21 0 0 0 0 97 35 47 0 85 91 100 0 10 13 0 0 76 29 0 97 22 17 98 37 12
429 0 287 950 0 0 0 572 0 908 806 0 0 0 0 926 240 452 0 622 516 0 798 788 0 0 0 0 0 60 5 0 74 78 0 30 0 0 4 95 0 69 0 0 0 34 99 0 16 70 0 0 0 0 0 63 19 24 0 0 92 58 79 0 0 0 81 95 73 0 0 0 0 0 39 0 94 47 11 0 0 0 0 20 0 0 15 58 85 37 94 54 0 0 0 0 0 94 48 8 92 82 15 0 0 94 0 26 41 77 0
538 0 86 0 913 0 0 129 0 140 0 935 0 356 0 85 461 471 0 274 0 791 645 0 936 226 0 0 685 0 399 0 0 41 0 0 58 0 0 10 0 0 0 0 79 73 0 24 0 0 46 68 0 0 0 0 0 79 0 0 61 0 99 42 71 50 0 0 26 36 0 0 52 0 0 0 94 3 0 24 0 0 8 33 8 0 0 0 20 0 0 5 0 0 2 0 0 0 0 66 82 82 0 38 0 32 0 52 3 67 100 90 1 38 0 47 0 4 0 0 0 74 46 0 46 95 29 45
240 743 0 0 608 0 0 248 0 0 0 364 0 0 0 72 283 704 0 0 0 0 384 0 361 0 0 0 0 243 31 0 58 0 0 0 0 29 3 0 0 41 0 0 0 12 11 10 16 77 3 0 30 0 41 0 0 88 0 62 0 80 36 0 0 69 0 86 54 0 0 13 0 72 0 66 1 0 73 18 39 0 0 84 0 0 45 47 0 21 58 37 0 90 7 0 0 0 99 70 54 0 0 0 24 0 68 0 45 54 0 31 0 22 0 0 92 84 45 36 6 76 96 0 0 0
0 0 0 0 0 84 75 0 724 0 0 860 0 56 0 0 679 567 0 612 702 67 0 85 849 0 0 0 492 0 75 30 98 0 66 0 80 0 0 0 0 65 82 0 71 0 38 0 0 59 0 53 34 0 0 0 0 0 45 17 0 0 94 96 64 89 48 76 70 0 0 0 0 0 7 17 57 0 0 30 16 27 0 0 52 0 0 56 23 41 72 0 0 73 28 47 72 0 40 13 0 0 31 71 53 64 0 0 0 55 81 0

0 0 5
0 0 23
0 0 24
0 0 32
0 0 54
0 0 93
0 0 103
0 1 17
0 1 42
0 1 78
0 1 79
0 1 82
0 1 87
0 1 102
0 1 104
0 2 11
0 2 13
0 2 19
0 2 29
0 2 54
0 2 104
0 3 0
0 3 14
0 3 23
0 3 29
0 3 36
0 3 53
0 3 55
0 3 65
0 3 72
0 3 91
0 3 95
0 3 109
0 4 12
0 4 17
0 4 23
0 4 27
0 4 45
0 4 59
0 4 78
0 4 98
0 4 106
0 4 107
0 5 12
0 5 55
0 5 64
0 5 65
0 5 73
0 5 77
0 5 87
0 5 98
0 6 26
0 6 33
0 6 47
0 6 73
0 6 100
0 7 4
0 7 6
0 7 39
0 7 68
0 7 90
0 7 103
0 8 8
0 8 25
0 8 60
0 8 81
0 9 6
0 9 23
0 9 62
0 9 63
0 9 69
0 9 95
0 9 96
0 9 98
0 10 2
0 10 17
0 10 29
0 10 46
0 10 60
0 10 105
0 11 6
0 11 10
0 11 16
0 11 44
0 11 47
0 11 53
0 11 79
0 11 82
0 11 92
0 12 10
0 12 29
0 12 53
0 12 54
0 12 57
0 12 72
0 12 97
0 13 18
0 13 36
0 13 52
0 13 66
0 13 74
0 13 80
0 13 85
0 13 86
0 13 108
0 14 16
0 14 27
0 14 39
0 14 45
0 14 54
0 14 60
0 14 69
0 14 86
0 14 106
0 15 8
0 15 42
0 15 45
0 15 46
0 15 48
0 15 66
0 15 69
0 15 73
0 15 87
0 15 93
0 15 99
0 15 108
0 16 4
0 16 7
0 16 22
0 16 37
0 16 48
0 16 96
0 17 0
0 17 15
0 17 47
0 17 101
0 18 20
0 18 28
0 18 35
0 18 39
0 18 49
0 18 54
0 18 57
0 18 79
0 18 86
0 18 105
0 19 5
0 19 23
0 19 42
0 19 48
0 19 95
0 19 100
0 19 102
0 20 24
0 20 34
0 20 41
0 20 76
0 20 80
0 20 90
0 20 101
0 21 32
0 21 47
0 21 53
0 21 54
0 21 55
0 21 67
0 21 93
0 21 106
0 21 108
0 22 1
0 22 8
0 22 11
0 22 29
0 22 40
0 22 57
0 22 65
0 22 67
0 23 40
0 23 47
0 23 59
0 23 65
0 23 67
0 23 97
0 24 12
0 24 17
0 24 20
0 24 22
0 24 36
0 24 42
0 24 45
0 24 46
0 24 50
0 24 60
0 24 65
0 24 72
0 24 88
0 24 94
0 25 13
0 25 22
0 25 28
0 25 47
0 25 49
0 25 54
0 25 74
0 25 84
0 25 91
0 25 99
0 25 108
0 25 110
0 26 2
0 26 38
0 26 45
0 26 53
0 26 54
0 26 62
0 26 68
0 26 83
0 26 90
0 27 1
0 27 3
0 27 24
0 27 28
0 27 38
0 27 48
0 27 70
0 27 72
0 27 75
0 27 76
0 27 84
0 27 86
0 27 105
0 28 6
0 28 40
0 28 48
0 28 80
0 28 83
0 28 88
0 28 96
0 29 8
0 29 11
0 29 13
0 29 30
0 29 41
0 29 50
0 29 53
0 29 67
0 29 70
0 29 87
0 29 92
0 29 95
0 29 106
0 30 13
0 30 20
0 30 35
0 30 62
0 30 87
0 30 103
0 31 88
0 31 105
0 31 109
0 32 8
0 32 17
0 32 31
0 32 36
0 32 55
0 32 56
0 32 68
0 32 70
0 32 74
0 32 77
0 32 79
0 32 80
0 33 61
0 33 70
0 33 75
0 33 90
0 33 98
0 34 7
0 34 10
0 34 14
0 34 20
0 34 53
0 34 56
0 34 93
0 35 0
0 35 10
0 35 14
0 35 15
0 35 41
0 35 55
0 35 65
0 35 84
0 36 4
0 36 34
0 36 44
0 36 93
0 37 15
0 37 29
0 37 49
0 37 66
0 37 68
0 37 77
0 37 83
0 37 103
0 38 13
0 38 27
0 38 36
0 38 43
0 38 45
0 38 65
0 39 0
0 39 12
0 39 21
0 39 52
0 39 57
0 39 76
0 39 78
0 39 79
0 39 91
0 40 13
0 40 23
0 40 62
0 40 63
0 40 94
0 41 6
0 41 16
0 41 24
0 41 29
0 41 51
0 41 54
0 41 61
0 41 70
0 41 80
0 41 89
0 42 18
0 42 51
0 42 59
0 42 61
0 42 68
0 42 77
0 42 79
0 43 28
0 43 35
0 43 37
0 43 69
0 43 98
0 44 9
0 44 16
0 44 24
0 44 33
0 44 38
0 44 42
0 44 45
0 44 46
0 44 49
0 44 56
0 44 61
0 44 62
0 44 74
0 44 76
0 44 84
0 44 89
0 44 106
0 45 19
0 45 22
0 45 24
0 45 26
0 45 41
0 45 47
0 45 49
0 45 52
0 45 59
0 45 65
0 45 77
0 45 85
0 46 26
0 46 37
0 46 45
0 46 80
0 46 83
0 46 89
0 46 92
0 46 97
0 46 102
0 47 31
0 47 54
0 47 61
0 47 63
0 47 66
0 47 70
0 47 74
0 47 95
0 47 107
0 48 18
0 48 24
0 48 25
0 48 26
0 48 33
0 48 42
0 48 66
0 48 68
0 48 72
0 48 79
0 48 92
0 49 27
0 49 31
0 49 42
0 49 57
0 49 65
0 49 79
0 49 83
0 49 85
0 49 100
0 49 105
0 49 107
0 50 7
0 50 12
0 50 21
0 50 48
0 50 49
0 50 73
0 50 74
0 50 100
0 51 11
0 51 17
0 51 19
0 51 36
0 51 42
0 51 44
0 51 45
0 51 56
0 51 60
0 51 62
0 51 87
0 51 106
0 51 108
0 52 8
0 52 35
0 52 40
0 52 64
0 52 82
0 52 94
0 53 5
0 53 15
0 53 45
0 53 51
0 53 53
0 53 58
0 53 60
0 53 63
0 53 67
0 53 68
0 53 75
0 53 79
0 53 92
0 54 11
0 54 41
0 54 44
0 54 69
0 54 77
0 54 79
0 54 87
0 55 2
0 55 14
0 55 18
0 55 48
0 55 54
0 55 60
0 55 64
0 55 93
0 56 14
0 56 16
0 56 47
0 56 54
0 56 57
0 56 65
0 56 76
0 56 104
0 57 10
0 57 15
0 57 37
0 57 43
0 57 48
0 57 51
0 57 65
0 57 77
0 57 84
0 57 86
0 57 102
0 58 36
0 58 44
0 58 51
0 58 53
0 58 54
0 58 61
0 58 101
0 58 106
0 59 6
0 59 9
0 59 18
0 59 20
0 59 30
0 59 37
0 59 45
0 59 48
0 59 93
0 59 108
0 60 8
0 60 10
0 60 14
0 60 22
0 60 26
0 60 31
0 60 40
0 60 46
0 60 50
0 60 51
0 60 53
0 60 55
0 60 58
0 60 84
0 60 89
0 60 100
0 60 101
0 61 3
0 61 43
0 61 64
0 61 69
0 61 75
0 61 81
0 61 91
0 62 13
0 62 32
0 62 55
0 62 95
0 62 99
0 62 106
0 63 3
0 63 6
0 63 26
0 63 45
0 63 60
0 63 61
0 63 85
0 63 97
0 64 59
0 64 64
0 64 78
0 64 104
0 64 105
0 65 25
0 65 30
0 65 39
0 65 40
0 65 47
0 65 52
0 65 62
0 65 65
0 65 68
0 65 69
0 65 73
0 65 82
0 65 105
0 66 23
0 66 30
0 66 40
0 66 59
0 66 69
0 67 12
0 67 33
0 67 45
0 67 60
0 67 86
0 68 31
0 68 34
0 68 38
0 68 43
0 68 53
0 68 57
0 68 86
0 68 89
0 68 102
0 69 12
0 69 14
0 69 32
0 69 34
0 69 40
0 69 80
0 69 106
0 70 6
0 70 21
0 70 22
0 70 24
0 70 28
0 70 30
0 70 42
0 70 56
0 70 59
0 70 68
0 70 71
0 70 72
0 70 80
0 70 92
0 70 95
0 70 108
0 71 12
0 71 17
0 71 39
0 71 45
0 71 59
0 71 71
0 71 80
0 72 10
0 72 34
0 72 48
0 72 51
0 72 71
0 72 87
0 72 90
0 73 13
0 73 31
0 73 66
0 73 69
0 73 76
0 73 91
0 73 95
0 73 96
0 73 97
0 73 103
0 74 9
0 74 13
0 74 16
0 74 20
0 74 29
0 74 35
0 74 50
0 74 60
0 74 104
0 75 2
0 75 5
0 75 12
0 75 25
0 75 26
0 75 29
0 75 49
0 75 66
0 75 73
0 75 77
0 75 81
0 75 83
0 75 96
0 75 97
0 76 9
0 76 45
0 76 53
0 76 54
0 76 86
0 77 3
0 77 24
0 77 30
0 77 45
0 77 50
0 77 58
0 77 74
0 77 81
0 77 92
0 77 103
0 77 104
0 78 7
0 78 8
0 78 18
0 78 26
0 78 29
0 78 59
0 78 83
0 78 88
0 78 89
0 78 91
0 79 27
0 79 52
0 79 61
0 79 80
0 79 93
0 80 1
0 80 5
0 80 12
0 80 13
0 80 27
0 80 33
0 80 48
0 80 49
0 80 52
0 80 65
0 80 82
0 80 85
0 80 95
0 80 99
0 81 2
0 81 17
0 81 70
0 81 76
0 81 77
0 81 79
0 81 91
0 81 107
0 82 2
0 82 6
0 82 7
0 82 29
0 82 32
0 82 47
0 82 60
0 82 71
0 82 92
0 82 94
0 83 1
0 83 30
0 83 33
0 83 36
0 83 44
0 83 50
0 83 76
0 83 87
0 83 103
0 84 1
0 84 2
0 84 24
0 84 27
0 84 28
0 84 31
0 84 41
0 84 66
0 84 90
0 84 101
0 84 102
0 84 109
0 85 61
0 85 62
0 85 76
0 85 91
0 85 105
0 86 17
0 86 25
0 86 32
0 86 49
0 86 56
0 86 58
0 86 87
0 86 89
0 86 90
0 86 104
0 86 106
0 87 5
0 87 18
0 87 25
0 87 34
0 87 43
0 87 63
0 87 74
0 87 87
0 87 92
0 87 101
0 88 9
0 88 41
0 88 59
0 88 62
0 88 70
0 88 86
0 88 97
0 88 98
0 89 23
0 89 37
0 89 39
0 89 43
0 89 47
0 89 51
0 89 53
0 89 76
0 89 86
0 89 104
0 90 4
0 90 14
0 90 23
0 90 66
0 90 88
0 90 91
0 90 93
0 90 106
0 91 13
0 91 73
0 91 78
0 91 89
0 91 105
0 92 7
0 92 10
0 92 11
0 92 15
0 92 23
0 92 25
0 92 39
0 92 43
0 92 44
0 92 57
0 92 68
0 92 72
0 92 97
0 93 1
0 93 4
0 93 11
0 93 21
0 93 29
0 93 38
0 93 61
0 93 68
0 93 90
0 93 104
0 93 105
0 93 110
0 94 15
0 94 29
0 94 34
0 94 39
0 94 45
0 94 51
0 94 64
0 94 72
0 94 76
0 94 92
0 94 100
0 95 3
0 95 7
0 95 9
0 95 17
0 95 24
0 95 49
0 95 65
0 95 70
0 95 79
0 95 89
0 95 97
0 95 98
0 96 3
0 96 46
0 96 49
0 96 50
0 96 104
0 97 15
0 97 49
0 97 55
0 97 81
0 97 83
0 97 93
0 97 94
0 97 98
0 97 101
0 97 109
0 98 22
0 98 35
0 98 36
0 98 45
0 98 48
0 98 54
0 98 56
0 98 80
0 98 92
0 99 16
0 99 28
0 99 31
0 99 34
0 99 57
0 99 82
0 99 86
0 99 90
0 99 101
0 100 11
0 100 52
0 100 57
0 100 62
0 100 66
0 100 70
0 100 81
0 100 89
0 100 94
0 101 10
0 101 17
0 101 18
0 101 22
0 101 25
0 101 36
0 101 39
0 101 50
0 101 94
0 102 12
0 102 38
0 102 51
0 102 61
0 102 71
0 102 101
0 102 104
0 103 17
0 103 21
0 103 43
0 103 62
0 103 99
0 103 106
0 103 110
0 104 0
0 104 8
0 104 11
0 104 29
0 104 33
0 104 37
0 104 58
0 104 88
0 104 96
0 104 100
0 104 104
0 105 1
0 105 6
0 105 13
0 105 31
0 105 68
0 105 83
0 105 86
0 105 87
0 105 89
0 105 92
0 106 0
0 106 4
0 106 17
0 106 37
0 106 50
0 106 61
0 106 70
0 106 82
0 106 91
0 107 2
0 107 12
0 107 39
0 107 49
0 107 62
0 107 71
0 107 87
0 107 88
0 108 11
0 108 22
0 108 33
0 108 67
0 108 82
0 108 83
0 108 105
0 109 3
0 109 7
0 109 39
0 109 52
0 109 57
0 109 60
0 109 62
0 109 89
0 109 100
0 110 17
0 110 22
0 110 30
0 110 32
0 110 34
0 110 41
0 110 45
0 110 53
0 110 61
0 110 62
0 110 70
0 110 83
0 110 87
0 110 91
0 110 95
0 110 107
0 110 109
0 111 15
0 111 24
0 111 36
0 111 47
0 111 59
0 111 63
0 111 79
0 111 81
0 111 85
0 111 92
0 111 104
0 112 16
0 112 46
0 112 83
0 112 88
0 112 97
0 112 102
0 113 3
0 113 16
0 113 62
0 113 65
0 113 69
0 113 79
0 113 81
0 113 108
0 114 13
0 114 21
0 114 29
0 114 36
0 114 55
0 114 83
0 114 86
0 114 107
0 115 15
0 115 66
0 115 84
0 115 102
0 115 106
0 116 17
0 116 20
0 116 22
0 116 28
0 116 36
0 116 38
0 116 59
0 116 82
0 116 91
0 116 93
0 116 95
0 117 15
0 117 17
0 117 35
0 117 49
0 117 105
0 118 13
0 118 19
0 118 39
0 118 51
0 118 57
0 118 86
0 118 90
0 119 3
0 119 6
0 119 18
0 119 27
0 119 30
0 119 41
0 119 68
0 119 72
0 120 21
0 120 43
0 120 47
0 120 57
0 120 70
0 120 85
0 120 89
0 120 91
0 121 25
0 121 28
0 121 36
0 121 48
0 121 55
0 121 65
0 121 88
0 121 104
0 122 46
0 122 56
0 122 59
0 122 66
0 122 73
0 122 96
0 122 98
1 0 4
1 0 8
1 0 31
1 0 71
1 0 73
1 0 95
1 0 101
1 0 105
1 0 113
1 0 114
1 0 116
1 0 122
1 0 124
1 1 64
1 1 71
1 1 74
1 1 78
1 1 86
1 1 94
1 1 115
1 2 10
1 2 29
1 2 41
1 2 71
1 2 76
1 2 83
1 3 11
1 3 16
1 3 44
1 3 50
1 3 78
1 3 94
1 3 98
1 3 113
1 4 14
1 4 17
1 4 18
1 4 26
1 4 48
1 4 49
1 4 55
1 4 59
1 4 66
1 4 78
1 4 88
1 4 94
1 4 95
1 4 96
1 4 100
1 4 115
1 4 123
1 4 124
1 5 4
1 5 47
1 5 68
1 5 79
1 5 95
1 5 99
1 5 109
1 5 110
1 5 115
1 6 4
1 6 18
1 6 24
1 6 49
1 6 68
1 6 83
1 6 84
1 6 100
1 6 109
1 6 123
1 7 6
1 7 15
1 7 28
1 7 42
1 7 56
1 7 58
1 7 61
1 7 77
1 7 78
1 7 99
1 7 113
1 8 41
1 8 54
1 8 59
1 8 98
1 8 105
1 9 12
1 9 20
1 9 44
1 9 52
1 9 61
1 9 63
1 9 77
1 9 80
1 9 90
1 9 115
1 10 37
1 10 46
1 10 56
1 10 58
1 10 62
1 10 83
1 10 90
1 10 103
1 10 111
1 11 3
1 11 5
1 11 30
1 11 31
1 11 55
1 11 56
1 11 64
1 11 72
1 11 73
1 11 75
1 11 97
1 11 101
1 11 108
1 11 111
1 11 121
1 11 125
1 12 2
1 12 18
1 12 20
1 12 27
1 12 28
1 12 57
1 12 63
1 12 73
1 12 92
1 12 104
1 13 17
1 13 19
1 13 57
1 13 80
1 13 84
1 13 94
1 14 4
1 14 5
1 14 25
1 14 28
1 14 56
1 14 61
1 14 91
1 14 95
1 14 108
1 14 112
1 14 120
1 14 125
1 15 12
1 15 34
1 15 58
1 15 64
1 15 83
1 16 9
1 16 21
1 16 56
1 16 63
1 16 66
1 16 69
1 16 72
1 16 112
1 17 8
1 17 15
1 17 17
1 17 61
1 17 94
1 17 101
1 18 0
1 18 27
1 18 42
1 18 57
1 18 60
1 18 61
1 18 75
1 18 97
1 18 126
1 18 127
1 19 7
1 19 8
1 19 14
1 19 42
1 19 56
1 19 59
1 19 78
1 19 83
1 19 95
1 19 97
1 19 114
1 19 118
1 19 119
1 19 125
1 20 8
1 20 19
1 20 21
1 20 24
1 20 38
1 20 75
1 20 93
1 20 105
1 20 108
1 20 111
1 21 5
1 21 14
1 21 30
1 21 31
1 21 45
1 21 56
1 21 60
1 21 84
1 21 106
1 21 112
1 22 42
1 22 57
1 22 60
1 22 65
1 22 74
1 22 80
1 22 83
1 22 104
1 22 106
1 22 113
1 23 13
1 23 31
1 23 37
1 23 41
1 23 42
1 23 54
1 23 68
1 23 88
1 23 109
1 24 21
1 24 45
1 24 63
1 24 76
1 24 77
1 24 94
1 24 98
1 24 111
1 24 123
1 25 6
1 25 22
1 25 23
1 25 28
1 25 38
1 25 45
1 25 60
1 25 75
1 25 99
1 25 115
1 25 121
1 26 0
1 26 3
1 26 8
1 26 44
1 26 74
1 26 91
1 26 97
1 26 102
1 26 103
1 26 108
1 26 111
1 27 3
1 27 4
1 27 14
1 27 23
1 27 45
1 27 60
1 27 64
1 27 84
1 27 95
1 27 97
1 28 1
1 28 17
1 28 28
1 28 46
1 28 49
1 28 53
1 28 54
1 28 80
1 28 87
1 28 89
1 28 112
1 28 117
1 28 118
1 28 124
1 29 4
1 29 17
1 29 39
1 29 40
1 29 42
1 29 48
1 29 85
1 29 121
1 30 8
1 30 25
1 30 54
1 30 58
1 30 65
1 30 69
1 30 72
1 30 88
1 30 90
1 30 110
1 30 117
1 31 3
1 31 9
1 31 15
1 31 28
1 31 40
1 31 44
1 31 48
1 31 49
1 31 59
1 31 61
1 31 66
1 31 68
1 31 103
1 31 120
1 31 122
1 31 124
1 32 19
1 32 20
1 32 24
1 32 38
1 32 54
1 32 56
1 32 59
1 32 89
1 32 91
1 32 93
1 32 96
1 32 114
1 32 124
1 33 8
1 33 19
1 33 59
1 33 72
1 33 91
1 33 115
1 33 116
1 33 117
1 33 123
1 33 127
1 34 5
1 34 18
1 34 30
1 34 35
1 34 40
1 34 47
1 34 83
1 34 84
1 34 111
1 34 120
1 35 8
1 35 17
1 35 21
1 35 38
1 35 48
1 35 63
1 35 65
1 35 83
1 35 86
1 35 113
1 36 15
1 36 41
1 36 70
1 36 82
1 36 93
1 36 106
1 37 19
1 37 76
1 37 96
1 37 98
1 37 115
1 38 18
1 38 57
1 38 63
1 38 65
1 38 85
1 38 87
1 38 97
1 38 122
1 39 34
1 39 43
1 39 54
1 39 59
1 39 64
1 39 73
1 39 76
1 39 90
1 39 111
1 39 116
1 39 118
1 40 10
1 40 14
1 40 15
1 40 17
1 40 24
1 40 29
1 40 35
1 40 47
1 40 68
1 40 75
1 40 81
1 40 87
1 40 89
1 40 97
1 40 121
1 41 3
1 41 8
1 41 12
1 41 24
1 41 34
1 41 37
1 41 44
1 41 46
1 41 54
1 41 79
1 41 89
1 41 109
1 41 121
1 41 127
1 42 2
1 42 55
1 42 65
1 42 86
1 42 87
1 42 100
1 42 101
1 42 103
1 42 113
1 42 117
1 42 121
1 42 122
1 43 0
1 43 11
1 43 29
1 43 31
1 43 49
1 43 73
1 43 82
1 43 90
1 43 118
1 43 124
1 44 0
1 44 3
1 44 13
1 44 19
1 44 33
1 44 40
1 44 52
1 44 56
1 44 63
1 44 64
1 44 78
1 44 93
1 44 99
1 44 107
1 44 123
1 45 13
1 45 18
1 45 22
1 45 33
1 45 40
1 45 56
1 45 98
1 45 99
1 45 101
1 45 105
1 45 121
1 46 4
1 46 11
1 46 17
1 46 21
1 46 36
1 46 43
1 46 47
1 46 49
1 46 76
1 46 84
1 46 102
1 47 3
1 47 5
1 47 19
1 47 47
1 47 48
1 47 56
1 47 62
1 47 65
1 47 67
1 47 72
1 47 79
1 47 96
1 47 108
1 47 113
1 47 119
1 47 126
1 48 14
1 48 32
1 48 46
1 48 47
1 48 124
1 49 7
1 49 8
1 49 30
1 49 42
1 49 50
1 49 80
1 49 81
1 49 84
1 49 89
1 49 92
1 49 95
1 49 105
1 49 111
1 50 0
1 50 19
1 50 31
1 50 69
1 50 72
1 50 77
1 50 87
1 50 88
1 51 1
1 51 6
1 51 7
1 51 18
1 51 23
1 51 37
1 51 55
1 51 58
1 51 74
1 51 88
1 51 90
1 51 93
1 51 103
1 51 109
1 52 10
1 52 21
1 52 37
1 52 48
1 52 52
1 52 53
1 52 66
1 52 87
1 52 115
1 52 121
1 52 122
1 53 3
1 53 42
1 53 51
1 53 57
1 53 63
1 53 77
1 53 84
1 53 86
1 53 97
1 53 98
1 53 102
1 53 103
1 53 108
1 54 10
1 54 15
1 54 16
1 54 18
1 54 21
1 54 40
1 54 93
1 54 95
1 54 101
1 55 8
1 55 9
1 55 20
1 55 28
1 55 31
1 55 56
1 55 75
1 55 78
1 55 94
1 55 107
1 55 115
1 55 117
1 55 120
1 56 17
1 56 37
1 56 60
1 56 64
1 56 89
1 56 96
1 56 112
1 56 115
1 56 125
1 57 6
1 57 21
1 57 66
1 57 73
1 57 78
1 57 86
1 57 93
1 57 110
1 58 40
1 58 41
1 58 65
1 58 67
1 58 83
1 58 97
1 58 111
1 58 112
1 58 126
1 59 4
1 59 27
1 59 30
1 59 31
1 59 47
1 59 51
1 59 58
1 59 74
1 59 83
1 59 93
1 59 121
1 59 125
1 60 28
1 60 29
1 60 42
1 60 113
1 60 117
1 61 15
1 61 16
1 61 22
1 61 52
1 61 63
1 61 64
1 61 121
1 61 124
1 61 125
1 62 4
1 62 11
1 62 25
1 62 34
1 62 37
1 62 41
1 62 44
1 62 64
1 62 79
1 62 98
1 62 120
1 62 125
1 63 2
1 63 4
1 63 12
1 63 34
1 63 52
1 63 68
1 63 74
1 63 75
1 63 79
1 63 89
1 63 98
1 63 107
1 63 116
1 64 2
1 64 25
1 64 42
1 64 49
1 64 66
1 64 76
1 64 96
1 64 108
1 64 111
1 65 1
1 65 16
1 65 18
1 65 24
1 65 63
1 65 70
1 65 72
1 65 84
1 65 112
1 65 115
1 65 120
1 66 1
1 66 8
1 66 10
1 66 13
1 66 48
1 66 50
1 66 61
1 66 71
1 66 89
1 66 106
1 66 118
1 67 9
1 67 14
1 67 42
1 67 44
1 67 46
1 67 57
1 67 62
1 67 122
1 68 11
1 68 13
1 68 28
1 68 44
1 68 49
1 68 57
1 68 65
1 68 81
1 68 103
1 69 0
1 69 37
1 69 48
1 69 59
1 69 73
1 69 75
1 69 77
1 69 93
1 69 99
1 69 121
1 69 126
1 70 19
1 70 52
1 70 59
1 70 66
1 70 73
1 70 77
1 70 80
1 70 105
1 70 112
1 70 124
1 71 2
1 71 5
1 71 13
1 71 14
1 71 20
1 71 27
1 71 52
1 71 114
1 72 9
1 72 30
1 72 63
1 72 66
1 72 72
1 72 90
1 72 113
1 72 125
1 73 12
1 73 38
1 73 63
1 74 12
1 74 18
1 74 19
1 74 53
1 74 56
1 74 59
1 74 72
1 74 84
1 74 87
1 74 110
1 75 1
1 75 35
1 75 37
1 75 48
1 75 63
1 75 85
1 75 97
1 75 110
1 75 114
1 76 10
1 76 19
1 76 41
1 76 43
1 76 45
1 76 51
1 76 54
1 76 60
1 76 67
1 76 95
1 76 106
1 76 118
1 76 123
1 77 6
1 77 17
1 77 21
1 77 34
1 77 39
1 77 48
1 77 83
1 77 108
1 78 7
1 78 28
1 78 39
1 78 41
1 78 62
1 78 74
1 78 81
1 78 86
1 78 106
1 78 107
1 78 114
1 78 115
1 79 88
1 79 116
1 80 1
1 80 4
1 80 11
1 80 14
1 80 18
1 80 22
1 80 55
1 80 62
1 80 65
1 80 71
1 81 2
1 81 12
1 81 15
1 81 19
1 81 25
1 81 36
1 81 46
1 81 62
1 81 78
1 81 81
1 82 21
1 82 31
1 82 34
1 82 59
1 82 61
1 82 63
1 82 79
1 82 103
1 82 108
1 82 111
1 83 1
1 83 35
1 83 84
1 83 100
1 83 102
1 83 103
1 83 122
1 84 2
1 84 3
1 84 9
1 84 57
1 84 65
1 84 71
1 84 73
1 84 81
1 84 83
1 84 86
1 84 89
1 84 94
1 84 123
1 84 124
1 85 13
1 85 24
1 85 58
1 85 60
1 85 86
1 85 103
1 85 106
1 85 111
1 85 119
1 86 34
1 86 44
1 86 45
1 86 47
1 86 48
1 86 61
1 86 66
1 86 75
1 86 84
1 86 93
1 86 111
1 86 124
1 87 4
1 87 10
1 87 21
1 87 30
1 87 44
1 87 65
1 87 80
1 87 89
1 87 93
1 87 112
1 87 124
1 88 7
1 88 13
1 88 32
1 88 59
1 88 61
1 88 65
1 88 86
1 88 94
1 88 97
1 88 99
1 88 108
1 88 111
1 88 123
1 89 7
1 89 18
1 89 44
1 89 50
1 89 57
1 89 64
1 89 67
1 89 89
1 89 103
1 89 106
1 89 114
1 90 0
1 90 1
1 90 9
1 90 35
1 90 48
1 90 51
1 90 57
1 90 59
1 90 66
1 90 79
1 90 123
1 91 7
1 91 8
1 91 33
1 91 47
1 91 53
1 91 56
1 91 66
1 91 70
1 91 105
1 91 106
1 91 107
1 92 15
1 92 16
1 92 17
1 92 76
1 92 118
1 92 122
1 93 9
1 93 11
1 93 21
1 93 23
1 93 27
1 93 60
1 93 100
1 93 118
1 94 2
1 94 3
1 94 5
1 94 6
1 94 20
1 94 35
1 94 45
1 94 57
1 94 63
1 94 77
1 94 93
1 94 100
1 94 107
1 95 1
1 95 10
1 95 12
1 95 25
1 95 26
1 95 31
1 95 70
1 95 84
1 95 89
1 96 5
1 96 7
1 96 12
1 96 16
1 96 20
1 96 76
1 96 83
1 96 97
1 96 120
1 96 125
1 97 4
1 97 21
1 97 63
1 97 78
1 97 80
1 97 82
1 97 112
1 98 25
1 98 42
1 98 57
1 98 97
1 98 103
1 98 116
1 98 121
1 99 21
1 99 30
1 99 39
1 99 56
1 99 89
1 99 98
1 99 100
1 99 101
1 99 105
1 99 106
1 100 15
1 100 56
1 100 61
1 100 81
1 100 114
1 100 118
1 100 127
1 101 10
1 101 14
1 101 15
1 101 21
1 101 46
1 101 84
1 101 96
1 101 108
1 101 114
1 101 120
1 102 21
1 102 32
1 102 46
1 102 51
1 102 57
1 102 72
1 103 0
1 103 24
1 103 29
1 103 32
1 103 61
1 103 66
1 103 68
1 103 73
1 103 95
1 103 103
1 103 127
1 104 16
1 104 20
1 104 34
1 104 39
1 104 79
1 104 86
1 104 98
1 105 9
1 105 78
1 105 82
1 105 86
1 105 87
1 105 88
1 105 99
1 105 106
1 105 120
1 106 37
1 106 41
1 106 44
1 106 55
1 106 76
1 106 78
1 106 79
1 106 85
1 106 102
1 106 104
1 106 106
1 107 8
1 107 22
1 107 27
1 107 45
1 107 59
1 107 83
1 107 87
1 107 90
1 107 95
1 107 108
1 107 115
1 108 10
1 108 12
1 108 17
1 108 25
1 108 29
1 108 60
1 108 79
1 108 116
1 108 118
1 108 121
1 109 12
1 109 16
1 109 19
1 109 29
1 109 56
1 109 58
1 109 60
1 109 67
1 109 76
1 109 108
1 109 114
1 110 4
1 110 20
1 110 28
1 110 38
1 110 42
1 110 44
1 110 104
2 0 10
2 0 15
2 0 18
2 0 32
2 0 33
2 0 35
2 0 36
2 0 49
2 0 68
2 0 83
2 0 91
2 0 94
2 0 109
2 0 124
2 1 9
2 1 10
2 1 35
2 1 42
2 1 65
2 1 73
2 1 79
2 1 82
2 1 85
2 1 102
2 1 108
2 1 110
2 1 112
2 1 116
2 2 2
2 2 11
2 2 19
2 2 25
2 2 51
2 2 71
2 2 93
2 2 105
2 2 107
2 2 124
2 3 29
2 3 38
2 3 57
2 3 70
2 3 79
2 3 125
2 4 8
2 4 20
2 4 22
2 4 44
2 4 60
2 4 77
2 4 84
2 4 97
2 4 114
2 5 28
2 5 30
2 5 47
2 5 52
2 5 62
2 5 89
2 5 94
2 5 105
2 5 106
2 5 112
2 5 114
2 6 22
2 6 38
2 6 76
2 6 83
2 6 84
2 6 97
2 6 116
2 6 118
2 7 47
2 7 48
2 7 64
2 7 71
2 7 94
2 7 99
2 7 120
2 7 125
2 8 2
2 8 15
2 8 17
2 8 55
2 8 95
2 8 99
2 8 106
2 8 108
2 8 114
2 8 125
2 9 0
2 9 8
2 9 11
2 9 17
2 9 28
2 9 29
2 9 38
2 9 77
2 9 108
2 9 121
2 10 6
2 10 31
2 10 48
2 10 54
2 10 69
2 10 91
2 10 115
2 10 123
2 11 1
2 11 4
2 11 7
2 11 18
2 11 23
2 11 29
2 11 48
2 11 73
2 11 75
2 11 81
2 11 116
2 12 20
2 12 22
2 12 23
2 12 28
2 12 29
2 12 33
2 12 43
2 12 48
2 12 62
2 12 75
2 12 94
2 12 103
2 12 114
2 12 122
2 13 11
2 13 59
2 13 117
2 13 122
2 14 3
2 14 4
2 14 21
2 14 25
2 14 33
2 14 63
2 14 66
2 14 83
2 14 100
2 14 104
2 14 115
2 15 2
2 15 11
2 15 25
2 15 31
2 15 33
2 15 36
2 15 87
2 15 90
2 15 91
2 15 94
2 15 95
2 15 121
2 16 7
2 16 13
2 16 23
2 16 33
2 16 65
2 16 81
2 16 84
2 16 95
2 16 98
2 16 100
2 16 117
2 17 1
2 17 3
2 17 11
2 17 14
2 17 32
2 17 50
2 17 57
2 17 58
2 17 74
2 17 92
2 17 108
2 17 111
2 17 116
2 17 123
2 18 22
2 18 40
2 18 68
2 18 97
2 18 112
2 18 115
2 19 9
2 19 26
2 19 49
2 19 85
2 19 97
2 19 98
2 19 116
2 19 120
2 20 51
2 20 63
2 20 94
2 20 104
2 20 108
2 21 30
2 21 47
2 21 51
2 21 86
2 21 101
2 22 8
2 22 21
2 22 26
2 22 40
2 22 58
2 22 70
2 22 92
2 22 94
2 22 108
2 22 113
2 22 125
2 23 2
2 23 3
2 23 5
2 23 15
2 23 16
2 23 22
2 23 31
2 23 42
2 23 56
2 23 59
2 23 78
2 23 100
2 23 101
2 23 111
2 24 16
2 24 29
2 24 41
2 24 57
2 24 59
2 24 84
2 24 113
2 24 116
2 24 119
2 25 4
2 25 14
2 25 16
2 25 33
2 25 44
2 25 49
2 25 85
2 25 118
2 25 121
2 25 123
2 26 41
2 26 48
2 26 61
2 26 64
2 26 79
2 26 97
2 27 5
2 27 43
2 27 47
2 27 52
2 27 54
2 27 57
2 27 58
2 27 78
2 27 79
2 27 90
2 27 110
2 27 111
2 28 3
2 28 10
2 28 22
2 28 26
2 28 53
2 28 56
2 28 63
2 28 65
2 28 70
2 28 75
2 28 83
2 28 84
2 28 102
2 29 27
2 29 57
2 29 68
2 29 77
2 29 89
2 29 110
2 29 113
2 29 115
2 30 15
2 30 32
2 30 46
2 30 49
2 30 74
2 30 93
2 30 103
2 30 107
2 31 55
2 31 79
2 31 82
2 31 91
2 31 123
2 32 6
2 32 21
2 32 34
2 32 45
2 32 65
2 32 89
2 32 94
2 32 96
2 32 97
2 32 98
2 33 6
2 33 7
2 33 10
2 33 32
2 33 34
2 33 60
2 33 61
2 33 72
2 33 77
2 33 83
2 33 102
2 33 118
2 33 120
2 34 30
2 34 40
2 34 42
2 34 61
2 34 68
2 34 73
2 34 80
2 34 91
2 34 94
2 34 95
2 34 101
2 34 113
2 34 115
2 34 117
2 35 4
2 35 10
2 35 33
2 35 45
2 35 70
2 35 75
2 35 92
2 35 95
2 35 98
2 35 110
2 35 124
2 36 21
2 36 26
2 36 67
2 36 75
2 36 116
2 36 120
2 37 5
2 37 19
2 37 54
2 37 86
2 37 106
2 37 119
2 37 125
2 38 7
2 38 39
2 38 48
2 38 58
2 38 63
2 38 67
2 38 70
2 38 73
2 38 85
2 38 100
2 38 103
2 38 114
2 38 121
2 39 5
2 39 15
2 39 20
2 39 21
2 39 42
2 39 45
2 39 77
2 39 84
2 39 89
2 39 98
2 39 99
2 40 38
2 40 71
2 40 90
2 40 92
2 40 95
2 40 106
2 40 114
2 41 13
2 41 15
2 41 25
2 41 26
2 41 29
2 41 38
2 41 43
2 41 60
2 41 61
2 41 66
2 41 78
2 41 87
2 41 98
2 41 121
2 42 1
2 42 18
2 42 55
2 42 75
2 42 89
2 42 98
2 42 111
2 42 124
2 43 3
2 43 50
2 43 64
2 43 117
2 44 0
2 44 5
2 44 8
2 44 9
2 44 10
2 44 11
2 44 20
2 44 25
2 44 56
2 44 59
2 44 65
2 44 87
2 44 89
2 44 99
2 44 104
2 44 109
2 44 113
2 45 12
2 45 15
2 45 18
2 45 36
2 45 64
2 45 106
2 45 117
2 46 10
2 46 24
2 46 52
2 46 67
2 46 76
2 46 78
2 46 80
2 46 85
2 47 3
2 47 18
2 47 34
2 47 37
2 47 70
2 47 91
2 47 92
2 47 94
2 47 112
2 47 121
2 47 123
2 48 7
2 48 38
2 48 50
2 48 64
2 48 76
2 48 87
2 48 101
2 48 111
2 48 112
2 49 3
2 49 33
2 49 38
2 49 46
2 49 64
2 49 91
2 49 94
2 49 110
2 50 1
2 50 12
2 50 15
2 50 23
2 50 26
2 50 85
2 50 87
2 50 119
2 50 122
2 51 20
2 51 48
2 51 61
2 51 83
2 51 104
2 52 6
2 52 9
2 52 33
2 52 48
2 52 53
2 52 56
2 52 87
2 52 103
2 52 113
2 52 118
2 53 28
2 53 32
2 53 45
2 53 80
2 53 86
2 54 14
2 54 18
2 54 20
2 54 27
2 54 46
2 54 54
2 54 68
2 54 70
2 54 72
2 54 75
2 54 97
2 54 102
2 54 110
2 54 123
2 54 125
2 55 0
2 55 16
2 55 22
2 55 42
2 55 58
2 55 75
2 55 77
2 55 78
2 55 82
2 55 94
2 55 105
2 56 0
2 56 1
2 56 9
2 56 11
2 56 20
2 56 24
2 56 25
2 56 31
2 56 39
2 56 45
2 56 46
2 56 58
2 56 72
2 56 83
2 56 110
2 56 121
2 57 0
2 57 5
2 57 13
2 57 15
2 57 19
2 57 31
2 57 81
2 57 84
2 57 85
2 57 92
2 57 102
2 57 117
2 57 118
2 58 9
2 58 12
2 58 16
2 58 17
2 58 39
2 58 73
2 58 74
2 58 86
2 59 1
2 59 13
2 59 37
2 59 49
2 59 70
2 59 76
2 59 77
2 59 86
2 59 96
2 59 104
2 59 122
2 60 66
2 60 69
2 60 72
2 60 80
2 60 82
2 60 84
2 60 114
2 60 122
2 61 8
2 61 27
2 61 31
2 61 39
2 61 54
2 61 60
2 61 69
2 61 95
2 62 14
2 62 24
2 62 43
2 63 1
2 63 11
2 63 14
2 63 16
2 63 48
2 63 54
2 63 70
2 63 83
2 64 4
2 64 14
2 64 65
2 64 74
2 64 75
2 64 78
2 64 82
2 64 96
2 64 111
2 64 119
2 64 123
2 65 4
2 65 15
2 65 24
2 65 28
2 65 33
2 65 79
2 65 89
2 65 90
2 65 122
2 66 5
2 66 56
2 66 60
2 66 71
2 66 75
2 66 80
2 66 84
2 66 99
2 66 119
2 66 122
2 66 125
2 67 11
2 67 14
2 67 18
2 67 39
2 67 60
2 67 78
2 67 87
2 67 106
2 67 111
2 68 5
2 68 27
2 68 28
2 68 33
2 68 48
2 68 54
2 68 59
2 68 61
2 68 68
2 68 74
2 68 78
2 68 108
2 68 111
2 69 10
2 69 33
2 69 75
2 69 82
2 69 92
2 69 95
2 69 101
2 69 115
2 69 122
2 70 0
2 70 20
2 70 24
2 70 29
2 70 50
2 70 110
2 70 118
2 71 0
2 71 15
2 71 25
2 71 48
2 71 56
2 71 85
2 71 98
2 71 100
2 71 101
2 71 109
2 71 118
2 71 122
2 72 2
2 72 6
2 72 7
2 72 10
2 72 16
2 72 17
2 72 21
2 72 32
2 72 33
2 72 45
2 72 58
2 72 62
2 72 64
2 72 72
2 72 78
2 72 102
2 72 107
2 73 5
2 73 37
2 73 42
2 73 56
2 73 85
2 73 113
2 73 120
2 73 123
2 74 0
2 74 11
2 74 40
2 74 41
2 74 78
2 75 4
2 75 16
2 75 21
2 75 27
2 75 31
2 75 33
2 75 41
2 75 55
2 75 67
2 75 105
2 76 2
2 76 19
2 76 30
2 76 39
2 76 45
2 76 71
2 76 74
2 76 81
2 76 111
2 77 8
2 77 15
2 77 21
2 77 38
2 77 50
2 77 58
2 77 65
2 77 67
2 77 106
2 77 120
2 78 9
2 78 20
2 78 25
2 78 42
2 78 43
2 78 51
2 78 59
2 78 73
2 78 75
2 78 82
2 78 84
2 78 89
2 78 97
2 78 101
2 78 108
2 78 112
2 78 114
2 79 27
2 79 47
2 79 49
2 79 68
2 79 72
2 79 75
2 79 83
2 79 88
2 79 92
2 80 8
2 80 14
2 80 36
2 80 46
2 80 47
2 80 65
2 80 70
2 80 71
2 80 77
2 80 78
2 80 89
2 80 101
2 81 7
2 81 19
2 81 20
2 81 30
2 81 42
2 81 54
2 81 55
2 81 71
2 81 88
2 81 94
2 81 102
2 81 104
2 81 111
2 82 12
2 82 15
2 82 56
2 82 73
2 82 75
2 82 85
2 82 91
2 82 116
2 82 119
2 83 2
2 83 5
2 83 20
2 83 32
2 83 35
2 83 36
2 83 40
2 83 69
2 83 80
2 83 99
2 83 104
2 83 105
2 83 106
2 83 119
2 84 0
2 84 2
2 84 9
2 84 33
2 84 39
2 84 55
2 84 60
2 84 71
2 84 74
2 84 75
2 84 97
2 84 123
2 85 1
2 85 11
2 85 35
2 85 37
2 85 55
2 85 103
2 86 2
2 86 16
2 86 22
2 86 34
2 86 40
2 86 55
2 86 62
2 86 67
2 86 75
2 86 77
2 86 91
2 86 96
2 86 111
2 86 113
2 87 7
2 87 9
2 87 26
2 87 28
2 87 33
2 87 36
2 87 42
2 87 61
2 87 62
2 87 63
2 87 76
2 87 77
2 87 97
2 87 100
2 87 104
2 87 107
2 87 111
2 87 117
2 88 30
2 88 56
2 88 73
2 88 78
2 88 79
2 88 82
2 88 84
2 88 88
2 88 92
2 88 107
2 88 110
2 88 125
2 89 6
2 89 10
2 89 14
2 89 16
2 89 20
2 89 31
2 89 32
2 89 64
2 89 93
2 89 99
2 89 115
2 89 117
2 90 27
2 90 38
2 90 40
2 90 43
2 90 49
2 90 76
2 90 86
2 90 89
2 90 93
2 90 111
2 90 125
2 91 26
2 91 27
2 91 44
2 91 101
2 92 1
2 92 3
2 92 14
2 92 20
2 92 23
2 92 35
2 92 49
2 92 59
2 92 66
2 92 77
2 92 98
2 92 100
2 92 104
2 92 117
2 93 10
2 93 11
2 93 16
2 93 23
2 93 33
2 93 48
2 93 88
2 93 110
2 93 115
2 94 1
2 94 6
2 94 41
2 94 53
2 94 56
2 94 90
2 94 91
2 94 108
2 94 118
2 95 7
2 95 11
2 95 31
2 95 53
2 95 56
2 95 58
2 95 74
2 95 90
2 95 92
2 95 95
2 95 103
2 95 111
2 95 114
2 95 119
2 96 8
2 96 29
2 96 37
2 96 39
2 96 63
2 96 89
2 96 93
2 96 108
2 96 111
2 96 115
2 97 3
2 97 10
2 97 29
2 97 32
2 97 49
2 97 81
2 97 83
2 97 111
2 97 117
2 97 122
2 98 0
2 98 7
2 98 33
2 98 35
2 98 39
2 98 103
2 98 112
2 99 17
2 99 39
2 99 44
2 99 62
2 99 69
2 99 83
2 99 113
2 99 119
2 100 1
2 100 14
2 100 39
2 100 45
2 100 51
2 100 60
2 100 88
2 100 89
2 100 96
2 100 107
2 100 118
2 100 120
2 100 123
2 101 7
2 101 44
2 101 59
2 101 67
2 101 85
2 101 94
2 101 95
2 101 117
2 102 2
2 102 34
2 102 48
2 102 50
2 102 65
2 102 71
2 102 72
2 102 77
2 102 101
2 102 117
2 102 121
2 102 123
2 103 1
2 103 7
2 103 27
2 103 42
2 103 57
2 103 86
2 103 105
2 103 114
2 103 119
2 104 7
2 104 35
2 104 40
2 104 41
2 104 43
2 104 44
2 104 61
2 104 65
2 104 83
2 104 106
2 104 111
2 104 120
2 104 125
2 105 0
2 105 19
2 105 25
2 105 26
2 105 47
2 105 62
2 105 63
2 105 64
2 105 90
2 105 95
2 105 107
2 105 112
2 106 26
2 106 31
2 106 40
2 106 47
2 106 51
2 106 53
2 106 61
2 106 77
2 107 0
2 107 7
2 107 14
2 107 16
2 107 36
2 107 75
2 107 76
2 107 80
2 107 102
2 107 109
2 108 0
2 108 10
2 108 13
2 108 17
2 108 18
2 108 24
2 108 31
2 108 37
2 108 41
2 108 54
2 108 60
2 108 77
2 108 80
2 108 81
2 108 92
2 108 93
2 108 120
2 108 121
2 109 1
2 109 19
2 109 37
2 109 45
2 109 66
2 109 70
2 109 82
2 109 94
2 109 98
2 109 106
2 109 113
2 109 115
2 109 117
2 109 120
2 110 7
2 110 8
2 110 12
2 110 22
2 110 28
2 110 29
2 110 30
2 110 57
2 110 75
2 110 82
2 110 95
2 110 110
2 110 122
2 110 124
2 111 3
2 111 8
2 111 16
2 111 26
2 111 41
2 111 44
2 111 47
2 111 48
2 111 58
2 111 69
2 111 100
2 111 103
2 111 118
2 112 24
2 112 27
2 112 36
2 112 56
2 112 59
2 112 73
2 112 82
2 112 84
2 112 103
2 112 120
2 113 10
2 113 14
2 113 16
2 113 51
2 113 74
2 113 77
2 113 99
2 113 100
2 113 107
2 113 124
2 114 1
2 114 5
2 114 29
2 114 37
2 114 38
2 114 49
2 114 81
2 114 87
2 114 94
2 114 96
2 114 104
2 114 112
2 115 2
2 115 15
2 115 69
2 115 71
2 115 91
2 115 97
2 115 103
2 115 120
2 115 123
2 115 124
2 116 14
2 116 28
2 116 37
2 116 73
2 116 75
2 116 78
2 116 82
2 116 86
2 116 100
2 116 124
2 117 17
2 117 29
2 117 31
2 117 45
2 117 46
2 117 48
2 117 62
2 117 99
2 117 105
2 117 112
2 117 117
2 117 121
2 118 15
2 118 32
2 118 45
2 118 70
2 118 91
2 118 92
2 118 93
2 118 98
2 118 119
2 119 8
2 119 10
2 119 12
2 119 34
2 119 85
2 119 86
2 119 107
2 120 1
2 120 2
2 120 5
2 120 43
2 120 44
2 120 52
2 120 89
2 120 103
2 120 118
2 121 11
2 121 14
2 121 21
2 121 22
2 121 54
2 121 55
2 121 57
2 121 73
2 121 75
2 121 87
2 121 91
2 122 10
2 122 14
2 122 22
2 122 28
2 122 50
2 122 65
2 122 70
2 122 95
2 122 107
2 122 108
2 122 114
2 122 117
2 123 28
2 123 29
2 123 36
2 123 52
2 123 74
2 123 92
2 123 103
2 123 115
2 124 30
2 124 51
2 124 54
2 124 55
2 124 76
2 124 81
2 124 86
2 124 90
2 124 104
2 124 122
2 125 7
2 125 8
2 125 16
2 125 24
2 125 27
2 125 36
2 125 40
2 125 44
2 125 45
2 125 62
2 125 117
2 125 118
2 126 20
2 126 22
2 126 32
2 126 73
2 126 95
2 126 106
2 126 108
2 126 109
2 126 117
2 127 19
2 127 36
2 127 63
2 127 67
2 127 74
2 127 78
2 127 82
2 127 89
2 127 108
2 127 121
3 0 7
3 0 24
3 0 44
3 0 45
3 0 51
3 0 55
3 0 69
3 0 102
3 1 9
3 1 50
3 1 67
3 1 72
3 1 96
3 1 102
3 1 109
3 2 17
3 2 26
3 2 39
3 2 48
3 3 0
3 3 32
3 3 38
3 3 50
3 3 69
3 3 79
3 3 95
3 3 106
3 3 107
3 3 110
3 4 7
3 4 53
3 5 32
3 5 48
3 5 57
3 5 62
3 5 70
3 5 72
3 5 74
3 5 78
3 5 79
3 5 81
3 5 97
3 6 9
3 6 29
3 6 40
3 7 39
3 7 42
3 7 49
3 7 67
3 7 79
3 8 22
3 8 44
3 8 51
3 8 56
3 8 61
3 8 72
3 8 93
3 9 8
3 9 16
3 9 53
3 9 56
3 10 11
3 10 23
3 10 56
3 10 64
3 10 78
3 10 91
3 10 107
3 11 0
3 11 36
3 11 62
3 11 91
3 11 97
3 11 102
3 12 49
3 12 64
3 12 79
3 12 91
3 12 96
3 13 8
3 13 28
3 13 32
3 13 40
3 13 57
3 13 64
3 13 73
3 13 85
3 14 13
3 14 50
3 14 75
3 14 78
3 14 82
3 14 86
3 14 93
3 14 97
3 14 102
3 15 0
3 15 8
3 15 10
3 15 37
3 15 52
3 15 68
3 15 70
3 15 77
3 15 86
3 15 102
3 16 18
3 16 30
3 16 46
3 16 78
3 16 80
3 16 81
3 16 100
3 17 14
3 17 19
3 17 33
3 17 36
3 17 40
3 17 53
3 17 54
3 17 72
3 17 74
3 17 78
3 17 93
3 17 105
3 17 109
3 18 0
3 18 16
3 18 32
3 18 38
3 18 56
3 18 57
3 18 58
3 18 71
3 18 74
3 18 84
3 19 4
3 19 38
3 19 51
3 19 54
3 19 102
3 20 6
3 20 19
3 20 36
3 20 42
3 20 50
3 21 13
3 21 19
3 21 20
3 21 36
3 21 53
3 21 63
3 21 65
3 21 66
3 21 70
3 21 82
3 21 104
3 21 105
3 22 4
3 22 20
3 22 21
3 22 26
3 22 38
3 22 64
3 22 69
3 22 81
3 22 85
3 22 103
3 22 109
3 23 6
3 23 23
3 23 58
3 23 59
3 23 73
3 24 28
3 24 32
3 24 49
3 24 62
3 24 74
3 24 77
3 24 82
3 24 91
3 24 100
3 24 101
3 25 4
3 25 5
3 25 18
3 25 25
3 25 28
3 25 29
3 25 42
3 25 57
3 25 59
3 25 70
3 25 74
3 25 78
3 25 106
3 26 16
3 26 29
3 26 45
3 26 53
3 26 63
3 26 70
3 26 99
3 26 100
3 26 101
3 27 21
3 27 38
3 27 41
3 27 48
3 27 65
3 27 97
3 27 107
3 28 21
3 28 41
3 28 44
3 28 55
3 28 78
3 29 20
3 29 33
3 29 38
3 29 42
3 29 44
3 29 48
3 29 56
3 29 76
3 29 80
3 29 89
3 29 101
3 30 7
3 30 40
3 30 70
3 30 77
3 30 96
3 30 97
3 30 100
3 30 109
3 31 19
3 31 35
3 31 65
3 31 74
3 31 81
3 31 103
3 32 40
3 32 52
3 32 70
3 32 73
3 32 83
3 32 86
3 32 94
3 32 111
3 33 4
3 33 10
3 33 41
3 33 54
3 33 77
3 33 88
3 34 14
3 34 26
3 34 30
3 34 39
3 34 46
3 34 51
3 34 69
3 34 74
3 34 89
3 34 94
3 34 102
3 34 111
3 35 13
3 35 57
3 35 70
3 35 75
3 35 107
3 36 6
3 36 47
3 36 48
3 36 58
3 36 59
3 36 78
3 37 2
3 37 9
3 37 10
3 37 13
3 37 24
3 37 40
3 37 67
3 37 83
3 37 99
3 37 106
3 38 36
3 38 45
3 38 62
3 38 72
3 38 73
3 38 89
3 38 100
3 38 101
3 38 110
3 39 36
3 39 43
3 39 52
3 39 65
3 39 74
3 39 86
3 39 97
3 39 98
3 39 99
3 40 4
3 40 32
3 40 55
3 40 57
3 40 65
3 40 68
3 40 69
3 40 73
3 41 32
3 41 33
3 41 40
3 41 44
3 41 51
3 41 52
3 41 64
3 41 76
3 41 93
3 41 97
3 42 44
3 42 46
3 42 72
3 42 85
3 42 109
3 43 7
3 43 12
3 43 14
3 43 21
3 43 22
3 43 27
3 43 45
3 43 83
3 43 84
3 43 91
3 43 107
3 44 12
3 44 21
3 44 62
3 44 78
3 44 88
3 44 98
3 45 6
3 45 12
3 45 60
3 45 73
3 45 110
3 46 1
3 46 7
3 46 29
3 46 33
3 46 44
3 46 53
3 46 59
3 46 68
3 46 72
3 46 88
3 47 31
3 47 43
3 47 52
3 47 73
3 47 90
3 47 104
3 48 10
3 48 33
3 48 53
3 48 70
3 48 71
3 48 103
3 49 8
3 49 30
3 49 39
3 49 55
3 49 70
3 49 71
3 49 80
3 49 97
3 49 102
3 50 13
3 50 17
3 50 27
3 50 34
3 50 57
3 50 61
3 50 72
3 50 75
3 50 102
3 51 3
3 51 5
3 51 6
3 51 16
3 51 18
3 51 37
3 51 50
3 51 52
3 51 54
3 51 89
3 51 98
3 51 100
3 51 110
3 52 4
3 52 13
3 52 19
3 52 25
3 52 47
3 52 48
3 52 81
3 52 85
3 52 93
3 52 97
3 52 102
3 53 26
3 53 36
3 53 47
3 53 57
3 53 69
3 53 72
3 53 77
3 53 82
3 53 92
3 54 39
3 54 59
3 54 63
3 54 75
3 54 89
3 54 98
3 54 107
3 55 3
3 55 14
3 55 18
3 55 22
3 55 40
3 55 52
3 55 73
3 55 78
3 55 81
3 55 111
3 56 10
3 56 25
3 56 33
3 56 35
3 56 57
3 56 60
3 56 102
3 56 106
3 57 6
3 57 18
3 57 37
3 57 38
3 57 41
3 57 63
3 57 87
3 57 105
3 58 4
3 58 19
3 58 20
3 58 31
3 58 42
3 58 51
3 58 53
3 58 63
3 58 83
3 58 102
3 58 105
3 58 106
3 59 1
3 59 14
3 59 17
3 59 34
3 59 63
3 59 64
3 59 68
3 60 0
3 60 4
3 60 19
3 60 58
3 60 62
3 60 98
3 60 101
3 60 107
3 61 2
3 61 4
3 61 19
3 61 24
3 61 29
3 61 49
3 61 61
3 61 62
3 62 16
3 62 19
3 62 27
3 62 30
3 62 44
3 62 45
3 62 48
3 62 51
3 62 74
3 62 92
3 62 105
3 63 13
3 63 87
3 63 97
3 63 99
3 64 10
3 64 14
3 64 18
3 64 49
3 64 51
3 64 65
3 64 70
3 64 87
3 64 96
3 65 16
3 65 24
3 65 45
3 65 54
3 65 62
3 65 74
3 65 88
3 65 90
3 66 22
3 66 28
3 66 68
3 66 74
3 66 89
3 66 103
3 67 31
3 67 33
3 67 90
3 67 105
3 67 111
3 68 21
3 68 24
3 68 41
3 68 44
3 68 47
3 68 55
3 68 65
3 68 81
3 69 4
3 69 19
3 69 35
3 69 52
3 69 66
3 69 70
3 69 76
3 69 103
3 69 105
3 70 6
3 70 11
3 70 13
3 70 25
3 70 32
3 70 92
3 70 107
3 71 0
3 71 13
3 71 16
3 71 17
3 71 25
3 71 36
3 71 58
3 71 93
3 71 98
3 71 99
3 72 11
3 72 13
3 72 35
3 72 40
3 72 41
3 72 44
3 72 52
3 72 75
3 72 77
3 72 83
3 72 85
3 72 92
3 73 11
3 73 19
3 73 76
3 73 90
3 73 91
3 74 6
3 74 16
3 74 22
3 74 36
3 74 52
3 74 92
3 74 105
3 74 111
3 75 4
3 75 28
3 75 51
3 75 59
3 75 61
3 75 63
3 75 77
3 75 87
3 75 89
3 75 90
3 75 97
3 75 98
3 76 4
3 76 19
3 76 53
3 76 73
3 76 79
3 77 14
3 77 15
3 77 34
3 77 35
3 77 63
3 77 72
3 77 106
3 77 111
3 78 4
3 78 6
3 78 9
3 78 13
3 78 30
3 78 43
3 78 53
3 78 60
3 78 79
3 78 88
3 78 90
3 78 105
3 79 29
3 79 31
3 79 42
3 79 91
3 79 92
3 79 103
3 80 36
3 80 39
3 80 55
3 80 60
3 80 66
3 80 68
3 80 71
3 80 73
3 80 84
3 81 1
3 81 5
3 81 23
3 81 42
3 81 79
3 81 82
3 81 87
3 81 102
3 81 108
3 82 4
3 82 14
3 82 15
3 82 48
3 82 52
3 82 75
3 82 77
3 82 88
3 82 97
3 82 100
3 82 101
3 83 0
3 83 5
3 83 11
3 83 37
3 83 38
3 83 41
3 83 57
3 83 61
3 83 62
3 83 82
3 83 85
3 84 0
3 84 18
3 84 20
3 84 27
3 84 33
3 84 37
3 84 83
3 84 96
3 84 99
3 85 0
3 85 15
3 85 67
3 86 21
3 86 25
3 86 33
3 86 47
3 86 55
3 86 59
3 86 67
3 86 79
3 86 108
3 87 3
3 87 7
3 87 14
3 87 35
3 87 41
3 87 42
3 87 50
3 87 67
3 87 71
3 87 74
3 87 89
3 87 108
3 88 5
3 88 14
3 88 38
3 88 81
3 88 94
3 88 97
3 88 100
3 89 7
3 89 31
3 89 49
3 89 55
3 89 62
3 89 68
3 89 78
3 89 86
3 90 12
3 90 25
3 90 40
3 90 46
3 90 57
3 90 69
3 90 71
3 90 86
3 90 97
3 90 101
3 90 111
3 91 12
3 91 17
3 91 19
3 91 22
3 91 35
3 91 43
3 92 28
3 92 52
3 92 64
3 93 10
3 93 26
3 93 52
3 93 62
3 93 64
3 93 89
3 93 93
3 93 97
3 94 2
3 94 35
3 94 39
3 94 49
3 94 50
3 94 64
3 94 91
3 94 94
3 94 96
3 95 7
3 95 47
3 95 77
3 95 89
3 95 90
3 95 94
3 95 97
3 95 107
3 96 4
3 96 39
3 96 42
3 96 43
3 96 46
3 96 84
3 96 87
3 96 89
3 96 98
3 97 24
3 97 26
3 97 39
3 97 45
3 97 63
3 97 68
3 97 76
3 97 77
3 97 89
3 97 102
3 98 0
3 98 18
3 98 31
3 98 35
3 98 59
3 98 67
3 98 100
3 98 101
3 99 9
3 99 21
3 99 32
3 99 60
3 99 67
3 100 1
3 100 9
3 100 13
3 100 20
3 100 25
3 100 48
3 100 63
3 100 79
3 100 94
3 101 10
3 101 16
3 101 17
3 101 37
3 101 57
3 101 76
3 101 80
3 101 83
3 101 84
3 102 34
3 102 38
3 102 47
3 102 50
3 102 58
3 102 65
3 102 92
3 102 109
3 103 0
3 103 3
3 103 16
3 103 23
3 103 24
3 103 35
3 103 36
3 103 44
3 103 47
3 103 60
3 103 64
3 103 78
3 103 88
3 103 110
3 104 9
3 104 66
3 104 98
3 105 36
3 105 68
3 105 84
3 106 4
3 106 10
3 106 33
3 106 50
3 106 58
3 106 91
3 107 11
3 107 17
3 107 18
3 107 32
3 107 40
3 107 50
3 107 61
3 107 72
3 107 75
3 107 84
3 107 90
3 107 100
3 107 101
3 107 103
3 108 22
3 108 60
3 108 65
3 108 94
3 108 96
3 108 99
3 108 107
3 109 9
3 109 16
3 109 25
3 109 35
3 109 50
3 109 51
3 109 53
3 109 83
3 109 87
3 109 88
3 109 92
3 110 10
3 110 31
3 110 41
3 110 43
3 110 46
3 110 57
3 110 68
3 110 71
3 110 85
3 110 88
3 110 91
3 111 23
3 111 36
3 111 42
3 111 48
3 111 68
3 111 74
3 112 6
3 112 26
3 112 31
3 112 41
3 112 45
3 112 65
3 112 75
3 112 80
3 112 82
3 112 105
3 112 106
3 112 107
3 112 111
3 113 20
3 113 34
3 113 37
3 113 50
3 113 54
3 113 57
3 113 62
3 113 77
3 113 82
3 113 84
3 113 107
3 113 108
3 114 19
3 114 20
3 114 26
3 114 48
3 114 50
3 114 52
3 114 63
3 114 74
3 114 83
3 114 94
3 114 100
3 114 102
3 115 0
3 115 2
3 115 11
3 115 14
3 115 19
3 115 35
3 115 48
3 115 71
3 115 81
3 115 95
3 116 0
3 116 47
3 116 65
3 116 67
3 116 73
3 116 105
3 117 0
3 117 6
3 117 19
3 117 29
3 117 36
3 117 43
3 117 44
3 117 66
3 117 67
3 117 71
3 117 85
3 117 92
3 117 95
3 117 97
3 118 3
3 118 9
3 118 29
3 118 53
3 118 62
3 118 70
3 118 72
3 118 86
3 118 87
3 118 88
3 118 91
3 118 96
3 118 101
3 118 104
3 119 19
3 119 20
3 119 62
3 119 63
3 119 67
3 119 71
3 119 91
3 120 12
3 120 55
3 120 64
3 120 79
3 120 86
3 121 7
3 121 12
3 121 27
3 121 29
3 121 31
3 121 46
3 121 69
3 121 72
3 121 78
3 121 88
3 121 101
3 121 110
3 122 6
3 122 8
3 122 19
3 122 29
3 122 31
3 122 35
3 122 42
3 122 44
3 122 50
3 122 53
3 122 68
3 122 69
3 122 73
3 122 96
3 122 103
3 122 105
3 122 107
3 123 26
3 123 47
3 123 48
3 123 62
3 123 68
3 123 86
3 124 0
3 124 1
3 124 4
3 124 8
3 124 33
3 124 45
3 124 54
3 124 77
3 124 81
3 124 92
3 125 8
3 125 33
3 125 41
3 125 47
3 125 48
3 125 49
3 125 84
3 125 98