1978
5
136 99 101 111 153
2579

0 0 0 839 0 217 417 599 4 867 0 0 0 0 591 0 0 208 563 21 945 270 0 710 0 39 0 954 960 0 215 606 0 606 0 0 0 0 39 0 0 26 0 24 0 44 8 38 48 75 0 41 74 0 0 20 66 0 0 0 0 47 38 0 21 0 0 72 1 0 71 21 0 82 36 0 34 49 99 0 0 10 38 37 0 0 0 87 71 0 92 80 77 0 0 0 0 48 39 0 0 14 76 0 0 34 0 16 76 0 67 35 0 27 21 0 0 12 0 0 79 71 0 85 0 38 67 83 41 27 6 0 0 0 0 63
0 0 0 0 0 975 597 0 711 814 0 0 0 172 456 321 0 0 0 0 656 942 216 0 173 0 46 0 81 88 0 8 0 0 50 38 97 0 27 48 66 86 58 0 0 66 44 78 0 19 0 0 4 0 87 86 0 43 36 2 0 5 61 0 9 50 0 0 0 0 84 74 41 0 0 0 96 81 39 58 0 0 26 47 0 0 0 0 0 0 0 29 40 64 12 73 0 71 0
0 0 727 0 214 0 0 0 0 128 0 417 0 0 727 840 275 872 0 375 0 0 0 0 0 718 31 0 0 0 0 41 0 0 18 51 34 90 0 44 0 0 97 0 63 37 0 0 0 0 70 0 68 12 53 0 78 0 0 39 0 72 88 24 45 0 0 95 35 0 0 52 0 0 53 3 22 0 58 0 16 56 0 1 88 6 87 31 0 78 51 73 0 29 99 67 0 100 22 0 0
0 260 0 1000 0 513 285 0 0 0 174 0 0 976 248 0 642 821 309 0 0 0 786 402 0 121 86 211 0 0 31 100 89 32 30 0 0 0 17 0 7 81 0 4 0 0 82 0 0 74 75 0 75 0 0 0 0 0 19 0 0 0 0 17 49 0 0 92 22 22 58 0 0 0 87 59 0 90 0 8 0 58 0 78 75 57 16 0 11 74 0 53 0 0 0 16 0 0 0 0 66 73 0 0 64 80 12 0 0 73 46
806 547 718 0 0 719 0 0 0 0 0 541 0 702 0 0 882 0 0 0 978 0 0 717 353 0 0 0 399 0 679 562 0 356 339 0 0 0 3 0 98 51 0 64 0 48 12 44 89 58 91 0 0 24 20 100 9 0 50 55 0 0 0 0 43 88 84 0 0 33 0 65 63 42 89 22 23 4 17 92 0 6 0 96 9 0 0 63 1 39 0 44 10 0 91 0 0 0 0 48 0 0 0 0 0 0 0 0 60 1 72 11 65 100 23 25 0 88 0 0 0 25 0 41 12 0 78 32 0 80 54 0 65 37 0 0 23 0 54 0 0 40 78 0 0 23 66 89 0 0 13 0 0

0 0 4
0 0 45
0 0 86
0 1 4
0 1 10
0 1 29
0 1 31
0 1 73
0 2 5
0 2 22
0 2 38
0 2 42
0 2 52
0 2 59
0 3 4
0 3 14
0 3 45
0 3 49
0 3 52
0 3 69
0 3 98
0 4 8
0 4 43
0 4 65
0 5 8
0 5 45
0 5 54
0 5 58
0 6 3
0 6 36
0 6 39
0 6 46
0 6 60
0 6 65
0 6 81
0 6 83
0 6 87
0 7 53
0 7 89
0 8 5
0 8 25
0 8 39
0 9 23
0 9 25
0 12 8
0 12 89
0 13 0
0 13 12
0 13 18
0 13 24
0 13 52
0 13 64
0 13 82
0 14 6
0 14 30
0 14 31
0 14 75
0 14 80
0 14 84
0 15 20
0 15 23
0 15 28
0 15 30
0 15 48
0 15 77
0 15 90
0 15 91
0 16 7
0 16 9
0 16 34
0 16 43
0 16 48
0 16 51
0 16 56
0 16 57
0 16 88
0 17 5
0 17 9
0 17 24
0 17 50
0 17 89
0 18 24
0 18 29
0 18 35
0 18 46
0 19 36
0 19 75
0 20 50
0 20 51
0 20 87
0 21 22
0 21 29
0 21 65
0 21 89
0 21 93
0 21 95
0 22 4
0 22 21
0 22 59
0 22 95
0 23 0
0 23 19
0 23 62
0 23 72
0 24 42
0 24 44
0 24 46
0 24 74
0 24 81
0 25 28
0 25 48
0 25 72
0 25 73
0 25 93
0 25 97
0 26 25
0 26 35
0 26 64
0 26 79
0 26 83
0 27 1
0 27 37
0 27 76
0 27 83
0 28 30
0 28 87
0 28 95
0 29 29
0 29 30
0 29 33
0 29 57
0 29 79
0 29 88
0 29 92
0 30 72
0 30 81
0 31 5
0 31 40
0 31 56
0 31 90
0 32 50
0 32 77
0 32 88
0 33 2
0 33 4
0 33 13
0 33 19
0 33 44
0 33 45
0 33 48
0 33 51
0 33 52
0 33 55
0 33 59
0 34 3
0 34 56
0 34 98
0 35 0
0 35 36
0 35 39
0 35 42
0 35 51
0 35 83
0 36 10
0 36 30
0 36 46
0 36 48
0 36 51
0 36 69
0 36 87
0 36 90
0 37 9
0 37 16
0 37 20
0 37 75
0 38 51
0 38 81
0 38 89
0 39 5
0 39 54
0 39 91
0 40 27
0 40 33
0 40 40
0 40 73
0 40 88
0 41 17
0 41 26
0 41 45
0 42 16
0 42 35
0 42 43
0 42 44
0 42 56
0 42 69
0 42 74
0 43 3
0 43 53
0 43 56
0 43 63
0 43 66
0 43 80
0 43 87
0 44 34
0 44 42
0 44 43
0 44 56
0 44 75
0 45 3
0 45 7
0 45 15
0 45 26
0 45 31
0 45 42
0 45 87
0 46 0
0 46 1
0 46 2
0 46 13
0 46 71
0 46 72
0 47 87
0 47 97
0 48 30
0 48 96
0 49 15
0 49 18
0 49 34
0 49 43
0 49 59
0 49 89
0 50 9
0 50 10
0 50 20
0 50 76
0 50 87
0 50 97
0 51 49
0 51 54
0 51 81
0 51 97
0 52 9
0 52 22
0 52 55
0 52 84
0 53 5
0 53 51
0 53 60
0 53 68
0 53 80
0 53 94
0 53 96
0 53 98
0 54 43
0 54 44
0 54 71
0 54 78
0 54 91
0 55 0
0 55 4
0 55 17
0 55 18
0 55 50
0 55 66
0 55 67
0 55 74
0 55 88
0 55 95
0 56 20
0 56 26
0 56 27
0 56 46
0 56 48
0 56 50
0 56 51
0 56 54
0 56 55
0 56 71
0 56 96
0 57 0
0 57 17
0 57 69
0 57 96
0 58 29
0 58 41
0 58 49
0 58 58
0 58 98
0 59 5
0 59 16
0 59 17
0 59 19
0 59 32
0 59 46
0 59 48
0 60 10
0 60 27
0 60 42
0 60 44
0 60 47
0 61 18
0 61 27
0 62 15
0 62 19
0 62 81
0 62 90
0 63 4
0 63 25
0 63 51
0 63 66
0 64 8
0 64 24
0 64 70
0 64 71
0 64 79
0 64 89
0 65 33
0 65 59
0 65 71
0 65 77
0 65 79
0 65 82
0 65 87
0 66 15
0 66 34
0 66 50
0 66 78
0 67 12
0 67 27
0 67 33
0 67 37
0 67 43
0 67 50
0 67 72
0 67 91
0 68 0
0 68 42
0 68 60
0 68 77
0 68 87
0 69 6
0 69 35
0 69 38
0 69 74
0 69 95
0 70 3
0 70 92
0 71 31
0 72 5
0 72 15
0 72 24
0 72 36
0 72 46
0 73 37
0 74 26
0 74 45
0 75 11
0 75 30
0 75 82
0 75 96
0 76 14
0 76 26
0 76 47
0 76 85
0 77 11
0 77 32
0 77 47
0 77 57
0 77 87
0 78 30
0 78 60
0 78 61
0 78 63
0 78 75
0 78 78
0 78 85
0 78 96
0 79 10
0 79 16
0 79 27
0 79 37
0 79 45
0 79 64
0 79 77
0 79 81
0 80 36
0 80 48
0 80 63
0 80 72
0 80 90
0 80 91
0 80 98
0 81 10
0 81 20
0 81 45
0 81 66
0 81 77
0 82 12
0 82 45
0 82 58
0 82 77
0 82 80
0 82 95
0 84 40
0 84 79
0 84 91
0 84 94
0 85 36
0 85 52
0 85 65
0 85 69
0 85 94
0 86 2
0 86 31
0 86 41
0 86 66
0 86 84
0 86 94
0 87 24
0 87 59
0 87 65
0 87 95
0 88 48
0 88 92
0 89 46
0 89 89
0 90 65
0 90 66
0 91 7
0 91 20
0 91 42
0 91 54
0 91 55
0 91 65
0 91 77
0 91 86
0 92 5
0 92 21
0 92 82
0 93 4
0 93 25
0 94 3
0 94 45
0 94 70
0 94 71
0 94 97
0 95 14
0 95 21
0 95 32
0 96 10
0 97 0
0 97 18
0 97 25
0 97 32
0 97 34
0 97 37
0 97 44
0 98 48
0 98 84
0 98 95
0 99 23
0 99 33
0 99 50
0 99 54
0 99 71
0 99 79
0 99 92
0 99 95
0 100 29
0 100 37
0 100 62
0 100 77
0 101 12
0 101 31
0 101 65
0 101 91
0 102 0
0 102 14
0 102 41
0 102 87
0 103 2
0 103 48
0 104 0
0 104 3
0 104 4
0 104 8
0 104 39
0 104 71
0 104 74
0 104 75
0 104 96
0 105 26
0 105 51
0 105 62
0 105 63
0 105 90
0 106 44
0 106 51
0 106 64
0 107 41
0 107 43
0 107 61
0 107 78
0 108 0
0 108 47
0 108 71
0 108 73
0 109 10
0 109 40
0 109 43
0 109 67
0 109 81
0 110 49
0 111 39
0 111 43
0 111 71
0 111 77
0 112 10
0 112 51
0 112 56
0 112 75
0 113 21
0 113 34
0 113 36
0 113 40
0 113 65
0 113 70
0 113 71
0 114 10
0 114 42
0 114 83
0 114 88
0 114 93
0 115 34
0 115 35
0 115 50
0 115 83
0 115 85
0 116 5
0 116 37
0 116 53
0 116 61
0 116 87
0 116 97
0 117 8
0 117 15
0 117 21
0 118 23
0 118 44
0 118 53
0 118 59
0 118 61
0 118 63
0 118 86
0 119 10
0 119 66
0 119 85
0 120 13
0 120 15
0 120 59
0 120 68
0 120 69
0 120 87
0 121 24
0 121 33
0 121 36
0 121 46
0 121 73
0 121 79
0 121 84
0 121 91
0 121 94
0 122 11
0 122 21
0 122 23
0 122 35
0 122 38
0 122 46
0 122 52
0 122 55
0 122 56
0 122 94
0 123 23
0 123 71
0 123 95
0 123 97
0 124 27
0 124 32
0 124 48
0 124 64
0 125 24
0 125 29
0 125 48
0 125 56
0 125 95
0 126 51
0 126 63
0 126 83
0 127 37
0 127 83
0 128 7
0 128 8
0 128 36
0 128 43
0 128 48
0 128 76
0 128 81
0 129 9
0 129 30
0 129 67
0 129 88
0 129 97
0 129 98
0 130 2
0 130 5
0 130 22
0 130 47
0 130 52
0 130 96
0 131 43
0 131 59
0 131 73
0 132 23
0 132 28
0 132 43
0 132 91
0 133 5
0 133 11
0 133 16
0 133 29
0 133 50
0 134 7
0 134 20
0 134 44
0 134 74
0 134 90
0 135 12
0 135 41
0 135 53
0 135 62
0 135 66
0 135 71
0 135 98
1 0 4
1 0 6
1 0 10
1 0 22
1 1 40
1 1 46
1 1 54
1 1 66
1 1 86
1 2 6
1 2 16
1 2 45
1 2 54
1 3 26
1 3 73
1 3 82
1 3 95
1 4 26
1 4 97
1 5 6
1 5 17
1 5 55
1 6 16
1 6 17
1 6 18
1 6 29
1 6 38
1 6 54
1 6 73
1 6 87
1 6 88
1 7 0
1 7 12
1 7 31
1 7 58
1 7 65
1 7 69
1 7 89
1 8 53
1 9 17
1 9 20
1 9 32
1 9 57
1 9 78
1 9 84
1 9 88
1 9 90
1 10 25
1 10 33
1 10 51
1 10 52
1 10 66
1 11 1
1 11 13
1 11 22
1 11 29
1 11 54
1 11 69
1 11 75
1 11 79
1 11 93
1 11 95
1 12 4
1 12 12
1 12 23
1 12 27
1 12 31
1 12 32
1 12 42
1 12 50
1 12 77
1 12 81
1 12 86
1 13 38
1 14 14
1 14 21
1 14 41
1 15 4
1 15 44
1 15 69
1 15 78
1 15 84
1 15 87
1 16 9
1 16 25
1 16 27
1 16 39
1 16 44
1 16 45
1 16 67
1 16 85
1 16 86
1 17 1
1 17 24
1 17 50
1 17 54
1 17 58
1 17 92
1 17 94
1 18 7
1 18 27
1 18 45
1 18 77
1 18 79
1 19 6
1 19 10
1 19 47
1 19 73
1 19 83
1 19 85
1 20 12
1 20 34
1 20 36
1 20 70
1 20 71
1 20 89
1 20 93
1 20 97
1 21 18
1 21 21
1 21 22
1 21 38
1 21 47
1 21 66
1 21 72
1 21 77
1 22 55
1 22 87
1 23 2
1 23 11
1 23 13
1 23 97
1 24 20
1 24 27
1 24 49
1 24 51
1 24 61
1 24 69
1 24 70
1 24 87
1 24 88
1 25 4
1 25 33
1 25 41
1 25 69
1 25 83
1 25 84
1 26 0
1 26 31
1 26 41
1 26 48
1 26 51
1 26 69
1 26 73
1 26 84
1 27 99
1 28 17
1 28 44
1 28 60
1 28 64
1 29 32
1 29 37
1 29 85
1 29 97
1 30 13
1 30 23
1 30 37
1 30 75
1 30 99
1 31 4
1 31 8
1 31 17
1 31 31
1 31 32
1 31 79
1 32 1
1 32 9
1 32 38
1 32 39
1 32 52
1 32 63
1 32 95
1 32 100
1 33 12
1 33 22
1 33 33
1 33 53
1 33 76
1 33 80
1 33 89
1 33 91
1 33 98
1 34 8
1 34 19
1 34 40
1 34 44
1 34 77
1 34 86
1 35 48
1 35 58
1 35 75
1 36 4
1 36 13
1 36 52
1 36 61
1 36 72
1 36 78
1 36 88
1 36 96
1 37 16
1 37 20
1 37 31
1 37 81
1 37 84
1 37 92
1 37 94
1 37 95
1 38 3
1 38 4
1 38 25
1 38 59
1 38 64
1 38 68
1 38 72
1 39 11
1 39 16
1 39 37
1 39 60
1 39 70
1 39 80
1 39 91
1 39 98
1 40 15
1 41 0
1 41 25
1 41 59
1 41 97
1 42 12
1 42 24
1 42 31
1 42 92
1 43 17
1 43 50
1 43 52
1 43 55
1 44 41
1 44 45
1 44 84
1 44 98
1 44 99
1 45 0
1 45 12
1 46 45
1 46 50
1 46 84
1 47 51
1 47 62
1 47 63
1 47 88
1 47 89
1 48 5
1 48 20
1 48 28
1 48 38
1 48 50
1 48 73
1 48 76
1 49 8
1 49 13
1 49 25
1 49 50
1 49 56
1 49 58
1 49 75
1 49 76
1 50 11
1 50 36
1 50 86
1 51 3
1 51 9
1 51 48
1 51 58
1 51 64
1 51 84
1 52 57
1 52 65
1 52 77
1 53 78
1 53 88
1 53 94
1 54 15
1 54 94
1 55 11
1 55 28
1 55 35
1 55 52
1 55 61
1 55 71
1 56 40
1 56 43
1 56 56
1 56 89
1 56 93
1 57 50
1 57 55
1 57 63
1 57 67
1 57 70
1 57 94
1 58 17
1 58 30
1 58 59
1 59 6
1 59 37
1 59 45
1 60 42
1 60 66
1 60 96
1 61 35
1 61 46
1 61 66
1 61 78
1 61 85
1 61 88
1 62 18
1 62 65
1 62 67
1 63 22
1 63 27
1 63 33
1 63 39
1 63 72
1 63 88
1 64 9
1 64 99
1 65 14
1 65 26
1 65 27
1 65 37
1 65 82
1 65 94
1 66 10
1 66 16
1 66 65
1 66 72
1 66 88
1 66 91
1 66 100
1 67 68
1 67 76
1 67 78
1 67 96
1 68 11
1 68 20
1 68 30
1 68 35
1 68 38
1 68 57
1 68 61
1 68 86
1 68 94
1 69 40
1 69 66
1 70 13
1 70 42
1 70 48
1 70 63
1 70 69
1 70 76
1 70 90
1 70 95
1 70 96
1 71 5
1 71 16
1 71 20
1 71 37
1 71 53
1 72 10
1 72 77
1 72 91
1 73 45
1 73 58
1 73 87
1 73 92
1 73 95
1 74 20
1 75 23
1 75 79
1 75 80
1 75 85
1 75 94
1 75 95
1 76 11
1 76 21
1 77 1
1 77 35
1 77 73
1 77 81
1 78 9
1 78 23
1 78 30
1 78 97
1 79 69
1 79 84
1 80 23
1 80 26
1 80 37
1 80 54
1 80 91
1 81 2
1 81 9
1 81 24
1 81 27
1 81 32
1 81 33
1 81 34
1 81 58
1 81 59
1 81 62
1 81 77
1 81 84
1 81 85
1 81 91
1 82 9
1 82 15
1 83 2
1 83 12
1 83 39
1 83 52
1 83 66
1 83 73
1 83 82
1 84 5
1 84 24
1 84 40
1 84 91
1 85 5
1 85 37
1 85 59
1 85 62
1 85 64
1 85 65
1 85 69
1 85 83
1 85 89
1 85 97
1 86 14
1 86 18
1 86 78
1 86 88
1 87 0
1 87 16
1 87 23
1 87 37
1 87 41
1 87 44
1 87 68
1 87 70
1 87 75
1 87 90
1 87 91
1 88 33
1 88 40
1 88 41
1 88 64
1 88 68
1 89 9
1 89 45
1 89 46
1 90 6
1 90 28
1 90 31
1 90 33
1 91 12
1 91 57
1 92 0
1 92 3
1 92 8
1 92 9
1 92 27
1 92 49
1 92 53
1 92 68
1 92 71
1 93 11
1 93 14
1 93 41
1 93 61
1 93 94
1 93 98
1 94 39
1 94 61
1 94 89
1 94 92
1 95 57
1 95 88
1 96 12
1 96 18
1 96 19
1 96 49
1 96 53
1 96 88
1 97 25
1 97 27
1 97 42
1 97 48
1 98 9
1 98 43
1 98 46
1 98 91
2 0 32
2 0 37
2 0 67
2 0 86
2 0 97
2 0 100
2 1 8
2 1 32
2 1 35
2 1 46
2 1 91
2 1 104
2 2 25
2 2 100
2 2 101
2 2 103
2 3 34
2 3 46
2 3 62
2 3 68
2 3 97
2 4 2
2 4 8
2 4 14
2 4 54
2 4 58
2 4 59
2 5 20
2 5 24
2 5 35
2 5 51
2 5 84
2 5 95
2 6 40
2 6 42
2 6 68
2 6 77
2 6 85
2 6 88
2 6 102
2 7 0
2 7 10
2 7 18
2 7 44
2 7 90
2 8 9
2 8 37
2 8 80
2 8 93
2 8 98
2 8 106
2 9 1
2 9 22
2 9 38
2 9 74
2 10 38
2 10 47
2 10 69
2 10 79
2 11 17
2 11 46
2 11 56
2 11 89
2 11 91
2 11 94
2 11 106
2 12 19
2 12 22
2 12 54
2 12 77
2 12 90
2 13 3
2 13 81
2 13 98
2 14 1
2 14 83
2 15 4
2 15 17
2 15 39
2 15 44
2 15 56
2 16 8
2 16 49
2 16 82
2 17 4
2 17 57
2 17 98
2 18 7
2 18 8
2 18 27
2 18 53
2 18 71
2 18 78
2 18 83
2 18 84
2 19 62
2 19 78
2 20 1
2 20 5
2 20 34
2 20 35
2 20 40
2 20 57
2 20 61
2 21 17
2 21 18
2 21 23
2 21 29
2 21 59
2 21 63
2 21 88
2 21 93
2 22 24
2 22 51
2 22 63
2 22 103
2 22 110
2 23 10
2 23 16
2 23 22
2 23 24
2 23 51
2 23 62
2 23 65
2 23 67
2 23 89
2 24 13
2 24 43
2 24 74
2 24 88
2 25 6
2 25 11
2 25 35
2 25 56
2 25 57
2 25 91
2 25 98
2 25 104
2 26 20
2 26 54
2 26 82
2 26 93
2 27 7
2 27 26
2 27 31
2 27 47
2 27 51
2 27 55
2 27 64
2 27 74
2 28 8
2 28 39
2 28 43
2 28 60
2 28 74
2 28 76
2 28 96
2 29 9
2 29 19
2 29 29
2 29 38
2 29 41
2 29 90
2 30 6
2 30 15
2 30 17
2 30 30
2 30 39
2 30 50
2 30 65
2 30 78
2 30 99
2 31 8
2 31 24
2 31 33
2 31 50
2 31 80
2 32 44
2 32 83
2 32 98
2 32 107
2 33 8
2 33 31
2 33 61
2 33 72
2 33 83
2 33 87
2 33 90
2 33 91
2 33 96
2 33 101
2 33 104
2 34 15
2 34 31
2 34 32
2 34 43
2 34 56
2 34 63
2 34 65
2 34 67
2 34 71
2 35 14
2 35 32
2 35 52
2 35 74
2 35 83
2 35 88
2 35 97
2 35 102
2 36 4
2 36 11
2 36 33
2 36 59
2 36 61
2 36 62
2 36 69
2 36 80
2 37 23
2 37 37
2 37 41
2 37 56
2 37 80
2 37 98
2 38 38
2 38 79
2 38 89
2 38 90
2 38 101
2 38 107
2 38 110
2 39 72
2 40 1
2 40 27
2 40 39
2 40 47
2 40 48
2 40 94
2 41 32
2 41 53
2 41 77
2 41 82
2 41 97
2 41 106
2 41 108
2 42 41
2 42 51
2 43 7
2 43 12
2 43 15
2 43 30
2 43 44
2 43 73
2 43 77
2 43 87
2 44 13
2 44 18
2 44 19
2 44 20
2 44 67
2 44 69
2 44 78
2 44 80
2 44 101
2 44 103
2 45 5
2 45 60
2 45 72
2 45 80
2 45 82
2 45 97
2 45 102
2 46 9
2 46 13
2 46 21
2 46 25
2 46 28
2 46 44
2 46 70
2 46 88
2 46 92
2 47 31
2 47 38
2 47 62
2 47 93
2 47 95
2 48 37
2 48 64
2 48 70
2 48 107
2 49 16
2 49 18
2 49 23
2 49 26
2 49 41
2 49 48
2 49 79
2 50 20
2 50 26
2 50 29
2 50 57
2 50 58
2 50 69
2 50 75
2 50 89
2 50 92
2 51 11
2 51 21
2 51 69
2 51 85
2 51 86
2 51 88
2 51 95
2 52 2
2 52 15
2 52 18
2 52 23
2 52 30
2 53 57
2 53 59
2 54 1
2 54 3
2 54 13
2 54 32
2 54 72
2 54 102
2 55 15
2 55 22
2 55 23
2 55 32
2 55 71
2 55 90
2 56 10
2 56 12
2 56 27
2 56 45
2 57 1
2 57 2
2 57 9
2 57 15
2 57 20
2 57 25
2 57 56
2 57 70
2 57 94
2 57 97
2 58 9
2 58 15
2 58 68
2 59 9
2 59 15
2 59 20
2 59 27
2 59 50
2 59 75
2 59 79
2 60 0
2 60 1
2 60 11
2 60 24
2 60 45
2 60 69
2 61 7
2 61 8
2 61 17
2 61 21
2 61 48
2 61 58
2 61 79
2 61 95
2 61 106
2 62 0
2 62 15
2 62 38
2 62 59
2 62 85
2 62 88
2 62 108
2 63 13
2 63 40
2 63 89
2 64 23
2 64 50
2 64 68
2 64 74
2 64 86
2 64 87
2 64 107
2 64 110
2 65 3
2 65 21
2 65 28
2 66 14
2 66 23
2 66 47
2 66 58
2 66 79
2 66 86
2 67 11
2 67 18
2 67 49
2 67 58
2 67 62
2 67 95
2 67 98
2 67 100
2 68 0
2 68 12
2 68 18
2 68 38
2 68 66
2 68 87
2 68 103
2 69 106
2 69 108
2 70 27
2 70 52
2 70 55
2 70 64
2 70 89
2 70 91
2 70 98
2 71 19
2 71 71
2 71 73
2 71 84
2 72 52
2 72 61
2 72 83
2 72 109
2 73 19
2 73 21
2 73 22
2 73 29
2 73 70
2 74 29
2 74 53
2 74 83
2 74 100
2 75 4
2 75 16
2 75 49
2 75 73
2 75 86
2 76 3
2 76 4
2 76 31
2 76 53
2 76 67
2 76 70
2 76 82
2 76 108
2 77 1
2 77 8
2 77 10
2 77 51
2 77 59
2 77 63
2 77 67
2 77 85
2 78 8
2 78 49
2 78 58
2 78 68
2 78 100
2 78 110
2 79 5
2 79 65
2 79 75
2 79 81
2 79 92
2 79 105
2 80 47
2 80 59
2 80 100
2 81 16
2 81 24
2 81 47
2 82 15
2 82 28
2 82 32
2 82 35
2 82 39
2 82 45
2 83 36
2 83 37
2 83 97
2 83 100
2 84 24
2 84 36
2 84 37
2 84 45
2 84 62
2 84 89
2 84 90
2 84 100
2 85 6
2 85 38
2 85 75
2 85 98
2 86 42
2 86 51
2 86 75
2 86 95
2 86 102
2 87 9
2 87 23
2 87 48
2 87 57
2 88 10
2 88 40
2 88 71
2 88 76
2 88 84
2 88 86
2 88 87
2 88 97
2 89 2
2 89 7
2 89 33
2 89 87
2 89 108
2 89 110
2 90 60
2 90 89
2 90 93
2 91 4
2 91 44
2 91 76
2 91 78
2 91 82
2 91 107
2 92 14
2 92 22
2 92 26
2 92 29
2 92 43
2 93 33
2 93 37
2 93 108
2 94 23
2 94 24
2 94 50
2 94 63
2 94 74
2 94 96
2 95 15
2 95 42
2 95 43
2 95 46
2 95 72
2 95 89
2 96 4
2 96 6
2 96 37
2 96 39
2 96 61
2 96 67
2 96 72
2 96 98
2 97 26
2 97 33
2 97 52
2 97 84
2 97 91
2 97 94
2 98 10
2 98 25
2 98 47
2 98 63
2 98 72
2 98 75
2 98 96
2 98 101
2 99 22
2 99 100
2 100 3
2 100 16
2 100 19
2 100 67
2 100 77
2 100 78
2 100 96
3 0 12
3 0 18
3 0 28
3 0 48
3 0 97
3 0 117
3 0 121
3 1 30
3 1 69
3 1 85
3 1 126
3 1 143
3 2 36
3 2 71
3 2 101
3 2 116
3 2 121
3 2 146
3 3 19
3 3 37
3 3 79
3 3 80
3 3 82
3 3 86
3 3 132
3 3 145
3 4 39
3 4 62
3 4 77
3 4 85
3 4 104
3 4 109
3 4 111
3 4 124
3 4 128
3 4 138
3 5 0
3 5 4
3 5 10
3 5 34
3 5 48
3 5 68
3 5 91
3 5 106
3 5 113
3 5 118
3 6 16
3 6 17
3 6 22
3 6 23
3 6 34
3 6 38
3 6 39
3 6 106
3 6 116
3 6 126
3 6 138
3 6 142
3 6 148
3 7 23
3 7 51
3 7 68
3 7 78
3 7 90
3 7 92
3 7 105
3 7 113
3 7 115
3 8 46
3 8 81
3 8 82
3 8 86
3 8 94
3 8 105
3 8 111
3 8 134
3 8 145
3 9 10
3 9 21
3 9 35
3 9 82
3 9 84
3 9 111
3 9 120
3 10 6
3 10 21
3 10 79
3 10 124
3 11 10
3 11 18
3 11 39
3 11 61
3 11 62
3 11 65
3 11 103
3 11 137
3 12 35
3 12 45
3 12 59
3 12 65
3 12 73
3 12 115
3 12 147
3 13 11
3 13 16
3 13 17
3 13 31
3 13 58
3 13 63
3 13 85
3 13 97
3 13 148
3 14 5
3 14 31
3 14 46
3 14 53
3 14 67
3 14 94
3 14 105
3 15 72
3 15 78
3 15 85
3 15 129
3 16 34
3 16 46
3 16 136
3 17 6
3 17 16
3 17 30
3 17 32
3 17 36
3 17 45
3 17 57
3 17 80
3 17 141
3 17 152
3 18 25
3 18 67
3 18 80
3 18 92
3 18 94
3 18 97
3 18 122
3 19 41
3 19 42
3 19 53
3 19 70
3 19 116
3 19 118
3 19 126
3 19 129
3 20 22
3 20 38
3 20 54
3 20 57
3 20 63
3 20 74
3 20 87
3 21 3
3 21 18
3 21 26
3 21 82
3 21 98
3 21 116
3 21 124
3 21 132
3 22 5
3 22 9
3 22 10
3 22 62
3 22 78
3 22 87
3 22 106
3 22 113
3 22 120
3 23 6
3 23 10
3 23 13
3 23 22
3 23 91
3 23 124
3 24 4
3 24 22
3 24 25
3 24 33
3 24 61
3 24 67
3 24 71
3 24 80
3 24 87
3 24 88
3 25 31
3 25 43
3 25 53
3 25 61
3 25 69
3 25 75
3 25 100
3 25 106
3 25 115
3 25 136
3 25 148
3 26 3
3 26 6
3 26 33
3 26 67
3 26 79
3 26 82
3 26 101
3 26 130
3 27 26
3 27 32
3 27 41
3 27 44
3 27 95
3 27 108
3 27 111
3 27 115
3 28 6
3 28 11
3 28 13
3 28 15
3 28 27
3 28 37
3 28 44
3 28 45
3 28 68
3 28 94
3 28 122
3 28 138
3 28 142
3 29 2
3 29 6
3 29 20
3 29 27
3 29 45
3 29 47
3 29 55
3 29 56
3 29 60
3 29 61
3 29 66
3 29 76
3 29 89
3 30 30
3 30 46
3 30 62
3 30 77
3 30 81
3 30 110
3 30 115
3 31 19
3 31 27
3 31 29
3 31 60
3 31 105
3 31 118
3 31 149
3 32 7
3 32 47
3 32 58
3 32 118
3 32 119
3 32 122
3 32 149
3 33 5
3 33 73
3 34 7
3 34 8
3 34 27
3 34 34
3 34 37
3 34 44
3 34 52
3 34 81
3 34 141
3 34 144
3 35 20
3 35 24
3 35 58
3 35 98
3 35 112
3 35 122
3 36 44
3 36 58
3 36 82
3 36 118
3 37 7
3 37 10
3 37 17
3 37 33
3 37 72
3 37 111
3 37 152
3 38 6
3 38 15
3 38 31
3 38 52
3 38 75
3 38 83
3 38 99
3 38 127
3 38 133
3 38 134
3 38 141
3 39 3
3 39 21
3 39 38
3 39 51
3 39 76
3 39 81
3 39 87
3 39 97
3 40 11
3 40 66
3 40 72
3 40 74
3 40 80
3 40 91
3 40 109
3 40 110
3 40 146
3 41 7
3 41 31
3 41 61
3 41 64
3 41 72
3 41 91
3 41 100
3 41 107
3 41 121
3 41 134
3 41 147
3 42 1
3 42 8
3 42 24
3 42 76
3 42 111
3 42 112
3 43 8
3 43 24
3 43 30
3 43 31
3 43 36
3 43 63
3 43 84
3 43 94
3 43 97
3 43 127
3 43 141
3 43 148
3 44 21
3 44 66
3 44 103
3 44 119
3 44 123
3 44 137
3 44 151
3 45 9
3 45 11
3 45 74
3 45 78
3 45 111
3 45 131
3 45 139
3 45 147
3 45 149
3 46 20
3 46 41
3 46 75
3 46 144
3 46 151
3 47 18
3 47 30
3 47 43
3 47 82
3 47 94
3 47 110
3 47 116
3 47 123
3 47 151
3 48 15
3 48 27
3 48 64
3 48 119
3 49 8
3 49 23
3 49 43
3 49 58
3 49 60
3 49 69
3 49 70
3 49 85
3 49 117
3 49 119
3 50 26
3 50 54
3 50 143
3 50 148
3 51 15
3 51 16
3 51 25
3 51 46
3 51 88
3 51 107
3 51 135
3 51 139
3 51 149
3 51 151
3 52 39
3 52 62
3 52 109
3 52 143
3 53 5
3 53 52
3 53 58
3 53 118
3 53 124
3 53 125
3 53 148
3 54 13
3 54 14
3 54 27
3 54 31
3 54 98
3 54 112
3 54 128
3 55 3
3 55 35
3 55 38
3 55 54
3 55 58
3 55 103
3 55 112
3 55 118
3 55 134
3 55 145
3 56 2
3 56 6
3 56 11
3 56 13
3 56 38
3 56 108
3 56 110
3 56 118
3 56 127
3 56 130
3 56 148
3 56 149
3 57 8
3 57 9
3 57 10
3 57 17
3 57 34
3 57 50
3 57 68
3 57 81
3 57 89
3 57 96
3 57 109
3 57 114
3 58 20
3 58 50
3 58 51
3 58 70
3 58 98
3 59 9
3 59 17
3 59 23
3 59 62
3 59 118
3 59 123
3 59 139
3 60 6
3 60 13
3 60 25
3 60 28
3 60 54
3 60 91
3 61 18
3 61 21
3 61 22
3 61 31
3 61 73
3 61 75
3 61 81
3 61 92
3 61 102
3 61 127
3 61 130
3 62 0
3 62 6
3 62 13
3 62 49
3 62 69
3 62 99
3 62 103
3 62 109
3 62 111
3 62 116
3 62 117
3 62 124
3 62 128
3 62 138
3 63 45
3 63 46
3 63 135
3 63 136
3 63 144
3 63 151
3 64 21
3 64 41
3 64 75
3 64 87
3 64 90
3 64 111
3 65 37
3 65 48
3 65 66
3 65 72
3 65 84
3 65 107
3 66 11
3 66 24
3 66 30
3 66 49
3 66 50
3 66 51
3 66 64
3 66 65
3 66 74
3 66 119
3 67 11
3 67 15
3 67 69
3 67 74
3 67 115
3 68 5
3 68 27
3 68 55
3 68 56
3 68 59
3 68 63
3 68 84
3 68 87
3 68 123
3 68 124
3 69 52
3 69 60
3 69 69
3 69 100
3 69 116
3 69 136
3 69 142
3 70 1
3 70 15
3 70 33
3 70 68
3 70 97
3 70 104
3 70 111
3 70 117
3 71 16
3 71 23
3 71 26
3 71 53
3 71 104
3 72 27
3 72 58
3 72 62
3 72 71
3 72 89
3 72 106
3 72 134
3 73 7
3 73 23
3 73 26
3 73 46
3 73 52
3 73 55
3 73 81
3 73 85
3 73 94
3 73 107
3 73 127
3 73 135
3 74 53
3 74 64
3 74 102
3 74 123
3 75 3
3 75 14
3 75 16
3 75 37
3 75 42
3 75 75
3 75 90
3 75 107
3 75 118
3 75 142
3 75 143
3 76 34
3 76 35
3 76 46
3 76 49
3 76 51
3 76 57
3 76 61
3 76 63
3 76 68
3 76 85
3 76 94
3 76 143
3 76 151
3 77 22
3 77 65
3 78 45
3 78 77
3 78 84
3 78 128
3 79 1
3 79 23
3 79 34
3 79 101
3 79 123
3 79 137
3 80 58
3 80 65
3 80 84
3 80 104
3 80 116
3 80 140
3 81 1
3 81 33
3 81 82
3 81 104
3 81 117
3 81 132
3 81 148
3 82 8
3 82 21
3 82 46
3 82 72
3 82 75
3 82 76
3 82 96
3 82 109
3 82 124
3 82 143
3 83 18
3 83 33
3 83 35
3 83 36
3 83 62
3 83 72
3 83 73
3 83 86
3 83 102
3 83 125
3 83 128
3 83 132
3 83 147
3 83 151
3 84 120
3 84 127
3 84 128
3 85 39
3 85 45
3 85 78
3 85 114
3 85 146
3 86 22
3 86 38
3 86 88
3 86 120
3 86 125
3 86 133
3 86 145
3 87 28
3 87 44
3 87 51
3 87 53
3 87 104
3 87 116
3 87 121
3 88 111
3 88 127
3 88 139
3 88 147
3 89 2
3 89 17
3 89 29
3 89 42
3 89 46
3 89 48
3 89 57
3 89 63
3 89 70
3 89 75
3 89 81
3 89 91
3 89 106
3 89 120
3 89 131
3 89 148
3 90 0
3 90 29
3 90 51
3 90 67
3 90 105
3 90 124
3 90 127
3 90 131
3 91 15
3 91 24
3 91 55
3 91 83
3 91 87
3 91 102
3 91 118
3 91 126
3 91 127
3 92 2
3 92 6
3 92 17
3 92 31
3 92 55
3 92 61
3 92 62
3 92 78
3 92 97
3 92 99
3 93 21
3 93 37
3 93 46
3 93 60
3 93 143
3 94 26
3 94 50
3 94 69
3 94 71
3 94 119
3 94 149
3 95 5
3 95 37
3 95 39
3 95 40
3 95 84
3 95 131
3 96 22
3 96 24
3 96 29
3 96 49
3 96 65
3 96 138
3 96 141
3 96 151
3 97 2
3 97 15
3 97 42
3 97 45
3 97 48
3 97 76
3 97 78
3 97 121
3 97 145
3 98 19
3 98 45
3 98 64
3 98 74
3 98 81
3 98 137
3 98 148
3 99 69
3 99 112
3 99 133
3 99 137
3 99 138
3 100 21
3 100 27
3 100 41
3 100 43
3 100 47
3 100 49
3 100 100
3 101 9
3 101 28
3 101 35
3 101 38
3 101 45
3 101 75
3 101 151
3 102 6
3 102 97
3 102 135
3 102 137
3 103 7
3 103 19
3 103 83
3 103 130
3 104 52
3 104 122
3 105 17
3 105 39
3 105 55
3 105 76
3 105 104
3 105 131
3 105 150
3 106 7
3 106 12
3 106 77
3 106 108
3 106 126
3 107 4
3 107 53
3 107 95
3 107 97
3 107 100
3 107 106
3 107 133
3 108 1
3 108 19
3 108 30
3 108 81
3 108 94
3 108 108
3 108 148
3 109 17
3 109 25
3 109 44
3 109 52
3 109 76
3 109 81
3 109 82
3 109 128
3 110 13
3 110 14
3 110 19
3 110 27
3 110 37
3 110 85
3 110 111
3 110 122