1026
5
134 96 99 156 115
4345

0 584 0 978 547 0 0 812 0 0 786 616 597 747 0 452 0 0 0 529 0 92 0 293 462 934 0 748 0 259 355 0 0 0 0 0 0 42 55 20 0 0 0 10 25 61 29 0 0 88 48 61 56 47 30 0 75 73 18 0 5 0 0 0 0 9 0 0 0 89 0 30 0 0 0 2 0 42 48 0 0 0 0 31 99 0 0 10 89 41 55 97 54 73 0 0 0 0 56 0 0 0 59 0 0 83 0 63 0 62 0 64 3 0 0 76 0 18 0 24 0 84 0 0 0 72 0 0 0 62 6 0 71 0
889 0 0 949 0 255 40 0 413 60 274 0 513 216 911 508 215 231 665 0 0 602 0 0 0 0 0 0 0 90 0 0 0 0 86 0 0 0 83 95 0 45 34 29 95 0 0 66 18 0 49 0 0 0 0 0 0 0 0 0 13 38 1 0 79 76 30 0 8 0 0 4 0 13 0 0 0 84 0 99 89 0 28 0 0 49 29 30 0 95 4 0 54 0 0 0
364 0 32 0 572 0 267 379 0 0 0 921 480 0 0 0 551 96 0 63 0 964 0 0 6 65 0 0 43 59 0 0 19 0 60 0 0 60 0 24 85 94 96 51 97 66 0 0 30 0 41 0 0 0 22 0 0 99 0 0 0 0 0 0 5 14 0 0 44 82 0 67 16 53 0 71 0 0 52 0 0 0 58 7 0 100 15 46 56 0 97 62 93 94 0 0 99 9 36
988 0 0 760 603 0 895 0 457 247 0 693 730 522 0 0 437 697 973 192 143 0 758 398 192 401 718 0 96 0 0 775 333 557 163 216 348 489 0 0 76 16 68 0 0 0 0 20 0 0 84 81 0 0 49 0 100 66 39 66 0 48 0 0 0 0 2 0 57 49 0 0 0 0 32 83 0 0 32 83 0 0 0 0 27 98 48 31 11 0 0 8 0 8 0 95 51 41 0 0 17 9 10 0 0 0 0 96 29 0 0 42 47 0 0 91 0 45 0 0 39 0 67 78 71 26 0 0 56 58 0 91 6 0 0 0 0 92 50 0 0 56 0 0 96 27 0 47 47 64 0 0 4 6 88 78
59 706 850 0 825 0 0 130 876 0 0 636 87 170 380 845 0 0 0 0 582 0 0 39 0 0 0 560 0 0 0 0 68 0 0 0 59 0 0 10 12 0 74 45 3 0 0 0 0 0 7 69 94 13 16 78 10 0 18 0 0 83 73 97 0 28 0 64 95 0 0 0 16 0 0 85 0 0 0 0 0 98 0 0 0 14 70 28 0 0 65 90 0 82 0 98 0 18 0 0 13 0 35 0 0 65 64 51 96 75 62 6 0 0 0

0 0 4
0 0 10
0 0 11
0 0 50
0 0 65
0 0 66
0 0 68
0 0 70
0 0 78
0 0 94
0 1 1
0 1 5
0 1 6
0 1 10
0 1 19
0 1 42
0 1 66
0 1 68
0 1 91
0 2 2
0 2 3
0 2 4
0 2 25
0 2 26
0 2 64
0 2 69
0 2 71
0 3 11
0 3 23
0 3 25
0 3 39
0 3 58
0 3 60
0 3 73
0 3 95
0 4 24
0 4 26
0 4 52
0 5 0
0 5 1
0 5 10
0 5 12
0 5 23
0 5 56
0 5 59
0 5 80
0 5 81
0 5 83
0 5 84
0 6 1
0 6 61
0 6 76
0 6 78
0 6 85
0 6 86
0 6 93
0 7 13
0 7 42
0 7 57
0 7 77
0 7 85
0 7 86
0 7 88
0 7 91
0 7 95
0 8 20
0 8 35
0 8 47
0 8 62
0 8 67
0 8 76
0 8 90
0 9 10
0 9 19
0 9 28
0 9 40
0 9 69
0 9 80
0 9 94
0 10 6
0 10 45
0 10 55
0 10 76
0 11 0
0 11 1
0 11 6
0 11 53
0 11 59
0 11 60
0 11 75
0 12 2
0 12 8
0 12 28
0 12 44
0 12 54
0 12 58
0 12 65
0 12 70
0 12 82
0 12 91
0 13 9
0 13 22
0 13 61
0 13 79
0 13 86
0 14 1
0 14 8
0 14 23
0 14 30
0 14 35
0 14 37
0 14 59
0 14 78
0 14 80
0 14 89
0 14 91
0 15 3
0 15 16
0 15 38
0 15 61
0 15 86
0 15 87
0 16 2
0 16 9
0 16 16
0 16 33
0 16 74
0 16 76
0 17 5
0 17 20
0 17 25
0 17 29
0 17 33
0 17 47
0 17 53
0 17 58
0 17 78
0 17 85
0 17 94
0 18 9
0 18 13
0 18 39
0 18 40
0 18 49
0 18 56
0 18 71
0 18 95
0 19 1
0 19 3
0 19 6
0 19 20
0 19 29
0 19 58
0 19 59
0 19 74
0 19 79
0 20 23
0 20 26
0 20 58
0 20 73
0 20 80
0 20 81
0 21 10
0 21 27
0 21 43
0 21 48
0 21 74
0 22 6
0 22 7
0 22 72
0 22 76
0 23 15
0 23 27
0 23 44
0 23 47
0 23 52
0 23 69
0 23 80
0 24 26
0 24 40
0 24 41
0 24 42
0 24 44
0 24 54
0 24 56
0 24 63
0 24 64
0 24 67
0 24 73
0 25 27
0 25 34
0 25 36
0 25 61
0 25 66
0 25 70
0 25 77
0 25 84
0 26 10
0 26 18
0 26 20
0 26 44
0 26 49
0 26 54
0 26 58
0 26 64
0 26 68
0 26 69
0 26 71
0 26 76
0 26 91
0 27 1
0 27 13
0 27 77
0 27 93
0 28 0
0 28 2
0 28 7
0 28 18
0 28 22
0 28 71
0 28 81
0 29 4
0 29 49
0 29 73
0 29 74
0 29 82
0 29 84
0 30 15
0 30 16
0 30 25
0 30 35
0 30 38
0 30 41
0 30 61
0 30 63
0 30 68
0 30 92
0 31 3
0 31 18
0 31 41
0 31 67
0 31 72
0 31 75
0 31 89
0 31 94
0 32 18
0 32 27
0 32 34
0 32 54
0 32 60
0 32 61
0 32 94
0 33 3
0 33 57
0 33 59
0 33 65
0 33 77
0 34 0
0 34 20
0 34 32
0 34 41
0 34 50
0 34 54
0 34 57
0 34 59
0 34 64
0 34 83
0 34 86
0 35 10
0 35 22
0 35 45
0 35 67
0 35 69
0 35 77
0 35 91
0 35 95
0 36 15
0 36 32
0 36 37
0 36 46
0 36 49
0 36 77
0 36 81
0 36 84
0 36 88
0 37 29
0 37 38
0 37 41
0 37 54
0 37 55
0 37 78
0 38 23
0 38 73
0 39 19
0 39 38
0 39 47
0 39 65
0 39 79
0 39 92
0 40 3
0 40 17
0 40 36
0 40 38
0 40 57
0 40 73
0 40 89
0 40 90
0 41 29
0 41 36
0 41 37
0 41 50
0 41 62
0 41 71
0 41 73
0 41 85
0 41 90
0 41 93
0 42 1
0 42 7
0 42 32
0 42 57
0 42 67
0 42 69
0 42 77
0 42 80
0 42 83
0 43 2
0 43 48
0 43 65
0 43 78
0 43 89
0 44 3
0 44 18
0 44 39
0 44 45
0 44 61
0 44 65
0 44 68
0 45 12
0 45 16
0 45 29
0 45 53
0 45 54
0 45 57
0 45 58
0 45 69
0 45 74
0 45 86
0 46 32
0 46 66
0 46 72
0 46 84
0 46 87
0 46 93
0 47 14
0 47 57
0 47 94
0 48 5
0 48 25
0 48 32
0 48 36
0 48 44
0 48 50
0 48 72
0 48 76
0 48 91
0 49 10
0 49 35
0 49 41
0 49 46
0 49 53
0 49 54
0 49 61
0 49 89
0 49 92
0 50 16
0 50 20
0 50 24
0 50 35
0 50 46
0 50 55
0 50 74
0 50 79
0 51 7
0 51 16
0 51 22
0 51 39
0 51 47
0 51 92
0 52 12
0 52 17
0 52 20
0 52 21
0 52 22
0 52 45
0 52 54
0 52 77
0 52 83
0 53 6
0 53 7
0 53 11
0 53 12
0 53 48
0 53 51
0 53 54
0 53 62
0 53 63
0 54 11
0 54 17
0 54 18
0 54 30
0 54 45
0 54 46
0 54 54
0 54 74
0 54 89
0 54 91
0 55 3
0 55 13
0 55 19
0 55 25
0 55 41
0 55 68
0 55 69
0 55 73
0 55 82
0 55 88
0 55 91
0 56 1
0 56 16
0 56 23
0 56 42
0 56 44
0 56 51
0 56 61
0 56 70
0 56 85
0 56 87
0 57 2
0 57 4
0 57 42
0 57 54
0 57 64
0 57 69
0 57 78
0 57 87
0 58 3
0 58 19
0 58 25
0 58 53
0 58 76
0 59 3
0 59 22
0 59 32
0 59 40
0 59 46
0 59 59
0 59 67
0 59 81
0 60 8
0 60 20
0 60 22
0 60 25
0 60 56
0 60 68
0 60 77
0 60 81
0 60 85
0 60 91
0 60 94
0 61 19
0 61 23
0 61 24
0 61 27
0 61 32
0 61 38
0 61 49
0 61 56
0 61 69
0 61 89
0 61 91
0 62 10
0 62 15
0 62 42
0 62 56
0 62 68
0 62 69
0 62 76
0 62 86
0 63 14
0 63 27
0 63 36
0 63 41
0 63 54
0 63 56
0 63 70
0 63 91
0 64 1
0 64 6
0 64 18
0 64 22
0 64 31
0 64 32
0 64 33
0 64 45
0 64 55
0 64 58
0 64 62
0 64 90
0 65 0
0 65 37
0 65 41
0 65 43
0 65 78
0 65 84
0 66 4
0 66 8
0 66 21
0 66 48
0 67 10
0 67 18
0 67 26
0 67 28
0 67 37
0 67 41
0 67 51
0 67 58
0 67 81
0 68 0
0 68 15
0 68 45
0 68 46
0 68 65
0 68 72
0 68 75
0 68 78
0 69 0
0 69 5
0 69 20
0 69 33
0 69 41
0 69 91
0 70 10
0 70 26
0 70 53
0 71 12
0 71 19
0 71 81
0 72 14
0 72 18
0 72 22
0 72 47
0 72 50
0 72 73
0 72 83
0 72 91
0 72 93
0 73 55
0 73 69
0 73 78
0 73 80
0 74 4
0 74 13
0 74 17
0 74 28
0 74 37
0 74 55
0 74 59
0 74 61
0 74 82
0 75 1
0 75 35
0 75 47
0 75 54
0 75 62
0 75 65
0 75 73
0 75 77
0 75 83
0 75 90
0 75 93
0 76 7
0 76 13
0 76 22
0 76 23
0 76 34
0 76 47
0 76 63
0 76 83
0 76 84
0 77 7
0 77 13
0 77 58
0 77 70
0 77 74
0 78 0
0 78 4
0 78 5
0 78 6
0 78 17
0 78 24
0 78 38
0 78 42
0 78 94
0 79 4
0 79 9
0 79 13
0 79 23
0 79 49
0 79 50
0 79 63
0 79 76
0 80 21
0 80 24
0 80 66
0 80 81
0 81 26
0 81 30
0 81 71
0 82 16
0 82 27
0 82 48
0 82 49
0 82 50
0 82 57
0 82 65
0 82 70
0 82 71
0 82 72
0 82 88
0 83 32
0 83 45
0 84 16
0 84 31
0 84 37
0 84 62
0 84 74
0 84 86
0 85 7
0 85 26
0 85 49
0 85 56
0 85 71
0 85 75
0 85 90
0 86 30
0 86 32
0 86 38
0 86 91
0 87 40
0 87 49
0 87 51
0 87 52
0 87 56
0 87 67
0 87 78
0 88 5
0 88 7
0 88 11
0 88 16
0 88 20
0 88 47
0 88 70
0 88 72
0 88 84
0 88 95
0 89 0
0 89 16
0 89 30
0 89 35
0 89 45
0 89 75
0 89 79
0 90 7
0 90 11
0 90 17
0 90 35
0 90 76
0 91 2
0 91 5
0 91 19
0 91 21
0 91 24
0 91 52
0 91 55
0 91 68
0 91 88
0 91 89
0 92 11
0 92 26
0 92 34
0 92 43
0 92 56
0 92 67
0 92 85
0 93 9
0 93 10
0 93 12
0 93 15
0 93 27
0 93 33
0 93 38
0 93 39
0 93 79
0 93 93
0 94 12
0 94 22
0 94 81
0 94 84
0 94 88
0 95 13
0 95 21
0 95 30
0 95 32
0 95 39
0 95 56
0 95 71
0 95 76
0 95 82
0 96 49
0 96 54
0 96 61
0 96 71
0 97 32
0 97 71
0 97 84
0 98 16
0 98 34
0 98 50
0 98 78
0 98 88
0 99 13
0 99 26
0 99 45
0 99 76
0 99 85
0 100 39
0 100 53
0 100 54
0 100 79
0 100 87
0 100 89
0 101 0
0 101 14
0 101 28
0 101 52
0 101 54
0 101 58
0 101 71
0 101 77
0 102 9
0 102 10
0 102 14
0 102 16
0 102 31
0 102 53
0 102 57
0 102 66
0 102 77
0 102 80
0 102 89
0 102 93
0 102 94
0 103 25
0 103 27
0 103 33
0 103 42
0 103 46
0 103 55
0 103 78
0 103 87
0 104 1
0 104 21
0 104 41
0 104 66
0 104 88
0 104 94
0 105 17
0 105 35
0 105 58
0 105 75
0 105 85
0 105 91
0 106 14
0 106 25
0 106 30
0 106 45
0 106 74
0 107 5
0 107 76
0 107 95
0 108 19
0 108 39
0 108 40
0 108 42
0 108 60
0 108 65
0 108 68
0 108 72
0 108 87
0 108 91
0 109 2
0 109 18
0 109 19
0 109 21
0 109 26
0 109 33
0 109 37
0 109 45
0 109 59
0 109 71
0 109 72
0 109 79
0 109 82
0 109 95
0 110 0
0 110 10
0 110 23
0 110 29
0 110 31
0 110 47
0 110 48
0 110 52
0 110 54
0 110 62
0 110 63
0 110 92
0 111 0
0 111 9
0 111 28
0 111 35
0 111 36
0 111 67
0 111 89
0 111 92
0 112 24
0 112 32
0 112 40
0 112 56
0 112 72
0 112 76
0 112 80
0 112 95
0 113 0
0 113 5
0 113 20
0 113 25
0 113 45
0 113 65
0 113 74
0 113 82
0 113 88
0 113 90
0 114 1
0 114 6
0 114 17
0 114 44
0 114 53
0 114 61
0 114 68
0 114 80
0 114 82
0 114 84
0 114 91
0 115 16
0 115 57
0 115 72
0 115 76
0 115 77
0 115 79
0 115 84
0 115 91
0 116 5
0 116 8
0 116 13
0 116 29
0 116 44
0 116 65
0 116 68
0 117 0
0 117 36
0 117 57
0 117 73
0 117 84
0 117 91
0 117 93
0 118 1
0 118 36
0 118 49
0 118 51
0 118 62
0 118 93
0 119 12
0 119 40
0 119 54
0 119 55
0 119 60
0 119 67
0 119 69
0 119 77
0 119 82
0 120 7
0 120 19
0 120 25
0 120 36
0 120 40
0 120 48
0 120 57
0 120 71
0 120 76
0 120 83
0 120 94
0 121 10
0 121 15
0 121 37
0 121 70
0 122 1
0 122 5
0 122 13
0 122 36
0 122 51
0 122 65
0 122 94
0 122 95
0 123 36
0 123 39
0 123 60
0 123 82
0 123 90
0 124 32
0 124 34
0 124 40
0 124 61
0 124 64
0 124 76
0 124 80
0 125 10
0 125 11
0 125 80
0 125 86
0 125 87
0 126 1
0 126 18
0 126 39
0 126 48
0 126 55
0 126 62
0 127 30
0 127 79
0 127 92
0 128 0
0 128 12
0 128 22
0 128 41
0 128 47
0 128 63
0 128 72
0 128 77
0 128 81
0 129 5
0 129 9
0 129 10
0 129 16
0 129 18
0 129 62
0 129 63
0 129 65
0 129 69
0 129 72
0 129 82
0 129 85
0 129 93
0 130 1
0 130 4
0 130 5
0 130 7
0 130 11
0 130 25
0 130 32
0 130 40
0 130 44
0 130 61
0 130 63
0 130 64
0 130 87
0 131 12
0 131 21
0 131 53
0 131 63
0 131 70
0 131 81
0 131 84
0 131 86
0 131 89
0 132 4
0 132 18
0 132 33
0 132 46
0 132 55
0 132 81
0 133 27
0 133 49
0 133 51
0 133 54
0 133 63
0 133 72
0 133 77
0 133 84
1 0 9
1 0 18
1 0 29
1 0 38
1 0 46
1 0 66
1 0 85
1 0 88
1 0 91
1 1 43
1 1 52
1 1 54
1 1 65
1 1 68
1 2 8
1 2 25
1 2 36
1 2 51
1 2 54
1 2 69
1 2 96
1 2 98
1 3 14
1 3 16
1 3 21
1 3 27
1 3 29
1 3 30
1 3 37
1 3 83
1 3 94
1 3 97
1 4 3
1 4 7
1 4 26
1 4 46
1 4 55
1 5 28
1 5 62
1 6 0
1 6 10
1 6 13
1 6 25
1 6 28
1 6 35
1 6 39
1 6 73
1 6 74
1 6 79
1 6 80
1 6 84
1 6 91
1 7 6
1 7 20
1 7 32
1 7 54
1 7 76
1 7 78
1 7 93
1 7 95
1 8 12
1 8 20
1 8 27
1 8 55
1 8 61
1 8 64
1 8 72
1 8 93
1 9 0
1 9 13
1 9 18
1 9 22
1 9 25
1 9 28
1 9 31
1 9 43
1 9 45
1 9 53
1 9 64
1 9 69
1 9 79
1 9 88
1 10 25
1 10 31
1 10 36
1 10 37
1 10 50
1 10 55
1 10 57
1 10 64
1 10 66
1 10 70
1 10 75
1 10 79
1 10 83
1 11 8
1 11 29
1 11 68
1 11 87
1 11 91
1 12 15
1 12 18
1 12 19
1 12 42
1 12 47
1 12 63
1 12 85
1 12 91
1 12 96
1 13 31
1 13 40
1 13 46
1 13 62
1 13 90
1 13 95
1 14 15
1 14 19
1 14 43
1 14 46
1 14 67
1 14 80
1 14 91
1 14 94
1 15 13
1 15 47
1 15 61
1 15 73
1 15 78
1 15 85
1 15 95
1 16 26
1 16 32
1 16 46
1 16 57
1 16 67
1 16 76
1 16 84
1 16 88
1 17 7
1 17 12
1 17 33
1 17 42
1 17 47
1 17 66
1 17 68
1 18 7
1 18 9
1 18 13
1 18 48
1 18 90
1 19 11
1 19 17
1 19 25
1 19 36
1 19 70
1 19 72
1 19 76
1 19 93
1 19 94
1 20 7
1 20 19
1 20 24
1 20 29
1 20 42
1 20 51
1 20 78
1 21 33
1 21 36
1 21 40
1 21 62
1 21 77
1 21 85
1 21 87
1 21 91
1 22 6
1 22 80
1 22 95
1 22 96
1 23 7
1 23 11
1 23 17
1 23 22
1 23 27
1 23 29
1 23 56
1 23 63
1 23 68
1 23 86
1 23 91
1 24 24
1 24 27
1 24 35
1 24 57
1 24 65
1 24 66
1 24 80
1 25 2
1 25 8
1 25 13
1 25 37
1 25 45
1 25 46
1 25 64
1 26 25
1 27 15
1 27 22
1 27 33
1 27 61
1 27 70
1 27 83
1 27 84
1 27 87
1 27 98
1 28 1
1 28 5
1 28 54
1 28 55
1 28 75
1 28 83
1 28 97
1 29 8
1 29 14
1 29 28
1 29 53
1 29 67
1 29 70
1 29 73
1 29 87
1 29 91
1 29 98
1 30 0
1 30 3
1 30 13
1 30 14
1 30 23
1 30 25
1 30 65
1 30 72
1 30 75
1 31 2
1 31 4
1 31 37
1 31 51
1 31 52
1 31 73
1 31 89
1 31 94
1 32 14
1 32 15
1 32 53
1 32 55
1 32 83
1 32 90
1 33 6
1 33 42
1 33 45
1 33 70
1 33 74
1 33 92
1 33 93
1 34 1
1 34 2
1 34 11
1 34 15
1 34 20
1 34 58
1 34 76
1 34 82
1 34 87
1 34 94
1 35 2
1 35 37
1 35 53
1 35 92
1 36 6
1 36 30
1 36 40
1 36 67
1 37 16
1 37 23
1 37 30
1 37 35
1 37 38
1 37 39
1 37 46
1 37 50
1 37 54
1 37 64
1 37 65
1 37 68
1 37 78
1 37 79
1 37 82
1 37 83
1 37 84
1 37 85
1 37 97
1 38 9
1 38 10
1 38 11
1 38 12
1 38 18
1 38 25
1 38 43
1 38 63
1 38 71
1 39 6
1 39 9
1 39 21
1 39 22
1 39 36
1 39 57
1 39 65
1 39 67
1 39 80
1 40 3
1 40 8
1 40 36
1 40 40
1 40 54
1 40 60
1 40 69
1 40 81
1 40 93
1 41 17
1 41 21
1 41 39
1 41 56
1 41 61
1 41 62
1 41 84
1 41 87
1 41 97
1 42 78
1 42 85
1 42 87
1 43 27
1 43 71
1 43 72
1 43 78
1 43 93
1 44 6
1 44 21
1 44 26
1 44 31
1 44 83
1 45 2
1 45 11
1 45 14
1 45 16
1 45 19
1 45 23
1 45 27
1 45 41
1 45 44
1 45 45
1 45 63
1 46 10
1 46 17
1 46 67
1 46 76
1 47 8
1 47 9
1 47 21
1 47 26
1 47 36
1 47 46
1 47 83
1 48 19
1 48 31
1 48 33
1 48 43
1 48 60
1 48 62
1 48 76
1 48 92
1 49 0
1 49 25
1 49 34
1 49 43
1 49 50
1 49 75
1 49 78
1 49 79
1 49 80
1 49 95
1 50 0
1 50 2
1 50 4
1 50 22
1 50 49
1 50 67
1 50 83
1 51 15
1 51 44
1 51 45
1 51 95
1 52 11
1 52 12
1 52 21
1 52 72
1 52 81
1 52 92
1 52 96
1 53 2
1 53 9
1 53 90
1 54 2
1 54 4
1 54 9
1 54 21
1 54 36
1 54 47
1 54 53
1 54 77
1 55 9
1 55 13
1 55 30
1 55 33
1 55 52
1 55 62
1 55 78
1 55 82
1 55 85
1 56 15
1 56 16
1 56 22
1 56 24
1 56 40
1 56 45
1 56 49
1 56 58
1 56 60
1 56 61
1 56 88
1 57 1
1 57 5
1 57 15
1 57 20
1 57 24
1 57 32
1 57 44
1 57 50
1 57 54
1 57 58
1 57 73
1 57 79
1 57 88
1 57 93
1 57 96
1 58 27
1 58 31
1 58 41
1 58 44
1 58 52
1 58 63
1 58 76
1 58 96
1 59 7
1 59 34
1 59 37
1 59 40
1 59 50
1 59 60
1 59 62
1 59 68
1 59 78
1 60 5
1 60 23
1 60 34
1 60 46
1 60 50
1 60 54
1 60 68
1 60 80
1 61 28
1 61 30
1 61 47
1 61 86
1 61 95
1 62 7
1 62 20
1 62 67
1 62 84
1 63 6
1 63 14
1 63 22
1 63 40
1 63 46
1 63 48
1 63 49
1 63 64
1 63 74
1 64 4
1 64 11
1 64 23
1 64 26
1 64 27
1 64 36
1 64 58
1 64 63
1 64 69
1 64 87
1 64 88
1 64 92
1 65 8
1 65 20
1 65 25
1 65 47
1 65 48
1 65 53
1 65 54
1 65 79
1 65 89
1 65 96
1 66 1
1 66 22
1 66 57
1 66 60
1 66 63
1 66 85
1 66 91
1 67 11
1 67 16
1 67 27
1 67 33
1 67 41
1 67 47
1 67 53
1 67 79
1 67 81
1 67 82
1 67 84
1 68 36
1 68 45
1 68 49
1 68 57
1 68 65
1 68 72
1 68 79
1 68 83
1 69 23
1 69 40
1 69 41
1 69 46
1 69 50
1 69 57
1 69 78
1 69 94
1 70 5
1 70 26
1 70 54
1 70 85
1 70 96
1 71 26
1 71 63
1 71 85
1 72 6
1 72 42
1 72 71
1 72 81
1 72 82
1 73 27
1 73 38
1 73 45
1 73 70
1 73 83
1 73 89
1 73 98
1 74 3
1 74 15
1 74 19
1 74 21
1 74 35
1 74 37
1 74 57
1 74 72
1 75 4
1 75 20
1 75 34
1 75 35
1 75 49
1 75 91
1 76 3
1 76 8
1 76 84
1 76 92
1 76 97
1 77 53
1 77 57
1 77 67
1 77 69
1 77 72
1 77 76
1 77 80
1 77 89
1 77 97
1 78 2
1 78 3
1 78 8
1 78 15
1 78 34
1 78 52
1 78 63
1 78 66
1 78 67
1 78 83
1 78 85
1 78 87
1 78 90
1 78 91
1 78 93
1 78 97
1 79 0
1 79 2
1 79 30
1 79 38
1 79 47
1 79 50
1 79 51
1 79 89
1 80 8
1 80 44
1 80 62
1 80 85
1 81 2
1 81 5
1 81 7
1 81 46
1 81 53
1 81 69
1 81 71
1 81 91
1 81 95
1 82 18
1 82 21
1 82 23
1 82 25
1 82 26
1 82 28
1 82 37
1 82 55
1 82 69
1 82 89
1 83 6
1 83 14
1 83 18
1 83 31
1 83 35
1 83 47
1 83 68
1 83 69
1 83 75
1 83 92
1 84 2
1 84 7
1 84 10
1 84 11
1 84 18
1 84 19
1 84 33
1 84 41
1 84 52
1 84 60
1 84 79
1 84 81
1 84 92
1 85 0
1 85 12
1 85 14
1 85 20
1 85 34
1 85 40
1 85 45
1 85 61
1 85 68
1 85 85
1 85 88
1 86 2
1 86 6
1 86 50
1 86 52
1 86 95
1 87 8
1 87 12
1 87 13
1 87 17
1 87 59
1 87 73
1 87 97
1 88 5
1 88 6
1 88 9
1 88 14
1 88 31
1 88 48
1 88 50
1 88 53
1 88 71
1 88 78
1 88 86
1 88 92
1 88 94
1 89 1
1 89 6
1 89 14
1 89 34
1 89 38
1 90 3
1 90 29
1 90 47
1 90 53
1 90 57
1 90 60
1 90 72
1 90 94
1 90 98
1 91 11
1 91 18
1 91 54
1 91 58
1 91 72
1 91 81
1 91 85
1 92 4
1 92 16
1 92 18
1 92 43
1 92 53
1 92 58
1 92 65
1 92 78
1 92 87
1 92 96
1 93 8
1 93 9
1 93 22
1 93 58
1 93 61
1 93 64
1 93 67
1 93 72
1 93 88
1 94 7
1 94 16
1 94 34
1 94 38
1 94 41
1 94 59
1 94 65
1 94 71
1 95 8
1 95 13
1 95 25
1 95 29
1 95 73
1 95 81
2 0 11
2 0 12
2 0 55
2 0 71
2 0 73
2 0 82
2 0 83
2 0 88
2 0 103
2 0 106
2 0 116
2 0 117
2 0 126
2 0 149
2 0 154
2 1 5
2 1 10
2 1 38
2 1 60
2 1 120
2 1 122
2 1 153
2 2 29
2 2 53
2 2 75
2 2 79
2 2 120
2 2 126
2 2 133
2 2 136
2 3 12
2 3 24
2 3 26
2 3 41
2 3 49
2 3 83
2 3 99
2 3 111
2 3 123
2 3 133
2 4 15
2 4 18
2 4 24
2 4 33
2 4 56
2 4 73
2 4 99
2 4 104
2 4 121
2 4 125
2 4 127
2 4 130
2 4 140
2 4 144
2 5 2
2 5 6
2 5 10
2 5 15
2 5 18
2 5 37
2 5 113
2 5 115
2 5 141
2 5 142
2 6 3
2 6 19
2 6 20
2 6 25
2 6 28
2 6 56
2 6 71
2 6 77
2 6 113
2 7 2
2 7 3
2 7 18
2 7 25
2 7 28
2 7 33
2 7 76
2 7 79
2 7 85
2 7 92
2 7 95
2 7 126
2 7 130
2 8 28
2 8 57
2 8 63
2 8 78
2 8 92
2 8 118
2 8 120
2 8 155
2 9 3
2 9 13
2 9 21
2 9 42
2 9 47
2 9 73
2 9 76
2 9 96
2 9 97
2 9 100
2 9 107
2 9 108
2 9 121
2 10 2
2 10 18
2 10 30
2 10 34
2 10 61
2 10 80
2 10 84
2 10 89
2 10 111
2 10 114
2 10 127
2 10 129
2 10 150
2 10 151
2 10 153
2 11 2
2 11 8
2 11 15
2 11 29
2 11 33
2 11 38
2 11 94
2 11 112
2 11 126
2 11 137
2 11 139
2 11 140
2 12 1
2 12 23
2 12 39
2 12 43
2 12 49
2 12 69
2 12 70
2 12 76
2 12 81
2 12 109
2 12 112
2 12 124
2 12 126
2 13 19
2 13 42
2 13 47
2 13 53
2 13 68
2 13 69
2 13 76
2 13 82
2 13 87
2 13 95
2 13 99
2 13 115
2 13 122
2 13 124
2 13 132
2 13 140
2 13 145
2 13 148
2 14 4
2 14 8
2 14 38
2 14 56
2 14 75
2 14 84
2 14 94
2 14 114
2 14 153
2 15 33
2 15 52
2 15 61
2 15 63
2 15 74
2 15 96
2 15 104
2 15 107
2 15 127
2 15 140
2 16 4
2 16 14
2 16 19
2 16 23
2 16 64
2 16 86
2 16 97
2 16 99
2 16 103
2 16 134
2 17 1
2 17 44
2 17 48
2 17 58
2 17 62
2 17 88
2 17 92
2 17 111
2 17 138
2 17 143
2 17 145
2 18 25
2 18 35
2 18 36
2 18 38
2 18 62
2 18 64
2 18 65
2 18 88
2 18 98
2 18 103
2 18 104
2 18 105
2 18 108
2 18 126
2 19 11
2 19 23
2 19 30
2 19 92
2 19 93
2 19 95
2 19 98
2 19 130
2 19 131
2 20 6
2 20 38
2 20 46
2 20 50
2 20 76
2 20 84
2 20 111
2 20 132
2 20 135
2 21 3
2 21 12
2 21 27
2 21 34
2 21 36
2 21 41
2 21 54
2 21 57
2 21 79
2 21 85
2 21 87
2 21 98
2 21 101
2 21 125
2 21 126
2 21 135
2 21 154
2 22 9
2 22 52
2 22 63
2 22 69
2 22 122
2 22 131
2 22 136
2 22 141
2 22 152
2 22 153
2 23 31
2 23 43
2 23 66
2 23 88
2 23 114
2 23 138
2 24 5
2 24 21
2 24 25
2 24 63
2 24 81
2 24 83
2 24 92
2 24 93
2 24 105
2 24 125
2 24 135
2 24 145
2 24 152
2 25 14
2 25 29
2 25 41
2 25 46
2 25 48
2 25 67
2 25 68
2 25 76
2 25 92
2 25 93
2 25 102
2 25 111
2 25 117
2 25 124
2 25 152
2 26 24
2 26 49
2 26 54
2 26 59
2 26 65
2 26 69
2 26 79
2 26 81
2 26 87
2 26 123
2 26 146
2 26 147
2 27 22
2 27 25
2 27 47
2 27 50
2 27 59
2 27 78
2 27 86
2 27 87
2 27 107
2 27 117
2 27 125
2 27 152
2 28 0
2 28 1
2 28 7
2 28 22
2 28 24
2 28 26
2 28 33
2 28 51
2 28 79
2 28 110
2 28 119
2 28 120
2 28 136
2 28 140
2 28 142
2 29 14
2 29 33
2 29 40
2 29 51
2 29 56
2 29 90
2 29 100
2 29 111
2 29 115
2 29 118
2 29 126
2 29 131
2 30 13
2 30 28
2 30 38
2 30 50
2 30 63
2 30 68
2 30 91
2 30 116
2 30 125
2 30 153
2 31 0
2 31 2
2 31 28
2 31 40
2 31 72
2 31 90
2 31 101
2 31 103
2 31 106
2 31 108
2 31 129
2 32 5
2 32 9
2 32 15
2 32 35
2 32 45
2 32 50
2 32 56
2 32 58
2 32 85
2 32 88
2 32 102
2 32 135
2 32 139
2 33 0
2 33 1
2 33 2
2 33 6
2 33 16
2 33 45
2 33 62
2 33 89
2 33 90
2 34 17
2 34 30
2 34 31
2 34 37
2 34 42
2 34 45
2 34 53
2 34 54
2 34 62
2 34 72
2 34 73
2 34 75
2 34 79
2 34 107
2 34 114
2 34 118
2 34 123
2 34 129
2 34 130
2 34 144
2 34 151
2 35 9
2 35 18
2 35 32
2 35 59
2 35 65
2 35 78
2 35 81
2 35 83
2 35 84
2 35 97
2 35 98
2 35 107
2 35 110
2 35 114
2 35 138
2 35 152
2 36 1
2 36 19
2 36 29
2 36 31
2 36 59
2 36 63
2 36 70
2 36 75
2 36 77
2 36 78
2 36 95
2 36 112
2 36 118
2 37 28
2 37 31
2 37 41
2 37 49
2 37 59
2 37 64
2 37 74
2 37 106
2 37 122
2 37 136
2 37 142
2 37 146
2 38 1
2 38 5
2 38 19
2 38 20
2 38 44
2 38 56
2 38 92
2 38 97
2 38 125
2 38 133
2 38 135
2 38 149
2 38 155
2 39 19
2 39 85
2 39 94
2 39 100
2 39 112
2 39 113
2 39 120
2 39 131
2 39 132
2 39 135
2 39 136
2 39 141
2 39 145
2 39 147
2 39 149
2 40 11
2 40 21
2 40 39
2 40 53
2 40 59
2 40 67
2 40 73
2 40 77
2 40 112
2 40 130
2 40 142
2 40 143
2 40 149
2 41 19
2 41 26
2 41 33
2 41 40
2 41 60
2 41 61
2 41 63
2 41 87
2 41 92
2 41 117
2 41 126
2 41 150
2 41 152
2 42 14
2 42 23
2 42 31
2 42 53
2 42 60
2 42 68
2 42 74
2 42 92
2 42 104
2 42 111
2 42 114
2 42 117
2 43 6
2 43 36
2 43 63
2 43 65
2 43 73
2 43 75
2 43 116
2 43 118
2 43 119
2 43 123
2 43 126
2 43 128
2 43 138
2 43 148
2 43 152
2 44 8
2 44 34
2 44 37
2 44 62
2 44 70
2 44 95
2 44 106
2 44 128
2 44 133
2 44 137
2 44 139
2 44 140
2 44 155
2 45 7
2 45 21
2 45 29
2 45 69
2 45 71
2 45 91
2 45 97
2 45 122
2 45 123
2 45 127
2 45 146
2 46 26
2 46 114
2 46 120
2 46 124
2 46 128
2 46 142
2 47 15
2 47 18
2 47 32
2 47 38
2 47 51
2 47 59
2 47 61
2 47 74
2 47 95
2 47 108
2 47 109
2 48 3
2 48 29
2 48 52
2 48 74
2 48 111
2 48 125
2 48 126
2 48 132
2 48 147
2 48 153
2 48 155
2 49 4
2 49 23
2 49 53
2 49 79
2 49 80
2 49 81
2 49 96
2 49 98
2 49 117
2 49 118
2 49 131
2 49 132
2 49 134
2 49 136
2 49 139
2 49 151
2 50 10
2 50 12
2 50 21
2 50 48
2 50 73
2 50 92
2 50 106
2 50 118
2 50 134
2 50 155
2 51 5
2 51 27
2 51 35
2 51 42
2 51 87
2 51 128
2 51 140
2 52 5
2 52 23
2 52 26
2 52 35
2 52 49
2 52 51
2 52 71
2 52 77
2 52 80
2 52 87
2 52 88
2 52 92
2 52 94
2 52 122
2 52 139
2 52 147
2 52 154
2 53 4
2 53 5
2 53 30
2 53 34
2 53 43
2 53 44
2 53 52
2 53 58
2 53 60
2 53 61
2 53 66
2 53 78
2 53 79
2 53 83
2 53 94
2 53 120
2 53 129
2 53 136
2 53 141
2 54 18
2 54 27
2 54 38
2 54 39
2 54 55
2 54 67
2 54 78
2 54 80
2 54 104
2 54 117
2 55 36
2 55 47
2 55 54
2 55 71
2 55 109
2 55 121
2 55 134
2 55 146
2 55 149
2 56 11
2 56 14
2 56 31
2 56 78
2 56 79
2 56 127
2 57 15
2 57 25
2 57 31
2 57 39
2 57 70
2 57 71
2 57 72
2 57 80
2 57 90
2 57 118
2 57 151
2 58 4
2 58 16
2 58 32
2 58 37
2 58 42
2 58 46
2 58 69
2 58 80
2 58 87
2 58 88
2 58 92
2 58 94
2 58 106
2 58 109
2 58 111
2 58 114
2 58 120
2 58 144
2 58 147
2 58 155
2 59 4
2 59 10
2 59 21
2 59 66
2 59 71
2 59 72
2 59 83
2 59 89
2 59 95
2 59 112
2 59 116
2 59 119
2 59 123
2 59 142
2 60 1
2 60 6
2 60 46
2 60 78
2 60 88
2 60 99
2 60 102
2 60 114
2 60 124
2 60 129
2 60 130
2 60 132
2 60 144
2 60 151
2 60 152
2 61 14
2 61 27
2 61 43
2 61 51
2 61 58
2 61 63
2 61 65
2 61 68
2 61 71
2 61 78
2 61 84
2 61 89
2 61 92
2 61 105
2 61 107
2 61 124
2 61 125
2 61 148
2 61 150
2 62 13
2 62 23
2 62 36
2 62 50
2 62 65
2 62 69
2 62 71
2 62 82
2 62 103
2 62 106
2 62 109
2 62 135
2 62 136
2 63 13
2 63 16
2 63 17
2 63 23
2 63 42
2 63 52
2 63 56
2 63 66
2 63 87
2 63 91
2 63 116
2 63 126
2 63 153
2 64 5
2 64 16
2 64 27
2 64 39
2 64 48
2 64 53
2 64 62
2 64 71
2 64 78
2 64 99
2 64 108
2 64 116
2 64 133
2 64 145
2 64 149
2 64 154
2 65 0
2 65 1
2 65 2
2 65 15
2 65 16
2 65 21
2 65 81
2 65 100
2 65 102
2 65 105
2 65 122
2 65 133
2 65 150
2 65 153
2 66 4
2 66 26
2 66 33
2 66 50
2 66 68
2 66 77
2 66 86
2 66 99
2 66 109
2 66 136
2 66 139
2 66 143
2 67 0
2 67 1
2 67 4
2 67 41
2 67 46
2 67 51
2 67 53
2 67 67
2 67 73
2 67 79
2 67 102
2 67 119
2 67 120
2 67 126
2 67 140
2 67 146
2 68 6
2 68 11
2 68 21
2 68 23
2 68 31
2 68 34
2 68 43
2 68 87
2 68 93
2 68 94
2 68 96
2 68 99
2 68 107
2 68 119
2 68 140
2 69 2
2 69 10
2 69 14
2 69 21
2 69 25
2 69 30
2 69 37
2 69 42
2 69 61
2 69 69
2 69 143
2 69 148
2 69 154
2 70 15
2 70 16
2 70 23
2 70 49
2 70 54
2 70 64
2 70 67
2 70 76
2 70 78
2 70 115
2 70 120
2 70 138
2 70 146
2 71 9
2 71 18
2 71 21
2 71 57
2 71 60
2 71 70
2 71 81
2 71 94
2 71 96
2 71 97
2 71 103
2 71 106
2 71 110
2 71 111
2 71 155
2 72 41
2 72 56
2 72 76
2 72 78
2 72 126
2 72 137
2 72 140
2 72 152
2 73 9
2 73 16
2 73 17
2 73 48
2 73 50
2 73 55
2 73 68
2 73 125
2 73 132
2 73 139
2 73 146
2 74 5
2 74 9
2 74 15
2 74 25
2 74 33
2 74 38
2 74 39
2 74 58
2 74 82
2 74 92
2 74 96
2 74 123
2 74 131
2 74 133
2 75 7
2 75 16
2 75 62
2 75 63
2 75 85
2 75 91
2 75 118
2 75 127
2 75 133
2 75 136
2 75 143
2 75 155
2 76 30
2 76 68
2 76 71
2 76 77
2 76 94
2 76 99
2 76 128
2 76 131
2 76 147
2 76 148
2 76 149
2 77 10
2 77 14
2 77 20
2 77 21
2 77 30
2 77 38
2 77 53
2 77 54
2 77 65
2 77 83
2 77 106
2 77 117
2 77 154
2 78 2
2 78 17
2 78 19
2 78 41
2 78 52
2 78 62
2 78 92
2 78 107
2 78 108
2 78 135
2 78 142
2 79 13
2 79 19
2 79 27
2 79 36
2 79 48
2 79 65
2 79 71
2 79 72
2 79 82
2 79 93
2 79 111
2 79 112
2 79 126
2 79 142
2 79 144
2 79 154
2 79 155
2 80 2
2 80 7
2 80 19
2 80 27
2 80 35
2 80 43
2 80 54
2 80 57
2 80 75
2 80 78
2 80 102
2 81 7
2 81 8
2 81 40
2 81 50
2 81 59
2 81 82
2 81 85
2 81 93
2 81 102
2 81 106
2 81 154
2 82 32
2 82 48
2 82 49
2 82 63
2 82 81
2 82 83
2 82 130
2 82 141
2 82 146
2 83 0
2 83 16
2 83 20
2 83 36
2 83 61
2 83 83
2 83 84
2 83 89
2 83 102
2 83 122
2 83 126
2 83 127
2 84 1
2 84 18
2 84 37
2 84 43
2 84 46
2 84 77
2 84 86
2 84 91
2 84 106
2 84 138
2 84 148
2 84 153
2 85 0
2 85 10
2 85 12
2 85 34
2 85 37
2 85 52
2 85 54
2 85 75
2 85 77
2 85 88
2 85 94
2 85 99
2 85 107
2 86 10
2 86 37
2 86 44
2 86 79
2 86 90
2 86 94
2 86 102
2 86 105
2 86 111
2 86 127
2 86 131
2 87 13
2 87 24
2 87 29
2 87 80
2 87 83
2 87 111
2 87 113
2 87 116
2 87 130
2 87 135
2 87 143
2 87 155
2 88 35
2 88 36
2 88 43
2 88 64
2 88 95
2 88 124
2 88 125
2 88 142
2 88 145
2 89 16
2 89 43
2 89 47
2 89 85
2 89 104
2 89 113
2 89 114
2 89 117
2 89 119
2 89 134
2 89 142
2 90 6
2 90 8
2 90 19
2 90 24
2 90 34
2 90 59
2 90 70
2 90 86
2 90 91
2 90 106
2 90 116
2 90 120
2 90 140
2 91 2
2 91 13
2 91 21
2 91 27
2 91 32
2 91 33
2 91 76
2 91 79
2 91 114
2 91 130
2 91 141
2 92 19
2 92 27
2 92 28
2 92 37
2 92 45
2 92 60
2 92 65
2 92 72
2 92 101
2 92 136
2 92 140
2 93 3
2 93 29
2 93 31
2 93 90
2 93 102
2 93 105
2 93 106
2 93 123
2 93 125
2 93 137
2 93 149
2 93 150
2 93 152
2 93 154
2 94 6
2 94 14
2 94 17
2 94 20
2 94 36
2 94 55
2 94 58
2 94 80
2 94 83
2 94 84
2 94 86
2 94 113
2 94 133
2 94 134
2 94 153
2 95 38
2 95 42
2 95 59
2 95 104
2 95 113
2 95 125
2 96 4
2 96 37
2 96 50
2 96 84
2 96 97
2 96 104
2 96 132
2 96 133
2 96 142
2 96 143
2 96 146
2 97 16
2 97 19
2 97 21
2 97 29
2 97 46
2 97 57
2 97 92
2 97 94
2 97 125
2 97 143
2 98 5
2 98 9
2 98 65
2 98 78
2 98 80
2 98 92
2 98 122
2 98 126
3 0 0
3 0 25
3 0 28
3 0 36
3 0 42
3 0 53
3 0 61
3 0 62
3 0 67
3 0 77
3 0 79
3 0 95
3 1 1
3 1 17
3 1 30
3 1 31
3 1 33
3 1 38
3 1 51
3 1 61
3 1 62
3 1 80
3 1 81
3 1 91
3 1 113
3 2 14
3 2 32
3 2 37
3 2 67
3 2 73
3 2 75
3 2 83
3 2 87
3 2 91
3 2 98
3 2 101
3 2 102
3 3 5
3 3 7
3 3 56
3 3 59
3 3 69
3 3 101
3 4 4
3 4 13
3 4 17
3 4 21
3 4 23
3 4 59
3 4 68
3 4 94
3 4 106
3 4 113
3 5 2
3 5 36
3 5 50
3 5 77
3 5 89
3 5 91
3 5 102
3 6 6
3 6 7
3 6 14
3 6 17
3 6 29
3 6 38
3 6 72
3 6 76
3 6 97
3 7 8
3 7 11
3 7 18
3 7 22
3 7 39
3 7 82
3 7 85
3 8 6
3 8 34
3 8 73
3 9 29
3 9 38
3 9 40
3 9 74
3 9 83
3 9 90
3 10 3
3 10 12
3 10 29
3 10 32
3 10 38
3 10 55
3 10 83
3 10 89
3 10 90
3 11 9
3 11 19
3 11 28
3 11 31
3 11 33
3 11 91
3 12 2
3 12 14
3 12 20
3 12 48
3 12 61
3 12 65
3 12 72
3 12 91
3 13 0
3 13 8
3 13 29
3 13 43
3 13 61
3 13 77
3 13 82
3 13 88
3 13 100
3 13 111
3 14 2
3 14 13
3 14 20
3 14 25
3 14 27
3 14 48
3 14 65
3 14 99
3 14 112
3 15 33
3 15 49
3 15 51
3 15 74
3 15 75
3 15 77
3 16 4
3 16 8
3 16 21
3 16 27
3 16 33
3 16 45
3 16 46
3 16 49
3 16 51
3 16 73
3 16 75
3 16 89
3 17 4
3 17 10
3 17 19
3 17 26
3 17 68
3 17 70
3 17 75
3 17 80
3 17 88
3 18 12
3 18 15
3 18 18
3 18 31
3 18 34
3 18 85
3 18 102
3 18 104
3 18 110
3 19 9
3 19 29
3 19 57
3 19 73
3 19 90
3 19 102
3 19 113
3 20 23
3 20 38
3 20 45
3 20 75
3 20 95
3 20 98
3 20 110
3 21 25
3 21 27
3 21 40
3 21 48
3 21 73
3 21 79
3 21 80
3 21 81
3 21 86
3 21 100
3 22 1
3 22 63
3 22 68
3 22 75
3 22 92
3 22 113
3 23 15
3 23 24
3 23 64
3 23 76
3 23 88
3 23 97
3 24 7
3 24 24
3 24 25
3 24 26
3 24 28
3 24 35
3 24 41
3 24 42
3 24 58
3 24 73
3 24 96
3 24 98
3 24 100
3 25 2
3 25 21
3 25 23
3 25 24
3 25 52
3 25 60
3 25 68
3 25 73
3 25 87
3 25 114
3 26 37
3 26 54
3 26 62
3 26 78
3 26 85
3 26 91
3 26 95
3 26 100
3 26 104
3 26 108
3 27 2
3 27 14
3 27 18
3 27 26
3 27 32
3 27 34
3 27 44
3 27 49
3 27 70
3 27 84
3 27 90
3 27 107
3 28 4
3 28 11
3 28 13
3 28 17
3 28 19
3 28 29
3 28 32
3 28 45
3 28 71
3 28 89
3 29 5
3 29 9
3 29 17
3 29 18
3 29 20
3 29 37
3 29 53
3 29 98
3 30 5
3 30 23
3 30 27
3 30 45
3 30 47
3 30 54
3 30 64
3 30 78
3 30 85
3 30 113
3 31 7
3 31 15
3 31 38
3 31 57
3 31 59
3 32 39
3 32 56
3 32 60
3 32 63
3 32 64
3 32 74
3 32 101
3 32 106
3 32 108
3 32 111
3 32 114
3 33 17
3 33 19
3 33 72
3 33 78
3 33 93
3 34 11
3 34 12
3 34 31
3 34 44
3 34 54
3 34 78
3 35 11
3 35 52
3 35 53
3 35 60
3 35 99
3 36 4
3 36 5
3 36 21
3 36 26
3 36 40
3 36 54
3 36 59
3 36 74
3 36 88
3 36 99
3 36 103
3 36 104
3 36 105
3 37 13
3 37 16
3 37 17
3 37 33
3 37 37
3 37 46
3 37 59
3 37 71
3 37 95
3 38 0
3 38 1
3 38 7
3 38 14
3 38 16
3 38 19
3 38 42
3 38 49
3 38 62
3 38 74
3 38 79
3 38 89
3 38 100
3 38 107
3 39 6
3 39 11
3 39 13
3 39 19
3 39 32
3 39 43
3 39 47
3 39 51
3 39 54
3 39 101
3 39 105
3 40 21
3 40 36
3 40 46
3 40 48
3 40 53
3 40 60
3 40 70
3 40 71
3 40 83
3 41 1
3 41 5
3 41 36
3 41 42
3 41 53
3 41 59
3 41 65
3 41 67
3 41 85
3 41 107
3 42 4
3 42 15
3 42 33
3 42 34
3 42 75
3 42 80
3 42 87
3 42 97
3 43 4
3 43 8
3 43 26
3 43 32
3 43 41
3 43 69
3 43 70
3 43 73
3 43 87
3 43 88
3 43 106
3 44 12
3 44 37
3 44 47
3 44 61
3 44 62
3 44 72
3 45 7
3 45 18
3 45 19
3 45 22
3 45 32
3 45 36
3 45 39
3 45 42
3 45 50
3 45 98
3 45 108
3 46 12
3 46 25
3 46 35
3 46 48
3 46 60
3 47 16
3 47 31
3 47 32
3 47 51
3 47 55
3 47 69
3 47 74
3 47 76
3 47 84
3 48 0
3 48 10
3 48 34
3 48 39
3 48 63
3 48 102
3 48 106
3 49 4
3 49 17
3 49 28
3 49 57
3 49 73
3 49 79
3 49 97
3 49 98
3 49 109
3 49 113
3 50 43
3 50 52
3 50 73
3 50 81
3 50 93
3 50 104
3 51 58
3 51 71
3 51 83
3 51 84
3 51 97
3 51 108
3 52 0
3 52 7
3 52 32
3 52 37
3 52 44
3 52 45
3 52 77
3 52 100
3 53 8
3 53 14
3 53 53
3 53 73
3 53 86
3 53 91
3 53 97
3 53 99
3 53 110
3 53 111
3 54 0
3 54 3
3 54 15
3 54 23
3 54 26
3 54 30
3 54 42
3 54 48
3 54 60
3 54 63
3 54 84
3 54 86
3 54 98
3 54 111
3 54 112
3 55 1
3 55 5
3 55 17
3 55 22
3 55 28
3 55 43
3 55 57
3 55 97
3 55 112
3 56 22
3 56 23
3 56 27
3 56 30
3 56 53
3 56 56
3 56 70
3 56 78
3 56 83
3 56 94
3 57 2
3 57 9
3 57 18
3 57 21
3 57 60
3 57 67
3 57 68
3 57 76
3 57 83
3 57 106
3 58 1
3 58 7
3 58 10
3 58 27
3 58 33
3 58 38
3 58 48
3 58 53
3 58 58
3 58 104
3 59 6
3 59 17
3 59 24
3 59 32
3 59 36
3 59 57
3 59 66
3 59 82
3 59 84
3 59 91
3 59 98
3 59 109
3 60 13
3 60 22
3 60 23
3 60 29
3 60 31
3 60 40
3 60 85
3 60 86
3 60 88
3 60 104
3 61 37
3 61 50
3 61 100
3 62 11
3 62 18
3 62 62
3 62 67
3 62 78
3 62 84
3 62 85
3 62 105
3 62 109
3 63 22
3 63 24
3 63 33
3 63 80
3 63 90
3 64 7
3 64 65
3 64 79
3 64 83
3 64 84
3 64 94
3 64 114
3 65 2
3 65 13
3 65 28
3 65 31
3 65 33
3 65 46
3 65 54
3 65 58
3 65 99
3 65 100
3 66 12
3 66 28
3 66 33
3 66 37
3 66 72
3 66 85
3 66 86
3 66 94
3 66 95
3 66 113
3 67 15
3 67 52
3 67 89
3 67 94
3 67 97
3 67 104
3 68 25
3 68 28
3 68 32
3 68 40
3 68 61
3 68 67
3 68 76
3 68 84
3 68 93
3 69 0
3 69 3
3 69 4
3 69 9
3 69 10
3 69 13
3 69 17
3 69 47
3 69 60
3 69 64
3 69 66
3 69 79
3 69 81
3 69 95
3 69 100
3 69 105
3 70 0
3 70 28
3 70 45
3 70 46
3 70 48
3 70 68
3 70 73
3 70 88
3 70 98
3 71 3
3 71 13
3 71 17
3 71 19
3 71 25
3 71 59
3 71 71
3 71 76
3 71 77
3 71 99
3 72 62
3 72 67
3 72 80
3 72 95
3 72 106
3 73 29
3 73 30
3 73 35
3 73 89
3 73 99
3 73 106
3 74 7
3 74 11
3 74 19
3 74 25
3 74 26
3 74 50
3 74 52
3 74 54
3 74 59
3 74 63
3 74 80
3 74 91
3 74 99
3 74 105
3 75 19
3 75 22
3 75 87
3 75 90
3 75 100
3 75 113
3 76 5
3 76 6
3 76 18
3 76 28
3 76 32
3 76 42
3 76 73
3 76 112
3 77 1
3 77 8
3 77 11
3 77 38
3 77 43
3 77 50
3 77 68
3 77 100
3 77 103
3 77 106
3 77 113
3 78 5
3 78 33
3 78 36
3 78 42
3 78 59
3 78 64
3 78 89
3 78 96
3 78 102
3 79 4
3 79 6
3 79 31
3 79 40
3 79 44
3 79 58
3 79 69
3 79 76
3 79 81
3 79 99
3 79 108
3 79 109
3 80 23
3 80 30
3 80 34
3 80 38
3 80 46
3 80 69
3 80 72
3 80 88
3 80 98
3 80 104
3 80 105
3 80 106
3 80 107
3 80 108
3 81 5
3 81 7
3 81 8
3 81 25
3 81 41
3 81 105
3 82 4
3 82 11
3 82 13
3 82 39
3 82 46
3 82 74
3 82 77
3 82 92
3 82 106
3 82 108
3 82 113
3 83 35
3 83 61
3 83 66
3 83 68
3 83 71
3 83 112
3 83 114
3 84 0
3 84 14
3 84 36
3 84 46
3 84 51
3 84 62
3 84 66
3 84 69
3 84 82
3 84 84
3 84 88
3 84 93
3 84 98
3 84 100
3 84 111
3 85 11
3 85 13
3 85 14
3 85 18
3 85 26
3 85 34
3 85 47
3 85 49
3 85 51
3 85 57
3 85 65
3 85 71
3 85 100
3 85 114
3 86 37
3 86 42
3 86 67
3 86 71
3 86 76
3 86 114
3 87 22
3 87 40
3 87 43
3 87 51
3 87 53
3 87 60
3 87 95
3 87 98
3 87 100
3 87 105
3 88 6
3 88 14
3 88 26
3 88 50
3 88 53
3 88 69
3 88 92
3 88 93
3 89 4
3 89 12
3 89 16
3 89 17
3 89 26
3 89 46
3 89 89
3 89 93
3 89 97
3 89 113
3 90 16
3 90 40
3 90 41
3 90 52
3 90 68
3 90 84
3 90 89
3 90 99
3 90 110
3 91 18
3 91 27
3 91 29
3 91 31
3 91 35
3 91 45
3 91 56
3 91 66
3 91 83
3 91 93
3 92 13
3 92 14
3 92 54
3 92 67
3 92 74
3 92 79
3 92 85
3 92 86
3 92 103
3 92 111
3 93 18
3 93 28
3 93 49
3 93 85
3 93 89
3 93 105
3 94 62
3 94 63
3 94 67
3 94 92
3 94 108
3 94 111
3 95 7
3 95 10
3 95 14
3 95 35
3 95 36
3 95 44
3 95 88
3 95 97
3 95 111
3 95 113
3 96 7
3 96 9
3 96 12
3 96 14
3 96 24
3 96 46
3 96 72
3 96 78
3 96 80
3 96 99
3 96 102
3 96 112
3 97 22
3 97 27
3 97 39
3 97 45
3 97 52
3 97 94
3 97 103
3 98 6
3 98 27
3 98 43
3 98 69
3 98 96
3 98 110
3 99 4
3 99 11
3 99 22
3 99 23
3 99 32
3 99 54
3 99 87
3 99 100
3 100 5
3 100 7
3 100 12
3 100 25
3 100 31
3 100 38
3 100 63
3 100 68
3 100 85
3 100 102
3 100 104
3 101 37
3 101 61
3 101 74
3 101 87
3 101 88
3 101 102
3 102 14
3 102 43
3 102 75
3 103 14
3 103 19
3 103 63
3 103 79
3 103 82
3 103 98
3 104 37
3 104 41
3 104 78
3 104 81
3 104 93
3 104 109
3 104 110
3 104 111
3 105 36
3 105 39
3 105 51
3 105 76
3 105 110
3 106 9
3 106 23
3 106 24
3 106 43
3 106 46
3 106 48
3 106 55
3 106 91
3 106 93
3 106 96
3 106 114
3 107 10
3 107 44
3 107 48
3 107 59
3 107 103
3 107 106
3 108 16
3 108 29
3 108 33
3 108 81
3 108 97
3 108 102
3 108 109
3 108 110
3 109 6
3 109 19
3 109 22
3 109 40
3 109 45
3 109 100
3 110 4
3 110 26
3 110 39
3 110 44
3 110 80
3 110 104
3 110 106
3 110 111
3 111 18
3 111 27
3 111 35
3 111 65
3 111 67
3 111 72
3 111 77
3 111 93
3 111 94
3 112 0
3 112 2
3 112 30
3 112 35
3 112 44
3 112 64
3 112 69
3 112 70
3 112 90
3 112 91
3 112 92
3 112 114
3 113 1
3 113 15
3 113 16
3 113 19
3 113 36
3 113 67
3 113 72
3 113 104
3 114 35
3 114 43
3 114 50
3 114 51
3 114 62
3 114 83
3 114 92
3 114 104
3 114 106
3 115 1
3 115 12
3 115 41
3 115 79
3 115 81
3 116 4
3 116 8
3 116 20
3 116 32
3 116 55
3 116 60
3 116 108
3 117 1
3 117 7
3 117 10
3 117 26
3 117 49
3 117 57
3 117 58
3 117 62
3 117 82
3 117 85
3 117 87
3 117 103
3 117 108
3 118 12
3 118 27
3 118 28
3 118 43
3 118 64
3 118 65
3 118 90
3 118 96
3 118 109
3 119 4
3 119 19
3 119 27
3 119 41
3 119 47
3 119 50
3 119 79
3 119 95
3 119 96
3 119 104
3 119 110
3 120 3
3 120 6
3 120 10
3 120 18
3 120 28
3 120 38
3 120 63
3 120 64
3 120 74
3 120 76
3 120 81
3 120 102
3 120 106
3 120 112
3 121 18
3 121 19
3 121 27
3 121 29
3 121 72
3 121 73
3 121 78
3 121 93
3 121 103
3 121 105
3 122 2
3 122 15
3 122 29
3 122 42
3 122 47
3 122 49
3 122 50
3 122 62
3 122 112
3 122 113
3 123 3
3 123 30
3 123 35
3 123 66
3 123 79
3 123 84
3 123 107
3 124 2
3 124 27
3 124 30
3 124 54
3 124 78
3 124 84
3 124 105
3 124 112
3 125 1
3 125 19
3 125 24
3 125 29
3 125 78
3 125 88
3 125 90
3 125 93
3 125 99
3 125 113
3 125 114
3 126 18
3 126 35
3 126 88
3 126 100
3 127 4
3 127 13
3 127 14
3 127 20
3 127 27
3 127 45
3 127 48
3 127 63
3 127 74
3 127 87
3 127 114
3 128 9
3 128 15
3 128 29
3 128 44
3 128 46
3 128 51
3 128 55
3 128 58
3 128 85
3 128 89
3 128 94
3 128 100
3 129 11
3 129 24
3 129 33
3 129 51
3 129 61
3 129 67
3 129 73
3 129 91
3 129 92
3 129 96
3 129 104
3 129 107
3 130 2
3 130 10
3 130 11
3 130 28
3 130 30
3 130 37
3 130 43
3 130 63
3 130 69
3 130 85
3 131 5
3 131 14
3 131 16
3 131 22
3 131 29
3 131 60
3 131 79
3 131 81
3 131 93
3 132 26
3 132 31
3 132 41
3 132 43
3 132 70
3 132 77
3 132 98
3 132 111
3 132 114
3 133 17
3 133 55
3 133 69
3 133 70
3 133 71
3 133 74
3 133 87
3 133 100
3 133 102
3 134 24
3 134 26
3 134 47
3 134 62
3 134 98
3 134 113
3 135 22
3 135 43
3 135 71
3 135 79
3 135 84
3 135 87
3 135 89
3 135 91
3 135 93
3 135 98
3 136 16
3 136 23
3 136 34
3 136 60
3 136 64
3 136 71
3 136 74
3 136 85
3 136 102
3 137 0
3 137 5
3 137 37
3 137 45
3 137 58
3 137 61
3 137 85
3 137 112
3 138 29
3 138 83
3 139 23
3 139 41
3 139 48
3 139 53
3 139 62
3 139 65
3 139 81
3 139 111
3 140 20
3 140 23
3 140 50
3 140 66
3 140 108
3 141 4
3 141 22
3 141 25
3 141 27
3 141 46
3 141 50
3 141 80
3 141 82
3 141 85
3 141 87
3 141 89
3 141 91
3 141 97
3 141 98
3 141 104
3 142 9
3 142 27
3 142 44
3 142 60
3 142 66
3 142 72
3 142 76
3 142 95
3 142 100
3 143 7
3 143 24
3 143 48
3 143 49
3 144 33
3 144 60
3 144 63
3 144 70
3 144 80
3 144 109
3 144 111
3 145 15
3 145 19
3 145 41
3 145 46
3 145 74
3 145 86
3 145 99
3 145 102
3 145 110
3 146 1
3 146 15
3 146 41
3 146 62
3 146 78
3 146 90
3 146 95
3 146 100
3 147 16
3 147 34
3 147 44
3 147 52
3 147 56
3 147 69
3 147 73
3 147 88
3 148 14
3 148 21
3 148 22
3 148 37
3 148 39
3 148 57
3 148 59
3 148 68
3 148 83
3 148 104
3 148 107
3 149 11
3 149 15
3 149 53
3 149 74
3 149 100
3 149 102
3 150 16
3 150 25
3 150 27
3 150 51
3 150 73
3 150 104
3 150 113
3 151 29
3 151 30
3 151 40
3 151 46
3 151 68
3 151 70
3 151 71
3 151 102
3 152 1
3 152 54
3 152 58
3 152 60
3 152 61
3 152 103
3 152 104
3 153 2
3 153 32
3 153 47
3 153 49
3 153 64
3 153 83
3 153 94
3 153 106
3 154 15
3 154 16
3 154 17
3 154 29
3 154 51
3 154 54
3 154 61
3 154 81
3 154 84
3 154 94
3 154 104
3 155 0
3 155 1
3 155 15
3 155 19
3 155 24
3 155 31
3 155 34
3 155 49
3 155 60
3 155 66
3 155 72
3 155 74
3 155 76
3 155 78
3 155 80
3 155 105
3 155 112