773
5
179 112 105 103 101
5008

620 0 0 345 338 299 494 0 0 27 788 643 0 0 0 656 288 781 0 0 0 0 0 0 576 0 854 539 0 0 0 0 0 156 0 371 940 468 29 0 0 0 5 0 72 22 0 0 63 0 0 0 65 61 0 0 100 18 0 0 35 49 92 0 0 0 68 4 0 0 0 38 0 0 0 0 89 0 32 0 0 14 0 0 0 0 0 0 0 0 49 0 79 25 0 88 19 69 0 0 0 0 67 0 66 71 66 88 0 46 0 0 7 0 0 2 0 0 64 42 41 91 0 0 79 86 21 0 39 85 0 0 25 0 0 0 65 83 0 17 51 0 29 55 14 58 92 0 10 99 48 60 0 72 87 44 0 90 0 0 0 85 0 0 77 0 64 56 79 15 21 0 0 0 0 44 0 0 60
0 193 82 944 0 0 0 438 354 501 918 891 860 0 0 528 0 273 343 915 649 105 350 0 684 0 560 79 0 59 0 0 28 3 98 86 66 0 9 90 0 70 0 23 0 0 17 18 29 77 39 0 17 39 0 9 0 0 50 0 60 78 15 41 9 0 0 0 89 51 0 0 63 0 0 0 0 69 87 29 65 0 0 18 0 0 0 0 74 92 0 0 13 34 0 75 0 71 0 0 42 33 0 45 0 29 0 64 78 0 12 16
772 0 182 0 0 800 0 690 0 697 0 480 0 690 890 0 367 804 222 106 0 966 348 8 86 72 0 0 0 13 71 0 0 71 0 4 0 92 0 0 8 45 56 94 52 0 0 85 0 0 0 0 58 80 96 44 0 51 0 62 0 0 0 25 0 0 25 40 32 0 0 58 0 0 97 0 0 0 0 0 90 0 0 0 72 57 56 0 4 82 12 0 58 63 0 8 0 0 0 0 0 91 0 0 0
0 119 980 0 0 843 109 935 854 47 0 410 272 101 0 841 0 702 917 0 673 0 0 55 0 0 0 88 16 0 71 0 7 56 0 85 0 0 0 0 0 0 0 0 0 37 52 0 0 0 15 63 81 95 0 0 0 0 71 0 40 0 45 97 0 59 23 0 0 52 0 84 0 0 0 47 96 46 82 0 0 0 42 0 1 59 90 17 0 0 57 0 0 0 0 40 0 0 0 32 21 0 18
793 0 440 0 11 0 375 525 0 839 996 0 66 234 0 168 0 0 0 214 0 120 466 0 181 154 56 92 44 76 72 14 77 35 1 56 9 0 9 0 0 0 0 15 0 0 41 52 0 0 0 4 0 87 0 12 0 42 11 6 3 0 38 23 80 0 47 0 0 94 0 36 83 24 77 93 66 0 0 0 0 15 15 66 0 69 63 2 0 0 69 7 0 0 77 0 89 65 0 28 96

0 0 8
0 0 33
0 0 37
0 0 39
0 0 43
0 0 50
0 0 67
0 0 81
0 0 90
0 0 93
0 1 1
0 1 10
0 1 18
0 1 25
0 1 60
0 1 69
0 1 90
0 1 91
0 1 93
0 1 99
0 1 101
0 1 109
0 2 20
0 2 38
0 2 60
0 2 92
0 2 95
0 3 1
0 3 4
0 3 17
0 3 30
0 3 33
0 3 37
0 3 52
0 3 65
0 3 79
0 3 90
0 3 109
0 3 111
0 4 14
0 4 36
0 4 66
0 4 72
0 4 88
0 4 97
0 4 106
0 5 3
0 5 9
0 5 48
0 5 53
0 5 63
0 5 80
0 5 105
0 6 2
0 6 54
0 6 70
0 6 76
0 6 78
0 6 91
0 6 95
0 6 103
0 7 0
0 7 12
0 7 16
0 7 18
0 7 25
0 7 32
0 7 37
0 7 49
0 7 57
0 7 62
0 7 67
0 7 69
0 7 70
0 7 87
0 7 92
0 7 99
0 8 4
0 8 16
0 8 19
0 8 42
0 8 48
0 8 52
0 8 61
0 8 65
0 8 74
0 8 77
0 8 96
0 8 106
0 9 15
0 9 25
0 9 50
0 9 51
0 9 60
0 9 82
0 9 85
0 9 101
0 10 13
0 10 15
0 10 23
0 10 32
0 10 48
0 10 51
0 10 64
0 10 75
0 10 76
0 10 83
0 10 86
0 10 87
0 11 10
0 11 22
0 11 27
0 11 34
0 11 37
0 11 46
0 11 56
0 11 57
0 11 60
0 11 61
0 11 67
0 11 75
0 11 80
0 11 88
0 11 92
0 11 103
0 11 105
0 11 107
0 11 111
0 12 18
0 12 29
0 12 31
0 12 32
0 12 35
0 12 38
0 12 40
0 12 46
0 12 56
0 12 67
0 12 80
0 12 82
0 12 89
0 12 91
0 12 94
0 12 107
0 13 11
0 13 12
0 13 27
0 13 42
0 13 46
0 13 47
0 13 54
0 13 63
0 13 90
0 14 12
0 14 13
0 14 39
0 14 53
0 14 62
0 14 67
0 14 84
0 14 97
0 14 111
0 15 39
0 15 43
0 15 44
0 15 46
0 15 56
0 15 69
0 15 109
0 16 0
0 16 10
0 16 12
0 16 23
0 16 46
0 16 58
0 16 68
0 16 83
0 16 84
0 16 95
0 16 101
0 16 103
0 16 106
0 16 109
0 17 2
0 17 41
0 17 46
0 17 47
0 17 48
0 17 50
0 17 51
0 17 64
0 17 65
0 17 72
0 17 110
0 18 8
0 18 23
0 18 42
0 18 43
0 18 49
0 18 62
0 18 76
0 18 107
0 18 108
0 18 109
0 19 3
0 19 4
0 19 13
0 19 22
0 19 24
0 19 40
0 19 50
0 19 58
0 19 67
0 19 69
0 19 73
0 19 79
0 20 37
0 20 44
0 20 48
0 20 63
0 20 66
0 20 102
0 21 0
0 21 19
0 21 43
0 21 49
0 21 52
0 21 55
0 21 75
0 21 77
0 21 88
0 21 92
0 21 95
0 21 98
0 21 101
0 21 105
0 21 108
0 22 4
0 22 8
0 22 28
0 22 38
0 22 43
0 22 60
0 22 61
0 22 76
0 22 83
0 22 85
0 22 87
0 22 109
0 23 0
0 23 10
0 23 17
0 23 18
0 23 20
0 23 22
0 23 27
0 23 29
0 23 41
0 23 63
0 23 64
0 23 65
0 23 94
0 23 97
0 23 103
0 23 104
0 24 4
0 24 16
0 24 19
0 24 30
0 24 33
0 24 70
0 24 84
0 24 86
0 24 107
0 24 111
0 25 0
0 25 11
0 25 27
0 25 29
0 25 37
0 25 44
0 25 57
0 25 61
0 25 64
0 25 85
0 25 89
0 25 95
0 26 12
0 26 24
0 26 25
0 26 26
0 26 41
0 26 50
0 26 74
0 26 87
0 26 90
0 26 95
0 26 97
0 27 16
0 27 17
0 27 23
0 27 24
0 27 27
0 27 80
0 27 93
0 27 96
0 28 0
0 28 32
0 28 60
0 28 96
0 28 100
0 29 1
0 29 35
0 29 42
0 29 61
0 29 66
0 29 80
0 29 100
0 29 101
0 29 103
0 29 107
0 30 20
0 30 21
0 30 24
0 30 30
0 30 56
0 30 58
0 30 64
0 30 75
0 30 81
0 30 109
0 30 111
0 31 8
0 31 11
0 31 25
0 31 37
0 31 39
0 31 73
0 31 74
0 31 92
0 31 101
0 32 82
0 32 86
0 32 88
0 32 98
0 32 106
0 33 5
0 33 18
0 33 36
0 33 58
0 33 94
0 33 99
0 34 10
0 34 35
0 34 37
0 34 64
0 34 65
0 34 80
0 34 94
0 34 95
0 34 111
0 35 11
0 35 14
0 35 33
0 35 41
0 35 51
0 35 65
0 35 68
0 35 71
0 35 75
0 35 78
0 35 94
0 35 96
0 35 104
0 36 46
0 36 54
0 36 79
0 36 88
0 36 102
0 36 107
0 37 1
0 37 7
0 37 12
0 37 23
0 37 30
0 37 36
0 37 60
0 37 66
0 37 75
0 37 102
0 38 1
0 38 4
0 38 11
0 38 28
0 38 32
0 38 45
0 38 60
0 38 63
0 38 83
0 38 86
0 38 88
0 39 7
0 39 9
0 39 25
0 39 32
0 39 53
0 40 19
0 40 38
0 40 46
0 40 52
0 40 58
0 40 77
0 40 89
0 40 92
0 40 102
0 41 1
0 41 32
0 41 39
0 41 42
0 41 56
0 41 58
0 41 63
0 41 81
0 41 82
0 41 95
0 41 107
0 42 0
0 42 2
0 42 3
0 42 11
0 42 14
0 42 32
0 42 35
0 42 39
0 42 47
0 42 53
0 42 59
0 42 78
0 42 79
0 42 81
0 42 99
0 42 102
0 42 105
0 42 109
0 43 0
0 43 46
0 43 54
0 43 57
0 43 60
0 43 78
0 43 86
0 44 5
0 44 16
0 44 28
0 44 32
0 44 41
0 44 47
0 44 63
0 44 72
0 44 83
0 44 92
0 44 100
0 45 4
0 45 18
0 45 21
0 45 24
0 45 26
0 45 32
0 45 45
0 45 61
0 45 65
0 45 80
0 45 95
0 45 107
0 46 0
0 46 5
0 46 13
0 46 31
0 46 38
0 46 54
0 46 56
0 46 86
0 46 88
0 46 106
0 47 4
0 47 27
0 47 52
0 47 72
0 47 81
0 48 6
0 48 9
0 48 12
0 48 36
0 48 41
0 48 60
0 48 85
0 48 91
0 48 98
0 49 18
0 49 21
0 49 34
0 49 68
0 49 82
0 49 89
0 49 96
0 49 100
0 49 101
0 49 109
0 50 3
0 50 6
0 50 9
0 50 21
0 50 51
0 50 55
0 50 62
0 50 101
0 51 12
0 51 21
0 51 28
0 51 32
0 51 60
0 51 61
0 51 73
0 51 81
0 51 91
0 51 92
0 51 100
0 51 104
0 52 41
0 52 42
0 52 45
0 52 58
0 52 60
0 52 68
0 52 76
0 52 77
0 52 89
0 53 3
0 53 45
0 53 54
0 53 74
0 53 101
0 54 5
0 54 7
0 54 14
0 54 18
0 54 20
0 54 30
0 54 41
0 54 45
0 54 46
0 54 58
0 54 64
0 54 97
0 55 16
0 55 17
0 55 43
0 55 55
0 55 57
0 55 61
0 55 69
0 55 71
0 55 87
0 55 103
0 55 106
0 56 2
0 56 3
0 56 28
0 56 45
0 56 55
0 56 56
0 56 60
0 56 61
0 56 70
0 56 77
0 56 80
0 56 86
0 56 92
0 56 97
0 56 105
0 56 110
0 57 32
0 57 47
0 57 50
0 57 53
0 57 71
0 57 90
0 58 15
0 58 20
0 58 26
0 58 27
0 58 36
0 58 58
0 58 61
0 58 72
0 58 101
0 58 110
0 59 0
0 59 4
0 59 20
0 59 36
0 59 43
0 59 48
0 59 55
0 59 58
0 59 69
0 59 76
0 59 80
0 60 5
0 60 11
0 60 18
0 60 26
0 60 32
0 60 42
0 60 46
0 60 53
0 60 64
0 60 67
0 60 71
0 60 83
0 60 98
0 60 100
0 60 101
0 60 102
0 61 1
0 61 11
0 61 21
0 61 34
0 61 45
0 61 65
0 61 73
0 61 74
0 61 80
0 61 96
0 61 104
0 61 105
0 61 108
0 61 109
0 62 6
0 62 7
0 62 17
0 62 27
0 62 35
0 62 41
0 62 48
0 62 54
0 62 60
0 62 64
0 62 67
0 62 74
0 62 78
0 62 80
0 62 97
0 62 99
0 62 106
0 62 108
0 62 110
0 63 1
0 63 3
0 63 4
0 63 12
0 63 14
0 63 37
0 63 40
0 63 41
0 63 42
0 63 45
0 63 55
0 63 56
0 63 70
0 63 89
0 63 91
0 63 108
0 64 10
0 64 14
0 64 45
0 64 56
0 64 74
0 64 85
0 64 86
0 64 88
0 64 103
0 64 104
0 65 20
0 65 37
0 65 52
0 65 54
0 65 57
0 65 73
0 65 78
0 65 84
0 65 89
0 65 97
0 65 99
0 65 106
0 66 1
0 66 20
0 66 26
0 66 52
0 66 60
0 66 65
0 66 70
0 66 82
0 66 86
0 66 105
0 67 11
0 67 30
0 67 41
0 67 42
0 67 50
0 67 57
0 67 61
0 67 65
0 67 92
0 67 93
0 67 96
0 67 104
0 68 22
0 68 28
0 68 43
0 68 55
0 68 61
0 68 62
0 68 63
0 68 68
0 69 3
0 69 27
0 69 29
0 69 36
0 69 37
0 69 41
0 69 45
0 69 46
0 69 66
0 69 69
0 69 71
0 69 84
0 69 88
0 69 92
0 69 93
0 70 4
0 70 16
0 70 27
0 70 42
0 70 49
0 70 52
0 70 61
0 70 69
0 70 76
0 71 15
0 71 19
0 71 56
0 71 58
0 71 79
0 71 89
0 71 108
0 72 1
0 72 2
0 72 53
0 72 70
0 72 86
0 73 0
0 73 3
0 73 13
0 73 15
0 73 30
0 73 32
0 73 39
0 73 40
0 73 44
0 73 47
0 73 56
0 73 76
0 73 78
0 73 86
0 73 87
0 73 97
0 74 22
0 74 33
0 74 38
0 74 47
0 74 53
0 74 60
0 74 72
0 74 80
0 74 81
0 74 93
0 74 94
0 74 110
0 75 15
0 75 23
0 75 40
0 75 58
0 75 61
0 75 66
0 75 82
0 76 5
0 76 27
0 76 34
0 76 57
0 76 62
0 76 80
0 77 10
0 77 17
0 77 28
0 77 33
0 77 38
0 77 49
0 77 53
0 77 54
0 77 78
0 77 79
0 77 97
0 78 12
0 78 15
0 78 20
0 78 24
0 78 30
0 78 90
0 78 97
0 79 9
0 79 23
0 79 41
0 79 43
0 79 59
0 79 63
0 79 65
0 79 87
0 79 97
0 80 11
0 80 13
0 80 23
0 80 29
0 80 33
0 80 35
0 80 38
0 80 42
0 80 49
0 80 66
0 80 73
0 80 78
0 80 93
0 80 111
0 81 9
0 81 10
0 81 14
0 81 19
0 81 26
0 81 31
0 81 44
0 81 76
0 81 77
0 81 97
0 82 10
0 82 20
0 82 21
0 82 25
0 82 30
0 82 53
0 82 75
0 82 85
0 82 92
0 82 104
0 83 0
0 83 10
0 83 18
0 83 27
0 83 28
0 83 36
0 83 40
0 83 42
0 83 45
0 83 51
0 83 53
0 83 58
0 83 62
0 83 79
0 83 88
0 83 106
0 84 4
0 84 11
0 84 14
0 84 29
0 84 34
0 84 39
0 84 84
0 84 87
0 84 93
0 85 1
0 85 8
0 85 15
0 85 20
0 85 39
0 85 57
0 85 64
0 85 86
0 85 89
0 85 90
0 85 94
0 85 98
0 85 100
0 85 106
0 86 6
0 86 29
0 86 61
0 86 68
0 86 73
0 86 77
0 86 78
0 86 103
0 86 111
0 87 4
0 87 12
0 87 17
0 87 27
0 87 32
0 87 60
0 87 65
0 87 86
0 87 87
0 87 91
0 87 106
0 88 17
0 88 31
0 88 49
0 88 50
0 88 64
0 88 65
0 88 66
0 88 77
0 88 78
0 88 84
0 88 96
0 88 109
0 88 111
0 89 8
0 89 39
0 89 44
0 89 45
0 89 71
0 89 85
0 90 10
0 90 42
0 90 44
0 90 49
0 90 96
0 90 100
0 90 102
0 90 107
0 91 2
0 91 3
0 91 39
0 91 40
0 91 44
0 91 45
0 91 49
0 91 52
0 91 56
0 91 63
0 91 81
0 91 93
0 91 96
0 91 108
0 92 4
0 92 30
0 92 33
0 92 108
0 92 110
0 93 0
0 93 1
0 93 11
0 93 17
0 93 18
0 93 30
0 93 38
0 93 51
0 93 59
0 93 63
0 93 68
0 93 80
0 93 92
0 93 106
0 93 107
0 94 4
0 94 7
0 94 15
0 94 18
0 94 19
0 94 29
0 94 45
0 94 51
0 94 61
0 94 70
0 94 83
0 94 88
0 94 91
0 94 92
0 94 111
0 95 21
0 95 66
0 95 77
0 95 86
0 95 92
0 95 104
0 95 108
0 95 111
0 96 21
0 96 40
0 96 43
0 96 66
0 96 79
0 96 88
0 96 93
0 96 109
0 97 32
0 97 38
0 97 56
0 97 63
0 97 67
0 97 69
0 97 70
0 97 77
0 97 79
0 97 80
0 97 88
0 98 12
0 98 15
0 98 19
0 98 27
0 98 31
0 98 34
0 98 36
0 98 47
0 98 53
0 98 58
0 98 63
0 98 82
0 98 85
0 98 104
0 98 105
0 99 3
0 99 43
0 99 59
0 99 70
0 99 72
0 99 77
0 99 79
0 99 81
0 99 96
0 99 106
0 99 111
0 100 13
0 100 21
0 100 30
0 100 43
0 100 52
0 100 66
0 100 107
0 101 37
0 101 55
0 101 58
0 101 72
0 101 73
0 101 94
0 101 99
0 101 108
0 102 23
0 102 25
0 102 50
0 102 64
0 102 67
0 102 86
0 102 108
0 103 6
0 103 16
0 103 18
0 103 22
0 103 53
0 103 60
0 103 62
0 103 75
0 103 77
0 103 79
0 103 84
0 103 86
0 103 95
0 104 22
0 104 32
0 104 43
0 104 55
0 104 57
0 104 67
0 104 110
0 104 111
0 105 17
0 105 24
0 105 25
0 105 44
0 105 55
0 105 68
0 105 94
0 105 96
0 106 3
0 106 11
0 106 15
0 106 24
0 106 40
0 106 43
0 106 49
0 106 54
0 106 67
0 106 72
0 106 78
0 106 79
0 106 80
0 106 85
0 106 101
0 107 0
0 107 2
0 107 3
0 107 5
0 107 6
0 107 17
0 107 52
0 107 54
0 107 67
0 107 88
0 107 108
0 107 110
0 108 9
0 108 13
0 108 15
0 108 22
0 108 50
0 108 59
0 108 62
0 108 89
0 108 90
0 108 94
0 109 8
0 109 19
0 109 40
0 109 51
0 109 54
0 109 61
0 109 71
0 109 104
0 110 2
0 110 6
0 110 15
0 110 19
0 110 30
0 110 57
0 110 62
0 110 71
0 110 85
0 110 96
0 110 98
0 110 106
0 111 12
0 111 14
0 111 16
0 111 18
0 111 20
0 111 21
0 111 24
0 111 29
0 111 35
0 111 51
0 111 65
0 111 76
0 111 77
0 111 82
0 111 109
0 111 111
0 112 0
0 112 3
0 112 11
0 112 37
0 112 43
0 112 54
0 112 70
0 112 75
0 112 76
0 113 7
0 113 11
0 113 16
0 113 43
0 113 66
0 113 76
0 113 96
0 113 98
0 114 8
0 114 21
0 114 26
0 114 32
0 114 35
0 114 38
0 114 67
0 114 103
0 115 4
0 115 13
0 115 37
0 115 40
0 115 41
0 115 54
0 115 56
0 115 74
0 115 76
0 115 78
0 115 85
0 115 89
0 115 93
0 115 108
0 115 111
0 116 8
0 116 12
0 116 18
0 116 20
0 116 23
0 116 54
0 116 58
0 116 72
0 116 86
0 116 98
0 116 103
0 116 105
0 117 2
0 117 5
0 117 10
0 117 11
0 117 30
0 117 34
0 117 40
0 117 48
0 117 50
0 117 56
0 117 77
0 117 91
0 117 95
0 118 9
0 118 13
0 118 38
0 118 45
0 118 65
0 118 100
0 119 17
0 119 19
0 119 21
0 119 27
0 119 30
0 119 36
0 119 45
0 119 51
0 119 76
0 119 79
0 119 101
0 120 5
0 120 8
0 120 20
0 120 23
0 120 28
0 120 70
0 120 73
0 120 78
0 121 11
0 121 36
0 121 57
0 121 73
0 121 78
0 121 80
0 121 91
0 121 98
0 122 3
0 122 18
0 122 39
0 122 72
0 122 79
0 122 98
0 122 99
0 122 104
0 123 6
0 123 8
0 123 23
0 123 29
0 123 30
0 123 31
0 123 38
0 123 45
0 123 47
0 123 54
0 123 56
0 123 68
0 123 85
0 123 88
0 123 99
0 123 100
0 123 109
0 123 111
0 124 35
0 124 38
0 124 42
0 124 54
0 124 68
0 124 70
0 124 71
0 124 73
0 124 76
0 124 88
0 124 101
0 125 16
0 125 18
0 125 25
0 125 31
0 125 35
0 125 38
0 125 43
0 125 44
0 125 51
0 125 65
0 125 67
0 125 69
0 125 78
0 125 93
0 125 97
0 125 102
0 125 104
0 126 20
0 126 34
0 126 38
0 126 43
0 126 48
0 126 50
0 126 51
0 126 52
0 126 59
0 126 64
0 126 75
0 126 86
0 126 96
0 126 106
0 126 109
0 127 16
0 127 24
0 127 39
0 127 60
0 127 78
0 127 85
0 127 86
0 127 92
0 127 96
0 127 105
0 128 11
0 128 15
0 128 26
0 128 29
0 128 41
0 128 51
0 128 53
0 128 55
0 128 60
0 128 65
0 128 75
0 128 97
0 129 2
0 129 6
0 129 14
0 129 18
0 129 21
0 129 38
0 129 60
0 129 63
0 129 73
0 129 76
0 129 89
0 129 94
0 129 101
0 130 11
0 130 26
0 130 30
0 130 31
0 130 37
0 130 41
0 130 42
0 130 45
0 130 50
0 130 51
0 130 57
0 130 61
0 130 77
0 130 109
0 131 29
0 131 39
0 131 43
0 131 49
0 131 67
0 131 71
0 131 73
0 131 87
0 131 93
0 131 107
0 132 11
0 132 18
0 132 43
0 132 50
0 132 65
0 132 76
0 132 80
0 132 81
0 132 83
0 132 105
0 132 107
0 132 110
0 133 7
0 133 17
0 133 39
0 133 80
0 133 90
0 133 104
0 133 107
0 133 109
0 133 111
0 134 1
0 134 18
0 134 27
0 134 42
0 134 57
0 134 70
0 134 71
0 134 78
0 134 96
0 134 97
0 134 98
0 134 101
0 134 103
0 135 8
0 135 29
0 135 33
0 135 44
0 135 71
0 135 82
0 135 95
0 135 108
0 135 109
0 136 1
0 136 7
0 136 24
0 136 26
0 136 35
0 136 39
0 136 60
0 136 64
0 136 85
0 136 91
0 137 12
0 137 24
0 137 29
0 137 36
0 137 45
0 137 61
0 137 78
0 137 80
0 137 83
0 137 109
0 138 24
0 138 38
0 138 64
0 138 78
0 138 94
0 138 106
0 139 15
0 139 18
0 139 50
0 139 63
0 139 64
0 139 68
0 139 93
0 139 97
0 139 99
0 140 35
0 140 39
0 140 42
0 140 46
0 140 47
0 140 54
0 140 60
0 140 70
0 140 81
0 140 88
0 140 99
0 141 0
0 141 2
0 141 14
0 141 32
0 141 51
0 141 53
0 141 56
0 141 62
0 141 68
0 141 69
0 141 71
0 141 75
0 141 87
0 142 31
0 142 42
0 142 57
0 142 65
0 142 70
0 142 83
0 142 98
0 142 110
0 143 17
0 143 18
0 143 23
0 143 27
0 143 34
0 143 60
0 143 79
0 143 85
0 143 90
0 144 10
0 144 24
0 144 30
0 144 35
0 144 39
0 144 42
0 144 53
0 144 57
0 144 62
0 144 76
0 144 92
0 144 95
0 145 16
0 145 31
0 145 56
0 145 64
0 145 69
0 145 76
0 145 83
0 145 89
0 145 94
0 145 102
0 146 4
0 146 10
0 146 14
0 146 15
0 146 19
0 146 34
0 146 42
0 146 50
0 146 54
0 146 75
0 146 77
0 146 86
0 146 90
0 146 102
0 146 111
0 147 2
0 147 5
0 147 20
0 147 49
0 147 55
0 147 61
0 147 84
0 147 88
0 147 97
0 148 21
0 148 37
0 148 38
0 148 87
0 148 94
0 148 107
0 149 23
0 149 24
0 149 26
0 149 35
0 149 45
0 149 49
0 149 83
0 149 87
0 149 98
0 150 26
0 150 37
0 150 39
0 150 42
0 150 61
0 150 67
0 150 85
0 150 87
0 150 96
0 150 108
0 150 109
0 151 3
0 151 30
0 151 40
0 151 50
0 151 55
0 151 73
0 151 78
0 151 81
0 151 110
0 152 27
0 152 28
0 152 33
0 152 66
0 152 67
0 152 73
0 152 83
0 152 106
0 153 17
0 153 74
0 153 77
0 153 85
0 154 5
0 154 8
0 154 21
0 154 28
0 154 57
0 154 67
0 154 76
0 154 83
0 154 85
0 154 90
0 154 92
0 154 94
0 154 100
0 154 103
0 155 2
0 155 3
0 155 5
0 155 14
0 155 33
0 155 46
0 155 58
0 155 60
0 155 67
0 155 80
0 155 86
0 155 88
0 156 0
0 156 5
0 156 7
0 156 9
0 156 13
0 156 24
0 156 42
0 156 45
0 156 46
0 156 54
0 156 65
0 156 72
0 156 91
0 156 92
0 157 2
0 157 4
0 157 13
0 157 36
0 157 82
0 157 98
0 157 109
0 158 0
0 158 4
0 158 22
0 158 41
0 158 50
0 158 74
0 158 80
0 158 98
0 158 104
0 159 4
0 159 17
0 159 21
0 159 28
0 159 76
0 159 80
0 159 109
0 159 110
0 160 11
0 160 28
0 160 37
0 160 39
0 160 63
0 160 75
0 161 0
0 161 2
0 161 11
0 161 16
0 161 26
0 161 46
0 161 62
0 161 81
0 161 85
0 161 87
0 161 91
0 161 93
0 161 95
0 161 105
0 162 18
0 162 30
0 162 50
0 162 88
0 163 12
0 163 16
0 163 18
0 163 23
0 163 24
0 163 52
0 163 84
0 163 94
0 163 103
0 163 107
0 164 9
0 164 17
0 164 26
0 164 29
0 164 34
0 164 41
0 164 42
0 164 43
0 164 57
0 164 66
0 164 77
0 164 86
0 164 89
0 164 90
0 165 7
0 165 9
0 165 13
0 165 25
0 165 35
0 165 45
0 165 47
0 165 58
0 165 64
0 165 76
0 165 87
0 166 8
0 166 15
0 166 21
0 166 49
0 166 50
0 166 58
0 166 60
0 166 86
0 167 29
0 167 31
0 167 37
0 167 38
0 167 43
0 167 54
0 167 83
0 168 4
0 168 16
0 168 17
0 168 29
0 168 36
0 168 39
0 168 42
0 168 53
0 168 55
0 168 58
0 168 61
0 168 71
0 168 74
0 168 105
0 168 107
0 169 18
0 169 43
0 169 56
0 169 62
0 169 65
0 169 78
0 169 81
0 169 88
0 170 9
0 170 14
0 170 20
0 170 47
0 170 61
0 170 66
0 170 73
0 170 104
0 170 105
0 170 108
0 171 1
0 171 3
0 171 54
0 171 58
0 171 88
0 171 96
0 171 99
0 172 1
0 172 2
0 172 7
0 172 11
0 172 13
0 172 18
0 172 19
0 172 26
0 172 28
0 172 38
0 172 41
0 172 68
0 172 76
0 172 106
0 173 12
0 173 15
0 173 20
0 173 21
0 173 33
0 173 36
0 173 54
0 173 55
0 173 56
0 173 74
0 173 75
0 173 89
0 173 94
0 173 96
0 173 102
0 173 106
0 174 14
0 174 17
0 174 24
0 174 25
0 174 29
0 174 57
0 174 70
0 174 85
0 174 88
0 174 96
0 174 107
0 175 3
0 175 20
0 175 60
0 175 78
0 175 81
0 175 91
0 175 110
0 176 3
0 176 5
0 176 10
0 176 16
0 176 54
0 176 64
0 176 70
0 176 91
0 177 16
0 177 20
0 177 30
0 177 31
0 177 32
0 177 35
0 177 36
0 177 40
0 177 86
0 177 87
0 177 101
0 178 3
0 178 5
0 178 14
0 178 17
0 178 20
0 178 33
0 178 36
0 178 62
0 178 68
0 178 85
0 178 92
0 178 104
0 178 110
1 0 34
1 0 43
1 0 45
1 0 64
1 0 92
1 0 98
1 1 3
1 1 7
1 1 12
1 1 17
1 1 27
1 1 32
1 1 34
1 1 57
1 1 61
1 1 73
1 1 88
1 1 98
1 1 102
1 2 14
1 2 25
1 2 28
1 2 33
1 2 39
1 2 48
1 2 49
1 2 51
1 2 82
1 2 84
1 2 89
1 2 92
1 3 29
1 3 54
1 3 60
1 3 65
1 3 91
1 3 99
1 3 100
1 4 6
1 4 22
1 4 25
1 4 49
1 4 55
1 4 58
1 4 74
1 4 83
1 4 85
1 4 96
1 5 4
1 5 5
1 5 15
1 5 17
1 5 30
1 5 31
1 5 45
1 5 64
1 5 65
1 5 67
1 5 72
1 5 75
1 5 88
1 6 14
1 6 25
1 6 40
1 6 44
1 6 56
1 6 63
1 6 79
1 6 81
1 6 82
1 6 99
1 7 20
1 7 33
1 7 37
1 7 43
1 7 44
1 7 63
1 7 65
1 7 76
1 7 78
1 7 86
1 7 88
1 7 98
1 8 1
1 8 11
1 8 30
1 8 31
1 8 51
1 8 71
1 8 75
1 8 79
1 8 81
1 8 85
1 8 90
1 9 6
1 9 40
1 9 49
1 9 72
1 9 76
1 9 79
1 9 87
1 9 91
1 9 92
1 9 94
1 9 96
1 10 14
1 10 33
1 10 46
1 10 49
1 10 60
1 10 67
1 10 95
1 10 104
1 11 49
1 11 53
1 11 63
1 11 87
1 11 99
1 12 10
1 12 35
1 12 38
1 12 40
1 12 42
1 12 47
1 12 67
1 12 95
1 12 102
1 12 104
1 13 7
1 13 17
1 13 37
1 13 42
1 13 44
1 13 48
1 13 54
1 13 81
1 13 84
1 13 99
1 13 100
1 13 103
1 14 7
1 14 16
1 14 20
1 14 22
1 14 27
1 14 51
1 14 52
1 14 55
1 14 65
1 14 75
1 14 91
1 15 3
1 15 4
1 15 32
1 15 33
1 15 34
1 15 37
1 15 47
1 15 53
1 15 57
1 15 76
1 15 84
1 16 11
1 16 20
1 16 23
1 16 29
1 16 38
1 16 49
1 16 67
1 16 69
1 16 101
1 17 37
1 17 40
1 17 51
1 17 66
1 18 25
1 18 51
1 18 52
1 18 54
1 18 56
1 18 66
1 18 71
1 18 76
1 18 90
1 18 98
1 19 1
1 19 10
1 19 21
1 19 40
1 19 43
1 19 46
1 19 67
1 19 86
1 19 87
1 19 97
1 19 101
1 20 16
1 20 23
1 20 41
1 20 53
1 20 68
1 20 71
1 20 81
1 20 83
1 21 5
1 21 13
1 21 18
1 21 23
1 21 28
1 21 49
1 21 63
1 21 75
1 21 89
1 21 99
1 22 19
1 22 30
1 22 32
1 22 35
1 22 52
1 22 56
1 22 59
1 22 62
1 22 65
1 22 68
1 22 87
1 22 89
1 22 93
1 22 95
1 22 102
1 23 15
1 23 20
1 23 35
1 23 36
1 23 66
1 23 68
1 23 82
1 24 21
1 24 22
1 24 40
1 24 41
1 24 58
1 24 59
1 24 88
1 24 97
1 24 103
1 25 8
1 25 18
1 25 32
1 25 34
1 25 39
1 25 57
1 25 68
1 25 76
1 25 98
1 26 0
1 26 2
1 26 7
1 26 9
1 26 15
1 26 23
1 26 35
1 26 48
1 26 71
1 26 88
1 26 89
1 26 91
1 26 94
1 27 9
1 27 10
1 27 13
1 27 43
1 27 54
1 27 98
1 28 13
1 28 15
1 28 18
1 28 35
1 28 39
1 28 54
1 28 55
1 28 56
1 28 66
1 28 69
1 29 16
1 29 44
1 29 51
1 29 54
1 29 56
1 29 73
1 29 74
1 29 75
1 29 91
1 30 14
1 30 19
1 30 38
1 30 45
1 30 49
1 30 53
1 30 69
1 30 88
1 30 104
1 31 13
1 31 19
1 31 27
1 31 28
1 31 57
1 31 63
1 32 5
1 32 34
1 32 43
1 32 44
1 32 47
1 32 49
1 32 53
1 32 57
1 32 71
1 32 72
1 32 97
1 33 2
1 33 3
1 33 22
1 33 43
1 33 60
1 33 65
1 33 73
1 33 80
1 33 85
1 33 87
1 33 92
1 33 100
1 34 7
1 34 11
1 34 14
1 34 31
1 34 40
1 34 43
1 34 44
1 34 47
1 34 54
1 34 57
1 34 60
1 34 89
1 34 90
1 35 0
1 35 27
1 35 31
1 35 38
1 35 87
1 36 11
1 36 12
1 36 15
1 36 22
1 36 36
1 36 38
1 36 46
1 36 63
1 36 80
1 36 87
1 36 91
1 36 99
1 37 11
1 37 39
1 37 53
1 37 71
1 37 75
1 37 77
1 37 80
1 37 82
1 38 11
1 38 12
1 38 21
1 38 42
1 38 54
1 38 56
1 38 65
1 38 76
1 38 103
1 38 104
1 39 9
1 39 18
1 39 24
1 39 27
1 39 39
1 39 50
1 39 51
1 39 52
1 39 64
1 39 69
1 39 71
1 39 81
1 39 84
1 39 97
1 40 3
1 40 6
1 40 9
1 40 62
1 40 65
1 40 66
1 40 76
1 40 79
1 41 3
1 41 10
1 41 17
1 41 18
1 41 27
1 41 55
1 41 96
1 41 100
1 42 2
1 42 13
1 42 33
1 42 36
1 42 40
1 42 49
1 42 51
1 42 55
1 42 61
1 42 62
1 42 70
1 42 98
1 43 9
1 43 12
1 43 29
1 43 32
1 43 44
1 43 48
1 43 71
1 43 73
1 43 76
1 43 77
1 43 84
1 44 20
1 44 21
1 44 26
1 44 31
1 44 56
1 44 64
1 44 65
1 44 78
1 44 82
1 44 95
1 44 97
1 45 4
1 45 35
1 45 40
1 45 62
1 45 65
1 45 66
1 45 76
1 45 92
1 45 95
1 46 14
1 46 24
1 46 30
1 46 49
1 46 74
1 46 86
1 46 92
1 47 11
1 47 13
1 47 28
1 47 30
1 47 36
1 47 42
1 47 49
1 47 60
1 47 65
1 47 77
1 47 81
1 47 102
1 48 7
1 48 9
1 48 15
1 48 18
1 48 44
1 48 50
1 48 72
1 48 78
1 49 12
1 49 17
1 49 18
1 49 37
1 49 72
1 49 77
1 49 80
1 49 87
1 49 90
1 49 93
1 49 99
1 49 100
1 49 101
1 50 4
1 50 11
1 50 16
1 50 20
1 50 22
1 50 27
1 50 36
1 50 42
1 50 45
1 50 57
1 50 60
1 50 75
1 50 82
1 50 97
1 51 24
1 51 31
1 51 38
1 51 52
1 51 56
1 51 64
1 51 73
1 51 78
1 51 81
1 51 96
1 51 99
1 52 7
1 52 16
1 52 57
1 52 85
1 52 98
1 53 8
1 53 10
1 53 12
1 53 24
1 53 37
1 53 45
1 53 64
1 53 85
1 53 91
1 53 96
1 54 54
1 54 55
1 54 57
1 54 81
1 54 83
1 54 84
1 55 4
1 55 14
1 55 48
1 55 49
1 55 52
1 55 59
1 55 67
1 55 77
1 55 78
1 55 82
1 55 88
1 55 94
1 55 99
1 55 100
1 55 103
1 56 11
1 56 14
1 56 16
1 56 55
1 56 60
1 56 69
1 56 81
1 56 91
1 56 98
1 56 101
1 57 17
1 57 28
1 57 50
1 57 72
1 57 78
1 57 83
1 57 97
1 57 98
1 58 3
1 58 5
1 58 10
1 58 19
1 58 22
1 58 24
1 58 31
1 58 34
1 58 48
1 58 61
1 58 67
1 58 71
1 58 74
1 58 84
1 58 87
1 58 90
1 58 100
1 59 36
1 59 38
1 59 42
1 59 79
1 59 92
1 59 93
1 59 101
1 60 4
1 60 6
1 60 12
1 60 26
1 60 27
1 60 33
1 60 59
1 60 102
1 60 104
1 61 28
1 61 33
1 61 44
1 61 48
1 61 58
1 61 81
1 62 0
1 62 5
1 62 9
1 62 12
1 62 34
1 62 45
1 62 67
1 62 90
1 63 19
1 63 24
1 63 62
1 63 72
1 63 75
1 63 77
1 63 90
1 63 93
1 64 12
1 64 16
1 64 17
1 64 23
1 64 31
1 64 32
1 64 53
1 64 56
1 64 65
1 64 70
1 64 78
1 64 96
1 64 104
1 65 5
1 65 18
1 65 44
1 65 48
1 65 78
1 65 88
1 65 97
1 66 1
1 66 5
1 66 10
1 66 40
1 66 45
1 66 52
1 66 63
1 66 67
1 66 74
1 66 92
1 66 104
1 67 20
1 67 30
1 67 31
1 67 56
1 67 73
1 67 85
1 67 90
1 68 3
1 68 13
1 68 14
1 68 18
1 68 26
1 68 38
1 68 39
1 68 46
1 68 56
1 68 58
1 68 61
1 68 62
1 68 65
1 68 81
1 68 84
1 68 85
1 69 3
1 69 16
1 69 23
1 69 34
1 69 35
1 69 44
1 69 51
1 69 67
1 69 98
1 69 100
1 70 1
1 70 5
1 70 16
1 70 22
1 70 41
1 70 59
1 70 72
1 70 81
1 70 84
1 70 86
1 70 89
1 70 98
1 71 36
1 71 54
1 71 70
1 71 74
1 71 78
1 71 84
1 72 37
1 72 38
1 72 39
1 72 57
1 72 63
1 72 77
1 72 81
1 72 87
1 72 88
1 72 96
1 72 97
1 72 104
1 73 4
1 73 21
1 73 25
1 73 47
1 73 51
1 73 68
1 73 69
1 73 75
1 73 82
1 73 83
1 74 5
1 74 15
1 74 16
1 74 25
1 74 30
1 74 35
1 74 52
1 74 53
1 74 55
1 74 71
1 74 76
1 74 80
1 74 98
1 74 104
1 75 6
1 75 17
1 75 28
1 75 52
1 75 66
1 76 13
1 76 31
1 76 35
1 76 38
1 76 47
1 76 51
1 76 53
1 76 56
1 76 64
1 76 66
1 76 68
1 76 80
1 77 31
1 77 32
1 77 33
1 77 36
1 77 37
1 77 43
1 77 54
1 77 56
1 77 63
1 77 66
1 77 92
1 77 101
1 78 37
1 78 40
1 78 41
1 78 43
1 78 49
1 78 63
1 78 79
1 78 86
1 79 1
1 79 14
1 79 36
1 79 41
1 79 42
1 79 44
1 79 58
1 79 72
1 79 79
1 79 89
1 79 95
1 80 5
1 80 7
1 80 58
1 80 104
1 81 0
1 81 15
1 81 16
1 81 20
1 81 27
1 81 33
1 81 36
1 81 54
1 81 57
1 81 59
1 81 91
1 81 92
1 81 97
1 81 100
1 81 104
1 82 15
1 82 20
1 82 22
1 82 36
1 82 41
1 82 42
1 82 47
1 82 51
1 82 92
1 82 97
1 83 1
1 83 20
1 83 37
1 83 44
1 83 47
1 83 56
1 83 72
1 83 84
1 83 103
1 84 8
1 84 11
1 84 15
1 84 20
1 84 25
1 84 32
1 84 38
1 84 40
1 84 44
1 84 45
1 84 48
1 84 79
1 85 29
1 85 37
1 85 44
1 85 59
1 85 68
1 85 72
1 85 75
1 85 91
1 85 101
1 85 104
1 86 12
1 86 21
1 86 24
1 86 26
1 86 39
1 86 40
1 86 46
1 86 50
1 86 52
1 86 66
1 86 83
1 86 90
1 86 95
1 86 97
1 86 99
1 87 0
1 87 25
1 87 47
1 87 57
1 87 66
1 87 67
1 87 91
1 87 100
1 88 2
1 88 9
1 88 19
1 88 39
1 88 47
1 88 52
1 88 61
1 88 70
1 88 83
1 88 94
1 88 97
1 88 98
1 89 20
1 89 25
1 89 46
1 89 69
1 89 70
1 89 84
1 89 87
1 89 90
1 89 94
1 89 100
1 90 0
1 90 5
1 90 8
1 90 11
1 90 26
1 90 60
1 90 62
1 90 66
1 90 77
1 90 90
1 90 93
1 91 7
1 91 20
1 91 21
1 91 27
1 91 34
1 91 35
1 91 43
1 91 44
1 91 45
1 91 51
1 91 74
1 92 2
1 92 7
1 92 15
1 92 33
1 92 36
1 92 44
1 92 48
1 92 54
1 92 60
1 92 63
1 92 70
1 92 72
1 92 75
1 92 86
1 92 87
1 93 17
1 93 38
1 93 42
1 93 68
1 93 87
1 93 94
1 93 95
1 93 96
1 94 24
1 94 46
1 94 48
1 94 53
1 94 60
1 94 77
1 94 82
1 94 84
1 94 85
1 94 96
1 94 102
1 95 1
1 95 3
1 95 5
1 95 7
1 95 13
1 95 18
1 95 21
1 95 40
1 95 55
1 95 56
1 95 60
1 95 75
1 95 90
1 96 4
1 96 12
1 96 14
1 96 41
1 96 45
1 96 56
1 96 59
1 96 65
1 96 78
1 96 81
1 97 7
1 97 13
1 97 26
1 97 35
1 97 41
1 97 50
1 97 55
1 97 70
1 97 78
1 97 96
1 98 0
1 98 5
1 98 6
1 98 24
1 98 25
1 98 30
1 98 31
1 98 34
1 98 44
1 98 71
1 98 100
1 99 4
1 99 15
1 99 23
1 99 40
1 99 43
1 99 66
1 99 76
1 99 86
1 99 87
1 99 101
1 100 5
1 100 7
1 100 12
1 100 16
1 100 35
1 100 42
1 100 44
1 100 59
1 100 62
1 100 78
1 100 88
1 100 92
1 100 98
1 100 102
1 101 38
1 101 43
1 101 46
1 101 52
1 101 53
1 101 54
1 101 60
1 101 66
1 101 68
1 101 84
1 101 96
1 101 100
1 101 102
1 102 7
1 102 17
1 102 45
1 102 47
1 102 48
1 102 54
1 102 57
1 102 71
1 102 75
1 102 88
1 103 1
1 103 7
1 103 8
1 103 13
1 103 21
1 103 23
1 103 48
1 103 63
1 103 75
1 103 81
1 103 86
1 103 88
1 104 3
1 104 9
1 104 10
1 104 11
1 104 16
1 104 27
1 104 36
1 104 43
1 104 52
1 104 55
1 104 84
1 104 95
1 105 2
1 105 34
1 105 71
1 105 72
1 105 86
1 105 87
1 105 93
1 106 4
1 106 14
1 106 15
1 106 63
1 106 70
1 106 102
1 107 10
1 107 15
1 107 16
1 107 19
1 107 28
1 107 38
1 107 85
1 107 86
1 107 104
1 108 19
1 108 21
1 108 26
1 108 30
1 108 67
1 108 80
1 108 83
1 108 101
1 109 0
1 109 4
1 109 17
1 109 22
1 109 24
1 109 38
1 109 57
1 109 60
1 109 70
1 109 77
1 109 78
1 109 103
1 110 29
1 110 35
1 110 53
1 110 75
1 110 78
1 110 85
1 110 104
1 111 1
1 111 8
1 111 18
1 111 30
1 111 47
1 111 62
1 111 76
1 111 86
1 111 88
1 111 98
1 111 101
1 111 104
2 0 5
2 0 11
2 0 16
2 0 26
2 0 44
2 0 45
2 0 73
2 0 91
2 0 99
2 1 0
2 1 13
2 1 15
2 1 26
2 1 33
2 1 44
2 1 55
2 1 75
2 1 84
2 1 85
2 1 89
2 1 90
2 2 3
2 2 16
2 2 28
2 2 29
2 2 33
2 2 36
2 2 39
2 2 51
2 2 63
2 2 75
2 2 85
2 2 87
2 3 16
2 3 36
2 3 39
2 3 41
2 3 43
2 3 62
2 3 79
2 3 82
2 3 84
2 3 85
2 3 87
2 4 15
2 4 19
2 4 77
2 4 78
2 5 1
2 5 12
2 5 18
2 5 32
2 5 40
2 5 47
2 5 57
2 5 61
2 5 64
2 5 72
2 5 97
2 6 0
2 6 3
2 6 10
2 6 19
2 6 25
2 6 31
2 6 36
2 6 70
2 6 101
2 7 0
2 7 6
2 7 8
2 7 17
2 7 26
2 7 40
2 7 67
2 7 89
2 7 91
2 8 8
2 8 21
2 8 23
2 8 24
2 8 25
2 8 27
2 8 30
2 8 35
2 8 55
2 8 56
2 8 62
2 8 63
2 8 89
2 9 0
2 9 6
2 9 31
2 9 47
2 9 52
2 9 59
2 9 67
2 9 68
2 9 73
2 10 9
2 10 14
2 10 21
2 10 31
2 10 37
2 10 43
2 10 45
2 10 48
2 10 60
2 10 64
2 10 65
2 10 82
2 11 38
2 11 49
2 11 52
2 11 61
2 11 69
2 11 74
2 11 99
2 12 11
2 12 19
2 12 23
2 12 41
2 12 48
2 12 75
2 12 77
2 12 96
2 13 10
2 13 12
2 13 18
2 13 34
2 13 54
2 13 82
2 14 3
2 14 6
2 14 43
2 14 67
2 14 69
2 14 75
2 14 76
2 14 82
2 14 99
2 15 16
2 15 21
2 15 46
2 15 47
2 15 57
2 15 66
2 15 81
2 15 82
2 15 85
2 15 87
2 15 102
2 16 1
2 16 2
2 16 27
2 16 33
2 16 36
2 16 52
2 16 55
2 16 61
2 16 71
2 16 75
2 16 89
2 16 91
2 16 92
2 16 93
2 16 98
2 16 101
2 17 0
2 17 10
2 17 35
2 17 43
2 17 44
2 17 46
2 17 53
2 17 59
2 17 69
2 17 93
2 17 99
2 18 1
2 18 17
2 18 42
2 18 43
2 18 47
2 18 48
2 18 96
2 19 25
2 19 26
2 19 27
2 19 74
2 19 99
2 20 11
2 20 23
2 20 26
2 20 27
2 20 45
2 20 51
2 20 53
2 20 62
2 20 63
2 20 66
2 20 70
2 20 79
2 20 88
2 20 92
2 21 4
2 21 12
2 21 14
2 21 17
2 21 39
2 21 53
2 21 62
2 21 64
2 21 73
2 21 77
2 21 84
2 22 3
2 22 8
2 22 21
2 22 24
2 22 25
2 22 27
2 22 29
2 22 57
2 22 63
2 22 64
2 22 87
2 23 6
2 23 12
2 23 19
2 23 24
2 23 45
2 23 53
2 23 86
2 23 92
2 24 12
2 24 25
2 24 29
2 24 62
2 24 72
2 24 89
2 24 97
2 24 102
2 25 15
2 25 16
2 25 17
2 25 60
2 25 61
2 25 78
2 25 101
2 26 14
2 26 28
2 26 29
2 26 35
2 26 37
2 26 43
2 26 62
2 26 63
2 26 68
2 26 71
2 26 79
2 26 88
2 26 94
2 26 95
2 26 96
2 26 99
2 27 0
2 27 2
2 27 17
2 27 20
2 27 84
2 27 97
2 28 7
2 28 12
2 28 44
2 28 46
2 28 58
2 28 67
2 28 92
2 28 93
2 29 5
2 29 11
2 29 23
2 29 26
2 29 40
2 29 63
2 29 64
2 30 0
2 30 7
2 30 12
2 30 13
2 30 14
2 30 19
2 30 52
2 30 67
2 30 79
2 30 80
2 30 85
2 31 2
2 31 17
2 31 25
2 31 49
2 31 65
2 31 67
2 31 71
2 31 73
2 31 80
2 31 84
2 31 96
2 32 7
2 32 10
2 32 32
2 32 66
2 32 76
2 32 94
2 32 101
2 33 12
2 33 37
2 33 51
2 33 59
2 33 85
2 33 89
2 33 95
2 34 11
2 34 13
2 34 14
2 34 27
2 34 36
2 34 43
2 34 50
2 34 54
2 34 77
2 35 24
2 35 40
2 35 48
2 35 53
2 35 60
2 35 61
2 35 67
2 35 95
2 35 97
2 35 101
2 36 5
2 36 49
2 36 57
2 36 63
2 36 73
2 36 84
2 36 89
2 37 1
2 37 25
2 37 26
2 37 34
2 37 39
2 37 44
2 37 47
2 37 63
2 37 68
2 37 71
2 37 85
2 37 101
2 38 7
2 38 10
2 38 35
2 38 47
2 38 74
2 38 76
2 38 89
2 39 3
2 39 9
2 39 14
2 39 19
2 39 34
2 39 37
2 39 47
2 39 57
2 39 65
2 39 88
2 39 100
2 40 11
2 40 19
2 40 21
2 40 23
2 40 26
2 40 32
2 40 52
2 40 60
2 40 61
2 40 70
2 40 87
2 40 92
2 40 94
2 41 11
2 41 13
2 41 41
2 41 71
2 41 72
2 41 85
2 41 102
2 42 23
2 42 40
2 42 50
2 42 54
2 42 73
2 42 81
2 43 0
2 43 4
2 43 5
2 43 17
2 43 21
2 43 25
2 43 45
2 43 69
2 43 79
2 43 95
2 44 34
2 44 46
2 44 55
2 44 61
2 44 74
2 44 84
2 44 91
2 45 22
2 45 52
2 45 59
2 45 60
2 45 65
2 45 70
2 45 78
2 45 82
2 45 90
2 45 91
2 46 18
2 46 23
2 46 42
2 46 54
2 46 85
2 46 93
2 46 97
2 46 99
2 47 2
2 47 12
2 47 47
2 47 64
2 47 75
2 47 81
2 48 2
2 48 42
2 48 48
2 48 74
2 48 81
2 48 98
2 49 4
2 49 14
2 49 15
2 49 25
2 49 33
2 49 54
2 49 57
2 49 94
2 50 6
2 50 7
2 50 18
2 50 24
2 50 46
2 50 59
2 50 80
2 50 83
2 50 87
2 50 89
2 51 28
2 51 42
2 51 46
2 51 59
2 51 65
2 51 75
2 51 80
2 51 88
2 51 99
2 52 9
2 52 15
2 52 20
2 52 21
2 52 28
2 52 69
2 52 72
2 53 4
2 53 7
2 53 8
2 53 10
2 53 18
2 53 30
2 53 33
2 53 36
2 53 41
2 53 66
2 53 70
2 53 71
2 53 76
2 53 85
2 53 88
2 54 0
2 54 5
2 54 14
2 54 23
2 54 30
2 54 56
2 54 59
2 54 60
2 54 62
2 55 8
2 55 12
2 55 24
2 55 27
2 55 38
2 55 49
2 55 59
2 55 82
2 55 84
2 55 89
2 55 94
2 55 98
2 56 46
2 56 57
2 56 70
2 56 74
2 56 86
2 57 3
2 57 5
2 57 9
2 57 18
2 57 20
2 57 21
2 57 23
2 57 34
2 57 41
2 57 44
2 57 46
2 57 74
2 57 77
2 57 79
2 57 81
2 57 82
2 57 87
2 57 97
2 57 100
2 57 101
2 57 102
2 58 7
2 58 25
2 58 29
2 58 41
2 58 47
2 58 62
2 58 73
2 58 82
2 58 89
2 58 94
2 58 99
2 59 3
2 59 13
2 59 18
2 59 24
2 59 32
2 59 43
2 59 58
2 59 64
2 59 85
2 59 91
2 60 5
2 60 13
2 60 26
2 60 37
2 60 48
2 60 69
2 60 70
2 60 76
2 60 88
2 60 91
2 60 93
2 60 95
2 60 101
2 61 5
2 61 7
2 61 20
2 61 39
2 61 43
2 61 59
2 61 73
2 61 74
2 61 76
2 61 78
2 61 83
2 61 86
2 61 87
2 61 96
2 62 2
2 62 7
2 62 21
2 62 40
2 62 66
2 62 67
2 62 77
2 62 78
2 62 83
2 62 96
2 62 100
2 63 4
2 63 7
2 63 19
2 63 31
2 63 32
2 63 33
2 63 41
2 63 58
2 63 88
2 63 92
2 63 93
2 64 1
2 64 19
2 64 23
2 64 24
2 64 36
2 64 48
2 64 50
2 64 67
2 64 74
2 64 78
2 64 89
2 65 7
2 65 16
2 65 23
2 65 28
2 65 62
2 65 77
2 65 87
2 65 89
2 65 97
2 66 0
2 66 2
2 66 5
2 66 20
2 66 27
2 66 31
2 66 33
2 66 46
2 66 50
2 66 64
2 66 91
2 66 92
2 67 3
2 67 21
2 67 28
2 67 31
2 67 70
2 67 80
2 67 82
2 67 88
2 67 100
2 67 101
2 68 22
2 68 32
2 68 37
2 68 44
2 68 54
2 68 76
2 68 89
2 68 90
2 68 100
2 69 3
2 69 19
2 69 28
2 69 34
2 69 36
2 69 71
2 69 74
2 69 90
2 70 13
2 70 27
2 70 28
2 70 32
2 70 40
2 70 73
2 70 76
2 70 79
2 70 96
2 71 1
2 71 34
2 71 52
2 71 61
2 71 73
2 71 80
2 71 83
2 71 93
2 71 102
2 72 18
2 72 20
2 72 21
2 72 35
2 72 48
2 72 53
2 72 90
2 73 2
2 73 5
2 73 17
2 73 20
2 73 25
2 73 27
2 73 29
2 73 34
2 73 39
2 73 40
2 73 46
2 73 48
2 73 56
2 73 58
2 73 60
2 73 68
2 73 78
2 74 11
2 74 19
2 74 31
2 74 48
2 74 70
2 74 86
2 74 87
2 74 95
2 74 96
2 74 102
2 75 11
2 75 21
2 75 28
2 75 47
2 75 48
2 75 80
2 76 19
2 76 20
2 76 44
2 76 68
2 76 80
2 76 99
2 77 5
2 77 36
2 77 39
2 77 50
2 77 64
2 77 69
2 77 80
2 77 93
2 77 96
2 77 102
2 78 3
2 78 5
2 78 7
2 78 21
2 78 22
2 78 32
2 78 33
2 78 68
2 78 78
2 78 80
2 78 95
2 79 8
2 79 32
2 79 42
2 79 45
2 79 46
2 79 52
2 79 57
2 79 61
2 79 80
2 79 81
2 79 88
2 79 97
2 80 1
2 80 15
2 80 19
2 80 21
2 80 27
2 80 49
2 80 54
2 80 66
2 80 86
2 80 90
2 80 94
2 81 4
2 81 20
2 81 23
2 81 29
2 81 36
2 81 63
2 81 80
2 81 83
2 81 92
2 81 93
2 81 98
2 82 12
2 82 49
2 82 51
2 82 72
2 82 81
2 82 95
2 82 96
2 82 98
2 82 101
2 83 3
2 83 4
2 83 9
2 83 15
2 83 17
2 83 18
2 83 22
2 83 24
2 83 28
2 83 48
2 83 61
2 83 65
2 83 73
2 83 75
2 83 79
2 84 9
2 84 25
2 84 26
2 84 31
2 84 39
2 84 42
2 84 55
2 84 58
2 84 62
2 84 76
2 85 6
2 85 9
2 85 22
2 85 31
2 85 35
2 85 38
2 85 65
2 85 101
2 86 1
2 86 43
2 86 65
2 86 69
2 86 83
2 86 91
2 87 16
2 87 21
2 87 52
2 87 55
2 87 81
2 87 85
2 87 101
2 88 14
2 88 15
2 88 17
2 88 25
2 88 29
2 88 43
2 88 45
2 88 50
2 88 57
2 88 78
2 88 89
2 88 91
2 88 102
2 89 1
2 89 13
2 89 22
2 89 26
2 89 28
2 89 31
2 89 35
2 89 38
2 89 43
2 89 45
2 90 24
2 90 42
2 90 45
2 90 52
2 90 57
2 90 60
2 90 73
2 90 74
2 90 78
2 90 100
2 91 58
2 91 73
2 91 85
2 92 10
2 92 15
2 92 30
2 92 66
2 92 76
2 92 78
2 92 88
2 92 91
2 93 0
2 93 12
2 93 16
2 93 17
2 93 25
2 93 44
2 93 59
2 93 71
2 93 80
2 93 93
2 93 100
2 94 1
2 94 2
2 94 4
2 94 5
2 94 8
2 94 15
2 94 16
2 94 23
2 94 27
2 94 29
2 94 44
2 94 53
2 94 56
2 94 73
2 94 85
2 94 99
2 95 9
2 95 11
2 95 30
2 95 40
2 95 43
2 95 44
2 95 54
2 95 57
2 95 62
2 95 64
2 95 76
2 95 79
2 95 81
2 96 0
2 96 43
2 96 50
2 96 51
2 96 62
2 96 63
2 96 82
2 96 102
2 97 2
2 97 8
2 97 15
2 97 19
2 97 29
2 97 36
2 97 39
2 97 41
2 97 49
2 97 55
2 97 59
2 97 61
2 97 72
2 97 78
2 97 87
2 97 89
2 98 28
2 98 29
2 98 38
2 98 41
2 98 42
2 98 48
2 98 52
2 98 68
2 98 83
2 98 98
2 99 9
2 99 24
2 99 31
2 99 42
2 99 53
2 99 82
2 100 11
2 100 13
2 100 14
2 100 22
2 100 27
2 100 28
2 100 35
2 100 93
2 101 13
2 101 22
2 101 25
2 101 27
2 101 34
2 101 83
2 101 89
2 101 98
2 102 4
2 102 5
2 102 28
2 102 42
2 102 43
2 102 52
2 102 55
2 102 59
2 102 67
2 102 91
2 102 99
2 103 21
2 103 29
2 103 54
2 103 55
2 103 62
2 103 68
2 103 98
2 104 4
2 104 7
2 104 39
2 104 46
2 104 54
2 104 56
2 104 59
2 104 76
2 104 86
2 104 90
2 104 95
3 0 7
3 0 11
3 0 17
3 0 46
3 0 62
3 0 65
3 0 66
3 0 69
3 0 91
3 0 97
3 1 0
3 1 9
3 1 19
3 1 21
3 1 44
3 1 46
3 1 56
3 1 57
3 1 63
3 1 72
3 1 92
3 1 94
3 1 99
3 2 29
3 2 39
3 2 55
3 2 56
3 2 63
3 2 65
3 2 75
3 2 89
3 3 3
3 3 30
3 3 39
3 3 60
3 3 75
3 4 8
3 4 13
3 4 19
3 4 29
3 4 31
3 4 51
3 4 65
3 4 68
3 4 77
3 5 24
3 5 34
3 5 35
3 5 48
3 5 59
3 5 62
3 5 80
3 5 88
3 5 99
3 6 3
3 6 7
3 6 8
3 6 9
3 6 15
3 6 27
3 6 29
3 6 32
3 6 33
3 6 71
3 6 100
3 7 34
3 7 59
3 7 68
3 7 73
3 7 80
3 8 30
3 8 54
3 8 57
3 8 63
3 8 82
3 8 97
3 8 100
3 9 1
3 9 5
3 9 12
3 9 18
3 9 22
3 9 25
3 9 31
3 9 46
3 9 47
3 9 55
3 10 5
3 10 13
3 10 25
3 10 31
3 10 37
3 10 42
3 10 48
3 10 69
3 10 90
3 10 91
3 11 21
3 11 25
3 11 41
3 11 49
3 11 52
3 11 60
3 11 69
3 11 72
3 11 81
3 11 92
3 12 5
3 12 8
3 12 13
3 12 30
3 12 40
3 12 49
3 12 64
3 12 66
3 12 71
3 12 80
3 12 84
3 12 95
3 13 7
3 13 22
3 13 30
3 13 40
3 13 43
3 13 65
3 13 77
3 13 80
3 13 92
3 14 0
3 14 4
3 14 43
3 14 51
3 14 53
3 14 56
3 14 57
3 14 63
3 14 73
3 14 86
3 14 90
3 14 95
3 14 99
3 15 3
3 15 8
3 15 39
3 15 42
3 15 45
3 15 47
3 15 48
3 15 50
3 15 69
3 16 0
3 16 5
3 16 8
3 16 25
3 16 27
3 16 28
3 16 29
3 16 32
3 16 52
3 16 66
3 16 77
3 17 0
3 17 8
3 17 15
3 17 18
3 17 24
3 17 31
3 17 47
3 17 50
3 17 63
3 17 65
3 18 3
3 18 9
3 18 10
3 18 14
3 18 16
3 18 22
3 18 26
3 18 31
3 18 37
3 18 42
3 18 44
3 18 47
3 18 50
3 18 52
3 18 78
3 18 83
3 18 86
3 18 96
3 19 11
3 19 22
3 19 25
3 19 34
3 19 45
3 19 46
3 19 47
3 19 55
3 19 61
3 19 69
3 20 3
3 20 9
3 20 11
3 20 13
3 20 17
3 20 30
3 20 31
3 20 37
3 20 96
3 21 6
3 21 12
3 21 14
3 21 25
3 21 30
3 21 42
3 21 43
3 21 54
3 21 56
3 21 61
3 21 63
3 21 65
3 22 16
3 22 58
3 22 90
3 22 92
3 22 97
3 22 99
3 22 100
3 23 0
3 23 11
3 23 18
3 23 27
3 23 32
3 23 57
3 23 90
3 24 2
3 24 4
3 24 12
3 24 21
3 24 27
3 24 38
3 24 49
3 24 55
3 24 59
3 24 67
3 24 68
3 24 70
3 24 78
3 24 86
3 24 92
3 24 97
3 25 13
3 25 27
3 25 37
3 25 40
3 25 53
3 25 79
3 25 80
3 25 91
3 25 96
3 26 1
3 26 4
3 26 6
3 26 19
3 26 27
3 26 28
3 26 31
3 26 40
3 26 43
3 26 46
3 26 48
3 26 59
3 26 72
3 26 83
3 26 88
3 26 89
3 26 90
3 27 0
3 27 3
3 27 12
3 27 13
3 27 20
3 27 44
3 27 54
3 27 61
3 27 67
3 27 76
3 27 79
3 27 82
3 27 86
3 27 100
3 28 7
3 28 21
3 28 29
3 28 31
3 28 35
3 28 36
3 28 45
3 28 82
3 29 8
3 29 17
3 29 23
3 29 38
3 29 72
3 29 73
3 30 11
3 30 32
3 30 43
3 30 53
3 30 58
3 30 76
3 30 79
3 30 95
3 31 1
3 31 5
3 31 9
3 31 13
3 31 45
3 31 46
3 31 54
3 31 63
3 31 78
3 31 91
3 32 6
3 32 21
3 32 26
3 32 29
3 32 34
3 32 36
3 32 56
3 32 78
3 32 90
3 33 5
3 33 7
3 33 18
3 33 25
3 33 26
3 33 33
3 33 50
3 33 76
3 33 78
3 33 92
3 34 18
3 34 35
3 34 51
3 34 62
3 34 69
3 34 80
3 34 90
3 34 91
3 34 92
3 34 100
3 35 0
3 35 15
3 35 20
3 35 22
3 35 29
3 35 39
3 35 56
3 35 64
3 35 71
3 35 89
3 35 92
3 36 20
3 36 25
3 36 32
3 36 33
3 36 34
3 36 46
3 36 47
3 36 50
3 36 56
3 36 59
3 36 64
3 36 67
3 36 71
3 37 16
3 37 21
3 37 30
3 37 32
3 37 42
3 37 49
3 37 52
3 37 56
3 37 70
3 37 97
3 38 2
3 38 26
3 38 46
3 38 66
3 38 79
3 38 95
3 38 100
3 39 1
3 39 8
3 39 29
3 39 37
3 39 42
3 39 46
3 39 51
3 39 57
3 39 70
3 39 80
3 39 92
3 40 1
3 40 14
3 40 39
3 40 40
3 40 48
3 40 53
3 40 63
3 40 72
3 40 82
3 40 94
3 40 99
3 40 100
3 41 23
3 41 32
3 41 38
3 41 70
3 41 97
3 42 28
3 42 30
3 42 35
3 42 39
3 42 40
3 42 44
3 42 47
3 42 60
3 42 62
3 42 71
3 42 75
3 42 88
3 42 96
3 43 9
3 43 22
3 43 27
3 43 31
3 43 50
3 43 52
3 43 53
3 43 55
3 43 61
3 43 89
3 43 92
3 43 93
3 43 95
3 44 2
3 44 6
3 44 34
3 44 76
3 44 78
3 44 88
3 44 91
3 45 1
3 45 4
3 45 14
3 45 17
3 45 28
3 45 42
3 45 49
3 45 65
3 45 70
3 45 73
3 45 82
3 45 87
3 45 93
3 46 8
3 46 25
3 46 29
3 46 62
3 46 71
3 46 76
3 46 93
3 47 5
3 47 10
3 47 16
3 47 24
3 47 25
3 47 32
3 47 34
3 47 62
3 47 91
3 48 4
3 48 7
3 48 19
3 48 26
3 48 43
3 48 44
3 48 52
3 48 81
3 48 86
3 48 88
3 48 96
3 48 98
3 49 0
3 49 13
3 49 43
3 49 81
3 49 88
3 49 99
3 50 2
3 50 3
3 50 15
3 50 17
3 50 34
3 50 39
3 50 46
3 50 47
3 50 64
3 50 86
3 51 15
3 51 57
3 51 62
3 51 78
3 51 83
3 52 10
3 52 16
3 52 24
3 52 35
3 52 47
3 52 64
3 52 84
3 52 95
3 52 97
3 52 100
3 53 59
3 53 60
3 53 89
3 54 34
3 54 51
3 54 55
3 54 71
3 54 73
3 54 84
3 55 20
3 55 23
3 55 27
3 55 33
3 55 36
3 55 37
3 55 38
3 55 41
3 55 42
3 55 70
3 55 75
3 55 83
3 55 96
3 56 1
3 56 20
3 56 21
3 56 24
3 56 28
3 56 45
3 56 47
3 56 57
3 56 74
3 56 84
3 56 88
3 57 8
3 57 20
3 57 44
3 57 57
3 57 64
3 57 66
3 57 82
3 57 86
3 57 88
3 57 90
3 58 13
3 58 16
3 58 43
3 58 50
3 58 68
3 58 92
3 58 96
3 58 99
3 59 5
3 59 15
3 59 45
3 59 53
3 59 65
3 59 68
3 59 90
3 60 7
3 60 11
3 60 19
3 60 65
3 60 71
3 61 24
3 61 28
3 61 29
3 61 30
3 61 36
3 61 50
3 61 55
3 61 62
3 61 68
3 61 71
3 61 83
3 61 99
3 62 9
3 62 14
3 62 15
3 62 32
3 62 42
3 62 51
3 62 52
3 62 54
3 62 66
3 62 72
3 62 73
3 62 87
3 63 3
3 63 29
3 63 36
3 63 39
3 63 51
3 63 56
3 63 91
3 63 92
3 64 16
3 64 33
3 64 51
3 64 54
3 64 73
3 64 74
3 65 5
3 65 16
3 65 32
3 65 37
3 65 48
3 65 51
3 66 9
3 66 16
3 66 21
3 66 24
3 66 26
3 66 47
3 66 93
3 67 11
3 67 14
3 67 20
3 67 31
3 67 69
3 67 79
3 67 93
3 68 14
3 68 18
3 68 30
3 68 33
3 68 50
3 68 54
3 68 56
3 68 60
3 68 73
3 68 81
3 68 90
3 68 96
3 69 0
3 69 12
3 69 14
3 69 23
3 69 37
3 69 40
3 69 47
3 69 50
3 69 55
3 69 68
3 69 76
3 69 88
3 69 97
3 70 0
3 70 2
3 70 39
3 70 42
3 70 49
3 70 55
3 70 93
3 71 39
3 71 52
3 71 57
3 71 85
3 72 15
3 72 33
3 72 39
3 72 42
3 72 50
3 72 57
3 72 66
3 72 89
3 72 94
3 73 6
3 73 7
3 73 14
3 73 19
3 73 23
3 73 54
3 73 56
3 73 73
3 73 77
3 73 84
3 74 5
3 74 15
3 74 37
3 74 41
3 74 42
3 74 47
3 74 58
3 74 59
3 74 61
3 74 88
3 74 95
3 75 14
3 75 16
3 75 30
3 75 43
3 75 44
3 75 48
3 75 74
3 75 87
3 75 92
3 75 96
3 76 2
3 76 29
3 76 45
3 76 57
3 76 73
3 77 0
3 77 8
3 77 15
3 77 21
3 77 31
3 77 36
3 77 46
3 77 49
3 77 59
3 77 61
3 77 82
3 77 88
3 78 0
3 78 3
3 78 5
3 78 6
3 78 9
3 78 17
3 78 37
3 78 38
3 78 39
3 78 46
3 78 52
3 78 63
3 78 65
3 78 75
3 78 92
3 79 0
3 79 9
3 79 20
3 79 40
3 79 49
3 79 55
3 79 60
3 79 61
3 79 70
3 79 73
3 79 74
3 79 86
3 79 98
3 80 3
3 80 24
3 80 31
3 80 51
3 80 55
3 80 70
3 80 75
3 80 91
3 80 92
3 80 98
3 81 7
3 81 15
3 81 17
3 81 21
3 81 23
3 81 26
3 81 43
3 81 50
3 81 56
3 81 65
3 81 70
3 81 71
3 81 78
3 81 94
3 82 9
3 82 15
3 82 23
3 82 51
3 82 52
3 82 73
3 82 81
3 82 84
3 82 92
3 83 5
3 83 25
3 83 37
3 83 72
3 83 76
3 83 81
3 83 91
3 83 93
3 84 28
3 84 38
3 84 45
3 84 77
3 84 86
3 85 2
3 85 4
3 85 5
3 85 10
3 85 36
3 85 47
3 85 49
3 85 62
3 85 80
3 85 81
3 85 87
3 85 95
3 86 3
3 86 5
3 86 8
3 86 12
3 86 14
3 86 47
3 86 63
3 86 69
3 86 83
3 86 100
3 87 9
3 87 15
3 87 38
3 87 66
3 87 74
3 87 77
3 87 94
3 87 98
3 87 99
3 88 5
3 88 13
3 88 15
3 88 18
3 88 27
3 88 35
3 88 52
3 88 64
3 88 71
3 88 90
3 88 95
3 89 12
3 89 13
3 89 53
3 89 54
3 89 91
3 89 95
3 89 96
3 89 97
3 90 1
3 90 3
3 90 21
3 90 28
3 90 36
3 90 42
3 90 44
3 90 51
3 90 52
3 90 91
3 91 12
3 91 22
3 91 32
3 91 42
3 91 74
3 91 97
3 91 98
3 92 21
3 92 53
3 92 62
3 92 72
3 92 91
3 92 100
3 93 5
3 93 11
3 93 18
3 93 20
3 93 27
3 93 30
3 93 60
3 93 69
3 93 71
3 93 82
3 93 89
3 94 5
3 94 11
3 94 23
3 94 25
3 94 42
3 94 46
3 94 47
3 94 66
3 94 67
3 94 68
3 94 70
3 94 74
3 94 79
3 94 84
3 94 97
3 95 3
3 95 6
3 95 31
3 95 47
3 95 52
3 95 57
3 95 82
3 95 92
3 95 100
3 96 33
3 96 54
3 96 57
3 96 66
3 96 80
3 96 85
3 96 90
3 96 98
3 97 9
3 97 20
3 97 25
3 97 28
3 97 51
3 97 64
3 97 78
3 97 98
3 98 2
3 98 9
3 98 16
3 98 19
3 98 23
3 98 24
3 98 37
3 98 61
3 98 78
3 98 98
3 99 0
3 99 8
3 99 19
3 99 36
3 99 38
3 99 46
3 99 48
3 99 52
3 99 57
3 99 62
3 99 72
3 99 96
3 99 98
3 100 5
3 100 9
3 100 10
3 100 16
3 100 38
3 100 40
3 100 45
3 100 57
3 100 74
3 100 96
3 101 5
3 101 20
3 101 27
3 101 33
3 101 89
3 102 5
3 102 13
3 102 18
3 102 34
3 102 38
3 102 57
3 102 71
3 102 73
3 102 77
3 102 78
3 102 87
3 102 91
3 102 95
3 102 97