1332
5
96 167 97 109 131
5987

0 386 898 0 205 0 0 0 639 993 0 0 736 0 0 0 60 0 612 0 665 0 993 0 261 0 0 0 0 0 0 22 0 30 33 17 0 0 80 43 7 86 29 52 0 0 97 0 0 33 76 0 0 0 24 0 37 22 0 0 0 0 50 0 28 0 0 0 72 0 20 0 0 0 5 64 7 0 51 0 0 0 0 0 86 59 21 0 19 25 0 0 72 0 50 0
732 0 0 551 0 106 0 107 0 247 557 576 0 506 0 15 951 0 0 0 0 396 0 383 0 237 0 467 924 219 0 154 0 998 0 484 0 356 0 642 397 511 69 14 0 49 0 0 60 0 20 0 0 21 27 11 24 0 71 26 100 0 22 2 0 0 0 0 0 0 13 0 83 72 0 0 0 14 20 0 0 16 0 0 0 4 61 87 0 97 0 0 0 0 19 97 0 1 64 76 58 94 61 0 0 0 8 11 0 0 0 97 7 0 4 0 66 9 0 0 27 57 86 0 0 11 75 43 50 0 0 0 0 21 7 0 97 50 0 43 0 97 0 89 0 22 29 0 7 0 0 0 0 84 0 0 0 18 92 100 5 45 0 0 0 0 0
95 447 0 543 623 0 318 0 0 198 0 0 0 263 0 0 592 0 0 0 264 207 210 0 0 2 71 52 0 45 26 0 15 46 91 0 86 0 7 4 37 0 0 51 53 28 0 0 0 48 0 0 12 0 30 0 59 0 0 62 0 85 56 0 9 70 11 38 82 0 0 79 0 0 59 3 0 0 28 0 0 21 0 0 0 33 54 63 0 24 0 32 0 0 0 0 34
0 636 910 0 210 699 0 584 0 160 0 0 787 0 890 418 641 0 712 999 120 0 411 405 427 0 0 0 73 14 0 0 0 14 0 0 28 69 51 0 0 52 12 0 0 0 0 0 63 30 0 0 0 80 0 70 34 73 18 0 0 58 63 0 0 0 0 0 0 0 0 34 88 0 35 31 36 75 0 0 0 0 0 0 0 37 0 2 0 1 70 6 94 0 0 80 0 30 0 23 0 0 0 0 0 0 25 0 11
189 0 386 0 0 870 0 0 0 511 0 373 964 0 340 0 0 405 0 125 0 477 0 18 0 0 769 406 0 82 252 312 0 0 0 0 19 0 82 0 38 8 0 0 0 2 0 0 0 46 76 0 16 0 0 3 70 0 0 10 0 0 4 84 87 0 0 0 0 88 59 0 70 0 74 0 0 25 33 0 0 0 25 0 5 68 18 0 0 0 52 0 0 11 70 77 0 0 39 92 0 0 82 0 32 0 88 28 33 0 0 13 3 0 39 100 100 0 16 30 0 0 0 0 54 0 85 0 0 13 0

0 0 3
0 0 10
0 0 30
0 0 31
0 0 39
0 0 49
0 0 50
0 0 91
0 0 110
0 0 113
0 0 114
0 0 138
0 0 160
0 1 19
0 1 34
0 1 42
0 1 45
0 1 48
0 1 68
0 1 73
0 1 77
0 1 83
0 1 103
0 1 105
0 1 120
0 1 123
0 1 147
0 1 165
0 2 3
0 2 16
0 2 19
0 2 32
0 2 50
0 2 78
0 2 83
0 2 94
0 2 96
0 2 100
0 2 103
0 2 114
0 2 128
0 2 132
0 2 146
0 2 148
0 2 152
0 3 5
0 3 20
0 3 29
0 3 33
0 3 47
0 3 49
0 3 56
0 3 61
0 3 62
0 3 70
0 3 78
0 3 95
0 3 101
0 3 103
0 3 113
0 3 120
0 3 138
0 4 13
0 4 17
0 4 33
0 4 34
0 4 52
0 4 65
0 4 83
0 4 88
0 4 105
0 4 108
0 4 116
0 4 123
0 4 130
0 4 134
0 4 154
0 4 163
0 5 5
0 5 18
0 5 30
0 5 58
0 5 68
0 5 89
0 5 93
0 5 110
0 5 112
0 5 117
0 5 121
0 5 132
0 5 133
0 5 142
0 5 146
0 5 154
0 6 4
0 6 10
0 6 20
0 6 28
0 6 40
0 6 43
0 6 54
0 6 62
0 6 64
0 6 71
0 6 76
0 6 78
0 6 83
0 6 86
0 6 105
0 6 145
0 6 147
0 6 150
0 7 14
0 7 25
0 7 44
0 7 46
0 7 49
0 7 50
0 7 55
0 7 62
0 7 74
0 7 75
0 7 82
0 7 86
0 7 108
0 7 121
0 7 129
0 7 137
0 7 141
0 7 143
0 7 157
0 7 163
0 8 2
0 8 7
0 8 17
0 8 37
0 8 75
0 8 80
0 8 83
0 8 108
0 8 114
0 8 136
0 8 156
0 8 162
0 9 2
0 9 15
0 9 37
0 9 40
0 9 55
0 9 60
0 9 62
0 9 71
0 9 81
0 9 82
0 9 88
0 9 96
0 9 126
0 9 131
0 9 135
0 9 158
0 9 165
0 10 17
0 10 32
0 10 34
0 10 36
0 10 40
0 10 60
0 10 63
0 10 80
0 10 87
0 10 95
0 10 103
0 10 104
0 10 107
0 10 117
0 10 130
0 10 138
0 10 140
0 10 143
0 10 154
0 10 156
0 10 162
0 11 1
0 11 12
0 11 35
0 11 51
0 11 55
0 11 62
0 11 86
0 11 119
0 11 133
0 11 154
0 11 159
0 12 2
0 12 28
0 12 40
0 12 55
0 12 63
0 12 84
0 12 125
0 12 127
0 12 134
0 12 152
0 12 156
0 12 159
0 12 161
0 13 0
0 13 1
0 13 3
0 13 25
0 13 36
0 13 45
0 13 56
0 13 60
0 13 77
0 13 124
0 13 144
0 13 146
0 13 160
0 13 163
0 14 10
0 14 12
0 14 23
0 14 45
0 14 48
0 14 55
0 14 61
0 14 69
0 14 71
0 14 75
0 14 85
0 14 133
0 14 143
0 14 156
0 15 1
0 15 4
0 15 49
0 15 66
0 15 72
0 15 82
0 15 83
0 15 84
0 15 91
0 15 97
0 15 100
0 15 134
0 15 141
0 15 144
0 15 166
0 16 23
0 16 25
0 16 26
0 16 29
0 16 64
0 16 102
0 16 103
0 16 122
0 16 135
0 16 144
0 16 153
0 16 160
0 16 163
0 17 0
0 17 21
0 17 45
0 17 74
0 17 90
0 17 94
0 17 96
0 17 106
0 17 125
0 17 153
0 17 157
0 17 161
0 18 3
0 18 9
0 18 12
0 18 20
0 18 54
0 18 75
0 18 88
0 18 92
0 18 93
0 18 108
0 18 117
0 18 118
0 18 129
0 18 134
0 18 161
0 19 2
0 19 16
0 19 19
0 19 26
0 19 30
0 19 34
0 19 52
0 19 85
0 19 94
0 19 116
0 19 121
0 19 133
0 19 142
0 20 5
0 20 16
0 20 36
0 20 41
0 20 48
0 20 68
0 20 76
0 20 82
0 20 89
0 20 92
0 20 102
0 20 105
0 20 115
0 20 119
0 20 120
0 20 125
0 20 126
0 20 147
0 20 154
0 20 156
0 20 160
0 20 165
0 21 31
0 21 49
0 21 61
0 21 74
0 21 82
0 21 90
0 21 118
0 21 136
0 21 138
0 21 151
0 21 156
0 21 163
0 22 4
0 22 26
0 22 34
0 22 39
0 22 43
0 22 47
0 22 64
0 22 88
0 22 89
0 22 96
0 22 117
0 22 121
0 22 123
0 22 128
0 22 130
0 22 154
0 22 157
0 23 6
0 23 50
0 23 51
0 23 66
0 23 83
0 23 88
0 23 97
0 23 101
0 23 104
0 23 109
0 23 112
0 23 121
0 23 126
0 23 135
0 23 141
0 23 161
0 24 15
0 24 24
0 24 54
0 24 109
0 24 111
0 24 114
0 24 132
0 24 153
0 24 154
0 25 4
0 25 8
0 25 10
0 25 23
0 25 49
0 25 68
0 25 72
0 25 74
0 25 75
0 25 78
0 25 105
0 25 106
0 25 110
0 25 153
0 25 161
0 26 2
0 26 16
0 26 18
0 26 32
0 26 33
0 26 43
0 26 56
0 26 77
0 26 86
0 26 87
0 26 88
0 26 99
0 26 105
0 26 116
0 26 117
0 26 124
0 26 133
0 26 137
0 26 139
0 26 163
0 27 18
0 27 19
0 27 24
0 27 35
0 27 36
0 27 37
0 27 43
0 27 51
0 27 68
0 27 79
0 27 88
0 27 90
0 27 102
0 27 105
0 27 107
0 27 113
0 27 114
0 27 132
0 27 141
0 27 142
0 27 152
0 27 154
0 27 164
0 27 166
0 28 0
0 28 12
0 28 14
0 28 18
0 28 31
0 28 45
0 28 50
0 28 51
0 28 53
0 28 58
0 28 63
0 28 65
0 28 76
0 28 78
0 28 86
0 28 89
0 28 98
0 28 111
0 28 147
0 28 149
0 28 157
0 29 4
0 29 8
0 29 9
0 29 28
0 29 34
0 29 35
0 29 51
0 29 52
0 29 67
0 29 78
0 29 79
0 29 81
0 29 86
0 29 91
0 29 111
0 29 113
0 29 115
0 29 122
0 29 130
0 29 150
0 29 162
0 30 0
0 30 21
0 30 26
0 30 29
0 30 31
0 30 32
0 30 44
0 30 56
0 30 60
0 30 64
0 30 65
0 30 71
0 30 77
0 30 78
0 30 86
0 30 97
0 30 102
0 30 109
0 30 112
0 30 136
0 30 140
0 30 159
0 30 166
0 31 4
0 31 10
0 31 23
0 31 39
0 31 42
0 31 43
0 31 53
0 31 54
0 31 56
0 31 58
0 31 62
0 31 63
0 31 65
0 31 70
0 31 75
0 31 84
0 31 88
0 31 92
0 31 95
0 31 97
0 31 118
0 31 120
0 31 151
0 31 154
0 31 157
0 32 14
0 32 21
0 32 27
0 32 29
0 32 30
0 32 36
0 32 38
0 32 53
0 32 54
0 32 58
0 32 77
0 32 92
0 32 137
0 32 150
0 32 159
0 33 6
0 33 14
0 33 17
0 33 24
0 33 32
0 33 33
0 33 43
0 33 55
0 33 61
0 33 65
0 33 68
0 33 72
0 33 86
0 33 93
0 33 109
0 33 114
0 33 148
0 33 160
0 34 8
0 34 10
0 34 17
0 34 18
0 34 24
0 34 36
0 34 47
0 34 57
0 34 67
0 34 73
0 34 78
0 34 79
0 34 91
0 34 93
0 34 98
0 34 103
0 34 109
0 34 112
0 34 115
0 34 119
0 34 135
0 34 146
0 34 147
0 34 149
0 34 160
0 34 163
0 34 164
0 35 29
0 35 38
0 35 46
0 35 49
0 35 50
0 35 65
0 35 67
0 35 76
0 35 90
0 35 121
0 35 123
0 35 124
0 35 126
0 35 133
0 35 147
0 35 148
0 35 150
0 36 19
0 36 24
0 36 31
0 36 38
0 36 53
0 36 65
0 36 82
0 36 85
0 36 96
0 36 101
0 36 112
0 36 117
0 36 126
0 36 136
0 36 139
0 36 157
0 37 7
0 37 16
0 37 17
0 37 18
0 37 29
0 37 34
0 37 67
0 37 70
0 37 72
0 37 76
0 37 103
0 37 106
0 37 108
0 37 124
0 37 135
0 37 144
0 38 22
0 38 25
0 38 30
0 38 32
0 38 34
0 38 44
0 38 54
0 38 72
0 38 74
0 38 77
0 38 96
0 38 108
0 38 111
0 38 121
0 38 135
0 38 144
0 38 145
0 38 150
0 38 151
0 38 152
0 38 156
0 38 161
0 39 1
0 39 2
0 39 26
0 39 28
0 39 35
0 39 36
0 39 39
0 39 53
0 39 69
0 39 70
0 39 80
0 39 83
0 39 88
0 39 100
0 39 102
0 39 118
0 39 137
0 39 139
0 39 147
0 40 3
0 40 11
0 40 19
0 40 24
0 40 41
0 40 58
0 40 86
0 40 96
0 40 118
0 40 120
0 40 121
0 40 132
0 40 133
0 40 137
0 40 144
0 40 151
0 40 154
0 40 163
0 40 164
0 41 4
0 41 10
0 41 34
0 41 43
0 41 44
0 41 46
0 41 73
0 41 77
0 41 79
0 41 81
0 41 84
0 41 134
0 41 135
0 41 139
0 41 145
0 42 7
0 42 24
0 42 34
0 42 44
0 42 45
0 42 46
0 42 49
0 42 64
0 42 78
0 42 90
0 42 95
0 42 96
0 42 106
0 42 107
0 42 127
0 42 130
0 42 132
0 42 146
0 42 158
0 43 23
0 43 24
0 43 26
0 43 46
0 43 58
0 43 78
0 43 80
0 43 110
0 43 116
0 43 129
0 43 130
0 43 138
0 43 146
0 43 154
0 43 155
0 44 7
0 44 8
0 44 17
0 44 22
0 44 28
0 44 40
0 44 44
0 44 60
0 44 73
0 44 81
0 44 83
0 44 102
0 44 106
0 44 114
0 44 127
0 44 129
0 44 140
0 44 149
0 45 24
0 45 25
0 45 26
0 45 29
0 45 34
0 45 64
0 45 84
0 45 88
0 45 89
0 45 106
0 45 109
0 45 130
0 45 141
0 46 10
0 46 11
0 46 13
0 46 29
0 46 30
0 46 44
0 46 47
0 46 53
0 46 70
0 46 77
0 46 93
0 46 100
0 46 105
0 46 109
0 46 114
0 46 116
0 46 133
0 46 138
0 46 150
0 46 161
0 47 0
0 47 7
0 47 14
0 47 33
0 47 56
0 47 79
0 47 105
0 47 107
0 47 110
0 47 116
0 47 128
0 47 133
0 47 140
0 48 19
0 48 26
0 48 50
0 48 52
0 48 65
0 48 99
0 48 104
0 48 120
0 48 128
0 48 131
0 48 136
0 48 139
0 48 159
0 48 161
0 48 162
0 48 165
0 49 2
0 49 6
0 49 14
0 49 33
0 49 37
0 49 40
0 49 43
0 49 52
0 49 56
0 49 58
0 49 59
0 49 60
0 49 73
0 49 75
0 49 77
0 49 78
0 49 79
0 49 82
0 49 100
0 49 104
0 49 106
0 49 113
0 49 131
0 49 135
0 49 138
0 49 142
0 49 165
0 50 5
0 50 18
0 50 38
0 50 41
0 50 55
0 50 58
0 50 63
0 50 71
0 50 73
0 50 75
0 50 76
0 50 77
0 50 81
0 50 83
0 50 89
0 50 102
0 50 115
0 50 126
0 51 6
0 51 18
0 51 20
0 51 23
0 51 25
0 51 34
0 51 48
0 51 49
0 51 50
0 51 52
0 51 56
0 51 63
0 51 65
0 51 80
0 51 82
0 51 102
0 51 107
0 51 111
0 51 115
0 51 131
0 51 141
0 51 143
0 51 158
0 51 165
0 52 18
0 52 33
0 52 45
0 52 50
0 52 55
0 52 59
0 52 63
0 52 70
0 52 80
0 52 96
0 52 110
0 52 122
0 52 125
0 52 130
0 52 137
0 52 143
0 52 160
0 53 14
0 53 19
0 53 41
0 53 59
0 53 67
0 53 74
0 53 76
0 53 88
0 53 96
0 53 98
0 53 108
0 53 111
0 53 112
0 53 120
0 53 123
0 53 127
0 53 140
0 53 143
0 53 148
0 53 159
0 53 161
0 53 166
0 54 2
0 54 4
0 54 19
0 54 22
0 54 24
0 54 33
0 54 47
0 54 51
0 54 53
0 54 66
0 54 73
0 54 76
0 54 77
0 54 81
0 54 88
0 54 89
0 54 105
0 54 108
0 54 113
0 54 125
0 54 135
0 54 158
0 54 159
0 55 10
0 55 12
0 55 34
0 55 35
0 55 58
0 55 65
0 55 114
0 55 154
0 55 155
0 56 0
0 56 4
0 56 12
0 56 13
0 56 17
0 56 32
0 56 63
0 56 64
0 56 66
0 56 75
0 56 76
0 56 96
0 56 108
0 56 110
0 56 127
0 56 132
0 56 151
0 56 161
0 56 164
0 56 165
0 56 166
0 57 12
0 57 14
0 57 20
0 57 29
0 57 35
0 57 57
0 57 59
0 57 62
0 57 64
0 57 68
0 57 80
0 57 97
0 57 107
0 57 122
0 57 129
0 57 144
0 57 146
0 57 165
0 58 13
0 58 15
0 58 32
0 58 39
0 58 50
0 58 51
0 58 67
0 58 70
0 58 72
0 58 90
0 58 98
0 58 108
0 58 109
0 58 113
0 58 114
0 58 139
0 58 148
0 58 153
0 58 155
0 58 160
0 59 4
0 59 15
0 59 21
0 59 27
0 59 28
0 59 44
0 59 46
0 59 47
0 59 62
0 59 77
0 59 90
0 59 104
0 59 107
0 59 126
0 59 130
0 59 135
0 60 1
0 60 14
0 60 30
0 60 37
0 60 39
0 60 64
0 60 65
0 60 75
0 60 84
0 60 98
0 60 99
0 60 117
0 60 147
0 60 153
0 60 157
0 61 4
0 61 24
0 61 30
0 61 31
0 61 36
0 61 49
0 61 51
0 61 53
0 61 62
0 61 76
0 61 83
0 61 102
0 61 104
0 61 107
0 61 110
0 61 138
0 61 151
0 62 5
0 62 44
0 62 53
0 62 56
0 62 57
0 62 61
0 62 80
0 62 83
0 62 88
0 62 96
0 62 106
0 62 111
0 62 118
0 62 119
0 62 122
0 62 128
0 62 130
0 62 131
0 62 151
0 62 160
0 63 1
0 63 14
0 63 23
0 63 43
0 63 47
0 63 49
0 63 68
0 63 87
0 63 88
0 63 94
0 63 112
0 63 115
0 63 116
0 63 135
0 63 159
0 64 1
0 64 14
0 64 44
0 64 47
0 64 60
0 64 62
0 64 74
0 64 109
0 64 139
0 64 159
0 64 160
0 64 162
0 64 165
0 65 6
0 65 11
0 65 20
0 65 37
0 65 40
0 65 52
0 65 53
0 65 55
0 65 59
0 65 61
0 65 67
0 65 87
0 65 96
0 65 104
0 65 119
0 65 125
0 65 131
0 65 138
0 65 142
0 65 164
0 66 21
0 66 33
0 66 34
0 66 49
0 66 50
0 66 64
0 66 69
0 66 80
0 66 89
0 66 102
0 66 103
0 66 113
0 66 119
0 66 129
0 66 137
0 66 147
0 66 151
0 67 5
0 67 12
0 67 15
0 67 29
0 67 31
0 67 33
0 67 34
0 67 36
0 67 38
0 67 45
0 67 53
0 67 58
0 67 63
0 67 64
0 67 68
0 67 80
0 67 101
0 67 102
0 67 103
0 67 114
0 67 126
0 67 127
0 67 129
0 67 136
0 67 145
0 67 152
0 67 157
0 67 163
0 68 11
0 68 13
0 68 14
0 68 26
0 68 32
0 68 35
0 68 39
0 68 54
0 68 57
0 68 72
0 68 74
0 68 106
0 68 113
0 68 115
0 68 116
0 68 143
0 68 158
0 68 166
0 69 3
0 69 4
0 69 16
0 69 27
0 69 56
0 69 57
0 69 59
0 69 76
0 69 81
0 69 82
0 69 89
0 69 107
0 69 126
0 69 137
0 69 146
0 69 151
0 69 161
0 70 11
0 70 15
0 70 21
0 70 28
0 70 33
0 70 48
0 70 63
0 70 76
0 70 79
0 70 80
0 70 84
0 70 89
0 70 90
0 70 92
0 70 94
0 70 96
0 71 23
0 71 27
0 71 33
0 71 42
0 71 47
0 71 51
0 71 59
0 71 74
0 71 77
0 71 82
0 71 128
0 71 130
0 71 149
0 71 152
0 71 153
0 71 160
0 72 25
0 72 31
0 72 42
0 72 43
0 72 67
0 72 72
0 72 75
0 72 84
0 72 97
0 72 121
0 72 134
0 72 137
0 72 140
0 72 145
0 72 150
0 72 157
0 72 166
0 73 0
0 73 12
0 73 27
0 73 32
0 73 80
0 73 85
0 73 93
0 73 110
0 73 112
0 73 133
0 73 144
0 73 153
0 73 164
0 74 4
0 74 5
0 74 9
0 74 14
0 74 26
0 74 29
0 74 34
0 74 49
0 74 77
0 74 78
0 74 120
0 74 122
0 74 130
0 74 132
0 74 140
0 74 141
0 74 142
0 75 33
0 75 34
0 75 36
0 75 49
0 75 54
0 75 86
0 75 88
0 75 101
0 75 116
0 75 118
0 75 141
0 75 147
0 76 0
0 76 1
0 76 10
0 76 12
0 76 13
0 76 16
0 76 19
0 76 22
0 76 75
0 76 100
0 76 114
0 76 115
0 76 123
0 76 126
0 76 145
0 76 155
0 76 158
0 76 161
0 76 163
0 77 5
0 77 14
0 77 51
0 77 63
0 77 64
0 77 66
0 77 103
0 77 121
0 77 123
0 77 126
0 77 133
0 77 151
0 77 152
0 77 157
0 78 1
0 78 20
0 78 26
0 78 28
0 78 31
0 78 35
0 78 38
0 78 45
0 78 50
0 78 63
0 78 69
0 78 70
0 78 75
0 78 83
0 78 88
0 78 96
0 78 111
0 78 117
0 78 119
0 78 120
0 78 125
0 78 133
0 78 140
0 78 160
0 78 162
0 78 164
0 79 7
0 79 16
0 79 59
0 79 64
0 79 72
0 79 78
0 79 81
0 79 83
0 79 118
0 79 127
0 79 135
0 79 160
0 79 161
0 80 2
0 80 6
0 80 10
0 80 56
0 80 81
0 80 91
0 80 97
0 80 101
0 80 122
0 80 124
0 80 134
0 80 138
0 81 14
0 81 19
0 81 20
0 81 25
0 81 34
0 81 50
0 81 63
0 81 81
0 81 88
0 81 140
0 81 148
0 81 165
0 82 1
0 82 6
0 82 22
0 82 33
0 82 44
0 82 64
0 82 74
0 82 77
0 82 82
0 82 83
0 82 91
0 82 92
0 82 95
0 82 103
0 82 106
0 82 109
0 82 111
0 82 132
0 82 156
0 82 162
0 83 1
0 83 3
0 83 6
0 83 21
0 83 33
0 83 42
0 83 52
0 83 54
0 83 60
0 83 66
0 83 70
0 83 78
0 83 86
0 83 91
0 83 94
0 83 105
0 83 107
0 83 121
0 83 126
0 83 129
0 83 130
0 83 131
0 83 135
0 83 136
0 83 139
0 83 154
0 83 162
0 84 1
0 84 2
0 84 9
0 84 11
0 84 15
0 84 26
0 84 27
0 84 35
0 84 36
0 84 43
0 84 45
0 84 54
0 84 66
0 84 68
0 84 69
0 84 71
0 84 77
0 84 91
0 84 103
0 84 117
0 84 118
0 84 120
0 84 122
0 84 138
0 84 153
0 84 164
0 85 19
0 85 22
0 85 25
0 85 26
0 85 39
0 85 43
0 85 45
0 85 67
0 85 77
0 85 80
0 85 81
0 85 89
0 85 135
0 85 155
0 85 160
0 85 164
0 86 0
0 86 3
0 86 36
0 86 54
0 86 66
0 86 75
0 86 77
0 86 87
0 86 146
0 86 166
0 87 8
0 87 9
0 87 12
0 87 37
0 87 45
0 87 47
0 87 62
0 87 65
0 87 76
0 87 87
0 87 96
0 87 102
0 87 118
0 87 125
0 87 133
0 87 150
0 88 10
0 88 14
0 88 24
0 88 31
0 88 35
0 88 48
0 88 56
0 88 90
0 88 97
0 88 102
0 88 107
0 88 114
0 88 126
0 88 130
0 88 146
0 88 158
0 88 159
0 88 165
0 88 166
0 89 11
0 89 12
0 89 21
0 89 31
0 89 45
0 89 53
0 89 74
0 89 77
0 89 83
0 89 88
0 89 99
0 89 101
0 89 143
0 89 161
0 90 5
0 90 8
0 90 18
0 90 20
0 90 35
0 90 45
0 90 57
0 90 76
0 90 83
0 90 96
0 90 104
0 90 105
0 90 126
0 90 129
0 90 136
0 90 152
0 90 166
0 91 18
0 91 21
0 91 24
0 91 36
0 91 82
0 91 84
0 91 110
0 91 120
0 91 124
0 91 126
0 91 136
0 91 137
0 91 138
0 91 140
0 91 141
0 91 144
0 91 148
0 91 166
0 92 0
0 92 12
0 92 22
0 92 55
0 92 61
0 92 64
0 92 69
0 92 70
0 92 74
0 92 79
0 92 107
0 92 110
0 92 115
0 92 117
0 92 128
0 92 140
0 92 142
0 92 148
0 92 150
0 92 160
0 92 164
0 93 2
0 93 5
0 93 13
0 93 20
0 93 40
0 93 53
0 93 56
0 93 60
0 93 68
0 93 103
0 93 109
0 93 123
0 93 137
0 93 151
0 93 161
0 93 162
0 94 7
0 94 9
0 94 26
0 94 29
0 94 30
0 94 43
0 94 48
0 94 50
0 94 52
0 94 58
0 94 65
0 94 72
0 94 73
0 94 94
0 94 97
0 94 109
0 94 136
0 94 137
0 94 138
0 94 140
0 94 142
0 94 152
0 95 0
0 95 5
0 95 10
0 95 31
0 95 34
0 95 53
0 95 59
0 95 80
0 95 91
0 95 92
0 95 117
0 95 118
0 95 128
0 95 143
0 95 151
0 95 157
0 95 160
0 95 161
0 95 165
1 0 7
1 0 12
1 0 19
1 0 31
1 0 49
1 0 51
1 0 53
1 0 55
1 0 56
1 0 62
1 0 75
1 0 76
1 0 81
1 0 93
1 1 10
1 1 11
1 1 14
1 1 17
1 1 25
1 1 27
1 1 58
1 1 69
1 1 71
1 1 87
1 1 92
1 1 94
1 2 1
1 2 4
1 2 5
1 2 10
1 2 13
1 2 16
1 2 28
1 2 42
1 2 47
1 2 55
1 2 68
1 2 78
1 2 89
1 2 90
1 2 94
1 2 95
1 3 5
1 3 12
1 3 16
1 3 51
1 3 55
1 3 56
1 3 70
1 4 5
1 4 10
1 4 19
1 4 20
1 4 23
1 4 24
1 4 38
1 4 45
1 4 52
1 4 66
1 4 69
1 5 39
1 5 78
1 5 89
1 6 2
1 6 9
1 6 10
1 6 25
1 6 26
1 6 29
1 6 50
1 6 58
1 6 65
1 6 70
1 6 76
1 6 82
1 6 94
1 7 0
1 7 3
1 7 6
1 7 17
1 7 46
1 7 53
1 7 54
1 7 64
1 7 79
1 7 96
1 8 0
1 8 23
1 8 29
1 8 42
1 8 46
1 8 52
1 8 55
1 8 60
1 8 70
1 8 74
1 8 87
1 8 89
1 9 11
1 9 16
1 9 23
1 9 34
1 9 40
1 9 44
1 9 62
1 9 64
1 9 84
1 9 86
1 9 88
1 9 91
1 10 5
1 10 10
1 10 13
1 10 15
1 10 17
1 10 20
1 10 29
1 10 35
1 10 39
1 10 41
1 10 47
1 10 50
1 10 61
1 10 75
1 10 78
1 10 80
1 10 81
1 10 87
1 11 2
1 11 10
1 11 22
1 11 31
1 11 33
1 11 61
1 11 73
1 11 81
1 11 84
1 11 88
1 12 14
1 12 38
1 12 52
1 12 69
1 12 70
1 13 1
1 13 9
1 13 15
1 13 22
1 13 39
1 13 42
1 13 47
1 13 50
1 13 60
1 13 66
1 13 68
1 13 77
1 13 81
1 13 86
1 13 96
1 14 6
1 14 9
1 14 17
1 14 22
1 14 33
1 14 46
1 14 69
1 14 71
1 14 77
1 14 84
1 15 3
1 15 12
1 15 25
1 15 38
1 15 43
1 15 44
1 15 46
1 15 58
1 15 66
1 15 95
1 16 3
1 16 5
1 16 8
1 16 12
1 16 26
1 16 38
1 16 43
1 16 62
1 16 65
1 16 93
1 17 2
1 17 6
1 17 13
1 17 16
1 17 17
1 17 37
1 17 41
1 17 45
1 17 46
1 17 58
1 17 62
1 17 85
1 17 87
1 17 89
1 17 92
1 18 1
1 18 4
1 18 10
1 18 46
1 18 53
1 18 60
1 18 66
1 18 75
1 18 77
1 18 92
1 19 11
1 19 33
1 19 39
1 19 43
1 19 46
1 19 60
1 19 63
1 19 65
1 19 69
1 19 84
1 19 89
1 19 90
1 19 93
1 20 8
1 20 17
1 20 22
1 20 27
1 20 30
1 20 38
1 20 52
1 20 78
1 20 83
1 20 85
1 21 8
1 21 11
1 21 35
1 21 60
1 21 71
1 21 77
1 21 84
1 21 94
1 22 3
1 22 18
1 22 43
1 22 76
1 22 78
1 22 79
1 22 80
1 22 84
1 22 89
1 22 96
1 23 3
1 23 14
1 23 15
1 23 25
1 23 35
1 23 36
1 23 61
1 23 70
1 23 71
1 23 73
1 23 77
1 23 91
1 24 4
1 24 15
1 24 27
1 24 49
1 24 63
1 24 64
1 24 66
1 24 71
1 24 89
1 25 12
1 25 21
1 25 22
1 25 29
1 25 30
1 25 40
1 25 55
1 25 72
1 25 87
1 25 93
1 26 7
1 26 17
1 26 18
1 26 34
1 26 49
1 26 73
1 26 80
1 26 81
1 26 95
1 27 1
1 27 9
1 27 10
1 27 36
1 27 48
1 27 52
1 27 54
1 27 60
1 27 75
1 27 84
1 27 92
1 28 7
1 28 8
1 28 12
1 28 27
1 28 30
1 28 40
1 28 43
1 28 49
1 28 66
1 28 68
1 28 77
1 28 87
1 28 92
1 28 93
1 28 95
1 29 1
1 29 7
1 29 13
1 29 14
1 29 15
1 29 27
1 29 42
1 29 53
1 29 61
1 29 79
1 29 81
1 29 85
1 29 93
1 29 95
1 30 7
1 30 12
1 30 17
1 30 25
1 30 38
1 30 48
1 30 64
1 30 68
1 30 82
1 31 24
1 31 29
1 31 32
1 31 33
1 31 43
1 31 52
1 31 63
1 31 66
1 31 70
1 31 91
1 31 94
1 32 0
1 32 8
1 32 12
1 32 17
1 32 28
1 32 35
1 32 36
1 32 37
1 32 40
1 32 41
1 32 44
1 32 63
1 32 75
1 32 81
1 32 88
1 32 93
1 33 4
1 33 19
1 33 24
1 33 28
1 33 51
1 33 58
1 33 70
1 33 74
1 33 77
1 33 79
1 33 86
1 34 0
1 34 25
1 34 26
1 34 30
1 34 35
1 34 37
1 34 47
1 34 59
1 34 71
1 34 93
1 35 0
1 35 3
1 35 15
1 35 36
1 35 51
1 35 60
1 35 74
1 35 76
1 35 80
1 35 88
1 35 89
1 35 95
1 36 3
1 36 38
1 36 58
1 36 64
1 36 71
1 36 75
1 36 86
1 36 93
1 37 7
1 37 14
1 37 23
1 37 25
1 37 27
1 37 47
1 37 49
1 37 53
1 37 73
1 38 1
1 38 3
1 38 7
1 38 16
1 38 24
1 38 29
1 38 73
1 38 78
1 38 96
1 39 12
1 39 15
1 39 25
1 39 27
1 39 43
1 39 46
1 39 58
1 39 70
1 39 72
1 39 82
1 39 92
1 40 0
1 40 3
1 40 4
1 40 12
1 40 25
1 40 30
1 40 36
1 40 39
1 40 41
1 40 46
1 40 54
1 40 56
1 40 58
1 40 63
1 40 72
1 40 76
1 40 92
1 40 96
1 41 4
1 41 5
1 41 12
1 41 14
1 41 25
1 41 51
1 41 57
1 41 76
1 41 83
1 41 96
1 42 18
1 42 19
1 42 21
1 42 26
1 42 47
1 42 62
1 42 70
1 42 74
1 42 77
1 42 79
1 42 83
1 43 0
1 43 13
1 43 26
1 43 34
1 43 37
1 43 72
1 43 76
1 43 84
1 44 15
1 44 19
1 44 28
1 44 30
1 44 45
1 44 76
1 44 87
1 44 95
1 45 4
1 45 5
1 45 12
1 45 14
1 45 23
1 45 28
1 45 49
1 45 70
1 46 0
1 46 3
1 46 11
1 46 12
1 46 22
1 46 34
1 46 41
1 46 48
1 46 77
1 46 90
1 46 92
1 47 12
1 47 19
1 47 32
1 47 34
1 47 35
1 47 42
1 47 52
1 47 53
1 47 57
1 47 62
1 47 67
1 47 70
1 47 83
1 47 93
1 47 95
1 48 1
1 48 2
1 48 14
1 48 45
1 48 49
1 48 62
1 48 64
1 48 70
1 48 72
1 48 77
1 49 0
1 49 2
1 49 8
1 49 27
1 49 37
1 49 44
1 49 50
1 49 51
1 49 56
1 49 67
1 50 5
1 50 10
1 50 11
1 50 23
1 50 25
1 50 34
1 50 43
1 50 47
1 50 65
1 50 77
1 50 87
1 51 9
1 51 13
1 51 21
1 51 38
1 51 47
1 51 67
1 51 73
1 51 74
1 51 79
1 52 3
1 52 12
1 52 18
1 52 29
1 52 34
1 52 37
1 52 43
1 52 69
1 52 79
1 52 80
1 53 10
1 53 27
1 53 58
1 53 64
1 53 71
1 53 76
1 53 79
1 53 96
1 54 30
1 54 42
1 54 51
1 54 55
1 54 74
1 54 78
1 55 2
1 55 22
1 55 43
1 55 44
1 55 52
1 55 57
1 55 65
1 55 92
1 56 8
1 56 30
1 56 31
1 56 43
1 56 69
1 56 84
1 57 0
1 57 19
1 57 27
1 57 75
1 57 84
1 58 1
1 58 4
1 58 16
1 58 19
1 58 22
1 58 26
1 58 37
1 58 54
1 58 70
1 58 74
1 58 79
1 58 85
1 58 90
1 58 91
1 58 92
1 58 94
1 58 95
1 59 9
1 59 13
1 59 29
1 59 34
1 59 44
1 59 89
1 59 91
1 60 3
1 60 14
1 60 24
1 60 40
1 60 49
1 60 51
1 60 63
1 60 66
1 60 69
1 60 72
1 60 80
1 60 82
1 60 87
1 60 89
1 61 12
1 61 18
1 61 23
1 61 47
1 61 64
1 61 77
1 61 82
1 62 3
1 62 9
1 62 36
1 62 50
1 62 56
1 62 79
1 62 80
1 63 15
1 63 18
1 63 20
1 63 50
1 63 53
1 63 69
1 63 70
1 63 83
1 63 87
1 63 92
1 64 1
1 64 14
1 64 20
1 64 26
1 64 33
1 64 48
1 64 56
1 64 66
1 64 68
1 64 82
1 64 83
1 64 93
1 65 7
1 65 13
1 65 18
1 65 33
1 65 51
1 65 54
1 65 65
1 65 89
1 65 96
1 66 1
1 66 3
1 66 34
1 66 36
1 66 40
1 66 69
1 66 70
1 66 74
1 66 76
1 66 77
1 66 79
1 67 35
1 67 60
1 67 65
1 67 71
1 67 74
1 67 76
1 67 94
1 68 7
1 68 18
1 68 33
1 68 40
1 68 45
1 68 47
1 68 61
1 68 62
1 68 66
1 68 74
1 69 1
1 69 9
1 69 22
1 69 40
1 69 44
1 69 60
1 69 65
1 69 71
1 69 79
1 69 80
1 69 96
1 70 0
1 70 4
1 70 13
1 70 21
1 70 35
1 70 36
1 70 48
1 70 63
1 70 81
1 70 87
1 70 92
1 70 94
1 71 3
1 71 35
1 71 52
1 72 8
1 72 13
1 72 27
1 72 44
1 72 46
1 72 49
1 72 54
1 72 71
1 73 19
1 73 20
1 73 33
1 73 37
1 73 49
1 73 65
1 73 90
1 74 5
1 74 25
1 74 28
1 74 46
1 74 50
1 74 72
1 74 76
1 74 89
1 74 90
1 75 30
1 75 31
1 75 38
1 75 45
1 75 47
1 75 49
1 75 52
1 75 66
1 75 68
1 75 72
1 75 78
1 75 79
1 76 16
1 76 18
1 76 33
1 76 46
1 76 51
1 76 62
1 76 65
1 76 68
1 76 71
1 76 72
1 76 79
1 76 91
1 77 55
1 77 56
1 77 67
1 78 19
1 78 31
1 78 41
1 78 43
1 78 47
1 78 56
1 78 63
1 78 65
1 78 69
1 78 81
1 78 89
1 78 96
1 79 8
1 79 14
1 79 15
1 79 23
1 79 47
1 79 48
1 79 50
1 79 55
1 79 60
1 79 71
1 79 81
1 79 85
1 79 86
1 80 25
1 80 36
1 80 37
1 80 39
1 80 47
1 80 54
1 80 82
1 80 89
1 80 96
1 81 1
1 81 7
1 81 10
1 81 12
1 81 14
1 81 34
1 81 56
1 81 58
1 81 66
1 81 70
1 81 82
1 81 89
1 82 3
1 82 7
1 82 21
1 82 22
1 82 23
1 82 65
1 82 70
1 82 77
1 82 78
1 83 1
1 83 10
1 83 19
1 83 24
1 83 41
1 83 50
1 83 63
1 83 65
1 83 71
1 83 85
1 84 11
1 84 19
1 84 37
1 84 52
1 84 62
1 84 70
1 84 93
1 85 9
1 85 25
1 85 29
1 85 44
1 85 45
1 85 51
1 85 72
1 85 90
1 86 3
1 86 7
1 86 45
1 86 46
1 86 48
1 86 67
1 86 78
1 86 86
1 86 87
1 87 1
1 87 17
1 87 29
1 87 53
1 87 62
1 87 65
1 87 84
1 87 85
1 88 23
1 88 58
1 88 60
1 88 63
1 88 67
1 88 71
1 88 76
1 88 80
1 88 86
1 88 88
1 88 95
1 89 4
1 89 16
1 89 29
1 89 30
1 89 40
1 89 45
1 89 79
1 89 85
1 89 88
1 90 3
1 90 5
1 90 19
1 90 35
1 90 49
1 90 71
1 90 76
1 90 85
1 90 89
1 90 96
1 91 2
1 91 4
1 91 17
1 91 20
1 91 29
1 91 35
1 91 38
1 91 59
1 91 90
1 91 93
1 91 94
1 92 2
1 92 4
1 92 15
1 92 32
1 92 34
1 92 44
1 92 45
1 92 80
1 92 89
1 92 91
1 93 10
1 93 15
1 93 20
1 93 22
1 93 34
1 93 49
1 93 58
1 93 60
1 93 65
1 94 4
1 94 22
1 94 28
1 94 33
1 94 40
1 94 53
1 94 63
1 94 96
1 95 10
1 95 12
1 95 18
1 95 25
1 95 46
1 95 60
1 95 76
1 95 90
1 95 94
1 95 96
1 96 4
1 96 12
1 96 16
1 96 33
1 96 39
1 96 40
1 96 44
1 96 47
1 96 54
1 96 56
1 96 59
1 96 76
1 96 82
1 97 21
1 97 28
1 97 32
1 97 35
1 97 55
1 97 65
1 97 73
1 97 78
1 97 79
1 97 95
1 98 6
1 98 15
1 98 29
1 98 39
1 98 45
1 98 52
1 98 57
1 98 64
1 99 3
1 99 11
1 99 14
1 99 21
1 99 35
1 99 39
1 99 41
1 99 44
1 99 68
1 100 2
1 100 12
1 100 25
1 100 39
1 100 80
1 100 81
1 100 92
1 101 8
1 101 19
1 101 21
1 101 33
1 101 35
1 101 55
1 101 68
1 101 90
1 101 93
1 102 0
1 102 20
1 102 49
1 102 60
1 102 71
1 102 74
1 102 96
1 103 7
1 103 12
1 103 18
1 103 22
1 103 29
1 103 54
1 103 63
1 103 65
1 103 87
1 103 93
1 104 0
1 104 5
1 104 40
1 104 45
1 104 54
1 104 68
1 104 80
1 104 92
1 105 0
1 105 16
1 105 18
1 105 23
1 105 53
1 105 60
1 105 72
1 105 74
1 105 81
1 105 92
1 106 2
1 106 7
1 106 13
1 106 33
1 106 43
1 106 44
1 106 58
1 106 63
1 106 64
1 106 65
1 106 74
1 106 76
1 106 81
1 106 84
1 107 5
1 107 32
1 107 47
1 107 56
1 107 72
1 107 82
1 107 87
1 107 91
1 108 12
1 108 15
1 108 26
1 108 27
1 108 30
1 108 50
1 108 53
1 108 77
1 108 88
1 108 89
1 109 6
1 109 14
1 109 23
1 109 26
1 109 41
1 109 46
1 109 59
1 109 61
1 109 78
1 109 81
1 109 85
1 109 96
1 110 26
1 110 31
1 110 39
1 110 42
1 110 62
1 110 63
1 110 70
1 110 83
1 110 84
1 111 5
1 111 18
1 111 24
1 111 33
1 111 45
1 111 55
1 111 66
1 111 80
1 111 83
1 111 85
1 111 92
1 112 2
1 112 9
1 112 12
1 112 30
1 112 36
1 112 59
1 112 83
1 112 93
1 113 0
1 113 2
1 113 6
1 113 21
1 113 34
1 113 41
1 113 54
1 113 59
1 113 63
1 113 65
1 113 68
1 113 86
1 114 13
1 114 19
1 114 21
1 114 24
1 114 49
1 114 70
1 114 88
1 114 95
1 115 28
1 115 38
1 115 43
1 115 59
1 115 73
1 115 88
1 115 89
1 116 7
1 116 16
1 116 30
1 116 33
1 116 35
1 116 38
1 116 43
1 116 48
1 116 60
1 116 82
1 116 89
1 116 93
1 116 96
1 117 7
1 117 24
1 117 35
1 117 45
1 117 70
1 117 83
1 117 90
1 118 0
1 118 22
1 118 24
1 118 31
1 118 43
1 118 44
1 118 56
1 118 65
1 118 70
1 118 81
1 118 84
1 118 88
1 118 96
1 119 3
1 119 9
1 119 23
1 119 33
1 119 44
1 119 60
1 119 68
1 119 79
1 119 90
1 120 2
1 120 15
1 120 19
1 120 25
1 120 37
1 120 53
1 120 77
1 120 78
1 120 93
1 121 6
1 121 11
1 121 18
1 121 25
1 121 27
1 121 30
1 121 31
1 121 32
1 121 37
1 121 40
1 121 41
1 121 50
1 121 51
1 122 31
1 122 43
1 122 49
1 122 57
1 122 65
1 122 70
1 122 73
1 122 80
1 122 85
1 122 95
1 123 1
1 123 5
1 123 8
1 123 11
1 123 41
1 123 43
1 123 44
1 123 45
1 123 60
1 123 83
1 123 93
1 124 1
1 124 7
1 124 22
1 124 27
1 124 29
1 124 33
1 124 37
1 124 42
1 124 71
1 124 73
1 125 25
1 125 32
1 125 67
1 125 75
1 125 79
1 125 80
1 125 96
1 126 19
1 126 34
1 126 43
1 126 48
1 126 50
1 126 57
1 126 68
1 126 94
1 127 0
1 127 9
1 127 14
1 127 19
1 127 47
1 127 73
1 127 88
1 127 91
1 127 95
1 128 4
1 128 14
1 128 16
1 128 19
1 128 27
1 128 34
1 128 44
1 128 58
1 128 64
1 128 67
1 128 84
1 128 89
1 128 91
1 128 94
1 128 95
1 129 1
1 129 10
1 129 17
1 129 42
1 129 51
1 129 53
1 129 63
1 129 76
1 129 83
1 129 92
1 129 93
1 130 8
1 130 14
1 130 15
1 130 28
1 130 34
1 130 58
1 130 63
1 130 81
1 130 89
1 131 1
1 131 9
1 131 12
1 131 22
1 131 45
1 131 48
1 131 63
1 131 70
1 131 71
1 132 3
1 132 11
1 132 24
1 132 35
1 132 43
1 132 64
1 132 78
1 132 94
1 133 27
1 133 30
1 133 34
1 133 36
1 133 45
1 133 52
1 133 70
1 133 71
1 133 73
1 133 77
1 133 89
1 134 4
1 134 7
1 134 10
1 134 13
1 134 14
1 134 18
1 134 30
1 134 37
1 134 48
1 134 54
1 134 71
1 134 72
1 134 82
1 135 28
1 135 57
1 135 58
1 135 73
1 135 77
1 135 84
1 135 88
1 135 91
1 136 2
1 136 8
1 136 14
1 136 15
1 136 27
1 136 62
1 136 80
1 136 92
1 137 1
1 137 11
1 137 18
1 137 21
1 137 26
1 137 29
1 137 37
1 137 48
1 137 58
1 137 59
1 137 62
1 137 77
1 137 79
1 137 86
1 138 6
1 138 7
1 138 17
1 138 24
1 138 49
1 138 62
1 138 71
1 138 76
1 138 91
1 139 6
1 139 22
1 139 26
1 139 33
1 139 35
1 139 46
1 139 55
1 139 57
1 139 63
1 139 92
1 139 95
1 140 23
1 140 27
1 140 28
1 140 32
1 140 33
1 140 38
1 140 42
1 140 48
1 140 75
1 140 77
1 140 79
1 140 82
1 140 89
1 141 5
1 141 16
1 141 18
1 141 20
1 141 32
1 141 33
1 141 39
1 141 44
1 141 62
1 141 67
1 141 80
1 141 83
1 141 84
1 141 86
1 141 96
1 142 1
1 142 12
1 142 20
1 142 27
1 142 33
1 142 45
1 142 60
1 142 62
1 142 67
1 142 78
1 142 79
1 142 90
1 142 92
1 142 96
1 143 15
1 143 25
1 143 27
1 143 28
1 143 29
1 143 45
1 143 58
1 143 65
1 143 73
1 143 80
1 144 16
1 144 24
1 144 40
1 144 49
1 144 52
1 145 1
1 145 2
1 145 11
1 145 15
1 145 18
1 145 22
1 145 40
1 145 54
1 145 73
1 145 75
1 145 77
1 145 87
1 145 90
1 146 5
1 146 11
1 146 13
1 146 14
1 146 19
1 146 36
1 146 37
1 146 41
1 146 53
1 146 61
1 146 75
1 147 2
1 147 6
1 147 9
1 147 10
1 147 12
1 147 22
1 147 37
1 147 38
1 147 46
1 147 53
1 147 59
1 147 68
1 147 71
1 147 76
1 147 86
1 147 92
1 147 95
1 148 2
1 148 4
1 148 5
1 148 7
1 148 14
1 148 22
1 148 30
1 148 31
1 148 39
1 148 44
1 148 49
1 148 53
1 148 67
1 149 1
1 149 6
1 149 13
1 149 15
1 149 18
1 149 48
1 150 15
1 150 21
1 150 22
1 150 26
1 150 34
1 150 53
1 150 55
1 150 77
1 150 87
1 150 88
1 151 4
1 151 16
1 151 35
1 151 48
1 151 55
1 151 56
1 151 57
1 151 58
1 151 67
1 151 73
1 152 39
1 152 43
1 152 46
1 152 48
1 152 71
1 152 84
1 153 12
1 153 18
1 153 47
1 153 48
1 153 49
1 153 51
1 153 54
1 153 56
1 153 57
1 153 59
1 153 63
1 153 68
1 153 73
1 153 75
1 153 78
1 153 85
1 153 86
1 154 15
1 154 18
1 154 20
1 154 30
1 154 33
1 154 43
1 154 63
1 154 75
1 154 87
1 155 2
1 155 15
1 155 19
1 155 23
1 155 27
1 155 44
1 155 55
1 155 62
1 155 76
1 155 82
1 156 4
1 156 5
1 156 18
1 156 30
1 156 44
1 156 47
1 156 55
1 156 58
1 156 60
1 156 86
1 156 93
1 157 18
1 157 26
1 157 29
1 157 52
1 157 79
1 157 85
1 157 88
1 157 90
1 157 94
1 157 95
1 158 1
1 158 5
1 158 14
1 158 20
1 158 28
1 158 31
1 158 50
1 158 61
1 158 63
1 158 74
1 158 75
1 158 79
1 158 83
1 158 88
1 158 90
1 159 7
1 159 9
1 159 32
1 159 44
1 159 45
1 159 63
1 159 68
1 159 77
1 159 96
1 160 4
1 160 19
1 160 60
1 161 33
1 161 34
1 161 47
1 161 50
1 161 56
1 161 57
1 161 65
1 161 68
1 161 71
1 161 77
1 161 83
1 161 89
1 162 0
1 162 17
1 162 18
1 162 20
1 162 25
1 162 37
1 162 48
1 162 70
1 162 78
1 162 91
1 162 94
1 162 95
1 163 8
1 163 19
1 163 20
1 163 41
1 163 42
1 163 46
1 163 51
1 163 59
1 163 62
1 163 68
1 163 72
1 163 73
1 163 79
1 163 80
1 163 87
1 163 88
1 163 92
1 164 23
1 164 26
1 164 36
1 164 40
1 164 63
1 164 67
1 164 71
1 164 76
1 165 0
1 165 18
1 165 34
1 165 35
1 165 42
1 165 44
1 165 52
1 165 60
1 165 77
1 165 78
1 165 88
1 166 12
1 166 13
1 166 15
1 166 16
1 166 34
1 166 35
1 166 90
1 166 91
2 0 2
2 0 3
2 0 13
2 0 17
2 0 18
2 0 19
2 0 25
2 0 39
2 0 43
2 0 47
2 0 48
2 0 49
2 0 57
2 0 58
2 0 78
2 0 79
2 0 83
2 0 88
2 0 96
2 1 0
2 1 7
2 1 15
2 1 16
2 1 18
2 1 30
2 1 32
2 1 46
2 1 49
2 1 52
2 1 59
2 1 64
2 1 68
2 1 97
2 1 99
2 1 101
2 1 106
2 2 0
2 2 42
2 2 53
2 2 63
2 2 72
2 2 74
2 2 78
2 2 106
2 3 0
2 3 20
2 3 37
2 3 44
2 3 51
2 3 67
2 3 77
2 3 83
2 3 84
2 3 90
2 3 96
2 3 102
2 4 9
2 4 13
2 4 16
2 4 17
2 4 20
2 4 21
2 4 23
2 4 35
2 4 43
2 4 53
2 4 63
2 4 69
2 4 70
2 4 74
2 4 83
2 4 103
2 4 106
2 5 6
2 5 33
2 5 34
2 5 40
2 5 42
2 5 49
2 5 57
2 5 69
2 5 76
2 5 95
2 5 100
2 6 2
2 6 12
2 6 16
2 6 30
2 6 39
2 6 49
2 6 59
2 6 65
2 6 68
2 6 83
2 6 108
2 7 7
2 7 36
2 7 42
2 7 45
2 7 48
2 7 53
2 7 57
2 7 62
2 7 82
2 7 85
2 7 92
2 7 98
2 8 2
2 8 22
2 8 45
2 8 52
2 8 62
2 8 63
2 8 67
2 8 81
2 8 108
2 9 3
2 9 7
2 9 8
2 9 10
2 9 15
2 9 16
2 9 23
2 9 32
2 9 49
2 9 51
2 9 61
2 9 73
2 9 76
2 9 81
2 9 87
2 9 90
2 9 98
2 9 102
2 10 4
2 10 23
2 10 29
2 10 30
2 10 34
2 10 64
2 10 65
2 10 83
2 10 85
2 10 98
2 10 100
2 11 13
2 11 53
2 11 66
2 11 68
2 11 74
2 11 99
2 12 22
2 12 24
2 12 54
2 12 58
2 12 59
2 12 69
2 12 71
2 12 72
2 12 74
2 12 76
2 12 93
2 12 108
2 13 0
2 13 3
2 13 22
2 13 32
2 13 36
2 13 47
2 13 48
2 13 50
2 13 65
2 13 80
2 13 81
2 13 84
2 13 100
2 13 101
2 13 106
2 14 10
2 14 20
2 14 21
2 14 39
2 14 41
2 14 60
2 14 76
2 14 91
2 14 94
2 14 98
2 15 16
2 15 17
2 15 21
2 15 23
2 15 30
2 15 34
2 15 44
2 15 52
2 15 56
2 15 60
2 15 64
2 15 97
2 15 107
2 16 29
2 16 35
2 16 48
2 16 55
2 16 56
2 16 64
2 16 66
2 16 84
2 16 104
2 16 105
2 17 7
2 17 8
2 17 36
2 17 44
2 17 52
2 17 56
2 17 58
2 17 59
2 17 68
2 17 77
2 17 79
2 17 80
2 17 91
2 17 100
2 17 106
2 17 108
2 18 0
2 18 36
2 18 42
2 18 46
2 18 52
2 18 53
2 18 56
2 18 70
2 18 71
2 18 74
2 18 88
2 18 96
2 18 107
2 19 3
2 19 8
2 19 15
2 19 35
2 19 36
2 19 43
2 19 46
2 19 47
2 19 48
2 19 55
2 19 73
2 19 86
2 19 88
2 19 91
2 19 107
2 20 4
2 20 17
2 20 33
2 20 51
2 20 54
2 20 62
2 20 93
2 20 96
2 20 101
2 20 105
2 20 106
2 21 12
2 21 14
2 21 16
2 21 21
2 21 30
2 21 35
2 21 40
2 21 49
2 21 53
2 21 54
2 21 65
2 21 67
2 21 70
2 21 75
2 21 82
2 21 85
2 21 92
2 21 104
2 22 4
2 22 10
2 22 12
2 22 15
2 22 23
2 22 27
2 22 46
2 22 48
2 22 68
2 22 73
2 22 79
2 22 97
2 22 105
2 23 15
2 23 20
2 23 39
2 23 43
2 23 94
2 23 98
2 23 103
2 24 1
2 24 2
2 24 14
2 24 24
2 24 27
2 24 48
2 24 58
2 24 60
2 24 69
2 24 80
2 24 87
2 24 91
2 24 100
2 24 102
2 25 4
2 25 15
2 25 18
2 25 43
2 25 58
2 25 70
2 25 75
2 25 81
2 25 89
2 25 101
2 25 103
2 25 106
2 26 0
2 26 1
2 26 5
2 26 9
2 26 10
2 26 19
2 26 20
2 26 21
2 26 22
2 26 28
2 26 37
2 26 55
2 26 60
2 26 64
2 26 91
2 26 100
2 27 2
2 27 38
2 27 41
2 27 68
2 27 78
2 27 82
2 27 85
2 27 87
2 27 89
2 27 91
2 27 100
2 27 103
2 28 11
2 28 15
2 28 20
2 28 25
2 28 26
2 28 37
2 28 47
2 28 50
2 28 51
2 28 56
2 28 60
2 28 64
2 28 66
2 28 76
2 28 89
2 29 6
2 29 12
2 29 15
2 29 21
2 29 23
2 29 28
2 29 30
2 29 42
2 29 46
2 29 55
2 29 56
2 29 66
2 29 75
2 29 83
2 29 92
2 29 97
2 29 100
2 30 0
2 30 8
2 30 14
2 30 15
2 30 27
2 30 37
2 30 40
2 30 43
2 30 46
2 30 48
2 30 55
2 30 61
2 30 62
2 30 84
2 30 87
2 30 90
2 31 10
2 31 23
2 31 29
2 31 46
2 31 48
2 31 62
2 31 87
2 31 94
2 31 103
2 31 105
2 32 12
2 32 21
2 32 27
2 32 44
2 32 56
2 32 57
2 32 59
2 32 64
2 32 85
2 32 89
2 33 5
2 33 19
2 33 25
2 33 29
2 33 36
2 33 38
2 33 54
2 33 61
2 33 78
2 33 81
2 33 85
2 33 89
2 33 94
2 33 99
2 33 108
2 34 1
2 34 7
2 34 16
2 34 29
2 34 54
2 34 75
2 34 78
2 34 82
2 34 86
2 34 99
2 34 103
2 34 105
2 35 31
2 35 33
2 35 34
2 35 38
2 35 48
2 35 49
2 35 68
2 35 71
2 35 75
2 35 86
2 35 100
2 35 101
2 35 107
2 36 2
2 36 10
2 36 13
2 36 17
2 36 37
2 36 39
2 36 75
2 36 77
2 36 86
2 36 98
2 37 5
2 37 9
2 37 13
2 37 23
2 37 41
2 37 51
2 37 59
2 37 64
2 37 67
2 37 72
2 37 79
2 37 86
2 37 105
2 37 108
2 38 1
2 38 12
2 38 13
2 38 17
2 38 18
2 38 33
2 38 37
2 38 50
2 38 78
2 38 97
2 38 98
2 39 2
2 39 3
2 39 7
2 39 8
2 39 34
2 39 41
2 39 51
2 39 53
2 39 65
2 39 68
2 39 76
2 39 82
2 39 88
2 39 98
2 40 3
2 40 17
2 40 36
2 40 41
2 40 68
2 41 13
2 41 27
2 41 54
2 41 61
2 41 74
2 41 83
2 41 86
2 41 91
2 41 94
2 42 6
2 42 9
2 42 24
2 42 27
2 42 28
2 42 29
2 42 66
2 42 85
2 42 90
2 42 93
2 43 24
2 43 30
2 43 40
2 43 56
2 43 63
2 43 68
2 43 75
2 43 77
2 44 7
2 44 13
2 44 16
2 44 24
2 44 26
2 44 39
2 44 59
2 44 67
2 44 71
2 44 102
2 45 14
2 45 34
2 45 36
2 45 50
2 45 51
2 45 67
2 45 70
2 45 73
2 45 89
2 45 94
2 46 10
2 46 30
2 46 47
2 46 48
2 46 82
2 46 85
2 46 96
2 46 103
2 46 105
2 47 8
2 47 11
2 47 12
2 47 20
2 47 29
2 47 32
2 47 40
2 47 41
2 47 43
2 47 53
2 47 57
2 47 70
2 47 78
2 47 79
2 47 83
2 47 104
2 48 6
2 48 17
2 48 29
2 48 44
2 48 57
2 48 102
2 49 1
2 49 22
2 49 30
2 49 33
2 49 34
2 49 51
2 49 52
2 49 54
2 49 57
2 49 62
2 49 94
2 49 103
2 49 106
2 49 108
2 50 24
2 50 31
2 50 61
2 50 72
2 50 106
2 51 1
2 51 19
2 51 27
2 51 29
2 51 38
2 51 56
2 51 71
2 51 78
2 51 82
2 51 84
2 51 90
2 51 94
2 51 99
2 51 105
2 52 3
2 52 13
2 52 16
2 52 28
2 52 37
2 52 53
2 52 63
2 52 67
2 52 71
2 52 83
2 52 94
2 52 100
2 52 102
2 52 105
2 53 2
2 53 9
2 53 16
2 53 19
2 53 20
2 53 23
2 53 76
2 53 80
2 53 86
2 53 95
2 54 4
2 54 5
2 54 18
2 54 39
2 54 40
2 54 42
2 54 47
2 54 48
2 54 50
2 54 87
2 54 106
2 55 36
2 55 37
2 55 39
2 55 44
2 55 59
2 55 61
2 55 72
2 55 86
2 55 89
2 55 95
2 55 97
2 56 4
2 56 8
2 56 17
2 56 23
2 56 31
2 56 51
2 56 54
2 56 61
2 56 67
2 56 70
2 57 0
2 57 6
2 57 7
2 57 10
2 57 45
2 57 64
2 57 71
2 57 77
2 57 92
2 57 94
2 57 105
2 58 0
2 58 3
2 58 8
2 58 23
2 58 34
2 58 35
2 58 47
2 58 49
2 58 83
2 58 92
2 58 105
2 58 106
2 59 2
2 59 6
2 59 8
2 59 9
2 59 10
2 59 19
2 59 25
2 59 29
2 59 49
2 59 61
2 59 63
2 59 75
2 59 89
2 59 90
2 59 91
2 60 5
2 60 8
2 60 13
2 60 26
2 60 32
2 60 50
2 60 58
2 60 73
2 60 88
2 60 107
2 61 8
2 61 13
2 61 14
2 61 19
2 61 25
2 61 39
2 61 48
2 61 49
2 61 55
2 61 58
2 61 63
2 61 64
2 61 66
2 61 75
2 61 80
2 61 104
2 61 106
2 62 1
2 62 11
2 62 15
2 62 27
2 62 36
2 62 45
2 62 50
2 62 57
2 62 59
2 62 64
2 62 91
2 62 95
2 62 104
2 63 13
2 63 19
2 63 23
2 63 32
2 63 34
2 63 38
2 63 47
2 63 62
2 63 78
2 63 92
2 64 14
2 64 20
2 64 41
2 64 59
2 64 78
2 64 79
2 64 89
2 64 95
2 64 97
2 64 101
2 65 3
2 65 21
2 65 23
2 65 27
2 65 37
2 65 46
2 65 52
2 65 73
2 66 40
2 66 41
2 66 56
2 66 59
2 66 67
2 66 85
2 66 102
2 66 105
2 67 19
2 67 45
2 67 54
2 67 65
2 67 77
2 67 94
2 68 6
2 68 15
2 68 19
2 68 24
2 68 29
2 68 30
2 68 40
2 68 61
2 68 62
2 68 74
2 68 77
2 68 78
2 68 86
2 68 91
2 68 96
2 68 106
2 69 16
2 69 31
2 69 38
2 69 39
2 69 74
2 69 76
2 69 77
2 69 79
2 69 82
2 69 86
2 69 93
2 69 103
2 70 0
2 70 12
2 70 35
2 70 43
2 70 51
2 70 54
2 70 64
2 70 67
2 70 103
2 70 104
2 71 15
2 71 40
2 71 43
2 71 51
2 71 54
2 71 60
2 71 68
2 71 71
2 71 83
2 71 87
2 72 3
2 72 12
2 72 37
2 72 41
2 72 54
2 72 73
2 72 78
2 72 84
2 72 85
2 72 86
2 72 91
2 72 92
2 72 97
2 72 99
2 73 2
2 73 9
2 73 35
2 73 46
2 73 63
2 73 68
2 73 73
2 73 89
2 74 11
2 74 17
2 74 21
2 74 22
2 74 23
2 74 49
2 74 70
2 74 82
2 74 88
2 74 95
2 74 105
2 75 0
2 75 4
2 75 6
2 75 35
2 75 37
2 75 41
2 75 47
2 75 50
2 75 73
2 75 79
2 76 1
2 76 10
2 76 17
2 76 24
2 76 28
2 76 74
2 76 76
2 76 79
2 76 83
2 76 98
2 76 101
2 76 105
2 76 106
2 77 1
2 77 30
2 77 40
2 77 73
2 77 78
2 77 93
2 77 103
2 78 5
2 78 8
2 78 37
2 78 50
2 78 78
2 78 108
2 79 13
2 79 15
2 79 17
2 79 75
2 79 86
2 79 88
2 79 105
2 80 6
2 80 8
2 80 15
2 80 16
2 80 44
2 80 51
2 80 52
2 80 69
2 80 77
2 80 103
2 81 7
2 81 30
2 81 44
2 81 49
2 81 53
2 81 58
2 81 62
2 81 64
2 81 67
2 81 80
2 81 90
2 81 102
2 81 106
2 82 1
2 82 7
2 82 18
2 82 23
2 82 25
2 82 27
2 82 45
2 82 46
2 82 61
2 82 90
2 82 91
2 82 100
2 82 102
2 82 105
2 83 7
2 83 11
2 83 33
2 83 51
2 83 70
2 83 75
2 83 85
2 84 12
2 84 15
2 84 20
2 84 55
2 84 77
2 84 84
2 84 89
2 84 107
2 85 20
2 85 22
2 85 28
2 85 41
2 85 43
2 85 57
2 85 74
2 85 88
2 85 98
2 85 105
2 86 3
2 86 41
2 86 57
2 86 61
2 86 64
2 86 75
2 86 81
2 86 93
2 86 102
2 86 107
2 87 15
2 87 19
2 87 25
2 87 30
2 87 32
2 87 34
2 87 35
2 87 38
2 87 46
2 87 66
2 87 83
2 87 86
2 87 89
2 88 2
2 88 4
2 88 9
2 88 25
2 88 39
2 88 70
2 88 75
2 88 81
2 88 85
2 88 93
2 88 99
2 88 102
2 88 107
2 89 1
2 89 8
2 89 22
2 89 30
2 89 36
2 89 40
2 89 53
2 89 54
2 89 85
2 89 92
2 89 100
2 89 104
2 89 105
2 90 4
2 90 22
2 90 61
2 90 76
2 90 84
2 90 86
2 90 93
2 90 96
2 90 106
2 90 107
2 91 0
2 91 4
2 91 7
2 91 26
2 91 38
2 91 49
2 91 67
2 91 71
2 91 73
2 91 85
2 92 1
2 92 17
2 92 18
2 92 20
2 92 25
2 92 30
2 92 42
2 92 66
2 92 73
2 92 79
2 92 97
2 92 100
2 93 18
2 93 22
2 93 34
2 93 39
2 93 48
2 93 49
2 93 59
2 93 79
2 94 29
2 94 44
2 94 48
2 94 51
2 94 57
2 94 73
2 94 78
2 94 79
2 94 85
2 94 100
2 94 102
2 95 26
2 95 45
2 95 49
2 95 60
2 95 65
2 95 68
2 95 85
2 95 86
2 95 93
2 95 106
2 96 19
2 96 22
2 96 29
2 96 46
2 96 48
2 96 50
2 96 52
2 96 63
2 96 100
2 96 107
3 0 19
3 0 23
3 0 34
3 0 57
3 0 90
3 0 91
3 0 94
3 0 103
3 0 106
3 0 113
3 0 117
3 0 120
3 0 121
3 0 123
3 0 126
3 1 19
3 1 36
3 1 37
3 1 43
3 1 54
3 1 56
3 1 71
3 1 79
3 1 110
3 1 114
3 1 124
3 2 0
3 2 23
3 2 28
3 2 38
3 2 51
3 2 60
3 2 64
3 2 71
3 2 72
3 2 77
3 2 79
3 2 81
3 2 83
3 2 84
3 2 103
3 2 109
3 2 111
3 2 128
3 3 3
3 3 9
3 3 22
3 3 35
3 3 38
3 3 39
3 3 60
3 3 74
3 3 79
3 3 83
3 3 89
3 3 105
3 3 108
3 3 110
3 3 111
3 3 121
3 3 126
3 3 127
3 4 7
3 4 9
3 4 25
3 4 30
3 4 52
3 4 67
3 4 72
3 4 76
3 4 80
3 4 83
3 4 101
3 4 104
3 4 112
3 4 113
3 4 119
3 4 129
3 5 3
3 5 9
3 5 21
3 5 24
3 5 40
3 5 45
3 5 56
3 5 72
3 5 90
3 5 95
3 5 102
3 5 119
3 5 127
3 6 1
3 6 9
3 6 10
3 6 21
3 6 22
3 6 64
3 6 69
3 6 97
3 6 98
3 6 101
3 6 102
3 6 104
3 6 109
3 6 114
3 6 117
3 6 120
3 7 29
3 7 35
3 7 41
3 7 52
3 7 54
3 7 61
3 7 97
3 7 99
3 7 110
3 7 122
3 7 123
3 7 129
3 8 14
3 8 22
3 8 23
3 8 26
3 8 27
3 8 39
3 8 40
3 8 48
3 8 53
3 8 56
3 8 69
3 8 71
3 8 73
3 8 85
3 8 86
3 8 102
3 8 114
3 8 121
3 9 13
3 9 14
3 9 46
3 9 50
3 9 64
3 9 74
3 9 80
3 9 92
3 9 93
3 9 116
3 9 117
3 9 119
3 9 128
3 10 20
3 10 28
3 10 55
3 10 56
3 10 61
3 10 63
3 10 65
3 10 70
3 10 81
3 10 103
3 10 108
3 11 13
3 11 14
3 11 44
3 11 69
3 11 72
3 11 73
3 11 76
3 11 88
3 11 99
3 11 110
3 11 117
3 11 121
3 11 123
3 12 0
3 12 5
3 12 14
3 12 31
3 12 35
3 12 54
3 12 56
3 12 71
3 12 72
3 12 74
3 12 90
3 12 95
3 12 104
3 12 109
3 13 17
3 13 21
3 13 29
3 13 36
3 13 37
3 13 56
3 13 80
3 13 87
3 13 100
3 13 108
3 13 119
3 13 122
3 13 128
3 13 129
3 14 4
3 14 7
3 14 15
3 14 20
3 14 46
3 14 49
3 14 53
3 14 62
3 14 78
3 14 101
3 14 108
3 14 124
3 14 130
3 15 66
3 15 68
3 15 71
3 15 100
3 15 115
3 15 120
3 15 125
3 16 1
3 16 11
3 16 15
3 16 59
3 16 61
3 16 67
3 16 68
3 16 78
3 16 82
3 16 86
3 16 95
3 16 103
3 16 105
3 16 108
3 16 116
3 16 129
3 17 1
3 17 8
3 17 18
3 17 21
3 17 23
3 17 32
3 17 33
3 17 39
3 17 40
3 17 43
3 17 46
3 17 54
3 17 77
3 17 80
3 18 7
3 18 15
3 18 40
3 18 49
3 18 61
3 18 62
3 18 91
3 18 92
3 18 108
3 18 124
3 19 4
3 19 8
3 19 12
3 19 23
3 19 28
3 19 65
3 19 72
3 19 73
3 19 74
3 19 75
3 19 91
3 19 94
3 19 96
3 19 98
3 19 101
3 19 106
3 19 129
3 20 14
3 20 24
3 20 30
3 20 35
3 20 42
3 20 62
3 20 93
3 20 108
3 20 109
3 20 121
3 20 129
3 21 3
3 21 5
3 21 13
3 21 21
3 21 24
3 21 35
3 21 37
3 21 66
3 21 67
3 21 69
3 21 87
3 21 88
3 21 89
3 21 97
3 21 116
3 21 124
3 21 126
3 21 127
3 22 2
3 22 12
3 22 21
3 22 36
3 22 46
3 22 54
3 22 76
3 22 83
3 22 88
3 22 89
3 22 92
3 22 99
3 22 122
3 23 6
3 23 23
3 23 38
3 23 46
3 23 48
3 23 49
3 23 53
3 23 81
3 23 105
3 23 120
3 24 13
3 24 15
3 24 17
3 24 22
3 24 27
3 24 33
3 24 34
3 24 36
3 24 38
3 24 43
3 24 55
3 24 103
3 24 110
3 24 117
3 24 121
3 25 1
3 25 5
3 25 7
3 25 25
3 25 57
3 25 66
3 25 77
3 25 90
3 25 96
3 25 106
3 26 6
3 26 7
3 26 18
3 26 19
3 26 23
3 26 25
3 26 32
3 26 33
3 26 55
3 26 56
3 26 66
3 26 78
3 26 89
3 26 107
3 26 112
3 27 6
3 27 14
3 27 15
3 27 18
3 27 41
3 27 44
3 27 46
3 27 72
3 27 77
3 27 88
3 27 100
3 27 101
3 27 104
3 27 107
3 27 122
3 28 5
3 28 8
3 28 16
3 28 53
3 28 54
3 28 59
3 28 78
3 28 95
3 28 99
3 28 110
3 28 122
3 28 123
3 28 125
3 28 130
3 29 13
3 29 18
3 29 28
3 29 31
3 29 46
3 29 47
3 29 54
3 29 71
3 29 88
3 29 92
3 29 101
3 29 105
3 29 121
3 29 122
3 30 1
3 30 18
3 30 23
3 30 26
3 30 28
3 30 33
3 30 37
3 30 42
3 30 48
3 30 56
3 30 59
3 30 72
3 30 74
3 30 78
3 30 82
3 30 110
3 30 129
3 31 4
3 31 9
3 31 16
3 31 17
3 31 36
3 31 38
3 31 42
3 31 70
3 31 76
3 31 81
3 31 91
3 31 120
3 32 21
3 32 26
3 32 28
3 32 60
3 32 76
3 32 94
3 32 102
3 32 108
3 32 119
3 33 18
3 33 25
3 33 29
3 33 46
3 33 64
3 33 67
3 33 69
3 33 71
3 33 88
3 33 105
3 33 110
3 33 113
3 33 114
3 33 118
3 33 122
3 33 126
3 34 2
3 34 8
3 34 22
3 34 39
3 34 43
3 34 62
3 34 64
3 34 68
3 34 73
3 34 74
3 34 77
3 34 82
3 34 88
3 34 113
3 34 125
3 34 126
3 35 7
3 35 26
3 35 31
3 35 36
3 35 37
3 35 67
3 35 78
3 35 80
3 35 114
3 35 116
3 35 130
3 36 2
3 36 3
3 36 11
3 36 15
3 36 19
3 36 28
3 36 62
3 36 67
3 36 71
3 36 85
3 36 94
3 36 105
3 36 115
3 36 116
3 37 7
3 37 11
3 37 17
3 37 25
3 37 28
3 37 57
3 37 59
3 37 64
3 37 66
3 37 80
3 37 91
3 37 99
3 37 101
3 37 105
3 37 123
3 38 14
3 38 18
3 38 21
3 38 27
3 38 36
3 38 41
3 38 47
3 38 48
3 38 58
3 38 91
3 38 92
3 38 108
3 38 128
3 39 10
3 39 18
3 39 34
3 39 35
3 39 68
3 39 72
3 39 81
3 39 98
3 39 106
3 39 107
3 39 118
3 39 124
3 39 125
3 39 126
3 40 12
3 40 38
3 40 63
3 40 74
3 40 76
3 40 92
3 40 97
3 40 101
3 40 117
3 41 1
3 41 5
3 41 9
3 41 11
3 41 19
3 41 36
3 41 51
3 41 54
3 41 60
3 41 71
3 41 72
3 41 81
3 41 91
3 41 96
3 41 98
3 41 122
3 41 127
3 41 130
3 42 1
3 42 32
3 42 37
3 42 43
3 42 53
3 42 62
3 42 66
3 42 75
3 42 103
3 42 107
3 42 108
3 42 119
3 43 1
3 43 10
3 43 11
3 43 20
3 43 22
3 43 24
3 43 29
3 43 30
3 43 33
3 43 35
3 43 42
3 43 52
3 43 54
3 43 64
3 43 68
3 43 83
3 43 85
3 43 91
3 43 101
3 43 110
3 44 2
3 44 8
3 44 28
3 44 30
3 44 47
3 44 50
3 44 83
3 44 87
3 44 94
3 44 96
3 44 114
3 44 127
3 45 4
3 45 31
3 45 40
3 45 56
3 45 59
3 45 68
3 45 78
3 45 87
3 45 95
3 45 109
3 45 110
3 45 115
3 45 120
3 45 123
3 45 126
3 46 6
3 46 20
3 46 47
3 46 61
3 46 62
3 46 65
3 46 72
3 46 89
3 46 95
3 46 103
3 46 111
3 46 112
3 46 115
3 46 117
3 46 118
3 46 119
3 46 130
3 47 4
3 47 15
3 47 22
3 47 29
3 47 75
3 47 76
3 47 96
3 47 99
3 47 115
3 47 118
3 47 120
3 47 123
3 47 127
3 48 2
3 48 4
3 48 7
3 48 18
3 48 36
3 48 40
3 48 43
3 48 67
3 48 70
3 48 78
3 48 82
3 48 95
3 49 2
3 49 3
3 49 23
3 49 44
3 49 47
3 49 55
3 49 57
3 49 69
3 49 107
3 49 126
3 50 2
3 50 12
3 50 20
3 50 22
3 50 32
3 50 43
3 50 55
3 50 56
3 50 69
3 50 109
3 50 110
3 50 111
3 50 118
3 51 16
3 51 30
3 51 37
3 51 38
3 51 42
3 51 52
3 51 69
3 51 76
3 51 86
3 51 114
3 52 9
3 52 14
3 52 32
3 52 47
3 52 48
3 52 49
3 52 76
3 52 113
3 52 128
3 52 129
3 53 11
3 53 35
3 53 45
3 53 52
3 53 102
3 53 105
3 53 112
3 53 115
3 53 121
3 54 8
3 54 18
3 54 19
3 54 22
3 54 24
3 54 27
3 54 39
3 54 50
3 54 60
3 54 73
3 54 81
3 54 83
3 54 96
3 54 106
3 54 107
3 54 124
3 54 127
3 54 128
3 55 6
3 55 8
3 55 9
3 55 18
3 55 23
3 55 36
3 55 52
3 55 56
3 55 68
3 55 71
3 55 91
3 55 122
3 55 126
3 55 127
3 55 130
3 56 11
3 56 39
3 56 54
3 56 55
3 56 57
3 56 74
3 56 75
3 56 77
3 56 99
3 56 110
3 56 120
3 57 9
3 57 18
3 57 28
3 57 42
3 57 51
3 57 81
3 57 82
3 57 101
3 57 110
3 57 112
3 57 120
3 58 0
3 58 19
3 58 25
3 58 40
3 58 43
3 58 45
3 58 55
3 58 85
3 58 87
3 58 104
3 58 112
3 58 125
3 58 126
3 58 130
3 59 25
3 59 43
3 59 49
3 59 50
3 59 60
3 59 86
3 59 95
3 59 104
3 59 113
3 59 127
3 59 129
3 60 5
3 60 8
3 60 9
3 60 10
3 60 12
3 60 14
3 60 24
3 60 45
3 60 56
3 60 64
3 60 67
3 60 91
3 60 102
3 60 103
3 60 124
3 61 20
3 61 29
3 61 46
3 61 57
3 61 65
3 61 71
3 61 110
3 61 121
3 62 5
3 62 7
3 62 27
3 62 40
3 62 42
3 62 45
3 62 54
3 62 58
3 62 59
3 62 81
3 62 82
3 62 98
3 62 101
3 62 106
3 62 113
3 62 122
3 63 5
3 63 14
3 63 17
3 63 26
3 63 29
3 63 34
3 63 37
3 63 39
3 63 42
3 63 65
3 63 82
3 63 88
3 63 99
3 64 5
3 64 8
3 64 14
3 64 16
3 64 25
3 64 40
3 64 66
3 64 78
3 64 108
3 64 111
3 64 126
3 64 130
3 65 7
3 65 8
3 65 11
3 65 27
3 65 30
3 65 35
3 65 52
3 65 53
3 65 65
3 65 68
3 65 77
3 65 78
3 65 80
3 65 111
3 65 117
3 65 124
3 65 126
3 66 11
3 66 12
3 66 22
3 66 58
3 66 60
3 66 85
3 66 98
3 66 127
3 67 2
3 67 15
3 67 16
3 67 22
3 67 32
3 67 35
3 67 44
3 67 46
3 67 63
3 67 83
3 67 90
3 67 111
3 67 116
3 67 125
3 67 129
3 68 8
3 68 21
3 68 24
3 68 31
3 68 41
3 68 43
3 68 49
3 68 70
3 68 71
3 68 82
3 68 86
3 69 17
3 69 38
3 69 44
3 69 46
3 69 47
3 69 62
3 69 65
3 69 66
3 69 67
3 69 72
3 69 83
3 69 84
3 69 116
3 69 124
3 69 125
3 70 1
3 70 3
3 70 15
3 70 22
3 70 23
3 70 27
3 70 53
3 70 54
3 70 68
3 70 106
3 70 110
3 70 116
3 70 120
3 70 121
3 70 124
3 70 128
3 71 3
3 71 9
3 71 16
3 71 21
3 71 44
3 71 70
3 71 93
3 71 98
3 71 103
3 71 104
3 71 109
3 71 112
3 71 114
3 71 130
3 72 0
3 72 5
3 72 13
3 72 21
3 72 45
3 72 50
3 72 66
3 72 78
3 72 81
3 72 82
3 72 86
3 72 93
3 72 119
3 72 130
3 73 2
3 73 6
3 73 10
3 73 11
3 73 17
3 73 33
3 73 43
3 73 51
3 73 83
3 73 95
3 73 110
3 73 124
3 74 6
3 74 21
3 74 22
3 74 27
3 74 79
3 74 90
3 74 102
3 74 118
3 74 130
3 75 12
3 75 19
3 75 28
3 75 31
3 75 34
3 75 41
3 75 54
3 75 64
3 75 75
3 75 83
3 75 87
3 75 90
3 75 91
3 75 98
3 75 107
3 75 115
3 75 122
3 76 17
3 76 20
3 76 22
3 76 23
3 76 25
3 76 46
3 76 66
3 76 83
3 76 85
3 76 108
3 76 110
3 76 118
3 76 125
3 76 126
3 77 12
3 77 25
3 77 28
3 77 29
3 77 31
3 77 36
3 77 45
3 77 52
3 77 53
3 77 70
3 77 77
3 77 87
3 77 89
3 77 92
3 77 94
3 77 108
3 77 109
3 77 118
3 78 5
3 78 6
3 78 13
3 78 20
3 78 35
3 78 48
3 78 81
3 78 85
3 78 86
3 78 88
3 78 107
3 78 112
3 78 114
3 78 121
3 79 2
3 79 23
3 79 30
3 79 38
3 79 49
3 79 57
3 79 61
3 79 75
3 79 90
3 79 99
3 79 109
3 79 110
3 80 23
3 80 24
3 80 27
3 80 32
3 80 37
3 80 40
3 80 44
3 80 58
3 80 59
3 80 76
3 80 96
3 80 102
3 80 109
3 81 5
3 81 12
3 81 14
3 81 18
3 81 25
3 81 40
3 81 41
3 81 47
3 81 50
3 81 55
3 81 62
3 81 65
3 81 88
3 81 91
3 81 107
3 81 118
3 81 119
3 81 122
3 82 10
3 82 11
3 82 26
3 82 29
3 82 52
3 82 53
3 82 55
3 82 57
3 82 75
3 82 83
3 82 84
3 82 106
3 82 116
3 83 4
3 83 24
3 83 26
3 83 27
3 83 28
3 83 33
3 83 58
3 83 66
3 83 73
3 83 101
3 83 102
3 83 113
3 83 114
3 83 124
3 83 128
3 84 6
3 84 16
3 84 27
3 84 33
3 84 36
3 84 49
3 84 53
3 84 60
3 84 75
3 84 90
3 84 97
3 84 122
3 85 0
3 85 11
3 85 38
3 85 42
3 85 52
3 85 53
3 85 57
3 85 78
3 85 79
3 85 85
3 85 86
3 85 114
3 85 115
3 85 121
3 85 122
3 85 126
3 86 1
3 86 12
3 86 35
3 86 38
3 86 43
3 86 58
3 86 67
3 86 70
3 86 110
3 86 114
3 86 118
3 87 17
3 87 22
3 87 23
3 87 25
3 87 30
3 87 69
3 87 78
3 87 90
3 87 112
3 87 125
3 87 130
3 88 0
3 88 5
3 88 28
3 88 66
3 88 68
3 88 70
3 88 76
3 88 83
3 88 93
3 88 113
3 88 115
3 88 122
3 89 3
3 89 12
3 89 25
3 89 28
3 89 32
3 89 40
3 89 42
3 89 53
3 89 58
3 89 59
3 89 61
3 89 66
3 89 67
3 89 73
3 89 81
3 89 108
3 90 7
3 90 8
3 90 26
3 90 38
3 90 39
3 90 49
3 90 66
3 90 71
3 90 77
3 90 88
3 90 99
3 90 103
3 90 106
3 90 111
3 90 116
3 91 4
3 91 14
3 91 20
3 91 31
3 91 34
3 91 38
3 91 40
3 91 41
3 91 46
3 91 72
3 91 77
3 91 91
3 91 99
3 91 102
3 91 104
3 91 107
3 91 115
3 91 124
3 91 126
3 92 2
3 92 6
3 92 10
3 92 13
3 92 23
3 92 28
3 92 47
3 92 48
3 92 49
3 92 51
3 92 52
3 92 55
3 92 69
3 92 80
3 92 87
3 92 94
3 92 95
3 92 103
3 93 4
3 93 11
3 93 18
3 93 28
3 93 36
3 93 46
3 93 50
3 93 53
3 93 54
3 93 63
3 93 64
3 93 69
3 93 71
3 93 76
3 93 86
3 93 99
3 93 104
3 93 113
3 93 124
3 94 3
3 94 14
3 94 17
3 94 39
3 94 45
3 94 53
3 94 70
3 94 71
3 94 79
3 94 81
3 94 92
3 94 95
3 94 107
3 94 118
3 95 1
3 95 4
3 95 11
3 95 26
3 95 30
3 95 34
3 95 36
3 95 40
3 95 55
3 95 65
3 95 72
3 95 93
3 95 99
3 95 119
3 95 123
3 95 126
3 95 128
3 96 4
3 96 12
3 96 14
3 96 24
3 96 28
3 96 39
3 96 42
3 96 43
3 96 49
3 96 65
3 96 70
3 96 80
3 96 86
3 96 121
3 96 124
3 96 126
3 97 0
3 97 18
3 97 30
3 97 38
3 97 44
3 97 55
3 97 63
3 97 82
3 97 83
3 97 90
3 97 93
3 97 95
3 98 8
3 98 12
3 98 15
3 98 18
3 98 22
3 98 33
3 98 39
3 98 75
3 98 92
3 98 96
3 98 116
3 98 125
3 98 129
3 99 30
3 99 33
3 99 39
3 99 44
3 99 48
3 99 51
3 99 75
3 99 81
3 99 96
3 99 97
3 99 102
3 99 103
3 99 106
3 99 114
3 99 125
3 99 127
3 99 129
3 100 2
3 100 3
3 100 6
3 100 11
3 100 22
3 100 27
3 100 44
3 100 57
3 100 62
3 100 67
3 100 74
3 100 81
3 100 86
3 100 96
3 100 99
3 100 108
3 100 116
3 100 124
3 101 31
3 101 38
3 101 40
3 101 59
3 101 70
3 101 75
3 101 76
3 101 103
3 101 112
3 101 126
3 101 129
3 102 6
3 102 32
3 102 39
3 102 53
3 102 73
3 102 85
3 102 86
3 102 91
3 102 101
3 102 118
3 102 125
3 103 3
3 103 7
3 103 8
3 103 11
3 103 14
3 103 15
3 103 22
3 103 32
3 103 36
3 103 44
3 103 59
3 103 97
3 103 100
3 103 108
3 103 110
3 103 120
3 103 122
3 103 129
3 104 7
3 104 31
3 104 38
3 104 51
3 104 62
3 104 79
3 104 82
3 104 86
3 104 87
3 104 104
3 104 107
3 104 118
3 104 121
3 104 124
3 105 10
3 105 39
3 105 48
3 105 56
3 105 72
3 105 75
3 105 79
3 105 91
3 105 100
3 105 103
3 105 115
3 106 9
3 106 13
3 106 21
3 106 51
3 106 52
3 106 63
3 106 73
3 106 77
3 106 80
3 106 86
3 106 103
3 106 109
3 106 115
3 106 117
3 106 119
3 106 120
3 107 14
3 107 15
3 107 20
3 107 38
3 107 45
3 107 68
3 107 103
3 107 126
3 108 1
3 108 21
3 108 26
3 108 35
3 108 40
3 108 46
3 108 47
3 108 68
3 108 78
3 108 80
3 108 82
3 108 87
3 108 101
3 108 112
3 108 113
3 108 124