1044
5
110 128 126 127 109
5347

418 162 537 0 545 0 0 0 0 0 204 653 0 0 0 584 0 137 0 0 491 374 937 584 313 897 568 197 0 0 0 58 22 0 43 0 4 0 37 18 63 0 0 0 25 51 1 6 13 0 0 100 46 0 61 0 5 0 54 0 98 0 0 0 10 45 72 0 41 0 80 2 77 7 38 25 0 56 0 14 0 0 0 56 49 59 0 0 0 42 0 0 89 0 67 0 38 30 28 0 43 0 87 59 0 0 36 64 0 0
942 585 0 204 322 0 422 571 6 0 0 0 448 0 969 0 961 924 11 0 0 154 272 802 644 169 0 0 899 0 915 507 946 35 0 0 0 43 12 31 48 0 78 0 0 8 0 0 0 0 0 0 16 33 33 0 0 0 0 0 0 0 21 48 90 0 77 0 0 0 0 0 0 98 0 0 77 0 0 56 29 0 0 0 0 0 0 0 0 42 75 34 0 0 91 94 80 16 29 0 0 0 6 30 0 70 0 0 37 79 42 22 60 0 59 0 0 0 0 19 0 0 0 92 0 0 43 0
813 0 351 0 323 0 0 47 0 249 158 251 0 0 0 0 726 0 0 974 349 0 59 0 581 0 265 0 260 0 0 0 18 92 0 86 53 34 94 10 66 82 0 55 99 0 0 0 0 4 12 0 70 0 0 37 0 5 0 0 0 21 79 0 0 25 21 0 11 27 94 0 60 0 0 0 86 0 94 49 0 36 98 13 0 0 24 0 83 10 49 49 0 93 0 0 0 57 0 0 95 66 8 75 0 0 0 0 24 2 0 82 0 0 0 2 85 67 28 0 0 65 38 0 0 0
0 896 268 839 0 710 0 0 756 128 0 955 0 0 0 24 663 10 0 0 904 0 0 0 37 0 0 0 322 399 609 997 78 0 43 0 0 0 71 40 0 0 12 0 0 0 0 0 80 61 3 0 84 29 85 0 59 0 41 0 36 20 0 0 0 0 0 95 0 0 0 0 0 0 0 32 30 0 0 35 0 0 0 0 0 55 0 0 0 21 0 9 0 19 99 12 80 20 65 0 29 0 47 0 0 16 43 0 0 82 0 34 84 33 0 47 88 89 44 0 66 26 72 10 70 0 43
438 631 0 941 0 749 715 0 0 346 352 0 368 0 775 0 0 0 514 0 0 923 0 0 853 0 840 218 0 27 2 75 0 4 60 0 0 0 97 0 0 38 49 69 23 63 0 17 12 0 40 0 20 0 80 0 89 10 40 48 30 0 0 0 31 0 0 0 83 0 97 0 4 20 2 0 0 41 67 0 0 19 0 0 88 0 48 0 32 0 96 0 27 0 0 0 93 67 1 0 26 0 6 0 0 0 0 0 35

0 0 10
0 0 15
0 0 29
0 0 30
0 0 34
0 0 60
0 0 69
0 0 79
0 0 82
0 0 106
0 0 112
0 0 114
0 0 121
0 1 0
0 1 1
0 1 16
0 1 28
0 1 40
0 1 65
0 1 67
0 1 73
0 1 96
0 1 112
0 1 118
0 1 127
0 2 14
0 2 19
0 2 22
0 2 28
0 2 45
0 2 47
0 2 61
0 2 70
0 2 73
0 2 84
0 2 105
0 2 113
0 3 7
0 3 13
0 3 28
0 3 31
0 3 36
0 3 67
0 3 79
0 3 84
0 3 92
0 3 102
0 3 114
0 3 121
0 4 27
0 4 29
0 4 36
0 4 49
0 4 52
0 4 63
0 4 69
0 4 70
0 4 80
0 4 81
0 4 84
0 4 101
0 4 102
0 4 118
0 4 120
0 5 20
0 5 23
0 5 60
0 5 66
0 5 75
0 5 104
0 5 119
0 5 122
0 6 29
0 6 61
0 6 62
0 6 67
0 6 70
0 6 79
0 6 97
0 6 98
0 6 127
0 7 11
0 7 47
0 7 68
0 7 73
0 7 86
0 7 92
0 7 93
0 7 110
0 8 2
0 8 4
0 8 11
0 8 29
0 8 37
0 8 43
0 8 52
0 8 86
0 8 89
0 8 94
0 8 101
0 8 107
0 8 113
0 8 124
0 8 127
0 9 5
0 9 8
0 9 38
0 9 44
0 9 68
0 9 75
0 9 84
0 9 98
0 9 105
0 9 113
0 10 11
0 10 20
0 10 60
0 10 65
0 10 66
0 10 68
0 10 82
0 10 89
0 10 113
0 10 121
0 11 10
0 11 23
0 11 30
0 11 41
0 11 43
0 11 60
0 11 86
0 11 92
0 11 104
0 11 116
0 12 11
0 12 24
0 12 41
0 12 57
0 12 59
0 12 68
0 12 70
0 12 73
0 12 76
0 12 99
0 12 103
0 12 109
0 13 27
0 13 34
0 13 37
0 13 38
0 13 46
0 13 50
0 13 51
0 13 60
0 13 70
0 13 76
0 13 79
0 13 98
0 13 102
0 13 122
0 14 3
0 14 11
0 14 14
0 14 68
0 14 79
0 14 81
0 14 95
0 14 127
0 15 2
0 15 13
0 15 19
0 15 20
0 15 30
0 15 32
0 15 34
0 15 37
0 15 51
0 15 76
0 15 83
0 15 110
0 16 2
0 16 13
0 16 15
0 16 85
0 16 91
0 16 95
0 16 97
0 16 102
0 17 0
0 17 14
0 17 16
0 17 20
0 17 24
0 17 32
0 17 49
0 17 64
0 17 71
0 17 73
0 17 100
0 17 117
0 17 123
0 18 11
0 18 20
0 18 26
0 18 49
0 18 56
0 18 63
0 18 74
0 18 79
0 18 80
0 18 82
0 18 88
0 18 92
0 18 103
0 18 109
0 18 116
0 18 126
0 19 20
0 19 23
0 19 31
0 19 72
0 19 86
0 19 103
0 19 116
0 20 18
0 20 19
0 20 25
0 20 46
0 20 53
0 20 85
0 20 98
0 20 127
0 21 6
0 21 9
0 21 18
0 21 25
0 21 41
0 21 86
0 21 92
0 21 93
0 21 98
0 21 99
0 21 100
0 22 13
0 22 17
0 22 33
0 22 41
0 22 42
0 22 44
0 22 47
0 22 50
0 22 66
0 22 78
0 22 85
0 22 89
0 22 103
0 22 110
0 23 7
0 23 12
0 23 16
0 23 18
0 23 29
0 23 38
0 23 55
0 23 58
0 23 74
0 23 87
0 23 115
0 23 122
0 23 126
0 24 5
0 24 20
0 24 39
0 24 42
0 24 75
0 24 77
0 24 82
0 24 85
0 24 90
0 25 3
0 25 5
0 25 14
0 25 24
0 25 44
0 25 45
0 25 47
0 25 68
0 25 81
0 25 93
0 25 99
0 25 111
0 25 116
0 25 119
0 26 36
0 26 39
0 26 50
0 26 73
0 26 95
0 26 113
0 26 116
0 27 31
0 27 32
0 27 40
0 27 46
0 27 49
0 27 59
0 27 68
0 27 76
0 27 77
0 27 105
0 27 109
0 27 116
0 28 4
0 28 23
0 28 29
0 28 42
0 28 46
0 28 47
0 28 70
0 28 104
0 28 109
0 28 124
0 28 125
0 29 4
0 29 11
0 29 12
0 29 17
0 29 23
0 29 30
0 29 44
0 29 68
0 29 72
0 29 79
0 29 84
0 29 88
0 29 107
0 29 111
0 30 14
0 30 15
0 30 19
0 30 35
0 30 36
0 30 45
0 30 61
0 30 71
0 30 73
0 30 74
0 30 76
0 30 77
0 30 90
0 30 117
0 30 120
0 31 3
0 31 30
0 31 54
0 31 64
0 31 80
0 31 82
0 31 87
0 32 0
0 32 4
0 32 7
0 32 16
0 32 17
0 32 45
0 32 76
0 32 81
0 32 87
0 32 93
0 32 111
0 32 115
0 32 125
0 33 0
0 33 2
0 33 11
0 33 13
0 33 21
0 33 35
0 33 56
0 33 67
0 33 68
0 33 71
0 33 74
0 33 83
0 33 86
0 33 99
0 33 120
0 33 121
0 33 123
0 34 4
0 34 34
0 34 50
0 34 59
0 34 64
0 34 80
0 34 108
0 34 115
0 34 124
0 35 1
0 35 12
0 35 24
0 35 26
0 35 43
0 35 47
0 35 57
0 35 64
0 35 82
0 35 88
0 35 101
0 35 106
0 35 112
0 36 14
0 36 19
0 36 24
0 36 47
0 36 53
0 36 69
0 36 79
0 36 82
0 36 97
0 36 105
0 36 114
0 36 115
0 37 4
0 37 26
0 37 38
0 37 56
0 37 81
0 37 99
0 37 116
0 37 123
0 38 24
0 38 30
0 38 38
0 38 44
0 38 48
0 38 53
0 38 85
0 38 106
0 38 107
0 38 115
0 38 119
0 38 125
0 39 7
0 39 10
0 39 26
0 39 40
0 39 47
0 39 57
0 39 95
0 39 110
0 39 121
0 40 2
0 40 7
0 40 17
0 40 38
0 40 76
0 40 109
0 40 119
0 40 120
0 41 0
0 41 1
0 41 2
0 41 14
0 41 22
0 41 39
0 41 43
0 41 45
0 41 50
0 41 56
0 41 57
0 41 72
0 41 75
0 41 81
0 41 99
0 41 113
0 42 11
0 42 30
0 42 39
0 42 52
0 42 58
0 42 67
0 42 68
0 42 74
0 42 84
0 42 89
0 42 93
0 42 101
0 43 14
0 43 37
0 43 41
0 43 54
0 43 61
0 43 74
0 43 85
0 43 90
0 43 101
0 43 117
0 43 124
0 43 125
0 44 11
0 44 15
0 44 39
0 44 40
0 44 53
0 44 54
0 44 107
0 44 126
0 45 10
0 45 12
0 45 13
0 45 20
0 45 33
0 45 47
0 45 51
0 45 62
0 45 90
0 45 103
0 45 105
0 45 108
0 45 110
0 45 126
0 46 1
0 46 22
0 46 26
0 46 49
0 46 56
0 46 71
0 46 74
0 46 91
0 46 102
0 46 103
0 46 116
0 47 8
0 47 19
0 47 22
0 47 34
0 47 38
0 47 52
0 47 66
0 47 95
0 47 97
0 47 105
0 48 4
0 48 12
0 48 20
0 48 39
0 48 41
0 48 49
0 48 73
0 48 94
0 48 97
0 48 98
0 48 120
0 48 125
0 48 127
0 49 2
0 49 20
0 49 41
0 49 60
0 49 65
0 49 81
0 49 85
0 49 88
0 49 89
0 49 96
0 49 98
0 49 102
0 49 118
0 49 125
0 50 8
0 50 13
0 50 30
0 50 56
0 50 73
0 50 74
0 50 75
0 50 83
0 50 100
0 50 113
0 50 119
0 51 39
0 51 50
0 51 60
0 51 73
0 51 95
0 51 109
0 51 111
0 51 115
0 51 117
0 51 121
0 51 123
0 52 6
0 52 13
0 52 17
0 52 48
0 52 49
0 52 77
0 52 86
0 52 88
0 52 92
0 52 96
0 52 111
0 52 113
0 52 120
0 53 8
0 53 9
0 53 11
0 53 17
0 53 22
0 53 34
0 53 36
0 53 41
0 53 51
0 53 57
0 53 58
0 53 63
0 53 70
0 53 79
0 53 107
0 54 47
0 54 49
0 54 51
0 54 55
0 54 65
0 54 72
0 54 81
0 54 84
0 54 89
0 54 93
0 54 95
0 54 101
0 54 113
0 54 114
0 55 6
0 55 9
0 55 19
0 55 59
0 55 65
0 55 66
0 55 109
0 55 120
0 55 121
0 56 11
0 56 18
0 56 47
0 56 49
0 56 50
0 56 65
0 56 75
0 56 100
0 56 102
0 56 107
0 56 109
0 56 112
0 56 118
0 57 40
0 57 48
0 57 87
0 57 91
0 57 100
0 57 108
0 57 116
0 57 121
0 57 125
0 58 8
0 58 32
0 58 42
0 58 49
0 58 50
0 58 53
0 58 57
0 58 65
0 58 70
0 58 71
0 58 75
0 58 100
0 58 104
0 58 108
0 58 114
0 59 6
0 59 7
0 59 14
0 59 31
0 59 42
0 59 51
0 59 54
0 59 55
0 59 83
0 59 84
0 59 103
0 59 104
0 59 107
0 59 111
0 59 119
0 60 0
0 60 28
0 60 33
0 60 44
0 60 57
0 60 67
0 60 72
0 60 86
0 60 93
0 60 105
0 60 117
0 60 126
0 61 7
0 61 47
0 61 53
0 61 54
0 61 55
0 61 69
0 61 75
0 61 76
0 61 124
0 62 1
0 62 40
0 62 51
0 62 92
0 62 118
0 63 10
0 63 11
0 63 38
0 63 89
0 63 108
0 63 112
0 63 121
0 64 14
0 64 20
0 64 23
0 64 40
0 64 43
0 64 46
0 64 52
0 64 61
0 64 63
0 64 65
0 64 69
0 64 81
0 64 86
0 64 91
0 64 113
0 64 121
0 65 10
0 65 16
0 65 22
0 65 70
0 65 85
0 65 93
0 65 95
0 65 101
0 65 105
0 65 112
0 66 9
0 66 16
0 66 27
0 66 34
0 66 35
0 66 37
0 66 40
0 66 42
0 66 45
0 66 46
0 66 70
0 66 83
0 66 92
0 66 98
0 66 105
0 66 110
0 66 116
0 66 122
0 67 1
0 67 9
0 67 15
0 67 72
0 67 86
0 67 91
0 67 101
0 67 103
0 67 104
0 67 109
0 67 126
0 68 1
0 68 3
0 68 35
0 68 39
0 68 46
0 68 54
0 68 59
0 68 72
0 68 80
0 68 117
0 68 121
0 68 125
0 69 25
0 69 56
0 69 74
0 69 98
0 69 101
0 70 13
0 70 18
0 70 26
0 70 29
0 70 47
0 70 58
0 70 59
0 70 64
0 70 68
0 70 71
0 70 83
0 70 100
0 70 121
0 71 0
0 71 11
0 71 12
0 71 25
0 71 43
0 71 64
0 71 66
0 71 99
0 71 123
0 71 127
0 72 1
0 72 20
0 72 23
0 72 38
0 72 60
0 72 64
0 72 75
0 72 81
0 72 102
0 72 107
0 73 0
0 73 2
0 73 7
0 73 9
0 73 14
0 73 16
0 73 17
0 73 22
0 73 24
0 73 37
0 73 49
0 73 60
0 73 66
0 73 69
0 73 100
0 73 106
0 73 124
0 74 7
0 74 10
0 74 30
0 74 33
0 74 42
0 74 46
0 74 51
0 74 67
0 74 68
0 74 75
0 74 96
0 75 3
0 75 7
0 75 32
0 75 37
0 75 42
0 75 55
0 75 69
0 75 116
0 76 1
0 76 11
0 76 22
0 76 37
0 76 39
0 76 56
0 76 68
0 76 79
0 76 81
0 76 87
0 76 90
0 76 101
0 76 110
0 76 111
0 76 118
0 76 125
0 77 0
0 77 38
0 77 59
0 77 66
0 77 82
0 77 104
0 77 108
0 77 115
0 77 125
0 78 6
0 78 8
0 78 20
0 78 48
0 78 61
0 78 97
0 78 117
0 78 126
0 79 3
0 79 8
0 79 29
0 79 47
0 79 53
0 79 54
0 79 64
0 79 73
0 79 76
0 79 97
0 79 105
0 79 119
0 80 20
0 80 22
0 80 47
0 80 49
0 80 50
0 80 55
0 80 56
0 80 57
0 80 60
0 80 61
0 80 76
0 80 78
0 80 81
0 80 94
0 80 100
0 80 112
0 81 5
0 81 6
0 81 15
0 81 29
0 81 31
0 81 57
0 81 85
0 81 89
0 81 95
0 81 106
0 81 117
0 82 2
0 82 10
0 82 25
0 82 33
0 82 45
0 82 78
0 82 89
0 82 95
0 82 101
0 82 105
0 82 106
0 82 109
0 82 113
0 82 124
0 82 127
0 83 4
0 83 5
0 83 9
0 83 41
0 83 60
0 83 70
0 83 74
0 83 77
0 83 82
0 83 93
0 83 105
0 83 115
0 84 0
0 84 13
0 84 31
0 84 32
0 84 62
0 84 67
0 84 70
0 84 71
0 84 87
0 84 101
0 84 121
0 84 123
0 85 14
0 85 24
0 85 25
0 85 44
0 85 45
0 85 73
0 85 100
0 86 1
0 86 18
0 86 19
0 86 28
0 86 31
0 86 33
0 86 48
0 86 54
0 86 64
0 86 72
0 86 97
0 86 104
0 86 116
0 86 119
0 86 123
0 86 124
0 87 5
0 87 10
0 87 16
0 87 23
0 87 37
0 87 52
0 87 68
0 87 85
0 87 90
0 87 116
0 87 122
0 88 7
0 88 31
0 88 35
0 88 50
0 88 59
0 88 66
0 88 67
0 88 82
0 88 102
0 88 106
0 88 110
0 88 124
0 89 21
0 89 29
0 89 43
0 89 50
0 89 57
0 89 78
0 89 84
0 89 85
0 89 113
0 89 115
0 90 26
0 90 28
0 90 34
0 90 39
0 90 43
0 90 46
0 90 54
0 90 59
0 90 60
0 90 62
0 90 81
0 90 107
0 90 111
0 90 113
0 90 118
0 90 121
0 90 127
0 91 5
0 91 38
0 91 52
0 91 54
0 91 71
0 91 79
0 91 82
0 91 98
0 91 100
0 91 124
0 91 125
0 91 127
0 92 21
0 92 56
0 92 74
0 92 76
0 92 77
0 92 85
0 92 97
0 92 112
0 93 10
0 93 17
0 93 21
0 93 26
0 93 32
0 93 38
0 93 45
0 93 49
0 93 60
0 93 62
0 93 70
0 93 89
0 93 114
0 93 126
0 94 12
0 94 34
0 94 40
0 94 43
0 94 45
0 94 47
0 94 49
0 94 61
0 94 68
0 94 69
0 94 77
0 94 85
0 94 92
0 94 116
0 94 117
0 95 2
0 95 15
0 95 22
0 95 41
0 95 59
0 95 83
0 96 7
0 96 13
0 96 26
0 96 57
0 96 81
0 96 91
0 96 109
0 96 125
0 97 33
0 97 46
0 97 49
0 97 105
0 98 32
0 98 60
0 98 75
0 98 83
0 98 90
0 98 102
0 98 108
0 98 118
0 99 6
0 99 15
0 99 31
0 99 41
0 99 42
0 99 64
0 99 70
0 99 85
0 99 100
0 99 101
0 99 106
0 99 122
0 100 11
0 100 24
0 100 34
0 100 43
0 100 62
0 100 69
0 100 76
0 100 77
0 100 80
0 100 83
0 100 87
0 100 89
0 100 95
0 101 2
0 101 3
0 101 11
0 101 31
0 101 40
0 101 49
0 101 55
0 101 66
0 101 75
0 101 77
0 101 105
0 101 117
0 101 127
0 102 3
0 102 5
0 102 32
0 102 39
0 102 47
0 102 58
0 102 59
0 102 65
0 102 72
0 102 73
0 102 100
0 102 105
0 103 29
0 103 52
0 103 61
0 103 68
0 103 73
0 103 106
0 103 115
0 104 4
0 104 17
0 104 33
0 104 59
0 104 75
0 104 102
0 104 115
0 104 124
0 105 2
0 105 28
0 105 59
0 105 72
0 105 97
0 105 102
0 105 103
0 105 119
0 106 19
0 106 47
0 106 67
0 106 77
0 106 80
0 106 89
0 106 98
0 106 126
0 107 0
0 107 18
0 107 22
0 107 33
0 107 41
0 107 63
0 107 64
0 107 70
0 107 76
0 107 79
0 107 112
0 107 115
0 107 121
0 108 15
0 108 27
0 108 29
0 108 31
0 108 34
0 108 43
0 108 54
0 108 55
0 108 62
0 108 63
0 108 67
0 108 68
0 108 74
0 108 120
0 109 25
0 109 32
0 109 47
0 109 49
0 109 53
0 109 63
0 109 109
0 109 116
0 109 118
0 109 121
0 109 122
1 0 1
1 0 13
1 0 48
1 0 55
1 0 69
1 0 81
1 0 82
1 0 85
1 0 89
1 0 103
1 0 120
1 1 1
1 1 9
1 1 30
1 1 45
1 1 47
1 1 79
1 1 86
1 1 108
1 2 34
1 2 36
1 2 40
1 2 74
1 2 82
1 2 89
1 2 97
1 2 111
1 2 115
1 3 19
1 3 29
1 3 31
1 3 37
1 3 43
1 3 46
1 3 52
1 3 68
1 3 78
1 3 92
1 3 108
1 3 109
1 3 115
1 3 121
1 4 2
1 4 13
1 4 21
1 4 31
1 4 35
1 4 49
1 4 54
1 4 66
1 4 111
1 4 122
1 4 124
1 5 6
1 5 13
1 5 17
1 5 25
1 5 32
1 5 47
1 5 48
1 5 54
1 5 91
1 5 94
1 5 110
1 5 112
1 5 115
1 6 62
1 6 72
1 6 90
1 6 104
1 6 114
1 6 119
1 6 121
1 6 123
1 7 25
1 7 60
1 7 78
1 7 80
1 7 87
1 7 96
1 7 100
1 7 105
1 7 118
1 8 20
1 8 21
1 8 26
1 8 90
1 8 101
1 8 107
1 8 113
1 9 5
1 9 8
1 9 11
1 9 20
1 9 22
1 9 35
1 9 51
1 9 67
1 9 80
1 9 83
1 9 93
1 9 102
1 9 110
1 10 21
1 10 36
1 10 65
1 10 67
1 10 72
1 10 83
1 10 84
1 10 90
1 10 107
1 10 108
1 10 111
1 11 18
1 11 19
1 11 33
1 11 38
1 11 68
1 11 73
1 11 77
1 11 95
1 11 111
1 11 112
1 12 8
1 12 46
1 12 69
1 12 75
1 12 78
1 12 82
1 12 88
1 12 94
1 12 98
1 13 13
1 13 43
1 13 47
1 13 102
1 13 121
1 14 1
1 14 24
1 14 37
1 14 40
1 14 54
1 14 72
1 14 79
1 14 93
1 14 95
1 14 106
1 14 121
1 15 2
1 15 9
1 15 37
1 15 53
1 15 54
1 15 67
1 15 82
1 15 97
1 15 99
1 16 13
1 16 16
1 16 22
1 16 25
1 16 46
1 16 48
1 16 84
1 16 94
1 16 106
1 16 109
1 16 118
1 17 0
1 17 47
1 17 52
1 17 54
1 17 60
1 17 76
1 17 101
1 17 103
1 17 110
1 18 4
1 18 36
1 18 69
1 18 71
1 18 85
1 18 86
1 18 100
1 18 102
1 18 109
1 19 0
1 19 3
1 19 12
1 19 16
1 19 22
1 19 30
1 19 31
1 19 34
1 19 36
1 19 71
1 19 90
1 19 97
1 19 108
1 19 115
1 19 116
1 19 124
1 20 1
1 20 21
1 20 29
1 20 32
1 20 38
1 20 51
1 20 57
1 20 60
1 20 85
1 20 93
1 20 100
1 20 110
1 20 112
1 20 117
1 21 12
1 21 27
1 21 53
1 21 73
1 21 74
1 21 118
1 21 120
1 21 121
1 22 26
1 22 31
1 22 39
1 22 45
1 22 47
1 22 73
1 22 84
1 22 107
1 22 114
1 22 116
1 23 79
1 23 81
1 23 108
1 23 124
1 24 8
1 24 45
1 24 76
1 24 78
1 24 79
1 24 82
1 24 93
1 24 95
1 24 101
1 24 102
1 24 103
1 24 105
1 24 106
1 24 108
1 24 110
1 24 122
1 25 0
1 25 6
1 25 36
1 25 45
1 25 54
1 25 69
1 25 78
1 25 81
1 25 97
1 25 99
1 25 118
1 25 121
1 26 5
1 26 15
1 26 25
1 26 49
1 26 58
1 26 66
1 26 70
1 26 73
1 26 78
1 26 87
1 26 102
1 26 118
1 26 120
1 27 20
1 27 38
1 27 47
1 27 69
1 27 71
1 27 74
1 27 92
1 27 113
1 28 33
1 28 38
1 28 57
1 28 81
1 28 96
1 28 108
1 28 114
1 28 125
1 29 15
1 29 22
1 29 24
1 29 40
1 29 60
1 29 71
1 29 74
1 29 84
1 29 101
1 29 107
1 29 122
1 30 24
1 30 26
1 30 47
1 30 56
1 30 60
1 30 70
1 30 72
1 30 80
1 30 90
1 30 97
1 30 99
1 31 7
1 31 43
1 31 52
1 31 74
1 31 79
1 31 83
1 31 88
1 31 90
1 31 103
1 31 112
1 32 0
1 32 5
1 32 13
1 32 21
1 32 32
1 32 46
1 32 53
1 32 65
1 32 66
1 32 84
1 32 88
1 32 90
1 33 2
1 33 17
1 33 25
1 33 30
1 33 56
1 33 74
1 33 75
1 33 99
1 33 120
1 34 6
1 34 34
1 34 49
1 34 52
1 34 83
1 34 93
1 34 95
1 35 16
1 35 20
1 35 23
1 35 44
1 35 61
1 35 105
1 36 20
1 36 37
1 36 73
1 36 75
1 36 96
1 36 98
1 36 114
1 37 8
1 37 42
1 37 45
1 37 61
1 37 82
1 37 93
1 37 96
1 37 98
1 37 99
1 37 111
1 37 124
1 38 10
1 38 16
1 38 37
1 38 41
1 38 50
1 38 55
1 38 66
1 38 73
1 38 74
1 38 93
1 38 104
1 38 118
1 39 18
1 39 30
1 39 34
1 39 43
1 39 52
1 39 53
1 39 74
1 39 81
1 39 99
1 39 105
1 39 115
1 39 117
1 39 119
1 39 121
1 40 14
1 40 16
1 40 39
1 40 54
1 40 62
1 40 66
1 40 72
1 40 73
1 40 80
1 40 111
1 40 121
1 40 125
1 41 0
1 41 34
1 41 44
1 41 53
1 41 55
1 41 67
1 41 68
1 41 70
1 41 76
1 41 77
1 41 79
1 41 83
1 41 84
1 41 94
1 41 96
1 41 98
1 41 103
1 42 9
1 42 35
1 42 41
1 42 42
1 42 49
1 42 61
1 42 65
1 42 96
1 42 102
1 43 3
1 43 6
1 43 9
1 43 69
1 43 75
1 43 79
1 43 90
1 43 91
1 43 94
1 43 115
1 44 1
1 44 13
1 44 24
1 44 32
1 44 35
1 44 36
1 44 52
1 44 62
1 44 124
1 45 2
1 45 20
1 45 26
1 45 27
1 45 29
1 45 34
1 45 38
1 45 69
1 45 70
1 45 72
1 45 75
1 45 88
1 45 94
1 45 100
1 45 113
1 45 124
1 46 5
1 46 26
1 46 27
1 46 36
1 46 37
1 46 50
1 46 71
1 46 74
1 46 75
1 46 87
1 46 88
1 46 96
1 46 101
1 46 119
1 47 39
1 47 57
1 47 67
1 47 79
1 47 82
1 47 87
1 47 90
1 47 100
1 47 103
1 47 110
1 47 118
1 47 124
1 48 0
1 48 1
1 48 2
1 48 17
1 48 40
1 48 57
1 48 58
1 48 71
1 48 94
1 48 106
1 48 114
1 49 11
1 49 17
1 49 31
1 49 42
1 49 64
1 49 71
1 49 85
1 49 86
1 50 0
1 50 34
1 50 42
1 50 44
1 50 52
1 50 71
1 50 74
1 50 86
1 50 101
1 50 119
1 50 125
1 51 4
1 51 18
1 51 21
1 51 36
1 51 39
1 51 49
1 51 57
1 51 61
1 51 70
1 51 93
1 51 94
1 51 98
1 51 121
1 52 4
1 52 26
1 52 35
1 52 62
1 52 65
1 52 66
1 52 94
1 52 95
1 52 96
1 52 99
1 52 104
1 52 111
1 53 3
1 53 8
1 53 39
1 53 43
1 53 79
1 53 91
1 53 114
1 53 120
1 53 122
1 54 4
1 54 8
1 54 15
1 54 34
1 54 56
1 54 95
1 54 112
1 54 117
1 54 120
1 54 125
1 55 22
1 55 31
1 55 46
1 55 56
1 55 58
1 55 73
1 55 80
1 55 85
1 55 90
1 55 92
1 55 102
1 55 104
1 55 117
1 55 122
1 56 8
1 56 28
1 56 32
1 56 55
1 56 63
1 56 72
1 56 85
1 56 87
1 56 92
1 56 94
1 56 103
1 56 111
1 56 112
1 56 120
1 57 0
1 57 5
1 57 12
1 57 16
1 57 21
1 57 25
1 57 29
1 57 33
1 57 41
1 57 44
1 57 46
1 57 51
1 57 60
1 57 77
1 57 78
1 57 83
1 57 96
1 57 119
1 58 3
1 58 7
1 58 11
1 58 16
1 58 20
1 58 42
1 58 44
1 58 51
1 58 68
1 58 71
1 58 90
1 58 92
1 58 102
1 59 5
1 59 6
1 59 7
1 59 11
1 59 42
1 59 62
1 59 76
1 59 81
1 59 89
1 59 90
1 60 3
1 60 13
1 60 58
1 60 63
1 60 66
1 60 93
1 60 96
1 60 99
1 60 104
1 61 6
1 61 15
1 61 27
1 61 34
1 61 41
1 61 42
1 61 49
1 61 52
1 61 81
1 61 86
1 61 94
1 61 108
1 62 2
1 62 7
1 62 42
1 62 51
1 62 60
1 62 63
1 62 69
1 62 83
1 62 86
1 62 91
1 62 109
1 62 125
1 63 11
1 63 29
1 63 36
1 63 49
1 63 52
1 63 70
1 63 97
1 63 124
1 64 30
1 64 45
1 64 52
1 64 60
1 64 64
1 64 102
1 64 103
1 64 109
1 64 117
1 64 120
1 65 12
1 65 17
1 65 23
1 65 30
1 65 38
1 65 43
1 65 48
1 65 57
1 65 64
1 65 65
1 65 89
1 65 103
1 65 106
1 66 6
1 66 13
1 66 19
1 66 23
1 66 42
1 66 46
1 66 60
1 66 63
1 66 66
1 66 75
1 66 76
1 66 85
1 66 88
1 66 93
1 66 95
1 67 0
1 67 5
1 67 7
1 67 29
1 67 33
1 67 35
1 67 40
1 67 43
1 67 68
1 67 79
1 67 80
1 67 84
1 67 122
1 68 5
1 68 11
1 68 14
1 68 16
1 68 18
1 68 19
1 68 22
1 68 23
1 68 34
1 68 76
1 68 86
1 68 90
1 68 99
1 68 109
1 68 111
1 69 1
1 69 4
1 69 9
1 69 69
1 69 70
1 69 75
1 69 88
1 69 90
1 69 101
1 69 103
1 69 106
1 70 3
1 70 18
1 70 43
1 70 46
1 70 49
1 70 50
1 70 52
1 70 55
1 70 75
1 70 79
1 70 91
1 70 97
1 70 122
1 71 4
1 71 5
1 71 19
1 71 20
1 71 22
1 71 32
1 71 36
1 71 38
1 71 42
1 71 54
1 71 70
1 71 89
1 72 8
1 72 24
1 72 44
1 72 52
1 72 61
1 72 69
1 72 76
1 72 77
1 72 87
1 72 103
1 72 105
1 72 118
1 72 122
1 73 3
1 73 24
1 73 32
1 73 34
1 73 48
1 73 49
1 73 64
1 73 68
1 73 71
1 73 82
1 73 86
1 73 107
1 74 6
1 74 16
1 74 36
1 74 37
1 74 45
1 74 50
1 74 53
1 74 77
1 74 83
1 74 85
1 74 86
1 74 92
1 74 123
1 75 1
1 75 2
1 75 4
1 75 5
1 75 16
1 75 30
1 75 33
1 75 37
1 75 53
1 75 63
1 75 66
1 75 84
1 75 90
1 75 97
1 76 7
1 76 24
1 76 37
1 76 52
1 76 59
1 76 66
1 76 72
1 76 87
1 76 88
1 76 100
1 76 106
1 76 107
1 77 15
1 77 28
1 77 40
1 77 52
1 77 98
1 77 114
1 78 21
1 78 25
1 78 30
1 78 57
1 78 77
1 78 112
1 78 113
1 78 118
1 79 18
1 79 20
1 79 36
1 79 43
1 79 47
1 79 80
1 79 89
1 79 93
1 79 106
1 79 116
1 79 120
1 80 0
1 80 25
1 80 30
1 80 41
1 80 43
1 80 49
1 80 51
1 80 55
1 80 59
1 80 74
1 80 90
1 80 108
1 80 116
1 80 121
1 80 123
1 81 4
1 81 7
1 81 29
1 81 47
1 81 75
1 81 102
1 81 107
1 81 121
1 81 123
1 81 124
1 81 125
1 82 2
1 82 3
1 82 29
1 82 32
1 82 71
1 82 74
1 82 96
1 82 115
1 82 124
1 83 36
1 83 43
1 83 54
1 83 65
1 83 78
1 83 90
1 83 93
1 83 98
1 84 26
1 84 37
1 84 47
1 84 85
1 84 110
1 84 116
1 85 7
1 85 8
1 85 17
1 85 19
1 85 20
1 85 25
1 85 32
1 85 36
1 85 37
1 85 67
1 85 70
1 85 75
1 85 81
1 85 106
1 85 123
1 86 23
1 86 26
1 86 40
1 86 55
1 86 64
1 86 72
1 86 91
1 86 92
1 86 111
1 86 123
1 87 4
1 87 5
1 87 14
1 87 23
1 87 24
1 87 38
1 87 40
1 87 42
1 87 52
1 87 58
1 87 61
1 87 87
1 87 90
1 87 110
1 87 117
1 87 120
1 88 19
1 88 27
1 88 36
1 88 48
1 88 53
1 88 63
1 88 64
1 88 74
1 88 76
1 88 122
1 89 8
1 89 12
1 89 55
1 89 60
1 89 65
1 89 79
1 89 88
1 89 92
1 89 118
1 90 63
1 90 68
1 90 89
1 90 99
1 90 104
1 90 107
1 91 1
1 91 7
1 91 10
1 91 17
1 91 19
1 91 35
1 91 46
1 91 51
1 91 67
1 91 93
1 91 104
1 91 111
1 92 9
1 92 26
1 92 40
1 92 43
1 92 44
1 92 47
1 92 99
1 92 112
1 92 114
1 92 118
1 92 119
1 92 121
1 93 3
1 93 41
1 93 75
1 94 14
1 94 37
1 94 42
1 94 43
1 94 70
1 94 71
1 94 94
1 94 95
1 94 106
1 95 3
1 95 31
1 95 47
1 95 56
1 95 65
1 95 70
1 95 82
1 95 96
1 95 97
1 95 107
1 96 9
1 96 11
1 96 19
1 96 22
1 96 37
1 96 44
1 96 47
1 96 69
1 97 0
1 97 1
1 97 12
1 97 13
1 97 30
1 97 80
1 97 82
1 97 100
1 97 102
1 97 115
1 98 26
1 98 29
1 98 36
1 98 48
1 98 62
1 98 66
1 98 77
1 98 108
1 98 113
1 98 118
1 98 119
1 98 122
1 98 124
1 98 125
1 99 3
1 99 5
1 99 11
1 99 14
1 99 15
1 99 33
1 99 35
1 99 45
1 99 47
1 99 65
1 99 77
1 100 12
1 100 24
1 100 88
1 100 94
1 100 97
1 100 105
1 101 43
1 101 48
1 101 49
1 101 51
1 101 54
1 101 75
1 101 78
1 101 79
1 101 118
1 101 119
1 101 120
1 102 1
1 102 20
1 102 52
1 102 69
1 102 73
1 102 114
1 102 117
1 103 16
1 103 21
1 103 34
1 103 41
1 103 45
1 103 59
1 103 64
1 103 84
1 103 120
1 104 5
1 104 9
1 104 12
1 104 15
1 104 21
1 104 37
1 104 38
1 104 45
1 104 49
1 104 50
1 104 57
1 104 67
1 104 88
1 104 92
1 104 123
1 105 3
1 105 11
1 105 43
1 105 44
1 105 66
1 105 69
1 105 81
1 105 95
1 105 100
1 105 113
1 105 115
1 105 120
1 106 1
1 106 3
1 106 19
1 106 21
1 106 29
1 106 51
1 106 56
1 106 75
1 106 87
1 106 104
1 106 122
1 107 34
1 107 74
1 107 78
1 107 82
1 108 5
1 108 10
1 108 36
1 108 45
1 108 46
1 108 51
1 108 76
1 108 97
1 108 116
1 108 118
1 108 119
1 109 5
1 109 27
1 109 61
1 109 75
1 109 78
1 109 80
1 109 88
1 109 107
1 110 0
1 110 6
1 110 10
1 110 34
1 110 36
1 110 38
1 110 63
1 110 64
1 110 72
1 110 81
1 110 84
1 110 106
1 110 115
1 110 116
1 111 22
1 111 50
1 111 79
1 111 80
1 111 90
1 111 100
1 111 102
1 111 116
1 112 48
1 112 52
1 112 69
1 112 70
1 112 93
1 112 104
1 112 117
1 112 120
1 113 6
1 113 25
1 113 26
1 113 27
1 113 33
1 113 39
1 113 48
1 113 54
1 113 56
1 113 57
1 113 69
1 113 83
1 113 98
1 113 107
1 113 109
1 113 118
1 114 0
1 114 15
1 114 22
1 114 40
1 114 49
1 114 57
1 114 62
1 114 64
1 114 88
1 114 100
1 115 5
1 115 6
1 115 20
1 115 28
1 115 54
1 115 72
1 115 75
1 115 82
1 115 94
1 115 121
1 116 9
1 116 21
1 116 36
1 116 39
1 116 40
1 116 48
1 116 50
1 116 69
1 116 98
1 116 116
1 116 120
1 117 0
1 117 32
1 117 37
1 117 58
1 117 65
1 117 66
1 117 69
1 117 72
1 117 102
1 117 106
1 117 107
1 117 115
1 117 123
1 118 4
1 118 5
1 118 58
1 118 65
1 118 69
1 118 77
1 118 78
1 118 85
1 118 121
1 119 13
1 119 16
1 119 19
1 119 28
1 119 36
1 119 39
1 119 42
1 119 43
1 119 57
1 119 74
1 119 75
1 119 78
1 119 84
1 119 92
1 119 103
1 119 104
1 119 114
1 120 5
1 120 10
1 120 16
1 120 24
1 120 28
1 120 50
1 120 60
1 120 64
1 120 69
1 120 89
1 120 92
1 120 97
1 120 119
1 121 10
1 121 20
1 121 28
1 121 31
1 121 35
1 121 57
1 121 66
1 121 67
1 121 68
1 121 72
1 121 89
1 121 95
1 121 120
1 121 122
1 122 4
1 122 10
1 122 38
1 122 41
1 122 53
1 122 67
1 122 80
1 122 107
1 122 121
1 123 1
1 123 5
1 123 6
1 123 18
1 123 33
1 123 36
1 123 42
1 123 56
1 123 75
1 123 77
1 123 91
1 123 94
1 123 102
1 123 109
1 124 5
1 124 12
1 124 31
1 124 71
1 124 75
1 124 78
1 124 84
1 124 94
1 124 99
1 124 106
1 124 113
1 125 8
1 125 28
1 125 37
1 125 53
1 125 77
1 125 79
1 125 81
1 125 85
1 125 87
1 125 89
1 125 113
1 125 121
1 126 0
1 126 30
1 126 45
1 126 79
1 126 109
1 127 2
1 127 3
1 127 8
1 127 15
1 127 18
1 127 20
1 127 29
1 127 30
1 127 40
1 127 43
1 127 59
1 127 66
1 127 78
1 127 79
1 127 84
1 127 105
1 127 112
1 127 118
2 0 5
2 0 12
2 0 17
2 0 18
2 0 24
2 0 27
2 0 54
2 0 68
2 0 74
2 0 76
2 0 79
2 0 93
2 0 101
2 0 104
2 0 109
2 0 125
2 1 0
2 1 10
2 1 16
2 1 33
2 1 35
2 1 55
2 1 57
2 1 87
2 1 90
2 1 97
2 1 98
2 1 102
2 1 103
2 1 113
2 1 123
2 2 2
2 2 17
2 2 89
2 2 90
2 2 101
2 2 104
2 2 110
2 3 0
2 3 7
2 3 15
2 3 17
2 3 31
2 3 36
2 3 55
2 3 56
2 3 62
2 3 95
2 3 96
2 3 105
2 3 117
2 4 1
2 4 8
2 4 9
2 4 18
2 4 41
2 4 42
2 4 60
2 4 68
2 4 77
2 4 83
2 4 87
2 4 110
2 4 117
2 5 17
2 5 26
2 5 27
2 5 32
2 5 69
2 5 70
2 5 87
2 5 93
2 5 110
2 6 4
2 6 5
2 6 14
2 6 16
2 6 17
2 6 45
2 6 51
2 6 55
2 6 78
2 6 85
2 6 87
2 6 89
2 6 94
2 6 98
2 6 99
2 6 120
2 7 27
2 7 29
2 7 34
2 7 40
2 7 42
2 7 48
2 7 50
2 7 54
2 7 57
2 7 68
2 7 73
2 7 74
2 7 81
2 7 83
2 7 85
2 7 95
2 7 105
2 7 106
2 7 114
2 8 14
2 8 16
2 8 23
2 8 24
2 8 25
2 8 30
2 8 35
2 8 76
2 8 78
2 8 81
2 8 84
2 8 95
2 8 107
2 8 114
2 9 10
2 9 13
2 9 30
2 9 70
2 9 77
2 9 105
2 9 112
2 9 115
2 9 119
2 9 122
2 9 123
2 10 13
2 10 14
2 10 25
2 10 30
2 10 35
2 10 47
2 10 59
2 10 64
2 10 72
2 10 99
2 10 103
2 10 115
2 10 116
2 11 0
2 11 9
2 11 15
2 11 29
2 11 42
2 11 63
2 11 80
2 11 88
2 11 111
2 11 119
2 12 3
2 12 18
2 12 44
2 12 49
2 12 50
2 12 62
2 12 69
2 12 71
2 12 75
2 12 99
2 12 115
2 12 116
2 12 117
2 12 121
2 13 19
2 13 26
2 13 30
2 13 45
2 13 83
2 13 84
2 13 87
2 13 89
2 13 93
2 13 102
2 13 120
2 13 123
2 14 7
2 14 18
2 14 29
2 14 30
2 14 35
2 14 39
2 14 41
2 14 48
2 14 50
2 14 58
2 14 61
2 14 69
2 14 73
2 14 74
2 14 82
2 14 86
2 14 107
2 14 113
2 14 126
2 15 4
2 15 21
2 15 39
2 15 46
2 15 86
2 15 101
2 15 102
2 15 110
2 15 112
2 15 116
2 15 122
2 16 23
2 16 25
2 16 35
2 16 37
2 16 41
2 16 93
2 16 112
2 17 26
2 17 45
2 17 53
2 17 66
2 17 68
2 17 95
2 17 96
2 18 46
2 18 58
2 18 62
2 18 73
2 18 78
2 18 81
2 18 99
2 18 117
2 18 118
2 19 6
2 19 7
2 19 8
2 19 13
2 19 22
2 19 24
2 19 51
2 19 60
2 19 96
2 19 97
2 19 102
2 19 106
2 19 121
2 20 17
2 20 21
2 20 37
2 20 47
2 20 55
2 20 62
2 20 70
2 20 74
2 20 76
2 20 79
2 20 84
2 20 92
2 20 94
2 20 104
2 20 108
2 20 117
2 20 125
2 21 4
2 21 5
2 21 7
2 21 11
2 21 21
2 21 24
2 21 36
2 21 40
2 21 50
2 21 80
2 21 81
2 21 108
2 21 109
2 22 10
2 22 13
2 22 18
2 22 19
2 22 20
2 22 47
2 22 65
2 22 88
2 22 95
2 22 97
2 22 102
2 22 118
2 22 122
2 22 124
2 23 19
2 23 28
2 23 35
2 23 48
2 23 107
2 23 126
2 24 16
2 24 20
2 24 26
2 24 31
2 24 38
2 24 39
2 24 41
2 24 46
2 24 75
2 24 89
2 24 96
2 24 105
2 24 126
2 25 3
2 25 5
2 25 22
2 25 27
2 25 31
2 25 38
2 25 39
2 25 58
2 25 65
2 25 74
2 25 107
2 25 110
2 25 112
2 26 7
2 26 20
2 26 24
2 26 36
2 26 56
2 26 69
2 26 75
2 26 81
2 26 95
2 26 96
2 26 106
2 26 112
2 27 17
2 27 23
2 27 38
2 27 70
2 27 90
2 27 92
2 27 100
2 28 8
2 28 26
2 28 33
2 28 64
2 28 102
2 28 105
2 29 32
2 29 47
2 29 54
2 29 58
2 29 60
2 29 86
2 29 87
2 29 94
2 29 109
2 30 22
2 30 38
2 30 39
2 30 41
2 30 43
2 30 49
2 30 58
2 30 66
2 30 74
2 30 80
2 30 101
2 30 116
2 30 117
2 31 27
2 31 28
2 31 29
2 31 33
2 31 49
2 31 90
2 31 105
2 31 106
2 31 110
2 31 111
2 31 120
2 32 4
2 32 36
2 32 37
2 32 52
2 32 57
2 32 63
2 32 77
2 32 81
2 32 94
2 32 102
2 32 110
2 32 114
2 33 11
2 33 26
2 33 28
2 33 44
2 33 49
2 33 56
2 33 59
2 33 117
2 33 119
2 33 126
2 34 21
2 34 39
2 34 61
2 34 64
2 34 109
2 34 113
2 34 125
2 35 2
2 35 22
2 35 44
2 35 45
2 35 53
2 35 58
2 35 67
2 35 79
2 35 107
2 36 19
2 36 23
2 36 37
2 36 44
2 36 55
2 36 60
2 36 63
2 36 75
2 36 78
2 36 79
2 36 99
2 36 109
2 36 114
2 36 125
2 37 6
2 37 10
2 37 12
2 37 18
2 37 26
2 37 30
2 37 31
2 37 32
2 37 48
2 37 49
2 37 72
2 37 75
2 37 89
2 37 105
2 37 112
2 38 1
2 38 5
2 38 12
2 38 15
2 38 33
2 38 34
2 38 37
2 38 38
2 38 45
2 38 52
2 38 56
2 38 57
2 38 70
2 38 72
2 38 74
2 38 97
2 38 122
2 39 1
2 39 5
2 39 8
2 39 14
2 39 34
2 39 35
2 39 47
2 39 50
2 39 63
2 39 79
2 39 86
2 39 88
2 39 121
2 40 2
2 40 5
2 40 15
2 40 17
2 40 22
2 40 63
2 40 80
2 40 98
2 40 103
2 40 126
2 41 8
2 41 17
2 41 32
2 41 44
2 41 45
2 41 47
2 41 61
2 41 65
2 41 82
2 41 85
2 41 103
2 41 106
2 41 108
2 41 113
2 42 23
2 42 26
2 42 37
2 42 42
2 42 47
2 42 56
2 42 69
2 42 81
2 42 90
2 42 99
2 42 115
2 43 12
2 43 24
2 43 51
2 43 65
2 43 79
2 43 106
2 43 113
2 43 116
2 43 124
2 44 7
2 44 15
2 44 17
2 44 21
2 44 40
2 44 43
2 44 47
2 44 50
2 44 53
2 44 59
2 44 62
2 44 63
2 44 70
2 44 75
2 44 95
2 44 100
2 44 104
2 44 109
2 44 112
2 44 114
2 45 5
2 45 11
2 45 16
2 45 26
2 45 39
2 45 41
2 45 57
2 45 58
2 45 70
2 45 73
2 45 80
2 45 86
2 45 112
2 45 118
2 46 11
2 46 25
2 46 38
2 46 39
2 46 50
2 46 72
2 46 99
2 46 109
2 46 120
2 46 121
2 47 25
2 47 35
2 47 45
2 47 55
2 47 63
2 47 73
2 47 84
2 47 100
2 47 113
2 48 15
2 48 17
2 48 42
2 48 60
2 48 64
2 48 67
2 48 68
2 48 71
2 48 74
2 48 95
2 48 97
2 48 110
2 48 122
2 49 17
2 49 29
2 49 40
2 49 41
2 49 49
2 49 81
2 49 91
2 49 95
2 49 100
2 49 104
2 49 118
2 50 1
2 50 3
2 50 7
2 50 26
2 50 40
2 50 50
2 50 52
2 50 78
2 50 110
2 50 117
2 50 123
2 50 125
2 51 10
2 51 13
2 51 19
2 51 27
2 51 30
2 51 44
2 51 62
2 51 67
2 51 98
2 51 101
2 51 105
2 51 110
2 51 114
2 51 116
2 52 2
2 52 9
2 52 19
2 52 20
2 52 28
2 52 62
2 52 75
2 52 82
2 52 83
2 52 87
2 52 102
2 52 112
2 52 114
2 52 117
2 53 3
2 53 6
2 53 7
2 53 20
2 53 28
2 53 31
2 53 46
2 53 59
2 53 64
2 53 68
2 53 74
2 53 79
2 53 88
2 53 98
2 54 9
2 54 21
2 54 23
2 54 48
2 54 49
2 54 61
2 54 73
2 54 103
2 54 113
2 54 117
2 54 123
2 55 12
2 55 21
2 55 40
2 55 43
2 55 45
2 55 49
2 55 99
2 55 108
2 55 113
2 55 125
2 56 0
2 56 7
2 56 8
2 56 18
2 56 32
2 56 41
2 56 62
2 56 77
2 56 103
2 56 105
2 56 110
2 56 112
2 57 9
2 57 17
2 57 46
2 57 51
2 57 62
2 57 66
2 57 70
2 57 75
2 57 88
2 57 112
2 58 6
2 58 8
2 58 21
2 58 35
2 58 36
2 58 42
2 58 47
2 58 54
2 58 56
2 58 59
2 58 80
2 58 83
2 58 100
2 59 3
2 59 30
2 59 45
2 59 53
2 59 63
2 59 64
2 59 66
2 59 70
2 59 85
2 59 115
2 59 123
2 60 3
2 60 6
2 60 17
2 60 28
2 60 35
2 60 36
2 60 43
2 60 53
2 60 61
2 60 68
2 60 99
2 60 102
2 60 121
2 61 7
2 61 11
2 61 15
2 61 39
2 61 93
2 61 101
2 61 119
2 62 5
2 62 15
2 62 16
2 62 28
2 62 40
2 62 53
2 62 80
2 62 99
2 62 106
2 62 111
2 62 122
2 63 12
2 63 20
2 63 25
2 63 41
2 63 48
2 63 61
2 63 88
2 63 94
2 64 0
2 64 14
2 64 15
2 64 19
2 64 30
2 64 36
2 64 43
2 64 61
2 64 63
2 64 82
2 64 88
2 64 90
2 64 91
2 64 105
2 65 7
2 65 8
2 65 13
2 65 17
2 65 24
2 65 38
2 65 45
2 65 51
2 65 64
2 65 65
2 65 67
2 65 80
2 65 81
2 65 92
2 65 106
2 65 107
2 65 114
2 65 125
2 66 1
2 66 8
2 66 16
2 66 26
2 66 47
2 66 56
2 66 57
2 66 87
2 66 107
2 66 111
2 67 7
2 67 10
2 67 54
2 67 59
2 67 60
2 67 62
2 67 63
2 67 70
2 67 78
2 67 79
2 67 81
2 67 85
2 67 99
2 67 119
2 68 9
2 68 19
2 68 25
2 68 31
2 68 39
2 68 85
2 68 110
2 68 116
2 68 125
2 69 2
2 69 22
2 69 28
2 69 63
2 69 68
2 69 88
2 69 90
2 69 98
2 69 107
2 69 118
2 70 23
2 70 27
2 70 28
2 70 31
2 70 51
2 70 56
2 70 58
2 70 61
2 70 70
2 70 103
2 71 4
2 71 11
2 71 15
2 71 18
2 71 26
2 71 36
2 71 40
2 71 62
2 71 65
2 71 90
2 71 95
2 71 103
2 72 7
2 72 9
2 72 11
2 72 12
2 72 34
2 72 35
2 72 38
2 72 59
2 72 60
2 72 64
2 72 67
2 72 91
2 72 106
2 72 120
2 72 124
2 73 12
2 73 25
2 73 26
2 73 27
2 73 37
2 73 41
2 73 47
2 73 48
2 73 51
2 73 85
2 73 87
2 73 92
2 73 98
2 73 100
2 73 107
2 73 111
2 73 125
2 74 5
2 74 27
2 74 36
2 74 42
2 74 54
2 74 55
2 74 64
2 74 72
2 74 107
2 74 111
2 74 114
2 75 7
2 75 39
2 75 75
2 75 90
2 75 108
2 75 113
2 75 121
2 75 123
2 75 125
2 76 8
2 76 19
2 76 43
2 76 51
2 76 66
2 76 73
2 76 86
2 76 89
2 76 97
2 76 111
2 76 122
2 77 7
2 77 11
2 77 15
2 77 32
2 77 53
2 77 60
2 77 64
2 77 68
2 77 80
2 77 82
2 77 98
2 77 108
2 77 115
2 77 126
2 78 12
2 78 32
2 78 37
2 78 41
2 78 61
2 78 95
2 78 99
2 78 102
2 78 117
2 78 119
2 79 20
2 79 25
2 79 67
2 79 70
2 79 90
2 79 113
2 79 114
2 79 118
2 79 122
2 80 7
2 80 26
2 80 55
2 80 60
2 80 72
2 80 80
2 80 84
2 80 87
2 80 88
2 80 110
2 81 72
2 82 0
2 82 4
2 82 25
2 82 39
2 82 59
2 82 73
2 82 92
2 82 108
2 82 118
2 83 16
2 83 23
2 83 39
2 83 52
2 83 58
2 83 71
2 83 84
2 83 103
2 83 119
2 84 21
2 84 35
2 84 36
2 84 38
2 84 46
2 84 53
2 84 64
2 84 74
2 84 99
2 84 104
2 84 111
2 84 113
2 84 115
2 85 13
2 85 38
2 85 61
2 85 64
2 85 67
2 85 79
2 85 93
2 85 94
2 85 100
2 85 111
2 85 123
2 85 125
2 86 1
2 86 11
2 86 30
2 86 32
2 86 50
2 86 62
2 86 63
2 86 71
2 86 87
2 86 90
2 86 114
2 86 117
2 87 13
2 87 15
2 87 27
2 87 30
2 87 40
2 87 41
2 87 73
2 87 77
2 87 96
2 87 122
2 88 18
2 88 34
2 88 39
2 88 63
2 88 65
2 88 72
2 88 86
2 88 125
2 89 3
2 89 32
2 89 40
2 89 45
2 89 70
2 89 72
2 89 77
2 89 83
2 89 87
2 89 88
2 89 89
2 89 93
2 89 103
2 89 107
2 89 114
2 89 121
2 89 125
2 90 2
2 90 12
2 90 45
2 90 52
2 90 59
2 90 63
2 90 76
2 90 78
2 90 82
2 90 92
2 91 4
2 91 9
2 91 20
2 91 50
2 91 54
2 91 63
2 91 72
2 91 85
2 91 100
2 91 103
2 91 108
2 91 125
2 92 0
2 92 46
2 92 70
2 92 81
2 92 91
2 92 94
2 92 107
2 93 11
2 93 16
2 93 17
2 93 45
2 93 53
2 93 73
2 93 76
2 93 78
2 93 92
2 94 8
2 94 11
2 94 19
2 94 48
2 94 62
2 94 65
2 94 66
2 94 73
2 94 82
2 94 93
2 94 110
2 94 116
2 95 4
2 95 25
2 95 36
2 95 51
2 95 57
2 95 64
2 95 97
2 95 100
2 96 13
2 96 26
2 96 27
2 96 34
2 96 55
2 96 61
2 96 81
2 96 98
2 96 102
2 96 112
2 96 115
2 96 125
2 97 5
2 97 23
2 97 32
2 97 33
2 97 41
2 97 109
2 97 126
2 98 1
2 98 2
2 98 5
2 98 7
2 98 14
2 98 25
2 98 31
2 98 68
2 98 71
2 98 84
2 98 94
2 98 105
2 98 111
2 98 113
2 98 116
2 98 117
2 98 125
2 99 24
2 99 26
2 99 38
2 99 43
2 99 46
2 99 53
2 99 62
2 99 96
2 99 108
2 99 114
2 99 117
2 100 6
2 100 7
2 100 8
2 100 13
2 100 23
2 100 37
2 100 38
2 100 48
2 100 50
2 100 56
2 100 65
2 100 88
2 100 100
2 100 102
2 100 104
2 100 105
2 100 125
2 101 1
2 101 19
2 101 24
2 101 59
2 101 61
2 101 65
2 101 73
2 101 75
2 101 100
2 101 106
2 101 112
2 101 118
2 102 3
2 102 9
2 102 12
2 102 49
2 102 54
2 102 60
2 102 66
2 102 68
2 102 105
2 102 110
2 102 113
2 103 8
2 103 10
2 103 20
2 103 23
2 103 27
2 103 29
2 103 30
2 103 32
2 103 34
2 103 48
2 103 53
2 103 66
2 103 87
2 103 96
2 103 97
2 103 107
2 103 108
2 103 111
2 103 119
2 103 121
2 103 122
2 104 3
2 104 47
2 104 56
2 104 70
2 104 88
2 104 93
2 104 99
2 104 106
2 104 109
2 104 114
2 104 120
2 105 15
2 105 29
2 105 33
2 105 50
2 105 54
2 105 61
2 105 65
2 105 79
2 105 82
2 105 87
2 105 88
2 105 90
2 105 93
2 105 97
2 105 102
2 105 110
2 105 117
2 105 118
2 105 125
2 106 8
2 106 14
2 106 20
2 106 34
2 106 48
2 106 55
2 106 74
2 106 75
2 106 76
2 106 90
2 106 97
2 106 113
2 107 0
2 107 3
2 107 10
2 107 41
2 107 49
2 107 63
2 107 67
2 107 73
2 107 84
2 107 86
2 107 96
2 107 113
2 108 2
2 108 41
2 108 43
2 108 48
2 108 49
2 108 55
2 108 62
2 108 66
2 108 67
2 108 96
2 108 102
2 108 109
2 108 118
2 108 124
2 108 125
2 109 24
2 109 39
2 109 40
2 109 65
2 109 67
2 109 78
2 109 84
2 109 86
2 109 93
2 109 96
2 109 99
2 109 114
2 109 118
2 110 13
2 110 18
2 110 52
2 110 59
2 110 60
2 110 67
2 110 70
2 110 80
2 110 100
2 110 103
2 110 110
2 110 116
2 111 12
2 111 17
2 111 40
2 111 59
2 111 65
2 111 73
2 111 93
2 112 6
2 112 39
2 112 43
2 112 51
2 112 82
2 112 86
2 112 95
2 112 101
2 113 44
2 113 55
2 113 57
2 113 87
2 113 99
2 113 105
2 113 115
2 113 120
2 114 0
2 114 1
2 114 20
2 114 41
2 114 46
2 114 55
2 114 74
2 114 80
2 114 82
2 114 86
2 114 107
2 114 120
2 114 126
2 115 9
2 115 17
2 115 26
2 115 41
2 115 47
2 115 60
2 115 80
2 115 81
2 115 83
2 115 88
2 115 104
2 115 105
2 115 118
2 116 9
2 116 58
2 116 67
2 116 81
2 116 82
2 116 88
2 116 97
2 116 113
2 116 117
2 116 118
2 117 6
2 117 14
2 117 17
2 117 19
2 117 34
2 117 39
2 117 56
2 117 58
2 117 75
2 117 91
2 117 111
2 118 7
2 118 15
2 118 25
2 118 32
2 118 35
2 118 39
2 118 41
2 118 45
2 118 65
2 118 71
2 118 88
2 118 97
2 118 98
2 118 113
2 118 120
2 119 12
2 119 25
2 119 53
2 119 93
2 119 102
2 119 103
2 120 75
2 120 86
2 120 87
2 120 89
2 120 101
2 120 119
2 121 10
2 121 52
2 121 65
2 121 76
2 121 94
2 121 107
2 122 1
2 122 2
2 122 4
2 122 6
2 122 12
2 122 16
2 122 24
2 122 27
2 122 41
2 122 43
2 122 45
2 122 48
2 122 60
2 122 66
2 122 74
2 122 82
2 122 86
2 122 100
2 122 122
2 122 125
2 123 4
2 123 10
2 123 21
2 123 29
2 123 39
2 123 45
2 123 63
2 123 70
2 123 85
2 123 111
2 123 120
2 124 1
2 124 2
2 124 18
2 124 31
2 124 39
2 124 52
2 124 79
2 124 80
2 124 81
2 124 87
2 124 104
2 124 108
2 125 9
2 125 10
2 125 13
2 125 16
2 125 63
2 125 76
2 125 94
2 125 111
2 125 119
3 0 1
3 0 2
3 0 12
3 0 13
3 0 30
3 0 47
3 0 50
3 0 57
3 0 64
3 0 72
3 0 74
3 0 78
3 1 16
3 1 24
3 1 26
3 1 29
3 1 41
3 1 51
3 1 53
3 1 60
3 1 67
3 2 1
3 2 27
3 2 29
3 2 40
3 2 57
3 2 87
3 3 21
3 3 37
3 3 39
3 3 45
3 3 51
3 3 69
3 3 100
3 3 107
3 4 18
3 4 20
3 4 30
3 4 31
3 4 40
3 4 54
3 4 81
3 4 100
3 4 101
3 4 107
3 5 0
3 5 4
3 5 18
3 5 46
3 5 48
3 5 51
3 5 58
3 5 63
3 5 67
3 5 71
3 5 82
3 5 103
3 6 40
3 6 55
3 6 60
3 6 68
3 6 77
3 7 5
3 7 15
3 7 21
3 7 22
3 7 31
3 7 40
3 7 71
3 7 72
3 7 88
3 7 99
3 8 0
3 8 4
3 8 15
3 8 18
3 8 24
3 8 47
3 8 72
3 8 91
3 8 96
3 8 102
3 9 1
3 9 12
3 9 38
3 9 43
3 9 59
3 9 74
3 9 85
3 9 91
3 10 45
3 10 47
3 10 62
3 10 66
3 10 76
3 10 88
3 11 21
3 11 34
3 11 37
3 11 59
3 11 76
3 11 78
3 11 106
3 12 8
3 12 19
3 12 25
3 12 34
3 12 35
3 12 46
3 12 49
3 12 51
3 12 52
3 12 54
3 12 62
3 12 76
3 12 85
3 12 90
3 12 91
3 12 101
3 12 102
3 13 3
3 13 4
3 13 9
3 13 11
3 13 13
3 13 18
3 13 22
3 13 23
3 13 31
3 13 37
3 13 53
3 13 55
3 13 60
3 13 63
3 13 69
3 13 71
3 13 73
3 14 17
3 14 23
3 14 34
3 14 40
3 14 53
3 14 54
3 14 77
3 14 88
3 14 97
3 14 98
3 14 99
3 14 101
3 15 11
3 15 26
3 15 68
3 15 72
3 15 73
3 15 75
3 15 81
3 15 100
3 15 103
3 16 0
3 16 3
3 16 5
3 16 21
3 16 30
3 16 41
3 16 50
3 16 69
3 16 76
3 16 87
3 16 92
3 16 100
3 17 8
3 17 13
3 17 19
3 17 21
3 17 36
3 17 39
3 17 47
3 17 56
3 17 57
3 17 62
3 17 75
3 17 93
3 17 105
3 18 12
3 18 17
3 18 25
3 18 28
3 18 42
3 18 73
3 18 88
3 19 13
3 19 32
3 19 56
3 19 62
3 19 92
3 19 97
3 19 104
3 19 106
3 20 1
3 20 9
3 20 14
3 20 25
3 20 29
3 20 50
3 20 52
3 20 72
3 20 75
3 20 93
3 20 98
3 20 99
3 20 108
3 21 25
3 21 33
3 21 53
3 21 67
3 21 68
3 21 95
3 21 98
3 21 102
3 22 7
3 22 30
3 22 34
3 22 41
3 22 48
3 22 49
3 22 53
3 22 63
3 22 100
3 22 104
3 22 107
3 22 108
3 23 2
3 23 12
3 23 36
3 23 62
3 23 73
3 23 81
3 23 90
3 23 96
3 23 104
3 23 108
3 24 3
3 24 21
3 24 33
3 24 40
3 24 50
3 24 59
3 24 70
3 24 94
3 24 100
3 25 5
3 25 9
3 25 15
3 25 23
3 25 28
3 25 30
3 25 31
3 25 48
3 25 64
3 25 70
3 25 78
3 25 80
3 26 10
3 26 12
3 26 60
3 26 73
3 26 76
3 26 89
3 27 70
3 27 84
3 27 88
3 27 102
3 27 106
3 28 6
3 28 46
3 28 50
3 28 63
3 28 68
3 28 73
3 28 75
3 28 96
3 28 100
3 28 103
3 29 16
3 29 23
3 29 31
3 29 41
3 29 45
3 29 64
3 29 65
3 29 82
3 29 84
3 29 106
3 30 3
3 30 7
3 30 23
3 30 43
3 30 81
3 30 82
3 30 88
3 30 98
3 30 102
3 30 103
3 31 11
3 31 29
3 31 57
3 31 60
3 31 67
3 31 71
3 31 75
3 31 81
3 31 84
3 31 85
3 31 94
3 31 98
3 31 107
3 32 5
3 32 11
3 32 15
3 32 16
3 32 22
3 32 49
3 32 59
3 32 62
3 32 69
3 32 79
3 32 99
3 33 7
3 33 12
3 33 25
3 33 36
3 33 60
3 33 62
3 33 67
3 33 76
3 33 83
3 33 88
3 34 23
3 34 27
3 34 28
3 34 45
3 34 46
3 34 62
3 34 69
3 34 88
3 35 59
3 35 63
3 35 74
3 35 86
3 35 91
3 35 103
3 35 105
3 36 22
3 36 28
3 36 29
3 36 30
3 36 46
3 36 65
3 36 67
3 36 73
3 36 76
3 36 80
3 36 93
3 36 101
3 36 107
3 37 6
3 37 16
3 37 17
3 37 27
3 37 33
3 37 37
3 37 57
3 37 71
3 37 85
3 37 86
3 37 102
3 37 105
3 38 0
3 38 15
3 38 25
3 38 41
3 38 54
3 38 57
3 38 70
3 38 77
3 38 84
3 38 88
3 38 96
3 39 4
3 39 14
3 39 16
3 39 19
3 39 32
3 39 34
3 39 57
3 39 60
3 39 82
3 39 95
3 39 105
3 40 0
3 40 16
3 40 25
3 40 33
3 40 41
3 40 42
3 40 71
3 40 72
3 40 77
3 40 105
3 41 1
3 41 20
3 41 25
3 41 31
3 41 40
3 41 74
3 41 79
3 42 3
3 42 33
3 42 40
3 42 48
3 42 92
3 42 94
3 43 6
3 43 34
3 43 41
3 43 42
3 43 44
3 43 65
3 43 83
3 43 94
3 43 101
3 43 103
3 44 3
3 44 11
3 44 18
3 44 39
3 44 51
3 44 57
3 44 63
3 44 85
3 44 98
3 44 102
3 44 106
3 45 5
3 45 29
3 45 30
3 45 31
3 45 46
3 45 52
3 45 53
3 45 69
3 45 91
3 45 92
3 46 13
3 46 16
3 46 46
3 46 55
3 46 58
3 46 64
3 46 66
3 46 76
3 46 85
3 46 98
3 46 101
3 47 0
3 47 5
3 47 36
3 47 37
3 47 39
3 47 42
3 47 51
3 47 62
3 47 84
3 47 87
3 47 97
3 48 6
3 48 7
3 48 13
3 48 20
3 48 42
3 48 50
3 48 54
3 48 56
3 48 57
3 48 68
3 48 88
3 49 1
3 49 2
3 49 15
3 49 33
3 49 37
3 49 71
3 49 83
3 49 108
3 50 4
3 50 14
3 50 41
3 50 62
3 50 67
3 50 70
3 50 71
3 50 75
3 50 79
3 50 85
3 50 104
3 51 33
3 51 37
3 51 60
3 51 81
3 51 99
3 52 17
3 52 43
3 52 45
3 52 55
3 52 65
3 52 76
3 52 84
3 52 90
3 52 93
3 53 49
3 53 56
3 53 76
3 53 79
3 53 85
3 53 93
3 53 106
3 54 23
3 54 32
3 54 44
3 54 77
3 54 94
3 55 33
3 55 40
3 55 51
3 55 91
3 55 97
3 56 25
3 56 44
3 56 100
3 56 105
3 57 5
3 57 31
3 57 38
3 57 60
3 57 67
3 57 72
3 57 74
3 57 86
3 57 95
3 57 101
3 58 35
3 58 39
3 58 49
3 58 70
3 58 79
3 58 86
3 58 106
3 58 108
3 59 9
3 59 21
3 59 23
3 59 29
3 59 39
3 59 44
3 59 56
3 59 91
3 59 97
3 59 98
3 59 106
3 60 6
3 60 11
3 60 24
3 60 48
3 60 59
3 60 67
3 60 76
3 60 77
3 60 89
3 60 98
3 60 102
3 61 1
3 61 9
3 61 12
3 61 20
3 61 65
3 61 66
3 61 67
3 61 94
3 62 11
3 62 14
3 62 28
3 62 34
3 62 46
3 62 77
3 62 88
3 62 93
3 62 107
3 62 108
3 63 0
3 63 2
3 63 4
3 63 13
3 63 15
3 63 19
3 63 27
3 63 36
3 63 42
3 63 44
3 63 49
3 63 56
3 63 61
3 64 2
3 64 5
3 64 27
3 64 48
3 64 63
3 64 89
3 64 90
3 64 93
3 65 8
3 65 9
3 65 13
3 65 25
3 65 71
3 65 73
3 65 80
3 65 84
3 65 103
3 66 5
3 66 16
3 66 21
3 66 31
3 66 32
3 66 36
3 66 86
3 67 6
3 67 30
3 67 48
3 67 50
3 67 54
3 67 55
3 67 61
3 67 62
3 67 68
3 67 77
3 67 85
3 67 93
3 67 98
3 68 3
3 68 4
3 68 31
3 68 39
3 68 48
3 68 53
3 68 55
3 68 59
3 68 67
3 68 75
3 68 84
3 68 93
3 68 108
3 69 0
3 69 17
3 69 29
3 69 31
3 69 33
3 69 36
3 69 76
3 69 99
3 70 10
3 70 60
3 70 80
3 70 89
3 70 99
3 70 104
3 71 8
3 71 36
3 71 38
3 71 66
3 71 67
3 71 72
3 71 75
3 71 76
3 71 78
3 71 80
3 71 85
3 71 100
3 72 0
3 72 1
3 72 18
3 72 19
3 72 37
3 72 39
3 72 59
3 72 60
3 72 65
3 72 70
3 72 72
3 72 93
3 73 2
3 73 14
3 73 15
3 73 19
3 73 39
3 73 64
3 73 69
3 73 75
3 73 81
3 74 7
3 74 24
3 74 25
3 74 32
3 74 38
3 74 43
3 74 45
3 74 54
3 74 70
3 74 79
3 74 81
3 74 93
3 74 94
3 74 95
3 74 106
3 75 13
3 75 34
3 75 40
3 75 46
3 75 51
3 75 52
3 75 63
3 76 1
3 76 9
3 76 37
3 76 50
3 76 53
3 76 64
3 76 72
3 76 76
3 76 83
3 76 85
3 76 86
3 76 106
3 77 11
3 77 12
3 77 14
3 77 15
3 77 18
3 77 25
3 77 36
3 77 39
3 77 44
3 77 48
3 77 73
3 77 77
3 77 87
3 77 108
3 78 15
3 78 17
3 78 25
3 78 41
3 78 42
3 78 78
3 78 85
3 78 101
3 79 2
3 79 7
3 79 13
3 79 21
3 79 31
3 79 47
3 79 48
3 79 49
3 79 61
3 79 62
3 79 66
3 79 78
3 79 80
3 79 86
3 79 93
3 79 103
3 80 13
3 80 18
3 80 37
3 80 44
3 80 56
3 80 60
3 80 66
3 80 80
3 80 93
3 80 107
3 81 1
3 81 9
3 81 22
3 81 23
3 81 24
3 81 53
3 81 58
3 81 59
3 81 83
3 81 85
3 81 103
3 82 3
3 82 13
3 82 40
3 82 46
3 82 70
3 82 104
3 82 105
3 83 4
3 83 20
3 83 29
3 83 34
3 83 42
3 83 67
3 83 76
3 83 77
3 84 3
3 84 16
3 84 24
3 84 36
3 84 40
3 84 46
3 84 59
3 84 68
3 84 81
3 84 82
3 84 93
3 85 32
3 85 40
3 85 53
3 85 54
3 85 55
3 85 63
3 85 69
3 85 73
3 85 92
3 85 96
3 85 103
3 86 3
3 86 22
3 86 33
3 86 74
3 86 76
3 86 105
3 87 0
3 87 52
3 87 57
3 87 67
3 87 81
3 87 86
3 87 91
3 88 14
3 88 18
3 88 32
3 88 38
3 88 50
3 88 62
3 88 66
3 88 84
3 88 91
3 88 92
3 89 16
3 89 30
3 89 31
3 89 45
3 89 50
3 89 52
3 89 73
3 89 89
3 89 103
3 90 10
3 90 19
3 90 30
3 90 49
3 91 7
3 91 15
3 91 35
3 91 46
3 91 48
3 91 54
3 91 59
3 91 64
3 91 69
3 91 72
3 91 73
3 91 76
3 91 80
3 92 2
3 92 10
3 92 20
3 92 22
3 92 27
3 92 39
3 92 47
3 92 53
3 92 54
3 92 70
3 92 101
3 92 103
3 92 107
3 93 6
3 93 13
3 93 44
3 93 54
3 93 75
3 93 85
3 93 87
3 93 89
3 94 29
3 94 43
3 94 60
3 94 98
3 94 100
3 94 103
3 95 4
3 95 10
3 95 11
3 95 15
3 95 18
3 95 21
3 95 33
3 95 43
3 95 45
3 95 47
3 95 59
3 95 67
3 95 68
3 95 83
3 95 94
3 95 97
3 95 98
3 96 4
3 96 8
3 96 9
3 96 37
3 96 52
3 96 56
3 96 62
3 96 73
3 96 75
3 96 81
3 96 93
3 97 4
3 97 7
3 97 24
3 97 53
3 97 65
3 97 66
3 97 75
3 97 79
3 97 92
3 97 95
3 97 106
3 98 30
3 98 38
3 98 40
3 98 44
3 98 50
3 98 53
3 98 76
3 98 102
3 99 6
3 99 11
3 99 22
3 99 52
3 99 80
3 99 86
3 100 12
3 100 31
3 100 55
3 100 69
3 100 73
3 100 76
3 100 80
3 100 85
3 100 93
3 100 98
3 101 4
3 101 5
3 101 8
3 101 9
3 101 13
3 101 16
3 101 17
3 101 20
3 101 33
3 101 63
3 101 66
3 101 70
3 101 79
3 101 85
3 101 90
3 101 98
3 101 108
3 102 33
3 102 36
3 102 38
3 102 42
3 102 70
3 102 83
3 102 96
3 102 99
3 102 103
3 102 106
3 103 2
3 103 16
3 103 18
3 103 29
3 103 30
3 103 33
3 103 35
3 103 42
3 103 43
3 103 44
3 103 49
3 103 59
3 103 62
3 103 64
3 103 80
3 103 91
3 103 101
3 103 105
3 104 13
3 104 28
3 104 74
3 104 80
3 105 1
3 105 9
3 105 28
3 105 29
3 105 56
3 105 64
3 105 70
3 105 71
3 106 20
3 106 58
3 106 61
3 106 64
3 106 75
3 106 80
3 106 85
3 106 92
3 106 108
3 107 49
3 107 94
3 108 1
3 108 26
3 108 45
3 108 57
3 108 84
3 108 88
3 108 93
3 108 97
3 109 9
3 109 18
3 109 25
3 109 28
3 109 32
3 109 38
3 109 42
3 109 48
3 109 50
3 109 74
3 109 82
3 109 92
3 109 94
3 110 2
3 110 5
3 110 11
3 110 17
3 110 22
3 110 77
3 110 101
3 111 4
3 111 11
3 111 19
3 111 22
3 111 23
3 111 26
3 111 36
3 111 59
3 111 62
3 111 65
3 111 82
3 111 105
3 112 4
3 112 16
3 112 22
3 112 26
3 112 40
3 112 60
3 112 65
3 112 67
3 112 88
3 112 91
3 113 3
3 113 52
3 113 54
3 113 64
3 113 65
3 113 67
3 113 70
3 113 81
3 113 82
3 113 84
3 113 90
3 113 101
3 114 1
3 114 6
3 114 17
3 114 24
3 114 28
3 114 55
3 114 77
3 114 80
3 114 97
3 114 100
3 114 107
3 115 9
3 115 10
3 115 11
3 115 14
3 115 19
3 115 47
3 115 70
3 115 90
3 115 105
3 115 107
3 116 25
3 116 27
3 116 30
3 116 40
3 116 44
3 116 63
3 116 67
3 116 77
3 116 81
3 116 86
3 116 95
3 116 101
3 116 103
3 116 105
3 116 107
3 117 4
3 117 39
3 117 46
3 117 47
3 117 85
3 118 29
3 118 32
3 118 33
3 118 36
3 118 45
3 118 53
3 118 60
3 118 62
3 118 71
3 118 103
3 119 1
3 119 8
3 119 22
3 119 35
3 119 52
3 119 63
3 119 66
3 119 94
3 119 97
3 119 103
3 119 106
3 120 14
3 120 38
3 120 46
3 120 50
3 120 76
3 120 78
3 120 86
3 120 91
3 120 98
3 121 8
3 121 44
3 121 50
3 121 55
3 121 60
3 121 76
3 121 80
3 121 82
3 121 94
3 122 11
3 122 18
3 122 22
3 122 25
3 122 26
3 122 27
3 122 37
3 122 48
3 122 74
3 123 15
3 123 17
3 123 28
3 123 36
3 123 42
3 123 47
3 123 65
3 123 99
3 124 0
3 124 15
3 124 17
3 124 51
3 124 63
3 124 72
3 124 76
3 124 80
3 124 87
3 124 91
3 124 101
3 124 104
3 125 0
3 125 7
3 125 15
3 125 40
3 125 45
3 125 49
3 125 50
3 125 52
3 125 58
3 125 66
3 125 75
3 125 76
3 125 78
3 125 107
3 126 2
3 126 3
3 126 7
3 126 13
3 126 22
3 126 28
3 126 37
3 126 49
3 126 65
3 126 88
3 126 107