705
5
112 156 103 122 107
4379

886 804 0 0 0 948 311 531 0 0 0 428 451 0 0 0 278 918 0 0 98 547 0 839 98 0 855 0 0 0 72 97 0 87 0 73 0 0 0 45 0 0 67 13 0 0 96 0 2 0 0 16 0 29 7 0 0 0 0 7 0 18 0 0 89 0 0 13 0 30 72 45 75 0 65 0 0 0 47 0 85 0 0 0 70 38 87 0 31 0 0 0 0 29 0 49 48 0 0 40 4 0 0 0 0 83 0 4 0 0 0 80
494 436 86 0 0 0 222 591 432 0 228 0 0 0 0 726 0 0 354 0 0 0 0 413 668 0 282 907 182 0 0 986 329 0 517 845 0 256 0 667 0 0 0 84 71 60 25 0 37 92 0 0 0 27 57 0 0 0 20 0 17 0 47 49 0 4 57 38 0 0 64 31 0 0 0 0 38 0 23 0 0 0 88 67 8 17 32 0 0 0 50 0 13 34 0 67 94 14 69 87 11 9 0 41 34 0 0 52 12 0 0 0 29 0 0 0 59 9 23 44 78 0 21 25 0 49 0 98 0 69 0 0 0 43 0 0 75 0 91 0 0 18 0 64 0 0 0 29 22 0 1 86 0 0 0 0
385 589 0 0 0 0 0 0 0 638 811 482 0 835 162 353 0 0 302 393 769 0 0 0 0 0 0 14 7 0 0 87 0 94 77 63 85 0 0 25 0 35 64 0 0 0 0 0 0 0 69 0 60 0 0 0 0 0 51 27 78 0 81 30 0 86 3 0 0 0 0 28 0 83 15 7 91 0 51 0 42 91 0 57 47 0 0 0 42 60 0 45 0 0 0 94 0 15 0 0 0 0 0
0 211 0 637 649 345 678 0 0 376 147 0 582 102 0 0 0 0 0 0 612 0 0 259 116 711 144 550 0 704 712 15 1 13 99 0 50 10 2 0 0 66 0 16 100 70 87 0 100 0 85 36 0 0 0 2 24 0 0 0 91 0 0 0 0 95 37 48 0 55 38 47 85 0 0 65 91 91 0 64 0 66 0 0 0 65 0 10 96 87 0 63 0 59 0 0 3 0 9 31 0 96 0 0 6 0 38 0 0 9 38 0 0 83 50 52 64 0 12 0 42 0
280 391 0 585 0 240 964 0 243 0 346 0 711 242 227 765 404 0 547 793 334 483 945 565 667 0 998 0 11 18 0 0 0 0 13 0 0 2 36 0 5 17 85 0 0 91 0 0 31 0 0 22 0 17 1 90 90 3 13 37 0 23 0 57 0 0 33 0 28 0 38 44 16 89 61 33 0 8 0 0 0 0 0 0 85 0 47 28 2 55 50 0 89 36 27 61 69 5 0 0 15 0 7 0 0 0 0

0 0 5
0 0 10
0 0 22
0 0 40
0 0 45
0 0 49
0 0 54
0 0 68
0 0 84
0 0 104
0 0 116
0 0 148
0 0 155
0 1 4
0 1 5
0 1 24
0 1 27
0 1 36
0 1 49
0 1 67
0 1 70
0 1 73
0 1 80
0 1 110
0 1 116
0 1 121
0 1 138
0 1 145
0 2 0
0 2 1
0 2 10
0 2 18
0 2 25
0 2 41
0 2 47
0 2 74
0 2 80
0 2 97
0 2 108
0 2 109
0 2 126
0 2 140
0 2 154
0 3 10
0 3 13
0 3 17
0 3 34
0 3 49
0 3 60
0 3 110
0 3 114
0 3 117
0 3 127
0 3 146
0 4 15
0 4 17
0 4 36
0 4 39
0 4 102
0 4 148
0 4 154
0 4 155
0 5 28
0 5 35
0 5 38
0 5 51
0 5 58
0 5 61
0 5 72
0 5 77
0 5 92
0 5 107
0 5 127
0 5 129
0 5 135
0 5 148
0 6 13
0 6 25
0 6 41
0 6 49
0 6 52
0 6 74
0 6 82
0 6 84
0 6 95
0 6 136
0 6 137
0 6 141
0 7 0
0 7 12
0 7 42
0 7 53
0 7 80
0 7 127
0 7 141
0 8 4
0 8 40
0 8 49
0 8 60
0 8 68
0 8 104
0 8 107
0 8 143
0 8 152
0 9 16
0 9 31
0 9 34
0 9 45
0 9 61
0 9 71
0 9 84
0 9 104
0 9 107
0 9 120
0 9 127
0 9 131
0 9 137
0 9 148
0 10 3
0 10 30
0 10 40
0 10 60
0 10 100
0 10 106
0 10 126
0 10 149
0 11 16
0 11 28
0 11 35
0 11 47
0 11 87
0 11 94
0 11 105
0 11 110
0 11 111
0 11 113
0 11 115
0 11 147
0 11 150
0 12 2
0 12 7
0 12 26
0 12 34
0 12 68
0 12 73
0 12 84
0 12 88
0 12 99
0 12 120
0 12 122
0 12 124
0 12 126
0 12 134
0 12 140
0 13 4
0 13 11
0 13 16
0 13 17
0 13 21
0 13 28
0 13 29
0 13 31
0 13 45
0 13 46
0 13 59
0 13 73
0 13 75
0 13 115
0 13 119
0 13 121
0 13 129
0 13 141
0 13 150
0 13 152
0 14 9
0 14 17
0 14 20
0 14 27
0 14 34
0 14 39
0 14 48
0 14 54
0 14 64
0 14 88
0 14 94
0 14 139
0 14 155
0 15 13
0 15 16
0 15 21
0 15 40
0 15 42
0 15 44
0 15 45
0 15 49
0 15 52
0 15 63
0 15 87
0 15 88
0 15 103
0 15 107
0 15 109
0 15 112
0 15 140
0 15 150
0 15 154
0 16 5
0 16 11
0 16 29
0 16 34
0 16 45
0 16 47
0 16 71
0 16 91
0 16 94
0 16 102
0 16 117
0 16 127
0 17 13
0 17 15
0 17 28
0 17 41
0 17 43
0 17 55
0 17 83
0 17 87
0 17 91
0 17 92
0 17 95
0 17 96
0 17 97
0 17 130
0 18 29
0 18 35
0 18 51
0 18 75
0 18 131
0 18 133
0 19 0
0 19 8
0 19 50
0 19 67
0 19 79
0 19 82
0 19 132
0 19 137
0 19 146
0 20 16
0 20 25
0 20 35
0 20 62
0 20 63
0 20 80
0 20 112
0 20 137
0 20 142
0 21 0
0 21 2
0 21 7
0 21 15
0 21 18
0 21 26
0 21 40
0 21 68
0 21 70
0 21 71
0 21 74
0 21 81
0 21 82
0 21 98
0 21 99
0 21 102
0 21 106
0 21 112
0 22 7
0 22 12
0 22 26
0 22 29
0 22 32
0 22 34
0 22 48
0 22 49
0 22 61
0 22 63
0 22 75
0 22 93
0 22 95
0 23 8
0 23 34
0 23 58
0 23 75
0 23 77
0 23 99
0 23 107
0 23 110
0 23 114
0 23 128
0 23 129
0 23 152
0 24 12
0 24 16
0 24 17
0 24 27
0 24 39
0 24 43
0 24 92
0 24 114
0 24 124
0 24 152
0 25 6
0 25 8
0 25 9
0 25 13
0 25 15
0 25 30
0 25 35
0 25 70
0 25 88
0 25 89
0 25 98
0 25 102
0 25 124
0 25 125
0 25 138
0 26 15
0 26 33
0 26 46
0 26 69
0 26 78
0 26 84
0 26 102
0 26 107
0 26 128
0 26 142
0 26 147
0 27 5
0 27 18
0 27 38
0 27 50
0 27 51
0 27 52
0 27 69
0 27 78
0 27 81
0 27 85
0 27 94
0 27 118
0 27 131
0 27 132
0 27 140
0 27 150
0 27 151
0 28 12
0 28 13
0 28 17
0 28 23
0 28 27
0 28 47
0 28 52
0 28 73
0 28 88
0 28 92
0 28 105
0 28 106
0 28 112
0 28 134
0 28 149
0 28 152
0 29 7
0 29 10
0 29 28
0 29 31
0 29 32
0 29 58
0 29 70
0 29 74
0 29 83
0 29 84
0 29 87
0 29 91
0 29 99
0 29 102
0 29 106
0 29 138
0 29 146
0 30 13
0 30 18
0 30 24
0 30 26
0 30 29
0 30 45
0 30 60
0 30 72
0 30 91
0 30 97
0 30 116
0 30 125
0 30 148
0 31 7
0 31 22
0 31 43
0 31 51
0 31 62
0 31 64
0 31 67
0 31 68
0 31 80
0 31 85
0 31 88
0 31 101
0 31 105
0 31 133
0 31 140
0 32 0
0 32 11
0 32 19
0 32 36
0 32 37
0 32 48
0 32 55
0 32 64
0 32 94
0 32 105
0 32 113
0 32 131
0 32 145
0 32 150
0 32 154
0 33 9
0 33 10
0 33 11
0 33 28
0 33 59
0 33 62
0 33 70
0 33 94
0 33 106
0 33 117
0 33 121
0 33 132
0 34 8
0 34 28
0 34 33
0 34 42
0 34 43
0 34 63
0 34 66
0 34 87
0 34 103
0 34 105
0 34 119
0 34 125
0 34 129
0 34 142
0 35 9
0 35 25
0 35 31
0 35 83
0 35 90
0 35 100
0 35 102
0 35 117
0 35 125
0 35 126
0 36 1
0 36 34
0 36 53
0 36 54
0 36 60
0 36 91
0 36 93
0 36 129
0 36 134
0 36 140
0 36 150
0 37 1
0 37 2
0 37 21
0 37 36
0 37 37
0 37 58
0 37 89
0 37 96
0 37 99
0 37 126
0 37 130
0 37 142
0 38 76
0 38 136
0 38 145
0 38 147
0 39 2
0 39 13
0 39 24
0 39 27
0 39 39
0 39 57
0 39 79
0 39 96
0 39 104
0 39 113
0 39 142
0 39 151
0 39 152
0 40 7
0 40 24
0 40 38
0 40 49
0 40 63
0 40 67
0 40 68
0 40 76
0 40 88
0 40 124
0 41 29
0 41 33
0 41 37
0 41 84
0 41 89
0 41 123
0 41 125
0 41 127
0 41 136
0 41 148
0 42 1
0 42 6
0 42 13
0 42 19
0 42 25
0 42 60
0 42 64
0 42 73
0 42 77
0 42 82
0 42 91
0 42 94
0 42 95
0 42 100
0 42 103
0 42 105
0 42 110
0 42 115
0 42 126
0 42 134
0 42 135
0 42 143
0 42 150
0 43 31
0 43 35
0 43 40
0 43 62
0 43 73
0 43 97
0 43 114
0 43 130
0 43 138
0 43 145
0 43 154
0 43 155
0 44 16
0 44 42
0 44 60
0 44 62
0 44 66
0 44 72
0 44 76
0 44 83
0 44 93
0 44 97
0 44 111
0 44 112
0 44 115
0 44 134
0 45 28
0 45 39
0 45 51
0 45 64
0 45 65
0 45 71
0 45 85
0 45 90
0 45 117
0 46 0
0 46 13
0 46 21
0 46 68
0 46 78
0 46 86
0 46 97
0 46 102
0 46 106
0 46 107
0 46 132
0 46 151
0 47 37
0 47 46
0 47 60
0 47 76
0 47 77
0 47 87
0 47 89
0 47 92
0 47 96
0 47 99
0 47 124
0 47 144
0 47 155
0 48 8
0 48 10
0 48 73
0 48 74
0 48 116
0 48 118
0 48 125
0 48 148
0 48 152
0 49 2
0 49 23
0 49 48
0 49 78
0 49 114
0 49 138
0 49 140
0 49 141
0 50 20
0 50 24
0 50 34
0 50 47
0 50 62
0 50 78
0 50 82
0 50 87
0 50 95
0 50 123
0 50 139
0 50 152
0 51 4
0 51 34
0 51 40
0 51 42
0 51 53
0 51 86
0 51 106
0 51 119
0 51 123
0 51 126
0 52 8
0 52 17
0 52 24
0 52 25
0 52 43
0 52 46
0 52 49
0 52 53
0 52 74
0 52 84
0 52 87
0 52 110
0 52 134
0 52 139
0 52 144
0 53 12
0 53 44
0 53 65
0 53 73
0 53 92
0 53 101
0 53 117
0 53 130
0 53 152
0 53 153
0 54 0
0 54 1
0 54 3
0 54 13
0 54 55
0 54 56
0 54 76
0 54 84
0 54 85
0 54 108
0 54 118
0 54 124
0 54 135
0 54 148
0 54 151
0 55 3
0 55 31
0 55 35
0 55 40
0 55 41
0 55 43
0 55 63
0 55 67
0 55 85
0 55 93
0 55 106
0 55 111
0 55 130
0 55 136
0 56 24
0 56 40
0 56 64
0 56 70
0 56 86
0 56 91
0 56 95
0 56 96
0 56 100
0 56 119
0 56 133
0 56 137
0 56 146
0 57 8
0 57 19
0 57 49
0 57 58
0 57 61
0 57 90
0 57 99
0 57 105
0 57 113
0 57 128
0 57 133
0 57 151
0 58 1
0 58 13
0 58 22
0 58 25
0 58 36
0 58 53
0 58 57
0 58 61
0 58 63
0 58 69
0 58 112
0 58 120
0 58 138
0 58 140
0 58 142
0 59 3
0 59 10
0 59 12
0 59 17
0 59 35
0 59 47
0 59 55
0 59 60
0 59 103
0 59 111
0 59 139
0 59 141
0 59 150
0 59 154
0 60 9
0 60 22
0 60 52
0 60 57
0 60 102
0 60 126
0 60 130
0 60 148
0 60 149
0 60 154
0 61 4
0 61 6
0 61 24
0 61 33
0 61 36
0 61 45
0 61 57
0 61 62
0 61 73
0 61 76
0 61 93
0 61 103
0 61 105
0 61 110
0 61 133
0 61 137
0 61 147
0 61 153
0 62 18
0 62 44
0 62 45
0 62 58
0 62 60
0 62 77
0 62 87
0 62 140
0 62 142
0 62 145
0 62 148
0 63 35
0 63 90
0 63 106
0 63 108
0 63 126
0 64 17
0 64 70
0 64 71
0 64 76
0 64 104
0 64 110
0 64 113
0 64 116
0 64 119
0 64 133
0 64 137
0 65 7
0 65 10
0 65 13
0 65 29
0 65 38
0 65 51
0 65 58
0 65 71
0 65 81
0 65 98
0 65 101
0 65 130
0 66 12
0 66 34
0 66 43
0 66 60
0 66 72
0 66 97
0 66 103
0 66 135
0 66 141
0 66 142
0 67 4
0 67 8
0 67 11
0 67 22
0 67 43
0 67 45
0 67 72
0 67 89
0 67 116
0 67 126
0 67 141
0 67 149
0 67 151
0 68 9
0 68 13
0 68 24
0 68 27
0 68 33
0 68 67
0 68 83
0 68 88
0 68 95
0 68 104
0 68 117
0 68 119
0 68 140
0 69 15
0 69 21
0 69 33
0 69 61
0 69 64
0 69 77
0 69 86
0 69 100
0 69 109
0 69 112
0 70 0
0 70 43
0 70 45
0 70 55
0 70 61
0 70 68
0 70 73
0 70 79
0 70 99
0 70 143
0 70 150
0 70 152
0 71 42
0 71 63
0 71 72
0 71 75
0 71 77
0 71 108
0 71 121
0 72 8
0 72 10
0 72 22
0 72 34
0 72 42
0 72 56
0 72 75
0 72 96
0 72 99
0 72 128
0 72 140
0 72 150
0 73 5
0 73 17
0 73 20
0 73 22
0 73 31
0 73 36
0 73 52
0 73 71
0 73 73
0 73 80
0 73 117
0 73 120
0 73 126
0 74 5
0 74 31
0 74 63
0 74 64
0 74 66
0 74 76
0 74 99
0 74 105
0 74 141
0 74 143
0 74 146
0 74 149
0 75 1
0 75 12
0 75 35
0 75 53
0 75 57
0 75 64
0 75 120
0 75 144
0 76 26
0 76 48
0 76 56
0 76 65
0 76 96
0 76 102
0 76 125
0 76 126
0 76 127
0 76 135
0 76 139
0 76 142
0 77 14
0 77 62
0 77 87
0 77 135
0 77 149
0 78 28
0 78 32
0 78 36
0 78 71
0 78 108
0 78 138
0 78 144
0 79 51
0 79 59
0 79 79
0 79 123
0 79 147
0 79 149
0 80 9
0 80 87
0 80 101
0 80 124
0 80 138
0 80 139
0 80 140
0 81 6
0 81 8
0 81 30
0 81 37
0 81 83
0 81 89
0 81 99
0 81 123
0 81 137
0 82 3
0 82 4
0 82 12
0 82 34
0 82 35
0 82 42
0 82 61
0 82 102
0 82 116
0 82 127
0 82 138
0 82 151
0 83 3
0 83 9
0 83 15
0 83 16
0 83 18
0 83 25
0 83 27
0 83 38
0 83 43
0 83 57
0 83 61
0 83 70
0 83 77
0 83 86
0 83 88
0 83 90
0 83 111
0 83 121
0 83 135
0 84 0
0 84 3
0 84 18
0 84 21
0 84 23
0 84 24
0 84 25
0 84 38
0 84 55
0 84 58
0 84 67
0 84 68
0 84 70
0 84 76
0 84 77
0 84 80
0 84 98
0 84 102
0 84 105
0 84 112
0 84 137
0 84 139
0 84 155
0 85 16
0 85 37
0 85 68
0 85 89
0 85 95
0 85 103
0 85 155
0 86 23
0 86 24
0 86 28
0 86 40
0 86 45
0 86 59
0 86 82
0 86 104
0 86 114
0 86 123
0 86 131
0 86 154
0 87 13
0 87 32
0 87 35
0 87 51
0 87 74
0 87 109
0 87 110
0 87 116
0 87 119
0 87 134
0 87 148
0 88 6
0 88 31
0 88 32
0 88 66
0 88 112
0 88 126
0 88 131
0 88 137
0 89 0
0 89 20
0 89 26
0 89 44
0 89 100
0 89 107
0 89 110
0 89 120
0 89 128
0 89 130
0 90 46
0 90 56
0 90 72
0 90 80
0 90 95
0 90 113
0 90 133
0 90 141
0 90 146
0 90 148
0 90 154
0 91 3
0 91 16
0 91 24
0 91 29
0 91 45
0 91 48
0 91 82
0 91 129
0 91 136
0 92 12
0 92 19
0 92 22
0 92 30
0 92 92
0 92 129
0 93 7
0 93 9
0 93 14
0 93 23
0 93 25
0 93 26
0 93 31
0 93 96
0 93 118
0 93 123
0 93 132
0 93 134
0 93 135
0 93 144
0 94 1
0 94 7
0 94 12
0 94 20
0 94 32
0 94 36
0 94 61
0 94 75
0 94 85
0 94 86
0 94 88
0 94 121
0 94 135
0 95 6
0 95 10
0 95 33
0 95 44
0 95 52
0 95 58
0 95 74
0 95 76
0 95 94
0 95 115
0 95 121
0 96 51
0 96 61
0 96 81
0 96 94
0 96 115
0 96 140
0 96 145
0 96 149
0 97 3
0 97 20
0 97 27
0 97 29
0 97 42
0 97 92
0 97 96
0 97 99
0 97 112
0 97 126
0 98 20
0 98 41
0 98 80
0 98 108
0 98 110
0 98 111
0 98 138
0 98 140
0 99 8
0 99 34
0 99 36
0 99 44
0 99 55
0 99 66
0 99 71
0 99 72
0 99 73
0 99 76
0 99 80
0 99 98
0 99 118
0 99 129
0 99 138
0 99 141
0 99 145
0 100 42
0 100 74
0 100 84
0 100 125
0 100 128
0 100 135
0 100 136
0 100 139
0 101 3
0 101 9
0 101 53
0 101 66
0 101 67
0 101 73
0 101 114
0 101 119
0 101 141
0 101 151
0 102 16
0 102 18
0 102 45
0 102 54
0 102 66
0 102 80
0 102 84
0 102 88
0 102 101
0 102 110
0 102 122
0 102 127
0 102 132
0 103 10
0 103 27
0 103 28
0 103 31
0 103 50
0 103 96
0 103 100
0 103 109
0 103 116
0 103 129
0 103 152
0 104 3
0 104 6
0 104 9
0 104 24
0 104 73
0 104 74
0 104 100
0 104 123
0 104 154
0 105 10
0 105 22
0 105 42
0 105 53
0 105 79
0 105 95
0 105 124
0 105 138
0 105 140
0 106 2
0 106 11
0 106 22
0 106 24
0 106 52
0 106 71
0 106 75
0 106 96
0 106 99
0 106 109
0 106 115
0 106 117
0 106 124
0 106 127
0 107 13
0 107 20
0 107 26
0 107 33
0 107 34
0 107 45
0 107 59
0 107 60
0 107 62
0 107 69
0 107 74
0 107 84
0 107 101
0 107 104
0 107 106
0 107 122
0 107 123
0 107 131
0 107 140
0 107 141
0 107 154
0 108 15
0 108 39
0 108 44
0 108 143
0 108 148
0 109 6
0 109 7
0 109 10
0 109 27
0 109 28
0 109 30
0 109 36
0 109 59
0 109 102
0 109 112
0 109 116
0 109 122
0 109 130
0 109 131
0 109 133
0 109 144
0 110 10
0 110 11
0 110 13
0 110 32
0 110 34
0 110 43
0 110 51
0 110 57
0 110 75
0 110 135
0 110 136
0 110 147
0 110 150
0 110 154
0 111 2
0 111 6
0 111 15
0 111 48
0 111 90
0 111 102
0 111 116
0 111 143
0 111 151
0 111 154
1 0 31
1 0 67
1 0 73
1 0 85
1 1 29
1 1 37
1 1 42
1 1 44
1 1 57
1 1 68
1 1 86
1 1 92
1 2 9
1 2 10
1 2 40
1 2 57
1 2 77
1 2 87
1 2 93
1 2 95
1 2 96
1 3 3
1 3 13
1 3 33
1 3 40
1 3 41
1 3 44
1 3 63
1 3 65
1 4 4
1 4 11
1 4 27
1 4 28
1 4 70
1 4 74
1 4 91
1 5 8
1 5 11
1 5 73
1 5 87
1 6 2
1 6 16
1 6 75
1 6 78
1 6 87
1 7 23
1 7 29
1 7 35
1 7 60
1 7 75
1 7 79
1 8 3
1 8 27
1 8 44
1 8 57
1 8 89
1 8 98
1 9 11
1 9 22
1 9 23
1 9 38
1 9 44
1 9 49
1 9 97
1 10 3
1 10 28
1 10 34
1 10 35
1 10 49
1 10 84
1 10 86
1 11 12
1 11 15
1 11 31
1 11 85
1 11 93
1 11 98
1 12 13
1 12 18
1 12 19
1 12 64
1 12 78
1 12 80
1 13 25
1 13 42
1 13 52
1 13 80
1 13 81
1 14 14
1 14 44
1 15 25
1 15 30
1 15 43
1 16 11
1 16 71
1 17 0
1 17 34
1 17 37
1 17 73
1 17 80
1 17 85
1 17 91
1 17 101
1 17 102
1 18 9
1 18 22
1 18 49
1 18 74
1 18 78
1 18 88
1 18 90
1 19 1
1 19 10
1 19 28
1 19 47
1 19 52
1 19 61
1 19 90
1 19 94
1 20 1
1 20 8
1 20 9
1 20 64
1 20 69
1 20 80
1 20 102
1 21 6
1 21 14
1 21 26
1 21 39
1 21 44
1 21 64
1 21 90
1 21 98
1 22 39
1 22 43
1 22 44
1 22 68
1 23 95
1 23 99
1 24 13
1 24 20
1 24 22
1 24 40
1 24 52
1 24 58
1 24 94
1 25 2
1 25 59
1 25 82
1 26 6
1 26 8
1 26 10
1 26 25
1 26 30
1 26 63
1 26 68
1 27 1
1 27 3
1 27 34
1 27 36
1 27 54
1 27 55
1 27 68
1 27 79
1 28 7
1 28 22
1 28 49
1 28 56
1 28 86
1 28 89
1 29 1
1 29 9
1 29 18
1 29 28
1 29 32
1 29 75
1 29 100
1 30 5
1 30 19
1 30 33
1 30 36
1 30 57
1 30 73
1 30 78
1 30 82
1 31 43
1 31 55
1 31 68
1 31 71
1 31 84
1 31 86
1 31 94
1 32 21
1 32 45
1 33 6
1 33 7
1 33 10
1 33 22
1 33 30
1 33 51
1 33 64
1 33 65
1 33 70
1 33 76
1 34 10
1 34 12
1 34 34
1 34 44
1 34 67
1 34 73
1 34 94
1 35 13
1 35 28
1 35 55
1 35 83
1 35 90
1 35 96
1 35 98
1 36 12
1 36 48
1 36 54
1 36 56
1 36 75
1 36 94
1 36 99
1 36 101
1 37 4
1 37 30
1 37 32
1 37 49
1 37 54
1 37 56
1 37 58
1 37 71
1 37 99
1 38 44
1 38 49
1 38 55
1 38 59
1 38 65
1 38 79
1 39 0
1 39 13
1 39 17
1 39 24
1 39 74
1 40 16
1 40 38
1 40 39
1 40 51
1 40 57
1 40 59
1 40 67
1 40 73
1 40 86
1 40 98
1 41 3
1 41 29
1 41 50
1 41 65
1 41 94
1 41 98
1 41 99
1 42 3
1 42 13
1 42 41
1 42 58
1 42 80
1 42 101
1 43 19
1 43 36
1 43 58
1 43 92
1 43 95
1 44 65
1 44 70
1 44 73
1 44 87
1 44 88
1 44 98
1 44 101
1 45 16
1 45 21
1 45 23
1 45 28
1 45 71
1 46 6
1 46 15
1 46 30
1 46 32
1 46 35
1 46 54
1 46 64
1 46 72
1 46 80
1 47 0
1 47 2
1 47 9
1 47 88
1 48 1
1 48 20
1 48 58
1 48 84
1 48 92
1 49 4
1 49 6
1 49 18
1 49 23
1 49 29
1 49 31
1 49 42
1 49 43
1 49 51
1 49 55
1 49 65
1 49 66
1 49 67
1 49 74
1 49 83
1 49 89
1 50 2
1 50 4
1 50 79
1 50 82
1 51 7
1 51 8
1 51 12
1 51 14
1 51 20
1 51 28
1 51 54
1 51 64
1 51 69
1 51 89
1 52 11
1 52 12
1 52 31
1 52 49
1 52 75
1 52 76
1 52 99
1 53 34
1 53 50
1 53 52
1 53 88
1 54 0
1 54 9
1 54 22
1 54 46
1 54 62
1 54 71
1 54 80
1 54 84
1 54 90
1 54 96
1 54 99
1 55 2
1 55 12
1 55 13
1 55 14
1 55 18
1 55 20
1 55 25
1 55 30
1 55 39
1 55 40
1 55 70
1 56 0
1 56 7
1 56 28
1 56 30
1 56 43
1 56 52
1 56 57
1 56 59
1 56 65
1 57 0
1 57 8
1 57 40
1 57 68
1 57 74
1 57 78
1 57 90
1 57 93
1 58 34
1 58 41
1 58 43
1 58 44
1 58 51
1 58 55
1 58 76
1 58 83
1 58 99
1 59 15
1 59 39
1 59 40
1 59 44
1 59 61
1 59 79
1 59 82
1 59 90
1 60 7
1 60 24
1 60 29
1 60 32
1 60 60
1 60 61
1 60 93
1 61 0
1 61 26
1 61 29
1 61 52
1 61 66
1 61 79
1 61 87
1 62 23
1 62 26
1 62 61
1 63 16
1 63 28
1 63 33
1 63 55
1 63 71
1 64 7
1 64 22
1 64 36
1 64 42
1 64 50
1 64 64
1 64 66
1 64 77
1 64 81
1 64 95
1 64 99
1 64 102
1 65 1
1 65 28
1 65 39
1 65 45
1 65 57
1 65 75
1 65 78
1 65 80
1 65 92
1 66 1
1 66 5
1 66 21
1 66 30
1 66 38
1 66 41
1 66 48
1 66 49
1 66 60
1 67 10
1 67 32
1 67 42
1 67 51
1 67 88
1 68 1
1 68 23
1 68 57
1 69 19
1 69 20
1 69 23
1 69 29
1 69 41
1 69 60
1 69 61
1 69 62
1 69 76
1 69 80
1 69 83
1 69 100
1 69 102
1 70 3
1 70 11
1 70 33
1 70 39
1 70 45
1 70 60
1 70 70
1 70 90
1 70 92
1 71 7
1 71 9
1 71 21
1 71 44
1 71 47
1 71 48
1 71 49
1 71 71
1 71 78
1 71 95
1 72 2
1 72 17
1 72 24
1 72 53
1 72 72
1 72 78
1 72 90
1 72 101
1 73 13
1 73 18
1 73 25
1 73 27
1 73 48
1 73 52
1 73 76
1 73 84
1 73 102
1 74 15
1 74 27
1 74 30
1 74 38
1 74 48
1 74 52
1 74 57
1 74 76
1 74 93
1 75 5
1 75 8
1 75 14
1 75 23
1 75 51
1 75 65
1 75 78
1 75 90
1 76 19
1 76 43
1 76 60
1 77 0
1 77 10
1 77 41
1 77 48
1 77 62
1 77 76
1 77 82
1 77 84
1 77 87
1 78 21
1 78 30
1 78 44
1 78 58
1 78 83
1 78 93
1 79 9
1 79 17
1 79 20
1 79 65
1 79 69
1 79 71
1 79 77
1 79 93
1 80 3
1 80 9
1 80 11
1 80 20
1 80 38
1 80 44
1 80 49
1 80 74
1 80 83
1 80 92
1 80 99
1 81 31
1 81 37
1 81 40
1 81 50
1 81 62
1 81 80
1 82 1
1 82 6
1 82 24
1 82 25
1 82 35
1 82 80
1 83 6
1 83 8
1 83 17
1 83 21
1 83 28
1 83 37
1 83 62
1 83 91
1 84 22
1 84 24
1 84 59
1 84 61
1 84 64
1 84 85
1 84 90
1 85 14
1 85 24
1 85 25
1 85 34
1 85 48
1 85 52
1 85 65
1 85 66
1 85 83
1 86 23
1 86 31
1 86 36
1 86 53
1 86 56
1 86 59
1 86 63
1 86 65
1 86 72
1 86 97
1 87 12
1 87 27
1 87 28
1 87 66
1 87 68
1 87 73
1 87 83
1 87 100
1 88 35
1 88 42
1 88 52
1 88 54
1 88 55
1 88 67
1 88 99
1 89 1
1 89 25
1 89 64
1 89 69
1 90 0
1 90 11
1 90 20
1 90 41
1 90 45
1 90 49
1 90 59
1 90 75
1 90 102
1 91 11
1 91 16
1 91 28
1 91 47
1 91 52
1 91 70
1 91 101
1 92 6
1 92 21
1 92 24
1 92 65
1 92 73
1 93 8
1 93 26
1 93 32
1 93 35
1 93 47
1 93 75
1 93 79
1 93 89
1 93 96
1 94 1
1 94 12
1 94 20
1 94 23
1 94 33
1 94 43
1 94 70
1 94 97
1 94 99
1 95 1
1 95 2
1 95 7
1 95 21
1 95 29
1 95 59
1 95 66
1 95 71
1 95 86
1 96 4
1 96 20
1 96 28
1 96 31
1 96 45
1 96 52
1 96 55
1 96 72
1 96 85
1 96 95
1 96 102
1 97 0
1 97 3
1 97 6
1 97 8
1 97 9
1 97 21
1 97 27
1 97 100
1 98 1
1 98 24
1 98 57
1 98 75
1 99 4
1 99 5
1 99 16
1 99 45
1 99 94
1 99 98
1 100 34
1 100 35
1 100 42
1 100 44
1 100 49
1 100 56
1 100 74
1 100 80
1 100 83
1 100 91
1 100 97
1 101 2
1 101 12
1 101 16
1 101 27
1 101 57
1 101 60
1 101 61
1 101 63
1 101 74
1 101 90
1 102 10
1 102 16
1 102 43
1 102 46
1 102 56
1 102 64
1 102 74
1 102 76
1 103 3
1 103 8
1 103 11
1 103 16
1 103 39
1 103 47
1 103 48
1 103 72
1 103 82
1 103 93
1 103 94
1 103 101
1 103 102
1 104 0
1 104 7
1 104 8
1 104 61
1 104 64
1 104 81
1 104 85
1 104 101
1 105 24
1 105 42
1 105 61
1 105 63
1 105 64
1 105 77
1 105 92
1 106 21
1 106 32
1 106 44
1 106 52
1 106 54
1 106 63
1 106 65
1 106 81
1 106 94
1 107 12
1 107 15
1 107 16
1 107 19
1 107 25
1 107 36
1 107 47
1 107 53
1 107 59
1 107 71
1 107 79
1 107 83
1 107 87
1 107 99
1 107 100
1 108 0
1 108 19
1 108 35
1 108 55
1 108 60
1 108 68
1 108 81
1 108 98
1 109 12
1 109 21
1 109 29
1 109 43
1 109 46
1 109 48
1 109 76
1 109 77
1 109 79
1 110 7
1 110 18
1 110 31
1 110 32
1 110 58
1 110 65
1 110 80
1 110 90
1 110 94
1 111 10
1 111 23
1 111 24
1 111 25
1 111 40
1 111 52
1 111 89
1 111 97
1 112 14
1 112 89
1 112 94
1 113 6
1 113 39
1 113 40
1 113 48
1 113 53
1 113 54
1 113 81
1 113 96
1 114 10
1 114 34
1 114 35
1 114 49
1 114 83
1 114 94
1 114 98
1 114 99
1 115 1
1 115 3
1 115 14
1 115 19
1 115 25
1 115 61
1 115 71
1 115 94
1 115 100
1 116 12
1 116 23
1 116 24
1 116 61
1 116 69
1 116 79
1 116 87
1 116 93
1 117 15
1 117 22
1 117 26
1 117 34
1 117 43
1 117 50
1 117 62
1 117 67
1 118 14
1 118 17
1 118 22
1 118 48
1 118 60
1 118 66
1 118 68
1 118 89
1 118 92
1 119 4
1 119 11
1 119 22
1 119 50
1 119 60
1 119 67
1 119 94
1 120 32
1 120 66
1 120 96
1 121 11
1 121 35
1 121 60
1 121 86
1 121 99
1 122 0
1 122 23
1 122 30
1 122 33
1 122 42
1 122 46
1 122 51
1 122 53
1 122 60
1 122 78
1 122 83
1 122 84
1 122 91
1 123 7
1 123 15
1 123 33
1 123 72
1 123 74
1 123 85
1 123 92
1 123 97
1 124 40
1 124 54
1 124 60
1 124 71
1 124 74
1 124 92
1 124 102
1 125 9
1 125 19
1 125 40
1 125 49
1 125 50
1 125 57
1 125 94
1 125 96
1 125 97
1 126 12
1 126 31
1 126 34
1 126 98
1 126 99
1 127 19
1 127 24
1 127 42
1 127 64
1 127 65
1 127 77
1 127 81
1 127 92
1 127 99
1 128 9
1 128 10
1 128 11
1 128 16
1 128 28
1 128 32
1 128 35
1 128 36
1 128 61
1 128 66
1 129 1
1 129 5
1 129 58
1 129 84
1 129 86
1 130 3
1 130 9
1 131 23
1 131 44
1 131 46
1 131 51
1 131 68
1 131 80
1 131 89
1 131 94
1 131 100
1 132 3
1 132 14
1 132 37
1 132 53
1 132 59
1 132 67
1 132 74
1 132 102
1 133 1
1 133 13
1 133 22
1 133 26
1 133 33
1 133 39
1 133 40
1 133 64
1 133 66
1 133 72
1 133 93
1 133 95
1 134 0
1 134 37
1 134 62
1 134 65
1 134 66
1 135 18
1 135 20
1 135 25
1 135 76
1 135 83
1 136 18
1 136 38
1 136 56
1 136 59
1 136 60
1 136 63
1 136 77
1 136 94
1 136 100
1 137 22
1 137 24
1 137 27
1 137 40
1 137 46
1 137 56
1 137 67
1 137 71
1 137 85
1 137 92
1 137 96
1 138 2
1 138 7
1 138 29
1 138 82
1 138 95
1 139 3
1 139 22
1 139 24
1 139 34
1 139 47
1 139 71
1 139 74
1 140 7
1 140 31
1 140 34
1 140 44
1 140 45
1 140 54
1 140 59
1 140 75
1 140 82
1 141 22
1 141 33
1 141 51
1 141 53
1 141 85
1 141 86
1 141 102
1 142 2
1 142 18
1 142 26
1 142 27
1 142 35
1 142 44
1 142 50
1 142 70
1 142 93
1 143 36
1 143 41
1 143 53
1 143 85
1 144 6
1 144 15
1 144 21
1 144 33
1 144 34
1 144 52
1 144 56
1 144 83
1 144 84
1 145 4
1 145 7
1 145 44
1 145 47
1 145 56
1 145 73
1 145 82
1 146 15
1 146 42
1 146 45
1 146 46
1 146 60
1 146 71
1 146 85
1 147 3
1 147 13
1 147 44
1 147 46
1 147 50
1 147 87
1 148 19
1 148 32
1 148 35
1 148 48
1 148 82
1 148 85
1 148 87
1 148 88
1 149 5
1 149 7
1 149 25
1 149 26
1 149 38
1 149 39
1 149 73
1 150 11
1 150 12
1 150 18
1 150 19
1 150 58
1 150 63
1 150 71
1 150 96
1 151 22
1 151 35
1 151 55
1 151 56
1 151 57
1 151 93
1 151 102
1 152 6
1 152 9
1 152 13
1 152 20
1 152 22
1 152 25
1 152 47
1 152 54
1 152 57
1 152 74
1 152 78
1 153 1
1 153 11
1 153 23
1 153 27
1 153 92
1 154 6
1 154 13
1 154 27
1 154 34
1 154 43
1 154 44
1 154 49
1 154 58
1 154 89
1 154 95
1 154 98
1 155 2
1 155 7
1 155 16
1 155 29
1 155 50
1 155 65
1 155 78
1 155 84
1 155 91
1 155 92
2 0 0
2 0 8
2 0 11
2 0 12
2 0 34
2 0 39
2 0 44
2 0 57
2 0 67
2 0 82
2 0 87
2 0 99
2 0 116
2 1 9
2 1 15
2 1 19
2 1 35
2 1 75
2 1 89
2 1 100
2 1 101
2 2 0
2 2 6
2 2 54
2 2 73
2 2 78
2 2 83
2 2 112
2 3 2
2 3 8
2 3 17
2 3 18
2 3 81
2 3 96
2 3 119
2 4 7
2 4 9
2 4 27
2 4 28
2 4 40
2 4 54
2 4 79
2 4 98
2 4 113
2 4 115
2 4 121
2 5 24
2 5 55
2 5 57
2 5 78
2 5 85
2 5 116
2 6 5
2 6 6
2 6 18
2 6 22
2 6 28
2 6 31
2 6 64
2 6 74
2 6 81
2 6 107
2 6 112
2 7 12
2 7 13
2 7 32
2 7 42
2 7 47
2 7 49
2 7 59
2 7 64
2 7 83
2 7 97
2 7 118
2 7 119
2 8 1
2 8 6
2 8 10
2 8 28
2 8 33
2 8 40
2 8 41
2 8 64
2 8 67
2 8 71
2 8 119
2 9 3
2 9 13
2 9 18
2 9 24
2 9 33
2 9 45
2 9 57
2 9 71
2 9 83
2 10 14
2 10 16
2 10 37
2 10 53
2 10 68
2 10 84
2 10 95
2 10 116
2 11 3
2 11 11
2 11 31
2 11 45
2 11 65
2 11 76
2 11 92
2 11 93
2 11 110
2 11 113
2 11 116
2 12 5
2 12 17
2 12 31
2 12 45
2 12 63
2 12 65
2 12 69
2 12 112
2 13 2
2 13 34
2 13 85
2 13 88
2 13 95
2 13 107
2 13 110
2 13 112
2 13 113
2 14 8
2 14 17
2 14 19
2 14 46
2 14 56
2 14 60
2 14 76
2 14 83
2 14 97
2 14 98
2 14 102
2 14 109
2 14 114
2 14 121
2 15 6
2 15 30
2 15 34
2 15 99
2 15 116
2 16 27
2 16 32
2 16 36
2 16 68
2 16 108
2 16 109
2 16 117
2 16 121
2 17 21
2 17 53
2 17 56
2 17 64
2 17 70
2 17 73
2 17 75
2 17 106
2 17 108
2 17 114
2 18 11
2 18 18
2 18 38
2 18 65
2 18 69
2 18 73
2 18 90
2 18 112
2 19 13
2 19 18
2 19 24
2 19 30
2 19 77
2 19 82
2 19 106
2 19 118
2 20 12
2 20 20
2 20 21
2 20 25
2 20 31
2 20 34
2 20 37
2 20 40
2 20 41
2 20 44
2 20 45
2 20 55
2 20 57
2 20 61
2 20 79
2 20 94
2 20 119
2 21 1
2 21 20
2 21 22
2 21 28
2 21 38
2 21 47
2 21 51
2 21 53
2 21 59
2 21 114
2 22 23
2 22 27
2 22 32
2 22 40
2 22 41
2 22 68
2 22 77
2 22 117
2 23 1
2 23 4
2 23 15
2 23 36
2 23 46
2 23 51
2 23 56
2 23 68
2 23 75
2 23 88
2 23 102
2 23 111
2 23 118
2 24 32
2 24 44
2 24 52
2 24 57
2 24 74
2 24 75
2 24 103
2 24 115
2 24 119
2 25 12
2 25 22
2 25 41
2 25 85
2 25 87
2 25 93
2 25 106
2 25 110
2 26 8
2 26 57
2 26 63
2 26 84
2 26 87
2 26 95
2 26 102
2 26 106
2 26 112
2 26 115
2 27 31
2 27 36
2 27 49
2 27 70
2 27 87
2 27 95
2 27 108
2 27 109
2 27 111
2 28 13
2 28 33
2 28 44
2 28 83
2 28 90
2 28 96
2 28 100
2 29 7
2 29 16
2 29 23
2 29 28
2 29 36
2 29 51
2 29 52
2 29 64
2 29 94
2 29 105
2 29 114
2 29 119
2 30 9
2 30 20
2 30 24
2 30 30
2 30 38
2 30 57
2 30 81
2 30 96
2 30 99
2 30 114
2 30 115
2 31 2
2 31 7
2 31 20
2 31 36
2 31 38
2 31 44
2 31 49
2 31 78
2 31 81
2 31 92
2 31 94
2 31 105
2 31 117
2 31 120
2 32 0
2 32 2
2 32 26
2 32 27
2 32 28
2 32 62
2 32 66
2 32 90
2 32 112
2 32 113
2 32 116
2 33 5
2 33 25
2 33 45
2 33 47
2 33 58
2 33 74
2 33 81
2 33 93
2 33 95
2 33 110
2 34 21
2 34 27
2 34 42
2 34 45
2 34 59
2 34 73
2 34 88
2 34 100
2 34 110
2 34 117
2 34 121
2 35 7
2 35 9
2 35 12
2 35 14
2 35 16
2 35 68
2 35 74
2 35 100
2 36 1
2 36 18
2 36 32
2 36 37
2 36 61
2 36 77
2 36 81
2 36 102
2 36 103
2 37 21
2 37 45
2 37 54
2 37 72
2 37 88
2 38 14
2 38 48
2 38 56
2 38 61
2 38 63
2 38 81
2 38 121
2 39 38
2 39 41
2 39 43
2 39 85
2 39 96
2 40 40
2 40 49
2 40 53
2 40 56
2 40 89
2 40 96
2 41 7
2 41 9
2 41 23
2 41 96
2 41 105
2 41 106
2 41 119
2 42 8
2 42 25
2 42 26
2 42 45
2 42 60
2 42 72
2 42 86
2 42 120
2 43 12
2 43 26
2 43 42
2 43 45
2 43 91
2 44 27
2 44 30
2 44 32
2 44 49
2 44 52
2 44 79
2 44 95
2 44 113
2 45 24
2 45 33
2 45 46
2 45 50
2 45 65
2 45 71
2 45 81
2 45 84
2 45 101
2 45 110
2 46 0
2 46 14
2 46 20
2 46 30
2 46 33
2 46 45
2 46 56
2 46 63
2 46 66
2 46 74
2 46 76
2 46 77
2 46 92
2 46 115
2 46 121
2 47 17
2 47 18
2 47 42
2 47 46
2 47 48
2 47 62
2 47 72
2 47 78
2 47 93
2 47 99
2 47 102
2 47 110
2 48 29
2 48 41
2 48 60
2 48 94
2 48 98
2 48 118
2 49 20
2 49 24
2 49 44
2 49 62
2 49 73
2 49 76
2 49 85
2 49 109
2 49 119
2 50 1
2 50 30
2 50 33
2 50 42
2 50 77
2 50 79
2 50 97
2 51 4
2 51 9
2 51 28
2 51 34
2 51 38
2 51 62
2 51 64
2 51 75
2 51 77
2 51 105
2 51 117
2 52 7
2 52 36
2 52 55
2 52 63
2 52 96
2 52 105
2 52 118
2 53 0
2 53 25
2 53 26
2 53 28
2 53 52
2 53 62
2 53 92
2 53 101
2 53 118
2 54 17
2 54 35
2 54 47
2 54 49
2 54 71
2 54 82
2 54 88
2 54 98
2 54 101
2 54 106
2 54 108
2 54 112
2 54 114
2 55 3
2 55 4
2 55 15
2 55 27
2 55 36
2 55 61
2 55 87
2 55 100
2 55 102
2 55 105
2 55 110
2 56 21
2 56 73
2 56 80
2 56 89
2 57 1
2 57 32
2 57 36
2 57 38
2 57 48
2 57 57
2 57 74
2 57 83
2 57 96
2 57 108
2 58 3
2 58 86
2 58 94
2 58 99
2 58 103
2 58 105
2 58 119
2 59 29
2 59 48
2 59 62
2 59 71
2 59 72
2 59 75
2 60 17
2 60 26
2 60 30
2 60 33
2 60 74
2 60 97
2 61 4
2 61 23
2 61 32
2 61 42
2 61 79
2 61 92
2 61 94
2 61 109
2 62 2
2 62 17
2 62 29
2 62 30
2 62 44
2 62 63
2 62 78
2 62 83
2 62 98
2 62 117
2 63 4
2 63 12
2 63 17
2 63 19
2 63 24
2 63 47
2 63 59
2 63 77
2 63 78
2 64 20
2 64 21
2 64 29
2 64 37
2 64 51
2 64 55
2 64 79
2 64 83
2 64 85
2 64 92
2 64 104
2 64 109
2 65 7
2 65 12
2 65 22
2 65 76
2 65 104
2 65 105
2 65 112
2 66 4
2 66 8
2 66 9
2 66 18
2 66 21
2 66 27
2 66 41
2 66 61
2 66 62
2 66 72
2 66 95
2 66 99
2 66 102
2 66 104
2 67 63
2 67 87
2 67 110
2 67 112
2 67 120
2 67 121
2 68 14
2 68 40
2 68 65
2 68 67
2 68 90
2 68 109
2 68 111
2 68 113
2 68 118
2 69 86
2 69 88
2 69 102
2 69 110
2 69 121
2 70 5
2 70 16
2 70 20
2 70 33
2 70 41
2 70 59
2 70 82
2 70 109
2 71 10
2 71 17
2 71 21
2 71 35
2 71 36
2 71 53
2 71 68
2 71 73
2 71 76
2 71 84
2 71 87
2 71 98
2 71 109
2 72 28
2 72 40
2 72 46
2 72 56
2 72 59
2 72 87
2 72 96
2 72 99
2 72 102
2 72 110
2 72 111
2 72 117
2 72 121
2 73 3
2 73 9
2 73 18
2 73 35
2 73 48
2 73 66
2 73 81
2 73 95
2 74 13
2 74 28
2 74 67
2 74 84
2 74 95
2 74 120
2 75 0
2 75 4
2 75 27
2 75 38
2 75 48
2 75 63
2 75 69
2 75 119
2 76 4
2 76 15
2 76 30
2 76 33
2 76 57
2 76 66
2 76 80
2 76 84
2 76 88
2 76 98
2 77 2
2 77 54
2 77 66
2 77 67
2 77 80
2 78 40
2 78 42
2 78 50
2 78 58
2 78 59
2 78 80
2 78 84
2 78 112
2 79 4
2 79 6
2 79 23
2 79 40
2 79 44
2 79 61
2 79 99
2 79 102
2 79 106
2 80 2
2 80 9
2 80 11
2 80 37
2 80 45
2 80 46
2 80 58
2 80 95
2 81 1
2 81 35
2 81 65
2 81 71
2 81 74
2 81 78
2 81 87
2 81 94
2 81 114
2 81 115
2 81 117
2 81 118
2 81 119
2 82 0
2 82 11
2 82 19
2 82 20
2 82 21
2 82 45
2 82 50
2 82 68
2 82 73
2 82 75
2 82 98
2 83 9
2 83 18
2 83 20
2 83 59
2 83 60
2 83 68
2 83 73
2 83 86
2 83 107
2 83 114
2 84 12
2 84 18
2 84 42
2 84 48
2 84 51
2 84 58
2 84 59
2 84 104
2 85 46
2 85 49
2 85 51
2 85 55
2 85 56
2 85 59
2 85 61
2 85 96
2 85 111
2 85 117
2 86 6
2 86 20
2 86 51
2 86 77
2 87 3
2 87 7
2 87 22
2 87 63
2 87 95
2 87 105
2 87 111
2 88 0
2 88 14
2 88 37
2 88 45
2 88 51
2 88 58
2 88 63
2 88 72
2 88 77
2 88 102
2 88 104
2 88 109
2 89 3
2 89 18
2 89 40
2 89 52
2 89 114
2 90 1
2 90 40
2 90 53
2 90 66
2 90 76
2 90 95
2 90 96
2 90 101
2 91 14
2 91 50
2 91 66
2 91 67
2 91 98
2 91 108
2 91 109
2 92 1
2 92 9
2 92 15
2 92 20
2 92 23
2 92 27
2 92 36
2 92 42
2 92 55
2 92 70
2 92 74
2 92 91
2 93 21
2 93 33
2 93 45
2 93 53
2 93 67
2 93 74
2 93 76
2 93 79
2 93 97
2 93 106
2 93 109
2 93 112
2 93 115
2 94 47
2 94 52
2 95 30
2 95 62
2 95 75
2 95 108
2 96 2
2 96 8
2 96 14
2 96 16
2 96 17
2 96 32
2 96 40
2 96 60
2 96 66
2 96 80
2 96 95
2 96 100
2 96 103
2 96 121
2 97 15
2 97 31
2 97 53
2 97 56
2 97 72
2 97 76
2 97 78
2 97 92
2 97 93
2 97 99
2 98 0
2 98 70
2 98 77
2 98 107
2 98 119
2 99 8
2 99 11
2 99 17
2 99 26
2 99 42
2 99 50
2 99 52
2 99 53
2 99 87
2 100 0
2 100 27
2 100 31
2 100 47
2 100 55
2 100 64
2 100 77
2 100 87
2 100 100
2 100 112
2 100 115
2 101 0
2 101 14
2 101 15
2 101 35
2 101 38
2 101 60
2 101 67
2 101 86
2 101 95
2 101 96
2 102 11
2 102 14
2 102 16
2 102 17
2 102 24
2 102 26
2 102 56
2 102 62
2 102 69
2 102 71
2 102 87
2 102 94
2 102 95
2 102 113
3 0 35
3 0 47
3 0 50
3 0 60
3 0 65
3 0 66
3 0 78
3 0 81
3 0 104
3 1 1
3 1 3
3 1 11
3 1 15
3 1 38
3 1 44
3 1 57
3 1 74
3 1 77
3 1 88
3 1 98
3 1 99
3 2 7
3 2 51
3 2 76
3 2 77
3 3 36
3 3 44
3 3 52
3 3 57
3 3 81
3 4 10
3 4 13
3 4 46
3 4 97
3 5 8
3 5 22
3 5 34
3 5 37
3 5 62
3 5 91
3 6 5
3 6 17
3 6 37
3 6 62
3 6 65
3 6 90
3 6 101
3 6 104
3 7 6
3 7 8
3 7 23
3 7 30
3 7 32
3 7 56
3 7 58
3 7 64
3 7 69
3 7 103
3 8 0
3 8 35
3 8 39
3 8 41
3 8 51
3 8 56
3 8 59
3 8 78
3 8 83
3 8 85
3 9 10
3 9 21
3 9 38
3 9 40
3 9 71
3 9 82
3 9 83
3 9 86
3 10 7
3 10 25
3 10 47
3 10 84
3 11 20
3 11 35
3 11 52
3 11 62
3 11 67
3 11 69
3 11 73
3 11 74
3 11 100
3 12 20
3 12 26
3 12 27
3 12 32
3 12 91
3 12 101
3 12 106
3 13 12
3 13 26
3 13 28
3 13 45
3 13 55
3 13 57
3 13 64
3 13 72
3 13 88
3 13 96
3 14 27
3 14 39
3 14 44
3 14 45
3 14 61
3 14 82
3 14 98
3 14 102
3 15 4
3 15 35
3 15 79
3 15 83
3 15 94
3 15 101
3 16 7
3 16 25
3 16 62
3 16 66
3 16 80
3 17 1
3 17 7
3 17 12
3 17 38
3 17 45
3 17 54
3 17 55
3 17 67
3 17 81
3 17 86
3 17 94
3 17 95
3 17 98
3 17 101
3 18 8
3 18 13
3 18 19
3 18 33
3 18 40
3 18 48
3 18 56
3 18 58
3 18 97
3 19 26
3 19 49
3 19 69
3 19 90
3 19 91
3 19 104
3 20 2
3 20 20
3 20 37
3 20 45
3 20 50
3 20 57
3 20 82
3 20 87
3 21 5
3 21 7
3 21 9
3 21 11
3 21 17
3 21 41
3 21 42
3 21 55
3 21 85
3 21 100
3 22 6
3 22 7
3 22 12
3 22 20
3 22 23
3 22 41
3 22 45
3 22 53
3 22 57
3 22 65
3 22 84
3 22 88
3 22 95
3 23 13
3 23 22
3 23 40
3 23 41
3 23 68
3 23 70
3 23 84
3 23 89
3 23 100
3 24 29
3 24 50
3 24 72
3 24 87
3 24 99
3 24 102
3 25 67
3 25 82
3 25 90
3 26 8
3 26 15
3 26 37
3 26 45
3 26 46
3 26 50
3 26 57
3 26 68
3 26 94
3 27 22
3 27 34
3 27 35
3 27 43
3 27 48
3 27 56
3 27 76
3 27 80
3 27 89
3 27 93
3 27 102
3 27 106
3 28 0
3 28 10
3 28 15
3 28 36
3 28 44
3 28 66
3 28 84
3 28 89
3 28 91
3 28 98
3 29 19
3 29 63
3 29 75
3 29 81
3 29 86
3 29 92
3 29 106
3 30 1
3 30 3
3 30 7
3 30 14
3 30 43
3 30 49
3 30 65
3 30 77
3 31 10
3 31 15
3 31 39
3 31 50
3 31 54
3 31 58
3 31 68
3 31 73
3 31 77
3 31 96
3 32 15
3 32 60
3 32 70
3 32 72
3 32 87
3 32 90
3 32 99
3 33 19
3 33 49
3 33 54
3 33 60
3 33 81
3 34 9
3 34 50
3 34 52
3 34 65
3 34 100
3 35 2
3 35 4
3 35 6
3 35 17
3 35 28
3 35 48
3 35 54
3 35 63
3 35 64
3 35 83
3 35 97
3 36 8
3 36 28
3 36 32
3 36 62
3 36 82
3 36 90
3 36 98
3 36 100
3 37 2
3 37 3
3 37 6
3 37 29
3 37 45
3 37 71
3 37 91
3 38 25
3 38 70
3 38 84
3 38 89
3 38 104
3 39 2
3 39 6
3 39 15
3 39 27
3 39 33
3 39 35
3 39 45
3 39 46
3 39 56
3 39 69
3 39 71
3 39 79
3 39 105
3 40 0
3 40 4
3 40 25
3 40 64
3 40 67
3 40 68
3 40 77
3 40 84
3 40 94
3 41 18
3 41 26
3 41 30
3 41 52
3 41 66
3 41 89
3 41 102
3 42 9
3 42 11
3 42 22
3 42 72
3 42 76
3 42 77
3 42 95
3 43 32
3 43 33
3 43 51
3 43 76
3 43 89
3 43 92
3 44 2
3 44 5
3 44 19
3 44 32
3 44 43
3 44 50
3 44 56
3 44 60
3 44 73
3 44 84
3 44 87
3 44 94
3 44 95
3 44 96
3 44 106
3 45 3
3 45 11
3 45 55
3 45 72
3 45 82
3 45 98
3 46 18
3 46 30
3 46 34
3 46 41
3 46 77
3 46 83
3 46 85
3 46 88
3 47 30
3 47 68
3 47 83
3 47 102
3 48 13
3 48 18
3 48 34
3 48 43
3 48 54
3 48 55
3 48 57
3 48 58
3 48 63
3 48 98
3 49 3
3 49 7
3 49 56
3 49 61
3 49 77
3 49 86
3 50 3
3 50 8
3 50 10
3 50 14
3 50 16
3 50 27
3 50 48
3 50 53
3 50 59
3 50 63
3 50 70
3 50 87
3 50 88
3 50 95
3 51 0
3 51 18
3 51 37
3 51 47
3 51 50
3 51 53
3 51 62
3 51 74
3 51 87
3 51 99
3 51 100
3 52 5
3 52 18
3 52 57
3 52 91
3 53 34
3 53 35
3 53 43
3 53 47
3 53 57
3 53 59
3 53 77
3 53 83
3 53 105
3 54 16
3 54 33
3 54 59
3 54 77
3 54 85
3 54 92
3 54 94
3 54 95
3 54 101
3 55 2
3 55 22
3 55 25
3 55 40
3 55 45
3 55 70
3 55 78
3 55 81
3 55 83
3 56 37
3 56 44
3 56 53
3 56 71
3 56 72
3 56 79
3 56 81
3 56 84
3 56 103
3 57 0
3 57 4
3 57 7
3 57 12
3 57 39
3 57 41
3 57 45
3 57 73
3 57 87
3 57 97
3 58 8
3 58 25
3 58 26
3 58 50
3 58 61
3 58 72
3 58 85
3 58 88
3 58 97
3 58 101
3 59 5
3 59 8
3 59 26
3 59 34
3 59 37
3 59 50
3 59 57
3 59 60
3 59 68
3 59 83
3 60 17
3 60 32
3 60 57
3 60 64
3 60 67
3 60 70
3 60 95
3 61 6
3 61 13
3 61 15
3 61 31
3 61 33
3 61 61
3 61 67
3 61 70
3 61 85
3 61 91
3 61 95
3 61 98
3 62 14
3 62 17
3 62 25
3 62 28
3 62 29
3 62 31
3 62 72
3 62 74
3 62 78
3 62 93
3 62 101
3 62 105
3 63 23
3 63 25
3 63 28
3 63 41
3 63 46
3 64 29
3 64 59
3 64 90
3 64 106
3 65 15
3 65 18
3 65 21
3 65 40
3 65 69
3 65 80
3 65 84
3 65 87
3 65 100
3 66 9
3 66 29
3 66 49
3 66 58
3 66 60
3 66 83
3 66 90
3 67 27
3 67 28
3 67 44
3 67 46
3 67 47
3 67 56
3 67 66
3 67 69
3 67 71
3 67 79
3 68 1
3 68 3
3 68 13
3 68 14
3 68 15
3 68 35
3 68 45
3 68 83
3 68 91
3 68 103
3 69 9
3 69 25
3 69 27
3 69 32
3 69 71
3 69 73
3 69 82
3 70 15
3 70 37
3 70 59
3 70 85
3 70 92
3 70 100
3 70 104
3 71 36
3 71 43
3 71 46
3 71 48
3 71 55
3 71 58
3 71 106
3 72 3
3 72 31
3 72 32
3 72 47
3 72 52
3 72 53
3 72 68
3 72 69
3 72 76
3 72 78
3 73 9
3 73 26
3 73 44
3 73 52
3 73 57
3 73 63
3 73 64
3 73 68
3 73 74
3 73 84
3 74 34
3 74 35
3 74 37
3 74 52
3 74 55
3 74 64
3 74 82
3 74 101
3 74 105
3 75 29
3 75 36
3 75 42
3 75 45
3 75 47
3 75 86
3 75 103
3 76 6
3 76 7
3 76 11
3 76 38
3 76 48
3 76 55
3 76 71
3 76 73
3 76 76
3 76 94
3 77 55
3 77 100
3 78 21
3 78 27
3 78 31
3 78 67
3 78 81
3 78 86
3 79 6
3 79 10
3 79 13
3 79 40
3 79 47
3 79 60
3 79 70
3 79 76
3 79 96
3 80 3
3 80 10
3 80 17
3 80 28
3 80 50
3 80 59
3 80 61
3 80 76
3 80 81
3 80 90
3 80 92
3 80 96
3 81 15
3 81 23
3 81 24
3 81 29
3 81 30
3 81 49
3 81 50
3 81 51
3 81 57
3 81 65
3 81 66
3 82 24
3 82 29
3 82 54
3 82 64
3 82 91
3 83 3
3 83 29
3 83 43
3 83 78
3 83 96
3 84 25
3 84 44
3 84 46
3 84 63
3 84 75
3 84 83
3 84 90
3 84 99
3 85 0
3 85 10
3 85 38
3 85 54
3 85 64
3 85 77
3 85 85
3 85 97
3 86 3
3 86 23
3 86 35
3 86 66
3 86 67
3 86 68
3 86 92
3 86 99
3 86 103
3 87 34
3 87 73
3 87 79
3 88 0
3 88 10
3 88 12
3 88 14
3 88 43
3 88 56
3 88 66
3 88 77
3 88 89
3 89 10
3 89 14
3 89 35
3 89 49
3 89 71
3 89 72
3 89 76
3 89 86
3 90 43
3 90 74
3 90 84
3 90 90
3 91 14
3 91 20
3 91 22
3 91 36
3 91 48
3 91 70
3 91 84
3 91 88
3 91 91
3 91 95
3 91 98
3 92 1
3 92 12
3 92 15
3 92 25
3 92 32
3 92 38
3 92 40
3 92 60
3 92 65
3 92 75
3 92 84
3 93 3
3 93 5
3 93 98
3 93 106
3 94 10
3 94 28
3 94 45
3 94 50
3 94 76
3 94 83
3 94 101
3 95 3
3 95 24
3 95 33
3 95 38
3 95 39
3 95 47
3 95 74
3 95 80
3 95 84
3 95 102
3 96 7
3 96 8
3 96 22
3 96 27
3 96 29
3 96 32
3 96 80
3 96 99
3 97 5
3 97 11
3 97 33
3 97 41
3 97 101
3 97 102
3 98 19
3 98 43
3 98 59
3 99 22
3 99 30
3 99 37
3 99 67
3 99 69
3 99 70
3 99 78
3 99 81
3 99 91
3 99 103
3 100 6
3 100 19
3 100 21
3 100 58
3 100 80
3 100 98
3 101 1
3 101 6
3 101 9
3 101 36
3 101 62
3 101 92
3 102 1
3 102 3
3 102 10
3 102 27
3 102 29
3 102 30
3 102 31
3 102 57
3 102 67
3 102 97
3 103 6
3 103 11
3 103 20
3 103 25
3 103 55
3 103 77
3 103 80
3 103 83
3 103 89
3 103 96
3 104 24
3 104 42
3 104 53
3 104 66
3 104 67
3 104 74
3 104 75
3 104 85
3 105 0
3 105 11
3 105 22
3 105 42
3 105 69
3 105 75
3 105 91
3 105 96
3 105 97
3 105 105
3 105 106
3 106 0
3 106 47
3 106 60
3 107 15
3 107 27
3 107 45
3 107 47
3 107 63
3 107 64
3 107 94
3 108 3
3 108 8
3 108 11
3 108 26
3 108 46
3 108 67
3 109 12
3 109 24
3 109 34
3 109 48
3 109 72
3 109 74
3 109 106
3 110 4
3 110 7
3 110 12
3 110 26
3 110 42
3 110 44
3 110 49
3 110 52
3 110 53
3 111 45
3 111 58
3 111 59
3 111 76
3 111 82
3 111 85
3 111 94
3 111 100
3 112 15
3 112 38
3 112 45
3 112 52
3 112 73
3 113 1
3 113 9
3 113 23
3 113 44
3 113 81
3 114 9
3 114 21
3 114 65
3 114 78
3 114 85
3 114 106
3 115 29
3 115 36
3 115 55
3 115 72
3 115 96
3 115 99
3 116 2
3 116 12
3 116 36
3 116 39
3 116 46
3 116 55
3 116 65
3 116 72
3 117 16
3 117 25
3 117 42
3 117 56
3 117 64
3 118 6
3 118 7
3 118 12
3 118 32
3 118 34
3 118 52
3 118 58
3 118 62
3 118 103
3 119 1
3 119 17
3 119 25
3 119 30
3 119 44
3 119 56
3 119 57
3 119 81
3 119 84
3 119 89
3 119 102
3 119 106
3 120 15
3 120 22
3 120 26
3 120 60
3 120 67
3 120 75
3 120 77
3 120 78
3 121 33
3 121 48
3 121 51
3 121 73
3 121 74
3 121 75
3 121 77
3 121 82
3 121 101