2401
5
126 142 99 112 121
1297

276 0 0 0 0 0 0 165 771 117 0 0 767 77 0 0 0 0 123 413 0 0 0 0 137 627 0 0 0 0 0 0 35 29 23 45 9 15 58 81 0 46 69 0 0 0 4 0 0 83 55 0 0 0 7 0 0 0 0 0 24 62 0 0 0 44 50 6 83 86 9 0 21 5 53 19 0 2 83 0 97 0 11 0 62 0 0 49 27 0 64 67 0 0 64 15 0 36 74 75 0 37 0 43 0 53 42 11 0 0 0 80 0 0 0 0 67 0 0 0 0 52 25 64 0 78
241 681 721 0 0 886 0 983 0 0 0 325 715 0 0 0 0 0 322 354 0 574 434 0 580 406 23 0 319 231 0 448 0 576 373 808 11 48 0 0 25 0 0 93 16 69 21 0 86 0 0 63 0 0 0 0 34 0 61 42 0 58 77 0 10 0 0 38 0 0 0 26 0 36 50 0 12 0 0 66 67 0 0 6 0 0 0 55 14 11 14 0 94 87 0 0 0 5 13 38 0 0 64 100 0 37 77 0 0 84 18 0 75 12 17 0 98 0 0 3 98 100 0 0 49 0 76 0 13 62 28 21 25 94 0 70 72 62 0 50 87 0
0 705 816 0 607 164 0 445 0 0 0 0 519 0 792 367 0 0 668 0 0 0 775 0 875 6 0 0 86 63 0 0 0 0 0 44 0 73 81 0 0 0 0 21 0 0 0 49 23 78 0 0 71 0 0 0 48 0 61 19 0 95 0 75 11 92 1 0 67 0 0 30 0 37 0 0 28 0 96 0 0 0 44 91 0 71 0 0 0 0 0 0 59 0 30 26 0 0 28
996 0 0 112 0 0 319 364 498 0 0 226 267 454 0 485 677 0 0 0 403 0 92 0 914 407 338 0 15 13 0 51 0 0 98 52 0 0 42 87 62 49 5 0 83 0 36 22 71 95 0 0 0 0 26 13 0 0 0 61 100 0 74 44 93 48 0 11 0 46 75 0 0 34 0 84 69 0 0 0 5 19 0 93 0 59 22 75 0 24 66 0 43 15 4 0 55 0 0 0 0 0 0 0 0 63 0 38 31 74 11 0
445 0 0 27 775 0 0 0 0 0 0 0 196 0 936 0 856 168 0 0 0 0 0 0 9 790 778 453 0 0 0 12 0 0 94 19 0 23 41 0 0 0 1 0 90 79 0 53 0 0 0 0 40 49 0 0 0 0 25 81 26 0 0 84 0 64 28 17 98 0 16 0 0 0 0 0 49 70 0 7 51 0 10 72 68 12 0 0 5 0 0 95 66 0 0 0 0 86 77 83 21 0 0 18 0 0 81 0 8 0 0 0 0 65 0 0 0 0 99 0 79

0 0 14
0 0 43
0 0 96
0 0 127
0 1 59
0 1 78
0 1 127
0 2 13
0 2 37
0 2 66
0 2 119
0 3 22
0 3 60
0 3 139
0 4 26
0 5 56
0 5 107
0 5 121
0 6 24
0 6 46
0 6 126
0 7 40
0 7 116
0 7 130
0 7 134
0 8 23
0 8 85
0 8 112
0 9 26
0 9 76
0 9 81
0 10 137
0 11 15
0 11 57
0 11 62
0 11 93
0 11 123
0 11 131
0 13 30
0 13 34
0 13 82
0 13 83
0 14 30
0 14 72
0 14 117
0 14 119
0 14 128
0 15 64
0 15 97
0 15 110
0 15 127
0 16 30
0 16 51
0 16 87
0 16 90
0 16 139
0 16 141
0 17 33
0 17 104
0 17 114
0 18 44
0 18 70
0 18 81
0 19 17
0 19 39
0 19 85
0 19 94
0 19 129
0 20 7
0 20 29
0 20 33
0 20 44
0 20 46
0 21 12
0 21 26
0 21 101
0 21 124
0 22 102
0 22 126
0 23 18
0 23 24
0 23 38
0 24 34
0 24 85
0 24 87
0 24 91
0 24 132
0 25 14
0 26 97
0 27 8
0 27 135
0 29 8
0 29 20
0 29 22
0 29 48
0 29 59
0 29 95
0 30 7
0 30 22
0 30 79
0 30 95
0 31 89
0 31 106
0 31 141
0 32 0
0 32 31
0 32 40
0 32 58
0 32 120
0 32 128
0 33 28
0 33 31
0 33 70
0 34 14
0 34 22
0 34 58
0 34 73
0 34 86
0 34 109
0 34 119
0 36 9
0 36 42
0 37 27
0 37 44
0 37 54
0 37 57
0 37 67
0 37 94
0 37 102
0 37 106
0 38 38
0 39 77
0 41 26
0 41 45
0 41 89
0 41 124
0 42 10
0 42 31
0 43 65
0 43 113
0 44 10
0 44 40
0 44 67
0 45 23
0 45 126
0 46 7
0 46 60
0 46 108
0 46 125
0 48 92
0 48 94
0 49 25
0 49 27
0 49 28
0 49 58
0 49 86
0 50 24
0 50 26
0 50 67
0 50 98
0 51 24
0 51 69
0 51 77
0 51 90
0 52 62
0 52 131
0 53 1
0 53 14
0 53 78
0 53 108
0 54 26
0 54 29
0 54 96
0 54 112
0 55 4
0 55 77
0 55 126
0 55 129
0 55 134
0 57 59
0 57 88
0 57 124
0 58 17
0 58 38
0 59 49
0 60 34
0 60 52
0 60 105
0 60 132
0 61 5
0 61 29
0 61 75
0 61 88
0 61 90
0 61 99
0 61 102
0 62 0
0 62 1
0 62 37
0 62 98
0 62 130
0 63 28
0 63 36
0 63 43
0 63 97
0 63 116
0 64 74
0 64 81
0 64 88
0 65 16
0 65 53
0 66 58
0 66 72
0 66 81
0 66 101
0 66 108
0 67 14
0 67 46
0 67 120
0 68 12
0 68 27
0 68 121
0 69 23
0 69 117
0 70 42
0 70 102
0 71 69
0 71 72
0 71 73
0 71 101
0 72 14
0 72 55
0 72 103
0 72 116
0 72 140
0 73 70
0 73 82
0 74 24
0 74 64
0 74 75
0 75 41
0 75 132
0 76 2
0 76 67
0 77 72
0 77 92
0 77 114
0 78 72
0 78 128
0 78 139
0 79 6
0 79 17
0 79 46
0 79 86
0 80 79
0 81 7
0 82 11
0 82 22
0 82 32
0 82 60
0 82 99
0 83 87
0 83 106
0 84 117
0 85 39
0 86 46
0 86 56
0 87 103
0 87 107
0 87 127
0 87 139
0 88 136
0 89 9
0 89 68
0 89 111
0 90 3
0 90 4
0 90 77
0 90 78
0 90 85
0 90 104
0 90 121
0 90 135
0 91 55
0 91 115
0 92 18
0 92 59
0 92 63
0 92 128
0 93 75
0 93 79
0 93 120
0 93 121
0 93 135
0 94 140
0 95 20
0 95 22
0 95 68
0 95 127
0 96 11
0 96 18
0 96 23
0 96 125
0 96 140
0 97 10
0 97 25
0 97 33
0 97 34
0 97 141
0 98 18
0 98 85
0 98 112
0 98 130
0 98 134
0 99 1
0 99 20
0 99 30
0 99 56
0 99 57
0 100 94
0 101 65
0 102 67
0 102 126
0 103 49
0 103 64
0 103 90
0 104 15
0 104 101
0 104 111
0 104 132
0 105 2
0 106 39
0 106 91
0 107 40
0 107 51
0 108 8
0 108 27
0 108 38
0 108 43
0 110 30
0 110 64
0 110 101
0 110 138
0 111 96
0 111 119
0 111 135
0 112 48
0 113 1
0 113 4
0 113 78
0 113 80
0 114 89
0 114 130
0 115 136
0 116 5
0 116 38
0 116 50
0 116 53
0 116 86
0 116 138
0 117 47
0 117 126
0 118 8
0 118 37
0 118 50
0 118 107
0 118 108
0 118 131
0 119 7
0 119 17
0 119 19
0 119 96
0 119 109
0 120 1
0 120 21
0 120 68
0 121 11
0 121 12
0 121 62
0 122 12
0 122 86
0 122 112
0 123 24
0 123 44
0 123 101
0 123 124
0 123 139
0 124 124
0 125 78
1 0 88
1 1 19
1 3 54
1 4 15
1 5 19
1 5 57
1 5 85
1 6 48
1 6 73
1 6 94
1 7 5
1 7 65
1 7 83
1 8 27
1 8 30
1 8 57
1 8 76
1 8 90
1 10 33
1 11 7
1 11 57
1 11 59
1 11 93
1 12 87
1 12 97
1 13 64
1 13 72
1 14 28
1 14 60
1 14 85
1 15 17
1 15 25
1 15 55
1 16 84
1 17 15
1 17 23
1 18 40
1 19 59
1 20 46
1 20 56
1 20 80
1 21 31
1 21 82
1 22 1
1 23 34
1 23 49
1 24 8
1 24 28
1 24 47
1 24 73
1 24 83
1 25 95
1 27 37
1 27 59
1 28 85
1 29 11
1 29 53
1 30 2
1 30 16
1 30 38
1 30 67
1 31 26
1 31 89
1 31 92
1 31 96
1 32 59
1 32 70
1 33 56
1 33 72
1 33 77
1 34 23
1 34 61
1 34 74
1 34 77
1 34 78
1 34 87
1 34 95
1 35 9
1 35 85
1 36 61
1 36 68
1 37 7
1 37 37
1 37 69
1 37 75
1 38 69
1 39 28
1 39 53
1 39 87
1 40 3
1 40 24
1 41 44
1 41 83
1 41 88
1 42 25
1 42 61
1 42 83
1 43 86
1 44 43
1 44 91
1 45 40
1 46 16
1 46 43
1 46 72
1 47 15
1 48 39
1 48 59
1 48 69
1 49 41
1 49 78
1 51 22
1 51 49
1 52 2
1 52 20
1 53 24
1 53 63
1 53 72
1 53 78
1 53 90
1 54 85
1 56 57
1 57 20
1 57 93
1 58 37
1 58 60
1 58 77
1 58 80
1 59 69
1 59 76
1 59 96
1 60 61
1 60 74
1 61 28
1 62 87
1 62 88
1 64 40
1 64 68
1 64 80
1 65 0
1 65 30
1 65 54
1 66 48
1 66 69
1 67 68
1 67 90
1 68 50
1 68 79
1 69 80
1 70 8
1 70 16
1 70 43
1 70 90
1 71 23
1 71 32
1 71 62
1 72 95
1 73 14
1 73 47
1 73 72
1 74 5
1 74 9
1 74 49
1 75 25
1 75 30
1 76 56
1 77 29
1 77 37
1 77 54
1 77 80
1 78 21
1 78 39
1 78 44
1 78 76
1 78 77
1 78 79
1 79 62
1 80 41
1 81 46
1 81 48
1 82 28
1 82 39
1 82 58
1 82 60
1 82 64
1 82 79
1 83 78
1 84 2
1 85 23
1 85 55
1 86 42
1 86 74
1 86 76
1 87 90
1 88 5
1 88 20
1 88 41
1 89 4
1 89 41
1 89 87
1 89 98
1 90 19
1 90 68
1 91 30
1 91 41
1 92 19
1 92 21
1 92 34
1 92 56
1 93 37
1 93 74
1 93 77
1 94 31
1 94 66
1 96 6
1 96 44
1 96 92
1 97 37
1 97 46
1 97 57
1 97 70
1 97 92
1 98 55
1 99 3
1 99 27
1 100 6
1 101 35
1 102 53
1 102 61
1 102 72
1 103 4
1 103 90
1 104 74
1 104 85
1 105 18
1 105 19
1 105 32
1 105 43
1 106 93
1 106 95
1 107 13
1 107 29
1 107 38
1 107 65
1 108 15
1 108 17
1 108 49
1 108 59
1 108 91
1 109 2
1 109 18
1 109 44
1 109 56
1 109 61
1 109 77
1 110 66
1 110 97
1 111 2
1 111 30
1 111 34
1 111 50
1 111 69
1 111 84
1 111 94
1 112 38
1 112 84
1 113 15
1 113 21
1 113 44
1 114 37
1 114 41
1 114 56
1 114 61
1 114 67
1 114 79
1 115 28
1 115 61
1 115 89
1 116 53
1 116 88
1 117 19
1 119 12
1 119 34
1 119 81
1 120 6
1 120 19
1 120 33
1 121 57
1 121 88
1 122 29
1 122 94
1 122 97
1 123 40
1 123 65
1 124 15
1 125 42
1 125 89
1 126 21
1 126 32
1 126 57
1 128 8
1 128 53
1 128 80
1 130 88
1 130 94
1 131 36
1 131 85
1 131 93
1 132 66
1 132 77
1 133 5
1 133 25
1 133 26
1 133 44
1 133 95
1 135 15
1 135 28
1 135 33
1 135 34
1 135 83
1 135 84
1 135 93
1 136 54
1 137 65
1 137 66
1 137 76
1 138 9
1 138 91
1 139 5
1 139 73
1 139 79
1 139 94
1 139 95
1 140 20
1 141 19
2 0 14
2 0 73
2 0 108
2 0 110
2 1 0
2 1 18
2 2 9
2 2 89
2 2 108
2 3 28
2 3 40
2 3 94
2 4 10
2 4 87
2 5 100
2 5 108
2 7 32
2 7 47
2 7 59
2 8 1
2 8 4
2 8 83
2 8 86
2 9 33
2 9 77
2 10 61
2 10 89
2 10 100
2 11 11
2 11 12
2 11 100
2 13 39
2 14 3
2 14 107
2 15 20
2 15 47
2 15 49
2 15 56
2 16 25
2 16 36
2 16 90
2 17 23
2 17 31
2 18 9
2 18 19
2 18 99
2 18 106
2 19 0
2 19 32
2 19 102
2 19 103
2 21 16
2 21 30
2 21 84
2 21 89
2 21 95
2 22 1
2 22 8
2 23 31
2 23 41
2 23 67
2 23 85
2 24 49
2 25 45
2 25 46
2 25 58
2 25 90
2 26 46
2 26 59
2 26 64
2 26 79
2 26 87
2 27 24
2 27 51
2 27 63
2 28 67
2 28 78
2 29 7
2 29 18
2 29 72
2 29 90
2 31 72
2 31 83
2 32 2
2 32 20
2 33 8
2 33 46
2 33 52
2 33 63
2 33 77
2 33 80
2 34 2
2 34 75
2 34 91
2 35 12
2 35 22
2 35 47
2 35 111
2 36 48
2 36 91
2 37 2
2 37 83
2 38 65
2 39 2
2 40 31
2 40 39
2 40 79
2 40 100
2 41 43
2 41 47
2 41 107
2 41 110
2 42 72
2 44 83
2 46 20
2 46 47
2 47 13
2 47 17
2 47 23
2 47 56
2 47 63
2 47 93
2 48 28
2 48 65
2 48 87
2 48 111
2 49 28
2 50 27
2 50 46
2 50 83
2 51 3
2 51 4
2 51 26
2 51 42
2 52 8
2 52 11
2 52 49
2 52 63
2 52 64
2 52 111
2 53 21
2 54 45
2 54 51
2 54 79
2 55 15
2 55 108
2 56 13
2 56 23
2 56 34
2 56 38
2 56 76
2 56 107
2 56 108
2 57 58
2 57 69
2 57 86
2 58 52
2 58 81
2 59 15
2 59 30
2 59 42
2 59 45
2 59 59
2 60 13
2 60 41
2 60 44
2 60 96
2 60 97
2 61 47
2 61 93
2 62 92
2 62 106
2 63 51
2 63 102
2 64 25
2 64 34
2 64 60
2 65 52
2 65 54
2 65 69
2 65 77
2 66 36
2 66 105
2 67 82
2 67 87
2 68 71
2 69 22
2 69 64
2 70 18
2 70 35
2 70 79
2 70 97
2 71 50
2 71 68
2 71 80
2 72 68
2 73 52
2 73 53
2 73 108
2 74 31
2 74 41
2 75 18
2 75 56
2 76 46
2 76 66
2 77 45
2 77 66
2 77 100
2 78 25
2 78 44
2 78 62
2 78 85
2 78 108
2 79 84
2 80 67
2 80 80
2 81 33
2 81 36
2 82 55
2 82 62
2 82 69
2 82 100
2 83 110
2 84 99
2 85 14
2 85 110
2 86 88
2 87 88
2 88 58
2 88 85
2 88 96
2 88 110
2 89 54
2 90 1
2 90 19
2 90 75
2 91 79
2 91 109
2 92 3
2 92 15
2 92 16
2 92 37
2 92 48
2 92 50
2 92 66
2 92 104
2 93 37
2 93 104
2 95 32
2 95 52
2 95 56
2 95 58
2 95 80
2 96 5
2 96 28
2 96 45
2 96 50
2 96 70
2 97 90
2 98 25
2 98 42
2 98 86
2 98 90
3 0 60
3 0 71
3 1 119
3 2 69
3 2 82
3 2 105
3 3 43
3 3 55
3 3 69
3 4 30
3 4 40
3 4 58
3 4 60
3 5 4
3 5 84
3 5 113
3 6 65
3 7 10
3 7 21
3 7 58
3 8 3
3 8 26
3 8 29
3 8 65
3 9 6
3 9 36
3 9 99
3 10 1
3 10 55
3 10 60
3 10 104
3 11 21
3 11 109
3 12 14
3 12 71
3 13 41
3 13 49
3 13 71
3 13 112
3 13 117
3 14 64
3 14 68
3 14 86
3 14 99
3 15 15
3 15 39
3 16 2
3 16 65
3 17 118
3 18 70
3 18 71
3 18 114
3 19 45
3 19 55
3 19 66
3 19 117
3 20 52
3 20 64
3 20 67
3 21 76
3 21 79
3 21 105
3 22 52
3 22 113
3 23 96
3 24 84
3 25 103
3 26 79
3 26 109
3 26 113
3 27 18
3 27 23
3 27 60
3 27 100
3 27 102
3 28 47
3 29 1
3 29 34
3 29 96
3 29 109
3 30 27
3 30 54
3 31 88
3 31 111
3 32 19
3 32 66
3 32 78
3 32 91
3 33 67
3 33 71
3 33 90
3 34 7
3 35 24
3 35 26
3 35 32
3 35 60
3 35 108
3 36 113
3 37 33
3 37 115
3 37 120
3 38 0
3 38 2
3 38 84
3 38 116
3 39 33
3 39 76
3 40 47
3 40 68
3 40 70
3 40 117
3 41 19
3 41 29
3 41 45
3 41 74
3 42 31
3 43 27
3 43 34
3 44 15
3 44 92
3 46 8
3 46 28
3 46 101
3 47 69
3 48 64
3 49 66
3 49 77
3 50 14
3 50 75
3 50 76
3 50 120
3 51 6
3 51 54
3 51 111
3 52 22
3 52 48
3 52 64
3 52 68
3 54 4
3 54 47
3 54 54
3 54 104
3 55 19
3 55 75
3 55 76
3 55 98
3 55 112
3 56 9
3 56 29
3 57 77
3 57 100
3 58 62
3 58 93
3 59 42
3 59 91
3 60 58
3 60 83
3 60 101
3 61 53
3 61 67
3 61 88
3 61 114
3 62 41
3 62 120
3 63 104
3 63 111
3 64 2
3 64 7
3 64 26
3 64 53
3 64 76
3 64 81
3 64 82
3 65 37
3 65 82
3 65 83
3 65 106
3 65 109
3 66 39
3 66 42
3 66 118
3 67 6
3 67 39
3 67 94
3 68 13
3 68 26
3 68 30
3 68 65
3 68 103
3 69 44
3 69 62
3 69 105
3 69 116
3 69 118
3 69 119
3 70 66
3 70 68
3 71 10
3 71 69
3 72 105
3 72 114
3 73 14
3 73 23
3 73 24
3 73 39
3 73 76
3 73 80
3 74 39
3 74 49
3 75 1
3 75 7
3 75 17
3 75 54
3 76 3
3 76 56
3 76 77
3 76 101
3 76 102
3 77 0
3 77 39
3 78 9
3 78 80
3 78 91
3 78 94
3 78 97
3 78 110
3 79 98
3 79 103
3 79 111
3 80 16
3 80 95
3 81 27
3 81 44
3 81 78
3 84 62
3 85 75
3 85 80
3 86 46
3 86 81
3 86 93
3 86 119
3 87 87
3 87 113
3 88 57
3 89 12
3 89 43
3 89 45
3 89 98
3 90 6
3 90 23
3 90 86
3 90 120
3 91 19
3 92 11
3 93 85
3 94 27
3 94 28
3 94 66
3 96 19
3 96 28
3 96 50
3 96 101
3 96 113
3 97 16
3 97 22
3 97 38
3 97 88
3 98 56
3 98 111
3 99 37
3 99 101
3 99 113
3 100 38
3 100 84
3 101 16
3 101 49
3 101 52
3 101 95
3 102 23
3 102 74
3 103 14
3 103 29
3 103 55
3 103 59
3 103 80
3 104 113
3 104 114
3 106 33
3 106 72
3 106 96
3 107 5
3 107 22
3 107 100
3 107 110
3 108 31
3 108 45
3 108 47
3 108 60
3 109 66
3 109 68
3 109 71
3 109 91
3 109 99
3 110 74
3 110 83
3 110 85
3 111 18
3 111 19
3 111 50
3 111 91
3 111 114