240
5
108 119 112 161 100
1103

0 0 341 395 0 0 0 844 0 224 0 197 425 51 0 18 0 0 172 448 0 0 0 867 0 21 613 794 0 73 84 0 0 0 57 0 0 0 0 0 66 75 2 21 0 0 0 0 0 97 90 27 0 37 28 57 84 15 0 0 24 16 65 0 0 17 0 0 46 36 0 41 14 58 96 0 0 0 0 64 0 0 0 9 25 0 0 10 55 0 27 0 0 0 0 0 0 0 0 0 0 0 0 0 0 72 0 0
179 568 814 810 0 999 0 953 0 0 81 57 368 0 709 0 697 0 0 132 0 0 227 0 186 687 0 0 683 359 37 0 97 0 0 0 90 0 45 39 0 57 0 0 89 47 0 72 0 0 25 0 55 0 86 0 0 0 26 0 0 65 0 90 41 0 0 0 0 90 0 0 59 15 0 85 4 83 0 40 0 0 0 16 96 52 82 27 72 69 8 0 0 78 0 0 76 26 0 73 0 0 93 82 86 66 35 58 0 20 32 19 35 0 39 12 83 0 0
720 0 0 0 903 0 809 0 436 176 330 274 0 365 0 716 301 616 0 0 0 191 880 0 0 899 0 686 0 0 0 35 47 0 0 0 0 82 27 0 17 68 42 44 0 0 8 0 2 41 99 0 88 28 0 0 66 60 0 0 0 0 0 0 0 0 0 18 18 0 0 0 0 0 49 26 81 76 0 4 18 33 0 0 0 0 85 75 0 13 70 58 40 38 0 89 2 0 0 0 0 19 40 82 0 28 0 0 52 39 0 43
0 346 0 740 0 0 0 0 0 0 0 955 178 0 788 0 0 33 0 65 0 501 0 374 0 138 0 876 855 745 0 0 219 435 0 0 0 0 0 224 151 3 25 42 71 59 18 100 50 60 0 0 0 29 56 16 0 0 0 0 43 32 4 0 0 0 61 90 85 0 0 29 0 0 0 0 0 70 97 0 77 0 0 0 96 0 0 27 65 0 0 95 0 0 0 0 0 0 72 0 64 50 0 0 23 0 0 33 0 0 95 55 0 100 0 0 0 0 5 0 0 0 60 48 3 0 0 89 79 4 96 15 74 0 95 0 37 0 52 94 14 100 42 35 0 0 0 84 0 38 13 64 0 19 0 0 88 98 0 41 9
0 0 752 866 0 0 0 0 723 135 0 890 0 165 428 0 605 795 0 0 0 0 0 0 972 0 55 46 0 53 87 0 8 96 0 0 43 78 0 66 0 34 59 86 0 81 0 0 0 0 0 0 0 0 87 0 3 64 0 0 0 0 0 0 0 83 0 0 0 0 0 0 0 58 13 0 60 18 0 52 0 0 81 68 0 0 0 0 0 96 82 0 0 0 0 0 63 48 90 47

0 0 19
0 0 79
0 1 115
0 4 41
0 4 59
0 4 102
0 5 27
0 5 118
0 6 52
0 6 60
0 7 109
0 8 102
0 9 8
0 9 42
0 9 46
0 9 74
0 10 22
0 10 24
0 10 26
0 10 30
0 11 49
0 11 55
0 12 25
0 12 68
0 12 97
0 13 11
0 13 77
0 15 20
0 15 49
0 15 95
0 16 11
0 16 41
0 17 70
0 18 3
0 18 4
0 18 38
0 18 109
0 19 117
0 20 20
0 20 50
0 22 4
0 22 5
0 22 38
0 22 81
0 22 112
0 23 5
0 23 26
0 23 77
0 24 8
0 24 33
0 24 45
0 24 108
0 24 117
0 25 75
0 26 7
0 26 118
0 27 102
0 28 59
0 29 3
0 29 5
0 30 32
0 30 79
0 31 107
0 32 26
0 32 58
0 32 70
0 34 77
0 34 115
0 36 22
0 36 59
0 36 94
0 37 28
0 37 76
0 38 36
0 38 109
0 39 8
0 39 48
0 39 83
0 40 2
0 40 57
0 40 92
0 40 103
0 41 43
0 42 1
0 42 33
0 42 43
0 42 73
0 42 93
0 43 31
0 43 91
0 43 93
0 44 83
0 45 3
0 46 57
0 46 66
0 46 69
0 46 93
0 47 44
0 47 85
0 47 103
0 47 114
0 48 36
0 49 74
0 49 107
0 49 112
0 50 116
0 51 12
0 51 55
0 51 80
0 52 19
0 52 23
0 52 37
0 53 25
0 53 30
0 53 63
0 53 115
0 54 6
0 54 41
0 54 56
0 54 110
0 55 0
0 55 93
0 56 52
0 57 1
0 57 42
0 57 51
0 57 73
0 58 2
0 58 61
0 58 97
0 61 60
0 61 82
0 62 8
0 62 73
0 62 82
0 63 83
0 63 93
0 64 10
0 64 52
0 65 37
0 65 54
0 65 89
0 66 58
0 67 41
0 68 16
0 68 86
0 68 101
0 69 58
0 69 75
0 70 3
0 70 5
0 70 12
0 70 49
0 70 73
0 71 112
0 72 15
0 72 17
0 72 97
0 73 40
0 73 94
0 74 32
0 74 66
0 74 81
0 75 10
0 75 21
0 75 39
0 76 54
0 78 30
0 78 64
0 78 113
0 79 42
0 79 118
0 81 10
0 81 51
0 82 21
0 82 23
0 82 40
0 85 75
0 86 11
0 86 36
0 87 54
0 87 68
0 88 63
0 89 91
0 89 96
0 90 82
0 91 18
0 92 9
0 92 19
0 92 117
0 93 26
0 93 61
0 93 66
0 93 96
0 94 54
0 94 108
0 96 74
0 96 77
0 97 27
0 97 81
0 99 21
0 99 31
0 99 71
0 100 10
0 100 54
0 100 87
0 100 116
0 101 29
0 101 42
0 102 22
0 102 35
0 102 45
0 102 98
0 104 9
0 104 47
0 104 55
0 104 68
0 105 64
0 106 8
0 106 64
0 107 25
0 107 48
0 107 53
1 0 7
1 0 69
1 0 76
1 0 91
1 2 101
1 3 94
1 3 106
1 4 12
1 4 21
1 5 7
1 5 76
1 5 107
1 6 91
1 7 91
1 8 74
1 8 75
1 8 93
1 9 100
1 10 7
1 10 46
1 11 13
1 12 56
1 12 91
1 13 21
1 13 57
1 13 71
1 13 95
1 14 35
1 14 45
1 14 53
1 14 97
1 15 32
1 15 97
1 16 13
1 16 110
1 17 53
1 17 107
1 18 29
1 18 76
1 18 100
1 19 98
1 19 105
1 20 10
1 20 58
1 21 27
1 22 16
1 22 53
1 22 58
1 22 86
1 23 80
1 24 4
1 24 43
1 24 53
1 24 58
1 24 92
1 24 94
1 26 57
1 26 68
1 26 100
1 27 35
1 27 101
1 28 53
1 28 93
1 29 5
1 29 55
1 29 105
1 31 2
1 31 10
1 31 65
1 31 103
1 32 0
1 32 4
1 32 17
1 32 34
1 32 92
1 33 2
1 33 86
1 34 24
1 35 45
1 35 54
1 36 19
1 36 103
1 36 104
1 37 50
1 37 104
1 39 93
1 40 17
1 40 72
1 40 80
1 40 92
1 40 100
1 41 11
1 43 18
1 43 20
1 44 37
1 46 21
1 46 54
1 46 104
1 47 66
1 48 32
1 49 12
1 49 22
1 49 36
1 49 46
1 50 67
1 50 79
1 51 23
1 51 55
1 51 66
1 52 53
1 53 63
1 53 70
1 54 67
1 57 1
1 57 18
1 57 69
1 58 3
1 58 56
1 58 105
1 59 12
1 59 54
1 59 102
1 60 3
1 60 19
1 60 21
1 60 71
1 60 81
1 61 26
1 61 53
1 62 0
1 62 51
1 63 19
1 64 81
1 66 79
1 68 4
1 68 52
1 68 70
1 69 20
1 69 50
1 70 68
1 70 70
1 71 81
1 71 86
1 72 21
1 72 44
1 72 47
1 72 77
1 73 62
1 73 63
1 73 72
1 73 77
1 73 100
1 74 8
1 74 100
1 75 45
1 75 58
1 76 13
1 76 23
1 76 36
1 76 47
1 79 31
1 79 101
1 80 57
1 80 65
1 82 5
1 82 72
1 83 30
1 83 83
1 83 91
1 84 26
1 84 48
1 85 21
1 85 46
1 86 14
1 86 26
1 86 28
1 86 82
1 87 24
1 88 9
1 88 37
1 89 19
1 89 85
1 90 44
1 91 48
1 91 97
1 92 37
1 92 85
1 93 100
1 94 65
1 94 82
1 94 88
1 96 19
1 96 55
1 96 86
1 96 108
1 97 13
1 97 82
1 97 85
1 98 31
1 98 67
1 98 72
1 98 96
1 100 44
1 100 85
1 100 104
1 101 30
1 101 32
1 101 53
1 102 24
1 104 16
1 104 58
1 104 92
1 104 101
1 104 102
1 105 23
1 106 42
1 107 26
1 107 64
1 108 0
1 108 11
1 108 12
1 108 67
1 109 60
1 109 99
1 109 100
1 109 104
1 110 107
1 111 12
1 111 28
1 111 37
1 111 43
1 111 90
1 112 90
1 113 102
1 114 10
1 114 28
1 114 49
1 114 70
1 115 14
1 115 48
1 115 79
1 115 95
1 117 13
1 117 21
1 117 75
1 117 93
1 117 110
1 118 29
1 118 95
1 118 103
2 0 58
2 0 87
2 1 66
2 1 135
2 1 156
2 2 9
2 2 100
2 2 127
2 3 128
2 4 10
2 4 46
2 5 58
2 5 145
2 5 160
2 6 4
2 6 97
2 6 101
2 7 20
2 8 112
2 9 77
2 9 141
2 10 33
2 10 113
2 10 118
2 10 155
2 12 122
2 12 141
2 13 94
2 13 140
2 14 32
2 14 66
2 15 66
2 15 76
2 15 79
2 15 130
2 16 27
2 16 73
2 17 12
2 17 40
2 17 132
2 18 7
2 18 90
2 18 140
2 18 154
2 19 4
2 19 31
2 19 39
2 19 47
2 19 50
2 19 60
2 19 101
2 19 137
2 20 3
2 20 13
2 20 44
2 20 50
2 20 68
2 20 115
2 20 143
2 20 144
2 20 156
2 21 23
2 21 54
2 21 99
2 21 102
2 21 131
2 23 23
2 23 48
2 23 69
2 24 37
2 24 62
2 24 81
2 25 94
2 25 125
2 26 65
2 26 66
2 26 72
2 26 105
2 27 65
2 27 66
2 27 96
2 28 35
2 28 85
2 28 109
2 29 2
2 29 79
2 29 106
2 29 129
2 30 27
2 30 129
2 31 52
2 32 10
2 32 119
2 32 133
2 33 68
2 33 97
2 33 123
2 33 134
2 34 55
2 34 116
2 34 123
2 35 46
2 35 53
2 35 65
2 35 105
2 35 155
2 35 160
2 37 83
2 37 109
2 38 13
2 38 34
2 38 56
2 38 57
2 38 130
2 38 140
2 39 63
2 39 131
2 40 47
2 40 74
2 41 155
2 42 18
2 42 87
2 42 94
2 42 156
2 43 28
2 43 48
2 43 103
2 43 121
2 44 65
2 44 82
2 44 92
2 45 28
2 45 30
2 45 55
2 45 123
2 45 160
2 46 7
2 46 49
2 46 67
2 46 69
2 46 150
2 47 62
2 47 90
2 47 107
2 48 6
2 48 105
2 49 2
2 49 6
2 49 9
2 49 25
2 49 53
2 49 70
2 49 73
2 50 21
2 50 30
2 50 42
2 50 155
2 51 59
2 52 42
2 52 52
2 52 111
2 52 112
2 54 8
2 54 59
2 54 114
2 54 142
2 56 32
2 56 42
2 56 47
2 56 67
2 56 105
2 56 116
2 56 130
2 57 107
2 58 7
2 58 79
2 58 126
2 58 138
2 59 11
2 59 22
2 60 66
2 60 75
2 60 152
2 61 44
2 62 8
2 62 68
2 63 28
2 63 40
2 63 41
2 63 138
2 64 10
2 64 96
2 65 61
2 65 70
2 66 120
2 66 141
2 66 155
2 67 12
2 67 16
2 67 42
2 67 100
2 68 12
2 68 53
2 68 73
2 68 79
2 69 74
2 69 85
2 69 91
2 69 127
2 70 44
2 70 70
2 70 105
2 70 124
2 71 84
2 71 99
2 71 111
2 71 158
2 72 54
2 72 62
2 72 127
2 73 42
2 73 143
2 74 28
2 75 6
2 75 34
2 75 46
2 75 50
2 75 142
2 76 6
2 76 52
2 76 57
2 76 81
2 77 78
2 77 90
2 77 135
2 78 10
2 78 105
2 80 53
2 80 66
2 80 134
2 81 90
2 81 100
2 82 25
2 82 129
2 83 4
2 83 56
2 83 114
2 84 6
2 84 80
2 84 125
2 85 0
2 85 48
2 85 59
2 85 62
2 86 123
2 87 31
2 87 33
2 87 92
2 87 151
2 88 32
2 88 66
2 88 158
2 89 2
2 89 56
2 89 73
2 90 15
2 90 84
2 90 134
2 91 66
2 91 72
2 91 104
2 91 141
2 91 143
2 92 9
2 92 34
2 92 84
2 92 91
2 93 46
2 93 78
2 94 85
2 94 147
2 95 75
2 95 121
2 96 22
2 96 36
2 96 42
2 96 77
2 96 133
2 96 134
2 96 149
2 96 155
2 97 39
2 97 115
2 97 135
2 97 139
2 98 0
2 98 78
2 99 62
2 99 77
2 99 103
2 100 44
2 100 82
2 100 123
2 101 50
2 101 65
2 101 113
2 101 116
2 102 17
2 102 50
2 102 55
2 103 1
2 103 30
2 103 90
2 104 16
2 104 30
2 104 77
2 104 113
2 105 93
2 105 105
2 106 64
2 106 72
2 106 75
2 106 81
2 106 93
2 107 3
2 107 24
2 107 122
2 108 77
2 108 106
2 108 134
2 108 148
2 109 3
2 109 111
2 110 22
2 110 60
2 110 81
2 110 85
2 111 41
2 111 130
2 111 144
3 0 91
3 1 37
3 1 64
3 2 58
3 2 75
3 3 0
3 3 2
3 3 16
3 3 24
3 3 92
3 4 84
3 5 53
3 5 56
3 5 63
3 5 93
3 6 26
3 7 41
3 9 52
3 9 58
3 9 89
3 11 19
3 11 32
3 11 44
3 12 31
3 12 34
3 13 14
3 14 94
3 15 33
3 16 67
3 16 83
3 17 40
3 17 46
3 19 63
3 19 64
3 19 78
3 19 80
3 20 51
3 21 26
3 21 96
3 22 70
3 22 73
3 24 23
3 25 7
3 25 69
3 25 93
3 26 45
3 27 39
3 28 7
3 28 51
3 28 85
3 29 68
3 30 25
3 31 28
3 32 1
3 33 45
3 33 73
3 35 8
3 35 88
3 36 26
3 37 7
3 37 31
3 37 83
3 38 19
3 38 62
3 38 94
3 39 43
3 39 59
3 40 85
3 43 95
3 44 6
3 45 66
3 45 69
3 45 79
3 46 20
3 46 40
3 46 85
3 47 30
3 47 81
3 48 72
3 50 3
3 50 16
3 50 21
3 50 26
3 50 65
3 51 27
3 51 29
3 52 70
3 54 3
3 54 9
3 54 48
3 54 67
3 54 80
3 55 7
3 55 89
3 56 93
3 57 74
3 58 10
3 58 13
3 58 37
3 58 71
3 59 13
3 59 25
3 59 31
3 59 98
3 60 48
3 60 68
3 61 12
3 62 14
3 63 14
3 63 40
3 63 70
3 64 10
3 65 5
3 65 40
3 66 24
3 66 44
3 66 55
3 66 95
3 67 26
3 68 33
3 68 50
3 68 52
3 70 7
3 70 21
3 70 63
3 71 86
3 71 97
3 72 25
3 72 73
3 73 8
3 73 57
3 74 82
3 74 84
3 76 9
3 78 11
3 78 38
3 78 94
3 79 1
3 79 76
3 80 27
3 81 12
3 81 77
3 82 13
3 82 52
3 83 2
3 83 6
3 83 96
3 84 14
3 85 82
3 86 7
3 86 33
3 86 56
3 87 90
3 88 80
3 88 83
3 89 36
3 90 28
3 90 53
3 90 63
3 91 0
3 91 97
3 92 1
3 92 16
3 92 36
3 94 57
3 94 68
3 95 13
3 95 89
3 95 92
3 96 38
3 96 65
3 96 75
3 97 26
3 98 10
3 98 42
3 98 53
3 98 54
3 98 76
3 99 84
3 100 22
3 100 47
3 100 50
3 101 35
3 101 63
3 101 82
3 103 4
3 103 28
3 103 71
3 104 8
3 104 54
3 104 93
3 106 37
3 106 61
3 106 83
3 107 14
3 107 25
3 107 87
3 108 10
3 108 44
3 108 76
3 108 80
3 109 31
3 109 49
3 110 14
3 110 33
3 111 34
3 111 62
3 112 49
3 112 87
3 112 94
3 113 53
3 113 61
3 113 65
3 113 81
3 114 60
3 115 39
3 115 74
3 115 89
3 116 33
3 116 68
3 116 82
3 117 29
3 117 90
3 118 75
3 119 83
3 120 25
3 121 38
3 121 44
3 121 65
3 121 70
3 121 86
3 122 77
3 123 9
3 123 42
3 124 11
3 125 15
3 125 44
3 126 77
3 127 11
3 127 30
3 127 80
3 128 3
3 128 67
3 129 82
3 130 58
3 130 81
3 131 7
3 132 6
3 132 98
3 133 15
3 134 49
3 135 10
3 135 35
3 135 72
3 136 88
3 136 96
3 137 4
3 137 18
3 137 68
3 138 42
3 138 76
3 139 98
3 140 57
3 140 99
3 141 5
3 141 9
3 142 27
3 142 98
3 143 78
3 144 77
3 145 23
3 145 40
3 148 59
3 148 95
3 148 99
3 150 61
3 151 62
3 151 87
3 152 37
3 153 97
3 154 8
3 154 57
3 154 58
3 155 63
3 155 76
3 156 26
3 156 38
3 157 3
3 159 60
3 159 97