2589
5
135 146 97 104 118
2256

0 0 728 628 336 0 649 0 0 250 594 642 0 0 0 548 0 925 524 261 0 192 0 0 577 211 0 947 356 0 0 273 743 0 83 0 3 19 49 0 0 0 0 54 65 18 0 52 0 28 3 0 0 0 0 17 87 0 31 0 34 0 98 41 0 0 18 0 0 0 29 0 24 0 0 0 61 65 0 22 36 0 0 60 53 0 0 80 0 75 0 50 0 92 16 0 0 83 0 0 1 49 0 0 47 0 27 43 0 0 0 88 0 0 0 0 12 47 0 0 81 0 0 22 0 0 0 3 24 0 59 0 0 68 44
0 787 179 0 584 59 0 0 596 0 960 0 295 0 666 0 0 0 165 0 120 0 284 0 344 664 216 0 33 572 0 0 0 0 122 631 0 0 31 27 77 0 0 0 0 97 0 35 0 61 9 0 42 30 0 75 0 0 21 2 62 83 0 0 41 95 0 91 0 0 0 0 0 20 48 0 0 77 40 30 0 38 45 56 31 95 0 0 0 8 91 0 0 20 0 0 72 32 0 26 90 83 0 0 24 0 0 17 0 0 0 96 0 0 0 0 0 38 0 96 6 0 62 0 0 0 0 0 67 98 0 68 0 0 0 17 0 0 0 78 78 0 0 77 0 11
0 278 801 694 685 342 539 0 0 0 49 555 0 725 0 468 0 0 0 15 46 0 0 785 264 58 0 44 0 0 86 65 0 0 0 40 5 61 85 0 0 0 91 0 62 35 0 0 0 0 29 21 5 66 36 0 0 0 0 77 85 0 0 90 0 82 54 0 0 0 89 29 0 0 38 0 0 84 0 0 51 0 0 99 33 0 58 0 97 91 86 59 0 27 31 0 0
0 0 957 378 0 297 599 794 51 159 0 324 0 818 27 89 0 723 527 0 526 906 374 0 0 700 0 2 69 0 0 73 0 0 29 0 34 0 0 0 94 100 0 61 0 59 85 0 0 0 4 60 45 0 0 0 82 77 0 0 0 49 26 73 0 0 0 84 89 100 0 0 8 53 0 31 0 0 0 0 0 0 0 89 0 22 0 0 0 11 59 0 20 0 100 0 60 44 84 99 11 55 24 28
362 287 0 0 0 695 0 716 0 959 655 972 87 0 0 0 613 238 0 0 0 0 0 695 0 0 842 337 442 0 0 0 80 31 61 0 21 83 79 0 0 0 98 67 0 0 0 0 79 13 0 10 0 0 25 99 30 49 0 0 13 28 0 0 0 0 16 0 0 3 0 0 0 0 44 6 3 36 53 0 0 0 20 0 54 82 0 0 75 0 0 67 0 44 0 73 59 0 47 0 74 44 30 8 0 0 0 27 0 0 0 64 66 31 0 82 0 77

0 0 33
0 0 35
0 0 54
0 0 70
0 0 73
0 0 94
0 0 111
0 1 40
0 2 2
0 2 22
0 2 128
0 2 133
0 3 4
0 3 34
0 3 85
0 4 10
0 4 53
0 4 78
0 4 109
0 5 0
0 5 28
0 5 30
0 5 43
0 5 46
0 5 60
0 5 77
0 5 80
0 5 88
0 5 109
0 5 113
0 5 115
0 5 124
0 6 22
0 6 55
0 6 66
0 6 102
0 6 117
0 6 128
0 7 25
0 7 27
0 7 46
0 7 63
0 7 81
0 7 85
0 7 95
0 7 98
0 7 110
0 7 122
0 7 143
0 8 7
0 8 33
0 8 91
0 8 93
0 8 129
0 8 140
0 9 5
0 9 28
0 9 32
0 9 90
0 9 92
0 9 119
0 10 5
0 10 12
0 10 14
0 10 25
0 10 45
0 10 54
0 10 66
0 10 92
0 11 19
0 11 37
0 11 52
0 11 70
0 11 88
0 11 98
0 11 135
0 11 141
0 12 9
0 12 40
0 12 50
0 12 57
0 12 59
0 12 61
0 12 93
0 12 96
0 12 111
0 12 114
0 12 123
0 13 7
0 13 19
0 13 38
0 13 66
0 13 89
0 13 90
0 14 37
0 14 54
0 14 56
0 14 57
0 14 64
0 14 103
0 14 118
0 15 10
0 15 15
0 15 46
0 15 64
0 15 68
0 15 74
0 15 80
0 15 89
0 16 7
0 16 21
0 16 28
0 16 39
0 16 51
0 16 94
0 16 105
0 17 53
0 17 69
0 17 104
0 17 105
0 17 116
0 17 143
0 18 1
0 18 43
0 18 64
0 18 112
0 18 144
0 19 8
0 19 85
0 19 107
0 19 110
0 19 123
0 19 127
0 20 29
0 20 47
0 20 106
0 20 122
0 20 131
0 21 28
0 22 1
0 22 7
0 22 10
0 22 16
0 22 23
0 22 101
0 22 113
0 23 13
0 23 21
0 23 36
0 23 117
0 23 122
0 23 143
0 24 19
0 24 90
0 24 95
0 24 118
0 24 137
0 24 141
0 25 8
0 25 38
0 25 39
0 25 46
0 25 50
0 25 72
0 25 128
0 26 61
0 26 76
0 26 101
0 26 105
0 27 10
0 27 33
0 27 68
0 27 95
0 28 17
0 28 46
0 28 121
0 28 138
0 28 139
0 28 143
0 30 8
0 30 19
0 30 20
0 30 36
0 30 53
0 30 109
0 30 113
0 30 131
0 31 28
0 31 30
0 31 54
0 31 58
0 31 73
0 31 96
0 31 101
0 31 114
0 31 128
0 31 140
0 32 30
0 32 31
0 32 41
0 32 58
0 32 61
0 32 71
0 32 73
0 32 90
0 33 0
0 33 39
0 33 60
0 33 71
0 33 104
0 33 131
0 34 9
0 34 10
0 34 19
0 34 29
0 34 49
0 34 63
0 34 75
0 34 95
0 34 117
0 34 122
0 34 137
0 34 145
0 35 20
0 35 27
0 35 31
0 35 32
0 35 52
0 35 106
0 35 136
0 35 138
0 36 14
0 36 15
0 36 18
0 36 35
0 36 47
0 36 73
0 36 122
0 36 125
0 36 143
0 36 145
0 37 6
0 37 27
0 37 51
0 37 56
0 37 67
0 37 87
0 37 106
0 37 123
0 37 145
0 38 3
0 38 8
0 38 26
0 38 114
0 38 119
0 38 134
0 39 63
0 39 72
0 39 115
0 39 141
0 40 22
0 40 65
0 40 97
0 40 119
0 40 131
0 40 141
0 40 143
0 41 11
0 41 37
0 41 59
0 41 111
0 41 131
0 42 1
0 42 19
0 42 63
0 42 75
0 42 118
0 43 45
0 43 70
0 43 81
0 43 82
0 43 102
0 43 117
0 43 140
0 44 37
0 44 62
0 44 81
0 44 109
0 44 121
0 44 122
0 44 133
0 45 4
0 45 11
0 45 37
0 45 48
0 45 56
0 46 43
0 46 50
0 46 97
0 46 133
0 47 67
0 47 100
0 47 120
0 47 139
0 48 2
0 48 11
0 48 56
0 48 108
0 48 110
0 48 141
0 48 143
0 48 144
0 49 0
0 49 10
0 49 20
0 49 33
0 49 37
0 49 48
0 49 67
0 49 105
0 49 111
0 49 133
0 49 139
0 50 9
0 50 18
0 50 36
0 50 64
0 50 121
0 50 139
0 51 0
0 51 5
0 51 16
0 51 87
0 51 89
0 51 114
0 52 16
0 52 20
0 52 33
0 52 93
0 52 103
0 52 125
0 52 139
0 53 15
0 53 42
0 53 70
0 53 106
0 53 108
0 53 124
0 54 4
0 54 76
0 54 82
0 54 103
0 54 108
0 54 115
0 54 119
0 54 129
0 54 138
0 55 7
0 55 18
0 55 33
0 55 34
0 55 47
0 55 55
0 55 64
0 55 105
0 55 111
0 55 113
0 56 2
0 56 25
0 56 76
0 56 84
0 56 95
0 56 119
0 56 133
0 57 78
0 57 79
0 57 115
0 57 128
0 58 53
0 58 65
0 58 105
0 58 122
0 58 124
0 58 133
0 59 15
0 59 17
0 59 33
0 59 37
0 59 41
0 59 49
0 59 73
0 59 120
0 59 128
0 59 131
0 59 140
0 60 7
0 60 9
0 60 37
0 60 44
0 60 73
0 60 78
0 60 120
0 61 30
0 61 41
0 61 56
0 61 65
0 61 87
0 61 121
0 61 143
0 62 16
0 62 18
0 62 30
0 62 34
0 62 43
0 62 48
0 62 80
0 62 83
0 62 131
0 63 9
0 63 22
0 63 27
0 63 71
0 63 77
0 63 86
0 63 117
0 63 119
0 63 145
0 64 22
0 64 31
0 64 79
0 64 81
0 64 89
0 64 133
0 65 5
0 65 6
0 65 14
0 65 15
0 65 17
0 65 25
0 65 32
0 65 35
0 65 51
0 65 60
0 65 64
0 65 69
0 65 76
0 66 41
0 66 49
0 66 60
0 66 68
0 66 136
0 66 144
0 67 0
0 67 29
0 67 32
0 67 120
0 67 134
0 68 5
0 68 14
0 68 78
0 68 97
0 68 105
0 68 130
0 68 136
0 69 2
0 69 22
0 69 51
0 69 109
0 69 121
0 69 127
0 69 132
0 70 96
0 70 97
0 70 101
0 71 15
0 71 21
0 71 27
0 71 32
0 71 39
0 71 48
0 71 70
0 71 104
0 72 52
0 72 64
0 72 66
0 72 114
0 72 135
0 72 144
0 73 8
0 73 26
0 73 29
0 73 31
0 73 42
0 73 49
0 73 60
0 73 78
0 73 82
0 73 112
0 73 121
0 73 136
0 73 142
0 74 41
0 74 43
0 74 54
0 74 89
0 74 92
0 74 101
0 74 105
0 74 110
0 74 124
0 75 39
0 75 72
0 75 131
0 76 8
0 76 45
0 76 46
0 76 63
0 76 69
0 76 70
0 76 73
0 76 79
0 76 117
0 76 136
0 77 1
0 77 4
0 77 40
0 77 79
0 77 102
0 77 128
0 77 140
0 77 141
0 78 26
0 78 44
0 78 48
0 78 56
0 79 0
0 79 40
0 79 84
0 79 87
0 80 48
0 80 68
0 80 69
0 80 101
0 80 121
0 80 125
0 81 8
0 81 36
0 81 66
0 81 67
0 81 80
0 81 84
0 82 16
0 82 18
0 82 50
0 82 90
0 82 117
0 82 131
0 83 6
0 83 35
0 83 68
0 83 72
0 83 86
0 83 111
0 83 121
0 83 123
0 83 131
0 84 31
0 84 76
0 85 21
0 85 54
0 85 61
0 85 65
0 85 82
0 85 126
0 85 140
0 86 22
0 86 38
0 86 68
0 86 92
0 86 105
0 86 117
0 86 121
0 86 145
0 87 7
0 87 14
0 87 81
0 87 96
0 87 121
0 87 143
0 88 3
0 88 75
0 88 109
0 88 133
0 88 137
0 88 141
0 89 22
0 89 50
0 89 61
0 89 75
0 90 60
0 90 99
0 90 131
0 90 133
0 91 24
0 91 63
0 92 75
0 92 97
0 92 103
0 92 105
0 92 114
0 92 138
0 93 64
0 93 85
0 94 5
0 94 22
0 94 35
0 94 138
0 94 140
0 95 14
0 95 108
0 95 111
0 96 5
0 96 18
0 96 45
0 96 93
0 96 94
0 96 131
0 97 22
0 97 73
0 97 103
0 98 7
0 98 19
0 98 27
0 98 56
0 98 75
0 98 104
0 98 124
0 98 125
0 98 133
0 99 9
0 99 45
0 99 55
0 99 90
0 99 95
0 99 99
0 99 129
0 100 94
0 101 14
0 101 42
0 101 69
0 101 105
0 101 124
0 102 10
0 102 11
0 102 24
0 102 25
0 102 77
0 102 96
0 102 106
0 102 123
0 103 4
0 103 9
0 103 28
0 103 53
0 103 70
0 103 129
0 103 134
0 104 9
0 104 105
0 104 113
0 105 18
0 105 19
0 105 33
0 105 86
0 105 115
0 105 125
0 106 11
0 106 20
0 106 44
0 106 45
0 106 81
0 106 122
0 106 126
0 106 134
0 107 26
0 107 42
0 107 68
0 107 126
0 107 134
0 108 16
0 108 24
0 108 28
0 108 40
0 108 55
0 108 76
0 108 78
0 108 104
0 109 23
0 109 40
0 109 48
0 109 79
0 109 83
0 109 97
0 109 105
0 109 119
0 110 16
0 110 92
0 110 99
0 110 109
0 110 118
0 111 0
0 111 44
0 111 47
0 111 75
0 111 128
0 112 48
0 112 52
0 112 85
0 112 106
0 112 120
0 112 126
0 112 138
0 113 25
0 113 27
0 113 93
0 113 114
0 114 72
0 114 93
0 114 110
0 114 139
0 115 3
0 115 15
0 115 17
0 115 35
0 115 38
0 115 99
0 115 113
0 116 4
0 116 18
0 116 19
0 116 29
0 116 84
0 116 87
0 116 100
0 117 30
0 117 48
0 117 117
0 118 26
0 118 71
0 118 72
0 118 75
0 118 94
0 118 95
0 118 103
0 119 18
0 119 33
0 119 44
0 119 61
0 119 74
0 119 107
0 119 121
0 119 134
0 120 31
0 120 44
0 120 54
0 120 62
0 120 137
0 121 11
0 121 31
0 121 69
0 121 111
0 122 48
0 122 50
0 122 100
0 122 101
0 122 145
0 123 29
0 123 43
0 123 83
0 124 24
0 124 44
0 124 97
0 125 54
0 125 66
0 125 135
0 125 137
0 125 145
0 126 21
0 126 31
0 126 40
0 126 66
0 126 83
0 126 135
0 127 15
0 127 23
0 127 50
0 127 52
0 127 54
0 127 77
0 127 114
0 127 122
0 127 127
0 127 139
0 128 116
0 128 125
0 128 126
0 129 31
0 129 59
0 129 71
0 129 78
0 129 89
0 129 95
0 129 118
0 130 18
0 130 19
0 130 26
0 130 49
0 130 72
0 130 127
0 130 139
0 131 17
0 131 23
0 131 32
0 131 60
0 131 89
0 131 97
0 131 121
0 131 139
0 132 6
0 132 46
0 132 61
0 132 66
0 132 72
0 132 125
0 132 135
0 133 17
0 133 88
0 133 92
0 133 97
0 133 144
0 134 36
0 134 43
0 134 69
0 134 81
0 134 96
1 0 17
1 0 23
1 0 29
1 0 39
1 0 59
1 0 75
1 1 55
1 2 12
1 2 27
1 2 48
1 2 57
1 3 30
1 3 39
1 3 69
1 4 25
1 4 32
1 5 5
1 5 7
1 5 30
1 5 31
1 5 37
1 5 42
1 5 69
1 5 81
1 5 90
1 6 4
1 6 7
1 6 57
1 6 93
1 7 24
1 7 63
1 7 76
1 8 49
1 8 51
1 8 68
1 8 81
1 8 84
1 9 11
1 9 67
1 10 14
1 10 43
1 11 7
1 11 52
1 11 80
1 11 85
1 12 2
1 12 10
1 12 16
1 12 19
1 12 42
1 12 89
1 12 90
1 13 1
1 13 12
1 13 25
1 13 49
1 13 63
1 13 70
1 14 22
1 14 83
1 15 36
1 15 39
1 16 34
1 17 4
1 17 5
1 17 12
1 17 15
1 17 77
1 17 86
1 18 44
1 19 6
1 19 8
1 19 16
1 20 94
1 21 31
1 21 43
1 21 58
1 21 59
1 21 67
1 21 83
1 22 0
1 22 13
1 22 67
1 23 8
1 23 28
1 23 37
1 23 58
1 23 59
1 23 63
1 23 95
1 24 72
1 24 90
1 25 23
1 25 37
1 25 60
1 25 61
1 25 65
1 25 87
1 26 13
1 26 14
1 26 15
1 26 21
1 26 51
1 27 41
1 27 66
1 28 13
1 28 23
1 28 59
1 28 71
1 28 72
1 28 77
1 28 78
1 29 12
1 29 33
1 29 60
1 30 19
1 30 20
1 30 35
1 30 67
1 30 71
1 30 84
1 31 30
1 31 38
1 31 44
1 31 61
1 31 64
1 31 75
1 32 13
1 32 22
1 32 42
1 33 2
1 33 25
1 33 37
1 33 67
1 33 89
1 34 5
1 34 28
1 34 35
1 34 68
1 35 8
1 35 93
1 36 10
1 36 12
1 36 14
1 36 25
1 36 31
1 36 61
1 37 3
1 37 62
1 37 65
1 37 74
1 37 87
1 38 4
1 38 36
1 38 37
1 38 45
1 39 48
1 39 80
1 39 84
1 40 12
1 40 48
1 40 91
1 41 50
1 41 82
1 42 41
1 42 56
1 42 74
1 43 0
1 43 22
1 43 94
1 44 21
1 44 22
1 44 42
1 44 57
1 44 91
1 44 96
1 45 4
1 45 22
1 45 37
1 46 24
1 46 28
1 46 65
1 46 86
1 47 15
1 47 38
1 47 45
1 48 81
1 48 93
1 49 6
1 49 21
1 49 48
1 49 56
1 49 86
1 49 87
1 49 93
1 50 20
1 50 22
1 50 51
1 50 58
1 50 89
1 52 13
1 53 38
1 53 52
1 53 54
1 54 17
1 54 60
1 54 90
1 55 38
1 55 73
1 55 92
1 56 39
1 56 48
1 57 12
1 57 57
1 57 61
1 57 64
1 57 67
1 57 90
1 58 15
1 58 52
1 58 53
1 58 60
1 58 68
1 58 73
1 58 91
1 59 6
1 59 25
1 59 35
1 59 58
1 59 64
1 60 34
1 60 36
1 60 46
1 60 83
1 61 27
1 61 63
1 61 91
1 62 6
1 62 42
1 62 54
1 63 27
1 63 28
1 63 30
1 63 71
1 64 4
1 64 55
1 65 2
1 65 8
1 65 19
1 65 32
1 65 70
1 65 72
1 66 48
1 67 28
1 67 39
1 67 84
1 68 14
1 68 16
1 68 28
1 68 62
1 68 66
1 68 88
1 68 91
1 69 17
1 69 28
1 69 89
1 70 14
1 70 16
1 70 31
1 70 66
1 70 73
1 71 24
1 71 26
1 71 28
1 72 0
1 72 33
1 72 92
1 73 29
1 73 58
1 74 0
1 75 4
1 75 18
1 75 23
1 75 33
1 75 44
1 75 45
1 75 47
1 75 48
1 75 61
1 75 90
1 76 0
1 76 10
1 76 12
1 76 18
1 76 47
1 76 55
1 76 87
1 77 11
1 78 9
1 78 76
1 78 94
1 79 15
1 79 44
1 79 49
1 79 59
1 79 83
1 80 2
1 80 32
1 80 67
1 80 69
1 81 33
1 81 39
1 81 73
1 81 91
1 81 92
1 82 34
1 82 84
1 83 2
1 83 14
1 83 52
1 83 58
1 84 16
1 84 34
1 84 70
1 84 78
1 84 95
1 85 0
1 85 31
1 85 59
1 86 0
1 86 17
1 86 68
1 86 96
1 88 59
1 88 95
1 89 7
1 89 78
1 90 22
1 90 63
1 91 11
1 91 21
1 91 68
1 91 81
1 91 92
1 92 86
1 92 90
1 93 51
1 93 76
1 94 1
1 94 38
1 94 81
1 95 4
1 95 7
1 95 20
1 95 24
1 95 60
1 95 94
1 96 52
1 96 66
1 97 9
1 97 32
1 97 56
1 97 75
1 97 94
1 98 13
1 98 29
1 98 78
1 98 95
1 99 12
1 99 24
1 99 25
1 99 67
1 100 7
1 100 12
1 100 66
1 101 17
1 101 21
1 101 49
1 101 53
1 101 86
1 101 93
1 102 54
1 102 60
1 103 16
1 103 65
1 103 68
1 104 22
1 104 71
1 104 88
1 104 92
1 105 19
1 105 22
1 105 29
1 105 35
1 105 40
1 105 58
1 105 76
1 106 3
1 106 27
1 106 55
1 107 21
1 108 18
1 108 20
1 108 44
1 108 53
1 109 1
1 109 54
1 109 87
1 110 86
1 111 63
1 112 2
1 112 36
1 112 46
1 112 52
1 113 9
1 113 26
1 113 53
1 114 35
1 114 53
1 115 11
1 115 24
1 115 61
1 115 65
1 116 10
1 116 78
1 116 93
1 117 8
1 117 21
1 117 28
1 117 89
1 118 61
1 119 19
1 119 29
1 120 21
1 120 55
1 120 56
1 121 16
1 121 19
1 121 26
1 121 33
1 121 44
1 121 55
1 122 9
1 122 37
1 122 49
1 122 74
1 123 38
1 123 87
1 124 35
1 124 42
1 124 78
1 124 82
1 124 89
1 125 5
1 125 23
1 125 71
1 126 10
1 127 13
1 127 41
1 127 91
1 128 84
1 129 7
1 129 55
1 129 89
1 129 95
1 130 48
1 130 49
1 130 51
1 130 67
1 131 57
1 131 85
1 131 87
1 132 8
1 132 55
1 132 64
1 133 42
1 133 47
1 133 80
1 134 18
1 134 58
1 135 14
1 135 43
1 135 64
1 135 66
1 135 75
1 136 10
1 136 74
1 136 75
1 137 29
1 137 51
1 137 89
1 138 60
1 138 65
1 139 41
1 139 44
1 139 58
1 139 66
1 139 94
1 140 24
1 140 77
1 140 84
1 141 47
1 141 62
1 141 73
1 141 87
1 141 94
1 142 9
1 142 14
1 142 33
1 142 45
1 142 67
1 142 77
1 142 89
1 143 24
1 144 64
1 144 88
1 145 94
2 0 21
2 0 49
2 0 53
2 0 56
2 0 100
2 1 57
2 1 63
2 2 42
2 2 48
2 2 80
2 2 84
2 2 94
2 3 91
2 4 37
2 4 46
2 4 65
2 4 71
2 4 86
2 5 26
2 5 61
2 5 78
2 5 90
2 5 95
2 5 101
2 6 48
2 6 53
2 6 56
2 6 74
2 6 80
2 6 84
2 7 58
2 7 60
2 7 77
2 8 15
2 8 21
2 8 54
2 8 70
2 9 43
2 9 46
2 9 69
2 9 84
2 10 63
2 10 98
2 10 102
2 11 18
2 11 58
2 12 16
2 12 56
2 12 60
2 12 87
2 13 2
2 13 49
2 14 53
2 14 57
2 14 97
2 15 8
2 15 24
2 15 35
2 15 89
2 16 25
2 16 75
2 16 82
2 16 97
2 17 54
2 17 85
2 17 90
2 18 6
2 18 11
2 18 24
2 18 77
2 18 90
2 19 18
2 19 20
2 19 31
2 19 33
2 19 68
2 19 74
2 19 78
2 19 99
2 20 16
2 20 25
2 20 33
2 20 40
2 20 76
2 20 80
2 20 82
2 21 78
2 22 11
2 22 45
2 22 47
2 22 71
2 22 80
2 23 38
2 24 12
2 24 19
2 24 37
2 24 77
2 24 95
2 24 96
2 25 76
2 25 93
2 26 4
2 26 24
2 26 33
2 26 50
2 26 51
2 27 22
2 27 75
2 28 85
2 28 101
2 29 3
2 29 19
2 29 31
2 29 63
2 29 79
2 30 17
2 30 32
2 30 35
2 30 63
2 31 2
2 31 3
2 31 23
2 31 29
2 31 30
2 31 53
2 31 86
2 32 25
2 32 81
2 32 82
2 33 4
2 33 29
2 33 42
2 33 43
2 33 49
2 33 63
2 34 3
2 34 18
2 34 36
2 34 46
2 34 82
2 34 89
2 35 63
2 35 73
2 35 74
2 36 2
2 36 4
2 36 36
2 36 66
2 36 90
2 36 101
2 37 1
2 37 7
2 37 21
2 37 24
2 38 14
2 38 57
2 38 58
2 38 77
2 39 9
2 39 49
2 40 8
2 40 58
2 41 21
2 41 42
2 41 47
2 41 57
2 41 74
2 42 5
2 42 27
2 42 74
2 42 94
2 42 103
2 43 19
2 43 69
2 43 82
2 44 83
2 45 7
2 45 21
2 45 33
2 45 50
2 45 63
2 45 67
2 45 73
2 45 88
2 45 98
2 46 30
2 46 33
2 46 63
2 46 87
2 47 75
2 47 84
2 48 32
2 49 18
2 49 20
2 49 54
2 49 55
2 49 68
2 50 34
2 50 45
2 50 66
2 50 74
2 50 81
2 51 13
2 51 38
2 51 51
2 51 63
2 52 32
2 52 38
2 52 81
2 53 59
2 54 44
2 54 61
2 54 80
2 54 103
2 55 1
2 55 5
2 55 44
2 55 46
2 56 15
2 56 47
2 56 48
2 56 89
2 57 11
2 57 38
2 57 81
2 58 34
2 58 47
2 58 97
2 59 60
2 59 99
2 60 34
2 60 67
2 60 84
2 61 10
2 61 18
2 61 20
2 61 26
2 61 58
2 61 62
2 61 65
2 61 80
2 61 93
2 62 31
2 62 37
2 63 42
2 63 51
2 63 64
2 63 79
2 63 87
2 63 91
2 64 5
2 64 15
2 64 16
2 64 44
2 64 46
2 64 80
2 64 82
2 64 84
2 65 56
2 65 60
2 65 71
2 65 88
2 65 100
2 66 7
2 66 37
2 66 43
2 66 61
2 66 69
2 66 90
2 67 5
2 67 35
2 67 41
2 67 53
2 67 71
2 67 74
2 67 84
2 68 8
2 68 45
2 68 56
2 68 75
2 69 65
2 69 73
2 69 79
2 69 87
2 69 97
2 69 100
2 70 11
2 70 13
2 70 33
2 70 72
2 70 86
2 71 11
2 71 40
2 71 67
2 71 93
2 71 101
2 71 102
2 72 48
2 72 77
2 72 79
2 73 15
2 74 48
2 75 27
2 75 38
2 75 62
2 75 70
2 75 73
2 75 102
2 76 6
2 76 11
2 77 1
2 77 12
2 77 22
2 77 40
2 77 95
2 78 2
2 78 7
2 78 23
2 78 64
2 78 67
2 79 29
2 79 80
2 79 102
2 80 101
2 81 0
2 81 56
2 81 77
2 82 41
2 82 85
2 82 89
2 83 26
2 83 56
2 83 64
2 83 81
2 84 53
2 84 71
2 84 83
2 84 103
2 85 19
2 85 53
2 86 11
2 86 23
2 86 37
2 86 56
2 86 57
2 86 61
2 86 68
2 86 98
2 87 54
2 87 58
2 87 72
2 88 19
2 88 77
2 88 90
2 89 20
2 89 34
2 89 47
2 89 69
2 89 72
2 90 33
2 90 45
2 90 64
2 90 86
2 91 18
2 91 82
2 92 7
2 92 59
2 93 30
2 93 67
2 93 81
2 93 100
2 94 49
2 94 87
2 94 92
2 95 4
2 95 29
2 95 37
2 95 42
2 95 57
2 95 102
2 96 4
2 96 8
2 96 27
2 96 30
2 96 39
2 96 41
2 96 84
3 0 8
3 0 26
3 0 54
3 0 61
3 0 98
3 1 73
3 1 85
3 1 102
3 1 108
3 2 1
3 2 14
3 2 28
3 2 41
3 2 47
3 2 55
3 2 59
3 2 74
3 2 78
3 2 83
3 2 111
3 3 8
3 3 51
3 3 56
3 3 57
3 3 58
3 3 85
3 3 113
3 4 15
3 4 63
3 4 100
3 4 102
3 4 109
3 5 15
3 5 41
3 5 102
3 5 110
3 5 113
3 6 14
3 6 43
3 6 55
3 6 83
3 6 117
3 7 14
3 7 20
3 7 40
3 7 85
3 8 69
3 8 114
3 9 0
3 9 35
3 9 83
3 9 86
3 9 89
3 9 114
3 10 12
3 10 19
3 10 22
3 10 84
3 10 112
3 11 3
3 12 4
3 12 62
3 12 93
3 13 5
3 13 67
3 13 71
3 13 110
3 13 116
3 14 19
3 14 30
3 14 39
3 14 57
3 14 101
3 15 7
3 15 86
3 15 90
3 15 99
3 15 104
3 16 6
3 16 46
3 17 21
3 17 75
3 17 76
3 17 86
3 17 93
3 17 94
3 18 8
3 18 11
3 18 28
3 18 48
3 18 49
3 18 94
3 18 96
3 19 15
3 19 40
3 19 60
3 19 97
3 20 6
3 20 34
3 20 63
3 20 66
3 20 91
3 20 115
3 21 41
3 21 67
3 22 40
3 22 41
3 22 43
3 22 57
3 22 62
3 23 0
3 23 6
3 23 25
3 23 36
3 23 50
3 23 68
3 23 86
3 23 111
3 24 7
3 24 9
3 24 15
3 24 20
3 24 39
3 24 41
3 24 102
3 25 20
3 25 117
3 26 27
3 27 5
3 27 34
3 27 35
3 27 39
3 27 87
3 28 3
3 28 43
3 28 113
3 29 6
3 29 48
3 29 64
3 29 117
3 30 4
3 30 26
3 30 67
3 30 78
3 30 93
3 30 96
3 31 7
3 31 8
3 31 12
3 31 14
3 31 15
3 31 19
3 31 27
3 31 74
3 31 92
3 31 98
3 31 102
3 31 110
3 32 0
3 32 4
3 32 46
3 32 49
3 32 63
3 32 65
3 32 75
3 32 101
3 32 104
3 32 116
3 33 14
3 33 43
3 33 73
3 34 38
3 34 47
3 34 87
3 34 92
3 35 31
3 35 43
3 35 96
3 35 114
3 36 4
3 36 30
3 37 8
3 37 39
3 37 43
3 37 57
3 37 71
3 37 104
3 38 49
3 38 68
3 38 114
3 39 0
3 39 47
3 39 49
3 39 63
3 39 91
3 39 101
3 40 40
3 40 65
3 40 76
3 41 12
3 41 18
3 41 20
3 41 32
3 41 44
3 41 48
3 41 59
3 41 68
3 41 77
3 41 80
3 42 39
3 42 46
3 42 50
3 42 83
3 42 117
3 43 2
3 43 10
3 43 18
3 43 62
3 43 63
3 43 64
3 43 72
3 44 8
3 44 28
3 44 75
3 45 0
3 45 2
3 45 23
3 45 31
3 45 112
3 46 15
3 46 29
3 47 7
3 47 13
3 47 15
3 47 18
3 47 19
3 47 64
3 47 97
3 48 12
3 48 25
3 48 62
3 48 91
3 49 25
3 49 42
3 49 60
3 50 4
3 50 51
3 50 100
3 51 4
3 51 35
3 51 42
3 51 47
3 51 70
3 51 107
3 52 64
3 52 99
3 52 117
3 53 28
3 53 53
3 53 114
3 54 2
3 54 10
3 54 30
3 54 35
3 54 47
3 54 77
3 54 83
3 54 96
3 54 97
3 55 27
3 55 48
3 55 93
3 55 95
3 55 98
3 55 100
3 55 102
3 56 78
3 57 63
3 57 81
3 57 105
3 58 1
3 58 59
3 58 80
3 58 92
3 59 85
3 60 20
3 60 48
3 60 113
3 61 33
3 61 47
3 61 52
3 61 67
3 61 95
3 62 31
3 62 77
3 63 36
3 63 47
3 63 73
3 63 77
3 63 91
3 64 8
3 64 22
3 64 68
3 64 108
3 65 6
3 65 32
3 65 56
3 65 85
3 66 11
3 66 21
3 66 78
3 67 69
3 67 88
3 67 116
3 68 36
3 68 55
3 68 83
3 68 87
3 68 90
3 68 93
3 68 94
3 69 2
3 69 46
3 69 55
3 69 89
3 69 116
3 70 25
3 70 69
3 70 104
3 71 109
3 72 52
3 72 60
3 72 84
3 72 106
3 72 111
3 73 12
3 73 37
3 73 75
3 73 93
3 73 95
3 74 61
3 74 109
3 75 8
3 75 9
3 75 45
3 75 53
3 75 58
3 75 82
3 75 86
3 75 102
3 76 5
3 76 57
3 76 68
3 76 79
3 76 88
3 76 89
3 76 93
3 76 104
3 77 17
3 77 54
3 77 92
3 77 110
3 77 113
3 78 7
3 78 18
3 78 19
3 78 27
3 78 28
3 78 63
3 79 24
3 79 29
3 79 60
3 79 65
3 79 66
3 79 90
3 80 4
3 80 5
3 80 11
3 80 19
3 80 31
3 80 51
3 80 58
3 80 70
3 80 76
3 80 90
3 80 106
3 80 115
3 81 19
3 81 51
3 81 81
3 82 11
3 82 24
3 82 33
3 82 49
3 82 93
3 83 56
3 83 99
3 83 108
3 84 4
3 84 30
3 84 33
3 84 73
3 84 91
3 85 87
3 85 93
3 85 95
3 86 57
3 86 69
3 86 79
3 87 34
3 87 52
3 88 25
3 88 49
3 88 60
3 88 66
3 88 95
3 89 85
3 90 27
3 90 32
3 90 63
3 90 65
3 90 83
3 90 84
3 90 105
3 90 107
3 90 113
3 91 15
3 91 29
3 91 45
3 91 47
3 91 55
3 91 82
3 91 114
3 92 0
3 92 9
3 92 16
3 92 22
3 92 63
3 92 79
3 93 5
3 93 30
3 93 42
3 93 47
3 93 67
3 93 68
3 93 103
3 94 4
3 94 16
3 94 43
3 94 114
3 95 10
3 95 25
3 95 39
3 95 95
3 95 96
3 96 6
3 96 12
3 96 18
3 96 37
3 96 41
3 96 61
3 96 74
3 97 6
3 97 25
3 97 81
3 98 18
3 98 30
3 98 59
3 98 61
3 98 67
3 98 73
3 98 91
3 98 93
3 98 114
3 99 6
3 99 19
3 99 27
3 99 59
3 99 80
3 99 98
3 99 117
3 100 21
3 100 24
3 100 28
3 100 38
3 100 69
3 100 107
3 101 19
3 101 24
3 101 44
3 101 62
3 101 71
3 101 72
3 101 80
3 102 18
3 102 32
3 102 42
3 102 49
3 102 62
3 102 77
3 102 101
3 103 43
3 103 45
3 103 85
3 103 100
3 103 105
3 103 115