762
5
149 126 97 131 97
5587

223 0 0 976 281 0 356 0 0 653 0 0 0 905 818 225 687 0 0 623 0 0 0 758 101 0 945 705 714 68 330 69 1000 453 0 769 526 979 26 92 38 0 0 61 0 0 45 0 0 0 0 96 0 0 90 35 50 10 0 0 0 29 0 0 85 92 39 100 0 17 0 0 0 0 0 0 13 51 0 43 0 89 0 0 0 15 88 64 76 9 22 0 33 69 89 61 0 0 23 42 0 0 64 42 79 0 94 0 0 8 17 38 0 30 91 0 0 0 70 0 92 0 39 0 0 76 0 0 0 41 0 0 0 6 20 0 0 0 0 0 0 0 26 0 92 96 100 16 18
0 619 0 637 760 0 633 953 653 705 0 0 713 0 0 486 0 593 781 0 0 534 0 0 879 568 945 0 0 894 0 194 75 76 0 66 77 77 0 0 0 59 0 0 24 0 32 100 0 4 0 10 0 0 0 0 42 0 0 0 99 75 75 0 0 39 38 88 0 6 11 0 0 0 0 0 34 0 54 79 90 0 52 43 23 66 99 11 6 0 53 0 0 74 14 0 9 0 32 91 75 0 0 0 42 0 0 0 0 3 27 64 0 0 0 0 0 0 0 0 0 0 0 0 47 16
296 696 0 0 0 934 0 326 0 0 189 226 0 337 0 0 0 118 965 0 0 0 0 445 0 0 46 0 2 100 0 0 46 0 56 93 61 10 0 31 0 38 0 91 0 82 0 70 0 9 11 0 12 0 0 11 1 70 13 40 0 0 0 88 24 3 0 22 0 93 0 0 64 99 29 90 0 34 33 70 42 0 0 83 29 0 15 92 56 94 35 0 0 0 0 0 0
0 0 0 149 410 0 278 0 20 0 0 302 0 0 0 483 0 481 0 294 116 0 0 0 0 858 268 984 247 0 22 560 0 49 81 0 0 93 0 0 42 72 31 96 38 21 0 63 0 20 16 43 5 0 0 0 0 16 0 0 96 0 0 41 0 0 26 0 0 43 78 0 30 29 0 10 9 52 43 0 11 0 0 0 0 0 0 57 0 0 0 0 74 2 0 0 84 7 76 0 55 3 89 0 0 0 87 13 88 0 16 0 0 56 0 91 0 0 29 0 0 0 0 0 76 6 28 0 42 0 28
0 0 209 501 103 92 504 698 0 0 0 0 0 0 693 861 0 344 0 0 0 0 943 320 0 27 33 0 0 0 0 64 55 0 0 40 18 52 0 0 33 62 27 0 6 0 51 89 0 0 0 0 26 0 71 0 33 0 63 0 41 0 19 22 81 54 0 60 0 0 98 0 48 12 72 30 0 12 0 0 0 14 0 58 31 0 1 0 0 0 0 0 76 0 53 93 0

0 0 9
0 0 11
0 0 13
0 0 15
0 0 17
0 0 29
0 0 75
0 0 115
0 0 122
0 0 124
0 1 2
0 1 11
0 1 12
0 1 14
0 1 17
0 1 29
0 1 32
0 1 43
0 1 59
0 1 72
0 1 94
0 1 108
0 1 117
0 1 119
0 2 13
0 2 16
0 2 19
0 2 42
0 2 43
0 2 46
0 2 65
0 2 78
0 2 85
0 2 93
0 2 108
0 2 116
0 2 118
0 3 7
0 3 14
0 3 16
0 3 20
0 3 22
0 3 24
0 3 28
0 3 44
0 3 59
0 3 71
0 3 82
0 3 93
0 3 108
0 3 109
0 3 118
0 3 122
0 4 2
0 4 3
0 4 25
0 4 30
0 4 31
0 4 53
0 4 67
0 4 121
0 4 122
0 5 15
0 5 20
0 5 28
0 5 43
0 5 65
0 5 88
0 5 93
0 5 97
0 5 107
0 5 117
0 6 9
0 6 12
0 6 15
0 6 20
0 6 25
0 6 37
0 6 41
0 6 57
0 6 61
0 6 63
0 6 114
0 6 119
0 7 7
0 7 21
0 7 27
0 7 31
0 7 46
0 7 52
0 7 60
0 7 64
0 7 79
0 7 90
0 7 105
0 7 111
0 7 117
0 7 125
0 8 5
0 8 7
0 8 29
0 8 46
0 8 52
0 8 75
0 8 79
0 8 80
0 8 91
0 8 104
0 8 115
0 8 120
0 8 121
0 9 0
0 9 12
0 9 17
0 9 28
0 9 36
0 9 47
0 9 52
0 9 65
0 9 78
0 9 96
0 9 112
0 9 115
0 9 121
0 10 2
0 10 6
0 10 21
0 10 62
0 10 79
0 10 84
0 10 91
0 10 114
0 11 0
0 11 2
0 11 23
0 11 24
0 11 33
0 11 52
0 11 54
0 11 70
0 11 74
0 11 75
0 11 92
0 11 93
0 11 120
0 12 2
0 12 3
0 12 10
0 12 13
0 12 14
0 12 38
0 12 39
0 12 66
0 12 78
0 12 81
0 12 88
0 12 122
0 13 0
0 13 2
0 13 20
0 13 22
0 13 23
0 13 28
0 13 38
0 13 48
0 13 53
0 13 68
0 13 81
0 13 95
0 13 97
0 14 8
0 14 11
0 14 17
0 14 28
0 14 34
0 14 42
0 14 43
0 14 46
0 14 64
0 14 86
0 14 104
0 14 105
0 14 106
0 14 109
0 14 119
0 14 124
0 15 0
0 15 4
0 15 16
0 15 25
0 15 50
0 15 53
0 15 56
0 15 87
0 15 101
0 15 102
0 15 104
0 16 11
0 16 13
0 16 15
0 16 19
0 16 23
0 16 28
0 16 31
0 16 37
0 16 38
0 16 54
0 16 55
0 16 57
0 16 121
0 16 125
0 17 11
0 17 25
0 17 36
0 17 45
0 17 54
0 17 65
0 17 68
0 17 85
0 17 87
0 17 104
0 17 106
0 18 1
0 18 9
0 18 19
0 18 45
0 18 48
0 18 83
0 18 92
0 18 120
0 19 0
0 19 11
0 19 33
0 19 38
0 19 64
0 19 66
0 19 105
0 19 106
0 19 107
0 19 108
0 19 118
0 19 122
0 20 2
0 20 3
0 20 4
0 20 21
0 20 28
0 20 32
0 20 48
0 20 77
0 20 83
0 20 102
0 20 106
0 20 114
0 20 115
0 20 121
0 20 124
0 21 33
0 21 56
0 21 57
0 21 61
0 21 74
0 21 83
0 21 117
0 21 120
0 22 5
0 22 8
0 22 13
0 22 16
0 22 21
0 22 25
0 22 30
0 22 38
0 22 55
0 22 61
0 22 66
0 22 80
0 22 85
0 22 90
0 22 101
0 22 106
0 23 20
0 23 21
0 23 60
0 23 78
0 23 82
0 23 86
0 23 96
0 23 99
0 23 104
0 23 124
0 24 0
0 24 2
0 24 3
0 24 6
0 24 19
0 24 22
0 24 25
0 24 34
0 24 45
0 24 53
0 24 61
0 24 62
0 24 72
0 24 87
0 25 6
0 25 10
0 25 17
0 25 35
0 25 41
0 25 79
0 25 94
0 25 96
0 25 105
0 25 109
0 25 112
0 25 118
0 25 124
0 26 8
0 26 17
0 26 26
0 26 33
0 26 36
0 26 63
0 26 67
0 26 91
0 26 104
0 26 123
0 26 124
0 27 4
0 27 8
0 27 10
0 27 12
0 27 46
0 27 59
0 27 79
0 27 84
0 27 92
0 27 98
0 27 110
0 27 117
0 28 6
0 28 30
0 28 37
0 28 49
0 28 55
0 28 77
0 28 81
0 28 86
0 28 100
0 28 105
0 28 119
0 28 123
0 29 2
0 29 10
0 29 13
0 29 15
0 29 44
0 29 48
0 29 51
0 29 65
0 29 72
0 29 76
0 29 84
0 29 101
0 29 116
0 29 119
0 29 125
0 30 5
0 30 11
0 30 16
0 30 18
0 30 31
0 30 34
0 30 41
0 30 49
0 30 50
0 30 59
0 30 60
0 30 64
0 30 83
0 30 89
0 30 98
0 30 103
0 30 119
0 31 9
0 31 10
0 31 17
0 31 25
0 31 27
0 31 53
0 31 73
0 31 82
0 31 84
0 31 97
0 31 119
0 31 123
0 32 8
0 32 14
0 32 16
0 32 17
0 32 22
0 32 23
0 32 29
0 32 37
0 32 46
0 32 52
0 32 54
0 32 57
0 32 70
0 32 74
0 32 75
0 32 81
0 32 88
0 32 89
0 32 101
0 32 112
0 32 113
0 32 124
0 33 3
0 33 32
0 33 62
0 33 76
0 33 108
0 33 115
0 33 117
0 33 122
0 33 124
0 33 125
0 34 21
0 34 34
0 34 53
0 34 75
0 34 88
0 34 108
0 35 21
0 35 29
0 35 40
0 35 43
0 35 45
0 35 47
0 35 51
0 35 53
0 35 60
0 35 63
0 35 64
0 35 76
0 35 86
0 35 102
0 35 113
0 36 30
0 36 38
0 36 68
0 36 93
0 36 100
0 36 109
0 37 3
0 37 4
0 37 33
0 37 34
0 37 63
0 37 79
0 37 81
0 37 85
0 37 97
0 37 105
0 37 112
0 37 115
0 38 42
0 38 57
0 38 65
0 38 74
0 38 82
0 38 87
0 38 89
0 38 92
0 38 96
0 39 0
0 39 18
0 39 31
0 39 40
0 39 50
0 39 52
0 39 55
0 39 58
0 39 67
0 39 76
0 39 82
0 39 99
0 39 107
0 39 108
0 39 125
0 40 6
0 40 13
0 40 21
0 40 22
0 40 28
0 40 31
0 40 34
0 40 50
0 40 51
0 40 72
0 40 75
0 40 110
0 40 114
0 40 117
0 40 123
0 41 8
0 41 23
0 41 24
0 41 42
0 41 43
0 41 86
0 41 90
0 41 93
0 41 105
0 41 123
0 42 3
0 42 7
0 42 14
0 42 20
0 42 38
0 42 39
0 42 47
0 42 60
0 42 75
0 42 76
0 42 77
0 42 78
0 42 99
0 42 101
0 42 113
0 42 122
0 42 125
0 43 0
0 43 18
0 43 40
0 43 41
0 43 43
0 43 58
0 43 68
0 43 81
0 43 83
0 43 113
0 43 115
0 43 117
0 43 123
0 44 3
0 44 13
0 44 16
0 44 33
0 44 34
0 44 39
0 44 56
0 44 58
0 44 59
0 44 77
0 44 89
0 44 125
0 45 5
0 45 33
0 45 51
0 45 68
0 45 74
0 45 87
0 45 105
0 45 109
0 45 116
0 45 118
0 45 120
0 45 124
0 46 0
0 46 1
0 46 5
0 46 6
0 46 12
0 46 17
0 46 18
0 46 22
0 46 28
0 46 59
0 46 73
0 46 76
0 46 78
0 46 82
0 46 99
0 46 100
0 47 7
0 47 12
0 47 31
0 47 46
0 47 67
0 47 92
0 47 104
0 47 114
0 47 115
0 48 7
0 48 12
0 48 33
0 48 38
0 49 0
0 49 14
0 49 38
0 49 50
0 49 55
0 49 57
0 49 62
0 49 64
0 49 72
0 49 98
0 49 101
0 49 109
0 49 113
0 49 121
0 50 2
0 50 6
0 50 8
0 50 31
0 50 33
0 50 42
0 50 57
0 50 58
0 50 60
0 50 69
0 50 79
0 50 81
0 50 102
0 50 104
0 50 116
0 50 124
0 51 3
0 51 25
0 51 34
0 51 46
0 51 57
0 51 62
0 51 63
0 51 67
0 51 72
0 51 73
0 51 79
0 51 82
0 51 91
0 51 92
0 51 104
0 51 107
0 52 33
0 52 39
0 52 40
0 52 53
0 52 69
0 52 72
0 52 73
0 52 79
0 52 85
0 52 86
0 52 92
0 52 94
0 52 95
0 52 106
0 53 7
0 53 8
0 53 9
0 53 14
0 53 15
0 53 18
0 53 21
0 53 22
0 53 33
0 53 36
0 53 45
0 53 48
0 53 61
0 53 72
0 53 75
0 53 81
0 53 83
0 53 113
0 53 124
0 54 10
0 54 28
0 54 29
0 54 46
0 54 60
0 54 62
0 54 64
0 54 72
0 54 83
0 54 86
0 54 90
0 54 105
0 54 108
0 54 124
0 54 125
0 55 0
0 55 3
0 55 15
0 55 17
0 55 19
0 55 22
0 55 35
0 55 58
0 55 60
0 55 74
0 55 93
0 55 101
0 55 103
0 55 110
0 56 5
0 56 10
0 56 12
0 56 19
0 56 23
0 56 24
0 56 36
0 56 47
0 56 81
0 56 93
0 56 97
0 56 99
0 56 104
0 56 118
0 56 119
0 57 0
0 57 7
0 57 23
0 57 36
0 57 53
0 57 59
0 57 94
0 57 106
0 57 109
0 57 114
0 57 120
0 57 124
0 58 14
0 58 20
0 58 22
0 58 26
0 58 28
0 58 33
0 58 34
0 58 38
0 58 50
0 58 60
0 58 66
0 58 71
0 58 80
0 58 92
0 58 108
0 58 118
0 59 6
0 59 35
0 59 39
0 59 41
0 59 47
0 59 48
0 59 53
0 59 71
0 59 72
0 59 73
0 59 86
0 59 90
0 59 91
0 59 93
0 59 97
0 59 115
0 59 117
0 60 11
0 60 12
0 60 16
0 60 27
0 60 31
0 60 42
0 60 63
0 60 72
0 60 76
0 60 91
0 60 97
0 60 116
0 60 125
0 61 11
0 61 12
0 61 24
0 61 26
0 61 29
0 61 55
0 61 62
0 61 66
0 61 84
0 61 93
0 61 101
0 61 116
0 62 7
0 62 11
0 62 21
0 62 31
0 62 33
0 62 40
0 62 42
0 62 43
0 62 46
0 62 47
0 62 50
0 62 67
0 62 79
0 62 84
0 62 88
0 62 92
0 62 98
0 62 101
0 62 104
0 62 106
0 62 107
0 62 123
0 63 5
0 63 7
0 63 11
0 63 40
0 63 46
0 63 52
0 63 54
0 63 55
0 63 61
0 63 72
0 63 73
0 63 79
0 63 84
0 63 95
0 63 116
0 64 2
0 64 12
0 64 21
0 64 24
0 64 41
0 64 43
0 64 49
0 64 61
0 64 70
0 64 71
0 64 75
0 64 82
0 64 101
0 64 116
0 65 5
0 65 15
0 65 20
0 65 21
0 65 33
0 65 53
0 65 78
0 65 87
0 65 92
0 65 101
0 65 111
0 65 118
0 65 123
0 66 0
0 66 1
0 66 2
0 66 5
0 66 7
0 66 19
0 66 22
0 66 28
0 66 33
0 66 54
0 66 55
0 66 66
0 66 72
0 66 76
0 66 77
0 66 84
0 67 14
0 67 15
0 67 17
0 67 25
0 67 31
0 67 37
0 67 49
0 67 57
0 67 85
0 67 102
0 67 103
0 67 112
0 67 125
0 68 8
0 68 22
0 68 28
0 68 36
0 68 43
0 68 50
0 68 51
0 68 55
0 68 68
0 68 72
0 68 73
0 68 85
0 68 88
0 68 106
0 68 119
0 68 122
0 68 123
0 69 2
0 69 4
0 69 17
0 69 25
0 69 27
0 69 41
0 69 45
0 69 50
0 69 64
0 69 66
0 69 74
0 69 77
0 69 79
0 69 82
0 69 91
0 69 113
0 69 119
0 69 124
0 70 7
0 70 30
0 70 39
0 70 40
0 70 54
0 70 77
0 70 93
0 70 111
0 70 120
0 70 121
0 71 0
0 71 8
0 71 20
0 71 27
0 71 28
0 71 29
0 71 34
0 71 47
0 71 54
0 71 68
0 71 70
0 71 72
0 71 77
0 71 118
0 71 121
0 71 123
0 72 1
0 72 9
0 72 15
0 72 28
0 72 72
0 72 74
0 72 84
0 72 86
0 72 93
0 72 103
0 72 104
0 72 117
0 72 118
0 73 9
0 73 10
0 73 26
0 73 34
0 73 40
0 73 41
0 73 54
0 73 62
0 73 64
0 73 71
0 73 75
0 73 83
0 73 86
0 73 93
0 73 95
0 73 99
0 73 110
0 73 111
0 73 117
0 74 7
0 74 24
0 74 25
0 74 29
0 74 41
0 74 74
0 74 75
0 74 93
0 74 106
0 74 123
0 75 3
0 75 11
0 75 23
0 75 27
0 75 29
0 75 30
0 75 33
0 75 51
0 75 59
0 75 74
0 75 81
0 75 86
0 75 93
0 75 97
0 75 113
0 76 4
0 76 24
0 76 28
0 76 44
0 76 63
0 76 79
0 76 83
0 76 86
0 76 96
0 76 99
0 76 119
0 77 2
0 77 14
0 77 35
0 77 36
0 77 39
0 77 42
0 77 54
0 77 56
0 77 58
0 77 60
0 77 72
0 77 85
0 77 89
0 77 113
0 77 121
0 78 0
0 78 5
0 78 37
0 78 44
0 78 53
0 78 69
0 78 73
0 78 80
0 78 84
0 78 89
0 79 1
0 79 14
0 79 17
0 79 25
0 79 29
0 79 33
0 79 45
0 79 50
0 79 52
0 79 67
0 79 82
0 79 87
0 79 88
0 79 114
0 79 115
0 79 125
0 80 7
0 80 8
0 80 13
0 80 19
0 80 28
0 80 31
0 80 32
0 80 49
0 80 52
0 80 59
0 80 62
0 80 99
0 80 100
0 80 103
0 80 120
0 81 27
0 81 34
0 81 39
0 81 45
0 81 48
0 81 56
0 81 70
0 81 78
0 81 79
0 81 81
0 81 85
0 81 101
0 81 118
0 82 9
0 82 14
0 82 22
0 82 33
0 82 34
0 82 37
0 82 51
0 82 89
0 82 95
0 82 106
0 83 2
0 83 11
0 83 21
0 83 25
0 83 43
0 83 54
0 83 62
0 83 69
0 83 92
0 83 106
0 83 111
0 83 121
0 83 123
0 83 125
0 84 0
0 84 5
0 84 13
0 84 23
0 84 56
0 84 61
0 84 65
0 84 86
0 84 89
0 84 94
0 84 95
0 84 97
0 84 124
0 85 0
0 85 5
0 85 20
0 85 29
0 85 36
0 85 37
0 85 39
0 85 61
0 85 71
0 85 95
0 85 111
0 85 112
0 86 8
0 86 17
0 86 24
0 86 26
0 86 31
0 86 45
0 86 46
0 86 49
0 86 59
0 86 66
0 86 73
0 86 83
0 86 94
0 86 102
0 86 111
0 86 113
0 86 118
0 86 124
0 87 8
0 87 16
0 87 23
0 87 25
0 87 35
0 87 45
0 87 50
0 87 59
0 87 64
0 87 74
0 87 84
0 87 87
0 87 92
0 87 108
0 87 113
0 87 114
0 87 115
0 87 121
0 88 0
0 88 9
0 88 15
0 88 44
0 88 46
0 88 51
0 88 57
0 88 67
0 88 68
0 88 76
0 88 81
0 88 90
0 88 95
0 88 105
0 88 118
0 89 28
0 89 30
0 89 50
0 89 56
0 89 67
0 89 68
0 89 71
0 89 86
0 90 12
0 90 25
0 90 32
0 90 38
0 90 77
0 90 80
0 90 102
0 90 103
0 90 105
0 91 4
0 91 6
0 91 8
0 91 17
0 91 19
0 91 34
0 91 45
0 91 49
0 91 50
0 91 52
0 91 87
0 91 91
0 91 108
0 91 111
0 91 118
0 91 120
0 92 1
0 92 5
0 92 6
0 92 10
0 92 17
0 92 24
0 92 40
0 92 41
0 92 60
0 92 73
0 92 85
0 92 88
0 92 100
0 92 106
0 92 113
0 92 115
0 93 6
0 93 18
0 93 49
0 93 53
0 93 67
0 93 73
0 93 76
0 93 84
0 93 87
0 93 97
0 93 111
0 93 113
0 93 123
0 94 10
0 94 37
0 94 39
0 94 41
0 94 46
0 94 48
0 94 50
0 94 60
0 94 75
0 94 91
0 95 7
0 95 9
0 95 13
0 95 25
0 95 27
0 95 78
0 95 87
0 95 89
0 95 90
0 95 107
0 95 123
0 96 11
0 96 17
0 96 22
0 96 43
0 96 64
0 96 74
0 96 93
0 97 10
0 97 28
0 97 44
0 97 51
0 97 86
0 97 99
0 97 114
0 97 115
0 97 119
0 97 122
0 98 48
0 98 54
0 98 62
0 98 63
0 98 71
0 98 78
0 98 82
0 98 86
0 98 88
0 98 96
0 98 98
0 98 109
0 98 115
0 98 119
0 99 13
0 99 16
0 99 18
0 99 23
0 99 31
0 99 74
0 99 85
0 99 87
0 99 89
0 99 92
0 99 94
0 99 105
0 99 115
0 99 119
0 100 0
0 100 35
0 100 62
0 100 77
0 100 80
0 100 88
0 100 91
0 100 120
0 100 121
0 101 2
0 101 11
0 101 13
0 101 28
0 101 36
0 101 45
0 101 60
0 101 68
0 101 76
0 101 85
0 101 89
0 101 95
0 101 98
0 101 106
0 101 116
0 101 122
0 101 125
0 102 5
0 102 26
0 102 31
0 102 41
0 102 46
0 102 59
0 102 62
0 102 72
0 102 83
0 102 91
0 102 94
0 103 35
0 103 42
0 103 48
0 103 50
0 103 62
0 103 66
0 103 70
0 103 73
0 103 75
0 103 83
0 103 94
0 103 115
0 103 117
0 103 122
0 104 11
0 104 21
0 104 30
0 104 35
0 104 50
0 104 55
0 104 91
0 104 103
0 104 113
0 104 117
0 104 123
0 105 0
0 105 1
0 105 2
0 105 8
0 105 10
0 105 20
0 105 25
0 105 42
0 105 43
0 105 48
0 105 55
0 105 61
0 105 93
0 105 109
0 106 1
0 106 2
0 106 52
0 106 61
0 106 91
0 106 98
0 106 111
0 107 5
0 107 11
0 107 23
0 107 43
0 107 60
0 107 65
0 107 73
0 107 74
0 107 113
0 107 116
0 108 28
0 108 33
0 108 35
0 108 46
0 108 88
0 108 102
0 108 105
0 108 122
0 109 6
0 109 12
0 109 16
0 109 20
0 109 24
0 109 28
0 109 31
0 109 56
0 109 62
0 109 64
0 109 73
0 109 82
0 109 97
0 109 98
0 109 101
0 109 110
0 110 20
0 110 27
0 110 29
0 110 44
0 110 60
0 110 65
0 110 67
0 110 84
0 110 88
0 110 93
0 111 5
0 111 21
0 111 67
0 111 70
0 111 74
0 111 91
0 111 94
0 111 107
0 111 108
0 111 114
0 112 24
0 112 41
0 112 57
0 112 59
0 112 61
0 112 71
0 112 80
0 112 97
0 112 107
0 112 109
0 112 111
0 112 119
0 113 9
0 113 14
0 113 23
0 113 56
0 113 73
0 113 120
0 114 0
0 114 2
0 114 3
0 114 15
0 114 16
0 114 24
0 114 33
0 114 40
0 114 41
0 114 53
0 114 59
0 114 62
0 114 65
0 114 69
0 114 85
0 114 86
0 114 89
0 114 94
0 115 0
0 115 24
0 115 38
0 115 41
0 115 50
0 115 56
0 115 61
0 115 69
0 115 78
0 115 81
0 115 87
0 115 94
0 115 104
0 115 116
0 116 4
0 116 6
0 116 9
0 116 26
0 116 31
0 116 48
0 116 62
0 116 64
0 116 66
0 116 70
0 116 76
0 116 99
0 116 113
0 116 117
0 116 118
0 117 28
0 117 65
0 117 91
0 117 102
0 117 121
0 117 125
0 118 13
0 118 21
0 118 34
0 118 54
0 118 55
0 118 60
0 118 64
0 118 66
0 118 73
0 118 74
0 118 89
0 118 96
0 118 98
0 118 100
0 118 117
0 118 123
0 118 124
0 119 18
0 119 21
0 119 32
0 119 38
0 119 42
0 119 64
0 119 78
0 119 93
0 119 94
0 119 104
0 119 120
0 119 122
0 120 8
0 120 13
0 120 33
0 120 39
0 120 70
0 120 81
0 120 85
0 120 116
0 120 122
0 121 8
0 121 28
0 121 29
0 121 51
0 121 53
0 121 75
0 121 90
0 121 95
0 121 97
0 121 107
0 122 45
0 122 78
0 122 80
0 122 83
0 123 5
0 123 19
0 123 24
0 123 25
0 123 27
0 123 29
0 123 50
0 123 55
0 123 75
0 123 81
0 123 90
0 123 93
0 123 99
0 123 106
0 123 116
0 123 119
0 124 4
0 124 12
0 124 29
0 124 34
0 124 40
0 124 42
0 124 49
0 124 59
0 124 63
0 124 69
0 124 94
0 124 104
0 124 107
0 124 108
0 124 119
0 125 14
0 125 16
0 125 17
0 125 18
0 125 50
0 125 62
0 125 66
0 125 72
0 125 75
0 125 76
0 125 79
0 125 83
0 125 96
0 125 97
0 125 114
0 125 116
0 125 125
0 126 2
0 126 12
0 126 14
0 126 17
0 126 18
0 126 22
0 126 25
0 126 31
0 126 50
0 126 52
0 126 55
0 126 63
0 126 102
0 126 112
0 126 115
0 127 20
0 127 23
0 127 28
0 127 39
0 127 45
0 127 50
0 127 57
0 127 66
0 127 67
0 127 68
0 127 72
0 127 81
0 127 113
0 128 50
0 128 51
0 128 60
0 128 62
0 128 68
0 128 71
0 128 77
0 128 95
0 128 102
0 128 106
0 128 116
0 129 3
0 129 10
0 129 24
0 129 33
0 129 53
0 129 69
0 129 89
0 129 90
0 129 101
0 129 119
0 130 1
0 130 3
0 130 9
0 130 25
0 130 30
0 130 52
0 130 74
0 130 87
0 130 93
0 130 103
0 130 110
0 130 118
0 131 7
0 131 23
0 131 26
0 131 53
0 131 65
0 131 79
0 131 98
0 131 100
0 131 117
0 131 119
0 132 6
0 132 8
0 132 17
0 132 22
0 132 29
0 132 47
0 132 50
0 132 85
0 132 87
0 132 89
0 132 98
0 133 11
0 133 13
0 133 46
0 133 56
0 133 62
0 133 63
0 133 64
0 133 109
0 133 110
0 133 117
0 134 47
0 134 48
0 134 53
0 134 61
0 134 62
0 134 67
0 134 72
0 134 78
0 134 91
0 134 103
0 134 105
0 134 112
0 134 118
0 135 7
0 135 29
0 135 55
0 135 70
0 135 72
0 135 78
0 135 102
0 135 115
0 136 3
0 136 17
0 136 31
0 136 55
0 136 61
0 136 69
0 136 78
0 136 87
0 136 89
0 136 90
0 136 96
0 136 103
0 136 104
0 136 118
0 136 121
0 136 122
0 137 8
0 137 53
0 137 63
0 137 68
0 137 80
0 137 83
0 137 95
0 137 97
0 137 100
0 137 107
0 137 110
0 138 10
0 138 22
0 138 45
0 138 47
0 138 63
0 138 70
0 138 91
0 138 92
0 138 94
0 138 106
0 138 108
0 138 109
0 138 119
0 139 0
0 139 21
0 139 22
0 139 26
0 139 29
0 139 31
0 139 34
0 139 53
0 139 63
0 139 64
0 139 77
0 139 80
0 139 90
0 139 92
0 139 103
0 139 112
0 139 114
0 139 116
0 140 1
0 140 4
0 140 26
0 140 43
0 140 72
0 140 77
0 140 99
0 140 102
0 140 108
0 140 121
0 141 3
0 141 13
0 141 28
0 141 36
0 141 66
0 141 83
0 141 91
0 141 95
0 141 99
0 141 101
0 141 114
0 141 117
0 141 120
0 142 5
0 142 11
0 142 22
0 142 27
0 142 56
0 142 79
0 142 87
0 142 125
0 143 8
0 143 19
0 143 20
0 143 22
0 143 25
0 143 34
0 143 35
0 143 40
0 143 41
0 143 63
0 143 66
0 143 67
0 143 71
0 143 73
0 143 79
0 143 81
0 143 85
0 143 93
0 143 101
0 143 120
0 144 39
0 144 45
0 144 55
0 144 70
0 144 74
0 144 76
0 144 82
0 144 85
0 144 87
0 144 114
0 145 14
0 145 25
0 145 52
0 145 60
0 145 99
0 145 108
0 145 117
0 146 1
0 146 5
0 146 11
0 146 42
0 146 48
0 146 53
0 146 58
0 146 60
0 146 75
0 146 82
0 146 93
0 146 111
0 146 114
0 146 122
0 146 123
0 147 2
0 147 32
0 147 43
0 147 45
0 147 81
0 147 92
0 147 94
0 147 114
0 147 119
0 147 125
0 148 62
0 148 86
0 148 101
0 148 106
0 148 120
1 0 1
1 0 2
1 0 22
1 0 23
1 0 24
1 0 25
1 0 42
1 0 49
1 0 62
1 0 65
1 0 75
1 0 81
1 0 94
1 0 96
1 1 15
1 1 18
1 1 30
1 1 52
1 1 58
1 1 93
1 1 96
1 2 1
1 2 29
1 2 37
1 2 38
1 2 47
1 2 56
1 2 63
1 2 64
1 2 90
1 3 24
1 3 26
1 3 32
1 3 38
1 3 48
1 3 52
1 3 59
1 3 74
1 3 87
1 4 9
1 4 21
1 4 28
1 4 30
1 4 36
1 4 43
1 4 45
1 4 76
1 4 82
1 4 95
1 5 27
1 5 59
1 5 61
1 5 66
1 5 68
1 5 79
1 5 80
1 5 84
1 5 94
1 6 4
1 6 17
1 6 18
1 6 37
1 6 55
1 6 57
1 6 69
1 6 76
1 6 79
1 7 6
1 7 15
1 7 25
1 7 34
1 7 36
1 7 45
1 7 50
1 7 57
1 7 70
1 7 77
1 8 8
1 8 26
1 8 27
1 8 33
1 8 41
1 8 47
1 8 63
1 8 66
1 8 72
1 9 13
1 9 20
1 9 21
1 9 22
1 9 27
1 9 46
1 9 52
1 9 85
1 10 2
1 10 13
1 10 32
1 10 33
1 10 43
1 10 48
1 10 51
1 10 56
1 10 61
1 10 84
1 10 91
1 11 10
1 11 17
1 11 21
1 11 22
1 11 34
1 11 49
1 11 51
1 11 70
1 11 71
1 11 73
1 11 75
1 11 87
1 11 92
1 12 2
1 12 12
1 12 33
1 12 36
1 12 42
1 12 55
1 12 57
1 12 60
1 12 73
1 12 90
1 12 93
1 12 96
1 13 8
1 13 9
1 13 25
1 13 31
1 13 36
1 13 38
1 13 50
1 13 74
1 13 83
1 13 88
1 13 91
1 13 95
1 14 0
1 14 29
1 14 30
1 14 38
1 14 55
1 14 59
1 14 63
1 14 94
1 15 0
1 15 3
1 15 31
1 15 41
1 15 49
1 15 57
1 15 59
1 15 60
1 15 61
1 15 68
1 15 80
1 15 85
1 16 0
1 16 7
1 16 38
1 16 40
1 16 43
1 16 62
1 16 75
1 16 80
1 16 87
1 16 89
1 16 90
1 16 93
1 17 10
1 17 21
1 17 22
1 17 25
1 17 30
1 17 43
1 17 58
1 17 80
1 17 87
1 18 14
1 18 30
1 18 31
1 18 46
1 18 56
1 18 66
1 18 70
1 18 76
1 18 90
1 18 93
1 18 96
1 19 7
1 19 32
1 19 39
1 19 48
1 19 53
1 19 54
1 19 56
1 19 62
1 19 63
1 19 68
1 19 69
1 20 10
1 20 30
1 20 36
1 20 53
1 20 66
1 20 78
1 20 84
1 20 91
1 20 93
1 21 2
1 21 13
1 21 14
1 21 20
1 21 76
1 21 80
1 21 81
1 21 87
1 21 92
1 21 93
1 22 11
1 22 15
1 22 40
1 22 51
1 22 68
1 22 71
1 22 91
1 23 0
1 23 2
1 23 4
1 23 21
1 23 27
1 23 66
1 23 93
1 24 23
1 24 30
1 24 35
1 24 46
1 24 47
1 24 52
1 24 70
1 24 90
1 25 7
1 25 11
1 25 21
1 25 31
1 25 33
1 25 39
1 25 62
1 25 78
1 25 86
1 25 96
1 26 30
1 26 33
1 26 53
1 26 61
1 26 67
1 26 77
1 26 95
1 27 13
1 27 51
1 27 52
1 27 63
1 27 65
1 27 71
1 27 76
1 28 1
1 28 4
1 28 8
1 28 14
1 28 29
1 28 51
1 28 59
1 28 61
1 28 65
1 28 66
1 28 87
1 28 94
1 28 96
1 29 17
1 29 24
1 29 28
1 29 29
1 29 35
1 29 37
1 29 55
1 29 60
1 29 73
1 29 74
1 29 77
1 29 93
1 30 0
1 30 41
1 30 45
1 30 59
1 30 69
1 30 71
1 30 73
1 30 75
1 30 94
1 31 4
1 31 14
1 31 22
1 31 50
1 31 56
1 31 67
1 31 73
1 31 78
1 31 82
1 31 94
1 31 95
1 32 27
1 32 28
1 32 32
1 32 37
1 32 39
1 32 42
1 32 57
1 32 60
1 32 61
1 32 62
1 32 70
1 32 91
1 32 93
1 33 3
1 33 11
1 33 19
1 33 28
1 33 31
1 33 41
1 33 54
1 33 80
1 34 1
1 34 6
1 34 15
1 34 16
1 34 19
1 34 22
1 34 28
1 34 30
1 34 63
1 34 77
1 35 3
1 35 5
1 35 14
1 35 16
1 35 22
1 35 35
1 35 48
1 35 54
1 35 57
1 35 75
1 36 8
1 36 12
1 36 20
1 36 59
1 36 89
1 36 95
1 37 0
1 37 8
1 37 13
1 37 16
1 37 30
1 37 45
1 37 54
1 37 62
1 37 63
1 37 71
1 37 93
1 37 95
1 38 3
1 38 8
1 38 26
1 38 28
1 38 29
1 38 46
1 38 82
1 39 9
1 39 23
1 39 27
1 39 35
1 39 62
1 39 81
1 39 84
1 39 89
1 39 94
1 40 6
1 40 16
1 40 28
1 40 48
1 40 49
1 40 56
1 40 68
1 40 69
1 41 0
1 41 3
1 41 6
1 41 9
1 41 16
1 41 21
1 41 23
1 41 26
1 41 32
1 41 41
1 41 43
1 41 63
1 41 65
1 41 66
1 41 83
1 41 88
1 41 96
1 42 8
1 42 15
1 42 19
1 42 26
1 42 29
1 42 30
1 42 33
1 42 41
1 42 44
1 42 74
1 42 86
1 42 91
1 43 18
1 43 44
1 43 47
1 43 48
1 43 57
1 43 82
1 43 90
1 44 9
1 44 10
1 44 24
1 44 29
1 44 30
1 44 32
1 44 33
1 44 51
1 44 63
1 44 71
1 44 73
1 44 83
1 44 92
1 45 8
1 45 17
1 45 44
1 45 45
1 45 53
1 45 55
1 45 94
1 45 96
1 46 5
1 46 12
1 46 13
1 46 45
1 46 46
1 46 55
1 46 81
1 47 15
1 47 17
1 47 25
1 47 26
1 47 31
1 47 32
1 47 36
1 47 38
1 47 46
1 47 51
1 47 57
1 47 61
1 47 68
1 47 76
1 47 78
1 48 19
1 48 30
1 48 34
1 48 39
1 48 53
1 48 65
1 48 72
1 48 76
1 48 78
1 48 79
1 48 85
1 48 88
1 48 92
1 49 3
1 49 7
1 49 21
1 49 22
1 49 36
1 49 37
1 49 38
1 49 41
1 49 55
1 49 56
1 49 65
1 49 85
1 49 91
1 49 94
1 50 5
1 50 6
1 50 7
1 50 15
1 50 19
1 50 23
1 50 26
1 50 37
1 50 40
1 50 57
1 50 83
1 50 96
1 51 5
1 51 13
1 51 24
1 51 32
1 51 44
1 51 60
1 51 74
1 51 86
1 51 88
1 52 4
1 52 12
1 52 18
1 52 20
1 52 21
1 52 46
1 52 47
1 52 53
1 52 60
1 52 75
1 53 9
1 53 20
1 53 23
1 53 37
1 53 40
1 53 53
1 53 60
1 53 63
1 53 73
1 53 78
1 53 82
1 53 88
1 54 1
1 54 43
1 54 60
1 54 82
1 54 92
1 54 95
1 55 3
1 55 13
1 55 20
1 55 51
1 55 58
1 55 65
1 55 71
1 56 1
1 56 13
1 56 14
1 56 17
1 56 43
1 56 48
1 56 52
1 56 61
1 56 71
1 56 80
1 56 91
1 56 93
1 57 14
1 57 21
1 57 45
1 57 51
1 57 53
1 57 57
1 57 69
1 57 81
1 57 84
1 57 93
1 58 13
1 58 27
1 58 31
1 58 62
1 58 66
1 58 67
1 58 76
1 58 92
1 58 96
1 59 23
1 59 30
1 59 31
1 59 43
1 59 54
1 59 70
1 59 72
1 59 93
1 60 0
1 60 6
1 60 28
1 60 30
1 60 34
1 60 38
1 60 41
1 60 43
1 60 74
1 60 75
1 60 92
1 61 23
1 61 43
1 61 46
1 61 52
1 61 61
1 61 64
1 61 70
1 61 73
1 61 77
1 62 0
1 62 4
1 62 7
1 62 10
1 62 22
1 62 25
1 62 26
1 62 42
1 62 43
1 62 53
1 62 58
1 62 77
1 62 92
1 63 9
1 63 43
1 63 44
1 63 62
1 63 74
1 64 2
1 64 14
1 64 22
1 64 40
1 64 48
1 64 50
1 64 67
1 64 76
1 64 78
1 64 91
1 65 5
1 65 7
1 65 12
1 65 17
1 65 27
1 65 28
1 65 32
1 65 44
1 65 46
1 65 53
1 65 55
1 65 56
1 65 76
1 66 1
1 66 4
1 66 10
1 66 13
1 66 29
1 66 35
1 66 37
1 66 38
1 66 41
1 66 43
1 66 62
1 66 75
1 66 87
1 66 93
1 67 5
1 67 21
1 67 42
1 67 66
1 67 69
1 67 78
1 67 80
1 67 88
1 68 21
1 68 31
1 68 38
1 68 53
1 68 60
1 68 63
1 68 72
1 68 89
1 68 92
1 69 2
1 69 3
1 69 8
1 69 11
1 69 18
1 69 23
1 69 42
1 69 49
1 69 50
1 69 57
1 69 67
1 69 69
1 69 85
1 69 96
1 70 14
1 70 20
1 70 29
1 70 30
1 70 36
1 70 38
1 70 48
1 70 55
1 70 58
1 70 86
1 71 1
1 71 3
1 71 17
1 71 18
1 71 24
1 71 33
1 71 54
1 71 81
1 71 93
1 72 0
1 72 23
1 72 27
1 72 34
1 72 37
1 72 53
1 72 55
1 72 60
1 72 67
1 72 74
1 72 77
1 73 0
1 73 4
1 73 8
1 73 26
1 73 33
1 73 42
1 73 45
1 73 55
1 73 58
1 73 59
1 73 60
1 73 72
1 73 74
1 73 84
1 74 3
1 74 8
1 74 20
1 74 28
1 74 29
1 74 36
1 74 37
1 74 40
1 74 56
1 74 61
1 74 80
1 74 85
1 74 89
1 74 96
1 75 4
1 75 9
1 75 29
1 75 46
1 75 57
1 75 72
1 75 74
1 75 75
1 75 77
1 75 80
1 75 83
1 76 2
1 76 16
1 76 17
1 76 18
1 76 60
1 76 72
1 76 94
1 77 11
1 77 29
1 77 31
1 77 52
1 77 56
1 77 57
1 77 66
1 77 72
1 77 78
1 77 81
1 77 85
1 77 88
1 78 10
1 78 21
1 78 27
1 78 31
1 78 38
1 78 55
1 78 60
1 78 66
1 78 71
1 78 76
1 78 77
1 78 84
1 78 95
1 79 4
1 79 7
1 79 16
1 79 20
1 79 21
1 79 41
1 79 62
1 79 65
1 79 67
1 79 68
1 79 73
1 79 76
1 80 3
1 80 9
1 80 16
1 80 23
1 80 42
1 80 46
1 80 61
1 80 62
1 80 67
1 80 71
1 80 72
1 80 73
1 80 80
1 81 6
1 81 18
1 81 30
1 81 39
1 81 80
1 81 84
1 81 93
1 82 6
1 82 8
1 82 23
1 82 26
1 82 56
1 82 57
1 82 87
1 82 88
1 82 95
1 83 4
1 83 11
1 83 13
1 83 23
1 83 24
1 83 31
1 83 34
1 83 50
1 83 57
1 83 62
1 83 73
1 84 0
1 84 1
1 84 14
1 84 20
1 84 21
1 84 42
1 84 51
1 84 54
1 84 56
1 84 59
1 84 79
1 85 6
1 85 13
1 85 19
1 85 30
1 85 46
1 85 53
1 85 58
1 85 59
1 85 60
1 85 68
1 85 81
1 85 91
1 86 10
1 86 28
1 86 30
1 86 41
1 86 50
1 86 55
1 86 57
1 86 78
1 86 80
1 86 81
1 86 91
1 87 22
1 87 34
1 87 39
1 87 40
1 87 42
1 87 58
1 87 76
1 87 79
1 87 93
1 88 1
1 88 12
1 88 15
1 88 24
1 88 36
1 88 53
1 88 65
1 88 68
1 88 81
1 88 83
1 89 2
1 89 23
1 89 31
1 89 46
1 89 48
1 89 50
1 89 75
1 89 80
1 89 87
1 90 5
1 90 42
1 90 58
1 90 73
1 90 79
1 90 80
1 90 82
1 90 90
1 91 0
1 91 2
1 91 4
1 91 12
1 91 18
1 91 41
1 91 58
1 91 61
1 91 72
1 91 77
1 91 84
1 92 33
1 92 51
1 92 56
1 92 67
1 92 70
1 92 74
1 92 93
1 93 0
1 93 18
1 93 35
1 93 44
1 93 45
1 93 48
1 93 61
1 93 67
1 93 70
1 93 79
1 93 84
1 94 0
1 94 1
1 94 8
1 94 25
1 94 29
1 94 30
1 94 31
1 94 34
1 94 41
1 94 54
1 94 57
1 94 71
1 94 73
1 94 91
1 94 93
1 95 4
1 95 5
1 95 12
1 95 19
1 95 29
1 95 33
1 95 51
1 95 80
1 95 91
1 96 15
1 96 64
1 96 70
1 97 16
1 97 32
1 97 33
1 97 44
1 97 79
1 97 80
1 97 82
1 97 93
1 98 0
1 98 6
1 98 8
1 98 9
1 98 31
1 98 35
1 98 36
1 98 39
1 98 42
1 98 62
1 98 64
1 98 74
1 98 77
1 98 81
1 98 86
1 99 8
1 99 19
1 99 34
1 99 41
1 99 47
1 99 57
1 99 71
1 99 77
1 99 78
1 99 82
1 99 87
1 99 91
1 100 8
1 100 17
1 100 33
1 100 45
1 100 57
1 100 95
1 101 18
1 101 21
1 101 27
1 101 35
1 101 39
1 101 51
1 101 77
1 102 11
1 102 20
1 102 21
1 102 28
1 102 40
1 102 43
1 102 58
1 102 73
1 102 79
1 102 85
1 102 87
1 102 91
1 102 95
1 103 9
1 103 17
1 103 35
1 103 40
1 103 42
1 103 53
1 103 56
1 103 78
1 103 79
1 103 85
1 104 1
1 104 18
1 104 29
1 104 30
1 104 48
1 104 56
1 104 60
1 104 65
1 104 67
1 104 68
1 104 89
1 105 18
1 105 25
1 105 32
1 105 42
1 105 59
1 105 64
1 105 73
1 105 79
1 105 91
1 105 95
1 106 2
1 106 18
1 106 36
1 106 47
1 106 59
1 106 76
1 106 91
1 106 94
1 107 59
1 107 71
1 107 84
1 107 90
1 107 95
1 108 2
1 108 9
1 108 42
1 108 45
1 108 49
1 108 77
1 108 84
1 109 13
1 109 14
1 109 17
1 109 31
1 109 39
1 109 42
1 109 43
1 109 57
1 109 64
1 109 74
1 109 80
1 109 82
1 109 84
1 110 1
1 110 6
1 110 37
1 110 38
1 110 42
1 110 49
1 110 58
1 110 68
1 110 91
1 111 5
1 111 17
1 111 29
1 111 31
1 111 41
1 111 70
1 111 72
1 111 81
1 111 82
1 111 84
1 111 89
1 111 95
1 112 2
1 112 13
1 112 21
1 112 25
1 112 26
1 112 27
1 112 29
1 112 62
1 112 63
1 112 73
1 112 78
1 112 86
1 113 2
1 113 5
1 113 11
1 113 27
1 113 28
1 113 52
1 113 53
1 113 54
1 113 65
1 113 75
1 113 76
1 113 85
1 114 6
1 114 10
1 114 16
1 114 18
1 114 19
1 114 28
1 114 37
1 114 46
1 114 57
1 114 60
1 114 63
1 114 66
1 115 0
1 115 4
1 115 20
1 115 24
1 115 34
1 115 39
1 115 46
1 115 77
1 115 89
1 115 90
1 116 8
1 116 20
1 116 21
1 116 28
1 116 29
1 116 38
1 116 42
1 116 53
1 116 57
1 116 64
1 116 85
1 117 17
1 117 42
1 117 51
1 117 55
1 117 72
1 117 74
1 117 78
1 118 4
1 118 13
1 118 24
1 118 28
1 118 56
1 118 95
1 119 14
1 119 23
1 119 24
1 119 46
1 119 53
1 119 66
1 119 69
1 119 77
1 119 80
1 119 82
1 119 88
1 120 7
1 120 30
1 120 48
1 120 53
1 120 63
1 120 78
1 120 87
1 120 88
1 121 0
1 121 20
1 121 25
1 121 28
1 121 39
1 121 41
1 121 44
1 121 48
1 121 53
1 121 59
1 121 60
1 121 73
1 121 95
1 122 5
1 122 8
1 122 23
1 122 26
1 122 39
1 122 47
1 122 52
1 122 53
1 122 90
1 122 92
1 123 15
1 123 37
1 123 40
1 123 46
1 123 66
1 123 72
1 123 89
1 123 90
1 123 91
1 124 3
1 124 6
1 124 8
1 124 26
1 124 28
1 124 78
1 124 90
1 124 94
1 124 96
1 125 4
1 125 17
1 125 30
1 125 40
1 125 53
1 125 71
1 125 81
1 125 83
1 125 94
1 125 96
2 0 7
2 0 21
2 0 23
2 0 42
2 0 53
2 0 72
2 0 78
2 0 81
2 0 91
2 0 121
2 1 3
2 1 44
2 1 50
2 1 52
2 1 54
2 1 55
2 1 71
2 1 93
2 1 105
2 1 106
2 1 109
2 2 2
2 2 5
2 2 15
2 2 35
2 2 60
2 2 71
2 2 79
2 2 116
2 2 129
2 3 4
2 3 16
2 3 52
2 3 64
2 3 65
2 3 82
2 3 88
2 3 91
2 3 93
2 3 95
2 3 110
2 3 122
2 4 8
2 4 20
2 4 28
2 4 31
2 4 43
2 4 48
2 4 55
2 4 58
2 4 63
2 4 65
2 4 66
2 4 68
2 4 73
2 4 96
2 4 104
2 4 112
2 4 117
2 5 13
2 5 18
2 5 20
2 5 23
2 5 46
2 5 47
2 5 49
2 5 57
2 5 61
2 5 73
2 5 75
2 5 83
2 5 85
2 5 92
2 5 103
2 5 122
2 6 8
2 6 10
2 6 39
2 6 86
2 6 104
2 6 109
2 6 116
2 6 121
2 6 125
2 7 3
2 7 13
2 7 39
2 7 43
2 7 44
2 7 46
2 7 51
2 7 55
2 7 72
2 7 75
2 7 81
2 8 2
2 8 3
2 8 11
2 8 16
2 8 26
2 8 28
2 8 32
2 8 58
2 8 65
2 8 75
2 8 76
2 8 82
2 8 99
2 8 100
2 8 117
2 8 130
2 9 10
2 9 23
2 9 48
2 9 61
2 9 63
2 9 78
2 9 86
2 9 91
2 9 103
2 9 111
2 9 118
2 10 22
2 10 42
2 10 43
2 10 66
2 10 112
2 10 114
2 10 119
2 10 122
2 11 1
2 11 2
2 11 4
2 11 29
2 11 37
2 11 58
2 11 59
2 11 70
2 11 75
2 11 89
2 11 90
2 11 106
2 12 9
2 12 12
2 12 34
2 12 40
2 12 54
2 12 75
2 12 79
2 12 82
2 12 87
2 12 106
2 12 117
2 13 2
2 13 3
2 13 28
2 13 32
2 13 46
2 13 47
2 13 55
2 13 56
2 13 65
2 13 68
2 13 71
2 13 93
2 13 101
2 13 104
2 13 107
2 13 110
2 13 114
2 13 116
2 14 1
2 14 2
2 14 10
2 14 24
2 14 32
2 14 35
2 14 72
2 14 73
2 14 81
2 14 91
2 14 111
2 14 118
2 14 119
2 14 124
2 15 12
2 15 18
2 15 25
2 15 28
2 15 29
2 15 39
2 15 44
2 15 51
2 15 54
2 15 57
2 15 59
2 15 61
2 15 77
2 15 80
2 15 83
2 15 105
2 15 112
2 15 116
2 16 5
2 16 8
2 16 12
2 16 34
2 16 37
2 16 46
2 16 60
2 16 66
2 16 91
2 16 100
2 16 106
2 16 107
2 16 119
2 17 1
2 17 15
2 17 27
2 17 32
2 17 40
2 17 97
2 17 106
2 17 108
2 17 119
2 17 129
2 18 14
2 18 19
2 18 24
2 18 32
2 18 52
2 18 56
2 18 57
2 18 59
2 18 60
2 18 91
2 18 103
2 18 114
2 18 122
2 19 12
2 19 30
2 19 40
2 19 58
2 19 64
2 19 82
2 19 92
2 19 111
2 20 11
2 20 30
2 20 41
2 20 42
2 20 52
2 20 57
2 20 62
2 20 74
2 20 78
2 20 81
2 20 92
2 20 94
2 20 98
2 20 113
2 20 125
2 21 17
2 21 30
2 21 32
2 21 41
2 21 79
2 21 81
2 21 97
2 21 118
2 21 122
2 22 6
2 22 10
2 22 14
2 22 21
2 22 23
2 22 26
2 22 28
2 22 36
2 22 55
2 22 64
2 22 71
2 22 82
2 22 97
2 22 98
2 22 101
2 22 117
2 22 123
2 22 125
2 23 0
2 23 12
2 23 23
2 23 33
2 23 39
2 23 44
2 23 66
2 23 69
2 23 91
2 23 101
2 23 115
2 23 121
2 23 125
2 23 128
2 24 12
2 24 18
2 24 23
2 24 39
2 24 48
2 24 49
2 24 50
2 24 57
2 24 68
2 24 77
2 24 83
2 24 84
2 24 86
2 24 93
2 24 99
2 24 103
2 24 105
2 24 114
2 25 0
2 25 15
2 25 17
2 25 20
2 25 23
2 25 36
2 25 46
2 25 50
2 25 55
2 25 59
2 25 66
2 25 70
2 25 93
2 25 94
2 25 108
2 25 120
2 25 125
2 26 9
2 26 11
2 26 13
2 26 22
2 26 23
2 26 31
2 26 51
2 26 73
2 26 74
2 26 78
2 26 81
2 26 97
2 26 99
2 26 103
2 26 117
2 26 118
2 26 129
2 26 130
2 27 1
2 27 8
2 27 31
2 27 44
2 27 47
2 27 50
2 27 52
2 27 81
2 27 85
2 27 87
2 27 90
2 27 106
2 27 126
2 27 127
2 28 7
2 28 20
2 28 35
2 28 45
2 28 46
2 28 47
2 28 54
2 28 57
2 28 59
2 28 79
2 28 105
2 28 113
2 28 116
2 29 1
2 29 6
2 29 8
2 29 33
2 29 58
2 29 60
2 29 64
2 29 94
2 29 95
2 29 112
2 29 130
2 30 19
2 30 29
2 30 52
2 30 58
2 30 82
2 30 99
2 30 114
2 30 118
2 31 8
2 31 17
2 31 23
2 31 30
2 31 49
2 31 51
2 31 58
2 31 67
2 31 76
2 31 78
2 31 80
2 31 86
2 31 95
2 31 97
2 31 108
2 31 122
2 31 128
2 32 1
2 32 2
2 32 4
2 32 15
2 32 35
2 32 56
2 32 57
2 32 64
2 32 65
2 32 68
2 32 89
2 32 91
2 32 99
2 32 107
2 32 128
2 33 31
2 33 38
2 33 44
2 33 50
2 33 57
2 33 58
2 33 74
2 33 78
2 33 99
2 33 101
2 33 103
2 34 18
2 34 34
2 34 54
2 34 57
2 34 58
2 34 114
2 34 126
2 35 0
2 35 1
2 35 21
2 35 46
2 35 54
2 35 73
2 35 78
2 35 99
2 35 100
2 35 114
2 35 118
2 35 126
2 35 129
2 36 0
2 36 3
2 36 32
2 36 51
2 36 55
2 36 67
2 36 74
2 36 77
2 36 99
2 37 29
2 37 67
2 37 87
2 37 97
2 37 111
2 37 120
2 38 9
2 38 23
2 38 30
2 38 31
2 38 62
2 38 76
2 38 82
2 38 87
2 38 92
2 38 108
2 38 126
2 38 130
2 39 15
2 39 48
2 39 51
2 39 71
2 39 74
2 39 81
2 39 87
2 39 90
2 39 105
2 39 114
2 39 117
2 39 122
2 40 5
2 40 13
2 40 35
2 40 78
2 40 81
2 40 87
2 40 120
2 41 25
2 41 42
2 41 54
2 41 56
2 41 64
2 41 65
2 41 70
2 41 77
2 41 99
2 41 110
2 41 122
2 41 124
2 41 127
2 42 20
2 42 24
2 42 44
2 42 45
2 42 58
2 42 60
2 42 78
2 42 89
2 42 116
2 42 117
2 42 123
2 43 10
2 43 21
2 43 24
2 43 26
2 43 32
2 43 44
2 43 45
2 43 49
2 43 61
2 43 65
2 43 69
2 43 71
2 43 82
2 43 90
2 43 96
2 43 98
2 43 102
2 43 103
2 43 111
2 43 118
2 44 16
2 44 20
2 44 23
2 44 27
2 44 42
2 44 55
2 44 56
2 44 75
2 44 78
2 44 79
2 44 82
2 44 94
2 44 119
2 45 3
2 45 27
2 45 37
2 45 43
2 45 56
2 45 78
2 45 86
2 45 91
2 45 103
2 45 113
2 45 121
2 46 3
2 46 19
2 46 20
2 46 28
2 46 34
2 46 41
2 46 43
2 46 53
2 46 57
2 46 59
2 46 62
2 46 76
2 46 85
2 46 88
2 46 97
2 46 110
2 46 114
2 47 8
2 47 9
2 47 27
2 47 35
2 47 41
2 47 45
2 47 49
2 47 55
2 47 62
2 47 63
2 47 69
2 47 76
2 47 78
2 47 79
2 47 82
2 47 94
2 47 105
2 47 106
2 47 112
2 47 118
2 47 130
2 48 86
2 48 96
2 48 99
2 49 1
2 49 7
2 49 10
2 49 22
2 49 24
2 49 38
2 49 40
2 49 73
2 49 100
2 49 102
2 49 114
2 49 124
2 50 16
2 50 30
2 50 34
2 50 37
2 50 39
2 50 40
2 50 47
2 50 59
2 50 61
2 50 85
2 50 91
2 50 93
2 50 98
2 50 105
2 51 38
2 51 40
2 51 69
2 51 77
2 51 83
2 51 88
2 51 103
2 51 105
2 51 106
2 51 108
2 51 110
2 52 18
2 52 42
2 52 50
2 52 54
2 52 56
2 52 69
2 52 72
2 52 76
2 52 83
2 52 84
2 52 85
2 53 6
2 53 29
2 53 38
2 53 53
2 53 85
2 53 93
2 53 105
2 53 109
2 53 112
2 53 113
2 53 122
2 54 2
2 54 7
2 54 24
2 54 30
2 54 32
2 54 49
2 54 54
2 54 57
2 54 74
2 54 80
2 54 91
2 54 111
2 55 20
2 55 30
2 55 34
2 55 43
2 55 51
2 55 61
2 55 76
2 55 93
2 55 107
2 55 113
2 55 118
2 56 33
2 56 34
2 56 46
2 56 49
2 56 53
2 56 73
2 56 84
2 56 130
2 57 10
2 57 20
2 57 29
2 57 48
2 57 62
2 57 77
2 57 78
2 57 88
2 57 91
2 57 100
2 57 128
2 58 0
2 58 71
2 58 75
2 58 126
2 59 8
2 59 31
2 59 46
2 59 52
2 59 60
2 59 99
2 59 107
2 59 108
2 59 110
2 59 122
2 59 123
2 60 10
2 60 20
2 60 22
2 60 45
2 60 95
2 60 98
2 60 110
2 60 120
2 61 6
2 61 17
2 61 22
2 61 40
2 61 62
2 61 70
2 61 99
2 61 103
2 61 108
2 61 115
2 62 4
2 62 6
2 62 8
2 62 35
2 62 56
2 62 60
2 62 77
2 62 81
2 62 92
2 62 111
2 62 120
2 62 129
2 63 14
2 63 19
2 63 39
2 63 41
2 63 48
2 63 51
2 63 54
2 63 58
2 63 60
2 63 62
2 63 67
2 63 81
2 63 97
2 63 99
2 63 101
2 63 113
2 64 9
2 64 10
2 64 30
2 64 51
2 64 67
2 64 80
2 64 99
2 64 109
2 64 113
2 64 116
2 64 119
2 65 1
2 65 2
2 65 14
2 65 43
2 65 47
2 65 50
2 65 51
2 65 54
2 65 70
2 65 71
2 65 74
2 66 18
2 66 21
2 66 25
2 66 26
2 66 52
2 66 54
2 66 66
2 66 68
2 66 78
2 66 80
2 66 86
2 66 91
2 66 93
2 66 102
2 66 103
2 66 105
2 66 127
2 67 14
2 67 18
2 67 30
2 67 39
2 67 41
2 67 48
2 67 50
2 67 75
2 67 85
2 67 90
2 67 129
2 68 3
2 68 12
2 68 28
2 68 38
2 68 39
2 68 40
2 68 50
2 68 61
2 68 64
2 68 101
2 68 113
2 68 121
2 69 7
2 69 18
2 69 34
2 69 35
2 69 51
2 69 63
2 69 66
2 69 77
2 69 97
2 69 104
2 69 111
2 69 121
2 69 128
2 69 129
2 69 130
2 70 20
2 70 27
2 70 34
2 70 39
2 70 79
2 70 80
2 70 91
2 70 92
2 70 93
2 70 96
2 70 104
2 70 107
2 70 113
2 70 122
2 71 9
2 71 10
2 71 46
2 71 51
2 71 56
2 71 72
2 71 81
2 71 87
2 71 103
2 71 113
2 72 0
2 72 4
2 72 7
2 72 43
2 72 51
2 72 60
2 72 74
2 72 90
2 72 117
2 72 122
2 72 123
2 72 126
2 73 3
2 73 4
2 73 35
2 73 38
2 73 42
2 73 44
2 73 61
2 73 66
2 73 92
2 73 97
2 73 99
2 73 103
2 73 104
2 74 1
2 74 5
2 74 6
2 74 15
2 74 21
2 74 31
2 74 37
2 74 50
2 74 51
2 74 55
2 74 65
2 74 81
2 74 100
2 74 109
2 74 116
2 74 124
2 75 2
2 75 4
2 75 18
2 75 20
2 75 25
2 75 29
2 75 63
2 75 72
2 75 76
2 75 84
2 75 95
2 75 108
2 75 110
2 75 111
2 75 116
2 75 118
2 76 1
2 76 17
2 76 18
2 76 23
2 76 65
2 76 83
2 76 112
2 76 114
2 77 1
2 77 6
2 77 48
2 77 58
2 77 79
2 77 96
2 77 113
2 77 120
2 77 123
2 78 7
2 78 8
2 78 35
2 78 49
2 78 79
2 78 94
2 78 109
2 78 113
2 78 122
2 79 13
2 79 14
2 79 17
2 79 20
2 79 22
2 79 24
2 79 25
2 79 38
2 79 44
2 79 72
2 79 77
2 79 80
2 79 82
2 79 88
2 79 93
2 79 100
2 79 119
2 79 123
2 80 7
2 80 26
2 80 27
2 80 31
2 80 48
2 80 56
2 80 57
2 80 60
2 80 64
2 80 76
2 80 77
2 80 92
2 80 99
2 80 111
2 80 113
2 80 115
2 80 116
2 80 125
2 81 9
2 81 69
2 81 80
2 81 95
2 81 102
2 81 103
2 81 104
2 81 122
2 81 130
2 82 12
2 82 25
2 82 36
2 82 39
2 82 41
2 82 47
2 82 55
2 82 73
2 82 77
2 82 100
2 82 103
2 82 107
2 82 118
2 83 1
2 83 3
2 83 14
2 83 16
2 83 17
2 83 23
2 83 43
2 83 57
2 83 61
2 83 69
2 83 75
2 83 76
2 83 88
2 83 90
2 83 94
2 83 105
2 83 116
2 83 117
2 83 123
2 83 126
2 84 26
2 84 34
2 84 57
2 84 58
2 84 77
2 84 93
2 84 94
2 84 100
2 84 109
2 84 110
2 84 125
2 85 4
2 85 23
2 85 24
2 85 36
2 85 55
2 85 57
2 85 67
2 85 69
2 85 77
2 85 78
2 85 114
2 85 125
2 86 13
2 86 25
2 86 61
2 86 71
2 86 76
2 86 85
2 86 86
2 86 99
2 86 119
2 86 122
2 87 0
2 87 10
2 87 19
2 87 24
2 87 27
2 87 41
2 87 63
2 87 78
2 87 83
2 87 93
2 87 112
2 88 9
2 88 12
2 88 18
2 88 54
2 88 58
2 88 62
2 88 63
2 88 71
2 88 73
2 88 76
2 88 77
2 88 78
2 88 102
2 88 110
2 88 118
2 88 125
2 89 4
2 89 6
2 89 7
2 89 13
2 89 14
2 89 15
2 89 19
2 89 22
2 89 24
2 89 32
2 89 33
2 89 45
2 89 58
2 89 66
2 89 73
2 89 99
2 89 112
2 89 124
2 89 126
2 90 10
2 90 14
2 90 35
2 90 62
2 90 89
2 90 93
2 90 97
2 90 100
2 90 119
2 91 13
2 91 42
2 91 57
2 91 97
2 91 105
2 91 110
2 91 122
2 91 123
2 92 17
2 92 28
2 92 29
2 92 33
2 92 37
2 92 38
2 92 48
2 92 80
2 92 110
2 92 123
2 92 124
2 93 4
2 93 17
2 93 34
2 93 36
2 93 37
2 93 46
2 93 57
2 93 79
2 93 86
2 93 92
2 93 114
2 93 126
2 93 128
2 94 3
2 94 9
2 94 15
2 94 48
2 94 51
2 94 76
2 94 101
2 94 102
2 94 106
2 94 108
2 94 109
2 94 110
2 94 111
2 94 112
2 95 5
2 95 9
2 95 13
2 95 14
2 95 16
2 95 42
2 95 47
2 95 54
2 95 57
2 95 63
2 95 70
2 95 77
2 95 79
2 95 89
2 95 100
2 95 105
2 95 116
2 95 129
2 96 24
2 96 25
2 96 26
2 96 30
2 96 31
2 96 36
2 96 46
2 96 48
2 96 65
2 96 69
2 96 84
2 96 87
2 96 107
2 96 124
2 96 125
2 96 130
3 0 12
3 0 34
3 0 40
3 0 45
3 0 47
3 0 60
3 0 66
3 0 67
3 0 86
3 0 94
3 1 14
3 1 30
3 1 36
3 1 38
3 1 46
3 1 61
3 1 88
3 2 6
3 2 7
3 2 14
3 2 31
3 2 38
3 2 42
3 2 63
3 2 65
3 2 78
3 2 81
3 2 85
3 2 93
3 2 94
3 2 95
3 3 2
3 3 6
3 3 20
3 3 35
3 3 36
3 3 43
3 3 44
3 3 82
3 4 1
3 4 3
3 4 9
3 4 12
3 4 18
3 4 26
3 4 32
3 4 38
3 4 69
3 4 73
3 4 80
3 4 86
3 4 91
3 4 95
3 5 2
3 5 8
3 5 11
3 5 24
3 5 45
3 5 48
3 5 56
3 5 83
3 5 94
3 6 22
3 6 24
3 6 26
3 6 37
3 6 53
3 6 56
3 6 57
3 6 59
3 6 62
3 6 64
3 6 66
3 7 3
3 7 6
3 7 10
3 7 14
3 7 32
3 7 49
3 7 55
3 7 63
3 7 69
3 7 71
3 8 6
3 8 41
3 8 53
3 8 87
3 8 90
3 8 93
3 9 24
3 9 39
3 9 41
3 9 46
3 9 76
3 9 93
3 9 96
3 10 0
3 10 7
3 10 10
3 10 32
3 10 42
3 10 44
3 10 47
3 10 51
3 10 53
3 10 61
3 10 62
3 10 64
3 10 65
3 10 84
3 10 85
3 10 89
3 10 92
3 10 96
3 11 11
3 11 13
3 11 18
3 11 24
3 11 25
3 11 37
3 11 49
3 11 55
3 11 66
3 11 84
3 12 5
3 12 7
3 12 12
3 12 36
3 12 39
3 12 45
3 12 64
3 12 66
3 12 74
3 12 79
3 13 8
3 13 36
3 13 46
3 13 59
3 13 66
3 13 83
3 13 91
3 13 96
3 14 3
3 14 19
3 14 22
3 14 30
3 14 41
3 14 46
3 14 49
3 14 54
3 14 65
3 14 77
3 14 86
3 15 9
3 15 11
3 15 16
3 15 21
3 15 35
3 15 41
3 15 44
3 15 48
3 15 50
3 15 67
3 15 70
3 15 74
3 15 75
3 15 76
3 15 92
3 16 19
3 16 34
3 16 42
3 16 47
3 16 56
3 16 74
3 16 76
3 16 77
3 16 93
3 17 9
3 17 25
3 17 33
3 17 35
3 17 50
3 17 57
3 17 58
3 17 59
3 17 73
3 18 7
3 18 23
3 18 28
3 18 30
3 18 47
3 18 67
3 18 71
3 18 72
3 19 14
3 19 31
3 19 36
3 19 47
3 19 54
3 19 60
3 19 72
3 19 76
3 20 22
3 20 46
3 20 57
3 20 67
3 20 72
3 20 76
3 20 86
3 20 91
3 20 95
3 20 96
3 21 8
3 21 23
3 21 46
3 21 72
3 21 78
3 21 93
3 21 95
3 22 8
3 22 11
3 22 24
3 22 29
3 22 30
3 22 34
3 22 54
3 22 61
3 22 83
3 23 6
3 23 25
3 23 38
3 23 42
3 23 44
3 23 52
3 23 72
3 23 73
3 23 77
3 23 93
3 24 19
3 24 26
3 24 28
3 24 55
3 24 64
3 24 68
3 24 72
3 24 73
3 24 94
3 25 40
3 25 49
3 25 55
3 25 75
3 25 77
3 25 81
3 25 87
3 25 96
3 26 2
3 26 5
3 26 8
3 26 14
3 26 30
3 26 43
3 26 48
3 26 51
3 26 68
3 26 88
3 26 89
3 27 8
3 27 9
3 27 14
3 27 33
3 27 36
3 27 47
3 27 62
3 27 75
3 27 90
3 27 92
3 27 95
3 28 0
3 28 1
3 28 2
3 28 6
3 28 16
3 28 24
3 28 44
3 28 61
3 28 69
3 28 74
3 28 83
3 29 22
3 29 25
3 29 32
3 29 36
3 29 46
3 29 53
3 29 63
3 29 73
3 29 94
3 30 5
3 30 6
3 30 11
3 30 28
3 30 29
3 30 35
3 30 36
3 30 44
3 30 49
3 30 75
3 30 82
3 30 89
3 31 7
3 31 14
3 31 24
3 31 28
3 31 39
3 31 59
3 31 71
3 31 73
3 31 76
3 31 83
3 31 92
3 32 14
3 32 19
3 32 32
3 32 41
3 32 57
3 32 67
3 32 68
3 32 80
3 32 81
3 33 6
3 33 18
3 33 55
3 33 60
3 33 87
3 33 93
3 33 95
3 34 3
3 34 15
3 34 27
3 34 50
3 34 52
3 34 78
3 34 87
3 34 91
3 35 0
3 35 13
3 35 22
3 35 25
3 35 47
3 35 54
3 35 68
3 35 78
3 35 79
3 35 96
3 36 43
3 37 3
3 37 4
3 37 20
3 37 22
3 37 27
3 37 31
3 37 39
3 37 59
3 37 60
3 37 74
3 37 78
3 37 94
3 38 15
3 38 32
3 38 36
3 38 73
3 38 80
3 38 81
3 38 82
3 39 21
3 39 35
3 39 59
3 39 67
3 39 91
3 39 95
3 40 33
3 40 63
3 40 70
3 40 83
3 41 48
3 41 69
3 41 84
3 41 89
3 41 93
3 42 2
3 42 21
3 42 22
3 42 23
3 42 30
3 42 50
3 42 53
3 42 60
3 42 65
3 42 75
3 42 88
3 43 0
3 43 9
3 43 23
3 43 43
3 43 46
3 43 58
3 43 73
3 43 89
3 43 92
3 44 1
3 44 5
3 44 13
3 44 81
3 44 87
3 45 15
3 45 30
3 45 32
3 45 44
3 45 55
3 45 56
3 45 66
3 45 72
3 45 82
3 46 5
3 46 9
3 46 31
3 46 32
3 46 55
3 46 73
3 46 91
3 47 36
3 47 45
3 47 50
3 47 75
3 47 89
3 47 91
3 48 15
3 48 25
3 48 27
3 48 30
3 48 33
3 48 60
3 48 73
3 49 10
3 49 19
3 49 30
3 49 40
3 49 42
3 49 43
3 49 55
3 49 68
3 49 77
3 49 86
3 49 87
3 49 96
3 50 2
3 50 7
3 50 13
3 50 20
3 50 26
3 50 29
3 50 37
3 50 41
3 50 45
3 50 46
3 50 49
3 50 50
3 50 64
3 50 74
3 50 82
3 50 87
3 50 92
3 50 93
3 51 11
3 51 26
3 51 34
3 51 36
3 51 77
3 51 80
3 51 92
3 52 1
3 52 17
3 52 26
3 52 30
3 52 49
3 52 60
3 52 67
3 52 73
3 52 80
3 52 88
3 52 96
3 53 2
3 53 24
3 53 34
3 53 40
3 53 51
3 53 55
3 53 63
3 53 69
3 53 75
3 53 83
3 53 84
3 53 89
3 54 7
3 54 38
3 54 50
3 54 66
3 54 76
3 54 95
3 55 10
3 55 11
3 55 65
3 55 82
3 55 85
3 55 86
3 56 0
3 56 4
3 56 12
3 56 18
3 56 20
3 56 21
3 56 24
3 56 47
3 56 54
3 56 55
3 56 88
3 57 10
3 57 13
3 57 14
3 57 18
3 57 20
3 57 25
3 57 30
3 57 31
3 57 39
3 57 50
3 57 53
3 57 72
3 57 73
3 57 74
3 58 46
3 58 85
3 59 7
3 59 11
3 59 17
3 59 26
3 59 27
3 59 41
3 59 70
3 60 19
3 60 28
3 60 40
3 60 73
3 60 77
3 60 78
3 60 85
3 60 93
3 60 96
3 61 5
3 61 7
3 61 13
3 61 14
3 61 16
3 61 24
3 61 28
3 61 31
3 61 40
3 61 44
3 61 55
3 61 62
3 61 67
3 61 70
3 62 2
3 62 9
3 62 17
3 62 19
3 62 25
3 62 31
3 62 36
3 62 38
3 62 40
3 62 49
3 62 53
3 62 58
3 62 64
3 62 76
3 62 77
3 62 79
3 62 93
3 63 24
3 63 32
3 63 44
3 63 53
3 63 63
3 63 71
3 64 4
3 64 19
3 64 23
3 64 24
3 64 36
3 64 41
3 64 42
3 64 47
3 64 71
3 64 83
3 65 2
3 65 7
3 65 31
3 65 33
3 65 39
3 65 54
3 65 61
3 65 95
3 66 11
3 66 15
3 66 33
3 66 43
3 66 45
3 66 48
3 66 80
3 66 84
3 67 4
3 67 10
3 67 25
3 67 29
3 67 30
3 67 48
3 67 49
3 67 59
3 67 64
3 67 74
3 67 80
3 68 3
3 68 6
3 68 20
3 68 21
3 68 30
3 68 51
3 68 71
3 68 74
3 68 77
3 69 8
3 69 22
3 69 34
3 69 47
3 69 83
3 70 6
3 70 17
3 70 18
3 70 23
3 70 37
3 70 45
3 70 57
3 70 62
3 70 95
3 71 16
3 71 17
3 71 41
3 71 48
3 71 56
3 71 64
3 71 79
3 71 80
3 71 92
3 72 18
3 72 42
3 72 50
3 72 54
3 72 55
3 72 56
3 72 66
3 72 93
3 73 6
3 73 25
3 73 35
3 73 36
3 73 39
3 73 46
3 73 49
3 73 58
3 73 61
3 73 82
3 73 93
3 74 7
3 74 10
3 74 18
3 74 45
3 74 60
3 74 62
3 74 69
3 75 1
3 75 4
3 75 20
3 75 32
3 75 53
3 75 61
3 75 65
3 75 71
3 75 74
3 75 85
3 75 88
3 75 91
3 76 13
3 76 25
3 76 34
3 76 35
3 76 54
3 76 61
3 76 62
3 76 75
3 76 82
3 76 83
3 77 20
3 77 24
3 77 42
3 77 51
3 77 58
3 77 66
3 77 67
3 77 83
3 77 85
3 77 90
3 78 9
3 78 10
3 78 13
3 78 15
3 78 19
3 78 33
3 78 34
3 78 44
3 78 56
3 78 58
3 78 84
3 78 91
3 79 12
3 79 17
3 79 21
3 79 55
3 79 78
3 79 85
3 79 90
3 80 0
3 80 3
3 80 38
3 80 47
3 80 50
3 80 52
3 80 57
3 80 58
3 80 80
3 81 8
3 81 34
3 81 35
3 81 60
3 81 81
3 81 86
3 82 29
3 82 59
3 82 71
3 82 88
3 83 2
3 83 11
3 83 12
3 83 18
3 83 46
3 83 47
3 83 48
3 83 65
3 83 67
3 83 71
3 83 74
3 83 76
3 83 89
3 84 7
3 84 16
3 84 57
3 84 66
3 84 81
3 84 82
3 84 89
3 85 7
3 85 8
3 85 9
3 85 13
3 85 16
3 85 32
3 85 38
3 85 54
3 85 78
3 85 84
3 85 87
3 85 88
3 86 10
3 86 14
3 86 33
3 86 55
3 86 57
3 86 67
3 86 90
3 87 1
3 87 2
3 87 3
3 87 38
3 87 43
3 87 45
3 87 55
3 87 60
3 87 62
3 87 65
3 87 87
3 87 95
3 88 0
3 88 2
3 88 3
3 88 42
3 88 46
3 88 47
3 88 48
3 88 54
3 88 63
3 88 84
3 89 3
3 89 7
3 89 22
3 89 24
3 89 25
3 89 28
3 89 30
3 89 32
3 89 34
3 89 39
3 89 47
3 89 61
3 89 62
3 89 68
3 89 74
3 89 80
3 89 89
3 89 93
3 89 95
3 90 4
3 90 11
3 90 17
3 90 28
3 90 34
3 90 42
3 90 56
3 90 57
3 90 59
3 90 64
3 90 73
3 90 85
3 90 96
3 91 16
3 91 33
3 91 45
3 91 46
3 91 47
3 91 49
3 91 54
3 91 65
3 91 86
3 92 15
3 92 26
3 92 29
3 92 45
3 92 64
3 92 66
3 92 78
3 92 94
3 92 95
3 93 0
3 93 19
3 93 26
3 93 43
3 93 46
3 93 48
3 93 65
3 93 83
3 94 29
3 94 50
3 94 54
3 94 57
3 94 58
3 94 93
3 95 34
3 95 36
3 95 40
3 95 49
3 95 67
3 95 68
3 95 76
3 95 81
3 96 25
3 96 35
3 96 36
3 96 72
3 96 77
3 96 79
3 96 83
3 96 85
3 96 87
3 97 3
3 97 9
3 97 18
3 97 19
3 97 26
3 97 32
3 97 39
3 97 44
3 97 45
3 97 56
3 97 59
3 97 66
3 97 95
3 98 3
3 98 6
3 98 7
3 98 29
3 98 57
3 98 58
3 98 71
3 99 3
3 99 5
3 99 24
3 99 29
3 99 47
3 99 49
3 99 54
3 99 56
3 99 57
3 99 81
3 99 92
3 100 27
3 100 48
3 100 57
3 100 68
3 100 73
3 100 74
3 100 92
3 100 96
3 101 0
3 101 4
3 101 16
3 101 25
3 101 27
3 101 35
3 101 64
3 101 65
3 101 68
3 101 84
3 101 85
3 101 90
3 102 30
3 102 43
3 102 44
3 102 55
3 103 0
3 103 38
3 103 59
3 103 66
3 103 67
3 103 71
3 103 74
3 103 76
3 103 84
3 103 91
3 104 0
3 104 17
3 104 22
3 104 26
3 104 34
3 104 44
3 104 58
3 104 64
3 104 74
3 105 27
3 105 36
3 105 37
3 105 46
3 105 51
3 105 56
3 105 58
3 105 78
3 105 95
3 105 96
3 106 21
3 106 24
3 106 26
3 106 40
3 106 54
3 106 63
3 106 69
3 106 74
3 106 87
3 106 90
3 107 0
3 107 24
3 107 28
3 107 31
3 107 41
3 107 47
3 107 57
3 107 58
3 107 67
3 107 74
3 107 77
3 107 81
3 107 84
3 108 19
3 108 34
3 108 36
3 108 37
3 108 45
3 108 46
3 108 52
3 108 53
3 108 65
3 108 68
3 108 75
3 108 94
3 109 2
3 109 4
3 109 6
3 109 20
3 109 30
3 109 44
3 109 47
3 109 58
3 109 72
3 109 73
3 110 50
3 110 51
3 110 52
3 110 54
3 110 70
3 110 73
3 110 75
3 110 92
3 111 10
3 111 13
3 111 15
3 111 17
3 111 21
3 111 42
3 111 44
3 111 61
3 111 68
3 111 74
3 111 89
3 111 93
3 111 96
3 112 9
3 112 20
3 112 24
3 112 35
3 112 64
3 112 92
3 112 94
3 112 96
3 113 2
3 113 12
3 113 17
3 113 20
3 113 39
3 113 56
3 113 57
3 113 63
3 113 86
3 113 95
3 114 26
3 114 41
3 114 49
3 114 53
3 114 63
3 114 68
3 114 69
3 114 75
3 114 88
3 115 5
3 115 8
3 115 9
3 115 11
3 115 20
3 115 29
3 115 32
3 115 41
3 115 44
3 115 86
3 116 27
3 116 32
3 116 47
3 116 49
3 116 55
3 116 59
3 116 60
3 116 82
3 116 86
3 116 88
3 116 89
3 116 96
3 117 12
3 117 16
3 117 23
3 117 34
3 117 44
3 117 56
3 117 72
3 117 79
3 117 84
3 117 95
3 118 5
3 118 23
3 118 26
3 118 46
3 118 57
3 118 69
3 118 74
3 118 90
3 119 12
3 119 26
3 119 31
3 119 41
3 119 43
3 119 57
3 119 58
3 119 60
3 119 65
3 119 80
3 119 82
3 120 7
3 120 19
3 120 21
3 120 25
3 120 26
3 120 29
3 120 49
3 120 82
3 121 4
3 121 6
3 121 14
3 121 24
3 121 65
3 122 8
3 122 12
3 122 15
3 122 35
3 122 47
3 122 59
3 122 74
3 122 81
3 122 88
3 123 30
3 123 87
3 123 96
3 124 13
3 124 49
3 124 74
3 124 79
3 124 87
3 125 15
3 125 25
3 125 47
3 125 60
3 125 62
3 125 71
3 125 73
3 126 9
3 126 15
3 126 24
3 126 30
3 126 34
3 126 43
3 126 45
3 126 78
3 127 0
3 127 1
3 127 10
3 127 24
3 127 34
3 127 51
3 127 52
3 127 66
3 127 69
3 127 80
3 127 89
3 128 8
3 128 9
3 128 36
3 128 41
3 128 54
3 128 90
3 128 92
3 129 5
3 129 21
3 129 27
3 129 38
3 129 42
3 129 44
3 129 45
3 129 49
3 129 61
3 129 65
3 129 69
3 129 71
3 129 79
3 129 86
3 129 88
3 130 2
3 130 17
3 130 37
3 130 53
3 130 57
3 130 63
3 130 64
3 130 70