1616
5
107 103 106 122 162
3908

0 0 0 491 233 999 664 392 945 0 292 811 0 0 362 0 655 0 334 504 818 0 414 496 699 600 0 0 0 11 0 0 0 0 0 0 7 0 15 61 99 77 0 32 0 0 0 83 0 0 0 54 0 0 81 0 62 0 59 46 0 0 0 2 25 0 42 0 52 0 66 20 5 0 66 0 0 0 0 0 80 0 48 0 78 91 22 56 80 0 33 0 42 0 0 86 0 64 0 0 0 61 0 0 0 0 0
0 541 313 433 0 291 0 153 122 0 43 145 329 0 772 0 0 260 0 673 967 552 0 0 765 578 0 0 0 0 0 0 47 26 1 28 96 22 0 0 82 17 75 99 0 84 0 82 0 60 87 80 49 0 0 0 41 0 16 41 0 0 27 0 0 0 0 41 72 86 0 90 0 0 72 16 0 16 0 0 41 9 0 0 93 0 81 76 39 0 65 0 86 0 73 80 0 0 69 0 0 0 37
211 416 0 0 0 779 0 277 0 0 0 74 460 0 0 0 127 174 552 564 0 0 869 0 45 575 975 5 79 3 0 47 0 0 0 0 0 0 54 84 0 72 99 87 0 44 0 81 0 0 24 0 0 0 0 0 11 26 0 72 1 71 21 84 87 56 24 0 31 0 5 0 0 89 49 50 0 3 0 0 0 75 43 15 0 0 79 0 0 31 27 0 0 0 0 58 0 4 0 0 0 73 15 70 72 0
0 525 0 0 434 59 244 879 0 739 0 0 14 334 398 0 89 0 481 654 754 0 0 597 0 744 229 0 669 623 81 95 0 72 0 0 0 2 0 0 0 0 0 99 100 57 0 0 0 0 0 21 0 0 0 0 0 0 100 88 0 89 16 76 84 23 0 48 92 52 0 29 0 99 38 66 0 0 44 0 99 12 26 82 41 3 70 0 0 36 0 0 77 71 0 24 24 0 66 36 96 0 0 69 94 43 23 76 0 0 25 57 0 0 0 0 81 84 24 75 0 12
0 0 488 920 0 0 0 381 0 0 0 745 28 0 0 0 212 131 2 0 482 969 0 0 0 264 538 0 0 0 0 0 0 1 236 0 878 0 219 0 0 0 6 0 65 46 0 0 60 61 0 48 95 82 85 0 37 0 0 0 0 0 0 9 0 0 0 67 0 0 0 0 81 98 0 17 0 0 4 100 2 44 73 59 75 0 75 0 0 86 25 80 0 0 42 22 0 0 30 68 15 0 29 0 0 0 0 0 0 93 58 3 0 0 74 0 12 81 23 0 15 0 7 0 0 94 0 0 12 82 0 0 16 93 0 69 0 0 72 0 42 49 2 89 0 66 72 49 15 36 0 0 77 39 0 27 18 0 0 50 23 47

0 0 2
0 0 4
0 0 8
0 0 9
0 0 26
0 0 30
0 0 81
0 1 7
0 1 20
0 1 21
0 1 25
0 1 79
0 2 3
0 2 7
0 2 27
0 2 44
0 2 53
0 2 56
0 2 61
0 2 70
0 2 85
0 2 91
0 3 6
0 3 8
0 3 31
0 3 38
0 3 42
0 3 53
0 3 83
0 3 91
0 3 102
0 4 5
0 4 29
0 4 44
0 4 63
0 4 81
0 4 84
0 4 85
0 4 86
0 4 99
0 5 25
0 5 41
0 5 54
0 5 55
0 5 63
0 5 85
0 5 99
0 6 2
0 6 21
0 6 26
0 6 30
0 6 53
0 6 61
0 6 69
0 6 70
0 6 86
0 6 90
0 6 97
0 7 3
0 7 33
0 7 78
0 8 12
0 8 20
0 8 34
0 8 57
0 8 64
0 8 65
0 8 66
0 8 72
0 8 73
0 8 90
0 9 37
0 9 39
0 9 66
0 9 84
0 10 10
0 10 12
0 10 41
0 10 44
0 10 56
0 10 61
0 10 68
0 10 93
0 11 35
0 11 43
0 11 65
0 11 87
0 12 2
0 12 9
0 12 22
0 12 33
0 12 45
0 12 86
0 12 91
0 12 99
0 13 7
0 13 11
0 13 42
0 13 78
0 13 80
0 13 92
0 14 14
0 14 49
0 14 68
0 14 69
0 14 76
0 14 79
0 14 80
0 14 82
0 14 96
0 14 99
0 15 2
0 15 7
0 15 13
0 15 17
0 15 25
0 15 27
0 15 45
0 15 47
0 15 49
0 15 58
0 15 78
0 15 87
0 16 0
0 16 6
0 16 9
0 16 25
0 16 34
0 16 37
0 16 38
0 16 64
0 16 68
0 16 75
0 16 88
0 17 5
0 17 31
0 17 34
0 17 67
0 17 71
0 17 91
0 18 0
0 18 29
0 18 59
0 19 13
0 19 15
0 19 36
0 19 40
0 19 50
0 19 81
0 19 83
0 19 88
0 19 92
0 20 1
0 20 8
0 20 19
0 20 22
0 20 26
0 20 29
0 20 97
0 21 40
0 21 51
0 21 72
0 21 82
0 21 96
0 21 101
0 22 11
0 22 42
0 22 43
0 22 45
0 22 49
0 22 62
0 22 72
0 22 91
0 23 16
0 23 53
0 23 67
0 23 93
0 24 8
0 24 25
0 24 40
0 24 71
0 24 74
0 24 82
0 24 84
0 25 20
0 25 23
0 25 31
0 25 39
0 25 48
0 25 51
0 25 70
0 25 71
0 26 8
0 26 29
0 26 40
0 26 43
0 26 53
0 26 82
0 26 89
0 27 35
0 27 39
0 27 42
0 27 55
0 27 101
0 28 6
0 28 19
0 28 69
0 28 86
0 28 100
0 29 30
0 29 34
0 29 60
0 29 80
0 29 90
0 29 91
0 29 97
0 29 101
0 30 13
0 30 14
0 30 24
0 30 52
0 30 58
0 30 70
0 30 94
0 31 3
0 31 5
0 31 12
0 31 51
0 31 56
0 31 57
0 31 72
0 31 80
0 31 86
0 31 97
0 31 102
0 32 9
0 32 17
0 32 19
0 32 26
0 32 35
0 32 49
0 32 66
0 32 98
0 33 52
0 33 65
0 33 84
0 34 16
0 34 24
0 34 37
0 34 72
0 35 8
0 35 13
0 35 19
0 35 23
0 35 35
0 35 46
0 35 49
0 35 66
0 35 77
0 36 0
0 36 17
0 36 27
0 36 47
0 36 62
0 36 86
0 36 98
0 37 3
0 37 13
0 37 19
0 37 25
0 37 33
0 37 46
0 37 59
0 37 79
0 37 100
0 38 14
0 38 42
0 38 43
0 38 52
0 38 63
0 38 70
0 38 77
0 39 10
0 39 17
0 39 18
0 39 19
0 39 21
0 39 32
0 39 44
0 39 52
0 39 63
0 39 65
0 39 99
0 40 33
0 40 48
0 41 18
0 41 24
0 41 29
0 41 55
0 41 101
0 42 17
0 42 28
0 42 70
0 42 89
0 42 92
0 43 0
0 43 22
0 43 92
0 43 95
0 44 3
0 44 15
0 44 16
0 44 21
0 44 30
0 44 75
0 44 78
0 44 102
0 45 5
0 45 14
0 45 28
0 45 30
0 45 65
0 45 93
0 45 95
0 46 19
0 46 27
0 46 39
0 46 50
0 46 65
0 46 79
0 46 85
0 46 87
0 46 93
0 46 94
0 47 0
0 47 20
0 47 46
0 47 58
0 47 66
0 47 85
0 47 86
0 47 97
0 48 11
0 48 26
0 48 33
0 48 39
0 48 40
0 48 53
0 48 61
0 48 68
0 48 93
0 49 13
0 49 31
0 49 34
0 49 39
0 49 40
0 49 67
0 49 81
0 50 0
0 50 12
0 50 19
0 50 27
0 50 44
0 51 7
0 51 27
0 51 55
0 51 59
0 51 86
0 51 97
0 52 13
0 52 17
0 52 22
0 52 32
0 52 38
0 52 61
0 53 6
0 53 9
0 53 19
0 53 26
0 53 29
0 53 50
0 53 55
0 53 66
0 53 70
0 54 23
0 54 36
0 54 46
0 54 50
0 54 51
0 54 55
0 54 57
0 54 98
0 55 15
0 55 17
0 55 20
0 55 25
0 55 30
0 55 45
0 55 53
0 55 65
0 55 67
0 55 76
0 55 97
0 56 1
0 56 17
0 56 38
0 56 52
0 56 79
0 57 2
0 57 8
0 57 29
0 57 33
0 57 43
0 57 52
0 57 59
0 57 92
0 57 102
0 58 7
0 58 21
0 58 45
0 58 51
0 58 56
0 58 66
0 58 67
0 58 70
0 58 93
0 59 0
0 59 37
0 59 80
0 59 87
0 60 16
0 60 23
0 60 28
0 60 43
0 60 52
0 60 54
0 60 66
0 60 80
0 60 81
0 60 86
0 60 89
0 60 90
0 60 91
0 61 5
0 61 25
0 61 31
0 61 41
0 61 45
0 61 46
0 61 47
0 61 48
0 61 81
0 61 88
0 61 93
0 62 4
0 62 5
0 62 14
0 62 15
0 62 100
0 62 101
0 63 0
0 63 27
0 63 31
0 63 42
0 63 54
0 63 58
0 63 62
0 64 23
0 64 33
0 64 54
0 64 59
0 64 64
0 64 68
0 64 77
0 64 81
0 64 97
0 64 100
0 65 5
0 65 7
0 65 15
0 65 18
0 65 31
0 65 47
0 65 50
0 65 54
0 65 87
0 66 64
0 66 73
0 66 91
0 66 97
0 67 34
0 67 35
0 67 37
0 67 49
0 67 52
0 67 60
0 67 68
0 67 83
0 67 84
0 67 88
0 68 4
0 68 14
0 68 22
0 68 30
0 68 32
0 68 42
0 68 47
0 68 50
0 68 52
0 68 55
0 68 68
0 68 71
0 68 72
0 68 73
0 68 78
0 68 96
0 68 102
0 69 22
0 69 28
0 69 30
0 69 36
0 69 54
0 69 81
0 69 89
0 69 94
0 70 5
0 70 7
0 70 15
0 70 34
0 70 50
0 71 13
0 71 25
0 71 40
0 71 45
0 71 48
0 71 54
0 71 65
0 71 85
0 71 89
0 71 91
0 71 99
0 72 9
0 72 39
0 72 49
0 72 51
0 72 57
0 72 74
0 72 77
0 72 88
0 72 98
0 72 100
0 73 21
0 73 48
0 73 57
0 73 68
0 73 71
0 73 74
0 73 79
0 73 93
0 73 101
0 74 11
0 74 14
0 74 15
0 74 41
0 74 62
0 74 68
0 75 17
0 75 32
0 75 37
0 75 57
0 75 73
0 75 77
0 75 102
0 76 18
0 76 22
0 76 27
0 76 44
0 76 47
0 76 51
0 76 56
0 76 59
0 76 61
0 76 69
0 76 91
0 77 2
0 77 29
0 77 34
0 77 47
0 77 48
0 77 59
0 77 65
0 77 78
0 78 21
0 78 23
0 78 73
0 78 76
0 78 97
0 78 98
0 79 25
0 79 33
0 79 53
0 79 54
0 79 56
0 79 71
0 79 85
0 80 4
0 80 54
0 80 74
0 80 75
0 80 98
0 80 101
0 81 6
0 81 10
0 81 32
0 81 72
0 81 96
0 82 2
0 82 21
0 82 29
0 82 32
0 82 65
0 82 66
0 82 68
0 82 79
0 83 7
0 83 20
0 83 21
0 83 73
0 83 80
0 83 86
0 83 90
0 83 92
0 83 94
0 83 99
0 84 18
0 84 27
0 84 68
0 84 77
0 84 82
0 84 85
0 85 21
0 85 26
0 85 65
0 85 71
0 85 74
0 85 82
0 85 87
0 86 58
0 86 63
0 86 73
0 86 80
0 86 92
0 86 94
0 87 4
0 87 10
0 87 32
0 87 44
0 87 51
0 87 57
0 87 76
0 87 78
0 88 1
0 88 6
0 88 10
0 88 37
0 88 53
0 88 71
0 88 74
0 88 81
0 88 82
0 89 14
0 89 18
0 89 31
0 89 60
0 89 64
0 89 68
0 89 69
0 89 74
0 89 83
0 90 0
0 90 10
0 90 15
0 90 41
0 90 43
0 90 67
0 90 68
0 90 73
0 90 85
0 91 17
0 91 22
0 91 26
0 91 57
0 91 89
0 92 16
0 92 23
0 92 31
0 92 57
0 92 71
0 92 72
0 92 91
0 93 8
0 93 29
0 93 69
0 93 73
0 93 86
0 93 87
0 94 28
0 94 31
0 94 49
0 94 51
0 94 67
0 94 70
0 94 81
0 94 92
0 95 10
0 95 31
0 95 38
0 95 41
0 95 47
0 95 57
0 95 62
0 95 68
0 95 89
0 95 95
0 96 94
0 97 2
0 97 24
0 97 51
0 97 55
0 97 62
0 97 70
0 97 72
0 97 73
0 97 76
0 97 83
0 97 98
0 98 10
0 98 11
0 98 20
0 98 37
0 98 79
0 98 82
0 99 6
0 99 8
0 99 13
0 99 22
0 99 26
0 99 35
0 99 44
0 99 50
0 99 62
0 99 78
0 99 81
0 99 98
0 100 11
0 100 15
0 100 43
0 100 55
0 100 71
0 101 4
0 101 9
0 101 55
0 101 67
0 101 94
0 102 11
0 102 18
0 102 53
0 102 73
0 102 97
0 103 30
0 103 39
0 103 72
0 103 75
0 104 8
0 104 9
0 104 16
0 104 38
0 104 46
0 104 68
0 104 87
0 104 99
0 105 1
0 105 6
0 105 7
0 105 18
0 105 44
0 105 57
0 106 18
0 106 48
0 106 84
1 0 24
1 0 27
1 0 35
1 0 55
1 0 60
1 0 62
1 0 65
1 0 79
1 0 82
1 1 9
1 1 20
1 1 23
1 1 81
1 2 8
1 2 14
1 2 41
1 2 44
1 2 47
1 2 64
1 2 65
1 2 105
1 3 24
1 3 31
1 3 60
1 3 61
1 3 80
1 4 19
1 4 24
1 4 30
1 4 53
1 4 66
1 4 70
1 4 75
1 4 105
1 5 21
1 5 33
1 5 34
1 5 44
1 5 79
1 5 104
1 6 4
1 6 10
1 6 17
1 6 30
1 6 38
1 6 41
1 6 51
1 6 66
1 6 73
1 6 80
1 6 81
1 6 98
1 7 6
1 7 15
1 7 35
1 7 63
1 7 92
1 8 13
1 8 36
1 8 37
1 8 40
1 8 46
1 8 62
1 8 78
1 8 91
1 8 94
1 8 95
1 9 4
1 9 40
1 9 48
1 9 75
1 9 99
1 10 0
1 10 32
1 10 51
1 10 54
1 10 68
1 10 74
1 10 102
1 11 2
1 11 39
1 11 54
1 11 57
1 11 62
1 11 67
1 11 78
1 11 95
1 11 99
1 11 100
1 12 7
1 12 14
1 12 18
1 12 45
1 12 47
1 12 64
1 12 88
1 12 90
1 13 13
1 13 49
1 13 86
1 13 89
1 13 91
1 14 3
1 14 8
1 14 36
1 14 49
1 14 52
1 14 66
1 14 72
1 15 4
1 15 7
1 15 25
1 15 31
1 15 40
1 15 52
1 15 53
1 15 76
1 15 77
1 15 81
1 15 82
1 15 84
1 15 97
1 16 1
1 16 4
1 16 9
1 16 12
1 16 15
1 16 18
1 16 24
1 16 25
1 16 47
1 16 57
1 16 70
1 16 83
1 16 90
1 17 17
1 17 41
1 17 56
1 17 76
1 17 81
1 18 33
1 18 70
1 18 95
1 19 30
1 19 47
1 19 61
1 19 65
1 19 103
1 20 0
1 20 11
1 20 31
1 20 32
1 20 44
1 20 61
1 21 8
1 21 18
1 21 21
1 21 61
1 21 72
1 21 99
1 22 12
1 22 18
1 22 29
1 22 56
1 22 67
1 22 83
1 22 87
1 22 97
1 22 103
1 23 7
1 23 49
1 23 58
1 23 91
1 23 101
1 23 102
1 24 5
1 24 9
1 24 10
1 24 39
1 24 55
1 24 92
1 25 17
1 25 29
1 25 33
1 25 39
1 25 40
1 25 72
1 25 88
1 25 94
1 26 5
1 26 29
1 26 40
1 26 46
1 26 58
1 26 60
1 26 76
1 26 101
1 27 1
1 27 38
1 27 96
1 27 97
1 27 98
1 28 7
1 28 16
1 28 54
1 28 68
1 28 69
1 28 76
1 28 80
1 28 82
1 28 84
1 28 100
1 29 16
1 29 20
1 29 23
1 29 24
1 29 34
1 29 57
1 29 64
1 29 68
1 29 73
1 29 76
1 30 14
1 30 17
1 30 21
1 30 22
1 30 66
1 30 75
1 30 79
1 30 94
1 30 100
1 31 4
1 31 9
1 31 39
1 31 58
1 31 63
1 31 67
1 31 71
1 31 80
1 31 93
1 31 98
1 31 102
1 31 103
1 31 104
1 32 1
1 32 5
1 32 13
1 32 15
1 32 65
1 32 82
1 33 4
1 33 75
1 33 82
1 34 14
1 34 32
1 34 50
1 34 54
1 34 65
1 34 102
1 35 13
1 35 24
1 35 45
1 35 48
1 35 54
1 35 57
1 35 91
1 35 101
1 35 104
1 36 3
1 36 6
1 36 33
1 36 40
1 36 54
1 36 70
1 36 84
1 36 85
1 36 100
1 37 31
1 37 35
1 37 52
1 37 73
1 37 93
1 37 98
1 37 103
1 38 24
1 38 31
1 38 90
1 38 93
1 38 96
1 39 14
1 39 17
1 39 22
1 39 31
1 39 51
1 39 56
1 39 57
1 40 0
1 40 34
1 40 37
1 40 53
1 40 69
1 40 74
1 40 99
1 41 15
1 41 21
1 41 27
1 41 31
1 41 42
1 41 80
1 41 103
1 42 35
1 42 51
1 42 67
1 42 68
1 42 80
1 42 105
1 43 56
1 43 60
1 43 65
1 43 72
1 43 76
1 44 5
1 44 75
1 44 78
1 44 93
1 45 21
1 45 29
1 45 31
1 45 54
1 45 83
1 45 84
1 45 90
1 45 92
1 46 5
1 46 29
1 46 30
1 46 37
1 46 38
1 46 43
1 46 45
1 46 58
1 47 9
1 47 12
1 47 28
1 47 29
1 47 34
1 47 42
1 47 44
1 47 71
1 47 103
1 48 0
1 48 18
1 48 34
1 48 48
1 48 52
1 48 54
1 48 95
1 48 103
1 49 15
1 49 25
1 49 48
1 49 50
1 49 57
1 49 85
1 49 95
1 50 11
1 50 17
1 50 19
1 50 80
1 50 94
1 51 5
1 51 37
1 51 47
1 51 49
1 51 62
1 51 98
1 51 102
1 52 10
1 52 14
1 52 19
1 52 20
1 52 25
1 52 54
1 52 62
1 52 70
1 53 0
1 53 3
1 53 36
1 53 53
1 53 96
1 54 3
1 54 18
1 54 44
1 54 51
1 54 55
1 54 99
1 55 13
1 55 24
1 55 32
1 55 42
1 55 43
1 55 44
1 55 50
1 55 54
1 55 65
1 55 74
1 55 83
1 55 86
1 55 94
1 55 96
1 56 0
1 56 6
1 56 11
1 56 47
1 56 51
1 56 66
1 56 73
1 57 16
1 57 19
1 57 20
1 57 36
1 57 40
1 57 63
1 57 68
1 57 73
1 57 105
1 58 0
1 58 9
1 58 32
1 58 42
1 58 68
1 58 71
1 58 84
1 59 5
1 59 17
1 59 18
1 59 22
1 59 26
1 59 37
1 59 55
1 59 65
1 59 95
1 60 3
1 60 4
1 60 6
1 60 14
1 60 30
1 60 68
1 60 78
1 60 79
1 60 92
1 60 95
1 61 3
1 61 6
1 61 16
1 61 22
1 61 32
1 61 40
1 61 43
1 61 47
1 61 55
1 61 59
1 61 91
1 62 14
1 62 22
1 62 46
1 62 61
1 62 78
1 63 11
1 63 39
1 63 44
1 63 48
1 63 57
1 63 60
1 63 62
1 63 64
1 63 67
1 63 72
1 63 86
1 63 97
1 64 11
1 64 18
1 64 24
1 64 41
1 64 49
1 64 84
1 64 90
1 64 95
1 65 2
1 65 7
1 65 8
1 65 14
1 65 25
1 65 30
1 65 43
1 65 72
1 65 75
1 65 83
1 66 36
1 66 67
1 66 74
1 66 78
1 66 83
1 66 85
1 67 31
1 67 45
1 67 48
1 67 53
1 67 67
1 67 68
1 67 81
1 67 93
1 68 1
1 68 13
1 68 45
1 68 48
1 68 52
1 68 58
1 68 93
1 68 105
1 69 4
1 69 8
1 69 60
1 69 84
1 69 103
1 70 7
1 70 8
1 70 28
1 70 61
1 70 91
1 70 93
1 71 1
1 71 8
1 71 9
1 71 16
1 71 23
1 71 25
1 71 76
1 71 100
1 71 104
1 72 6
1 72 7
1 72 24
1 72 74
1 72 81
1 72 101
1 72 102
1 72 105
1 73 0
1 73 8
1 73 9
1 73 12
1 73 17
1 73 23
1 73 36
1 73 40
1 73 60
1 73 63
1 73 71
1 73 79
1 73 90
1 73 100
1 74 0
1 74 12
1 74 26
1 74 33
1 74 37
1 74 46
1 74 57
1 74 65
1 75 7
1 75 16
1 75 22
1 75 41
1 75 48
1 76 2
1 76 37
1 76 65
1 76 69
1 76 76
1 76 104
1 77 9
1 77 12
1 77 20
1 77 35
1 77 52
1 77 74
1 77 100
1 78 4
1 78 23
1 78 50
1 78 59
1 78 87
1 78 88
1 79 7
1 79 8
1 79 28
1 79 45
1 79 62
1 79 79
1 79 96
1 79 102
1 80 2
1 80 4
1 80 5
1 80 29
1 80 33
1 80 50
1 80 55
1 80 79
1 81 8
1 81 12
1 81 14
1 81 16
1 81 18
1 81 45
1 81 65
1 81 81
1 81 91
1 82 8
1 82 42
1 82 73
1 82 76
1 82 82
1 83 8
1 83 16
1 83 21
1 83 29
1 83 52
1 83 88
1 83 91
1 84 0
1 84 18
1 84 24
1 84 38
1 84 88
1 84 89
1 85 26
1 85 48
1 85 50
1 85 66
1 85 68
1 85 77
1 86 17
1 86 62
1 86 77
1 86 81
1 87 31
1 87 78
1 87 86
1 88 17
1 88 20
1 88 33
1 88 54
1 88 63
1 88 83
1 88 99
1 89 14
1 89 21
1 89 24
1 89 36
1 89 86
1 89 95
1 90 36
1 90 46
1 91 5
1 91 24
1 91 31
1 91 33
1 91 47
1 91 78
1 91 87
1 92 0
1 92 34
1 92 45
1 92 98
1 93 19
1 93 43
1 93 49
1 93 55
1 93 56
1 93 68
1 94 11
1 94 19
1 94 31
1 94 37
1 94 62
1 94 70
1 94 82
1 94 84
1 94 96
1 95 6
1 95 8
1 95 52
1 95 66
1 95 73
1 95 80
1 96 4
1 96 7
1 96 20
1 96 32
1 96 40
1 96 49
1 96 51
1 96 52
1 96 99
1 97 4
1 97 36
1 97 65
1 98 5
1 98 24
1 98 27
1 98 28
1 98 29
1 98 36
1 98 42
1 98 49
1 98 51
1 98 55
1 98 59
1 98 83
1 98 84
1 98 86
1 98 90
1 98 91
1 99 39
1 99 43
1 99 68
1 99 71
1 99 75
1 99 78
1 99 81
1 99 98
1 99 100
1 100 3
1 100 16
1 100 19
1 100 45
1 100 52
1 100 76
1 100 86
1 100 96
1 100 100
1 101 29
1 101 39
1 101 58
1 101 77
1 101 89
1 101 104
1 102 27
1 102 31
1 102 34
1 102 36
1 102 60
1 102 61
1 102 69
1 102 74
1 102 77
1 102 96
1 102 98
2 0 4
2 0 6
2 0 32
2 0 43
2 0 55
2 0 71
2 0 77
2 0 104
2 0 109
2 1 9
2 1 18
2 1 21
2 1 41
2 1 42
2 1 65
2 1 92
2 2 37
2 2 46
2 2 78
2 2 91
2 2 108
2 2 116
2 2 119
2 3 0
2 3 69
2 3 70
2 3 79
2 3 83
2 3 91
2 3 112
2 4 86
2 4 87
2 5 21
2 5 26
2 5 33
2 5 34
2 5 49
2 5 73
2 5 75
2 5 78
2 6 1
2 6 7
2 6 61
2 6 70
2 6 74
2 6 89
2 6 96
2 6 97
2 6 111
2 6 121
2 7 10
2 7 21
2 7 34
2 7 35
2 7 45
2 7 53
2 7 59
2 7 61
2 7 65
2 7 70
2 7 116
2 8 1
2 8 17
2 8 22
2 8 41
2 8 47
2 8 56
2 8 75
2 8 80
2 8 82
2 8 84
2 8 104
2 9 28
2 9 45
2 9 60
2 9 62
2 9 108
2 9 110
2 10 6
2 10 8
2 10 20
2 10 28
2 10 63
2 10 77
2 10 79
2 10 86
2 10 92
2 10 102
2 10 103
2 10 108
2 10 114
2 10 120
2 11 3
2 11 44
2 11 54
2 11 80
2 11 82
2 12 8
2 12 18
2 12 26
2 12 37
2 12 38
2 12 42
2 12 44
2 12 57
2 12 64
2 12 105
2 12 115
2 13 0
2 13 56
2 13 89
2 13 97
2 13 98
2 13 101
2 13 105
2 13 109
2 14 2
2 14 3
2 14 12
2 14 19
2 14 31
2 14 32
2 14 55
2 14 56
2 14 59
2 14 73
2 14 102
2 14 110
2 15 5
2 15 22
2 15 27
2 15 39
2 15 40
2 15 49
2 15 52
2 15 61
2 15 69
2 15 74
2 15 76
2 15 85
2 15 86
2 15 88
2 16 10
2 16 11
2 16 19
2 16 70
2 16 86
2 16 92
2 16 96
2 16 111
2 16 118
2 17 11
2 17 64
2 17 89
2 18 17
2 18 23
2 18 39
2 18 43
2 18 55
2 18 91
2 18 95
2 18 96
2 18 109
2 19 54
2 19 65
2 19 72
2 19 78
2 19 88
2 19 98
2 19 104
2 19 110
2 19 118
2 20 12
2 20 15
2 20 17
2 20 28
2 20 29
2 20 32
2 20 76
2 20 111
2 20 112
2 21 1
2 21 21
2 21 33
2 21 72
2 21 87
2 21 121
2 22 0
2 22 13
2 22 14
2 22 21
2 22 33
2 22 47
2 22 77
2 22 82
2 22 120
2 23 28
2 23 42
2 23 61
2 23 99
2 23 109
2 23 113
2 24 25
2 24 62
2 24 75
2 24 77
2 24 78
2 24 87
2 24 89
2 24 92
2 24 100
2 25 29
2 25 41
2 25 54
2 25 73
2 25 111
2 26 27
2 26 32
2 26 36
2 26 51
2 26 56
2 26 103
2 26 105
2 27 6
2 27 10
2 27 15
2 27 23
2 27 25
2 27 38
2 27 46
2 27 69
2 27 73
2 27 83
2 28 9
2 28 13
2 28 18
2 28 24
2 28 28
2 28 35
2 28 37
2 28 41
2 28 52
2 28 59
2 28 68
2 28 80
2 28 84
2 28 89
2 28 90
2 28 92
2 28 119
2 29 6
2 29 7
2 29 34
2 29 52
2 29 56
2 29 62
2 29 66
2 29 70
2 29 95
2 29 99
2 29 112
2 30 3
2 30 5
2 30 10
2 30 24
2 30 28
2 30 30
2 30 34
2 30 41
2 30 79
2 30 84
2 30 106
2 30 109
2 30 121
2 31 1
2 31 12
2 31 13
2 31 24
2 31 29
2 31 35
2 31 36
2 31 43
2 31 83
2 31 101
2 31 103
2 31 104
2 31 115
2 32 6
2 32 26
2 32 28
2 32 56
2 32 66
2 32 79
2 32 81
2 32 118
2 33 17
2 33 31
2 33 32
2 33 46
2 33 47
2 33 56
2 33 63
2 33 65
2 33 73
2 33 75
2 33 77
2 33 89
2 33 109
2 33 115
2 34 50
2 34 54
2 34 67
2 34 80
2 34 120
2 35 6
2 35 20
2 35 49
2 35 55
2 35 60
2 35 97
2 35 99
2 36 12
2 36 17
2 36 40
2 36 41
2 36 42
2 36 64
2 36 68
2 36 69
2 36 91
2 36 109
2 36 111
2 37 25
2 37 28
2 37 31
2 37 53
2 37 64
2 37 76
2 37 85
2 37 92
2 37 100
2 37 105
2 37 117
2 37 121
2 38 13
2 38 27
2 38 38
2 38 72
2 38 82
2 38 91
2 38 92
2 38 106
2 38 118
2 39 20
2 39 21
2 39 24
2 39 35
2 39 40
2 39 51
2 39 63
2 39 72
2 39 88
2 39 95
2 39 96
2 39 102
2 39 115
2 39 121
2 40 0
2 40 23
2 40 24
2 40 29
2 40 34
2 40 45
2 40 64
2 40 81
2 40 87
2 40 100
2 40 107
2 41 3
2 41 24
2 41 26
2 41 37
2 41 72
2 41 75
2 42 4
2 42 19
2 42 22
2 42 26
2 42 34
2 42 47
2 42 61
2 42 64
2 42 65
2 42 77
2 42 85
2 42 86
2 42 100
2 42 106
2 43 12
2 43 17
2 43 24
2 43 35
2 43 37
2 43 56
2 43 72
2 43 91
2 44 20
2 44 28
2 44 32
2 44 64
2 44 87
2 44 88
2 44 91
2 44 98
2 44 110
2 44 120
2 44 121
2 45 13
2 45 67
2 45 78
2 45 79
2 45 80
2 45 84
2 45 85
2 45 91
2 45 95
2 46 1
2 46 6
2 46 11
2 46 71
2 46 77
2 46 82
2 46 88
2 46 93
2 46 109
2 46 112
2 46 117
2 46 120
2 47 17
2 47 34
2 47 47
2 47 57
2 47 73
2 47 85
2 47 89
2 47 90
2 47 92
2 47 101
2 47 109
2 47 110
2 47 120
2 48 13
2 48 29
2 48 44
2 48 49
2 48 69
2 48 71
2 48 117
2 49 0
2 49 20
2 49 43
2 49 45
2 49 74
2 49 108
2 49 110
2 49 112
2 49 114
2 49 119
2 49 120
2 50 2
2 50 24
2 50 30
2 50 36
2 50 42
2 50 48
2 50 61
2 50 62
2 50 68
2 50 70
2 50 97
2 51 6
2 51 11
2 51 12
2 51 26
2 51 34
2 51 39
2 51 53
2 51 55
2 51 94
2 51 102
2 51 109
2 52 6
2 52 14
2 52 18
2 52 20
2 52 27
2 52 39
2 52 68
2 52 84
2 52 108
2 52 118
2 53 2
2 53 3
2 53 18
2 53 37
2 53 50
2 53 73
2 53 75
2 53 80
2 53 81
2 53 94
2 53 97
2 54 1
2 54 38
2 54 45
2 54 58
2 54 62
2 54 67
2 54 69
2 54 75
2 54 86
2 54 91
2 54 97
2 55 7
2 55 18
2 55 50
2 55 63
2 55 75
2 55 83
2 55 103
2 56 39
2 56 40
2 56 54
2 56 71
2 56 90
2 56 104
2 56 110
2 56 111
2 57 0
2 57 10
2 57 26
2 57 41
2 57 51
2 57 53
2 57 59
2 57 67
2 57 85
2 57 106
2 57 113
2 58 26
2 58 29
2 58 44
2 58 52
2 58 79
2 58 81
2 59 36
2 59 65
2 59 85
2 59 92
2 59 120
2 60 12
2 60 45
2 60 47
2 60 89
2 60 118
2 61 2
2 61 9
2 61 30
2 61 43
2 61 76
2 62 12
2 62 35
2 62 54
2 62 90
2 62 92
2 62 96
2 62 111
2 63 31
2 63 38
2 63 78
2 63 85
2 63 88
2 63 98
2 63 104
2 63 117
2 64 3
2 64 4
2 64 15
2 64 34
2 64 52
2 64 70
2 64 85
2 64 104
2 65 10
2 65 41
2 65 69
2 65 75
2 65 79
2 65 102
2 65 103
2 66 9
2 66 38
2 66 39
2 66 43
2 66 74
2 66 79
2 66 85
2 66 89
2 66 104
2 66 116
2 67 35
2 67 102
2 67 104
2 68 2
2 68 4
2 68 8
2 68 18
2 68 25
2 68 59
2 68 69
2 68 70
2 68 82
2 68 87
2 69 5
2 69 20
2 69 61
2 69 63
2 69 117
2 69 118
2 70 43
2 70 44
2 70 53
2 70 93
2 71 16
2 71 25
2 71 26
2 71 40
2 71 46
2 71 56
2 71 67
2 71 75
2 71 79
2 72 1
2 72 7
2 72 12
2 72 21
2 72 29
2 72 47
2 72 61
2 72 78
2 72 100
2 72 113
2 73 3
2 73 7
2 73 10
2 73 17
2 73 50
2 73 52
2 73 65
2 73 77
2 73 84
2 73 98
2 73 102
2 74 61
2 74 66
2 74 72
2 74 74
2 74 78
2 74 80
2 74 88
2 74 92
2 74 111
2 74 118
2 75 3
2 75 7
2 75 11
2 75 27
2 75 49
2 75 51
2 75 65
2 75 68
2 75 75
2 75 80
2 75 113
2 75 114
2 75 117
2 75 121
2 76 4
2 76 14
2 76 21
2 76 26
2 76 58
2 76 94
2 76 108
2 76 114
2 77 6
2 77 24
2 77 31
2 77 32
2 77 66
2 77 81
2 77 84
2 77 95
2 77 118
2 78 5
2 78 9
2 78 32
2 78 41
2 78 50
2 78 72
2 78 75
2 78 99
2 78 105
2 78 108
2 79 65
2 79 90
2 79 112
2 79 119
2 80 0
2 80 1
2 80 3
2 80 6
2 80 9
2 80 27
2 80 41
2 80 52
2 80 55
2 80 58
2 80 64
2 80 94
2 80 106
2 80 112
2 80 116
2 81 2
2 81 7
2 81 9
2 81 16
2 81 21
2 81 35
2 81 36
2 81 39
2 81 44
2 81 53
2 81 65
2 81 72
2 81 74
2 81 94
2 81 110
2 81 115
2 82 45
2 82 55
2 82 56
2 82 112
2 82 116
2 82 118
2 83 14
2 83 28
2 83 36
2 83 74
2 84 37
2 84 45
2 84 58
2 84 70
2 84 78
2 84 87
2 85 4
2 85 14
2 85 26
2 85 29
2 85 42
2 85 48
2 85 51
2 85 55
2 85 84
2 85 89
2 85 90
2 86 13
2 86 60
2 86 61
2 86 63
2 86 85
2 86 88
2 86 89
2 86 92
2 87 5
2 87 20
2 87 29
2 87 33
2 87 45
2 87 75
2 88 12
2 88 28
2 88 29
2 88 53
2 88 58
2 88 71
2 88 86
2 88 114
2 88 118
2 88 121
2 89 4
2 89 10
2 89 20
2 89 38
2 89 44
2 89 55
2 89 62
2 89 66
2 89 73
2 89 76
2 89 85
2 89 102
2 90 8
2 90 26
2 90 68
2 90 76
2 90 103
2 90 116
2 91 6
2 91 14
2 91 19
2 91 37
2 91 45
2 91 46
2 91 81
2 92 7
2 92 41
2 92 43
2 92 53
2 92 59
2 92 67
2 92 70
2 92 72
2 92 79
2 92 92
2 92 111
2 92 120
2 93 12
2 93 16
2 93 19
2 93 22
2 93 61
2 93 62
2 93 67
2 93 70
2 93 73
2 93 86
2 93 93
2 93 100
2 94 8
2 94 10
2 94 12
2 94 15
2 94 16
2 94 20
2 94 28
2 94 51
2 94 54
2 94 62
2 94 71
2 94 77
2 94 93
2 94 99
2 94 102
2 94 106
2 94 113
2 95 7
2 95 13
2 95 14
2 95 33
2 95 57
2 95 65
2 95 67
2 95 87
2 95 88
2 95 111
2 95 115
2 96 9
2 96 10
2 96 19
2 96 40
2 97 3
2 97 7
2 97 11
2 97 53
2 97 55
2 97 73
2 97 85
2 97 98
2 98 2
2 98 7
2 98 12
2 98 73
2 98 117
2 99 4
2 99 16
2 99 22
2 99 48
2 99 75
2 99 78
2 99 80
2 99 89
2 99 103
2 99 121
2 100 4
2 100 8
2 100 23
2 100 26
2 100 47
2 100 56
2 100 58
2 100 88
2 100 112
2 101 2
2 101 5
2 101 33
2 101 35
2 101 44
2 101 62
2 101 92
2 101 94
2 101 104
2 102 3
2 102 32
2 102 34
2 102 56
2 102 63
2 102 73
2 102 91
2 102 96
2 103 5
2 103 23
2 103 49
2 103 59
2 103 62
2 103 99
2 103 107
2 103 118
2 104 7
2 104 9
2 104 29
2 104 39
2 104 45
2 104 50
2 104 57
2 104 89
2 104 93
2 104 113
2 104 114
2 104 120
2 105 38
2 105 49
2 105 77
2 105 80
2 105 94
2 105 118
3 0 32
3 0 55
3 0 61
3 0 66
3 0 71
3 0 77
3 0 84
3 0 85
3 0 96
3 0 117
3 0 120
3 0 144
3 1 69
3 1 77
3 1 90
3 1 97
3 1 116
3 1 133
3 1 152
3 1 158
3 2 2
3 2 5
3 2 6
3 2 13
3 2 15
3 2 18
3 2 36
3 2 46
3 2 50
3 2 74
3 2 126
3 2 139
3 2 146
3 2 156
3 3 2
3 3 13
3 3 16
3 3 23
3 3 32
3 3 38
3 3 39
3 3 57
3 3 58
3 3 77
3 3 99
3 3 101
3 3 103
3 3 120
3 3 133
3 3 135
3 3 161
3 4 0
3 4 38
3 4 49
3 4 57
3 4 69
3 4 80
3 4 84
3 4 85
3 4 96
3 4 100
3 5 14
3 5 46
3 5 56
3 5 61
3 5 94
3 5 139
3 5 144
3 5 145
3 6 10
3 6 31
3 6 39
3 6 51
3 6 63
3 6 79
3 6 136
3 6 152
3 7 5
3 7 13
3 7 47
3 7 53
3 7 56
3 7 68
3 7 75
3 7 79
3 7 109
3 7 132
3 7 152
3 8 3
3 8 59
3 8 145
3 8 155
3 8 159
3 8 160
3 9 4
3 9 5
3 9 10
3 9 13
3 9 14
3 9 26
3 9 44
3 9 47
3 9 55
3 9 76
3 9 97
3 9 106
3 9 116
3 9 130
3 9 156
3 10 12
3 10 27
3 10 50
3 10 56
3 10 76
3 10 79
3 10 90
3 10 96
3 10 102
3 10 111
3 10 112
3 10 136
3 10 147
3 10 159
3 11 7
3 11 9
3 11 58
3 11 66
3 11 104
3 11 111
3 11 121
3 11 132
3 12 6
3 12 10
3 12 11
3 12 28
3 12 32
3 12 36
3 12 60
3 12 90
3 12 110
3 12 113
3 12 126
3 12 151
3 12 157
3 12 161
3 13 0
3 13 8
3 13 15
3 13 29
3 13 30
3 13 38
3 13 42
3 13 46
3 13 50
3 13 51
3 13 53
3 13 99
3 13 104
3 13 111
3 13 132
3 13 146
3 13 152
3 13 161
3 14 1
3 14 73
3 14 77
3 14 78
3 14 84
3 14 96
3 14 108
3 14 128
3 14 137
3 14 151
3 15 32
3 15 37
3 15 52
3 15 64
3 15 68
3 15 77
3 15 90
3 15 91
3 15 106
3 15 129
3 15 154
3 16 16
3 16 19
3 16 48
3 16 74
3 16 98
3 16 99
3 16 101
3 16 114
3 16 121
3 16 123
3 16 136
3 16 151
3 16 152
3 17 7
3 17 26
3 17 29
3 17 33
3 17 35
3 17 42
3 17 47
3 17 52
3 17 66
3 17 70
3 17 71
3 17 72
3 17 81
3 17 105
3 17 111
3 17 112
3 17 121
3 17 135
3 17 149
3 18 3
3 18 6
3 18 9
3 18 17
3 18 41
3 18 44
3 18 49
3 18 97
3 18 101
3 18 126
3 19 27
3 19 40
3 19 41
3 19 72
3 19 94
3 19 116
3 19 122
3 19 132
3 19 149
3 20 56
3 20 62
3 20 65
3 20 77
3 20 144
3 21 3
3 21 72
3 21 113
3 21 131
3 21 138
3 21 140
3 21 154
3 22 17
3 22 21
3 22 36
3 22 41
3 22 59
3 22 118
3 22 125
3 22 160
3 23 4
3 23 84
3 23 86
3 23 88
3 23 97
3 23 117
3 23 130
3 23 132
3 23 134
3 23 153
3 24 28
3 24 56
3 24 73
3 24 111
3 24 130
3 24 147
3 25 3
3 25 34
3 25 44
3 25 47
3 25 82
3 25 101
3 25 109
3 25 112
3 25 144
3 25 152
3 26 34
3 26 37
3 26 55
3 26 70
3 26 72
3 26 92
3 26 123
3 26 129
3 26 138
3 26 139
3 26 145
3 26 146
3 27 30
3 27 40
3 27 47
3 27 82
3 27 101
3 27 110
3 27 112
3 28 42
3 28 64
3 28 97
3 28 109
3 28 123
3 28 124
3 28 139
3 28 146
3 28 151
3 29 6
3 29 7
3 29 22
3 29 24
3 29 34
3 29 38
3 29 47
3 29 48
3 29 49
3 29 58
3 29 62
3 29 64
3 29 76
3 29 118
3 29 120
3 29 134
3 29 145
3 29 147
3 30 37
3 30 39
3 30 64
3 30 89
3 30 108
3 30 152
3 31 14
3 31 35
3 31 46
3 31 54
3 31 66
3 31 130
3 31 157
3 32 1
3 32 2
3 32 20
3 32 54
3 32 55
3 32 61
3 32 62
3 32 75
3 32 86
3 32 88
3 32 90
3 32 96
3 32 103
3 32 116
3 32 117
3 32 151
3 33 0
3 33 12
3 33 15
3 33 46
3 33 64
3 33 83
3 33 86
3 33 97
3 33 112
3 33 144
3 33 149
3 34 35
3 34 36
3 34 64
3 34 65
3 34 103
3 34 109
3 34 115
3 34 135
3 34 137
3 34 144
3 34 149
3 34 158
3 34 159
3 35 4
3 35 6
3 35 47
3 35 54
3 35 85
3 35 88
3 35 124
3 35 143
3 35 145
3 36 0
3 36 12
3 36 17
3 36 22
3 36 28
3 36 48
3 36 61
3 36 67
3 36 85
3 36 104
3 36 111
3 36 155
3 37 17
3 37 21
3 37 61
3 37 66
3 37 72
3 37 79
3 37 80
3 37 86
3 37 88
3 37 94
3 37 96
3 37 149
3 37 150
3 37 156
3 37 161
3 38 3
3 38 7
3 38 14
3 38 43
3 38 45
3 38 54
3 38 83
3 38 118
3 38 137
3 38 140
3 38 160
3 39 5
3 39 16
3 39 41
3 39 56
3 39 150
3 39 154
3 40 1
3 40 75
3 40 103
3 40 111
3 40 112
3 40 118
3 40 125
3 40 141
3 40 153
3 41 2
3 41 13
3 41 34
3 41 48
3 41 55
3 41 60
3 41 80
3 41 94
3 41 95
3 41 118
3 41 141
3 42 2
3 42 28
3 42 33
3 42 56
3 42 58
3 42 85
3 42 103
3 42 107
3 42 114
3 42 126
3 42 129
3 42 130
3 42 132
3 42 138
3 42 154
3 42 156
3 43 62
3 43 63
3 43 68
3 43 70
3 43 78
3 43 83
3 43 123
3 44 3
3 44 34
3 44 39
3 44 46
3 44 55
3 44 91
3 44 110
3 44 152
3 45 38
3 45 43
3 45 70
3 45 87
3 45 97
3 45 98
3 45 107
3 45 134
3 46 5
3 46 27
3 46 46
3 46 47
3 46 48
3 46 71
3 46 74
3 46 88
3 46 95
3 46 102
3 46 109
3 46 116
3 46 119
3 46 157
3 47 9
3 47 19
3 47 25
3 47 27
3 47 31
3 47 89
3 47 91
3 47 124
3 47 136
3 47 138
3 47 141
3 47 145
3 48 27
3 48 52
3 48 76
3 48 99
3 48 106
3 48 113
3 48 130
3 49 9
3 49 18
3 49 64
3 49 77
3 49 88
3 49 132
3 49 146
3 49 147
3 49 154
3 49 155
3 50 2
3 50 8
3 50 21
3 50 32
3 50 42
3 50 72
3 50 85
3 50 116
3 50 135
3 50 143
3 50 146
3 50 149
3 51 11
3 51 14
3 51 46
3 51 52
3 51 92
3 51 97
3 51 109
3 51 111
3 51 116
3 51 120
3 51 130
3 51 159
3 52 0
3 52 2
3 52 54
3 52 66
3 52 80
3 52 84
3 52 89
3 52 105
3 52 120
3 52 126
3 52 146
3 53 12
3 53 48
3 53 50
3 53 66
3 53 72
3 53 75
3 53 80
3 53 87
3 53 93
3 53 149
3 53 158
3 54 48
3 54 51
3 54 67
3 54 75
3 54 81
3 54 84
3 54 106
3 54 124
3 54 126
3 54 129
3 54 155
3 54 160
3 55 0
3 55 1
3 55 7
3 55 23
3 55 28
3 55 44
3 55 53
3 55 54
3 55 72
3 55 80
3 55 84
3 55 88
3 55 93
3 55 105
3 55 109
3 55 135
3 55 140
3 55 148
3 55 161
3 56 17
3 56 28
3 56 49
3 56 53
3 56 59
3 56 93
3 56 107
3 56 120
3 56 136
3 56 149
3 57 10
3 57 23
3 57 24
3 57 32
3 57 55
3 57 56
3 57 80
3 57 100
3 57 105
3 57 108
3 57 160
3 58 0
3 58 36
3 58 72
3 58 81
3 58 98
3 58 108
3 58 122
3 58 133
3 58 140
3 58 159
3 58 161
3 59 29
3 59 50
3 59 67
3 59 109
3 59 128
3 59 132
3 59 144
3 60 31
3 60 38
3 60 40
3 60 42
3 60 44
3 60 63
3 60 66
3 60 75
3 60 95
3 60 111
3 60 114
3 60 119
3 60 127
3 61 27
3 61 47
3 61 52
3 61 55
3 61 56
3 61 61
3 61 65
3 61 77
3 61 79
3 61 90
3 61 95
3 61 103
3 61 130
3 61 147
3 61 150
3 61 157
3 62 8
3 62 10
3 62 36
3 62 66
3 62 72
3 62 84
3 62 87
3 62 90
3 62 97
3 62 113
3 62 135
3 63 19
3 63 23
3 63 41
3 63 47
3 63 68
3 63 71
3 63 84
3 63 124
3 63 144
3 64 16
3 64 32
3 64 52
3 64 58
3 64 76
3 64 88
3 64 121
3 65 19
3 65 27
3 65 32
3 65 52
3 65 64
3 65 65
3 65 91
3 65 107
3 65 125
3 65 138
3 65 141
3 65 145
3 65 146
3 65 152
3 66 1
3 66 27
3 66 40
3 66 42
3 66 46
3 66 131
3 66 147
3 66 153
3 66 161
3 67 10
3 67 37
3 67 52
3 67 57
3 67 72
3 67 114
3 67 119
3 67 123
3 67 134
3 67 150
3 68 7
3 68 14
3 68 18
3 68 26
3 68 44
3 68 50
3 68 77
3 68 87
3 68 105
3 68 110
3 68 111
3 68 118
3 68 131
3 68 132
3 69 35
3 69 38
3 69 45
3 69 48
3 69 86
3 69 87
3 69 95
3 69 102
3 69 115
3 70 30
3 70 51
3 70 52
3 70 54
3 70 55
3 70 57
3 70 58
3 70 65
3 70 75
3 70 79
3 70 97
3 70 98
3 70 118
3 70 123
3 70 129
3 70 135
3 71 7
3 71 27
3 71 44
3 71 48
3 71 85
3 71 126
3 71 132
3 71 135
3 71 139
3 71 140
3 71 144
3 71 145
3 71 157
3 72 13
3 72 26
3 72 34
3 72 44
3 72 75
3 72 89
3 72 92
3 72 100
3 72 128
3 72 131
3 72 134
3 72 141
3 72 151
3 72 159
3 73 13
3 73 24
3 73 27
3 73 28
3 73 46
3 73 48
3 73 52
3 73 78
3 73 90
3 73 91
3 73 100
3 73 107
3 73 108
3 73 126
3 73 138
3 73 146
3 74 2
3 74 18
3 74 20
3 74 22
3 74 52
3 74 60
3 74 84
3 74 109
3 74 127
3 74 133
3 74 142
3 74 151
3 74 155
3 74 156
3 75 7
3 75 18
3 75 19
3 75 26
3 75 29
3 75 52
3 75 65
3 75 66
3 75 69
3 75 116
3 75 144
3 75 152
3 76 9
3 76 70
3 76 82
3 76 86
3 76 94
3 76 97
3 76 99
3 76 108
3 76 128
3 76 154
3 77 6
3 77 15
3 77 18
3 77 44
3 77 61
3 77 65
3 77 89
3 77 105
3 77 107
3 77 129
3 77 134
3 77 137
3 77 147
3 77 150
3 77 154
3 78 8
3 78 34
3 78 40
3 78 66
3 78 73
3 78 97
3 78 106
3 78 108
3 78 112
3 78 114
3 78 133
3 78 157
3 79 3
3 79 40
3 79 94
3 79 140
3 79 143
3 80 13
3 80 24
3 80 29
3 80 57
3 80 60
3 80 64
3 80 71
3 80 99
3 80 123
3 80 128
3 80 129
3 80 145
3 80 153
3 81 8
3 81 25
3 81 33
3 81 38
3 81 47
3 81 61
3 81 63
3 81 97
3 81 123
3 81 150
3 82 0
3 82 13
3 82 17
3 82 27
3 82 29
3 82 59
3 82 72
3 82 104
3 82 109
3 82 119
3 82 120
3 82 126
3 83 17
3 83 29
3 83 36
3 83 46
3 83 62
3 83 76
3 83 90
3 83 93
3 83 95
3 83 100
3 83 106
3 83 108
3 83 109
3 83 110
3 83 128
3 83 145
3 83 156
3 84 15
3 84 16
3 84 19
3 84 44
3 84 47
3 84 95
3 84 98
3 84 101
3 84 128
3 84 137
3 84 140
3 84 141
3 84 143
3 85 1
3 85 19
3 85 62
3 85 90
3 85 111
3 85 149
3 85 152
3 86 4
3 86 21
3 86 26
3 86 29
3 86 30
3 86 37
3 86 44
3 86 51
3 86 88
3 86 119
3 86 126
3 86 158
3 87 26
3 87 35
3 87 69
3 87 73
3 87 87
3 87 95
3 87 101
3 87 104
3 87 115
3 87 122
3 87 132
3 87 140
3 87 156
3 87 158
3 88 17
3 88 47
3 88 54
3 88 69
3 88 72
3 88 79
3 88 82
3 88 84
3 88 107
3 88 108
3 88 113
3 88 123
3 88 146
3 88 152
3 88 154
3 89 21
3 89 24
3 89 29
3 89 37
3 89 75
3 89 105
3 89 144
3 89 152
3 90 15
3 90 21
3 90 23
3 90 44
3 90 55
3 90 77
3 90 101
3 90 116
3 90 120
3 90 145
3 90 157
3 91 29
3 91 55
3 91 73
3 91 76
3 91 83
3 91 85
3 91 92
3 91 104
3 91 124
3 91 155
3 92 28
3 92 42
3 92 43
3 92 46
3 92 57
3 92 73
3 92 92
3 92 101
3 92 126
3 92 129
3 92 143
3 92 160
3 93 1
3 93 8
3 93 13
3 93 19
3 93 21
3 93 23
3 93 26
3 93 32
3 93 41
3 93 44
3 93 74
3 93 75
3 93 76
3 93 85
3 93 90
3 93 106
3 93 108
3 93 159
3 94 18
3 94 45
3 94 46
3 94 51
3 94 81
3 94 84
3 94 98
3 94 119
3 94 120
3 94 135
3 94 147
3 95 14
3 95 17
3 95 46
3 95 72
3 95 78
3 95 83
3 95 89
3 95 92
3 95 102
3 95 119
3 95 124
3 95 137
3 95 142
3 95 144
3 95 146
3 95 150
3 95 159
3 96 22
3 96 63
3 96 67
3 96 69
3 96 86
3 96 95
3 96 103
3 96 104
3 96 135
3 96 153
3 97 8
3 97 20
3 97 41
3 97 79
3 97 80
3 97 84
3 97 99
3 97 116
3 97 120
3 97 124
3 97 133
3 97 134
3 97 152
3 98 30
3 98 58
3 98 80
3 98 124
3 98 150
3 99 9
3 99 20
3 99 64
3 99 90
3 99 109
3 99 116
3 99 128
3 99 135
3 99 138
3 99 149
3 99 151
3 99 157
3 100 4
3 100 8
3 100 17
3 100 25
3 100 39
3 100 41
3 100 48
3 100 68
3 100 76
3 100 89
3 100 93
3 100 133
3 100 136
3 100 155
3 101 15
3 101 26
3 101 36
3 101 42
3 101 53
3 101 58
3 101 105
3 101 121
3 101 137
3 101 142
3 101 145
3 101 152
3 102 13
3 102 40
3 102 48
3 102 55
3 102 63
3 102 91
3 102 104
3 102 121
3 103 5
3 103 30
3 103 39
3 103 61
3 103 77
3 103 86
3 103 89
3 103 103
3 103 105
3 103 139
3 104 7
3 104 20
3 104 26
3 104 61
3 104 69
3 104 74
3 104 76
3 104 81
3 104 87
3 104 92
3 104 103
3 104 113
3 104 118
3 104 120
3 104 125
3 104 150
3 104 151
3 104 153
3 105 19
3 105 31
3 105 38
3 105 49
3 105 58
3 105 60
3 105 63
3 105 103
3 105 116
3 105 125
3 105 126
3 105 143
3 105 149
3 105 158
3 105 161
3 106 2
3 106 15
3 106 47
3 106 50
3 106 67
3 106 72
3 106 108
3 106 110
3 106 127
3 106 131
3 106 154
3 107 8
3 107 20
3 107 43
3 107 58
3 107 67
3 107 75
3 107 111
3 107 135
3 108 1
3 108 11
3 108 29
3 108 41
3 108 52
3 108 69
3 108 72
3 108 75
3 108 76
3 108 97
3 108 101
3 108 102
3 108 125
3 108 128
3 108 129
3 108 139
3 108 145
3 108 151
3 109 29
3 109 54
3 109 60
3 109 85
3 109 87
3 109 99
3 109 114
3 109 119
3 109 126
3 109 135
3 109 141
3 110 40
3 110 52
3 110 54
3 110 71
3 110 78
3 110 84
3 110 98
3 110 138
3 110 139
3 110 160
3 111 26
3 111 29
3 111 36
3 111 81
3 111 83
3 111 145
3 112 16
3 112 18
3 112 37
3 112 41
3 112 70
3 112 71
3 112 109
3 112 130
3 112 138
3 112 159
3 112 161
3 113 0
3 113 7
3 113 15
3 113 21
3 113 26
3 113 54
3 113 63
3 113 90
3 113 101
3 114 10
3 114 17
3 114 18
3 114 29
3 114 37
3 114 41
3 114 58
3 114 64
3 114 76
3 114 78
3 114 79
3 114 81
3 114 95
3 114 123
3 114 140
3 114 156
3 114 158
3 115 5
3 115 6
3 115 10
3 115 49
3 115 64
3 115 67
3 115 69
3 115 70
3 115 73
3 115 77
3 115 78
3 115 85
3 115 97
3 115 130
3 115 132
3 115 159
3 115 160
3 116 13
3 116 22
3 116 44
3 116 84
3 116 86
3 116 116
3 116 131
3 116 137
3 116 138
3 116 144
3 116 145
3 117 13
3 117 15
3 117 21
3 117 63
3 117 89
3 117 91
3 117 98
3 117 114
3 117 119
3 117 127
3 117 129
3 118 9
3 118 18
3 118 27
3 118 37
3 118 48
3 118 60
3 118 61
3 118 85
3 118 103
3 118 108
3 118 110
3 118 113
3 118 124
3 118 125
3 119 24
3 119 60
3 119 93
3 119 136
3 119 142
3 119 151
3 120 8
3 120 15
3 120 20
3 120 21
3 120 22
3 120 33
3 120 36
3 120 75
3 120 90
3 120 102
3 120 103
3 120 111
3 120 112
3 120 114
3 120 115
3 120 119
3 120 149
3 120 153
3 121 4
3 121 14
3 121 17
3 121 20
3 121 21
3 121 27
3 121 48
3 121 52
3 121 55
3 121 84
3 121 85
3 121 94
3 121 119
3 121 122
3 121 123
3 121 134
3 121 143