2397
5
119 106 101 150 124
3493

0 0 0 0 215 685 0 353 0 8 0 781 0 274 781 0 0 123 0 985 0 0 0 0 0 608 0 0 490 0 48 86 85 92 85 73 99 0 0 48 0 72 28 0 89 82 46 0 94 59 23 26 2 0 0 0 0 72 10 66 0 0 39 0 0 0 0 14 91 0 0 45 34 93 91 0 0 18 44 0 72 0 84 0 0 30 6 0 0 41 0 0 28 0 32 0 0 0 0 23 0 0 0 0 0 50 0 42 79 38 0 74 0 0 0 0 29 0 0
0 711 0 187 0 0 0 0 395 0 517 0 674 910 0 488 0 0 0 0 0 216 0 723 0 244 0 36 23 0 33 0 12 0 0 0 40 0 60 0 12 14 0 49 0 10 58 0 70 34 0 50 0 76 88 25 35 79 51 87 0 26 81 75 52 0 16 88 16 42 0 65 31 49 72 6 0 22 0 52 0 87 26 0 0 26 68 89 0 16 0 0 0 87 51 0 0 79 82 99 0 4 33 0 0 55
0 752 0 621 0 0 0 0 0 43 0 135 0 719 0 0 421 0 0 659 0 0 0 574 111 0 0 69 9 58 0 0 0 0 0 91 97 0 67 0 18 34 0 0 0 0 0 0 0 13 0 0 46 44 0 89 0 53 0 23 81 0 0 71 13 0 0 20 38 0 87 30 0 10 0 0 0 0 35 7 0 0 0 0 0 0 0 0 0 0 0 24 95 0 74 42 41 0 0 0 0
0 789 602 0 794 853 427 0 321 0 0 0 0 422 106 0 0 249 0 422 335 0 0 117 0 421 0 145 0 0 0 96 221 0 0 0 0 207 5 25 64 0 70 0 0 31 0 7 0 0 0 0 0 0 0 0 0 0 0 0 0 0 48 82 14 80 0 0 0 25 0 0 0 78 0 0 0 0 0 0 66 0 16 55 0 20 0 91 81 0 32 13 94 74 72 25 0 0 43 95 89 65 11 0 0 39 0 38 0 0 0 80 0 0 0 0 0 15 73 21 0 66 0 0 31 40 13 0 0 14 0 71 27 0 0 0 0 26 46 64 56 86 0 47 0 20 0 100 0 0
346 0 0 500 0 0 329 0 0 186 0 0 343 0 447 0 525 0 304 0 81 0 768 0 646 0 355 0 0 0 0 0 0 36 62 0 0 45 0 0 0 24 25 0 48 86 0 34 40 23 0 0 0 0 0 79 100 0 7 43 0 15 99 100 0 39 18 0 29 0 91 0 0 0 0 8 70 31 53 0 0 11 0 0 0 34 0 60 84 62 0 51 0 31 0 34 25 0 40 0 9 0 0 0 1 0 0 93 89 54 58 95 0 0 0 30 0 38 0 0 0 0 0 3

0 0 13
0 0 29
0 0 36
0 0 38
0 0 57
0 0 71
0 0 88
0 1 23
0 1 37
0 1 57
0 1 84
0 1 89
0 2 4
0 2 11
0 2 70
0 3 2
0 3 9
0 3 30
0 3 46
0 3 51
0 4 7
0 4 39
0 4 72
0 4 80
0 4 103
0 5 18
0 5 48
0 5 89
0 6 12
0 6 51
0 6 55
0 6 63
0 6 64
0 7 9
0 7 98
0 7 102
0 8 3
0 8 5
0 8 11
0 8 20
0 8 43
0 8 45
0 8 59
0 8 76
0 8 99
0 9 55
0 9 95
0 9 96
0 9 105
0 10 12
0 10 13
0 10 52
0 10 85
0 10 92
0 10 95
0 10 102
0 11 4
0 11 31
0 11 37
0 11 42
0 11 57
0 11 61
0 11 66
0 11 78
0 11 91
0 12 10
0 12 55
0 12 74
0 12 95
0 12 97
0 13 20
0 13 44
0 13 49
0 13 56
0 13 68
0 13 75
0 13 79
0 14 15
0 14 24
0 14 27
0 14 35
0 14 39
0 14 44
0 14 45
0 14 55
0 14 66
0 14 83
0 15 31
0 15 69
0 15 80
0 15 92
0 16 48
0 16 67
0 16 68
0 17 20
0 17 43
0 17 49
0 17 61
0 17 67
0 17 83
0 17 89
0 17 100
0 18 7
0 18 12
0 18 13
0 18 14
0 18 15
0 18 33
0 18 70
0 18 80
0 18 102
0 19 8
0 19 13
0 19 30
0 19 36
0 19 55
0 19 64
0 19 67
0 19 68
0 19 80
0 19 95
0 19 96
0 20 22
0 20 24
0 20 41
0 20 44
0 20 45
0 20 51
0 20 60
0 20 61
0 20 67
0 20 102
0 21 9
0 21 54
0 22 2
0 22 22
0 22 25
0 22 54
0 22 74
0 23 4
0 23 18
0 23 23
0 23 24
0 23 58
0 23 77
0 23 88
0 23 100
0 23 102
0 24 8
0 24 27
0 24 85
0 24 90
0 24 105
0 25 8
0 25 69
0 25 74
0 25 83
0 25 95
0 25 97
0 26 25
0 26 26
0 26 28
0 26 42
0 26 73
0 27 10
0 27 19
0 27 30
0 27 38
0 27 62
0 28 2
0 28 8
0 28 23
0 28 27
0 28 57
0 28 60
0 28 79
0 28 85
0 29 4
0 29 5
0 29 9
0 29 61
0 29 70
0 29 77
0 29 82
0 30 12
0 30 14
0 30 27
0 30 60
0 30 67
0 30 84
0 30 94
0 30 102
0 31 7
0 31 8
0 31 14
0 31 19
0 31 26
0 31 37
0 31 56
0 31 61
0 31 62
0 31 67
0 31 78
0 31 95
0 32 2
0 32 9
0 32 64
0 32 91
0 33 8
0 33 18
0 33 65
0 33 74
0 33 80
0 33 88
0 34 2
0 34 27
0 34 38
0 34 40
0 34 82
0 34 99
0 35 12
0 35 17
0 35 20
0 35 26
0 35 34
0 35 36
0 35 58
0 35 78
0 35 83
0 35 86
0 35 90
0 36 6
0 36 9
0 36 46
0 36 57
0 36 86
0 36 97
0 37 4
0 37 23
0 37 43
0 37 55
0 37 92
0 37 102
0 37 105
0 38 16
0 38 22
0 38 59
0 38 92
0 38 104
0 39 6
0 39 13
0 39 35
0 39 37
0 39 52
0 39 53
0 39 60
0 39 79
0 39 82
0 39 85
0 39 94
0 39 96
0 40 4
0 40 13
0 40 24
0 40 42
0 40 47
0 40 67
0 40 103
0 41 19
0 41 34
0 41 52
0 41 72
0 41 90
0 42 17
0 42 20
0 42 49
0 42 78
0 43 43
0 43 71
0 43 74
0 43 90
0 44 15
0 44 18
0 44 38
0 44 85
0 44 96
0 45 15
0 45 27
0 45 58
0 45 74
0 45 80
0 45 83
0 45 85
0 45 86
0 45 95
0 45 98
0 46 13
0 46 15
0 46 20
0 46 39
0 46 64
0 46 95
0 46 105
0 47 3
0 47 9
0 47 15
0 47 18
0 47 33
0 47 36
0 47 59
0 47 60
0 48 6
0 48 31
0 48 56
0 48 80
0 48 102
0 48 105
0 49 1
0 49 6
0 49 21
0 49 28
0 49 31
0 49 52
0 49 57
0 50 9
0 50 23
0 50 24
0 50 29
0 50 55
0 50 67
0 50 87
0 50 101
0 51 22
0 51 52
0 51 57
0 51 67
0 51 88
0 51 92
0 52 23
0 52 58
0 52 94
0 52 101
0 53 7
0 53 24
0 53 71
0 53 88
0 53 89
0 54 7
0 54 53
0 54 54
0 54 79
0 55 13
0 55 19
0 55 44
0 55 58
0 55 75
0 55 81
0 55 98
0 56 58
0 56 86
0 56 105
0 57 6
0 57 11
0 57 15
0 57 21
0 57 39
0 57 71
0 57 91
0 57 92
0 58 9
0 58 20
0 58 24
0 58 38
0 58 44
0 58 45
0 58 52
0 58 58
0 58 62
0 58 77
0 58 90
0 59 1
0 59 24
0 59 35
0 59 49
0 59 50
0 59 54
0 59 60
0 59 77
0 59 88
0 59 90
0 60 6
0 60 30
0 60 49
0 61 0
0 61 8
0 61 17
0 61 40
0 62 8
0 62 13
0 62 21
0 62 28
0 62 32
0 62 49
0 62 64
0 62 96
0 62 103
0 63 38
0 63 39
0 63 98
0 64 23
0 64 27
0 64 48
0 64 61
0 64 85
0 64 104
0 65 9
0 65 22
0 65 32
0 65 39
0 65 44
0 65 50
0 65 56
0 65 58
0 65 64
0 65 68
0 66 11
0 66 24
0 66 27
0 66 67
0 66 71
0 66 85
0 66 104
0 67 8
0 67 32
0 67 50
0 67 55
0 67 65
0 67 67
0 67 82
0 67 102
0 68 25
0 68 27
0 68 93
0 68 95
0 69 2
0 69 25
0 69 42
0 69 50
0 69 60
0 69 62
0 69 68
0 69 78
0 69 96
0 70 3
0 70 32
0 70 42
0 70 47
0 70 51
0 70 86
0 70 94
0 71 36
0 71 59
0 71 78
0 71 87
0 71 97
0 71 98
0 72 2
0 72 6
0 72 23
0 72 24
0 72 38
0 72 61
0 72 64
0 72 76
0 72 95
0 73 32
0 73 42
0 73 48
0 73 49
0 73 91
0 73 99
0 74 9
0 74 12
0 74 27
0 74 30
0 74 39
0 74 85
0 74 102
0 75 15
0 75 23
0 75 50
0 75 66
0 75 89
0 75 92
0 75 94
0 75 103
0 76 11
0 76 21
0 76 83
0 76 87
0 76 93
0 76 96
0 77 11
0 77 12
0 77 27
0 77 39
0 77 41
0 77 46
0 77 53
0 77 66
0 77 75
0 77 81
0 77 96
0 78 30
0 78 35
0 78 61
0 78 78
0 78 84
0 79 14
0 79 39
0 79 49
0 79 54
0 79 74
0 79 76
0 79 86
0 79 87
0 79 92
0 79 95
0 79 105
0 80 0
0 80 33
0 80 39
0 80 50
0 80 55
0 81 20
0 81 21
0 81 54
0 82 28
0 82 38
0 82 64
0 82 73
0 82 75
0 82 86
0 83 3
0 83 10
0 83 19
0 83 29
0 83 64
0 84 9
0 84 50
0 84 51
0 84 80
0 84 101
0 84 104
0 85 22
0 85 59
0 85 81
0 85 84
0 85 92
0 85 102
0 85 104
0 86 6
0 86 19
0 86 37
0 86 62
0 86 78
0 86 83
0 86 101
0 86 104
0 87 1
0 87 29
0 87 35
0 87 36
0 88 11
0 88 16
0 88 19
0 88 25
0 88 26
0 88 27
0 88 65
0 88 84
0 88 96
0 88 97
0 89 10
0 89 12
0 89 32
0 89 57
0 90 14
0 90 18
0 90 42
0 90 79
0 91 17
0 91 34
0 91 35
0 91 41
0 91 104
0 91 105
0 92 10
0 92 17
0 92 19
0 92 32
0 92 38
0 92 78
0 92 99
0 92 103
0 93 21
0 93 27
0 93 37
0 94 21
0 94 65
0 94 67
0 94 69
0 94 73
0 94 76
0 95 24
0 95 28
0 95 32
0 95 54
0 95 65
0 95 105
0 96 1
0 96 9
0 96 10
0 96 11
0 96 38
0 96 40
0 96 46
0 96 55
0 96 63
0 96 65
0 96 70
0 97 12
0 97 19
0 97 36
0 97 43
0 98 5
0 98 40
0 98 75
0 98 76
0 98 83
0 98 95
0 98 101
0 99 4
0 99 24
0 99 39
0 99 79
0 99 96
0 100 8
0 100 18
0 100 30
0 101 15
0 101 18
0 101 42
0 101 43
0 101 47
0 101 50
0 101 54
0 101 69
0 101 70
0 102 20
0 102 33
0 102 43
0 102 67
0 102 90
0 103 27
0 103 35
0 103 36
0 103 42
0 103 66
0 103 87
0 103 92
0 104 60
0 104 65
0 104 94
0 105 5
0 105 12
0 105 43
0 105 53
0 105 55
0 105 85
0 105 87
0 105 93
0 106 2
0 106 21
0 106 45
0 106 92
0 107 2
0 107 17
0 107 45
0 107 69
0 107 71
0 107 72
0 107 88
0 107 102
0 107 105
0 108 0
0 108 5
0 108 13
0 108 28
0 108 29
0 108 48
0 109 25
0 109 31
0 109 33
0 109 49
0 109 55
0 109 95
0 109 100
0 110 4
0 110 9
0 110 24
0 110 33
0 110 49
0 110 61
0 110 71
0 111 16
0 111 25
0 111 46
0 111 59
0 111 69
0 111 84
0 111 86
0 111 100
0 112 29
0 112 36
0 112 47
0 112 58
0 112 70
0 112 75
0 112 77
0 113 15
0 113 18
0 113 28
0 113 37
0 113 48
0 113 54
0 113 59
0 113 63
0 114 8
0 114 21
0 114 34
0 114 39
0 114 46
0 114 50
0 114 75
0 114 103
0 115 16
0 115 22
0 115 43
0 116 14
0 116 16
0 116 26
0 116 50
0 116 75
0 116 85
0 116 102
0 117 16
0 117 32
0 117 79
0 117 90
0 117 91
0 117 93
0 118 14
0 118 19
0 118 24
0 118 26
0 118 34
0 118 47
0 118 84
0 118 104
1 0 8
1 0 21
1 0 25
1 0 34
1 0 43
1 0 56
1 0 66
1 1 14
1 1 24
1 1 40
1 1 48
1 1 72
1 1 83
1 1 90
1 2 2
1 2 7
1 2 18
1 2 65
1 2 75
1 2 95
1 3 6
1 3 11
1 3 21
1 3 23
1 3 41
1 3 66
1 3 75
1 3 76
1 3 80
1 3 91
1 4 36
1 4 46
1 4 55
1 4 66
1 4 70
1 4 76
1 5 14
1 5 33
1 5 47
1 5 58
1 5 69
1 5 73
1 5 80
1 5 83
1 5 89
1 6 1
1 6 44
1 6 52
1 6 60
1 6 63
1 6 75
1 6 78
1 6 79
1 6 81
1 7 2
1 7 6
1 7 16
1 7 17
1 7 22
1 7 37
1 7 47
1 7 64
1 8 7
1 8 10
1 8 33
1 8 37
1 8 39
1 8 46
1 8 57
1 8 59
1 8 67
1 8 81
1 9 1
1 9 3
1 9 10
1 9 26
1 9 36
1 9 38
1 9 47
1 9 56
1 9 71
1 9 75
1 9 83
1 9 87
1 9 90
1 10 7
1 10 16
1 10 17
1 10 34
1 10 39
1 10 97
1 11 10
1 11 11
1 11 18
1 11 43
1 11 45
1 11 55
1 11 60
1 11 97
1 11 99
1 12 4
1 12 14
1 12 19
1 12 78
1 12 82
1 12 90
1 12 92
1 13 1
1 13 5
1 13 19
1 13 73
1 14 4
1 14 12
1 14 21
1 14 29
1 14 80
1 14 84
1 14 95
1 15 14
1 15 23
1 15 27
1 15 41
1 15 58
1 15 84
1 16 1
1 16 3
1 16 53
1 16 57
1 16 82
1 17 6
1 17 16
1 17 23
1 17 37
1 17 57
1 17 67
1 17 68
1 17 74
1 18 5
1 18 30
1 18 56
1 18 90
1 18 91
1 18 97
1 18 98
1 19 38
1 19 54
1 19 57
1 19 73
1 19 88
1 20 42
1 20 85
1 21 19
1 21 40
1 21 49
1 21 65
1 21 100
1 22 8
1 22 13
1 22 33
1 22 59
1 22 89
1 22 92
1 23 10
1 23 29
1 23 57
1 23 63
1 23 86
1 23 94
1 23 100
1 24 35
1 24 44
1 24 63
1 24 72
1 24 75
1 24 81
1 25 11
1 25 13
1 25 17
1 25 23
1 25 42
1 25 62
1 25 82
1 26 3
1 26 5
1 26 7
1 26 57
1 26 62
1 26 68
1 26 97
1 27 13
1 27 23
1 27 54
1 27 67
1 27 80
1 28 9
1 28 14
1 28 18
1 28 28
1 28 30
1 28 57
1 28 63
1 28 67
1 28 69
1 29 19
1 29 26
1 29 30
1 29 41
1 29 78
1 29 95
1 29 97
1 30 2
1 30 6
1 30 38
1 30 58
1 31 0
1 31 4
1 31 8
1 31 77
1 31 86
1 31 92
1 32 2
1 32 5
1 32 8
1 32 45
1 32 52
1 32 53
1 32 74
1 32 86
1 33 0
1 33 5
1 33 37
1 33 45
1 33 75
1 33 76
1 33 98
1 34 13
1 34 32
1 34 46
1 34 47
1 34 98
1 35 5
1 35 11
1 35 30
1 35 35
1 35 43
1 35 58
1 36 18
1 36 61
1 36 69
1 36 75
1 36 91
1 37 2
1 37 16
1 37 41
1 37 55
1 37 57
1 37 64
1 37 87
1 38 5
1 38 42
1 38 60
1 38 73
1 38 79
1 38 93
1 38 97
1 38 99
1 39 62
1 39 72
1 39 82
1 40 11
1 40 19
1 40 23
1 40 43
1 40 62
1 40 88
1 40 90
1 41 8
1 41 19
1 41 35
1 41 64
1 41 70
1 41 71
1 42 29
1 42 54
1 43 19
1 43 42
1 43 59
1 43 75
1 43 81
1 43 82
1 43 96
1 44 33
1 44 47
1 44 61
1 44 69
1 44 76
1 44 84
1 44 85
1 45 14
1 45 32
1 45 52
1 45 57
1 45 58
1 45 76
1 45 98
1 46 15
1 46 16
1 46 22
1 46 26
1 46 39
1 46 46
1 46 47
1 47 10
1 47 24
1 47 35
1 47 36
1 47 49
1 47 62
1 47 66
1 47 93
1 47 94
1 48 2
1 48 41
1 48 48
1 48 58
1 48 69
1 48 70
1 48 71
1 48 80
1 48 86
1 48 98
1 49 15
1 49 23
1 49 38
1 49 45
1 49 68
1 49 74
1 49 93
1 50 11
1 50 14
1 50 50
1 50 56
1 50 77
1 50 80
1 50 83
1 50 90
1 51 15
1 51 23
1 51 24
1 51 29
1 51 43
1 51 56
1 51 68
1 51 79
1 52 16
1 52 40
1 52 54
1 52 62
1 52 67
1 52 91
1 52 93
1 52 99
1 53 55
1 53 58
1 53 60
1 53 76
1 53 96
1 54 35
1 54 49
1 54 68
1 55 14
1 55 23
1 55 83
1 55 96
1 56 21
1 56 39
1 56 40
1 56 49
1 56 62
1 56 97
1 57 1
1 57 14
1 57 48
1 57 60
1 58 6
1 58 42
1 58 58
1 58 73
1 59 5
1 59 12
1 59 19
1 59 26
1 59 45
1 59 47
1 60 1
1 60 27
1 60 97
1 61 0
1 61 3
1 61 39
1 61 47
1 61 54
1 61 74
1 61 78
1 61 84
1 61 86
1 61 91
1 62 34
1 62 40
1 62 62
1 62 92
1 63 16
1 63 17
1 63 84
1 63 95
1 63 99
1 64 39
1 64 42
1 64 58
1 64 90
1 65 7
1 65 41
1 65 55
1 65 97
1 66 13
1 66 23
1 66 59
1 66 98
1 67 40
1 67 55
1 68 3
1 68 7
1 68 10
1 68 15
1 68 37
1 68 43
1 68 56
1 68 60
1 68 65
1 68 84
1 69 45
1 69 50
1 69 53
1 69 54
1 70 2
1 70 10
1 70 11
1 70 21
1 70 28
1 70 46
1 70 76
1 71 42
1 71 65
1 71 89
1 71 91
1 72 10
1 72 25
1 72 32
1 72 33
1 72 49
1 72 75
1 72 100
1 73 9
1 73 28
1 73 51
1 73 85
1 73 90
1 74 24
1 74 45
1 74 57
1 74 82
1 74 88
1 75 2
1 75 8
1 75 64
1 75 98
1 76 7
1 76 14
1 76 46
1 76 49
1 76 50
1 76 57
1 76 60
1 76 62
1 76 84
1 77 1
1 77 4
1 77 51
1 77 63
1 77 69
1 77 71
1 77 78
1 77 82
1 77 89
1 77 97
1 78 14
1 78 49
1 78 55
1 78 76
1 78 82
1 78 95
1 79 1
1 79 89
1 79 93
1 79 96
1 79 100
1 80 18
1 80 27
1 80 45
1 80 62
1 80 63
1 80 82
1 80 93
1 81 1
1 81 42
1 81 72
1 81 99
1 82 8
1 82 18
1 82 25
1 82 33
1 82 42
1 82 64
1 82 76
1 82 77
1 82 90
1 82 94
1 82 98
1 82 100
1 83 13
1 83 22
1 83 30
1 83 37
1 83 46
1 83 59
1 83 69
1 83 79
1 83 89
1 84 28
1 84 30
1 84 45
1 84 52
1 84 53
1 84 68
1 84 92
1 85 14
1 85 44
1 85 51
1 85 60
1 85 80
1 85 90
1 86 5
1 86 14
1 86 21
1 86 26
1 86 33
1 86 42
1 86 47
1 86 54
1 87 4
1 87 9
1 87 22
1 87 42
1 87 48
1 87 63
1 87 68
1 87 75
1 87 100
1 88 8
1 88 9
1 88 19
1 88 52
1 88 66
1 88 69
1 88 75
1 88 84
1 88 90
1 89 24
1 89 35
1 89 57
1 89 65
1 89 71
1 89 72
1 89 78
1 89 84
1 89 88
1 89 90
1 90 6
1 90 17
1 90 18
1 90 25
1 90 59
1 90 80
1 90 89
1 91 24
1 91 25
1 91 37
1 91 62
1 91 68
1 91 89
1 92 37
1 92 40
1 92 51
1 92 52
1 92 57
1 92 74
1 92 75
1 92 86
1 93 23
1 93 30
1 93 48
1 93 55
1 93 74
1 93 78
1 94 17
1 94 39
1 94 72
1 94 100
1 95 21
1 95 47
1 95 53
1 95 74
1 96 11
1 96 74
1 97 16
1 97 19
1 97 49
1 97 56
1 97 62
1 97 94
1 98 28
1 98 53
1 98 72
1 98 85
1 98 87
1 99 3
1 99 24
1 99 43
1 99 59
1 99 63
1 99 80
1 100 4
1 100 13
1 100 15
1 100 17
1 100 33
1 100 44
1 100 59
1 100 73
1 101 23
1 101 24
1 101 41
1 101 52
1 101 90
1 102 9
1 102 14
1 102 24
1 102 25
1 102 58
1 102 62
1 102 81
1 102 83
1 102 89
1 102 93
1 103 3
1 103 24
1 103 50
1 103 53
1 103 70
1 103 74
1 103 98
1 104 14
1 104 52
1 104 80
1 104 95
1 105 42
1 105 73
1 105 79
1 105 84
1 105 92
1 105 96
1 105 97
2 0 4
2 0 8
2 0 57
2 0 77
2 0 85
2 0 110
2 0 113
2 0 142
2 0 144
2 1 20
2 1 41
2 1 54
2 1 59
2 1 72
2 1 77
2 1 86
2 1 93
2 1 117
2 1 126
2 2 6
2 2 29
2 2 140
2 3 8
2 3 57
2 3 66
2 3 90
2 3 91
2 3 100
2 3 103
2 3 107
2 3 126
2 3 129
2 3 141
2 4 13
2 4 45
2 4 46
2 4 51
2 4 52
2 4 57
2 4 61
2 4 75
2 4 84
2 4 104
2 4 123
2 4 130
2 5 16
2 5 28
2 5 29
2 5 58
2 5 77
2 5 108
2 5 134
2 5 143
2 6 9
2 6 41
2 6 121
2 6 123
2 6 136
2 6 140
2 6 141
2 6 146
2 7 19
2 7 67
2 7 109
2 7 142
2 8 22
2 8 59
2 8 71
2 8 80
2 8 94
2 8 110
2 8 119
2 8 124
2 8 136
2 8 142
2 8 147
2 9 9
2 9 43
2 9 52
2 9 54
2 9 56
2 9 68
2 9 72
2 9 107
2 9 117
2 9 118
2 9 128
2 10 43
2 10 57
2 10 84
2 10 103
2 10 107
2 10 148
2 10 149
2 11 25
2 11 27
2 11 33
2 11 60
2 11 82
2 11 84
2 11 103
2 11 141
2 12 5
2 12 18
2 12 103
2 12 116
2 12 119
2 12 133
2 13 5
2 13 7
2 13 11
2 13 22
2 13 41
2 13 47
2 13 60
2 13 61
2 13 102
2 13 123
2 13 147
2 14 3
2 14 4
2 14 36
2 14 45
2 14 110
2 14 140
2 14 146
2 15 7
2 15 9
2 15 15
2 15 17
2 15 20
2 15 24
2 15 29
2 15 53
2 15 91
2 15 95
2 15 96
2 15 98
2 15 109
2 15 129
2 16 24
2 16 33
2 16 36
2 16 41
2 16 69
2 16 81
2 16 107
2 16 122
2 16 127
2 16 138
2 17 2
2 17 17
2 17 18
2 17 53
2 17 58
2 17 67
2 17 87
2 17 90
2 17 95
2 17 117
2 17 141
2 18 10
2 18 19
2 18 32
2 18 51
2 18 86
2 18 93
2 18 98
2 18 113
2 18 121
2 18 123
2 19 13
2 19 25
2 19 26
2 19 38
2 19 42
2 19 77
2 19 85
2 19 100
2 19 102
2 19 104
2 19 108
2 19 109
2 19 111
2 19 127
2 19 128
2 19 145
2 20 14
2 20 15
2 20 34
2 20 76
2 20 78
2 20 80
2 20 109
2 20 133
2 21 18
2 21 24
2 21 52
2 21 124
2 21 134
2 22 20
2 22 44
2 22 49
2 22 57
2 22 62
2 22 76
2 22 101
2 22 107
2 22 113
2 22 114
2 22 130
2 22 133
2 22 141
2 22 143
2 23 3
2 23 19
2 23 37
2 23 71
2 23 92
2 23 102
2 23 104
2 23 109
2 23 140
2 24 15
2 24 16
2 24 23
2 24 25
2 24 35
2 24 48
2 24 52
2 24 64
2 24 70
2 24 77
2 24 119
2 24 128
2 25 32
2 26 40
2 26 85
2 26 95
2 26 106
2 26 111
2 26 112
2 26 116
2 26 126
2 26 129
2 27 2
2 27 4
2 27 6
2 27 46
2 27 67
2 27 78
2 27 80
2 27 118
2 27 129
2 27 137
2 28 9
2 28 35
2 28 55
2 28 86
2 28 140
2 29 8
2 29 38
2 29 54
2 29 57
2 29 75
2 29 76
2 29 114
2 29 116
2 29 128
2 29 131
2 29 135
2 30 3
2 30 21
2 30 25
2 30 38
2 30 50
2 30 67
2 30 96
2 30 99
2 30 102
2 30 120
2 30 131
2 30 134
2 31 18
2 31 51
2 31 69
2 31 90
2 31 126
2 31 133
2 31 136
2 31 143
2 32 9
2 32 23
2 32 45
2 32 53
2 32 68
2 32 87
2 32 100
2 32 109
2 32 118
2 32 138
2 32 141
2 33 0
2 33 11
2 33 22
2 33 27
2 33 33
2 33 92
2 33 116
2 33 142
2 34 6
2 34 16
2 34 38
2 34 46
2 34 59
2 34 71
2 34 79
2 34 95
2 34 124
2 35 34
2 35 41
2 35 59
2 35 68
2 35 72
2 35 89
2 35 99
2 35 113
2 35 122
2 35 127
2 35 130
2 35 142
2 36 19
2 36 29
2 36 73
2 36 113
2 36 126
2 36 137
2 37 21
2 37 27
2 37 50
2 37 67
2 37 78
2 37 82
2 37 100
2 37 110
2 37 114
2 38 21
2 38 84
2 38 108
2 38 132
2 38 141
2 38 148
2 39 9
2 39 13
2 39 19
2 39 92
2 39 93
2 39 106
2 39 108
2 39 131
2 39 146
2 40 0
2 40 5
2 40 8
2 40 20
2 40 24
2 40 25
2 40 42
2 40 53
2 40 73
2 40 147
2 41 9
2 41 16
2 41 19
2 41 24
2 41 25
2 41 29
2 41 30
2 41 42
2 41 63
2 41 127
2 41 134
2 42 36
2 42 44
2 42 58
2 42 71
2 42 76
2 42 77
2 42 117
2 42 125
2 42 140
2 42 147
2 43 30
2 43 42
2 43 46
2 43 76
2 43 97
2 43 120
2 43 125
2 43 127
2 43 135
2 44 42
2 44 44
2 44 46
2 44 63
2 44 93
2 44 94
2 44 95
2 44 107
2 44 108
2 44 149
2 45 19
2 45 26
2 45 52
2 45 84
2 45 102
2 45 125
2 46 14
2 46 23
2 46 43
2 46 91
2 46 110
2 46 114
2 47 10
2 47 16
2 47 46
2 47 60
2 47 88
2 47 112
2 47 134
2 48 4
2 48 26
2 48 33
2 48 95
2 48 106
2 48 147
2 48 148
2 49 7
2 49 43
2 49 47
2 49 53
2 49 77
2 49 92
2 49 99
2 49 107
2 50 0
2 50 15
2 50 55
2 50 64
2 50 65
2 50 88
2 50 93
2 50 102
2 50 111
2 50 125
2 50 139
2 51 3
2 51 4
2 51 26
2 51 44
2 51 53
2 51 58
2 51 72
2 51 78
2 51 109
2 51 121
2 51 147
2 52 13
2 52 28
2 52 66
2 52 68
2 52 122
2 52 123
2 52 142
2 53 7
2 53 18
2 53 21
2 53 37
2 53 41
2 53 86
2 53 122
2 53 149
2 54 2
2 54 11
2 54 14
2 54 20
2 54 25
2 54 47
2 54 79
2 54 99
2 54 142
2 55 0
2 55 1
2 55 20
2 55 22
2 55 34
2 55 40
2 55 67
2 55 126
2 56 3
2 56 12
2 56 29
2 56 33
2 56 40
2 56 55
2 56 78
2 56 104
2 56 120
2 56 123
2 57 7
2 57 18
2 57 35
2 57 48
2 57 62
2 57 63
2 57 73
2 57 88
2 57 118
2 57 145
2 57 149
2 58 2
2 58 11
2 58 29
2 58 33
2 58 49
2 58 96
2 59 21
2 59 26
2 59 31
2 59 55
2 59 68
2 59 70
2 59 85
2 59 97
2 59 103
2 59 136
2 60 23
2 60 26
2 60 64
2 60 91
2 60 93
2 60 141
2 61 23
2 61 40
2 61 42
2 61 57
2 61 73
2 61 88
2 61 139
2 62 2
2 62 21
2 62 64
2 62 77
2 62 87
2 62 99
2 62 116
2 62 118
2 62 136
2 62 143
2 63 3
2 63 47
2 63 57
2 63 61
2 63 64
2 63 65
2 63 66
2 63 109
2 63 136
2 64 0
2 64 30
2 64 76
2 64 79
2 64 86
2 64 101
2 64 126
2 64 148
2 65 9
2 65 13
2 65 15
2 65 16
2 65 29
2 65 40
2 65 69
2 66 17
2 66 41
2 66 62
2 66 69
2 66 87
2 66 96
2 66 128
2 67 24
2 67 30
2 67 53
2 67 58
2 67 76
2 67 89
2 67 91
2 67 103
2 67 110
2 67 118
2 67 146
2 67 147
2 67 148
2 68 25
2 68 26
2 68 27
2 68 32
2 68 50
2 68 96
2 68 100
2 68 108
2 68 126
2 68 132
2 68 142
2 68 147
2 69 1
2 69 26
2 69 34
2 69 145
2 70 11
2 70 25
2 70 43
2 70 55
2 70 94
2 71 2
2 71 49
2 71 59
2 71 64
2 71 69
2 71 70
2 71 134
2 72 51
2 72 63
2 72 67
2 72 79
2 72 105
2 72 113
2 72 143
2 73 10
2 73 24
2 73 40
2 73 52
2 73 74
2 73 86
2 73 101
2 73 117
2 74 26
2 74 35
2 74 46
2 74 58
2 74 71
2 74 81
2 74 85
2 74 87
2 74 97
2 74 103
2 74 112
2 74 125
2 74 132
2 74 134
2 74 142
2 75 25
2 75 40
2 75 57
2 75 64
2 75 76
2 75 78
2 75 93
2 75 96
2 75 135
2 76 37
2 76 51
2 76 56
2 76 63
2 76 106
2 76 124
2 76 125
2 76 130
2 76 136
2 77 10
2 77 22
2 77 44
2 77 62
2 77 66
2 77 73
2 77 88
2 77 93
2 77 120
2 77 123
2 77 129
2 77 145
2 78 21
2 78 59
2 78 109
2 78 117
2 78 129
2 78 140
2 79 32
2 79 42
2 79 56
2 79 79
2 79 102
2 79 106
2 79 113
2 79 124
2 79 131
2 79 133
2 80 9
2 80 31
2 80 66
2 80 69
2 80 70
2 80 81
2 80 111
2 80 116
2 80 128
2 80 129
2 80 133
2 81 19
2 81 32
2 81 38
2 81 51
2 81 57
2 81 70
2 81 81
2 81 103
2 81 135
2 81 148
2 82 6
2 82 78
2 82 84
2 82 98
2 82 109
2 82 122
2 82 142
2 82 144
2 83 51
2 83 77
2 83 95
2 83 98
2 83 118
2 83 130
2 83 144
2 84 1
2 84 4
2 84 22
2 84 32
2 84 36
2 84 53
2 84 59
2 84 131
2 84 133
2 84 142
2 85 38
2 85 43
2 85 61
2 85 69
2 85 96
2 85 120
2 86 1
2 86 10
2 86 45
2 86 84
2 86 101
2 86 106
2 86 108
2 86 130
2 87 10
2 87 29
2 87 36
2 87 51
2 87 60
2 87 65
2 87 84
2 87 111
2 87 125
2 87 135
2 87 144
2 88 14
2 88 21
2 88 22
2 88 28
2 88 31
2 88 33
2 88 103
2 88 114
2 88 137
2 88 145
2 89 53
2 89 69
2 89 77
2 89 89
2 89 97
2 89 112
2 89 124
2 89 144
2 89 145
2 90 5
2 90 7
2 90 8
2 90 106
2 90 114
2 90 119
2 90 129
2 90 134
2 90 144
2 91 56
2 91 57
2 91 75
2 91 77
2 91 108
2 91 125
2 91 139
2 91 144
2 92 12
2 92 27
2 92 67
2 92 93
2 92 96
2 92 101
2 92 105
2 93 0
2 93 9
2 93 15
2 93 34
2 93 43
2 93 79
2 93 113
2 93 140
2 93 146
2 93 147
2 93 149
2 94 1
2 94 44
2 94 54
2 94 62
2 94 68
2 94 73
2 94 74
2 94 78
2 94 79
2 94 94
2 94 109
2 94 110
2 94 132
2 94 146
2 95 8
2 95 24
2 95 89
2 95 121
2 95 131
2 95 148
2 96 5
2 96 22
2 96 29
2 96 32
2 96 36
2 96 65
2 96 87
2 96 99
2 96 100
2 96 119
2 97 12
2 97 42
2 97 49
2 97 71
2 97 124
2 97 141
2 97 148
2 98 14
2 98 22
2 98 49
2 98 50
2 98 105
2 98 121
2 98 132
2 98 139
2 99 25
2 99 111
2 99 116
2 99 124
2 99 128
2 99 129
2 100 3
2 100 9
2 100 42
2 100 71
2 100 76
2 100 92
2 100 98
2 100 111
2 100 115
2 100 129
2 100 144
3 0 7
3 0 39
3 0 50
3 0 60
3 0 66
3 0 70
3 0 79
3 1 3
3 1 7
3 1 13
3 1 58
3 1 96
3 1 97
3 1 111
3 1 119
3 2 26
3 2 31
3 2 36
3 2 47
3 2 53
3 2 58
3 2 60
3 2 61
3 2 106
3 3 5
3 3 35
3 3 38
3 3 42
3 3 56
3 3 62
3 3 78
3 3 96
3 4 9
3 4 13
3 4 46
3 4 52
3 4 55
3 4 61
3 4 79
3 4 95
3 4 105
3 4 107
3 5 0
3 5 1
3 5 8
3 5 10
3 5 11
3 5 26
3 5 39
3 5 61
3 5 71
3 6 7
3 6 43
3 6 71
3 6 90
3 6 93
3 7 2
3 7 12
3 7 32
3 7 61
3 7 87
3 7 111
3 7 122
3 8 1
3 8 17
3 8 26
3 8 30
3 8 31
3 8 55
3 8 56
3 8 76
3 8 107
3 8 119
3 9 20
3 9 30
3 9 51
3 9 101
3 9 110
3 9 118
3 10 8
3 10 11
3 10 29
3 10 33
3 10 44
3 10 47
3 10 56
3 10 104
3 10 105
3 11 28
3 11 38
3 11 43
3 11 91
3 11 93
3 11 120
3 12 5
3 12 12
3 12 14
3 12 23
3 12 28
3 12 29
3 12 77
3 12 94
3 12 110
3 12 120
3 13 4
3 13 26
3 13 37
3 13 59
3 13 71
3 13 84
3 13 93
3 13 104
3 13 117
3 14 5
3 14 14
3 14 27
3 14 41
3 14 46
3 14 93
3 14 94
3 15 21
3 15 23
3 15 49
3 15 81
3 15 90
3 15 95
3 15 109
3 15 112
3 16 10
3 16 20
3 16 26
3 16 50
3 16 56
3 16 62
3 16 69
3 16 82
3 16 116
3 16 122
3 17 18
3 17 51
3 17 96
3 18 38
3 18 44
3 18 54
3 18 69
3 18 86
3 18 112
3 18 123
3 19 10
3 19 42
3 19 46
3 19 81
3 20 5
3 20 51
3 20 69
3 20 71
3 20 86
3 20 110
3 20 113
3 20 119
3 21 2
3 21 58
3 21 59
3 21 62
3 21 68
3 21 73
3 21 83
3 21 88
3 21 92
3 21 110
3 22 4
3 22 5
3 22 15
3 22 69
3 22 73
3 22 76
3 22 88
3 22 96
3 22 103
3 23 8
3 23 17
3 23 29
3 23 36
3 23 40
3 23 42
3 23 67
3 23 73
3 23 89
3 23 97
3 23 114
3 23 116
3 23 117
3 24 38
3 24 73
3 24 91
3 24 97
3 24 101
3 24 111
3 25 77
3 25 89
3 25 116
3 26 62
3 26 73
3 26 87
3 26 120
3 27 96
3 27 117
3 28 3
3 28 14
3 28 41
3 28 78
3 28 93
3 29 2
3 29 5
3 29 28
3 29 39
3 29 40
3 29 72
3 29 99
3 29 107
3 29 108
3 30 4
3 30 9
3 30 20
3 30 40
3 30 71
3 30 77
3 30 97
3 30 102
3 30 121
3 31 9
3 31 27
3 31 29
3 31 31
3 31 63
3 31 83
3 31 88
3 31 99
3 31 106
3 32 40
3 32 51
3 32 79
3 32 87
3 32 116
3 33 0
3 33 23
3 33 40
3 33 66
3 33 96
3 33 107
3 34 15
3 34 33
3 34 41
3 34 48
3 34 76
3 34 84
3 34 93
3 34 112
3 34 113
3 34 114
3 34 121
3 35 8
3 35 18
3 35 19
3 35 30
3 35 36
3 35 56
3 35 77
3 35 112
3 36 2
3 36 13
3 36 51
3 36 78
3 36 88
3 36 118
3 36 122
3 37 43
3 37 46
3 37 48
3 37 51
3 37 68
3 37 89
3 37 94
3 37 110
3 38 3
3 38 5
3 38 84
3 38 118
3 39 8
3 39 11
3 39 47
3 39 69
3 39 88
3 39 102
3 39 103
3 39 104
3 40 13
3 40 42
3 40 53
3 40 80
3 41 12
3 41 22
3 41 29
3 41 32
3 41 38
3 41 39
3 41 45
3 41 48
3 41 68
3 41 77
3 41 81
3 41 83
3 41 90
3 41 102
3 41 109
3 41 118
3 42 4
3 42 36
3 42 37
3 42 50
3 42 53
3 42 98
3 42 110
3 43 9
3 43 24
3 43 32
3 43 49
3 43 84
3 43 88
3 43 99
3 43 113
3 43 116
3 44 4
3 44 5
3 44 42
3 44 43
3 44 53
3 44 65
3 44 87
3 44 94
3 44 111
3 44 116
3 45 24
3 45 45
3 45 47
3 45 53
3 45 102
3 45 122
3 46 3
3 46 36
3 46 79
3 46 89
3 46 92
3 46 113
3 46 117
3 47 13
3 47 18
3 47 19
3 47 72
3 48 9
3 48 24
3 48 41
3 48 49
3 48 87
3 48 121
3 49 54
3 49 90
3 49 95
3 49 115
3 50 30
3 50 31
3 50 56
3 50 84
3 50 86
3 51 10
3 51 23
3 51 31
3 51 35
3 51 40
3 51 43
3 51 90
3 51 97
3 51 99
3 51 115
3 52 14
3 52 23
3 52 47
3 52 55
3 52 80
3 52 89
3 52 102
3 53 1
3 53 4
3 53 16
3 53 26
3 53 39
3 53 40
3 53 59
3 53 105
3 53 114
3 54 6
3 54 9
3 54 11
3 54 40
3 54 46
3 54 81
3 54 95
3 54 102
3 54 106
3 55 11
3 55 19
3 55 38
3 55 101
3 55 123
3 56 1
3 56 36
3 56 64
3 56 88
3 57 5
3 57 19
3 57 30
3 57 64
3 57 65
3 57 72
3 57 83
3 57 86
3 57 87
3 57 101
3 58 23
3 58 25
3 58 64
3 59 6
3 59 25
3 59 47
3 59 55
3 59 68
3 59 71
3 59 86
3 59 88
3 59 94
3 59 97
3 59 102
3 59 106
3 60 16
3 60 24
3 60 52
3 60 61
3 60 76
3 60 78
3 60 83
3 60 89
3 60 114
3 60 119
3 61 13
3 61 14
3 61 20
3 61 38
3 61 42
3 61 58
3 61 75
3 61 89
3 61 110
3 62 43
3 62 46
3 62 88
3 62 91
3 62 92
3 62 106
3 62 108
3 62 118
3 63 4
3 63 11
3 63 29
3 63 39
3 63 47
3 63 56
3 63 61
3 63 83
3 63 88
3 63 111
3 63 118
3 64 11
3 64 41
3 64 52
3 64 57
3 64 67
3 64 82
3 64 87
3 64 113
3 65 29
3 65 40
3 65 89
3 65 103
3 65 109
3 66 8
3 66 13
3 66 23
3 66 34
3 66 40
3 66 45
3 66 71
3 66 92
3 66 93
3 67 22
3 67 47
3 67 50
3 67 75
3 67 86
3 67 96
3 68 27
3 68 40
3 68 46
3 68 62
3 68 82
3 68 83
3 68 94
3 68 105
3 69 38
3 69 99
3 70 15
3 70 28
3 70 32
3 70 50
3 70 66
3 70 67
3 70 71
3 70 75
3 70 115
3 71 35
3 71 45
3 71 47
3 71 54
3 71 61
3 71 72
3 71 107
3 71 109
3 71 119
3 72 1
3 72 12
3 72 13
3 72 20
3 72 53
3 72 78
3 72 92
3 72 101
3 72 106
3 72 107
3 72 110
3 73 2
3 73 30
3 73 61
3 73 73
3 73 79
3 73 82
3 73 95
3 73 98
3 73 106
3 73 110
3 73 112
3 73 122
3 74 1
3 74 42
3 74 47
3 74 111
3 75 7
3 75 15
3 75 27
3 75 33
3 75 54
3 75 78
3 75 94
3 75 99
3 75 102
3 75 116
3 76 14
3 76 20
3 76 46
3 76 54
3 76 97
3 76 109
3 76 113
3 77 81
3 77 90
3 77 91
3 77 99
3 77 107
3 77 113
3 77 117
3 77 118
3 78 14
3 78 26
3 78 52
3 78 55
3 78 59
3 78 66
3 78 83
3 78 97
3 78 110
3 78 118
3 78 123
3 79 10
3 79 52
3 79 72
3 79 75
3 79 77
3 79 109
3 80 2
3 80 9
3 80 32
3 80 33
3 80 38
3 80 42
3 80 80
3 80 81
3 81 66
3 81 74
3 81 102
3 81 106
3 82 13
3 82 18
3 82 21
3 82 27
3 82 30
3 82 42
3 82 51
3 82 69
3 82 73
3 82 86
3 82 123
3 83 1
3 83 12
3 83 20
3 83 26
3 83 34
3 83 38
3 83 40
3 83 64
3 83 84
3 83 122
3 84 6
3 84 15
3 84 25
3 84 33
3 84 54
3 84 69
3 84 85
3 84 94
3 84 95
3 84 104
3 85 30
3 85 38
3 85 85
3 85 94
3 85 118
3 86 6
3 86 68
3 86 76
3 86 93
3 86 94
3 86 100
3 86 103
3 87 6
3 87 25
3 87 32
3 87 37
3 87 38
3 87 39
3 87 47
3 87 52
3 87 105
3 87 107
3 87 117
3 88 28
3 88 33
3 88 46
3 88 85
3 89 17
3 89 44
3 89 73
3 89 75
3 89 77
3 89 82
3 89 98
3 90 11
3 90 40
3 90 43
3 90 57
3 90 62
3 90 78
3 90 89
3 90 102
3 90 111
3 91 16
3 91 20
3 91 40
3 91 97
3 91 100
3 91 101
3 91 123
3 92 61
3 92 71
3 92 72
3 92 74
3 92 85
3 92 90
3 92 95
3 92 105
3 92 113
3 93 1
3 93 13
3 93 22
3 93 63
3 94 3
3 94 36
3 94 57
3 94 65
3 94 72
3 94 93
3 94 110
3 94 116
3 94 123
3 95 48
3 95 58
3 95 83
3 96 31
3 96 35
3 96 45
3 96 50
3 96 56
3 96 59
3 96 80
3 96 85
3 96 102
3 96 112
3 96 114
3 97 0
3 97 6
3 97 21
3 97 41
3 97 44
3 97 89
3 97 94
3 97 111
3 97 115
3 98 7
3 98 13
3 98 30
3 98 78
3 98 86
3 98 89
3 99 2
3 99 6
3 99 53
3 99 59
3 99 81
3 99 107
3 99 109
3 99 115
3 100 2
3 100 15
3 100 44
3 100 57
3 100 66
3 100 75
3 100 106
3 100 116
3 101 43
3 101 54
3 101 74
3 101 101
3 101 106
3 101 112
3 102 36
3 102 40
3 102 61
3 102 101
3 102 114
3 102 119
3 103 2
3 103 5
3 103 7
3 103 10
3 103 23
3 103 60
3 103 70
3 103 94
3 103 100
3 103 114
3 104 5
3 104 20
3 104 24
3 104 44
3 104 59
3 104 72
3 104 92
3 104 97
3 104 117
3 104 119
3 104 121
3 105 6
3 105 25
3 105 43
3 105 55
3 105 60
3 105 78
3 105 79
3 105 108
3 106 26
3 106 44
3 106 50
3 106 51
3 106 62
3 106 101
3 106 108
3 107 12
3 107 17
3 107 35
3 107 46
3 107 51
3 107 68
3 107 70
3 107 83
3 108 4
3 108 5
3 108 17
3 108 20
3 108 29
3 108 33
3 108 42
3 108 67
3 108 85
3 108 95
3 108 103
3 109 2
3 109 66
3 109 89
3 110 2
3 110 31
3 110 60
3 110 77
3 110 95
3 110 114
3 111 10
3 111 21
3 111 24
3 111 52
3 111 55
3 111 59
3 111 74
3 111 88
3 112 34
3 112 55
3 112 56
3 112 85
3 112 88
3 112 93
3 112 121
3 112 122
3 113 9
3 113 13
3 113 26
3 113 46
3 113 69
3 113 82
3 113 84
3 113 95
3 113 123
3 114 0
3 114 14
3 114 16
3 114 20
3 114 38
3 114 63
3 114 67
3 114 94
3 114 113
3 115 30
3 115 42
3 115 49
3 115 52
3 115 64
3 115 79
3 115 83
3 115 122
3 116 18
3 116 48
3 116 50
3 116 108
3 117 16
3 117 39
3 117 47
3 117 71
3 117 83
3 117 110
3 117 112
3 117 120
3 118 10
3 118 14
3 118 51
3 118 53
3 118 72
3 118 81
3 119 17
3 119 31
3 119 38
3 119 52
3 119 80
3 119 86
3 119 100
3 119 102
3 119 114
3 120 20
3 120 67
3 120 79
3 120 92
3 120 103
3 121 3
3 121 7
3 121 11
3 121 13
3 121 14
3 121 18
3 121 20
3 121 27
3 121 36
3 121 38
3 121 43
3 121 105
3 121 112
3 122 7
3 122 19
3 122 27
3 122 31
3 122 33
3 122 67
3 122 112
3 122 113
3 123 0
3 123 9
3 123 11
3 123 16
3 123 28
3 123 36
3 123 42
3 123 54
3 123 71
3 123 74
3 123 94
3 123 106
3 123 118
3 123 123
3 124 30
3 124 71
3 124 75
3 124 95
3 124 113
3 124 120
3 124 122
3 125 2
3 125 46
3 125 66
3 125 74
3 125 83
3 125 112
3 125 120
3 126 10
3 126 26
3 126 40
3 126 53
3 126 59
3 126 71
3 126 74
3 126 81
3 126 82
3 126 106
3 126 116
3 126 117
3 127 0
3 127 10
3 127 21
3 127 61
3 127 85
3 127 88
3 127 91
3 127 93
3 128 11
3 128 15
3 128 65
3 128 121
3 129 8
3 129 55
3 129 111
3 129 114
3 130 0
3 130 65
3 130 81
3 130 108
3 131 40
3 131 47
3 131 59
3 131 71
3 131 108
3 131 116
3 131 121
3 132 7
3 132 14
3 132 25
3 132 40
3 132 42
3 132 59
3 132 65
3 132 76
3 132 87
3 132 114
3 133 18
3 133 53
3 133 60
3 133 70
3 133 91
3 134 9
3 134 24
3 134 33
3 134 34
3 134 66
3 134 68
3 134 86
3 134 87
3 134 97
3 135 11
3 135 20
3 135 36
3 135 53
3 135 73
3 135 91
3 135 101
3 135 105
3 135 116
3 136 8
3 136 25
3 136 27
3 136 30
3 136 33
3 136 36
3 136 55
3 136 57
3 136 77
3 136 81
3 136 96
3 136 102
3 136 104
3 136 106
3 137 58
3 137 61
3 137 76
3 137 77
3 138 34
3 138 44
3 138 50
3 138 76
3 138 84
3 139 5
3 139 13
3 139 26
3 139 58
3 139 62
3 139 68
3 139 96
3 139 120
3 140 26
3 140 31
3 140 43
3 140 83
3 140 113
3 141 14
3 141 19
3 141 35
3 141 63
3 141 65
3 141 86
3 141 98
3 141 110
3 141 113
3 142 14
3 142 24
3 142 32
3 142 35
3 142 43
3 142 63
3 142 73
3 142 83
3 142 121
3 143 4
3 143 12
3 143 21
3 143 22
3 143 32
3 143 55
3 143 58
3 143 60
3 143 65
3 143 104
3 144 1
3 144 10
3 144 14
3 144 22
3 144 111
3 145 20
3 145 48
3 145 49
3 145 63
3 145 80
3 145 99
3 145 108
3 145 114
3 146 12
3 146 13
3 146 19
3 146 46
3 146 47
3 146 96
3 146 100
3 147 60
3 147 73
3 147 86
3 147 92
3 147 94
3 147 120
3 148 3
3 148 9
3 148 10
3 148 19
3 148 23
3 148 47
3 148 63
3 148 68
3 148 81
3 148 85
3 148 89
3 149 16
3 149 17
3 149 30
3 149 33
3 149 38
3 149 58
3 149 81
3 149 100
3 149 102