1308
5
98 113 97 171 121
3875

0 892 0 792 771 478 786 553 0 373 0 0 0 359 0 0 0 0 428 589 0 803 0 57 0 48 25 80 0 25 2 0 84 37 0 0 79 67 0 75 0 0 0 55 0 0 0 0 0 18 0 0 0 0 0 0 97 13 0 0 88 64 0 0 78 88 54 0 0 53 63 0 19 77 64 0 74 1 72 0 16 14 53 43 71 0 96 0 0 0 72 0 75 0 22 0 0 22
888 537 373 84 979 0 620 0 0 738 510 132 633 917 0 0 671 715 210 371 345 0 0 0 374 31 505 0 905 0 80 0 99 0 0 0 34 22 36 0 15 76 0 0 93 0 0 78 0 80 0 0 2 19 49 0 0 0 7 16 0 51 0 0 0 0 0 57 0 17 0 85 12 6 57 58 30 0 85 80 39 0 25 98 98 0 0 0 18 14 0 87 57 22 0 26 85 0 24 32 0 42 95 41 0 30 64 0 25 0 0 0 45
702 633 946 492 0 0 669 0 0 759 0 311 0 0 0 0 135 0 0 0 0 0 0 0 0 0 92 0 0 9 0 2 84 81 38 0 97 0 63 97 0 0 12 30 3 0 0 0 46 17 82 0 0 1 37 33 31 64 0 0 0 0 15 39 61 0 0 47 90 0 29 5 32 0 0 0 23 34 0 91 13 0 0 36 0 0 0 96 33 48 61 0 23 0 24 0 0
28 0 38 0 337 0 0 683 0 0 146 620 0 987 110 0 198 0 55 0 0 987 16 813 835 0 927 877 0 0 331 181 0 547 461 0 0 316 609 843 793 0 0 0 0 0 7 94 49 84 0 12 0 0 0 6 0 66 73 15 57 80 0 28 16 0 0 73 0 32 0 56 0 58 36 0 72 0 0 39 0 51 78 70 0 49 46 60 98 0 0 0 0 35 46 72 10 0 80 6 0 71 0 23 0 0 0 21 7 9 0 48 19 95 0 0 0 0 92 0 0 21 83 0 0 21 0 44 57 0 0 0 4 77 29 42 10 26 76 55 1 36 95 8 9 61 0 0 0 53 0 65 0 53 34 0 0 0 95 0 16 65 0 60 90 0 0 0 85 20 0
0 567 0 818 14 0 0 0 48 0 347 0 0 0 893 0 0 394 302 0 0 0 4 938 0 29 0 0 0 627 217 0 0 100 1 0 0 38 0 0 55 14 0 0 92 94 18 15 92 71 0 66 0 70 0 56 80 65 90 9 59 0 27 0 0 57 0 0 0 95 83 0 0 89 83 0 99 38 35 31 0 0 0 96 49 65 26 0 0 0 0 97 0 56 0 0 0 0 39 25 0 0 26 87 84 51 89 0 0 64 8 0 0 46 0 0 33 0 0 0 0

0 0 1
0 0 4
0 0 7
0 0 8
0 0 24
0 0 35
0 0 44
0 0 61
0 1 12
0 1 14
0 1 18
0 1 29
0 1 38
0 1 39
0 1 71
0 1 85
0 1 87
0 1 97
0 2 26
0 2 33
0 2 64
0 2 65
0 2 70
0 2 91
0 3 5
0 3 51
0 3 80
0 3 98
0 4 26
0 4 73
0 4 88
0 4 105
0 4 112
0 5 8
0 5 9
0 5 14
0 5 46
0 5 74
0 5 76
0 5 81
0 6 6
0 6 46
0 6 53
0 6 71
0 6 84
0 6 93
0 7 7
0 7 42
0 7 50
0 7 54
0 7 70
0 8 10
0 8 14
0 8 35
0 8 56
0 8 68
0 8 82
0 8 83
0 9 8
0 9 18
0 9 22
0 9 36
0 9 38
0 9 65
0 9 69
0 9 81
0 10 7
0 10 16
0 10 29
0 10 41
0 10 57
0 10 61
0 10 89
0 10 101
0 11 103
0 11 104
0 12 15
0 12 18
0 12 20
0 12 50
0 12 51
0 12 59
0 12 67
0 12 72
0 12 76
0 12 81
0 12 90
0 12 95
0 12 110
0 13 24
0 13 40
0 13 63
0 13 65
0 14 17
0 14 20
0 14 25
0 14 30
0 14 32
0 14 46
0 14 55
0 14 56
0 14 89
0 14 90
0 14 93
0 15 18
0 15 30
0 15 66
0 16 16
0 16 21
0 16 22
0 16 33
0 16 36
0 16 48
0 16 70
0 16 72
0 16 91
0 16 92
0 16 103
0 17 7
0 17 24
0 17 28
0 17 31
0 17 69
0 17 74
0 17 78
0 17 83
0 17 87
0 17 96
0 17 99
0 17 112
0 18 12
0 18 24
0 18 28
0 18 40
0 18 97
0 18 99
0 18 109
0 19 13
0 19 21
0 19 49
0 19 53
0 19 66
0 19 71
0 19 78
0 19 89
0 19 93
0 20 9
0 20 15
0 20 23
0 20 35
0 20 44
0 20 71
0 20 75
0 20 77
0 20 86
0 20 96
0 20 109
0 20 110
0 21 5
0 21 14
0 21 18
0 21 24
0 21 49
0 21 70
0 21 71
0 21 85
0 21 94
0 22 1
0 22 4
0 22 14
0 22 24
0 22 41
0 22 86
0 22 93
0 23 19
0 23 21
0 23 41
0 23 66
0 23 84
0 23 92
0 23 102
0 23 106
0 24 3
0 24 4
0 24 64
0 24 67
0 24 78
0 24 112
0 25 5
0 25 12
0 25 14
0 25 22
0 25 40
0 25 58
0 25 83
0 25 94
0 25 99
0 26 22
0 26 24
0 26 26
0 26 37
0 26 52
0 26 53
0 27 7
0 27 11
0 27 46
0 27 47
0 27 50
0 27 95
0 28 4
0 28 16
0 28 26
0 28 27
0 28 30
0 28 31
0 28 34
0 28 35
0 28 36
0 28 70
0 28 91
0 28 93
0 29 17
0 29 20
0 29 21
0 29 26
0 29 57
0 29 72
0 30 11
0 30 21
0 30 62
0 30 77
0 30 92
0 30 102
0 31 21
0 31 37
0 31 42
0 31 56
0 31 60
0 31 64
0 31 92
0 31 101
0 32 17
0 32 75
0 32 107
0 32 109
0 33 1
0 33 12
0 33 37
0 33 65
0 33 68
0 33 103
0 34 16
0 34 31
0 34 37
0 34 38
0 34 39
0 34 40
0 34 44
0 34 48
0 34 78
0 34 96
0 34 101
0 34 107
0 35 10
0 35 14
0 35 26
0 35 58
0 35 80
0 35 81
0 35 89
0 35 110
0 35 112
0 36 16
0 36 66
0 36 73
0 36 78
0 36 98
0 37 8
0 37 19
0 37 58
0 37 86
0 37 101
0 37 109
0 38 28
0 38 54
0 38 60
0 38 61
0 38 64
0 38 72
0 38 78
0 38 83
0 38 89
0 38 92
0 38 105
0 38 109
0 39 67
0 39 100
0 39 109
0 40 33
0 40 41
0 40 51
0 40 74
0 40 89
0 41 9
0 41 26
0 41 30
0 41 38
0 41 48
0 41 58
0 41 62
0 41 64
0 41 104
0 42 3
0 42 15
0 42 58
0 42 106
0 42 110
0 43 13
0 43 59
0 43 79
0 44 1
0 44 7
0 44 10
0 44 23
0 44 33
0 44 36
0 44 50
0 44 59
0 44 72
0 44 78
0 44 97
0 45 29
0 45 53
0 45 54
0 45 74
0 45 83
0 45 104
0 46 2
0 46 8
0 46 34
0 46 73
0 46 88
0 46 105
0 47 1
0 47 4
0 47 37
0 47 45
0 47 59
0 47 87
0 47 91
0 47 96
0 48 11
0 48 59
0 48 84
0 48 85
0 48 91
0 48 104
0 48 112
0 49 14
0 49 25
0 49 32
0 49 40
0 49 50
0 49 88
0 49 108
0 50 5
0 50 16
0 50 61
0 50 77
0 50 85
0 50 92
0 51 19
0 51 39
0 51 53
0 51 57
0 51 97
0 51 107
0 52 8
0 52 18
0 52 41
0 52 52
0 52 58
0 52 86
0 52 93
0 52 102
0 52 106
0 53 50
0 53 61
0 53 68
0 53 71
0 54 10
0 54 11
0 54 22
0 54 31
0 54 42
0 54 43
0 54 50
0 54 55
0 54 58
0 54 66
0 54 90
0 55 22
0 55 53
0 55 62
0 55 68
0 55 77
0 55 91
0 56 44
0 56 58
0 56 89
0 56 90
0 56 97
0 56 106
0 57 6
0 57 17
0 57 23
0 57 69
0 57 70
0 57 72
0 57 79
0 57 85
0 57 97
0 57 112
0 58 9
0 58 29
0 58 43
0 58 65
0 58 83
0 59 50
0 59 61
0 59 74
0 59 100
0 59 105
0 59 110
0 60 1
0 60 8
0 60 15
0 60 41
0 60 45
0 60 61
0 60 88
0 61 21
0 61 62
0 61 76
0 61 80
0 61 91
0 61 93
0 61 96
0 61 99
0 61 102
0 62 0
0 62 1
0 62 42
0 62 71
0 62 78
0 63 7
0 63 27
0 63 74
0 63 76
0 63 79
0 64 35
0 64 46
0 64 51
0 64 76
0 64 92
0 65 51
0 65 70
0 65 78
0 65 83
0 65 103
0 66 20
0 66 33
0 66 44
0 66 48
0 66 73
0 66 75
0 66 78
0 66 87
0 66 108
0 67 1
0 67 6
0 67 9
0 67 17
0 67 41
0 67 48
0 67 81
0 67 106
0 67 109
0 68 33
0 68 72
0 68 104
0 69 1
0 69 25
0 69 51
0 69 66
0 69 68
0 69 72
0 69 78
0 69 111
0 70 10
0 70 18
0 70 31
0 70 67
0 70 106
0 71 75
0 71 77
0 71 87
0 71 107
0 72 12
0 72 13
0 72 64
0 72 88
0 72 106
0 72 109
0 73 4
0 73 41
0 73 77
0 73 95
0 74 7
0 74 8
0 74 41
0 74 43
0 75 2
0 75 16
0 75 29
0 75 35
0 75 43
0 75 76
0 75 98
0 75 102
0 75 105
0 76 4
0 76 12
0 76 45
0 76 86
0 76 90
0 77 31
0 77 47
0 77 52
0 77 56
0 77 60
0 77 62
0 77 79
0 77 94
0 77 103
0 77 107
0 77 112
0 78 67
0 78 106
0 79 47
0 79 72
0 79 88
0 79 93
0 79 95
0 80 15
0 80 33
0 80 37
0 80 43
0 80 77
0 80 104
0 80 110
0 81 8
0 81 18
0 81 24
0 81 36
0 81 61
0 81 70
0 81 73
0 81 84
0 81 96
0 82 0
0 82 54
0 82 70
0 82 76
0 82 95
0 82 98
0 83 4
0 83 8
0 83 26
0 83 31
0 83 37
0 84 13
0 84 44
0 84 58
0 84 78
0 84 100
0 84 102
0 85 55
0 85 79
0 85 103
0 85 104
0 85 106
0 85 110
0 86 3
0 86 7
0 86 12
0 86 14
0 86 19
0 86 57
0 86 63
0 86 67
0 86 90
0 87 5
0 87 10
0 87 25
0 87 28
0 87 32
0 87 43
0 87 50
0 87 97
0 87 99
0 88 4
0 88 28
0 88 39
0 88 48
0 88 87
0 89 0
0 89 11
0 89 27
0 89 47
0 89 54
0 89 56
0 89 57
0 89 103
0 89 104
0 90 14
0 90 15
0 90 25
0 90 67
0 90 78
0 90 97
0 90 106
0 90 110
0 91 21
0 91 28
0 91 40
0 91 41
0 91 73
0 91 77
0 91 80
0 91 82
0 91 103
0 92 23
0 92 39
0 92 43
0 92 47
0 92 59
0 92 65
0 92 96
0 93 19
0 93 26
0 93 55
0 93 62
0 93 67
0 93 71
0 93 73
0 93 78
0 93 88
0 93 90
0 94 1
0 94 6
0 94 16
0 94 61
0 95 8
0 95 17
0 95 42
0 95 53
0 95 61
0 95 69
0 95 70
0 95 71
0 95 81
0 95 95
0 95 107
0 96 8
0 96 20
0 96 57
0 96 64
0 96 72
0 96 76
0 96 88
0 96 91
0 97 25
0 97 33
0 97 42
0 97 93
1 0 2
1 0 22
1 0 30
1 0 91
1 1 0
1 1 5
1 1 12
1 1 41
1 1 73
1 2 2
1 2 9
1 2 10
1 2 23
1 2 79
1 2 80
1 3 8
1 3 9
1 3 17
1 3 20
1 3 52
1 3 53
1 3 57
1 3 79
1 3 81
1 3 91
1 4 32
1 4 33
1 4 38
1 4 47
1 4 51
1 4 68
1 4 70
1 4 75
1 5 2
1 5 6
1 5 12
1 5 21
1 5 33
1 5 35
1 5 42
1 5 54
1 5 61
1 5 64
1 5 66
1 5 77
1 6 15
1 7 6
1 7 29
1 7 63
1 7 69
1 7 87
1 8 0
1 8 12
1 8 30
1 8 34
1 8 36
1 8 42
1 8 53
1 8 62
1 8 66
1 9 17
1 9 20
1 9 31
1 9 37
1 9 44
1 9 50
1 9 59
1 9 63
1 9 74
1 10 4
1 10 10
1 10 31
1 10 50
1 10 65
1 10 68
1 10 82
1 11 3
1 11 7
1 11 24
1 11 75
1 11 91
1 11 93
1 12 1
1 12 3
1 12 8
1 12 12
1 12 14
1 12 42
1 12 64
1 12 90
1 13 22
1 13 37
1 13 48
1 13 49
1 13 67
1 13 79
1 13 96
1 14 0
1 14 15
1 14 17
1 14 36
1 14 42
1 14 67
1 15 54
1 15 58
1 15 93
1 15 96
1 16 27
1 16 59
1 16 61
1 16 89
1 17 11
1 17 43
1 17 54
1 17 91
1 17 96
1 18 0
1 18 3
1 18 6
1 18 44
1 18 63
1 18 64
1 18 68
1 18 84
1 18 92
1 19 0
1 19 55
1 19 57
1 19 64
1 19 81
1 20 5
1 20 27
1 20 42
1 20 74
1 20 77
1 21 10
1 21 38
1 21 43
1 21 49
1 21 90
1 21 91
1 21 94
1 22 5
1 22 14
1 22 15
1 22 57
1 22 66
1 22 72
1 22 89
1 22 91
1 23 24
1 23 27
1 23 28
1 23 29
1 23 45
1 23 58
1 23 77
1 23 92
1 23 96
1 24 10
1 24 33
1 24 35
1 24 43
1 24 64
1 24 73
1 24 74
1 25 17
1 25 29
1 25 32
1 25 37
1 25 49
1 25 56
1 25 87
1 26 7
1 26 22
1 26 35
1 26 49
1 26 54
1 26 82
1 27 0
1 27 2
1 27 18
1 27 29
1 27 39
1 27 77
1 28 9
1 28 31
1 28 50
1 28 88
1 29 26
1 29 37
1 29 39
1 29 41
1 29 58
1 29 59
1 29 73
1 29 90
1 30 12
1 30 19
1 30 26
1 30 33
1 30 37
1 30 53
1 30 91
1 31 7
1 31 17
1 31 59
1 31 87
1 31 89
1 31 93
1 32 5
1 32 12
1 32 13
1 32 17
1 32 22
1 32 54
1 32 59
1 32 64
1 32 79
1 33 15
1 33 16
1 33 47
1 33 85
1 33 92
1 34 17
1 34 24
1 34 34
1 34 46
1 34 48
1 34 75
1 35 17
1 35 19
1 35 43
1 35 51
1 35 81
1 36 22
1 36 41
1 36 68
1 36 70
1 37 5
1 37 21
1 37 37
1 37 42
1 37 53
1 38 17
1 38 40
1 38 41
1 38 67
1 38 77
1 38 86
1 39 1
1 39 9
1 39 14
1 39 17
1 39 35
1 39 41
1 39 60
1 39 64
1 39 81
1 40 27
1 40 65
1 40 72
1 40 81
1 40 83
1 40 84
1 40 86
1 40 87
1 40 89
1 41 1
1 41 5
1 41 7
1 41 29
1 42 12
1 42 24
1 42 57
1 42 80
1 43 8
1 43 16
1 43 49
1 43 73
1 43 92
1 44 2
1 44 10
1 44 32
1 44 72
1 44 91
1 44 93
1 45 15
1 45 24
1 45 45
1 45 71
1 45 72
1 45 95
1 46 19
1 46 28
1 46 53
1 46 87
1 46 92
1 47 55
1 47 65
1 47 77
1 47 85
1 47 93
1 48 12
1 48 27
1 48 44
1 48 48
1 48 54
1 48 76
1 49 18
1 49 28
1 49 33
1 49 38
1 49 39
1 49 89
1 49 92
1 50 4
1 50 6
1 50 12
1 50 70
1 50 78
1 50 92
1 50 94
1 51 4
1 51 44
1 51 63
1 51 86
1 52 7
1 52 21
1 52 32
1 52 34
1 52 35
1 52 56
1 52 60
1 53 1
1 53 5
1 53 6
1 53 8
1 53 12
1 53 16
1 53 33
1 53 36
1 53 50
1 53 57
1 53 72
1 53 86
1 54 4
1 54 19
1 54 29
1 54 35
1 54 80
1 54 86
1 54 92
1 55 18
1 55 24
1 55 54
1 55 55
1 55 81
1 55 94
1 56 8
1 56 12
1 56 20
1 56 32
1 56 36
1 56 95
1 57 7
1 57 30
1 57 40
1 57 41
1 57 52
1 58 13
1 58 16
1 58 21
1 58 30
1 58 41
1 58 42
1 58 50
1 58 87
1 59 20
1 59 44
1 59 66
1 60 7
1 60 23
1 60 28
1 60 35
1 60 68
1 60 69
1 60 83
1 60 90
1 61 24
1 61 31
1 61 48
1 61 73
1 61 87
1 61 93
1 62 5
1 62 17
1 62 19
1 62 20
1 62 30
1 62 51
1 63 1
1 63 5
1 63 11
1 63 16
1 63 17
1 63 38
1 63 39
1 63 57
1 63 70
1 63 78
1 63 95
1 64 12
1 64 18
1 64 25
1 64 31
1 64 65
1 64 90
1 65 23
1 65 32
1 65 57
1 65 95
1 66 0
1 66 9
1 66 35
1 66 46
1 67 25
1 67 28
1 67 31
1 67 39
1 67 43
1 67 55
1 67 66
1 68 10
1 68 18
1 68 25
1 68 32
1 68 48
1 68 75
1 68 77
1 68 79
1 69 28
1 69 31
1 69 32
1 69 35
1 69 37
1 69 55
1 69 72
1 69 79
1 69 87
1 70 10
1 70 14
1 70 31
1 70 81
1 70 84
1 71 0
1 71 2
1 71 8
1 71 45
1 71 54
1 71 57
1 71 88
1 71 95
1 72 75
1 72 84
1 72 85
1 73 8
1 73 23
1 73 62
1 74 24
1 74 42
1 74 51
1 74 69
1 74 85
1 75 18
1 75 26
1 75 33
1 75 41
1 75 46
1 75 83
1 75 85
1 76 16
1 76 29
1 76 33
1 76 39
1 76 53
1 76 64
1 76 70
1 76 76
1 76 85
1 77 1
1 77 6
1 77 24
1 77 39
1 77 59
1 77 70
1 77 85
1 77 89
1 77 95
1 78 6
1 78 7
1 78 21
1 78 26
1 78 27
1 78 41
1 78 87
1 79 5
1 79 43
1 79 57
1 79 65
1 79 69
1 79 74
1 79 80
1 80 21
1 80 23
1 80 26
1 80 58
1 80 64
1 80 93
1 81 11
1 81 13
1 81 38
1 82 0
1 82 10
1 82 49
1 82 94
1 83 32
1 83 41
1 83 43
1 83 61
1 83 85
1 84 11
1 84 21
1 84 27
1 84 32
1 84 50
1 84 55
1 85 0
1 85 41
1 85 43
1 85 50
1 85 72
1 86 2
1 86 20
1 86 24
1 86 51
1 87 12
1 87 22
1 87 36
1 87 63
1 87 71
1 87 87
1 87 88
1 88 3
1 88 6
1 88 14
1 88 39
1 88 49
1 88 75
1 89 10
1 89 52
1 89 53
1 89 65
1 89 77
1 89 91
1 90 3
1 90 28
1 90 34
1 90 56
1 90 81
1 90 90
1 90 91
1 91 7
1 91 41
1 91 44
1 91 68
1 91 77
1 91 80
1 92 23
1 92 26
1 92 37
1 92 44
1 92 50
1 92 53
1 92 54
1 92 59
1 92 72
1 93 6
1 93 8
1 93 17
1 93 30
1 93 34
1 93 39
1 93 62
1 93 67
1 94 2
1 94 5
1 94 34
1 94 36
1 94 49
1 94 52
1 94 58
1 94 96
1 95 19
1 95 36
1 95 39
1 95 42
1 95 45
1 95 57
1 95 58
1 96 4
1 96 38
1 96 43
1 96 71
1 96 79
1 96 84
1 96 92
1 97 11
1 97 17
1 97 36
1 97 40
1 97 41
1 97 77
1 97 80
1 98 4
1 98 41
1 98 53
1 99 19
1 99 24
1 99 32
1 99 59
1 99 95
1 100 61
1 101 20
1 101 38
1 101 44
1 101 93
1 102 4
1 102 10
1 102 21
1 102 30
1 102 39
1 102 43
1 102 67
1 102 90
1 102 93
1 103 21
1 103 47
1 103 83
1 103 88
1 103 91
1 104 10
1 104 42
1 104 47
1 104 53
1 104 69
1 104 74
1 105 15
1 105 27
1 105 41
1 105 53
1 105 72
1 105 87
1 106 6
1 106 20
1 106 50
1 106 53
1 106 58
1 106 81
1 106 89
1 106 91
1 107 2
1 107 5
1 107 34
1 107 43
1 107 70
1 107 72
1 107 77
1 107 95
1 108 0
1 108 12
1 108 32
1 108 46
1 108 80
1 108 85
1 108 91
1 109 1
1 109 5
1 109 27
1 109 43
1 109 67
1 109 94
1 110 5
1 110 26
1 110 28
1 110 37
1 110 42
1 110 53
1 110 54
1 110 88
1 111 10
1 111 15
1 111 35
1 111 43
1 111 51
1 111 62
1 111 76
1 111 78
1 112 16
1 112 29
1 112 42
1 112 88
2 0 3
2 0 5
2 0 18
2 0 23
2 0 42
2 0 87
2 0 116
2 0 137
2 0 145
2 0 163
2 1 3
2 1 8
2 1 19
2 1 33
2 1 84
2 1 105
2 1 121
2 1 135
2 1 142
2 1 154
2 2 8
2 2 14
2 2 30
2 2 32
2 2 48
2 2 75
2 2 78
2 2 108
2 2 128
2 2 146
2 3 13
2 3 35
2 3 40
2 3 62
2 3 72
2 3 87
2 3 90
2 3 95
2 3 101
2 3 129
2 3 149
2 3 153
2 3 156
2 3 160
2 4 15
2 4 24
2 4 28
2 4 39
2 4 134
2 4 143
2 5 37
2 5 70
2 5 76
2 5 90
2 5 100
2 5 104
2 5 122
2 5 127
2 5 140
2 5 144
2 5 146
2 5 161
2 5 165
2 6 27
2 6 62
2 6 67
2 6 72
2 6 74
2 6 77
2 6 96
2 6 131
2 7 15
2 7 34
2 7 47
2 7 50
2 7 52
2 7 75
2 7 93
2 7 99
2 7 104
2 7 112
2 7 113
2 7 116
2 7 137
2 7 168
2 8 17
2 8 33
2 8 40
2 8 51
2 8 55
2 8 82
2 8 85
2 8 106
2 8 112
2 8 113
2 8 117
2 8 121
2 8 131
2 8 134
2 8 153
2 8 155
2 8 167
2 9 8
2 9 37
2 9 45
2 9 48
2 9 54
2 9 97
2 9 105
2 9 127
2 9 143
2 9 146
2 9 147
2 9 154
2 9 155
2 9 158
2 10 2
2 10 16
2 10 27
2 10 33
2 10 58
2 10 73
2 10 97
2 10 103
2 10 109
2 10 111
2 10 113
2 10 115
2 10 119
2 10 135
2 10 163
2 10 164
2 11 4
2 11 20
2 11 35
2 11 50
2 11 68
2 11 90
2 11 95
2 11 114
2 11 130
2 11 132
2 11 149
2 11 164
2 11 165
2 12 41
2 12 47
2 12 56
2 12 59
2 12 83
2 12 85
2 12 107
2 12 113
2 12 130
2 12 155
2 12 168
2 13 3
2 13 19
2 13 31
2 13 67
2 13 73
2 13 83
2 13 93
2 13 98
2 13 107
2 13 142
2 13 154
2 14 73
2 14 77
2 14 83
2 14 92
2 14 101
2 14 134
2 14 142
2 14 147
2 15 60
2 15 63
2 15 73
2 15 84
2 15 90
2 15 111
2 15 130
2 15 132
2 15 138
2 15 162
2 15 166
2 15 170
2 16 0
2 16 11
2 16 21
2 16 23
2 16 26
2 16 54
2 16 79
2 16 84
2 16 95
2 16 98
2 16 123
2 16 153
2 16 167
2 17 2
2 17 17
2 17 18
2 17 39
2 17 40
2 17 57
2 17 63
2 17 89
2 17 94
2 17 140
2 17 141
2 17 151
2 18 4
2 18 24
2 18 59
2 18 65
2 18 78
2 18 152
2 18 159
2 19 11
2 19 13
2 19 48
2 19 54
2 19 65
2 19 69
2 19 80
2 19 89
2 19 106
2 19 115
2 19 125
2 19 134
2 19 137
2 20 40
2 20 50
2 20 67
2 20 121
2 20 146
2 20 147
2 21 6
2 21 17
2 21 25
2 21 40
2 21 66
2 21 79
2 21 81
2 21 83
2 21 87
2 21 108
2 21 164
2 22 19
2 22 48
2 22 58
2 22 75
2 22 102
2 22 105
2 22 117
2 22 129
2 22 134
2 22 143
2 22 146
2 22 147
2 22 157
2 22 163
2 22 170
2 23 0
2 23 8
2 23 25
2 23 26
2 23 32
2 23 36
2 23 54
2 23 68
2 23 69
2 23 83
2 23 88
2 23 91
2 23 95
2 23 101
2 23 109
2 23 117
2 23 119
2 23 127
2 23 143
2 23 156
2 23 165
2 24 0
2 24 25
2 24 34
2 24 36
2 24 53
2 24 60
2 24 63
2 24 69
2 24 108
2 24 138
2 24 154
2 24 156
2 25 4
2 25 16
2 25 30
2 25 41
2 25 46
2 25 77
2 25 83
2 25 90
2 25 128
2 25 146
2 25 151
2 26 0
2 26 11
2 26 17
2 26 23
2 26 29
2 26 57
2 26 73
2 26 84
2 26 105
2 26 126
2 26 140
2 26 164
2 27 30
2 27 43
2 27 55
2 27 56
2 27 63
2 27 115
2 27 123
2 27 150
2 27 152
2 27 163
2 28 1
2 28 7
2 28 15
2 28 43
2 28 51
2 28 71
2 28 81
2 28 125
2 28 145
2 28 154
2 29 13
2 29 20
2 29 27
2 29 45
2 29 50
2 29 69
2 29 79
2 29 102
2 29 106
2 29 126
2 29 140
2 29 154
2 29 161
2 29 169
2 30 14
2 30 40
2 30 48
2 30 85
2 30 91
2 30 112
2 30 113
2 30 121
2 30 129
2 30 133
2 30 151
2 30 167
2 31 16
2 31 41
2 31 44
2 31 48
2 31 50
2 31 67
2 31 84
2 31 101
2 31 130
2 31 143
2 31 147
2 31 158
2 31 167
2 32 8
2 32 13
2 32 17
2 32 22
2 32 75
2 32 77
2 32 84
2 32 90
2 32 91
2 32 105
2 32 112
2 32 142
2 32 146
2 32 165
2 33 1
2 33 11
2 33 12
2 33 30
2 33 38
2 33 63
2 33 73
2 33 74
2 33 82
2 33 116
2 33 141
2 34 31
2 34 40
2 34 50
2 34 60
2 34 87
2 34 114
2 35 5
2 35 14
2 35 23
2 35 32
2 35 42
2 35 72
2 35 78
2 35 82
2 35 92
2 35 101
2 35 127
2 35 156
2 36 37
2 36 59
2 36 64
2 36 72
2 36 80
2 36 149
2 36 159
2 37 39
2 37 61
2 37 103
2 37 106
2 37 110
2 37 115
2 37 117
2 37 126
2 37 133
2 37 158
2 37 161
2 38 21
2 38 31
2 38 32
2 38 34
2 38 82
2 38 102
2 38 130
2 38 157
2 38 163
2 38 167
2 39 8
2 39 12
2 39 19
2 39 21
2 39 108
2 39 112
2 39 116
2 39 124
2 39 147
2 39 155
2 39 169
2 40 10
2 40 11
2 40 36
2 40 58
2 40 80
2 40 84
2 40 108
2 40 124
2 40 146
2 40 162
2 40 169
2 41 31
2 41 41
2 41 57
2 41 59
2 41 64
2 41 85
2 41 86
2 41 87
2 41 100
2 41 107
2 41 126
2 41 145
2 41 165
2 42 10
2 42 16
2 42 23
2 42 40
2 42 65
2 42 99
2 42 115
2 42 124
2 42 130
2 42 154
2 42 163
2 43 7
2 43 36
2 43 49
2 43 58
2 43 81
2 43 87
2 43 92
2 43 102
2 43 132
2 44 2
2 44 9
2 44 16
2 44 35
2 44 44
2 44 70
2 44 77
2 44 120
2 44 140
2 44 143
2 45 0
2 45 4
2 45 41
2 45 78
2 45 137
2 45 147
2 45 149
2 46 17
2 46 22
2 46 39
2 46 66
2 46 74
2 46 82
2 46 94
2 46 99
2 46 125
2 46 127
2 46 143
2 46 151
2 46 158
2 47 2
2 47 25
2 47 38
2 47 64
2 47 74
2 47 77
2 47 84
2 47 88
2 47 105
2 47 107
2 47 116
2 47 140
2 47 142
2 48 13
2 48 52
2 48 64
2 48 67
2 48 70
2 48 76
2 48 82
2 48 87
2 48 138
2 48 144
2 48 161
2 49 4
2 49 27
2 49 49
2 49 72
2 49 78
2 49 81
2 49 92
2 49 130
2 49 134
2 49 158
2 50 26
2 50 36
2 50 65
2 50 113
2 50 118
2 50 120
2 50 134
2 50 139
2 50 145
2 50 157
2 50 162
2 50 164
2 50 170
2 51 12
2 51 20
2 51 58
2 51 63
2 51 73
2 51 74
2 51 80
2 51 89
2 51 96
2 51 97
2 51 98
2 51 110
2 51 132
2 51 161
2 51 163
2 51 164
2 52 5
2 52 26
2 52 45
2 52 49
2 52 90
2 52 101
2 52 144
2 52 159
2 52 169
2 53 9
2 53 11
2 53 61
2 53 99
2 53 117
2 53 129
2 53 137
2 53 150
2 53 162
2 53 165
2 54 15
2 54 20
2 54 33
2 54 38
2 54 69
2 54 82
2 54 94
2 54 105
2 54 119
2 55 15
2 55 19
2 55 21
2 55 22
2 55 84
2 55 96
2 55 134
2 55 135
2 55 137
2 55 165
2 55 166
2 56 13
2 56 23
2 56 30
2 56 35
2 56 40
2 56 98
2 56 103
2 56 108
2 56 111
2 56 113
2 56 119
2 56 122
2 56 167
2 56 169
2 57 37
2 57 45
2 57 47
2 57 70
2 57 86
2 57 150
2 57 170
2 58 0
2 58 2
2 58 6
2 58 13
2 58 37
2 58 46
2 58 61
2 58 70
2 58 74
2 58 88
2 58 128
2 58 157
2 59 9
2 59 48
2 59 54
2 59 64
2 59 95
2 59 104
2 59 131
2 59 133
2 59 140
2 59 141
2 59 148
2 60 7
2 60 8
2 60 31
2 60 44
2 60 50
2 60 83
2 60 104
2 60 117
2 60 135
2 60 161
2 60 169
2 60 170
2 61 22
2 61 25
2 61 86
2 61 104
2 61 152
2 61 164
2 62 13
2 62 16
2 62 29
2 62 39
2 62 45
2 62 60
2 62 63
2 62 73
2 62 79
2 62 85
2 62 96
2 62 114
2 62 123
2 62 127
2 62 154
2 62 158
2 62 166
2 62 169
2 63 15
2 63 23
2 63 46
2 63 63
2 63 66
2 63 83
2 63 108
2 63 152
2 63 157
2 64 7
2 64 29
2 64 39
2 64 60
2 64 87
2 64 97
2 64 107
2 64 114
2 64 163
2 65 7
2 65 22
2 65 31
2 65 65
2 65 78
2 65 144
2 66 57
2 66 63
2 66 65
2 66 75
2 66 82
2 66 93
2 66 98
2 66 118
2 66 141
2 67 7
2 67 10
2 67 45
2 67 70
2 67 75
2 67 79
2 67 86
2 67 98
2 67 106
2 68 5
2 68 14
2 68 97
2 68 102
2 68 119
2 68 168
2 69 13
2 69 14
2 69 22
2 69 34
2 69 56
2 69 74
2 69 75
2 69 87
2 69 88
2 69 91
2 69 96
2 69 121
2 69 124
2 69 141
2 69 144
2 69 147
2 69 157
2 69 165
2 70 10
2 70 24
2 70 41
2 70 53
2 70 68
2 70 98
2 70 115
2 70 131
2 70 148
2 70 158
2 71 3
2 71 21
2 71 106
2 71 118
2 71 127
2 71 132
2 71 143
2 71 159
2 72 36
2 72 42
2 72 52
2 72 119
2 72 125
2 72 130
2 72 155
2 73 14
2 73 30
2 73 40
2 73 56
2 73 104
2 73 124
2 73 129
2 73 142
2 73 150
2 73 152
2 73 169
2 74 1
2 74 39
2 74 44
2 74 53
2 74 62
2 74 63
2 74 71
2 74 74
2 74 87
2 74 104
2 74 119
2 74 128
2 74 139
2 74 140
2 74 141
2 74 149
2 75 6
2 75 45
2 75 50
2 75 54
2 75 57
2 75 91
2 75 114
2 75 136
2 75 160
2 75 163
2 75 164
2 76 0
2 76 4
2 76 16
2 76 59
2 76 69
2 76 85
2 76 103
2 76 104
2 76 112
2 76 118
2 76 119
2 76 122
2 76 138
2 76 145
2 76 148
2 77 11
2 77 18
2 77 23
2 77 49
2 77 56
2 77 63
2 77 114
2 77 125
2 77 138
2 77 168
2 78 15
2 78 33
2 78 35
2 78 93
2 78 107
2 78 116
2 78 119
2 78 136
2 79 24
2 79 71
2 79 82
2 79 83
2 79 85
2 79 105
2 79 109
2 79 128
2 79 147
2 79 155
2 80 24
2 80 42
2 80 53
2 80 106
2 80 112
2 80 161
2 80 169
2 81 2
2 81 21
2 81 40
2 81 81
2 81 87
2 82 8
2 82 31
2 82 39
2 82 41
2 82 48
2 82 50
2 82 57
2 82 94
2 82 121
2 83 28
2 83 40
2 83 59
2 83 87
2 83 89
2 83 92
2 83 98
2 83 112
2 83 116
2 83 117
2 83 135
2 84 43
2 84 51
2 84 61
2 84 108
2 84 111
2 84 116
2 84 129
2 84 138
2 84 144
2 85 28
2 85 35
2 85 42
2 85 48
2 85 54
2 85 65
2 85 67
2 85 89
2 85 104
2 85 121
2 85 131
2 85 138
2 85 154
2 85 162
2 86 0
2 86 14
2 86 38
2 86 47
2 86 64
2 86 76
2 86 77
2 86 90
2 86 97
2 86 139
2 86 154
2 87 7
2 87 9
2 87 45
2 87 63
2 87 72
2 87 84
2 87 147
2 87 151
2 87 153
2 87 170
2 88 18
2 88 19
2 88 32
2 88 38
2 88 54
2 88 67
2 88 77
2 88 79
2 88 80
2 88 117
2 88 130
2 88 133
2 88 151
2 89 1
2 89 18
2 89 19
2 89 36
2 89 40
2 89 41
2 89 50
2 89 52
2 89 74
2 89 89
2 89 90
2 89 96
2 89 104
2 89 110
2 89 117
2 89 140
2 89 164
2 90 0
2 90 6
2 90 17
2 90 31
2 90 51
2 90 57
2 90 58
2 90 76
2 90 89
2 90 107
2 90 118
2 90 130
2 90 160
2 91 2
2 91 4
2 91 36
2 91 47
2 91 51
2 91 53
2 91 57
2 91 61
2 91 62
2 91 78
2 91 112
2 91 141
2 91 144
2 91 161
2 92 4
2 92 31
2 92 45
2 92 78
2 92 100
2 92 113
2 93 3
2 93 28
2 93 32
2 93 33
2 93 41
2 93 48
2 93 58
2 93 70
2 93 77
2 93 152
2 93 164
2 93 169
2 94 9
2 94 21
2 94 31
2 94 41
2 94 45
2 94 52
2 94 85
2 94 118
2 94 132
2 94 135
2 95 1
2 95 12
2 95 28
2 95 29
2 95 37
2 95 43
2 95 54
2 95 61
2 95 77
2 95 78
2 95 83
2 95 99
2 95 125
2 95 131
2 95 134
2 95 135
2 96 19
2 96 61
2 96 74
2 96 142
2 96 157
3 0 3
3 0 16
3 0 21
3 0 22
3 0 40
3 0 63
3 0 73
3 0 75
3 0 84
3 0 99
3 0 100
3 0 107
3 1 45
3 1 104
3 2 24
3 2 47
3 2 55
3 2 83
3 2 96
3 2 105
3 2 119
3 3 6
3 3 7
3 3 8
3 3 26
3 3 38
3 3 53
3 3 74
3 3 94
3 3 109
3 3 120
3 4 0
3 4 11
3 4 16
3 4 17
3 4 18
3 4 29
3 4 39
3 4 68
3 4 95
3 5 3
3 5 41
3 5 59
3 5 60
3 5 61
3 5 83
3 5 89
3 5 100
3 5 109
3 5 111
3 6 22
3 6 64
3 6 91
3 7 0
3 7 2
3 7 8
3 7 17
3 7 32
3 7 81
3 8 20
3 8 25
3 8 31
3 8 34
3 8 47
3 8 84
3 8 97
3 8 99
3 9 4
3 9 20
3 9 55
3 9 67
3 9 79
3 9 84
3 9 86
3 9 106
3 9 111
3 9 113
3 10 1
3 10 5
3 10 43
3 10 54
3 10 69
3 10 72
3 10 101
3 10 109
3 11 4
3 11 10
3 11 12
3 11 31
3 11 41
3 11 63
3 11 79
3 11 87
3 11 119
3 12 69
3 12 74
3 12 94
3 12 95
3 12 105
3 13 12
3 13 18
3 13 28
3 13 45
3 13 117
3 14 13
3 14 28
3 14 42
3 14 53
3 14 71
3 14 72
3 14 77
3 14 95
3 15 13
3 15 21
3 15 58
3 15 69
3 15 90
3 15 117
3 16 2
3 16 4
3 16 21
3 16 26
3 16 41
3 16 47
3 16 59
3 17 2
3 17 24
3 17 41
3 17 65
3 17 84
3 17 99
3 17 108
3 17 110
3 17 111
3 17 117
3 17 120
3 18 5
3 18 7
3 18 23
3 18 24
3 18 86
3 19 9
3 19 54
3 19 64
3 19 105
3 19 114
3 19 115
3 19 118
3 19 120
3 20 27
3 20 55
3 20 56
3 20 66
3 20 70
3 20 71
3 20 88
3 21 4
3 21 19
3 21 34
3 21 45
3 21 56
3 21 63
3 21 65
3 21 72
3 21 79
3 21 106
3 21 116
3 22 1
3 22 13
3 22 14
3 22 32
3 22 50
3 22 57
3 22 66
3 22 69
3 22 113
3 23 37
3 23 67
3 23 70
3 23 72
3 23 76
3 23 82
3 23 95
3 23 96
3 24 8
3 24 19
3 24 23
3 24 30
3 24 45
3 24 59
3 24 68
3 24 85
3 24 97
3 24 108
3 24 115
3 25 3
3 25 29
3 25 104
3 26 1
3 26 2
3 26 8
3 26 79
3 26 82
3 26 119
3 27 0
3 27 1
3 27 4
3 27 24
3 27 27
3 27 28
3 27 57
3 27 59
3 27 64
3 27 67
3 27 68
3 27 77
3 27 94
3 28 39
3 28 43
3 28 50
3 28 64
3 28 65
3 28 68
3 28 80
3 28 90
3 28 113
3 29 55
3 29 58
3 29 93
3 29 97
3 29 105
3 29 115
3 30 7
3 30 76
3 30 88
3 30 90
3 30 112
3 31 7
3 31 34
3 31 91
3 32 8
3 32 29
3 32 61
3 32 74
3 32 111
3 32 113
3 33 20
3 33 27
3 33 49
3 33 55
3 33 56
3 33 60
3 33 68
3 33 85
3 33 93
3 33 103
3 33 106
3 34 5
3 34 9
3 34 19
3 34 22
3 34 65
3 34 70
3 34 78
3 34 92
3 34 107
3 34 112
3 34 115
3 34 119
3 35 27
3 35 41
3 35 55
3 35 59
3 35 77
3 35 99
3 35 103
3 35 104
3 35 114
3 36 8
3 36 55
3 36 56
3 36 62
3 36 106
3 37 0
3 37 18
3 37 34
3 37 52
3 37 61
3 37 64
3 37 78
3 37 108
3 38 2
3 38 44
3 38 53
3 38 74
3 38 84
3 38 87
3 38 88
3 38 94
3 38 97
3 38 106
3 38 112
3 38 114
3 39 6
3 39 18
3 39 29
3 39 44
3 39 51
3 39 52
3 39 56
3 39 91
3 39 104
3 40 55
3 40 58
3 40 60
3 40 82
3 40 84
3 40 97
3 40 115
3 40 118
3 41 18
3 41 46
3 41 53
3 41 60
3 41 68
3 41 79
3 41 92
3 41 100
3 42 6
3 42 105
3 43 0
3 43 32
3 43 67
3 43 72
3 43 85
3 43 103
3 43 114
3 44 25
3 44 36
3 44 79
3 44 92
3 44 98
3 45 24
3 45 39
3 45 68
3 45 70
3 46 11
3 46 13
3 46 28
3 46 44
3 46 64
3 46 108
3 46 117
3 46 119
3 47 2
3 47 33
3 47 59
3 47 68
3 47 73
3 47 75
3 47 83
3 47 99
3 48 6
3 48 36
3 48 38
3 48 47
3 48 51
3 48 57
3 48 62
3 48 67
3 48 76
3 48 118
3 49 9
3 49 14
3 49 23
3 49 28
3 49 33
3 49 44
3 49 45
3 49 48
3 49 97
3 49 100
3 49 113
3 50 1
3 50 7
3 50 16
3 50 46
3 50 56
3 50 60
3 50 63
3 50 80
3 50 101
3 50 118
3 51 3
3 51 11
3 51 12
3 51 16
3 51 32
3 51 43
3 51 47
3 51 76
3 51 86
3 51 100
3 52 0
3 52 16
3 52 22
3 52 39
3 52 49
3 52 55
3 52 68
3 52 104
3 52 105
3 53 3
3 53 14
3 53 44
3 53 61
3 54 4
3 54 10
3 54 25
3 54 27
3 54 39
3 54 73
3 54 89
3 54 91
3 54 101
3 54 107
3 54 116
3 54 118
3 55 2
3 55 4
3 55 7
3 55 17
3 55 49
3 55 56
3 55 59
3 55 67
3 55 79
3 55 83
3 55 95
3 55 104
3 55 112
3 56 4
3 56 23
3 56 40
3 56 70
3 56 78
3 56 90
3 56 107
3 57 16
3 57 25
3 57 42
3 57 69
3 57 83
3 57 86
3 57 92
3 57 93
3 58 0
3 58 20
3 58 56
3 58 59
3 58 78
3 58 80
3 58 107
3 58 109
3 58 119
3 59 12
3 59 22
3 59 30
3 59 45
3 59 55
3 59 74
3 59 75
3 59 78
3 59 94
3 59 117
3 60 12
3 60 21
3 60 25
3 60 29
3 60 32
3 60 51
3 60 60
3 60 75
3 60 86
3 60 99
3 60 109
3 60 113
3 61 9
3 61 24
3 61 43
3 61 57
3 61 117
3 62 7
3 62 27
3 62 40
3 62 52
3 62 77
3 62 93
3 63 44
3 63 62
3 63 90
3 63 99
3 64 33
3 64 75
3 64 76
3 64 87
3 64 103
3 64 118
3 65 3
3 65 30
3 65 45
3 65 54
3 65 59
3 65 62
3 65 80
3 65 95
3 65 101
3 65 102
3 66 7
3 66 48
3 66 54
3 66 58
3 66 59
3 66 62
3 66 72
3 66 74
3 66 85
3 66 86
3 66 99
3 66 103
3 67 2
3 67 3
3 67 24
3 67 33
3 67 44
3 67 46
3 67 84
3 67 107
3 67 109
3 67 112
3 68 10
3 68 36
3 68 37
3 68 47
3 68 52
3 68 58
3 68 77
3 68 88
3 68 93
3 68 112
3 69 3
3 69 17
3 69 18
3 69 24
3 69 29
3 69 47
3 69 56
3 69 82
3 69 100
3 69 103
3 69 116
3 70 12
3 70 13
3 70 25
3 70 34
3 70 48
3 70 69
3 70 86
3 70 115
3 71 1
3 71 17
3 71 61
3 71 64
3 71 71
3 71 106
3 71 107
3 72 8
3 72 25
3 72 37
3 72 45
3 72 69
3 72 83
3 72 105
3 72 113
3 73 0
3 73 35
3 73 48
3 73 53
3 73 70
3 73 73
3 73 85
3 73 88
3 73 105
3 73 120
3 74 2
3 74 3
3 74 14
3 74 59
3 74 62
3 74 74
3 74 79
3 74 80
3 74 86
3 74 109
3 75 31
3 75 37
3 75 52
3 75 79
3 75 85
3 75 118
3 76 2
3 76 5
3 76 24
3 76 27
3 76 28
3 76 36
3 76 37
3 76 69
3 76 77
3 77 16
3 77 46
3 77 85
3 77 113
3 77 116
3 78 28
3 78 32
3 78 40
3 78 46
3 78 68
3 78 71
3 78 102
3 78 107
3 78 112
3 78 117
3 79 0
3 79 47
3 79 52
3 79 54
3 79 74
3 79 76
3 79 83
3 79 92
3 79 117
3 80 30
3 80 35
3 80 37
3 80 41
3 80 48
3 80 69
3 80 75
3 80 100
3 80 113
3 81 23
3 81 43
3 81 50
3 81 67
3 81 74
3 81 98
3 81 109
3 81 118
3 82 15
3 82 90
3 82 99
3 82 119
3 83 15
3 83 25
3 83 33
3 83 71
3 83 102
3 83 103
3 83 111
3 84 17
3 84 67
3 84 77
3 84 89
3 85 12
3 85 18
3 85 78
3 85 114
3 85 116
3 85 119
3 86 4
3 86 22
3 86 24
3 86 94
3 87 6
3 87 40
3 87 43
3 87 50
3 87 60
3 87 65
3 87 70
3 87 74
3 87 77
3 87 79
3 87 98
3 88 10
3 88 18
3 88 22
3 88 28
3 88 40
3 88 97
3 88 110
3 89 41
3 89 44
3 89 53
3 89 74
3 89 76
3 89 77
3 89 83
3 89 104
3 89 105
3 89 114
3 90 3
3 90 15
3 90 42
3 90 56
3 90 70
3 90 88
3 90 97
3 90 109
3 91 28
3 91 57
3 91 75
3 91 84
3 91 97
3 91 108
3 92 12
3 92 20
3 92 30
3 92 48
3 92 53
3 92 64
3 92 69
3 92 77
3 92 105
3 92 107
3 92 108
3 92 116
3 93 4
3 93 5
3 93 16
3 93 20
3 93 26
3 93 33
3 93 38
3 93 46
3 93 58
3 93 75
3 94 12
3 94 36
3 94 59
3 94 94
3 94 95
3 94 111
3 95 13
3 95 23
3 95 24
3 95 33
3 95 41
3 95 45
3 95 55
3 95 80
3 95 85
3 95 108
3 96 32
3 96 44
3 96 55
3 96 62
3 96 77
3 96 81
3 96 98
3 96 108
3 96 113
3 97 2
3 97 28
3 97 46
3 97 49
3 97 54
3 97 55
3 97 57
3 97 60
3 97 73
3 97 82
3 97 99
3 98 11
3 98 19
3 98 21
3 98 30
3 98 55
3 98 61
3 98 75
3 98 108
3 98 116
3 98 117
3 99 5
3 99 10
3 99 20
3 99 30
3 99 33
3 99 34
3 99 59
3 99 63
3 99 71
3 99 75
3 99 107
3 100 1
3 100 22
3 100 25
3 100 39
3 100 45
3 100 59
3 100 77
3 100 79
3 100 97
3 100 110
3 100 113
3 100 116
3 101 2
3 101 3
3 101 18
3 101 68
3 101 79
3 101 82
3 101 85
3 101 87
3 102 4
3 102 11
3 102 29
3 102 105
3 102 113
3 103 32
3 103 45
3 103 76
3 103 85
3 103 94
3 103 116
3 104 14
3 104 39
3 104 51
3 104 56
3 104 71
3 104 77
3 104 106
3 105 11
3 105 15
3 105 36
3 105 43
3 105 100
3 105 119
3 106 68
3 106 76
3 106 89
3 106 94
3 106 112
3 107 1
3 107 12
3 107 46
3 107 55
3 107 75
3 107 83
3 108 8
3 108 24
3 108 31
3 108 41
3 108 54
3 108 60
3 108 69
3 108 78
3 108 88
3 108 91
3 108 92
3 108 113
3 109 7
3 109 23
3 109 44
3 109 52
3 109 55
3 109 69
3 109 99
3 109 104
3 110 9
3 110 32
3 110 61
3 110 62
3 110 72
3 110 106
3 110 119
3 111 9
3 111 19
3 111 20
3 111 61
3 111 63
3 111 83
3 111 95
3 111 105
3 111 114
3 112 19
3 112 22
3 112 54
3 112 57
3 112 81
3 112 84
3 112 113
3 112 116
3 112 118
3 113 15
3 113 31
3 113 44
3 113 82
3 113 118
3 114 26
3 114 28
3 114 30
3 114 75
3 114 77
3 114 84
3 114 95
3 114 111
3 115 0
3 115 4
3 115 7
3 115 31
3 115 33
3 115 52
3 115 54
3 115 55
3 115 62
3 115 72
3 115 81
3 115 95
3 115 103
3 115 117
3 115 119
3 116 14
3 116 36
3 116 40
3 116 60
3 116 67
3 116 68
3 116 74
3 116 93
3 116 98
3 116 100
3 116 119
3 117 7
3 117 14
3 117 19
3 117 23
3 117 34
3 117 41
3 117 65
3 117 83
3 117 84
3 117 93
3 117 105
3 118 1
3 118 8
3 118 13
3 118 15
3 118 43
3 118 69
3 118 119
3 119 2
3 119 11
3 119 28
3 119 29
3 119 34
3 119 36
3 119 71
3 119 80
3 119 112
3 120 19
3 120 43
3 120 61
3 120 75
3 120 99
3 120 104
3 120 119
3 121 15
3 121 61
3 121 72
3 121 76
3 121 84
3 121 94
3 121 98
3 121 101
3 121 102
3 121 110
3 122 0
3 122 5
3 122 11
3 122 23
3 122 27
3 122 52
3 122 75
3 122 80
3 122 93
3 122 99
3 122 105
3 122 110
3 123 11
3 123 23
3 123 25
3 123 34
3 123 45
3 123 51
3 123 68
3 123 78
3 123 86
3 123 90
3 123 99
3 123 110
3 123 120
3 124 12
3 124 17
3 124 19
3 124 20
3 124 39
3 124 44
3 124 52
3 124 55
3 124 118
3 125 13
3 125 29
3 125 72
3 125 80
3 125 84
3 125 85
3 125 96
3 125 99
3 125 109
3 126 4
3 126 24
3 126 31
3 126 42
3 126 54
3 126 58
3 126 62
3 126 76
3 126 78
3 126 79
3 126 103
3 126 108
3 126 115
3 127 11
3 127 28
3 127 47
3 127 56
3 127 61
3 127 64
3 127 107
3 127 109
3 127 111
3 127 113
3 127 114
3 128 2
3 128 16
3 128 71
3 128 78
3 128 98
3 128 113
3 128 117
3 129 12
3 129 27
3 129 33
3 129 41
3 129 44
3 129 47
3 129 48
3 129 76
3 129 89
3 129 99
3 129 104
3 129 106
3 130 5
3 130 83
3 130 104
3 130 111
3 131 21
3 131 23
3 131 72
3 131 96
3 131 103
3 131 111
3 132 5
3 132 7
3 132 25
3 132 52
3 132 64
3 132 88
3 132 90
3 132 102
3 132 115
3 133 1
3 133 6
3 133 13
3 133 25
3 133 39
3 133 40
3 133 42
3 133 50
3 133 51
3 133 86
3 133 111
3 133 114
3 134 7
3 134 22
3 134 24
3 134 30
3 134 55
3 134 62
3 134 91
3 135 28
3 135 46
3 135 52
3 135 59
3 135 88
3 135 90
3 135 101
3 135 119
3 136 2
3 136 9
3 136 15
3 136 16
3 136 17
3 136 28
3 136 37
3 136 41
3 136 49
3 136 61
3 136 76
3 136 91
3 137 41
3 137 51
3 137 55
3 137 86
3 137 90
3 138 3
3 138 16
3 138 19
3 138 52
3 138 62
3 138 69
3 138 74
3 138 89
3 138 93
3 138 94
3 138 107
3 139 0
3 139 23
3 139 30
3 139 78
3 140 8
3 140 14
3 140 34
3 140 42
3 140 53
3 140 58
3 140 66
3 141 13
3 141 16
3 141 39
3 141 40
3 141 98
3 141 112
3 141 117
3 142 47
3 142 64
3 142 66
3 142 107
3 142 109
3 142 116
3 143 34
3 143 49
3 143 53
3 143 89
3 143 100
3 143 102
3 143 113
3 143 116
3 144 21
3 144 36
3 144 47
3 144 59
3 144 74
3 144 97
3 144 102
3 144 105
3 145 2
3 145 5
3 145 12
3 145 64
3 145 66
3 145 68
3 145 69
3 145 99
3 145 105
3 145 116
3 146 35
3 146 83
3 146 103
3 146 120
3 147 29
3 147 39
3 147 43
3 147 51
3 147 58
3 147 73
3 147 95
3 147 100
3 147 101
3 148 6
3 148 12
3 148 18
3 148 26
3 148 53
3 148 83
3 148 84
3 148 104
3 148 107
3 148 112
3 148 120
3 149 3
3 149 25
3 149 58
3 149 74
3 149 98
3 149 113
3 150 11
3 150 71
3 150 80
3 150 93
3 150 103
3 151 72
3 151 81
3 151 84
3 151 90
3 151 105
3 151 112
3 152 15
3 152 20
3 152 50
3 152 67
3 152 82
3 153 20
3 153 86
3 153 87
3 153 120
3 154 13
3 154 17
3 154 52
3 154 59
3 154 64
3 154 92
3 154 93
3 154 117
3 155 6
3 155 8
3 155 9
3 155 27
3 155 31
3 155 78
3 155 92
3 156 13
3 156 23
3 156 31
3 156 33
3 156 39
3 156 72
3 156 108
3 156 114
3 157 10
3 157 18
3 157 32
3 157 40
3 157 75
3 157 82
3 157 86
3 158 2
3 158 5
3 158 6
3 158 23
3 158 39
3 158 59
3 158 84
3 158 99
3 158 113
3 159 15
3 159 16
3 159 28
3 159 45
3 159 58
3 159 60
3 159 64
3 159 73
3 159 75
3 159 80
3 159 91
3 159 109
3 160 5
3 160 13
3 160 17
3 160 25
3 160 29
3 160 37
3 160 40
3 160 52
3 160 57
3 160 94
3 160 107
3 161 28
3 161 32
3 161 61
3 161 64
3 161 80
3 161 94
3 161 120
3 162 7
3 162 8
3 162 17
3 162 19
3 162 37
3 162 44
3 162 52
3 162 66
3 162 89
3 162 96
3 163 11
3 163 40
3 163 44
3 163 58
3 163 74
3 163 89
3 163 93
3 163 109
3 163 116
3 164 7
3 164 17
3 164 29
3 164 39
3 164 52
3 164 58
3 164 60
3 164 64
3 164 68
3 164 90
3 164 96
3 164 116
3 165 5
3 165 9
3 165 11
3 165 15
3 165 32
3 165 45
3 165 49
3 165 55
3 165 73
3 165 79
3 165 83
3 165 89
3 165 92
3 165 102
3 166 13
3 166 18
3 166 22
3 166 57
3 166 58
3 166 82
3 166 95
3 166 100
3 166 116
3 167 37
3 167 50
3 167 52
3 167 88
3 167 96
3 167 103
3 167 106
3 167 107
3 167 113
3 168 0
3 168 2
3 168 11
3 168 25
3 168 43
3 168 83
3 168 94
3 169 4
3 169 26
3 169 39
3 169 40
3 169 72
3 169 75
3 169 96
3 169 120
3 170 15
3 170 22
3 170 30
3 170 67
3 170 73
3 170 74
3 170 91
3 170 102
3 170 104
3 170 106