237
5
125 145 101 132 97
5764

0 0 512 0 0 0 0 0 0 0 0 0 0 681 0 589 857 0 890 203 577 0 0 972 847 623 758 0 0 208 282 0 84 70 100 35 63 0 0 57 0 0 5 68 0 9 0 0 21 96 0 33 0 0 80 80 0 0 0 0 29 19 0 0 16 0 0 33 0 0 0 0 43 0 88 0 0 10 99 4 0 0 0 22 0 38 0 0 82 0 92 25 23 47 0 60 0 0 0 0 0 0 44 88 0 0 0 92 0 0 0 0 75 97 79 92 49 0 0 0 0 29 0 0 0
0 573 677 489 0 640 958 0 990 839 220 0 0 251 729 476 0 0 0 0 0 0 859 0 0 0 444 137 892 0 0 444 0 0 0 0 910 0 0 0 99 0 80 100 63 0 34 0 90 0 99 54 0 0 0 76 66 0 54 1 63 56 47 9 0 0 1 0 0 0 76 64 19 69 0 74 0 40 86 2 0 95 0 0 0 0 29 4 0 0 36 0 90 0 46 0 0 0 64 0 90 27 0 20 0 50 69 56 94 0 0 0 0 0 0 35 74 0 72 62 23 0 18 38 0 0 0 21 0 0 0 0 47 0 0 0 27 34 12 0 70 72 0 0 63
0 0 0 0 0 812 270 286 0 0 953 0 65 564 0 0 370 232 347 161 0 0 0 818 0 0 16 0 0 0 0 78 0 0 32 58 0 0 0 59 0 0 0 50 0 0 0 0 50 0 2 0 0 0 0 50 60 0 36 44 9 4 0 0 48 100 0 0 38 0 0 40 0 90 0 0 30 0 0 0 0 0 78 0 14 68 52 93 0 0 62 0 0 82 6 49 94 68 1 0 0
0 938 429 0 0 97 342 0 0 0 0 77 301 0 798 213 462 0 577 677 0 118 0 172 0 0 525 0 105 173 874 0 817 0 0 0 38 64 3 4 12 0 21 10 3 0 0 0 0 0 0 54 94 0 0 0 0 0 27 0 6 59 73 0 68 48 58 70 91 62 52 11 11 0 0 96 52 89 0 8 2 0 91 0 0 0 0 0 0 12 78 0 0 0 0 76 0 0 0 0 45 62 0 0 64 4 0 90 25 0 0 0 41 0 76 0 0 0 41 75 14 0 0 86 79 60 18 0 24 0 0 21
0 0 127 0 0 150 0 0 178 928 433 0 513 181 198 0 0 656 0 0 146 0 434 925 12 0 75 0 49 0 0 0 0 0 24 0 0 0 20 0 0 0 0 54 96 47 29 70 39 16 0 0 58 0 0 19 0 0 78 0 0 56 0 82 0 54 45 17 44 0 41 0 93 0 21 65 0 63 0 0 0 0 0 19 0 0 0 0 0 93 0 0 54 55 0 60 9

0 0 5
0 0 10
0 0 14
0 0 32
0 0 72
0 0 75
0 0 76
0 0 79
0 0 99
0 0 112
0 0 125
0 1 15
0 1 18
0 1 23
0 1 26
0 1 29
0 1 31
0 1 35
0 1 45
0 1 53
0 1 55
0 1 69
0 1 71
0 1 86
0 1 88
0 1 96
0 1 111
0 1 118
0 1 129
0 1 138
0 2 1
0 2 2
0 2 23
0 2 27
0 2 30
0 2 43
0 2 55
0 2 58
0 2 73
0 2 89
0 2 113
0 2 125
0 2 127
0 2 133
0 2 143
0 3 2
0 3 4
0 3 12
0 3 28
0 3 40
0 3 45
0 3 49
0 3 55
0 3 80
0 3 92
0 3 94
0 3 101
0 3 105
0 3 117
0 3 141
0 3 144
0 4 13
0 4 19
0 4 24
0 4 26
0 4 31
0 4 39
0 4 51
0 4 52
0 4 59
0 4 69
0 4 95
0 4 99
0 4 127
0 4 129
0 5 0
0 5 1
0 5 19
0 5 35
0 5 40
0 5 55
0 5 69
0 5 91
0 5 96
0 5 108
0 5 109
0 5 118
0 6 24
0 6 29
0 6 36
0 6 50
0 6 73
0 6 74
0 6 75
0 6 99
0 6 112
0 6 122
0 6 126
0 6 134
0 6 142
0 7 3
0 7 19
0 7 30
0 7 64
0 7 86
0 7 103
0 7 126
0 7 128
0 7 130
0 8 4
0 8 7
0 8 10
0 8 12
0 8 16
0 8 33
0 8 50
0 8 61
0 8 72
0 8 73
0 8 78
0 8 86
0 8 110
0 8 116
0 8 120
0 8 144
0 9 20
0 9 46
0 9 48
0 9 49
0 9 63
0 9 81
0 9 95
0 9 96
0 9 137
0 10 2
0 10 11
0 10 12
0 10 18
0 10 20
0 10 32
0 10 37
0 10 41
0 10 46
0 10 51
0 10 54
0 10 70
0 10 82
0 10 88
0 10 101
0 10 109
0 10 120
0 10 122
0 10 131
0 10 133
0 10 138
0 11 7
0 11 19
0 11 21
0 11 34
0 11 36
0 11 52
0 11 58
0 11 63
0 11 65
0 11 74
0 11 82
0 11 85
0 11 87
0 11 89
0 11 90
0 11 96
0 11 102
0 11 110
0 11 125
0 11 140
0 12 4
0 12 14
0 12 18
0 12 19
0 12 35
0 12 47
0 12 48
0 12 103
0 12 105
0 12 140
0 13 15
0 13 20
0 13 21
0 13 26
0 13 36
0 13 39
0 13 48
0 13 57
0 13 84
0 13 102
0 13 111
0 13 118
0 13 125
0 13 128
0 13 138
0 14 4
0 14 17
0 14 18
0 14 23
0 14 27
0 14 30
0 14 36
0 14 63
0 14 65
0 14 68
0 14 71
0 14 86
0 14 107
0 14 111
0 15 13
0 15 18
0 15 27
0 15 29
0 15 61
0 15 84
0 15 94
0 15 97
0 15 99
0 15 107
0 15 119
0 15 120
0 15 127
0 15 138
0 15 143
0 16 1
0 16 4
0 16 12
0 16 17
0 16 23
0 16 24
0 16 30
0 16 39
0 16 40
0 16 45
0 16 49
0 16 52
0 16 54
0 16 57
0 16 65
0 16 76
0 16 81
0 16 92
0 16 123
0 16 141
0 17 16
0 17 24
0 17 29
0 17 30
0 17 33
0 17 58
0 17 60
0 17 65
0 17 70
0 17 73
0 17 108
0 17 115
0 17 116
0 17 130
0 17 139
0 18 20
0 18 31
0 18 39
0 18 40
0 18 41
0 18 47
0 18 52
0 18 67
0 18 69
0 18 72
0 18 73
0 18 81
0 18 88
0 18 93
0 18 105
0 18 112
0 18 119
0 18 133
0 19 7
0 19 14
0 19 18
0 19 28
0 19 47
0 19 55
0 19 57
0 19 89
0 19 108
0 19 110
0 19 112
0 19 131
0 19 139
0 19 140
0 20 14
0 20 15
0 20 29
0 20 33
0 20 48
0 20 59
0 20 60
0 20 88
0 20 93
0 20 113
0 20 114
0 20 130
0 20 138
0 21 53
0 21 57
0 21 60
0 21 66
0 21 73
0 21 76
0 21 127
0 22 2
0 22 10
0 22 44
0 22 55
0 22 66
0 22 76
0 22 77
0 22 78
0 22 89
0 22 102
0 22 119
0 22 124
0 22 139
0 23 21
0 23 24
0 23 29
0 23 33
0 23 36
0 23 64
0 23 73
0 23 78
0 23 80
0 23 83
0 23 120
0 23 122
0 23 140
0 23 141
0 24 8
0 24 20
0 24 24
0 24 25
0 24 42
0 24 65
0 24 69
0 24 73
0 24 85
0 24 104
0 24 112
0 24 119
0 24 124
0 25 0
0 25 22
0 25 24
0 25 25
0 25 30
0 25 32
0 25 36
0 25 51
0 25 53
0 25 76
0 25 86
0 25 91
0 25 94
0 25 99
0 25 104
0 25 107
0 25 109
0 25 112
0 25 124
0 25 131
0 25 132
0 26 34
0 26 46
0 26 60
0 26 87
0 26 88
0 26 98
0 26 111
0 26 122
0 26 127
0 26 130
0 26 138
0 26 139
0 27 6
0 27 13
0 27 26
0 27 37
0 27 40
0 27 50
0 27 53
0 27 59
0 27 72
0 27 78
0 27 89
0 27 103
0 27 120
0 28 9
0 28 19
0 28 36
0 28 46
0 28 52
0 28 54
0 28 66
0 28 71
0 28 88
0 28 107
0 28 130
0 28 133
0 28 141
0 29 9
0 29 46
0 29 48
0 29 50
0 29 61
0 29 69
0 29 75
0 29 80
0 29 110
0 29 113
0 29 115
0 29 116
0 29 129
0 29 144
0 30 39
0 30 40
0 30 42
0 30 79
0 30 98
0 30 99
0 30 103
0 30 110
0 31 14
0 31 20
0 31 27
0 31 37
0 31 49
0 31 68
0 31 70
0 31 78
0 31 86
0 31 91
0 31 92
0 31 99
0 31 105
0 31 112
0 31 137
0 31 144
0 32 10
0 32 17
0 32 26
0 32 42
0 32 52
0 32 55
0 32 60
0 32 74
0 32 128
0 32 132
0 32 135
0 33 3
0 33 44
0 33 59
0 33 75
0 33 103
0 33 109
0 33 111
0 33 121
0 34 2
0 34 7
0 34 32
0 34 33
0 34 35
0 34 51
0 34 59
0 34 62
0 34 67
0 34 73
0 34 96
0 34 99
0 34 106
0 34 126
0 34 135
0 34 141
0 35 39
0 35 48
0 35 56
0 35 60
0 35 97
0 35 117
0 35 132
0 35 134
0 35 140
0 35 144
0 36 5
0 36 18
0 36 27
0 36 36
0 36 38
0 36 40
0 36 64
0 36 67
0 36 81
0 36 84
0 36 97
0 36 113
0 36 118
0 36 120
0 36 125
0 36 128
0 37 2
0 37 17
0 37 20
0 37 24
0 37 27
0 37 34
0 37 37
0 37 41
0 37 47
0 37 57
0 37 58
0 37 66
0 37 72
0 37 73
0 37 87
0 37 92
0 37 94
0 37 97
0 37 114
0 37 131
0 38 21
0 38 28
0 38 31
0 38 39
0 38 48
0 38 50
0 38 52
0 38 58
0 38 75
0 38 96
0 38 99
0 38 135
0 39 4
0 39 7
0 39 10
0 39 27
0 39 28
0 39 43
0 39 44
0 39 49
0 39 56
0 39 77
0 39 83
0 39 93
0 39 99
0 39 108
0 39 112
0 39 123
0 39 124
0 40 1
0 40 15
0 40 31
0 40 34
0 40 42
0 40 51
0 40 55
0 40 58
0 40 61
0 40 65
0 40 66
0 40 75
0 40 76
0 40 79
0 40 87
0 40 98
0 40 104
0 40 109
0 40 112
0 40 119
0 40 121
0 40 122
0 40 123
0 40 134
0 41 4
0 41 7
0 41 41
0 41 43
0 41 53
0 41 58
0 41 72
0 41 76
0 41 86
0 41 92
0 41 100
0 41 119
0 41 121
0 41 133
0 41 136
0 42 4
0 42 36
0 42 54
0 42 62
0 42 83
0 42 91
0 42 93
0 42 99
0 42 102
0 42 107
0 42 116
0 42 131
0 42 134
0 43 15
0 43 16
0 43 22
0 43 38
0 43 60
0 43 73
0 43 78
0 43 84
0 43 92
0 43 98
0 43 100
0 43 116
0 43 120
0 43 125
0 43 140
0 44 6
0 44 11
0 44 23
0 44 28
0 44 32
0 44 39
0 44 41
0 44 63
0 44 79
0 44 80
0 44 88
0 44 99
0 44 100
0 44 119
0 44 133
0 44 134
0 44 144
0 45 13
0 45 24
0 45 25
0 45 38
0 45 70
0 45 84
0 45 99
0 45 108
0 45 115
0 45 116
0 45 134
0 45 140
0 46 34
0 46 38
0 46 42
0 46 57
0 46 73
0 46 100
0 46 108
0 46 139
0 47 0
0 47 2
0 47 9
0 47 11
0 47 20
0 47 22
0 47 25
0 47 32
0 47 36
0 47 50
0 47 52
0 47 71
0 47 100
0 47 115
0 47 116
0 47 123
0 47 132
0 47 142
0 48 17
0 48 22
0 48 32
0 48 34
0 48 35
0 48 39
0 48 48
0 48 53
0 48 56
0 48 70
0 48 73
0 48 75
0 48 113
0 48 123
0 49 9
0 49 20
0 49 36
0 49 52
0 49 53
0 49 64
0 49 74
0 49 81
0 49 131
0 49 141
0 50 8
0 50 16
0 50 17
0 50 18
0 50 26
0 50 32
0 50 33
0 50 36
0 50 37
0 50 40
0 50 50
0 50 60
0 50 76
0 50 81
0 50 82
0 50 96
0 50 100
0 50 123
0 50 126
0 51 0
0 51 3
0 51 4
0 51 19
0 51 20
0 51 34
0 51 35
0 51 62
0 51 67
0 51 77
0 51 84
0 51 87
0 51 90
0 51 95
0 51 99
0 51 101
0 51 102
0 51 115
0 51 116
0 51 120
0 51 121
0 51 125
0 51 130
0 51 133
0 51 136
0 51 138
0 52 5
0 52 46
0 52 62
0 52 68
0 52 73
0 52 74
0 52 79
0 52 84
0 52 103
0 52 108
0 53 11
0 53 42
0 53 43
0 53 70
0 53 85
0 53 87
0 53 102
0 53 105
0 53 120
0 54 6
0 54 50
0 54 85
0 54 87
0 54 98
0 54 100
0 54 103
0 54 105
0 54 109
0 54 128
0 54 133
0 54 139
0 55 2
0 55 15
0 55 38
0 55 39
0 55 47
0 55 70
0 55 82
0 55 85
0 55 100
0 55 101
0 55 102
0 55 124
0 55 127
0 55 140
0 56 1
0 56 20
0 56 32
0 56 40
0 56 62
0 56 81
0 56 82
0 56 83
0 56 85
0 56 90
0 56 94
0 56 95
0 56 96
0 56 109
0 56 122
0 56 125
0 56 137
0 56 141
0 57 8
0 57 21
0 57 28
0 57 34
0 57 36
0 57 44
0 57 62
0 57 64
0 57 79
0 57 91
0 57 95
0 57 101
0 57 113
0 57 122
0 57 124
0 57 125
0 57 127
0 57 139
0 58 26
0 58 31
0 58 35
0 58 43
0 58 54
0 58 61
0 58 78
0 58 105
0 58 123
0 58 127
0 58 142
0 59 1
0 59 19
0 59 26
0 59 30
0 59 44
0 59 71
0 59 76
0 59 77
0 59 78
0 59 80
0 59 92
0 59 94
0 59 96
0 59 111
0 59 119
0 59 122
0 59 123
0 60 0
0 60 24
0 60 37
0 60 38
0 60 57
0 60 66
0 60 67
0 60 69
0 60 74
0 60 77
0 60 78
0 60 86
0 60 116
0 60 120
0 60 134
0 61 7
0 61 25
0 61 37
0 61 38
0 61 55
0 61 69
0 61 106
0 61 119
0 61 131
0 61 140
0 61 143
0 62 5
0 62 8
0 62 9
0 62 18
0 62 26
0 62 35
0 62 45
0 62 50
0 62 59
0 62 84
0 62 112
0 62 114
0 62 117
0 62 127
0 62 143
0 63 13
0 63 14
0 63 16
0 63 17
0 63 20
0 63 42
0 63 50
0 63 53
0 63 60
0 63 65
0 63 66
0 63 68
0 63 69
0 63 86
0 63 87
0 63 90
0 63 98
0 63 103
0 63 125
0 63 136
0 63 141
0 64 0
0 64 12
0 64 14
0 64 31
0 64 32
0 64 33
0 64 40
0 64 50
0 64 52
0 64 73
0 64 88
0 64 126
0 65 3
0 65 16
0 65 30
0 65 43
0 65 44
0 65 45
0 65 71
0 65 80
0 65 82
0 65 90
0 65 114
0 65 128
0 65 131
0 65 140
0 65 141
0 65 143
0 66 8
0 66 39
0 66 62
0 66 78
0 66 99
0 66 103
0 66 112
0 66 114
0 66 115
0 66 136
0 66 139
0 67 2
0 67 3
0 67 4
0 67 19
0 67 27
0 67 47
0 67 61
0 67 68
0 67 77
0 67 79
0 67 80
0 67 87
0 67 102
0 67 109
0 67 118
0 67 142
0 68 17
0 68 55
0 68 85
0 68 86
0 68 92
0 68 105
0 68 117
0 68 121
0 69 25
0 69 32
0 69 36
0 69 43
0 69 46
0 69 50
0 69 52
0 69 55
0 69 73
0 69 92
0 69 97
0 69 101
0 69 103
0 69 133
0 69 140
0 69 141
0 70 4
0 70 25
0 70 26
0 70 34
0 70 51
0 70 110
0 70 111
0 70 112
0 70 120
0 70 126
0 71 9
0 71 16
0 71 21
0 71 26
0 71 36
0 71 46
0 71 56
0 71 61
0 71 64
0 71 70
0 71 80
0 71 83
0 71 123
0 71 139
0 71 143
0 72 4
0 72 6
0 72 12
0 72 16
0 72 24
0 72 26
0 72 33
0 72 40
0 72 64
0 72 74
0 72 75
0 72 80
0 72 113
0 72 141
0 73 15
0 73 21
0 73 26
0 73 30
0 73 32
0 73 33
0 73 47
0 73 48
0 73 67
0 73 77
0 73 84
0 73 87
0 73 88
0 73 92
0 73 93
0 73 96
0 73 115
0 73 126
0 73 131
0 73 137
0 74 2
0 74 5
0 74 8
0 74 14
0 74 23
0 74 25
0 74 35
0 74 42
0 74 76
0 74 84
0 74 91
0 74 105
0 74 136
0 74 137
0 74 143
0 74 144
0 75 4
0 75 14
0 75 20
0 75 26
0 75 27
0 75 41
0 75 43
0 75 48
0 75 55
0 75 60
0 75 74
0 75 120
0 75 124
0 75 137
0 76 12
0 76 50
0 76 67
0 76 87
0 76 91
0 76 97
0 76 102
0 76 117
0 76 141
0 77 12
0 77 17
0 77 22
0 77 29
0 77 33
0 77 39
0 77 56
0 77 65
0 77 69
0 77 87
0 77 88
0 77 114
0 77 124
0 77 132
0 77 139
0 78 6
0 78 18
0 78 20
0 78 32
0 78 36
0 78 38
0 78 46
0 78 54
0 78 57
0 78 76
0 78 82
0 78 84
0 78 90
0 78 106
0 78 109
0 78 116
0 78 117
0 78 124
0 78 127
0 78 128
0 78 137
0 78 139
0 79 1
0 79 20
0 79 32
0 79 49
0 79 60
0 79 72
0 79 102
0 79 116
0 79 123
0 80 17
0 80 28
0 80 32
0 80 38
0 80 45
0 80 70
0 80 80
0 80 110
0 80 117
0 80 124
0 80 132
0 80 138
0 80 143
0 81 10
0 81 20
0 81 28
0 81 38
0 81 54
0 81 58
0 81 59
0 81 63
0 81 67
0 81 69
0 81 79
0 81 98
0 81 117
0 81 119
0 81 136
0 82 1
0 82 10
0 82 12
0 82 18
0 82 19
0 82 21
0 82 42
0 82 49
0 82 66
0 82 75
0 82 109
0 82 113
0 82 129
0 82 132
0 82 136
0 83 10
0 83 25
0 83 36
0 83 45
0 83 71
0 83 75
0 83 79
0 83 83
0 83 85
0 83 107
0 83 124
0 83 128
0 83 139
0 84 13
0 84 16
0 84 21
0 84 47
0 84 56
0 84 68
0 84 71
0 84 73
0 84 109
0 84 113
0 85 2
0 85 3
0 85 6
0 85 17
0 85 32
0 85 33
0 85 64
0 85 66
0 85 71
0 85 72
0 85 97
0 85 100
0 85 122
0 85 123
0 85 135
0 85 138
0 85 143
0 86 4
0 86 6
0 86 9
0 86 43
0 86 44
0 86 58
0 86 64
0 86 65
0 86 74
0 86 78
0 86 80
0 86 85
0 86 90
0 86 117
0 86 129
0 86 138
0 87 6
0 87 19
0 87 34
0 87 35
0 87 38
0 87 57
0 87 82
0 87 99
0 87 100
0 87 103
0 87 129
0 87 138
0 87 144
0 88 17
0 88 22
0 88 34
0 88 37
0 88 53
0 88 65
0 88 67
0 88 86
0 88 97
0 88 106
0 88 108
0 88 109
0 88 126
0 88 128
0 88 133
0 89 0
0 89 5
0 89 12
0 89 15
0 89 17
0 89 31
0 89 48
0 89 54
0 89 56
0 89 84
0 89 86
0 89 94
0 89 95
0 89 98
0 89 113
0 89 117
0 89 120
0 89 122
0 90 2
0 90 20
0 90 29
0 90 51
0 90 55
0 90 60
0 90 70
0 90 76
0 90 82
0 90 94
0 90 100
0 90 106
0 90 122
0 90 138
0 91 11
0 91 12
0 91 14
0 91 16
0 91 18
0 91 24
0 91 32
0 91 46
0 91 53
0 91 54
0 91 79
0 91 83
0 91 84
0 91 95
0 91 96
0 91 101
0 91 102
0 91 106
0 91 112
0 91 123
0 91 134
0 92 17
0 92 22
0 92 39
0 92 42
0 92 45
0 92 54
0 92 56
0 92 69
0 92 70
0 92 83
0 92 91
0 92 92
0 92 103
0 92 109
0 92 123
0 92 132
0 93 2
0 93 11
0 93 18
0 93 46
0 93 53
0 93 56
0 93 57
0 93 58
0 93 61
0 93 67
0 93 75
0 93 78
0 93 79
0 93 97
0 93 101
0 93 103
0 93 107
0 93 112
0 93 116
0 93 137
0 93 141
0 94 0
0 94 5
0 94 15
0 94 21
0 94 40
0 94 46
0 94 75
0 94 77
0 94 81
0 94 94
0 94 104
0 94 120
0 94 131
0 95 6
0 95 16
0 95 19
0 95 25
0 95 27
0 95 43
0 95 76
0 95 78
0 95 99
0 95 101
0 95 109
0 95 120
0 96 26
0 96 33
0 96 34
0 96 42
0 96 52
0 96 69
0 96 74
0 96 76
0 96 81
0 96 91
0 96 97
0 96 99
0 96 106
0 96 111
0 96 112
0 96 119
0 96 128
0 97 13
0 97 19
0 97 24
0 97 61
0 97 62
0 97 67
0 97 83
0 97 99
0 97 105
0 97 117
0 97 124
0 97 129
0 97 137
0 97 139
0 98 3
0 98 45
0 98 54
0 98 64
0 98 78
0 98 87
0 98 89
0 98 94
0 98 97
0 98 103
0 98 104
0 98 113
0 98 118
0 98 121
0 98 125
0 98 129
0 98 135
0 99 6
0 99 56
0 99 67
0 99 72
0 99 96
0 99 99
0 99 101
0 99 108
0 99 110
0 99 115
0 99 132
0 99 137
0 99 139
0 100 18
0 100 19
0 100 28
0 100 38
0 100 48
0 100 59
0 100 60
0 100 70
0 100 77
0 100 83
0 100 93
0 100 101
0 100 104
0 101 23
0 101 31
0 101 36
0 101 39
0 101 41
0 101 47
0 101 56
0 101 57
0 101 70
0 101 78
0 101 93
0 101 131
0 101 137
0 101 140
0 101 143
0 102 7
0 102 12
0 102 16
0 102 30
0 102 42
0 102 43
0 102 57
0 102 71
0 102 75
0 102 96
0 102 98
0 102 108
0 102 111
0 102 130
0 102 131
0 102 134
0 102 135
0 103 6
0 103 10
0 103 16
0 103 18
0 103 20
0 103 21
0 103 24
0 103 33
0 103 38
0 103 49
0 103 102
0 103 108
0 103 123
0 103 127
0 103 130
0 104 1
0 104 5
0 104 18
0 104 24
0 104 27
0 104 41
0 104 45
0 104 49
0 104 67
0 104 69
0 104 76
0 104 81
0 104 95
0 104 104
0 104 124
0 104 127
0 104 129
0 104 133
0 104 138
0 105 9
0 105 11
0 105 38
0 105 45
0 105 54
0 105 62
0 105 66
0 105 67
0 105 72
0 105 75
0 105 83
0 105 90
0 105 98
0 105 132
0 105 138
0 106 31
0 106 60
0 106 64
0 106 66
0 106 67
0 106 76
0 106 83
0 106 85
0 106 98
0 106 100
0 106 131
0 106 141
0 107 9
0 107 24
0 107 30
0 107 38
0 107 59
0 107 62
0 107 65
0 107 67
0 107 73
0 107 76
0 107 77
0 107 84
0 107 87
0 107 105
0 107 109
0 107 116
0 107 130
0 108 1
0 108 13
0 108 14
0 108 23
0 108 29
0 108 34
0 108 53
0 108 59
0 108 78
0 108 96
0 108 103
0 108 107
0 108 115
0 108 128
0 108 143
0 109 7
0 109 9
0 109 12
0 109 38
0 109 47
0 109 64
0 109 86
0 109 98
0 109 143
0 110 0
0 110 11
0 110 18
0 110 34
0 110 47
0 110 61
0 110 66
0 110 68
0 110 84
0 110 92
0 110 112
0 110 117
0 110 123
0 110 135
0 110 138
0 111 21
0 111 29
0 111 35
0 111 64
0 111 83
0 111 85
0 111 90
0 111 91
0 111 93
0 111 141
0 112 6
0 112 19
0 112 22
0 112 30
0 112 40
0 112 42
0 112 51
0 112 62
0 112 68
0 112 69
0 112 76
0 112 84
0 112 89
0 112 93
0 112 101
0 112 106
0 112 113
0 112 128
0 112 131
0 112 134
0 112 144
0 113 11
0 113 12
0 113 26
0 113 28
0 113 32
0 113 34
0 113 45
0 113 57
0 113 61
0 113 74
0 113 78
0 113 90
0 113 93
0 113 94
0 113 107
0 113 108
0 113 113
0 113 124
0 113 126
0 114 3
0 114 23
0 114 26
0 114 27
0 114 44
0 114 45
0 114 83
0 114 95
0 114 118
0 114 142
0 115 2
0 115 18
0 115 36
0 115 38
0 115 65
0 115 71
0 115 77
0 115 108
0 116 2
0 116 30
0 116 41
0 116 42
0 116 45
0 116 48
0 116 51
0 116 63
0 116 68
0 116 72
0 116 73
0 116 85
0 116 101
0 116 106
0 116 111
0 117 8
0 117 11
0 117 35
0 117 43
0 117 63
0 117 65
0 117 69
0 117 75
0 117 90
0 117 131
0 117 137
0 117 138
0 118 30
0 118 54
0 118 66
0 118 77
0 118 83
0 118 123
0 118 126
0 118 129
0 118 141
0 119 4
0 119 17
0 119 28
0 119 31
0 119 47
0 119 48
0 119 59
0 119 73
0 119 97
0 119 104
0 119 106
0 119 114
0 119 144
0 120 4
0 120 7
0 120 15
0 120 19
0 120 22
0 120 32
0 120 37
0 120 41
0 120 44
0 120 46
0 120 51
0 120 60
0 120 82
0 120 101
0 120 107
0 120 109
0 120 111
0 120 118
0 120 122
0 120 129
0 120 132
0 121 9
0 121 11
0 121 38
0 121 53
0 121 68
0 121 72
0 121 92
0 121 108
0 121 115
0 121 130
0 121 140
0 122 1
0 122 3
0 122 9
0 122 21
0 122 41
0 122 52
0 122 73
0 122 74
0 122 88
0 122 91
0 122 99
0 122 101
0 122 102
0 122 106
0 123 11
0 123 12
0 123 29
0 123 42
0 123 43
0 123 68
0 123 70
0 123 72
0 123 73
0 123 84
0 123 96
0 123 115
0 123 119
0 124 9
0 124 21
0 124 24
0 124 25
0 124 71
0 124 84
0 124 95
0 124 99
0 124 102
0 124 123
0 124 127
0 124 134
0 124 137
1 0 4
1 0 17
1 0 18
1 0 26
1 0 27
1 0 40
1 0 52
1 0 58
1 0 60
1 0 72
1 0 94
1 1 14
1 1 15
1 1 17
1 1 22
1 1 26
1 1 34
1 1 46
1 1 69
1 1 76
1 1 88
1 1 95
1 1 97
1 1 98
1 2 2
1 2 3
1 2 4
1 2 6
1 2 8
1 2 23
1 2 40
1 2 43
1 2 48
1 2 70
1 2 78
1 2 83
1 2 84
1 2 87
1 3 11
1 3 14
1 3 24
1 3 46
1 3 54
1 3 58
1 3 62
1 3 65
1 3 70
1 3 82
1 3 98
1 4 0
1 4 12
1 4 15
1 4 20
1 4 42
1 4 64
1 4 76
1 4 81
1 5 21
1 5 44
1 5 49
1 5 69
1 5 82
1 5 85
1 5 90
1 5 97
1 5 100
1 6 4
1 6 20
1 6 27
1 6 37
1 6 46
1 6 47
1 6 60
1 6 89
1 6 93
1 6 95
1 7 4
1 7 6
1 7 47
1 7 67
1 7 84
1 7 93
1 8 8
1 8 29
1 8 53
1 8 62
1 8 77
1 8 84
1 9 2
1 9 14
1 9 17
1 9 23
1 9 32
1 9 36
1 9 50
1 9 82
1 9 91
1 9 92
1 10 0
1 10 19
1 10 26
1 10 40
1 10 45
1 10 75
1 11 3
1 11 4
1 11 14
1 11 16
1 11 29
1 11 34
1 11 46
1 11 52
1 11 60
1 11 71
1 11 74
1 11 77
1 11 81
1 11 94
1 12 1
1 12 13
1 12 17
1 12 25
1 12 55
1 12 63
1 12 67
1 12 68
1 12 72
1 12 79
1 12 87
1 12 94
1 12 97
1 13 1
1 13 9
1 13 12
1 13 26
1 13 27
1 13 29
1 13 39
1 13 51
1 13 62
1 13 69
1 13 75
1 13 78
1 13 85
1 14 12
1 14 57
1 14 84
1 14 92
1 14 100
1 15 16
1 15 27
1 15 54
1 15 61
1 15 62
1 15 80
1 15 87
1 16 1
1 16 2
1 16 6
1 16 9
1 16 12
1 16 18
1 16 29
1 16 31
1 16 37
1 16 42
1 16 56
1 16 67
1 16 84
1 16 85
1 16 92
1 16 94
1 16 99
1 17 4
1 17 10
1 17 22
1 17 33
1 17 37
1 17 43
1 17 69
1 17 89
1 17 94
1 18 3
1 18 28
1 18 34
1 18 65
1 18 72
1 18 74
1 18 76
1 18 86
1 18 88
1 18 93
1 19 11
1 19 22
1 19 30
1 19 36
1 19 60
1 19 67
1 19 68
1 19 71
1 19 94
1 20 0
1 20 6
1 20 12
1 20 15
1 20 25
1 20 30
1 20 39
1 20 40
1 20 44
1 20 61
1 20 84
1 20 98
1 20 99
1 21 3
1 21 9
1 21 21
1 21 42
1 21 46
1 21 50
1 21 62
1 21 80
1 22 6
1 22 10
1 22 17
1 22 21
1 22 25
1 22 26
1 22 33
1 22 44
1 22 58
1 22 62
1 22 70
1 22 72
1 22 89
1 22 95
1 23 0
1 23 2
1 23 3
1 23 6
1 23 9
1 23 12
1 23 19
1 23 28
1 23 31
1 23 34
1 23 38
1 23 45
1 23 56
1 23 72
1 24 2
1 24 15
1 24 45
1 24 66
1 24 84
1 25 12
1 25 42
1 25 46
1 25 59
1 25 70
1 25 76
1 25 77
1 25 92
1 25 99
1 26 5
1 26 23
1 26 48
1 26 55
1 26 68
1 26 80
1 26 95
1 26 100
1 27 0
1 27 9
1 27 24
1 27 29
1 27 39
1 27 74
1 27 91
1 27 95
1 27 98
1 28 23
1 28 24
1 28 40
1 28 48
1 28 49
1 28 60
1 28 67
1 28 78
1 28 82
1 28 87
1 28 88
1 29 6
1 29 22
1 29 23
1 29 29
1 29 32
1 29 65
1 29 75
1 29 77
1 29 83
1 29 86
1 30 1
1 30 34
1 30 48
1 30 61
1 30 65
1 30 88
1 30 94
1 30 96
1 31 7
1 31 9
1 31 31
1 31 35
1 31 36
1 31 39
1 31 47
1 31 57
1 31 75
1 31 77
1 31 92
1 32 34
1 32 39
1 32 40
1 32 68
1 32 80
1 32 82
1 32 99
1 33 12
1 33 15
1 33 16
1 33 41
1 33 85
1 33 86
1 33 89
1 34 10
1 34 12
1 34 32
1 34 38
1 34 44
1 34 46
1 34 50
1 34 58
1 34 61
1 34 63
1 34 75
1 34 76
1 34 79
1 34 80
1 34 91
1 34 99
1 35 1
1 35 11
1 35 24
1 35 36
1 35 52
1 35 67
1 35 71
1 35 90
1 35 95
1 36 4
1 36 13
1 36 32
1 36 36
1 36 45
1 36 47
1 36 55
1 36 64
1 36 77
1 37 12
1 37 24
1 37 32
1 37 35
1 37 41
1 37 65
1 37 72
1 37 74
1 37 89
1 37 92
1 38 6
1 38 9
1 38 14
1 38 25
1 38 64
1 38 81
1 38 85
1 38 91
1 38 93
1 38 99
1 39 2
1 39 16
1 39 19
1 39 26
1 39 52
1 39 54
1 39 79
1 40 6
1 40 8
1 40 35
1 40 41
1 40 51
1 40 52
1 40 69
1 40 71
1 40 76
1 40 79
1 40 89
1 41 1
1 41 2
1 41 12
1 41 13
1 41 16
1 41 26
1 41 38
1 41 40
1 41 44
1 41 47
1 41 79
1 41 82
1 41 85
1 41 94
1 42 3
1 42 8
1 42 13
1 42 23
1 42 41
1 42 43
1 42 48
1 42 54
1 42 69
1 42 72
1 42 87
1 42 95
1 42 98
1 43 0
1 43 21
1 43 26
1 43 38
1 43 52
1 43 89
1 44 12
1 44 33
1 44 72
1 44 93
1 44 95
1 44 97
1 45 3
1 45 19
1 45 27
1 45 41
1 45 53
1 45 76
1 45 77
1 45 79
1 45 81
1 45 93
1 46 2
1 46 18
1 46 43
1 46 44
1 46 55
1 46 66
1 46 71
1 46 80
1 47 14
1 47 16
1 47 31
1 47 37
1 47 51
1 47 52
1 47 64
1 47 79
1 47 99
1 48 1
1 48 12
1 48 33
1 48 35
1 48 36
1 48 79
1 48 83
1 48 92
1 48 94
1 49 24
1 49 29
1 49 39
1 49 90
1 49 92
1 49 100
1 50 1
1 50 5
1 50 14
1 50 17
1 50 18
1 50 20
1 50 40
1 50 46
1 50 53
1 50 58
1 50 74
1 50 77
1 51 1
1 51 7
1 51 13
1 51 21
1 51 41
1 51 45
1 51 60
1 51 63
1 51 68
1 51 70
1 51 76
1 51 89
1 51 91
1 51 93
1 51 97
1 51 99
1 52 10
1 52 25
1 52 30
1 52 42
1 52 57
1 52 67
1 52 100
1 53 13
1 53 15
1 53 31
1 53 37
1 53 42
1 53 50
1 53 54
1 53 56
1 53 97
1 53 99
1 54 2
1 54 4
1 54 19
1 54 25
1 54 32
1 54 43
1 54 46
1 54 48
1 54 62
1 54 67
1 54 84
1 54 87
1 54 90
1 54 95
1 54 96
1 55 5
1 55 12
1 55 18
1 55 31
1 55 41
1 55 44
1 55 45
1 55 55
1 55 88
1 56 0
1 56 10
1 56 30
1 56 38
1 56 50
1 56 52
1 56 55
1 56 57
1 56 70
1 56 73
1 56 79
1 56 80
1 57 6
1 57 29
1 57 31
1 57 59
1 57 86
1 57 95
1 57 98
1 58 1
1 58 16
1 58 17
1 58 36
1 58 37
1 58 46
1 58 48
1 58 52
1 58 62
1 58 71
1 58 83
1 58 88
1 58 96
1 59 9
1 59 21
1 59 29
1 59 35
1 59 38
1 59 42
1 59 46
1 59 49
1 59 58
1 59 61
1 59 77
1 59 83
1 59 89
1 59 93
1 60 1
1 60 14
1 60 20
1 60 23
1 60 29
1 60 52
1 60 60
1 60 80
1 60 90
1 60 100
1 61 0
1 61 2
1 61 3
1 61 17
1 61 45
1 61 72
1 61 84
1 61 95
1 62 9
1 62 12
1 62 35
1 62 52
1 62 55
1 62 58
1 62 64
1 62 75
1 62 78
1 63 3
1 63 36
1 63 40
1 63 46
1 63 79
1 63 84
1 63 97
1 63 99
1 64 1
1 64 25
1 64 34
1 64 36
1 64 55
1 64 60
1 64 67
1 64 76
1 64 80
1 65 1
1 65 25
1 65 28
1 65 60
1 65 78
1 65 93
1 66 10
1 66 17
1 66 23
1 66 36
1 66 41
1 66 46
1 66 48
1 66 74
1 66 92
1 66 94
1 66 97
1 67 0
1 67 1
1 67 4
1 67 8
1 67 9
1 67 14
1 67 24
1 67 27
1 67 29
1 67 42
1 67 56
1 67 59
1 67 62
1 67 66
1 67 68
1 67 71
1 67 75
1 67 81
1 68 28
1 68 44
1 68 46
1 68 51
1 68 53
1 68 59
1 68 77
1 68 80
1 68 83
1 68 97
1 68 98
1 69 5
1 69 7
1 69 11
1 69 14
1 69 19
1 69 20
1 69 24
1 69 26
1 69 64
1 69 72
1 69 78
1 69 96
1 70 7
1 70 31
1 70 36
1 70 42
1 70 56
1 70 59
1 70 74
1 70 81
1 70 86
1 70 91
1 70 97
1 71 8
1 71 11
1 71 16
1 71 44
1 71 60
1 71 63
1 71 68
1 71 84
1 71 85
1 71 90
1 72 0
1 72 5
1 72 8
1 72 21
1 72 22
1 72 25
1 72 31
1 72 60
1 73 0
1 73 10
1 73 20
1 73 27
1 73 30
1 73 34
1 73 44
1 73 47
1 73 57
1 73 59
1 73 67
1 73 69
1 73 76
1 74 0
1 74 10
1 74 41
1 74 66
1 74 71
1 74 82
1 74 95
1 75 9
1 75 13
1 75 24
1 75 42
1 75 50
1 75 70
1 75 71
1 75 73
1 75 83
1 75 92
1 76 8
1 76 12
1 76 47
1 76 50
1 76 59
1 76 70
1 76 82
1 76 93
1 77 14
1 77 34
1 77 56
1 77 75
1 77 78
1 77 90
1 78 1
1 78 12
1 78 34
1 78 43
1 78 45
1 78 51
1 78 58
1 78 61
1 78 99
1 79 7
1 79 13
1 79 15
1 79 18
1 79 20
1 79 36
1 79 41
1 79 66
1 79 68
1 79 80
1 79 84
1 80 10
1 80 11
1 80 18
1 80 45
1 80 81
1 80 84
1 80 99
1 81 2
1 81 32
1 81 41
1 81 46
1 81 48
1 81 49
1 81 61
1 81 68
1 81 89
1 82 2
1 82 4
1 82 47
1 82 68
1 82 82
1 82 91
1 83 21
1 83 22
1 83 24
1 83 37
1 83 52
1 83 57
1 83 79
1 83 87
1 83 91
1 84 7
1 84 14
1 84 27
1 84 33
1 84 38
1 84 60
1 84 61
1 84 91
1 85 3
1 85 16
1 85 24
1 85 30
1 85 46
1 85 75
1 85 78
1 85 86
1 86 17
1 86 27
1 86 36
1 86 77
1 87 16
1 87 27
1 87 51
1 87 61
1 87 69
1 87 75
1 87 77
1 87 84
1 87 92
1 88 3
1 88 6
1 88 20
1 88 27
1 88 31
1 88 33
1 88 45
1 88 46
1 88 67
1 88 74
1 88 86
1 88 100
1 89 3
1 89 11
1 89 18
1 89 26
1 89 65
1 89 82
1 89 89
1 90 16
1 90 27
1 90 57
1 90 59
1 90 71
1 90 73
1 91 2
1 91 7
1 91 16
1 91 30
1 91 46
1 91 49
1 91 62
1 91 66
1 91 84
1 91 87
1 91 91
1 92 9
1 92 18
1 92 51
1 92 59
1 92 64
1 92 66
1 92 68
1 92 69
1 93 5
1 93 7
1 93 11
1 93 15
1 93 23
1 93 28
1 93 33
1 93 35
1 93 36
1 93 46
1 93 73
1 93 86
1 93 89
1 93 90
1 94 0
1 94 4
1 94 15
1 94 23
1 94 32
1 94 39
1 94 46
1 94 61
1 94 85
1 94 99
1 94 100
1 95 3
1 95 22
1 95 31
1 95 49
1 95 50
1 95 55
1 95 59
1 95 64
1 95 70
1 95 92
1 96 0
1 96 36
1 96 44
1 96 46
1 96 66
1 96 67
1 96 70
1 96 75
1 97 5
1 97 8
1 97 10
1 97 51
1 97 58
1 97 70
1 97 72
1 97 87
1 97 96
1 98 13
1 98 33
1 98 72
1 98 84
1 98 97
1 99 1
1 99 2
1 99 27
1 99 40
1 99 48
1 99 57
1 99 59
1 99 71
1 99 74
1 99 84
1 99 89
1 99 93
1 100 0
1 100 10
1 100 11
1 100 20
1 100 28
1 100 30
1 100 39
1 100 41
1 100 45
1 100 47
1 100 63
1 100 66
1 100 68
1 101 1
1 101 5
1 101 27
1 101 34
1 101 39
1 101 42
1 101 45
1 101 48
1 101 52
1 101 60
1 102 10
1 102 22
1 102 30
1 102 64
1 102 98
1 102 99
1 103 4
1 103 26
1 103 42
1 103 48
1 103 49
1 103 53
1 103 54
1 103 68
1 103 70
1 103 74
1 104 24
1 104 36
1 104 67
1 104 69
1 104 70
1 104 80
1 104 84
1 105 3
1 105 8
1 105 26
1 105 51
1 105 53
1 105 55
1 105 58
1 105 70
1 105 81
1 105 86
1 105 93
1 106 8
1 106 52
1 106 59
1 106 65
1 106 69
1 106 72
1 106 74
1 106 78
1 106 88
1 107 7
1 107 15
1 107 34
1 107 42
1 107 43
1 107 65
1 107 84
1 107 96
1 108 6
1 108 45
1 108 50
1 108 63
1 108 87
1 108 90
1 109 4
1 109 11
1 109 16
1 109 18
1 109 38
1 109 45
1 109 46
1 109 64
1 109 73
1 109 75
1 110 17
1 110 26
1 110 54
1 110 60
1 110 63
1 111 2
1 111 4
1 111 9
1 111 23
1 111 26
1 111 29
1 111 30
1 111 39
1 111 55
1 111 67
1 111 73
1 111 96
1 111 97
1 111 98
1 112 3
1 112 6
1 112 11
1 112 43
1 112 48
1 112 54
1 112 63
1 112 67
1 112 74
1 112 76
1 112 81
1 112 86
1 112 96
1 112 99
1 113 11
1 113 14
1 113 31
1 113 32
1 113 46
1 113 51
1 113 54
1 113 57
1 113 63
1 113 85
1 113 87
1 113 100
1 114 5
1 114 37
1 114 51
1 114 54
1 114 58
1 114 78
1 114 86
1 114 89
1 115 3
1 115 13
1 115 19
1 115 21
1 115 32
1 115 48
1 115 57
1 115 61
1 115 80
1 115 82
1 115 91
1 115 93
1 115 100
1 116 12
1 116 16
1 116 40
1 116 45
1 116 52
1 116 67
1 116 77
1 116 80
1 116 81
1 116 82
1 116 85
1 116 88
1 116 89
1 116 95
1 117 5
1 117 33
1 117 44
1 117 45
1 117 48
1 117 49
1 117 58
1 117 62
1 117 66
1 117 91
1 117 95
1 118 9
1 118 41
1 118 63
1 118 66
1 118 69
1 118 80
1 118 83
1 118 86
1 118 97
1 118 98
1 119 1
1 119 11
1 119 14
1 119 15
1 119 17
1 119 25
1 119 43
1 119 82
1 119 87
1 119 92
1 120 5
1 120 19
1 120 29
1 120 32
1 120 39
1 120 42
1 120 48
1 120 49
1 120 51
1 120 55
1 120 64
1 120 72
1 120 93
1 120 97
1 121 11
1 121 15
1 121 29
1 121 33
1 121 38
1 121 40
1 121 49
1 121 51
1 121 52
1 121 54
1 121 57
1 121 58
1 121 77
1 121 81
1 121 88
1 121 92
1 121 97
1 121 98
1 122 15
1 122 17
1 122 20
1 122 38
1 122 46
1 122 47
1 122 51
1 122 63
1 122 81
1 122 84
1 122 88
1 123 12
1 123 27
1 123 56
1 123 77
1 123 88
1 123 99
1 124 8
1 124 9
1 124 16
1 124 21
1 124 36
1 124 45
1 124 52
1 124 58
1 124 59
1 124 77
1 124 81
1 124 96
1 125 2
1 125 6
1 125 26
1 125 33
1 125 34
1 125 35
1 125 39
1 125 43
1 125 44
1 125 46
1 125 74
1 125 78
1 125 94
1 125 99
1 126 20
1 126 36
1 126 38
1 126 60
1 126 66
1 126 71
1 126 77
1 126 88
1 127 16
1 127 19
1 127 25
1 127 42
1 127 55
1 127 56
1 127 68
1 127 75
1 127 86
1 127 89
1 128 0
1 128 8
1 128 28
1 128 32
1 128 46
1 128 55
1 128 57
1 128 58
1 128 77
1 128 91
1 128 94
1 128 96
1 129 17
1 129 22
1 129 43
1 129 44
1 129 55
1 129 70
1 129 85
1 130 10
1 130 43
1 130 46
1 130 51
1 130 91
1 130 92
1 130 94
1 131 11
1 131 13
1 131 15
1 131 18
1 131 21
1 131 22
1 131 25
1 131 52
1 131 58
1 131 61
1 131 65
1 131 71
1 131 78
1 131 98
1 131 99
1 132 1
1 132 12
1 132 14
1 132 21
1 132 23
1 132 43
1 132 51
1 132 80
1 132 83
1 132 84
1 132 95
1 133 4
1 133 18
1 133 26
1 133 28
1 133 41
1 133 91
1 133 93
1 133 95
1 134 11
1 134 12
1 134 14
1 134 59
1 134 94
1 135 9
1 135 13
1 135 30
1 135 33
1 135 37
1 135 45
1 135 46
1 135 48
1 135 62
1 135 80
1 135 81
1 135 97
1 136 5
1 136 11
1 136 13
1 136 20
1 136 26
1 136 32
1 136 33
1 136 36
1 136 43
1 136 54
1 136 69
1 136 82
1 136 90
1 136 91
1 136 94
1 136 98
1 137 14
1 137 15
1 137 17
1 137 18
1 137 68
1 137 89
1 138 3
1 138 12
1 138 18
1 138 31
1 138 36
1 138 48
1 138 51
1 138 62
1 138 97
1 139 0
1 139 5
1 139 10
1 139 24
1 139 25
1 139 48
1 139 55
1 139 61
1 139 69
1 139 76
1 139 77
1 139 78
1 139 84
1 139 86
1 139 87
1 139 90
1 139 95
1 140 11
1 140 23
1 140 28
1 140 43
1 140 45
1 140 46
1 140 81
1 140 86
1 140 92
1 140 93
1 141 0
1 141 7
1 141 10
1 141 24
1 141 54
1 141 85
1 141 86
1 141 94
1 141 96
1 142 0
1 142 8
1 142 10
1 142 24
1 142 26
1 142 28
1 142 65
1 142 66
1 142 67
1 142 97
1 143 3
1 143 16
1 143 40
1 143 51
1 143 55
1 143 66
1 143 70
1 143 76
1 143 79
1 143 100
1 144 1
1 144 28
1 144 48
1 144 51
1 144 53
1 144 69
1 144 78
2 0 23
2 0 25
2 0 27
2 0 34
2 0 40
2 0 41
2 0 46
2 0 63
2 0 68
2 0 93
2 0 98
2 0 106
2 0 117
2 1 18
2 1 39
2 1 45
2 1 60
2 1 68
2 1 78
2 1 100
2 1 101
2 1 105
2 1 106
2 1 119
2 1 124
2 2 7
2 2 17
2 2 31
2 2 32
2 2 51
2 2 73
2 2 84
2 2 92
2 2 107
2 2 108
2 3 32
2 3 36
2 3 48
2 3 87
2 3 110
2 3 130
2 4 1
2 4 13
2 4 24
2 4 62
2 4 69
2 4 71
2 4 99
2 4 105
2 4 122
2 5 0
2 5 2
2 5 4
2 5 17
2 5 26
2 5 35
2 5 37
2 5 43
2 5 51
2 5 63
2 5 72
2 5 75
2 5 84
2 5 87
2 5 91
2 5 102
2 5 114
2 5 122
2 6 0
2 6 7
2 6 9
2 6 16
2 6 34
2 6 41
2 6 47
2 6 65
2 6 67
2 6 93
2 6 102
2 6 104
2 6 110
2 7 7
2 7 14
2 7 31
2 7 32
2 7 45
2 7 53
2 7 59
2 7 81
2 7 112
2 7 124
2 8 6
2 8 9
2 8 26
2 8 30
2 8 60
2 8 72
2 8 77
2 8 80
2 8 84
2 8 93
2 8 95
2 8 103
2 8 106
2 8 121
2 9 33
2 9 38
2 9 44
2 9 50
2 9 51
2 9 56
2 9 60
2 9 84
2 9 86
2 9 95
2 9 99
2 9 104
2 9 114
2 9 123
2 10 11
2 10 17
2 10 26
2 10 40
2 10 49
2 10 50
2 10 61
2 10 66
2 10 70
2 10 77
2 10 79
2 10 99
2 10 101
2 10 102
2 10 110
2 11 1
2 11 8
2 11 19
2 11 24
2 11 29
2 11 34
2 11 50
2 11 59
2 11 72
2 11 84
2 11 107
2 11 121
2 11 125
2 11 127
2 12 21
2 12 46
2 12 51
2 12 73
2 12 83
2 12 96
2 12 97
2 12 116
2 12 117
2 12 131
2 13 8
2 13 16
2 13 17
2 13 24
2 13 35
2 13 46
2 13 51
2 13 59
2 13 63
2 13 86
2 13 94
2 13 106
2 13 112
2 13 120
2 14 1
2 14 18
2 14 75
2 14 95
2 14 104
2 15 6
2 15 8
2 15 11
2 15 13
2 15 21
2 15 45
2 15 61
2 15 66
2 15 68
2 15 69
2 15 83
2 15 101
2 15 110
2 15 115
2 15 123
2 16 15
2 16 18
2 16 29
2 16 33
2 16 47
2 16 52
2 16 71
2 16 84
2 16 97
2 16 104
2 16 107
2 16 110
2 16 126
2 17 1
2 17 10
2 17 14
2 17 19
2 17 25
2 17 36
2 17 38
2 17 69
2 17 118
2 17 127
2 18 4
2 18 12
2 18 13
2 18 21
2 18 24
2 18 26
2 18 28
2 18 29
2 18 36
2 18 43
2 18 44
2 18 64
2 18 65
2 18 85
2 18 90
2 18 109
2 18 123
2 18 126
2 19 0
2 19 7
2 19 11
2 19 15
2 19 27
2 19 33
2 19 58
2 19 61
2 19 65
2 19 76
2 19 84
2 19 89
2 19 109
2 19 111
2 19 124
2 19 128
2 20 4
2 20 15
2 20 17
2 20 39
2 20 40
2 20 41
2 20 49
2 20 52
2 20 55
2 20 63
2 20 68
2 20 78
2 20 82
2 20 90
2 20 102
2 20 112
2 20 126
2 21 4
2 21 9
2 21 11
2 21 13
2 21 38
2 21 39
2 21 46
2 21 53
2 21 70
2 21 91
2 21 123
2 21 124
2 21 126
2 22 4
2 22 6
2 22 18
2 22 35
2 22 39
2 22 54
2 22 58
2 22 62
2 22 69
2 22 77
2 22 104
2 22 106
2 22 119
2 22 122
2 22 128
2 23 5
2 23 20
2 23 21
2 23 30
2 23 34
2 23 52
2 23 67
2 23 74
2 23 88
2 23 89
2 23 127
2 24 0
2 24 14
2 24 20
2 24 36
2 24 61
2 24 100
2 24 116
2 24 125
2 24 130
2 25 6
2 25 18
2 25 22
2 25 35
2 25 38
2 25 39
2 25 43
2 25 78
2 25 82
2 25 87
2 25 116
2 25 119
2 25 127
2 26 0
2 26 18
2 26 41
2 26 45
2 26 48
2 26 60
2 26 67
2 26 75
2 26 79
2 26 89
2 26 91
2 26 92
2 26 95
2 26 97
2 26 99
2 26 102
2 26 130
2 27 14
2 27 17
2 27 18
2 27 28
2 27 30
2 27 43
2 27 46
2 27 59
2 27 61
2 27 72
2 27 76
2 27 85
2 27 129
2 27 130
2 28 5
2 28 13
2 28 45
2 28 51
2 28 63
2 28 75
2 28 77
2 28 82
2 28 85
2 28 98
2 28 99
2 28 102
2 28 104
2 28 112
2 28 124
2 29 0
2 29 5
2 29 30
2 29 31
2 29 32
2 29 34
2 29 35
2 29 38
2 29 41
2 29 72
2 29 75
2 29 95
2 29 96
2 29 106
2 29 126
2 29 130
2 30 38
2 30 54
2 30 80
2 30 88
2 30 95
2 30 100
2 30 114
2 30 116
2 30 118
2 30 122
2 31 2
2 31 9
2 31 13
2 31 17
2 31 38
2 31 54
2 31 67
2 31 78
2 31 88
2 31 93
2 31 98
2 32 1
2 32 2
2 32 11
2 32 14
2 32 32
2 32 38
2 32 51
2 32 72
2 32 79
2 32 83
2 32 98
2 32 117
2 32 129
2 32 130
2 33 6
2 33 11
2 33 15
2 33 20
2 33 30
2 33 47
2 33 60
2 33 64
2 33 91
2 33 93
2 33 98
2 33 99
2 33 112
2 33 129
2 34 10
2 34 16
2 34 41
2 34 62
2 34 66
2 34 74
2 34 77
2 34 80
2 34 130
2 34 131
2 35 2
2 35 11
2 35 14
2 35 21
2 35 25
2 35 28
2 35 55
2 35 74
2 35 76
2 35 114
2 36 0
2 36 3
2 36 9
2 36 20
2 36 27
2 36 28
2 36 34
2 36 38
2 36 41
2 36 47
2 36 55
2 36 77
2 36 80
2 36 88
2 36 91
2 36 103
2 36 122
2 36 126
2 37 21
2 37 24
2 37 31
2 37 39
2 37 43
2 37 48
2 37 61
2 37 74
2 37 81
2 37 114
2 37 117
2 37 118
2 37 130
2 38 23
2 38 26
2 38 28
2 38 31
2 38 47
2 38 63
2 38 64
2 38 75
2 38 93
2 38 95
2 38 105
2 38 116
2 39 4
2 39 30
2 39 49
2 39 60
2 39 63
2 39 64
2 39 68
2 39 70
2 39 72
2 39 79
2 39 81
2 39 86
2 39 101
2 39 104
2 39 110
2 40 28
2 40 29
2 40 36
2 40 56
2 40 70
2 40 73
2 40 99
2 40 108
2 40 110
2 40 113
2 40 117
2 41 7
2 41 10
2 41 14
2 41 15
2 41 18
2 41 22
2 41 39
2 41 51
2 41 77
2 41 88
2 41 108
2 41 109
2 41 131
2 42 8
2 42 22
2 42 25
2 42 36
2 42 63
2 42 69
2 42 89
2 42 96
2 42 99
2 42 100
2 42 101
2 42 103
2 42 104
2 42 113
2 42 116
2 42 120
2 42 125
2 43 3
2 43 4
2 43 5
2 43 9
2 43 12
2 43 23
2 43 45
2 43 47
2 43 77
2 43 88
2 43 104
2 43 112
2 43 131
2 44 2
2 44 8
2 44 17
2 44 39
2 44 40
2 44 41
2 44 63
2 44 72
2 44 75
2 44 80
2 44 101
2 44 102
2 44 111
2 44 119
2 44 126
2 45 5
2 45 7
2 45 11
2 45 20
2 45 72
2 45 73
2 45 83
2 45 84
2 45 99
2 45 113
2 45 116
2 46 7
2 46 10
2 46 36
2 46 49
2 46 55
2 46 56
2 46 57
2 46 64
2 46 66
2 46 75
2 46 78
2 46 117
2 46 127
2 47 2
2 47 4
2 47 7
2 47 10
2 47 14
2 47 41
2 47 42
2 47 55
2 47 58
2 47 60
2 47 61
2 47 70
2 47 72
2 47 73
2 47 74
2 47 78
2 47 85
2 47 86
2 47 97
2 47 99
2 47 110
2 47 117
2 48 1
2 48 7
2 48 10
2 48 46
2 48 55
2 48 59
2 48 78
2 48 84
2 48 90
2 48 95
2 48 102
2 48 125
2 48 130
2 49 2
2 49 7
2 49 28
2 49 42
2 49 57
2 49 58
2 49 60
2 49 68
2 49 80
2 49 84
2 49 93
2 49 111
2 49 120
2 49 129
2 50 1
2 50 24
2 50 31
2 50 44
2 50 61
2 50 75
2 50 80
2 50 88
2 50 90
2 51 23
2 51 32
2 51 46
2 51 52
2 51 66
2 51 75
2 51 89
2 51 93
2 51 100
2 51 103
2 51 104
2 51 121
2 52 4
2 52 30
2 52 42
2 52 43
2 52 44
2 52 53
2 52 59
2 52 60
2 52 62
2 52 74
2 52 77
2 52 99
2 52 100
2 52 123
2 53 49
2 53 61
2 53 63
2 53 69
2 53 71
2 53 73
2 53 81
2 53 110
2 53 116
2 53 118
2 53 120
2 53 123
2 53 126
2 53 131
2 54 2
2 54 33
2 54 37
2 54 38
2 54 55
2 54 68
2 54 81
2 54 89
2 54 107
2 54 116
2 54 126
2 54 128
2 55 19
2 55 31
2 55 32
2 55 52
2 55 60
2 55 64
2 55 66
2 55 78
2 55 95
2 55 99
2 55 110
2 55 112
2 55 126
2 55 127
2 56 2
2 56 26
2 56 29
2 56 36
2 56 42
2 56 56
2 56 64
2 56 70
2 56 72
2 56 92
2 56 98
2 56 107
2 56 123
2 56 129
2 57 17
2 57 33
2 57 35
2 57 47
2 57 56
2 57 60
2 57 76
2 57 80
2 57 88
2 57 106
2 57 118
2 57 127
2 58 5
2 58 6
2 58 17
2 58 18
2 58 29
2 58 91
2 58 97
2 58 98
2 58 107
2 59 2
2 59 43
2 59 46
2 59 47
2 59 52
2 59 55
2 59 67
2 59 88
2 59 90
2 59 106
2 59 109
2 59 112
2 59 115
2 59 118
2 59 128
2 59 131
2 60 18
2 60 24
2 60 43
2 60 51
2 60 58
2 60 75
2 60 90
2 60 100
2 60 101
2 60 105
2 60 111
2 60 112
2 60 113
2 60 121
2 60 122
2 60 126
2 60 131
2 61 4
2 61 34
2 61 41
2 61 46
2 61 50
2 61 52
2 61 58
2 61 76
2 61 106
2 61 109
2 61 127
2 61 129
2 62 5
2 62 9
2 62 12
2 62 15
2 62 26
2 62 75
2 62 96
2 62 102
2 62 122
2 63 4
2 63 27
2 63 33
2 63 34
2 63 43
2 63 58
2 63 67
2 63 79
2 63 84
2 63 123
2 64 11
2 64 17
2 64 44
2 64 56
2 64 64
2 64 67
2 64 69
2 64 77
2 64 88
2 64 108
2 64 122
2 64 124
2 65 2
2 65 6
2 65 7
2 65 9
2 65 24
2 65 28
2 65 53
2 65 54
2 65 58
2 65 61
2 65 64
2 65 97
2 65 98
2 65 101
2 65 109
2 66 8
2 66 16
2 66 20
2 66 39
2 66 50
2 66 52
2 66 57
2 66 58
2 66 62
2 66 74
2 66 95
2 66 103
2 66 105
2 66 114
2 66 121
2 66 130
2 66 131
2 67 25
2 67 27
2 67 38
2 67 43
2 67 55
2 67 68
2 67 76
2 67 102
2 67 118
2 68 0
2 68 7
2 68 16
2 68 34
2 68 39
2 68 54
2 68 57
2 68 61
2 68 71
2 68 74
2 68 91
2 68 93
2 68 96
2 68 104
2 68 105
2 68 111
2 68 122
2 69 0
2 69 14
2 69 22
2 69 27
2 69 29
2 69 30
2 69 35
2 69 58
2 69 60
2 69 61
2 69 64
2 69 79
2 69 86
2 69 91
2 69 92
2 69 110
2 69 112
2 69 122
2 70 41
2 70 49
2 70 57
2 70 85
2 70 86
2 70 97
2 70 100
2 70 102
2 70 110
2 70 122
2 71 16
2 71 42
2 71 45
2 71 53
2 71 74
2 71 86
2 71 88
2 71 95
2 72 10
2 72 24
2 72 33
2 72 41
2 72 58
2 72 65
2 72 70
2 72 73
2 72 86
2 72 91
2 72 105
2 72 119
2 72 128
2 73 0
2 73 1
2 73 5
2 73 24
2 73 51
2 73 60
2 73 62
2 73 74
2 73 100
2 73 114
2 73 123
2 74 2
2 74 6
2 74 10
2 74 27
2 74 29
2 74 37
2 74 56
2 74 58
2 74 83
2 74 93
2 74 94
2 74 99
2 74 100
2 74 103
2 74 127
2 75 34
2 75 35
2 75 42
2 75 53
2 75 60
2 75 79
2 75 81
2 75 92
2 76 24
2 76 39
2 76 43
2 76 47
2 76 58
2 76 59
2 76 60
2 76 63
2 76 64
2 76 78
2 76 104
2 76 106
2 76 119
2 76 127
2 77 1
2 77 45
2 77 55
2 77 63
2 77 72
2 77 80
2 77 95
2 77 107
2 77 108
2 77 127
2 78 2
2 78 26
2 78 39
2 78 70
2 78 75
2 78 85
2 78 94
2 78 114
2 79 4
2 79 16
2 79 27
2 79 30
2 79 40
2 79 42
2 79 55
2 79 73
2 79 85
2 79 92
2 79 93
2 79 98
2 79 122
2 79 124
2 80 10
2 80 14
2 80 25
2 80 44
2 80 53
2 80 73
2 80 82
2 80 84
2 80 85
2 80 86
2 80 98
2 80 106
2 80 120
2 80 124
2 80 130
2 81 13
2 81 24
2 81 27
2 81 38
2 81 51
2 81 68
2 81 74
2 81 80
2 81 101
2 81 110
2 81 111
2 82 27
2 82 28
2 82 37
2 82 38
2 82 64
2 82 95
2 82 112
2 82 118
2 82 123
2 82 128
2 83 4
2 83 10
2 83 37
2 83 50
2 83 78
2 83 85
2 83 97
2 83 105
2 83 109
2 83 115
2 84 3
2 84 22
2 84 25
2 84 46
2 84 51
2 84 54
2 84 81
2 84 94
2 84 95
2 84 124
2 84 126
2 84 129
2 85 19
2 85 36
2 85 38
2 85 63
2 85 64
2 85 68
2 85 79
2 85 103
2 85 107
2 85 116
2 85 120
2 86 4
2 86 10
2 86 14
2 86 23
2 86 29
2 86 43
2 86 55
2 86 58
2 86 62
2 86 73
2 86 75
2 86 115
2 87 6
2 87 11
2 87 21
2 87 24
2 87 29
2 87 42
2 87 46
2 87 48
2 87 49
2 87 55
2 87 97
2 87 107
2 87 127
2 88 4
2 88 8
2 88 10
2 88 11
2 88 14
2 88 32
2 88 33
2 88 36
2 88 53
2 88 68
2 88 77
2 88 78
2 88 83
2 88 95
2 88 106
2 88 109
2 88 111
2 88 114
2 88 125
2 89 7
2 89 11
2 89 33
2 89 60
2 89 67
2 89 69
2 89 124
2 89 128
2 90 10
2 90 13
2 90 22
2 90 30
2 90 34
2 90 44
2 90 45
2 90 49
2 90 50
2 90 55
2 90 57
2 90 62
2 90 66
2 90 68
2 90 85
2 90 115
2 90 116
2 90 119
2 90 121
2 90 123
2 91 20
2 91 57
2 91 73
2 91 94
2 91 104
2 91 111
2 91 122
2 91 124
2 91 126
2 91 129
2 92 11
2 92 13
2 92 34
2 92 45
2 92 47
2 92 56
2 92 64
2 92 72
2 92 89
2 92 96
2 92 100
2 92 105
2 93 23
2 93 28
2 93 34
2 93 35
2 93 65
2 93 66
2 93 67
2 93 84
2 93 85
2 93 87
2 93 90
2 93 91
2 93 97
2 93 114
2 93 115
2 93 116
2 94 29
2 94 41
2 94 44
2 94 46
2 94 56
2 94 58
2 94 65
2 94 68
2 94 69
2 94 70
2 94 79
2 94 81
2 94 94
2 94 100
2 94 103
2 94 109
2 94 114
2 94 129
2 94 131
2 95 24
2 95 42
2 95 47
2 95 49
2 95 64
2 95 79
2 95 85
2 95 106
2 95 114
2 95 115
2 95 119
2 95 122
2 95 123
2 95 126
2 96 13
2 96 26
2 96 30
2 96 31
2 96 38
2 96 47
2 96 53
2 96 54
2 96 75
2 96 99
2 96 100
2 96 112
2 97 3
2 97 35
2 97 51
2 97 55
2 97 70
2 97 75
2 97 79
2 97 80
2 97 84
2 97 99
2 97 114
2 97 118
2 97 131
2 98 5
2 98 6
2 98 21
2 98 50
2 98 68
2 98 76
2 98 79
2 98 81
2 98 83
2 98 86
2 98 97
2 99 8
2 99 14
2 99 16
2 99 25
2 99 39
2 99 45
2 99 47
2 99 48
2 99 77
2 99 79
2 99 80
2 99 83
2 99 85
2 99 87
2 99 93
2 99 103
2 100 4
2 100 22
2 100 25
2 100 47
2 100 53
2 100 61
2 100 66
2 100 84
2 100 90
2 100 94
2 100 101
2 100 102
3 0 20
3 0 29
3 0 31
3 0 47
3 0 49
3 0 57
3 0 71
3 0 86
3 1 20
3 1 24
3 1 29
3 1 30
3 1 39
3 1 46
3 1 50
3 1 51
3 1 57
3 1 59
3 1 62
3 1 67
3 1 72
3 1 87
3 1 94
3 2 1
3 2 3
3 2 23
3 2 26
3 2 54
3 2 56
3 2 57
3 2 83
3 2 86
3 3 13
3 3 21
3 3 28
3 3 30
3 3 31
3 3 35
3 3 50
3 3 76
3 3 92
3 3 94
3 4 16
3 4 27
3 4 28
3 4 45
3 4 62
3 4 69
3 4 74
3 4 80
3 5 3
3 5 11
3 5 15
3 5 27
3 5 38
3 5 46
3 5 81
3 5 82
3 5 83
3 5 89
3 5 91
3 6 17
3 6 23
3 6 35
3 6 39
3 6 40
3 6 50
3 6 61
3 6 90
3 7 16
3 7 22
3 7 27
3 7 28
3 7 46
3 7 54
3 7 55
3 7 58
3 7 67
3 7 73
3 7 92
3 8 1
3 8 21
3 8 23
3 8 39
3 8 58
3 8 59
3 8 76
3 8 88
3 8 93
3 9 2
3 9 15
3 9 19
3 9 41
3 9 54
3 9 82
3 9 85
3 9 91
3 10 22
3 10 26
3 10 33
3 10 46
3 10 54
3 10 72
3 10 85
3 10 93
3 11 24
3 11 25
3 11 33
3 11 53
3 11 54
3 11 67
3 11 75
3 11 82
3 11 87
3 11 88
3 11 92
3 12 42
3 12 45
3 12 56
3 12 84
3 12 96
3 13 7
3 13 13
3 13 17
3 13 22
3 13 24
3 13 29
3 13 33
3 13 34
3 13 63
3 13 66
3 13 71
3 13 72
3 13 90
3 14 1
3 14 19
3 14 56
3 14 66
3 14 77
3 14 83
3 14 87
3 14 94
3 14 96
3 15 12
3 15 16
3 15 17
3 15 39
3 15 64
3 15 65
3 15 79
3 15 81
3 15 86
3 16 3
3 16 5
3 16 21
3 16 27
3 16 29
3 16 31
3 16 45
3 16 48
3 16 51
3 16 63
3 16 94
3 17 25
3 17 47
3 17 51
3 17 55
3 17 64
3 17 71
3 17 85
3 18 5
3 18 37
3 18 53
3 18 58
3 18 74
3 18 80
3 18 86
3 18 91
3 19 6
3 19 7
3 19 12
3 19 27
3 19 33
3 19 45
3 19 61
3 19 90
3 20 11
3 20 12
3 20 19
3 20 26
3 20 35
3 20 52
3 20 63
3 20 72
3 20 76
3 20 77
3 20 89
3 20 91
3 21 4
3 21 5
3 21 8
3 21 15
3 21 24
3 21 32
3 21 59
3 21 63
3 21 68
3 21 71
3 21 83
3 21 90
3 22 5
3 22 9
3 22 18
3 22 36
3 22 42
3 22 45
3 22 64
3 22 93
3 22 95
3 23 6
3 23 10
3 23 12
3 23 17
3 23 32
3 23 33
3 23 67
3 23 68
3 23 86
3 23 92
3 24 4
3 24 9
3 24 12
3 24 22
3 24 38
3 24 39
3 24 43
3 24 60
3 24 68
3 24 70
3 24 86
3 25 0
3 25 11
3 25 14
3 25 15
3 25 21
3 25 28
3 25 29
3 25 30
3 25 33
3 25 50
3 25 89
3 26 23
3 26 24
3 26 36
3 26 65
3 26 73
3 26 78
3 26 84
3 27 4
3 27 12
3 27 21
3 27 29
3 27 33
3 27 49
3 27 52
3 27 64
3 27 92
3 28 3
3 28 5
3 28 6
3 28 23
3 28 26
3 28 32
3 28 36
3 28 38
3 28 47
3 28 56
3 28 64
3 28 71
3 28 74
3 28 75
3 28 87
3 28 88
3 28 92
3 29 3
3 29 18
3 29 24
3 29 29
3 29 38
3 29 45
3 29 47
3 29 52
3 29 53
3 29 55
3 29 59
3 29 74
3 29 75
3 29 85
3 30 7
3 30 9
3 30 11
3 30 12
3 30 21
3 30 25
3 30 32
3 30 39
3 30 46
3 30 47
3 30 50
3 30 56
3 30 66
3 30 95
3 31 15
3 31 17
3 31 25
3 31 44
3 31 56
3 31 73
3 31 78
3 31 84
3 32 13
3 32 17
3 32 19
3 32 29
3 32 30
3 32 46
3 32 78
3 32 80
3 32 83
3 32 87
3 33 15
3 33 16
3 33 19
3 33 55
3 33 61
3 33 82
3 34 1
3 34 23
3 34 43
3 34 81
3 34 83
3 35 0
3 35 18
3 35 33
3 35 34
3 35 45
3 35 50
3 35 56
3 35 57
3 35 73
3 35 88
3 35 89
3 35 93
3 36 16
3 36 19
3 36 21
3 36 29
3 36 33
3 36 38
3 36 43
3 36 51
3 36 59
3 36 62
3 37 7
3 37 10
3 37 16
3 37 22
3 37 28
3 37 30
3 37 43
3 37 48
3 37 51
3 37 55
3 37 56
3 37 63
3 37 67
3 37 76
3 37 82
3 37 95
3 38 13
3 38 14
3 38 19
3 38 20
3 38 29
3 38 49
3 38 66
3 38 78
3 38 81
3 39 12
3 39 25
3 39 33
3 39 46
3 39 49
3 39 60
3 39 74
3 39 83
3 39 93
3 40 3
3 40 36
3 40 40
3 40 58
3 40 61
3 40 62
3 40 85
3 41 13
3 41 18
3 41 30
3 41 42
3 41 46
3 41 53
3 41 57
3 41 73
3 41 88
3 41 92
3 42 3
3 42 6
3 42 12
3 42 33
3 42 48
3 42 64
3 42 76
3 42 88
3 42 91
3 43 4
3 43 34
3 43 62
3 43 70
3 43 78
3 43 80
3 43 85
3 44 5
3 44 47
3 44 78
3 45 7
3 45 12
3 45 14
3 45 19
3 45 33
3 45 43
3 45 46
3 45 49
3 45 55
3 45 57
3 45 58
3 45 67
3 45 78
3 45 91
3 45 94
3 46 7
3 46 22
3 46 23
3 46 35
3 46 36
3 46 38
3 46 39
3 46 46
3 46 52
3 46 61
3 47 13
3 47 15
3 47 42
3 47 63
3 47 73
3 47 85
3 48 2
3 48 8
3 48 18
3 48 26
3 48 44
3 48 65
3 48 73
3 48 77
3 48 80
3 48 87
3 48 93
3 48 96
3 49 3
3 49 9
3 49 31
3 49 38
3 49 54
3 49 57
3 49 74
3 49 88
3 50 6
3 50 11
3 50 24
3 50 37
3 50 38
3 50 41
3 50 57
3 50 59
3 50 60
3 50 63
3 50 76
3 50 83
3 50 84
3 50 86
3 50 96
3 51 3
3 51 10
3 51 38
3 51 54
3 51 74
3 51 80
3 51 89
3 51 90
3 52 1
3 52 3
3 52 7
3 52 18
3 52 24
3 52 48
3 52 80
3 53 0
3 53 3
3 53 6
3 53 11
3 53 13
3 53 15
3 53 17
3 53 19
3 53 21
3 53 26
3 53 33
3 53 42
3 53 58
3 53 67
3 53 69
3 53 77
3 53 88
3 54 22
3 54 37
3 54 38
3 54 48
3 54 63
3 54 80
3 54 84
3 54 89
3 55 11
3 55 18
3 55 20
3 55 36
3 55 38
3 55 40
3 55 81
3 56 20
3 56 31
3 56 35
3 56 39
3 56 77
3 57 2
3 57 13
3 57 23
3 57 24
3 57 32
3 57 36
3 57 47
3 57 51
3 57 52
3 57 72
3 57 94
3 58 7
3 58 10
3 58 58
3 58 75
3 58 78
3 58 85
3 58 89
3 58 96
3 59 12
3 59 18
3 59 22
3 59 37
3 59 49
3 59 71
3 59 93
3 59 95
3 60 12
3 60 32
3 60 69
3 60 73
3 60 80
3 60 82
3 61 12
3 61 21
3 61 31
3 61 34
3 61 60
3 61 66
3 61 77
3 61 79
3 61 80
3 62 2
3 62 7
3 62 11
3 62 21
3 62 23
3 62 35
3 62 39
3 62 40
3 62 59
3 62 61
3 62 63
3 62 82
3 63 0
3 63 26
3 63 31
3 63 34
3 63 37
3 63 39
3 63 40
3 63 46
3 63 50
3 63 53
3 63 71
3 64 5
3 64 20
3 64 30
3 64 38
3 64 45
3 64 80
3 65 12
3 65 15
3 65 22
3 65 30
3 65 37
3 65 45
3 65 48
3 65 56
3 65 89
3 66 8
3 66 10
3 66 17
3 66 21
3 66 37
3 66 46
3 66 69
3 66 76
3 66 86
3 67 1
3 67 7
3 67 18
3 67 19
3 67 33
3 67 49
3 67 60
3 67 87
3 67 88
3 67 89
3 68 21
3 68 22
3 68 26
3 68 59
3 68 74
3 69 5
3 69 9
3 69 10
3 69 17
3 69 47
3 69 48
3 69 54
3 69 58
3 69 62
3 69 91
3 70 25
3 70 30
3 70 42
3 70 58
3 70 72
3 70 93
3 71 47
3 71 52
3 71 53
3 71 60
3 71 75
3 71 78
3 71 82
3 71 84
3 71 87
3 71 89
3 71 95
3 72 29
3 72 32
3 72 35
3 72 45
3 72 57
3 72 58
3 72 66
3 72 75
3 72 76
3 72 79
3 72 92
3 73 5
3 73 31
3 73 33
3 73 38
3 73 42
3 73 46
3 73 49
3 73 62
3 73 66
3 73 86
3 74 22
3 74 23
3 74 31
3 74 39
3 74 66
3 74 92
3 75 17
3 75 26
3 75 28
3 75 34
3 75 43
3 75 47
3 75 55
3 75 61
3 75 68
3 75 93
3 76 21
3 76 22
3 76 33
3 76 37
3 76 41
3 76 44
3 76 55
3 76 59
3 76 78
3 77 3
3 77 8
3 77 39
3 77 40
3 77 54
3 77 76
3 77 85
3 78 1
3 78 2
3 78 12
3 78 24
3 78 26
3 78 36
3 78 39
3 78 47
3 78 48
3 78 71
3 78 86
3 79 17
3 79 25
3 79 36
3 79 42
3 79 56
3 79 57
3 79 78
3 80 4
3 80 31
3 80 40
3 80 42
3 80 62
3 80 72
3 80 78
3 80 80
3 81 42
3 81 48
3 81 56
3 81 69
3 81 72
3 82 7
3 82 26
3 82 30
3 82 72
3 83 5
3 83 19
3 83 27
3 83 35
3 83 39
3 83 55
3 83 70
3 83 77
3 83 79
3 83 81
3 83 82
3 83 84
3 84 1
3 84 3
3 84 5
3 84 11
3 84 13
3 84 25
3 84 30
3 84 32
3 84 37
3 84 45
3 84 48
3 84 49
3 84 50
3 84 67
3 84 77
3 84 82
3 84 87
3 84 93
3 85 4
3 85 22
3 85 33
3 85 34
3 85 39
3 85 58
3 85 59
3 85 65
3 85 93
3 85 94
3 86 25
3 86 33
3 86 43
3 86 47
3 86 62
3 86 66
3 86 82
3 86 86
3 86 93
3 87 7
3 87 30
3 87 41
3 87 45
3 87 73
3 87 85
3 88 20
3 88 25
3 88 47
3 89 17
3 89 20
3 89 27
3 89 34
3 89 67
3 89 78
3 89 94
3 90 5
3 90 11
3 90 26
3 90 46
3 90 55
3 90 62
3 90 69
3 90 70
3 90 77
3 91 21
3 91 22
3 91 25
3 91 37
3 91 49
3 91 67
3 91 77
3 91 78
3 91 89
3 91 95
3 92 9
3 92 13
3 92 14
3 92 21
3 92 25
3 92 35
3 92 40
3 92 54
3 92 62
3 92 66
3 92 73
3 92 81
3 92 86
3 92 87
3 93 36
3 93 43
3 93 51
3 93 54
3 93 61
3 93 73
3 93 89
3 93 94
3 94 27
3 94 28
3 94 38
3 94 70
3 94 83
3 94 94
3 95 13
3 95 15
3 95 22
3 95 42
3 95 47
3 95 57
3 95 60
3 95 62
3 95 84
3 95 89
3 95 95
3 96 2
3 96 14
3 96 23
3 96 29
3 96 42
3 96 80
3 96 81
3 96 87
3 97 2
3 97 6
3 97 8
3 97 11
3 97 17
3 97 22
3 97 23
3 97 54
3 97 59
3 97 61
3 97 88
3 98 8
3 98 19
3 98 27
3 98 29
3 98 38
3 98 44
3 98 54
3 98 82
3 99 11
3 99 12
3 99 17
3 99 19
3 99 35
3 99 37
3 99 38
3 99 68
3 100 30
3 100 40
3 100 45
3 100 46
3 100 48
3 100 50
3 100 52
3 100 54
3 100 66
3 100 93
3 101 7
3 101 9
3 101 25
3 101 26
3 101 31
3 101 40
3 101 47
3 101 57
3 101 61
3 101 65
3 101 95
3 102 5
3 102 12
3 102 31
3 102 37
3 102 38
3 102 40
3 102 68
3 102 73
3 102 95
3 103 5
3 103 11
3 103 14
3 103 17
3 103 45
3 103 72
3 103 73
3 103 78
3 103 79
3 103 87
3 103 93
3 104 1
3 104 5
3 104 13
3 104 21
3 104 29
3 104 37
3 104 50
3 104 70
3 104 75
3 104 78
3 104 85
3 104 87
3 105 1
3 105 3
3 105 42
3 105 53
3 105 54
3 105 58
3 105 67
3 105 78
3 105 79
3 105 86
3 105 90
3 105 91
3 106 0
3 106 9
3 106 35
3 106 38
3 106 55
3 106 75
3 106 80
3 106 96
3 107 0
3 107 1
3 107 6
3 107 25
3 107 30
3 107 39
3 107 41
3 107 50
3 107 62
3 107 65
3 107 69
3 108 0
3 108 8
3 108 14
3 108 24
3 108 52
3 108 74
3 108 83
3 108 94
3 108 95
3 109 11
3 109 13
3 109 14
3 109 16
3 109 18
3 109 35
3 109 58
3 109 74
3 109 76
3 109 91
3 110 6
3 110 14
3 110 16
3 110 24
3 110 28
3 110 31
3 110 34
3 110 40
3 110 53
3 110 84
3 110 95
3 111 38
3 111 59
3 111 73
3 111 84
3 112 12
3 112 16
3 112 20
3 112 24
3 112 30
3 112 34
3 112 39
3 112 40
3 112 59
3 112 60
3 112 66
3 112 83
3 112 88
3 112 93
3 113 11
3 113 28
3 113 36
3 113 41
3 113 56
3 113 60
3 113 74
3 113 81
3 113 95
3 114 21
3 114 30
3 114 37
3 114 40
3 114 42
3 114 43
3 114 71
3 114 78
3 114 94
3 115 14
3 115 50
3 115 90
3 115 94
3 116 0
3 116 8
3 116 38
3 116 54
3 116 64
3 116 79
3 116 80
3 116 84
3 117 2
3 117 27
3 117 51
3 117 59
3 117 72
3 117 77
3 117 80
3 117 87
3 118 23
3 118 26
3 118 56
3 118 89
3 119 2
3 119 57
3 119 59
3 119 78
3 119 81
3 119 86
3 119 90
3 119 92
3 120 8
3 120 13
3 120 22
3 120 33
3 120 36
3 120 39
3 120 40
3 120 45
3 120 55
3 120 67
3 120 69
3 121 5
3 121 16
3 121 31
3 121 43
3 121 69
3 121 73
3 121 87
3 122 5
3 122 6
3 122 34
3 122 50
3 122 82
3 122 96
3 123 0
3 123 1
3 123 5
3 123 6
3 123 31
3 123 32
3 123 38
3 123 45
3 123 59
3 123 83
3 123 87
3 123 88
3 123 92
3 124 35
3 124 39
3 124 45
3 124 54
3 124 65
3 124 68
3 124 78
3 125 17
3 125 30
3 125 36
3 125 37
3 125 44
3 125 45
3 125 47
3 125 82
3 125 84
3 125 86
3 126 0
3 126 2
3 126 8
3 126 10
3 126 14
3 126 17
3 126 19
3 126 43
3 126 47
3 126 54
3 126 55
3 126 76
3 126 84
3 126 88
3 126 91
3 127 3
3 127 15
3 127 19
3 127 29
3 127 71
3 127 74
3 127 83
3 128 0
3 128 2
3 128 12
3 128 40
3 128 43
3 128 45
3 128 92
3 128 93
3 129 13
3 129 19
3 129 20
3 129 36
3 129 42
3 129 43
3 129 50
3 129 51
3 129 58
3 129 61
3 129 91
3 130 19
3 130 37
3 130 38
3 130 68
3 130 81
3 130 92
3 131 6
3 131 27
3 131 38
3 131 60
3 131 70
3 131 71
3 131 84
3 131 94