1464
5
105 129 137 100 129
4258

505 918 0 619 745 562 0 0 0 0 0 649 0 821 0 0 344 0 0 0 548 405 0 0 0 0 323 0 64 48 12 73 2 0 0 0 96 77 43 0 8 51 0 80 20 76 0 0 54 0 56 25 0 51 6 49 0 0 0 45 17 15 0 0 0 93 39 65 0 4 0 0 32 0 0 90 0 97 0 84 71 94 22 5 56 92 55 0 0 0 64 0 0 51 0 86 0 8 0 0 87 56 0 44 0
0 0 0 0 0 684 0 0 0 253 0 0 454 0 276 0 0 0 0 85 522 0 0 0 790 0 0 0 630 210 0 0 712 0 0 71 0 46 0 47 0 0 0 0 71 9 0 66 65 6 1 0 0 0 0 6 0 95 24 17 0 0 57 32 0 0 83 94 27 3 0 7 46 52 0 96 0 0 34 90 0 61 0 0 86 0 0 46 0 0 24 0 0 42 0 17 0 0 6 32 0 17 0 71 10 48 0 67 82 86 0 0 0 26 11 14 31 0 37 0 0 0 0 48 0 68 0 51 0
0 0 0 0 947 643 0 389 126 746 0 900 872 0 0 760 0 0 0 0 344 31 689 0 458 637 0 0 0 0 112 0 0 135 812 85 53 88 81 0 56 72 89 0 79 0 61 40 0 0 0 0 0 9 0 61 0 43 31 0 0 88 6 0 16 19 61 14 0 24 0 0 0 0 26 0 51 0 0 0 0 0 5 0 71 0 33 24 67 0 20 31 10 53 0 0 0 41 76 11 66 0 0 28 33 0 32 58 0 42 0 61 80 0 20 0 60 86 28 0 68 0 33 0 0 81 35 0 49 0 25 19 0 42 34 0 62
0 0 767 548 0 589 0 0 0 0 856 49 0 0 0 688 0 128 0 113 0 992 712 0 0 848 0 25 0 69 0 0 0 13 0 0 100 51 55 85 0 40 5 0 0 96 69 0 0 0 69 73 75 0 75 14 7 0 89 69 31 65 0 0 54 0 0 10 0 52 0 68 0 0 17 29 0 0 0 0 0 0 2 17 0 0 0 32 0 0 0 0 0 45 0 47 12 0 39 52
818 0 923 0 0 560 0 0 0 0 947 955 0 740 0 0 666 0 171 0 0 166 0 0 517 0 590 49 0 0 0 27 0 19 87 0 75 5 0 0 34 42 95 0 12 100 62 0 0 45 25 0 16 0 31 90 9 5 41 0 0 59 0 0 35 0 51 0 88 0 0 9 0 72 75 0 48 47 0 87 0 0 0 93 0 0 0 70 54 0 0 43 39 0 9 53 0 0 0 46 0 0 0 0 29 10 21 35 42 0 41 34 33 0 0 0 0 0 0 37 23 35 38 0 0 36 31 22 89

0 0 22
0 0 31
0 0 43
0 0 95
0 0 97
0 0 101
0 0 102
0 0 116
0 0 128
0 1 21
0 1 80
0 1 82
0 1 96
0 1 110
0 1 111
0 1 114
0 1 123
0 2 12
0 2 31
0 2 37
0 2 42
0 2 60
0 2 67
0 2 76
0 2 77
0 2 80
0 2 101
0 2 125
0 3 12
0 3 14
0 3 19
0 3 23
0 3 46
0 3 53
0 3 69
0 3 89
0 3 108
0 3 128
0 4 6
0 4 26
0 4 35
0 4 68
0 4 83
0 4 89
0 4 105
0 5 21
0 5 51
0 5 55
0 5 93
0 6 19
0 6 20
0 6 29
0 6 40
0 6 41
0 6 51
0 6 60
0 6 72
0 6 80
0 6 111
0 7 1
0 7 15
0 7 23
0 7 33
0 7 42
0 7 62
0 7 64
0 7 79
0 7 94
0 7 96
0 7 104
0 7 117
0 7 119
0 7 122
0 8 16
0 8 17
0 8 21
0 8 49
0 8 54
0 8 59
0 8 64
0 8 81
0 8 86
0 8 99
0 8 100
0 8 117
0 8 121
0 8 125
0 8 126
0 9 17
0 9 18
0 9 22
0 9 28
0 9 48
0 9 56
0 9 78
0 9 110
0 10 30
0 10 42
0 10 93
0 10 97
0 10 102
0 10 119
0 10 121
0 11 0
0 11 3
0 11 9
0 11 20
0 11 21
0 11 25
0 11 29
0 11 37
0 11 47
0 11 61
0 11 65
0 11 70
0 11 87
0 11 120
0 11 126
0 12 0
0 12 15
0 12 17
0 12 46
0 12 53
0 12 58
0 12 72
0 12 78
0 12 102
0 12 104
0 12 114
0 13 6
0 13 22
0 13 43
0 13 100
0 13 101
0 13 118
0 13 126
0 14 12
0 14 22
0 14 27
0 14 54
0 14 96
0 14 106
0 14 110
0 14 117
0 14 122
0 15 2
0 15 19
0 15 23
0 15 48
0 15 57
0 15 87
0 15 99
0 15 124
0 16 6
0 16 42
0 16 53
0 16 58
0 16 81
0 16 93
0 16 94
0 16 100
0 16 107
0 16 113
0 16 120
0 17 14
0 17 22
0 17 28
0 17 54
0 17 63
0 17 94
0 17 124
0 18 0
0 18 17
0 18 42
0 18 81
0 18 82
0 18 84
0 18 99
0 18 107
0 19 1
0 19 2
0 19 17
0 19 33
0 19 34
0 19 63
0 19 70
0 19 77
0 19 103
0 19 111
0 19 121
0 20 2
0 20 28
0 20 43
0 20 44
0 20 83
0 20 93
0 20 98
0 20 110
0 20 121
0 21 2
0 21 10
0 21 69
0 21 99
0 21 102
0 21 103
0 21 111
0 21 117
0 21 121
0 21 126
0 22 8
0 22 10
0 22 16
0 22 23
0 22 35
0 22 53
0 22 62
0 22 64
0 22 84
0 22 90
0 22 91
0 23 11
0 23 26
0 23 32
0 23 33
0 23 44
0 23 60
0 23 63
0 23 82
0 23 85
0 23 88
0 23 124
0 24 30
0 24 40
0 24 48
0 24 52
0 24 83
0 24 90
0 24 97
0 24 112
0 25 5
0 25 36
0 25 73
0 25 76
0 25 83
0 25 88
0 25 94
0 25 124
0 26 18
0 26 26
0 26 27
0 26 30
0 26 36
0 26 51
0 26 55
0 26 56
0 26 81
0 26 85
0 26 98
0 26 114
0 26 120
0 27 28
0 27 36
0 27 41
0 27 42
0 27 44
0 27 46
0 27 69
0 27 103
0 27 121
0 27 128
0 28 36
0 28 41
0 28 46
0 28 62
0 28 93
0 29 1
0 29 4
0 29 28
0 29 33
0 29 76
0 29 77
0 29 114
0 29 128
0 30 7
0 30 17
0 30 40
0 30 67
0 30 77
0 30 86
0 30 98
0 30 116
0 30 117
0 30 118
0 30 120
0 31 14
0 31 18
0 31 41
0 31 45
0 31 47
0 31 93
0 32 25
0 32 33
0 32 34
0 32 37
0 32 46
0 32 63
0 32 72
0 32 76
0 32 127
0 33 30
0 33 49
0 33 81
0 33 87
0 33 108
0 33 115
0 33 126
0 34 2
0 34 8
0 34 12
0 34 27
0 34 29
0 34 76
0 34 80
0 34 84
0 34 113
0 35 32
0 35 74
0 35 95
0 35 120
0 35 124
0 36 3
0 36 10
0 36 14
0 36 17
0 36 48
0 36 50
0 36 67
0 36 74
0 36 83
0 36 91
0 36 95
0 36 98
0 36 102
0 36 103
0 36 115
0 36 127
0 37 0
0 37 19
0 37 45
0 37 50
0 37 58
0 37 72
0 37 93
0 37 103
0 38 14
0 38 51
0 38 76
0 38 80
0 38 92
0 38 95
0 38 100
0 39 0
0 39 17
0 39 27
0 39 28
0 39 37
0 39 40
0 39 51
0 39 73
0 39 85
0 39 94
0 39 110
0 40 26
0 40 39
0 40 42
0 40 45
0 40 62
0 40 63
0 41 1
0 41 19
0 41 31
0 41 55
0 41 56
0 41 76
0 41 88
0 41 109
0 41 118
0 42 7
0 42 23
0 42 46
0 42 74
0 42 86
0 42 123
0 43 1
0 43 10
0 43 26
0 43 66
0 43 81
0 43 86
0 43 107
0 43 128
0 44 2
0 44 8
0 44 10
0 44 13
0 44 36
0 44 68
0 44 69
0 44 78
0 44 87
0 44 113
0 45 28
0 45 31
0 45 49
0 45 53
0 45 68
0 45 69
0 45 72
0 45 101
0 46 27
0 46 46
0 46 53
0 46 71
0 46 77
0 46 82
0 46 118
0 46 123
0 47 11
0 47 13
0 47 16
0 47 21
0 47 27
0 47 34
0 47 66
0 47 74
0 47 93
0 47 113
0 47 115
0 47 121
0 48 33
0 48 44
0 48 82
0 48 86
0 48 95
0 48 101
0 48 107
0 48 125
0 48 126
0 48 128
0 49 13
0 49 37
0 49 61
0 49 64
0 49 81
0 49 117
0 50 12
0 50 38
0 50 40
0 50 71
0 50 73
0 50 82
0 50 88
0 50 98
0 50 101
0 50 119
0 50 128
0 51 0
0 51 3
0 51 29
0 51 63
0 51 66
0 51 67
0 51 92
0 51 113
0 52 0
0 52 8
0 52 40
0 52 52
0 52 74
0 52 108
0 53 2
0 53 20
0 53 26
0 53 28
0 53 40
0 53 50
0 53 57
0 53 64
0 53 73
0 53 78
0 53 101
0 54 68
0 54 71
0 54 108
0 54 116
0 54 117
0 54 121
0 55 0
0 55 32
0 55 33
0 55 63
0 55 85
0 55 116
0 56 0
0 56 10
0 56 30
0 56 43
0 56 56
0 56 69
0 56 82
0 56 87
0 56 93
0 56 96
0 56 103
0 56 106
0 56 116
0 56 124
0 56 126
0 57 1
0 57 24
0 57 37
0 57 94
0 57 112
0 57 116
0 57 128
0 58 1
0 58 18
0 58 44
0 58 45
0 58 65
0 58 66
0 58 73
0 58 76
0 58 78
0 58 80
0 58 82
0 58 84
0 58 98
0 58 114
0 58 118
0 59 24
0 59 28
0 59 37
0 59 47
0 59 49
0 59 52
0 59 72
0 59 88
0 59 89
0 59 91
0 59 116
0 59 122
0 59 128
0 60 15
0 60 23
0 60 24
0 60 53
0 60 64
0 60 76
0 60 83
0 60 98
0 60 102
0 60 117
0 61 33
0 61 34
0 61 38
0 61 41
0 61 46
0 61 55
0 61 83
0 61 84
0 61 95
0 61 105
0 62 15
0 62 52
0 62 55
0 62 76
0 62 83
0 62 89
0 62 94
0 62 97
0 62 107
0 62 108
0 62 117
0 62 121
0 62 128
0 63 4
0 63 42
0 63 44
0 63 59
0 63 69
0 63 71
0 63 86
0 63 106
0 64 42
0 64 55
0 64 76
0 64 118
0 65 12
0 65 15
0 65 24
0 65 29
0 65 30
0 65 63
0 65 108
0 65 112
0 65 123
0 66 0
0 66 52
0 66 54
0 66 57
0 66 62
0 66 82
0 66 102
0 66 107
0 66 112
0 67 4
0 67 25
0 67 27
0 67 31
0 67 43
0 67 81
0 67 83
0 67 89
0 67 91
0 67 101
0 67 102
0 67 105
0 67 122
0 68 6
0 68 41
0 68 51
0 68 64
0 68 65
0 68 68
0 68 78
0 68 86
0 68 88
0 68 98
0 68 99
0 68 103
0 69 51
0 69 54
0 69 57
0 69 62
0 69 77
0 69 92
0 69 94
0 69 96
0 69 116
0 70 0
0 70 12
0 70 23
0 70 31
0 70 41
0 70 44
0 70 53
0 70 56
0 70 58
0 70 69
0 70 111
0 70 128
0 71 5
0 71 12
0 71 33
0 71 42
0 71 45
0 71 48
0 71 54
0 71 77
0 71 95
0 71 96
0 71 101
0 71 105
0 71 107
0 71 111
0 71 116
0 72 5
0 72 14
0 72 26
0 72 30
0 72 39
0 72 40
0 72 43
0 72 45
0 72 54
0 72 89
0 72 96
0 72 112
0 72 113
0 72 127
0 73 14
0 73 22
0 73 26
0 73 30
0 73 64
0 73 70
0 73 71
0 73 88
0 73 116
0 74 8
0 74 14
0 74 31
0 74 36
0 74 44
0 74 54
0 74 58
0 74 60
0 74 69
0 74 74
0 74 94
0 74 119
0 74 124
0 75 0
0 75 26
0 75 28
0 75 64
0 75 77
0 75 78
0 75 84
0 75 92
0 75 100
0 75 102
0 75 104
0 75 105
0 75 107
0 76 16
0 76 38
0 76 40
0 76 68
0 76 98
0 77 33
0 77 46
0 77 64
0 77 73
0 77 76
0 77 96
0 77 117
0 77 120
0 77 123
0 78 13
0 78 24
0 78 28
0 78 48
0 78 50
0 78 62
0 78 70
0 78 81
0 79 3
0 79 5
0 79 11
0 79 23
0 79 32
0 79 43
0 79 44
0 79 72
0 79 112
0 79 117
0 80 40
0 80 49
0 80 74
0 80 90
0 80 95
0 80 99
0 80 122
0 81 0
0 81 6
0 81 9
0 81 30
0 81 32
0 81 67
0 81 70
0 81 77
0 81 78
0 81 86
0 81 101
0 81 118
0 81 126
0 82 6
0 82 15
0 82 24
0 82 28
0 82 31
0 82 42
0 82 75
0 82 99
0 82 124
0 83 17
0 83 26
0 83 31
0 83 50
0 83 56
0 83 70
0 83 104
0 83 122
0 84 2
0 84 18
0 84 31
0 84 48
0 84 54
0 84 87
0 84 117
0 85 93
0 85 105
0 85 121
0 86 4
0 86 11
0 86 20
0 86 27
0 86 32
0 86 44
0 86 73
0 86 76
0 86 110
0 86 116
0 87 28
0 87 33
0 87 39
0 87 44
0 87 64
0 87 84
0 88 43
0 88 61
0 88 95
0 88 113
0 88 123
0 89 29
0 89 52
0 89 63
0 89 101
0 89 105
0 90 2
0 90 6
0 90 14
0 90 20
0 90 44
0 90 57
0 90 59
0 90 78
0 90 86
0 90 104
0 90 112
0 90 122
0 91 15
0 91 19
0 91 28
0 91 37
0 91 38
0 91 49
0 91 53
0 91 110
0 91 112
0 91 113
0 91 119
0 92 2
0 92 5
0 92 22
0 92 68
0 92 79
0 92 80
0 92 84
0 92 111
0 92 113
0 93 15
0 93 42
0 93 75
0 93 103
0 94 8
0 94 26
0 94 35
0 94 48
0 94 54
0 94 67
0 94 77
0 94 87
0 94 89
0 95 7
0 95 14
0 95 35
0 95 63
0 95 66
0 95 84
0 95 124
0 96 0
0 96 8
0 96 35
0 96 50
0 96 54
0 96 88
0 96 96
0 96 104
0 96 108
0 97 14
0 97 15
0 97 20
0 97 23
0 97 39
0 97 44
0 97 48
0 97 50
0 97 64
0 97 73
0 97 74
0 97 84
0 97 89
0 97 90
0 97 113
0 97 115
0 97 120
0 98 35
0 98 54
0 98 56
0 98 59
0 98 66
0 98 79
0 98 89
0 98 93
0 98 100
0 98 112
0 98 121
0 99 11
0 99 23
0 99 24
0 99 25
0 99 26
0 99 89
0 99 91
0 99 98
0 99 99
0 99 102
0 99 117
0 99 118
0 99 120
0 100 1
0 100 8
0 100 17
0 100 35
0 100 50
0 100 54
0 100 55
0 100 71
0 100 79
0 100 106
0 101 3
0 101 25
0 101 37
0 101 40
0 101 52
0 101 53
0 101 58
0 101 65
0 101 73
0 101 95
0 102 14
0 102 23
0 102 43
0 102 57
0 102 69
0 102 72
0 102 84
0 102 90
0 102 104
0 102 109
0 102 115
0 103 9
0 103 12
0 103 75
0 103 91
0 103 92
0 104 7
0 104 31
0 104 32
0 104 45
0 104 111
0 104 119
1 0 22
1 0 42
1 0 52
1 0 61
1 0 70
1 0 101
1 0 107
1 0 111
1 0 119
1 0 120
1 0 130
1 0 134
1 1 3
1 1 17
1 1 46
1 1 53
1 1 74
1 1 76
1 1 105
1 1 126
1 2 3
1 2 9
1 2 17
1 2 43
1 2 45
1 2 53
1 2 87
1 2 88
1 2 98
1 2 102
1 2 105
1 2 109
1 2 110
1 3 3
1 3 28
1 3 50
1 3 56
1 3 59
1 3 90
1 3 94
1 3 95
1 3 119
1 3 125
1 4 11
1 4 13
1 4 16
1 4 19
1 4 55
1 4 74
1 4 76
1 4 79
1 4 120
1 5 1
1 5 3
1 5 32
1 5 38
1 5 41
1 5 42
1 5 79
1 5 87
1 5 106
1 5 118
1 6 5
1 6 10
1 6 11
1 6 19
1 6 27
1 6 57
1 6 63
1 6 66
1 6 95
1 6 102
1 6 120
1 6 121
1 6 134
1 6 136
1 7 29
1 7 44
1 7 49
1 7 116
1 7 123
1 7 131
1 8 27
1 8 45
1 8 90
1 8 100
1 8 105
1 9 0
1 9 5
1 9 16
1 9 25
1 9 40
1 9 44
1 9 62
1 9 92
1 9 107
1 9 108
1 9 112
1 9 118
1 9 119
1 9 126
1 10 19
1 10 36
1 10 46
1 10 55
1 10 64
1 10 89
1 10 100
1 10 102
1 10 112
1 10 126
1 10 132
1 11 58
1 11 99
1 11 100
1 11 108
1 11 109
1 11 120
1 12 8
1 12 11
1 12 30
1 12 39
1 12 56
1 12 60
1 12 61
1 12 63
1 12 89
1 12 91
1 12 114
1 12 128
1 13 6
1 13 44
1 13 56
1 13 60
1 13 68
1 13 76
1 13 81
1 13 88
1 13 93
1 13 97
1 13 101
1 13 129
1 14 3
1 14 23
1 14 24
1 14 55
1 14 60
1 14 63
1 14 75
1 14 94
1 14 96
1 14 97
1 14 102
1 14 105
1 15 24
1 15 62
1 15 102
1 15 134
1 16 0
1 16 21
1 16 39
1 16 47
1 16 64
1 16 78
1 16 95
1 16 117
1 16 119
1 16 124
1 16 128
1 17 4
1 17 15
1 17 23
1 17 30
1 17 44
1 17 46
1 17 48
1 17 53
1 17 80
1 17 83
1 17 86
1 17 96
1 17 109
1 17 132
1 17 133
1 18 17
1 18 18
1 18 29
1 18 32
1 18 33
1 18 53
1 18 55
1 18 57
1 18 66
1 18 68
1 18 70
1 18 77
1 18 83
1 18 94
1 18 136
1 19 8
1 19 41
1 19 45
1 19 49
1 19 53
1 19 64
1 19 89
1 19 120
1 20 5
1 20 9
1 20 12
1 20 20
1 20 23
1 20 26
1 20 54
1 20 88
1 20 104
1 20 105
1 20 116
1 21 18
1 21 64
1 21 65
1 21 91
1 21 93
1 21 96
1 21 122
1 21 125
1 21 130
1 21 133
1 22 9
1 22 11
1 22 15
1 22 17
1 22 29
1 22 50
1 22 54
1 22 55
1 22 56
1 22 72
1 22 86
1 22 91
1 23 33
1 23 50
1 23 82
1 23 89
1 23 97
1 23 98
1 23 103
1 23 135
1 23 136
1 24 23
1 24 36
1 24 62
1 24 101
1 24 111
1 24 131
1 25 13
1 25 19
1 25 24
1 25 25
1 25 38
1 25 46
1 25 52
1 25 58
1 25 62
1 25 76
1 25 92
1 25 93
1 25 96
1 25 100
1 25 103
1 25 115
1 25 120
1 25 124
1 26 10
1 26 16
1 26 22
1 26 37
1 26 41
1 26 95
1 26 108
1 26 117
1 27 11
1 27 16
1 27 59
1 27 62
1 27 74
1 27 114
1 27 124
1 28 25
1 28 59
1 28 63
1 28 75
1 28 79
1 28 82
1 28 98
1 28 112
1 28 120
1 28 128
1 29 9
1 29 24
1 29 25
1 29 32
1 29 57
1 29 79
1 29 90
1 29 103
1 29 132
1 30 11
1 30 28
1 30 48
1 30 52
1 30 64
1 30 90
1 30 107
1 30 133
1 30 134
1 30 135
1 31 16
1 31 40
1 31 84
1 31 94
1 31 110
1 31 111
1 31 132
1 31 135
1 32 54
1 32 77
1 32 83
1 32 88
1 32 89
1 32 99
1 32 106
1 32 134
1 32 135
1 33 35
1 33 54
1 33 63
1 33 72
1 33 80
1 33 83
1 33 84
1 33 88
1 33 119
1 34 12
1 34 17
1 34 31
1 34 37
1 34 41
1 34 42
1 34 61
1 34 69
1 34 71
1 34 91
1 34 98
1 34 105
1 34 113
1 35 19
1 35 35
1 35 38
1 35 41
1 35 90
1 35 93
1 35 96
1 35 97
1 35 110
1 35 114
1 35 121
1 36 33
1 36 41
1 36 64
1 36 81
1 36 86
1 36 97
1 36 99
1 36 101
1 36 114
1 36 117
1 36 131
1 37 7
1 37 39
1 37 66
1 37 68
1 37 80
1 37 83
1 37 94
1 38 23
1 38 24
1 38 41
1 38 49
1 38 51
1 38 74
1 38 93
1 38 98
1 38 102
1 38 116
1 38 120
1 38 121
1 38 123
1 38 129
1 39 17
1 39 41
1 39 52
1 39 60
1 39 83
1 39 89
1 39 120
1 39 134
1 40 2
1 40 6
1 40 21
1 40 29
1 40 41
1 40 52
1 40 63
1 40 64
1 40 92
1 40 97
1 40 102
1 40 111
1 41 21
1 41 57
1 41 70
1 41 75
1 41 79
1 41 85
1 41 105
1 41 120
1 42 7
1 42 25
1 42 35
1 42 39
1 42 49
1 42 53
1 42 85
1 42 119
1 43 11
1 43 13
1 43 30
1 43 56
1 43 71
1 43 77
1 43 81
1 43 105
1 43 106
1 43 111
1 43 124
1 43 135
1 44 20
1 44 27
1 44 28
1 44 36
1 44 37
1 44 59
1 44 60
1 44 82
1 44 87
1 44 89
1 44 90
1 44 97
1 44 124
1 45 0
1 45 5
1 45 32
1 45 45
1 45 46
1 45 66
1 45 74
1 45 95
1 45 96
1 45 110
1 45 115
1 45 130
1 46 7
1 46 13
1 46 21
1 46 28
1 46 36
1 46 43
1 46 46
1 46 49
1 46 58
1 46 64
1 46 70
1 46 88
1 46 94
1 46 110
1 46 136
1 47 4
1 47 5
1 47 19
1 47 21
1 47 24
1 47 29
1 47 56
1 47 79
1 47 81
1 47 82
1 47 88
1 47 105
1 48 7
1 48 9
1 48 12
1 48 21
1 48 41
1 48 60
1 48 64
1 48 70
1 48 84
1 48 115
1 48 117
1 48 132
1 49 2
1 49 41
1 49 48
1 49 57
1 49 68
1 49 74
1 49 76
1 49 77
1 49 126
1 49 127
1 49 130
1 50 2
1 50 14
1 50 47
1 50 61
1 50 63
1 50 97
1 50 111
1 50 115
1 50 124
1 50 127
1 51 11
1 51 47
1 51 50
1 51 51
1 51 55
1 51 89
1 51 101
1 51 115
1 51 119
1 51 120
1 51 121
1 51 123
1 51 127
1 52 30
1 52 72
1 52 75
1 52 135
1 53 19
1 53 20
1 53 36
1 53 37
1 53 46
1 53 70
1 53 75
1 53 79
1 53 82
1 53 84
1 53 89
1 53 96
1 53 107
1 53 108
1 53 110
1 53 111
1 53 123
1 53 129
1 54 6
1 54 8
1 54 15
1 54 17
1 54 20
1 54 41
1 54 48
1 54 54
1 54 59
1 54 60
1 54 61
1 54 62
1 54 74
1 54 84
1 54 85
1 54 86
1 54 106
1 54 130
1 55 20
1 55 39
1 55 43
1 55 45
1 55 72
1 55 85
1 55 92
1 55 101
1 55 114
1 55 136
1 56 2
1 56 9
1 56 29
1 56 35
1 56 38
1 56 46
1 56 63
1 56 98
1 56 114
1 56 125
1 57 15
1 57 21
1 57 25
1 57 29
1 57 30
1 57 33
1 57 51
1 57 90
1 57 91
1 58 25
1 58 34
1 58 56
1 58 89
1 58 99
1 58 111
1 58 126
1 59 4
1 59 54
1 59 65
1 59 87
1 59 97
1 59 105
1 59 118
1 59 126
1 60 3
1 60 20
1 60 29
1 60 50
1 60 54
1 60 87
1 60 99
1 60 112
1 60 118
1 60 121
1 60 129
1 60 136
1 61 20
1 61 22
1 61 24
1 61 29
1 61 77
1 61 116
1 61 122
1 61 130
1 62 17
1 62 33
1 62 35
1 62 47
1 62 82
1 62 83
1 62 120
1 62 126
1 63 1
1 63 5
1 63 8
1 63 26
1 63 32
1 63 43
1 63 47
1 63 73
1 63 107
1 63 112
1 63 119
1 63 122
1 63 132
1 63 134
1 64 6
1 64 11
1 64 42
1 64 47
1 64 50
1 64 55
1 64 75
1 64 81
1 64 96
1 64 97
1 64 104
1 64 106
1 64 135
1 65 15
1 65 38
1 65 59
1 65 68
1 65 98
1 65 102
1 65 110
1 65 131
1 65 132
1 66 6
1 66 11
1 66 12
1 66 63
1 66 69
1 66 71
1 66 75
1 66 91
1 66 95
1 66 133
1 66 134
1 67 3
1 67 10
1 67 15
1 67 25
1 67 27
1 67 74
1 67 84
1 67 86
1 67 96
1 67 110
1 67 116
1 67 118
1 67 124
1 67 125
1 67 126
1 67 134
1 68 4
1 68 7
1 68 17
1 68 22
1 68 38
1 68 40
1 68 58
1 68 59
1 68 67
1 68 68
1 68 105
1 68 120
1 68 122
1 68 133
1 69 0
1 69 1
1 69 36
1 69 110
1 70 4
1 70 6
1 70 9
1 70 16
1 70 36
1 70 52
1 70 56
1 70 60
1 70 62
1 70 73
1 70 81
1 70 83
1 70 86
1 70 87
1 70 104
1 71 3
1 71 26
1 71 44
1 71 52
1 71 68
1 71 76
1 71 84
1 71 85
1 71 95
1 71 106
1 71 117
1 71 119
1 71 123
1 71 126
1 71 133
1 71 134
1 72 0
1 72 2
1 72 6
1 72 24
1 72 38
1 72 51
1 72 56
1 72 82
1 72 84
1 72 103
1 72 118
1 72 126
1 73 4
1 73 9
1 73 61
1 73 72
1 73 76
1 73 90
1 73 95
1 73 99
1 73 108
1 73 117
1 73 119
1 73 130
1 74 5
1 74 10
1 74 32
1 74 47
1 74 66
1 74 67
1 74 105
1 74 118
1 74 123
1 74 127
1 74 136
1 75 2
1 75 4
1 75 11
1 75 39
1 75 46
1 75 55
1 75 68
1 75 73
1 75 82
1 75 86
1 75 94
1 75 106
1 75 117
1 75 133
1 76 8
1 76 14
1 76 29
1 76 33
1 76 38
1 76 39
1 76 40
1 76 54
1 76 56
1 76 67
1 76 70
1 76 77
1 76 82
1 76 90
1 76 100
1 76 107
1 76 111
1 76 112
1 76 115
1 76 128
1 77 11
1 77 17
1 77 60
1 77 63
1 77 68
1 77 75
1 77 77
1 77 100
1 77 116
1 77 134
1 77 135
1 78 37
1 78 44
1 78 46
1 78 59
1 78 72
1 78 100
1 78 101
1 78 113
1 78 120
1 78 134
1 78 135
1 79 26
1 79 36
1 79 37
1 79 45
1 79 86
1 79 129
1 79 131
1 80 9
1 80 16
1 80 55
1 80 67
1 80 121
1 80 136
1 81 14
1 81 74
1 81 89
1 81 92
1 82 32
1 82 33
1 82 42
1 82 66
1 82 77
1 82 84
1 82 101
1 82 105
1 82 106
1 82 116
1 82 120
1 82 132
1 83 13
1 83 22
1 83 34
1 83 36
1 83 37
1 83 55
1 83 73
1 84 9
1 84 15
1 84 17
1 84 35
1 84 38
1 84 53
1 84 62
1 84 101
1 84 113
1 84 118
1 84 130
1 85 9
1 85 16
1 85 30
1 85 33
1 85 62
1 85 66
1 85 88
1 85 93
1 85 97
1 85 107
1 85 124
1 86 37
1 86 45
1 86 47
1 86 95
1 86 101
1 86 128
1 86 130
1 87 0
1 87 15
1 87 22
1 87 26
1 87 60
1 87 64
1 87 66
1 87 71
1 87 90
1 87 94
1 87 106
1 87 134
1 88 1
1 88 15
1 88 16
1 88 18
1 88 23
1 88 32
1 88 54
1 88 124
1 88 127
1 89 17
1 89 26
1 89 50
1 89 58
1 89 69
1 89 82
1 89 85
1 89 86
1 89 97
1 89 98
1 89 100
1 89 103
1 89 124
1 89 125
1 89 129
1 89 132
1 90 22
1 90 36
1 90 53
1 90 54
1 90 83
1 90 87
1 90 95
1 90 106
1 90 109
1 90 115
1 90 120
1 90 121
1 90 127
1 91 4
1 91 19
1 91 39
1 91 55
1 91 67
1 91 68
1 91 79
1 91 80
1 91 83
1 91 88
1 91 111
1 91 115
1 91 122
1 91 128
1 91 133
1 92 13
1 92 55
1 92 90
1 92 110
1 92 131
1 92 134
1 93 19
1 93 60
1 93 61
1 93 78
1 93 84
1 93 92
1 93 112
1 93 124
1 94 2
1 94 32
1 94 36
1 94 42
1 94 69
1 94 73
1 94 132
1 95 6
1 95 13
1 95 38
1 95 42
1 95 77
1 95 81
1 95 97
1 95 107
1 95 126
1 96 16
1 96 43
1 96 44
1 96 54
1 96 77
1 96 82
1 96 100
1 96 108
1 96 121
1 96 133
1 97 3
1 97 21
1 97 54
1 97 56
1 97 66
1 97 86
1 97 91
1 97 94
1 97 104
1 97 116
1 97 135
1 98 8
1 98 20
1 98 42
1 98 44
1 98 46
1 98 50
1 98 53
1 98 90
1 98 119
1 99 5
1 99 14
1 99 56
1 99 63
1 99 86
1 99 91
1 99 95
1 99 131
1 99 133
1 100 2
1 100 4
1 100 7
1 100 10
1 100 13
1 100 39
1 100 84
1 100 90
1 100 125
1 100 134
1 100 135
1 101 1
1 101 9
1 101 19
1 101 30
1 101 59
1 101 91
1 101 104
1 101 132
1 102 9
1 102 50
1 102 79
1 102 108
1 102 114
1 102 116
1 102 130
1 102 133
1 102 134
1 103 7
1 103 24
1 103 31
1 103 66
1 103 73
1 103 80
1 103 116
1 103 126
1 104 0
1 104 6
1 104 9
1 104 22
1 104 36
1 104 42
1 104 63
1 104 71
1 104 72
1 104 100
1 104 113
1 104 126
1 104 129
1 104 131
1 105 2
1 105 5
1 105 8
1 105 13
1 105 22
1 105 29
1 105 44
1 105 49
1 105 69
1 105 83
1 105 111
1 106 3
1 106 27
1 106 54
1 106 60
1 106 113
1 106 124
1 106 129
1 107 31
1 107 32
1 107 47
1 107 68
1 107 74
1 107 83
1 107 97
1 107 103
1 107 109
1 107 115
1 107 118
1 107 136
1 108 6
1 108 20
1 108 36
1 108 55
1 108 79
1 108 82
1 108 85
1 108 104
1 108 106
1 109 3
1 109 12
1 109 52
1 109 59
1 109 89
1 109 94
1 109 96
1 110 4
1 110 21
1 110 54
1 110 55
1 110 61
1 110 97
1 110 110
1 111 75
1 111 119
1 111 132
1 112 5
1 112 6
1 112 20
1 112 27
1 112 31
1 112 34
1 112 36
1 112 44
1 112 77
1 112 80
1 112 108
1 113 23
1 113 29
1 113 36
1 113 52
1 113 71
1 113 88
1 113 101
1 113 116
1 114 4
1 114 16
1 114 18
1 114 32
1 114 84
1 115 7
1 115 10
1 115 18
1 115 28
1 115 31
1 115 38
1 115 40
1 115 50
1 115 60
1 115 64
1 115 77
1 116 6
1 116 20
1 116 21
1 116 52
1 116 53
1 116 78
1 116 101
1 116 105
1 116 106
1 116 113
1 116 126
1 116 132
1 117 0
1 117 18
1 117 20
1 117 33
1 117 67
1 117 96
1 117 129
1 118 35
1 118 48
1 118 68
1 119 9
1 119 16
1 119 23
1 119 38
1 119 48
1 119 51
1 119 55
1 119 103
1 120 4
1 120 23
1 120 27
1 120 28
1 120 37
1 120 94
1 120 119
1 120 131
1 120 134
1 121 53
1 121 82
1 121 88
1 121 130
1 122 2
1 122 21
1 122 47
1 122 53
1 122 62
1 122 65
1 122 87
1 122 98
1 122 100
1 122 130
1 122 135
1 123 6
1 123 8
1 123 34
1 123 44
1 123 52
1 123 64
1 123 82
1 123 98
1 123 113
1 123 130
1 124 8
1 124 16
1 124 33
1 124 44
1 124 46
1 124 63
1 124 77
1 124 93
1 124 111
1 124 131
1 125 0
1 125 6
1 125 26
1 125 34
1 125 49
1 125 51
1 125 59
1 125 72
1 125 88
1 125 106
1 125 113
1 125 135
1 126 2
1 126 20
1 126 27
1 126 28
1 126 63
1 126 75
1 126 91
1 126 94
1 126 96
1 126 105
1 126 108
1 126 110
1 126 114
1 126 132
1 127 2
1 127 26
1 127 41
1 127 43
1 127 56
1 127 65
1 127 79
1 127 81
1 127 87
1 127 90
1 127 96
1 127 103
1 127 108
1 127 119
1 127 123
1 128 10
1 128 17
1 128 24
1 128 48
1 128 50
1 128 68
1 128 71
1 128 77
1 128 90
1 128 96
1 128 98
1 128 116
1 128 121
1 128 131
1 128 133
2 0 10
2 0 23
2 0 36
2 0 41
2 0 43
2 0 67
2 0 91
2 0 94
2 1 54
2 1 86
2 1 92
2 2 0
2 2 8
2 2 11
2 2 17
2 2 33
2 2 48
2 2 56
2 2 78
2 2 85
2 2 89
2 2 96
2 3 1
2 3 6
2 3 14
2 3 26
2 3 30
2 3 42
2 3 60
2 3 63
2 3 70
2 3 76
2 3 90
2 3 93
2 3 97
2 4 7
2 4 18
2 4 22
2 4 41
2 4 56
2 4 60
2 4 72
2 4 87
2 5 1
2 5 22
2 5 28
2 5 33
2 5 65
2 5 70
2 5 71
2 5 77
2 6 2
2 6 33
2 6 42
2 6 67
2 6 71
2 6 75
2 7 7
2 7 13
2 7 31
2 7 65
2 7 69
2 7 77
2 7 92
2 7 95
2 8 15
2 8 33
2 8 40
2 8 43
2 8 49
2 8 86
2 8 88
2 9 2
2 9 16
2 9 21
2 9 23
2 9 42
2 9 48
2 9 66
2 10 14
2 10 15
2 10 85
2 10 95
2 10 98
2 11 14
2 11 17
2 11 18
2 11 44
2 11 76
2 12 12
2 12 17
2 12 41
2 12 54
2 12 94
2 13 3
2 13 19
2 13 88
2 14 2
2 14 10
2 14 58
2 14 71
2 14 86
2 15 0
2 15 7
2 15 19
2 15 32
2 15 37
2 15 39
2 15 63
2 15 81
2 15 93
2 15 94
2 16 13
2 16 28
2 16 29
2 16 31
2 16 60
2 16 66
2 16 72
2 16 78
2 16 81
2 16 86
2 17 9
2 17 19
2 17 32
2 17 47
2 17 57
2 17 58
2 17 69
2 17 81
2 17 85
2 17 91
2 17 92
2 18 4
2 18 8
2 18 15
2 18 22
2 18 23
2 18 53
2 18 66
2 18 84
2 18 88
2 19 21
2 19 31
2 19 44
2 19 68
2 19 75
2 19 95
2 20 28
2 20 31
2 20 36
2 20 45
2 20 55
2 20 60
2 20 82
2 21 26
2 21 65
2 21 66
2 21 67
2 21 78
2 21 81
2 22 4
2 22 5
2 22 24
2 22 29
2 22 31
2 22 39
2 22 77
2 22 83
2 22 87
2 23 31
2 23 37
2 23 50
2 23 67
2 23 71
2 23 80
2 24 9
2 24 36
2 24 47
2 24 59
2 24 93
2 25 9
2 25 20
2 25 21
2 25 27
2 25 30
2 25 39
2 25 69
2 25 73
2 25 79
2 26 6
2 26 8
2 26 13
2 26 20
2 26 40
2 26 45
2 26 63
2 26 73
2 27 2
2 27 27
2 27 32
2 27 38
2 27 42
2 27 61
2 27 79
2 27 81
2 27 91
2 28 32
2 28 36
2 28 52
2 28 88
2 28 91
2 29 7
2 29 9
2 29 15
2 29 38
2 29 42
2 29 59
2 30 6
2 30 22
2 30 24
2 30 32
2 30 49
2 30 78
2 31 8
2 31 10
2 31 29
2 31 31
2 31 59
2 31 65
2 31 73
2 31 85
2 31 86
2 31 95
2 32 30
2 32 31
2 32 51
2 32 55
2 32 60
2 32 76
2 32 95
2 33 12
2 33 17
2 33 29
2 33 32
2 33 42
2 33 67
2 33 71
2 34 4
2 34 17
2 34 70
2 34 73
2 34 87
2 35 7
2 35 16
2 35 41
2 35 47
2 35 59
2 35 62
2 35 69
2 35 84
2 35 90
2 35 95
2 35 98
2 36 4
2 36 21
2 36 29
2 36 45
2 36 47
2 36 54
2 36 78
2 36 79
2 36 87
2 37 2
2 37 22
2 37 35
2 37 42
2 37 44
2 37 62
2 37 88
2 37 92
2 37 97
2 38 1
2 38 9
2 38 75
2 38 85
2 38 92
2 39 17
2 39 26
2 39 28
2 39 59
2 39 62
2 39 66
2 39 73
2 39 81
2 39 97
2 40 3
2 40 17
2 40 30
2 40 57
2 40 58
2 40 65
2 40 75
2 40 91
2 41 0
2 41 20
2 41 22
2 41 41
2 41 66
2 41 73
2 41 96
2 41 97
2 42 18
2 42 30
2 42 48
2 42 62
2 42 71
2 42 90
2 43 27
2 43 89
2 44 2
2 44 4
2 44 12
2 44 28
2 44 38
2 44 83
2 45 12
2 45 15
2 45 26
2 45 34
2 45 64
2 45 74
2 45 85
2 46 8
2 46 30
2 46 40
2 46 65
2 46 66
2 47 0
2 47 7
2 47 9
2 47 15
2 47 18
2 47 33
2 47 34
2 47 92
2 48 15
2 48 18
2 48 71
2 48 75
2 48 94
2 48 98
2 49 2
2 49 10
2 49 32
2 49 76
2 49 93
2 49 98
2 50 1
2 50 22
2 50 30
2 50 39
2 50 41
2 50 46
2 50 47
2 50 63
2 50 66
2 50 75
2 51 57
2 51 70
2 51 81
2 51 97
2 52 2
2 52 10
2 52 22
2 52 26
2 52 58
2 52 73
2 52 83
2 53 6
2 53 34
2 53 41
2 53 60
2 53 83
2 53 87
2 53 97
2 54 2
2 54 4
2 54 8
2 54 12
2 54 46
2 54 50
2 54 78
2 54 99
2 55 10
2 55 15
2 55 16
2 55 35
2 55 46
2 55 67
2 55 70
2 55 81
2 55 90
2 56 28
2 56 48
2 56 64
2 56 91
2 56 94
2 57 8
2 57 60
2 57 71
2 57 72
2 57 73
2 57 82
2 57 84
2 58 18
2 58 31
2 58 34
2 58 71
2 58 72
2 58 73
2 58 77
2 58 82
2 58 84
2 58 99
2 59 10
2 59 14
2 59 30
2 59 50
2 59 55
2 59 74
2 59 81
2 59 82
2 60 27
2 60 29
2 60 33
2 60 60
2 60 68
2 61 1
2 61 20
2 61 59
2 62 23
2 62 37
2 62 61
2 63 18
2 63 29
2 63 43
2 63 52
2 63 74
2 64 3
2 64 12
2 64 42
2 64 71
2 64 74
2 64 97
2 65 6
2 65 12
2 65 30
2 65 57
2 65 63
2 65 86
2 65 97
2 66 18
2 66 24
2 66 28
2 66 29
2 66 40
2 66 49
2 66 50
2 66 83
2 66 94
2 67 0
2 67 13
2 67 29
2 67 34
2 67 39
2 67 42
2 67 59
2 67 76
2 67 78
2 67 79
2 67 86
2 67 89
2 67 90
2 68 23
2 68 33
2 68 34
2 68 35
2 68 36
2 68 48
2 68 65
2 68 71
2 68 93
2 68 96
2 69 13
2 69 18
2 69 27
2 69 33
2 69 49
2 69 57
2 69 61
2 69 63
2 69 77
2 70 8
2 70 57
2 70 79
2 70 86
2 70 88
2 71 25
2 71 27
2 71 28
2 71 64
2 71 70
2 71 71
2 71 93
2 71 98
2 71 99
2 72 9
2 72 35
2 72 43
2 72 62
2 72 84
2 72 92
2 72 94
2 72 95
2 73 3
2 73 20
2 73 24
2 73 41
2 73 52
2 73 65
2 73 73
2 73 87
2 73 96
2 74 0
2 74 6
2 74 10
2 74 32
2 74 35
2 74 54
2 74 71
2 74 79
2 74 82
2 74 85
2 74 96
2 75 1
2 75 2
2 75 17
2 75 20
2 75 21
2 75 55
2 75 57
2 75 74
2 75 88
2 75 93
2 76 14
2 76 44
2 76 45
2 76 60
2 76 62
2 76 72
2 76 85
2 77 29
2 77 31
2 77 33
2 77 45
2 77 57
2 77 84
2 77 94
2 78 0
2 78 1
2 78 3
2 78 9
2 78 22
2 78 30
2 78 35
2 78 37
2 78 41
2 78 80
2 78 95
2 79 2
2 79 5
2 79 15
2 79 26
2 79 30
2 79 65
2 79 92
2 79 97
2 80 7
2 80 11
2 80 12
2 80 18
2 80 19
2 80 22
2 80 35
2 80 46
2 80 53
2 80 59
2 80 62
2 80 76
2 80 97
2 81 23
2 81 29
2 81 31
2 81 64
2 82 4
2 82 11
2 82 27
2 82 37
2 82 47
2 82 61
2 82 63
2 82 70
2 82 80
2 82 85
2 82 95
2 83 0
2 83 16
2 83 40
2 83 41
2 83 70
2 83 79
2 84 16
2 84 21
2 84 32
2 84 42
2 84 62
2 84 90
2 85 23
2 85 28
2 85 34
2 85 39
2 85 48
2 86 3
2 86 25
2 86 27
2 86 51
2 86 87
2 86 96
2 87 21
2 87 37
2 87 43
2 87 58
2 87 64
2 87 83
2 87 89
2 88 7
2 88 15
2 88 17
2 88 27
2 88 52
2 88 58
2 88 62
2 89 35
2 89 38
2 89 41
2 89 66
2 89 86
2 89 93
2 90 3
2 90 18
2 90 60
2 90 77
2 90 83
2 90 90
2 91 8
2 91 15
2 91 39
2 91 41
2 91 52
2 91 60
2 91 67
2 92 11
2 92 12
2 92 27
2 92 49
2 92 50
2 92 56
2 92 74
2 92 91
2 92 95
2 92 99
2 93 13
2 93 21
2 93 40
2 93 76
2 93 81
2 93 82
2 93 89
2 93 92
2 94 36
2 94 50
2 94 64
2 94 71
2 94 81
2 94 85
2 95 20
2 95 29
2 95 38
2 95 47
2 95 56
2 96 8
2 96 23
2 96 29
2 96 33
2 96 40
2 96 59
2 96 60
2 96 68
2 96 71
2 96 80
2 97 6
2 97 48
2 97 56
2 97 59
2 97 72
2 98 9
2 98 28
2 98 33
2 98 40
2 98 50
2 98 65
2 98 71
2 98 77
2 98 85
2 98 89
2 99 4
2 99 38
2 99 43
2 99 53
2 99 64
2 99 86
2 99 91
2 100 9
2 100 24
2 100 37
2 100 74
2 100 83
2 100 90
2 100 99
2 101 2
2 101 18
2 101 27
2 101 40
2 101 60
2 101 61
2 101 70
2 101 79
2 101 82
2 102 7
2 102 8
2 102 12
2 102 25
2 102 66
2 102 82
2 102 85
2 102 89
2 102 92
2 103 3
2 103 24
2 103 28
2 103 30
2 103 51
2 103 52
2 103 74
2 103 88
2 104 5
2 104 7
2 104 32
2 104 40
2 104 51
2 104 68
2 104 70
2 104 71
2 105 0
2 105 32
2 105 36
2 105 51
2 105 54
2 105 90
2 105 96
2 106 3
2 106 17
2 106 24
2 106 43
2 106 51
2 106 70
2 106 72
2 106 82
2 106 87
2 107 21
2 107 33
2 107 34
2 107 77
2 107 94
2 107 96
2 108 9
2 108 13
2 108 18
2 108 29
2 108 37
2 108 39
2 108 58
2 108 65
2 108 72
2 108 94
2 108 99
2 109 32
2 109 37
2 109 60
2 109 65
2 109 77
2 109 79
2 109 86
2 110 25
2 110 98
2 111 5
2 111 6
2 111 7
2 111 28
2 111 34
2 111 42
2 111 50
2 111 61
2 111 65
2 111 77
2 111 78
2 112 24
2 112 55
2 112 58
2 112 67
2 112 72
2 112 76
2 112 77
2 112 90
2 113 36
2 113 39
2 113 42
2 113 60
2 113 81
2 113 88
2 113 92
2 113 95
2 114 11
2 114 25
2 114 30
2 114 63
2 114 71
2 114 81
2 114 88
2 114 95
2 114 96
2 115 33
2 115 40
2 115 63
2 115 78
2 115 98
2 116 5
2 116 11
2 116 13
2 116 25
2 116 31
2 116 60
2 116 84
2 116 91
2 116 92
2 116 93
2 116 97
2 116 99
2 117 9
2 117 23
2 117 47
2 117 52
2 117 77
2 117 84
2 118 14
2 118 19
2 118 21
2 118 54
2 118 58
2 118 70
2 118 72
2 118 88
2 118 98
2 119 4
2 119 36
2 119 37
2 119 52
2 119 89
2 119 99
2 120 8
2 120 9
2 120 19
2 120 24
2 120 27
2 120 42
2 120 51
2 120 52
2 120 57
2 120 70
2 120 80
2 120 89
2 120 97
2 121 16
2 121 33
2 121 39
2 121 47
2 121 49
2 121 50
2 121 67
2 121 76
2 122 2
2 122 16
2 122 33
2 122 54
2 122 59
2 122 62
2 122 67
2 122 69
2 122 86
2 123 7
2 123 33
2 123 57
2 123 66
2 123 68
2 123 87
2 124 16
2 124 36
2 124 44
2 124 52
2 124 55
2 124 73
2 124 83
2 124 91
2 124 97
2 125 10
2 125 15
2 125 33
2 125 41
2 125 45
2 125 52
2 125 57
2 125 78
2 125 93
2 126 10
2 126 14
2 126 50
2 126 53
2 126 69
2 126 92
2 126 99
2 127 8
2 127 35
2 127 49
2 127 81
2 127 85
2 127 90
2 128 3
2 128 9
2 128 11
2 128 41
2 128 82
2 129 2
2 129 9
2 129 26
2 129 44
2 129 83
2 129 84
2 130 13
2 130 33
2 130 38
2 130 42
2 130 44
2 130 68
2 131 12
2 131 40
2 131 47
2 131 55
2 131 68
2 131 84
2 132 32
2 132 39
2 132 41
2 132 62
2 132 63
2 132 71
2 132 74
2 133 13
2 133 39
2 133 64
2 133 65
2 133 86
2 134 7
2 134 11
2 134 17
2 134 21
2 134 22
2 134 54
2 134 84
2 135 14
2 135 26
2 135 31
2 135 34
2 135 46
2 135 56
2 135 64
2 135 66
2 135 71
2 135 80
2 135 84
2 135 90
2 135 97
2 136 17
2 136 19
2 136 37
2 136 38
2 136 47
2 136 53
2 136 78
2 136 80
3 0 14
3 0 23
3 0 25
3 0 28
3 0 42
3 0 68
3 0 69
3 0 70
3 0 73
3 0 102
3 0 124
3 0 126
3 1 20
3 1 22
3 1 60
3 1 61
3 1 64
3 1 67
3 1 117
3 1 123
3 2 12
3 2 15
3 2 20
3 2 22
3 2 31
3 2 46
3 2 48
3 2 59
3 2 65
3 2 66
3 2 79
3 2 85
3 2 99
3 2 107
3 2 111
3 2 124
3 3 18
3 3 20
3 3 38
3 3 43
3 3 50
3 3 56
3 3 72
3 3 78
3 3 105
3 3 113
3 3 120
3 4 4
3 4 18
3 4 61
3 4 68
3 4 97
3 4 108
3 4 115
3 4 117
3 5 10
3 5 14
3 5 18
3 5 23
3 5 33
3 5 43
3 5 118
3 6 7
3 6 21
3 6 44
3 6 47
3 6 50
3 6 57
3 6 59
3 6 65
3 6 103
3 6 126
3 6 128
3 7 18
3 7 33
3 7 36
3 7 39
3 7 87
3 7 103
3 7 113
3 7 116
3 8 19
3 8 42
3 8 77
3 8 81
3 8 112
3 8 115
3 9 5
3 9 25
3 9 61
3 9 85
3 9 89
3 9 94
3 9 99
3 9 101
3 9 109
3 9 117
3 10 10
3 10 36
3 10 37
3 10 52
3 10 59
3 10 69
3 10 76
3 10 87
3 10 112
3 10 113
3 11 48
3 11 65
3 11 66
3 11 83
3 11 84
3 11 94
3 11 95
3 11 97
3 11 116
3 11 123
3 11 124
3 12 22
3 12 36
3 12 38
3 12 44
3 12 86
3 12 126
3 13 0
3 13 2
3 13 11
3 13 14
3 13 30
3 13 33
3 13 48
3 13 54
3 13 72
3 13 94
3 13 101
3 13 102
3 13 120
3 13 121
3 14 32
3 14 63
3 14 67
3 14 79
3 14 81
3 14 86
3 14 88
3 14 115
3 14 126
3 15 0
3 15 1
3 15 5
3 15 7
3 15 18
3 15 28
3 15 40
3 15 67
3 15 70
3 15 71
3 15 73
3 15 91
3 15 106
3 16 18
3 16 33
3 16 39
3 16 55
3 16 56
3 16 76
3 16 84
3 16 104
3 16 125
3 17 4
3 17 46
3 17 50
3 17 56
3 17 91
3 17 101
3 17 118
3 18 29
3 18 35
3 18 56
3 18 71
3 18 92
3 18 114
3 18 124
3 19 7
3 19 17
3 19 19
3 19 21
3 19 54
3 19 58
3 19 85
3 19 109
3 19 114
3 19 121
3 19 124
3 20 6
3 20 31
3 20 35
3 20 37
3 20 50
3 20 53
3 20 58
3 20 71
3 20 83
3 20 89
3 20 90
3 20 92
3 20 97
3 20 115
3 20 119
3 21 50
3 21 60
3 21 84
3 22 6
3 22 11
3 22 14
3 22 27
3 22 39
3 22 41
3 22 49
3 22 65
3 22 74
3 22 92
3 22 97
3 22 104
3 22 106
3 23 16
3 23 23
3 23 49
3 23 51
3 23 54
3 23 61
3 23 68
3 23 75
3 23 76
3 23 78
3 23 85
3 23 90
3 23 95
3 23 103
3 23 105
3 23 109
3 23 120
3 23 121
3 24 14
3 24 20
3 24 26
3 24 73
3 24 88
3 24 96
3 24 97
3 24 122
3 25 7
3 25 12
3 25 18
3 25 19
3 25 22
3 25 23
3 25 27
3 25 29
3 25 32
3 25 36
3 25 43
3 25 45
3 25 46
3 25 72
3 25 78
3 25 99
3 25 120
3 25 124
3 26 33
3 26 59
3 26 68
3 26 98
3 26 113
3 26 116
3 27 0
3 27 44
3 27 64
3 27 67
3 27 68
3 27 84
3 27 103
3 27 107
3 27 125
3 28 1
3 28 34
3 28 40
3 28 48
3 28 52
3 28 77
3 28 82
3 28 86
3 28 98
3 28 108
3 28 124
3 28 125
3 29 28
3 29 60
3 29 73
3 29 90
3 29 95
3 29 105
3 29 114
3 30 13
3 30 25
3 30 26
3 30 49
3 30 75
3 30 100
3 30 111
3 30 124
3 31 11
3 31 19
3 31 52
3 31 56
3 31 57
3 31 68
3 31 88
3 31 93
3 31 107
3 31 114
3 32 32
3 32 39
3 32 45
3 32 76
3 32 77
3 32 88
3 32 90
3 32 93
3 32 98
3 32 103
3 32 127
3 33 11
3 33 24
3 33 44
3 33 48
3 33 50
3 33 69
3 33 102
3 33 107
3 33 109
3 34 6
3 34 22
3 34 28
3 34 45
3 34 54
3 34 57
3 34 58
3 34 70
3 34 76
3 34 99
3 34 100
3 34 109
3 34 111
3 34 115
3 35 29
3 35 43
3 35 54
3 35 87
3 35 112
3 36 4
3 36 30
3 36 36
3 36 86
3 36 100
3 36 107
3 37 1
3 37 4
3 37 28
3 37 31
3 37 72
3 37 74
3 37 77
3 37 128
3 38 37
3 38 49
3 38 64
3 38 80
3 38 97
3 38 106
3 38 110
3 38 124
3 38 125
3 39 15
3 39 43
3 39 63
3 39 66
3 39 68
3 39 95
3 39 100
3 39 112
3 40 1
3 40 14
3 40 16
3 40 17
3 40 22
3 40 23
3 40 72
3 40 76
3 40 106
3 40 112
3 40 128
3 41 0
3 41 10
3 41 12
3 41 21
3 41 28
3 41 31
3 41 55
3 41 74
3 41 75
3 41 80
3 41 96
3 41 122
3 42 11
3 42 13
3 42 38
3 42 41
3 42 59
3 42 67
3 42 70
3 42 78
3 42 122
3 42 125
3 43 2
3 43 9
3 43 27
3 43 38
3 43 43
3 43 66
3 43 75
3 43 84
3 43 118
3 43 127
3 44 0
3 44 14
3 44 32
3 44 54
3 44 74
3 44 87
3 44 101
3 44 104
3 44 123
3 44 124
3 45 40
3 45 69
3 45 79
3 45 107
3 45 113
3 45 114
3 46 1
3 46 64
3 46 70
3 46 84
3 46 91
3 46 94
3 46 103
3 46 126
3 47 38
3 47 52
3 47 79
3 48 36
3 48 64
3 48 69
3 48 79
3 48 82
3 48 84
3 48 90
3 48 118
3 48 126
3 49 9
3 49 17
3 49 18
3 49 23
3 49 85
3 49 108
3 50 1
3 50 6
3 50 15
3 50 38
3 50 50
3 50 56
3 50 67
3 50 87
3 50 91
3 51 0
3 51 1
3 51 5
3 51 11
3 51 13
3 51 52
3 51 81
3 51 86
3 51 123
3 52 9
3 52 35
3 53 13
3 53 31
3 53 63
3 53 80
3 53 126
3 53 128
3 54 5
3 54 25
3 54 40
3 54 50
3 54 75
3 54 95
3 54 113
3 54 115
3 55 18
3 55 25
3 55 30
3 55 53
3 55 57
3 55 74
3 55 85
3 55 107
3 56 28
3 56 37
3 56 38
3 56 109
3 56 111
3 57 8
3 57 11
3 57 30
3 57 39
3 57 82
3 57 90
3 57 107
3 58 3
3 58 9
3 58 19
3 58 46
3 58 50
3 58 84
3 58 90
3 58 93
3 58 110
3 59 14
3 59 21
3 59 34
3 59 54
3 59 69
3 59 70
3 59 88
3 59 99
3 59 100
3 59 106
3 60 65
3 60 67
3 60 97
3 60 118
3 61 0
3 61 7
3 61 15
3 61 25
3 61 27
3 61 31
3 61 49
3 61 59
3 61 66
3 61 76
3 61 77
3 61 82
3 61 84
3 61 92
3 61 95
3 61 96
3 61 101
3 61 106
3 62 3
3 62 6
3 62 8
3 62 21
3 62 26
3 62 73
3 62 80
3 62 94
3 62 116
3 62 121
3 62 125
3 63 4
3 63 17
3 63 37
3 63 47
3 63 62
3 63 88
3 63 96
3 63 102
3 63 103
3 63 111
3 63 115
3 64 2
3 64 22
3 64 33
3 64 34
3 64 37
3 64 49
3 64 66
3 64 98
3 64 102
3 64 115
3 64 127
3 65 22
3 65 28
3 65 59
3 65 63
3 65 64
3 65 73
3 65 97
3 65 100
3 65 103
3 66 7
3 66 31
3 66 47
3 66 51
3 66 64
3 66 75
3 66 91
3 66 123
3 67 19
3 67 22
3 67 28
3 67 37
3 67 43
3 67 57
3 67 82
3 67 101
3 67 108
3 67 117
3 68 2
3 68 3
3 68 18
3 68 20
3 68 46
3 68 51
3 68 54
3 68 57
3 68 75
3 68 114
3 68 123
3 69 22
3 69 35
3 69 48
3 69 54
3 69 58
3 69 66
3 69 82
3 69 101
3 69 107
3 70 61
3 70 71
3 70 72
3 70 75
3 70 84
3 70 124
3 71 2
3 71 5
3 71 10
3 71 23
3 71 28
3 71 55
3 71 74
3 71 75
3 71 76
3 71 112
3 71 118
3 71 121
3 71 122
3 72 5
3 72 32
3 72 51
3 72 52
3 72 63
3 72 76
3 72 98
3 72 101
3 73 4
3 73 5
3 73 9
3 73 37
3 73 64
3 73 68
3 73 74
3 73 81
3 73 112
3 73 124
3 73 128
3 74 7
3 74 20
3 74 33
3 74 35
3 74 38
3 74 41
3 74 56
3 74 73
3 74 74
3 74 81
3 74 90
3 74 91
3 74 106
3 74 111
3 74 126
3 75 3
3 75 38
3 75 62
3 75 63
3 75 68
3 75 100
3 75 105
3 75 118
3 75 123
3 76 34
3 76 58
3 76 68
3 76 83
3 76 86
3 76 102
3 77 1
3 77 12
3 77 24
3 77 52
3 77 54
3 77 56
3 77 66
3 77 77
3 77 81
3 77 102
3 77 111
3 77 115
3 77 126
3 78 5
3 78 8
3 78 38
3 78 74
3 78 76
3 78 87
3 78 97
3 78 110
3 79 39
3 79 50
3 79 57
3 79 63
3 79 67
3 79 70
3 79 71
3 79 111
3 80 7
3 80 9
3 80 11
3 80 53
3 80 55
3 80 57
3 80 69
3 80 75
3 80 80
3 80 87
3 80 97
3 80 111
3 81 9
3 81 35
3 81 41
3 81 49
3 81 62
3 81 72
3 81 82
3 81 115
3 81 124
3 82 16
3 82 25
3 82 30
3 82 43
3 82 52
3 82 84
3 82 87
3 82 99
3 82 102
3 82 105
3 82 120
3 82 127
3 83 18
3 83 35
3 83 45
3 83 48
3 83 50
3 83 53
3 83 83
3 83 124
3 84 24
3 84 28
3 84 29
3 84 32
3 84 42
3 84 47
3 84 57
3 84 63
3 84 75
3 84 86
3 84 88
3 84 99
3 84 122
3 85 1
3 85 7
3 85 8
3 85 49
3 85 58
3 85 74
3 85 89
3 85 96
3 85 109
3 85 126
3 86 16
3 86 40
3 86 45
3 86 50
3 86 81
3 86 84
3 86 98
3 86 102
3 87 7
3 87 14
3 87 19
3 87 74
3 88 11
3 88 14
3 88 22
3 88 29
3 88 31
3 88 37
3 88 48
3 88 71
3 88 73
3 88 92
3 88 106
3 88 115
3 89 15
3 89 18
3 89 19
3 89 27
3 89 31
3 89 44
3 89 47
3 89 55
3 89 56
3 89 68
3 89 116
3 89 121
3 89 127
3 90 1
3 90 18
3 90 20
3 90 45
3 90 52
3 90 53
3 90 58
3 90 61
3 90 68
3 90 73
3 90 86
3 90 92
3 90 96
3 90 115
3 91 6
3 91 15
3 91 27
3 91 36
3 91 126
3 92 9
3 92 25
3 92 40
3 92 41
3 92 81
3 92 107
3 92 109
3 93 8
3 93 18
3 93 24
3 93 25
3 93 51
3 93 62
3 93 72
3 93 87
3 93 88
3 93 97
3 93 101
3 93 104
3 93 115
3 94 16
3 94 17
3 94 28
3 94 55
3 94 84
3 94 86
3 94 99
3 94 105
3 95 28
3 95 36
3 95 51
3 95 63
3 95 82
3 95 84
3 95 124
3 96 23
3 96 28
3 96 36
3 96 40
3 96 45
3 96 57
3 96 59
3 96 65
3 96 74
3 96 81
3 96 127
3 97 5
3 97 75
3 97 84
3 97 89
3 97 102
3 98 5
3 98 56
3 98 65
3 98 87
3 98 100
3 99 4
3 99 9
3 99 62
3 99 69
3 99 75
3 99 76
3 99 78
3 99 96
3 99 102