2282
5
119 126 141 108 106
5404

849 706 222 32 0 335 257 0 370 0 0 0 461 0 0 981 0 206 0 0 0 0 510 4 0 207 812 412 185 438 0 0 0 47 0 84 0 59 37 0 44 0 58 0 71 30 0 34 37 41 0 0 28 0 20 81 70 0 0 22 0 0 83 8 89 0 97 0 58 3 81 95 13 0 46 90 0 0 0 0 28 1 4 24 5 0 0 0 68 9 51 65 94 0 0 0 95 61 0 0 93 0 8 3 67 50 0 13 0 0 0 55 54 53 66 0 19 71 0
427 185 0 497 756 877 273 0 988 136 803 84 0 472 0 850 885 0 941 0 0 0 12 0 0 0 587 0 0 631 0 0 95 68 65 0 0 49 0 49 0 58 0 76 54 0 11 0 60 62 0 0 0 8 8 34 9 14 0 24 0 13 88 26 0 1 0 0 57 0 55 10 96 0 0 0 0 89 54 1 36 0 0 59 0 0 0 0 0 0 36 0 0 0 0 98 0 100 25 0 0 62 0 66 76 44 0 42 86 57 65 37 19 0 0 0 12 0 0 0 0 0 82 56 0 0
421 466 0 479 0 222 241 0 0 92 0 0 619 0 985 897 955 475 0 0 0 0 0 121 65 487 620 752 0 914 888 0 93 687 0 0 0 0 0 7 29 0 0 23 99 92 0 24 0 100 3 58 0 0 0 0 0 0 54 45 71 48 0 11 37 0 0 7 0 68 46 51 0 20 0 13 30 2 64 39 0 1 39 30 79 78 0 0 29 0 26 94 31 62 0 0 97 28 0 0 24 0 78 0 0 80 0 48 67 27 96 96 0 0 0 67 0 39 49 41 65 36 0 61 64 0 0 6 70 0 0 0 0 0 98 93 50 23 19 0 0
107 0 0 163 172 834 803 0 0 771 673 0 352 0 681 584 433 0 431 568 861 0 664 381 60 0 387 148 26 48 55 66 26 89 0 0 0 0 30 95 71 88 0 73 0 11 80 13 0 0 84 25 34 0 0 57 29 0 53 0 0 0 18 32 0 0 83 76 3 4 15 0 50 0 2 12 7 21 0 77 33 32 0 0 35 85 69 24 0 0 0 43 21 80 18 33 0 41 84 0 0 0 52 88 0 87 75 0
540 0 872 0 852 408 0 606 0 0 0 0 93 349 702 0 126 0 801 0 83 155 0 872 450 0 0 22 15 36 15 0 0 0 0 2 0 20 4 0 0 0 0 5 0 0 72 18 0 0 48 16 0 0 47 48 0 0 38 96 0 80 0 0 73 84 83 71 90 0 60 0 0 0 0 60 40 0 27 0 0 56 94 34 54 0 0 0 0 87 83 73 0 0 23 42 46 0 0 82 43 0 0 0 0 0

0 0 0
0 0 18
0 0 36
0 0 48
0 0 51
0 0 100
0 0 120
0 0 122
0 1 3
0 1 35
0 1 37
0 1 49
0 1 61
0 1 70
0 1 79
0 1 89
0 1 102
0 1 110
0 1 112
0 1 115
0 2 15
0 2 18
0 2 46
0 2 48
0 2 99
0 2 100
0 2 103
0 2 114
0 2 120
0 2 121
0 3 1
0 3 30
0 3 64
0 3 71
0 3 75
0 3 76
0 3 88
0 3 91
0 3 101
0 3 106
0 3 107
0 4 11
0 4 12
0 4 40
0 4 64
0 4 82
0 4 107
0 4 115
0 4 118
0 4 120
0 5 15
0 5 25
0 5 27
0 5 28
0 5 29
0 5 33
0 5 43
0 5 44
0 5 54
0 5 82
0 5 87
0 5 97
0 5 98
0 5 107
0 5 109
0 6 23
0 6 39
0 6 83
0 6 97
0 6 99
0 6 106
0 6 113
0 7 2
0 7 4
0 7 10
0 7 24
0 7 38
0 7 40
0 7 46
0 7 49
0 7 50
0 7 55
0 7 63
0 7 94
0 7 119
0 8 14
0 8 27
0 8 34
0 8 35
0 8 64
0 8 67
0 8 71
0 8 80
0 8 106
0 8 112
0 8 116
0 9 2
0 9 12
0 9 18
0 9 26
0 9 44
0 9 76
0 9 118
0 9 123
0 10 6
0 10 8
0 10 11
0 10 12
0 10 28
0 10 31
0 10 38
0 10 46
0 10 49
0 10 65
0 10 70
0 10 82
0 10 96
0 10 101
0 10 117
0 11 5
0 11 6
0 11 19
0 11 43
0 11 60
0 11 91
0 11 101
0 11 121
0 11 123
0 12 4
0 12 12
0 12 15
0 12 51
0 12 60
0 12 64
0 12 76
0 12 80
0 12 91
0 12 99
0 12 119
0 12 123
0 13 54
0 13 55
0 13 104
0 13 113
0 13 125
0 14 14
0 14 45
0 14 49
0 14 50
0 14 52
0 14 54
0 14 73
0 14 76
0 14 78
0 14 88
0 14 92
0 14 105
0 15 0
0 15 14
0 15 18
0 15 28
0 15 51
0 15 59
0 15 72
0 15 79
0 15 105
0 15 115
0 15 117
0 16 11
0 16 36
0 16 52
0 16 56
0 16 60
0 16 69
0 16 84
0 16 86
0 16 96
0 16 106
0 16 117
0 17 22
0 17 26
0 17 35
0 17 48
0 17 63
0 17 85
0 17 94
0 17 97
0 17 104
0 17 110
0 17 116
0 18 15
0 18 32
0 18 45
0 18 60
0 18 83
0 18 88
0 18 95
0 18 96
0 18 102
0 19 1
0 19 7
0 19 28
0 19 40
0 19 44
0 19 76
0 19 78
0 19 90
0 19 101
0 20 1
0 20 2
0 20 38
0 20 45
0 20 48
0 20 50
0 20 51
0 20 61
0 20 77
0 20 80
0 20 91
0 20 97
0 20 108
0 20 109
0 20 112
0 20 116
0 21 4
0 21 9
0 21 21
0 21 33
0 21 43
0 21 50
0 21 61
0 21 64
0 21 65
0 21 66
0 21 86
0 21 93
0 21 95
0 21 99
0 21 111
0 21 117
0 21 118
0 22 7
0 22 13
0 22 21
0 22 22
0 22 25
0 22 47
0 22 53
0 22 63
0 22 64
0 22 72
0 22 86
0 22 91
0 22 92
0 22 95
0 22 104
0 22 114
0 22 122
0 23 0
0 23 4
0 23 18
0 23 32
0 23 36
0 23 44
0 23 68
0 23 96
0 23 98
0 23 119
0 23 122
0 24 12
0 24 34
0 24 50
0 24 51
0 24 81
0 24 91
0 24 105
0 24 106
0 24 107
0 24 111
0 24 112
0 25 29
0 25 44
0 25 49
0 25 56
0 25 63
0 25 70
0 25 77
0 25 84
0 25 88
0 25 93
0 25 115
0 26 4
0 26 35
0 26 44
0 26 50
0 26 52
0 26 56
0 26 67
0 26 69
0 26 87
0 26 88
0 26 110
0 27 17
0 27 18
0 27 25
0 27 31
0 27 41
0 27 51
0 27 55
0 27 69
0 27 102
0 27 109
0 27 117
0 27 119
0 27 122
0 28 8
0 28 16
0 28 19
0 28 53
0 28 55
0 28 75
0 28 99
0 28 102
0 28 110
0 28 112
0 28 116
0 28 123
0 28 125
0 29 10
0 29 17
0 29 19
0 29 32
0 29 48
0 29 58
0 29 59
0 29 68
0 29 69
0 29 96
0 29 105
0 29 116
0 29 118
0 30 8
0 30 15
0 30 17
0 30 23
0 30 32
0 30 38
0 30 47
0 30 53
0 30 85
0 30 109
0 30 122
0 31 3
0 31 6
0 31 21
0 31 36
0 31 43
0 31 45
0 31 65
0 31 101
0 31 106
0 31 114
0 32 2
0 32 42
0 32 52
0 32 75
0 32 91
0 32 122
0 33 1
0 33 3
0 33 32
0 33 58
0 33 108
0 34 25
0 34 27
0 34 30
0 34 38
0 34 49
0 34 60
0 34 70
0 34 100
0 34 104
0 34 114
0 34 115
0 34 120
0 34 124
0 35 7
0 35 30
0 35 35
0 35 37
0 35 47
0 35 69
0 35 77
0 35 81
0 35 91
0 35 96
0 35 104
0 35 125
0 36 4
0 36 15
0 36 33
0 36 46
0 36 52
0 36 66
0 36 67
0 36 81
0 36 82
0 36 92
0 36 107
0 37 27
0 37 70
0 37 71
0 37 89
0 37 99
0 37 102
0 37 105
0 37 110
0 38 36
0 38 41
0 38 50
0 38 55
0 38 63
0 38 67
0 38 76
0 38 100
0 38 117
0 39 11
0 39 17
0 39 21
0 39 25
0 39 26
0 39 49
0 39 73
0 39 91
0 39 114
0 40 7
0 40 17
0 40 21
0 40 28
0 40 30
0 40 58
0 40 60
0 40 109
0 40 114
0 40 120
0 41 5
0 41 43
0 41 78
0 41 87
0 41 90
0 41 107
0 41 118
0 42 35
0 42 44
0 42 46
0 42 59
0 42 72
0 42 88
0 42 89
0 42 91
0 42 97
0 42 102
0 42 111
0 42 114
0 43 13
0 43 23
0 43 89
0 43 101
0 43 110
0 44 0
0 44 3
0 44 7
0 44 12
0 44 13
0 44 27
0 44 33
0 44 44
0 44 69
0 44 114
0 44 122
0 45 10
0 45 21
0 45 41
0 45 49
0 45 68
0 45 79
0 45 92
0 45 105
0 45 119
0 45 122
0 46 12
0 46 17
0 46 19
0 46 61
0 46 62
0 46 73
0 46 77
0 46 78
0 46 81
0 46 101
0 46 106
0 47 32
0 47 56
0 47 63
0 47 72
0 47 83
0 47 90
0 47 92
0 47 119
0 48 16
0 48 21
0 48 29
0 48 48
0 48 60
0 48 91
0 48 93
0 48 95
0 48 123
0 49 4
0 49 15
0 49 19
0 49 28
0 49 29
0 49 50
0 49 55
0 49 60
0 49 88
0 49 96
0 49 116
0 49 119
0 49 125
0 50 14
0 50 24
0 50 38
0 50 76
0 50 88
0 50 91
0 50 102
0 50 108
0 50 122
0 51 1
0 51 7
0 51 26
0 51 45
0 51 61
0 51 83
0 51 90
0 51 112
0 51 119
0 52 15
0 52 25
0 52 29
0 52 32
0 52 42
0 52 77
0 52 100
0 52 110
0 53 1
0 53 14
0 53 18
0 53 19
0 53 60
0 53 65
0 53 96
0 53 102
0 53 110
0 53 116
0 54 10
0 54 11
0 54 19
0 54 32
0 54 36
0 54 58
0 54 75
0 54 77
0 54 83
0 54 85
0 54 88
0 54 101
0 54 121
0 54 122
0 55 11
0 55 19
0 55 20
0 55 31
0 55 32
0 55 33
0 55 39
0 55 43
0 55 50
0 55 87
0 55 94
0 55 105
0 55 107
0 56 7
0 56 8
0 56 18
0 56 26
0 56 29
0 56 41
0 56 50
0 56 51
0 56 53
0 56 57
0 56 60
0 56 90
0 56 94
0 56 98
0 56 102
0 56 117
0 57 0
0 57 12
0 57 27
0 57 30
0 57 36
0 57 44
0 57 57
0 57 60
0 57 63
0 57 74
0 57 79
0 57 112
0 58 18
0 58 66
0 58 70
0 58 75
0 58 77
0 58 99
0 58 102
0 58 121
0 59 12
0 59 23
0 59 27
0 59 48
0 59 49
0 59 53
0 59 56
0 59 57
0 59 67
0 59 70
0 59 76
0 59 82
0 59 89
0 59 94
0 59 106
0 59 112
0 59 118
0 60 49
0 60 56
0 60 59
0 60 67
0 60 83
0 60 89
0 60 98
0 61 2
0 61 5
0 61 24
0 61 45
0 61 46
0 61 75
0 61 78
0 61 81
0 61 87
0 61 88
0 61 94
0 61 98
0 61 99
0 61 111
0 61 120
0 62 23
0 62 26
0 62 34
0 62 36
0 62 69
0 62 84
0 62 89
0 63 9
0 63 19
0 63 39
0 63 56
0 63 72
0 63 125
0 64 7
0 64 18
0 64 20
0 64 27
0 64 31
0 64 38
0 64 48
0 64 58
0 64 75
0 64 78
0 64 83
0 64 87
0 64 98
0 64 111
0 64 114
0 65 0
0 65 4
0 65 11
0 65 21
0 65 25
0 65 29
0 65 32
0 65 33
0 65 67
0 65 89
0 65 92
0 65 98
0 65 104
0 65 113
0 65 120
0 66 8
0 66 9
0 66 20
0 66 25
0 66 29
0 66 35
0 66 45
0 66 53
0 66 69
0 66 76
0 66 77
0 66 82
0 66 88
0 66 89
0 66 90
0 66 104
0 66 106
0 66 120
0 67 7
0 67 23
0 67 33
0 67 37
0 67 43
0 67 67
0 67 77
0 67 78
0 67 90
0 67 113
0 67 120
0 67 123
0 68 2
0 68 5
0 68 6
0 68 12
0 68 22
0 68 39
0 68 58
0 68 88
0 68 94
0 68 101
0 68 116
0 68 121
0 69 33
0 69 47
0 69 59
0 69 66
0 69 72
0 69 82
0 69 104
0 69 114
0 69 125
0 70 11
0 70 15
0 70 23
0 70 36
0 70 41
0 70 52
0 70 57
0 70 67
0 70 70
0 70 98
0 70 101
0 70 109
0 70 115
0 71 19
0 71 33
0 71 48
0 71 50
0 71 81
0 71 89
0 71 103
0 71 105
0 71 114
0 71 115
0 72 3
0 72 8
0 72 16
0 72 26
0 72 31
0 72 33
0 72 34
0 72 42
0 72 46
0 72 50
0 72 51
0 72 79
0 72 82
0 72 85
0 72 119
0 72 121
0 72 122
0 73 7
0 73 17
0 73 45
0 73 67
0 73 81
0 73 89
0 73 90
0 73 100
0 73 102
0 74 10
0 74 17
0 74 22
0 74 24
0 74 70
0 74 73
0 74 80
0 74 96
0 74 97
0 74 103
0 74 117
0 75 21
0 75 23
0 75 24
0 75 35
0 75 38
0 75 39
0 75 56
0 75 106
0 75 115
0 75 118
0 75 125
0 76 3
0 76 7
0 76 27
0 76 31
0 76 85
0 76 96
0 76 97
0 76 108
0 76 112
0 76 114
0 77 5
0 77 25
0 77 30
0 77 31
0 77 38
0 77 40
0 77 52
0 77 58
0 77 64
0 77 71
0 78 39
0 78 42
0 78 45
0 78 56
0 78 68
0 78 69
0 78 78
0 78 94
0 78 95
0 78 114
0 79 4
0 79 11
0 79 12
0 79 14
0 79 30
0 79 33
0 79 52
0 79 64
0 79 81
0 79 102
0 79 118
0 79 125
0 80 0
0 80 6
0 80 7
0 80 12
0 80 18
0 80 45
0 80 46
0 80 56
0 80 58
0 80 94
0 80 95
0 80 102
0 80 118
0 81 1
0 81 12
0 81 17
0 81 38
0 81 46
0 81 51
0 81 53
0 81 64
0 81 73
0 81 75
0 81 88
0 81 95
0 81 101
0 81 103
0 81 111
0 82 36
0 82 41
0 82 42
0 82 53
0 82 61
0 82 72
0 82 73
0 82 90
0 82 97
0 82 117
0 82 119
0 83 5
0 83 44
0 83 60
0 83 61
0 83 108
0 83 122
0 84 6
0 84 26
0 84 28
0 84 29
0 84 30
0 84 39
0 84 48
0 84 49
0 84 85
0 84 98
0 84 118
0 85 24
0 85 50
0 85 58
0 85 90
0 85 91
0 85 93
0 85 95
0 85 103
0 85 107
0 86 16
0 86 28
0 86 62
0 86 70
0 86 74
0 86 81
0 86 89
0 86 91
0 86 97
0 86 98
0 86 105
0 86 111
0 86 119
0 87 23
0 87 34
0 87 44
0 87 51
0 87 102
0 87 111
0 87 124
0 88 4
0 88 6
0 88 7
0 88 9
0 88 12
0 88 13
0 88 21
0 88 37
0 88 90
0 88 98
0 88 106
0 88 111
0 88 114
0 88 121
0 89 32
0 89 37
0 89 60
0 89 67
0 89 90
0 89 100
0 89 112
0 89 115
0 89 121
0 90 18
0 90 29
0 90 30
0 90 33
0 90 66
0 90 81
0 90 93
0 90 95
0 91 9
0 91 29
0 91 31
0 91 47
0 91 53
0 91 65
0 91 87
0 91 89
0 91 93
0 91 115
0 91 124
0 92 15
0 92 18
0 92 27
0 92 41
0 92 45
0 92 50
0 92 67
0 92 68
0 92 83
0 92 95
0 92 110
0 92 111
0 92 121
0 93 5
0 93 6
0 93 8
0 93 22
0 93 56
0 93 63
0 93 77
0 93 98
0 93 108
0 93 115
0 93 116
0 93 117
0 93 121
0 93 124
0 94 0
0 94 2
0 94 6
0 94 10
0 94 22
0 94 25
0 94 42
0 94 50
0 94 58
0 94 80
0 94 93
0 94 104
0 95 8
0 95 23
0 95 49
0 95 61
0 95 71
0 95 73
0 95 79
0 95 84
0 95 92
0 95 96
0 95 100
0 95 109
0 95 117
0 95 121
0 96 0
0 96 4
0 96 11
0 96 17
0 96 21
0 96 57
0 96 66
0 96 75
0 96 77
0 96 103
0 96 107
0 96 121
0 96 125
0 97 4
0 97 27
0 97 39
0 97 51
0 97 64
0 97 72
0 97 114
0 97 116
0 97 121
0 97 122
0 98 2
0 98 37
0 98 38
0 98 49
0 98 69
0 98 80
0 98 85
0 98 95
0 98 102
0 98 103
0 98 116
0 98 121
0 99 3
0 99 24
0 99 38
0 99 48
0 99 70
0 99 79
0 99 87
0 99 117
0 99 120
0 99 121
0 99 123
0 99 125
0 100 2
0 100 21
0 100 35
0 100 37
0 100 42
0 100 50
0 100 57
0 100 61
0 100 98
0 100 120
0 100 125
0 101 40
0 101 67
0 101 89
0 101 90
0 101 95
0 101 103
0 101 111
0 101 120
0 101 122
0 101 125
0 102 4
0 102 7
0 102 23
0 102 25
0 102 28
0 102 38
0 102 50
0 102 52
0 102 60
0 102 65
0 102 69
0 102 71
0 102 76
0 102 97
0 103 3
0 103 14
0 103 19
0 103 21
0 103 29
0 103 34
0 103 38
0 103 46
0 103 49
0 103 57
0 103 86
0 103 91
0 103 108
0 103 110
0 103 112
0 103 116
0 103 119
0 104 0
0 104 2
0 104 6
0 104 10
0 104 14
0 104 20
0 104 24
0 104 25
0 104 27
0 104 59
0 104 73
0 104 79
0 104 85
0 104 88
0 104 90
0 104 99
0 104 104
0 104 113
0 104 119
0 104 120
0 105 8
0 105 26
0 105 31
0 105 61
0 105 80
0 105 81
0 105 88
0 105 124
0 106 8
0 106 13
0 106 14
0 106 27
0 106 29
0 106 35
0 106 38
0 106 61
0 106 62
0 106 77
0 106 82
0 107 16
0 107 23
0 107 40
0 107 41
0 107 48
0 107 58
0 107 61
0 107 63
0 107 64
0 107 67
0 107 83
0 107 92
0 107 104
0 108 37
0 108 47
0 108 49
0 108 56
0 108 70
0 108 79
0 108 80
0 108 85
0 108 97
0 108 105
0 108 121
0 109 6
0 109 7
0 109 9
0 109 18
0 109 40
0 109 52
0 109 75
0 109 77
0 109 78
0 109 79
0 109 81
0 109 97
0 109 122
0 110 0
0 110 5
0 110 8
0 110 9
0 110 12
0 110 18
0 110 26
0 110 34
0 110 35
0 110 49
0 110 61
0 110 97
0 110 106
0 110 114
0 110 125
0 111 0
0 111 8
0 111 13
0 111 18
0 111 27
0 111 30
0 111 31
0 111 45
0 111 71
0 111 88
0 111 94
0 111 99
0 111 100
0 111 117
0 111 118
0 111 120
0 112 1
0 112 14
0 112 75
0 112 79
0 112 91
0 112 96
0 112 101
0 112 117
0 113 1
0 113 4
0 113 6
0 113 8
0 113 10
0 113 17
0 113 22
0 113 65
0 113 69
0 113 77
0 113 82
0 113 88
0 113 92
0 113 109
0 113 117
0 113 121
0 114 9
0 114 29
0 114 42
0 114 47
0 114 50
0 114 57
0 114 72
0 114 89
0 114 111
0 114 117
0 115 11
0 115 19
0 115 23
0 115 28
0 115 36
0 115 37
0 115 45
0 115 49
0 115 53
0 115 66
0 115 70
0 115 79
0 115 94
0 115 96
0 115 103
0 115 107
0 115 110
0 115 116
0 115 125
0 116 26
0 116 56
0 116 68
0 116 74
0 116 78
0 116 79
0 116 89
0 116 96
0 116 102
0 116 110
0 116 112
0 117 6
0 117 10
0 117 18
0 117 20
0 117 25
0 117 43
0 117 71
0 117 75
0 117 77
0 117 78
0 117 107
0 118 5
0 118 11
0 118 14
0 118 27
0 118 37
0 118 60
0 118 116
1 0 14
1 0 25
1 0 38
1 0 41
1 0 45
1 0 46
1 0 54
1 0 56
1 0 62
1 0 70
1 0 88
1 0 90
1 0 94
1 0 107
1 0 113
1 0 126
1 0 132
1 1 1
1 1 3
1 1 26
1 1 44
1 1 49
1 1 56
1 1 61
1 1 71
1 1 80
1 1 87
1 1 88
1 1 90
1 1 96
1 1 101
1 1 108
1 1 117
1 1 124
1 1 135
1 1 140
1 2 15
1 2 21
1 2 26
1 2 31
1 2 44
1 2 48
1 2 50
1 2 63
1 2 64
1 2 65
1 2 74
1 2 84
1 2 85
1 2 90
1 2 94
1 2 98
1 2 118
1 2 126
1 2 129
1 3 8
1 3 16
1 3 20
1 3 24
1 3 31
1 3 36
1 3 54
1 3 58
1 3 61
1 3 70
1 3 77
1 3 82
1 3 126
1 3 128
1 3 137
1 4 5
1 4 9
1 4 12
1 4 26
1 4 33
1 4 49
1 4 66
1 4 87
1 4 100
1 4 101
1 4 123
1 4 126
1 4 135
1 5 3
1 5 4
1 5 25
1 5 31
1 5 33
1 5 34
1 5 40
1 5 52
1 5 72
1 5 81
1 5 94
1 5 111
1 5 120
1 5 121
1 5 122
1 5 133
1 5 140
1 6 3
1 6 9
1 6 68
1 6 69
1 6 79
1 6 84
1 6 87
1 6 114
1 6 120
1 6 128
1 6 140
1 7 25
1 7 29
1 7 37
1 7 44
1 7 49
1 7 55
1 7 56
1 7 60
1 7 73
1 7 80
1 7 84
1 7 111
1 7 119
1 7 138
1 8 6
1 8 20
1 8 30
1 8 31
1 8 33
1 8 57
1 8 95
1 8 106
1 8 128
1 8 131
1 8 134
1 8 135
1 8 139
1 9 17
1 9 31
1 9 34
1 9 35
1 9 55
1 9 58
1 9 60
1 9 67
1 9 78
1 9 86
1 9 91
1 9 93
1 9 96
1 9 101
1 9 113
1 9 115
1 9 119
1 9 130
1 9 132
1 10 23
1 10 27
1 10 34
1 10 37
1 10 66
1 10 78
1 10 82
1 10 87
1 10 88
1 10 110
1 10 114
1 10 124
1 10 128
1 10 130
1 11 2
1 11 46
1 11 57
1 11 59
1 11 73
1 11 79
1 11 81
1 11 90
1 11 96
1 11 99
1 11 122
1 11 127
1 11 130
1 12 46
1 12 51
1 12 53
1 12 56
1 12 58
1 12 69
1 12 70
1 12 77
1 12 80
1 12 93
1 12 103
1 12 112
1 12 125
1 12 132
1 12 137
1 13 5
1 13 20
1 13 33
1 13 56
1 13 65
1 13 76
1 13 81
1 13 88
1 13 91
1 13 103
1 13 106
1 13 127
1 13 139
1 14 34
1 14 38
1 14 60
1 14 70
1 14 74
1 14 106
1 14 125
1 14 140
1 15 14
1 15 18
1 15 37
1 15 48
1 15 78
1 15 84
1 15 85
1 15 91
1 15 97
1 15 116
1 15 134
1 15 138
1 16 18
1 16 29
1 16 61
1 16 66
1 16 70
1 16 82
1 16 83
1 16 84
1 16 88
1 16 101
1 16 105
1 16 110
1 16 113
1 16 135
1 16 137
1 16 138
1 16 139
1 17 14
1 17 17
1 17 34
1 17 37
1 17 42
1 17 56
1 17 58
1 17 63
1 17 77
1 17 84
1 17 105
1 17 117
1 17 124
1 17 133
1 18 5
1 18 22
1 18 26
1 18 27
1 18 34
1 18 36
1 18 42
1 18 46
1 18 65
1 18 73
1 18 84
1 18 91
1 18 104
1 18 116
1 18 124
1 19 65
1 19 89
1 19 97
1 19 101
1 19 114
1 19 140
1 20 0
1 20 8
1 20 15
1 20 45
1 20 58
1 20 64
1 20 69
1 20 74
1 20 103
1 20 106
1 20 123
1 20 134
1 21 0
1 21 5
1 21 7
1 21 15
1 21 17
1 21 19
1 21 40
1 21 45
1 21 51
1 21 53
1 21 63
1 21 69
1 21 79
1 21 103
1 21 109
1 21 112
1 21 113
1 21 129
1 21 139
1 22 17
1 22 20
1 22 22
1 22 23
1 22 40
1 22 65
1 22 126
1 22 130
1 22 136
1 22 138
1 22 140
1 23 4
1 23 10
1 23 22
1 23 48
1 23 69
1 23 80
1 23 93
1 23 94
1 23 98
1 23 109
1 23 110
1 23 134
1 24 2
1 24 7
1 24 8
1 24 20
1 24 22
1 24 36
1 24 42
1 24 51
1 24 58
1 24 66
1 24 72
1 24 82
1 24 86
1 24 113
1 24 127
1 25 9
1 25 40
1 25 42
1 25 45
1 25 49
1 25 68
1 25 78
1 25 88
1 25 104
1 25 111
1 25 114
1 25 120
1 25 122
1 25 134
1 26 16
1 26 23
1 26 24
1 26 37
1 26 50
1 26 54
1 26 57
1 26 59
1 26 61
1 26 75
1 26 80
1 26 87
1 26 95
1 26 96
1 26 100
1 26 121
1 26 122
1 26 130
1 26 132
1 27 5
1 27 9
1 27 27
1 27 38
1 27 57
1 27 60
1 27 65
1 27 68
1 27 70
1 27 74
1 27 86
1 27 108
1 27 111
1 27 124
1 27 130
1 27 133
1 27 135
1 28 57
1 28 59
1 28 73
1 28 88
1 28 94
1 28 102
1 28 133
1 28 138
1 29 25
1 29 135
1 30 2
1 30 4
1 30 9
1 30 15
1 30 21
1 30 31
1 30 34
1 30 46
1 30 73
1 30 77
1 30 103
1 30 108
1 30 127
1 31 4
1 31 15
1 31 41
1 31 43
1 31 47
1 31 54
1 31 60
1 31 94
1 31 109
1 31 112
1 31 117
1 31 122
1 31 125
1 32 26
1 32 40
1 32 42
1 32 43
1 32 48
1 32 53
1 32 59
1 32 69
1 32 87
1 32 91
1 32 93
1 32 116
1 32 121
1 33 12
1 33 16
1 33 30
1 33 37
1 33 68
1 33 72
1 33 78
1 33 84
1 33 103
1 33 109
1 33 113
1 33 116
1 33 125
1 34 3
1 34 7
1 34 13
1 34 15
1 34 16
1 34 22
1 34 25
1 34 42
1 34 52
1 34 58
1 34 61
1 34 70
1 34 75
1 34 76
1 34 106
1 34 110
1 34 123
1 34 126
1 35 42
1 35 62
1 35 81
1 35 93
1 35 99
1 35 113
1 35 114
1 36 8
1 36 27
1 36 47
1 36 69
1 36 87
1 36 112
1 36 121
1 36 124
1 36 136
1 37 8
1 37 24
1 37 59
1 37 69
1 37 74
1 37 77
1 37 95
1 37 116
1 37 125
1 37 136
1 38 9
1 38 13
1 38 30
1 38 35
1 38 38
1 38 63
1 38 64
1 38 92
1 38 99
1 38 119
1 38 121
1 38 131
1 39 37
1 39 40
1 39 42
1 39 53
1 39 57
1 39 62
1 39 71
1 39 86
1 39 87
1 39 92
1 39 100
1 39 109
1 39 123
1 39 129
1 39 130
1 39 140
1 40 22
1 40 30
1 40 33
1 40 40
1 40 54
1 40 59
1 40 70
1 40 81
1 40 91
1 40 92
1 40 103
1 40 105
1 40 115
1 40 116
1 41 9
1 41 22
1 41 41
1 41 62
1 41 72
1 41 96
1 41 108
1 41 130
1 41 132
1 41 136
1 41 138
1 42 6
1 42 21
1 42 23
1 42 27
1 42 30
1 42 37
1 42 45
1 42 75
1 42 108
1 42 116
1 42 117
1 42 129
1 42 131
1 43 9
1 43 18
1 43 21
1 43 41
1 43 61
1 43 84
1 43 92
1 43 107
1 43 113
1 43 116
1 43 136
1 44 2
1 44 27
1 44 37
1 44 38
1 44 45
1 44 59
1 44 63
1 44 113
1 45 26
1 45 34
1 45 61
1 45 72
1 45 77
1 45 78
1 45 80
1 45 88
1 45 94
1 45 105
1 45 115
1 45 128
1 45 134
1 46 10
1 46 17
1 46 24
1 46 33
1 46 35
1 46 40
1 46 46
1 46 83
1 46 87
1 46 103
1 46 106
1 46 109
1 46 119
1 46 134
1 47 5
1 47 14
1 47 20
1 47 39
1 47 48
1 47 59
1 47 64
1 47 73
1 47 92
1 47 130
1 47 134
1 48 6
1 48 9
1 48 11
1 48 17
1 48 19
1 48 25
1 48 28
1 48 40
1 48 42
1 48 45
1 48 76
1 48 101
1 48 111
1 48 126
1 48 135
1 48 140
1 49 1
1 49 14
1 49 38
1 49 41
1 49 54
1 49 61
1 49 66
1 49 68
1 49 82
1 49 84
1 49 87
1 49 104
1 49 107
1 49 113
1 49 127
1 49 128
1 49 139
1 50 7
1 50 17
1 50 18
1 50 30
1 50 34
1 50 51
1 50 55
1 50 60
1 50 62
1 50 73
1 50 75
1 50 88
1 50 94
1 50 135
1 51 6
1 51 13
1 51 31
1 51 58
1 51 67
1 51 69
1 51 76
1 51 82
1 51 96
1 51 99
1 51 100
1 51 113
1 51 117
1 51 122
1 51 123
1 51 129
1 51 132
1 52 4
1 52 9
1 52 12
1 52 31
1 52 42
1 52 44
1 52 81
1 52 88
1 52 97
1 52 100
1 52 118
1 52 126
1 52 127
1 52 130
1 53 7
1 53 13
1 53 23
1 53 30
1 53 32
1 53 41
1 53 116
1 53 118
1 53 123
1 53 124
1 53 129
1 54 9
1 54 36
1 54 42
1 54 43
1 54 46
1 54 47
1 54 79
1 54 81
1 54 89
1 54 97
1 54 104
1 54 117
1 54 125
1 54 126
1 55 5
1 55 31
1 55 38
1 55 40
1 55 50
1 55 51
1 55 56
1 55 63
1 55 78
1 55 87
1 55 102
1 55 114
1 55 121
1 55 133
1 56 2
1 56 14
1 56 15
1 56 18
1 56 28
1 56 38
1 56 53
1 56 63
1 56 69
1 56 100
1 56 111
1 56 118
1 56 121
1 56 130
1 56 138
1 57 5
1 57 7
1 57 8
1 57 21
1 57 31
1 57 35
1 57 41
1 57 84
1 57 93
1 57 114
1 57 124
1 58 0
1 58 2
1 58 9
1 58 16
1 58 27
1 58 80
1 58 84
1 58 85
1 58 100
1 58 107
1 58 129
1 58 137
1 59 3
1 59 34
1 59 42
1 59 46
1 59 50
1 59 51
1 59 70
1 59 73
1 59 77
1 59 78
1 59 135
1 60 15
1 60 44
1 60 69
1 60 104
1 60 116
1 60 125
1 60 129
1 61 17
1 61 25
1 61 41
1 61 50
1 61 66
1 61 71
1 61 78
1 61 80
1 61 86
1 61 111
1 61 118
1 61 132
1 61 133
1 62 33
1 62 36
1 62 38
1 62 62
1 62 69
1 62 82
1 62 83
1 62 105
1 63 1
1 63 3
1 63 8
1 63 20
1 63 23
1 63 24
1 63 38
1 63 52
1 63 66
1 63 69
1 63 87
1 63 89
1 63 94
1 63 100
1 64 1
1 64 3
1 64 17
1 64 29
1 64 30
1 64 33
1 64 37
1 64 51
1 64 99
1 64 105
1 64 122
1 64 123
1 64 135
1 65 14
1 65 22
1 65 24
1 65 26
1 65 47
1 65 52
1 65 78
1 65 99
1 65 102
1 65 109
1 65 120
1 65 122
1 65 132
1 65 138
1 66 45
1 66 47
1 66 49
1 66 76
1 66 81
1 66 89
1 66 95
1 66 126
1 66 131
1 66 139
1 67 3
1 67 19
1 67 37
1 67 47
1 67 48
1 67 55
1 67 62
1 67 68
1 67 89
1 67 108
1 67 120
1 67 121
1 67 129
1 67 138
1 68 3
1 68 15
1 68 26
1 68 27
1 68 38
1 68 69
1 68 75
1 68 111
1 68 125
1 68 139
1 69 3
1 69 26
1 69 33
1 69 46
1 69 55
1 69 56
1 69 65
1 69 68
1 69 71
1 69 92
1 69 103
1 69 113
1 69 119
1 69 134
1 69 135
1 70 2
1 70 7
1 70 22
1 70 51
1 70 79
1 70 83
1 70 98
1 70 121
1 71 0
1 71 9
1 71 12
1 71 14
1 71 23
1 71 30
1 71 46
1 71 60
1 71 64
1 71 66
1 71 67
1 71 76
1 71 91
1 71 101
1 71 111
1 71 114
1 71 115
1 71 122
1 71 128
1 71 133
1 71 137
1 72 7
1 72 13
1 72 21
1 72 23
1 72 45
1 72 47
1 72 49
1 72 55
1 72 60
1 72 63
1 72 80
1 72 88
1 72 95
1 72 100
1 72 104
1 72 106
1 72 108
1 72 115
1 72 123
1 72 127
1 72 139
1 73 5
1 73 10
1 73 11
1 73 16
1 73 27
1 73 44
1 73 66
1 73 70
1 73 78
1 73 86
1 73 91
1 73 100
1 73 125
1 74 4
1 74 9
1 74 10
1 74 28
1 74 33
1 74 40
1 74 65
1 74 80
1 74 81
1 74 84
1 74 87
1 74 104
1 74 109
1 74 118
1 74 134
1 74 135
1 75 1
1 75 11
1 75 29
1 75 42
1 75 57
1 75 59
1 75 64
1 75 84
1 75 93
1 75 94
1 75 103
1 75 106
1 75 123
1 75 134
1 75 139
1 75 140
1 76 7
1 76 23
1 76 35
1 76 38
1 76 39
1 76 56
1 76 58
1 76 75
1 76 85
1 76 114
1 76 132
1 77 6
1 77 7
1 77 9
1 77 13
1 77 19
1 77 38
1 77 48
1 77 51
1 77 54
1 77 61
1 77 65
1 77 69
1 77 128
1 78 5
1 78 19
1 78 25
1 78 61
1 78 71
1 78 84
1 78 92
1 78 121
1 79 6
1 79 16
1 79 26
1 79 33
1 79 36
1 79 47
1 79 52
1 79 53
1 79 54
1 79 60
1 79 61
1 79 68
1 79 81
1 79 89
1 79 105
1 79 116
1 80 1
1 80 2
1 80 27
1 80 49
1 80 58
1 80 62
1 80 76
1 80 116
1 80 133
1 81 0
1 81 2
1 81 9
1 81 29
1 81 32
1 81 38
1 81 42
1 81 52
1 81 69
1 81 72
1 81 80
1 81 86
1 81 88
1 81 101
1 81 108
1 81 116
1 81 123
1 82 53
1 82 66
1 82 67
1 82 92
1 82 95
1 82 104
1 83 16
1 83 43
1 83 56
1 83 78
1 83 80
1 83 82
1 83 85
1 83 89
1 83 115
1 83 121
1 83 134
1 83 135
1 84 38
1 84 43
1 84 51
1 84 52
1 84 81
1 85 59
1 85 63
1 85 112
1 85 128
1 85 130
1 85 136
1 86 9
1 86 27
1 86 41
1 86 56
1 86 63
1 86 82
1 86 84
1 86 94
1 86 95
1 86 96
1 86 120
1 86 121
1 86 129
1 86 133
1 87 2
1 87 4
1 87 34
1 87 74
1 87 100
1 87 103
1 88 0
1 88 11
1 88 32
1 88 38
1 88 51
1 88 55
1 88 58
1 88 63
1 88 67
1 88 80
1 88 86
1 88 104
1 88 113
1 88 117
1 88 122
1 88 137
1 89 11
1 89 28
1 89 34
1 89 41
1 89 51
1 89 55
1 89 62
1 89 80
1 89 88
1 89 93
1 89 94
1 89 106
1 89 133
1 90 21
1 90 51
1 90 75
1 90 91
1 90 93
1 90 97
1 90 102
1 90 107
1 90 111
1 90 116
1 91 1
1 91 4
1 91 16
1 91 17
1 91 28
1 91 33
1 91 40
1 91 42
1 91 43
1 91 50
1 91 60
1 91 93
1 91 114
1 91 118
1 92 18
1 92 51
1 92 61
1 92 67
1 92 72
1 92 73
1 92 93
1 92 98
1 92 104
1 92 114
1 92 132
1 93 0
1 93 2
1 93 6
1 93 9
1 93 18
1 93 27
1 93 35
1 93 47
1 93 49
1 93 51
1 93 53
1 93 58
1 93 66
1 93 89
1 93 90
1 93 101
1 93 115
1 93 124
1 93 127
1 93 132
1 93 138
1 93 139
1 94 11
1 94 15
1 94 41
1 94 42
1 94 63
1 94 65
1 94 82
1 94 98
1 94 111
1 94 122
1 94 135
1 95 1
1 95 4
1 95 32
1 95 33
1 95 36
1 95 43
1 95 48
1 95 57
1 95 69
1 95 87
1 95 90
1 95 92
1 95 133
1 96 36
1 96 42
1 96 60
1 96 61
1 96 64
1 96 95
1 96 98
1 96 135
1 96 138
1 97 7
1 97 14
1 97 29
1 97 55
1 97 59
1 97 62
1 97 72
1 97 84
1 97 91
1 97 100
1 97 135
1 97 138
1 97 140
1 98 1
1 98 3
1 98 6
1 98 23
1 98 40
1 98 53
1 98 59
1 98 82
1 98 85
1 98 92
1 99 2
1 99 19
1 99 21
1 99 26
1 99 41
1 99 51
1 99 90
1 99 94
1 99 102
1 99 104
1 99 112
1 99 114
1 99 126
1 100 8
1 100 14
1 100 25
1 100 35
1 100 37
1 100 53
1 100 77
1 100 87
1 100 92
1 100 107
1 100 123
1 100 127
1 100 134
1 100 136
1 101 59
1 101 66
1 101 73
1 101 87
1 101 95
1 101 126
1 101 127
1 102 1
1 102 36
1 102 43
1 102 45
1 102 74
1 102 108
1 102 109
1 102 125
1 102 134
1 102 138
1 103 3
1 103 25
1 103 29
1 103 56
1 103 61
1 103 67
1 103 70
1 103 72
1 103 92
1 103 103
1 103 112
1 103 117
1 103 126
1 103 127
1 103 135
1 104 7
1 104 13
1 104 14
1 104 17
1 104 30
1 104 36
1 104 53
1 104 74
1 104 77
1 104 96
1 104 100
1 104 112
1 104 115
1 104 136
1 105 8
1 105 10
1 105 51
1 105 56
1 105 81
1 105 89
1 105 90
1 105 117
1 105 119
1 105 139
1 106 2
1 106 4
1 106 13
1 106 16
1 106 21
1 106 22
1 106 24
1 106 32
1 106 34
1 106 68
1 106 88
1 106 93
1 106 99
1 106 100
1 106 105
1 106 109
1 106 110
1 106 114
1 106 115
1 106 127
1 106 128
1 107 29
1 107 52
1 107 58
1 107 65
1 107 96
1 107 98
1 107 110
1 107 114
1 107 116
1 107 124
1 107 136
1 107 139
1 107 140
1 108 7
1 108 32
1 108 38
1 108 42
1 108 46
1 108 55
1 108 78
1 108 84
1 108 99
1 108 105
1 108 128
1 108 131
1 109 17
1 109 25
1 109 40
1 109 54
1 109 58
1 109 59
1 109 63
1 109 73
1 109 74
1 109 110
1 109 120
1 109 121
1 109 124
1 109 134
1 109 139
1 110 16
1 110 46
1 110 52
1 110 70
1 110 84
1 110 95
1 110 99
1 110 107
1 110 137
1 111 5
1 111 7
1 111 17
1 111 28
1 111 35
1 111 67
1 111 69
1 111 70
1 111 74
1 111 83
1 111 111
1 111 120
1 112 13
1 112 15
1 112 20
1 112 21
1 112 28
1 112 34
1 112 37
1 112 39
1 112 43
1 112 60
1 112 62
1 112 64
1 112 70
1 112 89
1 112 121
1 113 30
1 113 42
1 113 45
1 113 63
1 113 78
1 113 95
1 113 114
1 113 119
1 113 123
1 113 130
1 113 131
1 113 136
1 114 8
1 114 22
1 114 30
1 114 32
1 114 35
1 114 40
1 114 41
1 114 51
1 114 64
1 114 66
1 114 95
1 114 98
1 114 117
1 114 118
1 114 121
1 114 140
1 115 10
1 115 27
1 115 30
1 115 35
1 115 38
1 115 43
1 115 48
1 115 51
1 115 96
1 115 107
1 115 119
1 115 122
1 116 7
1 116 11
1 116 15
1 116 19
1 116 30
1 116 35
1 116 44
1 116 67
1 116 72
1 116 91
1 116 100
1 116 119
1 116 124
1 116 125
1 117 1
1 117 2
1 117 11
1 117 12
1 117 21
1 117 25
1 117 29
1 117 30
1 117 35
1 117 48
1 117 58
1 117 78
1 117 80
1 117 84
1 117 99
1 117 107
1 117 108
1 117 114
1 117 119
1 117 122
1 117 130
1 118 2
1 118 3
1 118 10
1 118 16
1 118 44
1 118 47
1 118 79
1 118 108
1 118 119
1 119 5
1 119 8
1 119 18
1 119 19
1 119 34
1 119 45
1 119 50
1 119 59
1 119 82
1 119 91
1 119 94
1 119 105
1 119 116
1 119 122
1 120 9
1 120 22
1 120 26
1 120 70
1 120 71
1 120 78
1 120 96
1 120 118
1 120 135
1 120 137
1 121 5
1 121 20
1 121 39
1 121 41
1 121 54
1 121 63
1 121 67
1 121 71
1 121 78
1 121 84
1 121 85
1 121 95
1 122 3
1 122 27
1 122 29
1 122 36
1 122 61
1 122 67
1 122 89
1 122 97
1 122 101
1 122 107
1 122 109
1 122 119
1 122 121
1 122 133
1 122 135
1 123 0
1 123 1
1 123 65
1 123 71
1 123 83
1 123 86
1 123 87
1 123 98
1 123 100
1 123 110
1 123 120
1 123 132
1 124 2
1 124 17
1 124 30
1 124 37
1 124 48
1 124 49
1 124 57
1 124 66
1 124 118
1 124 121
1 125 8
1 125 14
1 125 32
1 125 33
1 125 34
1 125 36
1 125 41
1 125 43
1 125 57
1 125 75
1 125 94
1 125 110
2 0 7
2 0 43
2 0 52
2 0 61
2 0 67
2 0 84
2 0 86
2 0 90
2 0 99
2 0 100
2 0 106
2 1 1
2 1 18
2 1 36
2 1 43
2 1 64
2 1 96
2 1 99
2 1 100
2 2 13
2 2 15
2 2 30
2 2 34
2 2 36
2 2 37
2 2 51
2 2 58
2 2 59
2 2 60
2 2 66
2 2 75
2 2 86
2 3 10
2 3 32
2 3 37
2 3 48
2 3 56
2 3 59
2 3 67
2 3 73
2 3 78
2 3 85
2 3 88
2 3 103
2 4 1
2 4 2
2 4 12
2 4 41
2 4 56
2 4 74
2 4 80
2 4 99
2 5 8
2 5 19
2 5 28
2 5 41
2 5 48
2 5 67
2 5 80
2 5 89
2 5 92
2 5 93
2 5 96
2 6 8
2 6 14
2 6 21
2 6 44
2 6 53
2 6 81
2 7 13
2 7 31
2 7 34
2 7 43
2 7 52
2 7 56
2 7 59
2 8 6
2 8 13
2 8 23
2 8 25
2 8 35
2 8 37
2 8 45
2 8 64
2 8 67
2 8 87
2 8 89
2 9 3
2 9 32
2 9 41
2 9 53
2 9 67
2 9 70
2 9 78
2 9 88
2 9 96
2 9 104
2 10 7
2 10 37
2 10 55
2 10 57
2 10 67
2 10 78
2 10 93
2 10 99
2 10 102
2 10 107
2 11 7
2 11 21
2 11 25
2 11 29
2 11 42
2 11 45
2 11 61
2 11 75
2 11 103
2 12 4
2 12 8
2 12 30
2 12 31
2 12 32
2 12 52
2 12 67
2 12 74
2 12 77
2 12 89
2 13 3
2 13 16
2 13 37
2 13 50
2 13 69
2 13 83
2 13 85
2 13 91
2 13 107
2 14 9
2 14 11
2 14 15
2 14 19
2 14 22
2 14 27
2 14 36
2 14 38
2 14 60
2 14 69
2 14 71
2 14 78
2 14 85
2 14 95
2 14 105
2 15 17
2 15 20
2 15 48
2 15 55
2 15 65
2 15 87
2 15 93
2 15 100
2 16 46
2 16 49
2 16 65
2 16 68
2 16 79
2 16 105
2 17 2
2 17 3
2 17 8
2 17 11
2 17 25
2 17 50
2 17 74
2 17 89
2 17 93
2 18 4
2 18 69
2 18 77
2 19 30
2 19 35
2 19 37
2 19 47
2 19 61
2 19 90
2 19 103
2 20 1
2 20 13
2 20 14
2 20 22
2 20 37
2 20 47
2 20 66
2 20 76
2 20 84
2 20 88
2 20 89
2 20 90
2 20 106
2 20 107
2 21 19
2 21 21
2 21 28
2 21 30
2 21 57
2 21 65
2 21 77
2 21 92
2 22 29
2 22 40
2 22 61
2 22 75
2 22 83
2 22 85
2 22 92
2 22 94
2 22 96
2 23 11
2 23 19
2 23 22
2 23 31
2 23 32
2 23 43
2 23 47
2 23 55
2 23 56
2 23 72
2 23 79
2 23 82
2 23 86
2 23 87
2 24 0
2 24 9
2 24 17
2 24 36
2 24 51
2 24 54
2 24 63
2 24 65
2 24 89
2 24 101
2 25 24
2 25 38
2 25 44
2 25 51
2 25 55
2 25 56
2 25 74
2 25 78
2 25 94
2 25 99
2 26 15
2 26 17
2 26 30
2 26 31
2 26 34
2 26 36
2 26 49
2 26 51
2 26 60
2 26 65
2 26 68
2 26 80
2 26 91
2 26 98
2 26 101
2 27 6
2 27 11
2 27 12
2 27 57
2 27 58
2 27 62
2 27 65
2 27 79
2 27 85
2 28 0
2 28 5
2 28 19
2 28 27
2 28 36
2 28 42
2 28 52
2 28 58
2 28 65
2 28 86
2 28 94
2 28 99
2 29 13
2 29 14
2 29 18
2 29 48
2 29 70
2 29 83
2 29 84
2 29 90
2 29 91
2 29 98
2 29 105
2 30 7
2 30 32
2 30 34
2 30 58
2 30 68
2 30 82
2 30 83
2 31 3
2 31 14
2 31 20
2 31 44
2 31 59
2 31 69
2 31 72
2 31 78
2 32 13
2 32 42
2 32 76
2 32 81
2 32 88
2 32 94
2 32 103
2 33 34
2 33 51
2 33 70
2 33 76
2 33 86
2 33 89
2 34 0
2 34 6
2 34 19
2 34 23
2 34 26
2 34 47
2 34 78
2 34 83
2 34 98
2 34 101
2 35 0
2 35 28
2 35 39
2 35 48
2 35 49
2 35 59
2 35 62
2 35 68
2 35 71
2 35 72
2 35 73
2 35 74
2 35 80
2 35 90
2 36 7
2 36 19
2 36 20
2 36 28
2 36 39
2 36 43
2 36 46
2 36 51
2 36 52
2 36 74
2 36 78
2 36 80
2 36 87
2 37 4
2 37 12
2 37 52
2 37 79
2 37 89
2 38 5
2 38 20
2 38 35
2 38 41
2 38 71
2 38 74
2 38 80
2 38 87
2 38 94
2 38 103
2 38 104
2 38 105
2 39 28
2 39 41
2 39 42
2 39 44
2 39 54
2 39 62
2 39 68
2 39 69
2 39 76
2 39 100
2 39 102
2 40 3
2 40 18
2 40 32
2 40 33
2 40 34
2 40 41
2 40 50
2 40 77
2 40 81
2 40 83
2 40 94
2 40 100
2 40 101
2 41 0
2 41 2
2 41 15
2 41 34
2 41 38
2 41 51
2 41 60
2 41 76
2 41 77
2 41 88
2 41 107
2 42 3
2 42 25
2 42 26
2 42 47
2 42 48
2 42 76
2 42 87
2 42 91
2 42 92
2 42 102
2 43 6
2 43 24
2 43 29
2 43 51
2 43 66
2 43 74
2 43 84
2 43 107
2 44 19
2 44 25
2 44 38
2 44 54
2 44 58
2 44 60
2 44 80
2 44 85
2 44 90
2 44 104
2 45 31
2 45 51
2 45 56
2 45 57
2 45 59
2 45 80
2 45 99
2 46 2
2 46 5
2 46 6
2 46 29
2 46 37
2 46 48
2 46 54
2 46 66
2 46 70
2 46 73
2 46 90
2 46 91
2 46 97
2 46 99
2 47 4
2 47 12
2 47 32
2 47 57
2 47 66
2 47 68
2 47 76
2 47 91
2 47 95
2 48 0
2 48 2
2 48 15
2 48 20
2 48 37
2 48 46
2 48 54
2 48 58
2 48 66
2 48 93
2 49 11
2 49 12
2 49 13
2 49 14
2 49 17
2 49 68
2 49 82
2 49 87
2 49 107
2 50 1
2 50 7
2 50 27
2 50 29
2 50 53
2 50 55
2 50 56
2 50 61
2 50 67
2 50 80
2 51 2
2 51 15
2 51 31
2 51 33
2 51 46
2 51 50
2 51 53
2 51 59
2 51 61
2 51 76
2 51 81
2 51 100
2 51 105
2 52 52
2 52 87
2 52 97
2 52 102
2 52 106
2 52 107
2 53 10
2 53 18
2 53 31
2 53 42
2 53 43
2 53 44
2 53 73
2 53 81
2 53 83
2 53 84
2 53 88
2 53 90
2 53 99
2 54 7
2 54 28
2 54 29
2 54 34
2 54 43
2 54 44
2 54 45
2 54 57
2 54 64
2 54 67
2 54 70
2 54 77
2 54 79
2 54 100
2 55 27
2 55 41
2 55 42
2 55 50
2 55 55
2 55 56
2 55 57
2 55 62
2 55 73
2 55 80
2 55 95
2 55 99
2 56 9
2 56 53
2 56 59
2 56 60
2 56 66
2 56 71
2 56 74
2 56 84
2 56 103
2 57 0
2 57 23
2 57 25
2 57 35
2 57 39
2 57 49
2 57 54
2 57 55
2 57 64
2 57 68
2 57 73
2 57 75
2 57 81
2 57 97
2 57 101
2 57 102
2 58 21
2 58 24
2 58 34
2 58 39
2 58 63
2 58 76
2 58 80
2 58 103
2 59 12
2 59 13
2 59 14
2 59 37
2 59 56
2 59 57
2 59 63
2 59 67
2 59 79
2 59 80
2 59 84
2 59 92
2 59 97
2 59 104
2 60 2
2 60 3
2 60 5
2 60 19
2 60 30
2 60 38
2 60 51
2 60 69
2 60 104
2 61 0
2 61 7
2 61 9
2 61 13
2 61 42
2 61 44
2 61 45
2 61 49
2 61 54
2 61 56
2 61 65
2 61 100
2 62 22
2 62 31
2 62 36
2 62 63
2 62 65
2 62 83
2 62 95
2 63 5
2 63 32
2 63 38
2 63 61
2 63 76
2 63 79
2 64 15
2 64 21
2 64 25
2 64 30
2 64 56
2 64 62
2 64 73
2 64 83
2 64 84
2 64 87
2 64 91
2 64 104
2 65 6
2 65 9
2 65 22
2 65 31
2 65 34
2 65 38
2 65 52
2 65 62
2 65 69
2 65 77
2 65 82
2 65 92
2 66 2
2 66 15
2 66 29
2 66 30
2 66 37
2 66 58
2 66 82
2 66 91
2 66 95
2 66 106
2 67 1
2 67 18
2 67 71
2 67 72
2 67 74
2 67 88
2 67 95
2 68 8
2 68 24
2 68 25
2 68 26
2 68 30
2 68 47
2 68 49
2 68 78
2 68 82
2 68 83
2 68 104
2 68 107
2 69 3
2 69 8
2 69 17
2 69 20
2 69 23
2 69 36
2 69 47
2 69 57
2 69 65
2 69 74
2 69 94
2 70 6
2 70 9
2 70 15
2 70 39
2 70 45
2 70 49
2 70 55
2 70 58
2 70 65
2 70 78
2 70 84
2 70 86
2 70 94
2 71 8
2 71 9
2 71 19
2 71 27
2 71 29
2 71 44
2 71 54
2 71 87
2 71 94
2 71 96
2 71 104
2 72 6
2 72 46
2 72 84
2 72 90
2 72 100
2 73 1
2 73 20
2 73 44
2 73 48
2 73 49
2 73 73
2 73 84
2 73 91
2 73 92
2 73 98
2 73 101
2 74 13
2 74 17
2 74 36
2 74 65
2 74 92
2 74 93
2 74 97
2 75 9
2 75 36
2 75 50
2 75 92
2 75 103
2 75 106
2 76 37
2 76 40
2 76 69
2 76 85
2 76 106
2 77 13
2 77 24
2 77 27
2 77 63
2 77 64
2 77 76
2 77 83
2 77 94
2 77 96
2 77 107
2 78 2
2 78 6
2 78 15
2 78 23
2 78 48
2 78 62
2 78 64
2 78 98
2 79 1
2 79 4
2 79 16
2 79 29
2 79 31
2 79 32
2 79 34
2 79 38
2 79 49
2 79 86
2 79 107
2 80 1
2 80 9
2 80 12
2 80 33
2 80 66
2 80 88
2 80 98
2 81 15
2 81 22
2 81 47
2 81 58
2 81 77
2 81 96
2 81 105
2 82 8
2 82 12
2 82 14
2 82 32
2 82 34
2 82 35
2 82 78
2 82 80
2 82 85
2 82 88
2 82 96
2 82 97
2 82 103
2 82 107
2 83 2
2 83 8
2 83 42
2 83 45
2 83 55
2 83 57
2 83 62
2 84 1
2 84 13
2 84 19
2 84 31
2 84 42
2 84 46
2 84 96
2 85 4
2 85 6
2 85 7
2 85 24
2 85 31
2 85 36
2 85 41
2 85 46
2 85 47
2 85 48
2 85 72
2 85 79
2 85 83
2 85 87
2 85 89
2 85 94
2 86 2
2 86 18
2 86 28
2 86 31
2 86 33
2 86 34
2 86 47
2 86 51
2 86 55
2 86 57
2 86 63
2 86 79
2 86 80
2 86 82
2 86 83
2 87 2
2 87 27
2 87 50
2 87 58
2 87 97
2 88 4
2 88 10
2 88 45
2 88 57
2 88 62
2 88 78
2 88 107
2 89 4
2 89 6
2 89 15
2 89 27
2 89 30
2 89 45
2 89 57
2 89 91
2 89 96
2 89 98
2 90 0
2 90 10
2 90 11
2 90 24
2 90 34
2 90 52
2 90 78
2 90 79
2 90 81
2 90 85
2 90 88
2 90 93
2 91 24
2 91 26
2 91 40
2 91 44
2 91 48
2 91 49
2 91 52
2 91 64
2 91 79
2 91 81
2 91 95
2 92 7
2 92 9
2 92 12
2 92 23
2 92 30
2 92 34
2 92 58
2 92 60
2 92 73
2 92 77
2 92 81
2 92 82
2 93 6
2 93 8
2 93 15
2 93 20
2 93 36
2 93 53
2 93 65
2 93 80
2 94 8
2 94 51
2 94 55
2 94 59
2 94 71
2 95 0
2 95 6
2 95 23
2 95 30
2 95 65
2 95 74
2 95 75
2 95 81
2 95 83
2 95 93
2 95 98
2 96 4
2 96 13
2 96 17
2 96 22
2 96 28
2 96 46
2 96 48
2 96 59
2 96 103
2 97 2
2 97 14
2 97 16
2 97 19
2 97 20
2 97 25
2 97 33
2 97 39
2 97 43
2 97 44
2 97 46
2 97 57
2 97 62
2 97 74
2 97 81
2 97 92
2 97 95
2 98 24
2 98 31
2 98 40
2 98 73
2 98 81
2 98 101
2 99 0
2 99 8
2 99 14
2 99 15
2 99 18
2 99 23
2 99 24
2 99 47
2 99 69
2 99 70
2 99 72
2 99 87
2 100 19
2 100 20
2 100 21
2 100 25
2 100 28
2 100 63
2 100 73
2 100 78
2 101 4
2 101 12
2 101 25
2 101 30
2 101 43
2 101 46
2 101 54
2 101 56
2 101 67
2 102 11
2 102 32
2 102 34
2 102 40
2 102 44
2 102 48
2 102 61
2 102 62
2 102 66
2 102 75
2 103 2
2 103 10
2 103 11
2 103 15
2 103 16
2 103 30
2 103 33
2 103 36
2 103 45
2 103 55
2 103 63
2 103 65
2 103 67
2 103 73
2 103 75
2 103 97
2 104 1
2 104 15
2 104 21
2 104 28
2 104 40
2 104 64
2 104 84
2 104 85
2 104 87
2 104 89
2 104 102
2 105 23
2 105 54
2 105 55
2 105 90
2 105 106
2 106 5
2 106 10
2 106 48
2 106 50
2 106 69
2 106 76
2 106 79
2 106 83
2 107 33
2 107 34
2 107 46
2 107 94
2 108 10
2 108 11
2 108 20
2 108 52
2 108 81
2 108 94
2 108 97
2 108 106
2 109 1
2 109 39
2 109 72
2 109 73
2 109 76
2 109 93
2 109 106
2 109 107
2 110 1
2 110 32
2 110 45
2 110 72
2 110 85
2 111 12
2 111 36
2 111 59
2 111 73
2 111 90
2 111 105
2 111 106
2 112 22
2 112 53
2 112 64
2 112 70
2 112 92
2 113 0
2 113 1
2 113 25
2 113 29
2 113 32
2 113 52
2 113 84
2 113 90
2 114 44
2 114 46
2 114 50
2 114 53
2 114 55
2 114 69
2 114 80
2 114 84
2 114 97
2 115 30
2 115 38
2 115 52
2 115 69
2 115 71
2 115 87
2 115 91
2 115 96
2 115 99
2 115 100
2 115 106
2 116 4
2 116 8
2 116 18
2 116 20
2 116 35
2 116 48
2 116 57
2 116 73
2 116 75
2 116 87
2 116 93
2 116 95
2 116 104
2 117 24
2 117 28
2 117 36
2 117 43
2 117 52
2 117 68
2 117 81
2 118 1
2 118 13
2 118 17
2 118 24
2 118 29
2 118 36
2 118 50
2 118 61
2 118 66
2 118 94
2 119 0
2 119 4
2 119 5
2 119 65
2 119 69
2 119 71
2 119 84
2 120 11
2 120 44
2 120 45
2 120 54
2 120 60
2 120 65
2 120 67
2 120 93
2 120 95
2 121 28
2 121 31
2 121 50
2 121 63
2 121 65
2 121 73
2 121 78
2 121 104
2 122 18
2 122 37
2 122 64
2 122 70
2 122 107
2 123 6
2 123 15
2 123 43
2 123 48
2 123 59
2 123 73
2 123 82
2 123 87
2 123 98
2 123 99
2 123 105
2 124 0
2 124 2
2 124 20
2 124 21
2 124 27
2 124 31
2 124 36
2 124 41
2 124 63
2 124 76
2 124 80
2 125 17
2 125 26
2 125 37
2 125 49
2 125 64
2 125 72
2 125 74
2 125 78
2 125 81
2 125 94
2 125 103
2 126 10
2 126 28
2 126 49
2 126 82
2 126 87
2 126 104
2 127 7
2 127 36
2 127 60
2 127 70
2 127 75
2 127 80
2 127 91
2 128 0
2 128 10
2 128 32
2 128 40
2 128 52
2 128 87
2 128 105
2 129 28
2 129 51
2 129 57
2 129 78
2 129 83
2 129 87
2 129 88
2 130 3
2 130 6
2 130 10
2 130 25
2 130 33
2 130 40
2 130 51
2 130 55
2 130 90
2 130 102
2 130 104
2 131 1
2 131 2
2 131 17
2 131 28
2 131 35
2 131 37
2 131 43
2 131 46
2 131 53
2 131 54
2 131 56
2 131 74
2 131 78
2 131 80
2 131 88
2 131 99
2 131 100
2 132 5
2 132 10
2 132 12
2 132 15
2 132 19
2 132 26
2 132 32
2 132 63
2 132 65
2 132 68
2 132 71
2 132 86
2 132 90
2 132 100
2 132 104
2 132 105
2 133 4
2 133 7
2 133 20
2 133 25
2 133 33
2 133 37
2 133 63
2 133 72
2 133 81
2 133 83
2 134 8
2 134 12
2 134 57
2 134 69
2 134 86
2 134 96
2 135 8
2 135 9
2 135 22
2 135 59
2 135 67
2 135 70
2 135 75
2 135 81
2 135 84
2 135 90
2 136 1
2 136 15
2 136 16
2 136 27
2 136 31
2 136 61
2 136 83
2 136 103
2 137 4
2 137 14
2 137 20
2 137 40
2 137 52
2 137 60
2 137 62
2 137 71
2 137 74
2 137 91
2 138 2
2 138 6
2 138 19
2 138 20
2 138 27
2 138 37
2 138 47
2 138 71
2 138 80
2 138 101
2 139 9
2 139 12
2 139 18
2 139 20
2 139 22
2 139 26
2 139 34
2 139 37
2 139 47
2 139 49
2 139 54
2 139 71
2 139 74
2 139 76
2 139 103
2 140 0
2 140 2
2 140 7
2 140 30
2 140 36
2 140 38
2 140 56
2 140 68
2 140 84
2 140 88
2 140 94
2 140 95
2 140 101
2 140 103
3 0 25
3 0 33
3 0 57
3 0 58
3 0 84
3 0 103
3 1 7
3 1 48
3 1 49
3 1 63
3 1 70
3 1 83
3 1 93
3 2 0
3 2 3
3 2 5
3 2 7
3 2 8
3 2 15
3 2 22
3 2 24
3 2 32
3 2 37
3 2 45
3 2 48
3 2 51
3 2 59
3 2 68
3 2 90
3 2 98
3 2 101
3 2 105
3 3 3
3 3 38
3 3 59
3 3 71
3 3 73
3 3 75
3 3 82
3 3 83
3 3 94
3 3 100
3 4 18
3 4 28
3 4 48
3 4 69
3 4 76
3 4 83
3 4 97
3 5 3
3 5 8
3 5 16
3 5 22
3 5 51
3 5 71
3 5 75
3 5 89
3 5 92
3 5 101
3 6 2
3 6 3
3 6 14
3 6 41
3 6 47
3 6 51
3 6 63
3 6 66
3 6 79
3 6 92
3 6 101
3 7 6
3 7 17
3 7 18
3 7 20
3 7 26
3 7 45
3 7 58
3 8 50
3 8 64
3 8 65
3 8 67
3 8 104
3 9 19
3 9 21
3 9 29
3 9 58
3 9 61
3 9 73
3 9 76
3 9 87
3 9 88
3 9 89
3 9 101
3 9 105
3 10 15
3 10 19
3 10 47
3 10 58
3 10 74
3 10 78
3 10 83
3 10 104
3 11 1
3 11 18
3 11 25
3 11 45
3 11 55
3 11 58
3 11 62
3 11 101
3 12 19
3 12 28
3 12 29
3 12 41
3 12 72
3 12 76
3 12 80
3 12 98
3 12 103
3 13 16
3 13 17
3 13 27
3 13 38
3 13 43
3 13 56
3 13 80
3 13 81
3 13 83
3 13 100
3 14 4
3 14 8
3 14 15
3 14 33
3 14 38
3 14 40
3 14 49
3 14 51
3 14 58
3 14 66
3 14 67
3 14 75
3 14 88
3 14 95
3 14 96
3 14 103
3 15 0
3 15 7
3 15 12
3 15 18
3 15 22
3 15 27
3 15 40
3 15 58
3 15 83
3 15 84
3 15 100
3 15 104
3 16 1
3 16 9
3 16 18
3 16 26
3 16 44
3 16 51
3 16 58
3 16 64
3 16 79
3 16 100
3 17 10
3 17 24
3 17 81
3 17 84
3 17 94
3 17 96
3 18 8
3 18 28
3 18 32
3 18 35
3 18 58
3 18 74
3 18 84
3 18 88
3 18 89
3 18 90
3 19 11
3 19 15
3 19 20
3 19 21
3 19 23
3 19 27
3 19 39
3 19 58
3 19 72
3 19 74
3 19 91
3 19 101
3 19 103
3 20 8
3 20 48
3 20 50
3 20 63
3 20 64
3 20 66
3 20 71
3 20 73
3 20 90
3 20 98
3 20 105
3 21 0
3 21 2
3 21 4
3 21 11
3 21 18
3 21 43
3 21 45
3 21 57
3 21 68
3 21 70
3 21 101
3 21 105
3 22 10
3 22 11
3 22 13
3 22 14
3 22 15
3 22 17
3 22 24
3 22 25
3 22 26
3 22 43
3 22 47
3 22 52
3 22 69
3 22 76
3 22 89
3 23 34
3 23 37
3 23 46
3 23 62
3 23 64
3 23 65
3 23 66
3 23 67
3 23 74
3 24 0
3 24 5
3 24 9
3 24 15
3 24 16
3 24 22
3 24 55
3 24 82
3 24 93
3 24 104
3 25 17
3 25 36
3 25 45
3 25 48
3 25 57
3 25 64
3 25 67
3 25 73
3 25 74
3 25 89
3 25 91
3 25 94
3 26 12
3 26 19
3 26 25
3 26 33
3 26 39
3 26 43
3 26 53
3 26 57
3 26 63
3 26 78
3 26 80
3 26 90
3 27 1
3 27 10
3 27 12
3 27 49
3 27 51
3 27 55
3 27 64
3 27 75
3 27 93
3 28 11
3 28 18
3 28 52
3 28 54
3 28 61
3 28 63
3 28 66
3 28 70
3 28 72
3 28 81
3 28 83
3 28 84
3 28 92
3 28 95
3 28 98
3 28 101
3 29 0
3 29 6
3 29 15
3 29 19
3 29 22
3 29 25
3 29 34
3 29 51
3 29 56
3 29 61
3 29 77
3 29 83
3 29 98
3 30 7
3 30 14
3 30 17
3 30 18
3 30 20
3 30 27
3 30 29
3 30 42
3 30 44
3 30 49
3 30 68
3 30 78
3 30 88
3 31 9
3 31 30
3 31 69
3 31 97
3 31 99
3 32 3
3 32 11
3 32 13
3 32 17
3 32 24
3 32 33
3 32 45
3 32 62
3 32 76
3 33 3
3 33 27
3 33 36
3 33 40
3 33 53
3 33 70
3 33 85
3 34 10
3 34 25
3 34 44
3 34 61
3 34 68
3 34 70
3 34 76
3 34 87
3 34 105
3 35 0
3 35 21
3 35 38
3 35 46
3 35 83
3 35 87
3 35 93
3 36 6
3 36 9
3 36 16
3 36 43
3 36 50
3 36 69
3 36 71
3 36 101
3 36 102
3 37 0
3 37 29
3 37 39
3 37 40
3 37 50
3 37 52
3 37 62
3 37 63
3 37 72
3 37 77
3 37 87
3 38 9
3 38 12
3 38 20
3 38 24
3 38 28
3 38 78
3 38 97
3 38 101
3 39 25
3 39 27
3 39 33
3 39 36
3 39 48
3 39 65
3 39 71
3 39 87
3 39 95
3 39 98
3 40 12
3 40 24
3 40 59
3 40 65
3 41 3
3 41 5
3 41 11
3 41 26
3 41 28
3 41 36
3 41 65
3 41 94
3 41 96
3 41 101
3 41 105
3 42 28
3 42 40
3 42 54
3 42 62
3 42 85
3 42 100
3 43 0
3 43 11
3 43 22
3 43 29
3 43 31
3 43 47
3 43 52
3 43 53
3 43 60
3 43 72
3 43 81
3 43 89
3 43 101
3 43 103
3 43 104
3 44 6
3 44 7
3 44 10
3 44 21
3 44 28
3 44 34
3 44 39
3 44 40
3 44 41
3 44 52
3 44 53
3 44 59
3 44 96
3 44 104
3 45 9
3 45 40
3 45 61
3 45 79
3 45 83
3 45 84
3 45 91
3 45 95
3 45 98
3 45 102
3 46 1
3 46 7
3 46 19
3 46 90
3 47 9
3 47 13
3 47 15
3 47 20
3 47 35
3 47 41
3 47 42
3 47 48
3 47 61
3 47 73
3 47 74
3 47 90
3 47 101
3 48 5
3 48 8
3 48 41
3 48 68
3 48 83
3 48 99
3 48 104
3 49 17
3 49 22
3 49 38
3 49 48
3 49 51
3 49 54
3 49 55
3 49 60
3 49 74
3 49 81
3 49 103
3 49 104
3 49 105
3 50 10
3 50 27
3 50 28
3 50 30
3 50 37
3 50 41
3 50 54
3 50 59
3 50 78
3 50 90
3 50 96
3 50 97
3 50 102
3 51 10
3 51 14
3 51 40
3 51 59
3 51 65
3 51 68
3 51 80
3 51 95
3 52 16
3 52 31
3 52 38
3 52 52
3 52 73
3 53 6
3 53 28
3 53 32
3 53 45
3 53 53
3 53 76
3 53 85
3 53 104
3 54 4
3 54 22
3 54 29
3 54 39
3 54 40
3 54 51
3 54 54
3 54 63
3 54 72
3 54 73
3 54 82
3 54 101
3 55 3
3 55 7
3 55 44
3 55 52
3 55 62
3 55 67
3 55 77
3 55 81
3 55 85
3 55 88
3 55 94
3 55 98
3 55 99
3 56 1
3 56 9
3 56 22
3 56 33
3 56 34
3 56 37
3 56 58
3 56 59
3 56 66
3 56 73
3 56 74
3 56 82
3 56 84
3 56 89
3 56 95
3 57 2
3 57 6
3 57 7
3 57 8
3 57 14
3 57 28
3 57 37
3 57 41
3 57 46
3 57 79
3 57 82
3 57 95
3 57 98
3 57 101
3 57 105
3 58 17
3 58 22
3 58 25
3 58 33
3 58 38
3 58 52
3 58 71
3 58 74
3 58 78
3 58 83
3 58 89
3 58 100
3 59 12
3 59 13
3 59 15
3 59 25
3 59 32
3 59 37
3 59 45
3 59 57
3 59 72
3 59 79
3 59 89
3 59 92
3 59 94
3 59 103
3 60 25
3 60 29
3 60 36
3 60 37
3 60 72
3 60 82
3 60 88
3 60 90
3 61 19
3 61 20
3 61 32
3 61 44
3 61 46
3 61 55
3 61 58
3 62 18
3 62 28
3 62 30
3 62 45
3 62 69
3 62 76
3 62 87
3 62 92
3 62 95
3 62 97
3 63 6
3 63 18
3 63 23
3 63 26
3 63 52
3 63 103
3 64 0
3 64 3
3 64 39
3 64 43
3 64 72
3 64 86
3 65 2
3 65 10
3 65 16
3 65 17
3 65 18
3 65 28
3 65 32
3 65 42
3 65 52
3 65 56
3 65 87
3 66 23
3 66 26
3 66 46
3 66 50
3 66 71
3 66 75
3 66 85
3 66 104
3 67 6
3 67 24
3 67 34
3 67 68
3 67 94
3 68 0
3 68 18
3 68 34
3 68 35
3 68 38
3 68 41
3 68 64
3 68 69
3 68 76
3 68 80
3 68 99
3 69 20
3 69 23
3 69 31
3 69 48
3 69 59
3 69 63
3 69 77
3 69 78
3 69 90
3 69 95
3 69 97
3 70 1
3 70 16
3 70 57
3 70 77
3 71 2
3 71 9
3 71 10
3 71 23
3 71 68
3 71 71
3 71 75
3 71 76
3 71 88
3 71 93
3 71 100
3 72 9
3 72 17
3 72 26
3 72 30
3 72 31
3 72 46
3 72 64
3 72 70
3 72 86
3 72 87
3 72 95
3 73 18
3 73 20
3 73 40
3 73 41
3 73 45
3 73 48
3 73 52
3 73 57
3 73 66
3 73 74
3 73 100
3 73 101
3 74 1
3 74 11
3 74 15
3 74 31
3 74 54
3 74 72
3 74 104
3 75 64
3 75 74
3 75 79
3 75 91
3 76 4
3 76 5
3 76 15
3 76 30
3 76 33
3 76 34
3 76 49
3 76 57
3 76 63
3 76 69
3 76 76
3 76 82
3 76 85
3 76 98
3 76 100
3 77 3
3 77 20
3 77 21
3 77 37
3 77 38
3 77 42
3 77 44
3 77 45
3 77 57
3 77 60
3 77 71
3 77 101
3 77 105
3 78 2
3 78 15
3 78 18
3 78 38
3 78 48
3 78 51
3 78 58
3 78 66
3 78 83
3 78 92
3 78 100
3 78 104
3 79 2
3 79 14
3 79 21
3 79 41
3 79 47
3 79 55
3 79 62
3 79 65
3 79 66
3 79 71
3 79 73
3 79 76
3 79 81
3 79 92
3 80 13
3 80 14
3 80 27
3 80 47
3 80 49
3 80 69
3 80 71
3 80 74
3 80 79
3 80 88
3 81 9
3 81 11
3 81 23
3 81 48
3 81 62
3 81 66
3 81 88
3 81 90
3 81 92
3 82 22
3 82 27
3 82 29
3 82 79
3 83 1
3 83 16
3 83 18
3 83 28
3 83 42
3 83 47
3 83 50
3 83 65
3 83 75
3 83 78
3 83 92
3 83 102
3 83 103
3 84 4
3 84 27
3 84 33
3 84 36
3 84 63
3 84 72
3 84 97
3 84 100
3 84 101
3 84 102
3 85 19
3 85 36
3 85 39
3 85 80
3 85 103
3 86 0
3 86 1
3 86 5
3 86 20
3 86 22
3 86 24
3 86 54
3 86 72
3 86 74
3 86 89
3 86 91
3 86 93
3 86 100
3 86 101
3 87 23
3 87 49
3 87 56
3 87 65
3 87 81
3 87 87
3 87 98
3 88 3
3 88 4
3 88 7
3 88 27
3 88 28
3 88 43
3 88 45
3 88 80
3 88 83
3 88 98
3 89 2
3 89 7
3 89 8
3 89 11
3 89 14
3 89 15
3 89 44
3 89 54
3 89 65
3 89 74
3 89 77
3 89 82
3 89 88
3 89 93
3 89 105
3 90 6
3 90 23
3 90 36
3 90 79
3 90 94
3 91 3
3 91 4
3 91 17
3 91 24
3 91 47
3 91 63
3 91 86
3 91 91
3 92 12
3 92 32
3 92 37
3 92 39
3 92 45
3 92 48
3 92 49
3 92 66
3 92 74
3 92 77
3 92 78
3 92 88
3 92 95
3 92 98
3 92 102
3 92 103
3 93 14
3 93 28
3 93 55
3 93 57
3 93 87
3 93 88
3 94 6
3 94 9
3 94 12
3 94 14
3 94 24
3 94 49
3 94 55
3 94 59
3 94 65
3 94 67
3 94 89
3 94 94
3 95 8
3 95 9
3 95 21
3 95 25
3 95 31
3 95 37
3 95 40
3 95 63
3 95 65
3 95 75
3 95 84
3 95 88
3 95 89
3 96 0
3 96 1
3 96 6
3 96 14
3 96 15
3 96 16
3 96 19
3 96 29
3 96 33
3 96 34
3 96 46
3 96 69
3 96 79
3 97 0
3 97 28
3 97 30
3 97 34
3 97 38
3 97 57
3 97 102
3 97 104
3 98 3
3 98 7
3 98 29
3 98 49
3 98 55
3 98 88
3 98 89
3 98 95
3 99 0
3 99 9
3 99 31
3 99 32
3 99 37
3 99 43
3 99 44
3 99 45
3 99 49
3 99 65
3 99 69
3 99 101
3 99 105
3 100 7
3 100 23
3 100 27
3 100 62
3 100 67
3 100 80
3 100 83
3 100 94
3 101 2
3 101 34
3 101 40
3 101 44
3 101 46
3 101 61
3 101 104
3 101 105
3 102 20
3 102 22
3 102 33
3 102 45
3 102 57
3 102 60
3 102 71
3 102 75
3 102 77
3 102 101
3 103 0
3 103 32
3 103 36
3 103 51
3 103 57
3 103 83
3 103 88
3 103 91
3 103 92
3 104 12
3 104 41
3 104 73
3 104 82
3 104 85
3 104 86
3 104 87
3 105 1
3 105 6
3 105 7
3 105 13
3 105 38
3 105 39
3 105 44
3 105 47
3 105 79
3 105 94
3 105 100
3 106 0
3 106 6
3 106 16
3 106 20
3 106 31
3 106 35
3 106 43
3 106 63
3 106 97
3 107 11
3 107 22
3 107 29
3 107 39
3 107 70
3 107 76
3 107 85
3 107 95