6354
6
34 32 32 32 34 33
726

0 0 0 817 0 0 453 284 986 342 0 90 25 22 31 23 41 12 38 0 0 0 0 0 0 99 93 0 0 0 0 0 80 0
206 0 383 0 813 0 0 0 369 0 0 65 76 0 0 0 61 0 71 0 89 0 0 0 50 0 0 0 0 40 0 21
351 687 0 431 370 890 771 0 0 727 44 41 0 0 45 34 8 0 0 4 0 71 33 67 49 92 0 83 0 16 0 0
948 405 373 0 0 0 0 0 26 920 95 0 43 4 18 0 71 0 0 0 0 0 80 52 0 0 0 0 67 70 90 40
0 0 61 344 379 0 904 0 0 0 181 85 90 0 25 0 65 81 0 0 91 0 24 0 0 0 0 6 0 0 26 0 0 0
0 0 319 0 0 297 429 214 105 167 0 0 0 53 0 0 79 0 4 32 0 50 68 0 23 0 31 94 0 0 43 0 37

0 0 1
0 0 2
0 0 5
0 0 6
0 0 8
0 0 20
0 0 23
0 1 0
0 1 7
0 1 17
0 2 1
0 2 2
0 2 4
0 2 7
0 3 5
0 3 9
0 3 13
0 3 15
0 3 31
0 4 2
0 4 4
0 4 6
0 4 10
0 4 13
0 4 21
0 4 22
0 4 30
0 5 4
0 5 6
0 5 13
0 5 26
0 5 29
0 6 2
0 6 4
0 6 5
0 6 8
0 6 15
0 7 2
0 7 3
0 7 4
0 7 5
0 7 6
0 7 8
0 7 10
0 7 12
0 7 20
0 7 26
0 7 31
0 8 1
0 8 3
0 8 16
0 8 17
0 8 19
0 9 9
0 9 16
0 9 18
0 9 19
0 10 7
0 10 13
0 10 28
0 10 30
0 11 20
0 12 2
0 12 12
0 12 19
0 12 22
0 12 30
0 13 18
0 13 28
0 14 12
0 14 21
0 14 22
0 15 2
0 15 16
0 15 18
0 15 20
0 15 21
0 15 27
0 16 2
0 16 16
0 16 22
0 16 23
0 16 30
0 17 5
0 17 6
0 17 19
0 17 29
0 18 0
0 18 10
0 18 27
0 18 29
0 18 30
0 19 18
0 19 20
0 19 21
0 19 25
0 19 26
0 20 6
0 20 11
0 20 20
0 20 22
0 20 24
0 20 29
0 21 14
0 21 31
0 22 15
0 22 16
0 22 19
0 22 23
0 23 18
0 23 25
0 23 27
0 23 31
0 24 10
0 24 16
0 24 21
0 24 27
0 25 3
0 25 4
0 25 5
0 25 13
0 25 23
0 25 29
0 25 30
0 26 2
0 26 19
0 27 24
0 27 25
0 27 28
0 28 3
0 28 10
0 28 12
0 28 19
0 28 23
0 28 27
0 29 7
0 29 29
0 29 30
0 30 11
0 30 12
0 30 22
0 30 28
0 31 18
0 32 0
0 32 12
0 32 14
0 32 16
0 32 17
0 32 26
0 33 12
0 33 13
0 33 23
1 0 3
1 0 6
1 0 7
1 0 8
1 0 9
1 0 16
1 1 4
1 1 5
1 1 25
1 2 1
1 2 3
1 2 5
1 2 8
1 2 29
1 3 6
1 3 18
1 3 23
1 3 25
1 3 31
1 4 0
1 4 1
1 4 8
1 4 9
1 4 25
1 5 0
1 5 5
1 5 9
1 5 20
1 5 26
1 6 4
1 6 7
1 7 3
1 7 12
1 8 2
1 8 4
1 8 6
1 8 9
1 8 23
1 9 1
1 9 6
1 9 12
1 9 14
1 9 28
1 10 15
1 10 19
1 10 30
1 11 15
1 11 20
1 11 25
1 11 27
1 11 31
1 12 2
1 13 11
1 13 15
1 13 17
1 13 25
1 13 28
1 14 5
1 14 30
1 15 11
1 15 12
1 15 20
1 15 23
1 15 28
1 15 31
1 16 8
1 16 10
1 16 18
1 16 19
1 16 22
1 17 8
1 17 9
1 17 17
1 17 21
1 18 1
1 18 11
1 18 13
1 18 18
1 18 21
1 18 27
1 18 30
1 19 8
1 19 14
1 19 27
1 19 29
1 20 1
1 20 12
1 20 27
1 21 5
1 21 8
1 21 9
1 21 16
1 21 23
1 21 24
1 21 29
1 22 4
1 22 11
1 22 21
1 22 22
1 22 29
1 22 30
1 23 4
1 23 7
1 23 24
1 24 1
1 24 9
1 24 13
1 24 22
1 24 25
1 25 2
1 25 7
1 25 9
1 25 14
1 25 16
1 25 25
1 26 11
1 26 17
1 26 21
1 26 23
1 27 4
1 27 15
1 27 20
1 27 25
1 28 2
1 28 22
1 28 26
1 29 6
1 29 13
1 29 27
1 30 3
1 30 21
1 30 23
1 31 5
1 31 7
1 31 8
1 31 11
1 31 18
1 31 19
1 31 21
1 31 23
2 0 0
2 0 4
2 0 9
2 0 18
2 1 1
2 1 2
2 1 6
2 1 7
2 1 8
2 1 10
2 1 12
2 1 17
2 1 23
2 2 0
2 2 3
2 2 18
2 2 19
2 2 20
2 2 23
2 2 29
2 2 30
2 3 1
2 3 4
2 3 6
2 3 7
2 3 25
2 4 0
2 4 6
2 4 9
2 4 23
2 5 9
2 5 28
2 6 2
2 6 4
2 6 6
2 6 20
2 6 23
2 7 7
2 7 9
2 7 27
2 7 31
2 8 0
2 8 1
2 8 2
2 8 3
2 8 4
2 8 8
2 8 28
2 9 2
2 9 4
2 9 6
2 9 11
2 9 13
2 9 21
2 10 4
2 10 13
2 10 16
2 10 17
2 10 19
2 10 31
2 11 16
2 11 17
2 11 25
2 12 1
2 12 4
2 12 8
2 12 20
2 12 23
2 12 27
2 13 6
2 13 13
2 13 14
2 13 29
2 14 11
2 14 15
2 14 16
2 14 21
2 15 8
2 15 13
2 16 2
2 17 17
2 17 27
2 18 7
2 18 13
2 18 17
2 18 20
2 18 23
2 18 24
2 18 27
2 18 28
2 18 30
2 19 12
2 19 16
2 20 12
2 20 15
2 20 24
2 20 28
2 21 12
2 21 16
2 21 21
2 21 30
2 22 15
2 22 16
2 22 19
2 22 23
2 22 26
2 23 12
2 23 20
2 23 22
2 23 27
2 24 0
2 24 1
2 24 2
2 24 22
2 24 30
2 25 16
2 26 5
2 26 15
2 26 20
2 26 25
2 26 31
2 27 4
2 27 8
2 27 11
2 27 14
2 29 5
2 29 7
2 29 17
2 29 25
2 29 26
2 29 29
2 30 1
2 30 26
2 30 27
2 30 29
2 31 3
2 31 9
2 31 16
2 31 20
2 31 30
3 0 2
3 0 8
3 0 21
3 0 30
3 1 0
3 1 1
3 1 3
3 1 5
3 1 9
3 2 1
3 2 2
3 2 3
3 2 4
3 2 7
3 2 10
3 2 14
3 3 0
3 3 2
3 3 5
3 3 9
3 3 23
3 4 4
3 4 16
3 4 25
3 5 2
3 5 4
3 5 5
3 5 6
3 5 7
3 5 8
3 5 9
3 5 12
3 5 31
3 6 3
3 6 7
3 7 0
3 7 3
3 7 4
3 7 7
3 7 9
3 7 13
3 7 21
3 7 23
3 7 30
3 7 32
3 8 1
3 8 6
3 8 7
3 8 10
3 8 15
3 8 18
3 8 23
3 9 0
3 9 1
3 9 3
3 9 4
3 9 6
3 10 22
3 10 25
3 10 30
3 11 1
3 11 13
3 11 19
3 12 9
3 12 16
3 12 26
3 12 29
3 12 31
3 13 4
3 13 10
3 13 21
3 13 22
3 14 6
3 14 23
3 15 0
3 15 10
3 15 12
3 15 17
3 15 20
3 15 26
3 15 33
3 16 10
3 16 31
3 17 4
3 17 16
3 17 26
3 17 28
3 18 14
3 18 25
3 18 31
3 19 12
3 19 19
3 19 23
3 19 33
3 20 14
3 20 17
3 20 23
3 20 25
3 20 29
3 20 33
3 21 4
3 21 13
3 21 30
3 21 31
3 22 2
3 22 17
3 22 30
3 22 32
3 22 33
3 23 3
3 23 11
3 23 12
3 23 32
3 24 20
3 25 8
3 25 13
3 25 16
3 26 2
3 26 9
3 26 12
3 26 16
3 26 24
3 26 27
3 26 30
3 27 5
3 27 13
3 27 26
3 27 30
3 27 33
3 28 2
3 28 10
3 28 19
3 28 22
3 28 24
3 28 26
3 28 27
3 29 17
3 29 20
3 29 21
3 29 27
3 29 30
3 29 32
3 30 3
3 30 6
3 30 19
3 30 25
3 30 28
3 31 14
3 31 18
4 0 4
4 0 5
4 0 6
4 0 7
4 0 8
4 0 10
4 0 24
4 1 0
4 1 8
4 1 9
4 2 0
4 2 5
4 2 8
4 2 22
4 3 1
4 3 7
4 3 9
4 3 20
4 4 4
4 4 7
4 4 15
4 4 17
4 4 21
4 4 27
4 5 4
4 5 5
4 5 7
4 5 9
4 5 14
4 5 17
4 5 31
4 6 3
4 6 5
4 6 6
4 6 7
4 6 9
4 6 10
4 6 15
4 6 24
4 6 31
4 7 0
4 8 7
4 8 9
4 8 10
4 8 15
4 8 16
4 8 20
4 8 29
4 9 4
4 9 7
4 9 8
4 9 12
4 9 14
4 9 24
4 9 27
4 9 31
4 10 2
4 10 4
4 10 5
4 10 7
4 10 16
4 10 30
4 10 31
4 11 2
4 11 21
4 11 24
4 11 31
4 12 0
4 12 4
4 12 7
4 12 18
4 13 31
4 14 19
4 14 24
4 14 31
4 15 1
4 15 21
4 15 24
4 15 26
4 15 31
4 16 19
4 16 25
4 16 26
4 16 27
4 16 32
4 17 4
4 17 28
4 17 32
4 18 6
4 18 19
4 18 26
4 18 32
4 19 19
4 19 20
4 19 26
4 20 0
4 20 6
4 20 7
4 20 12
4 20 18
4 20 20
4 20 28
4 20 29
4 21 2
4 23 13
4 23 16
4 23 19
4 23 26
4 23 29
4 24 0
4 24 2
4 24 6
4 24 10
4 25 3
4 25 9
4 25 11
4 25 14
4 25 18
4 25 30
4 26 2
4 26 3
4 26 8
4 26 16
4 26 26
4 26 28
4 28 15
4 28 26
4 29 12
4 29 21
4 29 27
4 29 30
4 30 18
4 30 22
4 30 24
4 30 27
4 31 3
4 31 14
4 31 27
4 31 30
4 32 19
4 32 21
4 33 8
4 33 27
4 33 28
4 33 29