3153
7
28 27 29 27 28 27 27
614

0 215 289 0 0 206 0 0 0 168 0 47 84 0 0 0 0 0 0 0 0 26 0 0 0 24 17 0
392 742 421 29 0 74 177 592 0 661 58 0 0 0 0 66 0 4 99 0 0 4 26 46 0 0 0
89 720 0 0 117 394 0 922 101 0 332 0 91 0 0 75 0 99 9 20 67 66 26 0 70 30 47 13 75
441 0 0 0 0 0 473 582 0 744 0 42 0 14 91 0 69 0 0 0 0 0 100 99 0 91 32
0 925 0 675 0 84 17 0 453 0 74 92 46 0 0 0 96 0 14 22 97 0 0 0 0 56 22 0
451 0 308 219 0 453 0 639 0 309 0 46 22 0 52 19 0 32 21 0 0 88 18 3 53 61 39
0 931 0 379 0 0 0 281 0 0 26 0 54 0 7 0 0 35 0 0 0 20 0 63 0 0 18

0 0 1
0 0 9
0 0 14
0 0 16
0 0 23
0 1 0
0 1 1
0 1 6
0 1 7
0 1 8
0 1 9
0 2 0
0 2 7
0 2 26
0 3 5
0 3 9
0 5 0
0 5 6
0 5 9
0 5 14
0 5 19
0 5 21
0 5 25
0 6 1
0 6 4
0 6 9
0 6 10
0 6 16
0 7 2
0 7 10
0 7 24
0 8 0
0 8 17
0 9 1
0 9 3
0 9 7
0 9 15
0 10 10
0 10 11
0 11 6
0 11 10
0 11 16
0 11 20
0 11 25
0 12 2
0 13 3
0 13 24
0 14 0
0 14 1
0 14 2
0 15 13
0 16 11
0 16 12
0 16 16
0 17 23
0 17 24
0 17 25
0 18 0
0 18 18
0 18 19
0 18 21
0 18 22
0 18 26
0 19 5
0 19 9
0 19 11
0 19 12
0 20 8
0 20 15
0 20 17
0 20 18
0 21 7
0 21 8
0 21 9
0 21 17
0 21 18
0 22 2
0 22 4
0 22 5
0 22 11
0 22 14
0 22 16
0 22 22
0 22 26
0 23 2
0 23 12
0 23 14
0 23 16
0 23 22
0 24 1
0 24 3
0 24 4
0 24 19
0 25 17
0 25 21
0 25 24
0 26 0
0 26 6
0 26 20
0 26 26
0 27 9
0 27 13
0 27 16
0 27 18
0 27 21
0 27 22
0 27 24
1 0 3
1 0 5
1 0 10
1 0 11
1 1 6
1 1 15
1 1 21
1 2 3
1 2 6
1 2 8
1 2 13
1 2 27
1 3 10
1 3 11
1 3 15
1 4 2
1 4 3
1 4 7
1 4 9
1 4 12
1 5 4
1 5 10
1 5 11
1 5 25
1 5 28
1 6 6
1 6 7
1 6 14
1 6 15
1 6 16
1 6 17
1 6 22
1 7 1
1 7 4
1 7 5
1 7 6
1 7 10
1 7 23
1 7 25
1 7 26
1 8 1
1 8 2
1 8 6
1 8 10
1 8 15
1 8 17
1 8 28
1 9 0
1 9 4
1 9 6
1 9 15
1 9 17
1 9 22
1 10 2
1 10 5
1 10 16
1 10 24
1 10 25
1 11 12
1 11 18
1 12 3
1 12 15
1 12 21
1 12 24
1 13 1
1 13 2
1 13 9
1 14 7
1 14 13
1 14 16
1 14 19
1 15 20
1 15 22
1 16 5
1 16 12
1 16 19
1 17 0
1 17 11
1 17 12
1 17 13
1 17 16
1 17 21
1 17 23
1 17 25
1 17 26
1 17 27
1 18 2
1 18 3
1 18 17
1 18 18
1 18 21
1 19 2
1 19 14
1 19 17
1 19 25
1 19 26
1 20 17
1 20 20
1 20 23
1 20 26
1 21 5
1 21 21
1 22 10
1 22 23
1 23 3
1 23 20
1 23 21
1 23 24
1 24 11
1 24 21
1 24 28
1 25 4
1 25 8
1 25 14
1 25 20
1 25 21
1 25 26
1 26 10
1 26 23
2 0 3
2 0 7
2 1 4
2 1 5
2 1 15
2 2 15
2 3 0
2 3 3
2 3 5
2 3 8
2 3 26
2 4 3
2 4 4
2 4 20
2 4 22
2 4 24
2 5 3
2 5 4
2 5 17
2 5 25
2 5 26
2 6 26
2 7 0
2 7 9
2 7 14
2 7 20
2 7 25
2 8 5
2 8 6
2 8 23
2 9 0
2 9 6
2 9 20
2 9 24
2 9 25
2 10 0
2 10 3
2 10 5
2 11 2
2 11 10
2 11 14
2 11 26
2 12 6
2 12 13
2 12 21
2 12 23
2 13 4
2 13 5
2 13 25
2 14 7
2 14 8
2 14 14
2 15 0
2 15 1
2 15 15
2 15 17
2 15 18
2 16 5
2 16 13
2 16 15
2 16 17
2 16 23
2 17 12
2 17 19
2 18 7
2 18 8
2 18 14
2 18 17
2 18 21
2 18 23
2 19 4
2 19 7
2 19 16
2 19 18
2 19 25
2 20 5
2 20 10
2 20 12
2 20 13
2 20 21
2 21 11
2 21 24
2 21 25
2 22 3
2 22 12
2 22 22
2 22 25
2 23 0
2 23 4
2 23 15
2 23 16
2 23 24
2 24 3
2 24 19
2 25 4
2 25 15
2 25 25
2 25 26
2 26 3
2 26 5
2 27 1
2 27 17
2 27 25
2 28 5
2 28 8
2 28 19
2 28 20
2 28 22
3 0 1
3 0 2
3 0 4
3 0 15
3 1 14
3 2 2
3 2 19
3 2 23
3 3 5
3 3 8
3 3 10
3 4 9
3 4 17
3 5 1
3 5 3
3 6 1
3 6 4
3 6 6
3 6 8
3 6 19
3 7 2
3 7 25
3 8 0
3 8 8
3 8 9
3 8 17
3 9 14
3 10 8
3 10 14
3 10 17
3 10 18
3 10 23
3 10 26
3 11 4
3 11 12
3 11 15
3 11 27
3 12 8
3 12 17
3 12 21
3 12 22
3 12 25
3 14 9
3 14 18
3 14 23
3 15 6
3 15 27
3 16 3
3 16 4
3 16 5
3 16 6
3 16 19
3 17 0
3 17 12
3 17 13
3 17 15
3 17 16
3 17 18
3 18 3
3 18 20
3 19 10
3 19 12
3 19 13
3 19 16
3 19 20
3 19 21
3 19 26
3 19 27
3 20 8
3 20 14
3 20 18
3 20 26
3 21 13
3 21 20
3 21 27
3 22 4
3 22 6
3 23 20
3 23 25
3 23 27
3 24 3
3 25 0
3 25 5
3 25 24
3 26 13
3 26 18
3 26 23
4 0 5
4 0 7
4 0 8
4 0 15
4 0 16
4 1 6
4 1 7
4 1 9
4 1 11
4 1 14
4 1 18
4 1 19
4 1 21
4 2 1
4 2 2
4 2 6
4 2 9
4 2 11
4 2 22
4 2 25
4 3 0
4 3 1
4 3 16
4 3 22
4 4 5
4 4 7
4 4 12
4 4 14
4 5 2
4 5 5
4 5 25
4 6 8
4 6 19
4 7 24
4 7 26
4 8 0
4 8 4
4 8 15
4 8 20
4 9 5
4 9 9
4 9 19
4 9 20
4 10 6
4 10 24
4 10 26
4 11 10
4 11 22
4 11 24
4 12 3
4 12 10
4 12 12
4 12 22
4 12 24
4 13 5
4 13 14
4 14 13
4 14 21
4 14 23
4 15 26
4 16 4
4 16 19
4 17 10
4 17 11
4 18 0
4 18 5
4 18 20
4 19 0
4 19 4
4 19 21
4 19 26
4 20 13
4 20 15
4 20 16
4 20 22
4 20 23
4 20 26
4 21 24
4 22 7
4 23 7
4 23 8
4 23 23
4 24 1
4 24 14
4 24 17
4 24 23
4 25 5
4 25 15
4 25 19
4 26 4
4 26 12
4 26 13
4 26 20
4 26 23
4 27 23
5 0 1
5 0 3
5 0 5
5 0 21
5 1 5
5 1 8
5 1 9
5 1 14
5 1 17
5 2 1
5 2 3
5 2 9
5 2 10
5 2 17
5 2 23
5 3 15
5 4 9
5 4 13
5 4 17
5 4 20
5 4 22
5 4 26
5 5 3
5 5 16
5 5 20
5 6 1
5 6 3
5 6 4
5 6 6
5 6 12
5 6 19
5 6 24
5 7 3
5 7 6
5 7 21
5 8 3
5 8 26
5 9 0
5 9 6
5 10 9
5 10 24
5 11 15
5 12 3
5 12 12
5 12 26
5 13 6
5 13 7
5 13 8
5 13 14
5 13 16
5 13 23
5 13 24
5 14 6
5 14 11
5 15 0
5 15 7
5 15 16
5 15 19
5 15 22
5 15 24
5 15 26
5 16 26
5 17 3
5 17 18
5 17 20
5 18 3
5 18 10
5 18 16
5 18 20
5 18 25
5 19 11
5 19 14
5 19 16
5 19 20
5 19 25
5 20 6
5 20 20
5 20 21
5 21 22
5 21 25
5 22 2
5 22 3
5 22 12
5 23 8
5 23 16
5 23 24
5 24 14
5 24 15
5 24 22
5 24 25
5 25 16
5 25 17
5 25 24
5 26 2
5 26 8
5 26 10
5 26 18
5 26 22