7143
7
34 35 34 34 38 34 34
980

0 689 0 0 0 0 0 0 0 0 0 565 524 37 35 14 0 75 85 81 0 0 0 79 0 0 0 7 0 0 24 0 68 84
155 60 448 0 0 665 0 468 29 0 0 691 0 0 88 0 78 52 92 0 31 67 100 23 47 0 35 0 0 0 0 24 0 13 53
937 0 492 603 902 32 252 757 0 0 523 0 90 49 0 11 0 0 87 0 24 55 1 13 0 0 0 11 0 0 41 89 70 0
599 1 0 0 201 3 0 1 0 179 0 0 997 96 20 0 0 14 0 74 0 34 64 0 0 0 0 0 0 0 0 0 0 0
0 0 259 0 0 650 0 171 36 171 0 0 438 228 0 0 44 68 50 0 0 40 87 0 0 0 0 0 0 0 2 74 0 0 0 99 94 0
0 275 0 837 778 0 305 755 197 0 0 597 0 0 15 77 0 0 3 0 36 55 69 0 0 0 32 0 89 0 15 99 0 50
0 941 0 0 0 0 0 721 628 0 0 0 557 0 81 25 0 44 0 0 36 0 0 0 66 43 94 0 13 0 0 54 68 0

0 0 0
0 0 2
0 0 5
0 0 6
0 0 8
0 0 11
0 0 17
0 1 0
0 1 1
0 1 3
0 1 4
0 1 5
0 1 8
0 1 10
0 1 12
0 1 18
0 1 19
0 1 20
0 1 22
0 1 24
0 2 0
0 2 1
0 2 4
0 2 6
0 2 7
0 2 9
0 2 19
0 3 0
0 3 1
0 3 9
0 3 10
0 3 11
0 4 0
0 4 2
0 4 5
0 4 6
0 4 7
0 4 9
0 4 13
0 5 0
0 5 2
0 5 5
0 5 6
0 5 7
0 5 8
0 5 9
0 5 10
0 6 1
0 6 2
0 6 6
0 6 7
0 6 8
0 6 11
0 6 13
0 6 25
0 8 1
0 8 3
0 8 4
0 8 5
0 8 8
0 8 9
0 8 10
0 8 11
0 8 13
0 9 0
0 9 2
0 9 4
0 9 6
0 9 8
0 9 11
0 9 12
0 9 13
0 9 26
0 9 29
0 10 0
0 10 3
0 10 4
0 10 5
0 10 7
0 10 10
0 10 11
0 10 12
0 10 19
0 10 21
0 11 0
0 11 1
0 11 5
0 11 8
0 11 9
0 11 10
0 11 13
0 11 25
0 12 2
0 12 5
0 12 11
0 12 12
0 12 13
0 12 22
0 12 26
0 12 28
0 13 3
0 13 15
0 13 21
0 13 22
0 13 29
0 13 31
0 14 20
0 15 5
0 15 21
0 15 22
0 15 26
0 15 28
0 15 29
0 16 0
0 16 29
0 16 33
0 17 15
0 17 19
0 17 20
0 17 28
0 18 2
0 18 12
0 18 19
0 18 21
0 18 26
0 18 31
0 18 33
0 19 14
0 19 19
0 19 21
0 19 22
0 19 26
0 19 27
0 20 27
0 20 29
0 21 17
0 21 19
0 21 24
0 21 27
0 21 30
0 21 34
0 22 23
0 22 26
0 22 32
0 23 0
0 23 29
0 24 34
0 25 0
0 25 11
0 25 16
0 25 22
0 26 9
0 26 26
0 26 27
0 26 34
0 27 8
0 28 4
0 28 15
0 28 18
0 28 22
0 29 19
0 29 22
0 29 31
0 29 33
0 30 6
0 30 27
0 31 0
0 32 13
0 32 25
0 32 27
0 32 33
0 32 34
0 33 15
0 33 16
0 33 23
0 33 26
0 33 30
0 33 32
0 33 34
1 0 2
1 0 4
1 0 5
1 0 7
1 0 8
1 0 9
1 0 10
1 0 11
1 0 12
1 1 0
1 1 1
1 1 4
1 1 8
1 1 9
1 1 12
1 2 0
1 2 2
1 2 5
1 2 8
1 2 9
1 2 12
1 2 22
1 3 2
1 3 3
1 3 4
1 3 7
1 3 9
1 3 10
1 3 20
1 4 0
1 4 1
1 4 3
1 4 4
1 4 5
1 4 8
1 4 9
1 4 11
1 4 23
1 4 31
1 5 1
1 5 3
1 5 7
1 6 1
1 6 4
1 6 5
1 6 6
1 6 8
1 6 10
1 6 25
1 7 3
1 7 4
1 8 0
1 8 2
1 8 7
1 8 8
1 8 28
1 9 0
1 9 1
1 9 4
1 9 6
1 9 7
1 9 8
1 9 11
1 9 12
1 9 28
1 9 31
1 10 6
1 10 10
1 10 11
1 10 29
1 11 3
1 11 4
1 11 5
1 11 7
1 11 9
1 11 10
1 12 1
1 12 3
1 12 4
1 12 6
1 12 7
1 12 12
1 12 25
1 13 5
1 13 6
1 13 7
1 13 8
1 13 12
1 14 26
1 14 31
1 14 33
1 15 21
1 15 28
1 15 30
1 15 31
1 16 14
1 16 24
1 17 19
1 17 25
1 17 30
1 17 31
1 18 21
1 18 28
1 18 33
1 20 8
1 20 18
1 20 32
1 21 8
1 21 21
1 21 24
1 21 31
1 22 21
1 22 22
1 23 24
1 23 27
1 23 28
1 23 30
1 23 33
1 24 5
1 25 8
1 25 10
1 25 18
1 25 25
1 25 32
1 25 33
1 26 18
1 26 19
1 26 20
1 26 33
1 27 2
1 27 9
1 27 14
1 27 27
1 28 27
1 28 31
1 29 2
1 29 20
1 29 24
1 29 33
1 30 27
1 30 28
1 30 33
1 31 3
1 31 6
1 31 16
1 31 25
1 32 30
1 33 5
1 33 22
1 33 26
1 33 28
1 34 14
1 34 23
1 34 25
1 34 28
2 0 1
2 0 3
2 0 10
2 0 18
2 0 30
2 1 4
2 1 6
2 1 7
2 1 9
2 1 10
2 1 12
2 1 30
2 2 0
2 2 1
2 2 3
2 2 6
2 2 7
2 2 8
2 2 10
2 2 12
2 2 30
2 3 2
2 3 3
2 3 4
2 3 5
2 3 6
2 3 7
2 3 10
2 3 11
2 3 12
2 3 21
2 4 0
2 4 1
2 4 5
2 4 6
2 4 7
2 4 8
2 4 11
2 5 3
2 5 6
2 5 10
2 5 11
2 5 12
2 6 0
2 6 3
2 6 4
2 6 5
2 6 8
2 6 10
2 6 12
2 7 1
2 7 3
2 7 6
2 7 7
2 7 8
2 7 11
2 7 13
2 7 14
2 8 0
2 8 3
2 8 4
2 8 6
2 8 7
2 8 8
2 8 9
2 9 0
2 9 3
2 9 4
2 9 5
2 9 7
2 10 1
2 10 2
2 10 4
2 10 5
2 11 1
2 11 8
2 11 11
2 11 19
2 12 0
2 12 2
2 12 3
2 12 4
2 12 6
2 12 7
2 12 10
2 12 11
2 12 12
2 12 24
2 13 1
2 13 13
2 13 19
2 13 25
2 13 26
2 13 30
2 14 23
2 14 29
2 14 30
2 15 1
2 15 3
2 15 16
2 15 17
2 15 19
2 15 26
2 15 27
2 16 28
2 16 33
2 17 0
2 18 11
2 18 14
2 18 17
2 18 21
2 18 33
2 19 14
2 19 15
2 19 21
2 19 24
2 19 25
2 19 26
2 19 27
2 20 19
2 20 21
2 20 25
2 20 32
2 22 13
2 22 22
2 23 16
2 23 19
2 23 22
2 23 26
2 23 27
2 24 27
2 24 32
2 25 18
2 25 20
2 26 11
2 26 12
2 26 17
2 26 32
2 27 14
2 27 18
2 27 21
2 27 22
2 27 32
2 28 6
2 28 18
2 28 31
2 29 17
2 29 19
2 29 21
2 29 29
2 30 3
2 30 13
2 30 22
2 31 9
2 31 14
2 31 26
2 32 5
2 32 24
2 32 25
2 32 30
2 33 10
2 33 21
3 0 3
3 0 6
3 0 7
3 0 9
3 0 28
3 1 0
3 1 1
3 1 2
3 1 5
3 1 6
3 1 8
3 1 11
3 1 12
3 1 13
3 1 17
3 1 27
3 1 30
3 2 1
3 2 7
3 2 8
3 2 13
3 2 23
3 3 2
3 3 4
3 3 6
3 3 10
3 3 12
3 3 14
3 4 0
3 4 6
3 4 7
3 4 8
3 4 12
3 4 26
3 4 36
3 5 1
3 5 6
3 5 11
3 5 14
3 5 32
3 6 2
3 6 4
3 6 6
3 6 11
3 6 12
3 6 32
3 7 5
3 7 6
3 7 7
3 7 8
3 7 9
3 7 10
3 7 11
3 7 12
3 7 13
3 7 14
3 7 21
3 7 23
3 7 36
3 8 1
3 8 4
3 8 5
3 8 12
3 8 20
3 9 0
3 9 4
3 9 5
3 9 6
3 9 8
3 9 10
3 9 11
3 9 13
3 10 0
3 10 3
3 10 4
3 10 5
3 10 6
3 10 7
3 10 10
3 10 12
3 11 1
3 11 6
3 11 8
3 11 11
3 11 12
3 11 13
3 11 33
3 12 0
3 12 1
3 12 3
3 12 4
3 12 5
3 12 6
3 12 7
3 12 9
3 12 10
3 12 11
3 12 12
3 12 14
3 13 15
3 13 19
3 13 26
3 13 35
3 14 2
3 14 15
3 14 18
3 14 22
3 15 6
3 15 15
3 15 29
3 15 36
3 16 20
3 16 36
3 17 5
3 17 11
3 17 19
3 17 20
3 17 21
3 17 29
3 18 0
3 18 11
3 18 21
3 18 25
3 18 27
3 19 21
3 19 30
3 19 32
3 20 20
3 20 23
3 20 32
3 22 26
3 23 18
3 24 28
3 25 24
3 25 28
3 26 1
3 26 29
3 26 35
3 26 37
3 27 2
3 27 4
3 27 10
3 27 15
3 27 18
3 27 19
3 27 28
3 27 34
3 28 16
3 28 17
3 28 23
3 28 27
3 29 23
3 29 29
3 30 2
3 30 20
3 30 23
3 30 29
3 31 16
3 31 26
3 31 35
3 32 6
3 32 18
3 32 34
3 33 16
3 33 23
4 0 0
4 0 2
4 0 3
4 0 4
4 0 6
4 0 10
4 0 11
4 1 4
4 1 5
4 1 12
4 1 24
4 2 0
4 2 2
4 2 4
4 2 5
4 2 7
4 2 8
4 2 9
4 2 12
4 3 2
4 3 3
4 3 5
4 3 6
4 3 10
4 3 15
4 3 31
4 4 2
4 4 3
4 4 6
4 4 7
4 4 8
4 5 1
4 5 4
4 5 5
4 5 7
4 5 10
4 5 11
4 5 14
4 5 33
4 6 1
4 6 4
4 6 6
4 6 7
4 6 8
4 6 11
4 7 3
4 7 4
4 7 7
4 7 11
4 7 12
4 8 1
4 8 2
4 8 4
4 8 5
4 8 8
4 8 12
4 9 1
4 9 2
4 9 6
4 9 8
4 9 9
4 9 10
4 9 11
4 9 12
4 9 26
4 10 0
4 10 3
4 10 8
4 10 9
4 10 10
4 10 11
4 11 0
4 11 2
4 11 7
4 11 8
4 11 15
4 11 21
4 12 1
4 12 8
4 13 1
4 13 7
4 13 12
4 13 30
4 13 33
4 14 0
4 14 1
4 14 6
4 14 12
4 15 16
4 15 20
4 15 22
4 15 25
4 15 27
4 15 28
4 16 19
4 16 21
4 16 30
4 17 28
4 18 14
4 18 18
4 18 20
4 18 28
4 19 0
4 20 1
4 20 16
4 20 21
4 20 23
4 22 23
4 22 27
4 22 32
4 23 17
4 23 20
4 23 21
4 23 31
4 24 15
4 24 20
4 24 25
4 25 16
4 26 23
4 26 24
4 26 25
4 27 14
4 27 15
4 27 17
4 27 25
4 28 8
4 28 12
4 28 19
4 28 20
4 28 22
4 28 23
4 28 26
4 28 32
4 29 23
4 29 26
4 30 0
4 30 17
4 30 20
4 30 24
4 30 31
4 31 16
4 31 23
4 31 31
4 32 10
4 32 15
4 32 25
4 32 27
4 34 6
4 34 22
4 35 19
4 35 21
4 35 28
4 36 23
4 37 26
4 37 28
4 37 32
4 37 33
5 0 2
5 0 3
5 0 5
5 0 7
5 0 8
5 0 10
5 0 11
5 1 4
5 1 5
5 1 6
5 1 10
5 1 24
5 2 0
5 2 2
5 2 4
5 2 6
5 2 7
5 2 10
5 2 11
5 2 16
5 3 1
5 3 3
5 3 6
5 3 9
5 3 12
5 4 2
5 4 5
5 4 6
5 4 7
5 4 8
5 4 10
5 4 11
5 4 21
5 5 0
5 5 1
5 5 3
5 5 4
5 5 6
5 5 8
5 5 10
5 5 12
5 5 13
5 5 16
5 5 26
5 5 30
5 6 5
5 6 6
5 6 7
5 6 9
5 6 10
5 6 12
5 6 15
5 6 33
5 7 1
5 7 6
5 7 7
5 7 10
5 7 13
5 7 24
5 8 0
5 8 2
5 8 10
5 8 11
5 8 12
5 8 23
5 8 32
5 9 0
5 9 1
5 9 2
5 9 5
5 9 6
5 9 8
5 9 28
5 10 3
5 10 6
5 10 7
5 10 8
5 10 9
5 10 10
5 10 11
5 10 12
5 10 16
5 10 21
5 11 0
5 11 1
5 11 4
5 11 6
5 11 7
5 11 8
5 11 11
5 11 12
5 12 1
5 12 2
5 12 6
5 12 9
5 12 12
5 12 25
5 13 20
5 13 31
5 14 9
5 14 24
5 14 30
5 15 17
5 15 22
5 15 26
5 15 30
5 16 11
5 16 13
5 16 14
5 16 17
5 16 19
5 17 12
5 17 28
5 17 29
5 17 31
5 18 18
5 18 22
5 18 26
5 18 32
5 18 33
5 19 14
5 19 20
5 20 20
5 20 29
5 21 22
5 21 26
5 21 29
5 22 11
5 22 15
5 22 16
5 22 25
5 22 28
5 23 16
5 23 24
5 24 14
5 24 31
5 25 7
5 25 22
5 25 28
5 26 9
5 26 18
5 26 32
5 27 22
5 28 12
5 28 22
5 28 31
5 28 33
5 29 5
5 29 17
5 29 20
5 29 25
5 29 26
5 29 33
5 30 10
5 30 15
5 30 27
5 30 29
5 31 5
5 31 23
5 31 32
5 32 31
5 33 24