6071
3
72 72 72
588

0 875 0 0 0 0 770 0 114 264 0 0 0 0 716 0 0 728 352 0 329 805 964 128 425 203 0 40 70 0 0 12 0 0 26 45 0 0 34 0 86 60 0 13 0 9 90 70 63 0 0 0 0 0 0 0 0 0 0 0 12 72 0 0 0 0 62 95 95 0 89 69
0 370 708 499 0 365 0 756 0 0 0 679 0 0 0 0 251 0 229 418 0 0 834 897 0 440 0 41 26 92 62 0 0 0 0 56 51 0 87 74 0 60 33 0 0 39 0 9 0 0 70 97 0 0 66 0 0 0 0 0 83 0 0 0 0 59 0 41 30 0 29 52
0 0 0 373 0 0 782 22 981 0 0 0 731 9 153 0 311 185 186 0 0 952 528 0 935 0 0 0 40 0 3 70 56 31 11 0 8 0 5 0 0 0 0 63 17 0 62 0 0 24 0 39 90 0 0 0 94 52 0 92 0 0 79 0 0 0 15 0 22 0 95 0

0 1 3
0 1 4
0 1 8
0 1 16
0 1 17
0 1 21
0 1 40
0 1 44
0 2 6
0 2 7
0 2 9
0 2 11
0 2 15
0 2 60
0 2 61
0 3 6
0 3 19
0 3 24
0 4 19
0 4 46
0 4 50
0 5 1
0 5 5
0 5 6
0 5 8
0 5 14
0 5 21
0 5 29
0 5 48
0 6 2
0 6 11
0 6 40
0 6 57
0 6 61
0 7 8
0 7 22
0 8 9
0 8 11
0 8 26
0 9 17
0 9 19
0 9 41
0 10 4
0 10 13
0 10 15
0 10 27
0 11 0
0 11 17
0 11 18
0 11 19
0 11 25
0 11 45
0 11 56
0 11 61
0 11 63
0 12 17
0 12 25
0 12 42
0 13 5
0 13 13
0 13 18
0 13 25
0 13 28
0 14 1
0 14 4
0 14 14
0 14 23
0 15 0
0 15 6
0 15 21
0 15 26
0 15 48
0 15 67
0 16 11
0 16 29
0 16 44
0 17 10
0 17 17
0 17 23
0 17 27
0 17 48
0 17 64
0 17 67
0 18 0
0 18 6
0 18 64
0 19 19
0 19 23
0 19 63
0 20 12
0 20 21
0 20 28
0 20 33
0 20 53
0 20 54
0 20 69
0 21 0
0 21 16
0 21 54
0 21 58
0 21 61
0 21 66
0 21 67
0 22 9
0 22 51
0 23 5
0 23 14
0 23 15
0 23 19
0 23 22
0 23 25
0 23 34
0 23 36
0 23 57
0 23 65
0 23 71
0 24 9
0 24 34
0 24 44
0 25 5
0 25 10
0 25 15
0 25 23
0 26 5
0 26 31
0 26 44
0 26 48
0 26 71
0 27 4
0 27 10
0 27 44
0 28 39
0 28 47
0 28 62
0 29 37
0 29 38
0 29 45
0 30 4
0 30 7
0 30 11
0 30 46
0 30 62
0 30 70
0 31 9
0 31 52
0 31 67
0 31 68
0 31 71
0 32 29
0 32 31
0 32 33
0 32 36
0 32 59
0 33 16
0 33 20
0 33 25
0 33 64
0 34 18
0 34 53
0 35 11
0 35 21
0 35 37
0 36 17
0 36 61
0 37 5
0 37 32
0 37 69
0 38 30
0 38 54
0 39 3
0 39 55
0 39 57
0 39 59
0 39 62
0 40 24
0 40 32
0 40 48
0 40 51
0 40 59
0 40 66
0 41 47
0 42 9
0 42 15
0 42 39
0 42 40
0 42 60
0 43 3
0 43 17
0 43 20
0 43 21
0 43 28
0 44 7
0 44 40
0 44 61
0 44 70
0 46 28
0 46 68
0 47 1
0 47 2
0 47 17
0 47 20
0 47 22
0 47 30
0 47 52
0 47 58
0 48 20
0 48 24
0 48 71
0 49 27
0 49 33
0 50 43
0 50 53
0 50 61
0 51 25
0 51 35
0 51 55
0 52 0
0 52 14
0 52 31
0 52 67
0 53 23
0 53 36
0 54 23
0 54 68
0 55 3
0 55 56
0 55 67
0 56 1
0 56 30
0 56 31
0 56 38
0 56 50
0 56 55
0 57 14
0 57 22
0 58 37
0 58 40
0 58 42
0 58 49
0 58 60
0 58 66
0 59 8
0 59 30
0 59 39
0 59 57
0 59 59
0 60 3
0 60 10
0 60 64
0 60 67
0 61 38
0 62 1
0 62 19
0 62 29
0 62 52
0 62 60
0 62 63
0 62 66
0 62 71
0 63 22
0 63 41
0 63 42
0 63 47
0 63 49
0 63 59
0 63 64
0 64 26
0 64 40
0 64 56
0 65 9
0 65 29
0 65 34
0 65 39
0 65 54
0 66 13
0 66 48
0 66 63
0 66 70
0 67 29
0 67 47
0 67 61
0 67 70
0 68 27
0 68 37
0 68 39
0 68 47
0 69 1
0 69 8
0 69 21
0 69 32
0 69 40
0 69 53
0 69 55
0 69 63
0 69 65
0 69 68
0 70 2
0 70 17
0 70 26
0 70 27
0 70 39
0 70 66
0 71 23
0 71 28
1 0 2
1 0 9
1 0 11
1 0 16
1 0 52
1 1 1
1 1 4
1 1 10
1 1 17
1 1 24
1 1 28
1 1 45
1 1 52
1 1 67
1 2 23
1 2 66
1 2 71
1 3 25
1 4 1
1 4 10
1 4 50
1 5 6
1 5 47
1 5 69
1 7 4
1 7 16
1 7 27
1 7 42
1 7 46
1 7 64
1 7 70
1 8 7
1 8 12
1 8 20
1 8 22
1 8 25
1 8 67
1 8 69
1 9 4
1 9 6
1 9 10
1 9 13
1 9 15
1 9 62
1 10 47
1 10 58
1 11 60
1 12 0
1 12 7
1 12 12
1 12 23
1 12 31
1 12 40
1 12 45
1 12 46
1 13 1
1 13 11
1 13 14
1 14 6
1 14 23
1 14 28
1 14 68
1 15 29
1 16 24
1 16 31
1 16 32
1 16 37
1 16 42
1 17 18
1 17 19
1 18 1
1 18 25
1 18 62
1 18 71
1 19 13
1 19 32
1 19 49
1 19 55
1 20 22
1 20 36
1 20 38
1 20 62
1 21 3
1 21 14
1 21 37
1 22 7
1 22 40
1 23 1
1 23 3
1 23 42
1 24 4
1 24 18
1 24 20
1 24 46
1 25 0
1 25 3
1 25 10
1 25 11
1 25 14
1 25 16
1 25 28
1 25 47
1 25 54
1 26 19
1 26 60
1 27 53
1 27 70
1 28 36
1 28 39
1 28 44
1 28 55
1 28 67
1 29 8
1 29 22
1 29 28
1 29 34
1 29 46
1 29 56
1 29 58
1 29 71
1 30 4
1 30 44
1 30 48
1 30 71
1 31 11
1 31 39
1 31 43
1 31 64
1 32 33
1 32 47
1 32 69
1 33 45
1 33 49
1 33 57
1 34 28
1 34 35
1 34 45
1 34 71
1 35 20
1 35 32
1 35 34
1 35 46
1 35 55
1 36 27
1 36 31
1 36 38
1 36 68
1 37 13
1 37 17
1 37 33
1 37 48
1 37 66
1 38 2
1 38 26
1 38 31
1 38 52
1 38 63
1 38 66
1 38 68
1 39 18
1 39 20
1 39 31
1 39 41
1 39 42
1 39 45
1 39 65
1 40 12
1 40 32
1 40 35
1 40 43
1 40 65
1 41 10
1 41 17
1 41 45
1 42 8
1 42 35
1 42 70
1 43 3
1 43 34
1 43 42
1 43 49
1 43 63
1 44 1
1 45 6
1 45 25
1 45 65
1 45 69
1 46 17
1 46 58
1 47 15
1 47 66
1 48 13
1 48 15
1 48 25
1 48 30
1 48 68
1 49 28
1 49 41
1 49 70
1 50 3
1 50 34
1 51 1
1 51 23
1 51 37
1 51 38
1 51 57
1 51 65
1 51 71
1 52 19
1 52 35
1 52 45
1 52 52
1 52 54
1 53 0
1 53 20
1 53 23
1 53 40
1 54 16
1 54 22
1 54 43
1 54 71
1 55 27
1 55 43
1 55 62
1 55 71
1 56 41
1 57 20
1 57 26
1 57 31
1 57 44
1 57 49
1 57 50
1 57 53
1 58 10
1 58 18
1 58 63
1 58 65
1 59 49
1 59 51
1 59 60
1 59 71
1 60 19
1 60 30
1 60 49
1 61 12
1 61 20
1 61 26
1 61 32
1 61 34
1 61 45
1 61 67
1 62 44
1 62 49
1 63 13
1 63 14
1 63 39
1 64 3
1 64 31
1 64 41
1 64 44
1 64 47
1 64 48
1 64 67
1 65 22
1 65 41
1 65 54
1 65 70
1 66 32
1 67 3
1 67 10
1 67 37
1 67 40
1 67 50
1 67 60
1 68 25
1 69 7
1 69 10
1 69 37
1 70 61
1 71 18
1 71 33
1 71 48
1 71 54
1 71 71