5933
6
26 27 26 26 26 26
757

0 485 369 424 760 0 447 926 766 919 0 0 210 18 92 0 0 0 3 0 62 25 6 26 84 84
0 947 615 0 284 796 489 320 538 0 918 619 0 910 0 0 42 0 0 54 0 22 0 58 0 0 64
674 0 910 384 0 0 0 188 622 489 0 0 234 62 0 43 59 33 26 0 0 0 0 58 18 0
742 74 0 286 932 0 0 0 0 0 0 0 816 94 76 7 0 0 0 55 0 2 0 0 6 0
0 0 0 430 137 0 0 901 947 898 0 0 0 93 52 0 10 0 64 53 80 50 4 27 47 0
0 0 154 0 0 0 903 339 628 0 0 141 0 0 97 0 0 18 97 0 3 0 92 0 0 0

0 0 1
0 0 13
0 0 16
0 0 17
0 0 18
0 0 19
0 0 20
0 1 2
0 1 6
0 1 7
0 1 11
0 1 13
0 1 14
0 1 22
0 2 0
0 2 1
0 2 2
0 2 4
0 2 8
0 2 9
0 2 10
0 2 11
0 2 13
0 3 1
0 3 2
0 3 3
0 3 5
0 3 6
0 3 8
0 3 13
0 3 25
0 4 0
0 4 2
0 4 3
0 4 11
0 4 12
0 4 24
0 5 4
0 5 6
0 5 7
0 5 12
0 5 13
0 6 1
0 6 3
0 6 4
0 6 7
0 6 10
0 6 12
0 6 13
0 6 14
0 6 21
0 7 1
0 7 5
0 7 6
0 7 7
0 7 8
0 7 10
0 7 11
0 7 12
0 7 13
0 8 0
0 8 3
0 8 5
0 8 6
0 8 7
0 8 10
0 8 12
0 8 19
0 8 26
0 9 0
0 9 2
0 9 16
0 9 24
0 10 0
0 10 1
0 10 2
0 10 3
0 10 7
0 10 9
0 10 12
0 11 2
0 11 7
0 11 8
0 11 15
0 11 16
0 12 6
0 12 7
0 12 10
0 12 12
0 12 15
0 12 21
0 12 24
0 13 20
0 13 22
0 14 0
0 14 4
0 14 6
0 14 10
0 14 23
0 15 8
0 15 13
0 15 24
0 16 2
0 16 12
0 16 13
0 16 21
0 16 23
0 17 0
0 17 2
0 17 12
0 17 19
0 17 26
0 18 1
0 18 6
0 18 8
0 18 10
0 18 13
0 18 15
0 18 16
0 18 26
0 19 4
0 19 6
0 19 9
0 19 12
0 19 14
0 19 15
0 19 18
0 19 20
0 19 21
0 19 24
0 20 10
0 20 11
0 20 18
0 20 20
0 20 22
0 20 25
0 21 3
0 21 17
0 21 25
0 22 0
0 22 8
0 22 15
0 22 17
0 23 8
0 23 9
0 23 14
0 23 16
0 23 17
0 23 19
0 23 20
0 24 0
0 25 0
0 25 2
0 25 17
0 25 23
0 25 25
1 0 1
1 0 2
1 0 6
1 0 8
1 0 13
1 0 14
1 0 19
1 1 0
1 1 1
1 1 2
1 1 3
1 1 5
1 1 8
1 1 11
1 1 13
1 1 18
1 1 20
1 2 3
1 2 7
1 2 8
1 2 10
1 3 0
1 3 1
1 3 2
1 3 3
1 3 5
1 3 10
1 3 22
1 4 5
1 4 11
1 4 12
1 4 22
1 5 3
1 5 4
1 5 5
1 5 7
1 5 9
1 5 11
1 5 13
1 5 16
1 5 18
1 6 1
1 6 4
1 6 5
1 6 8
1 6 10
1 6 23
1 7 3
1 7 4
1 7 5
1 7 7
1 7 8
1 7 12
1 7 17
1 8 2
1 8 8
1 8 9
1 8 19
1 8 20
1 9 2
1 9 5
1 9 12
1 9 14
1 10 0
1 10 4
1 10 5
1 10 18
1 10 19
1 10 25
1 11 0
1 11 1
1 11 2
1 11 4
1 11 5
1 11 12
1 11 17
1 11 19
1 11 22
1 12 1
1 12 5
1 12 11
1 12 12
1 13 2
1 13 8
1 13 11
1 13 12
1 13 13
1 13 18
1 13 24
1 14 7
1 14 8
1 14 10
1 14 11
1 14 15
1 14 21
1 14 22
1 14 23
1 14 25
1 15 4
1 15 6
1 15 13
1 16 0
1 16 1
1 16 6
1 16 21
1 17 0
1 17 12
1 17 13
1 17 19
1 18 0
1 18 15
1 18 16
1 18 22
1 19 2
1 19 14
1 19 16
1 19 25
1 20 9
1 20 10
1 20 14
1 20 21
1 20 23
1 21 6
1 21 16
1 21 21
1 21 22
1 21 24
1 22 0
1 22 3
1 22 5
1 22 6
1 22 7
1 22 8
1 22 13
1 22 18
1 23 6
1 23 17
1 23 24
1 24 5
1 24 9
1 24 13
1 24 16
1 24 18
1 24 19
1 24 20
1 24 21
1 25 0
1 25 10
1 25 11
1 25 16
1 25 17
1 25 21
1 25 23
1 26 2
1 26 8
1 26 17
1 26 23
2 0 0
2 0 1
2 0 4
2 0 7
2 0 11
2 0 20
2 0 22
2 1 0
2 1 3
2 1 4
2 1 7
2 1 8
2 1 10
2 1 11
2 1 14
2 2 2
2 2 3
2 2 5
2 2 10
2 3 0
2 3 2
2 3 3
2 3 6
2 3 7
2 3 12
2 4 0
2 4 1
2 4 2
2 4 4
2 4 5
2 4 8
2 4 10
2 4 12
2 4 14
2 4 17
2 4 20
2 4 21
2 4 23
2 5 1
2 5 2
2 5 9
2 5 10
2 5 20
2 6 1
2 6 3
2 6 4
2 6 11
2 6 12
2 6 15
2 6 22
2 7 5
2 7 10
2 7 11
2 7 12
2 8 0
2 8 4
2 8 9
2 8 10
2 8 17
2 8 23
2 8 25
2 9 11
2 9 12
2 9 17
2 9 21
2 10 1
2 10 3
2 10 5
2 10 6
2 10 10
2 10 20
2 11 0
2 11 1
2 11 2
2 11 3
2 11 4
2 11 7
2 11 9
2 11 14
2 11 15
2 11 16
2 11 20
2 12 2
2 12 3
2 12 4
2 12 5
2 12 8
2 12 9
2 12 12
2 12 21
2 12 25
2 13 4
2 13 5
2 13 6
2 13 9
2 13 12
2 13 15
2 13 21
2 14 12
2 14 20
2 14 24
2 15 5
2 15 8
2 15 16
2 15 17
2 16 7
2 16 14
2 16 15
2 16 16
2 16 20
2 16 23
2 17 1
2 17 5
2 17 7
2 17 16
2 17 24
2 18 1
2 18 11
2 18 24
2 19 0
2 19 7
2 19 9
2 19 11
2 19 13
2 19 15
2 19 24
2 20 2
2 20 6
2 20 11
2 20 19
2 21 0
2 21 14
2 21 17
2 21 24
2 22 2
2 22 14
2 22 15
2 22 16
2 22 17
2 22 21
2 22 24
2 23 2
2 23 3
2 23 15
2 23 17
2 24 6
2 24 8
2 24 14
2 25 10
2 25 11
2 25 12
2 25 17
3 0 2
3 0 8
3 0 12
3 1 3
3 1 6
3 1 7
3 1 8
3 1 10
3 1 12
3 1 17
3 1 22
3 2 1
3 2 2
3 2 4
3 2 6
3 2 8
3 2 10
3 2 13
3 2 17
3 3 1
3 3 6
3 3 7
3 3 10
3 3 11
3 3 12
3 4 5
3 4 7
3 4 8
3 4 11
3 4 16
3 5 0
3 5 1
3 5 3
3 5 4
3 5 9
3 5 11
3 6 4
3 6 5
3 6 8
3 6 11
3 6 23
3 7 0
3 7 5
3 7 8
3 7 9
3 7 10
3 7 20
3 8 1
3 8 2
3 8 3
3 8 4
3 8 12
3 8 14
3 8 22
3 8 23
3 9 4
3 9 6
3 9 7
3 10 2
3 10 3
3 10 9
3 10 14
3 10 18
3 10 24
3 11 1
3 11 3
3 11 5
3 11 6
3 11 14
3 11 21
3 11 25
3 12 3
3 12 4
3 12 12
3 12 14
3 12 21
3 13 1
3 13 2
3 13 3
3 13 11
3 13 20
3 13 22
3 13 23
3 14 7
3 14 11
3 14 17
3 14 19
3 14 24
3 15 12
3 15 15
3 15 20
3 16 3
3 16 12
3 16 15
3 16 16
3 16 17
3 16 24
3 16 25
3 17 15
3 17 16
3 17 17
3 17 18
3 18 3
3 18 16
3 18 22
3 18 23
3 18 24
3 18 25
3 19 7
3 19 8
3 19 13
3 19 21
3 20 4
3 20 8
3 20 11
3 20 15
3 20 18
3 21 1
3 21 16
3 21 17
3 21 19
3 21 25
3 22 4
3 22 15
3 22 16
3 22 17
3 22 21
3 22 22
3 22 23
3 22 24
3 23 7
3 23 10
3 23 15
3 23 25
3 25 6
3 25 18
3 25 19
3 25 20
3 25 21
3 25 22
4 0 0
4 0 1
4 0 5
4 0 9
4 0 11
4 0 21
4 1 0
4 1 8
4 1 9
4 1 12
4 1 13
4 1 15
4 1 16
4 1 24
4 1 25
4 2 0
4 2 1
4 2 3
4 2 5
4 2 8
4 2 10
4 2 25
4 3 4
4 3 23
4 3 25
4 4 1
4 4 6
4 4 7
4 4 9
4 4 12
4 5 0
4 5 1
4 5 3
4 5 8
4 5 11
4 5 12
4 6 3
4 6 7
4 6 8
4 6 22
4 6 25
4 7 1
4 7 2
4 7 5
4 7 8
4 7 9
4 7 19
4 8 0
4 8 1
4 8 4
4 8 6
4 8 7
4 8 10
4 8 11
4 8 12
4 8 17
4 8 24
4 8 25
4 9 0
4 9 7
4 9 12
4 9 15
4 9 19
4 9 24
4 10 0
4 10 1
4 10 4
4 10 5
4 10 6
4 10 8
4 10 10
4 10 12
4 10 24
4 11 3
4 11 4
4 11 5
4 11 6
4 11 12
4 11 14
4 11 16
4 11 19
4 12 2
4 12 3
4 12 7
4 12 8
4 12 11
4 12 16
4 12 19
4 13 11
4 13 13
4 13 15
4 13 20
4 13 21
4 13 24
4 14 1
4 14 2
4 14 3
4 14 7
4 15 3
4 15 5
4 15 15
4 16 3
4 16 7
4 16 17
4 16 21
4 16 24
4 17 2
4 17 5
4 17 8
4 17 12
4 17 15
4 17 20
4 17 24
4 18 0
4 18 3
4 18 10
4 18 17
4 18 18
4 18 19
4 18 20
4 18 21
4 19 0
4 19 1
4 19 2
4 19 15
4 20 2
4 20 5
4 20 9
4 20 12
4 20 24
4 21 8
4 21 13
4 21 18
4 21 22
4 22 7
4 22 14
4 22 18
4 22 22
4 22 23
4 23 4
4 23 7
4 23 16
4 23 17
4 23 23
4 24 0
4 24 9
4 24 10
4 24 18
4 25 1
4 25 4
4 25 10
4 25 13