5112
6
28 28 28 33 28 28
568

414 0 202 0 190 0 0 194 786 806 0 0 667 774 0 96 0 0 56 59 0 0 39 0 24 43 34 0
0 346 457 0 0 846 0 0 0 561 509 0 0 862 0 0 86 37 0 35 3 0 46 34 0 0 4 49
0 0 198 157 339 249 10 0 652 662 808 548 0 0 0 25 3 0 67 0 0 62 0 0 82 97 69 97
59 0 41 862 957 592 0 158 25 532 0 714 0 205 480 0 0 0 17 0 44 38 0 0 80 6 0 0 48 88 38 0 56
0 0 719 0 203 0 0 700 439 0 761 484 0 0 0 59 0 0 1 0 15 51 0 73 0 0 0 0
508 0 939 869 0 0 950 0 0 0 787 619 32 0 0 0 97 83 33 30 0 94 0 18 25 0 69 0

0 0 8
0 0 10
0 0 11
0 0 18
0 0 19
0 0 22
0 1 3
0 1 10
0 1 12
0 1 14
0 2 3
0 2 6
0 3 21
0 3 23
0 3 27
0 4 19
0 5 20
0 6 9
0 6 17
0 7 3
0 7 6
0 7 16
0 8 1
0 8 3
0 8 11
0 8 15
0 8 16
0 8 24
0 9 3
0 9 15
0 10 0
0 10 8
0 10 16
0 10 18
0 10 23
0 11 5
0 11 9
0 11 13
0 11 20
0 12 8
0 13 20
0 14 3
0 14 20
0 14 21
0 15 1
0 15 12
0 15 13
0 15 14
0 15 21
0 15 24
0 15 27
0 17 2
0 17 24
0 18 3
0 18 15
0 18 18
0 18 26
0 18 27
0 19 6
0 19 7
0 19 9
0 19 14
0 19 19
0 19 21
0 19 27
0 20 7
0 20 19
0 20 21
0 20 23
0 20 24
0 21 11
0 21 16
0 21 27
0 22 1
0 22 2
0 22 5
0 22 13
0 22 14
0 22 21
0 22 25
0 22 26
0 23 1
0 23 5
0 23 11
0 23 14
0 23 19
0 23 21
0 24 6
0 24 8
0 24 13
0 24 16
0 24 17
0 25 13
0 25 21
0 25 23
0 25 27
0 26 10
0 26 12
0 26 18
0 26 24
0 27 4
0 27 8
0 27 11
0 27 17
0 27 24
0 27 25
0 27 27
1 0 13
1 0 17
1 0 19
1 0 23
1 0 24
1 1 0
1 1 8
1 1 9
1 1 11
1 1 24
1 2 2
1 2 16
1 3 16
1 3 18
1 4 1
1 4 3
1 4 4
1 4 5
1 4 6
1 4 9
1 4 27
1 5 17
1 6 1
1 6 4
1 6 5
1 6 8
1 6 13
1 6 23
1 6 27
1 7 0
1 7 2
1 7 3
1 7 4
1 7 19
1 7 20
1 8 8
1 8 19
1 9 25
1 9 26
1 10 7
1 11 20
1 12 4
1 12 9
1 12 10
1 12 11
1 12 15
1 12 20
1 13 1
1 13 7
1 13 8
1 13 9
1 13 19
1 13 22
1 14 0
1 14 16
1 14 17
1 14 20
1 14 22
1 14 26
1 15 7
1 15 9
1 15 11
1 15 26
1 16 3
1 16 5
1 16 10
1 16 22
1 17 6
1 17 18
1 17 19
1 17 20
1 17 22
1 18 4
1 18 6
1 18 13
1 18 20
1 19 7
1 19 11
1 19 14
1 19 26
1 20 9
1 20 12
1 20 19
1 20 22
1 20 24
1 21 8
1 21 13
1 21 14
1 21 20
1 21 23
1 21 25
1 22 0
1 22 5
1 22 27
1 23 4
1 23 11
1 24 18
1 25 0
1 25 1
1 25 11
1 25 17
1 25 22
1 26 4
1 26 18
1 26 20
1 26 23
1 26 26
1 27 2
1 27 14
1 27 17
2 0 4
2 0 9
2 0 12
2 1 1
2 1 4
2 1 14
2 1 18
2 1 27
2 2 0
2 2 2
2 2 17
2 2 30
2 3 3
2 3 6
2 3 8
2 3 15
2 3 23
2 3 24
2 4 0
2 4 1
2 4 12
2 4 16
2 4 27
2 5 9
2 6 17
2 6 23
2 7 29
2 8 12
2 8 16
2 8 23
2 9 0
2 9 25
2 10 4
2 10 12
2 10 14
2 10 18
2 10 21
2 11 2
2 11 3
2 11 5
2 11 8
2 11 11
2 11 13
2 11 18
2 11 27
2 12 11
2 12 16
2 12 19
2 13 15
2 13 25
2 14 1
2 14 3
2 14 8
2 14 23
2 14 26
2 14 28
2 14 31
2 15 3
2 15 9
2 15 11
2 15 15
2 15 18
2 15 19
2 16 0
2 16 2
2 16 3
2 16 7
2 16 15
2 16 19
2 16 22
2 16 27
2 17 1
2 17 7
2 17 10
2 17 17
2 17 20
2 17 27
2 17 31
2 18 1
2 18 4
2 18 11
2 18 19
2 18 22
2 18 24
2 18 28
2 19 2
2 19 23
2 19 32
2 20 2
2 20 7
2 20 9
2 20 12
2 20 19
2 20 23
2 20 27
2 20 28
2 21 24
2 21 27
2 21 28
2 21 29
2 21 32
2 22 10
2 22 16
2 22 18
2 22 29
2 23 6
2 23 17
2 23 19
2 23 32
2 24 25
2 25 7
2 25 12
2 25 16
2 25 19
2 25 26
2 25 32
2 26 2
2 26 4
2 26 5
2 26 9
2 26 17
2 26 19
2 26 22
2 26 30
2 26 32
2 27 7
2 27 18
2 27 19
2 27 20
2 27 27
2 27 29
3 0 1
3 0 8
3 0 17
3 0 21
3 0 27
3 1 19
3 1 23
3 2 20
3 2 24
3 2 26
3 3 2
3 3 7
3 3 9
3 3 14
3 3 22
3 4 17
3 5 6
3 5 19
3 6 1
3 6 4
3 6 17
3 6 19
3 6 21
3 6 27
3 7 3
3 7 21
3 7 27
3 8 18
3 8 26
3 9 4
3 9 25
3 10 1
3 10 11
3 10 23
3 11 21
3 12 0
3 12 19
3 12 21
3 13 0
3 13 9
3 13 11
3 13 14
3 13 18
3 13 21
3 14 11
3 15 0
3 15 1
3 15 14
3 16 12
3 17 2
3 17 10
3 17 12
3 17 16
3 17 21
3 18 13
3 18 19
3 18 22
3 19 12
3 19 15
3 19 24
3 19 25
3 20 10
3 20 11
3 20 17
3 20 18
3 20 19
3 20 20
3 20 27
3 21 3
3 21 5
3 21 16
3 21 20
3 21 22
3 22 1
3 22 9
3 22 10
3 22 17
3 22 18
3 22 24
3 23 13
3 23 14
3 23 24
3 23 25
3 23 26
3 24 16
3 24 21
3 25 5
3 25 8
3 25 12
3 25 17
3 26 7
3 26 14
3 26 22
3 26 24
3 27 6
3 27 14
3 27 19
3 28 3
3 28 5
3 28 6
3 28 14
3 28 17
3 28 22
3 28 23
3 28 24
3 29 23
3 29 25
3 29 27
3 30 3
3 30 5
3 30 7
3 30 9
3 30 14
3 30 20
3 30 22
3 30 24
3 30 25
3 31 9
3 31 10
3 31 22
3 32 2
3 32 11
3 32 14
4 0 2
4 1 1
4 1 12
4 2 8
4 2 20
4 2 23
4 3 0
4 3 5
4 3 6
4 3 15
4 3 18
4 3 20
4 4 10
4 4 11
4 4 25
4 5 5
4 5 6
4 5 12
4 5 20
4 6 8
4 7 13
4 7 21
4 8 2
4 8 6
4 8 7
4 8 15
4 9 1
4 9 7
4 9 17
4 9 21
4 9 26
4 10 11
4 10 16
4 10 19
4 11 1
4 11 3
4 11 25
4 12 12
4 12 17
4 12 22
4 12 27
4 13 5
4 13 12
4 13 17
4 13 19
4 14 10
4 14 17
4 14 25
4 15 8
4 15 13
4 15 16
4 15 20
4 15 21
4 17 13
4 17 20
4 18 4
4 18 16
4 18 21
4 18 27
4 19 5
4 19 13
4 19 14
4 19 21
4 19 22
4 20 0
4 20 3
4 20 9
4 21 0
4 21 3
4 21 4
4 21 15
4 21 19
4 21 26
4 22 25
4 23 0
4 23 2
4 23 15
4 23 17
4 23 21
4 23 23
4 23 27
4 24 1
4 24 6
4 24 10
4 24 13
4 24 24
4 25 21
4 25 24
4 25 25
4 26 13
4 26 25
4 27 1
4 27 2
4 27 14
4 27 19
4 27 22
4 27 27