2893
4
45 46 45 45
732

0 0 0 361 989 743 891 0 683 278 0 0 0 0 346 557 417 0 0 0 50 88 83 0 31 0 3 79 94 62 0 0 0 0 70 51 0 0 0 0 0 0 91 75 80
0 0 920 0 0 0 890 0 227 0 417 329 592 0 243 283 0 0 95 0 72 0 16 37 50 46 46 0 0 46 0 25 48 0 0 39 40 0 22 0 0 0 0 0 0 0
0 0 0 959 755 0 196 602 0 735 559 0 0 813 39 0 664 0 0 0 92 0 0 71 56 74 0 0 84 0 0 0 36 15 0 52 71 48 0 0 78 0 0 0 0
0 479 0 0 0 0 189 681 0 962 0 342 73 0 0 248 0 674 0 0 67 0 19 0 0 0 53 54 75 93 85 35 27 0 0 0 0 0 82 60 65 14 0 0 0

0 0 0
0 0 4
0 0 5
0 0 7
0 0 8
0 0 9
0 0 13
0 0 15
0 0 21
0 0 23
0 0 24
0 0 35
0 0 44
0 1 0
0 1 1
0 1 5
0 1 9
0 1 12
0 1 15
0 2 0
0 2 3
0 2 5
0 2 7
0 2 12
0 2 25
0 2 28
0 2 31
0 3 0
0 3 5
0 3 6
0 3 7
0 3 8
0 3 11
0 3 12
0 3 19
0 3 20
0 4 0
0 4 1
0 4 12
0 4 15
0 4 34
0 4 35
0 5 1
0 5 2
0 5 6
0 5 9
0 5 10
0 5 11
0 5 12
0 5 16
0 6 3
0 6 4
0 6 5
0 6 6
0 6 8
0 6 10
0 6 13
0 6 14
0 6 27
0 6 29
0 7 5
0 8 4
0 8 5
0 8 14
0 8 16
0 8 17
0 8 23
0 8 26
0 9 0
0 9 3
0 9 5
0 9 6
0 9 18
0 9 29
0 9 45
0 10 1
0 10 5
0 10 6
0 10 11
0 10 21
0 10 24
0 10 29
0 10 30
0 11 3
0 11 8
0 11 9
0 11 12
0 11 13
0 11 31
0 12 0
0 12 2
0 12 6
0 12 7
0 12 8
0 12 18
0 13 2
0 13 9
0 13 10
0 13 14
0 13 16
0 13 43
0 14 14
0 14 16
0 14 26
0 14 32
0 15 1
0 15 3
0 15 8
0 15 15
0 15 29
0 16 3
0 16 6
0 16 7
0 16 10
0 16 11
0 16 19
0 16 21
0 16 27
0 17 4
0 17 12
0 17 14
0 17 31
0 17 33
0 18 5
0 18 14
0 18 17
0 18 18
0 18 20
0 18 27
0 18 33
0 18 41
0 18 43
0 19 31
0 19 34
0 19 40
0 19 44
0 20 26
0 20 27
0 20 33
0 20 34
0 20 36
0 20 43
0 21 16
0 21 24
0 21 30
0 21 37
0 22 18
0 22 24
0 22 36
0 22 41
0 22 42
0 23 15
0 23 22
0 23 27
0 23 29
0 23 36
0 23 39
0 23 40
0 23 42
0 24 10
0 24 18
0 24 21
0 24 25
0 24 29
0 24 35
0 24 38
0 24 40
0 24 42
0 24 43
0 25 20
0 25 22
0 25 31
0 25 36
0 25 42
0 25 44
0 26 9
0 26 11
0 26 31
0 26 41
0 27 31
0 27 33
0 28 27
0 29 7
0 30 2
0 30 4
0 30 8
0 30 19
0 30 22
0 30 27
0 30 30
0 30 36
0 30 44
0 31 20
0 31 28
0 31 45
0 32 3
0 32 23
0 32 27
0 32 36
0 32 38
0 32 42
0 33 5
0 33 32
0 33 34
0 33 35
0 33 40
0 33 42
0 33 45
0 34 27
0 34 40
0 35 18
0 35 22
0 35 28
0 35 29
0 35 38
0 36 8
0 36 20
0 36 28
0 36 35
0 37 4
0 37 11
0 37 24
0 37 25
0 37 45
0 38 10
0 38 15
0 38 17
0 38 18
0 38 20
0 39 7
0 39 20
0 39 23
0 40 18
0 40 35
0 41 9
0 41 22
0 41 29
0 41 31
0 41 33
0 42 18
0 42 19
0 42 27
0 42 29
0 42 43
0 42 45
0 43 28
0 43 34
0 43 37
0 43 42
0 44 11
0 44 18
0 44 32
0 44 38
0 44 42
1 0 0
1 0 1
1 0 2
1 0 5
1 0 11
1 0 13
1 0 21
1 1 1
1 1 5
1 1 10
1 1 14
1 1 17
1 1 42
1 2 0
1 2 3
1 2 5
1 2 7
1 2 8
1 2 11
1 2 13
1 2 15
1 2 22
1 2 25
1 2 32
1 2 43
1 3 0
1 3 2
1 3 7
1 3 8
1 3 9
1 3 11
1 3 13
1 3 14
1 3 36
1 3 40
1 4 2
1 4 10
1 4 13
1 4 16
1 4 23
1 4 33
1 4 42
1 5 15
1 5 35
1 5 39
1 6 6
1 6 8
1 6 9
1 6 10
1 6 12
1 6 13
1 7 17
1 7 27
1 8 1
1 8 2
1 8 4
1 8 5
1 8 10
1 8 12
1 8 13
1 8 17
1 8 34
1 9 0
1 9 3
1 9 7
1 9 11
1 9 14
1 9 15
1 10 2
1 10 4
1 10 6
1 10 15
1 10 17
1 10 24
1 10 31
1 10 39
1 11 11
1 11 17
1 11 21
1 11 24
1 11 28
1 12 5
1 12 6
1 12 7
1 12 10
1 12 15
1 12 17
1 12 23
1 12 27
1 13 0
1 13 9
1 13 10
1 13 13
1 13 14
1 13 17
1 13 21
1 13 33
1 14 4
1 14 6
1 14 9
1 14 14
1 14 16
1 14 17
1 14 20
1 14 43
1 15 7
1 15 9
1 15 16
1 15 21
1 15 24
1 16 3
1 16 16
1 16 17
1 16 18
1 17 0
1 17 2
1 17 4
1 17 5
1 17 7
1 17 10
1 17 17
1 17 38
1 18 18
1 18 19
1 18 28
1 18 34
1 18 41
1 19 0
1 19 8
1 19 18
1 19 27
1 20 30
1 20 36
1 21 3
1 21 22
1 21 27
1 21 30
1 21 32
1 21 33
1 21 35
1 22 23
1 22 24
1 22 27
1 22 28
1 22 44
1 23 4
1 23 20
1 23 33
1 23 44
1 24 9
1 24 23
1 24 27
1 24 34
1 24 42
1 24 43
1 24 44
1 25 11
1 25 27
1 25 32
1 25 41
1 26 22
1 26 31
1 27 4
1 27 29
1 27 31
1 27 40
1 28 4
1 28 24
1 28 29
1 28 36
1 29 20
1 29 25
1 29 31
1 29 37
1 29 43
1 29 44
1 30 18
1 30 28
1 31 2
1 31 19
1 31 26
1 31 32
1 31 35
1 31 36
1 31 38
1 31 41
1 32 18
1 32 33
1 32 36
1 32 39
1 32 40
1 33 17
1 33 26
1 33 29
1 33 42
1 34 4
1 34 10
1 34 30
1 34 35
1 35 14
1 35 26
1 35 35
1 35 40
1 36 18
1 36 25
1 36 36
1 36 40
1 37 8
1 37 11
1 37 31
1 38 8
1 38 36
1 39 7
1 39 26
1 39 38
1 39 44
1 40 24
1 40 34
1 40 35
1 40 39
1 41 15
1 41 35
1 42 17
1 42 19
1 42 32
1 42 42
1 43 6
1 43 23
1 44 5
1 44 20
1 44 40
1 45 6
1 45 25
1 45 34
2 0 0
2 0 1
2 0 3
2 0 6
2 0 9
2 0 13
2 0 14
2 0 15
2 0 31
2 1 1
2 1 3
2 1 7
2 1 8
2 1 9
2 1 13
2 1 16
2 2 0
2 2 2
2 2 3
2 2 4
2 2 14
2 2 15
2 2 21
2 3 0
2 3 2
2 3 8
2 3 17
2 3 20
2 4 0
2 4 1
2 4 3
2 4 4
2 4 5
2 4 6
2 4 9
2 4 11
2 4 12
2 4 16
2 4 31
2 4 38
2 5 2
2 5 8
2 5 10
2 5 17
2 5 27
2 5 43
2 6 1
2 6 2
2 6 10
2 6 34
2 7 4
2 7 6
2 7 8
2 7 12
2 7 24
2 7 30
2 8 0
2 8 8
2 8 29
2 8 35
2 9 5
2 9 16
2 9 17
2 9 31
2 10 5
2 10 6
2 10 8
2 10 13
2 10 17
2 10 40
2 11 0
2 11 1
2 11 2
2 11 6
2 11 11
2 11 13
2 11 14
2 11 22
2 12 1
2 12 3
2 12 6
2 12 11
2 12 15
2 12 17
2 13 2
2 13 6
2 13 7
2 13 12
2 13 13
2 13 16
2 13 24
2 13 33
2 13 34
2 14 4
2 14 7
2 14 9
2 14 11
2 14 14
2 14 16
2 14 31
2 15 0
2 15 2
2 15 4
2 15 11
2 15 12
2 15 15
2 15 41
2 16 0
2 16 6
2 16 8
2 16 9
2 16 11
2 16 14
2 16 15
2 16 18
2 16 32
2 16 43
2 17 3
2 17 5
2 17 6
2 17 7
2 17 12
2 17 14
2 17 15
2 17 16
2 17 27
2 17 32
2 18 4
2 18 20
2 19 18
2 19 20
2 19 23
2 19 24
2 19 27
2 19 29
2 19 32
2 19 34
2 20 1
2 20 13
2 20 32
2 21 29
2 21 37
2 23 21
2 23 35
2 23 37
2 23 43
2 24 3
2 24 6
2 24 30
2 25 4
2 25 6
2 25 18
2 25 24
2 25 33
2 25 39
2 26 5
2 26 9
2 26 19
2 26 29
2 26 33
2 26 37
2 26 39
2 26 40
2 26 42
2 27 8
2 27 18
2 27 25
2 27 31
2 27 40
2 27 41
2 27 43
2 27 44
2 28 8
2 28 20
2 28 23
2 28 25
2 28 28
2 29 9
2 29 11
2 29 18
2 29 39
2 30 22
2 30 26
2 30 36
2 31 44
2 32 8
2 32 22
2 32 23
2 32 26
2 32 27
2 32 35
2 33 17
2 33 19
2 33 29
2 33 30
2 33 40
2 34 19
2 34 24
2 34 28
2 34 31
2 35 0
2 35 8
2 35 36
2 35 41
2 36 41
2 37 18
2 37 31
2 37 37
2 38 2
2 38 3
2 38 11
2 38 34
2 38 40
2 38 44
2 39 30
2 39 34
2 39 39
2 40 3
2 40 18
2 40 35
2 41 21
2 41 22
2 41 26
2 41 30
2 41 33
2 41 39
2 41 41
2 41 44
2 42 2
2 42 5
2 42 18
2 42 22
2 42 32
2 42 34
2 42 36
2 42 41
2 42 44
2 43 0
2 43 20
2 43 28
2 43 35
2 43 39
2 44 32
2 44 42