6784
6
42 43 43 42 43 42
606

0 0 69 0 830 0 824 102 0 0 208 321 216 529 943 0 50 86 0 0 0 79 0 0 10 77 0 0 72 0 12 0 0 0 7 0 18 92 0 82 65 16
0 392 0 0 28 514 0 0 841 0 0 128 0 0 0 46 34 0 0 1 36 98 32 83 79 0 27 85 73 54 0 0 69 0 0 0 0 18 47 99 0 0 55
0 0 0 661 0 0 367 0 964 333 944 0 0 0 850 0 42 0 0 72 0 18 0 0 0 49 0 0 17 68 0 38 23 0 0 0 0 64 0 0 82 0 76
0 0 0 896 0 165 157 203 0 0 0 0 0 0 122 66 0 42 0 0 94 0 97 88 0 14 0 24 0 50 0 0 43 37 0 0 32 74 0 20 0 60
621 4 0 400 0 916 287 0 719 347 0 0 0 111 472 0 0 99 70 0 0 0 73 74 0 0 51 97 8 19 68 68 36 10 0 0 99 0 34 0 18 89 0
0 250 0 460 406 795 478 0 584 0 0 926 901 45 957 0 52 82 87 0 82 5 86 0 12 74 0 0 0 30 0 0 22 77 9 97 0 42 0 0 0 83

0 0 5
0 0 6
0 0 8
0 0 11
0 0 14
0 0 34
0 1 25
0 2 4
0 2 22
0 2 34
0 3 4
0 3 10
0 3 26
0 3 34
0 3 37
0 5 1
0 5 23
0 6 3
0 6 5
0 6 11
0 6 15
0 6 20
0 6 27
0 7 3
0 7 36
0 8 20
0 8 21
0 9 4
0 9 32
0 10 13
0 10 33
0 11 2
0 11 9
0 11 30
0 12 8
0 12 10
0 12 28
0 13 11
0 13 12
0 13 18
0 14 12
0 14 33
0 15 15
0 15 26
0 15 36
0 15 40
0 16 23
0 16 25
0 16 29
0 16 31
0 16 34
0 16 41
0 17 17
0 17 19
0 17 22
0 17 25
0 17 26
0 18 31
0 18 42
0 19 18
0 20 3
0 20 26
0 20 28
0 20 29
0 20 40
0 21 19
0 21 24
0 21 30
0 22 4
0 22 5
0 22 21
0 22 27
0 22 35
0 23 17
0 23 19
0 23 22
0 23 33
0 23 40
0 24 18
0 24 23
0 24 31
0 24 37
0 24 42
0 25 15
0 25 17
0 25 27
0 25 33
0 26 42
0 27 30
0 28 15
0 28 41
0 29 33
0 29 35
0 29 39
0 30 29
0 30 35
0 30 38
0 31 1
0 31 6
0 31 13
0 31 28
0 32 38
0 33 2
0 33 5
0 33 19
0 33 32
0 34 21
0 34 39
0 34 42
0 35 21
0 36 20
0 36 21
0 36 31
0 37 15
0 37 26
0 37 33
0 38 5
0 38 17
0 38 21
0 39 18
0 40 0
0 40 18
0 40 32
0 41 7
0 41 21
0 41 25
0 41 34
0 41 36
1 0 3
1 0 22
1 0 26
1 1 6
1 1 20
1 1 42
1 2 21
1 3 9
1 3 17
1 3 42
1 6 0
1 6 8
1 6 19
1 6 27
1 7 7
1 7 14
1 7 32
1 8 15
1 8 37
1 9 0
1 9 8
1 10 1
1 10 14
1 10 15
1 10 34
1 11 5
1 11 30
1 12 2
1 12 41
1 13 8
1 13 13
1 14 1
1 14 7
1 14 8
1 14 10
1 14 20
1 14 37
1 16 28
1 16 33
1 16 34
1 17 34
1 18 34
1 18 36
1 18 37
1 19 24
1 19 30
1 19 39
1 19 40
1 20 3
1 20 11
1 20 36
1 20 41
1 21 20
1 21 26
1 22 5
1 22 28
1 22 34
1 22 35
1 22 36
1 22 40
1 23 5
1 23 27
1 23 33
1 23 41
1 24 34
1 25 15
1 25 33
1 25 35
1 26 17
1 26 34
1 26 40
1 27 3
1 27 6
1 27 7
1 27 21
1 27 33
1 27 40
1 28 1
1 28 9
1 28 39
1 29 17
1 29 21
1 29 39
1 29 40
1 30 16
1 30 28
1 31 18
1 31 19
1 31 37
1 32 19
1 32 31
1 32 34
1 32 38
1 33 41
1 34 20
1 34 22
1 34 36
1 34 37
1 35 21
1 35 38
1 35 40
1 37 4
1 37 31
1 37 37
1 37 39
1 38 39
1 39 2
1 39 4
1 39 19
1 39 34
1 39 38
1 40 12
1 40 17
1 40 18
1 40 23
1 40 34
1 40 37
1 41 26
1 41 33
1 41 40
1 41 41
1 42 15
1 42 24
1 42 29
1 42 41
2 0 16
2 0 40
2 1 9
2 1 13
2 1 39
2 2 7
2 2 14
2 2 34
2 3 2
2 3 4
2 3 20
2 4 3
2 4 4
2 5 1
2 5 3
2 7 0
2 7 5
2 7 11
2 7 24
2 8 1
2 8 4
2 8 21
2 9 7
2 9 24
2 9 34
2 10 4
2 11 1
2 11 4
2 11 7
2 11 13
2 12 14
2 12 41
2 13 14
2 13 38
2 14 1
2 14 2
2 14 13
2 14 23
2 15 4
2 15 13
2 15 15
2 15 20
2 15 25
2 16 6
2 16 36
2 19 1
2 19 6
2 19 16
2 19 23
2 20 13
2 20 15
2 20 32
2 21 31
2 21 40
2 23 4
2 23 10
2 23 20
2 23 21
2 23 23
2 24 17
2 24 31
2 25 18
2 25 22
2 25 37
2 26 11
2 26 16
2 26 19
2 26 26
2 27 14
2 29 31
2 30 6
2 30 32
2 30 39
2 31 21
2 32 2
2 32 23
2 32 26
2 32 39
2 32 40
2 33 14
2 33 15
2 33 18
2 33 30
2 33 31
2 34 10
2 34 21
2 35 40
2 36 2
2 36 33
2 37 15
2 37 21
2 37 29
2 37 31
2 38 7
2 38 9
2 38 24
2 38 28
2 38 35
2 39 17
2 40 14
2 41 16
2 41 23
2 41 24
2 41 33
2 41 40
2 42 21
2 42 24
2 42 33
3 1 2
3 1 9
3 2 15
3 2 28
3 3 4
3 3 5
3 3 10
3 3 32
3 3 34
3 3 41
3 5 11
3 5 12
3 5 30
3 6 7
3 6 14
3 6 26
3 6 31
3 7 6
3 7 25
3 9 9
3 9 11
3 9 38
3 10 0
3 10 6
3 10 12
3 10 16
3 10 37
3 11 0
3 12 4
3 12 15
3 13 8
3 13 18
3 13 22
3 14 3
3 14 6
3 14 9
3 15 4
3 15 14
3 15 26
3 15 28
3 15 39
3 16 26
3 16 37
3 17 21
3 17 40
3 18 12
3 18 24
3 18 33
3 19 18
3 19 19
3 19 22
3 19 23
3 20 14
3 20 16
3 20 17
3 20 26
3 20 29
3 21 17
3 21 30
3 22 24
3 22 28
3 22 38
3 23 22
3 23 32
3 24 16
3 24 28
3 24 30
3 24 39
3 25 14
3 25 19
3 25 20
3 26 12
3 26 18
3 26 19
3 26 23
3 26 25
3 26 33
3 27 21
3 27 41
3 28 16
3 28 19
3 28 25
3 28 30
3 29 11
3 29 29
3 29 37
3 30 36
3 30 42
3 31 37
3 32 12
3 32 27
3 33 17
3 33 18
3 33 23
3 33 38
3 34 15
3 34 42
3 35 2
3 35 26
3 35 28
3 36 24
3 37 5
3 37 29
3 37 37
3 38 6
3 38 19
3 38 23
3 39 1
3 39 18
3 39 19
3 39 26
3 39 28
3 39 29
3 40 11
3 40 22
3 41 16
3 41 32
3 41 37
4 0 10
4 0 19
4 1 5
4 1 11
4 1 29
4 2 2
4 3 6
4 3 23
4 4 0
4 4 28
4 5 3
4 5 14
4 5 26
4 6 9
4 8 10
4 8 18
4 9 1
4 9 8
4 9 13
4 10 4
4 11 6
4 11 12
4 11 14
4 11 25
4 11 26
4 12 6
4 12 13
4 12 36
4 13 2
4 14 8
4 14 23
4 15 11
4 15 20
4 15 30
4 16 20
4 16 21
4 16 31
4 16 35
4 17 25
4 17 31
4 17 33
4 17 37
4 19 8
4 19 12
4 19 15
4 19 17
4 19 24
4 19 27
4 19 32
4 20 29
4 20 35
4 21 12
4 21 40
4 22 11
4 22 28
4 22 30
4 22 35
4 23 15
4 23 36
4 23 38
4 24 14
4 24 21
4 24 23
4 24 29
4 24 30
4 24 31
4 24 40
4 25 25
4 25 41
4 26 21
4 27 12
4 27 19
4 27 40
4 29 1
4 29 9
4 29 18
4 29 24
4 29 35
4 29 37
4 30 12
4 30 23
4 30 28
4 30 34
4 31 26
4 31 27
4 31 39
4 32 20
4 32 34
4 32 40
4 33 6
4 33 16
4 33 21
4 33 24
4 33 25
4 33 26
4 35 19
4 35 20
4 35 24
4 35 28
4 35 38
4 36 9
4 36 12
4 36 15
4 36 24
4 36 26
4 36 32
4 36 36
4 36 40
4 37 14
4 37 15
4 38 17
4 38 18
4 38 23
4 38 29
4 38 37
4 38 41
4 39 9
4 40 2
4 40 23
4 40 30
4 41 24
4 41 27
4 41 32
4 41 33
4 41 36
4 41 41
4 42 32