4312
5
51 48 49 48 48
643

934 345 869 0 875 0 0 0 621 439 0 258 471 0 0 0 0 1 67 24 95 0 41 71 88 0 0 61 0 0 0 68 0 18 0 27 0 0 82 32 26 0 89 0 62 69 0 62 63 74 53
81 0 0 0 64 562 0 563 676 935 179 922 0 768 854 0 0 0 0 59 90 0 8 0 5 22 6 0 0 1 42 0 0 38 18 44 84 0 0 28 0 22 55 0 0 0 76 0
918 0 0 0 35 0 182 715 0 0 0 820 392 0 0 50 0 0 66 100 0 0 41 84 20 0 0 0 0 0 95 0 72 0 0 45 0 93 90 0 0 79 40 93 42 32 23 100 0
0 0 0 0 0 0 0 92 333 665 223 453 58 0 0 45 0 0 0 0 0 0 0 0 32 83 16 0 43 0 0 0 53 0 34 0 54 0 0 0 4 0 0 0 77 94 40 27
0 796 0 0 0 0 0 264 0 0 0 0 0 450 282 82 0 0 0 2 0 67 76 0 0 6 0 66 46 72 0 0 76 0 62 0 0 0 84 0 0 18 0 0 0 90 9 0

0 0 0
0 0 9
0 0 26
0 0 37
0 1 0
0 1 4
0 2 1
0 2 4
0 2 11
0 2 12
0 2 20
0 2 41
0 3 1
0 3 7
0 3 45
0 4 4
0 4 6
0 4 13
0 4 33
0 4 43
0 4 46
0 5 6
0 5 8
0 5 12
0 5 23
0 5 28
0 5 41
0 6 14
0 6 26
0 6 27
0 6 46
0 7 1
0 7 2
0 7 4
0 7 25
0 7 30
0 8 1
0 8 8
0 8 10
0 8 11
0 9 0
0 9 5
0 9 9
0 9 13
0 9 35
0 10 2
0 10 24
0 10 27
0 10 43
0 10 46
0 11 5
0 11 12
0 11 18
0 12 0
0 12 3
0 12 6
0 12 10
0 12 12
0 12 27
0 12 46
0 13 3
0 13 8
0 13 10
0 13 11
0 13 16
0 13 26
0 13 31
0 14 2
0 14 4
0 14 6
0 14 11
0 14 43
0 15 6
0 15 10
0 15 33
0 15 43
0 15 46
0 16 14
0 16 32
0 16 44
0 17 8
0 17 19
0 17 26
0 17 32
0 18 28
0 18 45
0 18 47
0 19 19
0 19 23
0 19 39
0 20 0
0 20 1
0 20 5
0 20 21
0 20 28
0 21 17
0 21 24
0 21 26
0 21 33
0 22 26
0 22 31
0 24 23
0 24 28
0 25 1
0 25 41
0 26 2
0 26 4
0 26 22
0 26 37
0 27 6
0 27 34
0 27 38
0 28 25
0 28 32
0 29 5
0 29 13
0 29 35
0 29 47
0 30 8
0 30 17
0 30 26
0 30 39
0 30 40
0 30 46
0 31 6
0 31 10
0 31 17
0 31 36
0 31 37
0 31 45
0 32 2
0 32 17
0 32 25
0 32 28
0 33 11
0 33 39
0 34 21
0 34 23
0 35 29
0 35 40
0 35 45
0 36 35
0 37 13
0 37 23
0 37 28
0 37 32
0 37 33
0 38 22
0 39 2
0 39 10
0 39 16
0 39 40
0 40 17
0 40 19
0 40 22
0 40 23
0 40 32
0 41 8
0 41 18
0 41 24
0 42 0
0 42 18
0 42 20
0 42 28
0 42 37
0 42 44
0 43 20
0 44 1
0 44 6
0 44 26
0 44 42
0 45 12
0 45 16
0 45 29
0 46 20
0 46 26
0 46 35
0 46 47
0 47 22
0 47 40
0 47 45
0 49 39
0 50 1
0 50 30
0 50 39
1 0 2
1 0 7
1 0 20
1 0 38
1 1 9
1 1 10
1 1 12
1 1 43
1 2 5
1 2 14
1 2 34
1 3 8
1 3 9
1 3 10
1 3 11
1 3 28
1 3 34
1 4 2
1 4 14
1 4 23
1 5 1
1 5 2
1 5 12
1 5 33
1 5 47
1 6 3
1 6 5
1 6 30
1 6 35
1 6 36
1 7 0
1 7 2
1 7 4
1 7 8
1 8 2
1 8 11
1 8 12
1 8 37
1 8 41
1 8 46
1 9 8
1 9 40
1 10 0
1 10 3
1 10 10
1 10 11
1 10 16
1 10 27
1 10 28
1 10 42
1 11 0
1 11 4
1 11 9
1 11 11
1 12 4
1 12 13
1 12 43
1 13 0
1 13 2
1 13 5
1 13 7
1 13 8
1 13 11
1 13 45
1 14 0
1 14 2
1 14 13
1 15 25
1 16 1
1 16 38
1 16 42
1 17 24
1 17 25
1 18 44
1 19 26
1 19 29
1 19 37
1 20 6
1 20 15
1 20 23
1 20 39
1 21 11
1 21 32
1 22 15
1 23 1
1 23 15
1 23 17
1 23 22
1 23 32
1 23 35
1 23 40
1 24 20
1 24 32
1 24 48
1 25 0
1 25 12
1 25 13
1 25 34
1 25 35
1 26 0
1 26 10
1 26 12
1 26 13
1 26 39
1 26 43
1 27 22
1 27 24
1 27 48
1 28 37
1 29 24
1 29 32
1 29 41
1 29 48
1 30 35
1 30 45
1 31 46
1 33 11
1 33 27
1 34 16
1 34 28
1 34 44
1 35 0
1 35 29
1 35 31
1 36 44
1 36 45
1 37 22
1 38 19
1 38 25
1 39 5
1 39 8
1 39 19
1 39 28
1 39 33
1 39 40
1 40 15
1 40 32
1 40 40
1 41 37
1 41 45
1 42 29
1 42 37
1 43 12
1 44 9
1 44 20
1 44 22
1 45 2
1 45 25
1 45 27
1 45 29
1 45 36
1 46 28
1 46 47
1 46 48
1 47 13
1 47 44
2 0 5
2 0 8
2 0 37
2 1 13
2 1 25
2 1 38
2 2 0
2 2 3
2 2 6
2 2 37
2 3 1
2 3 10
2 3 24
2 4 0
2 4 6
2 4 7
2 4 8
2 4 14
2 4 37
2 5 2
2 5 5
2 5 14
2 5 26
2 6 4
2 6 30
2 6 37
2 7 1
2 7 2
2 7 4
2 7 6
2 7 33
2 7 42
2 8 5
2 8 7
2 8 8
2 8 12
2 9 4
2 9 8
2 9 47
2 10 8
2 10 9
2 10 13
2 10 14
2 10 23
2 10 28
2 11 2
2 11 3
2 11 6
2 11 16
2 11 28
2 11 40
2 12 12
2 12 13
2 13 26
2 14 14
2 15 42
2 15 43
2 16 16
2 16 36
2 16 37
2 17 21
2 17 22
2 18 23
2 18 35
2 19 15
2 19 20
2 19 31
2 19 44
2 20 8
2 20 20
2 20 42
2 21 15
2 22 18
2 22 26
2 22 28
2 22 42
2 23 36
2 24 12
2 24 23
2 24 36
2 24 38
2 25 16
2 26 15
2 26 35
2 26 45
2 27 45
2 29 14
2 29 19
2 29 46
2 30 18
2 30 27
2 31 12
2 31 32
2 31 36
2 31 39
2 31 44
2 32 15
2 32 27
2 33 13
2 33 41
2 33 44
2 34 22
2 34 33
2 35 6
2 35 20
2 35 25
2 35 26
2 36 12
2 36 18
2 36 33
2 37 39
2 38 17
2 38 31
2 39 6
2 39 30
2 39 38
2 39 44
2 40 5
2 40 13
2 40 19
2 40 20
2 40 41
2 41 44
2 42 3
2 42 16
2 43 5
2 43 19
2 43 46
2 44 1
2 44 13
2 45 15
2 45 17
2 45 18
2 45 42
2 45 43
2 45 46
2 47 27
2 47 44
2 48 23
2 48 31
2 48 33
2 48 45
2 48 47
3 0 1
3 0 6
3 0 13
3 0 45
3 1 1
3 1 8
3 1 30
3 2 7
3 2 12
3 2 14
3 3 4
3 3 7
3 3 9
3 3 10
3 4 10
3 4 21
3 4 36
3 4 46
3 5 11
3 5 14
3 5 17
3 6 6
3 6 7
3 6 8
3 6 27
3 7 9
3 7 10
3 7 13
3 7 14
3 7 23
3 7 42
3 8 2
3 8 3
3 9 6
3 9 7
3 9 10
3 9 11
3 10 22
3 10 24
3 10 31
3 11 10
3 11 23
3 11 30
3 11 37
3 12 3
3 12 9
3 12 37
3 13 2
3 13 5
3 13 6
3 13 10
3 13 12
3 13 22
3 13 27
3 13 35
3 14 1
3 14 3
3 14 6
3 15 4
3 15 11
3 16 2
3 16 20
3 16 24
3 16 26
3 16 28
3 16 29
3 16 39
3 17 22
3 17 36
3 17 38
3 17 44
3 18 26
3 18 31
3 19 13
3 19 22
3 19 24
3 19 28
3 19 30
3 19 38
3 19 39
3 20 0
3 20 14
3 20 18
3 20 36
3 21 17
3 21 30
3 21 32
3 22 8
3 22 33
3 22 37
3 23 16
3 23 37
3 24 19
3 24 41
3 25 5
3 25 17
3 25 28
3 26 40
3 26 44
3 27 13
3 27 28
3 28 37
3 29 22
3 30 39
3 31 9
3 31 45
3 32 12
3 32 31
3 33 30
3 33 33
3 33 39
3 34 11
3 34 15
3 34 32
3 35 3
3 35 10
3 35 20
3 35 24
3 35 26
3 35 37
3 35 44
3 36 0
3 36 23
3 37 20
3 37 24
3 37 33
3 37 42
3 38 17
3 38 42
3 38 44
3 39 10
3 39 13
3 39 20
3 39 21
3 39 39
3 40 9
3 41 23
3 41 31
3 41 46
3 42 2
3 42 21
3 43 5
3 43 37
3 44 4
3 44 10
3 44 25
3 44 28
3 44 34
3 45 6
3 45 15
3 45 35
3 45 40
3 46 44
3 46 45
3 46 46
3 47 4
3 47 29
3 47 32
3 47 42