6103
4
26 25 25 25
207

307 386 0 912 0 0 517 0 798 0 0 35 0 94 67 0 0 0 0 0 0 0 69 69 22 0
0 499 0 0 425 38 0 0 0 8 65 0 29 78 0 78 0 0 61 0 16 21 52 65 0
0 0 0 0 930 970 0 0 915 0 0 0 0 0 0 8 73 0 93 17 80 99 31 0 0
0 0 982 0 924 86 0 0 0 92 0 34 0 84 66 0 67 2 80 11 89 0 0 0 0

0 0 0
0 0 1
0 0 3
0 1 0
0 1 3
0 1 5
0 1 11
0 2 0
0 2 1
0 2 2
0 2 7
0 2 8
0 2 13
0 3 0
0 3 1
0 3 3
0 3 4
0 3 7
0 3 8
0 3 24
0 4 2
0 4 4
0 4 8
0 5 1
0 5 2
0 5 5
0 5 12
0 6 1
0 6 3
0 6 6
0 7 0
0 7 1
0 7 3
0 7 5
0 7 7
0 7 9
0 7 10
0 7 16
0 8 0
0 8 2
0 8 4
0 8 7
0 8 20
0 9 0
0 9 2
0 9 5
0 9 6
0 9 7
0 9 15
0 10 3
0 11 18
0 11 22
0 12 14
0 13 15
0 13 21
0 13 24
0 14 2
0 14 8
0 14 10
0 14 13
0 14 14
0 15 4
0 15 7
0 15 19
0 15 21
0 16 5
0 16 15
0 17 6
0 18 2
0 18 12
0 18 18
0 19 15
0 21 5
0 22 3
0 22 16
0 23 24
0 24 2
0 24 14
0 25 16
1 0 0
1 0 1
1 0 5
1 0 7
1 0 8
1 0 12
1 1 1
1 1 6
1 1 7
1 1 8
1 1 9
1 1 21
1 1 23
1 2 4
1 2 5
1 2 7
1 2 8
1 3 0
1 3 6
1 3 7
1 3 8
1 4 1
1 4 2
1 4 6
1 4 10
1 4 24
1 5 0
1 5 1
1 5 2
1 5 3
1 5 4
1 5 6
1 5 11
1 5 24
1 6 4
1 6 5
1 6 7
1 6 8
1 7 0
1 7 2
1 7 4
1 7 5
1 7 22
1 8 0
1 8 1
1 8 3
1 8 4
1 8 5
1 8 13
1 8 19
1 8 23
1 10 13
1 10 20
1 11 18
1 12 14
1 13 10
1 14 12
1 14 13
1 15 10
1 16 20
1 17 0
1 18 10
1 18 15
1 18 17
1 18 19
1 19 11
1 20 17
1 21 1
1 21 9
1 21 20
1 23 23
1 24 18
2 0 2
2 0 3
2 0 16
2 1 1
2 1 3
2 1 5
2 1 8
2 1 12
2 1 21
2 2 4
2 2 5
2 2 13
2 3 0
2 3 3
2 3 7
2 3 13
2 4 0
2 5 2
2 5 6
2 5 7
2 6 0
2 6 1
2 6 5
2 6 7
2 7 1
2 7 6
2 7 8
2 7 17
2 8 5
2 8 8
2 8 21
2 9 4
2 9 6
2 9 10
2 9 17
2 11 21
2 12 7
2 12 24
2 13 5
2 13 13
2 13 20
2 14 14
2 15 0
2 17 16
2 17 23
2 18 7
2 19 1
2 19 22
2 20 5
2 20 11
2 20 17
2 21 19
2 22 6
2 22 17
2 22 18
2 24 22