1495
3
58 56 56
372

809 0 0 677 14 0 705 600 0 208 0 76 245 326 804 998 127 0 0 421 273 0 389 930 0 961 19 0 64 0 0 98 87 0 0 49 77 0 68 4 39 0 0 0 0 0 0 33 84 0 0 87 0 5 0 43 0 30
377 0 0 341 0 323 314 0 662 118 256 0 0 0 0 0 583 0 792 0 76 972 0 95 0 978 57 27 99 0 0 92 0 79 0 0 0 50 2 0 15 0 74 70 0 3 100 0 6 89 0 61 0 0 0 0
0 0 0 437 194 0 499 907 0 731 0 0 0 0 581 718 0 976 136 277 0 143 761 0 222 0 0 0 11 76 0 90 0 13 0 65 39 0 0 50 0 0 0 45 0 75 0 0 49 0 0 74 44 23 100 0

0 0 31
0 0 36
0 0 50
0 1 43
0 1 53
0 2 13
0 3 4
0 3 11
0 3 43
0 4 3
0 4 7
0 5 4
0 5 11
0 5 15
0 6 9
0 6 18
0 6 47
0 7 21
0 7 25
0 7 36
0 7 37
0 7 41
0 8 5
0 8 6
0 8 21
0 8 28
0 8 32
0 8 34
0 8 37
0 8 48
0 8 49
0 9 25
0 9 33
0 9 50
0 9 53
0 10 13
0 10 43
0 11 19
0 12 11
0 12 18
0 12 34
0 12 37
0 12 51
0 13 0
0 13 2
0 13 48
0 14 2
0 14 6
0 14 54
0 15 14
0 15 15
0 15 22
0 15 24
0 15 30
0 15 33
0 15 36
0 16 10
0 16 13
0 16 15
0 16 16
0 16 33
0 16 36
0 17 10
0 17 21
0 17 27
0 17 37
0 17 38
0 18 17
0 18 30
0 18 53
0 18 54
0 19 13
0 19 35
0 19 50
0 20 2
0 20 8
0 20 29
0 20 31
0 20 36
0 20 42
0 21 12
0 21 38
0 22 10
0 23 6
0 23 26
0 23 33
0 24 0
0 24 10
0 24 35
0 24 37
0 24 39
0 24 46
0 25 18
0 25 44
0 25 45
0 26 0
0 26 22
0 26 23
0 26 35
0 26 36
0 27 1
0 27 16
0 27 42
0 28 4
0 28 25
0 29 9
0 29 26
0 29 43
0 29 45
0 29 55
0 30 15
0 30 49
0 31 16
0 31 18
0 31 43
0 31 44
0 31 49
0 32 11
0 32 18
0 32 43
0 33 10
0 33 25
0 33 41
0 34 21
0 34 24
0 34 26
0 34 37
0 34 41
0 35 1
0 35 5
0 35 19
0 35 32
0 36 7
0 36 12
0 36 23
0 36 32
0 37 2
0 37 8
0 37 12
0 37 22
0 37 24
0 37 46
0 38 4
0 38 15
0 38 35
0 40 7
0 40 12
0 40 15
0 40 36
0 40 47
0 41 21
0 41 24
0 41 33
0 42 30
0 42 45
0 42 48
0 42 54
0 43 38
0 44 29
0 44 45
0 45 3
0 45 11
0 45 12
0 45 13
0 45 20
0 45 39
0 45 55
0 47 5
0 47 14
0 47 15
0 47 22
0 47 27
0 48 6
0 48 24
0 49 7
0 49 13
0 49 16
0 49 27
0 49 36
0 50 10
0 50 15
0 50 16
0 50 22
0 50 27
0 51 25
0 51 55
0 52 14
0 53 9
0 53 18
0 53 22
0 53 35
0 53 41
0 54 6
0 54 53
0 55 1
0 56 1
0 56 32
0 56 33
0 56 35
0 57 4
0 57 6
1 0 33
1 0 41
1 0 45
1 0 48
1 1 26
1 1 33
1 1 48
1 2 0
1 2 38
1 2 39
1 3 9
1 3 45
1 4 17
1 4 23
1 4 29
1 5 3
1 5 39
1 6 0
1 6 34
1 6 38
1 7 10
1 7 34
1 7 47
1 8 0
1 8 2
1 8 16
1 8 17
1 8 43
1 9 4
1 9 10
1 9 33
1 10 5
1 10 7
1 10 10
1 11 6
1 11 18
1 12 14
1 12 52
1 12 55
1 13 27
1 13 28
1 13 31
1 13 33
1 14 2
1 14 9
1 14 28
1 15 1
1 15 2
1 15 4
1 16 24
1 16 33
1 16 51
1 17 35
1 18 34
1 18 35
1 18 45
1 19 23
1 19 27
1 19 37
1 19 39
1 19 51
1 19 53
1 19 54
1 20 2
1 20 15
1 20 46
1 21 0
1 21 1
1 21 37
1 21 48
1 21 52
1 21 53
1 22 8
1 22 14
1 22 16
1 22 23
1 22 29
1 22 42
1 23 32
1 23 42
1 23 46
1 23 53
1 24 2
1 24 6
1 24 29
1 24 34
1 24 54
1 25 11
1 25 20
1 26 12
1 26 38
1 28 9
1 28 17
1 28 20
1 28 41
1 28 52
1 29 19
1 29 36
1 30 14
1 30 18
1 30 35
1 30 47
1 31 5
1 32 23
1 32 36
1 33 23
1 33 25
1 33 26
1 34 8
1 34 10
1 34 13
1 34 21
1 35 4
1 35 14
1 35 24
1 35 37
1 35 48
1 35 51
1 36 9
1 36 14
1 36 19
1 36 20
1 36 24
1 36 55
1 37 51
1 39 10
1 39 12
1 40 7
1 40 20
1 40 29
1 40 30
1 42 0
1 42 4
1 42 8
1 42 23
1 42 26
1 42 29
1 42 44
1 44 18
1 44 19
1 44 23
1 44 28
1 44 39
1 46 1
1 46 3
1 46 10
1 46 21
1 46 41
1 46 47
1 47 39
1 47 44
1 49 6
1 49 7
1 49 26
1 49 34
1 50 1
1 50 22
1 51 4
1 51 14
1 51 20
1 51 34
1 52 42
1 53 17
1 53 18
1 54 8
1 54 15
1 54 24
1 54 48
1 55 0
1 55 3
1 55 7