3275
5
43 43 43 43 43
476

0 834 0 0 732 0 316 816 90 0 0 0 723 205 334 809 268 93 81 58 26 67 0 0 0 57 0 73 64 40 0 0 13 0 87 0 0 23 0 64 49 78 0
848 599 0 0 481 0 0 698 0 831 0 664 92 392 53 387 0 54 0 18 18 0 0 0 0 0 0 74 95 81 68 1 9 26 0 0 54 64 0 28 49 0 0
536 0 457 308 877 0 0 393 0 270 198 0 297 0 939 0 0 11 25 0 93 0 0 0 0 0 31 0 0 47 0 0 0 0 0 0 0 0 34 53 0 0 0
0 479 0 159 0 0 0 183 995 16 537 964 553 0 0 108 0 58 53 0 24 26 65 0 0 20 36 58 27 60 39 0 27 0 68 24 75 30 23 23 0 76 0
12 601 929 126 362 452 593 0 632 0 897 0 0 0 0 0 598 0 0 77 0 0 0 0 49 0 90 51 9 61 64 94 0 0 0 7 0 98 0 84 0 53 59

0 0 9
0 0 12
0 0 27
0 0 32
0 0 41
0 1 9
0 1 12
0 1 14
0 1 23
0 1 25
0 1 36
0 1 41
0 2 6
0 2 16
0 2 18
0 3 6
0 3 7
0 3 41
0 4 21
0 4 28
0 4 34
0 4 37
0 4 42
0 5 30
0 5 36
0 6 38
0 6 40
0 7 7
0 7 18
0 7 35
0 7 38
0 8 1
0 8 2
0 8 8
0 8 13
0 8 15
0 8 19
0 9 12
0 9 13
0 9 22
0 9 26
0 9 38
0 9 41
0 9 42
0 10 5
0 10 8
0 10 24
0 10 36
0 10 40
0 11 3
0 11 23
0 11 41
0 11 42
0 12 6
0 12 16
0 12 25
0 13 2
0 13 7
0 13 24
0 13 29
0 14 0
0 14 16
0 14 17
0 14 21
0 14 23
0 14 38
0 15 2
0 15 5
0 15 10
0 15 32
0 15 36
0 16 14
0 16 35
0 16 37
0 17 11
0 17 15
0 17 26
0 17 29
0 18 3
0 18 27
0 18 41
0 19 9
0 19 14
0 19 17
0 19 22
0 19 25
0 20 5
0 20 7
0 20 22
0 20 23
0 21 11
0 21 18
0 21 42
0 22 8
0 22 13
0 22 24
0 22 39
0 23 20
0 24 7
0 24 20
0 25 1
0 25 23
0 26 16
0 26 26
0 26 39
0 27 7
0 27 13
0 27 21
0 28 42
0 30 27
0 31 4
0 31 5
0 31 15
0 31 22
0 32 12
0 33 12
0 34 2
0 34 20
0 34 25
0 34 29
0 36 21
0 36 23
0 37 23
0 37 35
0 38 6
0 38 13
0 38 22
0 38 26
0 38 31
0 38 33
0 39 19
0 41 15
0 41 25
0 42 14
0 42 24
0 42 34
0 42 36
1 0 0
1 0 4
1 0 14
1 1 30
1 2 12
1 2 23
1 3 2
1 3 9
1 3 20
1 4 1
1 4 3
1 4 7
1 4 16
1 4 25
1 4 40
1 5 15
1 6 15
1 6 41
1 7 2
1 7 4
1 7 8
1 7 12
1 7 25
1 7 26
1 8 1
1 8 8
1 8 10
1 8 11
1 9 2
1 10 10
1 10 26
1 10 33
1 10 35
1 10 39
1 11 28
1 11 42
1 12 4
1 12 6
1 12 8
1 13 6
1 14 4
1 14 14
1 14 18
1 15 16
1 15 30
1 16 24
1 18 7
1 18 36
1 18 39
1 19 37
1 19 40
1 20 10
1 20 20
1 21 2
1 21 31
1 22 5
1 22 12
1 22 33
1 23 4
1 23 14
1 24 6
1 24 36
1 25 2
1 28 20
1 28 33
1 28 37
1 28 40
1 29 30
1 29 40
1 30 5
1 30 15
1 31 11
1 31 19
1 33 3
1 34 0
1 34 5
1 34 12
1 35 12
1 35 23
1 35 27
1 36 5
1 36 23
1 36 24
1 37 3
1 37 30
1 38 5
1 38 16
1 38 19
1 38 20
1 38 28
1 39 5
1 40 32
1 40 33
1 41 5
1 41 7
1 41 16
1 41 18
1 41 39
1 42 28
1 42 37
2 0 6
2 0 34
2 0 41
2 1 0
2 1 10
2 1 14
2 1 15
2 1 25
2 1 37
2 1 39
2 1 42
2 2 24
2 2 38
2 3 4
2 3 10
2 3 16
2 3 28
2 3 32
2 4 12
2 4 14
2 4 22
2 4 39
2 5 3
2 5 31
2 6 4
2 6 9
2 7 2
2 7 4
2 7 5
2 7 23
2 7 28
2 7 41
2 8 2
2 8 4
2 8 6
2 9 5
2 9 10
2 9 12
2 9 22
2 9 25
2 10 24
2 10 26
2 10 41
2 11 5
2 12 1
2 12 2
2 12 6
2 12 7
2 12 9
2 12 11
2 12 22
2 12 26
2 12 32
2 12 36
2 12 37
2 13 13
2 13 16
2 13 30
2 13 36
2 14 1
2 14 5
2 14 30
2 14 34
2 14 37
2 15 0
2 15 15
2 16 5
2 16 15
2 16 29
2 17 9
2 17 30
2 17 34
2 18 0
2 18 27
2 19 6
2 19 31
2 19 38
2 19 41
2 20 16
2 21 36
2 21 40
2 22 3
2 22 16
2 23 0
2 23 14
2 23 29
2 23 30
2 23 34
2 24 1
2 24 7
2 24 17
2 25 37
2 26 12
2 26 18
2 26 31
2 26 32
2 26 42
2 27 2
2 27 14
2 28 1
2 28 8
2 28 32
2 29 16
2 30 0
2 30 1
2 30 23
2 31 0
2 32 3
2 33 10
2 34 0
2 34 10
2 34 15
2 34 17
2 34 24
2 34 26
2 34 33
2 35 0
2 35 10
2 35 36
2 36 0
2 36 15
2 36 22
2 36 32
2 36 33
2 37 12
2 38 6
2 38 8
2 38 17
2 38 19
2 39 3
2 39 8
2 39 19
2 39 22
2 40 22
2 41 15
2 41 22
2 42 6
3 0 16
3 1 1
3 1 2
3 1 5
3 1 7
3 1 11
3 2 0
3 2 2
3 2 15
3 3 14
3 3 27
3 4 16
3 5 10
3 5 16
3 5 34
3 5 36
3 5 37
3 6 10
3 7 10
3 7 16
3 7 25
3 7 35
3 8 0
3 8 7
3 8 10
3 8 14
3 8 39
3 9 3
3 9 10
3 9 35
3 10 31
3 11 4
3 11 8
3 11 16
3 11 32
3 11 39
3 12 3
3 12 5
3 13 2
3 13 10
3 13 11
3 13 32
3 13 40
3 14 20
3 14 31
3 15 4
3 15 7
3 16 13
3 16 31
3 16 40
3 17 10
3 17 12
3 18 1
3 18 3
3 19 29
3 20 4
3 20 10
3 20 18
3 20 21
3 20 34
3 21 26
3 21 31
3 21 32
3 21 33
3 22 9
3 23 8
3 24 6
3 24 31
3 25 34
3 25 39
3 26 6
3 26 15
3 27 2
3 28 0
3 28 13
3 28 39
3 30 18
3 30 32
3 31 3
3 31 38
3 32 1
3 32 4
3 32 25
3 33 20
3 34 6
3 35 3
3 35 8
3 35 20
3 37 9
3 39 0
3 39 3
3 39 4
3 39 15
3 39 30
3 40 11
3 40 12
3 40 36
3 41 40
3 42 3
3 42 6
3 42 20
3 42 35