5733
3
53 53 53
472

0 0 0 928 0 0 720 475 5 29 803 0 0 0 0 0 84 0 0 699 201 35 52 0 0 92 48 16 0 0 74 48 0 0 0 41 35 0 0 0 0 81 80 0 40 0 0 0 0 0 27 0 0
591 431 957 0 796 835 0 69 0 0 0 0 0 636 966 0 985 0 543 721 221 73 0 0 0 32 0 67 0 0 0 0 13 96 0 0 0 11 98 0 0 75 0 30 37 0 0 0 0 0 10 27 54
0 479 0 201 851 981 534 293 734 0 71 304 943 180 743 212 0 0 344 0 0 0 0 81 0 35 60 0 0 96 43 51 0 0 0 0 0 72 76 97 47 75 0 95 0 45 0 63 36 0 13 45 0

0 0 0
0 0 2
0 0 5
0 0 12
0 0 16
0 0 18
0 0 22
0 0 42
0 1 1
0 1 2
0 1 3
0 1 4
0 1 5
0 1 18
0 1 27
0 1 40
0 2 2
0 2 3
0 2 8
0 2 13
0 2 15
0 2 16
0 2 18
0 2 19
0 2 52
0 3 0
0 3 4
0 3 23
0 3 30
0 3 46
0 4 1
0 4 2
0 4 3
0 4 5
0 4 13
0 4 17
0 4 48
0 5 0
0 5 1
0 5 3
0 5 8
0 5 11
0 5 19
0 5 25
0 5 39
0 5 49
0 6 0
0 6 8
0 6 10
0 6 16
0 6 19
0 7 4
0 7 8
0 7 11
0 7 12
0 7 19
0 7 46
0 8 1
0 8 6
0 8 7
0 8 12
0 8 15
0 8 18
0 8 43
0 9 3
0 9 11
0 9 19
0 9 20
0 9 50
0 10 31
0 10 33
0 10 34
0 10 37
0 10 50
0 11 4
0 11 7
0 11 8
0 11 10
0 11 14
0 11 18
0 11 19
0 11 20
0 11 34
0 11 36
0 12 1
0 12 5
0 12 8
0 12 10
0 12 15
0 12 17
0 12 47
0 13 2
0 13 4
0 13 6
0 13 8
0 13 9
0 13 13
0 13 16
0 13 50
0 14 4
0 14 10
0 15 5
0 15 9
0 15 16
0 15 17
0 15 28
0 16 11
0 16 16
0 16 20
0 16 35
0 17 1
0 17 4
0 17 13
0 17 19
0 17 20
0 18 1
0 18 2
0 18 7
0 18 13
0 18 14
0 18 17
0 18 19
0 18 42
0 19 6
0 19 18
0 19 20
0 19 29
0 20 9
0 20 14
0 20 17
0 20 18
0 20 20
0 20 30
0 20 32
0 20 52
0 21 13
0 21 14
0 21 39
0 21 49
0 22 0
0 22 17
0 22 37
0 22 46
0 22 47
0 22 48
0 23 14
0 23 48
0 23 50
0 24 30
0 25 11
0 25 21
0 25 28
0 25 42
0 26 7
0 26 22
0 26 28
0 27 10
0 27 18
0 27 29
0 27 37
0 27 49
0 28 9
0 28 27
0 28 48
0 29 32
0 30 17
0 30 18
0 30 23
0 30 40
0 31 25
0 31 31
0 31 38
0 31 40
0 31 46
0 31 47
0 31 52
0 32 3
0 32 48
0 33 3
0 33 14
0 33 33
0 33 47
0 33 48
0 33 51
0 34 1
0 34 35
0 34 47
0 35 22
0 35 24
0 35 35
0 35 42
0 35 52
0 36 8
0 36 52
0 37 48
0 38 21
0 38 36
0 38 49
0 39 18
0 39 21
0 39 26
0 39 44
0 40 26
0 40 39
0 40 51
0 41 2
0 41 30
0 41 45
0 42 30
0 43 33
0 43 43
0 43 45
0 43 49
0 44 15
0 44 23
0 44 36
0 44 38
0 44 50
0 44 52
0 45 5
0 45 48
0 46 22
0 46 30
0 46 52
0 47 25
0 47 35
0 47 37
0 48 33
0 48 40
0 48 42
0 49 15
0 49 18
0 49 37
0 49 52
0 50 7
0 50 32
0 50 48
0 50 51
0 52 1
0 52 11
0 52 31
0 52 35
0 52 46
0 52 48
1 0 6
1 0 7
1 0 13
1 0 15
1 0 52
1 1 0
1 1 9
1 1 13
1 1 18
1 1 27
1 1 44
1 1 47
1 2 1
1 2 2
1 2 5
1 2 6
1 2 8
1 2 11
1 2 15
1 3 5
1 3 7
1 3 13
1 3 14
1 3 18
1 3 20
1 3 37
1 3 44
1 4 2
1 4 6
1 4 8
1 4 14
1 4 18
1 4 38
1 5 1
1 5 5
1 5 9
1 5 14
1 5 15
1 5 19
1 5 20
1 5 21
1 5 22
1 5 24
1 6 2
1 6 9
1 6 11
1 6 14
1 6 15
1 6 18
1 6 23
1 6 39
1 7 6
1 7 7
1 7 8
1 7 48
1 8 3
1 8 30
1 9 2
1 9 11
1 9 13
1 9 33
1 9 42
1 10 6
1 10 9
1 11 1
1 11 4
1 11 7
1 11 15
1 11 19
1 11 24
1 11 29
1 11 46
1 11 50
1 12 0
1 12 1
1 12 7
1 12 8
1 12 13
1 12 14
1 12 16
1 13 2
1 13 4
1 13 5
1 13 7
1 13 13
1 13 15
1 13 16
1 13 18
1 13 19
1 13 42
1 14 1
1 14 5
1 14 8
1 14 12
1 15 2
1 15 4
1 15 14
1 15 15
1 15 16
1 15 17
1 15 34
1 16 1
1 16 2
1 16 11
1 16 12
1 16 13
1 16 16
1 16 38
1 16 45
1 16 46
1 16 52
1 17 0
1 17 5
1 17 8
1 17 11
1 17 12
1 17 15
1 17 20
1 18 3
1 18 4
1 18 7
1 18 19
1 18 20
1 19 1
1 19 2
1 19 13
1 19 22
1 19 38
1 20 7
1 20 8
1 20 18
1 20 30
1 20 31
1 20 43
1 20 50
1 21 15
1 21 30
1 21 48
1 21 50
1 22 24
1 22 29
1 23 8
1 23 17
1 23 21
1 23 22
1 24 2
1 24 8
1 24 12
1 24 19
1 24 21
1 24 28
1 24 29
1 24 32
1 26 21
1 26 33
1 26 50
1 27 32
1 29 8
1 29 12
1 29 42
1 30 5
1 30 40
1 30 45
1 30 49
1 31 10
1 31 26
1 31 47
1 32 1
1 32 13
1 32 18
1 32 24
1 32 29
1 32 50
1 33 7
1 33 38
1 33 50
1 34 19
1 34 30
1 34 32
1 34 49
1 35 48
1 36 27
1 36 30
1 36 32
1 36 35
1 36 39
1 36 49
1 37 1
1 37 38
1 37 44
1 38 4
1 38 14
1 38 32
1 38 41
1 39 12
1 39 15
1 39 41
1 39 47
1 40 14
1 40 35
1 41 15
1 41 22
1 41 26
1 41 37
1 42 14
1 43 33
1 43 34
1 44 37
1 46 51
1 47 9
1 47 35
1 47 44
1 47 48
1 48 23
1 48 40
1 48 45
1 49 5
1 49 9
1 49 29
1 50 1
1 50 25
1 50 38
1 51 20
1 51 26
1 51 40
1 51 41
1 52 1
1 52 44