3772
3
68 68 69
605

0 72 0 670 972 781 901 3 0 0 0 637 0 321 0 181 0 659 896 143 875 0 37 69 59 0 66 55 0 0 0 53 0 86 56 15 0 0 0 0 0 0 8 7 0 0 0 80 71 39 77 0 0 26 0 28 28 0 0 0 95 0 0 0 25 0 52 0
0 0 704 792 0 27 0 963 2 777 0 621 0 551 679 463 0 0 0 665 602 0 0 0 0 55 0 0 59 0 0 52 0 23 0 0 15 59 100 0 0 31 0 0 0 0 0 71 0 7 0 27 96 0 84 20 35 0 13 0 9 78 11 31 0 72 0 46
258 0 996 643 0 259 970 0 810 0 0 590 0 424 0 0 0 0 844 707 0 0 81 0 0 70 0 0 0 0 0 15 37 91 0 30 54 87 91 79 91 62 29 50 0 0 70 56 10 0 81 0 0 82 0 3 0 96 0 0 0 80 0 0 0 7 0 2 0

0 0 2
0 0 4
0 0 21
0 0 28
0 0 46
0 0 62
0 1 2
0 1 8
0 1 15
0 1 28
0 2 1
0 2 17
0 2 20
0 2 37
0 2 42
0 2 44
0 2 46
0 2 49
0 3 29
0 3 31
0 3 43
0 3 54
0 4 0
0 4 4
0 4 7
0 4 9
0 4 16
0 4 33
0 4 62
0 5 13
0 5 20
0 5 23
0 5 25
0 6 4
0 6 67
0 7 6
0 7 44
0 7 59
0 8 2
0 8 58
0 9 11
0 9 28
0 9 31
0 9 33
0 9 48
0 9 64
0 10 1
0 10 5
0 10 11
0 10 13
0 10 19
0 11 1
0 11 2
0 11 66
0 12 0
0 12 6
0 12 8
0 12 24
0 12 25
0 13 9
0 13 12
0 13 42
0 13 44
0 13 66
0 14 20
0 14 31
0 14 36
0 14 42
0 15 6
0 15 12
0 15 14
0 15 26
0 15 42
0 15 53
0 16 5
0 16 6
0 16 13
0 16 15
0 16 16
0 16 17
0 16 25
0 16 42
0 16 61
0 17 3
0 17 6
0 17 18
0 17 42
0 17 59
0 17 66
0 18 1
0 18 26
0 18 43
0 19 1
0 19 4
0 19 19
0 19 41
0 20 36
0 20 40
0 20 56
0 21 10
0 21 14
0 21 16
0 21 50
0 22 7
0 22 23
0 23 11
0 23 12
0 23 16
0 23 30
0 24 13
0 24 17
0 24 26
0 24 44
0 24 46
0 24 54
0 24 55
0 25 65
0 26 41
0 26 62
0 27 0
0 27 31
0 27 60
0 27 67
0 28 7
0 28 25
0 28 39
0 28 47
0 28 51
0 29 24
0 29 33
0 29 37
0 29 50
0 29 51
0 29 56
0 29 57
0 30 17
0 30 32
0 30 33
0 30 38
0 30 63
0 31 20
0 31 22
0 31 50
0 31 64
0 31 65
0 32 8
0 32 13
0 32 24
0 32 57
0 32 59
0 32 62
0 33 0
0 33 7
0 33 14
0 33 19
0 33 22
0 33 65
0 34 24
0 34 28
0 34 58
0 35 29
0 35 58
0 36 21
0 36 36
0 36 44
0 36 54
0 36 60
0 36 64
0 37 6
0 37 52
0 38 3
0 38 7
0 38 44
0 39 1
0 39 17
0 39 20
0 39 21
0 39 25
0 39 26
0 39 60
0 40 4
0 40 16
0 40 30
0 40 40
0 40 49
0 40 50
0 40 56
0 41 2
0 41 23
0 41 49
0 41 57
0 41 59
0 41 66
0 42 2
0 42 24
0 42 37
0 42 48
0 43 0
0 43 3
0 43 13
0 43 16
0 43 26
0 43 38
0 43 40
0 43 48
0 43 60
0 43 64
0 44 6
0 44 38
0 44 50
0 44 52
0 44 54
0 45 0
0 45 6
0 45 13
0 45 64
0 46 9
0 46 12
0 46 27
0 46 45
0 46 58
0 47 10
0 47 63
0 48 1
0 48 13
0 48 37
0 48 52
0 49 2
0 49 15
0 49 49
0 49 50
0 49 51
0 49 58
0 50 38
0 50 53
0 50 54
0 50 64
0 51 3
0 51 35
0 51 40
0 51 44
0 51 47
0 51 49
0 51 61
0 52 34
0 52 37
0 52 53
0 53 51
0 53 60
0 54 20
0 54 31
0 54 43
0 54 54
0 54 57
0 55 46
0 55 56
0 55 66
0 56 22
0 56 26
0 56 32
0 56 36
0 56 52
0 56 56
0 57 22
0 57 23
0 57 24
0 57 41
0 58 15
0 58 55
0 58 61
0 59 22
0 59 26
0 59 28
0 59 33
0 59 62
0 60 9
0 60 20
0 60 64
0 61 3
0 61 5
0 61 25
0 61 31
0 61 39
0 61 44
0 61 45
0 61 52
0 62 9
0 62 11
0 62 13
0 62 23
0 62 51
0 64 3
0 64 20
0 64 33
0 64 34
0 64 58
0 64 59
0 65 32
0 65 50
0 66 28
0 66 35
0 66 36
0 67 15
0 67 18
0 67 24
0 67 29
0 67 38
0 67 39
0 67 58
1 0 13
1 0 26
1 0 33
1 1 9
1 1 12
1 1 21
1 1 32
1 1 63
1 2 10
1 2 16
1 2 66
1 3 21
1 3 25
1 3 27
1 3 29
1 3 35
1 3 39
1 3 68
1 4 14
1 5 2
1 5 15
1 5 17
1 6 5
1 6 8
1 6 14
1 6 20
1 6 21
1 6 27
1 6 50
1 6 54
1 6 63
1 6 67
1 7 32
1 8 6
1 8 62
1 9 8
1 9 11
1 9 13
1 9 14
1 9 16
1 9 17
1 9 40
1 9 42
1 9 58
1 9 59
1 9 62
1 10 3
1 10 6
1 10 10
1 10 15
1 10 67
1 11 4
1 11 6
1 11 10
1 11 51
1 11 56
1 12 7
1 12 21
1 12 22
1 12 31
1 12 45
1 12 59
1 12 65
1 13 1
1 13 4
1 13 6
1 13 7
1 13 35
1 14 18
1 14 32
1 14 66
1 15 3
1 15 9
1 15 22
1 15 28
1 16 6
1 16 11
1 16 27
1 16 36
1 16 67
1 17 8
1 17 15
1 17 58
1 17 61
1 17 64
1 18 8
1 18 19
1 18 52
1 19 10
1 19 32
1 19 35
1 19 58
1 20 2
1 20 10
1 20 18
1 20 29
1 20 44
1 20 49
1 21 2
1 21 14
1 21 17
1 21 40
1 21 54
1 22 21
1 22 56
1 23 19
1 23 37
1 23 40
1 23 56
1 23 59
1 23 67
1 24 13
1 24 32
1 24 34
1 24 38
1 24 42
1 24 43
1 24 45
1 24 47
1 26 13
1 26 31
1 26 40
1 26 51
1 27 2
1 27 3
1 27 14
1 27 21
1 27 30
1 27 43
1 27 46
1 28 12
1 28 31
1 28 32
1 28 38
1 28 55
1 28 58
1 29 9
1 29 11
1 29 35
1 30 3
1 30 11
1 30 17
1 30 26
1 30 52
1 30 63
1 30 66
1 31 62
1 32 1
1 32 20
1 32 26
1 32 53
1 32 62
1 33 42
1 34 31
1 34 48
1 34 67
1 35 26
1 35 35
1 36 43
1 36 46
1 37 31
1 37 33
1 37 36
1 38 12
1 38 47
1 38 61
1 39 9
1 39 11
1 39 18
1 39 21
1 39 22
1 39 38
1 39 40
1 39 43
1 39 44
1 39 58
1 39 68
1 40 27
1 40 28
1 40 43
1 40 50
1 40 56
1 40 57
1 41 21
1 41 51
1 42 6
1 42 36
1 43 14
1 43 23
1 43 39
1 43 53
1 43 60
1 43 61
1 44 12
1 44 20
1 44 25
1 45 10
1 45 24
1 45 34
1 45 35
1 45 51
1 46 23
1 46 28
1 46 48
1 46 60
1 47 9
1 47 36
1 47 41
1 48 25
1 48 39
1 48 44
1 48 64
1 49 14
1 49 21
1 49 34
1 49 36
1 49 46
1 49 61
1 49 65
1 50 9
1 50 43
1 50 64
1 51 34
1 52 1
1 52 13
1 52 16
1 52 25
1 52 26
1 52 55
1 52 59
1 53 1
1 53 26
1 53 31
1 53 55
1 54 18
1 54 23
1 54 44
1 54 49
1 54 63
1 54 66
1 55 21
1 55 27
1 55 40
1 55 50
1 55 52
1 55 68
1 56 13
1 56 32
1 56 37
1 56 38
1 56 60
1 56 61
1 57 18
1 57 22
1 57 42
1 57 56
1 58 5
1 58 7
1 58 38
1 58 40
1 58 42
1 58 51
1 58 67
1 59 16
1 59 33
1 59 34
1 60 0
1 60 40
1 60 50
1 61 59
1 62 24
1 62 45
1 63 16
1 63 38
1 63 41
1 63 46
1 63 53
1 63 64
1 64 13
1 64 32
1 64 45
1 64 56
1 64 59
1 64 62
1 65 0
1 65 19
1 65 20
1 65 36
1 65 37
1 66 31
1 66 47
1 66 58
1 66 60
1 67 28
1 67 38
1 67 58