7000
5
38 40 39 39 38
892

0 0 740 890 0 0 817 0 580 0 0 0 15 85 0 0 0 91 22 0 0 0 0 100 19 0 83 0 0 0 53 0 65 0 78 43 25 0
49 0 255 0 284 0 0 645 0 0 988 291 0 2 0 16 91 62 0 43 70 9 55 0 0 65 0 93 0 38 0 9 19 0 0 0 0 0 0 0
236 0 0 0 0 84 708 0 50 0 0 0 0 0 9 0 0 0 0 99 10 0 0 86 0 0 64 3 0 0 0 28 0 0 0 92 0 0 0
0 122 209 0 521 0 56 846 353 880 0 602 83 0 92 11 0 69 66 0 0 0 40 0 0 62 0 0 78 0 0 0 63 65 62 5 0 0 0
900 349 805 427 0 0 0 0 0 40 19 932 0 98 25 0 0 6 0 0 33 99 0 12 2 66 0 47 18 0 0 0 0 0 0 0 0 19

0 0 0
0 0 3
0 0 7
0 1 0
0 1 11
0 1 14
0 1 17
0 1 18
0 1 22
0 1 36
0 1 39
0 2 0
0 2 1
0 2 2
0 2 4
0 2 5
0 2 6
0 2 8
0 2 12
0 2 15
0 2 22
0 2 32
0 3 3
0 3 5
0 3 7
0 3 11
0 3 16
0 3 24
0 3 31
0 4 6
0 4 8
0 4 12
0 4 13
0 4 19
0 4 20
0 4 38
0 5 0
0 5 1
0 5 10
0 5 11
0 5 13
0 5 17
0 5 19
0 5 22
0 5 27
0 5 28
0 5 37
0 6 3
0 6 5
0 6 6
0 6 8
0 6 12
0 6 34
0 6 35
0 6 37
0 7 3
0 7 5
0 7 7
0 7 10
0 7 16
0 7 21
0 7 23
0 7 27
0 7 30
0 7 32
0 8 0
0 8 1
0 8 3
0 8 4
0 8 7
0 8 12
0 8 24
0 8 37
0 9 4
0 9 7
0 9 12
0 9 19
0 9 21
0 9 38
0 10 2
0 10 4
0 10 5
0 10 6
0 10 7
0 10 10
0 10 11
0 10 12
0 10 23
0 10 24
0 10 32
0 11 2
0 11 5
0 11 6
0 11 12
0 11 25
0 11 26
0 11 30
0 12 1
0 12 7
0 12 10
0 12 11
0 12 17
0 12 20
0 12 24
0 13 1
0 13 3
0 13 6
0 13 26
0 13 29
0 13 38
0 14 2
0 14 17
0 15 3
0 15 13
0 15 23
0 15 24
0 15 25
0 15 27
0 15 28
0 16 1
0 16 4
0 16 9
0 16 23
0 16 25
0 16 37
0 17 0
0 17 7
0 17 30
0 17 31
0 19 1
0 19 2
0 19 8
0 19 9
0 19 16
0 19 19
0 20 6
0 20 17
0 20 27
0 20 31
0 20 34
0 21 11
0 21 31
0 22 3
0 22 20
0 22 22
0 22 24
0 23 4
0 23 5
0 23 8
0 23 21
0 23 23
0 23 28
0 23 36
0 24 39
0 25 11
0 25 26
0 25 28
0 25 32
0 26 7
0 26 9
0 26 11
0 26 16
0 26 23
0 27 8
0 27 11
0 27 17
0 27 29
0 27 30
0 27 32
0 28 11
0 28 22
0 28 28
0 28 36
0 29 0
0 29 9
0 29 17
0 29 25
0 30 14
0 30 35
0 30 36
0 31 1
0 31 7
0 31 9
0 31 25
0 31 26
0 31 34
0 32 0
0 32 6
0 32 8
0 32 14
0 32 21
0 33 9
0 33 19
0 33 21
0 34 2
0 34 30
0 35 10
0 35 11
0 35 13
0 35 37
0 36 6
0 36 12
0 36 22
0 36 39
0 37 6
0 37 10
0 37 12
0 37 20
0 37 24
0 37 29
0 37 30
1 0 0
1 0 6
1 0 7
1 0 10
1 0 11
1 0 16
1 0 29
1 0 35
1 0 38
1 1 1
1 1 2
1 1 3
1 1 5
1 1 8
1 1 10
1 1 26
1 1 38
1 2 3
1 2 4
1 2 5
1 2 8
1 2 10
1 2 17
1 2 21
1 2 32
1 2 36
1 3 4
1 3 5
1 3 7
1 3 10
1 3 15
1 3 18
1 3 26
1 3 31
1 4 2
1 4 3
1 4 5
1 4 8
1 4 10
1 4 18
1 5 1
1 5 16
1 5 36
1 6 0
1 6 1
1 6 3
1 6 5
1 6 6
1 6 7
1 6 11
1 6 37
1 7 0
1 7 1
1 7 3
1 7 11
1 7 12
1 7 23
1 7 31
1 8 3
1 8 4
1 8 10
1 8 14
1 9 0
1 9 1
1 9 4
1 9 5
1 9 7
1 9 9
1 9 15
1 9 17
1 9 22
1 10 9
1 10 10
1 10 11
1 10 27
1 10 34
1 11 4
1 11 5
1 11 6
1 11 8
1 11 28
1 12 0
1 12 12
1 12 27
1 12 38
1 13 0
1 13 15
1 13 32
1 14 6
1 14 17
1 14 25
1 14 26
1 15 33
1 16 1
1 16 5
1 16 17
1 16 24
1 16 27
1 16 31
1 16 33
1 17 6
1 17 13
1 17 15
1 17 20
1 17 29
1 18 23
1 18 27
1 18 28
1 19 15
1 19 17
1 19 27
1 19 30
1 19 31
1 20 3
1 20 5
1 20 16
1 20 20
1 21 17
1 21 25
1 22 3
1 22 10
1 22 14
1 22 24
1 22 25
1 22 27
1 22 30
1 22 33
1 23 2
1 23 6
1 23 9
1 23 11
1 23 33
1 23 34
1 23 35
1 24 13
1 24 18
1 24 24
1 24 25
1 24 26
1 25 1
1 25 3
1 25 27
1 25 30
1 26 5
1 26 8
1 26 23
1 27 20
1 28 0
1 28 24
1 28 37
1 28 38
1 29 20
1 29 33
1 29 34
1 29 38
1 30 0
1 30 2
1 30 4
1 30 12
1 30 22
1 30 23
1 30 25
1 30 27
1 30 31
1 31 7
1 31 8
1 31 24
1 31 25
1 31 29
1 32 11
1 32 13
1 32 18
1 32 21
1 32 25
1 32 35
1 33 2
1 33 5
1 33 6
1 33 11
1 33 15
1 33 25
1 33 28
1 34 7
1 34 11
1 35 9
1 35 25
1 35 37
1 36 9
1 37 1
1 37 2
1 37 6
1 37 12
1 37 19
1 37 31
1 37 36
1 37 37
1 38 3
1 38 15
1 39 1
1 39 13
1 39 15
1 39 17
1 39 25
1 39 31
1 39 37
2 0 1
2 0 3
2 0 4
2 0 5
2 0 7
2 0 21
2 0 30
2 0 38
2 1 1
2 1 2
2 1 3
2 1 4
2 1 5
2 1 6
2 1 7
2 1 8
2 1 10
2 1 11
2 1 16
2 1 26
2 1 31
2 2 1
2 2 2
2 2 3
2 2 8
2 2 10
2 2 11
2 2 22
2 2 25
2 2 29
2 2 30
2 2 33
2 2 36
2 3 5
2 3 7
2 3 17
2 3 22
2 3 35
2 4 0
2 4 3
2 4 4
2 4 6
2 4 9
2 4 11
2 4 24
2 4 33
2 4 37
2 5 1
2 5 4
2 5 6
2 5 8
2 5 10
2 5 17
2 5 23
2 6 1
2 6 2
2 6 7
2 6 9
2 6 19
2 6 37
2 7 0
2 7 3
2 7 5
2 7 6
2 7 8
2 7 12
2 7 22
2 7 27
2 8 1
2 8 3
2 8 7
2 8 10
2 8 16
2 8 20
2 8 37
2 9 0
2 9 2
2 9 8
2 9 11
2 9 13
2 9 24
2 9 31
2 9 38
2 10 4
2 10 6
2 10 7
2 10 9
2 10 14
2 10 17
2 10 23
2 10 25
2 10 37
2 11 5
2 11 8
2 11 9
2 11 13
2 11 15
2 11 18
2 11 25
2 11 26
2 11 28
2 11 33
2 11 34
2 12 0
2 12 5
2 12 11
2 12 12
2 12 13
2 12 14
2 12 16
2 12 29
2 13 6
2 13 8
2 13 10
2 13 11
2 13 18
2 13 26
2 13 27
2 13 29
2 14 0
2 14 4
2 14 12
2 14 22
2 14 35
2 15 4
2 15 18
2 15 23
2 16 0
2 16 4
2 16 7
2 16 29
2 17 11
2 17 20
2 17 24
2 17 28
2 17 36
2 18 2
2 18 26
2 19 1
2 19 4
2 19 20
2 19 30
2 19 34
2 19 35
2 20 2
2 20 3
2 20 12
2 20 14
2 20 18
2 21 4
2 21 23
2 21 37
2 22 0
2 22 8
2 22 21
2 22 32
2 22 33
2 22 34
2 23 2
2 23 8
2 24 12
2 24 15
2 24 20
2 25 6
2 25 20
2 25 24
2 25 28
2 26 1
2 26 14
2 26 17
2 26 25
2 26 29
2 26 35
2 27 3
2 27 4
2 27 7
2 27 8
2 27 10
2 27 17
2 27 21
2 27 23
2 27 25
2 27 30
2 28 1
2 29 1
2 29 3
2 29 9
2 29 28
2 29 34
2 30 2
2 30 5
2 30 25
2 30 36
2 31 0
2 31 6
2 31 11
2 31 23
2 31 29
2 32 19
2 32 22
2 32 29
2 32 36
2 33 0
2 33 9
2 33 10
2 33 11
2 33 17
2 33 26
2 34 2
2 34 10
2 34 27
2 34 33
2 34 37
2 34 38
2 35 2
2 35 6
2 35 14
2 35 16
2 35 18
2 35 19
2 35 27
2 35 35
2 35 36
2 35 38
2 36 2
2 36 4
2 36 10
2 36 30
2 37 9
2 37 10
2 37 17
2 38 2
2 38 8
2 38 19
2 38 30
2 38 34
3 0 4
3 0 5
3 0 8
3 0 9
3 0 11
3 0 19
3 0 20
3 0 32
3 1 1
3 1 2
3 1 6
3 1 8
3 1 11
3 1 18
3 1 24
3 1 25
3 1 26
3 1 36
3 2 0
3 2 1
3 2 8
3 2 10
3 2 11
3 2 28
3 2 32
3 3 0
3 3 2
3 3 4
3 3 5
3 3 9
3 3 10
3 3 11
3 3 30
3 3 33
3 4 2
3 4 13
3 4 14
3 4 18
3 4 22
3 4 28
3 5 1
3 5 2
3 5 6
3 5 7
3 5 8
3 5 31
3 6 0
3 6 1
3 6 6
3 6 8
3 6 9
3 6 10
3 6 14
3 6 17
3 6 21
3 6 23
3 7 0
3 7 6
3 7 7
3 7 8
3 7 11
3 7 18
3 7 22
3 7 23
3 7 28
3 7 35
3 7 37
3 8 4
3 8 5
3 8 6
3 8 8
3 8 10
3 8 14
3 8 18
3 8 21
3 8 26
3 8 28
3 9 0
3 9 2
3 9 7
3 9 10
3 9 11
3 9 12
3 9 35
3 10 2
3 10 3
3 10 8
3 10 9
3 10 10
3 10 18
3 10 19
3 10 21
3 10 23
3 10 25
3 10 32
3 11 3
3 11 4
3 11 5
3 11 7
3 11 10
3 11 12
3 11 15
3 11 17
3 11 23
3 11 27
3 12 8
3 12 26
3 12 30
3 13 3
3 13 15
3 13 17
3 13 19
3 13 29
3 13 35
3 14 4
3 14 28
3 14 34
3 15 5
3 15 6
3 15 8
3 15 9
3 15 12
3 15 20
3 15 25
3 15 27
3 16 5
3 16 22
3 16 26
3 16 28
3 16 37
3 17 3
3 17 10
3 18 4
3 18 18
3 18 30
3 19 7
3 19 8
3 19 9
3 19 12
3 19 14
3 19 20
3 19 23
3 19 29
3 20 2
3 20 4
3 20 9
3 20 11
3 20 14
3 20 20
3 20 25
3 20 34
3 20 37
3 21 8
3 21 14
3 21 15
3 21 29
3 21 34
3 22 4
3 22 13
3 22 19
3 22 25
3 23 18
3 23 19
3 23 28
3 23 32
3 23 35
3 23 37
3 24 8
3 24 30
3 25 8
3 25 10
3 25 14
3 25 26
3 25 30
3 25 32
3 26 5
3 26 14
3 26 16
3 27 6
3 27 18
3 27 31
3 27 33
3 27 37
3 28 8
3 28 10
3 28 21
3 28 22
3 28 24
3 28 25
3 28 35
3 29 3
3 29 29
3 30 4
3 30 10
3 30 12
3 30 22
3 30 32
3 30 36
3 31 1
3 31 9
3 31 11
3 31 18
3 31 26
3 31 33
3 32 17
3 32 18
3 33 2
3 33 23
3 33 24
3 33 29
3 34 3
3 34 4
3 34 10
3 34 12
3 34 24
3 34 29
3 34 32
3 34 34
3 35 5
3 35 11
3 35 12
3 35 14
3 36 1
3 36 2
3 36 4
3 36 15
3 36 18
3 36 27
3 36 33
3 36 34
3 37 15
3 37 17
3 37 24
3 37 27
3 37 33
3 38 1
3 38 11
3 38 15
3 38 25
3 38 36