7230
5
24 24 24 24 24
379

0 87 0 154 231 0 389 870 888 0 860 0 97 57 26 7 21 76 0 0 0 0 0 84
877 0 466 473 0 0 984 676 276 737 0 858 16 0 1 25 0 0 39 41 34 14 0 51
0 531 149 826 215 0 0 843 0 764 84 214 0 90 28 81 0 0 51 46 94 19 77 0
339 0 629 719 0 259 0 0 0 51 267 0 0 30 25 28 8 5 0 0 29 13 88 0
159 635 0 868 322 0 0 0 0 331 26 730 0 0 0 36 0 61 72 100 0 91 19 0

0 0 0
0 0 1
0 0 2
0 0 3
0 0 19
0 1 0
0 1 1
0 1 2
0 1 3
0 1 4
0 1 9
0 2 1
0 2 3
0 2 4
0 3 1
0 3 3
0 3 4
0 3 10
0 3 11
0 3 21
0 4 2
0 4 6
0 4 7
0 4 10
0 4 16
0 5 5
0 5 6
0 5 9
0 5 11
0 5 12
0 6 4
0 6 10
0 6 11
0 7 0
0 7 1
0 7 2
0 7 3
0 7 4
0 7 5
0 7 6
0 7 8
0 7 10
0 8 0
0 8 9
0 8 10
0 8 11
0 9 2
0 9 4
0 9 7
0 9 19
0 10 3
0 10 5
0 10 6
0 10 7
0 10 8
0 10 9
0 10 11
0 11 2
0 11 10
0 11 11
0 12 9
0 13 9
0 13 17
0 14 12
0 14 13
0 14 15
0 14 17
0 14 19
0 14 21
0 15 18
0 15 22
0 16 12
0 16 13
0 16 21
0 16 23
0 17 12
0 17 14
0 17 15
0 17 16
0 17 22
0 18 17
0 18 18
0 18 23
0 19 5
0 19 23
0 20 10
0 20 15
0 20 18
0 21 12
0 21 19
0 22 11
0 22 12
0 22 16
0 22 20
0 23 15
0 23 16
1 0 3
1 0 9
1 0 10
1 0 11
1 1 0
1 1 2
1 1 9
1 1 10
1 1 11
1 2 0
1 2 1
1 2 3
1 2 4
1 2 10
1 3 1
1 3 4
1 3 10
1 3 21
1 4 0
1 4 5
1 4 8
1 4 9
1 4 11
1 5 4
1 5 5
1 5 7
1 5 9
1 5 11
1 6 0
1 6 3
1 6 5
1 6 6
1 6 11
1 7 0
1 7 3
1 7 4
1 7 7
1 7 8
1 7 9
1 7 10
1 7 11
1 8 2
1 8 7
1 8 10
1 9 0
1 9 4
1 9 6
1 9 7
1 9 13
1 10 3
1 10 4
1 10 5
1 10 9
1 10 11
1 10 23
1 11 11
1 12 13
1 12 23
1 13 5
1 13 12
1 13 22
1 13 23
1 14 19
1 15 12
1 15 14
1 15 23
1 16 3
1 16 8
1 16 13
1 17 2
1 17 14
1 17 16
1 17 19
1 17 22
1 18 0
1 18 13
1 18 14
1 19 2
1 19 9
1 19 12
1 19 17
1 19 20
1 19 21
1 20 14
1 20 23
1 21 12
1 21 20
1 22 1
1 22 4
1 22 10
1 22 15
1 22 19
1 22 21
1 23 12
1 23 13
1 23 15
1 23 18
1 23 23
2 0 2
2 0 5
2 0 11
2 1 0
2 1 3
2 1 4
2 1 8
2 1 9
2 1 11
2 2 0
2 2 1
2 2 2
2 2 3
2 2 6
2 2 9
2 2 22
2 3 4
2 3 5
2 3 6
2 3 7
2 3 8
2 3 10
2 3 11
2 4 3
2 4 5
2 4 8
2 5 3
2 5 8
2 5 9
2 5 20
2 5 23
2 6 2
2 6 3
2 7 0
2 7 2
2 7 3
2 7 4
2 7 6
2 7 7
2 7 10
2 7 21
2 8 10
2 9 0
2 9 1
2 9 6
2 9 7
2 9 10
2 9 11
2 10 0
2 10 3
2 10 8
2 10 10
2 10 11
2 10 16
2 10 23
2 11 1
2 11 4
2 11 5
2 11 6
2 11 11
2 11 14
2 11 21
2 12 17
2 12 19
2 12 20
2 13 9
2 13 12
2 13 19
2 13 20
2 14 13
2 14 20
2 15 2
2 15 14
2 15 18
2 15 22
2 16 14
2 16 18
2 16 19
2 17 20
2 18 2
2 18 19
2 18 21
2 18 23
2 19 15
2 19 23
2 20 0
2 20 3
2 21 8
2 21 13
2 21 18
2 22 0
2 23 14
3 0 0
3 0 6
3 0 9
3 1 2
3 1 6
3 1 11
3 2 0
3 2 3
3 2 4
3 2 8
3 2 10
3 2 14
3 3 5
3 3 19
3 4 0
3 4 3
3 4 4
3 4 6
3 4 9
3 5 0
3 5 1
3 5 3
3 5 6
3 5 8
3 6 0
3 6 1
3 6 3
3 6 4
3 6 11
3 6 18
3 7 1
3 7 3
3 7 4
3 7 12
3 8 0
3 8 1
3 8 3
3 8 6
3 8 9
3 8 11
3 8 20
3 9 2
3 9 6
3 9 11
3 10 2
3 10 5
3 10 9
3 10 10
3 10 17
3 11 2
3 11 3
3 11 6
3 12 16
3 13 2
3 13 18
3 13 21
3 14 13
3 15 1
3 15 15
3 15 16
3 15 18
3 16 6
3 16 14
3 16 16
3 16 19
3 16 20
3 17 15
3 18 3
3 18 7
3 18 22
3 18 23
3 19 2
3 19 7
3 19 9
3 19 18
3 19 20
3 20 13
3 20 14
3 20 15
3 20 23
3 21 16
3 21 17
3 21 21
3 21 23
3 22 3
3 22 21
3 22 22
3 23 3
3 23 4
3 23 16
3 23 19
3 23 20
3 23 23