3004
4
29 28 29 29
506

0 348 884 0 0 0 766 0 0 0 663 87 0 0 94 99 0 0 45 0 0 68 83 12 0 89 86 0 0
0 0 0 0 74 0 427 0 242 0 99 56 7 0 76 18 40 0 26 55 0 51 0 0 43 41 0 0
0 0 554 845 0 985 0 0 0 0 0 100 17 0 0 71 0 0 12 0 50 90 64 0 0 0 76 29 87
487 148 407 0 0 0 0 672 0 0 150 54 0 0 90 38 21 0 0 0 57 5 55 0 0 0 0 0 0

0 0 0
0 0 4
0 0 5
0 0 7
0 0 10
0 0 16
0 0 22
0 1 0
0 1 3
0 1 4
0 1 5
0 1 7
0 1 8
0 1 9
0 1 15
0 1 23
0 2 1
0 2 3
0 2 4
0 2 5
0 2 8
0 2 10
0 2 15
0 2 22
0 2 27
0 3 0
0 3 7
0 3 10
0 3 15
0 3 16
0 3 21
0 3 23
0 3 25
0 3 27
0 4 3
0 4 4
0 4 6
0 4 9
0 4 10
0 4 23
0 5 0
0 5 8
0 5 21
0 5 23
0 5 27
0 6 3
0 6 4
0 6 6
0 6 10
0 6 16
0 7 0
0 7 1
0 7 2
0 7 5
0 7 7
0 7 10
0 7 15
0 7 26
0 8 2
0 8 3
0 8 5
0 8 6
0 8 8
0 8 16
0 8 20
0 9 0
0 9 1
0 9 2
0 9 4
0 9 5
0 9 6
0 9 7
0 9 8
0 9 20
0 9 21
0 9 23
0 9 26
0 9 27
0 10 1
0 10 2
0 10 5
0 10 8
0 10 10
0 10 15
0 10 16
0 10 23
0 10 25
0 10 26
0 11 7
0 11 8
0 12 0
0 12 2
0 12 5
0 12 6
0 12 14
0 12 24
0 13 3
0 13 5
0 13 10
0 14 1
0 14 10
0 14 15
0 15 3
0 15 14
0 15 17
0 15 19
0 16 5
0 16 13
0 16 14
0 16 20
0 17 1
0 17 2
0 17 4
0 17 7
0 17 27
0 18 6
0 18 13
0 18 25
0 19 1
0 19 18
0 19 21
0 19 22
0 19 24
0 19 27
0 20 3
0 20 4
0 20 10
0 20 11
0 20 12
0 20 21
0 20 23
0 21 1
0 21 10
0 21 13
0 21 19
0 21 21
0 21 23
0 22 11
0 22 16
0 22 22
0 22 23
0 22 25
0 23 5
0 23 10
0 23 13
0 23 20
0 23 21
0 24 0
0 24 16
0 24 26
0 25 0
0 25 18
0 26 0
0 26 12
0 26 15
0 26 27
0 27 5
0 27 11
0 27 14
0 27 15
0 27 21
0 27 26
0 27 27
0 28 0
0 28 1
0 28 7
0 28 16
1 0 1
1 0 3
1 0 9
1 0 10
1 0 21
1 0 25
1 1 4
1 1 7
1 1 8
1 1 14
1 1 20
1 1 22
1 1 24
1 2 1
1 2 4
1 2 6
1 2 7
1 2 9
1 2 10
1 2 17
1 2 24
1 2 25
1 2 28
1 3 1
1 3 3
1 3 8
1 3 15
1 3 28
1 4 0
1 4 1
1 4 2
1 4 3
1 4 6
1 4 7
1 4 8
1 4 10
1 4 22
1 4 27
1 5 1
1 5 5
1 5 6
1 5 8
1 5 9
1 5 10
1 5 12
1 5 16
1 5 18
1 5 22
1 6 0
1 6 3
1 6 6
1 6 7
1 6 18
1 6 21
1 6 24
1 7 0
1 7 2
1 7 4
1 7 6
1 7 7
1 7 8
1 7 10
1 7 13
1 7 19
1 7 25
1 7 27
1 8 0
1 8 1
1 8 5
1 8 6
1 8 7
1 8 9
1 8 10
1 9 3
1 9 4
1 9 8
1 9 9
1 9 13
1 9 26
1 9 27
1 10 0
1 10 1
1 10 2
1 10 8
1 10 10
1 10 23
1 11 1
1 11 16
1 11 21
1 11 25
1 12 6
1 12 14
1 12 16
1 12 19
1 12 21
1 12 26
1 12 28
1 13 0
1 13 12
1 13 18
1 13 21
1 14 4
1 14 5
1 14 14
1 14 18
1 15 4
1 15 15
1 15 17
1 15 24
1 16 4
1 16 5
1 16 8
1 16 11
1 16 17
1 16 21
1 18 13
1 18 15
1 18 17
1 18 19
1 18 20
1 18 22
1 18 25
1 19 1
1 19 6
1 19 13
1 20 1
1 20 16
1 20 19
1 20 24
1 21 2
1 21 7
1 21 18
1 21 27
1 22 2
1 22 9
1 22 10
1 22 11
1 22 13
1 22 15
1 22 16
1 22 17
1 22 28
1 23 8
1 23 17
1 23 25
1 23 26
1 24 12
1 24 13
1 24 14
1 24 28
1 25 5
1 25 17
1 25 22
1 25 23
1 26 0
1 26 8
1 26 9
1 27 2
1 27 7
1 27 17
1 27 18
1 27 20
2 0 0
2 0 1
2 0 2
2 0 6
2 0 7
2 0 8
2 0 9
2 1 1
2 1 2
2 1 3
2 1 5
2 1 6
2 1 8
2 1 9
2 1 10
2 1 16
2 1 23
2 1 27
2 2 0
2 2 2
2 2 3
2 2 4
2 2 5
2 2 7
2 2 9
2 2 16
2 2 17
2 2 19
2 2 22
2 2 28
2 3 1
2 3 3
2 3 8
2 3 16
2 3 21
2 3 26
2 4 0
2 4 5
2 4 11
2 4 12
2 4 20
2 5 1
2 5 3
2 5 8
2 5 9
2 5 17
2 5 19
2 5 23
2 6 1
2 6 3
2 6 9
2 6 10
2 6 13
2 6 15
2 6 23
2 7 1
2 7 2
2 7 4
2 7 5
2 7 6
2 7 7
2 7 8
2 7 9
2 7 10
2 7 11
2 7 26
2 8 1
2 8 6
2 8 7
2 8 9
2 8 17
2 8 18
2 9 3
2 9 10
2 9 11
2 9 12
2 9 22
2 10 0
2 10 1
2 10 3
2 10 5
2 10 6
2 10 7
2 10 10
2 10 18
2 10 19
2 10 21
2 10 26
2 11 12
2 11 17
2 11 18
2 11 19
2 11 25
2 11 28
2 12 4
2 12 7
2 12 9
2 12 12
2 12 13
2 12 14
2 12 16
2 12 17
2 12 18
2 13 14
2 13 18
2 13 20
2 13 23
2 13 28
2 14 6
2 14 24
2 15 17
2 16 0
2 16 6
2 16 12
2 16 21
2 16 22
2 16 23
2 17 11
2 17 14
2 17 15
2 17 17
2 17 24
2 18 0
2 18 12
2 18 15
2 18 20
2 18 23
2 19 7
2 19 8
2 19 11
2 19 13
2 19 16
2 19 19
2 20 0
2 20 11
2 20 17
2 20 20
2 20 27
2 21 6
2 21 9
2 21 15
2 21 23
2 21 27
2 21 28
2 22 19
2 22 20
2 22 22
2 23 0
2 23 9
2 23 10
2 23 12
2 24 3
2 24 7
2 24 11
2 24 22
2 25 3
2 25 16
2 25 18
2 25 19
2 25 20
2 25 26
2 26 3
2 26 7
2 26 18
2 26 19
2 26 20
2 26 26
2 27 1
2 27 16
2 27 21
2 27 24
2 28 5
2 28 7
2 28 11
2 28 13
2 28 18
2 28 26