2954
6
29 31 29 29 29 30
798

805 0 734 0 955 0 416 80 0 0 0 43 0 0 57 87 0 82 0 0 0 0 36 0 0 0 0 0 43
923 0 867 0 0 0 0 799 555 18 404 402 0 42 0 79 11 58 27 52 62 22 0 0 0 0 98 0 45 91 50
340 0 0 180 787 0 0 0 0 0 486 0 332 0 0 0 0 10 0 13 4 68 0 0 94 10 83 0 0
520 0 0 215 309 236 657 889 548 706 447 0 470 0 79 94 0 72 4 81 0 19 52 24 0 0 38 0 23
0 0 910 609 0 0 593 332 0 0 0 0 0 367 80 97 0 0 0 95 51 31 97 0 66 0 0 0 8
504 0 919 897 0 0 881 0 0 235 621 0 641 713 0 20 58 0 50 0 0 0 68 0 0 0 68 0 97 8

0 0 2
0 0 5
0 0 7
0 0 8
0 0 9
0 0 13
0 0 21
0 0 23
0 1 7
0 1 11
0 1 17
0 1 19
0 1 30
0 2 1
0 2 3
0 2 4
0 2 5
0 2 6
0 2 7
0 2 11
0 3 5
0 3 9
0 3 12
0 3 27
0 4 11
0 4 15
0 4 17
0 4 21
0 5 7
0 5 12
0 5 15
0 6 2
0 6 3
0 6 5
0 6 6
0 6 8
0 6 12
0 6 21
0 7 0
0 7 6
0 7 7
0 7 8
0 7 10
0 7 12
0 7 15
0 8 2
0 8 5
0 8 6
0 8 10
0 8 13
0 8 20
0 8 22
0 9 0
0 9 1
0 9 3
0 9 7
0 9 9
0 9 13
0 9 25
0 10 0
0 10 7
0 10 8
0 10 16
0 10 17
0 10 19
0 11 1
0 11 6
0 11 10
0 11 24
0 11 26
0 12 0
0 12 4
0 12 6
0 12 7
0 12 9
0 12 18
0 12 19
0 13 3
0 13 9
0 13 20
0 13 21
0 13 23
0 13 30
0 14 0
0 14 3
0 14 9
0 14 15
0 14 19
0 14 21
0 14 26
0 14 29
0 15 3
0 15 17
0 15 22
0 15 25
0 15 28
0 15 29
0 15 30
0 16 0
0 16 5
0 16 11
0 16 18
0 16 21
0 16 24
0 17 9
0 17 16
0 17 18
0 17 20
0 17 24
0 17 26
0 18 6
0 18 8
0 18 9
0 18 16
0 18 19
0 18 20
0 18 23
0 18 25
0 19 4
0 19 12
0 19 17
0 19 18
0 19 30
0 20 3
0 20 8
0 20 16
0 20 20
0 21 12
0 21 15
0 21 16
0 21 17
0 21 19
0 21 21
0 21 27
0 21 28
0 22 17
0 22 20
0 22 29
0 23 6
0 23 7
0 23 11
0 23 19
0 23 21
0 23 26
0 24 2
0 24 4
0 24 10
0 24 17
0 24 24
0 24 25
0 24 26
0 25 7
0 25 25
0 25 26
0 26 1
0 26 2
0 26 13
0 26 14
0 26 18
0 26 23
0 26 25
0 26 26
0 26 27
0 26 30
0 27 15
0 27 28
0 28 3
0 28 7
0 28 11
0 28 20
1 0 0
1 0 3
1 0 5
1 0 7
1 0 10
1 0 15
1 1 7
1 1 11
1 1 12
1 1 13
1 1 15
1 1 18
1 1 19
1 1 23
1 2 4
1 2 6
1 2 10
1 2 11
1 2 18
1 3 0
1 3 2
1 3 5
1 3 9
1 3 12
1 3 13
1 3 25
1 4 3
1 4 5
1 4 21
1 4 24
1 5 0
1 5 4
1 5 7
1 5 9
1 5 11
1 5 16
1 5 20
1 5 24
1 6 4
1 6 5
1 6 18
1 6 28
1 7 16
1 7 17
1 7 20
1 8 8
1 8 13
1 8 22
1 9 8
1 9 14
1 9 19
1 9 20
1 10 2
1 10 4
1 10 19
1 10 27
1 11 5
1 11 6
1 11 7
1 11 9
1 11 15
1 11 26
1 12 0
1 12 6
1 12 7
1 12 9
1 12 15
1 12 16
1 12 26
1 13 0
1 13 4
1 13 6
1 13 8
1 13 10
1 13 12
1 13 13
1 14 2
1 14 6
1 14 13
1 14 27
1 15 4
1 15 5
1 15 9
1 15 14
1 15 22
1 15 23
1 16 5
1 16 6
1 16 10
1 16 18
1 17 10
1 17 21
1 17 28
1 18 22
1 19 5
1 21 2
1 21 12
1 21 13
1 21 14
1 21 17
1 22 7
1 22 11
1 22 22
1 22 23
1 23 7
1 23 14
1 23 15
1 23 19
1 23 23
1 24 2
1 24 5
1 24 13
1 24 14
1 24 22
1 24 23
1 24 25
1 24 27
1 25 2
1 25 3
1 25 14
1 25 15
1 25 17
1 25 23
1 25 27
1 26 0
1 26 5
1 26 13
1 26 17
1 26 19
1 26 23
1 26 25
1 26 27
1 26 28
1 27 4
1 27 26
1 27 27
1 28 9
1 28 10
1 28 14
1 28 15
1 28 21
1 29 19
1 29 24
1 30 7
1 30 15
1 30 17
1 30 18
2 0 1
2 0 3
2 0 6
2 0 7
2 0 8
2 0 20
2 0 26
2 1 2
2 1 3
2 1 6
2 1 7
2 1 20
2 2 5
2 2 7
2 2 8
2 2 17
2 2 19
2 3 3
2 3 4
2 3 7
2 3 8
2 3 15
2 3 20
2 3 26
2 4 10
2 4 12
2 4 14
2 4 16
2 4 18
2 4 24
2 4 27
2 5 2
2 5 3
2 5 8
2 5 12
2 5 13
2 5 16
2 5 21
2 5 23
2 5 28
2 6 0
2 6 1
2 6 2
2 6 7
2 6 12
2 6 19
2 7 1
2 7 6
2 7 9
2 7 10
2 7 11
2 7 15
2 7 16
2 7 18
2 7 23
2 8 1
2 8 10
2 8 12
2 8 15
2 9 1
2 9 5
2 9 8
2 9 9
2 9 12
2 9 14
2 10 0
2 10 1
2 10 3
2 10 10
2 10 11
2 10 12
2 10 13
2 10 15
2 11 0
2 11 1
2 11 2
2 11 3
2 11 4
2 11 8
2 11 26
2 11 27
2 12 3
2 12 4
2 12 5
2 12 6
2 12 10
2 12 27
2 13 0
2 13 3
2 13 8
2 13 11
2 13 12
2 13 21
2 14 10
2 14 15
2 14 18
2 14 20
2 14 21
2 14 24
2 14 26
2 14 28
2 15 11
2 15 15
2 15 24
2 15 27
2 16 20
2 16 23
2 16 28
2 17 7
2 17 17
2 17 24
2 18 23
2 18 24
2 18 27
2 19 0
2 19 3
2 19 11
2 19 14
2 19 15
2 19 17
2 19 18
2 19 21
2 19 27
2 20 6
2 20 21
2 21 6
2 21 18
2 21 20
2 22 4
2 22 7
2 22 17
2 22 18
2 22 25
2 22 26
2 23 4
2 23 7
2 23 8
2 23 16
2 23 19
2 23 25
2 24 2
2 24 15
2 24 18
2 24 21
2 25 2
2 25 10
2 25 20
2 25 24
2 25 27
2 26 13
2 26 14
2 26 21
2 26 24
2 27 5
2 27 14
2 27 15
2 27 18
2 27 19
2 27 20
2 27 25
2 27 28
2 28 2
2 28 12
2 28 13
2 28 16
2 28 23
3 0 1
3 0 2
3 0 6
3 0 7
3 0 8
3 0 9
3 0 10
3 0 12
3 0 15
3 0 16
3 0 17
3 0 18
3 0 25
3 1 5
3 1 12
3 1 19
3 1 21
3 1 25
3 1 28
3 2 1
3 2 9
3 2 27
3 3 2
3 3 5
3 3 6
3 3 7
3 3 9
3 3 11
3 3 16
3 3 20
3 4 1
3 4 8
3 4 13
3 4 25
3 5 1
3 5 11
3 5 17
3 5 26
3 6 0
3 6 3
3 6 13
3 6 16
3 6 20
3 6 23
3 7 1
3 7 3
3 7 4
3 7 6
3 7 9
3 7 12
3 7 17
3 7 19
3 7 21
3 7 25
3 8 1
3 8 6
3 8 7
3 8 10
3 8 11
3 8 12
3 8 18
3 9 7
3 9 11
3 9 17
3 9 18
3 9 23
3 10 0
3 10 5
3 10 6
3 10 23
3 11 0
3 11 4
3 11 9
3 11 10
3 11 23
3 12 3
3 12 7
3 12 9
3 12 26
3 13 0
3 13 4
3 13 8
3 13 11
3 13 12
3 13 14
3 13 20
3 13 28
3 14 0
3 14 4
3 14 5
3 14 7
3 14 14
3 14 19
3 15 5
3 15 13
3 15 27
3 15 28
3 16 1
3 16 15
3 16 21
3 16 22
3 16 25
3 17 3
3 17 9
3 17 16
3 17 19
3 17 26
3 17 28
3 18 9
3 18 22
3 18 24
3 18 25
3 18 26
3 19 12
3 19 19
3 19 20
3 19 24
3 19 28
3 20 8
3 20 11
3 20 14
3 20 21
3 20 22
3 21 22
3 21 27
3 22 5
3 22 15
3 22 16
3 22 23
3 23 23
3 24 1
3 24 12
3 24 14
3 24 16
3 24 18
3 24 20
3 24 24
3 25 3
3 25 4
3 25 23
3 25 25
3 26 8
3 26 16
3 26 18
3 26 21
3 26 25
3 26 27
3 27 5
3 27 12
3 27 18
3 27 22
3 27 26
3 28 0
3 28 15
3 28 17
3 28 22
3 28 23
3 28 27
4 0 3
4 0 4
4 0 13
4 0 14
4 0 20
4 0 21
4 0 23
4 1 3
4 1 9
4 1 10
4 1 14
4 1 27
4 2 3
4 2 25
4 3 6
4 3 9
4 3 10
4 3 11
4 3 12
4 3 13
4 3 28
4 4 10
4 4 11
4 4 15
4 4 19
4 4 21
4 4 24
4 5 1
4 5 3
4 5 8
4 5 9
4 5 10
4 5 12
4 5 13
4 5 17
4 5 21
4 5 25
4 6 0
4 6 1
4 6 9
4 6 10
4 6 12
4 7 2
4 7 3
4 7 9
4 7 11
4 7 13
4 8 12
4 8 18
4 9 1
4 9 2
4 9 4
4 9 11
4 9 13
4 9 16
4 9 18
4 9 25
4 10 1
4 10 2
4 10 3
4 10 10
4 10 27
4 11 1
4 11 3
4 11 4
4 11 6
4 11 8
4 11 16
4 11 18
4 11 26
4 12 0
4 12 11
4 12 13
4 12 14
4 12 18
4 13 5
4 13 8
4 13 19
4 14 4
4 14 5
4 14 10
4 14 15
4 14 17
4 14 19
4 15 3
4 15 16
4 15 17
4 15 19
4 15 20
4 15 25
4 16 2
4 16 5
4 16 14
4 16 20
4 16 24
4 16 27
4 16 28
4 16 29
4 17 2
4 17 5
4 17 8
4 17 12
4 17 15
4 17 19
4 17 27
4 18 0
4 18 1
4 18 2
4 18 6
4 18 15
4 18 16
4 18 25
4 18 27
4 19 6
4 19 14
4 19 15
4 19 16
4 19 20
4 19 26
4 19 28
4 20 5
4 20 8
4 20 19
4 20 24
4 21 4
4 21 25
4 22 16
4 22 23
4 22 25
4 22 27
4 23 10
4 24 13
4 24 18
4 24 19
4 24 20
4 24 22
4 24 24
4 24 27
4 25 15
4 25 16
4 25 24
4 25 25
4 26 8
4 26 17
4 26 21
4 26 27
4 26 29
4 27 6
4 27 11
4 27 14
4 27 16
4 27 18
4 27 25
4 27 26
4 28 8
4 28 23
4 28 29