4048
5
39 39 39 40 39
733

0 0 114 168 0 572 0 492 499 0 161 0 0 636 58 47 9 22 0 33 0 0 7 0 0 0 0 0 0 98 95 58 0 0 23 0 57 21 45
0 159 192 0 967 0 469 751 899 417 828 705 0 0 37 0 0 0 0 56 14 0 41 10 4 0 0 0 0 0 7 90 64 45 0 93 0 16 96
0 716 0 408 732 356 584 0 0 0 0 0 70 0 93 0 83 65 3 0 0 37 7 0 64 69 34 23 0 90 46 36 0 85 0 0 0 76 0
656 753 879 696 349 224 0 0 976 126 727 0 237 0 264 0 0 53 0 0 91 91 0 0 0 21 71 43 0 27 0 76 98 53 68 0 0 0 0 0
915 80 0 235 0 978 279 0 0 783 906 0 0 0 99 0 0 0 45 0 0 45 62 27 54 9 0 0 0 0 0 70 0 66 33 13 74 0 87

0 0 10
0 0 16
0 0 18
0 0 38
0 1 3
0 1 7
0 1 13
0 1 16
0 1 17
0 1 31
0 1 33
0 1 36
0 2 8
0 2 12
0 2 14
0 2 15
0 2 27
0 2 28
0 3 3
0 3 6
0 3 16
0 3 17
0 3 21
0 3 23
0 3 27
0 3 30
0 4 11
0 4 16
0 4 18
0 4 24
0 4 37
0 5 5
0 5 6
0 5 10
0 5 19
0 5 27
0 6 4
0 6 16
0 6 23
0 7 1
0 7 6
0 7 17
0 7 24
0 7 30
0 8 4
0 8 5
0 8 15
0 8 19
0 8 21
0 9 29
0 10 10
0 10 13
0 10 20
0 10 28
0 10 29
0 10 36
0 11 13
0 11 26
0 11 28
0 12 20
0 12 24
0 12 32
0 12 35
0 13 6
0 13 24
0 13 26
0 14 12
0 14 13
0 14 15
0 15 2
0 15 32
0 15 35
0 16 0
0 16 14
0 16 26
0 16 35
0 17 0
0 17 4
0 17 13
0 17 16
0 17 17
0 17 24
0 17 25
0 17 29
0 17 30
0 17 31
0 17 34
0 17 38
0 18 14
0 18 20
0 18 28
0 18 36
0 19 0
0 19 1
0 19 18
0 19 19
0 19 26
0 19 27
0 19 33
0 19 35
0 20 11
0 20 16
0 20 29
0 21 3
0 21 11
0 21 19
0 21 24
0 21 26
0 21 27
0 21 30
0 21 37
0 22 3
0 22 4
0 22 7
0 22 8
0 22 32
0 22 33
0 22 38
0 23 5
0 23 7
0 23 9
0 23 17
0 23 26
0 24 13
0 24 15
0 24 20
0 24 38
0 25 6
0 25 7
0 25 10
0 25 15
0 25 19
0 25 27
0 25 33
0 25 34
0 26 21
0 27 2
0 27 8
0 27 15
0 27 18
0 27 28
0 27 29
0 28 2
0 28 13
0 28 22
0 28 25
0 28 28
0 28 31
0 29 1
0 29 2
0 29 8
0 29 15
0 29 24
0 29 29
0 30 9
0 30 14
0 30 19
0 30 36
0 31 0
0 31 3
0 31 6
0 31 17
0 31 28
0 31 29
0 32 6
0 32 10
0 32 12
0 32 23
0 32 28
0 32 37
0 33 9
0 33 14
0 33 21
0 33 22
0 34 12
0 34 16
0 34 19
0 34 27
0 34 29
0 34 34
0 35 9
0 35 17
0 35 21
0 35 25
0 35 28
0 35 36
0 35 38
0 36 2
0 36 6
0 36 9
0 36 16
0 36 25
0 36 34
0 36 38
0 37 13
0 37 22
0 37 27
0 37 35
0 38 6
0 38 14
0 38 24
1 0 9
1 0 26
1 0 31
1 1 19
1 2 4
1 2 22
1 2 24
1 2 30
1 2 32
1 3 10
1 3 21
1 3 26
1 3 34
1 4 8
1 4 30
1 5 7
1 5 12
1 5 25
1 5 29
1 6 6
1 6 7
1 6 12
1 6 19
1 7 1
1 7 7
1 7 9
1 7 14
1 7 20
1 7 31
1 8 3
1 8 4
1 8 15
1 8 19
1 9 14
1 9 15
1 9 20
1 9 21
1 9 30
1 9 32
1 10 0
1 10 24
1 11 9
1 11 11
1 11 13
1 11 14
1 11 20
1 11 21
1 11 29
1 12 1
1 12 2
1 12 23
1 12 30
1 12 33
1 13 12
1 13 37
1 14 4
1 15 10
1 15 21
1 15 26
1 15 32
1 16 5
1 16 11
1 16 14
1 16 17
1 16 22
1 16 24
1 16 26
1 16 29
1 16 31
1 17 0
1 17 1
1 17 5
1 17 11
1 17 28
1 17 30
1 18 2
1 18 19
1 18 23
1 18 31
1 19 5
1 19 11
1 19 12
1 19 13
1 19 22
1 19 37
1 20 0
1 20 5
1 20 16
1 20 24
1 20 32
1 21 6
1 21 19
1 21 21
1 21 22
1 21 24
1 21 37
1 21 38
1 22 2
1 22 17
1 22 18
1 22 22
1 22 33
1 22 35
1 22 37
1 23 3
1 23 9
1 23 15
1 23 18
1 23 21
1 23 22
1 23 23
1 23 28
1 24 3
1 24 21
1 24 29
1 25 13
1 25 16
1 25 20
1 25 29
1 25 38
1 26 27
1 27 22
1 27 24
1 27 38
1 28 4
1 28 14
1 28 17
1 28 20
1 29 4
1 29 22
1 29 27
1 30 0
1 30 1
1 30 2
1 30 11
1 30 12
1 30 13
1 30 15
1 30 32
1 31 18
1 31 24
1 31 28
1 32 10
1 32 12
1 32 18
1 32 23
1 32 35
1 32 37
1 33 20
1 33 22
1 33 28
1 33 30
1 33 31
1 33 33
1 34 2
1 34 5
1 34 19
1 34 24
1 34 29
1 35 2
1 35 12
1 35 16
1 35 23
1 36 11
1 37 1
1 37 3
1 37 8
1 37 25
1 37 38
1 38 7
1 38 11
1 38 26
1 38 29
1 38 34
2 0 2
2 0 6
2 0 8
2 0 9
2 0 15
2 1 0
2 1 6
2 1 22
2 1 23
2 1 25
2 1 26
2 1 29
2 2 5
2 2 29
2 2 36
2 2 37
2 2 38
2 3 1
2 3 14
2 3 23
2 3 30
2 3 36
2 4 7
2 4 13
2 4 30
2 4 32
2 4 39
2 5 0
2 5 22
2 5 30
2 5 37
2 5 38
2 6 6
2 6 16
2 6 26
2 7 14
2 7 18
2 7 36
2 7 37
2 8 2
2 8 15
2 8 19
2 8 30
2 9 8
2 9 14
2 9 27
2 9 31
2 9 37
2 10 20
2 10 30
2 11 4
2 11 17
2 11 21
2 11 23
2 11 31
2 12 11
2 12 15
2 12 21
2 12 23
2 12 36
2 13 3
2 13 15
2 13 27
2 14 3
2 16 10
2 16 29
2 16 32
2 16 35
2 17 2
2 17 5
2 17 27
2 18 13
2 18 14
2 18 17
2 18 26
2 18 27
2 18 39
2 19 4
2 19 9
2 19 22
2 19 27
2 19 38
2 20 14
2 20 30
2 20 39
2 21 0
2 21 5
2 21 8
2 21 9
2 21 16
2 21 17
2 21 23
2 21 28
2 22 20
2 22 25
2 22 30
2 22 32
2 22 39
2 23 3
2 23 11
2 23 14
2 23 18
2 23 20
2 23 22
2 24 1
2 24 26
2 24 36
2 25 9
2 25 34
2 26 7
2 26 11
2 26 20
2 26 23
2 26 31
2 26 36
2 27 17
2 27 37
2 27 38
2 28 25
2 28 29
2 28 31
2 28 32
2 29 13
2 29 19
2 29 35
2 30 25
2 30 37
2 30 39
2 31 9
2 31 35
2 32 0
2 32 13
2 32 19
2 32 27
2 33 3
2 33 9
2 33 10
2 33 12
2 33 14
2 33 21
2 33 26
2 33 28
2 33 37
2 33 39
2 34 26
2 34 28
2 34 37
2 35 4
2 35 13
2 35 15
2 35 22
2 35 23
2 35 29
2 36 3
2 36 6
2 36 11
2 36 12
2 36 34
2 36 37
2 37 0
2 37 4
2 37 19
2 37 21
2 37 24
2 37 33
2 37 38
2 38 2
2 38 3
2 38 5
2 38 16
2 38 33
3 0 7
3 0 22
3 0 29
3 1 1
3 2 16
3 2 29
3 2 36
3 3 10
3 3 15
3 3 20
3 3 23
3 3 27
3 3 28
3 3 35
3 4 1
3 4 14
3 4 31
3 5 10
3 5 11
3 5 18
3 5 30
3 6 11
3 6 24
3 6 28
3 7 1
3 7 9
3 7 21
3 7 25
3 7 29
3 7 30
3 7 36
3 8 1
3 8 2
3 8 6
3 8 15
3 8 22
3 8 24
3 8 27
3 9 18
3 9 19
3 9 20
3 9 22
3 9 28
3 9 31
3 10 0
3 10 4
3 10 5
3 10 8
3 10 18
3 10 24
3 10 33
3 11 0
3 11 26
3 11 30
3 11 35
3 12 2
3 12 9
3 12 12
3 12 21
3 12 24
3 13 8
3 13 11
3 13 23
3 13 30
3 14 0
3 14 5
3 14 6
3 14 8
3 14 22
3 15 3
3 15 4
3 15 25
3 15 28
3 16 10
3 16 14
3 16 16
3 16 17
3 16 18
3 16 20
3 16 22
3 16 30
3 16 31
3 16 34
3 16 35
3 17 4
3 17 7
3 17 13
3 17 32
3 18 0
3 18 21
3 18 33
3 19 18
3 20 5
3 20 7
3 20 9
3 20 23
3 21 4
3 21 22
3 21 23
3 21 33
3 22 2
3 22 5
3 22 9
3 22 10
3 22 15
3 22 22
3 22 32
3 23 6
3 23 12
3 23 14
3 23 16
3 23 24
3 23 31
3 24 0
3 24 2
3 24 10
3 24 19
3 24 24
3 24 29
3 24 30
3 24 37
3 25 0
3 25 2
3 25 9
3 25 10
3 26 3
3 26 11
3 26 12
3 26 29
3 27 9
3 27 15
3 27 29
3 27 36
3 28 2
3 28 7
3 28 17
3 28 20
3 28 23
3 28 24
3 29 6
3 29 7
3 29 8
3 29 16
3 29 18
3 29 25
3 29 34
3 30 10
3 30 17
3 30 31
3 30 32
3 31 8
3 31 15
3 31 18
3 31 32
3 32 21
3 32 23
3 32 25
3 32 30
3 32 32
3 33 11
3 33 27
3 33 31
3 33 36
3 33 38
3 34 14
3 34 23
3 34 28
3 35 7
3 35 8
3 35 15
3 35 17
3 35 25
3 36 5
3 36 7
3 36 12
3 36 18
3 36 24
3 36 38
3 37 13
3 38 3
3 38 6
3 38 25
3 38 31
3 39 3
3 39 4
3 39 18
3 39 24