1453
6
36 36 37 36 36 37
766

0 200 411 0 0 145 0 682 974 880 0 0 632 0 734 358 0 42 0 0 98 33 0 0 41 0 53 0 0 0 0 57 0 56 0 81
443 340 851 624 103 466 999 0 0 0 743 0 329 0 86 624 584 15 0 29 8 64 36 89 14 0 6 56 0 0 0 94 42 67 0 39
0 225 0 859 0 0 0 0 184 0 325 642 853 377 515 671 0 0 0 0 29 0 49 53 0 0 0 0 32 21 34 25 0 66 0 0 51
343 0 0 0 856 0 0 0 0 0 931 465 20 11 0 0 0 50 0 41 91 71 34 94 69 57 89 0 2 0 0 0 0 0 0 0
0 780 0 0 326 298 340 734 0 0 507 145 0 971 0 177 545 0 81 26 40 64 90 0 70 0 0 43 69 96 13 40 0 0 60 0
454 126 604 742 576 868 0 0 692 0 0 860 0 0 0 0 542 0 0 0 25 0 0 0 74 0 0 22 62 0 0 70 73 0 0 0 67

0 0 4
0 0 11
0 0 17
0 0 31
0 1 10
0 1 12
0 1 27
0 1 28
0 2 2
0 2 11
0 3 2
0 3 13
0 3 17
0 3 19
0 3 22
0 3 23
0 4 5
0 4 8
0 4 13
0 4 23
0 4 27
0 5 10
0 5 24
0 5 33
0 6 9
0 6 13
0 6 33
0 7 8
0 8 25
0 9 12
0 9 14
0 9 23
0 9 35
0 10 4
0 10 13
0 10 17
0 10 18
0 10 28
0 11 11
0 11 14
0 11 29
0 12 2
0 12 21
0 12 26
0 12 34
0 13 0
0 13 24
0 14 12
0 14 29
0 15 1
0 15 8
0 15 35
0 16 29
0 16 32
0 16 34
0 17 16
0 17 26
0 17 31
0 18 6
0 18 7
0 18 18
0 18 20
0 18 26
0 18 34
0 19 1
0 19 4
0 19 5
0 19 16
0 19 19
0 19 33
0 19 35
0 20 4
0 20 6
0 20 13
0 20 14
0 20 15
0 20 19
0 20 27
0 20 32
0 21 2
0 21 6
0 21 15
0 21 17
0 21 20
0 21 26
0 21 28
0 22 7
0 22 18
0 22 19
0 22 33
0 22 35
0 23 3
0 23 6
0 23 9
0 23 11
0 23 26
0 23 30
0 23 34
0 23 35
0 24 1
0 24 25
0 24 27
0 24 31
0 24 32
0 24 33
0 25 2
0 25 4
0 25 30
0 25 34
0 26 14
0 26 20
0 26 21
0 26 23
0 26 25
0 26 32
0 26 34
0 26 35
0 27 3
0 27 5
0 27 13
0 27 16
0 27 17
0 28 6
0 28 13
0 28 14
0 28 28
0 28 30
0 29 10
0 29 17
0 29 21
0 29 33
0 30 9
0 30 16
0 30 18
0 30 24
0 30 25
0 30 34
0 31 4
0 31 6
0 31 9
0 31 11
0 31 12
0 31 15
0 31 17
0 32 4
0 32 5
0 32 6
0 32 10
0 32 24
0 32 30
0 32 32
0 32 34
0 33 5
0 33 6
0 33 15
0 33 25
0 33 30
0 34 1
0 34 21
0 34 24
0 34 32
0 35 8
0 35 10
0 35 11
0 35 12
0 35 16
0 35 20
0 35 21
1 0 24
1 0 30
1 0 33
1 1 1
1 1 3
1 1 9
1 1 23
1 1 29
1 1 33
1 1 35
1 2 3
1 2 16
1 2 22
1 2 24
1 2 36
1 3 2
1 3 7
1 3 8
1 3 29
1 3 32
1 3 35
1 3 36
1 4 27
1 4 28
1 4 29
1 4 31
1 4 35
1 5 34
1 6 14
1 7 9
1 7 11
1 7 26
1 7 33
1 8 17
1 8 30
1 8 32
1 8 33
1 9 7
1 9 19
1 9 24
1 9 29
1 10 6
1 10 17
1 10 34
1 11 7
1 11 22
1 11 30
1 12 2
1 12 8
1 12 14
1 12 17
1 12 18
1 12 35
1 13 3
1 13 5
1 13 14
1 13 18
1 13 35
1 14 3
1 14 4
1 14 15
1 14 16
1 15 2
1 15 4
1 15 25
1 15 27
1 16 11
1 16 24
1 16 25
1 16 29
1 16 31
1 17 6
1 17 8
1 17 12
1 18 14
1 18 20
1 18 30
1 18 36
1 19 4
1 19 5
1 19 11
1 19 25
1 19 27
1 19 35
1 20 18
1 20 19
1 20 23
1 21 3
1 21 27
1 21 31
1 21 32
1 21 34
1 21 35
1 22 1
1 22 24
1 22 28
1 22 30
1 22 31
1 22 33
1 22 35
1 23 6
1 23 7
1 23 20
1 23 28
1 23 30
1 23 31
1 24 0
1 24 4
1 24 9
1 24 13
1 24 15
1 24 30
1 24 36
1 25 17
1 25 20
1 25 22
1 26 0
1 26 2
1 26 19
1 26 22
1 26 23
1 26 35
1 26 36
1 27 1
1 27 3
1 27 9
1 27 16
1 27 18
1 27 29
1 27 32
1 29 2
1 29 13
1 29 21
1 29 28
1 29 32
1 30 13
1 30 14
1 30 21
1 31 5
1 31 28
1 31 35
1 32 0
1 32 7
1 33 8
1 33 32
1 34 11
1 34 14
1 34 20
1 35 20
1 35 27
1 35 29
2 0 0
2 0 1
2 0 20
2 0 32
2 1 25
2 3 23
2 4 4
2 4 13
2 4 29
2 4 35
2 5 29
2 6 1
2 6 3
2 6 18
2 6 21
2 6 31
2 7 0
2 7 4
2 7 9
2 7 14
2 7 24
2 7 33
2 8 6
2 8 9
2 8 28
2 8 29
2 9 0
2 9 7
2 9 15
2 9 21
2 9 22
2 9 29
2 10 16
2 11 23
2 11 29
2 11 30
2 11 31
2 12 12
2 12 20
2 12 24
2 12 32
2 13 7
2 13 11
2 13 15
2 13 20
2 13 32
2 14 13
2 14 25
2 14 31
2 15 2
2 15 5
2 15 6
2 15 17
2 16 1
2 16 16
2 18 7
2 18 10
2 18 12
2 18 19
2 18 21
2 18 23
2 18 35
2 19 11
2 19 17
2 19 22
2 19 24
2 19 32
2 20 9
2 20 19
2 20 23
2 20 24
2 20 30
2 21 1
2 21 18
2 22 3
2 22 29
2 23 9
2 23 13
2 23 18
2 23 20
2 23 25
2 23 26
2 24 13
2 24 25
2 24 31
2 24 35
2 25 22
2 25 32
2 25 33
2 26 23
2 26 27
2 26 32
2 27 0
2 27 23
2 27 35
2 28 10
2 28 12
2 28 18
2 28 23
2 28 27
2 28 34
2 29 25
2 29 28
2 29 33
2 30 6
2 30 17
2 30 19
2 30 25
2 30 31
2 30 33
2 31 0
2 31 4
2 31 22
2 31 26
2 31 27
2 31 28
2 32 14
2 32 15
2 33 7
2 33 10
2 33 30
2 34 3
2 34 10
2 34 19
2 34 22
2 34 25
2 34 34
2 34 35
2 35 1
2 35 2
2 35 7
2 35 16
2 35 27
2 35 33
2 36 0
2 36 7
2 36 12
2 36 20
2 36 22
2 36 23
2 36 30
3 0 14
3 0 30
3 0 31
3 0 35
3 1 17
3 1 18
3 1 35
3 3 4
3 3 11
3 3 13
3 3 15
3 3 31
3 3 33
3 3 35
3 4 5
3 4 6
3 4 11
3 5 10
3 5 11
3 5 26
3 5 29
3 5 33
3 6 19
3 6 28
3 6 31
3 7 0
3 7 12
3 7 13
3 7 14
3 7 17
3 7 32
3 8 6
3 8 7
3 8 9
3 8 18
3 9 14
3 9 28
3 9 32
3 10 2
3 10 5
3 10 20
3 10 23
3 11 23
3 11 27
3 12 6
3 12 7
3 12 28
3 12 30
3 13 7
3 13 11
3 13 14
3 13 15
3 13 27
3 13 32
3 13 34
3 14 16
3 14 19
3 14 24
3 15 5
3 15 8
3 15 9
3 15 12
3 15 14
3 15 29
3 15 31
3 16 1
3 16 4
3 16 8
3 16 16
3 16 24
3 16 29
3 16 31
3 17 8
3 17 21
3 17 22
3 17 27
3 17 31
3 18 14
3 18 25
3 18 26
3 18 35
3 19 0
3 19 22
3 19 27
3 19 28
3 19 30
3 20 1
3 20 4
3 20 11
3 20 13
3 20 17
3 20 20
3 20 23
3 20 25
3 20 26
3 20 33
3 21 22
3 21 26
3 21 27
3 21 28
3 21 30
3 22 13
3 22 24
3 22 27
3 22 28
3 22 33
3 23 12
3 23 16
3 23 21
3 23 29
3 23 34
3 23 35
3 24 24
3 24 32
3 25 7
3 25 10
3 25 11
3 25 17
3 25 27
3 25 28
3 25 31
3 26 3
3 26 15
3 26 22
3 26 24
3 26 25
3 27 1
3 27 4
3 27 9
3 27 10
3 27 18
3 27 31
3 28 14
3 28 15
3 28 24
3 28 27
3 28 29
3 28 35
3 29 22
3 29 31
3 29 34
3 30 1
3 30 10
3 30 16
3 30 32
3 30 33
3 31 25
3 31 27
3 32 1
3 32 11
3 32 18
3 32 26
3 32 34
3 33 4
3 33 14
3 33 21
3 33 23
3 34 11
3 34 13
3 34 33
3 35 5
3 35 9
3 35 15
3 35 20
3 35 25
3 35 26
4 0 5
4 0 18
4 0 22
4 0 32
4 0 35
4 1 4
4 1 8
4 1 10
4 1 13
4 1 18
4 1 31
4 2 7
4 2 9
4 2 13
4 2 36
4 3 19
4 4 32
4 4 35
4 5 1
4 5 9
4 5 22
4 6 5
4 6 6
4 6 17
4 6 23
4 6 28
4 7 2
4 7 11
4 7 25
4 7 26
4 8 6
4 8 10
4 8 20
4 8 34
4 8 36
4 9 2
4 9 5
4 9 7
4 9 14
4 9 18
4 9 32
4 10 27
4 10 28
4 11 11
4 11 15
4 11 17
4 11 18
4 11 20
4 12 11
4 12 28
4 12 33
4 13 19
4 13 20
4 13 28
4 13 29
4 13 34
4 13 35
4 14 1
4 14 6
4 14 8
4 14 29
4 14 31
4 15 3
4 15 16
4 15 23
4 15 31
4 15 33
4 15 36
4 16 5
4 16 17
4 17 1
4 17 8
4 17 12
4 17 30
4 18 18
4 18 30
4 19 6
4 19 12
4 19 22
4 19 31
4 19 35
4 20 6
4 20 8
4 20 23
4 20 31
4 21 2
4 21 9
4 21 17
4 21 25
4 21 34
4 22 2
4 22 18
4 22 24
4 22 26
4 22 29
4 22 35
4 23 13
4 23 25
4 23 27
4 23 30
4 24 0
4 24 12
4 25 1
4 25 4
4 25 10
4 25 16
4 25 29
4 25 36
4 26 16
4 27 1
4 27 8
4 27 29
4 28 3
4 28 7
4 28 25
4 28 34
4 29 1
4 29 12
4 29 22
4 30 23
4 30 27
4 30 32
4 30 33
4 30 35
4 31 1
4 31 16
4 31 24
4 32 9
4 32 19
4 33 2
4 33 9
4 33 10
4 33 25
4 34 10
4 34 15
4 35 4
4 35 9
4 35 24
4 35 25
4 35 28