856
3
34 34 33
265

954 885 0 16 0 0 0 453 967 634 33 0 7 0 646 0 0 37 0 74 0 0 0 97 0 18 29 0 68 0 0 43 0 0
167 0 0 0 0 979 0 0 0 807 0 0 858 798 239 0 2 79 38 84 0 32 60 0 80 12 0 78 24 0 20 0 34 0
7 0 0 532 767 960 300 0 0 769 0 461 0 0 705 1 0 0 95 57 0 0 72 19 71 15 45 3 0 0 83 74 10

0 0 0
0 0 4
0 0 9
0 0 14
0 0 17
0 1 22
0 2 8
0 3 6
0 3 9
0 3 12
0 3 13
0 4 3
0 4 5
0 4 11
0 4 15
0 5 5
0 5 15
0 5 23
0 6 9
0 6 11
0 6 12
0 6 16
0 6 19
0 7 9
0 7 13
0 8 0
0 8 6
0 8 8
0 9 3
0 10 0
0 10 3
0 10 21
0 10 26
0 11 7
0 11 15
0 11 20
0 11 21
0 11 26
0 12 1
0 12 4
0 12 9
0 12 11
0 12 12
0 12 20
0 13 2
0 13 9
0 13 14
0 14 3
0 14 5
0 15 18
0 15 20
0 15 25
0 16 12
0 16 16
0 16 22
0 16 26
0 16 30
0 17 12
0 17 31
0 17 33
0 18 6
0 18 9
0 18 24
0 18 27
0 18 33
0 19 23
0 19 30
0 20 22
0 20 26
0 21 16
0 21 21
0 21 24
0 21 31
0 22 4
0 22 10
0 22 19
0 22 28
0 23 11
0 23 21
0 23 28
0 24 4
0 24 18
0 24 19
0 24 31
0 25 4
0 25 12
0 25 16
0 26 0
0 26 17
0 26 18
0 26 19
0 26 22
0 26 25
0 26 33
0 27 5
0 27 9
0 27 16
0 27 18
0 27 23
0 27 26
0 28 11
0 28 18
0 28 25
0 28 26
0 29 25
0 29 26
0 30 12
0 30 14
0 30 15
0 30 19
0 30 22
0 30 23
0 30 28
0 31 18
0 31 24
0 31 31
0 31 32
0 31 33
0 32 2
0 32 19
0 32 22
0 32 28
0 32 29
0 32 33
0 33 22
0 33 27
1 0 4
1 0 10
1 1 9
1 1 10
1 1 12
1 1 14
1 1 27
1 2 4
1 2 13
1 2 21
1 2 30
1 3 1
1 3 2
1 3 12
1 3 18
1 3 20
1 4 4
1 4 5
1 4 6
1 4 17
1 4 18
1 5 0
1 5 2
1 5 5
1 6 7
1 7 11
1 7 13
1 7 27
1 7 31
1 8 1
1 8 2
1 8 3
1 8 7
1 8 8
1 8 22
1 8 31
1 9 10
1 9 14
1 9 25
1 10 6
1 11 9
1 12 0
1 12 7
1 12 12
1 12 13
1 12 27
1 13 3
1 13 9
1 13 16
1 13 20
1 13 21
1 13 32
1 14 7
1 14 22
1 14 25
1 15 17
1 15 22
1 16 8
1 16 18
1 16 25
1 16 30
1 17 9
1 17 15
1 17 19
1 17 20
1 17 21
1 17 31
1 18 15
1 18 25
1 18 26
1 18 27
1 19 16
1 19 17
1 19 19
1 19 24
1 19 30
1 19 32
1 20 8
1 20 16
1 20 25
1 20 27
1 21 10
1 21 18
1 21 20
1 21 22
1 22 17
1 22 22
1 22 23
1 22 25
1 22 31
1 23 16
1 23 23
1 23 32
1 24 1
1 24 15
1 25 2
1 25 16
1 25 17
1 25 26
1 25 28
1 25 29
1 25 31
1 26 16
1 26 19
1 26 24
1 26 28
1 26 31
1 27 1
1 27 21
1 27 22
1 27 24
1 27 28
1 28 11
1 28 18
1 28 19
1 28 21
1 28 22
1 29 11
1 29 15
1 29 20
1 29 21
1 29 30
1 30 18
1 30 26
1 30 28
1 30 30
1 31 4
1 31 13
1 31 15
1 31 16
1 31 25
1 32 22
1 32 27
1 32 29
1 33 1
1 33 5
1 33 10
1 33 20
1 33 24