6025
6
26 27 26 27 27 26
516

0 0 738 686 358 724 0 0 234 54 83 3 97 0 0 7 99 0 29 96 0 7 20 55 36 0
273 0 0 0 505 509 383 525 76 29 28 0 0 0 0 0 0 38 96 70 0 0 98 73 22 0 0
0 555 465 989 719 0 197 0 0 46 72 0 0 30 89 22 73 17 31 36 0 0 0 0 3 0
0 862 908 993 0 294 775 0 0 80 45 0 11 75 1 0 0 0 0 9 0 64 19 71 0 3 91
902 0 665 0 303 0 127 949 0 65 0 0 12 0 0 2 0 0 18 0 0 72 31 0 75 23 25
802 0 761 916 853 0 0 887 240 17 0 86 95 0 0 0 23 14 0 0 0 0 47 0 0 90

0 0 11
0 0 13
0 0 16
0 0 25
0 1 4
0 1 12
0 1 13
0 1 15
0 1 16
0 1 19
0 2 0
0 2 2
0 2 5
0 2 14
0 2 23
0 3 3
0 3 11
0 3 26
0 4 2
0 4 6
0 4 13
0 4 17
0 4 19
0 4 25
0 5 3
0 5 8
0 5 18
0 6 0
0 6 1
0 6 3
0 6 5
0 6 12
0 6 16
0 6 18
0 6 25
0 7 8
0 7 24
0 8 2
0 8 11
0 8 15
0 8 21
0 8 22
0 8 23
0 9 1
0 9 2
0 9 3
0 9 4
0 9 5
0 9 8
0 9 11
0 9 12
0 9 14
0 10 3
0 10 5
0 10 14
0 10 24
0 10 25
0 11 1
0 11 3
0 11 5
0 12 0
0 12 5
0 12 13
0 12 17
0 13 1
0 13 6
0 13 12
0 13 20
0 14 18
0 14 21
0 15 2
0 15 13
0 15 15
0 15 16
0 15 25
0 16 0
0 16 4
0 16 5
0 16 10
0 16 15
0 17 7
0 17 15
0 18 0
0 18 3
0 18 11
0 19 0
0 19 1
0 19 4
0 19 13
0 19 16
0 19 26
0 20 6
0 21 2
0 21 4
0 21 22
0 22 8
0 22 23
0 23 5
0 23 8
0 24 2
0 24 6
0 24 7
0 24 8
0 24 19
0 24 26
0 25 1
0 25 7
0 25 16
0 25 18
1 0 7
1 0 17
1 1 3
1 1 5
1 1 7
1 1 8
1 1 9
1 1 14
1 1 16
1 1 19
1 1 21
1 2 21
1 3 1
1 3 12
1 3 13
1 3 17
1 4 3
1 4 20
1 5 0
1 5 4
1 5 6
1 5 12
1 5 13
1 5 16
1 5 19
1 5 21
1 6 10
1 6 11
1 6 13
1 6 22
1 7 4
1 7 5
1 7 7
1 7 12
1 7 19
1 8 1
1 8 3
1 8 4
1 8 10
1 8 12
1 9 0
1 9 5
1 9 8
1 9 21
1 10 3
1 10 7
1 10 11
1 10 21
1 10 25
1 11 7
1 11 10
1 11 22
1 13 21
1 14 9
1 14 12
1 14 15
1 14 19
1 14 25
1 15 8
1 16 18
1 17 0
1 17 18
1 19 4
1 19 5
1 19 7
1 19 17
1 19 25
1 20 1
1 20 8
1 20 15
1 20 20
1 20 23
1 21 5
1 21 17
1 22 0
1 22 4
1 22 7
1 22 8
1 22 23
1 23 4
1 23 8
1 23 10
1 23 17
1 24 2
1 24 4
1 26 5
1 26 24
2 0 1
2 0 3
2 0 4
2 0 13
2 0 15
2 1 0
2 1 5
2 1 13
2 2 3
2 2 7
2 2 8
2 2 13
2 2 17
2 2 19
2 3 2
2 3 3
2 3 6
2 3 23
2 3 24
2 3 25
2 4 0
2 4 4
2 4 6
2 4 14
2 4 21
2 5 2
2 5 20
2 5 23
2 5 26
2 6 0
2 6 6
2 6 9
2 6 12
2 7 0
2 7 5
2 7 7
2 7 9
2 7 11
2 7 20
2 7 23
2 8 1
2 8 19
2 8 26
2 9 5
2 9 11
2 10 17
2 10 18
2 11 0
2 11 6
2 11 17
2 12 12
2 12 16
2 12 21
2 12 22
2 13 8
2 13 19
2 13 23
2 13 24
2 13 25
2 14 8
2 14 16
2 14 19
2 15 3
2 15 4
2 16 10
2 16 12
2 16 15
2 17 4
2 17 7
2 18 0
2 18 4
2 18 5
2 18 20
2 20 8
2 20 18
2 20 24
2 21 4
2 21 5
2 21 8
2 21 10
2 21 14
2 21 19
2 22 8
2 22 11
2 22 14
2 22 19
2 23 8
2 24 0
2 24 1
2 24 2
2 24 11
2 24 13
2 24 17
2 24 23
2 25 6
2 25 7
2 25 26
3 0 1
3 0 2
3 0 5
3 0 10
3 0 19
3 1 1
3 1 3
3 1 7
3 1 10
3 1 13
3 1 18
3 1 20
3 2 0
3 2 3
3 2 9
3 2 23
3 2 24
3 3 3
3 3 6
3 3 10
3 3 11
3 3 21
3 3 23
3 3 25
3 4 8
3 4 11
3 4 19
3 4 23
3 4 26
3 5 4
3 5 5
3 5 9
3 5 10
3 5 12
3 5 14
3 5 17
3 5 18
3 5 24
3 6 0
3 6 3
3 6 4
3 6 15
3 6 20
3 6 25
3 6 26
3 7 1
3 7 3
3 7 4
3 7 6
3 7 9
3 7 12
3 7 13
3 7 20
3 7 23
3 7 24
3 7 26
3 8 1
3 8 3
3 8 10
3 8 13
3 8 17
3 8 23
3 8 24
3 8 26
3 9 2
3 9 3
3 9 4
3 9 6
3 9 22
3 9 25
3 10 3
3 10 8
3 10 13
3 10 25
3 11 2
3 11 4
3 11 13
3 12 8
3 12 26
3 13 2
3 13 11
3 13 17
3 14 0
3 14 5
3 14 6
3 14 18
3 14 23
3 15 1
3 15 16
3 16 0
3 16 11
3 16 14
3 16 19
3 17 2
3 19 2
3 19 3
3 19 23
3 19 24
3 20 2
3 20 6
3 21 17
3 21 22
3 22 2
3 22 7
3 23 0
3 23 5
3 23 7
3 23 14
3 24 2
3 24 3
3 24 8
3 24 11
3 24 15
3 24 20
3 25 5
3 25 14
3 26 0
3 26 16
4 0 1
4 0 6
4 0 17
4 0 18
4 0 21
4 0 22
4 1 1
4 1 3
4 1 7
4 1 15
4 1 20
4 1 21
4 1 24
4 2 4
4 2 17
4 3 3
4 3 11
4 3 21
4 3 23
4 4 3
4 4 4
4 4 5
4 4 6
4 4 8
4 4 10
4 4 14
4 4 22
4 5 2
4 5 4
4 5 6
4 5 8
4 5 9
4 5 15
4 5 17
4 5 21
4 6 4
4 6 19
4 6 20
4 6 21
4 8 0
4 8 4
4 8 5
4 8 11
4 8 12
4 8 20
4 8 23
4 9 5
4 9 15
4 10 4
4 10 7
4 10 23
4 11 0
4 11 13
4 11 24
4 12 3
4 12 24
4 13 3
4 13 5
4 13 10
4 13 13
4 13 19
4 14 8
4 14 9
4 14 12
4 15 5
4 15 8
4 15 11
4 15 17
4 16 7
4 16 16
4 16 25
4 17 2
4 17 3
4 17 6
4 17 7
4 17 22
4 17 25
4 18 12
4 18 19
4 19 2
4 19 5
4 20 0
4 20 1
4 20 19
4 20 22
4 20 25
4 21 5
4 22 4
4 22 10
4 22 23
4 23 2
4 23 4
4 23 12
4 23 14
4 23 22
4 23 23
4 24 1
4 24 6
4 24 8
4 24 12
4 25 4
4 25 10
4 25 23
4 26 9
4 26 16