2036
6
22 22 23 22 22 23
421

0 0 0 64 750 0 312 0 0 0 0 25 90 77 0 0 0 58 43 0 0 0
0 747 0 27 359 27 0 723 730 214 211 0 0 3 13 36 0 55 90 51 86 0
525 744 0 0 135 977 464 183 390 0 14 0 72 0 0 3 66 0 0 83 0 89 79
0 0 0 434 872 302 0 0 0 0 945 0 74 61 18 0 0 95 0 0 10 99
0 0 0 0 0 0 639 0 845 0 0 98 11 1 0 0 0 0 26 0 0 98
337 0 702 393 310 0 235 693 0 0 0 0 0 0 0 82 0 15 40 53 0 0 33

0 0 2
0 0 3
0 0 4
0 0 8
0 0 10
0 0 21
0 1 0
0 1 1
0 1 3
0 1 4
0 1 7
0 1 9
0 1 12
0 1 20
0 2 2
0 2 10
0 2 18
0 3 5
0 3 7
0 3 8
0 3 9
0 3 10
0 4 2
0 4 6
0 4 8
0 4 13
0 4 18
0 5 1
0 5 7
0 6 4
0 6 15
0 6 17
0 7 0
0 7 3
0 7 7
0 7 8
0 8 0
0 8 13
0 8 19
0 8 20
0 8 21
0 9 2
0 9 3
0 9 5
0 9 6
0 9 7
0 9 8
0 9 10
0 9 20
0 10 1
0 10 5
0 10 6
0 10 7
0 10 10
0 11 18
0 12 2
0 12 20
0 13 0
0 13 10
0 13 21
0 14 1
0 14 3
0 14 7
0 14 13
0 14 14
0 14 19
0 14 20
0 15 7
0 16 4
0 17 8
0 17 17
0 18 20
0 19 10
0 20 15
0 20 16
0 21 10
0 21 12
0 21 15
1 0 5
1 0 6
1 0 7
1 0 11
1 0 13
1 0 16
1 1 0
1 1 1
1 1 4
1 1 11
1 1 17
1 2 0
1 2 1
1 2 4
1 2 6
1 2 7
1 2 8
1 2 11
1 3 0
1 3 2
1 3 5
1 3 8
1 3 10
1 3 19
1 4 3
1 4 4
1 4 7
1 4 11
1 4 17
1 5 1
1 5 2
1 5 3
1 5 4
1 5 5
1 5 6
1 5 8
1 6 3
1 6 5
1 6 9
1 7 0
1 7 2
1 7 3
1 7 4
1 7 5
1 7 10
1 7 22
1 8 4
1 8 9
1 8 11
1 9 3
1 9 20
1 10 1
1 10 2
1 10 6
1 10 7
1 10 9
1 10 15
1 11 9
1 12 11
1 12 16
1 13 20
1 15 9
1 15 14
1 16 11
1 18 2
1 18 18
1 18 19
1 19 0
1 19 18
1 20 2
1 20 17
1 20 19
1 21 0
2 0 0
2 0 2
2 0 4
2 0 7
2 0 8
2 1 3
2 1 6
2 1 7
2 1 8
2 1 10
2 2 0
2 2 2
2 2 7
2 2 9
2 3 1
2 3 4
2 3 8
2 3 9
2 3 13
2 3 19
2 3 21
2 4 4
2 4 8
2 4 10
2 4 11
2 4 12
2 4 13
2 5 0
2 5 4
2 5 12
2 6 1
2 6 4
2 6 6
2 6 10
2 6 11
2 6 19
2 7 0
2 7 4
2 7 6
2 7 8
2 7 10
2 8 1
2 8 3
2 8 4
2 8 10
2 8 14
2 9 1
2 9 4
2 9 5
2 9 7
2 10 1
2 10 2
2 11 0
2 11 2
2 11 7
2 11 8
2 11 10
2 12 0
2 12 15
2 12 17
2 12 19
2 13 3
2 13 15
2 13 18
2 13 20
2 13 21
2 14 8
2 14 13
2 14 14
2 15 8
2 16 0
2 16 9
2 17 15
2 17 17
2 17 18
2 18 4
2 18 14
2 18 17
2 18 19
2 19 9
2 20 16
2 21 1
2 21 7
2 21 15
2 21 16
2 21 17
2 22 5
2 22 14
2 22 21
3 0 1
3 0 2
3 0 3
3 0 6
3 0 7
3 0 8
3 0 14
3 0 20
3 1 2
3 1 3
3 1 5
3 1 9
3 1 17
3 2 0
3 2 3
3 2 4
3 2 6
3 2 8
3 3 1
3 3 5
3 3 15
3 3 20
3 4 1
3 4 5
3 4 9
3 4 21
3 5 0
3 5 1
3 5 5
3 5 6
3 5 11
3 5 18
3 5 20
3 6 3
3 6 4
3 6 5
3 6 6
3 6 13
3 6 15
3 6 20
3 7 1
3 7 3
3 7 5
3 7 7
3 8 8
3 8 9
3 8 20
3 8 21
3 9 5
3 9 8
3 10 1
3 10 2
3 10 6
3 10 8
3 10 10
3 11 4
3 11 7
3 11 16
3 12 16
3 13 9
3 13 17
3 14 0
3 14 9
3 14 10
3 14 21
3 15 6
3 15 17
3 15 21
3 16 11
3 16 17
3 16 19
3 17 1
3 17 15
3 18 11
3 18 18
3 18 21
3 19 0
3 19 3
3 19 13
3 19 18
3 20 0
3 20 15
3 21 3
3 21 20
4 0 0
4 0 1
4 0 4
4 0 9
4 0 11
4 0 15
4 0 22
4 1 1
4 1 3
4 1 9
4 1 11
4 1 21
4 2 3
4 2 8
4 2 9
4 2 11
4 3 0
4 3 5
4 3 8
4 3 9
4 3 10
4 3 11
4 3 14
4 3 20
4 3 21
4 4 2
4 4 4
4 4 5
4 4 10
4 4 13
4 4 16
4 4 21
4 5 0
4 5 1
4 5 3
4 5 4
4 5 15
4 5 20
4 5 21
4 6 0
4 6 1
4 6 8
4 6 9
4 6 11
4 7 0
4 7 1
4 7 7
4 7 8
4 7 13
4 8 4
4 8 5
4 8 9
4 8 10
4 8 13
4 9 2
4 9 3
4 9 4
4 9 10
4 9 11
4 9 15
4 10 3
4 10 5
4 10 6
4 10 7
4 10 8
4 10 9
4 10 10
4 10 21
4 11 4
4 11 16
4 11 20
4 12 0
4 12 13
4 12 20
4 13 4
4 13 12
4 13 16
4 14 1
4 14 7
4 14 15
4 14 20
4 15 7
4 16 7
4 16 15
4 16 17
4 17 0
4 17 15
4 17 20
4 17 21
4 18 2
4 18 19
4 19 7
4 20 5
4 21 7
4 21 13
4 21 18
4 21 22