2502
7
20 20 20 20 21 20 20
395

676 0 486 0 0 0 0 0 0 915 92 50 16 0 9 0 88 64 31 0
0 0 981 395 604 0 88 670 171 807 23 0 0 0 68 0 35 78 0 31
251 383 0 576 0 0 834 0 0 0 51 16 0 0 0 0 0 0 45 0
0 541 840 0 512 494 913 760 0 351 0 13 45 33 0 55 39 65 0 0
505 465 0 0 0 0 0 975 392 0 8 57 0 56 36 37 88 75 76 48 61
11 0 652 0 8 0 0 163 0 864 45 0 55 0 0 26 0 58 72 0
562 714 0 13 0 0 517 535 16 528 83 19 0 33 0 0 43 10 90 0

0 0 6
0 0 11
0 0 14
0 0 19
0 1 5
0 1 8
0 2 0
0 2 5
0 2 9
0 2 16
0 3 0
0 3 3
0 3 5
0 3 6
0 3 17
0 4 0
0 4 4
0 4 5
0 4 6
0 4 9
0 5 0
0 5 6
0 5 19
0 6 0
0 6 1
0 6 3
0 6 4
0 6 5
0 6 8
0 6 9
0 6 10
0 8 0
0 8 5
0 8 13
0 8 16
0 9 2
0 9 4
0 9 5
0 9 6
0 9 9
0 9 15
0 10 7
0 10 10
0 10 12
0 10 13
0 10 15
0 11 7
0 11 14
0 11 18
0 12 13
0 12 14
0 12 17
0 13 4
0 13 10
0 13 18
0 13 19
0 14 9
0 14 10
0 14 15
0 14 17
0 15 0
0 15 9
0 15 10
0 15 13
0 15 16
0 16 8
0 16 12
0 17 7
0 17 17
0 17 18
0 18 11
0 18 15
0 18 17
0 18 19
0 19 10
0 19 15
0 19 18
1 0 0
1 0 6
1 1 12
1 1 13
1 2 14
1 3 2
1 3 4
1 4 17
1 5 3
1 5 15
1 8 16
1 9 7
1 9 8
1 9 11
1 9 13
1 10 2
1 10 19
1 11 13
1 11 15
1 11 18
1 11 19
1 12 1
1 12 13
1 12 14
1 13 10
1 13 15
1 13 19
1 14 3
1 14 13
1 14 16
1 14 17
1 15 0
1 15 7
1 15 14
1 15 16
1 16 13
1 17 4
1 17 5
1 17 19
1 18 6
1 18 11
1 18 13
1 18 16
1 18 17
1 18 19
1 19 10
1 19 11
1 19 12
1 19 13
2 0 3
2 1 3
2 1 7
2 2 0
2 2 7
2 2 8
2 3 2
2 3 4
2 3 7
2 3 18
2 4 3
2 4 5
2 4 7
2 5 5
2 5 11
2 5 16
2 6 0
2 6 6
2 6 8
2 6 10
2 6 12
2 6 14
2 7 6
2 8 1
2 8 3
2 8 8
2 8 10
2 8 15
2 9 0
2 9 7
2 9 14
2 10 7
2 10 10
2 10 15
2 10 16
2 11 10
2 11 11
2 11 18
2 11 19
2 12 11
2 12 12
2 12 13
2 12 14
2 12 16
2 12 18
2 13 18
2 14 12
2 14 16
2 14 17
2 15 3
2 15 10
2 15 14
2 15 15
2 15 17
2 15 18
2 16 0
2 16 10
2 16 11
2 16 12
2 16 15
2 16 18
2 16 19
2 17 9
2 17 11
2 17 12
2 17 14
2 17 18
2 18 2
2 18 8
2 18 10
2 18 12
2 19 12
2 19 15
3 0 1
3 1 2
3 2 5
3 2 6
3 2 7
3 2 12
3 2 16
3 3 4
3 3 8
3 4 0
3 4 12
3 4 20
3 5 1
3 5 13
3 5 18
3 6 0
3 6 3
3 6 20
3 7 1
3 7 17
3 7 19
3 8 0
3 10 5
3 10 8
3 10 11
3 11 10
3 11 13
3 11 16
3 11 18
3 11 20
3 12 8
3 12 10
3 12 12
3 12 13
3 13 12
3 13 16
3 13 19
3 13 20
3 14 0
3 14 5
3 14 13
3 14 16
3 14 18
3 14 19
3 15 1
3 15 4
3 15 12
3 15 13
3 15 18
3 16 12
3 17 12
3 17 14
3 18 12
3 18 13
3 18 15
3 18 16
3 19 11
3 19 12
3 19 14
3 19 16
3 19 20
4 1 18
4 2 1
4 2 5
4 2 8
4 3 4
4 4 6
4 4 8
4 5 16
4 6 9
4 6 13
4 7 4
4 7 5
4 7 10
4 8 4
4 8 9
4 9 0
4 9 1
4 9 4
4 9 9
4 9 11
4 10 4
4 10 14
4 10 16
4 10 19
4 11 2
4 11 10
4 11 13
4 11 15
4 11 16
4 11 18
4 12 0
4 12 7
4 12 11
4 12 12
4 12 15
4 12 17
4 13 8
4 13 10
4 13 11
4 13 12
4 13 16
4 13 18
4 14 2
4 15 18
4 15 19
4 16 8
4 16 10
4 17 2
4 17 11
4 17 13
4 17 14
4 17 18
4 18 11
4 18 14
4 18 19
4 19 11
4 19 14
4 19 16
4 19 17
4 20 14
4 20 15
4 20 18
4 20 19
5 0 9
5 0 16
5 1 0
5 1 5
5 1 6
5 1 7
5 1 8
5 2 0
5 2 5
5 3 5
5 3 6
5 3 7
5 3 12
5 4 1
5 4 6
5 4 7
5 4 8
5 4 9
5 4 17
5 4 18
5 5 1
5 6 10
5 6 15
5 7 2
5 7 8
5 7 12
5 8 0
5 8 3
5 8 6
5 8 15
5 10 10
5 10 11
5 10 13
5 10 15
5 11 13
5 11 14
5 11 16
5 12 0
5 12 3
5 12 10
5 12 13
5 12 18
5 12 19
5 13 12
5 13 14
5 13 17
5 13 18
5 13 19
5 14 0
5 14 2
5 14 12
5 14 14
5 15 4
5 15 12
5 15 16
5 15 19
5 16 11
5 16 13
5 16 14
5 16 17
5 16 19
5 17 0
5 17 4
5 17 15
5 17 16
5 18 16
5 18 17
5 18 18
5 19 5
5 19 12
5 19 14
5 19 19