6048
3
76 76 76
913

0 0 390 0 648 0 537 0 0 0 0 0 559 0 358 175 820 0 175 387 711 0 0 299 54 806 0 0 210 652 992 426 0 354 990 996 33 25 0 0 21 82 36 40 39 0 97 67 53 0 99 69 0 0 0 0 0 77 0 0 0 0 0 0 0 0 0 32 0 97 0 42 0 77 0 0
948 0 0 945 401 0 778 0 868 0 907 659 822 100 263 56 0 0 0 313 0 281 0 543 151 149 0 236 0 0 0 0 0 0 892 331 35 41 30 6 95 64 0 15 68 0 15 0 0 0 93 24 37 0 0 98 0 0 93 24 0 0 49 79 0 0 0 0 57 0 0 36 56 62 0 0
0 0 275 0 0 309 0 0 0 279 596 0 0 0 184 0 0 0 954 744 0 0 353 0 603 477 45 0 0 0 0 0 0 531 0 206 0 10 0 67 0 0 99 0 0 0 68 0 0 39 11 0 27 63 0 0 87 41 0 0 21 29 50 0 0 0 95 76 0 35 59 0 0 0 11 0

0 0 5
0 0 18
0 0 20
0 0 21
0 0 35
0 0 36
0 0 65
0 0 72
0 1 5
0 1 12
0 1 17
0 1 32
0 1 33
0 1 73
0 1 75
0 2 5
0 2 8
0 2 19
0 2 22
0 2 40
0 2 60
0 3 3
0 3 12
0 3 24
0 3 26
0 3 28
0 3 46
0 3 50
0 4 3
0 4 6
0 4 7
0 4 8
0 4 75
0 5 10
0 5 12
0 5 17
0 5 24
0 5 28
0 6 4
0 6 12
0 6 17
0 6 23
0 6 28
0 6 29
0 6 32
0 6 58
0 6 69
0 6 73
0 6 75
0 7 0
0 7 3
0 7 11
0 7 17
0 7 22
0 7 26
0 7 27
0 7 29
0 8 5
0 8 11
0 8 13
0 8 17
0 8 32
0 8 67
0 9 6
0 9 9
0 9 10
0 9 32
0 9 35
0 9 52
0 10 6
0 10 18
0 10 24
0 10 31
0 10 33
0 10 53
0 10 63
0 10 68
0 11 1
0 11 7
0 11 39
0 11 45
0 12 1
0 12 2
0 12 5
0 12 12
0 12 28
0 12 64
0 13 8
0 13 9
0 13 14
0 13 24
0 13 26
0 13 64
0 14 10
0 14 16
0 14 22
0 14 24
0 14 27
0 14 30
0 14 33
0 14 66
0 15 0
0 15 2
0 15 6
0 15 16
0 15 18
0 15 25
0 15 48
0 15 56
0 15 57
0 16 0
0 16 20
0 16 25
0 16 67
0 17 9
0 17 11
0 17 12
0 17 19
0 17 20
0 17 31
0 18 6
0 18 9
0 18 14
0 18 16
0 18 17
0 18 22
0 18 27
0 18 57
0 18 58
0 18 60
0 18 67
0 18 70
0 19 1
0 19 3
0 19 13
0 19 17
0 19 21
0 19 24
0 19 55
0 19 64
0 19 68
0 20 1
0 20 5
0 20 6
0 20 13
0 20 65
0 21 8
0 21 17
0 21 34
0 21 38
0 22 12
0 22 13
0 22 18
0 22 23
0 22 27
0 22 30
0 22 31
0 22 45
0 22 50
0 23 2
0 23 6
0 23 19
0 23 27
0 23 29
0 23 55
0 23 58
0 23 63
0 24 5
0 24 33
0 24 48
0 24 52
0 24 57
0 24 60
0 25 6
0 25 17
0 25 25
0 25 30
0 25 34
0 25 58
0 25 65
0 26 1
0 26 9
0 26 10
0 26 20
0 26 24
0 26 27
0 26 29
0 26 45
0 26 72
0 27 2
0 27 22
0 27 24
0 27 31
0 27 33
0 27 35
0 27 37
0 27 46
0 27 48
0 27 51
0 27 69
0 27 75
0 28 0
0 28 7
0 28 9
0 28 15
0 28 34
0 29 6
0 29 7
0 29 17
0 29 20
0 29 22
0 29 32
0 29 33
0 29 43
0 29 63
0 29 72
0 30 1
0 30 8
0 30 12
0 30 24
0 30 25
0 30 26
0 30 31
0 30 32
0 30 57
0 31 2
0 31 12
0 31 23
0 31 43
0 31 57
0 31 71
0 32 9
0 32 14
0 32 17
0 32 25
0 32 28
0 32 31
0 32 54
0 33 2
0 33 8
0 33 12
0 33 14
0 33 21
0 33 22
0 33 23
0 33 26
0 33 29
0 33 31
0 33 32
0 33 34
0 33 52
0 34 22
0 34 26
0 34 32
0 34 49
0 34 57
0 34 71
0 35 4
0 35 19
0 35 35
0 35 50
0 36 20
0 36 35
0 36 46
0 36 53
0 36 64
0 37 0
0 37 47
0 37 66
0 38 23
0 38 29
0 38 30
0 38 33
0 38 38
0 38 52
0 38 62
0 38 63
0 39 12
0 39 27
0 39 31
0 39 52
0 39 54
0 39 65
0 39 68
0 40 1
0 40 56
0 41 28
0 41 31
0 41 71
0 42 6
0 42 31
0 42 40
0 42 53
0 42 66
0 42 72
0 43 49
0 43 68
0 44 24
0 44 29
0 44 53
0 44 72
0 45 0
0 45 26
0 45 45
0 45 46
0 45 50
0 45 51
0 45 56
0 45 64
0 45 68
0 45 72
0 46 17
0 46 39
0 46 58
0 46 61
0 46 72
0 47 26
0 47 30
0 47 37
0 47 39
0 47 52
0 48 1
0 48 11
0 48 22
0 48 38
0 48 39
0 48 41
0 48 66
0 49 7
0 49 28
0 50 24
0 50 32
0 50 45
0 50 59
0 50 67
0 51 38
0 51 48
0 51 50
0 52 8
0 52 22
0 52 54
0 52 72
0 53 1
0 53 20
0 53 57
0 53 70
0 53 71
0 54 1
0 54 28
0 54 49
0 54 54
0 55 21
0 55 27
0 55 44
0 57 5
0 57 16
0 57 33
0 57 58
0 57 59
0 58 22
0 58 28
0 58 36
0 58 43
0 58 51
0 59 34
0 59 36
0 59 51
0 60 11
0 60 52
0 60 67
0 60 71
0 60 73
0 61 4
0 61 18
0 61 46
0 61 64
0 62 23
0 62 28
0 62 42
0 62 68
0 62 73
0 63 23
0 63 53
0 63 55
0 63 63
0 64 4
0 64 67
0 64 70
0 65 48
0 65 52
0 66 1
0 66 10
0 66 13
0 66 18
0 66 29
0 66 35
0 66 36
0 66 44
0 66 48
0 67 13
0 67 33
0 67 45
0 68 37
0 68 44
0 68 51
0 68 65
0 68 71
0 68 73
0 69 7
0 69 24
0 69 26
0 69 57
0 69 59
0 69 68
0 69 70
0 70 17
0 70 33
0 70 35
0 70 58
0 70 72
0 70 74
0 71 6
0 71 20
0 71 51
0 71 64
0 72 4
0 72 5
0 72 31
0 72 32
0 72 44
0 72 48
0 72 59
0 73 6
0 73 39
0 73 45
0 73 47
0 73 57
0 73 64
0 74 2
0 74 3
0 74 33
0 74 64
0 74 66
0 75 15
0 75 19
0 75 32
0 75 49
0 75 61
0 75 67
0 75 71
1 0 0
1 0 2
1 0 14
1 0 22
1 0 37
1 0 44
1 0 67
1 1 0
1 1 5
1 1 10
1 1 25
1 1 26
1 1 29
1 1 30
1 1 42
1 1 52
1 1 62
1 2 5
1 2 13
1 2 20
1 2 50
1 3 18
1 3 22
1 3 23
1 3 24
1 3 69
1 4 0
1 4 3
1 4 5
1 4 21
1 4 26
1 4 39
1 4 62
1 5 9
1 5 10
1 5 18
1 5 21
1 5 23
1 5 25
1 5 26
1 5 28
1 5 29
1 5 33
1 5 62
1 6 2
1 6 4
1 6 11
1 6 14
1 6 16
1 6 19
1 6 22
1 6 26
1 6 32
1 6 35
1 6 38
1 7 0
1 7 1
1 7 4
1 7 6
1 7 7
1 7 10
1 7 40
1 7 62
1 8 3
1 8 11
1 8 12
1 8 19
1 8 28
1 8 61
1 9 5
1 9 6
1 9 10
1 9 16
1 9 22
1 9 25
1 9 29
1 9 30
1 9 34
1 9 49
1 9 53
1 9 71
1 10 1
1 10 6
1 10 9
1 10 11
1 10 13
1 10 16
1 10 19
1 10 20
1 10 49
1 10 52
1 10 57
1 11 17
1 11 19
1 11 34
1 11 45
1 11 60
1 12 3
1 12 8
1 12 10
1 12 12
1 12 14
1 12 17
1 12 20
1 12 25
1 12 26
1 12 31
1 12 33
1 12 35
1 12 39
1 12 75
1 13 18
1 13 25
1 13 27
1 13 52
1 14 11
1 14 13
1 14 18
1 14 19
1 14 26
1 14 27
1 14 32
1 15 2
1 15 6
1 15 16
1 15 17
1 15 22
1 15 23
1 15 27
1 15 57
1 15 69
1 16 4
1 16 14
1 16 16
1 16 19
1 16 23
1 16 31
1 16 34
1 17 16
1 17 17
1 17 21
1 17 22
1 17 28
1 18 3
1 18 4
1 18 14
1 18 15
1 18 18
1 18 26
1 18 30
1 19 0
1 19 5
1 19 7
1 19 8
1 19 9
1 19 17
1 19 41
1 19 67
1 20 3
1 20 6
1 20 9
1 20 21
1 20 22
1 20 24
1 20 25
1 20 40
1 20 52
1 21 10
1 21 11
1 21 18
1 21 30
1 21 31
1 21 33
1 21 34
1 21 60
1 22 9
1 22 15
1 22 23
1 22 26
1 22 28
1 22 33
1 22 74
1 23 6
1 23 11
1 23 12
1 23 24
1 23 26
1 23 29
1 23 34
1 24 0
1 24 5
1 24 9
1 24 10
1 24 20
1 24 22
1 24 34
1 24 38
1 24 53
1 25 2
1 25 18
1 25 20
1 25 21
1 25 26
1 25 28
1 25 31
1 25 35
1 25 57
1 25 68
1 26 7
1 26 10
1 26 11
1 26 14
1 26 21
1 26 30
1 26 54
1 26 56
1 27 13
1 27 15
1 27 24
1 27 32
1 27 34
1 27 36
1 27 71
1 28 18
1 28 20
1 28 24
1 28 31
1 28 37
1 28 49
1 28 54
1 28 55
1 29 1
1 29 4
1 29 6
1 29 19
1 29 21
1 29 27
1 29 28
1 29 29
1 29 30
1 29 40
1 29 57
1 29 64
1 30 0
1 30 5
1 30 12
1 30 19
1 30 22
1 30 24
1 30 26
1 30 27
1 30 33
1 30 46
1 30 53
1 30 58
1 30 68
1 31 8
1 31 15
1 31 23
1 31 24
1 31 75
1 32 1
1 32 7
1 32 8
1 32 15
1 32 24
1 32 39
1 32 49
1 33 0
1 33 12
1 33 32
1 33 33
1 33 35
1 33 70
1 34 2
1 34 3
1 34 6
1 34 9
1 34 15
1 34 35
1 34 72
1 35 13
1 35 23
1 35 25
1 35 30
1 35 31
1 35 33
1 35 34
1 35 38
1 35 72
1 36 27
1 36 30
1 36 59
1 36 69
1 37 16
1 37 62
1 37 72
1 37 75
1 39 16
1 39 22
1 39 30
1 39 32
1 39 49
1 39 53
1 39 56
1 39 66
1 39 68
1 40 2
1 40 7
1 40 9
1 40 46
1 40 51
1 40 66
1 41 23
1 41 30
1 41 38
1 41 46
1 41 57
1 41 73
1 41 74
1 42 28
1 42 40
1 43 17
1 43 37
1 43 49
1 43 50
1 43 60
1 44 69
1 44 70
1 45 42
1 45 48
1 45 50
1 45 53
1 46 0
1 46 40
1 46 47
1 46 51
1 46 64
1 47 14
1 47 31
1 47 44
1 47 55
1 47 68
1 47 71
1 48 39
1 48 43
1 48 45
1 48 48
1 48 64
1 48 67
1 49 29
1 49 36
1 49 44
1 50 52
1 50 62
1 51 6
1 51 29
1 52 1
1 52 25
1 52 26
1 52 57
1 52 75
1 53 8
1 53 10
1 53 22
1 53 36
1 53 49
1 53 56
1 54 8
1 54 17
1 54 20
1 54 31
1 54 40
1 54 43
1 55 11
1 55 43
1 55 53
1 55 59
1 55 75
1 56 5
1 56 69
1 56 72
1 57 50
1 57 73
1 58 42
1 58 43
1 58 52
1 58 54
1 58 69
1 59 40
1 59 57
1 59 61
1 60 48
1 60 49
1 60 66
1 60 67
1 61 1
1 61 34
1 61 51
1 61 59
1 61 63
1 61 65
1 61 66
1 62 62
1 63 27
1 63 40
1 63 53
1 63 60
1 63 65
1 64 33
1 64 60
1 64 65
1 65 45
1 65 47
1 65 49
1 65 55
1 65 61
1 65 70
1 66 33
1 66 38
1 66 71
1 66 72
1 67 8
1 67 31
1 68 7
1 68 8
1 68 15
1 68 21
1 68 28
1 68 39
1 68 49
1 68 70
1 69 25
1 69 33
1 69 41
1 69 43
1 69 51
1 70 9
1 70 12
1 70 40
1 70 41
1 70 44
1 71 58
1 72 9
1 72 16
1 72 21
1 72 32
1 72 37
1 72 38
1 72 43
1 72 44
1 72 61
1 73 0
1 73 23
1 73 46
1 74 11
1 74 18
1 74 19
1 74 57
1 75 36
1 75 49
1 75 62
1 75 72