5191
5
36 37 36 36 36
253

0 186 286 5 918 847 958 0 0 330 907 810 133 0 0 72 0 79 4 0 0 0 0 0 96 3 0 0 7 0 63 61 75 0 1 48
41 0 0 810 0 320 0 448 663 0 0 0 48 516 53 0 46 24 39 0 83 55 68 0 0 0 33 0 15 0 80 0 0 32 0 0 0
0 0 0 380 475 0 921 831 0 0 391 104 0 91 77 0 0 0 6 0 0 10 0 0 0 0 44 67 0 71 29 0 57 53 78 0
0 0 151 735 0 0 616 0 0 0 16 333 381 81 0 58 100 79 80 51 45 0 34 0 0 28 0 27 0 0 0 0 0 0 25 96
887 0 731 0 0 0 0 475 0 0 0 480 615 0 17 0 0 21 0 53 38 73 55 24 0 0 40 0 0 39 78 0 96 4 0 9

0 0 6
0 0 20
0 0 35
0 1 2
0 1 11
0 1 15
0 1 36
0 2 11
0 2 22
0 3 4
0 3 8
0 3 12
0 3 27
0 3 30
0 4 11
0 4 34
0 6 0
0 6 13
0 6 23
0 7 10
0 7 18
0 7 30
0 8 5
0 8 24
0 9 9
0 9 11
0 9 13
0 9 24
0 10 3
0 10 9
0 10 21
0 10 27
0 11 9
0 11 24
0 12 1
0 12 8
0 12 15
0 12 34
0 13 22
0 13 34
0 14 23
0 14 25
0 15 23
0 16 16
0 17 23
0 18 8
0 19 9
0 19 31
0 20 18
0 20 23
0 20 28
0 21 20
0 21 21
0 22 24
0 24 21
0 24 31
0 25 9
0 25 34
0 25 35
0 26 32
0 26 33
0 27 8
0 27 22
0 27 29
0 28 6
0 28 14
0 28 16
0 30 4
0 30 15
0 32 23
0 33 18
0 35 10
1 0 2
1 2 3
1 2 22
1 2 26
1 3 6
1 3 17
1 3 24
1 3 35
1 5 6
1 6 19
1 6 35
1 7 21
1 7 34
1 9 8
1 9 9
1 9 20
1 10 34
1 11 2
1 11 18
1 12 0
1 12 11
1 12 34
1 13 6
1 13 9
1 13 22
1 13 31
1 14 2
1 14 6
1 15 23
1 15 30
1 15 34
1 17 33
1 18 15
1 18 17
1 18 21
1 20 22
1 20 26
1 20 32
1 20 34
1 21 4
1 21 25
1 21 28
1 22 25
1 24 6
1 25 20
1 27 14
1 27 23
1 28 17
1 28 32
1 31 9
1 31 21
1 31 34
1 33 16
1 33 26
1 33 28
1 34 17
1 35 30
1 36 3
2 1 2
2 1 24
2 1 27
2 1 31
2 1 33
2 2 12
2 3 13
2 3 15
2 3 22
2 3 23
2 4 1
2 4 11
2 4 29
2 5 0
2 6 3
2 6 11
2 6 15
2 6 26
2 6 32
2 7 1
2 7 6
2 7 7
2 7 23
2 7 35
2 9 27
2 10 0
2 10 3
2 10 12
2 10 21
2 10 25
2 10 27
2 11 13
2 13 0
2 14 7
2 14 32
2 15 18
2 16 17
2 17 18
2 17 27
2 17 33
2 18 20
2 18 28
2 19 3
2 20 18
2 23 14
2 23 33
2 24 14
2 25 29
2 26 5
2 26 13
2 27 34
2 28 15
2 29 19
2 30 14
2 30 15
2 30 23
2 30 27
2 31 0
2 33 3
2 33 7
2 35 0
2 35 4
2 35 25
2 35 32
3 1 0
3 1 4
3 1 13
3 1 29
3 2 8
3 2 30
3 3 10
3 3 30
3 4 24
3 5 2
3 5 19
3 5 25
3 5 31
3 6 11
3 6 12
3 6 15
3 6 19
3 7 1
3 7 17
3 7 19
3 7 32
3 8 8
3 9 1
3 9 11
3 9 14
3 10 26
3 11 8
3 12 3
3 13 15
3 13 35
3 14 22
3 14 33
3 15 0
3 15 14
3 16 21
3 16 28
3 18 14
3 18 17
3 19 17
3 21 10
3 23 1
3 23 7
3 23 10
3 24 21
3 25 17
3 26 18
3 27 5
3 27 35
3 29 0
3 29 20
3 30 12
3 30 20
3 31 12
3 32 19
3 33 15
3 33 17
3 34 14
3 34 35
3 35 20