6448
3
36 35 35
244

0 0 0 0 522 0 0 0 0 0 82 914 714 221 0 0 0 100 55 70 0 30 0 37 2 0 0 0 45 69 0 7 41 0 0 4
0 0 496 0 208 0 0 0 536 0 0 0 0 0 888 41 20 0 0 0 0 0 0 33 12 2 39 10 98 80 0 87 45 5 95
0 0 866 100 639 0 0 0 0 945 0 0 821 0 0 32 49 58 24 17 0 67 0 0 0 58 37 89 0 0 58 0 18 100 0

0 0 0
0 0 7
0 0 9
0 0 12
0 0 23
0 1 17
0 1 27
0 2 11
0 2 32
0 3 4
0 3 5
0 3 30
0 4 2
0 4 4
0 4 9
0 4 13
0 4 29
0 4 30
0 5 12
0 5 31
0 6 2
0 6 6
0 6 9
0 7 9
0 7 10
0 7 29
0 7 31
0 8 2
0 8 5
0 8 13
0 9 5
0 9 7
0 10 7
0 10 15
0 10 21
0 11 4
0 11 13
0 12 6
0 12 7
0 12 15
0 12 16
0 12 34
0 13 5
0 13 6
0 13 8
0 13 9
0 13 12
0 14 0
0 14 5
0 15 7
0 15 9
0 15 13
0 15 15
0 15 16
0 15 30
0 16 12
0 16 16
0 16 24
0 16 25
0 16 29
0 16 34
0 17 1
0 17 15
0 17 17
0 17 25
0 17 29
0 18 12
0 19 10
0 19 21
0 19 26
0 19 29
0 20 10
0 20 24
0 20 26
0 20 28
0 21 13
0 21 21
0 21 33
0 22 8
0 22 13
0 22 17
0 22 31
0 23 3
0 23 6
0 23 12
0 23 15
0 23 20
0 23 24
0 23 26
0 24 26
0 25 2
0 25 14
0 25 19
0 25 28
0 26 2
0 26 16
0 26 22
0 26 30
0 26 31
0 27 3
0 27 6
0 27 12
0 27 22
0 27 25
0 27 32
0 28 4
0 28 10
0 28 24
0 28 27
0 28 29
0 29 9
0 30 24
0 30 33
0 32 3
0 32 13
0 32 16
0 32 29
0 33 2
0 33 7
0 33 16
0 33 22
0 33 23
0 33 24
0 33 25
0 33 31
0 34 18
0 34 28
0 34 29
0 34 33
0 35 25
0 35 32
1 0 18
1 0 30
1 1 5
1 1 6
1 1 14
1 1 28
1 1 31
1 2 7
1 3 3
1 3 6
1 4 2
1 4 7
1 5 3
1 5 9
1 5 10
1 5 20
1 5 23
1 6 1
1 6 7
1 6 14
1 6 30
1 7 28
1 8 23
1 9 3
1 9 9
1 9 19
1 10 1
1 10 9
1 10 12
1 10 29
1 11 1
1 11 14
1 11 22
1 12 2
1 12 7
1 12 13
1 12 26
1 12 32
1 13 1
1 13 10
1 13 28
1 14 7
1 15 15
1 15 23
1 15 27
1 16 16
1 16 26
1 16 30
1 16 31
1 17 12
1 17 28
1 18 28
1 18 34
1 19 8
1 19 13
1 19 14
1 19 24
1 19 28
1 19 30
1 19 32
1 19 34
1 20 5
1 20 27
1 20 29
1 21 26
1 22 2
1 22 24
1 22 34
1 23 4
1 23 15
1 23 18
1 23 24
1 23 31
1 23 34
1 24 1
1 24 10
1 24 24
1 24 32
1 25 16
1 25 23
1 25 25
1 26 6
1 26 24
1 27 7
1 27 8
1 27 30
1 27 34
1 28 16
1 28 19
1 28 22
1 28 31
1 28 34
1 29 0
1 29 14
1 29 15
1 29 23
1 29 33
1 30 18
1 30 19
1 30 33
1 31 4
1 31 9
1 31 25
1 31 33
1 32 14
1 32 17
1 32 18
1 32 22
1 32 25
1 33 6
1 33 23
1 33 24
1 34 19