6326
3
77 77 77
677

0 530 816 0 0 486 0 0 732 0 110 0 0 920 511 0 0 0 454 0 0 0 0 0 0 0 0 58 0 77 0 54 37 0 14 0 0 0 0 16 73 37 8 2 55 33 0 49 88 22 0 0 0 5 20 63 15 0 12 0 12 9 0 0 39 64 9 33 0 0 0 30 59 0 0 5 90
95 667 609 397 963 0 0 0 239 637 681 551 0 0 0 300 0 210 0 894 0 90 917 0 0 566 0 85 0 67 0 0 34 77 0 63 85 0 0 27 0 95 0 75 0 21 30 0 3 58 0 0 63 0 18 0 40 80 54 0 18 0 0 71 40 45 26 0 19 42 0 52 0 0 19 0 0
0 0 21 622 0 944 0 0 68 927 978 0 0 579 975 838 145 0 0 0 622 0 0 0 688 0 390 3 0 20 0 0 0 0 54 0 0 0 81 26 43 95 15 0 76 0 0 98 0 0 39 0 0 78 42 5 0 40 0 27 39 25 70 0 100 0 0 70 45 0 5 49 0 15 46 0 61

0 0 12
0 0 18
0 0 40
0 1 14
0 1 17
0 1 58
0 2 0
0 2 1
0 2 10
0 2 14
0 2 18
0 2 21
0 2 24
0 2 25
0 2 49
0 2 68
0 3 0
0 3 5
0 3 9
0 3 12
0 3 22
0 3 26
0 4 13
0 4 16
0 4 29
0 4 58
0 4 65
0 5 3
0 5 11
0 5 12
0 5 15
0 5 20
0 5 38
0 5 55
0 6 1
0 6 39
0 6 46
0 6 52
0 6 58
0 6 66
0 7 4
0 7 6
0 7 12
0 7 15
0 7 20
0 7 21
0 7 26
0 7 33
0 7 53
0 7 57
0 8 1
0 8 10
0 8 15
0 8 22
0 8 26
0 8 30
0 8 47
0 8 54
0 9 3
0 9 8
0 9 13
0 9 14
0 9 15
0 9 20
0 9 26
0 9 27
0 9 59
0 9 62
0 10 4
0 10 19
0 10 42
0 10 49
0 11 6
0 11 7
0 11 9
0 11 13
0 11 23
0 11 36
0 12 2
0 12 7
0 12 9
0 12 11
0 12 17
0 12 18
0 12 22
0 12 34
0 13 10
0 13 39
0 13 52
0 14 8
0 14 10
0 14 13
0 14 16
0 14 26
0 14 34
0 15 3
0 15 7
0 15 8
0 15 10
0 15 12
0 15 20
0 15 21
0 15 28
0 15 40
0 15 47
0 15 50
0 15 59
0 15 68
0 16 2
0 16 6
0 16 12
0 16 14
0 16 18
0 16 22
0 16 23
0 16 26
0 17 0
0 17 3
0 17 7
0 17 12
0 17 24
0 17 25
0 17 26
0 18 6
0 18 12
0 18 14
0 18 18
0 18 35
0 18 37
0 19 3
0 19 6
0 19 12
0 19 20
0 19 40
0 19 58
0 20 9
0 20 13
0 20 33
0 20 76
0 21 7
0 21 11
0 21 20
0 21 41
0 21 49
0 22 3
0 22 5
0 22 11
0 22 19
0 22 38
0 22 53
0 22 68
0 23 0
0 23 28
0 23 38
0 23 58
0 23 62
0 23 65
0 24 21
0 24 26
0 24 31
0 24 54
0 24 55
0 24 70
0 25 0
0 25 7
0 25 9
0 25 13
0 25 15
0 25 37
0 25 56
0 25 58
0 25 60
0 26 1
0 26 7
0 26 12
0 26 13
0 26 14
0 26 16
0 26 17
0 26 33
0 26 36
0 26 38
0 26 65
0 26 71
0 27 6
0 27 47
0 27 56
0 27 76
0 28 10
0 28 58
0 30 26
0 30 36
0 30 44
0 31 28
0 31 39
0 31 58
0 32 3
0 32 5
0 32 13
0 32 28
0 32 39
0 33 10
0 34 29
0 34 33
0 34 36
0 34 38
0 34 40
0 35 24
0 35 42
0 36 44
0 37 61
0 38 51
0 38 60
0 38 67
0 39 13
0 39 49
0 39 53
0 39 59
0 39 62
0 40 23
0 40 41
0 40 42
0 40 43
0 40 68
0 42 45
0 43 8
0 43 34
0 43 76
0 44 17
0 44 32
0 44 51
0 44 60
0 44 67
0 45 33
0 45 40
0 45 61
0 46 4
0 46 18
0 46 26
0 46 29
0 46 63
0 46 66
0 47 40
0 48 32
0 49 0
0 49 27
0 49 68
0 50 4
0 50 33
0 50 38
0 50 62
0 50 68
0 51 20
0 51 21
0 51 66
0 52 17
0 52 19
0 52 29
0 52 38
0 52 41
0 53 54
0 53 55
0 53 61
0 54 0
0 54 17
0 54 31
0 54 35
0 54 54
0 54 59
0 55 21
0 55 35
0 55 43
0 55 46
0 55 55
0 55 66
0 55 68
0 56 55
0 56 60
0 56 66
0 56 71
0 57 8
0 57 13
0 57 16
0 57 36
0 57 39
0 57 43
0 57 49
0 57 51
0 57 59
0 57 72
0 58 12
0 58 43
0 58 54
0 58 67
0 58 69
0 59 2
0 59 10
0 59 11
0 59 23
0 59 39
0 59 56
0 60 32
0 60 54
0 60 66
0 60 72
0 61 15
0 61 29
0 61 67
0 61 71
0 61 76
0 62 1
0 62 16
0 62 21
0 62 51
0 62 58
0 63 23
0 63 27
0 63 47
0 63 68
0 63 74
0 64 39
0 64 57
0 64 71
0 65 61
0 65 66
0 66 2
0 66 30
0 66 72
0 67 5
0 67 29
0 67 36
0 67 38
0 68 11
0 68 13
0 68 70
0 69 28
0 69 56
0 69 57
0 70 4
0 70 7
0 70 31
0 70 59
0 70 63
0 71 15
0 71 32
0 72 22
0 72 49
0 72 73
0 73 26
0 74 41
0 74 43
0 74 56
0 74 67
0 74 70
0 75 50
0 75 66
0 76 64
0 76 69
1 0 2
1 0 4
1 0 9
1 0 25
1 0 40
1 0 41
1 0 65
1 0 66
1 0 71
1 1 5
1 1 14
1 1 15
1 1 17
1 1 18
1 1 31
1 1 69
1 2 7
1 2 11
1 2 20
1 2 71
1 3 0
1 3 3
1 3 6
1 3 8
1 3 10
1 3 15
1 3 17
1 3 18
1 3 23
1 3 42
1 4 13
1 4 19
1 4 25
1 5 9
1 5 10
1 5 16
1 5 24
1 6 8
1 6 10
1 6 14
1 7 0
1 7 21
1 7 30
1 7 39
1 7 40
1 8 2
1 8 15
1 8 21
1 8 25
1 8 26
1 8 71
1 9 3
1 9 19
1 9 22
1 9 30
1 10 3
1 10 6
1 10 18
1 10 24
1 11 1
1 11 15
1 11 26
1 11 57
1 12 6
1 12 15
1 12 17
1 12 19
1 12 26
1 12 50
1 12 53
1 13 1
1 13 2
1 13 3
1 13 13
1 13 18
1 13 26
1 13 35
1 13 72
1 14 0
1 14 1
1 14 6
1 14 9
1 14 20
1 14 26
1 14 28
1 14 69
1 15 7
1 15 12
1 15 19
1 15 21
1 15 57
1 15 65
1 15 72
1 16 1
1 16 2
1 16 11
1 16 15
1 16 17
1 16 26
1 17 0
1 17 3
1 17 7
1 17 9
1 17 10
1 18 2
1 18 9
1 18 11
1 18 13
1 18 16
1 18 19
1 18 23
1 18 48
1 19 0
1 19 1
1 19 4
1 19 17
1 19 18
1 19 33
1 19 61
1 19 74
1 20 5
1 20 14
1 20 23
1 21 2
1 21 9
1 21 20
1 21 32
1 21 64
1 22 0
1 22 2
1 22 4
1 22 7
1 22 23
1 22 26
1 22 29
1 22 45
1 23 0
1 23 1
1 23 2
1 23 3
1 23 16
1 23 17
1 23 22
1 23 53
1 23 72
1 24 21
1 24 22
1 24 37
1 24 66
1 25 6
1 25 9
1 25 13
1 25 17
1 25 29
1 26 14
1 26 18
1 26 24
1 26 27
1 26 38
1 27 12
1 27 76
1 28 2
1 28 34
1 28 66
1 28 71
1 28 74
1 29 15
1 29 57
1 30 31
1 30 73
1 31 26
1 31 43
1 31 48
1 31 49
1 32 4
1 32 37
1 33 38
1 34 33
1 35 18
1 35 23
1 35 62
1 36 55
1 37 70
1 38 6
1 38 46
1 39 31
1 39 35
1 39 40
1 39 63
1 40 27
1 40 39
1 40 41
1 40 62
1 41 58
1 41 63
1 41 71
1 42 17
1 42 29
1 42 44
1 42 51
1 42 53
1 42 66
1 42 76
1 43 32
1 43 33
1 43 51
1 43 65
1 44 22
1 44 24
1 44 32
1 44 41
1 45 6
1 45 48
1 46 30
1 46 33
1 46 44
1 46 49
1 46 60
1 46 65
1 47 1
1 47 47
1 47 64
1 48 40
1 49 37
1 49 56
1 50 22
1 50 36
1 50 47
1 51 2
1 51 15
1 51 30
1 51 36
1 51 76
1 52 24
1 52 29
1 52 41
1 52 44
1 52 55
1 52 67
1 52 76
1 53 16
1 53 52
1 53 65
1 53 70
1 53 72
1 54 2
1 54 15
1 54 26
1 54 27
1 54 49
1 54 65
1 55 57
1 55 71
1 56 3
1 56 4
1 56 44
1 56 53
1 56 58
1 57 9
1 57 31
1 57 44
1 57 70
1 58 34
1 59 15
1 60 38
1 60 57
1 60 69
1 60 71
1 61 48
1 62 31
1 62 62
1 62 68
1 63 15
1 63 49
1 63 66
1 64 39
1 65 13
1 65 20
1 65 42
1 66 14
1 66 52
1 67 20
1 67 26
1 67 47
1 68 24
1 68 32
1 68 35
1 69 10
1 69 63
1 69 64
1 69 66
1 70 9
1 70 16
1 70 53
1 71 27
1 71 37
1 71 38
1 71 67
1 72 11
1 72 33
1 72 48
1 73 18
1 73 19
1 73 21
1 73 29
1 73 47
1 73 73
1 74 3
1 74 9
1 74 10
1 74 41
1 74 61
1 75 29
1 75 61
1 76 2
1 76 5
1 76 37
1 76 48
1 76 61