1943
7
16 18 16 16 17 16 16
307

0 425 0 951 232 0 0 0 95 44 66 0 71 0 83 0
573 0 0 476 862 412 418 0 83 0 49 0 85 0 0 34 48 0
0 0 296 170 0 742 516 89 0 0 0 0 4 100 61 0
0 922 0 880 582 168 0 0 0 0 82 24 39 85 30 43
0 0 0 65 624 0 0 0 19 79 0 0 0 0 0 5 9
0 0 0 705 0 131 0 0 0 0 86 0 79 82 0 73
0 0 288 196 0 0 0 0 0 48 46 86 54 83 0 36

0 0 0
0 0 1
0 0 16
0 0 17
0 1 3
0 1 7
0 1 11
0 1 12
0 1 16
0 2 0
0 2 2
0 2 5
0 2 6
0 2 7
0 2 8
0 2 9
0 2 10
0 2 12
0 2 13
0 2 15
0 2 17
0 3 2
0 3 3
0 3 5
0 3 6
0 3 7
0 3 11
0 3 13
0 3 17
0 4 0
0 4 1
0 5 0
0 5 4
0 5 7
0 5 9
0 5 13
0 6 1
0 6 2
0 6 3
0 6 5
0 7 2
0 7 8
0 7 10
0 8 5
0 8 6
0 9 7
0 10 1
0 10 6
0 10 7
0 10 11
0 11 1
0 11 2
0 12 0
0 12 11
0 13 4
0 13 6
0 14 0
0 14 1
0 14 2
0 14 13
0 14 14
0 15 15
1 0 3
1 0 4
1 0 13
1 1 1
1 1 8
1 2 0
1 2 3
1 3 0
1 3 1
1 3 3
1 3 5
1 3 10
1 3 14
1 4 2
1 4 5
1 4 6
1 4 10
1 5 1
1 5 3
1 5 6
1 6 2
1 6 6
1 6 9
1 6 12
1 7 0
1 7 1
1 7 2
1 7 4
1 7 5
1 7 8
1 7 12
1 9 4
1 9 10
1 9 12
1 9 13
1 10 2
1 10 8
1 10 13
1 11 2
1 11 5
1 12 6
1 12 7
1 12 12
1 13 5
1 13 10
1 14 2
1 15 3
1 15 6
1 15 8
1 16 0
1 16 10
1 17 5
1 17 15
2 0 2
2 0 3
2 0 4
2 1 2
2 1 5
2 1 6
2 1 7
2 1 8
2 2 0
2 2 1
2 2 2
2 2 3
2 2 4
2 2 6
2 3 0
2 3 10
2 3 11
2 4 0
2 4 2
2 4 4
2 5 5
2 5 6
2 6 0
2 6 2
2 6 9
2 6 10
2 7 1
2 7 8
2 7 14
2 9 3
2 9 4
2 9 9
2 9 10
2 10 2
2 10 15
2 11 4
2 12 5
2 12 7
2 12 12
2 13 5
2 13 11
2 14 3
2 14 7
2 14 8
2 15 3
2 15 9
3 0 0
3 0 3
3 0 5
3 0 6
3 0 7
3 0 11
3 0 15
3 1 2
3 1 9
3 1 10
3 2 1
3 2 3
3 2 4
3 2 16
3 3 1
3 3 4
3 3 5
3 3 6
3 3 14
3 3 16
3 4 1
3 4 2
3 4 4
3 4 6
3 4 13
3 5 4
3 5 5
3 5 6
3 5 12
3 6 2
3 6 4
3 6 7
3 6 10
3 7 4
3 8 0
3 8 3
3 8 5
3 8 10
3 9 0
3 9 10
3 10 0
3 10 2
3 10 6
3 10 9
3 11 2
3 11 3
3 11 4
3 11 12
3 12 7
3 12 16
3 13 1
3 14 0
3 15 6
3 15 9
3 15 12
4 0 0
4 0 1
4 0 13
4 1 0
4 1 3
4 2 4
4 3 1
4 3 6
4 3 15
4 4 4
4 4 13
4 5 4
4 5 8
4 6 0
4 6 2
4 6 4
4 6 6
4 6 7
4 6 10
4 6 12
4 7 2
4 7 14
4 7 15
4 8 2
4 8 5
4 8 11
4 9 9
4 9 12
4 10 8
4 11 6
4 11 11
4 11 12
4 11 13
4 12 1
4 12 14
4 12 15
4 13 2
4 13 6
4 14 0
4 14 1
4 15 2
5 0 0
5 0 4
5 0 6
5 0 8
5 0 10
5 1 4
5 1 8
5 1 10
5 1 13
5 1 14
5 2 0
5 2 2
5 2 3
5 2 15
5 3 0
5 3 3
5 3 5
5 4 3
5 4 5
5 4 6
5 4 9
5 5 0
5 5 2
5 5 3
5 5 6
5 5 7
5 5 12
5 5 13
5 5 14
5 5 15
5 6 4
5 6 13
5 7 0
5 7 5
5 7 9
5 7 11
5 8 3
5 8 15
5 9 0
5 10 1
5 10 3
5 10 7
5 10 8
5 11 1
5 12 0
5 12 4
5 13 7
5 13 14
5 15 3
5 15 10