1853
4
49 49 49 50
606

899 574 320 647 0 0 0 751 0 724 757 999 478 253 0 0 0 0 186 416 44 0 0 0 0 60 0 0 50 0 0 15 14 26 0 98 83 75 87 0 79 0 0 0 0 0 0 97 0
947 309 683 0 0 0 502 0 522 0 0 748 490 0 0 0 0 0 0 0 343 64 32 0 97 0 28 0 43 0 0 15 26 0 0 3 0 0 0 3 0 0 0 0 81 49 24 85 0
0 0 918 0 0 904 854 386 423 0 572 0 0 838 113 0 731 0 0 788 428 0 48 0 97 3 0 40 32 36 22 0 83 84 0 97 0 48 0 63 0 66 0 40 79 0 0 28 0
0 0 543 641 0 927 618 0 149 0 189 0 0 668 0 956 0 650 0 723 0 0 0 12 8 0 94 0 0 79 19 0 0 95 0 0 81 0 0 0 20 9 23 93 0 0 0 16 0 0

0 0 5
0 0 30
0 0 44
0 1 10
0 1 16
0 1 27
0 1 39
0 1 43
0 2 1
0 2 30
0 2 38
0 2 42
0 3 0
0 3 12
0 3 14
0 3 18
0 4 5
0 4 14
0 4 26
0 4 33
0 5 10
0 5 14
0 5 16
0 5 17
0 5 20
0 5 25
0 6 8
0 6 14
0 6 21
0 6 33
0 7 43
0 8 9
0 8 16
0 8 17
0 8 21
0 8 41
0 8 48
0 9 2
0 9 9
0 9 16
0 9 29
0 10 12
0 10 23
0 10 29
0 10 39
0 11 9
0 11 16
0 12 3
0 12 19
0 12 33
0 12 37
0 12 44
0 13 47
0 14 8
0 14 10
0 14 12
0 14 29
0 15 7
0 15 26
0 15 35
0 16 5
0 16 26
0 16 27
0 16 30
0 16 38
0 17 7
0 17 24
0 17 27
0 17 29
0 17 34
0 17 39
0 17 46
0 18 24
0 18 29
0 18 37
0 18 44
0 18 46
0 19 10
0 19 21
0 20 2
0 20 14
0 20 42
0 21 6
0 21 17
0 21 31
0 21 35
0 22 10
0 22 24
0 22 31
0 22 45
0 23 10
0 23 32
0 24 11
0 24 24
0 24 44
0 25 15
0 25 30
0 25 39
0 25 43
0 26 9
0 26 16
0 26 36
0 26 44
0 27 20
0 27 43
0 27 46
0 28 16
0 28 25
0 28 42
0 28 46
0 29 9
0 29 19
0 29 29
0 29 30
0 29 36
0 29 42
0 30 20
0 30 22
0 30 30
0 30 42
0 31 5
0 31 21
0 31 27
0 31 44
0 31 48
0 32 12
0 32 25
0 32 40
0 32 41
0 32 45
0 32 46
0 33 0
0 33 8
0 33 21
0 33 24
0 33 25
0 33 40
0 33 45
0 34 17
0 34 29
0 34 43
0 35 33
0 36 11
0 36 31
0 37 20
0 37 22
0 37 28
0 37 40
0 37 47
0 38 7
0 38 11
0 38 19
0 38 37
0 39 1
0 39 27
0 39 30
0 39 37
0 39 42
0 39 46
0 40 5
0 40 29
0 40 31
0 40 41
0 40 42
0 41 2
0 41 13
0 41 22
0 41 32
0 41 39
0 42 0
0 42 19
0 42 23
0 42 33
0 42 36
0 42 41
0 43 8
0 43 34
0 44 20
0 44 24
0 44 36
0 45 17
0 45 23
0 45 26
0 45 47
0 46 10
0 46 23
0 46 26
0 46 33
0 47 25
0 47 26
0 48 14
0 48 29
0 48 40
0 48 44
1 0 3
1 0 13
1 0 14
1 0 20
1 0 22
1 1 7
1 1 32
1 2 2
1 2 5
1 3 3
1 3 38
1 3 39
1 4 3
1 4 10
1 4 13
1 4 19
1 4 24
1 4 39
1 5 19
1 5 30
1 5 37
1 5 46
1 5 47
1 6 13
1 6 45
1 7 6
1 7 7
1 7 19
1 8 32
1 8 39
1 9 3
1 9 12
1 9 19
1 9 20
1 10 9
1 10 24
1 10 32
1 11 4
1 11 7
1 11 22
1 11 34
1 12 0
1 12 2
1 12 3
1 12 6
1 12 17
1 12 18
1 12 19
1 12 20
1 12 40
1 12 42
1 13 2
1 13 11
1 13 14
1 13 17
1 13 41
1 14 12
1 14 42
1 14 44
1 15 7
1 15 18
1 15 36
1 15 46
1 16 3
1 16 18
1 16 23
1 16 30
1 16 40
1 17 6
1 17 9
1 17 11
1 17 25
1 17 36
1 17 45
1 18 14
1 18 16
1 18 23
1 19 5
1 19 9
1 19 35
1 20 3
1 20 16
1 20 22
1 20 30
1 20 32
1 20 35
1 21 8
1 21 24
1 21 27
1 21 30
1 21 35
1 21 38
1 22 0
1 22 4
1 22 9
1 22 21
1 22 30
1 22 33
1 22 38
1 23 17
1 23 18
1 23 43
1 23 44
1 23 46
1 24 48
1 25 20
1 25 28
1 25 38
1 25 45
1 26 42
1 27 0
1 27 32
1 28 7
1 28 12
1 28 37
1 28 46
1 28 47
1 29 2
1 29 8
1 29 29
1 29 39
1 29 45
1 30 6
1 30 24
1 30 32
1 30 33
1 31 3
1 31 19
1 31 20
1 31 24
1 31 26
1 31 30
1 31 31
1 31 38
1 32 0
1 32 29
1 33 21
1 33 26
1 34 35
1 34 45
1 35 9
1 35 14
1 35 21
1 35 28
1 35 31
1 35 47
1 36 8
1 36 30
1 36 43
1 36 48
1 37 6
1 37 16
1 37 19
1 37 25
1 37 41
1 37 48
1 38 9
1 38 17
1 38 25
1 38 27
1 38 33
1 38 36
1 39 13
1 39 15
1 39 18
1 39 27
1 40 0
1 40 9
1 40 11
1 40 28
1 40 36
1 40 37
1 40 43
1 40 45
1 41 17
1 41 24
1 41 29
1 41 35
1 41 36
1 41 42
1 41 45
1 42 21
1 42 37
1 42 38
1 42 43
1 42 45
1 42 48
1 43 11
1 43 16
1 43 22
1 43 23
1 43 26
1 43 27
1 43 29
1 43 39
1 43 42
1 43 47
1 43 48
1 44 27
1 45 2
1 45 12
1 45 25
1 46 15
1 46 32
1 46 42
1 46 48
1 47 10
1 47 23
1 47 35
1 47 38
1 48 14
1 48 18
1 48 26
1 48 30
1 48 46
2 0 31
2 0 34
2 0 36
2 0 41
2 0 46
2 1 4
2 1 9
2 1 10
2 1 14
2 2 45
2 2 47
2 2 49
2 3 18
2 3 40
2 4 3
2 4 4
2 4 7
2 4 10
2 4 22
2 5 10
2 5 48
2 6 6
2 6 12
2 6 18
2 6 19
2 6 21
2 7 14
2 7 40
2 7 43
2 7 47
2 8 0
2 8 1
2 8 6
2 8 23
2 8 48
2 9 1
2 9 45
2 10 15
2 10 21
2 10 22
2 10 26
2 11 5
2 11 15
2 11 46
2 12 4
2 12 7
2 12 9
2 12 10
2 12 18
2 12 41
2 13 3
2 13 11
2 13 14
2 13 36
2 13 49
2 14 10
2 14 15
2 14 26
2 15 21
2 15 23
2 15 33
2 15 34
2 15 49
2 16 7
2 16 13
2 16 20
2 16 23
2 16 27
2 16 39
2 17 1
2 17 5
2 17 15
2 17 19
2 17 47
2 18 48
2 19 1
2 19 3
2 19 22
2 19 23
2 20 1
2 20 8
2 20 23
2 20 45
2 21 21
2 22 13
2 22 26
2 22 48
2 23 4
2 23 22
2 23 26
2 23 27
2 23 32
2 23 41
2 23 42
2 23 43
2 24 11
2 24 15
2 24 17
2 24 24
2 24 49
2 25 12
2 25 13
2 25 32
2 25 33
2 25 42
2 26 23
2 26 24
2 27 4
2 27 31
2 27 37
2 27 47
2 28 7
2 28 8
2 28 10
2 28 44
2 29 16
2 29 36
2 29 42
2 29 44
2 29 46
2 30 28
2 30 38
2 30 41
2 31 0
2 31 8
2 31 20
2 31 23
2 31 34
2 31 36
2 31 39
2 31 46
2 31 47
2 32 16
2 32 23
2 32 36
2 32 48
2 33 6
2 33 19
2 33 22
2 33 23
2 33 27
2 33 45
2 33 48
2 34 1
2 34 21
2 34 23
2 35 39
2 35 41
2 35 42
2 36 13
2 36 23
2 36 32
2 36 33
2 36 45
2 36 47
2 37 7
2 37 37
2 37 40
2 38 13
2 38 23
2 38 33
2 38 46
2 39 44
2 40 6
2 40 34
2 40 42
2 40 43
2 41 23
2 41 39
2 42 2
2 42 9
2 42 25
2 42 29
2 42 32
2 42 33
2 42 37
2 42 44
2 43 22
2 43 47
2 43 49
2 44 7
2 44 14
2 44 28
2 44 34
2 44 40
2 44 41
2 44 46
2 46 26
2 46 28
2 46 44
2 46 48
2 47 38
2 48 23
2 48 24
2 48 30
2 48 45
2 48 48