6457
4
32 29 29 29
235

0 0 0 0 199 415 0 0 0 682 0 797 0 297 275 202 0 0 11 3 49 0 0 19 43 78 93 66 86 68 30 62
0 976 0 119 0 118 366 551 418 0 0 101 455 999 0 0 94 0 0 16 0 0 10 0 8 0 90 0 43
965 0 633 915 0 0 0 449 0 632 0 27 46 561 116 0 2 99 71 69 42 0 40 69 52 70 0 0 60
670 0 0 230 499 728 0 0 981 0 0 445 0 0 0 52 0 0 73 60 99 0 72 0 0 0 61 18 0

0 0 0
0 0 4
0 0 11
0 0 18
0 1 3
0 1 4
0 1 5
0 1 15
0 2 3
0 2 4
0 2 9
0 2 13
0 2 18
0 3 1
0 3 4
0 3 6
0 3 7
0 3 22
0 3 23
0 4 8
0 4 13
0 4 21
0 5 3
0 5 17
0 6 1
0 6 11
0 6 13
0 7 14
0 7 25
0 8 5
0 8 14
0 8 25
0 9 6
0 9 12
0 10 2
0 10 3
0 10 5
0 11 6
0 11 16
0 11 26
0 12 4
0 12 18
0 13 23
0 14 3
0 14 7
0 14 10
0 14 11
0 14 12
0 14 28
0 15 10
0 15 12
0 15 23
0 16 24
0 16 28
0 17 21
0 18 0
0 18 5
0 19 19
0 19 20
0 20 2
0 20 21
0 21 7
0 21 15
0 22 2
0 22 16
0 23 22
0 23 23
0 24 15
0 25 7
0 26 6
0 27 9
0 29 1
0 29 5
0 29 11
0 29 19
0 29 26
0 29 27
0 30 0
0 30 14
0 30 21
0 30 24
0 31 24
0 31 27
1 0 7
1 0 10
1 0 24
1 1 4
1 1 10
1 1 19
1 2 9
1 3 8
1 3 12
1 4 8
1 4 11
1 4 17
1 5 12
1 5 19
1 5 23
1 6 1
1 6 9
1 6 11
1 7 1
1 7 6
1 7 14
1 8 1
1 8 14
1 8 20
1 9 2
1 9 3
1 9 7
1 9 10
1 9 14
1 10 3
1 10 28
1 11 1
1 11 5
1 11 9
1 12 13
1 12 20
1 12 28
1 13 9
1 13 21
1 14 3
1 14 6
1 14 20
1 15 8
1 15 12
1 15 15
1 15 18
1 15 20
1 15 26
1 17 4
1 17 28
1 18 11
1 19 18
1 20 25
1 22 10
1 22 14
1 22 20
1 23 21
1 24 5
1 24 11
1 24 19
1 24 26
1 25 11
1 25 14
1 25 19
1 26 13
1 26 19
1 26 23
1 27 20
1 27 25
1 27 28
1 28 15
2 0 7
2 0 9
2 0 14
2 1 28
2 2 11
2 2 12
2 2 13
2 2 25
2 3 4
2 3 8
2 4 0
2 4 3
2 4 7
2 4 8
2 4 9
2 5 3
2 5 4
2 5 12
2 6 0
2 6 4
2 6 5
2 6 18
2 7 2
2 7 14
2 7 15
2 7 17
2 8 13
2 9 5
2 9 13
2 10 4
2 11 0
2 11 14
2 11 21
2 12 10
2 12 19
2 13 1
2 13 17
2 14 0
2 14 2
2 14 4
2 14 10
2 14 26
2 15 4
2 15 11
2 15 13
2 15 19
2 16 0
2 16 9
2 16 23
2 16 24
2 16 27
2 17 10
2 17 14
2 17 18
2 17 19
2 19 7
2 19 15
2 19 19
2 19 25
2 20 6
2 20 8
2 20 24
2 21 14
2 21 15
2 21 17
2 21 26
2 22 9
2 22 10
2 22 18
2 22 21
2 23 2
2 24 6
2 24 25
2 25 7
2 25 23
2 26 0
2 27 5
2 27 10
2 27 11
2 28 7
2 28 28