6368
7
16 15 15 18 15 16 15
287

342 0 661 905 237 0 37 11 15 5 0 0 81 0 0 0
0 430 0 795 956 127 37 0 19 0 0 32 0 64 0
173 0 328 0 0 600 0 0 0 0 41 0 95 75 63
264 127 531 0 804 529 871 0 65 0 13 0 0 39 80 8 60 78
979 0 0 0 0 499 0 36 0 0 11 43 0 68 0
901 0 0 945 0 0 630 20 61 3 76 0 75 10 81 0
0 978 113 718 484 201 0 0 0 0 0 0 0 0 65

0 0 0
0 0 2
0 0 4
0 0 10
0 0 11
0 1 1
0 1 4
0 1 5
0 2 3
0 2 4
0 2 5
0 3 2
0 3 3
0 4 1
0 4 2
0 4 5
0 4 6
0 5 1
0 5 2
0 5 9
0 5 13
0 6 4
0 7 9
0 7 12
0 7 13
0 8 7
0 8 11
0 8 13
0 10 5
0 10 14
0 11 2
0 12 0
0 12 8
0 12 14
0 13 6
0 13 7
0 13 9
0 14 7
0 14 10
0 14 12
0 14 14
0 15 2
0 15 8
0 15 9
0 15 10
0 15 11
1 0 5
1 0 13
1 1 0
1 1 4
1 1 5
1 2 2
1 2 4
1 2 5
1 2 13
1 3 13
1 4 1
1 4 2
1 4 8
1 4 9
1 5 1
1 5 2
1 5 5
1 5 8
1 6 5
1 6 12
1 7 0
1 7 9
1 7 10
1 8 10
1 8 12
1 9 9
1 9 11
1 9 12
1 10 1
1 12 4
1 12 6
1 12 13
1 13 3
1 13 5
1 13 8
1 13 11
1 13 12
1 14 13
1 14 14
2 0 4
2 0 5
2 0 6
2 0 12
2 1 0
2 1 3
2 1 4
2 1 9
2 1 10
2 1 11
2 1 12
2 1 13
2 1 15
2 2 7
2 3 0
2 3 2
2 3 5
2 3 6
2 3 7
2 3 14
2 3 17
2 4 0
2 4 4
2 4 5
2 4 7
2 4 17
2 5 1
2 5 5
2 5 13
2 6 1
2 6 3
2 6 9
2 6 15
2 7 5
2 8 0
2 8 4
2 9 9
2 9 15
2 10 1
2 10 3
2 10 8
2 10 9
2 10 14
2 10 16
2 11 5
2 11 11
2 11 12
2 11 14
2 11 16
2 12 1
2 12 10
2 13 9
2 13 10
2 13 16
2 13 17
2 14 1
2 14 10
2 14 14
2 14 15
3 0 2
3 0 4
3 0 5
3 0 13
3 1 2
3 1 3
3 2 12
3 3 0
3 3 12
3 3 13
3 4 2
3 5 2
3 5 3
3 5 10
3 6 0
3 6 1
3 6 3
3 6 4
3 6 5
3 7 3
3 7 4
3 7 14
3 8 4
3 8 13
3 8 14
3 9 9
3 9 10
3 9 11
3 9 13
3 10 6
3 10 12
3 11 4
3 11 8
3 11 9
3 11 10
3 12 2
3 12 13
3 13 2
3 13 6
3 13 9
3 13 10
3 14 10
3 15 3
3 15 13
3 16 2
3 16 14
3 17 7
3 17 14
4 0 0
4 0 1
4 0 10
4 1 3
4 1 4
4 1 6
4 1 12
4 2 1
4 2 4
4 2 6
4 2 8
4 2 9
4 2 10
4 3 1
4 3 2
4 3 4
4 4 0
4 4 5
4 5 1
4 5 6
4 5 7
4 5 9
4 6 8
4 6 10
4 7 9
4 8 3
4 8 6
4 8 8
4 8 14
4 9 12
4 9 15
4 10 1
4 10 9
4 11 3
4 11 7
4 11 8
4 11 9
4 11 12
4 11 14
4 11 15
4 12 7
4 12 8
4 12 11
4 12 12
4 13 9
4 13 12
4 14 8
5 0 1
5 0 2
5 0 3
5 0 4
5 0 10
5 1 0
5 1 3
5 2 4
5 2 5
5 3 2
5 3 5
5 4 1
5 4 2
5 5 2
5 5 3
5 5 5
5 5 7
5 6 2
5 6 7
5 6 8
5 7 6
5 7 8
5 8 5
5 8 7
5 8 12
5 9 1
5 9 6
5 9 7
5 9 8
5 9 9
5 10 3
5 10 10
5 10 11
5 11 6
5 11 10
5 12 0
5 12 1
5 12 12
5 12 14
5 13 0
5 13 8
5 13 11
5 13 12
5 13 13
5 14 1
5 14 6
5 14 10
5 15 5