2452
4
60 60 60 60
602

0 72 574 864 136 754 0 665 578 467 0 823 0 141 375 687 0 0 704 0 502 59 0 15 84 0 0 0 0 13 0 0 86 90 9 0 72 0 13 0 0 0 58 56 0 0 0 44 18 73 0 0 49 0 0 0 22 0 0 53
0 523 406 500 0 0 614 0 0 742 0 0 729 0 0 0 307 0 0 0 191 7 6 5 78 0 67 47 0 29 0 0 1 0 83 0 91 60 82 0 0 14 0 91 16 57 0 0 80 0 0 0 78 0 0 49 31 12 29 0
0 167 656 36 0 447 0 0 0 703 759 975 0 800 0 0 993 0 0 0 889 0 91 0 0 83 92 19 0 0 0 35 0 0 56 0 70 97 13 91 22 71 0 49 0 0 0 0 0 44 0 38 66 63 0 91 31 0 100 56
954 367 233 111 279 449 12 0 248 0 0 326 374 605 485 724 428 0 0 945 0 0 67 0 0 0 0 17 14 0 55 82 0 31 50 31 77 0 0 0 36 0 12 0 24 84 23 11 94 0 61 71 95 52 99 92 95 95 52 31

0 0 7
0 0 13
0 0 19
0 0 25
0 0 28
0 0 45
0 0 52
0 0 53
0 1 1
0 1 3
0 1 4
0 1 30
0 1 35
0 1 36
0 2 13
0 2 39
0 3 3
0 3 4
0 3 21
0 3 31
0 3 41
0 3 58
0 4 12
0 4 37
0 4 54
0 4 57
0 5 9
0 5 17
0 5 18
0 5 25
0 5 34
0 5 45
0 6 8
0 6 9
0 6 11
0 6 29
0 6 41
0 7 6
0 7 23
0 7 25
0 7 53
0 7 57
0 7 58
0 8 45
0 8 58
0 9 6
0 9 11
0 9 17
0 9 45
0 9 50
0 10 1
0 10 3
0 10 10
0 10 11
0 10 14
0 10 45
0 10 50
0 11 7
0 11 8
0 11 11
0 11 30
0 11 42
0 11 59
0 12 0
0 12 17
0 12 42
0 12 49
0 12 55
0 12 56
0 12 57
0 13 10
0 13 13
0 13 14
0 13 38
0 13 40
0 13 49
0 13 56
0 14 0
0 14 16
0 14 23
0 14 30
0 14 34
0 15 6
0 15 24
0 15 32
0 15 36
0 16 33
0 17 0
0 17 24
0 17 59
0 18 14
0 18 15
0 18 21
0 18 23
0 18 29
0 19 7
0 19 13
0 19 50
0 20 8
0 20 17
0 20 19
0 20 23
0 20 30
0 20 33
0 20 55
0 20 57
0 23 5
0 23 13
0 24 12
0 24 33
0 24 54
0 24 55
0 25 10
0 26 39
0 27 14
0 27 15
0 27 46
0 28 2
0 29 3
0 29 15
0 29 19
0 30 39
0 31 4
0 31 49
0 32 29
0 33 7
0 33 10
0 33 14
0 33 29
0 33 45
0 33 56
0 34 2
0 34 35
0 34 47
0 34 57
0 35 47
0 36 5
0 36 45
0 37 4
0 37 11
0 37 24
0 37 29
0 37 45
0 38 15
0 38 24
0 38 35
0 38 36
0 39 49
0 39 50
0 40 17
0 40 22
0 40 49
0 41 0
0 41 3
0 41 9
0 41 19
0 42 0
0 42 6
0 42 27
0 42 33
0 43 22
0 44 5
0 44 16
0 44 28
0 44 39
0 44 45
0 45 1
0 45 27
0 46 1
0 46 3
0 47 8
0 47 21
0 47 45
0 48 38
0 49 14
0 49 51
0 49 53
0 49 55
0 50 10
0 50 31
0 50 44
0 50 50
0 50 56
0 51 10
0 51 16
0 51 31
0 52 8
0 53 10
0 53 12
0 53 14
0 53 18
0 53 55
0 54 5
0 54 15
0 54 45
0 56 15
0 56 33
0 56 41
0 57 5
0 57 16
0 57 44
0 58 20
0 58 25
0 58 29
0 58 38
0 59 0
0 59 6
0 59 51
1 0 13
1 0 35
1 0 38
1 0 42
1 1 24
1 1 28
1 1 36
1 1 44
1 1 54
1 2 2
1 2 5
1 2 19
1 2 26
1 2 28
1 2 35
1 2 37
1 2 49
1 2 52
1 3 1
1 3 16
1 3 22
1 3 36
1 3 39
1 3 43
1 4 3
1 4 6
1 4 9
1 4 15
1 4 16
1 4 18
1 4 23
1 4 26
1 4 38
1 4 40
1 5 0
1 5 4
1 5 5
1 5 7
1 5 13
1 5 30
1 6 9
1 6 27
1 6 30
1 6 34
1 7 5
1 7 27
1 7 43
1 7 44
1 8 7
1 8 17
1 8 18
1 8 19
1 8 45
1 8 47
1 9 0
1 9 14
1 9 29
1 9 54
1 10 0
1 10 11
1 10 19
1 10 57
1 11 19
1 11 27
1 12 0
1 12 14
1 12 29
1 13 10
1 13 12
1 13 22
1 13 39
1 13 58
1 14 21
1 14 53
1 15 7
1 15 11
1 15 27
1 15 30
1 15 33
1 15 46
1 16 5
1 16 11
1 16 15
1 16 16
1 16 18
1 16 52
1 17 1
1 17 2
1 17 44
1 17 50
1 17 54
1 17 58
1 18 6
1 18 7
1 18 19
1 18 20
1 18 56
1 18 57
1 19 22
1 19 27
1 19 33
1 19 36
1 20 6
1 21 0
1 21 7
1 22 2
1 22 30
1 22 43
1 22 57
1 23 15
1 23 18
1 24 11
1 25 5
1 25 44
1 26 6
1 26 25
1 27 5
1 27 7
1 27 57
1 28 24
1 28 25
1 29 7
1 29 8
1 29 21
1 29 28
1 29 35
1 29 40
1 30 1
1 31 4
1 31 15
1 31 20
1 31 31
1 31 59
1 32 13
1 32 20
1 32 52
1 33 37
1 34 26
1 34 50
1 35 20
1 35 28
1 36 36
1 36 55
1 37 5
1 37 32
1 38 44
1 39 0
1 39 13
1 40 16
1 40 32
1 40 44
1 40 45
1 41 34
1 41 38
1 41 46
1 41 56
1 42 50
1 43 13
1 43 19
1 43 51
1 44 42
1 45 16
1 45 20
1 45 29
1 45 47
1 46 16
1 46 59
1 47 6
1 47 27
1 47 39
1 47 54
1 48 20
1 48 23
1 48 24
1 48 41
1 48 50
1 49 0
1 49 59
1 50 25
1 51 1
1 51 19
1 51 26
1 52 13
1 53 51
1 53 54
1 54 3
1 54 10
1 54 28
1 54 51
1 54 57
1 55 0
1 55 10
1 55 13
1 55 53
1 56 4
1 56 36
1 57 8
1 57 23
1 57 37
1 58 1
1 58 7
1 58 22
1 58 32
1 58 51
1 58 56
2 0 6
2 0 9
2 0 52
2 1 14
2 1 15
2 1 18
2 1 42
2 2 20
2 2 32
2 2 46
2 2 53
2 3 12
2 3 26
2 3 43
2 4 5
2 4 12
2 4 17
2 5 2
2 5 7
2 5 10
2 5 40
2 5 59
2 6 2
2 6 9
2 6 13
2 6 16
2 6 21
2 7 1
2 7 10
2 7 12
2 7 19
2 7 39
2 8 3
2 8 14
2 8 15
2 8 23
2 8 50
2 8 51
2 8 57
2 9 12
2 9 40
2 9 43
2 9 45
2 10 35
2 10 46
2 10 56
2 10 58
2 11 5
2 12 3
2 12 8
2 12 12
2 12 24
2 12 28
2 12 55
2 13 3
2 13 7
2 13 11
2 13 17
2 13 33
2 13 42
2 13 47
2 13 54
2 14 5
2 14 13
2 14 20
2 14 24
2 14 36
2 14 55
2 15 2
2 15 30
2 15 35
2 15 37
2 15 59
2 16 17
2 16 33
2 16 51
2 17 12
2 18 38
2 18 47
2 18 55
2 19 9
2 19 14
2 19 17
2 19 23
2 20 0
2 20 15
2 20 37
2 20 57
2 20 58
2 20 59
2 21 38
2 21 53
2 22 2
2 23 8
2 23 17
2 23 51
2 24 11
2 24 18
2 24 48
2 24 51
2 25 35
2 25 43
2 26 12
2 26 13
2 26 48
2 27 10
2 27 13
2 27 44
2 28 3
2 28 8
2 28 11
2 28 19
2 28 29
2 29 9
2 29 16
2 29 17
2 29 59
2 30 10
2 30 49
2 31 0
2 31 15
2 31 34
2 32 0
2 32 41
2 32 48
2 33 3
2 33 12
2 33 16
2 33 37
2 36 3
2 36 14
2 36 33
2 36 37
2 37 2
2 37 11
2 37 15
2 38 4
2 38 17
2 39 2
2 40 8
2 41 6
2 41 12
2 41 19
2 41 48
2 42 36
2 42 38
2 42 49
2 44 20
2 44 23
2 44 49
2 45 10
2 45 37
2 45 46
2 45 48
2 46 0
2 46 5
2 46 35
2 46 41
2 46 48
2 47 37
2 48 8
2 49 0
2 49 1
2 49 13
2 49 20
2 49 22
2 50 16
2 50 50
2 52 30
2 53 1
2 53 18
2 53 20
2 53 21
2 53 34
2 54 0
2 54 10
2 54 47
2 54 53
2 55 6
2 55 49
2 56 8
2 57 16
2 57 25
2 57 58
2 58 24
2 58 34
2 59 15
2 59 39
2 59 47