1638
3
46 47 47
425

0 228 0 979 0 414 18 0 0 0 0 0 0 218 140 0 59 0 0 0 46 69 74 0 65 0 62 9 0 0 0 0 40 0 2 0 16 0 77 83 55 0 0 0 0 65
0 0 559 0 980 990 0 695 0 0 357 0 0 138 0 0 0 0 0 0 0 0 0 0 0 47 27 0 0 70 0 19 0 30 0 76 0 0 0 58 49 99 0 56 0 46 0
264 0 528 0 884 0 0 0 0 779 295 497 918 0 149 0 729 0 86 49 17 68 0 0 0 28 0 0 0 30 47 0 64 0 0 64 34 0 0 1 24 0 0 92 37 0 61

0 0 11
0 0 13
0 0 16
0 0 21
0 0 24
0 0 29
0 0 40
0 0 44
0 1 4
0 1 8
0 1 10
0 1 11
0 1 15
0 1 41
0 2 1
0 2 5
0 2 8
0 2 30
0 3 2
0 3 6
0 3 8
0 3 15
0 4 1
0 4 2
0 4 3
0 4 12
0 4 13
0 4 23
0 4 43
0 5 3
0 5 6
0 5 7
0 5 11
0 5 12
0 5 14
0 5 15
0 5 26
0 6 1
0 6 3
0 6 4
0 6 5
0 6 11
0 6 13
0 6 19
0 6 38
0 6 41
0 7 5
0 7 6
0 7 9
0 7 11
0 7 13
0 8 1
0 8 5
0 8 6
0 8 7
0 8 8
0 8 10
0 8 17
0 8 41
0 8 44
0 9 3
0 9 26
0 9 35
0 10 1
0 10 3
0 10 5
0 10 6
0 10 10
0 10 14
0 10 16
0 10 26
0 10 27
0 11 0
0 11 3
0 11 8
0 11 10
0 11 11
0 11 14
0 11 36
0 11 44
0 11 46
0 12 0
0 12 2
0 12 13
0 12 30
0 12 38
0 13 5
0 13 8
0 13 11
0 13 29
0 14 2
0 14 5
0 14 6
0 14 8
0 14 14
0 14 15
0 14 18
0 14 28
0 14 33
0 14 41
0 14 42
0 15 3
0 15 10
0 15 14
0 15 16
0 15 37
0 16 2
0 16 26
0 17 3
0 17 23
0 17 32
0 17 33
0 17 35
0 18 13
0 18 25
0 19 7
0 19 10
0 19 12
0 19 15
0 19 23
0 20 6
0 20 12
0 20 14
0 20 26
0 20 40
0 21 9
0 21 38
0 22 20
0 22 25
0 22 45
0 23 18
0 23 45
0 24 14
0 24 28
0 24 35
0 25 0
0 25 6
0 25 10
0 25 16
0 25 43
0 26 22
0 28 13
0 28 21
0 28 26
0 29 10
0 29 14
0 29 18
0 29 22
0 29 24
0 29 25
0 29 34
0 29 35
0 29 36
0 30 5
0 30 13
0 31 2
0 31 19
0 31 36
0 32 3
0 32 12
0 32 31
0 33 1
0 33 9
0 33 19
0 33 22
0 33 33
0 33 35
0 33 38
0 33 45
0 34 15
0 34 22
0 34 40
0 34 42
0 35 8
0 35 14
0 35 15
0 35 26
0 35 30
0 36 14
0 36 21
0 36 32
0 37 2
0 37 14
0 37 15
0 37 17
0 37 44
0 38 6
0 38 15
0 38 24
0 38 33
0 38 37
0 38 40
0 39 1
0 39 5
0 39 13
0 39 38
0 39 45
0 40 1
0 40 17
0 40 21
0 40 37
0 40 39
0 40 43
0 40 46
0 41 12
0 42 12
0 42 14
0 42 20
0 42 31
0 43 4
0 43 18
0 43 22
0 43 25
0 44 18
0 45 10
0 45 34
0 45 40
1 0 4
1 0 5
1 0 6
1 0 7
1 0 43
1 0 46
1 1 0
1 1 1
1 1 5
1 1 6
1 1 14
1 1 24
1 2 1
1 2 4
1 2 5
1 2 7
1 2 10
1 2 11
1 2 13
1 2 31
1 3 8
1 3 40
1 3 42
1 3 46
1 4 4
1 4 7
1 4 8
1 4 32
1 4 40
1 5 0
1 5 3
1 5 4
1 5 14
1 5 15
1 5 37
1 5 46
1 6 5
1 6 6
1 6 10
1 6 32
1 7 3
1 7 4
1 7 6
1 7 7
1 7 10
1 7 13
1 7 15
1 7 22
1 7 31
1 7 32
1 8 0
1 8 1
1 8 2
1 8 8
1 8 17
1 8 23
1 8 31
1 9 8
1 9 10
1 9 14
1 9 21
1 9 29
1 9 36
1 9 45
1 10 0
1 10 1
1 10 4
1 10 22
1 11 6
1 11 16
1 11 32
1 11 33
1 11 37
1 12 10
1 12 32
1 13 5
1 13 9
1 13 11
1 13 13
1 13 14
1 13 15
1 13 25
1 14 0
1 14 4
1 14 6
1 14 7
1 14 9
1 14 11
1 14 30
1 14 42
1 15 12
1 15 15
1 16 4
1 16 12
1 16 16
1 16 28
1 18 1
1 19 18
1 19 19
1 19 22
1 19 33
1 19 41
1 20 17
1 20 34
1 21 10
1 21 15
1 21 19
1 21 21
1 21 25
1 22 16
1 22 20
1 22 23
1 22 26
1 23 6
1 23 7
1 23 25
1 23 35
1 23 43
1 24 7
1 24 8
1 24 10
1 24 29
1 24 30
1 24 42
1 25 20
1 25 24
1 26 1
1 26 7
1 26 13
1 26 16
1 26 22
1 26 33
1 26 37
1 27 8
1 27 16
1 27 18
1 27 21
1 27 35
1 27 39
1 27 42
1 27 44
1 28 10
1 28 12
1 28 17
1 28 18
1 28 25
1 28 32
1 28 33
1 28 34
1 28 35
1 28 36
1 29 26
1 30 5
1 30 15
1 30 39
1 30 42
1 31 12
1 31 27
1 31 39
1 32 7
1 32 8
1 32 12
1 33 25
1 33 29
1 34 1
1 34 10
1 34 30
1 34 43
1 35 25
1 36 30
1 36 34
1 36 40
1 37 4
1 37 5
1 37 12
1 37 33
1 37 34
1 38 17
1 38 40
1 39 10
1 39 15
1 39 21
1 40 18
1 40 30
1 40 31
1 40 45
1 41 2
1 41 13
1 41 39
1 42 3
1 42 6
1 42 46
1 43 2
1 43 4
1 43 5
1 43 32
1 43 40
1 44 13
1 44 33
1 44 36
1 45 9
1 45 12
1 45 18
1 45 26
1 45 29
1 45 33
1 45 41
1 46 13