6971
4
27 27 28 27
272

0 0 0 848 0 0 0 396 425 0 978 0 29 5 35 94 0 0 79 0 0 0 0 0 0 0 12
0 312 633 497 0 0 961 836 0 0 0 0 27 26 0 99 0 40 11 99 49 0 37 0 5 0 0
285 0 0 328 64 675 0 10 0 0 0 233 66 0 0 0 0 77 0 97 0 90 0 0 0 0 0 0
625 27 0 526 842 0 825 614 0 65 263 32 58 0 0 61 0 0 0 0 0 16 0 33 0 38 0

0 0 6
0 0 8
0 1 0
0 1 3
0 1 6
0 1 8
0 1 24
0 2 0
0 2 12
0 2 17
0 3 3
0 3 4
0 3 6
0 3 7
0 3 9
0 4 3
0 4 4
0 4 5
0 4 7
0 4 10
0 4 18
0 4 19
0 5 14
0 6 4
0 6 5
0 6 11
0 6 17
0 6 22
0 7 0
0 7 2
0 7 8
0 7 17
0 7 22
0 8 5
0 8 6
0 8 8
0 8 26
0 9 1
0 9 2
0 9 15
0 9 19
0 10 0
0 10 3
0 10 5
0 10 6
0 11 3
0 11 25
0 12 17
0 12 18
0 12 20
0 13 5
0 13 20
0 15 1
0 15 3
0 15 10
0 15 17
0 15 18
0 15 21
0 16 3
0 16 9
0 16 10
0 16 13
0 16 16
0 16 17
0 16 21
0 16 25
0 17 1
0 17 25
0 18 0
0 18 18
0 18 22
0 18 25
0 19 16
0 19 24
0 20 5
0 20 14
0 20 24
0 21 7
0 21 8
0 21 9
0 21 10
0 21 17
0 21 18
0 22 8
0 22 13
0 22 14
0 22 17
0 22 21
0 23 7
0 23 24
0 23 25
0 24 0
0 24 18
0 25 22
0 26 5
0 26 17
0 26 26
1 0 10
1 1 8
1 2 2
1 2 3
1 2 6
1 2 21
1 3 7
1 3 21
1 4 1
1 4 2
1 4 5
1 4 7
1 4 24
1 4 25
1 4 26
1 5 15
1 5 26
1 6 0
1 6 6
1 6 23
1 7 3
1 7 5
1 7 7
1 7 10
1 7 17
1 9 0
1 9 1
1 9 21
1 10 2
1 10 10
1 10 11
1 10 14
1 10 15
1 10 24
1 11 4
1 11 18
1 12 2
1 12 12
1 12 15
1 12 19
1 12 23
1 13 12
1 13 14
1 13 16
1 13 20
1 14 27
1 15 6
1 15 10
1 15 15
1 15 24
1 16 3
1 16 6
1 16 20
1 16 21
1 17 2
1 17 5
1 17 16
1 17 19
1 17 24
1 18 9
1 18 14
1 18 17
1 19 21
1 20 13
1 20 16
1 20 22
1 20 24
1 21 1
1 21 9
1 21 25
1 22 0
1 22 11
1 22 23
1 22 25
1 23 0
1 23 3
1 23 4
1 23 13
1 23 21
1 23 23
1 23 24
1 24 20
1 24 21
1 25 10
1 25 17
1 25 24
1 26 6
1 26 22
2 0 0
2 0 3
2 0 8
2 0 10
2 0 15
2 0 22
2 0 23
2 1 4
2 2 1
2 2 10
2 2 18
2 3 1
2 4 1
2 4 10
2 4 15
2 4 18
2 5 9
2 5 10
2 6 0
2 6 2
2 6 3
2 6 7
2 6 9
2 6 10
2 6 19
2 6 21
2 6 26
2 7 0
2 7 3
2 7 7
2 7 15
2 8 4
2 8 6
2 9 1
2 9 2
2 10 5
2 10 6
2 10 8
2 10 16
2 10 23
2 11 7
2 11 9
2 11 11
2 12 3
2 13 20
2 14 0
2 14 18
2 14 25
2 15 15
2 15 18
2 15 20
2 15 26
2 16 4
2 16 19
2 16 24
2 16 26
2 17 1
2 17 20
2 17 25
2 18 2
2 18 16
2 18 20
2 19 12
2 19 17
2 20 12
2 21 9
2 21 11
2 21 13
2 21 18
2 21 25
2 22 21
2 22 22
2 23 2
2 23 8
2 23 25
2 24 7
2 24 21
2 24 25
2 25 6
2 25 14
2 26 11
2 26 19
2 27 7
2 27 8
2 27 12
2 27 23
2 27 26