4080
6
18 18 18 21 19 19
438

571 0 0 0 0 874 0 0 340 13 0 0 95 86 0 0 75 21
0 0 0 500 675 0 0 294 149 79 29 0 25 0 0 0 71 93
196 372 672 0 846 0 759 564 792 0 24 0 0 72 0 0 0 0
0 593 890 361 0 0 144 0 0 639 0 16 0 61 0 75 0 0 0 0 29
0 725 55 0 687 0 0 0 0 0 0 0 96 58 0 0 0 0 0
839 0 953 592 57 288 0 0 0 939 97 98 10 65 0 66 16 0 0

0 0 0
0 0 1
0 0 5
0 0 8
0 0 9
0 1 0
0 1 2
0 1 4
0 1 5
0 1 6
0 1 7
0 2 0
0 2 1
0 2 2
0 2 5
0 2 6
0 2 7
0 2 15
0 3 1
0 3 2
0 3 4
0 3 5
0 3 6
0 4 0
0 4 1
0 4 2
0 4 3
0 4 7
0 4 15
0 4 17
0 5 0
0 5 1
0 5 3
0 5 5
0 5 7
0 5 17
0 6 2
0 6 3
0 6 4
0 6 7
0 7 0
0 7 2
0 7 3
0 7 6
0 8 2
0 8 3
0 8 4
0 8 6
0 8 7
0 8 8
0 8 14
0 8 15
0 9 12
0 9 17
0 10 3
0 10 16
0 10 17
0 11 10
0 11 14
0 11 17
0 12 1
0 12 7
0 12 10
0 12 12
0 12 16
0 13 8
0 13 12
0 14 3
0 14 12
0 15 5
0 15 9
0 15 10
0 16 3
0 16 13
0 16 16
0 17 0
0 17 1
0 17 4
0 17 5
0 17 8
0 17 12
0 17 13
1 0 1
1 0 2
1 0 7
1 0 12
1 1 1
1 1 4
1 1 8
1 1 12
1 2 2
1 2 3
1 2 4
1 2 6
1 2 7
1 3 1
1 3 4
1 3 5
1 3 6
1 3 8
1 3 13
1 4 1
1 4 2
1 4 4
1 4 5
1 4 6
1 5 1
1 5 6
1 5 17
1 6 5
1 6 7
1 6 8
1 6 14
1 7 0
1 7 2
1 7 3
1 7 4
1 7 6
1 7 7
1 7 14
1 7 16
1 8 1
1 8 2
1 8 6
1 9 6
1 9 10
1 9 11
1 9 14
1 9 15
1 9 16
1 10 13
1 10 14
1 10 15
1 11 4
1 11 10
1 11 12
1 11 15
1 11 17
1 12 4
1 12 6
1 12 8
1 12 10
1 12 11
1 12 15
1 12 16
1 13 0
1 13 2
1 13 16
1 14 3
1 14 12
1 16 2
1 16 3
1 16 6
1 16 14
1 16 17
1 17 6
1 17 10
1 17 11
1 17 13
2 0 0
2 0 8
2 0 9
2 1 10
2 1 20
2 2 0
2 2 2
2 2 3
2 2 5
2 2 6
2 2 8
2 3 0
2 3 2
2 3 4
2 3 6
2 3 7
2 3 9
2 3 20
2 4 0
2 4 1
2 4 2
2 4 3
2 4 6
2 4 8
2 4 9
2 4 20
2 5 1
2 5 9
2 6 3
2 6 4
2 6 7
2 6 8
2 6 10
2 6 11
2 7 0
2 7 2
2 7 7
2 7 8
2 7 9
2 7 10
2 7 12
2 8 0
2 8 2
2 8 6
2 8 10
2 8 17
2 9 9
2 9 16
2 10 20
2 12 5
2 12 10
2 12 15
2 13 13
2 13 16
2 14 2
2 14 6
2 14 11
2 14 16
2 14 18
2 15 9
2 15 15
2 16 0
2 16 3
2 16 15
2 16 17
2 17 7
2 17 10
2 17 12
3 0 0
3 0 2
3 0 3
3 0 5
3 0 6
3 0 10
3 0 15
3 1 0
3 1 2
3 1 3
3 1 4
3 1 6
3 1 7
3 1 15
3 1 16
3 2 0
3 2 1
3 2 3
3 2 4
3 2 5
3 2 6
3 2 7
3 2 9
3 2 13
3 3 2
3 3 3
3 3 5
3 3 6
3 3 7
3 3 10
3 3 14
3 4 0
3 4 4
3 4 9
3 4 18
3 5 0
3 5 1
3 5 4
3 5 5
3 5 6
3 5 8
3 5 10
3 6 2
3 6 5
3 6 7
3 6 8
3 6 9
3 7 1
3 7 2
3 7 3
3 7 4
3 7 5
3 7 6
3 7 8
3 7 9
3 7 10
3 8 1
3 8 2
3 8 3
3 8 5
3 8 6
3 8 9
3 8 13
3 9 3
3 9 7
3 9 8
3 9 9
3 9 18
3 10 3
3 10 4
3 10 7
3 10 15
3 11 16
3 11 17
3 12 0
3 12 10
3 12 14
3 12 15
3 13 2
3 13 5
3 13 10
3 13 18
3 14 15
3 15 1
3 15 2
3 15 13
3 15 18
3 16 10
3 16 15
3 16 16
3 16 17
3 16 18
3 17 5
3 17 10
3 17 12
3 18 11
3 18 12
3 18 13
3 18 15
3 18 16
3 18 18
3 19 4
3 19 15
3 19 16
3 19 17
3 20 1
3 20 2
3 20 3
3 20 5
3 20 8
3 20 11
3 20 13
4 0 0
4 0 2
4 0 5
4 0 6
4 0 7
4 0 8
4 0 9
4 0 13
4 1 1
4 1 3
4 1 6
4 1 7
4 1 9
4 1 12
4 2 0
4 2 4
4 2 6
4 2 7
4 2 9
4 2 15
4 3 1
4 3 2
4 3 3
4 3 4
4 3 7
4 3 8
4 3 10
4 4 2
4 4 3
4 4 4
4 4 6
4 4 8
4 4 12
4 4 17
4 5 0
4 5 1
4 5 2
4 5 3
4 5 4
4 5 6
4 5 7
4 5 9
4 5 14
4 5 16
4 6 0
4 6 2
4 6 3
4 6 4
4 6 7
4 6 8
4 6 11
4 6 12
4 7 0
4 7 4
4 7 5
4 7 6
4 7 7
4 7 8
4 7 9
4 8 1
4 8 6
4 8 7
4 8 8
4 8 9
4 8 17
4 9 0
4 9 4
4 9 7
4 10 8
4 10 11
4 11 4
4 11 6
4 11 11
4 11 16
4 11 18
4 12 0
4 12 1
4 12 10
4 12 11
4 13 9
4 13 10
4 14 1
4 14 10
4 14 11
4 14 17
4 15 4
4 15 15
4 15 16
4 15 18
4 16 5
4 16 10
4 16 11
4 16 13
4 16 16
4 17 6
4 18 7
4 18 9
4 18 15
4 18 18