5194
5
36 36 37 36 36
292

639 0 0 528 0 0 918 165 0 358 886 0 467 7 0 0 0 0 0 92 0 100 13 14 0 2 94 0 100 88 25 78 100 85 86 2
0 0 0 0 0 0 0 0 964 0 928 809 664 33 25 22 32 57 0 0 82 0 100 0 0 0 67 0 96 0 0 36 2 0 0 52
623 0 0 400 885 0 19 475 803 0 0 306 18 0 41 0 0 92 38 27 0 0 30 0 0 7 27 22 9 80 37 0 0 18 0 0 0
0 0 189 0 537 163 641 0 0 622 0 810 0 0 0 0 32 0 8 93 80 18 0 38 40 18 75 50 83 71 0 52 0 25 77 24
0 476 365 0 954 199 0 770 0 0 0 348 484 35 54 35 39 0 36 0 79 16 0 0 0 44 66 0 69 0 82 51 0 0 95 0

0 0 11
0 0 16
0 1 9
0 2 6
0 2 8
0 2 22
0 3 6
0 3 9
0 3 10
0 3 14
0 3 33
0 4 9
0 4 11
0 4 12
0 4 26
0 5 1
0 5 25
0 6 0
0 6 23
0 8 6
0 8 30
0 9 4
0 9 6
0 9 11
0 10 2
0 10 14
0 11 10
0 11 30
0 12 11
0 13 6
0 13 7
0 13 12
0 13 27
0 14 1
0 14 17
0 15 8
0 15 18
0 15 22
0 17 10
0 17 20
0 18 21
0 20 25
0 21 15
0 22 20
0 23 18
0 24 11
0 24 18
0 24 23
0 25 3
0 25 9
0 26 34
0 28 35
0 29 31
0 30 0
0 31 14
0 31 28
0 31 33
0 32 25
0 32 26
0 33 0
0 33 18
0 33 21
0 34 7
0 34 29
1 0 0
1 0 1
1 0 2
1 0 5
1 0 6
1 0 12
1 1 4
1 1 9
1 2 0
1 2 3
1 4 2
1 4 4
1 4 5
1 4 11
1 5 2
1 5 7
1 5 8
1 5 9
1 5 12
1 5 15
1 6 4
1 6 16
1 7 3
1 7 22
1 7 33
1 7 36
1 8 3
1 8 5
1 8 31
1 9 2
1 9 7
1 9 8
1 9 9
1 9 15
1 9 25
1 10 3
1 12 6
1 12 22
1 13 1
1 13 5
1 13 12
1 13 13
1 13 35
1 14 8
1 14 17
1 14 23
1 15 7
1 15 9
1 15 14
1 15 22
1 15 26
1 15 30
1 15 32
1 16 0
1 17 31
1 18 35
1 19 1
1 19 28
1 20 15
1 20 16
1 20 34
1 22 5
1 22 26
1 22 36
1 23 13
1 23 21
1 23 32
1 23 33
1 23 35
1 25 25
1 26 29
1 29 0
1 29 20
1 29 24
1 31 16
1 31 33
1 32 28
1 32 35
1 33 16
1 34 0
1 34 23
1 35 3
1 35 21
1 35 28
2 0 35
2 1 11
2 2 6
2 2 12
2 4 3
2 4 4
2 4 21
2 5 5
2 5 11
2 6 7
2 6 8
2 7 10
2 7 11
2 7 27
2 8 16
2 9 3
2 9 15
2 9 18
2 9 33
2 10 13
2 10 15
2 10 16
2 10 19
2 10 29
2 11 0
2 11 10
2 11 17
2 11 22
2 12 1
2 12 2
2 13 4
2 14 4
2 15 19
2 16 21
2 16 22
2 17 0
2 18 11
2 18 24
2 18 25
2 19 28
2 20 8
2 20 19
2 21 0
2 21 7
2 21 30
2 21 31
2 21 32
2 22 8
2 22 18
2 22 28
2 22 32
2 23 27
2 24 2
2 24 34
2 25 21
2 25 24
2 26 4
2 26 21
2 27 23
2 28 24
2 28 27
2 30 18
2 31 7
2 31 9
2 31 21
2 32 0
2 32 8
2 33 14
2 33 25
2 34 2
2 34 5
2 34 28
2 35 23
2 35 25
2 36 5
2 36 6
2 36 17
2 36 31
3 0 3
3 0 20
3 0 27
3 3 17
3 3 18
3 6 7
3 6 10
3 7 27
3 8 1
3 8 7
3 8 12
3 9 34
3 10 1
3 10 2
3 10 14
3 10 30
3 10 34
3 11 21
3 11 22
3 11 29
3 11 31
3 11 34
3 12 1
3 12 5
3 12 32
3 14 19
3 14 20
3 15 9
3 15 14
3 15 29
3 17 34
3 18 23
3 18 31
3 18 33
3 18 35
3 19 35
3 20 27
3 21 13
3 21 30
3 22 3
3 22 30
3 25 6
3 25 7
3 25 17
3 26 26
3 27 0
3 27 17
3 27 26
3 28 28
3 28 30
3 29 1
3 29 7
3 29 12
3 29 13
3 30 16
3 30 29
3 30 30
3 31 35
3 32 3
3 32 15
3 33 9
3 33 19
3 34 18
3 34 31
3 35 16
3 35 35