5691
7
23 24 24 25 23 24 23
488

57 994 501 0 0 957 958 0 0 79 0 8 0 54 0 0 0 0 0 35 0 0 0
0 593 424 757 810 0 0 0 3 0 25 0 82 4 94 0 0 0 0 66 0 0 0 84
0 611 380 402 404 0 0 0 0 0 70 21 11 0 0 0 64 0 0 0 0 33 52 0
0 157 687 769 0 0 968 0 91 57 0 0 0 0 0 87 0 53 0 46 0 0 0 0 50
48 550 798 0 635 789 0 248 0 46 42 0 0 0 0 0 65 0 0 23 0 76 0
0 500 849 806 496 0 837 344 59 0 22 88 0 0 67 0 0 43 0 0 0 0 39 65
0 0 829 60 0 571 224 397 0 0 58 30 0 0 0 0 0 0 74 26 2 0 0

0 0 0
0 0 2
0 0 4
0 0 5
0 0 7
0 0 12
0 0 15
0 1 1
0 1 4
0 1 5
0 1 6
0 1 7
0 1 13
0 2 1
0 2 3
0 2 4
0 2 5
0 2 7
0 2 14
0 3 0
0 3 3
0 3 4
0 3 5
0 3 7
0 3 10
0 4 0
0 4 1
0 4 2
0 4 3
0 4 5
0 4 6
0 4 23
0 5 6
0 5 13
0 6 0
0 6 1
0 6 2
0 6 7
0 6 10
0 6 14
0 7 0
0 7 1
0 7 4
0 7 5
0 7 9
0 7 23
0 8 2
0 8 20
0 8 23
0 10 3
0 10 9
0 11 1
0 11 7
0 11 17
0 12 10
0 12 12
0 12 17
0 13 15
0 14 2
0 14 5
0 14 6
0 14 21
0 15 1
0 16 1
0 16 6
0 16 17
0 17 1
0 17 7
0 18 0
0 18 2
0 18 3
0 19 1
0 19 2
0 19 3
0 19 4
0 20 3
0 20 15
0 21 3
0 21 12
0 21 15
1 0 0
1 0 1
1 0 2
1 0 4
1 0 5
1 0 6
1 0 16
1 1 0
1 1 2
1 1 3
1 1 5
1 1 7
1 1 12
1 1 15
1 1 19
1 2 0
1 2 2
1 2 5
1 2 11
1 2 22
1 3 1
1 3 3
1 3 4
1 3 6
1 3 7
1 3 17
1 4 0
1 4 1
1 4 2
1 4 5
1 4 6
1 4 7
1 5 0
1 5 1
1 5 2
1 5 6
1 5 7
1 5 8
1 5 11
1 5 13
1 5 15
1 6 0
1 6 1
1 6 3
1 6 4
1 6 8
1 6 20
1 7 0
1 7 3
1 7 4
1 7 5
1 7 6
1 7 22
1 8 4
1 8 7
1 8 17
1 9 1
1 9 7
1 9 12
1 10 0
1 10 8
1 10 9
1 10 19
1 12 18
1 12 23
1 14 7
1 14 14
1 16 13
1 17 11
1 18 0
1 18 9
1 19 7
1 19 18
1 20 2
1 20 4
1 20 6
1 20 15
1 21 6
1 21 14
1 21 15
1 21 23
1 22 20
1 22 22
1 23 2
2 0 0
2 0 1
2 0 4
2 0 6
2 0 18
2 1 1
2 1 2
2 1 3
2 1 5
2 1 6
2 1 10
2 1 17
2 1 19
2 1 21
2 2 0
2 2 3
2 2 4
2 2 6
2 2 7
2 2 11
2 2 15
2 2 18
2 2 21
2 3 1
2 3 2
2 3 6
2 3 7
2 3 17
2 3 18
2 3 20
2 4 3
2 4 5
2 4 13
2 4 18
2 5 0
2 5 1
2 5 2
2 5 3
2 5 5
2 5 6
2 5 7
2 5 17
2 5 18
2 5 19
2 6 1
2 6 3
2 6 4
2 7 0
2 7 5
2 7 7
2 7 14
2 7 15
2 7 22
2 7 24
2 8 2
2 8 5
2 8 18
2 8 22
2 9 3
2 9 11
2 9 20
2 10 4
2 12 8
2 12 11
2 12 13
2 13 6
2 15 1
2 15 7
2 15 8
2 16 19
2 17 9
2 19 2
2 19 10
2 19 21
2 20 10
2 20 19
2 21 11
2 22 3
2 22 5
2 22 12
2 23 2
2 23 4
2 23 22
3 0 1
3 0 2
3 0 3
3 0 4
3 0 7
3 0 15
3 0 19
3 0 20
3 1 1
3 1 4
3 1 5
3 1 9
3 2 2
3 2 3
3 2 4
3 2 7
3 2 11
3 2 13
3 3 0
3 3 2
3 3 5
3 3 6
3 3 7
3 3 15
3 4 0
3 4 2
3 4 4
3 4 6
3 4 7
3 4 17
3 4 18
3 4 21
3 5 1
3 5 2
3 5 3
3 5 5
3 5 7
3 5 12
3 6 1
3 6 3
3 6 4
3 6 21
3 7 0
3 7 1
3 7 2
3 7 4
3 7 5
3 7 6
3 7 17
3 8 1
3 8 16
3 8 20
3 9 11
3 10 19
3 11 4
3 12 4
3 12 5
3 12 9
3 12 12
3 12 13
3 14 4
3 16 8
3 16 16
3 16 19
3 16 21
3 17 2
3 17 13
3 17 17
3 19 2
3 19 5
3 19 7
3 20 12
3 21 6
3 21 13
3 22 0
3 23 0
3 23 6
3 24 2
3 24 8
3 24 16
4 0 0
4 0 1
4 0 3
4 0 5
4 0 6
4 1 0
4 1 1
4 1 2
4 1 3
4 1 4
4 1 12
4 1 14
4 2 0
4 2 1
4 2 2
4 2 3
4 2 6
4 2 7
4 2 11
4 3 1
4 3 5
4 3 6
4 3 11
4 3 17
4 4 0
4 4 1
4 4 5
4 4 6
4 4 8
4 5 0
4 5 2
4 5 3
4 5 6
4 5 7
4 5 10
4 5 14
4 6 0
4 6 1
4 6 2
4 6 3
4 6 4
4 6 5
4 6 7
4 6 14
4 7 1
4 7 2
4 7 3
4 7 5
4 7 6
4 7 11
4 7 19
4 7 22
4 8 10
4 9 3
4 9 15
4 9 21
4 10 5
4 10 10
4 10 13
4 11 3
4 12 2
4 12 4
4 12 21
4 13 1
4 13 12
4 14 23
4 15 3
4 15 16
4 16 0
4 16 1
4 16 6
4 16 19
4 16 22
4 18 0
4 20 4
4 21 11
4 22 5
4 22 10
4 22 20
5 0 0
5 0 1
5 0 3
5 0 4
5 0 7
5 0 13
5 1 0
5 1 2
5 1 3
5 1 4
5 1 5
5 1 6
5 1 7
5 2 0
5 2 3
5 2 6
5 2 18
5 2 21
5 2 22
5 3 0
5 3 1
5 3 3
5 3 4
5 3 7
5 3 21
5 3 22
5 4 0
5 4 4
5 4 6
5 4 19
5 4 22
5 5 0
5 5 5
5 5 6
5 5 7
5 5 11
5 5 13
5 5 16
5 6 0
5 6 1
5 6 3
5 6 7
5 6 14
5 7 0
5 7 1
5 7 2
5 7 3
5 7 4
5 7 5
5 7 7
5 7 9
5 7 15
5 7 19
5 7 21
5 8 4
5 8 6
5 8 8
5 8 18
5 9 11
5 9 22
5 10 4
5 10 14
5 11 3
5 11 21
5 13 1
5 13 13
5 13 22
5 14 14
5 15 2
5 16 5
5 16 22
5 17 3
5 17 7
5 17 18
5 19 10
5 20 7
5 21 11
5 21 16
5 21 18
5 22 4
5 22 12
5 22 17