6551
4
55 55 55 55
605

630 617 0 0 0 698 0 13 0 911 956 0 0 786 216 591 0 0 856 0 748 0 0 0 0 0 0 0 0 0 0 74 0 46 0 0 75 0 69 0 0 0 93 43 97 7 0 0 79 0 0 0 0 84 13
0 632 807 0 0 0 344 0 0 0 805 0 0 0 431 0 354 0 0 0 21 0 0 0 37 0 53 27 98 0 0 97 0 27 0 42 3 19 79 43 0 33 0 0 18 92 0 13 70 0 0 0 2 0 77
0 861 957 0 0 0 581 229 125 850 0 0 302 438 0 750 247 72 713 0 0 0 843 87 22 67 37 0 0 0 25 0 0 24 0 98 0 78 0 13 71 0 0 0 0 0 0 0 93 82 0 43 69 84 0
0 387 0 939 71 0 0 631 160 907 0 0 0 0 358 0 0 0 0 728 0 255 165 37 22 18 21 16 0 5 0 0 10 0 90 0 84 82 0 0 16 66 0 31 0 87 9 12 0 0 0 10 11 2 0

0 0 1
0 0 2
0 0 5
0 0 11
0 0 20
0 0 29
0 0 37
0 0 52
0 1 7
0 1 18
0 1 24
0 1 45
0 1 54
0 2 19
0 2 53
0 3 15
0 3 25
0 4 4
0 4 9
0 4 10
0 4 32
0 4 38
0 5 12
0 5 15
0 5 31
0 6 8
0 6 9
0 6 16
0 6 18
0 7 1
0 7 16
0 8 5
0 9 3
0 9 8
0 9 10
0 9 16
0 9 41
0 10 9
0 10 17
0 10 21
0 10 22
0 10 54
0 11 10
0 11 11
0 11 13
0 11 29
0 11 45
0 12 2
0 12 5
0 12 7
0 12 11
0 12 15
0 12 34
0 13 2
0 13 6
0 13 7
0 13 8
0 13 9
0 13 13
0 14 2
0 14 4
0 14 5
0 14 10
0 14 18
0 14 27
0 15 18
0 16 0
0 16 4
0 16 10
0 16 17
0 16 46
0 17 19
0 17 29
0 17 30
0 17 33
0 17 51
0 18 2
0 18 47
0 19 0
0 19 4
0 19 14
0 19 20
0 19 51
0 20 2
0 20 4
0 20 10
0 20 16
0 20 21
0 20 22
0 21 5
0 21 7
0 21 8
0 21 11
0 21 13
0 21 18
0 21 22
0 22 3
0 22 4
0 22 8
0 22 11
0 23 35
0 23 38
0 23 39
0 23 42
0 23 47
0 23 54
0 24 49
0 24 51
0 25 18
0 25 29
0 25 54
0 26 5
0 26 32
0 26 38
0 27 17
0 27 26
0 27 42
0 28 26
0 28 31
0 29 3
0 30 44
0 30 51
0 31 14
0 31 17
0 31 26
0 31 36
0 31 40
0 32 43
0 32 54
0 33 39
0 33 53
0 34 6
0 34 37
0 34 47
0 35 37
0 36 5
0 36 15
0 37 24
0 37 29
0 37 35
0 37 51
0 38 5
0 38 28
0 38 33
0 38 41
0 38 53
0 39 27
0 39 38
0 40 43
0 41 16
0 41 36
0 41 42
0 41 44
0 42 1
0 42 34
0 42 48
0 42 51
0 43 30
0 43 35
0 43 41
0 43 45
0 43 52
0 44 11
0 44 33
0 44 42
0 45 1
0 45 9
0 45 41
0 46 49
0 46 50
0 47 12
0 47 35
0 47 48
0 48 30
0 48 33
0 48 37
0 48 46
0 49 12
0 49 16
0 49 39
0 50 1
0 50 7
0 50 23
0 50 40
0 50 49
0 51 30
0 51 33
0 51 42
0 52 13
0 52 41
0 52 45
0 54 4
0 54 19
0 54 23
0 54 36
1 0 1
1 0 7
1 0 8
1 0 15
1 0 17
1 0 18
1 0 39
1 1 5
1 1 41
1 2 18
1 2 20
1 2 21
1 2 39
1 3 1
1 3 4
1 3 5
1 3 13
1 3 31
1 4 14
1 4 19
1 4 24
1 4 31
1 5 3
1 5 11
1 5 17
1 5 19
1 5 31
1 7 0
1 7 10
1 7 13
1 7 15
1 7 20
1 7 42
1 8 0
1 8 3
1 8 4
1 8 15
1 8 16
1 9 12
1 9 18
1 10 16
1 10 22
1 11 5
1 11 14
1 11 16
1 11 29
1 12 10
1 12 12
1 13 3
1 13 17
1 13 22
1 14 3
1 14 7
1 14 21
1 14 32
1 14 44
1 15 0
1 15 32
1 15 37
1 16 1
1 16 30
1 16 34
1 16 54
1 17 0
1 17 2
1 17 21
1 17 23
1 17 38
1 18 7
1 18 10
1 18 15
1 18 18
1 18 36
1 19 8
1 19 11
1 19 13
1 19 44
1 20 2
1 20 4
1 20 5
1 21 1
1 21 18
1 21 22
1 21 24
1 22 0
1 22 3
1 22 18
1 22 41
1 22 46
1 23 32
1 23 44
1 24 30
1 24 40
1 24 51
1 25 12
1 25 28
1 25 31
1 25 43
1 25 46
1 26 3
1 26 25
1 26 30
1 26 32
1 26 34
1 26 35
1 26 43
1 26 49
1 27 50
1 28 26
1 28 33
1 28 37
1 28 39
1 29 11
1 29 25
1 30 23
1 30 25
1 30 36
1 31 6
1 31 37
1 31 54
1 32 1
1 33 4
1 33 41
1 33 42
1 34 11
1 34 15
1 34 42
1 35 6
1 35 15
1 35 49
1 36 54
1 37 35
1 37 41
1 38 7
1 38 41
1 38 50
1 39 32
1 39 36
1 39 40
1 40 36
1 40 40
1 40 52
1 41 34
1 41 35
1 41 37
1 41 54
1 42 23
1 43 42
1 44 5
1 44 26
1 44 31
1 44 34
1 44 52
1 45 20
1 45 25
1 45 30
1 45 35
1 45 40
1 45 44
1 46 10
1 46 14
1 46 29
1 46 36
1 47 34
1 47 44
1 48 30
1 48 31
1 48 36
1 48 37
1 49 7
1 49 35
1 49 40
1 50 18
1 50 23
1 51 8
1 51 25
1 51 36
1 51 38
1 51 47
1 51 50
1 52 54
1 53 19
1 53 47
1 53 48
1 53 51
1 53 54
1 54 15
1 54 19
1 54 32
2 0 1
2 0 13
2 0 18
2 0 49
2 1 2
2 1 30
2 2 8
2 2 15
2 2 16
2 2 17
2 3 1
2 3 3
2 3 5
2 3 7
2 3 10
2 3 13
2 3 22
2 3 37
2 3 42
2 3 43
2 3 52
2 4 0
2 4 4
2 4 6
2 4 18
2 4 19
2 5 16
2 5 21
2 6 8
2 6 13
2 6 16
2 7 1
2 7 8
2 7 21
2 7 27
2 8 0
2 8 4
2 8 10
2 8 14
2 8 22
2 8 24
2 8 41
2 9 2
2 9 13
2 9 17
2 9 18
2 10 2
2 10 7
2 10 16
2 10 22
2 10 42
2 11 2
2 11 15
2 11 17
2 11 18
2 12 3
2 12 5
2 12 14
2 12 20
2 12 24
2 13 5
2 14 3
2 14 6
2 14 7
2 14 9
2 14 12
2 14 22
2 15 6
2 15 12
2 15 51
2 16 2
2 16 12
2 16 15
2 16 21
2 16 33
2 17 0
2 17 1
2 17 8
2 17 10
2 17 11
2 18 0
2 18 5
2 18 7
2 18 9
2 18 11
2 18 21
2 18 23
2 18 39
2 19 0
2 19 3
2 19 5
2 19 9
2 19 11
2 19 14
2 19 16
2 19 19
2 19 34
2 19 52
2 20 2
2 20 8
2 20 11
2 20 15
2 21 17
2 21 20
2 21 26
2 21 28
2 21 49
2 22 8
2 22 13
2 22 17
2 22 19
2 22 21
2 22 30
2 24 5
2 24 22
2 24 43
2 25 25
2 25 31
2 26 46
2 26 50
2 26 53
2 27 21
2 27 50
2 27 51
2 28 6
2 28 15
2 28 46
2 29 11
2 29 27
2 29 37
2 29 40
2 30 8
2 30 26
2 30 33
2 30 36
2 31 34
2 31 45
2 31 51
2 32 7
2 32 25
2 32 33
2 32 45
2 33 7
2 33 23
2 33 33
2 33 41
2 34 44
2 35 34
2 35 37
2 35 41
2 35 42
2 36 22
2 36 23
2 38 19
2 38 27
2 38 50
2 39 11
2 39 13
2 39 16
2 39 29
2 39 33
2 39 53
2 40 10
2 40 18
2 40 33
2 40 40
2 41 7
2 41 38
2 41 41
2 41 50
2 42 21
2 42 32
2 42 48
2 43 42
2 44 2
2 44 16
2 44 18
2 44 24
2 44 25
2 44 53
2 45 0
2 45 3
2 45 24
2 45 33
2 45 41
2 45 53
2 46 32
2 46 47
2 46 52
2 47 38
2 48 13
2 48 39
2 48 45
2 49 12
2 49 48
2 50 30
2 50 36
2 51 1
2 51 3
2 51 26
2 51 30
2 51 36
2 51 49
2 52 2
2 52 7
2 52 8
2 52 15
2 52 25
2 52 32
2 52 33
2 52 45
2 52 48
2 53 3
2 53 12
2 53 35
2 53 48
2 54 20
2 54 27
2 54 31
2 54 33
2 54 40