3028
7
23 22 22 24 23 22 23
526

388 87 14 693 0 0 0 0 128 828 0 0 0 0 0 0 0 96 5 0 2 0 0
0 164 0 956 0 192 389 0 0 0 753 0 0 6 0 78 92 56 0 0 0 58
15 227 314 0 521 0 0 623 0 339 445 0 91 0 85 46 67 0 60 0 0 99
134 0 0 0 139 0 252 0 365 803 0 972 0 21 0 0 0 0 0 61 12 62 45 0
272 941 868 759 585 0 0 0 222 106 908 0 19 50 0 0 0 0 0 55 0 0 41
238 0 0 0 446 442 969 572 0 142 522 0 0 0 0 65 0 56 77 0 0 20
0 736 0 0 0 0 0 0 0 493 528 772 0 51 0 0 44 48 65 44 71 45 0

0 0 0
0 0 12
0 0 17
0 0 20
0 1 0
0 1 12
0 1 18
0 2 12
0 2 13
0 2 15
0 2 20
0 2 21
0 3 1
0 3 3
0 3 10
0 4 2
0 4 6
0 4 8
0 5 0
0 5 3
0 5 11
0 5 13
0 5 16
0 5 21
0 6 8
0 6 16
0 6 19
0 7 17
0 7 18
0 8 0
0 8 5
0 8 8
0 9 0
0 9 4
0 9 20
0 10 16
0 10 17
0 10 21
0 11 12
0 11 16
0 12 6
0 12 7
0 12 13
0 12 19
0 13 6
0 13 12
0 13 15
0 13 19
0 14 1
0 14 2
0 14 3
0 14 6
0 14 19
0 14 21
0 15 9
0 15 16
0 16 7
0 16 9
0 17 4
0 17 5
0 17 6
0 17 11
0 17 20
0 18 4
0 18 9
0 18 13
0 18 21
0 19 14
0 19 16
0 19 21
0 20 8
0 20 13
0 21 6
0 21 7
0 21 9
0 22 2
0 22 4
0 22 10
1 0 0
1 0 5
1 0 10
1 0 17
1 0 21
1 1 13
1 2 8
1 2 12
1 2 13
1 2 14
1 3 3
1 3 5
1 3 11
1 3 13
1 4 1
1 4 2
1 4 4
1 4 8
1 4 18
1 5 5
1 5 11
1 5 13
1 5 14
1 5 16
1 6 1
1 6 6
1 6 11
1 7 7
1 8 15
1 8 18
1 9 7
1 9 16
1 10 2
1 10 20
1 11 3
1 11 8
1 11 11
1 11 16
1 11 20
1 12 1
1 12 6
1 12 8
1 12 9
1 12 13
1 12 15
1 12 18
1 13 2
1 13 9
1 13 15
1 13 21
1 14 1
1 14 7
1 14 8
1 15 7
1 16 1
1 16 10
1 16 16
1 16 19
1 17 1
1 17 2
1 17 3
1 17 5
1 17 6
1 17 11
1 17 20
1 18 4
1 18 6
1 18 10
1 18 11
1 18 14
1 19 7
1 19 8
1 19 21
1 20 0
1 20 4
1 20 18
1 21 2
1 21 11
1 21 21
2 0 8
2 0 14
2 0 18
2 0 23
2 1 5
2 1 18
2 1 23
2 2 1
2 2 5
2 3 0
2 3 4
2 3 11
2 3 14
2 4 2
2 4 6
2 4 18
2 4 20
2 4 21
2 5 2
2 5 9
2 5 12
2 5 17
2 5 19
2 6 5
2 6 7
2 6 8
2 6 9
2 6 16
2 6 20
2 6 22
2 7 0
2 7 7
2 7 13
2 7 18
2 8 1
2 8 2
2 8 5
2 8 14
2 8 17
2 9 5
2 9 6
2 9 11
2 9 18
2 10 1
2 10 3
2 10 5
2 10 6
2 10 11
2 10 12
2 10 19
2 11 1
2 11 5
2 11 11
2 11 13
2 11 19
2 11 23
2 12 0
2 12 13
2 12 16
2 12 23
2 13 10
2 13 22
2 14 2
2 14 9
2 14 14
2 14 15
2 14 22
2 15 2
2 15 10
2 15 13
2 15 14
2 15 19
2 15 20
2 16 1
2 16 4
2 16 6
2 16 10
2 16 13
2 16 17
2 16 20
2 17 2
2 17 3
2 17 4
2 17 12
2 17 14
2 17 17
2 17 19
2 18 1
2 18 2
2 18 4
2 18 7
2 18 8
2 18 20
2 18 23
2 19 11
2 19 17
2 19 18
2 19 20
2 20 21
2 20 22
2 21 13
2 21 18
2 21 21
3 0 0
3 0 6
3 0 10
3 0 18
3 0 22
3 1 0
3 1 8
3 1 9
3 1 12
3 1 16
3 1 19
3 2 20
3 3 11
3 3 22
3 4 4
3 4 9
3 4 12
3 4 13
3 5 1
3 5 2
3 5 6
3 5 8
3 5 11
3 5 13
3 5 18
3 5 21
3 6 7
3 6 8
3 7 9
3 8 5
3 8 14
3 9 3
3 9 6
3 9 10
3 10 7
3 10 16
3 11 3
3 11 11
3 11 18
3 12 6
3 12 19
3 12 21
3 13 21
3 14 2
3 14 13
3 14 17
3 14 18
3 15 2
3 15 10
3 15 13
3 15 16
3 15 20
3 15 21
3 16 7
3 17 15
3 18 2
3 18 12
3 19 3
3 19 6
3 19 9
3 19 19
3 20 14
3 21 0
3 21 3
3 21 9
3 21 17
3 22 1
3 22 6
3 22 14
3 22 21
3 23 1
3 23 6
3 23 12
4 0 1
4 0 2
4 0 10
4 0 11
4 0 12
4 0 17
4 0 19
4 0 20
4 1 1
4 1 20
4 2 0
4 2 1
4 2 6
4 3 5
4 3 16
4 3 17
4 3 18
4 4 0
4 4 7
4 4 9
4 5 1
4 5 2
4 5 14
4 5 15
4 5 18
4 6 3
4 6 4
4 6 5
4 6 6
4 6 7
4 6 8
4 6 18
4 6 21
4 7 2
4 7 10
4 7 16
4 8 1
4 8 3
4 8 5
4 8 8
4 9 3
4 9 5
4 9 6
4 9 10
4 10 6
4 10 7
4 10 11
4 10 12
4 10 16
4 11 1
4 11 15
4 12 5
4 12 9
4 12 12
4 12 14
4 12 16
4 12 18
4 13 0
4 13 3
4 13 6
4 13 9
4 13 19
4 13 21
4 14 7
4 14 11
4 14 16
4 15 10
4 15 13
4 15 21
4 16 0
4 16 2
4 16 12
4 16 15
4 16 17
4 17 13
4 17 15
4 17 17
4 17 19
4 18 0
4 18 1
4 18 5
4 18 8
4 18 10
4 18 12
4 18 14
4 19 3
4 19 9
4 19 19
4 19 20
4 19 21
4 20 2
4 20 7
4 20 9
4 21 2
4 22 5
4 22 6
4 22 7
4 22 10
4 22 14
4 22 17
4 22 18
5 0 5
5 0 11
5 0 14
5 1 5
5 1 9
5 1 11
5 1 12
5 1 14
5 1 18
5 1 19
5 2 2
5 2 5
5 2 7
5 3 8
5 3 9
5 3 15
5 3 20
5 4 0
5 4 2
5 4 6
5 4 12
5 4 17
5 5 3
5 5 9
5 5 12
5 5 17
5 5 18
5 6 3
5 6 15
5 6 18
5 7 3
5 7 4
5 7 11
5 7 13
5 7 19
5 8 1
5 8 3
5 8 15
5 8 19
5 9 7
5 9 12
5 9 19
5 9 20
5 10 16
5 10 21
5 11 4
5 11 15
5 11 17
5 11 21
5 12 19
5 12 21
5 13 2
5 13 7
5 13 8
5 13 14
5 13 15
5 14 0
5 14 3
5 14 5
5 14 12
5 14 15
5 14 21
5 15 10
5 15 15
5 15 16
5 15 22
5 16 9
5 16 10
5 16 15
5 16 17
5 16 19
5 16 20
5 17 9
5 17 11
5 17 18
5 17 19
5 18 0
5 18 17
5 18 19
5 19 3
5 19 4
5 19 8
5 19 10
5 19 16
5 19 20
5 20 0
5 20 1
5 20 17
5 20 18
5 21 3
5 21 12
5 21 20