561
6
24 26 26 24 24 24
421

0 58 0 0 0 400 790 0 0 0 0 0 22 0 44 0 0 0 73 0 0 100 3 0
0 0 921 498 833 485 379 0 331 0 196 915 2 0 0 26 48 0 0 0 0 0 0 98 0 60
0 614 597 975 0 742 0 544 0 0 764 162 0 55 0 0 0 70 20 0 0 0 0 16 19 0
571 160 4 0 0 618 0 0 283 0 0 0 14 71 0 0 3 0 0 0 1 0 0 78
0 0 0 0 739 622 0 58 0 626 30 372 0 33 7 89 62 72 53 33 0 66 0 43
0 0 2 0 0 106 0 0 733 931 230 57 60 28 85 30 10 0 0 5 32 99 0 0

0 0 7
0 1 5
0 1 6
0 1 16
0 2 2
0 2 6
0 2 25
0 3 0
0 3 1
0 3 4
0 4 0
0 4 2
0 4 6
0 4 7
0 4 8
0 5 2
0 5 9
0 5 10
0 5 11
0 6 2
0 6 11
0 6 19
0 7 6
0 7 10
0 7 11
0 8 1
0 8 8
0 8 9
0 8 12
0 9 2
0 9 3
0 9 11
0 9 13
0 10 5
0 10 9
0 10 15
0 10 21
0 11 0
0 11 3
0 11 4
0 11 6
0 11 8
0 11 11
0 11 24
0 11 25
0 12 0
0 12 13
0 12 15
0 12 25
0 13 25
0 14 13
0 14 14
0 14 15
0 14 20
0 14 21
0 14 24
0 14 25
0 16 25
0 17 11
0 17 16
0 17 20
0 17 22
0 18 2
0 18 9
0 19 4
0 19 6
0 20 4
0 20 19
0 20 21
0 20 22
0 20 25
0 21 7
0 21 14
0 21 23
0 21 25
0 22 2
0 22 5
0 22 10
0 22 19
0 22 24
0 23 4
0 23 15
1 0 1
1 0 2
1 0 5
1 0 9
1 0 12
1 0 21
1 1 7
1 1 10
1 1 11
1 2 0
1 2 3
1 2 6
1 2 12
1 2 15
1 3 3
1 3 6
1 3 13
1 3 16
1 4 5
1 4 6
1 4 10
1 4 11
1 4 21
1 4 25
1 5 1
1 5 7
1 5 11
1 6 3
1 6 4
1 6 6
1 6 16
1 6 22
1 7 5
1 7 16
1 8 13
1 9 1
1 9 6
1 9 9
1 10 3
1 10 4
1 10 5
1 10 10
1 10 12
1 10 17
1 11 0
1 11 1
1 11 3
1 11 7
1 11 8
1 12 5
1 12 6
1 12 17
1 13 5
1 13 20
1 14 22
1 15 20
1 15 21
1 16 9
1 16 19
1 16 21
1 17 6
1 17 13
1 18 0
1 18 23
1 18 25
1 19 4
1 19 11
1 19 12
1 19 13
1 19 16
1 20 6
1 20 13
1 20 15
1 20 20
1 21 4
1 21 6
1 21 7
1 21 20
1 22 4
1 22 23
1 22 25
1 23 21
1 24 6
1 24 17
1 24 18
1 24 20
1 24 21
1 25 18
1 25 19
1 25 22
2 0 0
2 0 6
2 0 10
2 1 0
2 1 2
2 1 11
2 1 15
2 1 22
2 2 0
2 2 3
2 3 1
2 3 3
2 3 4
2 3 6
2 3 7
2 3 8
2 4 2
2 4 3
2 4 9
2 4 10
2 4 23
2 5 7
2 6 2
2 6 3
2 6 5
2 6 8
2 6 18
2 7 4
2 7 5
2 7 11
2 7 20
2 8 4
2 8 6
2 8 8
2 8 9
2 9 1
2 9 2
2 9 8
2 10 0
2 10 5
2 10 7
2 10 9
2 10 19
2 11 1
2 11 2
2 11 3
2 11 8
2 12 3
2 12 6
2 12 20
2 13 16
2 13 18
2 14 16
2 14 19
2 14 22
2 15 13
2 15 14
2 15 15
2 15 22
2 16 21
2 17 22
2 19 11
2 19 18
2 19 20
2 19 23
2 20 20
2 21 5
2 21 16
2 21 21
2 22 12
2 22 21
2 23 1
2 23 15
2 23 19
2 23 20
2 23 22
2 24 3
2 24 5
2 24 13
2 24 14
2 25 0
2 25 3
2 25 18
2 25 23
3 0 13
3 1 3
3 1 5
3 1 6
3 1 11
3 2 0
3 2 1
3 2 3
3 2 22
3 3 5
3 3 9
3 3 19
3 4 0
3 4 2
3 4 3
3 4 6
3 4 11
3 4 19
3 5 0
3 5 3
3 5 5
3 5 8
3 5 9
3 6 0
3 6 5
3 6 9
3 7 1
3 7 5
3 7 9
3 7 11
3 8 5
3 8 7
3 8 19
3 8 21
3 9 1
3 9 7
3 9 9
3 10 0
3 10 1
3 10 9
3 10 11
3 10 21
3 11 4
3 11 23
3 12 12
3 12 14
3 12 18
3 12 22
3 13 3
3 13 13
3 13 16
3 14 14
3 14 17
3 14 18
3 14 21
3 14 22
3 16 3
3 16 12
3 16 16
3 16 23
3 17 0
3 17 19
3 18 13
3 18 18
3 18 21
3 19 0
3 19 12
3 19 15
3 19 21
3 20 1
3 20 9
3 21 7
3 21 19
3 22 8
3 22 15
3 22 19
3 22 21
3 22 22
3 23 16
3 23 23
4 0 1
4 0 3
4 0 5
4 0 6
4 0 9
4 0 19
4 1 0
4 1 2
4 1 5
4 1 6
4 1 9
4 1 17
4 2 3
4 2 5
4 2 8
4 2 19
4 3 1
4 3 4
4 3 5
4 3 6
4 3 7
4 3 20
4 4 1
4 4 3
4 4 11
4 5 18
4 6 2
4 6 6
4 6 9
4 6 11
4 6 19
4 7 6
4 7 10
4 7 11
4 8 1
4 8 4
4 8 5
4 8 7
4 8 8
4 8 14
4 9 9
4 9 14
4 9 22
4 10 6
4 11 2
4 11 7
4 12 21
4 13 10
4 13 14
4 13 22
4 14 10
4 15 0
4 15 7
4 16 12
4 16 14
4 16 16
4 16 18
4 17 1
4 17 22
4 18 13
4 18 14
4 18 15
4 18 17
4 18 18
4 18 19
4 18 21
4 18 23
4 19 0
4 19 19
4 20 6
4 20 16
4 20 23
4 21 1
4 21 7
4 21 15
4 21 19
4 22 1
4 22 9
4 22 16
4 22 19
4 23 3
4 23 4
4 23 8
4 23 14
4 23 18