2031
6
30 28 29 28 28 30
476

0 759 0 455 563 0 133 343 229 92 943 0 0 0 0 0 0 0 45 25 36 36 0 0 20 99 59 63 97 25
0 634 369 0 0 312 347 0 0 68 0 184 59 77 0 76 0 18 0 66 92 0 77 6 0 0 74 0
0 124 0 374 0 157 0 0 0 0 377 781 13 16 50 0 0 68 0 0 0 0 17 0 0 0 0 83 70
0 0 951 0 0 594 398 0 0 0 0 347 12 0 6 0 0 24 0 0 8 0 58 89 0 56 0 99
0 0 879 0 915 634 746 170 0 0 0 0 0 46 0 0 0 0 54 0 0 0 59 0 0 0 0 44
685 0 0 300 0 0 0 923 902 0 584 949 0 0 0 0 40 0 0 0 0 75 0 65 0 0 0 37 90 0

0 0 9
0 0 17
0 0 18
0 1 2
0 1 9
0 1 11
0 2 3
0 2 8
0 2 9
0 2 15
0 2 26
0 3 6
0 3 7
0 3 18
0 3 19
0 3 20
0 3 25
0 4 13
0 4 19
0 5 6
0 5 14
0 5 15
0 5 18
0 6 3
0 6 4
0 6 10
0 6 12
0 6 14
0 6 25
0 7 2
0 7 20
0 7 25
0 8 5
0 8 8
0 8 14
0 8 15
0 9 15
0 9 21
0 9 24
0 10 0
0 10 2
0 10 12
0 10 16
0 11 4
0 11 18
0 12 2
0 12 8
0 12 14
0 12 19
0 13 2
0 13 27
0 14 8
0 15 7
0 15 9
0 15 10
0 15 18
0 16 3
0 16 18
0 16 21
0 16 25
0 17 4
0 17 11
0 17 12
0 17 13
0 18 0
0 18 1
0 18 2
0 18 5
0 18 10
0 19 14
0 19 26
0 20 10
0 20 11
0 20 15
0 20 18
0 20 23
0 21 5
0 22 18
0 22 27
0 23 0
0 23 22
0 23 24
0 24 2
0 25 1
0 25 15
0 26 11
0 26 12
0 26 23
0 26 26
0 27 3
0 27 4
0 28 9
0 28 12
0 28 13
0 28 17
0 28 25
0 29 0
1 0 1
1 0 5
1 0 14
1 0 26
1 0 28
1 1 5
1 1 6
1 1 9
1 1 12
1 2 1
1 2 6
1 2 11
1 2 19
1 2 28
1 3 2
1 3 8
1 3 9
1 4 2
1 4 7
1 4 8
1 4 10
1 4 26
1 5 8
1 5 10
1 5 12
1 5 22
1 6 6
1 6 15
1 7 0
1 7 14
1 7 22
1 7 26
1 8 10
1 8 14
1 8 20
1 8 28
1 9 2
1 9 3
1 9 10
1 9 11
1 9 12
1 9 13
1 9 14
1 9 17
1 9 18
1 9 25
1 9 28
1 10 3
1 10 5
1 10 8
1 10 10
1 10 13
1 10 18
1 10 25
1 11 9
1 11 13
1 11 20
1 11 21
1 12 0
1 12 2
1 12 12
1 12 23
1 13 10
1 13 11
1 13 27
1 14 26
1 15 3
1 15 15
1 16 4
1 16 5
1 16 26
1 17 0
1 17 12
1 18 0
1 18 8
1 19 3
1 19 8
1 20 4
1 20 8
1 20 19
1 20 28
1 21 2
1 21 11
1 22 9
1 22 10
1 22 14
1 22 15
1 23 4
1 23 10
1 23 27
1 24 5
1 24 7
1 24 13
1 24 15
1 24 16
1 24 25
1 25 8
1 25 17
1 25 26
1 26 1
1 26 5
1 26 7
1 27 4
1 27 28
2 0 6
2 0 16
2 0 21
2 0 26
2 1 20
2 1 24
2 2 3
2 2 7
2 2 9
2 2 17
2 3 1
2 3 4
2 3 8
2 3 17
2 3 24
2 4 22
2 4 23
2 5 10
2 5 12
2 5 16
2 6 11
2 6 27
2 7 0
2 7 19
2 7 23
2 7 25
2 8 1
2 8 4
2 8 11
2 8 15
2 9 2
2 9 3
2 9 6
2 9 20
2 10 1
2 10 4
2 10 8
2 10 24
2 10 27
2 11 5
2 12 3
2 12 5
2 13 23
2 13 25
2 14 9
2 14 18
2 15 15
2 16 23
2 17 9
2 17 18
2 17 22
2 17 27
2 18 0
2 18 5
2 18 6
2 18 22
2 20 2
2 20 5
2 20 11
2 20 15
2 20 19
2 21 3
2 21 17
2 21 19
2 21 23
2 22 4
2 22 14
2 22 17
2 22 23
2 23 8
2 23 23
2 23 24
2 24 3
2 25 1
2 25 5
2 25 10
2 25 22
2 25 23
2 25 26
2 26 0
2 26 8
2 26 9
2 26 12
2 26 13
2 27 7
2 27 15
2 27 18
2 27 27
2 28 17
2 28 18
3 0 3
3 0 8
3 0 11
3 0 14
3 1 0
3 1 4
3 1 6
3 2 9
3 2 25
3 2 26
3 3 4
3 3 5
3 4 1
3 4 5
3 4 6
3 4 13
3 5 3
3 5 8
3 6 0
3 6 1
3 6 13
3 6 26
3 7 3
3 7 8
3 7 18
3 8 8
3 8 13
3 8 15
3 8 17
3 8 23
3 8 24
3 9 1
3 9 4
3 9 18
3 10 5
3 10 11
3 10 14
3 10 17
3 11 5
3 11 6
3 11 7
3 11 24
3 12 3
3 12 10
3 12 12
3 12 14
3 12 15
3 12 18
3 12 21
3 13 0
3 13 23
3 13 24
3 14 6
3 14 22
3 14 23
3 15 2
3 15 6
3 15 7
3 15 19
3 15 25
3 16 1
3 16 9
3 18 21
3 18 22
3 19 7
3 19 10
3 19 21
3 19 22
3 19 23
3 19 26
3 20 3
3 20 16
3 20 20
3 21 0
3 21 1
3 21 2
3 22 4
3 23 4
3 23 5
3 24 6
3 24 7
3 24 13
3 24 17
3 24 20
3 25 2
3 25 3
3 25 5
3 25 7
3 25 8
3 25 9
3 26 4
3 26 9
3 26 15
3 26 19
3 27 6
3 27 23
4 0 5
4 0 23
4 1 0
4 1 1
4 1 13
4 1 15
4 1 21
4 2 3
4 2 7
4 2 8
4 2 12
4 2 22
4 3 4
4 3 23
4 3 26
4 3 27
4 4 1
4 4 8
4 4 14
4 4 15
4 4 17
4 5 7
4 5 13
4 5 22
4 6 0
4 6 8
4 6 20
4 7 4
4 7 6
4 8 4
4 8 6
4 8 8
4 8 10
4 8 22
4 8 27
4 9 2
4 9 3
4 9 4
4 9 6
4 9 8
4 9 12
4 10 4
4 10 29
4 11 0
4 11 1
4 11 9
4 11 25
4 11 27
4 11 28
4 12 2
4 12 3
4 12 17
4 12 22
4 13 11
4 13 13
4 13 19
4 14 3
4 14 12
4 14 21
4 15 4
4 16 7
4 17 5
4 17 10
4 17 21
4 17 28
4 19 22
4 20 4
4 20 8
4 20 10
4 20 19
4 21 0
4 21 1
4 21 10
4 21 23
4 22 0
4 23 5
4 23 6
4 24 1
4 24 3
4 24 10
4 25 2
4 25 7
4 25 26
4 26 1
4 26 20
4 27 6
4 27 11
4 27 12
4 27 18