3197
4
64 64 64 64
626

107 0 0 0 942 0 0 0 715 890 30 90 486 0 0 191 356 33 285 0 0 0 326 0 790 0 0 971 0 0 0 0 0 0 0 11 49 47 22 0 0 65 0 21 70 80 0 34 0 0 40 0 0 0 0 65 3 60 25 88 0 0 0 7
862 0 0 445 0 0 0 161 0 717 0 326 966 0 50 357 443 858 0 0 0 0 0 0 695 0 0 372 0 0 57 0 0 0 95 44 91 18 6 0 52 0 0 0 0 30 42 25 0 80 0 21 70 0 0 93 46 0 5 59 61 0 0 93
376 0 192 0 770 536 863 0 0 0 0 432 0 0 378 0 0 0 0 0 966 338 0 640 61 830 667 0 0 0 34 0 0 51 13 0 0 85 95 0 0 0 0 0 0 0 0 0 0 8 0 0 92 0 0 0 73 93 0 0 47 36 0 81
0 97 452 974 0 0 237 904 456 0 0 356 626 0 0 0 0 738 395 149 0 559 0 0 195 872 507 0 210 97 57 0 43 0 29 94 63 0 0 81 29 92 0 21 42 0 0 0 16 0 0 0 0 18 71 33 0 0 0 89 92 0 97 16

0 0 56
0 0 59
0 1 4
0 1 24
0 1 60
0 2 29
0 2 44
0 3 1
0 3 5
0 3 39
0 3 48
0 4 20
0 4 46
0 4 49
0 4 50
0 5 46
0 5 61
0 6 0
0 6 7
0 6 21
0 6 27
0 6 30
0 6 43
0 7 4
0 7 13
0 7 16
0 7 63
0 8 54
0 8 60
0 9 28
0 10 7
0 10 51
0 10 52
0 10 60
0 11 1
0 11 5
0 11 25
0 11 27
0 11 34
0 11 35
0 12 36
0 12 39
0 12 49
0 12 56
0 12 58
0 14 6
0 14 27
0 14 30
0 14 44
0 14 59
0 14 63
0 15 8
0 15 11
0 15 27
0 15 36
0 16 1
0 16 54
0 17 41
0 17 46
0 17 50
0 18 10
0 18 11
0 18 20
0 18 25
0 18 39
0 18 48
0 18 49
0 19 10
0 19 27
0 19 39
0 20 2
0 20 6
0 20 21
0 20 22
0 20 26
0 20 44
0 20 61
0 21 6
0 21 8
0 21 51
0 22 7
0 22 10
0 22 17
0 23 8
0 23 9
0 23 24
0 23 42
0 24 19
0 24 41
0 24 46
0 24 49
0 25 1
0 25 12
0 25 23
0 25 44
0 26 0
0 26 27
0 26 45
0 27 3
0 27 8
0 27 19
0 27 49
0 27 52
0 27 54
0 28 12
0 28 15
0 28 36
0 29 43
0 29 44
0 30 58
0 31 51
0 32 18
0 33 1
0 33 11
0 33 42
0 33 50
0 34 26
0 35 15
0 36 10
0 36 11
0 36 54
0 36 56
0 37 7
0 37 15
0 37 16
0 37 52
0 38 1
0 38 18
0 38 60
0 39 57
0 40 26
0 40 40
0 40 41
0 41 4
0 41 44
0 41 49
0 42 15
0 42 40
0 43 7
0 43 12
0 44 2
0 44 11
0 44 19
0 45 36
0 45 52
0 46 10
0 46 32
0 46 46
0 47 1
0 47 15
0 47 25
0 47 33
0 47 41
0 48 3
0 49 4
0 49 11
0 49 40
0 49 50
0 51 4
0 51 5
0 51 10
0 51 14
0 51 45
0 52 7
0 52 18
0 52 25
0 53 3
0 53 34
0 53 56
0 53 61
0 54 28
0 55 59
0 56 26
0 56 28
0 56 35
0 56 47
0 57 34
0 57 35
0 57 52
0 58 16
0 58 40
0 58 51
0 59 1
0 59 3
0 59 22
0 59 23
0 60 10
0 61 58
0 62 33
0 63 13
0 63 21
0 63 29
0 63 34
1 0 8
1 0 34
1 0 41
1 0 53
1 0 60
1 0 62
1 1 3
1 1 16
1 1 19
1 1 46
1 1 51
1 1 63
1 2 22
1 3 15
1 3 51
1 4 55
1 4 59
1 4 63
1 5 31
1 5 51
1 6 18
1 6 35
1 6 50
1 6 54
1 7 15
1 7 55
1 8 24
1 8 40
1 8 43
1 8 49
1 9 14
1 9 36
1 9 54
1 9 56
1 10 6
1 10 12
1 10 19
1 10 32
1 10 37
1 10 38
1 10 43
1 10 61
1 11 10
1 11 30
1 11 50
1 13 16
1 13 23
1 13 38
1 14 0
1 14 26
1 14 43
1 15 10
1 15 21
1 15 25
1 15 34
1 15 37
1 15 39
1 16 43
1 16 45
1 16 63
1 17 27
1 18 5
1 18 25
1 18 39
1 18 46
1 19 7
1 19 15
1 19 27
1 19 31
1 20 7
1 20 12
1 20 30
1 20 43
1 20 54
1 20 56
1 20 58
1 21 35
1 21 36
1 21 37
1 21 38
1 22 3
1 22 9
1 22 22
1 22 31
1 22 47
1 23 14
1 23 15
1 23 24
1 23 46
1 23 51
1 24 51
1 25 14
1 25 45
1 25 48
1 25 60
1 26 5
1 26 31
1 26 38
1 26 42
1 29 0
1 29 6
1 29 10
1 29 22
1 29 37
1 29 61
1 30 25
1 30 58
1 31 34
1 31 45
1 31 56
1 32 9
1 32 34
1 32 37
1 32 44
1 32 58
1 33 15
1 33 24
1 33 46
1 33 47
1 34 0
1 34 4
1 35 24
1 35 27
1 35 55
1 36 12
1 36 19
1 36 23
1 36 39
1 36 45
1 36 52
1 37 4
1 37 11
1 37 31
1 37 34
1 37 35
1 37 45
1 37 52
1 38 1
1 38 5
1 38 10
1 39 6
1 39 12
1 39 53
1 39 57
1 39 61
1 40 6
1 40 20
1 40 39
1 40 46
1 41 18
1 42 18
1 42 23
1 42 31
1 42 53
1 42 55
1 42 56
1 43 18
1 43 20
1 43 28
1 43 53
1 44 18
1 44 34
1 44 42
1 45 1
1 45 23
1 45 37
1 46 11
1 46 15
1 46 21
1 46 36
1 47 56
1 48 23
1 48 51
1 49 1
1 49 12
1 49 36
1 50 14
1 50 27
1 50 40
1 50 44
1 51 46
1 51 63
1 52 8
1 52 54
1 52 55
1 52 56
1 54 5
1 54 17
1 54 52
1 54 59
1 55 2
1 55 4
1 55 10
1 55 29
1 56 11
1 56 31
1 56 59
1 57 5
1 57 10
1 57 21
1 57 30
1 58 12
1 59 0
1 59 6
1 59 13
1 59 46
1 59 49
1 60 9
1 60 21
1 60 24
1 60 34
1 60 37
1 61 13
1 61 19
1 63 5
1 63 8
1 63 11
1 63 25
1 63 29
2 0 12
2 0 61
2 1 28
2 1 47
2 2 53
2 2 62
2 3 29
2 3 36
2 3 39
2 3 42
2 3 59
2 4 6
2 4 16
2 4 44
2 5 13
2 5 27
2 6 60
2 7 9
2 7 15
2 7 35
2 7 45
2 7 58
2 8 0
2 8 2
2 8 5
2 8 11
2 8 47
2 8 59
2 8 60
2 8 61
2 9 22
2 9 28
2 9 50
2 10 5
2 10 12
2 10 27
2 10 41
2 10 57
2 11 2
2 11 9
2 11 50
2 12 6
2 12 17
2 12 51
2 12 56
2 13 40
2 13 58
2 13 59
2 14 30
2 14 55
2 14 57
2 15 0
2 15 6
2 15 36
2 15 37
2 15 50
2 15 53
2 16 53
2 17 18
2 17 37
2 18 1
2 18 62
2 19 39
2 19 62
2 20 19
2 20 31
2 20 42
2 20 43
2 21 12
2 21 47
2 22 5
2 22 23
2 22 31
2 22 56
2 23 10
2 23 50
2 23 60
2 23 62
2 25 10
2 25 26
2 25 30
2 26 0
2 26 7
2 26 54
2 27 28
2 27 36
2 27 44
2 28 8
2 28 26
2 28 40
2 28 61
2 28 62
2 29 55
2 30 0
2 30 14
2 30 21
2 30 46
2 30 49
2 31 13
2 31 19
2 31 20
2 31 26
2 31 34
2 31 42
2 31 56
2 32 15
2 33 17
2 33 21
2 33 25
2 33 46
2 34 26
2 35 32
2 36 10
2 36 19
2 36 49
2 36 53
2 37 10
2 37 23
2 37 39
2 37 41
2 37 45
2 38 6
2 38 11
2 38 28
2 39 11
2 40 21
2 41 3
2 41 43
2 42 1
2 42 27
2 42 28
2 44 6
2 44 16
2 44 18
2 44 32
2 45 5
2 45 13
2 45 17
2 45 18
2 45 27
2 45 29
2 45 52
2 45 60
2 46 3
2 46 8
2 46 19
2 47 7
2 47 23
2 47 24
2 47 36
2 47 43
2 47 63
2 48 6
2 48 18
2 49 14
2 49 20
2 50 1
2 50 2
2 50 3
2 50 8
2 50 36
2 51 1
2 51 6
2 51 36
2 52 17
2 52 22
2 52 23
2 52 35
2 53 22
2 53 39
2 53 58
2 54 47
2 54 48
2 55 18
2 55 19
2 55 24
2 55 48
2 55 54
2 56 48
2 57 1
2 57 15
2 57 20
2 57 55
2 57 61
2 58 1
2 58 18
2 58 32
2 58 52
2 58 57
2 59 3
2 59 7
2 59 8
2 59 15
2 59 19
2 59 25
2 59 47
2 59 49
2 61 2
2 61 19
2 61 45
2 61 53
2 62 3
2 62 4
2 62 15
2 62 21
2 62 28
2 62 47
2 62 48
2 63 3
2 63 16
2 63 25
2 63 26
2 63 27
2 63 37