2478
6
43 43 43 44 42 42
923

0 718 0 0 0 0 908 973 0 956 167 456 0 0 657 480 683 0 55 51 8 17 44 95 0 92 0 0 76 40 0 0 46 0 100 37 0 0 37 97 1 31 22
39 993 105 864 0 0 0 94 0 0 398 63 0 0 0 490 0 0 0 0 90 0 0 0 73 72 77 21 51 84 0 0 63 0 52 34 68 0 88 0 61 16 33
0 0 0 342 244 0 611 355 0 0 546 0 0 148 326 0 75 0 65 0 0 0 75 0 46 80 0 0 1 79 26 9 0 67 0 0 46 0 11 65 0 0 0
7 991 0 13 0 864 756 602 321 0 717 0 923 236 0 481 0 33 0 0 1 46 0 0 43 49 49 95 31 0 0 0 0 26 0 0 40 19 0 0 61 15 0 0
88 0 0 523 25 316 961 0 0 0 258 0 0 0 870 780 31 0 0 0 0 0 76 86 20 0 0 0 36 0 70 16 0 0 37 12 0 0 5 0 43 11
901 809 63 0 297 262 0 0 0 0 0 105 0 510 0 519 80 0 0 0 29 6 90 39 0 32 70 0 74 0 0 0 58 87 17 80 36 82 0 40 0 0

0 0 3
0 0 5
0 0 7
0 0 10
0 0 22
0 0 24
0 1 3
0 1 6
0 1 14
0 1 33
0 2 7
0 2 8
0 2 10
0 2 14
0 2 28
0 2 37
0 3 5
0 3 16
0 4 1
0 4 7
0 4 18
0 4 35
0 5 8
0 5 11
0 5 14
0 5 37
0 5 39
0 6 10
0 6 11
0 6 14
0 6 24
0 7 8
0 7 16
0 7 23
0 8 13
0 8 14
0 8 15
0 8 19
0 8 23
0 8 27
0 8 38
0 9 1
0 9 6
0 9 7
0 9 9
0 9 11
0 9 16
0 9 19
0 9 25
0 10 5
0 10 6
0 10 8
0 10 9
0 10 11
0 10 15
0 10 34
0 11 31
0 12 5
0 12 26
0 12 30
0 13 2
0 13 11
0 13 27
0 14 16
0 14 23
0 14 25
0 14 34
0 14 36
0 15 12
0 15 15
0 15 37
0 15 39
0 15 40
0 16 0
0 16 11
0 17 17
0 17 20
0 17 28
0 17 37
0 18 17
0 18 23
0 18 36
0 18 40
0 19 7
0 19 23
0 19 27
0 20 11
0 20 21
0 20 26
0 20 30
0 20 39
0 20 41
0 21 4
0 21 13
0 21 17
0 21 25
0 21 27
0 21 31
0 22 23
0 22 29
0 22 31
0 22 40
0 22 41
0 23 3
0 23 25
0 23 31
0 23 34
0 24 18
0 24 21
0 24 22
0 24 25
0 24 35
0 25 32
0 26 14
0 26 18
0 26 19
0 26 23
0 26 27
0 26 29
0 26 30
0 26 31
0 26 32
0 27 8
0 27 13
0 27 18
0 27 37
0 27 38
0 27 39
0 28 2
0 28 5
0 28 10
0 28 34
0 29 2
0 29 12
0 29 17
0 29 20
0 29 22
0 29 36
0 30 0
0 30 12
0 30 14
0 30 19
0 31 6
0 31 28
0 33 33
0 33 34
0 33 35
0 34 1
0 34 14
0 34 16
0 34 18
0 34 22
0 34 29
0 34 30
0 34 40
0 35 30
0 35 33
0 35 34
0 35 37
0 35 41
0 37 1
0 37 2
0 37 28
0 37 33
0 37 37
0 39 15
0 39 20
0 39 21
0 39 26
0 39 36
0 40 10
0 40 15
0 40 18
0 40 19
0 40 26
0 40 31
0 40 39
0 40 42
0 41 26
0 41 31
0 41 33
0 41 36
0 42 9
0 42 26
0 42 28
0 42 33
0 42 35
0 42 37
1 0 1
1 0 6
1 0 9
1 0 12
1 0 15
1 0 25
1 1 33
1 1 36
1 2 11
1 2 12
1 2 17
1 2 30
1 3 4
1 3 7
1 3 27
1 3 40
1 4 5
1 4 15
1 4 16
1 4 31
1 5 11
1 5 30
1 5 32
1 5 36
1 6 16
1 6 19
1 6 26
1 6 27
1 6 34
1 6 41
1 7 12
1 7 40
1 9 9
1 9 13
1 10 9
1 10 22
1 11 40
1 12 2
1 12 8
1 12 18
1 12 38
1 12 40
1 12 42
1 13 12
1 13 13
1 13 19
1 13 31
1 13 33
1 13 36
1 13 39
1 14 3
1 14 8
1 14 14
1 14 22
1 14 24
1 14 25
1 14 34
1 15 1
1 15 4
1 15 9
1 15 11
1 15 14
1 15 15
1 15 36
1 15 38
1 16 1
1 16 5
1 16 30
1 16 40
1 17 35
1 17 37
1 17 41
1 18 20
1 18 22
1 18 31
1 18 34
1 19 3
1 19 18
1 19 31
1 20 9
1 20 40
1 21 0
1 21 6
1 21 24
1 21 29
1 21 38
1 21 42
1 22 1
1 22 16
1 22 23
1 22 30
1 22 32
1 22 37
1 23 27
1 23 28
1 24 1
1 24 19
1 24 41
1 25 23
1 25 39
1 26 24
1 26 27
1 26 29
1 26 33
1 26 35
1 26 37
1 28 9
1 28 24
1 28 25
1 28 38
1 28 42
1 29 17
1 29 39
1 30 14
1 30 18
1 30 19
1 30 27
1 30 33
1 30 37
1 30 38
1 31 0
1 31 22
1 31 41
1 32 0
1 32 10
1 32 12
1 32 26
1 32 32
1 32 33
1 33 0
1 33 3
1 33 10
1 33 17
1 33 19
1 33 29
1 33 33
1 33 35
1 33 42
1 34 3
1 34 28
1 34 32
1 34 35
1 34 41
1 35 8
1 35 25
1 35 33
1 35 41
1 36 30
1 36 40
1 37 2
1 37 4
1 37 12
1 37 13
1 37 14
1 37 18
1 37 21
1 37 26
1 37 29
1 37 36
1 37 40
1 37 42
1 38 28
1 38 40
1 39 9
1 39 28
1 39 41
1 40 13
1 40 25
1 40 28
1 41 6
1 41 12
1 41 30
1 41 32
1 41 40
1 42 1
1 42 10
1 42 11
1 42 12
1 42 20
2 0 1
2 0 9
2 0 12
2 0 38
2 1 2
2 1 7
2 1 14
2 1 21
2 1 31
2 1 36
2 1 43
2 2 0
2 2 2
2 2 30
2 2 36
2 2 41
2 3 2
2 3 7
2 3 14
2 3 15
2 3 16
2 3 24
2 3 37
2 4 7
2 4 33
2 5 6
2 5 13
2 5 20
2 5 29
2 5 40
2 6 0
2 6 29
2 6 36
2 6 40
2 7 7
2 7 15
2 7 16
2 7 18
2 7 32
2 7 33
2 8 1
2 8 5
2 8 8
2 8 22
2 8 33
2 9 38
2 9 39
2 9 42
2 10 24
2 10 30
2 10 40
2 11 12
2 11 35
2 12 13
2 12 18
2 12 25
2 12 26
2 13 0
2 13 2
2 13 5
2 13 9
2 13 10
2 13 21
2 13 35
2 13 39
2 14 23
2 15 28
2 15 29
2 15 36
2 15 39
2 16 2
2 16 11
2 16 22
2 16 25
2 16 40
2 17 3
2 17 4
2 17 21
2 17 22
2 17 32
2 17 41
2 18 9
2 18 41
2 18 42
2 18 43
2 19 22
2 19 26
2 19 28
2 20 9
2 20 26
2 20 28
2 20 39
2 21 2
2 21 14
2 21 15
2 21 23
2 21 30
2 21 33
2 21 34
2 22 3
2 22 28
2 22 29
2 22 34
2 22 37
2 23 1
2 23 18
2 23 28
2 23 36
2 24 4
2 24 10
2 24 25
2 24 28
2 24 38
2 24 40
2 25 0
2 25 11
2 25 23
2 25 35
2 25 37
2 26 15
2 26 19
2 26 23
2 26 28
2 26 29
2 26 31
2 26 37
2 26 42
2 27 7
2 27 19
2 27 32
2 27 37
2 28 10
2 28 12
2 28 31
2 29 0
2 29 2
2 29 8
2 29 11
2 29 25
2 29 33
2 30 6
2 30 16
2 30 18
2 30 21
2 30 24
2 31 7
2 31 23
2 31 24
2 32 25
2 32 29
2 32 30
2 32 34
2 32 40
2 32 43
2 33 2
2 33 6
2 33 8
2 33 16
2 33 21
2 33 32
2 33 33
2 33 37
2 34 18
2 34 24
2 34 25
2 34 26
2 34 27
2 34 34
2 35 2
2 35 8
2 35 39
2 36 11
2 36 27
2 36 35
2 37 2
2 37 21
2 38 2
2 38 14
2 38 18
2 38 39
2 39 17
2 39 22
2 39 37
2 39 38
2 40 21
2 40 27
2 40 29
2 41 20
2 41 26
2 41 33
2 41 38
2 42 9
2 42 18
2 42 38
2 42 40
3 0 1
3 0 3
3 0 4
3 0 31
3 0 39
3 1 7
3 1 25
3 2 2
3 2 11
3 2 15
3 2 29
3 2 39
3 3 7
3 3 12
3 3 39
3 3 40
3 4 4
3 4 14
3 4 35
3 5 2
3 5 3
3 5 31
3 5 39
3 6 3
3 6 7
3 6 12
3 7 6
3 7 11
3 7 31
3 7 40
3 8 4
3 8 6
3 8 9
3 8 11
3 8 19
3 8 20
3 8 28
3 8 29
3 9 10
3 9 26
3 9 32
3 9 34
3 9 37
3 9 41
3 10 0
3 10 3
3 10 4
3 10 23
3 11 1
3 11 7
3 11 28
3 12 11
3 12 12
3 13 2
3 13 9
3 13 12
3 13 22
3 13 23
3 13 36
3 14 7
3 14 9
3 14 20
3 14 29
3 15 12
3 15 14
3 15 15
3 15 22
3 15 27
3 16 14
3 16 15
3 16 17
3 16 39
3 17 2
3 17 25
3 17 39
3 18 0
3 18 4
3 18 31
3 19 4
3 19 18
3 19 36
3 19 37
3 19 41
3 20 24
3 20 30
3 20 36
3 21 14
3 21 39
3 22 2
3 22 15
3 22 16
3 22 19
3 22 24
3 22 27
3 22 36
3 23 7
3 23 19
3 23 27
3 23 32
3 23 33
3 24 25
3 24 28
3 24 38
3 25 4
3 25 18
3 25 28
3 25 37
3 26 0
3 26 14
3 26 17
3 26 29
3 26 31
3 26 39
3 27 12
3 27 16
3 27 17
3 27 19
3 27 20
3 28 37
3 28 40
3 29 9
3 29 13
3 29 18
3 29 21
3 29 23
3 29 31
3 29 39
3 30 10
3 30 29
3 30 30
3 30 40
3 31 17
3 31 32
3 31 38
3 32 1
3 32 4
3 32 9
3 32 11
3 32 16
3 32 23
3 32 29
3 33 2
3 33 9
3 33 12
3 33 20
3 33 26
3 33 31
3 33 36
3 34 28
3 35 17
3 35 27
3 35 32
3 36 10
3 36 31
3 36 33
3 36 41
3 37 6
3 37 18
3 37 20
3 37 30
3 37 39
3 38 1
3 38 2
3 38 22
3 38 24
3 39 9
3 39 20
3 39 24
3 40 18
3 40 21
3 41 2
3 41 3
3 41 21
3 41 39
3 42 7
3 42 11
3 42 19
3 42 21
3 42 26
3 42 30
3 42 34
3 42 39
3 43 4
3 43 14
3 43 17
3 43 19
3 43 22
3 43 23
3 43 31
3 43 33
3 43 40
4 1 2
4 1 3
4 1 35
4 1 36
4 1 41
4 2 14
4 2 16
4 2 21
4 2 35
4 3 6
4 3 7
4 3 38
4 4 10
4 4 11
4 4 12
4 4 15
4 4 16
4 4 41
4 5 1
4 5 4
4 5 6
4 5 12
4 5 13
4 6 1
4 6 10
4 6 13
4 6 26
4 7 7
4 7 10
4 7 13
4 7 18
4 7 26
4 8 9
4 8 19
4 8 24
4 8 38
4 9 0
4 9 2
4 9 4
4 9 6
4 9 13
4 9 21
4 10 0
4 10 2
4 10 16
4 10 19
4 10 21
4 11 3
4 11 18
4 11 26
4 12 17
4 12 41
4 13 8
4 13 11
4 13 14
4 13 16
4 13 17
4 13 20
4 13 35
4 13 39
4 14 4
4 14 20
4 14 41
4 15 4
4 15 5
4 15 8
4 15 10
4 15 13
4 15 23
4 15 35
4 16 1
4 16 5
4 16 19
4 17 5
4 17 22
4 17 23
4 17 24
4 17 31
4 17 35
4 17 40
4 18 4
4 18 12
4 18 13
4 18 16
4 18 31
4 18 34
4 18 39
4 18 40
4 19 1
4 19 22
4 19 25
4 19 36
4 20 20
4 20 29
4 20 38
4 21 0
4 21 10
4 21 20
4 21 37
4 22 3
4 22 4
4 22 11
4 22 14
4 22 15
4 22 18
4 23 19
4 23 36
4 24 11
4 25 3
4 25 4
4 25 29
4 25 33
4 25 41
4 26 28
4 26 31
4 27 4
4 27 6
4 27 9
4 27 21
4 27 23
4 27 25
4 28 3
4 28 6
4 28 19
4 28 21
4 28 35
4 28 38
4 29 24
4 29 29
4 29 32
4 29 33
4 30 4
4 30 37
4 30 40
4 31 4
4 31 9
4 31 34
4 31 39
4 32 19
4 32 21
4 32 30
4 32 32
4 32 37
4 33 18
4 33 28
4 33 29
4 34 5
4 34 32
4 34 33
4 35 0
4 35 19
4 35 28
4 36 17
4 36 18
4 37 14
4 37 23
4 37 32
4 37 40
4 38 3
4 38 8
4 39 16
4 40 29
4 40 31
4 40 37
4 40 39
4 41 4
4 41 18
4 41 25
4 41 37
4 41 41