1376
5
37 35 35 35 35
797

556 916 753 0 0 672 0 370 365 0 0 0 291 0 35 65 0 0 13 0 0 67 0 0 0 0 54 96 11 0 30 48 74 86 7 0 0
0 0 621 0 0 462 0 655 393 0 0 0 749 0 0 63 0 3 0 7 94 72 14 0 42 65 78 24 12 0 0 69 0 0 0
159 0 553 0 175 319 0 735 0 0 553 871 0 64 8 0 98 93 94 44 21 83 0 3 0 0 65 47 0 0 57 51 43 0 91
820 325 6 0 0 1 641 0 794 738 0 348 368 0 55 98 0 0 95 88 0 0 0 4 25 0 0 0 0 0 0 0 99 37 0
3 0 0 0 0 0 78 553 495 0 0 0 790 0 27 0 75 0 44 0 53 43 0 6 0 28 0 0 0 99 0 0 42 56 26

0 0 9
0 0 11
0 0 25
0 1 3
0 1 10
0 1 18
0 1 20
0 1 27
0 2 0
0 2 3
0 2 6
0 2 7
0 2 11
0 3 2
0 3 12
0 3 17
0 3 21
0 3 23
0 3 29
0 3 31
0 4 0
0 4 3
0 4 5
0 4 8
0 4 9
0 4 13
0 4 23
0 4 26
0 4 27
0 4 29
0 5 9
0 5 22
0 5 30
0 6 2
0 6 6
0 6 11
0 6 12
0 6 13
0 6 21
0 6 30
0 7 3
0 7 4
0 7 7
0 7 10
0 7 15
0 7 22
0 7 24
0 7 26
0 8 2
0 8 3
0 8 5
0 8 8
0 8 10
0 8 13
0 9 4
0 9 5
0 9 7
0 9 9
0 9 15
0 9 21
0 9 25
0 10 0
0 10 2
0 10 5
0 10 7
0 10 10
0 10 14
0 10 17
0 10 21
0 11 5
0 11 7
0 11 9
0 11 23
0 12 1
0 12 7
0 12 9
0 12 11
0 12 12
0 12 19
0 12 29
0 13 0
0 13 1
0 13 3
0 13 4
0 13 5
0 13 8
0 13 25
0 13 27
0 14 7
0 14 14
0 15 4
0 15 11
0 15 12
0 15 15
0 15 16
0 15 18
0 15 24
0 15 30
0 15 32
0 15 33
0 16 2
0 16 17
0 16 21
0 16 24
0 16 25
0 16 34
0 17 23
0 17 29
0 17 32
0 18 2
0 18 15
0 18 29
0 19 4
0 19 17
0 19 22
0 19 24
0 19 26
0 19 34
0 20 15
0 20 16
0 20 20
0 21 5
0 21 6
0 21 13
0 21 15
0 21 29
0 22 8
0 22 12
0 22 20
0 22 24
0 22 26
0 22 29
0 23 1
0 23 25
0 24 2
0 24 4
0 24 13
0 24 19
0 24 26
0 24 32
0 25 6
0 25 13
0 25 23
0 25 24
0 25 31
0 25 34
0 26 3
0 26 9
0 26 32
0 27 6
0 27 22
0 27 23
0 28 22
0 28 26
0 28 33
0 29 17
0 29 32
0 30 7
0 30 17
0 30 21
0 30 28
0 30 32
0 31 5
0 31 6
0 31 18
0 31 25
0 31 30
0 31 33
0 32 1
0 32 5
0 32 8
0 32 19
0 32 21
0 32 23
0 32 29
0 32 34
0 33 10
0 33 16
0 33 24
0 34 14
0 34 25
0 35 0
0 35 1
0 35 5
0 35 31
0 35 34
0 36 11
0 36 12
0 36 19
0 36 22
0 36 25
1 0 1
1 0 2
1 0 3
1 0 5
1 0 29
1 0 30
1 1 1
1 1 6
1 1 8
1 1 12
1 1 21
1 1 32
1 1 34
1 2 11
1 2 15
1 2 19
1 3 1
1 3 7
1 3 18
1 3 34
1 4 2
1 4 4
1 4 7
1 4 8
1 4 11
1 4 28
1 5 0
1 5 2
1 5 5
1 5 7
1 5 9
1 5 17
1 5 20
1 5 31
1 6 2
1 6 4
1 6 9
1 6 12
1 6 17
1 7 0
1 7 1
1 7 3
1 7 4
1 7 6
1 7 8
1 7 9
1 7 10
1 7 12
1 7 16
1 7 22
1 7 32
1 7 33
1 7 34
1 8 0
1 8 4
1 8 5
1 8 10
1 8 22
1 8 30
1 9 0
1 9 2
1 9 3
1 9 4
1 9 5
1 9 9
1 9 10
1 9 26
1 9 28
1 10 0
1 10 2
1 10 4
1 10 6
1 10 8
1 10 10
1 10 15
1 10 16
1 10 27
1 10 31
1 11 2
1 11 7
1 11 12
1 11 24
1 11 25
1 11 27
1 12 0
1 12 3
1 12 7
1 12 9
1 12 12
1 12 13
1 12 14
1 12 15
1 12 20
1 12 21
1 12 22
1 12 23
1 12 24
1 13 29
1 14 0
1 14 1
1 14 5
1 14 7
1 14 14
1 14 18
1 14 19
1 14 21
1 14 23
1 14 27
1 15 3
1 15 8
1 15 9
1 15 21
1 15 23
1 15 29
1 16 18
1 16 22
1 16 25
1 17 0
1 17 7
1 17 16
1 17 27
1 17 33
1 18 2
1 18 4
1 18 17
1 18 18
1 18 33
1 18 34
1 19 3
1 19 9
1 19 15
1 19 29
1 19 31
1 19 33
1 20 4
1 20 12
1 20 23
1 20 25
1 20 26
1 20 32
1 21 10
1 21 15
1 21 21
1 21 22
1 21 26
1 22 14
1 22 15
1 22 17
1 22 21
1 22 27
1 22 31
1 23 14
1 23 15
1 23 17
1 23 20
1 23 26
1 23 31
1 24 0
1 24 2
1 24 6
1 24 15
1 24 20
1 24 29
1 24 30
1 25 24
1 25 27
1 25 29
1 25 31
1 26 3
1 26 6
1 26 34
1 27 5
1 27 16
1 27 20
1 27 27
1 27 30
1 28 12
1 28 15
1 28 16
1 28 28
1 29 4
1 29 14
1 29 21
1 29 29
1 30 4
1 30 10
1 30 20
1 30 24
1 30 30
1 31 6
1 32 8
1 32 10
1 32 22
1 33 6
1 33 19
1 34 1
1 34 3
1 34 14
1 34 17
1 34 19
2 0 6
2 0 7
2 0 8
2 0 21
2 0 26
2 1 2
2 1 5
2 1 7
2 1 9
2 1 12
2 1 15
2 1 19
2 1 24
2 1 33
2 1 34
2 2 4
2 2 5
2 2 8
2 2 12
2 2 14
2 2 21
2 3 2
2 3 4
2 3 7
2 3 8
2 3 9
2 3 10
2 3 11
2 3 12
2 3 17
2 3 18
2 4 0
2 4 2
2 4 3
2 4 8
2 4 21
2 4 28
2 4 30
2 5 1
2 5 2
2 5 3
2 5 5
2 5 7
2 5 23
2 5 24
2 5 32
2 6 3
2 6 4
2 6 11
2 6 12
2 7 0
2 7 3
2 7 8
2 7 11
2 7 15
2 7 24
2 8 2
2 8 3
2 8 4
2 8 6
2 8 9
2 9 4
2 9 5
2 9 7
2 9 10
2 9 11
2 9 17
2 9 18
2 10 2
2 10 3
2 10 12
2 10 27
2 10 29
2 10 30
2 11 1
2 11 3
2 11 6
2 11 7
2 11 9
2 11 12
2 11 27
2 12 1
2 12 7
2 12 8
2 12 11
2 12 20
2 12 22
2 13 8
2 13 17
2 13 23
2 13 31
2 13 34
2 14 12
2 15 20
2 15 23
2 15 28
2 16 17
2 16 23
2 17 7
2 17 14
2 17 21
2 17 26
2 17 27
2 17 29
2 17 30
2 17 31
2 17 34
2 18 16
2 19 8
2 19 11
2 19 14
2 19 25
2 19 27
2 19 29
2 19 30
2 19 31
2 20 1
2 20 11
2 20 27
2 21 2
2 21 6
2 21 10
2 21 26
2 22 10
2 22 21
2 22 23
2 22 24
2 22 32
2 23 3
2 23 7
2 23 9
2 23 11
2 23 26
2 24 8
2 24 12
2 24 16
2 24 18
2 24 21
2 24 26
2 24 34
2 25 2
2 25 5
2 25 6
2 25 15
2 25 22
2 25 24
2 25 26
2 25 28
2 26 1
2 26 12
2 26 17
2 26 20
2 26 33
2 27 2
2 27 25
2 27 28
2 28 12
2 28 13
2 28 15
2 28 24
2 29 3
2 29 7
2 29 12
2 29 18
2 29 19
2 29 20
2 29 23
2 29 25
2 30 32
2 30 33
2 31 6
2 31 8
2 31 16
2 31 20
2 31 21
2 31 22
2 31 31
2 31 32
2 32 2
2 32 9
2 32 12
2 32 15
2 32 20
2 33 1
2 33 2
2 33 19
2 33 20
2 33 24
2 33 26
2 34 0
2 34 12
2 34 23
2 34 32
3 0 0
3 0 7
3 0 9
3 0 10
3 1 0
3 1 2
3 1 8
3 1 30
3 1 33
3 2 2
3 2 4
3 2 7
3 2 8
3 2 28
3 2 30
3 2 32
3 3 3
3 3 10
3 3 12
3 3 29
3 3 34
3 4 0
3 4 2
3 4 3
3 4 8
3 4 10
3 4 18
3 4 22
3 4 28
3 5 0
3 5 2
3 5 3
3 5 4
3 5 5
3 5 6
3 5 7
3 5 8
3 5 9
3 5 10
3 5 16
3 5 17
3 5 25
3 5 26
3 6 0
3 6 1
3 6 5
3 6 7
3 6 10
3 6 12
3 6 25
3 6 33
3 6 34
3 7 0
3 7 1
3 7 5
3 7 10
3 7 11
3 7 19
3 7 23
3 7 28
3 7 32
3 8 3
3 8 7
3 8 8
3 8 9
3 8 12
3 8 14
3 8 22
3 8 30
3 9 1
3 9 3
3 9 7
3 9 9
3 9 11
3 9 12
3 9 23
3 10 1
3 10 5
3 10 6
3 10 7
3 11 4
3 11 7
3 11 9
3 11 11
3 11 28
3 11 30
3 12 2
3 12 7
3 12 9
3 12 11
3 12 13
3 12 16
3 12 25
3 12 27
3 12 28
3 12 33
3 13 1
3 13 22
3 13 23
3 13 24
3 13 26
3 14 4
3 14 10
3 14 21
3 14 27
3 14 28
3 14 29
3 14 34
3 15 10
3 15 19
3 15 25
3 15 31
3 16 9
3 16 15
3 16 23
3 16 25
3 16 33
3 17 2
3 17 7
3 17 14
3 17 21
3 17 24
3 17 26
3 17 34
3 18 3
3 18 8
3 18 16
3 18 26
3 18 29
3 19 5
3 19 7
3 19 23
3 20 0
3 20 3
3 20 9
3 20 14
3 20 18
3 20 20
3 20 27
3 20 31
3 21 5
3 21 12
3 21 14
3 21 16
3 21 24
3 22 14
3 22 18
3 22 21
3 22 29
3 22 31
3 22 32
3 23 15
3 23 17
3 23 18
3 23 25
3 23 34
3 24 0
3 24 9
3 24 14
3 24 19
3 24 27
3 25 5
3 25 6
3 25 8
3 25 19
3 25 25
3 25 26
3 25 32
3 26 16
3 26 29
3 26 30
3 26 34
3 27 23
3 27 26
3 27 31
3 28 16
3 28 20
3 28 26
3 29 11
3 29 13
3 29 20
3 29 24
3 29 28
3 29 33
3 30 0
3 30 4
3 30 11
3 30 13
3 30 23
3 30 32
3 31 3
3 31 13
3 31 17
3 31 21
3 31 32
3 32 7
3 32 24
3 32 29
3 33 0
3 33 2
3 33 9
3 33 11
3 33 14
3 33 15
3 33 16
3 33 19
3 33 20
3 33 28
3 33 29
3 34 4
3 34 20
3 34 26
3 34 28