5252
6
37 36 36 36 36 36
574

263 0 599 0 102 255 730 141 0 462 0 0 99 52 0 69 89 63 0 86 0 0 3 0 83 0 0 12 45 0 0 82 0 0 0 58 33
0 835 0 145 0 0 0 0 957 0 501 0 44 47 17 0 89 0 0 30 0 0 51 25 0 96 90 0 20 0 97 0 0 57 41 0
0 321 0 0 227 0 0 280 0 0 129 241 53 47 75 0 0 0 0 79 0 23 0 0 0 0 55 0 17 0 0 0 13 0 89 0
0 0 671 947 924 647 947 0 35 575 0 0 0 86 68 66 0 0 39 0 0 0 48 0 59 0 59 0 86 80 0 0 32 0 20 71
0 0 0 512 0 0 838 0 177 0 0 0 11 23 70 0 0 0 34 85 0 12 0 0 86 54 75 0 88 0 32 65 0 0 3 0
875 999 0 0 424 667 769 0 576 982 173 0 97 0 0 37 67 39 54 0 0 54 12 32 0 0 71 0 41 75 82 0 0 17 57 94

0 0 5
0 0 10
0 0 23
0 0 27
0 0 29
0 1 2
0 1 6
0 1 22
0 1 23
0 1 33
0 2 3
0 2 10
0 2 22
0 3 3
0 3 4
0 3 21
0 3 23
0 3 27
0 3 33
0 4 8
0 4 10
0 4 11
0 4 15
0 5 3
0 5 6
0 5 9
0 6 1
0 6 3
0 6 13
0 6 32
0 7 7
0 8 3
0 8 5
0 8 10
0 8 11
0 8 12
0 8 22
0 8 26
0 9 1
0 9 9
0 9 17
0 9 24
0 9 29
0 9 32
0 10 0
0 10 3
0 10 10
0 10 15
0 10 16
0 10 17
0 10 23
0 10 26
0 10 30
0 11 2
0 11 3
0 11 20
0 11 24
0 11 29
0 11 30
0 11 31
0 11 34
0 12 7
0 13 2
0 13 15
0 14 7
0 14 9
0 14 32
0 15 11
0 15 23
0 15 24
0 16 0
0 16 3
0 16 22
0 16 25
0 16 30
0 17 10
0 17 31
0 18 1
0 19 2
0 19 3
0 19 12
0 19 14
0 19 19
0 19 28
0 20 9
0 20 28
0 20 33
0 21 9
0 21 19
0 21 25
0 22 25
0 23 10
0 23 11
0 23 30
0 24 5
0 24 7
0 24 13
0 24 19
0 25 10
0 25 27
0 25 34
0 26 5
0 26 7
0 26 17
0 26 25
0 28 9
0 29 7
0 30 11
0 31 12
0 32 0
0 32 5
0 32 8
0 32 11
0 32 12
0 33 23
0 33 25
0 33 29
0 34 12
0 34 18
0 34 31
0 35 8
0 35 28
0 36 2
0 36 18
0 36 31
1 0 3
1 0 9
1 0 30
1 1 0
1 1 28
1 2 0
1 2 3
1 2 6
1 2 8
1 3 3
1 3 7
1 3 10
1 3 29
1 4 2
1 4 7
1 4 22
1 4 27
1 5 1
1 5 10
1 5 11
1 5 35
1 6 0
1 6 8
1 6 34
1 7 0
1 7 2
1 7 4
1 7 10
1 7 18
1 7 22
1 7 26
1 8 2
1 8 5
1 8 7
1 8 11
1 8 13
1 8 14
1 8 16
1 8 22
1 8 23
1 8 29
1 8 35
1 9 2
1 9 3
1 9 5
1 9 6
1 9 9
1 10 5
1 10 6
1 10 7
1 10 8
1 10 9
1 10 18
1 10 19
1 10 27
1 11 4
1 11 19
1 11 25
1 11 27
1 11 33
1 12 2
1 12 14
1 12 18
1 12 25
1 12 26
1 13 34
1 14 22
1 15 4
1 15 25
1 16 11
1 16 23
1 17 27
1 18 10
1 18 12
1 18 28
1 19 5
1 19 11
1 19 16
1 20 4
1 20 14
1 20 20
1 20 35
1 21 6
1 21 13
1 21 22
1 21 28
1 22 11
1 22 34
1 23 31
1 24 7
1 25 4
1 25 21
1 26 6
1 26 24
1 26 28
1 28 21
1 28 22
1 29 25
1 30 2
1 31 7
1 31 13
1 31 20
1 31 28
1 32 3
1 33 3
1 34 20
1 34 21
1 35 18
1 35 20
1 35 21
1 35 35
2 0 1
2 0 2
2 0 4
2 0 7
2 0 26
2 1 1
2 1 5
2 1 11
2 2 6
2 2 7
2 2 8
2 2 33
2 3 0
2 3 1
2 3 5
2 3 7
2 3 16
2 4 5
2 4 9
2 4 12
2 5 1
2 5 18
2 5 26
2 6 1
2 6 8
2 6 19
2 6 27
2 6 31
2 7 7
2 7 11
2 7 32
2 8 0
2 8 2
2 8 3
2 8 6
2 8 7
2 9 1
2 9 2
2 9 7
2 9 8
2 10 5
2 10 26
2 10 35
2 11 11
2 11 22
2 11 33
2 12 0
2 12 6
2 12 10
2 12 29
2 13 3
2 13 8
2 13 10
2 13 22
2 14 24
2 15 6
2 15 8
2 15 22
2 15 23
2 15 24
2 17 28
2 17 33
2 18 12
2 18 23
2 19 7
2 19 35
2 20 3
2 20 6
2 20 16
2 21 4
2 21 7
2 21 10
2 21 17
2 21 31
2 22 10
2 23 15
2 23 17
2 23 30
2 24 27
2 24 28
2 24 32
2 25 0
2 25 6
2 25 11
2 26 1
2 26 10
2 27 2
2 27 5
2 27 15
2 27 20
2 28 22
2 28 27
2 29 6
2 29 11
2 29 24
2 30 14
2 30 33
2 31 6
2 31 18
2 31 26
2 32 22
2 34 12
2 35 0
2 35 10
2 35 12
2 35 19
2 35 33
3 0 0
3 0 1
3 0 3
3 0 6
3 0 7
3 0 10
3 0 16
3 0 18
3 1 7
3 1 10
3 1 11
3 2 0
3 2 1
3 2 3
3 2 4
3 2 6
3 2 9
3 2 10
3 2 11
3 3 1
3 3 3
3 3 6
3 3 9
3 3 11
3 3 31
3 3 35
3 4 4
3 4 9
3 4 17
3 5 15
3 5 16
3 6 0
3 6 1
3 6 2
3 6 4
3 6 9
3 6 10
3 7 0
3 7 4
3 7 23
3 7 32
3 8 2
3 8 4
3 8 5
3 8 6
3 8 7
3 8 10
3 8 11
3 8 15
3 8 34
3 9 1
3 9 2
3 9 3
3 9 5
3 9 6
3 9 20
3 10 2
3 10 5
3 10 7
3 10 19
3 11 2
3 11 3
3 11 6
3 11 8
3 11 9
3 11 10
3 11 11
3 11 18
3 11 25
3 11 28
3 12 11
3 12 20
3 12 23
3 13 3
3 13 15
3 13 29
3 14 20
3 14 26
3 14 28
3 15 17
3 15 18
3 15 32
3 16 8
3 16 13
3 16 21
3 16 35
3 18 15
3 18 21
3 20 9
3 20 33
3 21 12
3 21 15
3 21 26
3 22 22
3 22 23
3 22 34
3 23 29
3 24 15
3 24 16
3 25 1
3 25 3
3 25 26
3 26 10
3 27 1
3 28 21
3 28 35
3 30 0
3 30 27
3 30 28
3 30 35
3 31 26
3 32 6
3 32 9
3 32 17
3 32 19
3 32 27
3 33 4
3 33 9
3 33 24
3 33 33
3 34 28
3 35 29
4 0 0
4 0 1
4 0 5
4 0 6
4 0 9
4 0 14
4 1 0
4 1 2
4 1 3
4 1 7
4 1 11
4 1 34
4 2 2
4 2 6
4 2 10
4 2 33
4 3 4
4 3 6
4 3 8
4 3 11
4 3 22
4 3 28
4 4 4
4 5 7
4 5 8
4 5 24
4 6 2
4 6 7
4 6 21
4 7 6
4 7 8
4 7 14
4 7 30
4 8 1
4 8 5
4 8 11
4 8 26
4 9 5
4 9 8
4 9 10
4 9 17
4 10 3
4 10 7
4 10 16
4 11 3
4 11 14
4 11 22
4 11 28
4 11 30
4 12 15
4 12 25
4 12 33
4 13 9
4 13 19
4 14 11
4 14 20
4 14 23
4 14 30
4 15 25
4 15 28
4 15 34
4 16 14
4 16 25
4 16 32
4 17 24
4 17 26
4 17 34
4 18 16
4 18 34
4 19 18
4 19 23
4 20 2
4 20 33
4 21 12
4 21 26
4 22 8
4 23 5
4 23 33
4 24 0
4 24 12
4 24 14
4 24 31
4 24 33
4 25 11
4 25 30
4 26 18
4 26 27
4 28 14
4 28 25
4 28 29
4 28 35
4 29 3
4 29 10
4 29 14
4 29 15
4 29 16
4 29 22
4 31 3
4 31 23
4 31 32
4 33 20
4 34 15
4 34 16
4 34 23
4 35 0
4 35 4
4 35 6
4 35 11
4 35 12