4461
7
25 22 23 22 23 22 23
413

0 95 146 67 771 470 0 0 0 68 0 52 64 0 20 59 96 2 0 0 4 40 23 0 0
0 0 27 0 0 648 0 250 0 0 0 57 0 0 69 0 51 0 0 0 65 91
0 0 87 241 0 344 903 482 462 83 90 0 0 0 0 0 0 89 36 0 0 0 0
0 0 0 770 0 0 0 0 0 67 38 65 98 0 0 0 71 76 0 56 37 0
749 0 610 0 397 916 606 851 685 25 0 0 26 52 0 77 89 0 37 0 0 58 46
0 526 0 0 598 0 172 0 0 0 0 78 0 62 64 5 50 0 0 0 58 0
566 110 0 108 390 0 0 0 924 11 71 0 50 5 0 74 0 0 0 0 0 96 0

0 0 8
0 1 2
0 1 3
0 1 7
0 1 11
0 1 13
0 2 6
0 2 13
0 3 4
0 3 7
0 3 9
0 3 11
0 4 0
0 4 3
0 4 5
0 4 8
0 4 9
0 4 18
0 5 1
0 5 7
0 5 13
0 5 19
0 6 0
0 6 12
0 7 0
0 7 12
0 8 3
0 8 6
0 8 11
0 8 17
0 9 13
0 11 5
0 11 12
0 12 0
0 12 12
0 12 17
0 13 8
0 13 12
0 13 15
0 14 3
0 14 12
0 18 5
0 18 21
0 19 5
0 20 8
0 20 19
0 22 1
0 22 12
0 22 17
0 23 0
0 23 3
0 24 2
0 24 6
0 24 7
0 24 14
1 0 0
1 0 3
1 0 5
1 0 6
1 0 8
1 0 11
1 0 16
1 1 1
1 1 3
1 1 8
1 2 5
1 2 21
1 3 4
1 4 5
1 4 7
1 4 19
1 4 22
1 5 4
1 5 6
1 5 9
1 5 14
1 6 1
1 6 11
1 7 6
1 7 7
1 7 8
1 7 9
1 7 16
1 9 2
1 9 14
1 10 18
1 11 22
1 12 12
1 13 3
1 13 4
1 15 4
1 15 6
1 15 8
1 15 21
1 16 2
1 16 19
1 17 2
1 17 6
1 17 16
1 18 16
1 19 11
1 19 12
1 19 16
1 19 18
1 20 0
1 20 5
1 20 6
1 20 17
1 21 0
1 21 6
1 21 20
2 0 2
2 0 4
2 0 13
2 0 20
2 1 1
2 1 2
2 1 6
2 2 0
2 2 7
2 2 12
2 3 2
2 3 21
2 4 3
2 4 5
2 4 10
2 4 12
2 5 0
2 5 1
2 5 3
2 5 19
2 6 4
2 6 5
2 6 6
2 6 14
2 7 4
2 7 7
2 7 11
2 8 0
2 8 1
2 8 3
2 8 5
2 8 17
2 9 16
2 10 0
2 10 1
2 10 2
2 10 4
2 10 5
2 10 20
2 11 3
2 11 6
2 11 20
2 11 21
2 12 3
2 12 9
2 12 14
2 13 16
2 14 3
2 14 8
2 14 17
2 15 7
2 15 10
2 16 0
2 16 4
2 16 12
2 18 0
2 18 1
2 18 9
2 18 12
2 18 17
2 19 2
2 19 10
2 19 12
2 19 20
2 20 12
2 20 15
2 21 1
2 21 9
2 21 13
3 0 4
3 0 7
3 0 9
3 1 0
3 1 2
3 1 7
3 1 17
3 1 19
3 1 20
3 2 0
3 2 5
3 2 16
3 3 0
3 3 5
3 3 6
3 3 21
3 4 3
3 4 4
3 4 6
3 4 7
3 4 14
3 4 19
3 5 4
3 5 5
3 5 12
3 6 2
3 6 7
3 6 8
3 6 9
3 6 17
3 7 1
3 7 3
3 7 6
3 7 7
3 7 11
3 7 13
3 7 14
3 8 6
3 9 6
3 9 8
3 9 15
3 9 21
3 10 0
3 10 5
3 10 7
3 10 16
3 10 17
3 11 17
3 11 21
3 12 19
3 12 21
3 12 22
3 13 1
3 13 5
3 13 12
3 13 16
3 14 1
3 14 11
3 14 13
3 14 18
3 14 19
3 16 1
3 16 17
3 16 19
3 17 7
3 17 8
3 17 13
3 18 1
3 18 8
3 18 10
3 18 21
3 19 2
3 19 6
3 19 8
3 19 9
3 19 13
3 20 3
3 20 20
3 21 7
3 21 14
3 21 21
4 0 0
4 0 1
4 0 3
4 0 6
4 0 11
4 0 18
4 1 2
4 1 3
4 1 5
4 1 6
4 1 19
4 2 2
4 2 5
4 2 7
4 2 8
4 2 13
4 2 20
4 3 4
4 3 5
4 3 6
4 3 9
4 4 0
4 4 1
4 4 3
4 4 5
4 4 11
4 4 21
4 5 1
4 5 4
4 5 6
4 5 12
4 5 13
4 5 16
4 6 2
4 6 3
4 6 7
4 6 8
4 6 10
4 6 15
4 6 17
4 7 3
4 7 4
4 7 5
4 7 7
4 7 9
4 7 15
4 8 0
4 8 5
4 8 6
4 8 9
4 8 14
4 8 21
4 9 8
4 9 16
4 11 2
4 11 4
4 12 4
4 12 7
4 12 20
4 13 2
4 14 5
4 15 0
4 15 15
4 16 9
4 16 17
4 17 5
4 17 6
4 17 8
4 17 11
4 18 0
4 18 2
4 19 0
4 19 1
4 19 3
4 19 15
4 19 16
4 20 4
4 20 9
4 20 19
4 20 21
4 21 2
4 22 2
4 22 5
4 22 8
4 22 9
4 22 14
4 22 20
5 0 0
5 0 2
5 0 9
5 0 10
5 0 17
5 1 1
5 1 3
5 1 5
5 1 7
5 1 21
5 2 3
5 2 4
5 2 9
5 2 18
5 3 0
5 3 5
5 3 11
5 3 20
5 4 0
5 4 2
5 4 5
5 4 15
5 4 18
5 4 19
5 4 21
5 4 22
5 5 2
5 5 4
5 5 5
5 6 4
5 6 8
5 6 9
5 6 11
5 7 1
5 7 3
5 7 12
5 7 17
5 8 9
5 9 1
5 11 7
5 11 10
5 11 12
5 12 22
5 13 2
5 13 4
5 13 16
5 15 2
5 15 9
5 15 18
5 15 19
5 15 21
5 16 4
5 16 6
5 16 22
5 17 7
5 17 17
5 17 21
5 18 21
5 19 5
5 19 18
5 19 19
5 19 21
5 20 18
5 21 12
5 21 20