6814
4
25 25 25 25
282

570 0 0 541 978 0 503 0 135 67 0 0 0 0 23 0 43 0 64 0 0 99 20 4 34
690 592 0 0 93 0 0 0 557 0 55 0 95 0 2 43 0 0 0 0 29 0 71 66 81
919 197 0 419 0 0 0 284 599 65 0 0 0 0 92 0 0 0 0 0 15 49 0 41 0
0 907 662 857 0 353 0 720 409 0 12 60 0 0 0 100 77 0 73 13 0 0 1 10 0

0 0 2
0 0 3
0 0 6
0 0 17
0 0 19
0 1 0
0 1 4
0 1 8
0 1 14
0 2 1
0 2 5
0 2 6
0 2 9
0 2 22
0 3 1
0 3 8
0 4 2
0 4 6
0 5 11
0 5 16
0 6 10
0 7 6
0 7 7
0 7 19
0 7 21
0 8 5
0 8 6
0 9 4
0 9 5
0 10 9
0 10 14
0 10 22
0 11 1
0 11 18
0 12 14
0 12 15
0 12 19
0 13 1
0 13 6
0 13 8
0 13 13
0 13 16
0 13 21
0 14 14
0 14 23
0 15 9
0 15 12
0 15 13
0 15 20
0 16 3
0 16 12
0 16 18
0 16 24
0 17 8
0 17 10
0 17 12
0 17 14
0 18 1
0 18 7
0 18 8
0 18 17
0 18 19
0 18 21
0 19 1
0 19 6
0 19 16
0 19 17
0 19 18
0 19 20
0 20 1
0 20 10
0 20 13
0 20 22
0 21 4
0 21 5
0 21 23
0 22 5
0 22 14
0 23 4
0 23 8
0 23 15
0 23 17
0 23 18
0 23 20
0 24 1
0 24 4
0 24 7
0 24 17
1 0 5
1 1 6
1 1 7
1 1 19
1 1 22
1 2 1
1 2 3
1 2 14
1 2 15
1 2 20
1 3 1
1 3 5
1 3 8
1 3 17
1 3 20
1 3 23
1 4 2
1 4 10
1 5 1
1 5 8
1 6 0
1 6 8
1 7 13
1 8 0
1 8 2
1 8 7
1 8 21
1 8 22
1 9 9
1 9 13
1 9 16
1 10 7
1 10 11
1 10 24
1 11 2
1 11 7
1 11 13
1 11 15
1 11 19
1 11 22
1 12 6
1 12 8
1 12 10
1 12 12
1 12 18
1 12 21
1 13 12
1 13 16
1 14 8
1 14 13
1 15 9
1 15 11
1 15 18
1 15 23
1 16 0
1 16 22
1 17 11
1 17 18
1 17 20
1 17 23
1 18 5
1 18 10
1 18 11
1 18 20
1 18 21
1 19 11
1 19 12
1 20 9
1 20 11
1 20 12
1 20 17
1 20 21
1 21 1
1 21 20
1 21 21
1 22 3
1 22 6
1 22 14
1 22 15
1 22 20
1 22 21
1 23 5
1 23 6
1 23 11
1 23 14
1 23 20
1 23 24
1 24 12
1 24 24
2 0 2
2 0 3
2 0 5
2 0 6
2 0 15
2 0 17
2 1 0
2 1 2
2 2 1
2 2 3
2 2 5
2 2 7
2 2 12
2 2 20
2 3 2
2 3 4
2 3 5
2 3 8
2 3 17
2 3 20
2 4 2
2 4 3
2 4 6
2 4 7
2 4 13
2 4 14
2 4 16
2 5 1
2 5 4
2 6 8
2 6 24
2 7 2
2 7 10
2 8 0
2 8 8
2 8 11
2 9 18
2 9 19
2 9 22
2 10 11
2 10 13
2 10 14
2 10 16
2 10 19
2 10 20
2 11 3
2 11 14
2 11 17
2 12 9
2 12 10
2 12 21
2 13 6
2 13 8
2 13 9
2 13 11
2 13 22
2 14 12
2 14 21
2 14 23
2 14 24
2 15 16
2 16 0
2 16 10
2 16 12
2 16 14
2 16 15
2 16 18
2 16 22
2 17 1
2 17 8
2 17 10
2 17 12
2 17 20
2 18 6
2 18 7
2 18 18
2 19 0
2 19 3
2 19 14
2 20 3
2 20 8
2 20 15
2 20 22
2 21 13
2 21 14
2 21 16
2 21 18
2 21 22
2 22 1
2 22 2
2 22 4
2 22 11
2 22 13
2 22 16
2 23 4
2 23 5
2 23 9
2 23 18
2 23 23
2 24 3
2 24 8
2 24 9
2 24 10
2 24 13
2 24 14