880
6
25 25 40 104 19 27
4935

0 0 0 101 0 0 751 680 0 0 0 0 536 821 0 0 502 0 0 0 0 0 0 0 0
0 893 0 0 0 542 0 0 827 0 0 496 0 0 0 0 0 618 367 0 0 0 901 776 0
862 0 0 800 670 516 0 0 205 314 0 151 596 571 0 211 0 0 0 629 0 751 0 0 981 571 0 0 23 0 634 150 927 904 620 0 0 992 0 0
0 0 0 0 973 0 765 0 0 117 971 0 196 0 62 0 0 0 0 858 0 0 0 915 326 402 0 0 652 0 0 610 804 0 0 0 0 295 0 381 0 581 889 0 519 0 0 120 0 0 104 539 540 0 0 0 335 0 0 0 830 0 726 74 933 0 0 0 0 0 0 0 0 630 0 0 408 779 698 0 527 0 0 446 0 0 23 64 0 920 844 377 0 0 0 463 0 0 794 737 0 0 0 0
989 0 0 0 942 0 876 0 751 644 0 0 121 308 934 70 501 353 0
0 95 0 0 0 0 726 111 0 424 0 882 96 618 0 0 0 0 210 0 0 502 0 589 0 25 0

0 0 1
0 0 2
0 0 3
0 0 4
0 0 5
0 0 6
0 0 7
0 0 8
0 0 9
0 0 11
0 0 13
0 0 14
0 0 15
0 0 17
0 0 18
0 0 19
0 0 20
0 0 21
0 0 22
0 0 23
0 1 2
0 1 6
0 1 7
0 1 8
0 1 9
0 1 10
0 1 11
0 1 12
0 1 14
0 1 17
0 1 18
0 1 23
0 2 0
0 2 1
0 2 3
0 2 4
0 2 5
0 2 6
0 2 7
0 2 8
0 2 10
0 2 12
0 2 14
0 2 16
0 2 17
0 2 19
0 2 20
0 2 21
0 2 22
0 2 23
0 3 0
0 3 1
0 3 2
0 3 3
0 3 8
0 3 10
0 3 12
0 3 14
0 3 16
0 3 17
0 3 18
0 3 19
0 3 22
0 3 24
0 4 0
0 4 2
0 4 4
0 4 6
0 4 7
0 4 8
0 4 10
0 4 11
0 4 12
0 4 15
0 4 18
0 4 20
0 4 22
0 4 23
0 5 4
0 5 5
0 5 6
0 5 7
0 5 8
0 5 9
0 5 10
0 5 12
0 5 16
0 5 18
0 5 20
0 5 21
0 5 23
0 5 24
0 6 1
0 6 2
0 6 3
0 6 9
0 6 10
0 6 11
0 6 12
0 6 14
0 6 17
0 6 19
0 6 20
0 6 21
0 6 22
0 6 23
0 6 24
0 7 0
0 7 3
0 7 5
0 7 8
0 7 9
0 7 12
0 7 15
0 7 16
0 7 18
0 7 19
0 7 20
0 7 22
0 7 24
0 8 0
0 8 1
0 8 2
0 8 4
0 8 5
0 8 8
0 8 9
0 8 11
0 8 13
0 8 16
0 8 17
0 8 18
0 8 20
0 8 22
0 8 23
0 9 0
0 9 4
0 9 5
0 9 7
0 9 8
0 9 10
0 9 11
0 9 13
0 9 14
0 9 17
0 9 20
0 10 2
0 10 7
0 10 8
0 10 9
0 10 11
0 10 12
0 10 15
0 10 16
0 10 17
0 10 18
0 10 22
0 10 23
0 10 24
0 11 2
0 11 5
0 11 6
0 11 8
0 11 9
0 11 16
0 11 17
0 11 18
0 11 21
0 11 22
0 11 23
0 11 24
0 12 0
0 12 1
0 12 2
0 12 9
0 12 11
0 12 12
0 12 13
0 12 18
0 12 19
0 12 21
0 12 24
0 13 2
0 13 4
0 13 7
0 13 8
0 13 9
0 13 11
0 13 13
0 13 16
0 13 18
0 13 21
0 13 22
0 13 23
0 13 24
0 14 0
0 14 1
0 14 4
0 14 5
0 14 8
0 14 9
0 14 11
0 14 12
0 14 14
0 14 17
0 14 18
0 14 19
0 14 20
0 14 21
0 14 23
0 15 1
0 15 3
0 15 4
0 15 5
0 15 6
0 15 7
0 15 10
0 15 13
0 15 14
0 15 15
0 15 16
0 15 20
0 15 22
0 15 23
0 16 2
0 16 3
0 16 4
0 16 8
0 16 12
0 16 15
0 16 16
0 16 17
0 16 19
0 16 20
0 16 21
0 16 22
0 16 23
0 17 1
0 17 2
0 17 3
0 17 6
0 17 7
0 17 8
0 17 10
0 17 11
0 17 14
0 17 15
0 17 17
0 17 18
0 17 20
0 17 21
0 17 22
0 17 24
0 18 0
0 18 1
0 18 3
0 18 4
0 18 6
0 18 9
0 18 10
0 18 11
0 18 12
0 18 13
0 18 15
0 18 19
0 18 20
0 18 21
0 18 23
0 18 24
0 19 0
0 19 2
0 19 4
0 19 5
0 19 7
0 19 8
0 19 9
0 19 10
0 19 12
0 19 13
0 19 16
0 19 17
0 19 18
0 19 19
0 19 20
0 19 21
0 19 22
0 19 23
0 20 3
0 20 4
0 20 5
0 20 7
0 20 8
0 20 12
0 20 14
0 20 15
0 20 16
0 20 19
0 20 21
0 20 22
0 21 1
0 21 2
0 21 5
0 21 6
0 21 7
0 21 8
0 21 9
0 21 10
0 21 12
0 21 13
0 21 15
0 21 17
0 21 19
0 21 20
0 22 0
0 22 3
0 22 5
0 22 9
0 22 10
0 22 12
0 22 14
0 22 16
0 22 18
0 22 24
0 23 1
0 23 3
0 23 4
0 23 6
0 23 7
0 23 10
0 23 12
0 23 13
0 23 14
0 23 16
0 23 19
0 23 20
0 23 21
0 23 22
0 23 23
0 24 0
0 24 1
0 24 4
0 24 5
0 24 6
0 24 7
0 24 9
0 24 11
0 24 12
0 24 13
0 24 14
0 24 15
0 24 16
0 24 19
0 24 21
0 24 23
0 24 24
1 0 0
1 0 1
1 0 4
1 0 6
1 0 7
1 0 11
1 0 13
1 0 23
1 0 24
1 0 25
1 0 26
1 0 27
1 0 28
1 0 29
1 0 31
1 0 35
1 0 39
1 1 2
1 1 3
1 1 4
1 1 7
1 1 8
1 1 9
1 1 11
1 1 14
1 1 15
1 1 16
1 1 17
1 1 18
1 1 19
1 1 20
1 1 21
1 1 22
1 1 23
1 1 24
1 1 25
1 1 26
1 1 27
1 1 28
1 1 30
1 1 31
1 1 33
1 1 36
1 1 38
1 1 39
1 2 0
1 2 1
1 2 3
1 2 8
1 2 9
1 2 11
1 2 13
1 2 15
1 2 16
1 2 19
1 2 20
1 2 25
1 2 26
1 2 28
1 2 29
1 2 30
1 2 31
1 2 33
1 2 35
1 2 37
1 2 38
1 3 2
1 3 3
1 3 6
1 3 7
1 3 8
1 3 9
1 3 11
1 3 12
1 3 15
1 3 17
1 3 18
1 3 19
1 3 20
1 3 21
1 3 24
1 3 25
1 3 29
1 3 31
1 3 32
1 3 36
1 3 37
1 3 39
1 4 0
1 4 2
1 4 3
1 4 4
1 4 7
1 4 8
1 4 9
1 4 11
1 4 13
1 4 14
1 4 15
1 4 16
1 4 17
1 4 18
1 4 19
1 4 20
1 4 21
1 4 22
1 4 24
1 4 26
1 4 27
1 4 28
1 4 29
1 4 30
1 4 31
1 4 32
1 4 33
1 4 34
1 4 35
1 4 36
1 4 37
1 4 38
1 4 39
1 5 0
1 5 5
1 5 6
1 5 8
1 5 9
1 5 10
1 5 11
1 5 12
1 5 13
1 5 14
1 5 17
1 5 18
1 5 21
1 5 23
1 5 24
1 5 25
1 5 26
1 5 28
1 5 29
1 5 30
1 5 31
1 5 32
1 5 33
1 5 36
1 5 37
1 5 38
1 5 39
1 6 2
1 6 3
1 6 5
1 6 6
1 6 9
1 6 11
1 6 13
1 6 14
1 6 15
1 6 16
1 6 17
1 6 19
1 6 20
1 6 22
1 6 24
1 6 25
1 6 28
1 6 31
1 6 34
1 6 37
1 6 38
1 6 39
1 7 0
1 7 1
1 7 3
1 7 5
1 7 6
1 7 8
1 7 10
1 7 16
1 7 19
1 7 20
1 7 23
1 7 27
1 7 32
1 7 33
1 7 36
1 7 37
1 8 6
1 8 9
1 8 10
1 8 13
1 8 14
1 8 15
1 8 17
1 8 18
1 8 19
1 8 20
1 8 22
1 8 23
1 8 24
1 8 25
1 8 26
1 8 29
1 8 30
1 8 31
1 8 33
1 8 34
1 8 39
1 9 0
1 9 2
1 9 3
1 9 4
1 9 5
1 9 6
1 9 7
1 9 9
1 9 11
1 9 12
1 9 13
1 9 14
1 9 16
1 9 18
1 9 19
1 9 20
1 9 21
1 9 22
1 9 23
1 9 25
1 9 26
1 9 31
1 9 32
1 9 33
1 9 34
1 9 35
1 9 36
1 9 37
1 9 38
1 9 39
1 10 0
1 10 1
1 10 2
1 10 4
1 10 5
1 10 6
1 10 8
1 10 11
1 10 14
1 10 17
1 10 20
1 10 21
1 10 22
1 10 23
1 10 25
1 10 27
1 10 28
1 10 30
1 10 32
1 10 36
1 10 37
1 10 38
1 10 39
1 11 0
1 11 1
1 11 2
1 11 3
1 11 6
1 11 8
1 11 9
1 11 10
1 11 13
1 11 14
1 11 15
1 11 17
1 11 18
1 11 20
1 11 21
1 11 23
1 11 26
1 11 29
1 11 31
1 11 33
1 11 38
1 12 0
1 12 1
1 12 2
1 12 6
1 12 8
1 12 11
1 12 12
1 12 13
1 12 15
1 12 16
1 12 17
1 12 24
1 12 26
1 12 27
1 12 28
1 12 31
1 12 33
1 12 34
1 12 35
1 12 38
1 13 0
1 13 1
1 13 2
1 13 3
1 13 7
1 13 8
1 13 13
1 13 17
1 13 18
1 13 20
1 13 21
1 13 22
1 13 23
1 13 27
1 13 28
1 13 33
1 13 34
1 13 35
1 13 37
1 13 39
1 14 3
1 14 4
1 14 5
1 14 6
1 14 8
1 14 9
1 14 10
1 14 11
1 14 13
1 14 15
1 14 16
1 14 17
1 14 18
1 14 19
1 14 20
1 14 21
1 14 25
1 14 26
1 14 28
1 14 29
1 14 30
1 14 31
1 14 32
1 14 34
1 14 35
1 14 38
1 14 39
1 15 0
1 15 3
1 15 4
1 15 5
1 15 7
1 15 11
1 15 12
1 15 14
1 15 15
1 15 16
1 15 17
1 15 18
1 15 19
1 15 21
1 15 22
1 15 24
1 15 25
1 15 26
1 15 29
1 15 30
1 15 31
1 15 32
1 15 35
1 15 36
1 15 38
1 15 39
1 16 1
1 16 3
1 16 5
1 16 7
1 16 8
1 16 10
1 16 13
1 16 15
1 16 16
1 16 17
1 16 18
1 16 19
1 16 21
1 16 24
1 16 25
1 16 27
1 16 29
1 16 30
1 16 31
1 16 32
1 16 38
1 16 39
1 17 2
1 17 4
1 17 7
1 17 9
1 17 11
1 17 14
1 17 16
1 17 17
1 17 18
1 17 19
1 17 20
1 17 21
1 17 22
1 17 24
1 17 27
1 17 28
1 17 30
1 17 31
1 17 32
1 17 33
1 17 35
1 17 37
1 17 38
1 17 39
1 18 0
1 18 2
1 18 3
1 18 10
1 18 11
1 18 12
1 18 14
1 18 15
1 18 16
1 18 17
1 18 19
1 18 21
1 18 22
1 18 25
1 18 29
1 18 30
1 18 31
1 18 32
1 18 34
1 18 36
1 19 1
1 19 2
1 19 5
1 19 6
1 19 8
1 19 10
1 19 13
1 19 14
1 19 15
1 19 18
1 19 19
1 19 24
1 19 25
1 19 26
1 19 27
1 19 28
1 19 31
1 19 32
1 19 33
1 19 34
1 19 36
1 19 37
1 19 38
1 20 0
1 20 1
1 20 3
1 20 4
1 20 5
1 20 6
1 20 8
1 20 9
1 20 10
1 20 12
1 20 13
1 20 15
1 20 18
1 20 19
1 20 21
1 20 22
1 20 23
1 20 24
1 20 25
1 20 28
1 20 29
1 20 30
1 20 31
1 20 33
1 20 34
1 20 35
1 20 37
1 21 1
1 21 2
1 21 3
1 21 7
1 21 8
1 21 10
1 21 12
1 21 13
1 21 18
1 21 19
1 21 20
1 21 21
1 21 22
1 21 24
1 21 25
1 21 26
1 21 27
1 21 31
1 21 32
1 21 33
1 21 34
1 21 35
1 21 38
1 21 39
1 22 1
1 22 2
1 22 3
1 22 4
1 22 9
1 22 10
1 22 12
1 22 13
1 22 14
1 22 15
1 22 17
1 22 19
1 22 21
1 22 23
1 22 24
1 22 28
1 22 29
1 22 30
1 22 31
1 22 34
1 22 35
1 22 36
1 22 37
1 22 38
1 22 39
1 23 1
1 23 3
1 23 4
1 23 5
1 23 6
1 23 8
1 23 9
1 23 10
1 23 11
1 23 12
1 23 13
1 23 17
1 23 18
1 23 19
1 23 21
1 23 24
1 23 28
1 23 29
1 23 30
1 23 31
1 23 34
1 23 37
1 23 38
1 24 1
1 24 2
1 24 3
1 24 4
1 24 5
1 24 8
1 24 10
1 24 11
1 24 12
1 24 14
1 24 16
1 24 18
1 24 19
1 24 20
1 24 21
1 24 23
1 24 27
1 24 28
1 24 31
1 24 32
1 24 37
2 0 0
2 0 1
2 0 3
2 0 5
2 0 6
2 0 7
2 0 8
2 0 9
2 0 10
2 0 14
2 0 15
2 0 16
2 0 18
2 0 20
2 0 21
2 0 25
2 0 26
2 0 27
2 0 28
2 0 29
2 0 31
2 0 32
2 0 33
2 0 35
2 0 36
2 0 38
2 0 39
2 0 40
2 0 41
2 0 43
2 0 45
2 0 46
2 0 48
2 0 51
2 0 52
2 0 54
2 0 55
2 0 61
2 0 62
2 0 64
2 0 65
2 0 66
2 0 67
2 0 68
2 0 69
2 0 71
2 0 72
2 0 73
2 0 75
2 0 80
2 0 82
2 0 83
2 0 85
2 0 87
2 0 88
2 0 89
2 0 90
2 0 94
2 0 96
2 0 99
2 0 102
2 0 103
2 1 3
2 1 4
2 1 5
2 1 6
2 1 13
2 1 15
2 1 17
2 1 18
2 1 19
2 1 20
2 1 22
2 1 23
2 1 24
2 1 25
2 1 27
2 1 29
2 1 34
2 1 35
2 1 37
2 1 38
2 1 39
2 1 44
2 1 46
2 1 53
2 1 57
2 1 59
2 1 61
2 1 63
2 1 64
2 1 67
2 1 68
2 1 71
2 1 72
2 1 77
2 1 80
2 1 81
2 1 82
2 1 83
2 1 86
2 1 87
2 1 89
2 1 91
2 1 92
2 1 96
2 1 100
2 1 101
2 1 103
2 2 0
2 2 5
2 2 6
2 2 8
2 2 10
2 2 11
2 2 12
2 2 13
2 2 15
2 2 16
2 2 19
2 2 20
2 2 22
2 2 24
2 2 26
2 2 28
2 2 29
2 2 30
2 2 32
2 2 33
2 2 35
2 2 36
2 2 38
2 2 40
2 2 43
2 2 44
2 2 45
2 2 46
2 2 47
2 2 50
2 2 52
2 2 53
2 2 58
2 2 59
2 2 60
2 2 62
2 2 64
2 2 65
2 2 66
2 2 67
2 2 69
2 2 70
2 2 71
2 2 72
2 2 82
2 2 84
2 2 85
2 2 86
2 2 87
2 2 88
2 2 89
2 2 90
2 2 91
2 2 92
2 2 93
2 2 94
2 2 97
2 2 98
2 2 99
2 2 100
2 2 101
2 2 103
2 3 0
2 3 1
2 3 3
2 3 5
2 3 6
2 3 7
2 3 9
2 3 12
2 3 13
2 3 17
2 3 18
2 3 19
2 3 20
2 3 21
2 3 22
2 3 23
2 3 24
2 3 25
2 3 26
2 3 27
2 3 29
2 3 30
2 3 32
2 3 33
2 3 34
2 3 36
2 3 37
2 3 38
2 3 39
2 3 40
2 3 43
2 3 44
2 3 45
2 3 46
2 3 47
2 3 49
2 3 50
2 3 52
2 3 53
2 3 54
2 3 55
2 3 56
2 3 57
2 3 58
2 3 59
2 3 61
2 3 64
2 3 66
2 3 69
2 3 70
2 3 72
2 3 73
2 3 74
2 3 75
2 3 76
2 3 77
2 3 80
2 3 81
2 3 84
2 3 88
2 3 91
2 3 92
2 3 93
2 3 96
2 3 100
2 3 101
2 3 102
2 3 103
2 4 3
2 4 6
2 4 7
2 4 8
2 4 9
2 4 10
2 4 11
2 4 12
2 4 15
2 4 16
2 4 17
2 4 18
2 4 19
2 4 24
2 4 25
2 4 26
2 4 27
2 4 29
2 4 30
2 4 32
2 4 33
2 4 35
2 4 37
2 4 39
2 4 40
2 4 42
2 4 43
2 4 44
2 4 45
2 4 46
2 4 47
2 4 48
2 4 49
2 4 50
2 4 51
2 4 52
2 4 53
2 4 61
2 4 67
2 4 68
2 4 69
2 4 71
2 4 73
2 4 76
2 4 78
2 4 82
2 4 84
2 4 85
2 4 86
2 4 87
2 4 88
2 4 92
2 4 93
2 4 95
2 4 97
2 4 98
2 4 99
2 4 101
2 4 102
2 4 103
2 5 1
2 5 2
2 5 3
2 5 4
2 5 5
2 5 6
2 5 7
2 5 8
2 5 9
2 5 11
2 5 14
2 5 16
2 5 17
2 5 18
2 5 19
2 5 20
2 5 22
2 5 23
2 5 25
2 5 26
2 5 27
2 5 28
2 5 29
2 5 30
2 5 31
2 5 32
2 5 33
2 5 34
2 5 36
2 5 37
2 5 39
2 5 40
2 5 43
2 5 44
2 5 45
2 5 47
2 5 48
2 5 50
2 5 51
2 5 53
2 5 57
2 5 58
2 5 59
2 5 60
2 5 61
2 5 62
2 5 65
2 5 66
2 5 67
2 5 68
2 5 69
2 5 70
2 5 75
2 5 76
2 5 78
2 5 79
2 5 80
2 5 83
2 5 84
2 5 85
2 5 87
2 5 88
2 5 89
2 5 91
2 5 93
2 5 94
2 5 96
2 5 100
2 5 101
2 5 102
2 5 103
2 6 0
2 6 1
2 6 2
2 6 9
2 6 10
2 6 11
2 6 12
2 6 13
2 6 15
2 6 16
2 6 18
2 6 20
2 6 21
2 6 22
2 6 23
2 6 24
2 6 26
2 6 27
2 6 29
2 6 30
2 6 32
2 6 34
2 6 35
2 6 37
2 6 38
2 6 40
2 6 41
2 6 43
2 6 45
2 6 46
2 6 47
2 6 49
2 6 51
2 6 52
2 6 53
2 6 56
2 6 57
2 6 59
2 6 60
2 6 62
2 6 64
2 6 65
2 6 66
2 6 67
2 6 68
2 6 70
2 6 72
2 6 73
2 6 74
2 6 75
2 6 79
2 6 80
2 6 81
2 6 82
2 6 83
2 6 87
2 6 89
2 6 91
2 6 92
2 6 94
2 6 95
2 6 96
2 6 99
2 7 0
2 7 1
2 7 2
2 7 3
2 7 4
2 7 6
2 7 8
2 7 10
2 7 11
2 7 15
2 7 17
2 7 20
2 7 21
2 7 22
2 7 24
2 7 26
2 7 27
2 7 29
2 7 32
2 7 35
2 7 38
2 7 39
2 7 40
2 7 43
2 7 44
2 7 46
2 7 47
2 7 51
2 7 53
2 7 57
2 7 58
2 7 61
2 7 62
2 7 63
2 7 65
2 7 66
2 7 68
2 7 69
2 7 72
2 7 73
2 7 75
2 7 76
2 7 77
2 7 80
2 7 81
2 7 82
2 7 83
2 7 84
2 7 87
2 7 90
2 7 91
2 7 92
2 7 93
2 7 95
2 7 96
2 7 99
2 7 100
2 7 102
2 7 103
2 8 3
2 8 6
2 8 11
2 8 12
2 8 15
2 8 16
2 8 18
2 8 19
2 8 20
2 8 23
2 8 24
2 8 25
2 8 27
2 8 28
2 8 29
2 8 30
2 8 31
2 8 33
2 8 34
2 8 35
2 8 36
2 8 37
2 8 38
2 8 39
2 8 42
2 8 43
2 8 48
2 8 49
2 8 50
2 8 51
2 8 52
2 8 55
2 8 56
2 8 57
2 8 58
2 8 59
2 8 61
2 8 63
2 8 65
2 8 66
2 8 67
2 8 69
2 8 70
2 8 73
2 8 74
2 8 76
2 8 78
2 8 79
2 8 82
2 8 84
2 8 85
2 8 87
2 8 88
2 8 89
2 8 90
2 8 91
2 8 92
2 8 93
2 8 94
2 8 95
2 8 96
2 8 98
2 8 100
2 8 101
2 8 103
2 9 2
2 9 3
2 9 4
2 9 6
2 9 10
2 9 14
2 9 17
2 9 19
2 9 20
2 9 21
2 9 22
2 9 23
2 9 26
2 9 28
2 9 29
2 9 32
2 9 34
2 9 36
2 9 37
2 9 38
2 9 39
2 9 40
2 9 42
2 9 44
2 9 45
2 9 47
2 9 48
2 9 50
2 9 55
2 9 56
2 9 57
2 9 58
2 9 59
2 9 60
2 9 61
2 9 62
2 9 63
2 9 65
2 9 68
2 9 69
2 9 72
2 9 74
2 9 75
2 9 78
2 9 79
2 9 81
2 9 83
2 9 84
2 9 85
2 9 87
2 9 88
2 9 92
2 9 94
2 9 96
2 9 100
2 9 101
2 9 103
2 10 0
2 10 1
2 10 2
2 10 3
2 10 4
2 10 5
2 10 6
2 10 7
2 10 8
2 10 9
2 10 10
2 10 14
2 10 15
2 10 16
2 10 20
2 10 21
2 10 23
2 10 24
2 10 25
2 10 26
2 10 27
2 10 28
2 10 31
2 10 32
2 10 33
2 10 34
2 10 37
2 10 39
2 10 42
2 10 43
2 10 44
2 10 45
2 10 46
2 10 47
2 10 49
2 10 52
2 10 55
2 10 56
2 10 57
2 10 59
2 10 60
2 10 61
2 10 63
2 10 64
2 10 65
2 10 66
2 10 68
2 10 70
2 10 71
2 10 72
2 10 74
2 10 75
2 10 76
2 10 78
2 10 79
2 10 80
2 10 81
2 10 85
2 10 87
2 10 88
2 10 89
2 10 92
2 10 93
2 10 95
2 10 98
2 10 99
2 10 100
2 10 101
2 10 102
2 10 103
2 11 0
2 11 1
2 11 6
2 11 7
2 11 8
2 11 9
2 11 12
2 11 13
2 11 15
2 11 16
2 11 17
2 11 19
2 11 21
2 11 23
2 11 25
2 11 28
2 11 29
2 11 30
2 11 33
2 11 34
2 11 35
2 11 36
2 11 39
2 11 40
2 11 42
2 11 43
2 11 44
2 11 45
2 11 47
2 11 48
2 11 49
2 11 52
2 11 54
2 11 56
2 11 59
2 11 62
2 11 64
2 11 65
2 11 66
2 11 71
2 11 72
2 11 73
2 11 74
2 11 76
2 11 79
2 11 80
2 11 82
2 11 83
2 11 84
2 11 85
2 11 86
2 11 87
2 11 90
2 11 91
2 11 92
2 11 94
2 11 95
2 11 98
2 12 2
2 12 3
2 12 5
2 12 6
2 12 8
2 12 10
2 12 11
2 12 12
2 12 13
2 12 14
2 12 15
2 12 19
2 12 21
2 12 24
2 12 26
2 12 30
2 12 33
2 12 35
2 12 38
2 12 39
2 12 40
2 12 41
2 12 42
2 12 43
2 12 45
2 12 46
2 12 47
2 12 48
2 12 49
2 12 50
2 12 54
2 12 56
2 12 57
2 12 58
2 12 59
2 12 62
2 12 65
2 12 68
2 12 71
2 12 72
2 12 74
2 12 75
2 12 78
2 12 79
2 12 80
2 12 81
2 12 84
2 12 86
2 12 90
2 12 91
2 12 94
2 12 99
2 12 100
2 12 102
2 12 103
2 13 4
2 13 5
2 13 6
2 13 7
2 13 10
2 13 11
2 13 13
2 13 14
2 13 15
2 13 16
2 13 17
2 13 21
2 13 22
2 13 23
2 13 27
2 13 28
2 13 29
2 13 30
2 13 31
2 13 32
2 13 33
2 13 34
2 13 35
2 13 38
2 13 39
2 13 40
2 13 42
2 13 43
2 13 44
2 13 48
2 13 50
2 13 51
2 13 54
2 13 57
2 13 58
2 13 59
2 13 61
2 13 62
2 13 63
2 13 64
2 13 65
2 13 68
2 13 69
2 13 72
2 13 73
2 13 74
2 13 78
2 13 80
2 13 81
2 13 83
2 13 84
2 13 86
2 13 87
2 13 88
2 13 89
2 13 91
2 13 92
2 13 95
2 13 96
2 13 97
2 13 98
2 13 99
2 13 100
2 13 101
2 14 2
2 14 5
2 14 6
2 14 9
2 14 10
2 14 11
2 14 12
2 14 13
2 14 14
2 14 16
2 14 17
2 14 18
2 14 20
2 14 21
2 14 23
2 14 24
2 14 25
2 14 26
2 14 27
2 14 28
2 14 31
2 14 32
2 14 33
2 14 34
2 14 36
2 14 37
2 14 38
2 14 40
2 14 41
2 14 42
2 14 43
2 14 45
2 14 46
2 14 47
2 14 49
2 14 51
2 14 52
2 14 56
2 14 57
2 14 59
2 14 64
2 14 66
2 14 67
2 14 68
2 14 70
2 14 75
2 14 77
2 14 81
2 14 82
2 14 83
2 14 84
2 14 88
2 14 89
2 14 90
2 14 91
2 14 93
2 14 94
2 14 96
2 14 97
2 14 99
2 14 102
2 15 1
2 15 2
2 15 5
2 15 6
2 15 7
2 15 8
2 15 9
2 15 10
2 15 12
2 15 14
2 15 16
2 15 17
2 15 19
2 15 22
2 15 23
2 15 24
2 15 27
2 15 31
2 15 32
2 15 33
2 15 34
2 15 35
2 15 36
2 15 39
2 15 40
2 15 43
2 15 44
2 15 46
2 15 47
2 15 48
2 15 49
2 15 51
2 15 52
2 15 54
2 15 55
2 15 56
2 15 57
2 15 58
2 15 60
2 15 62
2 15 64
2 15 65
2 15 66
2 15 68
2 15 71
2 15 72
2 15 74
2 15 76
2 15 79
2 15 80
2 15 81
2 15 83
2 15 84
2 15 87
2 15 94
2 15 95
2 15 97
2 15 99
2 15 100
2 15 101
2 15 102
2 16 0
2 16 1
2 16 2
2 16 3
2 16 4
2 16 5
2 16 6
2 16 10
2 16 11
2 16 12
2 16 13
2 16 14
2 16 16
2 16 17
2 16 20
2 16 22
2 16 23
2 16 24
2 16 27
2 16 29
2 16 30
2 16 31
2 16 33
2 16 34
2 16 35
2 16 36
2 16 38
2 16 41
2 16 43
2 16 46
2 16 47
2 16 48
2 16 49
2 16 50
2 16 51
2 16 54
2 16 56
2 16 57
2 16 58
2 16 59
2 16 61
2 16 62
2 16 63
2 16 64
2 16 66
2 16 67
2 16 68
2 16 70
2 16 71
2 16 75
2 16 80
2 16 81
2 16 82
2 16 86
2 16 87
2 16 88
2 16 90
2 16 91
2 16 92
2 16 93
2 16 95
2 16 96
2 16 97
2 16 98
2 16 99
2 16 100
2 16 102
2 16 103
2 17 0
2 17 3
2 17 6
2 17 7
2 17 11
2 17 13
2 17 14
2 17 15
2 17 19
2 17 20
2 17 21
2 17 22
2 17 23
2 17 24
2 17 28
2 17 29
2 17 31
2 17 32
2 17 33
2 17 34
2 17 35
2 17 38
2 17 40
2 17 41
2 17 42
2 17 43
2 17 46
2 17 47
2 17 52
2 17 55
2 17 56
2 17 57
2 17 58
2 17 59
2 17 61
2 17 63
2 17 64
2 17 67
2 17 70
2 17 71
2 17 72
2 17 73
2 17 74
2 17 75
2 17 76
2 17 78
2 17 79
2 17 80
2 17 82
2 17 85
2 17 86
2 17 89
2 17 90
2 17 92
2 17 95
2 17 96
2 17 98
2 17 99
2 17 101
2 18 1
2 18 2
2 18 3
2 18 5
2 18 7
2 18 9
2 18 11
2 18 15
2 18 17
2 18 18
2 18 22
2 18 23
2 18 24
2 18 26
2 18 28
2 18 32
2 18 33
2 18 34
2 18 35
2 18 36
2 18 38
2 18 39
2 18 40
2 18 43
2 18 44
2 18 45
2 18 46
2 18 47
2 18 48
2 18 49
2 18 50
2 18 51
2 18 54
2 18 55
2 18 62
2 18 63
2 18 64
2 18 65
2 18 69
2 18 70
2 18 71
2 18 76
2 18 77
2 18 79
2 18 81
2 18 82
2 18 83
2 18 84
2 18 85
2 18 89
2 18 92
2 18 93
2 18 94
2 18 95
2 18 96
2 18 98
2 18 99
2 18 100
2 18 103
2 19 0
2 19 1
2 19 6
2 19 8
2 19 10
2 19 11
2 19 12
2 19 13
2 19 14
2 19 16
2 19 17
2 19 19
2 19 21
2 19 23
2 19 27
2 19 28
2 19 29
2 19 30
2 19 32
2 19 33
2 19 34
2 19 35
2 19 38
2 19 42
2 19 43
2 19 44
2 19 47
2 19 48
2 19 49
2 19 51
2 19 52
2 19 53
2 19 54
2 19 55
2 19 57
2 19 59
2 19 60
2 19 62
2 19 63
2 19 64
2 19 69
2 19 71
2 19 73
2 19 74
2 19 75
2 19 76
2 19 77
2 19 82
2 19 83
2 19 84
2 19 85
2 19 87
2 19 88
2 19 89
2 19 90
2 19 92
2 19 93
2 19 95
2 19 97
2 19 99
2 19 101
2 20 0
2 20 2
2 20 3
2 20 7
2 20 12
2 20 13
2 20 15
2 20 17
2 20 18
2 20 19
2 20 20
2 20 21
2 20 22
2 20 23
2 20 24
2 20 26
2 20 28
2 20 29
2 20 31
2 20 33
2 20 34
2 20 35
2 20 38
2 20 39
2 20 40
2 20 41
2 20 42
2 20 43
2 20 44
2 20 45
2 20 46
2 20 47
2 20 48
2 20 50
2 20 51
2 20 52
2 20 54
2 20 56
2 20 58
2 20 60
2 20 65
2 20 66
2 20 67
2 20 69
2 20 70
2 20 72
2 20 73
2 20 74
2 20 75
2 20 76
2 20 77
2 20 79
2 20 80
2 20 81
2 20 82
2 20 86
2 20 89
2 20 90
2 20 91
2 20 94
2 20 96
2 20 97
2 20 98
2 20 99
2 20 102
2 21 0
2 21 2
2 21 4
2 21 7
2 21 11
2 21 12
2 21 14
2 21 15
2 21 16
2 21 17
2 21 18
2 21 19
2 21 20
2 21 21
2 21 22
2 21 24
2 21 25
2 21 29
2 21 30
2 21 31
2 21 32
2 21 34
2 21 35
2 21 37
2 21 38
2 21 39
2 21 40
2 21 42
2 21 44
2 21 46
2 21 48
2 21 49
2 21 50
2 21 54
2 21 56
2 21 57
2 21 59
2 21 60
2 21 61
2 21 63
2 21 66
2 21 67
2 21 68
2 21 69
2 21 70
2 21 71
2 21 73
2 21 74
2 21 75
2 21 76
2 21 78
2 21 79
2 21 81
2 21 82
2 21 83
2 21 84
2 21 85
2 21 86
2 21 87
2 21 88
2 21 91
2 21 96
2 21 99
2 21 100
2 21 101
2 21 102
2 22 1
2 22 3
2 22 4
2 22 6
2 22 9
2 22 10
2 22 11
2 22 12
2 22 14
2 22 15
2 22 18
2 22 21
2 22 22
2 22 23
2 22 24
2 22 28
2 22 29
2 22 31
2 22 32
2 22 34
2 22 36
2 22 38
2 22 41
2 22 42
2 22 43
2 22 45
2 22 47
2 22 48
2 22 51
2 22 52
2 22 54
2 22 58
2 22 59
2 22 61
2 22 63
2 22 65
2 22 66
2 22 68
2 22 73
2 22 74
2 22 76
2 22 77
2 22 79
2 22 80
2 22 82
2 22 84
2 22 88
2 22 89
2 22 90
2 22 93
2 22 94
2 22 96
2 22 98
2 22 102
2 22 103
2 23 3
2 23 4
2 23 5
2 23 6
2 23 8
2 23 9
2 23 11
2 23 15
2 23 17
2 23 18
2 23 19
2 23 20
2 23 21
2 23 22
2 23 24
2 23 26
2 23 27
2 23 28
2 23 29
2 23 31
2 23 32
2 23 34
2 23 35
2 23 36
2 23 37
2 23 38
2 23 39
2 23 40
2 23 42
2 23 43
2 23 44
2 23 45
2 23 48
2 23 49
2 23 50
2 23 52
2 23 53
2 23 54
2 23 56
2 23 57
2 23 58
2 23 61
2 23 62
2 23 65
2 23 66
2 23 67
2 23 68
2 23 72
2 23 74
2 23 75
2 23 78
2 23 79
2 23 81
2 23 82
2 23 85
2 23 88
2 23 92
2 23 94
2 23 96
2 23 97
2 23 98
2 23 99
2 23 102
2 23 103
2 24 0
2 24 1
2 24 2
2 24 3
2 24 6
2 24 8
2 24 9
2 24 10
2 24 11
2 24 12
2 24 14
2 24 15
2 24 16
2 24 17
2 24 18
2 24 20
2 24 26
2 24 27
2 24 28
2 24 29
2 24 34
2 24 35
2 24 36
2 24 40
2 24 41
2 24 43
2 24 44
2 24 46
2 24 47
2 24 48
2 24 50
2 24 51
2 24 52
2 24 53
2 24 57
2 24 61
2 24 62
2 24 64
2 24 65
2 24 66
2 24 68
2 24 71
2 24 72
2 24 73
2 24 74
2 24 78
2 24 79
2 24 80
2 24 82
2 24 85
2 24 86
2 24 87
2 24 91
2 24 92
2 24 93
2 24 94
2 24 95
2 24 96
2 24 97
2 24 98
2 24 101
2 25 0
2 25 2
2 25 3
2 25 4
2 25 6
2 25 8
2 25 9
2 25 11
2 25 14
2 25 18
2 25 19
2 25 20
2 25 21
2 25 22
2 25 25
2 25 26
2 25 27
2 25 28
2 25 29
2 25 30
2 25 31
2 25 32
2 25 34
2 25 35
2 25 36
2 25 38
2 25 39
2 25 40
2 25 44
2 25 45
2 25 47
2 25 48
2 25 49
2 25 50
2 25 51
2 25 53
2 25 55
2 25 56
2 25 58
2 25 61
2 25 62
2 25 63
2 25 64
2 25 65
2 25 67
2 25 68
2 25 69
2 25 72
2 25 73
2 25 76
2 25 77
2 25 78
2 25 84
2 25 85
2 25 86
2 25 87
2 25 88
2 25 91
2 25 93
2 25 94
2 25 95
2 25 99
2 25 101
2 25 102
2 26 0
2 26 1
2 26 2
2 26 3
2 26 7
2 26 8
2 26 11
2 26 12
2 26 13
2 26 15
2 26 19
2 26 20
2 26 22
2 26 25
2 26 26
2 26 28
2 26 31
2 26 32
2 26 33
2 26 34
2 26 35
2 26 36
2 26 38
2 26 39
2 26 40
2 26 41
2 26 43
2 26 45
2 26 47
2 26 48
2 26 49
2 26 50
2 26 51
2 26 52
2 26 53
2 26 54
2 26 55
2 26 58
2 26 61
2 26 62
2 26 64
2 26 67
2 26 69
2 26 72
2 26 74
2 26 76
2 26 77
2 26 78
2 26 79
2 26 81
2 26 83
2 26 84
2 26 85
2 26 86
2 26 88
2 26 89
2 26 90
2 26 94
2 26 95
2 26 98
2 26 101
2 26 102
2 27 0
2 27 1
2 27 2
2 27 3
2 27 7
2 27 8
2 27 9
2 27 13
2 27 14
2 27 15
2 27 16
2 27 17
2 27 18
2 27 19
2 27 20
2 27 21
2 27 22
2 27 23
2 27 28
2 27 29
2 27 33
2 27 34
2 27 36
2 27 37
2 27 39
2 27 40
2 27 43
2 27 44
2 27 45
2 27 46
2 27 49
2 27 51
2 27 52
2 27 53
2 27 54
2 27 55
2 27 56
2 27 58
2 27 60
2 27 61
2 27 62
2 27 64
2 27 65
2 27 66
2 27 71
2 27 72
2 27 73
2 27 74
2 27 75
2 27 78
2 27 79
2 27 80
2 27 81
2 27 82
2 27 86
2 27 88
2 27 90
2 27 91
2 27 92
2 27 93
2 27 94
2 27 97
2 27 98
2 27 99
2 27 100
2 27 102
2 28 0
2 28 2
2 28 3
2 28 5
2 28 6
2 28 10
2 28 11
2 28 12
2 28 14
2 28 15
2 28 16
2 28 17
2 28 18
2 28 19
2 28 20
2 28 23
2 28 27
2 28 29
2 28 31
2 28 34
2 28 38
2 28 41
2 28 42
2 28 45
2 28 46
2 28 47
2 28 48
2 28 49
2 28 50
2 28 51
2 28 53
2 28 54
2 28 56
2 28 58
2 28 59
2 28 62
2 28 64
2 28 65
2 28 66
2 28 67
2 28 69
2 28 70
2 28 71
2 28 72
2 28 73
2 28 74
2 28 75
2 28 77
2 28 78
2 28 80
2 28 81
2 28 83
2 28 85
2 28 88
2 28 89
2 28 90
2 28 91
2 28 93
2 28 95
2 28 98
2 28 100
2 28 101
2 28 102
2 28 103
2 29 0
2 29 1
2 29 2
2 29 3
2 29 4
2 29 5
2 29 6
2 29 7
2 29 10
2 29 11
2 29 13
2 29 14
2 29 15
2 29 16
2 29 18
2 29 20
2 29 21
2 29 22
2 29 24
2 29 28
2 29 30
2 29 31
2 29 37
2 29 39
2 29 40
2 29 41
2 29 42
2 29 43
2 29 44
2 29 45
2 29 47
2 29 48
2 29 49
2 29 50
2 29 51
2 29 52
2 29 53
2 29 56
2 29 58
2 29 59
2 29 60
2 29 62
2 29 64
2 29 66
2 29 70
2 29 71
2 29 72
2 29 73
2 29 74
2 29 75
2 29 76
2 29 77
2 29 78
2 29 80
2 29 81
2 29 83
2 29 84
2 29 86
2 29 87
2 29 89
2 29 90
2 29 91
2 29 93
2 29 94
2 29 95
2 29 96
2 29 97
2 29 98
2 29 100
2 29 101
2 29 103
2 30 0
2 30 1
2 30 4
2 30 5
2 30 6
2 30 7
2 30 8
2 30 9
2 30 10
2 30 11
2 30 12
2 30 14
2 30 15
2 30 17
2 30 18
2 30 19
2 30 20
2 30 22
2 30 24
2 30 26
2 30 28
2 30 33
2 30 34
2 30 36
2 30 37
2 30 41
2 30 42
2 30 43
2 30 44
2 30 47
2 30 48
2 30 49
2 30 50
2 30 51
2 30 52
2 30 54
2 30 55
2 30 56
2 30 57
2 30 60
2 30 61
2 30 66
2 30 67
2 30 69
2 30 70
2 30 71
2 30 72
2 30 73
2 30 74
2 30 75
2 30 77
2 30 78
2 30 79
2 30 81
2 30 83
2 30 84
2 30 85
2 30 86
2 30 87
2 30 89
2 30 90
2 30 92
2 30 95
2 30 97
2 30 98
2 30 99
2 30 101
2 30 103
2 31 0
2 31 1
2 31 2
2 31 5
2 31 8
2 31 12
2 31 13
2 31 14
2 31 15
2 31 18
2 31 19
2 31 20
2 31 23
2 31 26
2 31 28
2 31 29
2 31 30
2 31 31
2 31 32
2 31 33
2 31 34
2 31 35
2 31 39
2 31 41
2 31 42
2 31 43
2 31 46
2 31 47
2 31 49
2 31 50
2 31 51
2 31 53
2 31 54
2 31 56
2 31 57
2 31 58
2 31 61
2 31 62
2 31 63
2 31 64
2 31 65
2 31 68
2 31 69
2 31 71
2 31 72
2 31 73
2 31 74
2 31 76
2 31 77
2 31 81
2 31 86
2 31 87
2 31 91
2 31 92
2 31 94
2 31 97
2 32 2
2 32 3
2 32 5
2 32 7
2 32 8
2 32 9
2 32 10
2 32 11
2 32 12
2 32 13
2 32 14
2 32 17
2 32 21
2 32 22
2 32 25
2 32 30
2 32 32
2 32 34
2 32 35
2 32 36
2 32 39
2 32 42
2 32 43
2 32 44
2 32 46
2 32 48
2 32 49
2 32 50
2 32 51
2 32 52
2 32 53
2 32 55
2 32 56
2 32 58
2 32 60
2 32 61
2 32 62
2 32 64
2 32 65
2 32 66
2 32 69
2 32 70
2 32 71
2 32 72
2 32 74
2 32 75
2 32 77
2 32 78
2 32 79
2 32 80
2 32 83
2 32 86
2 32 88
2 32 91
2 32 94
2 32 95
2 32 99
2 32 102
2 33 4
2 33 6
2 33 9
2 33 10
2 33 13
2 33 14
2 33 16
2 33 19
2 33 21
2 33 22
2 33 24
2 33 25
2 33 26
2 33 29
2 33 30
2 33 31
2 33 32
2 33 33
2 33 34
2 33 35
2 33 40
2 33 42
2 33 43
2 33 44
2 33 45
2 33 47
2 33 48
2 33 50
2 33 51
2 33 53
2 33 54
2 33 55
2 33 57
2 33 58
2 33 61
2 33 64
2 33 67
2 33 68
2 33 69
2 33 70
2 33 74
2 33 75
2 33 76
2 33 80
2 33 81
2 33 83
2 33 84
2 33 85
2 33 89
2 33 91
2 33 92
2 33 94
2 33 95
2 33 98
2 33 100
2 33 101
2 33 102
2 34 0
2 34 1
2 34 2
2 34 3
2 34 4
2 34 7
2 34 8
2 34 9
2 34 10
2 34 11
2 34 15
2 34 16
2 34 17
2 34 18
2 34 19
2 34 20
2 34 21
2 34 22
2 34 23
2 34 24
2 34 25
2 34 26
2 34 27
2 34 28
2 34 29
2 34 30
2 34 31
2 34 34
2 34 35
2 34 40
2 34 44
2 34 45
2 34 46
2 34 47
2 34 52
2 34 53
2 34 54
2 34 55
2 34 57
2 34 58
2 34 59
2 34 60
2 34 61
2 34 63
2 34 68
2 34 69
2 34 70
2 34 72
2 34 75
2 34 77
2 34 79
2 34 80
2 34 81
2 34 82
2 34 83
2 34 86
2 34 87
2 34 88
2 34 91
2 34 93
2 34 95
2 34 96
2 34 99
2 34 100
2 34 101
2 34 102
2 35 1
2 35 2
2 35 7
2 35 8
2 35 9
2 35 13
2 35 14
2 35 16
2 35 17
2 35 22
2 35 24
2 35 25
2 35 29
2 35 30
2 35 31
2 35 32
2 35 33
2 35 36
2 35 37
2 35 38
2 35 39
2 35 41
2 35 42
2 35 43
2 35 44
2 35 45
2 35 46
2 35 48
2 35 51
2 35 52
2 35 54
2 35 56
2 35 58
2 35 59
2 35 60
2 35 61
2 35 64
2 35 65
2 35 67
2 35 69
2 35 70
2 35 72
2 35 73
2 35 74
2 35 75
2 35 79
2 35 81
2 35 84
2 35 85
2 35 86
2 35 87
2 35 88
2 35 91
2 35 92
2 35 93
2 35 94
2 35 95
2 35 96
2 35 97
2 35 101
2 36 0
2 36 1
2 36 2
2 36 4
2 36 6
2 36 7
2 36 8
2 36 9
2 36 11
2 36 13
2 36 14
2 36 16
2 36 17
2 36 18
2 36 19
2 36 20
2 36 22
2 36 23
2 36 28
2 36 29
2 36 31
2 36 32
2 36 37
2 36 38
2 36 39
2 36 41
2 36 43
2 36 44
2 36 45
2 36 46
2 36 49
2 36 51
2 36 53
2 36 54
2 36 55
2 36 59
2 36 60
2 36 62
2 36 65
2 36 67
2 36 70
2 36 71
2 36 73
2 36 75
2 36 76
2 36 78
2 36 80
2 36 81
2 36 83
2 36 84
2 36 85
2 36 86
2 36 87
2 36 88
2 36 89
2 36 90
2 36 91
2 36 92
2 36 93
2 36 94
2 36 95
2 36 96
2 36 98
2 36 99
2 36 101
2 36 102
2 37 1
2 37 2
2 37 8
2 37 13
2 37 14
2 37 15
2 37 16
2 37 17
2 37 18
2 37 19
2 37 21
2 37 22
2 37 26
2 37 27
2 37 30
2 37 32
2 37 33
2 37 35
2 37 36
2 37 40
2 37 41
2 37 43
2 37 45
2 37 47
2 37 49
2 37 50
2 37 51
2 37 52
2 37 53
2 37 54
2 37 56
2 37 57
2 37 61
2 37 62
2 37 63
2 37 64
2 37 65
2 37 66
2 37 67
2 37 69
2 37 70
2 37 71
2 37 72
2 37 74
2 37 77
2 37 78
2 37 79
2 37 80
2 37 81
2 37 82
2 37 86
2 37 87
2 37 89
2 37 91
2 37 92
2 37 94
2 37 96
2 37 97
2 37 98
2 37 99
2 37 100
2 37 102
2 37 103
2 38 0
2 38 1
2 38 2
2 38 7
2 38 8
2 38 10
2 38 13
2 38 14
2 38 17
2 38 18
2 38 19
2 38 20
2 38 22
2 38 24
2 38 26
2 38 27
2 38 28
2 38 29
2 38 30
2 38 31
2 38 33
2 38 35
2 38 38
2 38 41
2 38 45
2 38 47
2 38 50
2 38 52
2 38 55
2 38 56
2 38 59
2 38 62
2 38 63
2 38 67
2 38 68
2 38 69
2 38 72
2 38 73
2 38 74
2 38 76
2 38 77
2 38 78
2 38 80
2 38 82
2 38 83
2 38 87
2 38 90
2 38 91
2 38 92
2 38 96
2 38 97
2 38 98
2 38 99
2 38 100
2 38 101
2 38 102
2 38 103
2 39 1
2 39 2
2 39 3
2 39 5
2 39 6
2 39 7
2 39 8
2 39 13
2 39 17
2 39 19
2 39 20
2 39 21
2 39 22
2 39 24
2 39 25
2 39 26
2 39 28
2 39 29
2 39 30
2 39 31
2 39 32
2 39 37
2 39 38
2 39 39
2 39 41
2 39 42
2 39 43
2 39 47
2 39 48
2 39 49
2 39 50
2 39 54
2 39 56
2 39 57
2 39 58
2 39 59
2 39 60
2 39 61
2 39 62
2 39 65
2 39 66
2 39 67
2 39 69
2 39 70
2 39 73
2 39 77
2 39 78
2 39 82
2 39 84
2 39 85
2 39 87
2 39 89
2 39 91
2 39 93
2 39 94
2 39 95
2 39 96
2 39 99
2 39 101
2 39 102
3 0 0
3 0 1
3 0 2
3 0 3
3 0 4
3 0 6
3 0 7
3 0 8
3 0 10
3 0 11
3 0 13
3 0 15
3 0 16
3 0 18
3 1 0
3 1 1
3 1 5
3 1 6
3 1 7
3 1 10
3 1 11
3 1 13
3 1 15
3 2 0
3 2 3
3 2 4
3 2 7
3 2 8
3 2 9
3 2 11
3 2 16
3 3 1
3 3 2
3 3 4
3 3 5
3 3 6
3 3 8
3 3 11
3 3 12
3 3 13
3 3 14
3 3 15
3 3 16
3 3 18
3 4 1
3 4 2
3 4 5
3 4 7
3 4 9
3 4 10
3 4 12
3 4 15
3 4 17
3 5 0
3 5 1
3 5 2
3 5 3
3 5 4
3 5 9
3 5 10
3 5 11
3 5 12
3 5 13
3 5 14
3 5 16
3 6 2
3 6 4
3 6 6
3 6 7
3 6 9
3 6 11
3 6 12
3 6 14
3 6 15
3 6 16
3 6 17
3 6 18
3 7 0
3 7 1
3 7 4
3 7 5
3 7 6
3 7 7
3 7 9
3 7 11
3 7 12
3 7 13
3 7 15
3 7 16
3 7 17
3 8 0
3 8 1
3 8 2
3 8 3
3 8 6
3 8 8
3 8 10
3 8 12
3 8 13
3 8 14
3 8 16
3 8 18
3 9 2
3 9 4
3 9 6
3 9 9
3 9 12
3 9 16
3 9 17
3 10 0
3 10 1
3 10 3
3 10 5
3 10 7
3 10 10
3 10 12
3 10 15
3 10 17
3 11 0
3 11 1
3 11 2
3 11 3
3 11 4
3 11 5
3 11 9
3 11 10
3 11 11
3 11 12
3 11 14
3 11 15
3 11 16
3 11 18
3 12 0
3 12 1
3 12 2
3 12 3
3 12 4
3 12 5
3 12 6
3 12 8
3 12 11
3 12 12
3 12 14
3 12 15
3 12 16
3 12 17
3 12 18
3 13 0
3 13 1
3 13 2
3 13 4
3 13 5
3 13 6
3 13 7
3 13 9
3 13 12
3 13 15
3 13 16
3 14 1
3 14 3
3 14 5
3 14 10
3 14 11
3 14 13
3 15 0
3 15 1
3 15 3
3 15 4
3 15 6
3 15 8
3 15 9
3 15 10
3 15 11
3 15 12
3 15 14
3 15 16
3 15 17
3 15 18
3 16 0
3 16 1
3 16 2
3 16 4
3 16 7
3 16 9
3 16 10
3 16 12
3 16 14
3 16 15
3 16 16
3 16 18
3 17 0
3 17 1
3 17 2
3 17 3
3 17 4
3 17 6
3 17 7
3 17 8
3 17 9
3 17 11
3 17 14
3 17 16
3 17 18
3 18 0
3 18 1
3 18 2
3 18 5
3 18 6
3 18 8
3 18 10
3 18 12
3 18 14
3 18 15
3 18 16
3 18 17
3 18 18
3 19 1
3 19 2
3 19 3
3 19 4
3 19 5
3 19 6
3 19 7
3 19 8
3 19 10
3 19 11
3 19 12
3 19 13
3 19 14
3 19 18
3 20 2
3 20 4
3 20 6
3 20 8
3 20 9
3 20 10
3 20 12
3 20 13
3 20 14
3 20 16
3 21 0
3 21 1
3 21 2
3 21 3
3 21 6
3 21 7
3 21 8
3 21 10
3 21 12
3 21 14
3 21 16
3 22 0
3 22 3
3 22 5
3 22 6
3 22 7
3 22 10
3 22 12
3 22 16
3 22 18
3 23 2
3 23 4
3 23 6
3 23 8
3 23 9
3 23 10
3 23 17
3 24 0
3 24 1
3 24 3
3 24 4
3 24 5
3 24 8
3 24 10
3 24 11
3 24 13
3 24 17
3 24 18
3 25 0
3 25 2
3 25 3
3 25 4
3 25 6
3 25 7
3 25 8
3 25 10
3 25 11
3 25 12
3 25 13
3 25 16
3 25 17
3 25 18
3 26 1
3 26 3
3 26 5
3 26 7
3 26 10
3 26 14
3 26 17
3 26 18
3 27 3
3 27 4
3 27 5
3 27 6
3 27 7
3 27 10
3 27 12
3 27 13
3 27 15
3 27 18
3 28 0
3 28 3
3 28 4
3 28 6
3 28 7
3 28 8
3 28 9
3 28 10
3 28 11
3 28 14
3 28 17
3 28 18
3 29 0
3 29 2
3 29 3
3 29 5
3 29 7
3 29 8
3 29 9
3 29 10
3 29 11
3 29 12
3 29 13
3 29 15
3 29 16
3 29 17
3 29 18
3 30 0
3 30 1
3 30 2
3 30 3
3 30 5
3 30 7
3 30 8
3 30 9
3 30 10
3 30 13
3 30 14
3 30 15
3 30 17
3 30 18
3 31 0
3 31 2
3 31 4
3 31 6
3 31 7
3 31 9
3 31 11
3 31 12
3 31 13
3 31 14
3 31 16
3 31 17
3 31 18
3 32 1
3 32 4
3 32 5
3 32 6
3 32 7
3 32 9
3 32 10
3 32 12
3 32 13
3 32 14
3 32 17
3 32 18
3 33 0
3 33 5
3 33 6
3 33 9
3 33 10
3 33 11
3 33 12
3 33 14
3 33 17
3 33 18
3 34 0
3 34 2
3 34 3
3 34 6
3 34 7
3 34 8
3 34 11
3 34 14
3 34 15
3 34 18
3 35 0
3 35 1
3 35 3
3 35 5
3 35 6
3 35 8
3 35 12
3 35 13
3 35 14
3 35 15
3 35 16
3 36 1
3 36 3
3 36 4
3 36 5
3 36 7
3 36 9
3 36 11
3 36 12
3 36 15
3 36 17
3 36 18
3 37 0
3 37 1
3 37 2
3 37 3
3 37 4
3 37 5
3 37 6
3 37 7
3 37 10
3 37 11
3 37 12
3 37 14
3 37 15
3 37 16
3 37 17
3 37 18
3 38 0
3 38 1
3 38 2
3 38 3
3 38 5
3 38 6
3 38 7
3 38 9
3 38 10
3 38 11
3 38 12
3 38 14
3 38 15
3 38 17
3 38 18
3 39 1
3 39 2
3 39 5
3 39 7
3 39 8
3 39 9
3 39 10
3 39 12
3 39 15
3 39 16
3 39 17
3 39 18
3 40 0
3 40 2
3 40 3
3 40 4
3 40 9
3 40 10
3 40 11
3 40 12
3 40 13
3 40 15
3 40 17
3 41 2
3 41 5
3 41 7
3 41 8
3 41 10
3 41 11
3 41 12
3 41 14
3 41 15
3 41 16
3 42 0
3 42 1
3 42 2
3 42 4
3 42 7
3 42 9
3 42 13
3 42 15
3 42 17
3 43 0
3 43 1
3 43 2
3 43 4
3 43 6
3 43 8
3 43 13
3 43 14
3 43 15
3 43 16
3 43 18
3 44 0
3 44 1
3 44 3
3 44 6
3 44 7
3 44 10
3 44 14
3 44 15
3 44 18
3 45 1
3 45 3
3 45 4
3 45 5
3 45 6
3 45 7
3 45 8
3 45 11
3 45 13
3 45 15
3 45 16
3 45 18
3 46 2
3 46 7
3 46 8
3 46 9
3 46 10
3 46 11
3 46 12
3 46 13
3 46 14
3 46 15
3 47 1
3 47 2
3 47 3
3 47 4
3 47 5
3 47 9
3 47 11
3 47 12
3 47 15
3 47 17
3 47 18
3 48 0
3 48 1
3 48 2
3 48 4
3 48 5
3 48 10
3 48 11
3 48 12
3 48 14
3 48 17
3 48 18
3 49 0
3 49 1
3 49 2
3 49 4
3 49 5
3 49 6
3 49 7
3 49 8
3 49 9
3 49 10
3 49 11
3 49 12
3 49 16
3 50 0
3 50 3
3 50 4
3 50 5
3 50 6
3 50 8
3 50 9
3 50 10
3 50 11
3 50 12
3 50 13
3 50 14
3 50 15
3 50 17
3 50 18
3 51 1
3 51 2
3 51 5
3 51 7
3 51 8
3 51 9
3 51 11
3 51 13
3 51 16
3 51 17
3 52 0
3 52 3
3 52 4
3 52 5
3 52 7
3 52 9
3 52 13
3 52 14
3 52 15
3 52 17
3 52 18
3 53 1
3 53 3
3 53 6
3 53 7
3 53 9
3 53 11
3 53 13
3 53 14
3 53 15
3 53 16
3 53 17
3 54 2
3 54 4
3 54 10
3 54 11
3 54 13
3 54 16
3 54 17
3 54 18
3 55 2
3 55 3
3 55 10
3 55 11
3 55 12
3 55 13
3 55 14
3 55 15
3 55 17
3 55 18
3 56 0
3 56 3
3 56 4
3 56 7
3 56 8
3 56 9
3 56 11
3 56 12
3 56 13
3 56 14
3 56 15
3 56 16
3 56 17
3 57 0
3 57 1
3 57 3
3 57 4
3 57 8
3 57 9
3 57 11
3 57 12
3 57 15
3 57 16
3 58 1
3 58 3
3 58 4
3 58 5
3 58 6
3 58 7
3 58 9
3 58 11
3 58 13
3 58 16
3 58 17
3 59 2
3 59 3
3 59 6
3 59 7
3 59 8
3 59 9
3 59 11
3 59 12
3 59 13
3 59 14
3 59 16
3 59 17
3 60 2
3 60 4
3 60 7
3 60 8
3 60 11
3 60 12
3 60 13
3 60 14
3 60 15
3 60 16
3 60 17
3 61 1
3 61 4
3 61 5
3 61 6
3 61 9
3 61 10
3 61 14
3 61 15
3 61 16
3 61 18
3 62 2
3 62 3
3 62 5
3 62 6
3 62 7
3 62 8
3 62 9
3 62 11
3 62 12
3 62 13
3 62 15
3 62 16
3 62 17
3 62 18
3 63 2
3 63 4
3 63 6
3 63 7
3 63 10
3 63 11
3 63 14
3 63 16
3 63 17
3 64 0
3 64 1
3 64 2
3 64 3
3 64 5
3 64 7
3 64 9
3 64 10
3 64 13
3 64 14
3 64 15
3 64 16
3 64 17
3 64 18
3 65 0
3 65 1
3 65 4
3 65 5
3 65 6
3 65 7
3 65 9
3 65 10
3 65 11
3 65 13
3 65 14
3 65 17
3 65 18
3 66 5
3 66 6
3 66 7
3 66 8
3 66 9
3 66 13
3 66 16
3 66 18
3 67 0
3 67 1
3 67 3
3 67 4
3 67 5
3 67 6
3 67 7
3 67 8
3 67 9
3 67 10
3 67 11
3 67 12
3 67 13
3 67 14
3 67 16
3 68 0
3 68 1
3 68 2
3 68 3
3 68 5
3 68 9
3 68 11
3 68 12
3 68 15
3 68 18
3 69 1
3 69 2
3 69 4
3 69 5
3 69 7
3 69 9
3 69 10
3 69 11
3 69 12
3 69 14
3 69 15
3 70 0
3 70 1
3 70 2
3 70 3
3 70 4
3 70 6
3 70 7
3 70 8
3 70 10
3 70 11
3 70 13
3 70 14
3 70 15
3 70 17
3 71 0
3 71 1
3 71 2
3 71 3
3 71 6
3 71 7
3 71 8
3 71 10
3 71 13
3 71 15
3 71 16
3 71 17
3 71 18
3 72 0
3 72 1
3 72 2
3 72 3
3 72 4
3 72 7
3 72 11
3 72 12
3 72 13
3 72 14
3 72 18
3 73 1
3 73 3
3 73 4
3 73 5
3 73 7
3 73 8
3 73 9
3 73 10
3 73 11
3 73 12
3 73 13
3 73 14
3 73 15
3 73 16
3 73 18
3 74 0
3 74 1
3 74 2
3 74 3
3 74 5
3 74 6
3 74 8
3 74 9
3 74 11
3 74 12
3 74 13
3 74 14
3 74 17
3 75 0
3 75 1
3 75 2
3 75 3
3 75 4
3 75 7
3 75 8
3 75 9
3 75 11
3 75 12
3 75 13
3 75 14
3 75 15
3 75 17
3 75 18
3 76 1
3 76 2
3 76 3
3 76 4
3 76 5
3 76 6
3 76 7
3 76 9
3 76 10
3 76 11
3 76 13
3 76 15
3 76 16
3 76 17
3 76 18
3 77 0
3 77 2
3 77 3
3 77 4
3 77 5
3 77 6
3 77 8
3 77 9
3 77 10
3 77 11
3 77 13
3 77 14
3 77 15
3 77 17
3 77 18
3 78 0
3 78 1
3 78 4
3 78 5
3 78 7
3 78 11
3 78 12
3 78 14
3 78 15
3 79 0
3 79 5
3 79 6
3 79 8
3 79 9
3 79 11
3 79 12
3 79 13
3 79 14
3 79 16
3 79 17
3 79 18
3 80 0
3 80 3
3 80 4
3 80 5
3 80 7
3 80 8
3 80 13
3 80 15
3 80 16
3 80 17
3 80 18
3 81 1
3 81 4
3 81 7
3 81 8
3 81 9
3 81 10
3 81 12
3 81 13
3 81 14
3 81 15
3 81 16
3 81 17
3 81 18
3 82 0
3 82 1
3 82 2
3 82 4
3 82 5
3 82 6
3 82 8
3 82 9
3 82 10
3 82 11
3 82 13
3 82 14
3 82 15
3 82 16
3 82 17
3 82 18
3 83 0
3 83 1
3 83 3
3 83 5
3 83 6
3 83 7
3 83 9
3 83 12
3 83 13
3 83 15
3 83 17
3 84 0
3 84 1
3 84 2
3 84 3
3 84 6
3 84 8
3 84 10
3 84 12
3 84 15
3 84 17
3 84 18
3 85 3
3 85 4
3 85 5
3 85 6
3 85 8
3 85 10
3 85 11
3 85 13
3 85 15
3 85 17
3 85 18
3 86 0
3 86 1
3 86 6
3 86 7
3 86 8
3 86 9
3 86 10
3 86 12
3 86 15
3 86 16
3 86 18
3 87 1
3 87 2
3 87 3
3 87 4
3 87 5
3 87 7
3 87 8
3 87 10
3 87 12
3 87 13
3 87 15
3 87 18
3 88 0
3 88 1
3 88 2
3 88 3
3 88 4
3 88 5
3 88 7
3 88 10
3 88 13
3 88 14
3 88 15
3 88 17
3 89 0
3 89 3
3 89 4
3 89 9
3 89 13
3 89 14
3 89 15
3 89 16
3 89 17
3 90 2
3 90 5
3 90 6
3 90 10
3 90 11
3 90 13
3 90 14
3 90 18
3 91 1
3 91 3
3 91 4
3 91 6
3 91 8
3 91 9
3 91 12
3 91 14
3 91 15
3 91 16
3 92 0
3 92 2
3 92 3
3 92 4
3 92 5
3 92 7
3 92 9
3 92 10
3 92 11
3 92 13
3 92 14
3 92 16
3 93 2
3 93 4
3 93 5
3 93 6
3 93 7
3 93 8
3 93 10
3 93 11
3 93 14
3 93 15
3 93 16
3 94 1
3 94 2
3 94 3
3 94 6
3 94 7
3 94 8
3 94 10
3 94 11
3 94 13
3 94 14
3 94 16
3 95 2
3 95 6
3 95 7
3 95 8
3 95 9
3 95 10
3 95 11
3 95 15
3 95 16
3 95 17
3 96 0
3 96 2
3 96 6
3 96 8
3 96 12
3 96 13
3 96 15
3 96 17
3 96 18
3 97 1
3 97 3
3 97 4
3 97 5
3 97 6
3 97 7
3 97 9
3 97 12
3 97 17
3 98 0
3 98 1
3 98 2
3 98 6
3 98 7
3 98 9
3 98 11
3 98 12
3 98 13
3 98 14
3 98 15
3 98 16
3 98 17
3 98 18
3 99 1
3 99 2
3 99 4
3 99 5
3 99 6
3 99 8
3 99 10
3 99 11
3 99 12
3 99 14
3 99 15
3 99 16
3 99 18
3 100 0
3 100 1
3 100 3
3 100 5
3 100 6
3 100 8
3 100 9
3 100 11
3 100 12
3 100 13
3 100 15
3 101 1
3 101 3
3 101 4
3 101 5
3 101 6
3 101 8
3 101 10
3 101 11
3 101 12
3 101 13
3 101 14
3 101 15
3 101 16
3 101 18
3 102 3
3 102 5
3 102 8
3 102 9
3 102 12
3 102 13
3 102 16
3 102 17
3 102 18
3 103 0
3 103 1
3 103 2
3 103 3
3 103 5
3 103 7
3 103 8
3 103 9
3 103 12
3 103 13
3 103 14
3 103 16
3 103 18
4 0 0
4 0 2
4 0 4
4 0 5
4 0 9
4 0 10
4 0 11
4 0 13
4 0 14
4 0 15
4 0 16
4 0 19
4 0 20
4 0 21
4 0 22
4 0 23
4 0 25
4 0 26
4 1 0
4 1 2
4 1 3
4 1 4
4 1 5
4 1 8
4 1 9
4 1 13
4 1 15
4 1 17
4 1 20
4 1 23
4 2 0
4 2 1
4 2 3
4 2 4
4 2 5
4 2 6
4 2 8
4 2 10
4 2 14
4 2 15
4 2 16
4 2 17
4 2 19
4 2 21
4 2 22
4 2 23
4 2 24
4 2 26
4 3 0
4 3 5
4 3 6
4 3 7
4 3 8
4 3 11
4 3 15
4 3 20
4 3 21
4 3 22
4 3 23
4 3 24
4 3 26
4 4 1
4 4 2
4 4 6
4 4 9
4 4 11
4 4 12
4 4 14
4 4 15
4 4 18
4 4 19
4 4 20
4 4 21
4 4 22
4 4 23
4 4 24
4 5 0
4 5 1
4 5 4
4 5 5
4 5 6
4 5 7
4 5 8
4 5 9
4 5 10
4 5 11
4 5 12
4 5 13
4 5 14
4 5 15
4 5 16
4 5 19
4 5 20
4 5 21
4 5 23
4 5 25
4 5 26
4 6 2
4 6 3
4 6 4
4 6 5
4 6 6
4 6 7
4 6 8
4 6 9
4 6 10
4 6 12
4 6 13
4 6 15
4 6 17
4 6 19
4 6 21
4 6 23
4 6 24
4 7 0
4 7 1
4 7 2
4 7 3
4 7 5
4 7 9
4 7 10
4 7 12
4 7 13
4 7 14
4 7 16
4 7 17
4 7 18
4 7 19
4 7 20
4 7 22
4 7 23
4 7 24
4 7 26
4 8 0
4 8 2
4 8 3
4 8 5
4 8 6
4 8 7
4 8 8
4 8 9
4 8 10
4 8 11
4 8 12
4 8 15
4 8 16
4 8 17
4 8 19
4 8 21
4 8 22
4 8 23
4 9 0
4 9 3
4 9 4
4 9 5
4 9 7
4 9 9
4 9 12
4 9 13
4 9 17
4 9 18
4 9 19
4 9 20
4 9 21
4 9 22
4 9 23
4 9 26
4 10 1
4 10 2
4 10 3
4 10 4
4 10 6
4 10 9
4 10 10
4 10 11
4 10 12
4 10 14
4 10 15
4 10 16
4 10 18
4 10 19
4 10 22
4 10 23
4 10 24
4 10 26
4 11 1
4 11 2
4 11 3
4 11 4
4 11 5
4 11 6
4 11 7
4 11 8
4 11 11
4 11 12
4 11 13
4 11 14
4 11 15
4 11 17
4 11 19
4 11 20
4 11 21
4 11 22
4 11 23
4 11 25
4 11 26
4 12 1
4 12 2
4 12 3
4 12 4
4 12 6
4 12 10
4 12 11
4 12 12
4 12 13
4 12 14
4 12 16
4 12 19
4 12 20
4 12 23
4 12 24
4 12 25
4 13 4
4 13 5
4 13 7
4 13 9
4 13 10
4 13 11
4 13 13
4 13 14
4 13 15
4 13 16
4 13 18
4 13 19
4 13 20
4 13 22
4 13 23
4 13 24
4 13 25
4 13 26
4 14 0
4 14 1
4 14 2
4 14 3
4 14 4
4 14 5
4 14 7
4 14 8
4 14 10
4 14 11
4 14 12
4 14 15
4 14 19
4 14 20
4 14 21
4 14 22
4 14 23
4 14 24
4 14 25
4 14 26
4 15 1
4 15 5
4 15 6
4 15 7
4 15 8
4 15 9
4 15 10
4 15 11
4 15 12
4 15 13
4 15 14
4 15 15
4 15 18
4 15 19
4 15 21
4 15 22
4 15 25
4 15 26
4 16 0
4 16 1
4 16 2
4 16 3
4 16 5
4 16 6
4 16 7
4 16 8
4 16 11
4 16 12
4 16 13
4 16 20
4 16 21
4 16 22
4 16 25
4 16 26
4 17 0
4 17 1
4 17 3
4 17 4
4 17 5
4 17 6
4 17 11
4 17 12
4 17 14
4 17 15
4 17 16
4 17 20
4 17 23
4 17 24
4 18 5
4 18 8
4 18 10
4 18 11
4 18 12
4 18 13
4 18 16
4 18 18
4 18 19
4 18 23
4 18 24
4 18 25
4 18 26