170
6
15 13 41 18 21 132
1359

920 0 812 0 718 860 740 0 798 130 733 702 247 0 0
0 917 0 0 780 795 419 270 204 0 0 973 926
235 269 899 0 0 0 330 230 0 852 434 156 709 86 197 0 657 637 0 0 377 945 912 0 59 0 0 0 0 0 699 0 700 680 567 125 644 274 904 730 953
265 0 941 166 897 253 451 688 30 0 311 22 442 0 874 517 0 621
543 686 0 679 493 608 257 0 692 389 0 0 917 792 566 769 0 48 962 59 180
509 0 236 132 276 459 223 244 604 0 787 684 457 754 0 359 906 882 917 61 0 0 0 0 179 186 0 900 0 0 585 387 0 0 259 99 837 0 771 746 0 156 519 873 0 909 766 0 813 0 0 0 420 0 876 94 0 962 489 854 0 0 0 394 819 0 788 419 0 0 244 745 0 69 0 0 903 120 298 0 953 0 752 514 38 30 0 438 0 429 0 598 513 975 542 363 633 0 897 0 0 317 0 0 756 253 0 579 127 487 893 0 598 0 222 0 777 50 0 0 817 983 357 0 77 989 941 583 0 639 591 224

0 0 2
0 0 7
0 0 8
0 0 11
0 1 5
0 1 8
0 2 1
0 2 5
0 2 9
0 2 11
0 2 12
0 3 1
0 3 3
0 3 6
0 3 8
0 4 0
0 4 1
0 4 3
0 5 7
0 5 9
0 6 3
0 6 10
0 7 3
0 8 9
0 8 11
0 9 4
0 9 8
0 9 10
0 10 0
0 10 1
0 10 3
0 10 5
0 10 6
0 10 8
0 10 10
0 11 3
0 11 8
0 11 10
0 12 2
0 12 4
0 12 5
0 12 6
0 12 11
0 13 0
0 13 1
0 13 3
0 13 6
0 13 12
0 14 0
0 14 4
0 14 6
0 14 7
0 14 12
1 0 1
1 0 6
1 0 7
1 0 9
1 0 13
1 0 19
1 0 20
1 0 21
1 0 24
1 0 39
1 1 2
1 1 3
1 1 4
1 1 5
1 1 6
1 1 8
1 1 11
1 1 13
1 1 14
1 1 19
1 1 20
1 1 23
1 1 24
1 1 30
1 1 31
1 1 34
1 1 35
1 1 36
1 1 38
1 1 40
1 2 0
1 2 2
1 2 12
1 2 21
1 2 22
1 2 28
1 2 31
1 2 33
1 2 34
1 3 7
1 3 9
1 3 12
1 3 18
1 3 27
1 3 28
1 3 30
1 3 31
1 3 32
1 3 33
1 3 34
1 3 37
1 4 0
1 4 1
1 4 2
1 4 3
1 4 6
1 4 8
1 4 10
1 4 12
1 4 19
1 4 23
1 4 24
1 4 25
1 4 31
1 4 34
1 4 35
1 4 37
1 5 0
1 5 1
1 5 7
1 5 8
1 5 9
1 5 18
1 5 19
1 5 24
1 5 25
1 5 27
1 5 31
1 5 32
1 5 39
1 6 0
1 6 1
1 6 5
1 6 13
1 6 16
1 6 19
1 6 26
1 6 27
1 6 28
1 6 31
1 6 34
1 6 35
1 6 37
1 7 0
1 7 3
1 7 4
1 7 15
1 7 19
1 7 26
1 7 33
1 7 34
1 7 35
1 7 36
1 7 40
1 8 0
1 8 3
1 8 4
1 8 19
1 8 21
1 8 22
1 8 31
1 9 5
1 9 13
1 9 16
1 9 25
1 9 26
1 9 29
1 10 7
1 10 13
1 10 17
1 10 28
1 10 29
1 10 30
1 10 33
1 10 34
1 10 35
1 10 36
1 10 37
1 10 38
1 11 1
1 11 13
1 11 15
1 11 25
1 11 26
1 11 27
1 11 28
1 11 31
1 11 34
1 11 38
1 12 2
1 12 5
1 12 16
1 12 22
1 12 23
1 12 26
1 12 30
1 12 39
2 0 1
2 0 4
2 0 10
2 0 12
2 0 14
2 0 15
2 0 16
2 1 2
2 1 4
2 1 8
2 1 12
2 1 14
2 2 7
2 2 8
2 2 9
2 2 11
2 2 15
2 2 16
2 3 7
2 3 9
2 3 10
2 3 11
2 3 13
2 3 16
2 3 17
2 4 2
2 4 4
2 4 6
2 4 7
2 4 11
2 4 15
2 4 16
2 4 17
2 5 0
2 5 2
2 5 7
2 5 10
2 5 14
2 5 15
2 6 0
2 6 2
2 6 4
2 6 5
2 6 8
2 6 9
2 7 2
2 7 3
2 7 5
2 7 8
2 7 14
2 8 0
2 8 2
2 8 5
2 8 8
2 8 12
2 8 14
2 8 17
2 9 4
2 9 5
2 9 11
2 9 13
2 9 16
2 9 17
2 10 0
2 10 7
2 10 8
2 10 9
2 10 13
2 11 1
2 11 9
2 11 12
2 11 15
2 12 1
2 12 2
2 12 6
2 12 8
2 12 14
2 13 2
2 13 3
2 14 1
2 14 5
2 14 6
2 14 7
2 14 11
2 14 14
2 14 15
2 15 2
2 15 5
2 15 6
2 15 9
2 15 13
2 15 14
2 16 0
2 16 2
2 16 3
2 16 5
2 16 10
2 16 15
2 17 2
2 17 3
2 17 7
2 17 8
2 17 11
2 17 14
2 17 15
2 18 0
2 18 5
2 18 8
2 18 9
2 18 12
2 18 16
2 19 5
2 19 6
2 19 8
2 19 9
2 19 11
2 19 13
2 19 14
2 19 15
2 19 16
2 20 5
2 20 8
2 20 10
2 20 14
2 20 15
2 20 17
2 21 0
2 21 3
2 21 6
2 21 8
2 21 9
2 21 13
2 21 14
2 21 16
2 22 0
2 22 1
2 22 2
2 22 4
2 22 9
2 22 13
2 22 14
2 23 8
2 23 9
2 23 12
2 24 6
2 24 7
2 24 14
2 25 1
2 25 2
2 25 6
2 25 7
2 25 10
2 25 17
2 26 2
2 26 10
2 27 0
2 27 2
2 27 8
2 27 12
2 27 14
2 28 0
2 28 1
2 28 4
2 28 6
2 28 12
2 28 14
2 28 16
2 28 17
2 29 3
2 29 4
2 29 5
2 29 7
2 29 14
2 29 16
2 30 2
2 30 3
2 30 4
2 30 8
2 30 10
2 30 11
2 31 2
2 31 3
2 31 5
2 31 7
2 31 9
2 31 16
2 31 17
2 32 0
2 32 2
2 32 7
2 32 9
2 32 15
2 32 16
2 33 0
2 33 2
2 33 10
2 33 11
2 33 12
2 33 15
2 34 1
2 34 8
2 34 9
2 34 11
2 35 5
2 35 7
2 35 8
2 35 9
2 35 10
2 35 17
2 36 0
2 36 1
2 36 2
2 36 5
2 36 8
2 36 9
2 36 14
2 36 15
2 36 16
2 37 8
2 37 9
2 37 11
2 38 1
2 38 12
2 38 13
2 38 15
2 39 3
2 39 6
2 39 7
2 39 9
2 39 16
2 40 3
2 40 6
2 40 11
2 40 14
2 40 15
3 0 8
3 0 14
3 0 15
3 0 16
3 0 19
3 1 2
3 1 3
3 1 5
3 1 12
3 1 17
3 1 20
3 2 8
3 2 16
3 2 18
3 3 0
3 3 11
3 3 16
3 3 17
3 3 18
3 4 5
3 4 6
3 4 11
3 4 12
3 4 13
3 4 14
3 4 15
3 5 1
3 5 7
3 5 13
3 5 16
3 5 17
3 6 3
3 6 7
3 6 8
3 6 12
3 6 13
3 6 20
3 7 0
3 7 1
3 7 2
3 7 3
3 7 4
3 7 6
3 7 8
3 7 12
3 7 15
3 7 18
3 8 10
3 8 12
3 9 4
3 9 9
3 9 13
3 9 19
3 9 20
3 10 3
3 10 6
3 10 7
3 10 9
3 10 11
3 10 12
3 10 13
3 10 14
3 11 3
3 11 4
3 11 8
3 11 9
3 11 13
3 11 15
3 11 19
3 12 0
3 12 15
3 13 0
3 13 3
3 13 5
3 13 10
3 13 11
3 13 13
3 13 14
3 13 15
3 13 16
3 13 17
3 13 20
3 14 0
3 14 2
3 14 3
3 14 6
3 14 20
3 15 5
3 15 6
3 15 17
3 15 18
3 16 3
3 16 5
3 16 12
3 16 18
3 17 3
3 17 12
3 17 13
3 17 18
3 17 20
4 0 0
4 0 1
4 0 13
4 0 15
4 0 16
4 0 19
4 0 22
4 0 35
4 0 36
4 0 43
4 0 44
4 0 46
4 0 47
4 0 52
4 0 53
4 0 54
4 0 58
4 0 59
4 0 60
4 0 64
4 0 68
4 0 69
4 0 70
4 0 72
4 0 77
4 0 78
4 0 81
4 0 85
4 0 88
4 0 96
4 0 98
4 0 99
4 0 100
4 0 102
4 0 105
4 0 108
4 0 109
4 0 116
4 0 119
4 0 122
4 0 123
4 0 125
4 0 126
4 0 127
4 1 0
4 1 2
4 1 6
4 1 12
4 1 14
4 1 15
4 1 16
4 1 19
4 1 20
4 1 21
4 1 23
4 1 28
4 1 29
4 1 31
4 1 33
4 1 34
4 1 36
4 1 40
4 1 42
4 1 54
4 1 56
4 1 58
4 1 59
4 1 60
4 1 61
4 1 66
4 1 68
4 1 70
4 1 71
4 1 72
4 1 75
4 1 79
4 1 94
4 1 96
4 1 98
4 1 99
4 1 100
4 1 101
4 1 106
4 1 107
4 1 109
4 1 110
4 1 116
4 1 122
4 1 124
4 1 127
4 2 0
4 2 2
4 2 4
4 2 11
4 2 12
4 2 16
4 2 18
4 2 22
4 2 24
4 2 27
4 2 34
4 2 37
4 2 38
4 2 41
4 2 48
4 2 50
4 2 52
4 2 56
4 2 60
4 2 61
4 2 65
4 2 67
4 2 69
4 2 73
4 2 75
4 2 77
4 2 81
4 2 82
4 2 84
4 2 88
4 2 89
4 2 91
4 2 93
4 2 97
4 2 99
4 2 100
4 2 103
4 2 105
4 2 116
4 2 120
4 2 123
4 2 127
4 3 1
4 3 4
4 3 11
4 3 12
4 3 13
4 3 14
4 3 15
4 3 18
4 3 22
4 3 26
4 3 27
4 3 29
4 3 31
4 3 32
4 3 33
4 3 45
4 3 46
4 3 49
4 3 51
4 3 56
4 3 62
4 3 63
4 3 66
4 3 67
4 3 68
4 3 81
4 3 83
4 3 88
4 3 91
4 3 93
4 3 94
4 3 96
4 3 98
4 3 100
4 3 113
4 3 118
4 3 119
4 3 127
4 3 128
4 3 129
4 3 130
4 4 0
4 4 5
4 4 6
4 4 8
4 4 11
4 4 12
4 4 13
4 4 18
4 4 21
4 4 22
4 4 23
4 4 25
4 4 29
4 4 30
4 4 32
4 4 33
4 4 38
4 4 41
4 4 44
4 4 48
4 4 50
4 4 51
4 4 53
4 4 56
4 4 59
4 4 60
4 4 62
4 4 64
4 4 73
4 4 77
4 4 79
4 4 86
4 4 87
4 4 89
4 4 91
4 4 92
4 4 95
4 4 98
4 4 99
4 4 101
4 4 107
4 4 108
4 4 109
4 4 113
4 4 114
4 4 115
4 4 118
4 4 124
4 5 7
4 5 16
4 5 19
4 5 21
4 5 23
4 5 25
4 5 29
4 5 34
4 5 46
4 5 50
4 5 55
4 5 56
4 5 59
4 5 61
4 5 64
4 5 72
4 5 73
4 5 79
4 5 82
4 5 87
4 5 95
4 5 96
4 5 108
4 5 109
4 5 112
4 5 114
4 5 116
4 5 117
4 5 119
4 5 120
4 5 125
4 5 126
4 5 127
4 5 130
4 6 1
4 6 6
4 6 8
4 6 11
4 6 13
4 6 14
4 6 15
4 6 16
4 6 21
4 6 23
4 6 29
4 6 33
4 6 34
4 6 35
4 6 36
4 6 40
4 6 42
4 6 43
4 6 44
4 6 53
4 6 54
4 6 57
4 6 62
4 6 64
4 6 72
4 6 74
4 6 79
4 6 80
4 6 88
4 6 89
4 6 94
4 6 97
4 6 104
4 6 112
4 6 114
4 6 119
4 7 0
4 7 3
4 7 9
4 7 10
4 7 13
4 7 17
4 7 21
4 7 23
4 7 30
4 7 32
4 7 44
4 7 51
4 7 56
4 7 62
4 7 65
4 7 66
4 7 70
4 7 76
4 7 77
4 7 78
4 7 79
4 7 86
4 7 93
4 7 94
4 7 96
4 7 98
4 7 100
4 7 101
4 7 103
4 7 111
4 7 113
4 7 114
4 7 115
4 7 117
4 7 124
4 7 125
4 7 127
4 7 129
4 7 131
4 8 5
4 8 10
4 8 11
4 8 12
4 8 16
4 8 23
4 8 27
4 8 29
4 8 35
4 8 45
4 8 49
4 8 50
4 8 52
4 8 54
4 8 68
4 8 69
4 8 72
4 8 80
4 8 84
4 8 90
4 8 92
4 8 97
4 8 100
4 8 101
4 8 110
4 8 111
4 8 113
4 8 115
4 8 119
4 8 122
4 8 123
4 8 131
4 9 6
4 9 9
4 9 14
4 9 15
4 9 18
4 9 28
4 9 29
4 9 52
4 9 54
4 9 55
4 9 57
4 9 62
4 9 65
4 9 67
4 9 69
4 9 71
4 9 77
4 9 81
4 9 86
4 9 89
4 9 90
4 9 95
4 9 96
4 9 99
4 9 112
4 9 119
4 9 128
4 10 1
4 10 4
4 10 9
4 10 13
4 10 15
4 10 16
4 10 19
4 10 20
4 10 23
4 10 26
4 10 30
4 10 31
4 10 33
4 10 39
4 10 46
4 10 48
4 10 50
4 10 52
4 10 55
4 10 60
4 10 68
4 10 70
4 10 71
4 10 75
4 10 84
4 10 89
4 10 96
4 10 101
4 10 102
4 10 103
4 10 104
4 10 106
4 10 108
4 10 109
4 10 117
4 10 118
4 10 119
4 10 120
4 10 129
4 10 131
4 11 0
4 11 2
4 11 6
4 11 8
4 11 11
4 11 12
4 11 13
4 11 14
4 11 15
4 11 21
4 11 22
4 11 25
4 11 28
4 11 30
4 11 34
4 11 42
4 11 47
4 11 49
4 11 51
4 11 54
4 11 55
4 11 56
4 11 58
4 11 61
4 11 71
4 11 76
4 11 82
4 11 83
4 11 87
4 11 89
4 11 90
4 11 101
4 11 105
4 11 115
4 11 118
4 11 119
4 11 124
4 11 126
4 12 0
4 12 4
4 12 5
4 12 9
4 12 10
4 12 13
4 12 15
4 12 20
4 12 23
4 12 25
4 12 26
4 12 27
4 12 35
4 12 37
4 12 41
4 12 43
4 12 44
4 12 45
4 12 47
4 12 49
4 12 50
4 12 55
4 12 59
4 12 60
4 12 61
4 12 62
4 12 69
4 12 71
4 12 72
4 12 75
4 12 80
4 12 82
4 12 91
4 12 92
4 12 108
4 12 109
4 12 113
4 12 116
4 12 121
4 12 124
4 12 128
4 13 0
4 13 1
4 13 2
4 13 3
4 13 5
4 13 8
4 13 11
4 13 13
4 13 16
4 13 21
4 13 23
4 13 24
4 13 26
4 13 28
4 13 40
4 13 43
4 13 46
4 13 52
4 13 61
4 13 67
4 13 71
4 13 73
4 13 78
4 13 81
4 13 83
4 13 85
4 13 88
4 13 91
4 13 96
4 13 99
4 13 105
4 13 106
4 13 114
4 13 117
4 13 119
4 13 123
4 13 124
4 13 126
4 13 130
4 13 131
4 14 3
4 14 4
4 14 13
4 14 23
4 14 24
4 14 25
4 14 28
4 14 32
4 14 36
4 14 42
4 14 44
4 14 46
4 14 48
4 14 49
4 14 51
4 14 57
4 14 62
4 14 69
4 14 70
4 14 74
4 14 78
4 14 88
4 14 89
4 14 98
4 14 101
4 14 103
4 14 105
4 14 108
4 14 114
4 14 119
4 14 120
4 14 123
4 14 124
4 14 128
4 15 1
4 15 3
4 15 5
4 15 7
4 15 8
4 15 10
4 15 15
4 15 19
4 15 20
4 15 22
4 15 23
4 15 24
4 15 27
4 15 28
4 15 33
4 15 39
4 15 43
4 15 46
4 15 50
4 15 51
4 15 54
4 15 57
4 15 60
4 15 61
4 15 70
4 15 71
4 15 73
4 15 74
4 15 79
4 15 84
4 15 86
4 15 95
4 15 99
4 15 100
4 15 102
4 15 104
4 15 107
4 15 115
4 15 121
4 15 123
4 15 128
4 16 1
4 16 2
4 16 3
4 16 6
4 16 10
4 16 17
4 16 19
4 16 20
4 16 24
4 16 25
4 16 26
4 16 32
4 16 33
4 16 35
4 16 40
4 16 49
4 16 53
4 16 56
4 16 58
4 16 59
4 16 60
4 16 62
4 16 66
4 16 67
4 16 69
4 16 73
4 16 74
4 16 86
4 16 88
4 16 98
4 16 101
4 16 106
4 16 107
4 16 111
4 16 112
4 16 114
4 16 120
4 16 121
4 16 122
4 16 124
4 17 0
4 17 1
4 17 4
4 17 5
4 17 10
4 17 11
4 17 13
4 17 18
4 17 24
4 17 26
4 17 32
4 17 41
4 17 42
4 17 46
4 17 47
4 17 50
4 17 52
4 17 55
4 17 59
4 17 73
4 17 74
4 17 86
4 17 88
4 17 96
4 17 97
4 17 110
4 17 118
4 17 124
4 17 128
4 17 130
4 18 2
4 18 3
4 18 5
4 18 10
4 18 12
4 18 16
4 18 20
4 18 23
4 18 30
4 18 37
4 18 40
4 18 47
4 18 49
4 18 50
4 18 66
4 18 69
4 18 74
4 18 76
4 18 78
4 18 83
4 18 85
4 18 86
4 18 91
4 18 94
4 18 95
4 18 96
4 18 97
4 18 98
4 18 102
4 18 110
4 18 111
4 18 117
4 18 119
4 18 124
4 18 126
4 18 127
4 18 129
4 19 3
4 19 4
4 19 6
4 19 13
4 19 14
4 19 15
4 19 16
4 19 17
4 19 19
4 19 24
4 19 28
4 19 29
4 19 37
4 19 38
4 19 39
4 19 43
4 19 49
4 19 51
4 19 52
4 19 56
4 19 60
4 19 63
4 19 65
4 19 67
4 19 71
4 19 72
4 19 75
4 19 76
4 19 77
4 19 83
4 19 85
4 19 88
4 19 90
4 19 95
4 19 96
4 19 97
4 19 99
4 19 101
4 19 104
4 19 107
4 19 112
4 19 113
4 19 114
4 19 118
4 19 120
4 19 124
4 19 125
4 19 129
4 20 7
4 20 9
4 20 16
4 20 19
4 20 22
4 20 24
4 20 28
4 20 29
4 20 31
4 20 39
4 20 43
4 20 45
4 20 46
4 20 50
4 20 52
4 20 57
4 20 59
4 20 61
4 20 64
4 20 68
4 20 70
4 20 71
4 20 73
4 20 84
4 20 87
4 20 92
4 20 93
4 20 95
4 20 100
4 20 101
4 20 103
4 20 105
4 20 106
4 20 107
4 20 108
4 20 109
4 20 110
4 20 111
4 20 115
4 20 117
4 20 118
4 20 120
4 20 123
4 20 128
4 20 129
4 20 131