825
6
89 43 28 13 37 30
3923

0 650 0 0 971 0 0 0 0 0 0 0 461 0 905 0 775 359 0 0 667 0 0 0 0 0 447 0 0 0 351 0 453 0 0 747 238 290 0 0 0 613 521 0 176 372 0 0 0 0 545 0 0 0 0 0 0 834 687 0 859 0 0 0 0 0 0 406 455 0 0 0 746 0 365 0 0 890 0 689 0 0 844 0 315 661 0 971 0
0 55 0 0 0 0 0 0 582 635 932 0 189 0 0 0 223 0 0 476 0 0 0 0 212 670 860 0 161 0 703 0 560 0 927 913 0 310 0 602 0 0 0
0 0 0 0 0 0 0 0 0 0 995 472 0 725 0 0 0 0 0 303 0 0 835 0 0 0 0 636
802 996 0 0 0 780 0 0 0 469 0 402 0
0 0 0 556 0 0 0 830 0 0 0 0 0 0 0 0 549 0 0 911 0 0 301 708 0 0 749 0 0 0 0 585 0 558 0 565 0
0 0 414 0 890 0 0 446 0 0 0 0 0 784 473 933 0 0 53 0 331 0 0 304 0 510 0 0 846 529

0 0 1
0 0 2
0 0 3
0 0 6
0 0 7
0 0 11
0 0 12
0 0 13
0 0 14
0 0 16
0 0 18
0 0 20
0 0 21
0 0 22
0 0 27
0 0 28
0 0 30
0 0 32
0 0 34
0 0 35
0 0 37
0 0 38
0 0 39
0 0 42
0 1 0
0 1 1
0 1 3
0 1 4
0 1 5
0 1 7
0 1 8
0 1 9
0 1 10
0 1 11
0 1 13
0 1 18
0 1 20
0 1 21
0 1 22
0 1 23
0 1 25
0 1 27
0 1 31
0 1 32
0 1 33
0 1 35
0 1 36
0 1 38
0 1 39
0 1 40
0 1 42
0 2 0
0 2 1
0 2 4
0 2 5
0 2 8
0 2 10
0 2 11
0 2 12
0 2 15
0 2 16
0 2 17
0 2 20
0 2 21
0 2 23
0 2 25
0 2 29
0 2 34
0 2 37
0 2 38
0 2 39
0 2 40
0 2 41
0 2 42
0 3 0
0 3 1
0 3 2
0 3 4
0 3 6
0 3 7
0 3 8
0 3 12
0 3 13
0 3 14
0 3 15
0 3 16
0 3 17
0 3 19
0 3 21
0 3 23
0 3 26
0 3 29
0 3 30
0 3 32
0 3 34
0 3 35
0 3 37
0 3 39
0 3 41
0 4 0
0 4 4
0 4 7
0 4 8
0 4 12
0 4 13
0 4 14
0 4 15
0 4 18
0 4 22
0 4 24
0 4 25
0 4 27
0 4 28
0 4 30
0 4 32
0 4 33
0 4 34
0 4 36
0 4 37
0 4 38
0 4 40
0 4 41
0 4 42
0 5 0
0 5 1
0 5 4
0 5 5
0 5 6
0 5 7
0 5 8
0 5 9
0 5 11
0 5 13
0 5 16
0 5 18
0 5 19
0 5 21
0 5 23
0 5 24
0 5 26
0 5 27
0 5 28
0 5 30
0 5 32
0 5 33
0 5 35
0 5 36
0 5 37
0 5 39
0 5 40
0 5 41
0 6 0
0 6 1
0 6 2
0 6 7
0 6 8
0 6 9
0 6 10
0 6 13
0 6 14
0 6 15
0 6 19
0 6 22
0 6 23
0 6 24
0 6 25
0 6 27
0 6 28
0 6 32
0 6 34
0 6 36
0 6 37
0 6 38
0 6 42
0 7 0
0 7 2
0 7 3
0 7 5
0 7 7
0 7 8
0 7 9
0 7 13
0 7 14
0 7 15
0 7 19
0 7 20
0 7 21
0 7 23
0 7 25
0 7 26
0 7 30
0 7 31
0 7 32
0 7 37
0 7 41
0 8 0
0 8 1
0 8 2
0 8 4
0 8 5
0 8 7
0 8 8
0 8 9
0 8 10
0 8 11
0 8 13
0 8 17
0 8 22
0 8 23
0 8 24
0 8 25
0 8 27
0 8 29
0 8 30
0 8 31
0 8 35
0 8 40
0 9 2
0 9 7
0 9 11
0 9 12
0 9 13
0 9 17
0 9 19
0 9 21
0 9 22
0 9 25
0 9 27
0 9 29
0 9 30
0 9 32
0 9 33
0 9 34
0 9 37
0 9 38
0 9 39
0 9 40
0 10 0
0 10 3
0 10 4
0 10 8
0 10 9
0 10 11
0 10 15
0 10 17
0 10 18
0 10 21
0 10 23
0 10 24
0 10 26
0 10 28
0 10 30
0 10 31
0 10 33
0 10 34
0 10 35
0 10 36
0 10 37
0 10 39
0 10 41
0 11 0
0 11 2
0 11 3
0 11 5
0 11 7
0 11 9
0 11 10
0 11 16
0 11 18
0 11 20
0 11 21
0 11 22
0 11 23
0 11 25
0 11 26
0 11 27
0 11 28
0 11 29
0 11 30
0 11 31
0 11 32
0 11 34
0 11 36
0 11 37
0 11 38
0 11 39
0 11 41
0 11 42
0 12 0
0 12 3
0 12 4
0 12 5
0 12 10
0 12 11
0 12 13
0 12 14
0 12 16
0 12 17
0 12 18
0 12 19
0 12 21
0 12 23
0 12 26
0 12 28
0 12 31
0 12 33
0 12 34
0 12 35
0 12 37
0 12 39
0 12 40
0 12 41
0 12 42
0 13 3
0 13 5
0 13 6
0 13 8
0 13 9
0 13 13
0 13 14
0 13 15
0 13 17
0 13 18
0 13 19
0 13 20
0 13 23
0 13 24
0 13 27
0 13 29
0 13 31
0 13 33
0 13 36
0 13 37
0 13 38
0 13 40
0 13 41
0 13 42
0 14 2
0 14 3
0 14 4
0 14 5
0 14 7
0 14 10
0 14 11
0 14 13
0 14 14
0 14 15
0 14 16
0 14 17
0 14 18
0 14 19
0 14 20
0 14 22
0 14 23
0 14 24
0 14 26
0 14 28
0 14 32
0 14 33
0 14 35
0 14 36
0 14 37
0 14 38
0 14 42
0 15 0
0 15 1
0 15 3
0 15 4
0 15 5
0 15 6
0 15 7
0 15 8
0 15 9
0 15 12
0 15 13
0 15 16
0 15 17
0 15 18
0 15 21
0 15 22
0 15 26
0 15 28
0 15 29
0 15 30
0 15 33
0 15 34
0 15 39
0 15 41
0 15 42
0 16 0
0 16 2
0 16 3
0 16 4
0 16 6
0 16 7
0 16 8
0 16 10
0 16 11
0 16 12
0 16 14
0 16 15
0 16 20
0 16 23
0 16 24
0 16 25
0 16 27
0 16 32
0 16 34
0 16 35
0 16 36
0 16 37
0 16 38
0 16 39
0 17 2
0 17 4
0 17 6
0 17 7
0 17 8
0 17 11
0 17 13
0 17 14
0 17 16
0 17 17
0 17 19
0 17 21
0 17 22
0 17 23
0 17 24
0 17 25
0 17 26
0 17 29
0 17 30
0 17 31
0 17 32
0 17 33
0 17 34
0 17 35
0 17 37
0 17 39
0 17 41
0 17 42
0 18 1
0 18 3
0 18 4
0 18 6
0 18 7
0 18 8
0 18 9
0 18 11
0 18 12
0 18 14
0 18 15
0 18 16
0 18 17
0 18 18
0 18 21
0 18 26
0 18 27
0 18 28
0 18 31
0 18 35
0 18 36
0 18 38
0 18 40
0 18 41
0 18 42
0 19 0
0 19 1
0 19 2
0 19 4
0 19 6
0 19 7
0 19 9
0 19 11
0 19 12
0 19 13
0 19 14
0 19 15
0 19 16
0 19 17
0 19 19
0 19 22
0 19 23
0 19 24
0 19 25
0 19 26
0 19 27
0 19 28
0 19 30
0 19 32
0 19 34
0 19 36
0 19 37
0 19 38
0 19 40
0 19 41
0 20 0
0 20 1
0 20 2
0 20 4
0 20 5
0 20 9
0 20 13
0 20 14
0 20 15
0 20 16
0 20 17
0 20 19
0 20 20
0 20 21
0 20 22
0 20 23
0 20 24
0 20 25
0 20 30
0 20 32
0 20 33
0 20 34
0 20 38
0 20 39
0 20 40
0 20 42
0 21 3
0 21 4
0 21 6
0 21 7
0 21 8
0 21 12
0 21 13
0 21 14
0 21 15
0 21 17
0 21 23
0 21 24
0 21 27
0 21 28
0 21 29
0 21 31
0 21 33
0 21 34
0 21 35
0 21 37
0 21 38
0 21 39
0 21 42
0 22 0
0 22 1
0 22 2
0 22 3
0 22 6
0 22 7
0 22 10
0 22 11
0 22 12
0 22 13
0 22 14
0 22 15
0 22 18
0 22 19
0 22 22
0 22 24
0 22 25
0 22 26
0 22 27
0 22 28
0 22 29
0 22 31
0 22 32
0 22 33
0 22 34
0 22 35
0 22 37
0 22 39
0 22 41
0 22 42
0 23 0
0 23 1
0 23 2
0 23 4
0 23 5
0 23 8
0 23 9
0 23 13
0 23 16
0 23 17
0 23 20
0 23 21
0 23 22
0 23 24
0 23 25
0 23 28
0 23 29
0 23 30
0 23 31
0 23 32
0 23 33
0 23 35
0 23 36
0 23 37
0 23 38
0 23 39
0 23 42
0 24 0
0 24 2
0 24 3
0 24 4
0 24 8
0 24 9
0 24 10
0 24 11
0 24 12
0 24 13
0 24 15
0 24 19
0 24 23
0 24 25
0 24 26
0 24 31
0 24 33
0 24 36
0 24 39
0 24 40
0 24 41
0 25 0
0 25 1
0 25 4
0 25 5
0 25 8
0 25 9
0 25 10
0 25 11
0 25 12
0 25 13
0 25 14
0 25 15
0 25 17
0 25 19
0 25 21
0 25 22
0 25 23
0 25 24
0 25 26
0 25 27
0 25 29
0 25 30
0 25 31
0 25 33
0 25 34
0 25 36
0 25 38
0 25 41
0 26 1
0 26 2
0 26 4
0 26 5
0 26 6
0 26 9
0 26 11
0 26 14
0 26 15
0 26 17
0 26 20
0 26 23
0 26 24
0 26 25
0 26 26
0 26 27
0 26 28
0 26 29
0 26 30
0 26 33
0 26 35
0 26 37
0 26 39
0 26 40
0 26 42
0 27 3
0 27 4
0 27 7
0 27 13
0 27 17
0 27 18
0 27 20
0 27 21
0 27 23
0 27 24
0 27 26
0 27 27
0 27 29
0 27 30
0 27 34
0 27 35
0 27 36
0 27 40
0 28 0
0 28 1
0 28 3
0 28 4
0 28 5
0 28 7
0 28 8
0 28 9
0 28 10
0 28 11
0 28 12
0 28 13
0 28 15
0 28 16
0 28 17
0 28 20
0 28 21
0 28 22
0 28 23
0 28 25
0 28 28
0 28 31
0 28 34
0 28 35
0 28 38
0 28 39
0 28 42
0 29 1
0 29 3
0 29 4
0 29 5
0 29 9
0 29 10
0 29 13
0 29 15
0 29 20
0 29 22
0 29 25
0 29 30
0 29 31
0 29 32
0 29 33
0 29 34
0 29 37
0 29 40
0 29 41
0 30 0
0 30 1
0 30 2
0 30 4
0 30 5
0 30 7
0 30 8
0 30 12
0 30 14
0 30 15
0 30 17
0 30 19
0 30 22
0 30 23
0 30 25
0 30 26
0 30 27
0 30 30
0 30 37
0 30 38
0 30 40
0 31 0
0 31 1
0 31 2
0 31 3
0 31 9
0 31 13
0 31 17
0 31 18
0 31 20
0 31 22
0 31 23
0 31 25
0 31 26
0 31 27
0 31 30
0 31 31
0 31 32
0 31 33
0 31 34
0 31 37
0 31 42
0 32 0
0 32 2
0 32 3
0 32 4
0 32 8
0 32 9
0 32 11
0 32 12
0 32 13
0 32 14
0 32 16
0 32 17
0 32 18
0 32 21
0 32 22
0 32 28
0 32 30
0 32 33
0 32 35
0 32 36
0 32 38
0 32 39
0 33 0
0 33 1
0 33 10
0 33 11
0 33 12
0 33 14
0 33 17
0 33 19
0 33 21
0 33 22
0 33 23
0 33 26
0 33 31
0 33 34
0 33 36
0 33 37
0 33 41
0 33 42
0 34 1
0 34 2
0 34 4
0 34 6
0 34 7
0 34 9
0 34 10
0 34 11
0 34 13
0 34 15
0 34 17
0 34 19
0 34 20
0 34 21
0 34 22
0 34 27
0 34 28
0 34 29
0 34 31
0 34 38
0 34 40
0 35 1
0 35 2
0 35 4
0 35 6
0 35 8
0 35 9
0 35 10
0 35 14
0 35 15
0 35 19
0 35 20
0 35 29
0 35 30
0 35 33
0 35 34
0 35 35
0 35 37
0 35 38
0 35 42
0 36 1
0 36 2
0 36 4
0 36 5
0 36 6
0 36 7
0 36 10
0 36 12
0 36 13
0 36 14
0 36 15
0 36 17
0 36 19
0 36 23
0 36 25
0 36 27
0 36 31
0 36 34
0 36 35
0 36 37
0 36 39
0 36 40
0 36 41
0 36 42
0 37 0
0 37 1
0 37 2
0 37 3
0 37 5
0 37 6
0 37 7
0 37 8
0 37 12
0 37 14
0 37 17
0 37 21
0 37 24
0 37 25
0 37 26
0 37 28
0 37 34
0 37 36
0 37 37
0 37 38
0 37 40
0 37 41
0 37 42
0 38 2
0 38 4
0 38 6
0 38 8
0 38 9
0 38 11
0 38 12
0 38 13
0 38 16
0 38 18
0 38 19
0 38 20
0 38 21
0 38 22
0 38 24
0 38 25
0 38 27
0 38 29
0 38 31
0 38 37
0 38 39
0 38 40
0 39 0
0 39 1
0 39 4
0 39 6
0 39 7
0 39 10
0 39 11
0 39 12
0 39 13
0 39 14
0 39 15
0 39 16
0 39 17
0 39 18
0 39 19
0 39 20
0 39 21
0 39 22
0 39 23
0 39 24
0 39 25
0 39 26
0 39 27
0 39 30
0 39 31
0 39 32
0 39 34
0 39 39
0 39 40
0 40 1
0 40 2
0 40 3
0 40 6
0 40 8
0 40 9
0 40 11
0 40 12
0 40 15
0 40 16
0 40 17
0 40 18
0 40 19
0 40 20
0 40 21
0 40 22
0 40 25
0 40 27
0 40 34
0 40 35
0 40 36
0 40 38
0 40 40
0 40 42
0 41 4
0 41 5
0 41 6
0 41 7
0 41 9
0 41 11
0 41 13
0 41 15
0 41 17
0 41 18
0 41 19
0 41 20
0 41 23
0 41 24
0 41 25
0 41 26
0 41 28
0 41 29
0 41 31
0 41 33
0 41 34
0 41 35
0 41 36
0 41 38
0 41 41
0 41 42
0 42 3
0 42 5
0 42 6
0 42 8
0 42 9
0 42 10
0 42 11
0 42 13
0 42 14
0 42 16
0 42 18
0 42 19
0 42 20
0 42 21
0 42 22
0 42 23
0 42 27
0 42 28
0 42 31
0 42 32
0 42 33
0 42 40
0 42 41
0 43 0
0 43 1
0 43 2
0 43 5
0 43 9
0 43 12
0 43 14
0 43 17
0 43 20
0 43 22
0 43 27
0 43 30
0 43 31
0 43 32
0 43 33
0 43 36
0 43 37
0 43 38
0 43 39
0 43 40
0 43 41
0 43 42
0 44 0
0 44 2
0 44 3
0 44 4
0 44 5
0 44 6
0 44 7
0 44 9
0 44 11
0 44 12
0 44 13
0 44 14
0 44 16
0 44 17
0 44 18
0 44 20
0 44 21
0 44 24
0 44 25
0 44 26
0 44 28
0 44 31
0 44 32
0 44 34
0 44 35
0 44 36
0 44 38
0 44 39
0 44 40
0 44 42
0 45 1
0 45 3
0 45 5
0 45 7
0 45 10
0 45 15
0 45 18
0 45 19
0 45 21
0 45 22
0 45 23
0 45 24
0 45 26
0 45 28
0 45 29
0 45 32
0 45 33
0 45 36
0 45 37
0 46 0
0 46 2
0 46 7
0 46 8
0 46 9
0 46 11
0 46 14
0 46 15
0 46 16
0 46 17
0 46 19
0 46 21
0 46 22
0 46 24
0 46 25
0 46 26
0 46 29
0 46 30
0 46 31
0 46 32
0 46 33
0 46 39
0 46 40
0 46 42
0 47 0
0 47 2
0 47 3
0 47 4
0 47 5
0 47 8
0 47 10
0 47 12
0 47 13
0 47 14
0 47 15
0 47 16
0 47 18
0 47 21
0 47 23
0 47 27
0 47 28
0 47 29
0 47 30
0 47 31
0 47 32
0 47 35
0 47 36
0 47 37
0 47 39
0 47 40
0 48 3
0 48 4
0 48 6
0 48 9
0 48 10
0 48 11
0 48 14
0 48 15
0 48 16
0 48 17
0 48 18
0 48 19
0 48 21
0 48 23
0 48 24
0 48 26
0 48 27
0 48 28
0 48 29
0 48 32
0 48 34
0 48 35
0 48 37
0 48 38
0 48 42
0 49 0
0 49 1
0 49 2
0 49 3
0 49 4
0 49 5
0 49 6
0 49 8
0 49 12
0 49 13
0 49 14
0 49 17
0 49 18
0 49 20
0 49 24
0 49 26
0 49 27
0 49 30
0 49 32
0 49 34
0 49 35
0 49 36
0 49 38
0 49 39
0 49 40
0 49 41
0 49 42
0 50 2
0 50 3
0 50 8
0 50 10
0 50 11
0 50 12
0 50 17
0 50 20
0 50 21
0 50 22
0 50 25
0 50 26
0 50 27
0 50 28
0 50 29
0 50 30
0 50 31
0 50 32
0 50 34
0 50 35
0 50 37
0 50 38
0 50 40
0 50 42
0 51 5
0 51 6
0 51 8
0 51 9
0 51 10
0 51 12
0 51 14
0 51 15
0 51 17
0 51 20
0 51 21
0 51 22
0 51 23
0 51 26
0 51 28
0 51 29
0 51 30
0 51 32
0 51 33
0 51 34
0 51 36
0 51 37
0 51 39
0 51 40
0 51 42
0 52 2
0 52 5
0 52 6
0 52 11
0 52 12
0 52 20
0 52 21
0 52 22
0 52 23
0 52 24
0 52 25
0 52 26
0 52 27
0 52 29
0 52 31
0 52 32
0 52 33
0 52 34
0 52 37
0 52 39
0 52 40
0 52 42
0 53 0
0 53 1
0 53 2
0 53 3
0 53 4
0 53 8
0 53 9
0 53 10
0 53 11
0 53 12
0 53 13
0 53 15
0 53 16
0 53 18
0 53 19
0 53 20
0 53 21
0 53 22
0 53 24
0 53 26
0 53 29
0 53 32
0 53 33
0 53 37
0 53 39
0 53 40
0 54 3
0 54 4
0 54 7
0 54 8
0 54 10
0 54 11
0 54 12
0 54 14
0 54 17
0 54 18
0 54 21
0 54 27
0 54 31
0 54 34
0 54 37
0 54 40
0 55 0
0 55 1
0 55 2
0 55 4
0 55 6
0 55 7
0 55 8
0 55 11
0 55 12
0 55 14
0 55 15
0 55 17
0 55 18
0 55 22
0 55 23
0 55 27
0 55 28
0 55 31
0 55 37
0 55 41
0 56 0
0 56 1
0 56 6
0 56 7
0 56 8
0 56 10
0 56 12
0 56 13
0 56 14
0 56 15
0 56 16
0 56 19
0 56 20
0 56 22
0 56 27
0 56 28
0 56 30
0 56 31
0 56 36
0 56 37
0 56 41
0 57 3
0 57 4
0 57 5
0 57 6
0 57 7
0 57 8
0 57 12
0 57 15
0 57 16
0 57 19
0 57 21
0 57 22
0 57 23
0 57 24
0 57 26
0 57 27
0 57 32
0 57 33
0 57 34
0 57 35
0 57 36
0 57 37
0 57 38
0 57 39
0 57 41
0 57 42
0 58 0
0 58 1
0 58 6
0 58 7
0 58 8
0 58 9
0 58 10
0 58 11
0 58 14
0 58 15
0 58 16
0 58 17
0 58 18
0 58 19
0 58 22
0 58 23
0 58 24
0 58 25
0 58 30
0 58 31
0 58 34
0 58 36
0 58 39
0 58 42
0 59 0
0 59 4
0 59 5
0 59 6
0 59 8
0 59 9
0 59 10
0 59 11
0 59 12
0 59 13
0 59 14
0 59 22
0 59 24
0 59 25
0 59 26
0 59 27
0 59 29
0 59 31
0 59 33
0 59 34
0 59 38
0 60 0
0 60 1
0 60 2
0 60 3
0 60 4
0 60 5
0 60 9
0 60 10
0 60 12
0 60 13
0 60 15
0 60 16
0 60 19
0 60 20
0 60 22
0 60 23
0 60 24
0 60 25
0 60 26
0 60 29
0 60 30
0 60 31
0 60 32
0 60 33
0 60 38
0 60 39
0 60 40
0 60 42
0 61 3
0 61 4
0 61 5
0 61 6
0 61 8
0 61 9
0 61 12
0 61 20
0 61 22
0 61 23
0 61 25
0 61 27
0 61 30
0 61 31
0 61 32
0 61 33
0 61 36
0 61 38
0 61 39
0 61 42
0 62 0
0 62 1
0 62 2
0 62 3
0 62 5
0 62 6
0 62 7
0 62 8
0 62 10
0 62 14
0 62 16
0 62 17
0 62 19
0 62 20
0 62 22
0 62 24
0 62 26
0 62 28
0 62 29
0 62 31
0 62 33
0 62 42
0 63 0
0 63 3
0 63 4
0 63 6
0 63 13
0 63 15
0 63 16
0 63 17
0 63 19
0 63 20
0 63 21
0 63 22
0 63 23
0 63 26
0 63 27
0 63 32
0 63 33
0 63 34
0 63 35
0 63 36
0 63 38
0 63 41
0 63 42
0 64 1
0 64 2
0 64 3
0 64 7
0 64 8
0 64 9
0 64 10
0 64 14
0 64 16
0 64 19
0 64 22
0 64 24
0 64 26
0 64 27
0 64 28
0 64 30
0 64 33
0 64 34
0 64 35
0 64 36
0 64 39
0 64 40
0 65 0
0 65 3
0 65 7
0 65 8
0 65 9
0 65 10
0 65 11
0 65 12
0 65 14
0 65 16
0 65 20
0 65 21
0 65 22
0 65 25
0 65 26
0 65 28
0 65 29
0 65 31
0 65 36
0 65 39
0 65 40
0 66 1
0 66 3
0 66 4
0 66 5
0 66 6
0 66 7
0 66 10
0 66 12
0 66 13
0 66 15
0 66 16
0 66 17
0 66 18
0 66 19
0 66 20
0 66 22
0 66 23
0 66 24
0 66 25
0 66 26
0 66 28
0 66 33
0 66 34
0 66 35
0 66 37
0 66 38
0 66 39
0 66 40
0 66 41
0 67 0
0 67 1
0 67 2
0 67 3
0 67 4
0 67 5
0 67 6
0 67 8
0 67 10
0 67 11
0 67 12
0 67 13
0 67 15
0 67 17
0 67 18
0 67 20
0 67 21
0 67 22
0 67 23
0 67 24
0 67 26
0 67 27
0 67 28
0 67 29
0 67 30
0 67 32
0 67 33
0 67 34
0 67 38
0 67 39
0 67 40
0 67 41
0 68 1
0 68 3
0 68 11
0 68 12
0 68 15
0 68 16
0 68 17
0 68 19
0 68 20
0 68 21
0 68 22
0 68 24
0 68 25
0 68 31
0 68 32
0 68 34
0 68 35
0 68 36
0 68 37
0 68 40
0 68 41
0 69 0
0 69 1
0 69 2
0 69 5
0 69 6
0 69 7
0 69 9
0 69 10
0 69 13
0 69 15
0 69 16
0 69 17
0 69 18
0 69 19
0 69 22
0 69 24
0 69 26
0 69 28
0 69 29
0 69 30
0 69 31
0 69 33
0 69 34
0 69 35
0 69 36
0 69 37
0 69 42
0 70 0
0 70 2
0 70 3
0 70 6
0 70 7
0 70 9
0 70 11
0 70 12
0 70 13
0 70 14
0 70 15
0 70 16
0 70 17
0 70 18
0 70 23
0 70 25
0 70 27
0 70 29
0 70 30
0 70 33
0 70 36
0 70 37
0 70 38
0 70 40
0 70 41
0 70 42
0 71 0
0 71 1
0 71 2
0 71 4
0 71 5
0 71 7
0 71 8
0 71 9
0 71 11
0 71 12
0 71 13
0 71 16
0 71 17
0 71 18
0 71 19
0 71 20
0 71 25
0 71 27
0 71 29
0 71 31
0 71 32
0 71 34
0 71 36
0 71 37
0 71 39
0 71 40
0 71 41
0 71 42
0 72 2
0 72 3
0 72 5
0 72 7
0 72 8
0 72 9
0 72 11
0 72 13
0 72 14
0 72 16
0 72 17
0 72 20
0 72 21
0 72 22
0 72 25
0 72 28
0 72 33
0 72 35
0 72 38
0 72 41
0 72 42
0 73 0
0 73 1
0 73 2
0 73 3
0 73 4
0 73 6
0 73 8
0 73 9
0 73 10
0 73 13
0 73 14
0 73 15
0 73 16
0 73 17
0 73 19
0 73 20
0 73 21
0 73 22
0 73 27
0 73 28
0 73 29
0 73 31
0 73 32
0 73 33
0 73 34
0 73 35
0 73 37
0 73 40
0 73 42
0 74 2
0 74 3
0 74 4
0 74 8
0 74 10
0 74 11
0 74 12
0 74 13
0 74 16
0 74 17
0 74 18
0 74 20
0 74 21
0 74 22
0 74 27
0 74 28
0 74 32
0 74 33
0 74 35
0 74 37
0 74 38
0 74 39
0 74 40
0 74 42
0 75 0
0 75 1
0 75 2
0 75 3
0 75 4
0 75 5
0 75 6
0 75 10
0 75 11
0 75 13
0 75 17
0 75 18
0 75 19
0 75 21
0 75 24
0 75 25
0 75 26
0 75 28
0 75 32
0 75 33
0 75 34
0 75 35
0 75 36
0 75 37
0 75 38
0 75 39
0 75 40
0 75 41
0 76 0
0 76 1
0 76 2
0 76 4
0 76 5
0 76 7
0 76 8
0 76 11
0 76 12
0 76 17
0 76 19
0 76 20
0 76 21
0 76 22
0 76 23
0 76 24
0 76 25
0 76 28
0 76 32
0 76 33
0 76 34
0 76 38
0 76 42
0 77 1
0 77 2
0 77 5
0 77 6
0 77 8
0 77 13
0 77 15
0 77 18
0 77 19
0 77 20
0 77 21
0 77 22
0 77 23
0 77 24
0 77 26
0 77 27
0 77 28
0 77 29
0 77 30
0 77 35
0 77 37
0 77 38
0 77 39
0 77 40
0 77 41
0 77 42
0 78 0
0 78 1
0 78 6
0 78 10
0 78 12
0 78 14
0 78 15
0 78 19
0 78 21
0 78 22
0 78 27
0 78 28
0 78 31
0 78 32
0 78 33
0 78 36
0 78 38
0 78 39
0 78 42
0 79 3
0 79 4
0 79 6
0 79 8
0 79 9
0 79 10
0 79 12
0 79 15
0 79 18
0 79 19
0 79 20
0 79 21
0 79 24
0 79 25
0 79 26
0 79 27
0 79 28
0 79 29
0 79 31
0 79 32
0 79 33
0 79 34
0 79 36
0 79 37
0 79 38
0 79 39
0 79 40
0 80 0
0 80 1
0 80 2
0 80 4
0 80 7
0 80 8
0 80 9
0 80 10
0 80 12
0 80 15
0 80 16
0 80 19
0 80 20
0 80 21
0 80 25
0 80 28
0 80 29
0 80 30
0 80 31
0 80 32
0 80 37
0 80 38
0 80 39
0 80 42
0 81 4
0 81 6
0 81 11
0 81 12
0 81 13
0 81 15
0 81 16
0 81 18
0 81 19
0 81 20
0 81 23
0 81 25
0 81 27
0 81 31
0 81 33
0 81 34
0 81 36
0 81 37
0 81 38
0 81 39
0 81 41
0 82 3
0 82 9
0 82 10
0 82 13
0 82 14
0 82 16
0 82 17
0 82 18
0 82 20
0 82 24
0 82 25
0 82 30
0 82 33
0 82 34
0 82 35
0 82 38
0 82 39
0 82 41
0 82 42
0 83 1
0 83 3
0 83 4
0 83 6
0 83 7
0 83 8
0 83 10
0 83 19
0 83 24
0 83 26
0 83 31
0 83 32
0 83 35
0 83 36
0 83 37
0 83 38
0 83 39
0 83 40
0 83 41
0 83 42
0 84 1
0 84 3
0 84 6
0 84 7
0 84 8
0 84 10
0 84 11
0 84 13
0 84 14
0 84 16
0 84 17
0 84 18
0 84 19
0 84 20
0 84 21
0 84 23
0 84 24
0 84 25
0 84 28
0 84 29
0 84 32
0 84 33
0 84 35
0 84 39
0 84 41
0 85 0
0 85 2
0 85 3
0 85 4
0 85 5
0 85 7
0 85 8
0 85 11
0 85 12
0 85 13
0 85 14
0 85 15
0 85 18
0 85 20
0 85 21
0 85 22
0 85 24
0 85 26
0 85 30
0 85 32
0 85 33
0 85 34
0 85 35
0 85 37
0 85 38
0 85 42
0 86 0
0 86 1
0 86 2
0 86 3
0 86 5
0 86 7
0 86 8
0 86 10
0 86 11
0 86 12
0 86 16
0 86 18
0 86 21
0 86 22
0 86 23
0 86 26
0 86 28
0 86 29
0 86 31
0 86 33
0 86 36
0 86 37
0 86 39
0 86 40
0 86 41
0 86 42
0 87 2
0 87 3
0 87 4
0 87 5
0 87 6
0 87 9
0 87 10
0 87 11
0 87 12
0 87 14
0 87 15
0 87 17
0 87 19
0 87 21
0 87 22
0 87 23
0 87 25
0 87 27
0 87 29
0 87 32
0 87 33
0 87 34
0 87 38
0 87 40
0 88 1
0 88 2
0 88 5
0 88 7
0 88 14
0 88 15
0 88 16
0 88 18
0 88 19
0 88 20
0 88 22
0 88 23
0 88 24
0 88 25
0 88 26
0 88 29
0 88 30
0 88 32
0 88 37
0 88 42
1 0 1
1 0 2
1 0 3
1 0 5
1 0 6
1 0 7
1 0 8
1 0 9
1 0 10
1 0 12
1 0 13
1 0 16
1 0 20
1 0 23
1 0 24
1 1 0
1 1 2
1 1 4
1 1 5
1 1 6
1 1 7
1 1 8
1 1 10
1 1 12
1 1 13
1 1 16
1 1 17
1 1 18
1 1 20
1 1 25
1 1 26
1 1 27
1 2 0
1 2 2
1 2 3
1 2 6
1 2 7
1 2 8
1 2 9
1 2 10
1 2 12
1 2 14
1 2 18
1 2 20
1 2 22
1 2 24
1 2 25
1 2 26
1 2 27
1 3 0
1 3 2
1 3 4
1 3 5
1 3 8
1 3 9
1 3 12
1 3 13
1 3 15
1 3 17
1 3 20
1 3 21
1 3 22
1 3 23
1 3 24
1 3 25
1 3 26
1 3 27
1 4 0
1 4 2
1 4 3
1 4 5
1 4 9
1 4 10
1 4 11
1 4 17
1 4 19
1 4 25
1 4 26
1 4 27
1 5 0
1 5 1
1 5 2
1 5 3
1 5 4
1 5 5
1 5 6
1 5 10
1 5 12
1 5 14
1 5 15
1 5 18
1 5 19
1 5 21
1 5 22
1 6 1
1 6 3
1 6 4
1 6 5
1 6 6
1 6 8
1 6 9
1 6 11
1 6 12
1 6 13
1 6 16
1 6 18
1 6 19
1 6 20
1 6 23
1 6 24
1 6 27
1 7 0
1 7 1
1 7 2
1 7 3
1 7 4
1 7 6
1 7 10
1 7 11
1 7 12
1 7 14
1 7 15
1 7 16
1 7 18
1 7 19
1 7 22
1 7 23
1 7 24
1 7 25
1 7 27
1 8 0
1 8 2
1 8 4
1 8 6
1 8 8
1 8 9
1 8 10
1 8 12
1 8 13
1 8 14
1 8 16
1 8 17
1 8 19
1 8 22
1 8 24
1 9 0
1 9 1
1 9 3
1 9 5
1 9 10
1 9 11
1 9 13
1 9 16
1 9 18
1 9 19
1 9 20
1 9 21
1 9 22
1 9 24
1 9 25
1 9 26
1 10 1
1 10 2
1 10 3
1 10 5
1 10 6
1 10 7
1 10 11
1 10 14
1 10 17
1 10 19
1 10 20
1 10 21
1 10 24
1 10 25
1 10 26
1 10 27
1 11 2
1 11 3
1 11 4
1 11 5
1 11 6
1 11 9
1 11 10
1 11 11
1 11 13
1 11 16
1 11 17
1 11 18
1 11 19
1 11 20
1 11 21
1 11 22
1 11 25
1 11 27
1 12 2
1 12 5
1 12 6
1 12 7
1 12 8
1 12 9
1 12 10
1 12 14
1 12 17
1 12 18
1 12 20
1 12 21
1 12 23
1 12 24
1 12 25
1 13 0
1 13 2
1 13 3
1 13 4
1 13 5
1 13 11
1 13 12
1 13 13
1 13 14
1 13 16
1 13 17
1 13 18
1 13 19
1 13 23
1 13 25
1 13 27
1 14 1
1 14 3
1 14 6
1 14 8
1 14 9
1 14 10
1 14 11
1 14 13
1 14 14
1 14 15
1 14 17
1 14 18
1 14 19
1 14 22
1 14 23
1 14 24
1 14 26
1 15 1
1 15 3
1 15 4
1 15 5
1 15 6
1 15 8
1 15 10
1 15 14
1 15 19
1 15 20
1 15 21
1 15 22
1 15 24
1 15 25
1 15 27
1 16 0
1 16 1
1 16 4
1 16 5
1 16 6
1 16 7
1 16 12
1 16 15
1 16 16
1 16 18
1 16 21
1 16 23
1 16 24
1 16 26
1 16 27
1 17 0
1 17 1
1 17 3
1 17 4
1 17 6
1 17 7
1 17 10
1 17 11
1 17 12
1 17 14
1 17 15
1 17 16
1 17 17
1 17 19
1 17 20
1 17 23
1 17 24
1 17 26
1 17 27
1 18 2
1 18 3
1 18 4
1 18 5
1 18 8
1 18 12
1 18 13
1 18 17
1 18 18
1 18 19
1 18 20
1 18 21
1 18 24
1 18 25
1 18 26
1 19 2
1 19 3
1 19 4
1 19 8
1 19 9
1 19 12
1 19 13
1 19 17
1 19 18
1 19 19
1 19 20
1 19 22
1 19 23
1 19 25
1 19 26
1 20 2
1 20 3
1 20 4
1 20 5
1 20 6
1 20 11
1 20 12
1 20 14
1 20 15
1 20 17
1 20 19
1 20 21
1 20 22
1 20 23
1 20 24
1 20 26
1 21 0
1 21 1
1 21 2
1 21 5
1 21 7
1 21 9
1 21 11
1 21 12
1 21 14
1 21 15
1 21 16
1 21 17
1 21 18
1 21 20
1 21 21
1 21 22
1 21 23
1 21 24
1 21 25
1 21 26
1 21 27
1 22 1
1 22 7
1 22 8
1 22 11
1 22 13
1 22 15
1 22 16
1 22 17
1 22 18
1 22 19
1 22 20
1 22 21
1 22 22
1 22 23
1 22 24
1 22 25
1 22 26
1 23 5
1 23 11
1 23 13
1 23 16
1 23 20
1 23 22
1 23 24
1 23 25
1 23 26
1 24 0
1 24 1
1 24 7
1 24 9
1 24 10
1 24 12
1 24 13
1 24 14
1 24 15
1 24 16
1 24 19
1 24 22
1 24 23
1 24 24
1 24 25
1 24 26
1 25 1
1 25 2
1 25 3
1 25 8
1 25 9
1 25 11
1 25 12
1 25 14
1 25 16
1 25 17
1 25 18
1 25 19
1 25 21
1 25 22
1 25 25
1 25 26
1 26 4
1 26 6
1 26 8
1 26 10
1 26 12
1 26 13
1 26 14
1 26 15
1 26 17
1 26 20
1 26 21
1 26 22
1 26 23
1 26 24
1 27 0
1 27 1
1 27 5
1 27 6
1 27 7
1 27 8
1 27 9
1 27 11
1 27 12
1 27 13
1 27 14
1 27 15
1 27 16
1 27 21
1 27 22
1 27 25
1 28 1
1 28 3
1 28 4
1 28 5
1 28 8
1 28 9
1 28 11
1 28 12
1 28 13
1 28 14
1 28 15
1 28 16
1 28 17
1 28 22
1 28 24
1 28 25
1 28 26
1 28 27
1 29 0
1 29 1
1 29 2
1 29 5
1 29 7
1 29 8
1 29 9
1 29 13
1 29 14
1 29 20
1 29 21
1 29 22
1 29 23
1 29 25
1 29 26
1 30 0
1 30 1
1 30 2
1 30 3
1 30 4
1 30 5
1 30 6
1 30 7
1 30 8
1 30 9
1 30 11
1 30 12
1 30 13
1 30 15
1 30 16
1 30 17
1 30 19
1 30 20
1 30 21
1 30 23
1 30 24
1 30 25
1 31 1
1 31 6
1 31 7
1 31 8
1 31 10
1 31 11
1 31 13
1 31 14
1 31 15
1 31 16
1 31 17
1 31 18
1 31 21
1 31 22
1 31 23
1 32 2
1 32 4
1 32 5
1 32 6
1 32 8
1 32 9
1 32 10
1 32 11
1 32 14
1 32 15
1 32 16
1 32 18
1 32 19
1 32 21
1 32 22
1 32 23
1 32 26
1 33 1
1 33 2
1 33 5
1 33 6
1 33 11
1 33 12
1 33 14
1 33 17
1 33 19
1 33 20
1 33 21
1 34 0
1 34 2
1 34 3
1 34 4
1 34 5
1 34 10
1 34 11
1 34 13
1 34 14
1 34 16
1 34 18
1 34 20
1 34 21
1 34 22
1 34 23
1 34 25
1 34 26
1 34 27
1 35 2
1 35 3
1 35 7
1 35 10
1 35 14
1 35 17
1 35 19
1 35 23
1 35 25
1 36 0
1 36 1
1 36 4
1 36 9
1 36 11
1 36 12
1 36 13
1 36 14
1 36 15
1 36 18
1 36 20
1 36 23
1 36 24
1 36 26
1 36 27
1 37 0
1 37 1
1 37 3
1 37 4
1 37 5
1 37 6
1 37 7
1 37 9
1 37 12
1 37 13
1 37 14
1 37 17
1 37 18
1 37 19
1 37 20
1 37 21
1 37 23
1 37 26
1 37 27
1 38 0
1 38 2
1 38 3
1 38 4
1 38 6
1 38 9
1 38 13
1 38 15
1 38 16
1 38 17
1 38 18
1 38 19
1 38 20
1 38 21
1 38 23
1 38 24
1 38 25
1 38 26
1 38 27
1 39 0
1 39 1
1 39 3
1 39 4
1 39 6
1 39 8
1 39 9
1 39 13
1 39 14
1 39 15
1 39 16
1 39 19
1 39 20
1 39 21
1 39 27
1 40 0
1 40 1
1 40 2
1 40 5
1 40 7
1 40 14
1 40 16
1 40 17
1 40 18
1 40 20
1 40 21
1 40 23
1 40 24
1 40 25
1 40 26
1 41 0
1 41 4
1 41 6
1 41 8
1 41 14
1 41 15
1 41 16
1 41 17
1 41 18
1 41 19
1 41 22
1 41 25
1 41 26
1 41 27
1 42 0
1 42 3
1 42 4
1 42 8
1 42 10
1 42 11
1 42 13
1 42 15
1 42 19
1 42 20
1 42 27
2 0 0
2 0 3
2 0 4
2 0 5
2 0 6
2 0 9
2 0 10
2 0 11
2 0 12
2 1 1
2 1 2
2 1 4
2 1 6
2 1 8
2 1 9
2 1 10
2 1 11
2 2 1
2 2 2
2 2 4
2 2 5
2 2 6
2 2 8
2 2 9
2 2 10
2 2 11
2 2 12
2 3 0
2 3 3
2 3 4
2 3 5
2 3 10
2 3 11
2 4 0
2 4 1
2 4 4
2 4 6
2 4 7
2 4 9
2 4 10
2 4 12
2 5 1
2 5 2
2 5 4
2 5 5
2 5 6
2 5 7
2 5 8
2 5 10
2 5 11
2 5 12
2 6 0
2 6 2
2 6 3
2 6 5
2 6 6
2 6 8
2 6 9
2 6 10
2 7 1
2 7 2
2 7 3
2 7 5
2 7 6
2 7 9
2 8 0
2 8 1
2 8 2
2 8 3
2 8 4
2 8 6
2 8 11
2 9 2
2 9 4
2 9 7
2 9 10
2 9 12
2 10 1
2 10 3
2 10 5
2 10 8
2 10 10
2 10 12
2 11 1
2 11 4
2 11 8
2 11 9
2 11 12
2 12 0
2 12 2
2 12 3
2 12 4
2 12 5
2 12 6
2 12 7
2 12 8
2 12 9
2 12 10
2 12 11
2 12 12
2 13 1
2 13 3
2 13 4
2 13 5
2 13 7
2 13 10
2 13 12
2 14 1
2 14 2
2 14 3
2 14 4
2 14 5
2 14 6
2 14 8
2 14 11
2 14 12
2 15 0
2 15 1
2 15 2
2 15 3
2 15 4
2 15 7
2 15 8
2 15 9
2 15 10
2 15 12
2 16 0
2 16 2
2 16 3
2 16 5
2 16 6
2 16 7
2 16 8
2 16 9
2 16 12
2 17 0
2 17 3
2 17 6
2 17 9
2 17 11
2 18 1
2 18 3
2 18 4
2 18 5
2 18 6
2 18 8
2 18 9
2 18 10
2 18 11
2 19 1
2 19 2
2 19 4
2 19 5
2 19 6
2 19 7
2 19 9
2 19 10
2 19 11
2 19 12
2 20 0
2 20 3
2 20 4
2 20 6
2 20 9
2 20 10
2 20 11
2 20 12
2 21 0
2 21 1
2 21 2
2 21 5
2 21 7
2 21 8
2 21 9
2 21 10
2 21 11
2 22 2
2 22 5
2 22 6
2 22 9
2 22 11
2 23 0
2 23 2
2 23 4
2 23 5
2 23 6
2 23 7
2 23 10
2 24 1
2 24 3
2 24 5
2 24 6
2 24 7
2 24 11
2 24 12
2 25 1
2 25 2
2 25 3
2 25 4
2 25 5
2 25 10
2 25 11
2 25 12
2 26 0
2 26 2
2 26 3
2 26 4
2 26 5
2 26 6
2 26 8
2 26 11
2 27 3
2 27 8
2 27 9
2 27 12
3 0 1
3 0 2
3 0 4
3 0 5
3 0 6
3 0 7
3 0 9
3 0 10
3 0 11
3 0 12
3 0 13
3 0 15
3 0 16
3 0 18
3 0 19
3 0 22
3 0 23
3 0 27
3 0 29
3 0 31
3 0 34
3 0 35
3 0 36
3 1 0
3 1 2
3 1 4
3 1 8
3 1 9
3 1 11
3 1 12
3 1 14
3 1 15
3 1 20
3 1 22
3 1 23
3 1 24
3 1 25
3 1 26
3 1 27
3 1 28
3 1 29
3 1 32
3 1 33
3 1 34
3 2 0
3 2 4
3 2 5
3 2 6
3 2 7
3 2 8
3 2 9
3 2 15
3 2 16
3 2 18
3 2 21
3 2 23
3 2 24
3 2 25
3 2 29
3 2 35
3 2 36
3 3 1
3 3 2
3 3 3
3 3 4
3 3 5
3 3 6
3 3 8
3 3 9
3 3 10
3 3 11
3 3 13
3 3 15
3 3 16
3 3 17
3 3 19
3 3 20
3 3 23
3 3 29
3 3 30
3 3 31
3 3 32
3 3 33
3 3 35
3 3 36
3 4 0
3 4 1
3 4 2
3 4 3
3 4 5
3 4 7
3 4 8
3 4 9
3 4 10
3 4 11
3 4 12
3 4 13
3 4 14
3 4 15
3 4 17
3 4 20
3 4 23
3 4 26
3 4 29
3 4 30
3 4 31
3 4 33
3 4 35
3 4 36
3 5 1
3 5 3
3 5 4
3 5 5
3 5 6
3 5 9
3 5 10
3 5 12
3 5 14
3 5 15
3 5 16
3 5 17
3 5 18
3 5 20
3 5 21
3 5 23
3 5 28
3 5 30
3 5 35
3 6 3
3 6 4
3 6 5
3 6 6
3 6 9
3 6 10
3 6 11
3 6 13
3 6 14
3 6 16
3 6 19
3 6 21
3 6 22
3 6 26
3 6 27
3 6 28
3 6 32
3 6 34
3 6 35
3 7 0
3 7 1
3 7 2
3 7 3
3 7 4
3 7 6
3 7 7
3 7 11
3 7 13
3 7 14
3 7 15
3 7 16
3 7 17
3 7 18
3 7 20
3 7 21
3 7 22
3 7 23
3 7 24
3 7 26
3 7 27
3 7 28
3 7 30
3 7 31
3 7 32
3 7 35
3 8 0
3 8 2
3 8 3
3 8 4
3 8 11
3 8 12
3 8 13
3 8 15
3 8 16
3 8 17
3 8 19
3 8 20
3 8 21
3 8 23
3 8 26
3 8 27
3 8 29
3 8 30
3 8 31
3 8 32
3 8 33
3 8 34
3 9 0
3 9 1
3 9 3
3 9 4
3 9 5
3 9 6
3 9 8
3 9 10
3 9 19
3 9 21
3 9 22
3 9 23
3 9 24
3 9 25
3 9 27
3 9 32
3 9 34
3 9 36
3 10 1
3 10 4
3 10 6
3 10 7
3 10 8
3 10 11
3 10 12
3 10 13
3 10 19
3 10 20
3 10 21
3 10 24
3 10 25
3 10 26
3 10 27
3 10 29
3 10 30
3 10 33
3 11 0
3 11 1
3 11 3
3 11 5
3 11 6
3 11 10
3 11 12
3 11 13
3 11 14
3 11 15
3 11 16
3 11 19
3 11 22
3 11 24
3 11 26
3 11 27
3 11 28
3 11 29
3 11 32
3 11 34
3 11 35
3 11 36
3 12 0
3 12 1
3 12 2
3 12 5
3 12 7
3 12 9
3 12 11
3 12 12
3 12 15
3 12 16
3 12 21
3 12 23
3 12 24
3 12 25
3 12 26
3 12 27
3 12 28
3 12 29
3 12 30
3 12 32
3 12 33
3 12 34
3 12 35
3 12 36
4 0 2
4 0 7
4 0 9
4 0 10
4 0 11
4 0 12
4 0 13
4 0 15
4 0 16
4 0 18
4 0 21
4 0 22
4 0 23
4 0 24
4 0 25
4 1 2
4 1 7
4 1 8
4 1 10
4 1 13
4 1 14
4 1 15
4 1 16
4 1 17
4 1 18
4 1 19
4 1 21
4 1 22
4 1 24
4 1 25
4 1 26
4 1 27
4 1 28
4 1 29
4 2 1
4 2 2
4 2 4
4 2 7
4 2 8
4 2 9
4 2 10
4 2 13
4 2 16
4 2 19
4 2 20
4 2 22
4 2 23
4 2 25
4 2 26
4 2 27
4 2 29
4 3 0
4 3 1
4 3 2
4 3 5
4 3 6
4 3 8
4 3 9
4 3 10
4 3 13
4 3 15
4 3 17
4 3 20
4 3 22
4 3 25
4 3 26
4 3 27
4 3 28
4 4 1
4 4 3
4 4 5
4 4 6
4 4 8
4 4 9
4 4 10
4 4 12
4 4 15
4 4 16
4 4 17
4 4 18
4 4 21
4 4 23
4 4 25
4 4 28
4 4 29
4 5 0
4 5 2
4 5 3
4 5 5
4 5 8
4 5 9
4 5 10
4 5 11
4 5 12
4 5 14
4 5 15
4 5 17
4 5 19
4 5 22
4 5 23
4 5 24
4 5 25
4 5 26
4 5 27
4 6 2
4 6 4
4 6 5
4 6 6
4 6 7
4 6 8
4 6 9
4 6 10
4 6 12
4 6 14
4 6 15
4 6 16
4 6 17
4 6 18
4 6 19
4 6 20
4 6 21
4 6 23
4 6 24
4 6 26
4 6 28
4 7 0
4 7 1
4 7 2
4 7 4
4 7 5
4 7 6
4 7 9
4 7 11
4 7 13
4 7 17
4 7 19
4 7 20
4 7 22
4 7 23
4 7 24
4 7 26
4 7 27
4 7 28
4 7 29
4 8 3
4 8 6
4 8 8
4 8 10
4 8 12
4 8 19
4 8 20
4 8 26
4 8 27
4 8 28
4 9 2
4 9 5
4 9 6
4 9 7
4 9 9
4 9 10
4 9 11
4 9 12
4 9 15
4 9 16
4 9 18
4 9 20
4 9 21
4 9 25
4 9 27
4 10 0
4 10 2
4 10 4
4 10 5
4 10 6
4 10 7
4 10 10
4 10 12
4 10 13
4 10 16
4 10 17
4 10 18
4 10 20
4 10 21
4 10 22
4 10 23
4 10 27
4 10 28
4 10 29
4 11 0
4 11 2
4 11 3
4 11 4
4 11 5
4 11 7
4 11 8
4 11 9
4 11 13
4 11 14
4 11 15
4 11 16
4 11 17
4 11 19
4 11 20
4 11 21
4 11 24
4 11 25
4 11 27
4 11 28
4 11 29
4 12 5
4 12 7
4 12 10
4 12 12
4 12 13
4 12 15
4 12 17
4 12 19
4 12 21
4 12 22
4 12 24
4 12 26
4 12 27
4 12 28
4 13 0
4 13 1
4 13 3
4 13 4
4 13 5
4 13 6
4 13 7
4 13 8
4 13 9
4 13 10
4 13 13
4 13 15
4 13 17
4 13 18
4 13 19
4 13 21
4 13 22
4 13 27
4 13 28
4 13 29
4 14 4
4 14 5
4 14 7
4 14 8
4 14 9
4 14 10
4 14 11
4 14 14
4 14 16
4 14 19
4 14 20
4 14 21
4 14 22
4 14 23
4 14 24
4 14 26
4 14 29
4 15 0
4 15 2
4 15 10
4 15 12
4 15 15
4 15 16
4 15 18
4 15 19
4 15 20
4 15 23
4 15 25
4 15 26
4 15 27
4 15 29
4 16 0
4 16 2
4 16 6
4 16 7
4 16 8
4 16 9
4 16 10
4 16 11
4 16 12
4 16 13
4 16 14
4 16 15
4 16 16
4 16 18
4 16 19
4 16 20
4 16 24
4 16 25
4 16 26
4 16 27
4 17 0
4 17 1
4 17 2
4 17 4
4 17 5
4 17 6
4 17 10
4 17 11
4 17 13
4 17 15
4 17 16
4 17 17
4 17 19
4 17 20
4 17 26
4 17 28
4 18 1
4 18 6
4 18 8
4 18 12
4 18 13
4 18 15
4 18 16
4 18 17
4 18 18
4 18 20
4 18 22
4 18 23
4 18 24
4 18 25
4 19 0
4 19 1
4 19 2
4 19 6
4 19 7
4 19 8
4 19 9
4 19 10
4 19 11
4 19 16
4 19 17
4 19 18
4 19 21
4 19 22
4 19 23
4 19 25
4 19 26
4 19 27
4 19 29
4 20 0
4 20 1
4 20 2
4 20 3
4 20 6
4 20 8
4 20 13
4 20 15
4 20 17
4 20 19
4 20 20
4 20 21
4 20 23
4 20 24
4 20 26
4 20 27
4 20 28
4 20 29
4 21 0
4 21 3
4 21 4
4 21 6
4 21 8
4 21 11
4 21 14
4 21 17
4 21 18
4 21 19
4 21 20
4 21 24
4 21 25
4 21 29
4 22 0
4 22 1
4 22 3
4 22 7
4 22 8
4 22 9
4 22 10
4 22 12
4 22 13
4 22 14
4 22 16
4 22 17
4 22 18
4 22 21
4 22 22
4 22 24
4 22 26
4 22 29
4 23 0
4 23 1
4 23 2
4 23 3
4 23 5
4 23 6
4 23 8
4 23 10
4 23 13
4 23 16
4 23 18
4 23 19
4 23 22
4 23 24
4 23 26
4 23 27
4 23 29
4 24 0
4 24 1
4 24 3
4 24 4
4 24 6
4 24 7
4 24 8
4 24 10
4 24 12
4 24 13
4 24 18
4 24 19
4 24 22
4 24 26
4 24 27
4 25 0
4 25 2
4 25 4
4 25 5
4 25 6
4 25 7
4 25 8
4 25 10
4 25 11
4 25 13
4 25 14
4 25 16
4 25 17
4 25 19
4 25 20
4 25 21
4 25 27
4 25 29
4 26 2
4 26 4
4 26 5
4 26 6
4 26 7
4 26 8
4 26 9
4 26 10
4 26 13
4 26 15
4 26 18
4 26 19
4 26 21
4 26 22
4 26 23
4 26 24
4 26 26
4 26 27
4 26 28
4 26 29
4 27 2
4 27 5
4 27 6
4 27 8
4 27 9
4 27 14
4 27 17
4 27 19
4 27 20
4 27 23
4 27 24
4 27 25
4 27 28
4 28 1
4 28 2
4 28 12
4 28 13
4 28 14
4 28 17
4 28 21
4 28 25
4 28 26
4 28 28
4 29 1
4 29 3
4 29 5
4 29 10
4 29 11
4 29 12
4 29 13
4 29 15
4 29 17
4 29 18
4 29 19
4 29 20
4 29 22
4 29 23
4 29 27
4 29 28
4 29 29
4 30 1
4 30 2
4 30 3
4 30 4
4 30 5
4 30 6
4 30 7
4 30 8
4 30 9
4 30 10
4 30 11
4 30 12
4 30 14
4 30 16
4 30 17
4 30 21
4 30 22
4 30 23
4 30 24
4 30 25
4 30 26
4 30 29
4 31 0
4 31 1
4 31 3
4 31 5
4 31 8
4 31 12
4 31 13
4 31 14
4 31 16
4 31 19
4 31 20
4 31 21
4 31 22
4 31 23
4 31 24
4 31 27
4 31 28
4 32 0
4 32 2
4 32 3
4 32 4
4 32 5
4 32 6
4 32 9
4 32 11
4 32 12
4 32 14
4 32 15
4 32 20
4 32 21
4 32 22
4 32 23
4 32 24
4 32 26
4 32 29
4 33 1
4 33 6
4 33 7
4 33 8
4 33 13
4 33 15
4 33 16
4 33 18
4 33 22
4 33 23
4 33 25
4 33 27
4 33 28
4 34 0
4 34 1
4 34 2
4 34 3
4 34 4
4 34 8
4 34 9
4 34 10
4 34 11
4 34 12
4 34 14
4 34 15
4 34 18
4 34 22
4 34 27
4 35 1
4 35 2
4 35 4
4 35 7
4 35 8
4 35 9
4 35 10
4 35 15
4 35 19
4 35 21
4 35 22
4 35 24
4 35 26
4 35 27
4 36 2
4 36 3
4 36 7
4 36 8
4 36 10
4 36 11
4 36 14
4 36 15
4 36 16
4 36 17
4 36 18
4 36 20
4 36 22
4 36 23
4 36 25
4 36 26
4 36 27