402
6
19 57 37 12 20 95
3292

339 816 0 52 0 762 621 103 540 568 460 401 233 483 746 681 936 437 0
0 0 0 676 0 900 491 987 783 32 573 506 0 405 0 869 295 952 942 474 814 39 0 0 670 793 642 0 922 0 0 83 200 718 0 999 0 0 0 779 0 116 0 0 434 246 574 0 493 0 947 774 0 0 0 954 176
0 356 29 0 754 394 446 819 0 0 880 0 433 0 463 0 933 817 0 0 0 589 0 88 1000 0 895 406 742 655 779 737 0 820 0 521 0
758 31 298 0 798 801 89 515 586 772 947 0
687 0 289 0 0 172 747 543 125 968 816 375 0 420 0 506 987 0 0 0
0 365 0 0 0 0 280 0 561 608 0 0 0 0 475 0 0 189 208 0 0 707 110 0 557 654 436 0 596 0 0 0 0 32 0 358 0 0 62 882 0 707 364 978 290 0 738 0 978 629 0 909 0 146 259 0 0 0 791 788 436 0 0 749 0 0 656 430 345 802 481 698 0 883 994 351 0 370 275 0 0 959 369 0 0 756 0 0 39 0 0 75 738 677 182

0 0 1
0 0 4
0 0 5
0 0 6
0 0 7
0 0 11
0 0 13
0 0 17
0 0 20
0 0 23
0 0 24
0 0 25
0 0 26
0 0 27
0 0 28
0 0 29
0 0 30
0 0 33
0 0 36
0 0 38
0 0 40
0 0 41
0 0 44
0 0 45
0 0 46
0 0 48
0 0 52
0 0 53
0 0 54
0 1 0
0 1 1
0 1 2
0 1 4
0 1 5
0 1 6
0 1 7
0 1 8
0 1 9
0 1 10
0 1 11
0 1 12
0 1 15
0 1 16
0 1 18
0 1 19
0 1 22
0 1 24
0 1 25
0 1 26
0 1 27
0 1 30
0 1 31
0 1 33
0 1 35
0 1 37
0 1 39
0 1 41
0 1 43
0 1 44
0 1 45
0 1 46
0 1 47
0 1 50
0 1 53
0 1 54
0 1 56
0 2 0
0 2 1
0 2 2
0 2 4
0 2 5
0 2 7
0 2 8
0 2 9
0 2 10
0 2 11
0 2 13
0 2 14
0 2 16
0 2 17
0 2 18
0 2 20
0 2 22
0 2 23
0 2 26
0 2 27
0 2 29
0 2 31
0 2 33
0 2 37
0 2 38
0 2 43
0 2 44
0 2 45
0 2 54
0 3 3
0 3 4
0 3 5
0 3 7
0 3 8
0 3 9
0 3 10
0 3 11
0 3 12
0 3 13
0 3 14
0 3 15
0 3 18
0 3 19
0 3 23
0 3 26
0 3 27
0 3 28
0 3 29
0 3 30
0 3 33
0 3 34
0 3 36
0 3 38
0 3 43
0 3 46
0 3 47
0 3 49
0 3 51
0 3 52
0 3 53
0 3 54
0 3 56
0 4 2
0 4 3
0 4 4
0 4 6
0 4 10
0 4 11
0 4 14
0 4 15
0 4 16
0 4 20
0 4 21
0 4 22
0 4 23
0 4 24
0 4 25
0 4 26
0 4 28
0 4 30
0 4 33
0 4 34
0 4 35
0 4 36
0 4 37
0 4 39
0 4 40
0 4 42
0 4 43
0 4 44
0 4 48
0 4 50
0 4 51
0 4 52
0 4 53
0 4 55
0 5 2
0 5 4
0 5 9
0 5 11
0 5 13
0 5 14
0 5 15
0 5 17
0 5 20
0 5 21
0 5 22
0 5 23
0 5 24
0 5 26
0 5 27
0 5 29
0 5 30
0 5 31
0 5 33
0 5 34
0 5 35
0 5 36
0 5 38
0 5 42
0 5 45
0 5 47
0 5 48
0 5 51
0 5 52
0 5 54
0 6 0
0 6 3
0 6 4
0 6 8
0 6 11
0 6 12
0 6 14
0 6 15
0 6 16
0 6 18
0 6 20
0 6 22
0 6 24
0 6 25
0 6 26
0 6 27
0 6 28
0 6 30
0 6 31
0 6 33
0 6 34
0 6 37
0 6 42
0 6 43
0 6 44
0 6 47
0 6 48
0 6 49
0 6 50
0 6 51
0 6 52
0 6 54
0 6 55
0 7 0
0 7 2
0 7 4
0 7 5
0 7 6
0 7 8
0 7 9
0 7 10
0 7 12
0 7 13
0 7 14
0 7 16
0 7 17
0 7 19
0 7 20
0 7 24
0 7 25
0 7 26
0 7 30
0 7 31
0 7 33
0 7 34
0 7 36
0 7 38
0 7 39
0 7 40
0 7 41
0 7 42
0 7 43
0 7 44
0 7 45
0 7 47
0 7 48
0 7 50
0 7 51
0 7 53
0 7 54
0 7 55
0 7 56
0 8 0
0 8 2
0 8 3
0 8 5
0 8 7
0 8 8
0 8 16
0 8 18
0 8 22
0 8 24
0 8 26
0 8 29
0 8 30
0 8 32
0 8 33
0 8 36
0 8 40
0 8 42
0 8 43
0 8 44
0 8 46
0 8 47
0 8 50
0 8 51
0 8 52
0 8 54
0 8 55
0 8 56
0 9 0
0 9 1
0 9 3
0 9 5
0 9 6
0 9 9
0 9 10
0 9 11
0 9 12
0 9 13
0 9 14
0 9 15
0 9 18
0 9 19
0 9 21
0 9 23
0 9 24
0 9 25
0 9 26
0 9 27
0 9 28
0 9 29
0 9 32
0 9 33
0 9 34
0 9 35
0 9 36
0 9 38
0 9 39
0 9 43
0 9 44
0 9 46
0 9 47
0 9 49
0 9 50
0 9 51
0 9 52
0 9 53
0 9 54
0 10 0
0 10 1
0 10 2
0 10 5
0 10 8
0 10 9
0 10 10
0 10 14
0 10 15
0 10 16
0 10 17
0 10 20
0 10 23
0 10 27
0 10 29
0 10 31
0 10 32
0 10 33
0 10 34
0 10 35
0 10 36
0 10 43
0 10 45
0 10 46
0 10 49
0 10 51
0 10 54
0 10 55
0 10 56
0 11 4
0 11 6
0 11 7
0 11 8
0 11 9
0 11 10
0 11 15
0 11 17
0 11 19
0 11 20
0 11 21
0 11 23
0 11 24
0 11 25
0 11 26
0 11 27
0 11 29
0 11 30
0 11 31
0 11 38
0 11 39
0 11 40
0 11 42
0 11 44
0 11 47
0 11 48
0 11 49
0 11 50
0 11 51
0 11 54
0 12 0
0 12 1
0 12 2
0 12 5
0 12 7
0 12 10
0 12 11
0 12 12
0 12 13
0 12 14
0 12 17
0 12 19
0 12 21
0 12 22
0 12 23
0 12 24
0 12 25
0 12 27
0 12 28
0 12 30
0 12 31
0 12 33
0 12 34
0 12 35
0 12 36
0 12 38
0 12 39
0 12 40
0 12 44
0 12 45
0 12 46
0 12 48
0 12 49
0 12 50
0 12 52
0 12 53
0 12 54
0 13 1
0 13 3
0 13 5
0 13 6
0 13 7
0 13 10
0 13 11
0 13 14
0 13 15
0 13 16
0 13 19
0 13 20
0 13 22
0 13 25
0 13 26
0 13 27
0 13 28
0 13 29
0 13 32
0 13 33
0 13 35
0 13 37
0 13 38
0 13 39
0 13 41
0 13 42
0 13 45
0 13 46
0 13 47
0 13 49
0 13 51
0 13 55
0 13 56
0 14 0
0 14 1
0 14 2
0 14 3
0 14 5
0 14 9
0 14 13
0 14 17
0 14 18
0 14 20
0 14 21
0 14 22
0 14 23
0 14 26
0 14 28
0 14 29
0 14 32
0 14 34
0 14 35
0 14 36
0 14 38
0 14 40
0 14 41
0 14 42
0 14 43
0 14 44
0 14 45
0 14 47
0 14 48
0 14 49
0 14 50
0 14 52
0 14 53
0 14 55
0 14 56
0 15 3
0 15 5
0 15 6
0 15 7
0 15 9
0 15 10
0 15 11
0 15 12
0 15 15
0 15 16
0 15 18
0 15 19
0 15 20
0 15 24
0 15 25
0 15 26
0 15 28
0 15 29
0 15 32
0 15 33
0 15 35
0 15 36
0 15 37
0 15 40
0 15 43
0 15 46
0 15 47
0 15 50
0 15 51
0 15 52
0 15 56
0 16 0
0 16 1
0 16 3
0 16 4
0 16 6
0 16 8
0 16 10
0 16 14
0 16 15
0 16 16
0 16 17
0 16 19
0 16 20
0 16 21
0 16 23
0 16 24
0 16 27
0 16 31
0 16 33
0 16 34
0 16 38
0 16 39
0 16 41
0 16 42
0 16 43
0 16 44
0 16 45
0 16 47
0 16 48
0 16 50
0 16 51
0 16 53
0 16 54
0 16 56
0 17 0
0 17 1
0 17 4
0 17 5
0 17 6
0 17 8
0 17 10
0 17 12
0 17 13
0 17 14
0 17 16
0 17 18
0 17 19
0 17 20
0 17 22
0 17 23
0 17 24
0 17 29
0 17 31
0 17 32
0 17 33
0 17 35
0 17 36
0 17 37
0 17 38
0 17 41
0 17 42
0 17 43
0 17 45
0 17 46
0 17 49
0 17 52
0 17 53
0 17 55
0 17 56
0 18 0
0 18 1
0 18 2
0 18 3
0 18 5
0 18 6
0 18 7
0 18 12
0 18 13
0 18 14
0 18 16
0 18 17
0 18 21
0 18 24
0 18 25
0 18 26
0 18 27
0 18 30
0 18 31
0 18 32
0 18 34
0 18 35
0 18 37
0 18 38
0 18 39
0 18 40
0 18 42
0 18 46
0 18 47
0 18 48
0 18 50
0 18 53
0 18 54
0 18 55
1 0 1
1 0 3
1 0 4
1 0 11
1 0 13
1 0 14
1 0 15
1 0 17
1 0 20
1 0 21
1 0 22
1 0 23
1 0 24
1 0 27
1 0 28
1 0 29
1 0 32
1 0 36
1 1 0
1 1 3
1 1 5
1 1 7
1 1 12
1 1 14
1 1 15
1 1 19
1 1 22
1 1 26
1 1 29
1 1 30
1 1 31
1 1 32
1 1 34
1 1 36
1 2 1
1 2 2
1 2 3
1 2 4
1 2 6
1 2 7
1 2 8
1 2 9
1 2 10
1 2 11
1 2 13
1 2 14
1 2 17
1 2 22
1 2 24
1 2 26
1 2 27
1 2 28
1 2 30
1 2 34
1 3 0
1 3 1
1 3 4
1 3 6
1 3 7
1 3 10
1 3 11
1 3 13
1 3 14
1 3 18
1 3 22
1 3 23
1 3 24
1 3 26
1 3 27
1 3 28
1 3 31
1 3 32
1 3 34
1 3 36
1 4 1
1 4 2
1 4 4
1 4 5
1 4 6
1 4 8
1 4 17
1 4 21
1 4 24
1 4 25
1 4 27
1 4 30
1 4 31
1 4 33
1 4 35
1 5 2
1 5 3
1 5 4
1 5 7
1 5 8
1 5 12
1 5 13
1 5 14
1 5 16
1 5 17
1 5 18
1 5 21
1 5 22
1 5 23
1 5 27
1 5 28
1 5 29
1 5 31
1 5 32
1 5 33
1 5 35
1 5 36
1 6 0
1 6 1
1 6 2
1 6 3
1 6 4
1 6 6
1 6 8
1 6 10
1 6 11
1 6 14
1 6 15
1 6 17
1 6 18
1 6 19
1 6 21
1 6 23
1 6 24
1 6 25
1 6 26
1 6 27
1 6 29
1 6 31
1 6 32
1 6 33
1 6 35
1 6 36
1 7 0
1 7 1
1 7 2
1 7 5
1 7 7
1 7 9
1 7 10
1 7 11
1 7 12
1 7 17
1 7 20
1 7 24
1 7 28
1 7 29
1 7 30
1 7 31
1 7 33
1 7 34
1 7 36
1 8 0
1 8 3
1 8 4
1 8 5
1 8 6
1 8 12
1 8 18
1 8 20
1 8 22
1 8 23
1 8 24
1 8 25
1 8 26
1 8 27
1 8 29
1 8 34
1 8 35
1 8 36
1 9 0
1 9 3
1 9 5
1 9 6
1 9 8
1 9 13
1 9 14
1 9 16
1 9 18
1 9 19
1 9 20
1 9 21
1 9 23
1 9 25
1 9 29
1 9 31
1 9 32
1 9 33
1 9 34
1 9 35
1 10 1
1 10 2
1 10 3
1 10 4
1 10 5
1 10 6
1 10 9
1 10 10
1 10 11
1 10 12
1 10 13
1 10 17
1 10 18
1 10 19
1 10 20
1 10 21
1 10 24
1 10 30
1 10 31
1 10 33
1 10 35
1 10 36
1 11 0
1 11 1
1 11 2
1 11 3
1 11 4
1 11 6
1 11 7
1 11 9
1 11 10
1 11 11
1 11 14
1 11 16
1 11 17
1 11 20
1 11 23
1 11 25
1 11 26
1 11 27
1 11 29
1 11 31
1 11 32
1 11 33
1 11 36
1 12 4
1 12 7
1 12 9
1 12 10
1 12 16
1 12 17
1 12 22
1 12 24
1 12 25
1 12 27
1 12 28
1 12 31
1 12 32
1 12 33
1 12 35
1 13 0
1 13 2
1 13 3
1 13 4
1 13 9
1 13 12
1 13 14
1 13 15
1 13 16
1 13 17
1 13 20
1 13 21
1 13 23
1 13 25
1 13 26
1 13 27
1 13 28
1 13 29
1 13 30
1 13 32
1 13 33
1 13 36
1 14 1
1 14 2
1 14 5
1 14 6
1 14 8
1 14 9
1 14 12
1 14 13
1 14 19
1 14 21
1 14 23
1 14 24
1 14 25
1 14 27
1 14 28
1 14 29
1 14 30
1 14 31
1 14 32
1 14 33
1 14 35
1 15 0
1 15 2
1 15 4
1 15 5
1 15 9
1 15 10
1 15 12
1 15 14
1 15 15
1 15 16
1 15 17
1 15 22
1 15 25
1 15 29
1 15 30
1 15 32
1 15 33
1 15 36
1 16 0
1 16 1
1 16 3
1 16 5
1 16 10
1 16 11
1 16 13
1 16 14
1 16 15
1 16 16
1 16 17
1 16 19
1 16 20
1 16 21
1 16 23
1 16 25
1 16 28
1 16 29
1 16 30
1 16 31
1 16 32
1 17 0
1 17 2
1 17 5
1 17 6
1 17 9
1 17 10
1 17 12
1 17 15
1 17 17
1 17 22
1 17 25
1 17 26
1 17 31
1 17 33
1 17 34
1 18 0
1 18 1
1 18 8
1 18 10
1 18 14
1 18 16
1 18 17
1 18 18
1 18 21
1 18 22
1 18 24
1 18 26
1 18 27
1 18 29
1 18 31
1 18 32
1 18 33
1 18 35
1 18 36
1 19 1
1 19 2
1 19 3
1 19 4
1 19 5
1 19 11
1 19 12
1 19 13
1 19 14
1 19 17
1 19 20
1 19 21
1 19 22
1 19 23
1 19 25
1 19 26
1 19 27
1 19 29
1 19 30
1 19 31
1 19 35
1 19 36
1 20 2
1 20 3
1 20 4
1 20 6
1 20 8
1 20 9
1 20 10
1 20 11
1 20 13
1 20 14
1 20 15
1 20 16
1 20 17
1 20 19
1 20 21
1 20 23
1 20 25
1 20 26
1 20 27
1 20 28
1 20 29
1 20 30
1 20 31
1 20 33
1 20 36
1 21 4
1 21 6
1 21 7
1 21 9
1 21 12
1 21 13
1 21 14
1 21 16
1 21 17
1 21 18
1 21 20
1 21 21
1 21 22
1 21 23
1 21 24
1 21 25
1 21 28
1 21 32
1 21 35
1 22 1
1 22 2
1 22 5
1 22 6
1 22 7
1 22 9
1 22 10
1 22 11
1 22 12
1 22 13
1 22 14
1 22 17
1 22 19
1 22 20
1 22 21
1 22 22
1 22 25
1 22 27
1 22 28
1 22 29
1 22 30
1 22 31
1 22 33
1 22 34
1 23 1
1 23 3
1 23 7
1 23 8
1 23 9
1 23 10
1 23 14
1 23 16
1 23 17
1 23 18
1 23 22
1 23 24
1 23 28
1 23 29
1 23 30
1 23 33
1 23 35
1 23 36
1 24 0
1 24 1
1 24 2
1 24 3
1 24 4
1 24 7
1 24 8
1 24 9
1 24 11
1 24 12
1 24 13
1 24 15
1 24 16
1 24 17
1 24 18
1 24 21
1 24 24
1 24 25
1 24 30
1 24 31
1 24 33
1 24 36
1 25 0
1 25 3
1 25 4
1 25 5
1 25 6
1 25 8
1 25 11
1 25 14
1 25 15
1 25 16
1 25 19
1 25 20
1 25 21
1 25 22
1 25 25
1 25 26
1 25 27
1 25 28
1 25 29
1 25 30
1 25 32
1 25 33
1 25 34
1 26 1
1 26 4
1 26 8
1 26 9
1 26 10
1 26 13
1 26 14
1 26 15
1 26 17
1 26 18
1 26 19
1 26 25
1 26 27
1 26 28
1 26 29
1 26 31
1 26 32
1 26 35
1 26 36
1 27 0
1 27 2
1 27 7
1 27 14
1 27 15
1 27 17
1 27 18
1 27 19
1 27 22
1 27 23
1 27 24
1 27 25
1 27 26
1 27 27
1 27 28
1 27 32
1 27 35
1 28 0
1 28 2
1 28 4
1 28 5
1 28 7
1 28 8
1 28 9
1 28 12
1 28 15
1 28 16
1 28 17
1 28 19
1 28 21
1 28 22
1 28 25
1 28 26
1 28 28
1 28 29
1 28 32
1 28 33
1 28 34
1 28 36
1 29 0
1 29 2
1 29 3
1 29 4
1 29 5
1 29 6
1 29 7
1 29 9
1 29 11
1 29 14
1 29 17
1 29 19
1 29 20
1 29 22
1 29 24
1 29 25
1 29 28
1 29 30
1 29 35
1 29 36
1 30 0
1 30 1
1 30 2
1 30 3
1 30 5
1 30 6
1 30 7
1 30 8
1 30 10
1 30 11
1 30 12
1 30 17
1 30 18
1 30 19
1 30 20
1 30 22
1 30 23
1 30 24
1 30 25
1 30 26
1 30 29
1 30 30
1 30 32
1 30 33
1 30 36
1 31 0
1 31 4
1 31 5
1 31 8
1 31 9
1 31 12
1 31 13
1 31 16
1 31 17
1 31 18
1 31 19
1 31 21
1 31 23
1 31 24
1 31 27
1 31 33
1 31 34
1 31 36
1 32 2
1 32 3
1 32 6
1 32 8
1 32 12
1 32 13
1 32 16
1 32 19
1 32 20
1 32 21
1 32 22
1 32 23
1 32 27
1 32 28
1 32 31
1 32 33
1 32 34
1 33 0
1 33 1
1 33 2
1 33 5
1 33 6
1 33 8
1 33 9
1 33 10
1 33 12
1 33 13
1 33 14
1 33 16
1 33 18
1 33 19
1 33 20
1 33 23
1 33 24
1 33 25
1 33 26
1 33 27
1 33 29
1 33 31
1 33 32
1 33 34
1 33 35
1 34 0
1 34 2
1 34 3
1 34 9
1 34 10
1 34 11
1 34 13
1 34 15
1 34 16
1 34 17
1 34 18
1 34 19
1 34 21
1 34 22
1 34 23
1 34 24
1 34 28
1 34 29
1 34 30
1 34 31
1 34 33
1 34 35
1 35 0
1 35 2
1 35 3
1 35 8
1 35 13
1 35 14
1 35 16
1 35 18
1 35 20
1 35 21
1 35 22
1 35 23
1 35 25
1 35 26
1 35 27
1 35 28
1 35 29
1 35 30
1 35 32
1 35 34
1 35 35
1 36 1
1 36 2
1 36 3
1 36 5
1 36 7
1 36 8
1 36 11
1 36 13
1 36 14
1 36 16
1 36 18
1 36 19
1 36 20
1 36 21
1 36 22
1 36 23
1 36 24
1 36 25
1 36 26
1 36 27
1 36 28
1 36 32
1 37 0
1 37 2
1 37 7
1 37 8
1 37 10
1 37 11
1 37 12
1 37 14
1 37 15
1 37 16
1 37 18
1 37 20
1 37 23
1 37 24
1 37 26
1 37 27
1 37 30
1 37 31
1 37 32
1 37 33
1 37 34
1 37 35
1 37 36
1 38 0
1 38 1
1 38 3
1 38 7
1 38 8
1 38 10
1 38 11
1 38 12
1 38 13
1 38 15
1 38 17
1 38 18
1 38 20
1 38 21
1 38 22
1 38 24
1 38 26
1 38 27
1 38 30
1 38 31
1 38 32
1 38 33
1 38 34
1 38 35
1 38 36
1 39 1
1 39 4
1 39 5
1 39 6
1 39 7
1 39 8
1 39 11
1 39 13
1 39 14
1 39 15
1 39 16
1 39 17
1 39 18
1 39 26
1 39 27
1 39 28
1 39 29
1 39 30
1 39 32
1 39 35
1 39 36
1 40 2
1 40 4
1 40 6
1 40 8
1 40 9
1 40 16
1 40 17
1 40 19
1 40 21
1 40 23
1 40 24
1 40 25
1 40 26
1 40 27
1 40 28
1 40 29
1 40 30
1 40 32
1 40 34
1 40 35
1 40 36
1 41 2
1 41 3
1 41 4
1 41 5
1 41 6
1 41 12
1 41 15
1 41 17
1 41 18
1 41 22
1 41 24
1 41 25
1 41 27
1 41 28
1 41 29
1 41 30
1 41 31
1 41 33
1 41 34
1 42 0
1 42 3
1 42 4
1 42 5
1 42 7
1 42 10
1 42 13
1 42 17
1 42 18
1 42 21
1 42 22
1 42 24
1 42 25
1 42 26
1 42 27
1 42 28
1 42 29
1 42 30
1 42 31
1 42 32
1 42 33
1 42 34
1 42 35
1 42 36
1 43 0
1 43 1
1 43 2
1 43 3
1 43 5
1 43 6
1 43 7
1 43 9
1 43 10
1 43 11
1 43 12
1 43 13
1 43 15
1 43 16
1 43 17
1 43 18
1 43 20
1 43 21
1 43 22
1 43 23
1 43 26
1 43 27
1 43 29
1 43 30
1 43 34
1 43 35
1 44 0
1 44 1
1 44 3
1 44 4
1 44 5
1 44 6
1 44 8
1 44 12
1 44 13
1 44 16
1 44 18
1 44 21
1 44 22
1 44 23
1 44 24
1 44 25
1 44 27
1 44 28
1 44 30
1 44 32
1 45 2
1 45 4
1 45 8
1 45 9
1 45 10
1 45 11
1 45 18
1 45 22
1 45 23
1 45 24
1 45 27
1 45 28
1 45 32
1 45 33
1 45 34
1 45 35
1 46 0
1 46 3
1 46 4
1 46 7
1 46 9
1 46 12
1 46 14
1 46 16
1 46 17
1 46 20
1 46 21
1 46 22
1 46 24
1 46 25
1 46 26
1 46 27
1 46 31
1 46 32
1 46 35
1 47 0
1 47 2
1 47 8
1 47 11
1 47 12
1 47 13
1 47 14
1 47 15
1 47 16
1 47 17
1 47 18
1 47 21
1 47 23
1 47 25
1 47 26
1 47 28
1 47 29
1 47 35
1 47 36
1 48 0
1 48 3
1 48 8
1 48 9
1 48 10
1 48 11
1 48 12
1 48 13
1 48 14
1 48 15
1 48 16
1 48 17
1 48 21
1 48 22
1 48 24
1 48 27
1 48 29
1 48 30
1 48 31
1 48 35
1 48 36
1 49 0
1 49 2
1 49 6
1 49 11
1 49 12
1 49 13
1 49 14
1 49 15
1 49 16
1 49 21
1 49 22
1 49 23
1 49 26
1 49 27
1 49 31
1 49 35
1 50 0
1 50 2
1 50 3
1 50 4
1 50 6
1 50 8
1 50 10
1 50 11
1 50 13
1 50 14
1 50 19
1 50 21
1 50 22
1 50 24
1 50 25
1 50 28
1 50 29
1 50 34
1 50 35
1 51 2
1 51 6
1 51 7
1 51 11
1 51 12
1 51 13
1 51 16
1 51 17
1 51 21
1 51 22
1 51 23
1 51 26
1 51 27
1 51 28
1 51 29
1 51 30
1 51 33
1 51 36
1 52 0
1 52 1
1 52 2
1 52 3
1 52 6
1 52 7
1 52 10
1 52 11
1 52 14
1 52 15
1 52 16
1 52 19
1 52 21
1 52 24
1 52 26
1 52 28
1 52 30
1 52 31
1 52 32
1 52 36
1 53 0
1 53 1
1 53 2
1 53 4
1 53 5
1 53 6
1 53 7
1 53 9
1 53 10
1 53 12
1 53 14
1 53 15
1 53 19
1 53 20
1 53 21
1 53 23
1 53 25
1 53 26
1 53 27
1 53 30
1 53 31
1 53 35
1 53 36
1 54 1
1 54 2
1 54 3
1 54 4
1 54 7
1 54 8
1 54 10
1 54 11
1 54 12
1 54 13
1 54 15
1 54 16
1 54 19
1 54 21
1 54 22
1 54 23
1 54 25
1 54 26
1 54 27
1 54 29
1 54 31
1 54 35
1 54 36
1 55 0
1 55 2
1 55 5
1 55 6
1 55 7
1 55 8
1 55 9
1 55 10
1 55 14
1 55 19
1 55 20
1 55 23
1 55 24
1 55 25
1 55 30
1 55 33
1 55 35
1 55 36
1 56 0
1 56 1
1 56 2
1 56 3
1 56 6
1 56 9
1 56 10
1 56 12
1 56 14
1 56 15
1 56 18
1 56 20
1 56 21
1 56 23
1 56 25
1 56 28
1 56 29
1 56 30
1 56 31
1 56 32
1 56 33
1 56 34
1 56 36
2 0 1
2 0 3
2 0 4
2 0 5
2 0 6
2 0 7
2 0 8
2 0 9
2 0 11
2 1 1
2 1 3
2 1 5
2 1 6
2 1 7
2 1 8
2 1 10
2 2 4
2 2 6
2 2 9
2 2 11
2 3 1
2 3 2
2 3 4
2 3 5
2 3 6
2 3 8
2 3 10
2 4 1
2 4 3
2 4 4
2 4 5
2 4 6
2 4 9
2 4 10
2 4 11
2 5 3
2 5 4
2 5 7
2 5 8
2 5 9
2 5 10
2 5 11
2 6 2
2 6 4
2 6 5
2 6 6
2 6 8
2 6 9
2 6 10
2 6 11
2 7 0
2 7 1
2 7 2
2 7 4
2 7 5
2 7 6
2 7 7
2 7 8
2 7 9
2 7 10
2 7 11
2 8 0
2 8 1
2 8 4
2 8 5
2 8 6
2 8 10
2 8 11
2 9 3
2 9 4
2 9 8
2 9 11
2 10 1
2 10 2
2 10 5
2 10 7
2 10 8
2 10 9
2 10 10
2 11 3
2 11 6
2 11 7
2 11 8
2 11 9
2 11 10
2 12 1
2 12 2
2 12 3
2 12 5
2 12 11
2 13 1
2 13 2
2 13 3
2 13 4
2 13 5
2 13 6
2 13 7
2 14 0
2 14 1
2 14 2
2 14 3
2 14 4
2 14 6
2 14 7
2 14 9
2 14 10
2 14 11
2 15 2
2 15 5
2 15 7
2 15 8
2 15 9
2 15 10
2 16 0
2 16 1
2 16 4
2 16 5
2 16 6
2 16 7
2 16 9
2 16 10
2 17 0
2 17 1
2 17 2
2 17 3
2 17 4
2 17 6
2 17 7
2 17 8
2 18 0
2 18 3
2 18 4
2 18 5
2 18 7
2 18 10
2 19 1
2 19 2
2 19 3
2 19 4
2 19 5
2 19 6
2 19 9
2 20 1
2 20 2
2 20 5
2 20 6
2 20 9
2 20 10
2 21 0
2 21 1
2 21 2
2 21 3
2 21 5
2 21 6
2 21 8
2 21 9
2 21 10
2 21 11
2 22 1
2 22 2
2 22 3
2 22 7
2 22 8
2 22 11
2 23 3
2 23 5
2 23 8
2 23 9
2 23 11
2 24 1
2 24 3
2 24 5
2 24 7
2 24 8
2 24 9
2 24 11
2 25 0
2 25 1
2 25 4
2 25 6
2 25 9
2 25 10
2 25 11
2 26 1
2 26 2
2 26 6
2 26 8
2 27 0
2 27 1
2 27 3
2 27 4
2 27 6
2 27 7
2 27 9
2 28 0
2 28 1
2 28 3
2 28 10
2 28 11
2 29 1
2 29 2
2 29 3
2 29 4
2 29 8
2 29 10
2 30 3
2 30 4
2 30 5
2 30 6
2 30 7
2 30 9
2 30 10
2 31 1
2 31 3
2 31 6
2 31 8
2 31 9
2 31 10
2 32 2
2 32 4
2 32 5
2 32 8
2 32 9
2 33 0
2 33 1
2 33 3
2 33 4
2 33 6
2 33 7
2 33 8
2 34 2
2 34 4
2 34 6
2 34 7
2 34 8
2 34 9
2 34 10
2 34 11
2 35 0
2 35 3
2 35 7
2 35 9
2 35 10
2 36 0
2 36 2
2 36 5
2 36 7
2 36 9
3 0 0
3 0 8
3 0 9
3 0 11
3 0 14
3 0 17
3 0 18
3 0 19
3 1 0
3 1 1
3 1 3
3 1 5
3 1 7
3 1 8
3 1 10
3 1 11
3 1 12
3 1 14
3 1 15
3 1 16
3 1 17
3 1 19
3 2 1
3 2 3
3 2 7
3 2 8
3 2 10
3 2 11
3 2 15
3 2 16
3 2 17
3 2 19
3 3 1
3 3 4
3 3 7
3 3 8
3 3 10
3 3 12
3 3 13
3 3 15
3 3 17
3 3 19
3 4 0
3 4 1
3 4 2
3 4 4
3 4 7
3 4 8
3 4 9
3 4 10
3 4 12
3 4 14
3 4 15
3 4 18
3 5 0
3 5 4
3 5 5
3 5 7
3 5 8
3 5 11
3 5 12
3 5 14
3 5 16
3 5 17
3 5 19
3 6 0
3 6 3
3 6 4
3 6 5
3 6 6
3 6 7
3 6 8
3 6 9
3 6 10
3 6 13
3 6 15
3 6 17
3 6 19
3 7 0
3 7 2
3 7 3
3 7 5
3 7 6
3 7 8
3 7 10
3 7 13
3 7 15
3 7 16
3 7 17
3 7 18
3 7 19
3 8 0
3 8 1
3 8 2
3 8 5
3 8 7
3 8 8
3 8 10
3 8 12
3 8 13
3 8 14
3 8 17
3 9 2
3 9 3
3 9 4
3 9 5
3 9 6
3 9 7
3 9 9
3 9 10
3 9 13
3 9 14
3 9 15
3 9 16
3 9 18
3 9 19
3 10 0
3 10 2
3 10 4
3 10 5
3 10 6
3 10 7
3 10 9
3 10 12
3 10 14
3 10 16
3 10 19
3 11 0
3 11 2
3 11 3
3 11 4
3 11 6
3 11 11
3 11 14
3 11 15
3 11 16
3 11 17
3 11 18
4 0 1
4 0 2
4 0 3
4 0 5
4 0 7
4 0 10
4 0 12
4 0 14
4 0 17
4 0 18
4 0 19
4 0 22
4 0 24
4 0 25
4 0 26
4 0 27
4 0 28
4 0 29
4 0 30
4 0 35
4 0 36
4 0 37
4 0 38
4 0 39
4 0 40
4 0 41
4 0 42
4 0 43
4 0 44
4 0 45
4 0 47
4 0 50
4 0 51
4 0 52
4 0 56
4 0 59
4 0 60
4 0 63
4 0 64
4 0 65
4 0 66
4 0 67
4 0 68
4 0 69
4 0 70
4 0 74
4 0 75
4 0 77
4 0 78
4 0 79
4 0 80
4 0 81
4 0 83
4 0 84
4 0 85
4 0 86
4 0 87
4 0 94
4 1 0
4 1 2
4 1 3
4 1 4
4 1 5
4 1 8
4 1 10
4 1 11
4 1 13
4 1 15
4 1 20
4 1 21
4 1 23
4 1 24
4 1 25
4 1 27
4 1 30
4 1 31
4 1 32
4 1 33
4 1 35
4 1 37
4 1 43
4 1 44
4 1 45
4 1 46
4 1 47
4 1 50
4 1 51
4 1 52
4 1 53
4 1 54
4 1 57
4 1 59
4 1 60
4 1 61
4 1 62
4 1 63
4 1 65
4 1 71
4 1 75
4 1 79
4 1 80
4 1 82
4 1 83
4 1 87
4 1 88
4 1 90
4 1 92
4 1 93
4 1 94
4 2 0
4 2 1
4 2 5
4 2 7
4 2 10
4 2 11
4 2 12
4 2 14
4 2 18
4 2 19
4 2 30
4 2 32
4 2 35
4 2 36
4 2 39
4 2 41
4 2 42
4 2 43
4 2 45
4 2 47
4 2 50
4 2 51
4 2 55
4 2 56
4 2 59
4 2 60
4 2 62
4 2 64
4 2 66
4 2 68
4 2 70
4 2 71
4 2 74
4 2 75
4 2 76
4 2 77
4 2 79
4 2 82
4 2 85
4 2 86
4 2 87
4 2 89
4 2 93
4 2 94
4 3 0
4 3 2
4 3 3
4 3 4
4 3 6
4 3 10
4 3 11
4 3 12
4 3 15
4 3 16
4 3 22
4 3 23
4 3 26
4 3 27
4 3 28
4 3 30
4 3 31
4 3 32
4 3 34
4 3 35
4 3 37
4 3 39
4 3 40
4 3 41
4 3 42
4 3 43
4 3 44
4 3 45
4 3 46
4 3 47
4 3 48
4 3 50
4 3 51
4 3 53
4 3 56
4 3 59
4 3 65
4 3 67
4 3 68
4 3 70
4 3 71
4 3 73
4 3 75
4 3 76
4 3 77
4 3 80
4 3 81
4 3 83
4 3 84
4 3 85
4 3 86
4 3 88
4 3 89
4 3 90
4 3 91
4 3 92
4 4 0
4 4 1
4 4 2
4 4 3
4 4 5
4 4 11
4 4 13
4 4 16
4 4 17
4 4 19
4 4 23
4 4 24
4 4 25
4 4 27
4 4 28
4 4 30
4 4 36
4 4 38
4 4 39
4 4 41
4 4 42
4 4 43
4 4 44
4 4 51
4 4 52
4 4 53
4 4 54
4 4 55
4 4 56
4 4 58
4 4 59
4 4 62
4 4 63
4 4 65
4 4 66
4 4 68
4 4 69
4 4 70
4 4 74
4 4 75
4 4 77
4 4 78
4 4 79
4 4 80
4 4 81
4 4 82
4 4 83
4 4 84
4 4 87
4 4 89
4 4 90
4 4 91
4 4 93
4 5 0
4 5 1
4 5 2
4 5 4
4 5 6
4 5 9
4 5 10
4 5 12
4 5 14
4 5 15
4 5 16
4 5 17
4 5 18
4 5 19
4 5 20
4 5 21
4 5 23
4 5 28
4 5 29
4 5 30
4 5 31
4 5 34
4 5 39
4 5 40
4 5 42
4 5 43
4 5 45
4 5 46
4 5 47
4 5 51
4 5 52
4 5 54
4 5 55
4 5 60
4 5 62
4 5 63
4 5 66
4 5 67
4 5 71
4 5 72
4 5 73
4 5 74
4 5 75
4 5 77
4 5 78
4 5 79
4 5 80
4 5 81
4 5 82
4 5 83
4 5 88
4 6 0
4 6 1
4 6 4
4 6 5
4 6 7
4 6 9
4 6 10
4 6 11
4 6 12
4 6 14
4 6 15
4 6 18
4 6 19
4 6 21
4 6 23
4 6 26
4 6 28
4 6 30
4 6 31
4 6 33
4 6 34
4 6 35
4 6 36
4 6 38
4 6 40
4 6 41
4 6 43
4 6 48
4 6 49
4 6 50
4 6 51
4 6 55
4 6 56
4 6 58
4 6 59
4 6 61
4 6 62
4 6 63
4 6 64
4 6 68
4 6 74
4 6 76
4 6 77
4 6 79
4 6 80
4 6 85
4 6 87
4 6 88
4 6 89
4 6 90
4 6 92
4 6 93
4 6 94
4 7 1
4 7 2
4 7 7
4 7 9
4 7 12
4 7 13
4 7 14
4 7 15
4 7 16
4 7 18
4 7 19
4 7 20
4 7 22
4 7 23
4 7 25
4 7 26
4 7 27
4 7 28
4 7 29
4 7 33
4 7 35
4 7 36
4 7 37
4 7 38
4 7 39
4 7 40
4 7 42
4 7 45
4 7 46
4 7 47
4 7 50
4 7 51
4 7 54
4 7 55
4 7 57
4 7 59
4 7 60
4 7 64
4 7 66
4 7 68
4 7 69
4 7 70
4 7 73
4 7 74
4 7 75
4 7 76
4 7 79
4 7 81
4 7 82
4 7 84
4 7 86
4 7 87
4 7 88
4 7 92
4 7 93
4 7 94
4 8 1
4 8 2
4 8 4
4 8 6
4 8 9
4 8 10
4 8 11
4 8 12
4 8 16
4 8 17
4 8 18
4 8 19
4 8 20
4 8 21
4 8 24
4 8 25
4 8 26
4 8 27
4 8 28
4 8 29
4 8 30
4 8 31
4 8 32
4 8 33
4 8 35
4 8 36
4 8 37
4 8 38
4 8 39
4 8 40
4 8 44
4 8 46
4 8 47
4 8 49
4 8 51
4 8 53
4 8 54
4 8 56
4 8 57
4 8 58
4 8 61
4 8 62
4 8 63
4 8 64
4 8 65
4 8 67
4 8 68
4 8 70
4 8 71
4 8 74
4 8 78
4 8 79
4 8 81
4 8 82
4 8 84
4 8 85
4 8 86
4 8 87
4 8 88
4 8 89
4 8 90
4 8 91
4 8 92
4 8 93
4 8 94
4 9 0
4 9 5
4 9 10
4 9 11
4 9 13
4 9 15
4 9 17
4 9 18
4 9 20
4 9 21
4 9 22
4 9 23
4 9 25
4 9 27
4 9 28
4 9 29
4 9 33
4 9 35
4 9 36
4 9 37
4 9 38
4 9 39
4 9 44
4 9 45
4 9 46
4 9 47
4 9 50
4 9 51
4 9 53
4 9 54
4 9 59
4 9 61
4 9 62
4 9 64
4 9 65
4 9 66
4 9 67
4 9 68
4 9 69
4 9 72
4 9 74
4 9 77
4 9 81
4 9 83
4 9 84
4 9 87
4 9 88
4 9 91
4 9 93
4 9 94
4 10 0
4 10 1
4 10 2
4 10 3
4 10 4
4 10 7
4 10 12
4 10 17
4 10 20
4 10 21
4 10 22
4 10 23
4 10 24
4 10 25
4 10 26
4 10 28
4 10 29
4 10 30
4 10 31
4 10 32
4 10 33
4 10 35
4 10 36
4 10 38
4 10 39
4 10 40
4 10 41
4 10 42
4 10 45
4 10 46
4 10 47
4 10 48
4 10 49
4 10 50
4 10 51
4 10 52
4 10 53
4 10 54
4 10 58
4 10 59
4 10 60
4 10 62
4 10 63
4 10 66
4 10 67
4 10 68
4 10 69
4 10 70
4 10 71
4 10 72
4 10 73
4 10 75
4 10 76
4 10 78
4 10 79
4 10 80
4 10 81
4 10 83
4 10 84
4 10 85
4 10 92
4 11 1
4 11 2
4 11 3
4 11 6
4 11 7
4 11 8
4 11 10
4 11 11
4 11 12
4 11 13
4 11 16
4 11 18
4 11 20
4 11 21
4 11 23
4 11 24
4 11 26
4 11 27
4 11 28
4 11 29
4 11 30
4 11 32
4 11 36
4 11 37
4 11 38
4 11 39
4 11 40
4 11 42
4 11 43
4 11 44
4 11 46
4 11 47
4 11 53
4 11 54
4 11 55
4 11 57
4 11 58
4 11 60
4 11 62
4 11 63
4 11 65
4 11 66
4 11 69
4 11 70
4 11 71
4 11 72
4 11 73
4 11 74
4 11 76
4 11 77
4 11 79
4 11 80
4 11 81
4 11 85
4 11 87
4 11 89
4 11 90
4 11 91
4 11 92
4 12 0
4 12 2
4 12 5
4 12 8
4 12 9
4 12 10
4 12 11
4 12 12
4 12 15
4 12 16
4 12 17
4 12 18
4 12 19
4 12 20
4 12 21
4 12 23
4 12 24
4 12 25
4 12 26
4 12 30
4 12 31
4 12 33
4 12 34
4 12 37
4 12 39
4 12 41
4 12 43
4 12 46
4 12 47
4 12 50
4 12 52
4 12 53
4 12 54
4 12 55
4 12 57
4 12 58
4 12 59
4 12 60
4 12 62
4 12 63
4 12 64
4 12 67
4 12 68
4 12 69
4 12 72
4 12 73
4 12 74
4 12 75
4 12 78
4 12 79
4 12 81
4 12 82
4 12 83
4 12 84
4 12 85
4 12 87
4 12 88
4 12 89
4 12 90
4 12 92
4 12 93
4 13 0
4 13 1
4 13 2
4 13 3
4 13 5
4 13 6
4 13 7
4 13 10
4 13 11
4 13 12
4 13 13
4 13 16
4 13 18
4 13 19
4 13 20
4 13 22
4 13 24
4 13 28
4 13 29
4 13 31
4 13 32
4 13 34
4 13 35
4 13 37
4 13 40
4 13 41
4 13 42
4 13 46
4 13 47
4 13 48
4 13 50
4 13 51
4 13 52
4 13 53
4 13 54
4 13 56
4 13 57
4 13 58
4 13 59
4 13 60
4 13 61
4 13 63
4 13 66
4 13 69
4 13 71
4 13 76
4 13 77
4 13 79
4 13 80
4 13 81
4 13 83
4 13 86
4 13 87
4 13 88
4 13 90
4 13 92
4 13 93
4 14 0
4 14 2
4 14 3
4 14 4
4 14 5
4 14 6
4 14 8
4 14 9
4 14 15
4 14 16
4 14 17
4 14 18
4 14 19
4 14 20
4 14 22
4 14 23
4 14 25
4 14 26
4 14 28
4 14 29
4 14 32
4 14 35
4 14 36
4 14 39
4 14 40
4 14 41
4 14 42
4 14 43
4 14 44
4 14 46
4 14 47
4 14 48
4 14 49
4 14 53
4 14 55
4 14 56
4 14 58
4 14 59
4 14 60
4 14 63
4 14 64
4 14 65
4 14 66
4 14 69
4 14 70
4 14 71
4 14 72
4 14 74
4 14 77
4 14 80
4 14 81
4 14 82
4 14 83
4 14 84
4 14 86
4 14 89
4 14 91
4 14 94
4 15 1
4 15 2
4 15 4
4 15 5
4 15 6
4 15 7
4 15 9
4 15 10
4 15 11
4 15 15
4 15 16
4 15 17
4 15 19
4 15 20
4 15 23
4 15 24
4 15 25
4 15 26
4 15 28
4 15 29
4 15 30
4 15 31
4 15 32
4 15 34
4 15 37
4 15 38
4 15 39
4 15 42
4 15 44
4 15 45
4 15 46
4 15 48
4 15 49
4 15 50
4 15 51
4 15 52
4 15 53
4 15 54
4 15 56
4 15 57
4 15 58
4 15 62
4 15 63
4 15 65
4 15 66
4 15 70
4 15 72
4 15 73
4 15 74
4 15 75
4 15 76
4 15 77
4 15 78
4 15 82
4 15 83
4 15 84
4 15 85
4 15 87
4 15 88
4 15 92
4 15 93
4 15 94
4 16 0
4 16 2
4 16 3
4 16 4
4 16 5
4 16 7
4 16 8
4 16 12
4 16 14
4 16 17
4 16 19
4 16 21
4 16 23
4 16 24
4 16 29
4 16 34
4 16 35
4 16 37
4 16 38
4 16 39
4 16 42
4 16 43
4 16 46
4 16 47
4 16 48
4 16 50
4 16 52
4 16 54
4 16 56
4 16 58
4 16 59
4 16 60
4 16 61
4 16 63
4 16 64
4 16 66
4 16 67
4 16 68
4 16 69
4 16 71
4 16 72
4 16 73
4 16 74
4 16 76
4 16 77
4 16 78
4 16 79
4 16 80
4 16 81
4 16 83
4 16 84
4 16 85
4 16 87
4 16 88
4 16 90
4 16 91
4 16 93
4 16 94
4 17 0
4 17 1
4 17 2
4 17 3
4 17 4
4 17 5
4 17 6
4 17 14
4 17 16
4 17 18
4 17 19
4 17 22
4 17 24
4 17 28
4 17 29
4 17 30
4 17 31
4 17 32
4 17 33
4 17 35
4 17 37
4 17 38
4 17 39
4 17 40
4 17 42
4 17 43
4 17 44
4 17 47
4 17 48
4 17 50
4 17 51
4 17 53
4 17 54
4 17 55
4 17 56
4 17 57
4 17 58
4 17 61
4 17 62
4 17 64
4 17 65
4 17 66
4 17 69
4 17 71
4 17 72
4 17 73
4 17 74
4 17 75
4 17 76
4 17 79
4 17 81
4 17 83
4 17 84
4 17 85
4 17 86
4 17 87
4 17 88
4 17 89
4 17 93
4 18 1
4 18 3
4 18 4
4 18 5
4 18 7
4 18 8
4 18 10
4 18 12
4 18 13
4 18 15
4 18 16
4 18 19
4 18 23
4 18 24
4 18 27
4 18 30
4 18 31
4 18 35
4 18 36
4 18 41
4 18 43
4 18 44
4 18 48
4 18 49
4 18 50
4 18 52
4 18 56
4 18 58
4 18 61
4 18 62
4 18 63
4 18 64
4 18 65
4 18 66
4 18 67
4 18 68
4 18 69
4 18 70
4 18 71
4 18 73
4 18 74
4 18 75
4 18 76
4 18 77
4 18 78
4 18 80
4 18 81
4 18 82
4 18 85
4 18 86
4 18 87
4 18 88
4 19 0
4 19 1
4 19 3
4 19 5
4 19 6
4 19 11
4 19 12
4 19 17
4 19 19
4 19 20
4 19 21
4 19 23
4 19 24
4 19 26
4 19 27
4 19 30
4 19 31
4 19 33
4 19 34
4 19 38
4 19 40
4 19 41
4 19 42
4 19 43
4 19 47
4 19 52
4 19 53
4 19 55
4 19 56
4 19 57
4 19 58
4 19 61
4 19 63
4 19 64
4 19 67
4 19 69
4 19 73
4 19 75
4 19 76
4 19 78
4 19 79
4 19 81
4 19 83
4 19 84
4 19 85
4 19 88
4 19 91
4 19 94