354
6
92 25 31 20 13 59
1600

0 19 0 161 451 0 346 0 309 379 2 103 664 300 679 56 787 0 816 533 734 894 627 60 19 254 163 858 963 0 385 848 510 0 0 580 798 446 701 753 312 0 570 472 561 519 63 399 324 0 362 0 405 0 532 608 714 264 0 0 55 182 33 163 372 376 0 0 0 41 351 361 491 406 780 48 68 22 535 194 633 740 691 414 556 399 7 0 621 439 605 271
970 822 0 43 655 649 65 0 0 766 519 0 932 933 978 196 0 696 628 576 337 155 809 860 700
340 355 92 0 44 686 198 325 448 10 220 0 322 174 514 0 174 84 643 301 942 0 997 271 946 622 55 951 0 297 759
353 0 0 0 0 0 393 529 554 974 0 0 256 915 613 0 373 801 319 48
0 0 428 307 202 1000 846 957 0 299 0 0 995
0 0 204 213 904 33 537 330 0 197 211 595 276 40 578 933 462 233 202 0 801 862 917 155 285 0 0 276 368 352 5 726 356 265 225 937 830 649 296 438 0 64 433 347 372 105 782 965 722 921 901 78 687 0 26 292 783 625 0

0 0 3
0 0 6
0 0 7
0 0 8
0 0 15
0 1 3
0 1 6
0 1 8
0 1 9
0 1 10
0 1 12
0 1 14
0 1 15
0 1 16
0 1 20
0 1 21
0 2 1
0 2 8
0 2 10
0 2 11
0 2 14
0 3 0
0 3 1
0 3 5
0 3 6
0 3 8
0 3 12
0 3 19
0 3 23
0 4 0
0 4 1
0 4 2
0 4 3
0 4 7
0 4 10
0 4 11
0 4 13
0 4 14
0 4 16
0 4 20
0 4 24
0 5 0
0 5 1
0 5 2
0 5 4
0 5 5
0 5 7
0 5 11
0 5 13
0 5 15
0 5 16
0 5 17
0 5 18
0 5 20
0 6 2
0 6 3
0 6 6
0 6 7
0 6 9
0 6 10
0 6 13
0 6 16
0 6 24
0 7 1
0 7 2
0 7 6
0 7 9
0 7 12
0 7 13
0 7 14
0 7 19
0 7 22
0 8 0
0 8 3
0 8 11
0 8 12
0 8 18
0 8 19
0 8 20
0 8 21
0 8 23
0 9 0
0 9 2
0 9 4
0 9 11
0 9 12
0 9 17
0 9 18
0 10 5
0 10 11
0 10 13
0 10 15
0 10 19
0 10 21
0 10 24
0 11 3
0 11 4
0 11 5
0 11 6
0 11 7
0 11 8
0 11 9
0 11 10
0 11 11
0 11 14
0 11 15
0 11 17
0 11 18
0 11 19
0 11 20
0 11 21
0 11 24
0 12 2
0 12 11
0 12 15
0 12 19
0 12 20
0 12 23
0 13 0
0 13 4
0 13 7
0 13 9
0 13 14
0 13 16
0 13 17
0 14 0
0 14 15
0 14 18
0 14 24
0 15 1
0 15 4
0 15 8
0 15 9
0 15 12
0 15 16
0 15 18
0 15 22
0 15 24
0 16 3
0 16 8
0 16 14
0 16 20
0 16 22
0 16 24
0 17 5
0 17 6
0 17 8
0 17 10
0 17 12
0 17 15
0 17 19
0 17 21
0 18 0
0 18 2
0 18 5
0 18 6
0 18 7
0 18 20
0 18 22
0 18 23
0 19 2
0 19 3
0 19 4
0 19 7
0 19 9
0 19 14
0 19 19
0 19 23
0 19 24
0 20 2
0 20 8
0 20 10
0 20 16
0 20 19
0 20 21
0 21 0
0 21 3
0 21 7
0 21 8
0 21 14
0 21 15
0 21 18
0 21 22
0 22 2
0 22 7
0 22 8
0 22 15
0 22 17
0 22 19
0 22 20
0 22 21
0 22 23
0 23 2
0 23 4
0 23 6
0 23 7
0 23 8
0 23 9
0 23 11
0 23 18
0 23 21
0 23 22
0 23 24
0 24 4
0 24 8
0 24 9
0 24 10
0 24 12
0 24 14
0 24 19
0 25 3
0 25 5
0 25 8
0 25 15
0 25 16
0 25 17
0 25 23
0 25 24
0 26 1
0 26 4
0 26 11
0 26 12
0 26 16
0 26 23
0 27 0
0 27 1
0 27 7
0 27 9
0 27 11
0 27 18
0 27 19
0 27 22
0 27 24
0 28 0
0 28 2
0 28 8
0 28 11
0 28 13
0 28 15
0 28 16
0 28 18
0 28 19
0 28 21
0 29 3
0 29 5
0 29 6
0 29 11
0 29 12
0 29 13
0 29 15
0 29 16
0 29 18
0 29 19
0 30 1
0 30 5
0 30 7
0 30 10
0 30 11
0 30 12
0 30 14
0 30 16
0 30 20
0 30 21
0 31 2
0 31 3
0 31 5
0 31 7
0 31 8
0 31 13
0 31 17
0 31 19
0 31 21
0 31 23
0 31 24
0 32 1
0 32 6
0 32 7
0 32 8
0 32 11
0 32 13
0 32 16
0 32 18
0 32 22
0 33 0
0 33 2
0 33 5
0 33 9
0 33 15
0 33 19
0 33 20
0 33 22
0 34 1
0 34 2
0 34 4
0 34 5
0 34 8
0 34 9
0 34 10
0 34 15
0 34 18
0 34 24
0 35 0
0 35 5
0 35 6
0 35 7
0 35 9
0 35 12
0 35 14
0 35 16
0 35 17
0 35 20
0 35 22
0 36 0
0 36 2
0 36 3
0 36 10
0 36 12
0 36 15
0 36 17
0 36 18
0 36 20
0 36 21
0 37 4
0 37 7
0 37 8
0 37 10
0 37 11
0 37 12
0 37 13
0 37 14
0 37 18
0 37 24
0 38 1
0 38 3
0 38 8
0 38 14
0 38 17
0 39 4
0 39 12
0 39 13
0 39 17
0 39 18
0 39 23
0 40 2
0 40 5
0 40 7
0 40 14
0 40 15
0 40 17
0 41 1
0 41 16
0 41 23
0 42 4
0 42 7
0 42 8
0 42 10
0 42 11
0 42 17
0 42 18
0 42 21
0 42 22
0 42 24
0 43 0
0 43 1
0 43 5
0 43 8
0 43 12
0 43 13
0 43 20
0 44 1
0 44 9
0 44 16
0 44 18
0 44 19
0 44 20
0 44 21
0 44 23
0 45 0
0 45 1
0 45 2
0 45 5
0 45 6
0 45 9
0 45 20
0 45 22
0 45 23
0 46 1
0 46 7
0 46 9
0 46 12
0 46 17
0 46 18
0 46 20
0 46 24
0 47 1
0 47 3
0 47 4
0 47 5
0 47 6
0 47 8
0 47 10
0 47 14
0 47 15
0 47 16
0 47 18
0 47 20
0 48 2
0 48 4
0 48 5
0 48 8
0 48 9
0 48 11
0 48 12
0 48 13
0 48 17
0 48 19
0 48 24
0 49 0
0 49 2
0 49 3
0 49 5
0 49 6
0 49 9
0 49 10
0 49 14
0 49 15
0 49 22
0 50 0
0 50 7
0 50 10
0 50 13
0 50 20
0 50 22
0 50 24
0 51 0
0 51 7
0 51 22
0 51 24
0 52 0
0 52 4
0 52 7
0 52 9
0 52 14
0 52 18
0 52 22
0 52 23
0 53 0
0 53 2
0 53 4
0 53 8
0 53 9
0 53 10
0 53 13
0 53 14
0 53 15
0 53 19
0 53 21
0 53 23
0 54 0
0 54 2
0 54 3
0 54 7
0 54 8
0 54 9
0 54 10
0 54 15
0 54 16
0 54 19
0 54 22
0 55 1
0 55 2
0 55 3
0 55 6
0 55 10
0 55 18
0 55 19
0 55 20
0 55 21
0 56 0
0 56 3
0 56 7
0 56 9
0 56 15
0 56 20
0 57 1
0 57 2
0 57 8
0 57 9
0 57 11
0 57 12
0 57 17
0 57 18
0 58 2
0 58 3
0 58 4
0 58 5
0 58 6
0 58 8
0 58 9
0 58 14
0 58 17
0 58 21
0 58 22
0 59 8
0 59 15
0 59 16
0 59 21
0 59 22
0 60 6
0 60 9
0 60 12
0 60 14
0 60 15
0 60 16
0 60 17
0 60 24
0 61 0
0 61 3
0 61 4
0 61 7
0 61 9
0 61 10
0 61 12
0 61 19
0 61 20
0 61 23
0 62 0
0 62 9
0 62 11
0 62 13
0 62 14
0 62 20
0 62 24
0 63 1
0 63 3
0 63 4
0 63 13
0 63 17
0 63 18
0 63 21
0 64 0
0 64 3
0 64 7
0 64 11
0 64 13
0 64 17
0 64 24
0 65 4
0 65 8
0 65 10
0 65 16
0 65 20
0 65 21
0 65 23
0 66 1
0 66 2
0 66 8
0 66 10
0 66 11
0 66 12
0 66 13
0 66 16
0 66 21
0 66 23
0 67 2
0 67 3
0 67 7
0 67 8
0 67 10
0 67 14
0 67 15
0 67 16
0 67 18
0 67 21
0 67 23
0 67 24
0 68 0
0 68 4
0 68 7
0 68 9
0 68 13
0 68 16
0 68 17
0 68 18
0 68 21
0 68 22
0 69 2
0 69 3
0 69 10
0 69 11
0 69 13
0 69 16
0 69 17
0 69 18
0 69 20
0 69 24
0 70 3
0 70 10
0 70 11
0 70 14
0 70 15
0 70 16
0 70 20
0 71 1
0 71 3
0 71 5
0 71 8
0 71 10
0 71 19
0 71 20
0 71 22
0 71 23
0 71 24
0 72 1
0 72 2
0 72 8
0 72 10
0 73 3
0 73 7
0 73 11
0 73 12
0 73 15
0 73 17
0 73 18
0 73 19
0 73 23
0 73 24
0 74 0
0 74 1
0 74 2
0 74 6
0 74 7
0 74 8
0 74 11
0 74 15
0 74 16
0 74 22
0 74 23
0 75 1
0 75 3
0 75 4
0 75 6
0 75 7
0 75 14
0 75 22
0 76 0
0 76 1
0 76 5
0 76 6
0 76 7
0 76 9
0 76 12
0 76 13
0 76 15
0 76 16
0 76 20
0 76 21
0 76 24
0 77 4
0 77 6
0 77 10
0 77 14
0 77 16
0 77 17
0 77 23
0 78 0
0 78 1
0 78 3
0 78 6
0 78 7
0 78 15
0 78 22
0 78 23
0 78 24
0 79 0
0 79 1
0 79 3
0 79 6
0 79 8
0 79 12
0 79 14
0 79 16
0 79 17
0 79 21
0 79 23
0 79 24
0 80 0
0 80 1
0 80 2
0 80 11
0 80 16
0 80 17
0 80 18
0 80 19
0 80 20
0 81 0
0 81 2
0 81 9
0 81 11
0 81 12
0 81 13
0 81 15
0 81 22
0 81 24
0 82 2
0 82 3
0 82 6
0 82 7
0 82 10
0 82 11
0 82 12
0 82 13
0 83 3
0 83 6
0 83 7
0 83 17
0 84 3
0 84 5
0 84 9
0 84 11
0 84 12
0 84 15
0 84 16
0 84 19
0 84 21
0 84 22
0 85 5
0 85 9
0 85 11
0 85 15
0 85 17
0 85 18
0 85 19
0 85 22
0 85 24
0 86 5
0 86 7
0 86 8
0 86 9
0 86 13
0 86 14
0 86 17
0 86 21
0 86 22
0 86 24
0 87 3
0 87 4
0 87 6
0 87 9
0 87 10
0 87 11
0 87 12
0 87 17
0 87 20
0 87 21
0 87 22
0 87 23
0 87 24
0 88 0
0 88 1
0 88 5
0 88 6
0 88 13
0 88 15
0 88 19
0 88 20
0 88 22
0 89 0
0 89 2
0 89 4
0 89 9
0 89 18
0 89 22
0 89 24
0 90 0
0 90 1
0 90 7
0 90 9
0 90 11
0 90 17
0 90 24
0 91 11
0 91 14
0 91 15
0 91 19
0 91 21
0 91 24
1 0 1
1 0 4
1 0 5
1 0 7
1 0 8
1 0 10
1 0 15
1 0 16
1 0 23
1 0 29
1 1 3
1 1 6
1 1 12
1 1 14
1 1 18
1 1 23
1 1 24
1 1 30
1 2 1
1 2 3
1 2 10
1 2 11
1 2 12
1 2 16
1 2 17
1 2 20
1 2 21
1 2 25
1 2 28
1 2 29
1 3 1
1 3 2
1 3 3
1 3 8
1 3 12
1 3 19
1 3 22
1 3 23
1 3 24
1 3 26
1 3 30
1 4 0
1 4 1
1 4 3
1 4 5
1 4 10
1 4 16
1 4 26
1 5 6
1 5 9
1 5 13
1 5 14
1 5 20
1 5 22
1 5 26
1 5 29
1 6 1
1 6 2
1 6 6
1 6 7
1 6 8
1 6 16
1 6 18
1 6 22
1 6 23
1 6 27
1 6 28
1 6 29
1 6 30
1 7 0
1 7 4
1 7 7
1 7 16
1 7 17
1 7 19
1 7 20
1 7 23
1 7 25
1 7 26
1 8 1
1 8 3
1 8 4
1 8 7
1 8 8
1 8 10
1 8 14
1 8 16
1 8 18
1 8 22
1 8 27
1 8 29
1 8 30
1 9 0
1 9 3
1 9 18
1 9 19
1 9 21
1 9 26
1 9 28
1 10 0
1 10 1
1 10 2
1 10 3
1 10 4
1 10 11
1 10 18
1 10 23
1 10 26
1 11 0
1 11 1
1 11 8
1 11 9
1 11 10
1 11 11
1 11 12
1 11 15
1 11 16
1 11 18
1 11 20
1 11 23
1 11 26
1 11 29
1 12 1
1 12 3
1 12 6
1 12 10
1 12 14
1 12 18
1 12 24
1 12 25
1 12 27
1 12 29
1 13 1
1 13 5
1 13 13
1 13 23
1 13 24
1 13 26
1 13 27
1 13 28
1 14 4
1 14 10
1 14 15
1 14 16
1 14 17
1 14 18
1 14 22
1 14 23
1 14 24
1 14 25
1 15 0
1 15 20
1 15 26
1 15 29
1 16 0
1 16 1
1 16 2
1 16 20
1 16 23
1 16 24
1 16 26
1 16 27
1 16 29
1 17 3
1 17 4
1 17 7
1 17 10
1 17 12
1 17 16
1 17 19
1 17 20
1 17 26
1 17 28
1 17 30
1 18 5
1 18 10
1 18 13
1 18 16
1 18 21
1 18 27
1 18 29
1 19 2
1 19 5
1 19 9
1 19 15
1 19 18
1 19 21
1 19 25
1 19 27
1 19 28
1 20 9
1 20 12
1 20 14
1 20 15
1 20 16
1 20 17
1 20 19
1 20 20
1 20 30
1 21 2
1 21 5
1 21 8
1 21 11
1 21 14
1 21 16
1 21 17
1 21 25
1 21 26
1 21 27
1 21 28
1 22 0
1 22 4
1 22 6
1 22 8
1 22 10
1 22 11
1 22 13
1 22 14
1 22 20
1 22 22
1 22 24
1 22 25
1 23 0
1 23 5
1 23 7
1 23 8
1 23 11
1 23 14
1 23 16
1 23 19
1 23 22
1 23 23
1 23 24
1 23 25
1 23 26
1 23 27
1 24 8
1 24 19
1 24 20
1 24 22
1 24 25
1 24 26
2 0 0
2 0 1
2 0 3
2 0 5
2 0 10
2 0 17
2 0 18
2 0 19
2 1 1
2 1 2
2 1 3
2 1 7
2 1 14
2 1 15
2 1 17
2 1 18
2 2 1
2 2 9
2 2 16
2 2 17
2 2 19
2 3 2
2 3 5
2 3 6
2 3 9
2 3 14
2 3 16
2 4 1
2 4 2
2 4 4
2 4 6
2 4 8
2 4 9
2 4 10
2 4 11
2 4 17
2 5 0
2 5 6
2 5 7
2 5 13
2 5 15
2 5 17
2 5 18
2 6 0
2 6 1
2 6 8
2 6 12
2 6 15
2 6 16
2 7 0
2 7 2
2 7 5
2 7 6
2 7 7
2 7 11
2 7 12
2 8 0
2 8 5
2 8 12
2 9 0
2 9 7
2 9 13
2 9 14
2 9 16
2 10 0
2 10 4
2 10 9
2 10 10
2 10 11
2 10 15
2 11 4
2 11 11
2 11 12
2 11 16
2 11 17
2 12 3
2 12 5
2 12 8
2 12 9
2 12 12
2 12 15
2 12 19
2 13 1
2 13 3
2 13 7
2 13 8
2 13 10
2 13 12
2 13 13
2 13 16
2 13 18
2 14 1
2 14 4
2 14 5
2 14 7
2 14 9
2 14 18
2 15 1
2 15 5
2 15 8
2 15 14
2 15 17
2 16 2
2 16 10
2 16 12
2 16 13
2 16 19
2 17 0
2 17 10
2 17 12
2 17 13
2 17 17
2 17 19
2 18 3
2 18 5
2 18 7
2 18 10
2 18 15
2 18 17
2 18 18
2 19 0
2 19 1
2 19 2
2 19 4
2 19 5
2 19 8
2 19 13
2 19 15
2 19 16
2 20 0
2 20 2
2 20 3
2 20 4
2 21 2
2 21 3
2 21 4
2 21 9
2 21 11
2 21 13
2 21 14
2 22 0
2 22 5
2 22 8
2 22 11
2 22 12
2 22 15
2 22 16
2 22 19
2 23 3
2 23 7
2 23 11
2 23 18
2 24 3
2 24 6
2 24 9
2 24 10
2 24 17
2 24 19
2 25 3
2 25 5
2 25 6
2 25 9
2 25 10
2 25 12
2 25 13
2 25 15
2 25 17
2 25 19
2 26 2
2 26 6
2 26 7
2 26 10
2 26 15
2 26 18
2 27 0
2 27 1
2 27 4
2 27 7
2 27 9
2 27 10
2 27 14
2 27 15
2 27 17
2 28 1
2 28 2
2 28 3
2 28 4
2 28 9
2 28 15
2 29 2
2 29 4
2 29 6
2 29 17
2 29 18
2 29 19
2 30 6
2 30 8
2 30 16
2 30 17
3 0 5
3 0 9
3 0 10
3 1 2
3 1 6
3 1 7
3 1 8
3 1 11
3 2 1
3 2 5
3 2 6
3 2 11
3 3 0
3 3 4
3 3 8
3 3 11
3 4 0
3 4 1
3 4 2
3 4 3
3 4 4
3 4 5
3 4 6
3 4 7
3 4 10
3 5 0
3 5 1
3 5 2
3 5 7
3 5 9
3 5 12
3 6 3
3 6 9
3 7 5
3 7 8
3 7 9
3 7 12
3 8 0
3 8 9
3 8 11
3 9 2
3 9 7
3 9 8
3 9 9
3 9 10
3 9 12
3 10 0
3 10 1
3 10 2
3 10 7
3 10 9
3 10 11
3 11 0
3 11 4
3 11 8
3 12 1
3 12 3
3 12 4
3 12 5
3 12 6
3 12 12
3 13 0
3 13 5
3 13 7
3 13 10
3 13 11
3 14 0
3 14 1
3 14 3
3 14 4
3 14 5
3 14 7
3 14 10
3 15 1
3 15 4
3 15 6
3 16 3
3 16 5
3 16 6
3 16 7
3 16 11
3 17 1
3 17 3
3 17 5
3 17 7
3 17 8
3 18 0
3 18 6
3 19 3
3 19 5
3 19 7
3 19 10
3 19 11
4 0 1
4 0 4
4 0 5
4 0 6
4 0 14
4 0 16
4 0 17
4 0 23
4 0 27
4 0 29
4 0 30
4 0 32
4 0 34
4 0 37
4 0 43
4 0 44
4 0 46
4 0 51
4 0 52
4 0 55
4 0 56
4 0 57
4 1 3
4 1 10
4 1 14
4 1 16
4 1 17
4 1 21
4 1 22
4 1 23
4 1 25
4 1 26
4 1 30
4 1 31
4 1 32
4 1 33
4 1 35
4 1 36
4 1 37
4 1 39
4 1 40
4 1 41
4 1 43
4 1 46
4 1 47
4 1 49
4 1 54
4 1 55
4 1 57
4 1 58
4 2 3
4 2 9
4 2 10
4 2 14
4 2 15
4 2 17
4 2 23
4 2 24
4 2 28
4 2 30
4 2 43
4 2 54
4 3 5
4 3 9
4 3 10
4 3 13
4 3 14
4 3 17
4 3 20
4 3 21
4 3 28
4 3 32
4 3 34
4 3 35
4 3 39
4 3 46
4 3 47
4 3 48
4 3 50
4 3 52
4 3 54
4 3 55
4 3 57
4 3 58
4 4 0
4 4 2
4 4 7
4 4 16
4 4 18
4 4 19
4 4 21
4 4 22
4 4 23
4 4 24
4 4 25
4 4 27
4 4 30
4 4 31
4 4 32
4 4 36
4 4 39
4 4 44
4 4 46
4 4 49
4 5 5
4 5 6
4 5 9
4 5 10
4 5 11
4 5 16
4 5 17
4 5 18
4 5 20
4 5 21
4 5 22
4 5 23
4 5 25
4 5 27
4 5 28
4 5 29
4 5 30
4 5 32
4 5 37
4 5 40
4 5 44
4 5 46
4 5 47
4 5 49
4 5 51
4 5 52
4 5 53
4 5 55
4 5 56
4 5 57
4 5 58
4 6 1
4 6 8
4 6 12
4 6 13
4 6 17
4 6 19
4 6 21
4 6 22
4 6 23
4 6 29
4 6 35
4 6 36
4 6 38
4 6 48
4 6 52
4 6 53
4 7 4
4 7 9
4 7 10
4 7 11
4 7 13
4 7 16
4 7 21
4 7 22
4 7 24
4 7 29
4 7 36
4 7 43
4 7 46
4 7 49
4 7 50
4 7 54
4 7 56
4 7 58
4 8 4
4 8 7
4 8 8
4 8 11
4 8 15
4 8 16
4 8 22
4 8 24
4 8 29
4 8 35
4 8 36
4 8 37
4 8 39
4 8 42
4 8 44
4 8 45
4 8 49
4 8 51
4 8 52
4 8 53
4 8 55
4 8 57
4 8 58
4 9 0
4 9 1
4 9 4
4 9 6
4 9 8
4 9 10
4 9 11
4 9 13
4 9 18
4 9 21
4 9 24
4 9 25
4 9 28
4 9 30
4 9 33
4 9 39
4 9 40
4 9 42
4 9 43
4 9 44
4 9 46
4 9 48
4 9 50
4 9 51
4 9 55
4 9 57
4 10 1
4 10 4
4 10 5
4 10 6
4 10 9
4 10 13
4 10 14
4 10 15
4 10 17
4 10 18
4 10 20
4 10 24
4 10 25
4 10 30
4 10 36
4 10 39
4 10 40
4 10 52
4 10 53
4 10 58
4 11 1
4 11 3
4 11 4
4 11 6
4 11 7
4 11 10
4 11 15
4 11 16
4 11 17
4 11 18
4 11 22
4 11 23
4 11 26
4 11 29
4 11 33
4 11 35
4 11 45
4 11 47
4 11 53
4 11 54
4 12 0
4 12 1
4 12 3
4 12 4
4 12 5
4 12 7
4 12 12
4 12 16
4 12 17
4 12 21
4 12 27
4 12 28
4 12 34
4 12 36
4 12 37
4 12 38
4 12 43
4 12 45
4 12 49
4 12 51
4 12 53