901
6
22 22 19 80 44 53
1901

789 740 0 0 987 0 0 0 291 0 0 580 312 0 829 0 0 510 508 0 478 0
425 0 734 0 0 893 75 0 712 567 0 0 0 750 0 964 0 609 0 752 0 928
964 218 0 0 869 0 914 0 801 0 377 995 0 0 0 0 579 494 274
729 0 0 0 0 521 0 0 702 421 0 0 0 977 0 0 0 0 0 921 0 0 0 311 79 400 534 0 0 261 0 61 203 0 510 0 0 0 0 0 0 0 612 0 251 0 0 0 749 0 0 0 828 396 0 0 318 364 109 0 587 249 0 0 0 604 0 0 0 0 0 0 870 0 0 360 0 229 0 0
0 0 135 0 0 637 0 0 0 0 0 0 0 43 741 0 0 116 0 0 0 0 0 0 345 0 0 0 586 0 603 0 0 0 0 966 0 246 0 146 0 0 0 0
0 46 0 0 793 221 881 175 0 504 688 0 272 0 0 198 938 0 0 0 0 265 790 457 0 0 0 0 412 944 0 0 718 505 281 0 486 991 249 0 979 0 0 521 0 0 0 3 0 475 0 0 0

0 0 1
0 0 9
0 0 16
0 1 3
0 1 11
0 1 14
0 1 15
0 2 3
0 2 4
0 2 8
0 2 9
0 2 10
0 2 15
0 2 17
0 3 1
0 3 7
0 3 13
0 3 17
0 3 18
0 4 0
0 4 4
0 4 8
0 4 10
0 4 19
0 4 21
0 5 2
0 5 7
0 5 13
0 5 15
0 5 16
0 5 19
0 6 4
0 6 8
0 6 10
0 6 13
0 6 19
0 6 21
0 7 10
0 7 14
0 7 15
0 8 2
0 8 5
0 8 6
0 8 9
0 8 17
0 8 19
0 9 0
0 9 5
0 9 10
0 9 11
0 9 19
0 10 2
0 10 3
0 10 6
0 10 7
0 10 8
0 10 9
0 10 11
0 10 13
0 10 15
0 10 16
0 10 18
0 10 20
0 10 21
0 11 0
0 11 18
0 12 4
0 12 8
0 12 18
0 13 0
0 13 3
0 13 4
0 13 5
0 13 17
0 13 19
0 14 4
0 14 10
0 14 11
0 14 12
0 15 0
0 15 1
0 15 3
0 15 10
0 15 12
0 15 16
0 15 18
0 15 19
0 15 20
0 16 2
0 16 14
0 16 21
0 17 0
0 17 11
0 18 6
0 18 12
0 18 13
0 18 20
0 19 0
0 19 5
0 19 9
0 19 13
0 19 15
0 19 17
0 20 3
0 20 13
0 20 15
0 20 20
0 21 2
0 21 4
0 21 6
0 21 9
0 21 18
1 0 7
1 0 9
1 0 11
1 0 13
1 0 15
1 1 5
1 1 9
1 1 11
1 1 16
1 2 4
1 2 7
1 2 12
1 2 16
1 3 3
1 3 12
1 3 14
1 3 15
1 4 0
1 4 2
1 4 3
1 4 5
1 4 9
1 4 17
1 5 3
1 5 5
1 5 6
1 5 8
1 5 9
1 5 12
1 6 1
1 6 11
1 6 14
1 7 0
1 7 14
1 7 16
1 7 17
1 7 18
1 8 9
1 8 10
1 9 3
1 9 7
1 9 10
1 9 13
1 10 3
1 10 12
1 10 15
1 11 5
1 11 6
1 11 7
1 11 8
1 11 12
1 11 16
1 12 0
1 12 12
1 12 14
1 12 17
1 12 18
1 13 1
1 13 5
1 13 7
1 13 8
1 13 9
1 13 10
1 13 14
1 13 17
1 14 1
1 14 2
1 14 3
1 14 5
1 14 7
1 14 16
1 14 17
1 14 18
1 15 0
1 15 7
1 15 16
1 16 5
1 16 9
1 16 15
1 17 1
1 17 4
1 17 8
1 17 10
1 17 16
1 17 17
1 18 1
1 18 3
1 18 4
1 18 5
1 18 6
1 18 7
1 18 9
1 18 11
1 18 15
1 18 16
1 19 2
1 19 15
1 20 14
1 20 17
1 21 3
1 21 4
1 21 7
1 21 10
1 21 15
2 0 1
2 0 3
2 0 11
2 0 15
2 0 18
2 0 19
2 0 20
2 0 21
2 0 24
2 0 25
2 0 35
2 0 47
2 0 60
2 0 66
2 0 71
2 0 73
2 0 74
2 0 76
2 0 77
2 0 79
2 1 1
2 1 9
2 1 10
2 1 12
2 1 14
2 1 22
2 1 27
2 1 28
2 1 36
2 1 39
2 1 40
2 1 55
2 1 56
2 1 63
2 1 65
2 1 71
2 1 72
2 1 75
2 2 10
2 2 11
2 2 14
2 2 21
2 2 24
2 2 26
2 2 28
2 2 34
2 2 35
2 2 37
2 2 40
2 2 44
2 2 48
2 2 53
2 2 55
2 2 60
2 2 66
2 2 79
2 3 1
2 3 4
2 3 5
2 3 6
2 3 8
2 3 9
2 3 16
2 3 23
2 3 27
2 3 29
2 3 34
2 3 47
2 3 52
2 3 54
2 3 61
2 3 64
2 3 77
2 3 79
2 4 0
2 4 4
2 4 8
2 4 10
2 4 12
2 4 15
2 4 21
2 4 22
2 4 30
2 4 31
2 4 35
2 4 36
2 4 49
2 4 51
2 4 54
2 4 65
2 4 66
2 4 67
2 4 68
2 4 69
2 4 71
2 4 74
2 5 0
2 5 19
2 5 23
2 5 24
2 5 25
2 5 28
2 5 29
2 5 31
2 5 39
2 5 47
2 5 48
2 5 52
2 5 56
2 5 59
2 5 74
2 5 76
2 5 77
2 6 5
2 6 11
2 6 12
2 6 18
2 6 24
2 6 28
2 6 30
2 6 46
2 6 50
2 6 59
2 6 62
2 6 67
2 6 68
2 6 72
2 7 3
2 7 6
2 7 8
2 7 10
2 7 13
2 7 22
2 7 25
2 7 29
2 7 43
2 7 44
2 7 45
2 7 48
2 7 49
2 7 50
2 7 52
2 7 53
2 7 71
2 7 72
2 7 73
2 7 76
2 7 79
2 8 8
2 8 14
2 8 18
2 8 22
2 8 26
2 8 36
2 8 38
2 8 40
2 8 42
2 8 49
2 8 51
2 8 57
2 8 58
2 8 60
2 8 61
2 8 70
2 8 74
2 9 11
2 9 12
2 9 21
2 9 27
2 9 30
2 9 34
2 9 36
2 9 43
2 9 44
2 9 47
2 9 51
2 9 55
2 9 62
2 9 63
2 9 71
2 9 74
2 10 4
2 10 22
2 10 24
2 10 32
2 10 38
2 10 42
2 10 44
2 10 55
2 10 57
2 10 62
2 10 63
2 10 66
2 10 69
2 10 70
2 10 71
2 10 72
2 10 74
2 10 77
2 11 2
2 11 10
2 11 13
2 11 31
2 11 32
2 11 34
2 11 35
2 11 40
2 11 46
2 11 50
2 11 59
2 11 60
2 11 63
2 11 70
2 11 74
2 11 76
2 12 1
2 12 5
2 12 13
2 12 25
2 12 32
2 12 52
2 12 61
2 12 64
2 12 65
2 12 68
2 12 69
2 12 70
2 12 72
2 12 73
2 12 76
2 13 1
2 13 20
2 13 47
2 13 50
2 13 60
2 13 61
2 13 65
2 13 66
2 13 67
2 13 78
2 14 2
2 14 3
2 14 4
2 14 24
2 14 36
2 14 37
2 14 39
2 14 40
2 14 41
2 14 47
2 14 48
2 14 51
2 14 54
2 14 56
2 14 57
2 14 59
2 14 62
2 14 63
2 14 64
2 14 71
2 14 76
2 14 77
2 15 1
2 15 7
2 15 13
2 15 15
2 15 23
2 15 35
2 15 41
2 15 43
2 15 47
2 15 51
2 15 56
2 15 57
2 15 59
2 15 62
2 15 64
2 15 69
2 15 70
2 15 75
2 15 77
2 15 78
2 16 6
2 16 8
2 16 11
2 16 14
2 16 15
2 16 16
2 16 22
2 16 26
2 16 27
2 16 41
2 16 49
2 16 50
2 16 57
2 16 58
2 16 62
2 16 63
2 16 73
2 16 78
2 16 79
2 17 2
2 17 6
2 17 11
2 17 13
2 17 14
2 17 15
2 17 24
2 17 25
2 17 28
2 17 32
2 17 41
2 17 42
2 17 43
2 17 45
2 17 49
2 17 60
2 17 61
2 17 63
2 17 70
2 18 2
2 18 9
2 18 13
2 18 25
2 18 26
2 18 29
2 18 31
2 18 32
2 18 42
2 18 47
2 18 49
2 18 58
2 18 59
2 18 63
2 18 65
2 18 67
2 18 70
2 18 74
2 18 76
2 18 77
3 0 0
3 0 2
3 0 3
3 0 11
3 0 12
3 0 15
3 0 16
3 0 18
3 0 20
3 0 21
3 0 24
3 0 30
3 0 39
3 0 41
3 1 2
3 1 5
3 1 8
3 1 12
3 1 17
3 1 20
3 1 24
3 1 25
3 1 29
3 1 39
3 1 43
3 2 3
3 2 4
3 2 6
3 2 8
3 2 9
3 2 11
3 2 12
3 2 14
3 2 20
3 2 29
3 2 31
3 2 33
3 3 7
3 3 12
3 3 20
3 3 21
3 3 24
3 3 26
3 3 30
3 3 34
3 3 35
3 3 42
3 3 43
3 4 13
3 4 16
3 4 27
3 4 28
3 4 35
3 4 36
3 4 42
3 5 2
3 5 4
3 5 9
3 5 14
3 5 15
3 5 16
3 5 17
3 5 19
3 5 23
3 5 24
3 5 27
3 5 35
3 5 36
3 5 42
3 6 4
3 6 7
3 6 14
3 6 15
3 6 24
3 6 26
3 6 29
3 6 30
3 6 34
3 6 36
3 6 39
3 7 0
3 7 8
3 7 10
3 7 11
3 7 12
3 7 13
3 7 16
3 7 18
3 7 19
3 7 20
3 7 21
3 7 22
3 7 26
3 7 30
3 7 36
3 7 38
3 7 39
3 7 40
3 7 42
3 7 43
3 8 2
3 8 6
3 8 9
3 8 10
3 8 14
3 8 20
3 8 21
3 8 24
3 8 28
3 8 35
3 8 41
3 9 2
3 9 7
3 9 9
3 9 10
3 9 16
3 9 21
3 9 30
3 9 37
3 9 38
3 10 5
3 10 11
3 10 12
3 10 16
3 10 19
3 10 23
3 10 29
3 10 34
3 10 35
3 10 40
3 11 0
3 11 6
3 11 9
3 11 11
3 11 15
3 11 20
3 11 31
3 11 32
3 11 33
3 11 34
3 11 39
3 11 43
3 12 1
3 12 19
3 12 20
3 12 22
3 12 27
3 12 32
3 12 37
3 12 40
3 13 12
3 13 14
3 13 17
3 13 25
3 13 28
3 13 30
3 13 35
3 13 37
3 13 39
3 13 40
3 13 43
3 14 1
3 14 2
3 14 3
3 14 9
3 14 13
3 14 15
3 14 19
3 14 21
3 14 37
3 15 1
3 15 13
3 15 17
3 15 27
3 15 30
3 15 32
3 15 33
3 15 41
3 16 2
3 16 8
3 16 9
3 16 27
3 16 28
3 16 29
3 16 35
3 16 42
3 16 43
3 17 0
3 17 5
3 17 8
3 17 9
3 17 10
3 17 14
3 17 18
3 17 21
3 17 22
3 17 25
3 17 35
3 17 40
3 18 0
3 18 1
3 18 8
3 18 15
3 18 19
3 18 22
3 18 24
3 18 25
3 18 27
3 18 30
3 18 35
3 18 37
3 18 39
3 19 1
3 19 10
3 19 22
3 19 24
3 19 26
3 19 27
3 19 29
3 19 32
3 19 35
3 19 40
3 20 1
3 20 13
3 20 26
3 20 27
3 20 28
3 20 36
3 21 3
3 21 5
3 21 8
3 21 27
3 21 29
3 21 35
3 21 36
3 21 38
3 22 0
3 22 13
3 22 15
3 22 20
3 22 23
3 22 25
3 22 26
3 22 28
3 22 30
3 22 31
3 22 35
3 22 40
3 22 43
3 23 2
3 23 6
3 23 7
3 23 10
3 23 12
3 23 18
3 23 19
3 23 20
3 23 28
3 23 30
3 23 36
3 23 41
3 23 42
3 24 3
3 24 4
3 24 6
3 24 7
3 24 12
3 24 16
3 24 24
3 24 29
3 24 39
3 24 40
3 24 41
3 25 10
3 25 12
3 25 22
3 25 27
3 25 28
3 25 30
3 25 36
3 25 37
3 25 40
3 26 3
3 26 7
3 26 20
3 26 25
3 26 28
3 26 40
3 26 43
3 27 1
3 27 3
3 27 6
3 27 7
3 27 16
3 27 18
3 27 27
3 27 28
3 27 29
3 27 40
3 28 0
3 28 10
3 28 11
3 28 19
3 28 21
3 28 22
3 28 24
3 28 25
3 28 29
3 28 31
3 28 33
3 28 35
3 28 37
3 28 39
3 28 41
3 29 2
3 29 6
3 29 7
3 29 8
3 29 20
3 29 22
3 29 24
3 29 25
3 29 27
3 29 29
3 29 31
3 29 32
3 29 41
3 29 42
3 30 0
3 30 2
3 30 7
3 30 9
3 30 15
3 30 17
3 30 19
3 30 20
3 30 21
3 30 22
3 30 27
3 30 29
3 30 31
3 30 34
3 30 38
3 31 2
3 31 5
3 31 7
3 31 18
3 31 19
3 31 27
3 31 31
3 31 36
3 31 38
3 31 39
3 31 40
3 31 43
3 32 0
3 32 5
3 32 6
3 32 12
3 32 14
3 32 24
3 32 29
3 32 35
3 32 39
3 33 3
3 33 4
3 33 8
3 33 25
3 33 34
3 33 35
3 33 41
3 33 43
3 34 1
3 34 12
3 34 20
3 34 21
3 34 22
3 34 23
3 34 24
3 34 26
3 34 28
3 34 29
3 34 31
3 34 32
3 34 37
3 34 39
3 34 42
3 35 3
3 35 7
3 35 8
3 35 12
3 35 14
3 35 15
3 35 19
3 35 21
3 35 24
3 35 25
3 35 29
3 35 36
3 35 42
3 36 4
3 36 14
3 36 24
3 36 31
3 36 32
3 36 35
3 36 38
3 36 40
3 37 5
3 37 13
3 37 15
3 37 20
3 37 22
3 37 34
3 38 1
3 38 6
3 38 16
3 38 22
3 38 31
3 38 33
3 38 36
3 38 37
3 38 39
3 38 43
3 39 11
3 39 24
3 39 26
3 39 29
3 39 30
3 39 31
3 39 33
3 40 5
3 40 8
3 40 14
3 40 24
3 40 32
3 40 39
3 40 41
3 41 4
3 41 5
3 41 20
3 41 23
3 41 31
3 41 34
3 41 43
3 42 1
3 42 12
3 42 15
3 42 27
3 42 33
3 42 40
3 42 42
3 42 43
3 43 14
3 43 20
3 43 22
3 43 25
3 43 27
3 43 28
3 43 36
3 44 4
3 44 5
3 44 7
3 44 19
3 44 23
3 44 24
3 44 32
3 44 34
3 44 37
3 44 38
3 44 41
3 45 0
3 45 1
3 45 7
3 45 8
3 45 12
3 45 13
3 45 15
3 45 28
3 45 35
3 45 37
3 45 39
3 46 8
3 46 10
3 46 13
3 46 19
3 46 35
3 46 43
3 47 1
3 47 2
3 47 4
3 47 5
3 47 6
3 47 8
3 47 19
3 47 23
3 47 36
3 47 38
3 47 41
3 48 8
3 48 9
3 48 12
3 48 23
3 48 28
3 48 41
3 49 4
3 49 7
3 49 12
3 49 14
3 49 15
3 49 16
3 49 19
3 49 21
3 49 26
3 49 27
3 49 31
3 49 37
3 49 39
3 50 4
3 50 6
3 50 7
3 50 10
3 50 25
3 50 29
3 50 40
3 50 41
3 50 42
3 51 3
3 51 7
3 51 10
3 51 13
3 51 17
3 51 31
3 52 4
3 52 11
3 52 12
3 52 14
3 52 15
3 52 17
3 52 21
3 52 23
3 52 30
3 52 33
3 52 34
3 52 42
3 53 6
3 53 7
3 53 8
3 53 13
3 53 14
3 53 15
3 53 16
3 53 17
3 53 28
3 54 0
3 54 22
3 54 23
3 54 24
3 54 35
3 54 40
3 54 41
3 54 43
3 55 0
3 55 4
3 55 7
3 55 14
3 55 26
3 55 27
3 55 38
3 56 3
3 56 4
3 56 5
3 56 10
3 56 11
3 56 19
3 56 22
3 56 23
3 56 25
3 56 31
3 56 32
3 56 34
3 56 35
3 56 38
3 56 41
3 57 5
3 57 8
3 57 15
3 57 16
3 57 22
3 57 26
3 57 29
3 58 11
3 58 15
3 58 21
3 58 23
3 58 24
3 58 30
3 58 33
3 58 34
3 58 36
3 58 39
3 58 43
3 59 0
3 59 1
3 59 3
3 59 4
3 59 5
3 59 7
3 59 9
3 59 10
3 59 11
3 59 19
3 59 25
3 59 30
3 59 32
3 59 41
3 60 3
3 60 13
3 60 21
3 60 31
3 60 34
3 60 37
3 60 39
3 61 0
3 61 15
3 61 23
3 61 24
3 61 27
3 61 29
3 61 30
3 61 31
3 61 37
3 61 42
3 62 0
3 62 3
3 62 8
3 62 10
3 62 21
3 62 25
3 62 26
3 62 27
3 62 29
3 62 38
3 63 2
3 63 9
3 63 10
3 63 12
3 63 15
3 63 20
3 63 22
3 63 24
3 63 32
3 63 35
3 63 43
3 64 2
3 64 5
3 64 13
3 64 17
3 64 21
3 64 24
3 64 32
3 64 33
3 64 35
3 64 36
3 64 37
3 65 10
3 65 15
3 65 16
3 65 21
3 65 23
3 65 24
3 65 27
3 65 37
3 66 1
3 66 3
3 66 10
3 66 12
3 66 13
3 66 26
3 66 34
3 66 38
3 66 39
3 66 41
3 66 43
3 67 5
3 67 7
3 67 8
3 67 9
3 67 19
3 67 28
3 67 30
3 67 32
3 67 38
3 68 0
3 68 1
3 68 10
3 68 14
3 68 18
3 68 19
3 68 26
3 68 34
3 69 9
3 69 14
3 69 23
3 69 25
3 69 26
3 69 32
3 69 36
3 69 38
3 70 0
3 70 2
3 70 4
3 70 6
3 70 7
3 70 9
3 70 14
3 70 16
3 70 17
3 70 19
3 70 20
3 70 22
3 70 33
3 70 37
3 70 42
3 71 4
3 71 8
3 71 24
3 71 26
3 71 33
3 71 36
3 71 38
3 71 39
3 71 41
3 72 14
3 72 16
3 72 17
3 72 33
3 73 2
3 73 5
3 73 8
3 73 20
3 73 22
3 73 26
3 73 27
3 73 31
3 73 32
3 73 42
3 74 1
3 74 5
3 74 14
3 74 19
3 74 21
3 74 25
3 74 38
3 75 1
3 75 6
3 75 7
3 75 14
3 75 20
3 75 37
3 75 42
3 75 43
3 76 3
3 76 5
3 76 8
3 76 9
3 76 11
3 76 18
3 76 19
3 76 22
3 76 23
3 76 29
3 76 30
3 76 39
3 77 6
3 77 14
3 77 15
3 77 16
3 77 19
3 77 21
3 77 23
3 77 24
3 77 28
3 77 38
3 77 39
3 77 41
3 77 42
3 77 43
3 78 0
3 78 4
3 78 15
3 78 19
3 78 21
3 78 24
3 78 28
3 78 32
3 78 36
3 78 38
3 78 39
3 78 42
3 79 3
3 79 6
3 79 9
3 79 17
3 79 19
3 79 21
3 79 22
3 79 34
3 79 36
3 79 38
4 0 0
4 0 5
4 0 7
4 0 10
4 0 14
4 0 18
4 0 21
4 0 22
4 0 25
4 0 28
4 0 30
4 0 34
4 0 41
4 0 43
4 0 49
4 1 7
4 1 19
4 1 26
4 1 30
4 1 31
4 1 41
4 1 42
4 1 50
4 1 51
4 2 16
4 2 31
4 2 33
4 2 34
4 2 39
4 2 41
4 2 44
4 2 49
4 2 51
4 3 0
4 3 3
4 3 4
4 3 8
4 3 13
4 3 22
4 3 28
4 3 32
4 3 34
4 3 37
4 3 39
4 3 52
4 4 0
4 4 1
4 4 3
4 4 4
4 4 6
4 4 8
4 4 10
4 4 12
4 4 13
4 4 17
4 4 18
4 4 22
4 4 28
4 4 31
4 4 32
4 4 35
4 4 38
4 4 39
4 4 42
4 4 49
4 4 51
4 4 52
4 5 3
4 5 10
4 5 18
4 5 19
4 5 21
4 5 26
4 5 30
4 5 34
4 5 35
4 5 41
4 5 42
4 5 43
4 5 45
4 5 50
4 5 52
4 6 1
4 6 19
4 6 21
4 6 23
4 6 26
4 6 32
4 6 47
4 6 49
4 6 52
4 7 2
4 7 10
4 7 16
4 7 18
4 7 19
4 7 22
4 7 25
4 7 28
4 7 35
4 7 38
4 7 40
4 7 48
4 7 49
4 7 52
4 8 0
4 8 8
4 8 9
4 8 19
4 8 23
4 8 25
4 8 30
4 8 38
4 8 39
4 8 40
4 8 41
4 8 42
4 8 43
4 8 44
4 8 49
4 8 50
4 9 1
4 9 2
4 9 4
4 9 11
4 9 12
4 9 15
4 9 20
4 9 21
4 9 27
4 9 30
4 9 32
4 9 38
4 9 47
4 9 51
4 10 2
4 10 3
4 10 10
4 10 15
4 10 16
4 10 18
4 10 30
4 10 36
4 10 48
4 10 52
4 11 3
4 11 4
4 11 5
4 11 11
4 11 23
4 11 25
4 11 29
4 11 36
4 11 41
4 11 43
4 11 45
4 11 48
4 12 1
4 12 4
4 12 11
4 12 12
4 12 18
4 12 29
4 12 30
4 12 31
4 12 34
4 12 36
4 12 38
4 12 43
4 12 48
4 12 49
4 13 4
4 13 5
4 13 8
4 13 11
4 13 12
4 13 13
4 13 24
4 13 26
4 13 32
4 13 35
4 13 44
4 13 49
4 14 1
4 14 15
4 14 21
4 14 23
4 14 28
4 14 32
4 14 33
4 14 38
4 14 39
4 14 40
4 14 42
4 14 43
4 14 47
4 14 48
4 15 4
4 15 16
4 15 20
4 15 21
4 15 25
4 15 28
4 15 30
4 15 31
4 15 32
4 15 34
4 15 37
4 15 39
4 15 46
4 15 48
4 15 50
4 16 0
4 16 7
4 16 11
4 16 32
4 16 34
4 16 46
4 16 52
4 17 2
4 17 4
4 17 10
4 17 11
4 17 18
4 17 20
4 17 23
4 17 28
4 17 29
4 17 30
4 17 38
4 17 39
4 17 40
4 17 43
4 17 49
4 17 50
4 18 4
4 18 6
4 18 15
4 18 22
4 18 26
4 18 32
4 18 36
4 19 0
4 19 10
4 19 13
4 19 18
4 19 20
4 19 21
4 19 29
4 19 31
4 19 32
4 19 36
4 19 38
4 19 39
4 19 40
4 19 42
4 19 46
4 19 48
4 19 49
4 19 52
4 20 1
4 20 14
4 20 24
4 20 25
4 20 27
4 20 35
4 20 44
4 20 45
4 20 50
4 21 10
4 21 11
4 21 12
4 21 19
4 21 29
4 21 36
4 21 39
4 21 43
4 21 46
4 21 50
4 22 2
4 22 8
4 22 9
4 22 28
4 22 31
4 22 33
4 22 41
4 22 49
4 23 13
4 23 19
4 23 27
4 23 31
4 23 36
4 23 49
4 24 8
4 24 10
4 24 11
4 24 16
4 24 17
4 24 26
4 24 28
4 24 32
4 24 40
4 24 41
4 24 43
4 24 46
4 24 47
4 24 48
4 25 0
4 25 6
4 25 7
4 25 8
4 25 9
4 25 12
4 25 13
4 25 16
4 25 26
4 25 28
4 25 33
4 25 35
4 25 46
4 26 0
4 26 13
4 26 16
4 26 18
4 26 19
4 26 21
4 26 30
4 26 33
4 26 40
4 26 45
4 26 46
4 26 48
4 26 52
4 27 11
4 27 12
4 27 40
4 27 41
4 28 0
4 28 4
4 28 7
4 28 8
4 28 9
4 28 14
4 28 16
4 28 21
4 28 22
4 28 26
4 28 27
4 28 32
4 28 35
4 28 38
4 28 41
4 28 43
4 28 45
4 28 51
4 29 0
4 29 6
4 29 7
4 29 19
4 29 35
4 29 45
4 29 47
4 29 50
4 29 51
4 30 0
4 30 4
4 30 8
4 30 13
4 30 14
4 30 19
4 30 24
4 30 25
4 30 29
4 30 30
4 30 31
4 30 35
4 30 37
4 30 39
4 30 40
4 30 42
4 30 48
4 30 51
4 31 2
4 31 3
4 31 8
4 31 15
4 31 20
4 31 21
4 31 28
4 31 30
4 31 33
4 31 36
4 31 37
4 31 40
4 31 45
4 31 47
4 31 52
4 32 14
4 32 18
4 32 35
4 32 42
4 32 45
4 32 52
4 33 3
4 33 7
4 33 12
4 33 13
4 33 20
4 33 33
4 33 34
4 33 38
4 33 40
4 33 43
4 33 44
4 33 51
4 34 3
4 34 8
4 34 9
4 34 14
4 34 17
4 34 24
4 34 27
4 34 34
4 34 36
4 34 40
4 34 42
4 34 43
4 35 2
4 35 7
4 35 10
4 35 12
4 35 15
4 35 16
4 35 20
4 35 22
4 35 27
4 35 33
4 35 40
4 35 48
4 35 49
4 36 5
4 36 12
4 36 19
4 36 21
4 36 22
4 36 26
4 36 28
4 36 31
4 36 38
4 36 46
4 36 52
4 37 5
4 37 7
4 37 16
4 37 28
4 37 37
4 37 47
4 37 49
4 37 50
4 38 2
4 38 6
4 38 14
4 38 15
4 38 16
4 38 17
4 38 20
4 38 22
4 38 23
4 38 28
4 38 31
4 38 33
4 38 34
4 38 40
4 38 43
4 38 45
4 38 46
4 38 52
4 39 5
4 39 19
4 39 25
4 39 31
4 39 32
4 39 33
4 39 34
4 39 37
4 39 39
4 39 47
4 39 51
4 40 3
4 40 13
4 40 15
4 40 22
4 40 23
4 40 24
4 40 25
4 40 26
4 40 33
4 40 38
4 40 40
4 40 44
4 41 0
4 41 1
4 41 8
4 41 9
4 41 11
4 41 17
4 41 30
4 41 32
4 41 45
4 41 47
4 41 51
4 42 7
4 42 8
4 42 12
4 42 13
4 42 14
4 42 24
4 42 29
4 42 37
4 42 42
4 42 52
4 43 0
4 43 2
4 43 6
4 43 7
4 43 16
4 43 20
4 43 25
4 43 30
4 43 31
4 43 36
4 43 39
4 43 41
4 43 43
4 43 48