190
6
126 14 23 11 41 25
2431

620 0 0 0 429 120 948 610 643 0 886 57 0 0 84 453 105 88 0 0 0 0 0 382 0 751 176 857 697 124 0 0 0 182 275 731 0 688 903 22 458 901 0 0 590 293 308 177 0 0 0 0 529 0 0 134 328 0 445 410 887 0 0 0 198 621 902 0 0 565 713 955 0 765 0 606 969 907 656 373 0 0 0 0 0 0 0 339 515 0 0 200 0 228 0 0 471 433 0 961 867 760 370 0 0 423 0 786 48 631 779 701 0 0 722 506 267 48 543 428 0 0 0 108 326 0
687 79 353 0 640 389 0 0 0 719 133 0 367 910
986 0 0 0 345 0 0 0 383 59 518 635 0 512 287 0 0 0 0 0 148 159 435
0 0 0 940 0 0 259 0 919 0 408
0 918 512 945 663 630 0 0 0 0 889 978 474 0 0 354 0 0 0 685 0 558 713 0 0 0 0 0 720 0 0 876 367 0 0 518 265 0 0 0 490
961 0 91 0 0 384 0 78 0 234 518 639 613 824 679 83 264 0 664 954 758 0 412 417 428

0 0 1
0 0 2
0 0 4
0 0 9
0 0 12
0 0 13
0 1 3
0 1 4
0 1 7
0 1 8
0 1 11
0 1 13
0 2 0
0 2 1
0 2 4
0 2 5
0 2 6
0 2 7
0 2 8
0 2 10
0 2 11
0 2 12
0 2 13
0 3 1
0 3 4
0 3 6
0 3 7
0 3 8
0 3 9
0 3 12
0 4 0
0 4 1
0 4 2
0 4 3
0 4 5
0 4 6
0 4 7
0 4 8
0 4 10
0 4 12
0 5 0
0 5 2
0 5 3
0 5 5
0 5 6
0 5 7
0 5 9
0 5 12
0 5 13
0 6 0
0 6 1
0 6 3
0 6 4
0 6 5
0 6 6
0 6 7
0 6 8
0 6 9
0 7 1
0 7 2
0 7 3
0 7 4
0 7 5
0 7 6
0 7 7
0 7 13
0 8 0
0 8 1
0 8 3
0 8 6
0 8 8
0 8 9
0 8 10
0 8 11
0 8 12
0 8 13
0 9 0
0 9 3
0 9 4
0 9 5
0 9 6
0 9 11
0 9 12
0 10 1
0 10 2
0 10 3
0 10 4
0 10 7
0 10 8
0 10 9
0 10 10
0 10 11
0 10 13
0 11 1
0 11 2
0 11 4
0 11 5
0 11 6
0 11 7
0 11 8
0 11 9
0 11 10
0 11 12
0 12 0
0 12 1
0 12 5
0 12 6
0 12 7
0 12 8
0 12 11
0 12 12
0 12 13
0 13 0
0 13 1
0 13 3
0 13 4
0 13 5
0 13 6
0 13 7
0 13 8
0 13 9
0 13 11
0 13 12
0 14 0
0 14 1
0 14 3
0 14 4
0 14 6
0 14 7
0 14 8
0 14 10
0 14 11
0 14 13
0 15 0
0 15 2
0 15 3
0 15 4
0 15 6
0 15 7
0 15 8
0 15 9
0 15 10
0 15 11
0 16 0
0 16 1
0 16 2
0 16 4
0 16 7
0 16 8
0 16 9
0 16 10
0 16 11
0 16 13
0 17 0
0 17 1
0 17 2
0 17 3
0 17 4
0 17 6
0 17 7
0 17 8
0 17 10
0 18 0
0 18 1
0 18 2
0 18 3
0 18 6
0 18 7
0 18 8
0 18 9
0 18 12
0 18 13
0 19 0
0 19 1
0 19 3
0 19 6
0 19 8
0 19 9
0 19 10
0 19 11
0 20 1
0 20 2
0 20 3
0 20 4
0 20 5
0 20 6
0 20 7
0 20 8
0 20 9
0 20 11
0 21 0
0 21 1
0 21 2
0 21 3
0 21 5
0 21 7
0 21 8
0 21 9
0 21 10
0 22 1
0 22 2
0 22 6
0 22 7
0 22 8
0 22 10
0 22 13
0 23 0
0 23 2
0 23 3
0 23 7
0 23 8
0 23 9
0 23 10
0 23 11
0 23 13
0 24 0
0 24 1
0 24 2
0 24 6
0 24 7
0 24 9
0 24 10
0 24 11
0 24 12
0 24 13
0 25 0
0 25 1
0 25 2
0 25 3
0 25 4
0 25 6
0 25 7
0 25 8
0 25 9
0 25 10
0 25 12
0 26 0
0 26 1
0 26 2
0 26 4
0 26 7
0 26 9
0 26 10
0 26 13
0 27 2
0 27 5
0 27 6
0 27 7
0 27 8
0 27 9
0 27 10
0 27 11
0 27 13
0 28 1
0 28 2
0 28 3
0 28 5
0 28 6
0 28 7
0 28 8
0 28 9
0 28 10
0 29 0
0 29 1
0 29 2
0 29 3
0 29 4
0 29 7
0 29 8
0 29 9
0 29 10
0 29 11
0 29 13
0 30 7
0 30 8
0 30 9
0 30 10
0 30 12
0 31 0
0 31 4
0 31 6
0 31 9
0 31 11
0 31 12
0 31 13
0 32 0
0 32 2
0 32 3
0 32 4
0 32 5
0 32 6
0 32 7
0 32 8
0 32 10
0 32 11
0 32 12
0 32 13
0 33 3
0 33 6
0 33 7
0 33 8
0 33 10
0 33 12
0 34 0
0 34 2
0 34 3
0 34 4
0 34 5
0 34 6
0 34 8
0 34 12
0 34 13
0 35 1
0 35 2
0 35 3
0 35 4
0 35 6
0 35 7
0 35 9
0 35 10
0 35 11
0 36 0
0 36 3
0 36 4
0 36 7
0 36 8
0 36 9
0 36 10
0 36 11
0 36 12
0 36 13
0 37 0
0 37 1
0 37 6
0 37 8
0 37 9
0 37 11
0 37 12
0 37 13
0 38 0
0 38 1
0 38 2
0 38 3
0 38 4
0 38 5
0 38 7
0 39 0
0 39 1
0 39 2
0 39 5
0 39 6
0 39 7
0 39 8
0 39 9
0 39 11
0 39 12
0 39 13
0 40 0
0 40 5
0 40 6
0 40 9
0 40 10
0 40 11
0 40 12
0 40 13
0 41 0
0 41 1
0 41 2
0 41 5
0 41 6
0 41 7
0 41 8
0 41 9
0 41 10
0 41 11
0 41 12
0 41 13
0 42 0
0 42 5
0 42 6
0 42 8
0 42 11
0 42 12
0 43 0
0 43 1
0 43 3
0 43 4
0 43 5
0 43 7
0 43 8
0 43 9
0 43 12
0 43 13
0 44 0
0 44 2
0 44 3
0 44 5
0 44 6
0 44 7
0 44 9
0 44 10
0 44 12
0 44 13
0 45 2
0 45 3
0 45 5
0 45 7
0 45 8
0 45 9
0 45 13
0 46 2
0 46 3
0 46 5
0 46 6
0 46 8
0 46 9
0 46 10
0 46 11
0 46 12
0 46 13
0 47 1
0 47 2
0 47 3
0 47 4
0 47 5
0 47 6
0 47 7
0 47 8
0 47 9
0 47 12
0 47 13
0 48 1
0 48 2
0 48 4
0 48 5
0 48 6
0 48 7
0 48 8
0 48 9
0 48 10
0 48 11
0 48 12
0 48 13
0 49 0
0 49 2
0 49 3
0 49 4
0 49 5
0 49 6
0 49 7
0 49 9
0 49 10
0 49 11
0 49 12
0 50 0
0 50 2
0 50 3
0 50 4
0 50 5
0 50 6
0 50 7
0 50 8
0 50 12
0 51 1
0 51 2
0 51 3
0 51 4
0 51 5
0 51 6
0 51 8
0 51 9
0 51 11
0 51 12
0 52 0
0 52 3
0 52 6
0 52 7
0 52 9
0 52 10
0 52 11
0 52 12
0 52 13
0 53 1
0 53 2
0 53 3
0 53 5
0 53 6
0 53 9
0 53 10
0 53 11
0 54 1
0 54 3
0 54 5
0 54 7
0 54 10
0 54 11
0 54 12
0 55 0
0 55 1
0 55 3
0 55 6
0 55 7
0 55 8
0 55 9
0 55 10
0 55 11
0 55 12
0 55 13
0 56 1
0 56 2
0 56 5
0 56 6
0 56 7
0 56 8
0 56 9
0 56 10
0 56 11
0 56 12
0 57 0
0 57 4
0 57 6
0 57 7
0 57 9
0 57 10
0 57 12
0 57 13
0 58 0
0 58 1
0 58 3
0 58 6
0 58 7
0 58 8
0 58 10
0 58 13
0 59 1
0 59 3
0 59 7
0 59 8
0 59 11
0 59 12
0 59 13
0 60 0
0 60 2
0 60 4
0 60 6
0 60 7
0 60 11
0 60 13
0 61 0
0 61 1
0 61 2
0 61 4
0 61 6
0 61 7
0 61 8
0 61 11
0 61 13
0 62 1
0 62 3
0 62 4
0 62 5
0 62 7
0 62 8
0 62 9
0 62 10
0 62 11
0 62 13
0 63 2
0 63 5
0 63 7
0 63 8
0 63 9
0 63 10
0 63 11
0 64 1
0 64 2
0 64 4
0 64 5
0 64 6
0 64 7
0 64 9
0 64 11
0 64 12
0 64 13
0 65 0
0 65 2
0 65 4
0 65 5
0 65 6
0 65 7
0 65 8
0 65 9
0 65 11
0 65 12
0 65 13
0 66 0
0 66 3
0 66 4
0 66 9
0 66 13
0 67 1
0 67 3
0 67 4
0 67 5
0 67 7
0 67 10
0 67 11
0 67 12
0 67 13
0 68 2
0 68 3
0 68 7
0 68 8
0 68 11
0 68 12
0 69 0
0 69 1
0 69 2
0 69 3
0 69 4
0 69 5
0 69 7
0 69 10
0 70 0
0 70 1
0 70 2
0 70 3
0 70 4
0 70 5
0 70 6
0 70 10
0 70 12
0 70 13
0 71 0
0 71 2
0 71 3
0 71 4
0 71 6
0 71 7
0 71 8
0 71 9
0 71 13
0 72 0
0 72 1
0 72 2
0 72 4
0 72 5
0 72 8
0 72 10
0 72 11
0 72 12
0 72 13
0 73 0
0 73 4
0 73 6
0 73 8
0 73 12
0 73 13
0 74 1
0 74 3
0 74 4
0 74 6
0 74 11
0 74 12
0 75 1
0 75 2
0 75 3
0 75 4
0 75 5
0 75 6
0 75 7
0 75 8
0 75 10
0 75 11
0 75 12
0 76 1
0 76 2
0 76 4
0 76 5
0 76 6
0 76 11
0 76 12
0 76 13
0 77 0
0 77 1
0 77 3
0 77 4
0 77 5
0 77 6
0 77 7
0 77 8
0 77 9
0 77 10
0 77 11
0 77 12
0 78 1
0 78 5
0 78 6
0 78 7
0 78 10
0 78 12
0 78 13
0 79 0
0 79 1
0 79 2
0 79 4
0 79 7
0 79 9
0 79 11
0 79 13
0 80 1
0 80 2
0 80 3
0 80 4
0 80 5
0 80 6
0 80 11
0 81 1
0 81 4
0 81 5
0 81 6
0 81 7
0 81 9
0 81 10
0 81 11
0 81 13
0 82 0
0 82 2
0 82 8
0 82 9
0 82 10
0 82 13
0 83 0
0 83 2
0 83 4
0 83 5
0 83 7
0 83 9
0 83 10
0 83 12
0 84 1
0 84 2
0 84 4
0 84 5
0 84 6
0 84 7
0 84 8
0 84 9
0 84 10
0 84 12
0 85 1
0 85 2
0 85 3
0 85 4
0 85 7
0 85 10
0 85 12
0 86 0
0 86 1
0 86 2
0 86 6
0 86 7
0 86 8
0 86 13
0 87 0
0 87 1
0 87 4
0 87 6
0 87 7
0 87 8
0 87 10
0 87 11
0 88 0
0 88 1
0 88 2
0 88 3
0 88 4
0 88 5
0 88 6
0 88 8
0 88 10
0 88 13
0 89 0
0 89 4
0 89 6
0 89 8
0 89 9
0 89 10
0 89 11
0 89 13
0 90 2
0 90 4
0 90 5
0 90 6
0 90 10
0 90 11
0 91 2
0 91 3
0 91 4
0 91 5
0 91 6
0 91 7
0 91 8
0 91 9
0 91 10
0 91 11
0 91 12
0 91 13
0 92 0
0 92 1
0 92 2
0 92 5
0 92 7
0 92 8
0 92 10
0 92 11
0 92 12
0 92 13
0 93 0
0 93 5
0 93 7
0 93 10
0 93 11
0 93 12
0 93 13
0 94 1
0 94 3
0 94 5
0 94 6
0 94 7
0 94 8
0 94 9
0 94 10
0 94 11
0 94 12
0 95 1
0 95 2
0 95 3
0 95 5
0 95 7
0 95 9
0 95 10
0 95 12
0 95 13
0 96 2
0 96 4
0 96 5
0 96 6
0 96 7
0 96 10
0 96 12
0 96 13
0 97 1
0 97 2
0 97 5
0 97 7
0 97 10
0 97 13
0 98 0
0 98 3
0 98 4
0 98 5
0 98 6
0 98 8
0 98 10
0 98 11
0 98 12
0 99 1
0 99 7
0 99 8
0 99 10
0 99 12
0 99 13
0 100 0
0 100 1
0 100 4
0 100 5
0 100 6
0 100 7
0 100 8
0 101 0
0 101 1
0 101 3
0 101 4
0 101 6
0 101 7
0 101 8
0 101 9
0 101 13
0 102 3
0 102 5
0 102 6
0 102 8
0 102 10
0 102 11
0 102 13
0 103 1
0 103 3
0 103 4
0 103 6
0 103 7
0 103 8
0 103 9
0 103 10
0 103 12
0 103 13
0 104 1
0 104 2
0 104 3
0 104 5
0 104 7
0 104 8
0 104 9
0 104 11
0 104 12
0 104 13
0 105 1
0 105 2
0 105 7
0 105 8
0 105 9
0 105 11
0 106 1
0 106 3
0 106 4
0 106 5
0 106 7
0 106 8
0 106 9
0 106 10
0 106 12
0 107 2
0 107 3
0 107 4
0 107 5
0 107 6
0 107 7
0 107 8
0 107 11
0 107 13
0 108 1
0 108 2
0 108 3
0 108 4
0 108 5
0 108 6
0 108 7
0 108 9
0 108 10
0 108 11
0 108 12
0 108 13
0 109 0
0 109 3
0 109 4
0 109 5
0 109 6
0 109 10
0 109 12
0 109 13
0 110 0
0 110 4
0 110 5
0 110 6
0 110 7
0 110 9
0 110 10
0 110 12
0 110 13
0 111 1
0 111 2
0 111 3
0 111 4
0 111 6
0 111 7
0 111 9
0 111 10
0 111 11
0 111 13
0 112 3
0 112 4
0 112 6
0 112 8
0 112 9
0 112 10
0 112 13
0 113 0
0 113 1
0 113 2
0 113 3
0 113 6
0 113 7
0 113 8
0 113 9
0 113 10
0 113 12
0 113 13
0 114 0
0 114 1
0 114 2
0 114 3
0 114 6
0 114 8
0 114 9
0 114 10
0 114 12
0 115 0
0 115 3
0 115 4
0 115 5
0 115 7
0 115 11
0 115 12
0 115 13
0 116 0
0 116 1
0 116 2
0 116 3
0 116 5
0 116 6
0 116 7
0 116 9
0 116 10
0 116 12
0 116 13
0 117 0
0 117 1
0 117 2
0 117 4
0 117 5
0 117 9
0 117 10
0 117 11
0 117 13
0 118 0
0 118 1
0 118 2
0 118 4
0 118 5
0 118 7
0 118 8
0 118 9
0 118 10
0 118 11
0 118 13
0 119 0
0 119 3
0 119 4
0 119 7
0 119 8
0 119 11
0 119 12
0 119 13
0 120 2
0 120 4
0 120 5
0 120 9
0 120 10
0 120 12
0 121 0
0 121 1
0 121 2
0 121 3
0 121 5
0 121 6
0 121 7
0 121 8
0 121 9
0 121 10
0 121 12
0 122 1
0 122 2
0 122 5
0 122 6
0 122 7
0 122 8
0 122 9
0 122 10
0 122 12
0 122 13
0 123 0
0 123 2
0 123 3
0 123 4
0 123 6
0 123 7
0 123 9
0 123 11
0 124 0
0 124 1
0 124 3
0 124 4
0 124 5
0 124 6
0 124 7
0 124 8
0 124 10
0 124 13
0 125 2
0 125 3
0 125 5
0 125 7
0 125 8
0 125 9
0 125 13
1 0 3
1 0 5
1 0 6
1 0 7
1 0 8
1 0 11
1 0 12
1 0 14
1 0 15
1 0 17
1 0 19
1 0 20
1 0 22
1 1 2
1 1 3
1 1 4
1 1 6
1 1 7
1 1 9
1 1 11
1 1 12
1 1 13
1 1 14
1 1 15
1 1 16
1 1 17
1 1 18
1 1 19
1 1 20
1 1 21
1 2 1
1 2 3
1 2 6
1 2 7
1 2 8
1 2 9
1 2 10
1 2 11
1 2 12
1 2 13
1 2 15
1 2 16
1 2 17
1 2 19
1 2 20
1 2 21
1 2 22
1 3 0
1 3 1
1 3 2
1 3 3
1 3 6
1 3 9
1 3 11
1 3 12
1 3 15
1 3 16
1 3 17
1 3 18
1 3 20
1 3 21
1 3 22
1 4 1
1 4 3
1 4 7
1 4 9
1 4 13
1 4 14
1 4 15
1 4 16
1 4 17
1 4 20
1 4 21
1 4 22
1 5 0
1 5 1
1 5 2
1 5 4
1 5 5
1 5 6
1 5 7
1 5 9
1 5 11
1 5 13
1 5 14
1 5 16
1 5 17
1 5 18
1 5 20
1 5 21
1 5 22
1 6 3
1 6 4
1 6 5
1 6 6
1 6 7
1 6 8
1 6 10
1 6 12
1 6 13
1 6 14
1 6 15
1 6 17
1 6 19
1 6 21
1 6 22
1 7 0
1 7 1
1 7 2
1 7 3
1 7 4
1 7 5
1 7 6
1 7 8
1 7 9
1 7 11
1 7 15
1 7 16
1 7 17
1 7 18
1 7 19
1 7 22
1 8 0
1 8 1
1 8 3
1 8 4
1 8 5
1 8 7
1 8 8
1 8 9
1 8 10
1 8 11
1 8 13
1 8 14
1 8 15
1 8 16
1 8 18
1 8 21
1 9 1
1 9 2
1 9 3
1 9 4
1 9 5
1 9 9
1 9 10
1 9 11
1 9 12
1 9 13
1 9 14
1 9 15
1 9 16
1 9 17
1 9 19
1 9 21
1 9 22
1 10 0
1 10 2
1 10 3
1 10 4
1 10 5
1 10 7
1 10 8
1 10 10
1 10 11
1 10 15
1 10 16
1 10 17
1 10 18
1 10 19
1 10 21
1 10 22
1 11 0
1 11 2
1 11 4
1 11 5
1 11 6
1 11 7
1 11 8
1 11 9
1 11 10
1 11 11
1 11 12
1 11 14
1 11 15
1 11 18
1 12 0
1 12 1
1 12 2
1 12 3
1 12 5
1 12 8
1 12 9
1 12 10
1 12 12
1 12 13
1 12 16
1 12 18
1 12 19
1 12 20
1 12 22
1 13 1
1 13 2
1 13 3
1 13 4
1 13 6
1 13 7
1 13 8
1 13 9
1 13 12
1 13 13
1 13 14
1 13 15
1 13 16
1 13 18
1 13 20
1 13 22
2 0 1
2 0 2
2 0 3
2 0 6
2 0 7
2 0 8
2 0 10
2 1 0
2 1 2
2 1 3
2 1 4
2 1 7
2 1 8
2 1 10
2 2 0
2 2 4
2 2 5
2 2 6
2 2 7
2 2 8
2 2 9
2 3 0
2 3 2
2 3 3
2 3 5
2 3 7
2 3 8
2 3 10
2 4 0
2 4 2
2 4 4
2 4 8
2 4 10
2 5 0
2 5 4
2 5 6
2 5 7
2 5 9
2 6 0
2 6 1
2 6 2
2 6 3
2 6 5
2 6 6
2 6 9
2 6 10
2 7 0
2 7 1
2 7 2
2 7 3
2 7 5
2 7 6
2 7 9
2 7 10
2 8 1
2 8 2
2 8 5
2 8 8
2 8 10
2 9 0
2 9 1
2 9 2
2 9 3
2 9 5
2 9 7
2 9 8
2 9 9
2 9 10
2 10 1
2 10 2
2 10 3
2 10 4
2 10 6
2 10 7
2 10 8
2 10 9
2 10 10
2 11 0
2 11 1
2 11 2
2 11 3
2 11 4
2 11 8
2 11 9
2 11 10
2 12 1
2 12 4
2 12 9
2 13 0
2 13 1
2 13 3
2 13 4
2 13 5
2 13 7
2 13 8
2 14 0
2 14 1
2 14 6
2 14 7
2 14 9
2 14 10
2 15 0
2 15 1
2 15 2
2 15 4
2 15 5
2 15 7
2 15 8
2 15 9
2 16 0
2 16 2
2 16 3
2 16 4
2 16 7
2 16 8
2 16 10
2 17 0
2 17 1
2 17 2
2 17 4
2 17 5
2 17 6
2 17 8
2 17 9
2 17 10
2 18 1
2 18 2
2 18 3
2 18 5
2 18 6
2 18 7
2 18 9
2 19 1
2 19 3
2 19 4
2 19 5
2 19 7
2 19 8
2 19 9
2 19 10
2 20 0
2 20 1
2 20 2
2 20 3
2 20 4
2 20 7
2 20 8
2 21 0
2 21 1
2 21 2
2 21 4
2 21 5
2 21 6
2 21 7
2 21 8
2 22 1
2 22 3
2 22 8
2 22 10
3 0 0
3 0 1
3 0 3
3 0 5
3 0 7
3 0 8
3 0 9
3 0 10
3 0 12
3 0 13
3 0 14
3 0 16
3 0 17
3 0 18
3 0 22
3 0 23
3 0 24
3 0 25
3 0 26
3 0 29
3 0 30
3 0 31
3 0 32
3 0 35
3 0 36
3 0 37
3 0 38
3 0 39
3 0 40
3 1 1
3 1 2
3 1 3
3 1 4
3 1 5
3 1 7
3 1 8
3 1 10
3 1 11
3 1 12
3 1 13
3 1 14
3 1 15
3 1 16
3 1 18
3 1 19
3 1 20
3 1 21
3 1 23
3 1 27
3 1 28
3 1 29
3 1 32
3 1 33
3 1 34
3 1 35
3 1 38
3 1 40
3 2 0
3 2 1
3 2 5
3 2 6
3 2 7
3 2 8
3 2 10
3 2 11
3 2 12
3 2 15
3 2 16
3 2 18
3 2 19
3 2 20
3 2 21
3 2 22
3 2 23
3 2 24
3 2 27
3 2 29
3 2 30
3 2 31
3 2 32
3 2 34
3 2 35
3 2 38
3 2 39
3 2 40
3 3 0
3 3 1
3 3 2
3 3 4
3 3 5
3 3 8
3 3 9
3 3 10
3 3 12
3 3 13
3 3 15
3 3 16
3 3 18
3 3 19
3 3 20
3 3 21
3 3 24
3 3 25
3 3 26
3 3 28
3 3 29
3 3 31
3 3 32
3 3 34
3 3 35
3 3 36
3 3 37
3 3 40
3 4 0
3 4 2
3 4 3
3 4 4
3 4 6
3 4 7
3 4 8
3 4 9
3 4 10
3 4 11
3 4 12
3 4 14
3 4 15
3 4 17
3 4 18
3 4 19
3 4 22
3 4 24
3 4 25
3 4 28
3 4 29
3 4 33
3 4 35
3 4 38
3 4 39
3 5 2
3 5 3
3 5 4
3 5 7
3 5 10
3 5 11
3 5 12
3 5 13
3 5 14
3 5 16
3 5 17
3 5 18
3 5 20
3 5 21
3 5 23
3 5 25
3 5 27
3 5 30
3 5 33
3 5 34
3 5 35
3 5 36
3 5 37
3 5 38
3 5 39
3 5 40
3 6 0
3 6 1
3 6 4
3 6 6
3 6 9
3 6 10
3 6 11
3 6 12
3 6 13
3 6 14
3 6 15
3 6 16
3 6 19
3 6 20
3 6 22
3 6 23
3 6 24
3 6 26
3 6 29
3 6 30
3 6 32
3 6 33
3 6 34
3 6 35
3 6 36
3 6 38
3 6 39
3 6 40
3 7 0
3 7 1
3 7 2
3 7 3
3 7 4
3 7 5
3 7 7
3 7 9
3 7 10
3 7 11
3 7 12
3 7 13
3 7 14
3 7 16
3 7 18
3 7 20
3 7 21
3 7 22
3 7 23
3 7 24
3 7 25
3 7 26
3 7 27
3 7 30
3 7 33
3 7 34
3 7 35
3 7 36
3 7 37
3 7 38
3 7 39
3 7 40
3 8 0
3 8 1
3 8 2
3 8 3
3 8 4
3 8 5
3 8 9
3 8 11
3 8 12
3 8 14
3 8 15
3 8 16
3 8 18
3 8 19
3 8 21
3 8 23
3 8 24
3 8 25
3 8 26
3 8 28
3 8 30
3 8 31
3 8 32
3 8 33
3 8 37
3 8 38
3 8 40
3 9 0
3 9 1
3 9 2
3 9 3
3 9 4
3 9 5
3 9 8
3 9 9
3 9 11
3 9 12
3 9 14
3 9 15
3 9 16
3 9 18
3 9 19
3 9 22
3 9 23
3 9 24
3 9 25
3 9 26
3 9 27
3 9 28
3 9 29
3 9 30
3 9 31
3 9 33
3 9 34
3 9 35
3 9 37
3 9 39
3 9 40
3 10 1
3 10 2
3 10 3
3 10 4
3 10 5
3 10 6
3 10 7
3 10 8
3 10 11
3 10 12
3 10 13
3 10 16
3 10 17
3 10 18
3 10 21
3 10 23
3 10 25
3 10 26
3 10 28
3 10 32
3 10 33
3 10 34
3 10 35
3 10 36
3 10 37
3 10 40
4 0 0
4 0 5
4 0 6
4 0 7
4 0 11
4 0 12
4 0 15
4 0 18
4 0 20
4 0 21
4 0 22
4 0 23
4 1 2
4 1 3
4 1 5
4 1 6
4 1 8
4 1 10
4 1 12
4 1 13
4 1 14
4 1 15
4 1 16
4 1 17
4 1 18
4 1 20
4 1 21
4 1 22
4 1 23
4 1 24
4 2 0
4 2 1
4 2 2
4 2 3
4 2 4
4 2 6
4 2 7
4 2 8
4 2 9
4 2 11
4 2 12
4 2 14
4 2 17
4 2 18
4 2 19
4 2 20
4 2 21
4 2 22
4 2 23
4 3 0
4 3 4
4 3 5
4 3 6
4 3 7
4 3 8
4 3 9
4 3 10
4 3 11
4 3 12
4 3 14
4 3 15
4 3 16
4 3 17
4 3 18
4 3 19
4 3 21
4 3 23
4 3 24
4 4 4
4 4 5
4 4 6
4 4 7
4 4 8
4 4 9
4 4 11
4 4 12
4 4 13
4 4 14
4 4 16
4 4 17
4 4 18
4 4 19
4 4 20
4 4 21
4 4 22
4 5 1
4 5 4
4 5 5
4 5 8
4 5 10
4 5 12
4 5 13
4 5 14
4 5 15
4 5 16
4 5 18
4 5 19
4 5 20
4 5 21
4 6 0
4 6 4
4 6 5
4 6 6
4 6 7
4 6 8
4 6 9
4 6 12
4 6 14
4 6 15
4 6 19
4 6 20
4 6 23
4 6 24
4 7 5
4 7 6
4 7 7
4 7 9
4 7 10
4 7 13
4 7 14
4 7 15
4 7 16
4 7 17
4 7 18
4 7 19
4 7 20
4 7 22
4 7 23
4 8 0
4 8 1
4 8 3
4 8 4
4 8 7
4 8 8
4 8 10
4 8 11
4 8 12
4 8 13
4 8 14
4 8 15
4 8 17
4 8 19
4 8 20
4 8 21
4 8 22
4 8 23
4 9 0
4 9 1
4 9 2
4 9 3
4 9 4
4 9 7
4 9 9
4 9 12
4 9 13
4 9 14
4 9 15
4 9 16
4 9 17
4 9 19
4 9 24
4 10 0
4 10 2
4 10 6
4 10 7
4 10 8
4 10 9
4 10 10
4 10 11
4 10 12
4 10 13
4 10 14
4 10 16
4 10 17
4 10 18
4 10 19
4 10 20
4 10 21
4 10 23
4 11 0
4 11 2
4 11 4
4 11 5
4 11 6
4 11 9
4 11 10
4 11 13
4 11 14
4 11 15
4 11 16
4 11 17
4 11 18
4 11 19
4 11 21
4 11 24
4 12 0
4 12 2
4 12 4
4 12 5
4 12 7
4 12 8
4 12 10
4 12 11
4 12 12
4 12 13
4 12 16
4 12 17
4 12 18
4 12 22
4 12 23
4 13 2
4 13 4
4 13 5
4 13 6
4 13 8
4 13 10
4 13 11
4 13 13
4 13 16
4 13 18
4 13 20
4 13 23
4 13 24
4 14 0
4 14 3
4 14 4
4 14 6
4 14 7
4 14 8
4 14 11
4 14 12
4 14 15
4 14 16
4 14 18
4 14 19
4 14 20
4 14 22
4 14 23
4 15 0
4 15 3
4 15 4
4 15 7
4 15 8
4 15 9
4 15 10
4 15 12
4 15 15
4 15 16
4 15 20
4 15 21
4 15 23
4 16 1
4 16 3
4 16 4
4 16 5
4 16 6
4 16 7
4 16 8
4 16 9
4 16 14
4 16 15
4 16 17
4 16 18
4 16 19
4 16 20
4 16 21
4 16 22
4 16 23
4 16 24
4 17 1
4 17 2
4 17 4
4 17 6
4 17 7
4 17 9
4 17 13
4 17 16
4 17 17
4 17 18
4 17 21
4 17 24
4 18 1
4 18 2
4 18 3
4 18 5
4 18 8
4 18 10
4 18 11
4 18 14
4 18 15
4 18 16
4 18 17
4 18 18
4 18 19
4 18 21
4 18 22
4 19 0
4 19 2
4 19 4
4 19 5
4 19 6
4 19 7
4 19 10
4 19 12
4 19 14
4 19 15
4 19 16
4 19 18
4 19 20
4 19 21
4 19 22
4 19 23
4 19 24
4 20 0
4 20 1
4 20 2
4 20 4
4 20 5
4 20 8
4 20 10
4 20 13
4 20 15
4 20 16
4 20 17
4 20 19
4 20 21
4 20 22
4 20 23
4 21 1
4 21 2
4 21 4
4 21 6
4 21 9
4 21 10
4 21 11
4 21 12
4 21 13
4 21 14
4 21 20
4 21 21
4 21 23
4 21 24
4 22 0
4 22 1
4 22 4
4 22 7
4 22 9
4 22 10
4 22 12
4 22 13
4 22 14
4 22 16
4 22 17
4 22 18
4 22 23
4 22 24
4 23 0
4 23 1
4 23 2
4 23 3
4 23 7
4 23 8
4 23 9
4 23 10
4 23 11
4 23 13
4 23 14
4 23 17
4 23 18
4 23 20
4 23 22
4 23 23
4 23 24
4 24 1
4 24 2
4 24 3
4 24 4
4 24 5
4 24 6
4 24 7
4 24 8
4 24 9
4 24 13
4 24 14
4 24 15
4 24 16
4 24 17
4 24 18
4 24 20
4 24 22
4 24 23
4 24 24
4 25 1
4 25 2
4 25 3
4 25 4
4 25 5
4 25 7
4 25 8
4 25 10
4 25 11
4 25 12
4 25 13
4 25 15
4 25 16
4 25 17
4 25 18
4 25 21
4 25 23
4 26 0
4 26 1
4 26 3
4 26 4
4 26 5
4 26 6
4 26 7
4 26 8
4 26 9
4 26 11
4 26 12
4 26 14
4 26 16
4 26 18
4 26 19
4 26 21
4 27 1
4 27 3
4 27 4
4 27 5
4 27 6
4 27 7
4 27 8
4 27 10
4 27 12
4 27 17
4 27 19
4 27 20
4 27 21
4 27 22
4 27 24
4 28 0
4 28 4
4 28 5
4 28 7
4 28 9
4 28 10
4 28 11
4 28 12
4 28 13
4 28 14
4 28 15
4 28 16
4 28 17
4 28 22
4 28 23
4 28 24
4 29 1
4 29 2
4 29 4
4 29 6
4 29 7
4 29 8
4 29 14
4 29 15
4 29 19
4 29 21
4 29 23
4 29 24
4 30 0
4 30 1
4 30 3
4 30 7
4 30 8
4 30 9
4 30 10
4 30 11
4 30 15
4 30 16
4 30 17
4 30 18
4 30 19
4 30 23
4 30 24
4 31 0
4 31 1
4 31 2
4 31 3
4 31 4
4 31 5
4 31 8
4 31 10
4 31 11
4 31 16
4 31 17
4 31 18
4 31 21
4 31 22
4 31 23
4 31 24
4 32 1
4 32 4
4 32 7
4 32 8
4 32 11
4 32 13
4 32 14
4 32 16
4 32 17
4 32 18
4 32 19
4 32 20
4 32 21
4 33 0
4 33 2
4 33 3
4 33 5
4 33 6
4 33 7
4 33 8
4 33 9
4 33 10
4 33 12
4 33 13
4 33 14
4 33 15
4 33 17
4 33 18
4 33 21
4 33 22
4 33 23
4 34 1
4 34 2
4 34 3
4 34 5
4 34 6
4 34 7
4 34 8
4 34 12
4 34 13
4 34 14
4 34 16
4 34 21
4 34 22
4 34 24
4 35 0
4 35 3
4 35 5
4 35 6
4 35 7
4 35 9
4 35 12
4 35 13
4 35 14
4 35 16
4 35 17
4 35 19
4 35 20
4 35 21
4 35 23
4 35 24
4 36 3
4 36 4
4 36 5
4 36 6
4 36 7
4 36 9
4 36 11
4 36 14
4 36 15
4 36 16
4 36 17
4 36 19
4 36 20
4 36 21
4 36 23
4 37 0
4 37 2
4 37 4
4 37 5
4 37 6
4 37 12
4 37 15
4 37 16
4 37 17
4 37 18
4 37 19
4 37 20
4 37 21
4 37 22
4 37 24
4 38 0
4 38 1
4 38 2
4 38 7
4 38 10
4 38 11
4 38 12
4 38 13
4 38 14
4 38 15
4 38 16
4 38 17
4 38 18
4 38 19
4 38 20
4 38 21
4 38 23
4 38 24
4 39 0
4 39 1
4 39 3
4 39 4
4 39 5
4 39 6
4 39 7
4 39 8
4 39 9
4 39 10
4 39 11
4 39 12
4 39 13
4 39 16
4 39 17
4 39 18
4 39 19
4 39 20
4 39 23
4 40 0
4 40 1
4 40 2
4 40 3
4 40 7
4 40 9
4 40 10
4 40 12
4 40 13
4 40 15
4 40 16
4 40 17
4 40 19
4 40 20
4 40 21
4 40 22