376
6
68 25 47 44 37 19
763

0 0 0 951 0 158 325 806 357 607 0 0 385 682 658 654 0 0 571 0 457 586 483 0 810 96 29 0 0 368 339 0 215 863 137 781 946 565 802 363 464 0 492 0 444 517 215 0 423 0 975 847 504 0 0 185 347 0 0 0 252 347 162 0 0 0 0 0
0 0 0 161 994 0 196 0 0 0 230 789 119 785 341 0 676 0 0 457 619 565 682 171 960
0 0 0 52 857 0 0 0 0 0 293 677 135 540 280 301 0 824 0 697 0 112 0 149 579 199 438 993 643 0 925 651 561 146 800 261 137 0 974 443 306 0 284 696 568 426 346
449 0 650 0 375 992 711 578 0 682 148 617 0 0 939 0 532 0 0 284 577 688 0 0 0 775 421 0 774 199 0 599 498 484 870 896 688 78 566 961 474 350 647 105
0 654 513 729 0 618 987 468 802 0 256 171 0 573 799 0 521 0 0 998 0 911 143 0 0 908 0 0 0 568 651 0 303 0 16 416 747
0 933 687 0 0 720 0 462 214 571 0 858 851 245 530 895 827 485 0

0 0 0
0 0 2
0 1 23
0 2 1
0 2 8
0 2 11
0 3 4
0 3 8
0 4 2
0 4 5
0 5 22
0 6 0
0 6 7
0 6 17
0 7 1
0 7 3
0 7 9
0 7 20
0 7 22
0 8 9
0 8 17
0 8 19
0 9 1
0 9 7
0 9 11
0 9 21
0 10 10
0 10 12
0 10 18
0 10 20
0 11 2
0 11 3
0 11 13
0 12 0
0 12 4
0 12 9
0 13 23
0 14 2
0 14 5
0 14 6
0 14 14
0 14 17
0 14 20
0 15 18
0 15 23
0 16 13
0 16 19
0 17 5
0 17 6
0 17 8
0 17 16
0 18 15
0 18 21
0 19 15
0 19 22
0 20 4
0 20 7
0 20 9
0 20 20
0 21 6
0 21 10
0 21 20
0 21 21
0 21 23
0 21 24
0 22 11
0 22 12
0 22 21
0 23 1
0 23 4
0 24 0
0 24 18
0 25 4
0 25 9
0 25 19
0 25 22
0 26 4
0 26 11
0 26 24
0 27 0
0 27 6
0 27 8
0 27 13
0 27 19
0 27 20
0 27 24
0 29 10
0 29 19
0 31 0
0 31 9
0 31 12
0 31 18
0 32 0
0 33 1
0 33 10
0 33 11
0 33 24
0 34 18
0 35 24
0 36 8
0 36 9
0 37 4
0 38 2
0 38 8
0 38 9
0 39 11
0 39 15
0 40 0
0 41 7
0 42 0
0 42 4
0 42 24
0 43 0
0 43 3
0 43 6
0 43 11
0 46 1
0 46 2
0 46 8
0 46 9
0 46 17
0 47 11
0 47 18
0 48 2
0 48 11
0 49 0
0 49 2
0 49 3
0 49 13
0 50 4
0 50 13
0 50 14
0 51 10
0 51 17
0 52 16
0 52 24
0 53 10
0 53 22
0 54 4
0 55 14
0 56 6
0 56 10
0 56 19
0 56 23
0 57 3
0 57 11
0 57 15
0 57 21
0 59 2
0 59 10
0 59 21
0 59 24
0 60 15
0 60 17
0 60 24
0 61 7
0 61 9
0 62 14
0 62 16
0 62 18
0 63 4
0 63 15
0 64 2
0 64 4
0 64 11
0 64 15
0 64 18
0 65 7
0 66 1
0 66 19
0 66 24
0 67 5
0 67 8
0 67 22
1 0 15
1 0 28
1 0 32
1 0 36
1 1 7
1 1 17
1 1 18
1 1 33
1 1 35
1 1 44
1 2 29
1 2 31
1 2 32
1 2 33
1 2 42
1 3 45
1 4 1
1 4 10
1 4 29
1 4 33
1 5 2
1 5 23
1 5 34
1 6 22
1 7 2
1 7 4
1 7 45
1 8 0
1 8 3
1 8 8
1 8 16
1 8 32
1 8 36
1 8 41
1 9 0
1 9 6
1 9 7
1 9 24
1 10 1
1 10 23
1 10 24
1 10 26
1 10 29
1 10 36
1 10 41
1 10 44
1 11 3
1 11 9
1 11 24
1 11 33
1 12 7
1 12 16
1 12 23
1 12 32
1 12 41
1 12 45
1 13 5
1 13 22
1 13 23
1 13 27
1 13 30
1 14 9
1 14 23
1 14 35
1 15 5
1 15 7
1 15 15
1 15 18
1 15 36
1 16 6
1 16 11
1 16 15
1 16 22
1 16 31
1 17 0
1 17 7
1 17 11
1 17 17
1 17 19
1 17 26
1 17 30
1 17 34
1 18 14
1 18 28
1 18 32
1 18 41
1 19 22
1 19 26
1 19 43
1 19 46
1 20 0
1 20 12
1 20 16
1 20 21
1 20 45
1 21 2
1 21 9
1 21 28
1 21 42
1 22 8
1 22 11
1 22 14
1 23 6
1 23 27
1 23 43
1 24 4
1 24 12
1 24 15
1 24 19
1 24 27
1 24 28
1 24 30
1 24 38
1 24 46
2 0 10
2 0 13
2 0 20
2 0 21
2 0 30
2 0 36
2 0 41
2 1 3
2 1 5
2 1 20
2 1 29
2 1 31
2 2 3
2 3 6
2 3 9
2 3 14
2 3 21
2 3 29
2 3 35
2 4 6
2 4 12
2 4 32
2 4 38
2 5 1
2 5 2
2 5 7
2 5 14
2 5 18
2 5 19
2 5 27
2 5 33
2 5 40
2 6 8
2 6 10
2 6 16
2 6 20
2 6 31
2 6 36
2 6 42
2 7 5
2 7 35
2 8 24
2 8 28
2 8 31
2 8 43
2 9 6
2 9 11
2 9 19
2 9 24
2 9 42
2 10 2
2 10 9
2 10 11
2 10 17
2 10 22
2 10 37
2 10 40
2 11 2
2 11 8
2 11 26
2 11 42
2 12 0
2 12 3
2 12 9
2 12 26
2 12 40
2 13 1
2 13 19
2 13 25
2 13 31
2 13 35
2 13 43
2 14 0
2 14 4
2 14 7
2 14 9
2 14 21
2 15 6
2 15 8
2 15 10
2 15 12
2 15 14
2 15 16
2 15 21
2 15 38
2 16 26
2 16 28
2 16 31
2 17 2
2 17 9
2 17 20
2 17 21
2 17 22
2 17 24
2 17 43
2 18 10
2 18 29
2 18 30
2 18 38
2 18 41
2 19 3
2 19 7
2 19 20
2 19 24
2 20 14
2 20 20
2 20 27
2 20 35
2 21 0
2 21 5
2 21 29
2 21 38
2 22 0
2 22 1
2 22 3
2 22 18
2 22 28
2 22 31
2 22 35
2 23 30
2 23 38
2 24 15
2 24 20
2 24 39
2 25 6
2 25 8
2 25 9
2 25 23
2 25 32
2 25 40
2 25 41
2 26 13
2 26 14
2 26 19
2 26 22
2 26 31
2 26 36
2 27 17
2 27 30
2 27 38
2 27 43
2 28 5
2 28 19
2 28 27
2 28 29
2 28 30
2 28 41
2 29 6
2 29 24
2 29 38
2 29 41
2 30 6
2 30 10
2 30 17
2 30 36
2 31 2
2 31 6
2 31 11
2 31 18
2 32 3
2 32 31
2 33 14
2 34 16
2 35 13
2 36 10
2 36 11
2 36 25
2 36 40
2 37 0
2 37 2
2 37 13
2 37 18
2 37 20
2 37 30
2 37 39
2 37 40
2 38 2
2 38 9
2 38 11
2 38 27
2 38 34
2 39 2
2 39 6
2 39 7
2 39 27
2 39 42
2 40 1
2 40 23
2 40 26
2 40 33
2 40 38
2 40 39
2 40 41
2 41 0
2 41 3
2 41 8
2 41 9
2 41 13
2 41 16
2 41 17
2 41 28
2 41 33
2 41 40
2 42 0
2 42 3
2 42 13
2 42 22
2 42 23
2 43 8
2 43 9
2 43 17
2 43 27
2 43 36
2 43 41
2 44 7
2 44 8
2 44 11
2 44 36
2 45 16
2 45 22
2 45 33
2 45 37
2 45 39
2 45 42
2 45 43
2 46 6
2 46 8
2 46 23
3 0 7
3 0 21
3 0 31
3 1 30
3 1 35
3 2 5
3 2 10
3 3 12
3 4 5
3 4 12
3 4 15
3 4 16
3 4 20
3 4 22
3 4 23
3 5 7
3 5 21
3 5 35
3 6 21
3 6 25
3 6 31
3 6 36
3 7 2
3 7 12
3 7 20
3 7 21
3 7 29
3 7 32
3 8 10
3 8 12
3 8 14
3 8 15
3 8 32
3 9 23
3 10 10
3 10 29
3 10 31
3 11 18
3 11 31
3 11 33
3 12 23
3 12 34
3 13 6
3 13 11
3 13 19
3 13 20
3 13 27
3 13 33
3 14 0
3 14 2
3 14 15
3 14 16
3 14 20
3 14 22
3 14 28
3 14 32
3 15 10
3 15 20
3 15 27
3 15 33
3 16 3
3 16 8
3 16 11
3 16 21
3 16 24
3 16 26
3 17 3
3 17 8
3 17 18
3 17 32
3 17 35
3 18 23
3 18 33
3 18 34
3 19 2
3 19 22
3 19 27
3 19 29
3 19 32
3 19 35
3 20 8
3 20 11
3 20 15
3 20 27
3 21 9
3 21 18
3 21 21
3 21 33
3 22 9
3 22 34
3 23 2
3 23 9
3 23 25
3 24 8
3 25 16
3 25 30
3 26 0
3 26 3
3 26 22
3 26 34
3 27 12
3 27 17
3 27 24
3 27 29
3 28 24
3 28 28
3 28 36
3 29 7
3 29 17
3 29 20
3 29 26
3 29 33
3 30 7
3 30 30
3 30 31
3 30 34
3 31 8
3 31 10
3 31 14
3 31 28
3 32 15
3 32 28
3 32 31
3 33 0
3 33 2
3 33 11
3 33 20
3 33 23
3 33 28
3 33 32
3 34 8
3 34 9
3 35 3
3 35 10
3 35 13
3 35 32
3 35 33
3 35 34
3 37 1
3 37 6
3 37 18
3 37 20
3 37 23
3 38 3
3 38 11
3 38 20
3 38 34
3 39 3
3 39 5
3 39 12
3 39 23
3 39 31
3 39 32
3 40 15
3 40 18
3 40 30
3 40 34
3 41 16
3 42 11
3 42 16
3 42 28
3 42 34
3 43 8
3 43 16
3 43 24
3 43 27
4 0 11
4 0 13
4 1 14
4 1 18
4 2 10
4 3 12
4 3 14
4 4 1
4 6 5
4 6 6
4 6 11
4 7 1
4 7 4
4 7 9
4 8 0
4 8 13
4 9 1
4 9 3
4 9 10
4 9 16
4 10 6
4 10 9
4 10 14
4 10 17
4 11 8
4 11 9
4 11 13
4 12 7
4 12 17
4 13 6
4 13 12
4 13 15
4 14 6
4 14 9
4 14 15
4 15 5
4 16 1
4 16 14
4 17 4
4 17 5
4 18 3
4 18 15
4 19 3
4 19 17
4 19 18
4 20 2
4 20 11
4 21 10
4 22 2
4 22 14
4 23 1
4 23 3
4 23 5
4 23 15
4 23 16
4 23 18
4 24 4
4 24 10
4 25 2
4 25 18
4 26 7
4 26 8
4 26 11
4 26 18
4 27 4
4 27 5
4 27 8
4 27 11
4 28 18
4 29 6
4 29 17
4 31 3
4 32 2
4 32 5
4 32 6
4 33 5
4 33 17
4 34 8
4 35 7
4 36 2
4 36 10