832
6
28 103 32 31 26 20
5480

0 0 0 0 0 303 0 0 0 0 768 0 0 0 0 0 0 820 0 0 787 0 290 0 0 946 0 0
564 383 0 0 0 597 0 0 0 0 684 0 0 182 0 0 0 0 0 0 0 0 0 0 0 0 3 0 0 0 0 0 0 0 0 0 389 0 0 137 0 0 901 0 0 0 0 816 112 0 164 0 0 251 0 0 0 0 0 0 0 0 334 0 0 0 0 0 0 0 759 0 0 0 0 644 0 0 0 0 197 257 636 0 0 341 0 0 0 763 702 0 0 0 0 0 0 0 61 0 0 178 0
273 0 0 0 0 0 0 660 0 0 0 0 0 827 0 0 0 0 167 0 0 221 73 0 927 0 325 0 0 0 325 0
0 0 0 0 0 0 0 997 0 0 0 0 0 0 516 0 0 0 0 0 0 0 0 0 0 0 0 0 0 0 0
0 0 0 0 591 0 0 0 412 0 0 0 362 165 0 0 0 0 0 728 0 0 0 0 0 0
824 0 81 0 692 0 0 0 0 0 0 0 0 0 0 0 0 626 885 0

0 0 0
0 0 1
0 0 2
0 0 3
0 0 4
0 0 6
0 0 8
0 0 11
0 0 12
0 0 13
0 0 14
0 0 15
0 0 16
0 0 17
0 0 18
0 0 19
0 0 22
0 0 24
0 0 27
0 0 28
0 0 31
0 0 37
0 0 38
0 0 39
0 0 40
0 0 41
0 0 42
0 0 43
0 0 45
0 0 46
0 0 47
0 0 49
0 0 50
0 0 52
0 0 54
0 0 56
0 0 61
0 0 62
0 0 63
0 0 66
0 0 68
0 0 69
0 0 70
0 0 71
0 0 72
0 0 73
0 0 74
0 0 77
0 0 78
0 0 79
0 0 81
0 0 82
0 0 83
0 0 84
0 0 87
0 0 89
0 0 90
0 0 94
0 0 95
0 0 96
0 0 98
0 0 99
0 0 100
0 0 101
0 0 102
0 1 0
0 1 1
0 1 2
0 1 3
0 1 4
0 1 5
0 1 6
0 1 7
0 1 10
0 1 11
0 1 12
0 1 13
0 1 16
0 1 21
0 1 22
0 1 25
0 1 27
0 1 28
0 1 32
0 1 33
0 1 34
0 1 38
0 1 39
0 1 41
0 1 42
0 1 48
0 1 49
0 1 51
0 1 52
0 1 53
0 1 55
0 1 56
0 1 57
0 1 58
0 1 60
0 1 61
0 1 62
0 1 63
0 1 66
0 1 68
0 1 69
0 1 73
0 1 74
0 1 75
0 1 76
0 1 77
0 1 79
0 1 81
0 1 83
0 1 84
0 1 85
0 1 87
0 1 88
0 1 89
0 1 90
0 1 92
0 1 93
0 1 94
0 1 96
0 1 98
0 1 99
0 1 100
0 1 101
0 2 0
0 2 1
0 2 2
0 2 4
0 2 5
0 2 6
0 2 8
0 2 12
0 2 13
0 2 14
0 2 15
0 2 16
0 2 20
0 2 22
0 2 24
0 2 26
0 2 27
0 2 29
0 2 30
0 2 31
0 2 33
0 2 34
0 2 35
0 2 37
0 2 39
0 2 40
0 2 41
0 2 42
0 2 45
0 2 46
0 2 47
0 2 49
0 2 50
0 2 52
0 2 53
0 2 55
0 2 57
0 2 58
0 2 59
0 2 60
0 2 61
0 2 62
0 2 64
0 2 65
0 2 66
0 2 67
0 2 69
0 2 70
0 2 73
0 2 74
0 2 75
0 2 76
0 2 78
0 2 79
0 2 81
0 2 82
0 2 83
0 2 86
0 2 87
0 2 88
0 2 90
0 2 93
0 2 94
0 2 95
0 2 96
0 2 97
0 2 98
0 2 99
0 2 101
0 2 102
0 3 1
0 3 2
0 3 5
0 3 6
0 3 7
0 3 9
0 3 10
0 3 11
0 3 12
0 3 15
0 3 17
0 3 18
0 3 19
0 3 20
0 3 21
0 3 24
0 3 27
0 3 28
0 3 29
0 3 30
0 3 32
0 3 33
0 3 34
0 3 35
0 3 38
0 3 41
0 3 42
0 3 43
0 3 44
0 3 45
0 3 46
0 3 47
0 3 49
0 3 50
0 3 51
0 3 53
0 3 54
0 3 55
0 3 56
0 3 57
0 3 58
0 3 59
0 3 60
0 3 61
0 3 62
0 3 63
0 3 64
0 3 65
0 3 66
0 3 67
0 3 68
0 3 69
0 3 76
0 3 77
0 3 78
0 3 79
0 3 80
0 3 81
0 3 83
0 3 85
0 3 86
0 3 88
0 3 89
0 3 90
0 3 92
0 3 99
0 3 100
0 3 101
0 3 102
0 4 0
0 4 2
0 4 4
0 4 5
0 4 7
0 4 9
0 4 10
0 4 11
0 4 12
0 4 13
0 4 14
0 4 17
0 4 19
0 4 20
0 4 21
0 4 24
0 4 26
0 4 27
0 4 28
0 4 31
0 4 33
0 4 36
0 4 38
0 4 40
0 4 41
0 4 45
0 4 46
0 4 48
0 4 49
0 4 51
0 4 52
0 4 54
0 4 56
0 4 59
0 4 63
0 4 64
0 4 69
0 4 72
0 4 73
0 4 74
0 4 75
0 4 76
0 4 77
0 4 78
0 4 79
0 4 80
0 4 81
0 4 82
0 4 85
0 4 88
0 4 89
0 4 90
0 4 92
0 4 93
0 4 94
0 4 97
0 4 99
0 4 100
0 5 0
0 5 1
0 5 2
0 5 3
0 5 9
0 5 14
0 5 15
0 5 16
0 5 21
0 5 23
0 5 25
0 5 26
0 5 27
0 5 28
0 5 29
0 5 31
0 5 32
0 5 33
0 5 34
0 5 35
0 5 36
0 5 37
0 5 38
0 5 39
0 5 40
0 5 41
0 5 43
0 5 44
0 5 45
0 5 47
0 5 48
0 5 49
0 5 50
0 5 51
0 5 53
0 5 54
0 5 55
0 5 57
0 5 58
0 5 59
0 5 60
0 5 61
0 5 62
0 5 63
0 5 64
0 5 65
0 5 67
0 5 69
0 5 70
0 5 75
0 5 76
0 5 78
0 5 79
0 5 80
0 5 82
0 5 84
0 5 86
0 5 87
0 5 90
0 5 91
0 5 92
0 5 93
0 5 94
0 5 95
0 5 96
0 5 97
0 5 98
0 5 99
0 5 100
0 5 101
0 5 102
0 6 0
0 6 1
0 6 2
0 6 3
0 6 4
0 6 6
0 6 7
0 6 8
0 6 9
0 6 10
0 6 11
0 6 12
0 6 13
0 6 14
0 6 15
0 6 16
0 6 19
0 6 20
0 6 21
0 6 23
0 6 27
0 6 31
0 6 33
0 6 35
0 6 36
0 6 37
0 6 38
0 6 39
0 6 41
0 6 42
0 6 45
0 6 46
0 6 47
0 6 48
0 6 49
0 6 52
0 6 53
0 6 54
0 6 57
0 6 61
0 6 62
0 6 63
0 6 64
0 6 66
0 6 67
0 6 68
0 6 69
0 6 70
0 6 71
0 6 72
0 6 73
0 6 75
0 6 76
0 6 77
0 6 78
0 6 81
0 6 82
0 6 83
0 6 84
0 6 85
0 6 88
0 6 89
0 6 90
0 6 91
0 6 93
0 6 97
0 6 98
0 6 99
0 6 101
0 7 0
0 7 2
0 7 5
0 7 9
0 7 11
0 7 12
0 7 13
0 7 14
0 7 15
0 7 16
0 7 18
0 7 19
0 7 20
0 7 21
0 7 22
0 7 23
0 7 26
0 7 28
0 7 29
0 7 30
0 7 32
0 7 36
0 7 37
0 7 38
0 7 39
0 7 40
0 7 41
0 7 42
0 7 43
0 7 44
0 7 45
0 7 48
0 7 49
0 7 54
0 7 55
0 7 56
0 7 58
0 7 59
0 7 62
0 7 64
0 7 66
0 7 69
0 7 73
0 7 74
0 7 75
0 7 76
0 7 78
0 7 79
0 7 82
0 7 84
0 7 85
0 7 87
0 7 88
0 7 89
0 7 90
0 7 92
0 7 93
0 7 94
0 7 95
0 7 96
0 7 97
0 7 98
0 7 99
0 7 101
0 8 2
0 8 7
0 8 9
0 8 10
0 8 11
0 8 12
0 8 13
0 8 15
0 8 16
0 8 19
0 8 20
0 8 21
0 8 22
0 8 25
0 8 26
0 8 28
0 8 29
0 8 30
0 8 31
0 8 32
0 8 33
0 8 34
0 8 37
0 8 38
0 8 39
0 8 41
0 8 44
0 8 47
0 8 48
0 8 49
0 8 51
0 8 52
0 8 53
0 8 55
0 8 57
0 8 59
0 8 60
0 8 61
0 8 62
0 8 63
0 8 64
0 8 67
0 8 70
0 8 71
0 8 72
0 8 73
0 8 74
0 8 75
0 8 76
0 8 77
0 8 78
0 8 79
0 8 80
0 8 81
0 8 82
0 8 85
0 8 89
0 8 91
0 8 92
0 8 93
0 8 94
0 8 96
0 8 97
0 8 99
0 8 100
0 8 102
0 9 0
0 9 1
0 9 2
0 9 3
0 9 5
0 9 6
0 9 7
0 9 8
0 9 9
0 9 12
0 9 13
0 9 14
0 9 18
0 9 19
0 9 20
0 9 22
0 9 24
0 9 26
0 9 27
0 9 28
0 9 29
0 9 33
0 9 34
0 9 37
0 9 38
0 9 39
0 9 43
0 9 44
0 9 46
0 9 47
0 9 50
0 9 51
0 9 53
0 9 54
0 9 55
0 9 56
0 9 57
0 9 58
0 9 59
0 9 61
0 9 62
0 9 63
0 9 64
0 9 65
0 9 66
0 9 67
0 9 68
0 9 69
0 9 70
0 9 71
0 9 72
0 9 73
0 9 74
0 9 76
0 9 77
0 9 78
0 9 81
0 9 82
0 9 83
0 9 84
0 9 88
0 9 89
0 9 90
0 9 91
0 9 92
0 9 93
0 9 95
0 9 96
0 9 98
0 9 100
0 9 101
0 10 0
0 10 1
0 10 2
0 10 3
0 10 4
0 10 5
0 10 6
0 10 8
0 10 9
0 10 10
0 10 11
0 10 12
0 10 15
0 10 16
0 10 18
0 10 19
0 10 20
0 10 21
0 10 22
0 10 24
0 10 26
0 10 27
0 10 28
0 10 29
0 10 30
0 10 31
0 10 32
0 10 34
0 10 36
0 10 38
0 10 39
0 10 40
0 10 42
0 10 43
0 10 45
0 10 46
0 10 48
0 10 49
0 10 51
0 10 52
0 10 56
0 10 58
0 10 61
0 10 64
0 10 66
0 10 67
0 10 68
0 10 70
0 10 71
0 10 73
0 10 74
0 10 75
0 10 77
0 10 78
0 10 79
0 10 80
0 10 83
0 10 85
0 10 86
0 10 87
0 10 88
0 10 90
0 10 91
0 10 92
0 10 93
0 10 95
0 10 96
0 10 99
0 10 100
0 10 101
0 10 102
0 11 1
0 11 2
0 11 5
0 11 7
0 11 8
0 11 9
0 11 12
0 11 15
0 11 17
0 11 18
0 11 19
0 11 21
0 11 23
0 11 25
0 11 26
0 11 28
0 11 29
0 11 30
0 11 31
0 11 32
0 11 33
0 11 35
0 11 36
0 11 37
0 11 39
0 11 40
0 11 41
0 11 42
0 11 43
0 11 44
0 11 46
0 11 47
0 11 48
0 11 49
0 11 50
0 11 51
0 11 52
0 11 53
0 11 55
0 11 56
0 11 57
0 11 61
0 11 65
0 11 66
0 11 67
0 11 68
0 11 72
0 11 74
0 11 75
0 11 76
0 11 79
0 11 80
0 11 81
0 11 83
0 11 84
0 11 87
0 11 88
0 11 90
0 11 91
0 11 92
0 11 94
0 11 95
0 11 96
0 11 97
0 11 99
0 11 101
0 11 102
0 12 0
0 12 1
0 12 2
0 12 3
0 12 5
0 12 7
0 12 8
0 12 10
0 12 11
0 12 12
0 12 13
0 12 15
0 12 16
0 12 17
0 12 18
0 12 21
0 12 22
0 12 23
0 12 25
0 12 26
0 12 27
0 12 28
0 12 31
0 12 32
0 12 34
0 12 35
0 12 36
0 12 38
0 12 39
0 12 41
0 12 42
0 12 43
0 12 44
0 12 46
0 12 48
0 12 50
0 12 52
0 12 53
0 12 54
0 12 55
0 12 56
0 12 57
0 12 58
0 12 60
0 12 61
0 12 62
0 12 63
0 12 66
0 12 67
0 12 68
0 12 69
0 12 70
0 12 71
0 12 72
0 12 75
0 12 76
0 12 77
0 12 79
0 12 80
0 12 81
0 12 84
0 12 85
0 12 87
0 12 90
0 12 92
0 12 94
0 12 96
0 12 97
0 12 98
0 12 99
0 12 100
0 13 0
0 13 1
0 13 2
0 13 4
0 13 5
0 13 6
0 13 7
0 13 9
0 13 11
0 13 12
0 13 13
0 13 14
0 13 15
0 13 16
0 13 19
0 13 20
0 13 22
0 13 23
0 13 25
0 13 27
0 13 28
0 13 30
0 13 34
0 13 35
0 13 36
0 13 37
0 13 38
0 13 44
0 13 45
0 13 47
0 13 48
0 13 49
0 13 51
0 13 52
0 13 53
0 13 54
0 13 55
0 13 56
0 13 57
0 13 59
0 13 60
0 13 61
0 13 62
0 13 63
0 13 64
0 13 65
0 13 67
0 13 68
0 13 69
0 13 72
0 13 75
0 13 76
0 13 78
0 13 79
0 13 81
0 13 82
0 13 85
0 13 87
0 13 88
0 13 90
0 13 94
0 13 95
0 13 96
0 13 97
0 13 98
0 13 99
0 13 101
0 13 102
0 14 1
0 14 3
0 14 6
0 14 7
0 14 9
0 14 10
0 14 11
0 14 14
0 14 16
0 14 17
0 14 19
0 14 22
0 14 24
0 14 25
0 14 26
0 14 28
0 14 29
0 14 30
0 14 33
0 14 34
0 14 35
0 14 36
0 14 37
0 14 38
0 14 39
0 14 42
0 14 43
0 14 44
0 14 46
0 14 47
0 14 48
0 14 49
0 14 50
0 14 51
0 14 53
0 14 54
0 14 56
0 14 57
0 14 58
0 14 59
0 14 63
0 14 64
0 14 65
0 14 66
0 14 70
0 14 71
0 14 73
0 14 74
0 14 75
0 14 77
0 14 79
0 14 80
0 14 81
0 14 86
0 14 87
0 14 88
0 14 94
0 14 96
0 14 99
0 14 101
0 14 102
0 15 0
0 15 1
0 15 2
0 15 4
0 15 5
0 15 6
0 15 7
0 15 8
0 15 10
0 15 11
0 15 12
0 15 13
0 15 16
0 15 17
0 15 18
0 15 19
0 15 21
0 15 23
0 15 25
0 15 26
0 15 27
0 15 29
0 15 30
0 15 31
0 15 32
0 15 34
0 15 35
0 15 36
0 15 37
0 15 38
0 15 40
0 15 41
0 15 42
0 15 46
0 15 47
0 15 49
0 15 53
0 15 54
0 15 55
0 15 57
0 15 60
0 15 63
0 15 64
0 15 66
0 15 68
0 15 70
0 15 71
0 15 72
0 15 73
0 15 74
0 15 76
0 15 77
0 15 79
0 15 80
0 15 81
0 15 83
0 15 84
0 15 85
0 15 87
0 15 88
0 15 89
0 15 90
0 15 91
0 15 94
0 15 95
0 15 96
0 15 97
0 15 98
0 15 99
0 15 100
0 16 0
0 16 1
0 16 2
0 16 3
0 16 4
0 16 5
0 16 6
0 16 7
0 16 8
0 16 11
0 16 15
0 16 16
0 16 17
0 16 18
0 16 20
0 16 21
0 16 22
0 16 26
0 16 27
0 16 29
0 16 31
0 16 32
0 16 33
0 16 34
0 16 36
0 16 37
0 16 38
0 16 39
0 16 40
0 16 43
0 16 44
0 16 46
0 16 47
0 16 48
0 16 49
0 16 51
0 16 53
0 16 54
0 16 58
0 16 63
0 16 65
0 16 72
0 16 73
0 16 74
0 16 77
0 16 79
0 16 80
0 16 81
0 16 83
0 16 85
0 16 86
0 16 87
0 16 88
0 16 89
0 16 90
0 16 91
0 16 92
0 16 95
0 16 96
0 16 97
0 16 100
0 16 101
0 17 0
0 17 1
0 17 2
0 17 3
0 17 4
0 17 5
0 17 6
0 17 10
0 17 11
0 17 12
0 17 15
0 17 16
0 17 17
0 17 19
0 17 21
0 17 24
0 17 26
0 17 28
0 17 31
0 17 33
0 17 34
0 17 36
0 17 40
0 17 41
0 17 42
0 17 44
0 17 46
0 17 47
0 17 49
0 17 51
0 17 52
0 17 53
0 17 54
0 17 55
0 17 56
0 17 57
0 17 59
0 17 60
0 17 61
0 17 62
0 17 63
0 17 65
0 17 66
0 17 67
0 17 69
0 17 70
0 17 71
0 17 74
0 17 75
0 17 76
0 17 77
0 17 81
0 17 86
0 17 87
0 17 88
0 17 89
0 17 90
0 17 92
0 17 93
0 17 95
0 17 96
0 17 97
0 17 98
0 18 0
0 18 1
0 18 2
0 18 4
0 18 5
0 18 6
0 18 10
0 18 11
0 18 12
0 18 13
0 18 17
0 18 19
0 18 20
0 18 21
0 18 22
0 18 23
0 18 24
0 18 25
0 18 26
0 18 27
0 18 29
0 18 33
0 18 34
0 18 35
0 18 36
0 18 37
0 18 38
0 18 39
0 18 40
0 18 43
0 18 44
0 18 45
0 18 46
0 18 47
0 18 50
0 18 51
0 18 52
0 18 55
0 18 56
0 18 57
0 18 58
0 18 59
0 18 64
0 18 65
0 18 66
0 18 67
0 18 68
0 18 69
0 18 70
0 18 71
0 18 76
0 18 77
0 18 78
0 18 79
0 18 80
0 18 82
0 18 83
0 18 85
0 18 86
0 18 88
0 18 89
0 18 90
0 18 91
0 18 92
0 18 93
0 18 94
0 18 95
0 18 98
0 18 99
0 18 101
0 18 102
0 19 0
0 19 4
0 19 8
0 19 9
0 19 11
0 19 13
0 19 14
0 19 15
0 19 16
0 19 17
0 19 20
0 19 22
0 19 27
0 19 28
0 19 29
0 19 30
0 19 31
0 19 32
0 19 33
0 19 34
0 19 35
0 19 36
0 19 37
0 19 38
0 19 39
0 19 42
0 19 43
0 19 44
0 19 47
0 19 48
0 19 51
0 19 52
0 19 53
0 19 56
0 19 59
0 19 60
0 19 62
0 19 64
0 19 68
0 19 72
0 19 73
0 19 74
0 19 75
0 19 76
0 19 77
0 19 78
0 19 79
0 19 80
0 19 82
0 19 84
0 19 86
0 19 87
0 19 89
0 19 90
0 19 91
0 19 92
0 19 95
0 19 97
0 19 99
0 19 101
0 19 102
0 20 0
0 20 1
0 20 2
0 20 3
0 20 4
0 20 8
0 20 9
0 20 10
0 20 11
0 20 14
0 20 15
0 20 17
0 20 18
0 20 19
0 20 20
0 20 21
0 20 22
0 20 23
0 20 27
0 20 28
0 20 29
0 20 31
0 20 36
0 20 37
0 20 40
0 20 42
0 20 43
0 20 45
0 20 46
0 20 47
0 20 48
0 20 49
0 20 53
0 20 55
0 20 56
0 20 60
0 20 61
0 20 62
0 20 63
0 20 64
0 20 65
0 20 66
0 20 67
0 20 68
0 20 70
0 20 71
0 20 72
0 20 73
0 20 77
0 20 79
0 20 80
0 20 81
0 20 83
0 20 84
0 20 85
0 20 88
0 20 89
0 20 90
0 20 91
0 20 92
0 20 93
0 20 94
0 20 97
0 20 98
0 20 100
0 20 101
0 20 102
0 21 0
0 21 1
0 21 2
0 21 3
0 21 6
0 21 8
0 21 9
0 21 10
0 21 11
0 21 12
0 21 13
0 21 14
0 21 16
0 21 18
0 21 19
0 21 21
0 21 23
0 21 24
0 21 26
0 21 27
0 21 28
0 21 31
0 21 32
0 21 35
0 21 36
0 21 37
0 21 38
0 21 39
0 21 41
0 21 43
0 21 44
0 21 47
0 21 49
0 21 51
0 21 52
0 21 55
0 21 57
0 21 58
0 21 60
0 21 61
0 21 62
0 21 63
0 21 64
0 21 65
0 21 66
0 21 67
0 21 68
0 21 69
0 21 70
0 21 72
0 21 73
0 21 74
0 21 75
0 21 77
0 21 78
0 21 79
0 21 80
0 21 81
0 21 82
0 21 83
0 21 84
0 21 85
0 21 86
0 21 87
0 21 91
0 21 92
0 21 93
0 21 95
0 21 96
0 21 97
0 21 98
0 21 99
0 21 100
0 21 102
0 22 0
0 22 1
0 22 3
0 22 4
0 22 5
0 22 6
0 22 7
0 22 8
0 22 10
0 22 11
0 22 12
0 22 13
0 22 15
0 22 16
0 22 17
0 22 19
0 22 20
0 22 21
0 22 22
0 22 23
0 22 26
0 22 27
0 22 28
0 22 30
0 22 31
0 22 32
0 22 33
0 22 35
0 22 36
0 22 37
0 22 38
0 22 40
0 22 41
0 22 42
0 22 44
0 22 45
0 22 46
0 22 48
0 22 49
0 22 50
0 22 52
0 22 53
0 22 54
0 22 55
0 22 56
0 22 61
0 22 62
0 22 63
0 22 65
0 22 66
0 22 67
0 22 68
0 22 71
0 22 72
0 22 73
0 22 75
0 22 77
0 22 78
0 22 79
0 22 80
0 22 81
0 22 82
0 22 86
0 22 87
0 22 89
0 22 90
0 22 93
0 22 95
0 22 96
0 22 97
0 22 98
0 22 101
0 23 1
0 23 2
0 23 3
0 23 4
0 23 6
0 23 8
0 23 11
0 23 13
0 23 15
0 23 17
0 23 18
0 23 19
0 23 20
0 23 21
0 23 22
0 23 23
0 23 27
0 23 28
0 23 29
0 23 30
0 23 31
0 23 34
0 23 36
0 23 37
0 23 38
0 23 40
0 23 42
0 23 43
0 23 44
0 23 45
0 23 46
0 23 49
0 23 54
0 23 55
0 23 56
0 23 57
0 23 58
0 23 59
0 23 61
0 23 62
0 23 63
0 23 66
0 23 68
0 23 69
0 23 70
0 23 71
0 23 73
0 23 75
0 23 77
0 23 79
0 23 81
0 23 84
0 23 85
0 23 86
0 23 87
0 23 88
0 23 89
0 23 91
0 23 92
0 23 93
0 23 94
0 23 96
0 23 97
0 23 100
0 23 101
0 23 102
0 24 0
0 24 2
0 24 3
0 24 4
0 24 13
0 24 14
0 24 19
0 24 21
0 24 24
0 24 25
0 24 27
0 24 29
0 24 32
0 24 33
0 24 34
0 24 35
0 24 36
0 24 39
0 24 40
0 24 41
0 24 44
0 24 45
0 24 46
0 24 47
0 24 48
0 24 49
0 24 52
0 24 54
0 24 56
0 24 57
0 24 58
0 24 59
0 24 60
0 24 61
0 24 62
0 24 63
0 24 65
0 24 66
0 24 67
0 24 68
0 24 70
0 24 71
0 24 73
0 24 75
0 24 77
0 24 79
0 24 81
0 24 82
0 24 84
0 24 86
0 24 88
0 24 89
0 24 91
0 24 94
0 24 95
0 24 97
0 24 98
0 24 99
0 24 102
0 25 1
0 25 2
0 25 3
0 25 5
0 25 8
0 25 12
0 25 14
0 25 19
0 25 20
0 25 24
0 25 25
0 25 26
0 25 30
0 25 31
0 25 32
0 25 33
0 25 34
0 25 35
0 25 36
0 25 38
0 25 41
0 25 42
0 25 43
0 25 44
0 25 47
0 25 48
0 25 50
0 25 52
0 25 54
0 25 55
0 25 56
0 25 57
0 25 59
0 25 60
0 25 61
0 25 62
0 25 65
0 25 66
0 25 67
0 25 68
0 25 70
0 25 71
0 25 73
0 25 74
0 25 76
0 25 77
0 25 79
0 25 80
0 25 82
0 25 84
0 25 85
0 25 88
0 25 92
0 25 94
0 25 96
0 25 97
0 25 101
0 25 102
0 26 1
0 26 2
0 26 3
0 26 5
0 26 7
0 26 8
0 26 9
0 26 11
0 26 14
0 26 15
0 26 16
0 26 17
0 26 19
0 26 20
0 26 21
0 26 24
0 26 25
0 26 28
0 26 30
0 26 33
0 26 34
0 26 38
0 26 39
0 26 41
0 26 43
0 26 44
0 26 45
0 26 46
0 26 49
0 26 53
0 26 54
0 26 55
0 26 56
0 26 58
0 26 59
0 26 60
0 26 61
0 26 62
0 26 64
0 26 65
0 26 67
0 26 69
0 26 70
0 26 71
0 26 73
0 26 75
0 26 76
0 26 77
0 26 78
0 26 81
0 26 82
0 26 83
0 26 84
0 26 86
0 26 87
0 26 90
0 26 91
0 26 95
0 26 98
0 26 100
0 26 101
0 27 0
0 27 1
0 27 2
0 27 4
0 27 5
0 27 6
0 27 7
0 27 8
0 27 12
0 27 14
0 27 15
0 27 18
0 27 19
0 27 20
0 27 21
0 27 22
0 27 24
0 27 26
0 27 28
0 27 29
0 27 30
0 27 32
0 27 34
0 27 36
0 27 41
0 27 42
0 27 44
0 27 45
0 27 46
0 27 50
0 27 51
0 27 53
0 27 54
0 27 55
0 27 56
0 27 57
0 27 58
0 27 60
0 27 61
0 27 63
0 27 65
0 27 66
0 27 67
0 27 68
0 27 73
0 27 74
0 27 75
0 27 76
0 27 77
0 27 78
0 27 79
0 27 81
0 27 84
0 27 87
0 27 88
0 27 89
0 27 91
0 27 93
0 27 94
0 27 98
0 27 100
0 27 102
1 0 0
1 0 1
1 0 2
1 0 3
1 0 4
1 0 6
1 0 7
1 0 9
1 0 11
1 0 12
1 0 13
1 0 14
1 0 16
1 0 18
1 0 19
1 0 20
1 0 22
1 0 23
1 0 25
1 0 28
1 0 29
1 1 0
1 1 1
1 1 3
1 1 4
1 1 5
1 1 8
1 1 9
1 1 10
1 1 12
1 1 13
1 1 14
1 1 15
1 1 16
1 1 17
1 1 18
1 1 20
1 1 21
1 1 23
1 1 24
1 1 26
1 1 27
1 1 28
1 1 29
1 2 0
1 2 1
1 2 4
1 2 5
1 2 6
1 2 8
1 2 9
1 2 10
1 2 11
1 2 14
1 2 15
1 2 17
1 2 18
1 2 21
1 2 22
1 2 24
1 2 25
1 2 26
1 2 27
1 2 28
1 2 30
1 2 31
1 3 1
1 3 2
1 3 4
1 3 5
1 3 6
1 3 9
1 3 11
1 3 12
1 3 13
1 3 15
1 3 16
1 3 19
1 3 20
1 3 21
1 3 22
1 3 23
1 3 25
1 3 26
1 3 28
1 3 29
1 3 30
1 3 31
1 4 0
1 4 2
1 4 3
1 4 4
1 4 7
1 4 8
1 4 9
1 4 10
1 4 13
1 4 16
1 4 17
1 4 18
1 4 19
1 4 20
1 4 21
1 4 23
1 4 24
1 4 26
1 4 27
1 4 28
1 4 29
1 4 30
1 5 0
1 5 1
1 5 3
1 5 4
1 5 5
1 5 6
1 5 7
1 5 8
1 5 10
1 5 11
1 5 12
1 5 13
1 5 14
1 5 15
1 5 16
1 5 17
1 5 20
1 5 22
1 5 23
1 5 24
1 5 26
1 5 30
1 5 31
1 6 1
1 6 3
1 6 7
1 6 9
1 6 10
1 6 11
1 6 13
1 6 14
1 6 16
1 6 17
1 6 18
1 6 20
1 6 21
1 6 22
1 6 23
1 6 28
1 6 29
1 6 30
1 7 0
1 7 1
1 7 4
1 7 5
1 7 6
1 7 9
1 7 11
1 7 13
1 7 14
1 7 15
1 7 16
1 7 17
1 7 18
1 7 19
1 7 21
1 7 24
1 7 26
1 7 27
1 7 29
1 7 30
1 8 1
1 8 2
1 8 3
1 8 7
1 8 8
1 8 9
1 8 12
1 8 13
1 8 15
1 8 16
1 8 18
1 8 20
1 8 21
1 8 23
1 8 25
1 8 26
1 8 27
1 8 28
1 8 29
1 8 31
1 9 1
1 9 2
1 9 4
1 9 5
1 9 6
1 9 9
1 9 10
1 9 14
1 9 15
1 9 16
1 9 17
1 9 18
1 9 20
1 9 21
1 9 22
1 9 23
1 9 24
1 9 26
1 9 27
1 9 28
1 9 31
1 10 0
1 10 1
1 10 2
1 10 3
1 10 4
1 10 5
1 10 7
1 10 8
1 10 10
1 10 11
1 10 12
1 10 14
1 10 16
1 10 19
1 10 20
1 10 22
1 10 24
1 10 28
1 10 29
1 10 30
1 10 31
1 11 0
1 11 2
1 11 3
1 11 5
1 11 9
1 11 13
1 11 14
1 11 15
1 11 16
1 11 17
1 11 18
1 11 19
1 11 20
1 11 23
1 11 24
1 11 25
1 11 26
1 11 28
1 11 29
1 11 30
1 11 31
1 12 1
1 12 2
1 12 3
1 12 4
1 12 8
1 12 10
1 12 11
1 12 12
1 12 13
1 12 14
1 12 15
1 12 16
1 12 17
1 12 18
1 12 20
1 12 21
1 12 23
1 12 25
1 12 26
1 12 27
1 12 28
1 12 29
1 12 30
1 13 1
1 13 4
1 13 7
1 13 8
1 13 10
1 13 16
1 13 18
1 13 19
1 13 22
1 13 23
1 13 24
1 13 25
1 13 29
1 13 31
1 14 0
1 14 1
1 14 3
1 14 5
1 14 8
1 14 9
1 14 10
1 14 11
1 14 12
1 14 15
1 14 17
1 14 18
1 14 20
1 14 22
1 14 24
1 14 25
1 14 27
1 14 28
1 14 29
1 14 30
1 14 31
1 15 1
1 15 6
1 15 7
1 15 10
1 15 13
1 15 14
1 15 15
1 15 20
1 15 21
1 15 22
1 15 23
1 15 24
1 15 25
1 15 26
1 15 27
1 15 28
1 15 30
1 16 0
1 16 2
1 16 3
1 16 4
1 16 5
1 16 7
1 16 11
1 16 12
1 16 13
1 16 14
1 16 15
1 16 16
1 16 20
1 16 21
1 16 22
1 16 23
1 16 24
1 16 25
1 16 29
1 16 30
1 17 0
1 17 3
1 17 5
1 17 6
1 17 7
1 17 8
1 17 10
1 17 11
1 17 12
1 17 14
1 17 15
1 17 16
1 17 17
1 17 18
1 17 19
1 17 20
1 17 21
1 17 22
1 17 23
1 17 25
1 17 26
1 17 27
1 17 29
1 17 30
1 18 0
1 18 1
1 18 2
1 18 3
1 18 4
1 18 6
1 18 7
1 18 8
1 18 10
1 18 11
1 18 12
1 18 13
1 18 14
1 18 15
1 18 20
1 18 21
1 18 23
1 18 25
1 18 26
1 18 27
1 18 28
1 18 29
1 18 30
1 18 31
1 19 0
1 19 1
1 19 3
1 19 4
1 19 5
1 19 8
1 19 9
1 19 10
1 19 11
1 19 14
1 19 15
1 19 18
1 19 21
1 19 22
1 19 23
1 19 24
1 19 26
1 19 27
1 19 28
1 19 29
1 19 31
1 20 0
1 20 2
1 20 3
1 20 6
1 20 7
1 20 9
1 20 10
1 20 16
1 20 17
1 20 20
1 20 22
1 20 23
1 20 25
1 20 28
1 20 30
1 21 0
1 21 2
1 21 4
1 21 6
1 21 7
1 21 8
1 21 9
1 21 13
1 21 16
1 21 18
1 21 19
1 21 23
1 21 24
1 21 25
1 21 26
1 21 27
1 21 28
1 21 31
1 22 0
1 22 1
1 22 2
1 22 3
1 22 4
1 22 5
1 22 8
1 22 9
1 22 10
1 22 11
1 22 13
1 22 14
1 22 15
1 22 17
1 22 18
1 22 19
1 22 20
1 22 21
1 22 23
1 22 24
1 22 25
1 22 26
1 22 27
1 22 29
1 22 30
1 22 31
1 23 2
1 23 5
1 23 6
1 23 9
1 23 11
1 23 15
1 23 16
1 23 22
1 23 28
1 23 30
1 23 31
1 24 0
1 24 1
1 24 2
1 24 3
1 24 4
1 24 7
1 24 8
1 24 9
1 24 10
1 24 12
1 24 13
1 24 14
1 24 18
1 24 20
1 24 22
1 24 23
1 24 25
1 24 26
1 24 28
1 24 30
1 25 0
1 25 1
1 25 6
1 25 7
1 25 11
1 25 13
1 25 17
1 25 18
1 25 20
1 25 21
1 25 23
1 25 24
1 25 25
1 25 26
1 25 27
1 25 28
1 25 29
1 25 30
1 26 1
1 26 2
1 26 3
1 26 6
1 26 12
1 26 13
1 26 14
1 26 15
1 26 16
1 26 17
1 26 18
1 26 22
1 26 23
1 26 25
1 26 26
1 26 27
1 26 29
1 26 30
1 26 31
1 27 2
1 27 4
1 27 5
1 27 9
1 27 10
1 27 11
1 27 12
1 27 14
1 27 15
1 27 17
1 27 18
1 27 19
1 27 20
1 27 21
1 27 23
1 27 24
1 27 25
1 27 26
1 27 27
1 27 28
1 27 30
1 27 31
1 28 0
1 28 1
1 28 3
1 28 5
1 28 7
1 28 8
1 28 9
1 28 10
1 28 11
1 28 12
1 28 13
1 28 15
1 28 17
1 28 18
1 28 21
1 28 23
1 28 24
1 28 26
1 28 27
1 28 29
1 28 30
1 29 1
1 29 2
1 29 6
1 29 7
1 29 10
1 29 11
1 29 12
1 29 13
1 29 15
1 29 16
1 29 17
1 29 18
1 29 20
1 29 21
1 29 24
1 29 25
1 29 27
1 29 29
1 29 30
1 29 31
1 30 0
1 30 1
1 30 3
1 30 4
1 30 6
1 30 7
1 30 8
1 30 11
1 30 12
1 30 13
1 30 14
1 30 15
1 30 18
1 30 19
1 30 20
1 30 21
1 30 22
1 30 24
1 30 25
1 30 26
1 30 27
1 30 28
1 30 29
1 30 31
1 31 1
1 31 2
1 31 3
1 31 5
1 31 6
1 31 9
1 31 11
1 31 12
1 31 15
1 31 16
1 31 17
1 31 18
1 31 19
1 31 21
1 31 23
1 31 25
1 31 26
1 31 28
1 31 29
1 31 31
1 32 3
1 32 4
1 32 5
1 32 6
1 32 11
1 32 12
1 32 15
1 32 16
1 32 17
1 32 19
1 32 21
1 32 22
1 32 23
1 32 26
1 32 27
1 32 30
1 32 31
1 33 0
1 33 3
1 33 5
1 33 6
1 33 7
1 33 8
1 33 9
1 33 11
1 33 13
1 33 14
1 33 15
1 33 16
1 33 17
1 33 19
1 33 20
1 33 22
1 33 23
1 33 24
1 33 25
1 33 26
1 33 27
1 33 29
1 33 30
1 34 1
1 34 2
1 34 6
1 34 7
1 34 8
1 34 9
1 34 10
1 34 12
1 34 15
1 34 16
1 34 18
1 34 20
1 34 21
1 34 24
1 34 25
1 34 26
1 34 27
1 34 29
1 34 30
1 35 0
1 35 1
1 35 2
1 35 4
1 35 5
1 35 6
1 35 7
1 35 8
1 35 9
1 35 11
1 35 13
1 35 14
1 35 15
1 35 16
1 35 17
1 35 22
1 35 23
1 35 26
1 35 27
1 35 28
1 35 29
1 35 30
1 35 31
1 36 2
1 36 3
1 36 4
1 36 5
1 36 7
1 36 8
1 36 9
1 36 12
1 36 13
1 36 14
1 36 17
1 36 19
1 36 22
1 36 23
1 36 27
1 36 30
1 37 0
1 37 2
1 37 3
1 37 4
1 37 5
1 37 7
1 37 9
1 37 10
1 37 12
1 37 13
1 37 15
1 37 16
1 37 17
1 37 18
1 37 19
1 37 20
1 37 21
1 37 23
1 37 25
1 37 26
1 37 28
1 37 29
1 37 30
1 38 0
1 38 1
1 38 2
1 38 3
1 38 4
1 38 5
1 38 6
1 38 8
1 38 10
1 38 11
1 38 12
1 38 13
1 38 14
1 38 16
1 38 17
1 38 19
1 38 20
1 38 21
1 38 22
1 38 23
1 38 28
1 38 29
1 38 31
1 39 1
1 39 2
1 39 3
1 39 5
1 39 6
1 39 7
1 39 9
1 39 10
1 39 11
1 39 12
1 39 13
1 39 14
1 39 16
1 39 17
1 39 19
1 39 21
1 39 24
1 39 25
1 39 28
1 39 30
1 39 31
1 40 0
1 40 1
1 40 2
1 40 3
1 40 7
1 40 9
1 40 10
1 40 11
1 40 13
1 40 14
1 40 15
1 40 16
1 40 18
1 40 19
1 40 20
1 40 22
1 40 23
1 40 26
1 40 28
1 40 29
1 40 30
1 40 31
1 41 0
1 41 1
1 41 2
1 41 3
1 41 6
1 41 8
1 41 9
1 41 10
1 41 11
1 41 12
1 41 13
1 41 14
1 41 16
1 41 17
1 41 18
1 41 19
1 41 22
1 41 23
1 41 24
1 41 25
1 41 26
1 41 27
1 41 31
1 42 0
1 42 1
1 42 2
1 42 3
1 42 4
1 42 6
1 42 7
1 42 11
1 42 12
1 42 13
1 42 14
1 42 16
1 42 17
1 42 18
1 42 19
1 42 20
1 42 21
1 42 22
1 42 23
1 42 24
1 42 25
1 42 26
1 42 27
1 42 28
1 42 29
1 42 30
1 43 0
1 43 3
1 43 4
1 43 5
1 43 6
1 43 7
1 43 8
1 43 9
1 43 10
1 43 11
1 43 14
1 43 16
1 43 19
1 43 20
1 43 25
1 43 26
1 43 28
1 43 29
1 43 30
1 44 1
1 44 2
1 44 3
1 44 5
1 44 6
1 44 7
1 44 8
1 44 9
1 44 11
1 44 12
1 44 16
1 44 17
1 44 18
1 44 21
1 44 24
1 44 26
1 44 27
1 44 29
1 44 30
1 44 31
1 45 0
1 45 1
1 45 2
1 45 4
1 45 5
1 45 6
1 45 8
1 45 11
1 45 12
1 45 14
1 45 17
1 45 19
1 45 22
1 45 23
1 45 24
1 45 25
1 45 27
1 45 28
1 45 29
1 45 30
1 46 1
1 46 2
1 46 7
1 46 8
1 46 9
1 46 11
1 46 12
1 46 13
1 46 14
1 46 15
1 46 16
1 46 17
1 46 18
1 46 19
1 46 20
1 46 21
1 46 22
1 46 23
1 46 24
1 46 27
1 46 28
1 46 31
1 47 0
1 47 2
1 47 3
1 47 5
1 47 7
1 47 8
1 47 9
1 47 10
1 47 11
1 47 12
1 47 15
1 47 16
1 47 17
1 47 19
1 47 20
1 47 21
1 47 23
1 47 24
1 47 25
1 47 28
1 47 29
1 47 30
1 47 31
1 48 0
1 48 1
1 48 3
1 48 4
1 48 5
1 48 7
1 48 8
1 48 9
1 48 10
1 48 11
1 48 14
1 48 15
1 48 16
1 48 17
1 48 18
1 48 20
1 48 21
1 48 23
1 48 25
1 48 26
1 48 27
1 48 28
1 48 29
1 48 30
1 48 31
1 49 0
1 49 2
1 49 3
1 49 4
1 49 5
1 49 6
1 49 7
1 49 8
1 49 9
1 49 10
1 49 11
1 49 12
1 49 13
1 49 14
1 49 15
1 49 16
1 49 19
1 49 21
1 49 26
1 49 27
1 49 28
1 49 29
1 50 1
1 50 3
1 50 5
1 50 6
1 50 7
1 50 10
1 50 11
1 50 12
1 50 15
1 50 16
1 50 18
1 50 19
1 50 24
1 50 25
1 50 27
1 50 30
1 50 31
1 51 0
1 51 1
1 51 3
1 51 5
1 51 6
1 51 7
1 51 8
1 51 9
1 51 11
1 51 13
1 51 15
1 51 16
1 51 17
1 51 18
1 51 21
1 51 24
1 51 25
1 51 26
1 51 28
1 51 29
1 51 30
1 51 31
1 52 0
1 52 2
1 52 3
1 52 5
1 52 7
1 52 8
1 52 10
1 52 12
1 52 13
1 52 14
1 52 15
1 52 16
1 52 17
1 52 18
1 52 19
1 52 20
1 52 22
1 52 23
1 52 24
1 52 26
1 52 28
1 52 30
1 52 31
1 53 1
1 53 2
1 53 4
1 53 5
1 53 7
1 53 8
1 53 9
1 53 10
1 53 11
1 53 13
1 53 14
1 53 16
1 53 17
1 53 20
1 53 23
1 53 25
1 53 26
1 53 27
1 53 28
1 53 29
1 53 30
1 53 31
1 54 0
1 54 2
1 54 3
1 54 4
1 54 6
1 54 8
1 54 9
1 54 10
1 54 11
1 54 12
1 54 14
1 54 15
1 54 16
1 54 17
1 54 22
1 54 23
1 54 25
1 54 26
1 54 28
1 54 29
1 54 30
1 54 31
1 55 5
1 55 9
1 55 10
1 55 11
1 55 12
1 55 14
1 55 18
1 55 19
1 55 21
1 55 23
1 55 24
1 55 26
1 55 27
1 55 28
1 55 31
1 56 1
1 56 2
1 56 3
1 56 5
1 56 6
1 56 7
1 56 8
1 56 9
1 56 10
1 56 12
1 56 13
1 56 15
1 56 17
1 56 18
1 56 20
1 56 21
1 56 22
1 56 24
1 56 25
1 56 26
1 56 27
1 56 28
1 56 29
1 56 30
1 57 1
1 57 2
1 57 4
1 57 7
1 57 9
1 57 11
1 57 12
1 57 13
1 57 15
1 57 16
1 57 19
1 57 20
1 57 22
1 57 25
1 57 27
1 57 28
1 58 0
1 58 1
1 58 3
1 58 4
1 58 5
1 58 6
1 58 7
1 58 10
1 58 12
1 58 13
1 58 14
1 58 15
1 58 16
1 58 17
1 58 19
1 58 20
1 58 23
1 58 24
1 58 25
1 58 27
1 58 28
1 58 29
1 58 30
1 59 1
1 59 2
1 59 3
1 59 5
1 59 6
1 59 7
1 59 8
1 59 10
1 59 12
1 59 13
1 59 14
1 59 15
1 59 16
1 59 17
1 59 19
1 59 21
1 59 23
1 59 25
1 59 26
1 59 28
1 59 31
1 60 0
1 60 3
1 60 5
1 60 6
1 60 7
1 60 9
1 60 10
1 60 11
1 60 12
1 60 15
1 60 16
1 60 19
1 60 20
1 60 22
1 60 24
1 60 25
1 60 26
1 60 28
1 61 0
1 61 1
1 61 2
1 61 5
1 61 7
1 61 8
1 61 9
1 61 11
1 61 13
1 61 14
1 61 15
1 61 16
1 61 18
1 61 19
1 61 21
1 61 22
1 61 23
1 61 25
1 61 28
1 61 29
1 61 30
1 61 31
1 62 0
1 62 1
1 62 3
1 62 4
1 62 5
1 62 6
1 62 7
1 62 8
1 62 12
1 62 13
1 62 14
1 62 17
1 62 19
1 62 20
1 62 21
1 62 22
1 62 23
1 62 25
1 62 26
1 62 27
1 62 28
1 62 29
1 63 0
1 63 2
1 63 6
1 63 7
1 63 9
1 63 10
1 63 11
1 63 12
1 63 13
1 63 16
1 63 17
1 63 18
1 63 19
1 63 20
1 63 21
1 63 22
1 63 23
1 63 26
1 63 29
1 63 30
1 64 0
1 64 2
1 64 4
1 64 6
1 64 8
1 64 9
1 64 10
1 64 12
1 64 13
1 64 14
1 64 15
1 64 18
1 64 19
1 64 20
1 64 22
1 64 23
1 64 25
1 64 26
1 64 27
1 64 29
1 64 30
1 65 2
1 65 3
1 65 4
1 65 5
1 65 7
1 65 8
1 65 9
1 65 10
1 65 11
1 65 13
1 65 14
1 65 15
1 65 17
1 65 19
1 65 20
1 65 21
1 65 22
1 65 24
1 65 25
1 65 28
1 65 29
1 65 30
1 65 31
1 66 1
1 66 2
1 66 3
1 66 5
1 66 7
1 66 8
1 66 12
1 66 13
1 66 14
1 66 15
1 66 16
1 66 18
1 66 20
1 66 21
1 66 22
1 66 23
1 66 24
1 66 25
1 66 26
1 66 29
1 66 30
1 66 31
1 67 2
1 67 4
1 67 7
1 67 10
1 67 11
1 67 12
1 67 14
1 67 15
1 67 17
1 67 21
1 67 22
1 67 23
1 67 25
1 67 26
1 67 28
1 67 29
1 67 30
1 67 31
1 68 0
1 68 1
1 68 3
1 68 6
1 68 7
1 68 9
1 68 10
1 68 11
1 68 13
1 68 14
1 68 16
1 68 17
1 68 18
1 68 21
1 68 23
1 68 24
1 68 25
1 68 27
1 68 28
1 68 29
1 68 30
1 69 0
1 69 2
1 69 3
1 69 4
1 69 5
1 69 6
1 69 7
1 69 8
1 69 10
1 69 12
1 69 14
1 69 16
1 69 17
1 69 19
1 69 20
1 69 22
1 69 24
1 69 27
1 69 29
1 69 30
1 70 0
1 70 1
1 70 3
1 70 4
1 70 7
1 70 9
1 70 10
1 70 12
1 70 14
1 70 15
1 70 16
1 70 17
1 70 18
1 70 19
1 70 21
1 70 22
1 70 23
1 70 26
1 70 28
1 70 31
1 71 0
1 71 2
1 71 3
1 71 4
1 71 5
1 71 6
1 71 7
1 71 8
1 71 9
1 71 11
1 71 12
1 71 14
1 71 15
1 71 16
1 71 17
1 71 18
1 71 20
1 71 21
1 71 23
1 71 24
1 71 26
1 71 27
1 71 28
1 71 29
1 71 31
1 72 0
1 72 4
1 72 9
1 72 12
1 72 13
1 72 14
1 72 15
1 72 16
1 72 18
1 72 19
1 72 20
1 72 21
1 72 22
1 72 24
1 72 25
1 72 26
1 72 27
1 72 28
1 72 29
1 73 1
1 73 4
1 73 5
1 73 7
1 73 8
1 73 10
1 73 11
1 73 12
1 73 13
1 73 17
1 73 18
1 73 19
1 73 20
1 73 22
1 73 23
1 73 24
1 73 26
1 73 28
1 73 29
1 73 30
1 73 31
1 74 0
1 74 2
1 74 4
1 74 6
1 74 7
1 74 8
1 74 9
1 74 10
1 74 12
1 74 14
1 74 16
1 74 18
1 74 19
1 74 25
1 74 26
1 74 27
1 74 28
1 74 31
1 75 1
1 75 3
1 75 4
1 75 5
1 75 7
1 75 8
1 75 9
1 75 11
1 75 13
1 75 14
1 75 17
1 75 18
1 75 19
1 75 21
1 75 22
1 75 23
1 75 27
1 75 28
1 75 29
1 75 30
1 75 31
1 76 0
1 76 2
1 76 4
1 76 5
1 76 7
1 76 8
1 76 9
1 76 11
1 76 14
1 76 15
1 76 16
1 76 17
1 76 18
1 76 20
1 76 21
1 76 23
1 76 24
1 76 25
1 76 27
1 76 29
1 77 0
1 77 2
1 77 3
1 77 5
1 77 9
1 77 10
1 77 11
1 77 12
1 77 13
1 77 14
1 77 15
1 77 16
1 77 19
1 77 20
1 77 22
1 77 24
1 77 25
1 77 26
1 77 28
1 77 29
1 77 30
1 77 31
1 78 0
1 78 1
1 78 2
1 78 4
1 78 6
1 78 7
1 78 8
1 78 10
1 78 11
1 78 13
1 78 14
1 78 17
1 78 18
1 78 19
1 78 20
1 78 22
1 78 24
1 78 25
1 78 26
1 78 27
1 78 28
1 78 29
1 78 30
1 79 1
1 79 3
1 79 4
1 79 5
1 79 6
1 79 7
1 79 8
1 79 10
1 79 11
1 79 12
1 79 13
1 79 14
1 79 15
1 79 18
1 79 19
1 79 20
1 79 21
1 79 22
1 79 23
1 79 24
1 79 25
1 79 27
1 79 28
1 79 29
1 79 30
1 79 31
1 80 2
1 80 5
1 80 6
1 80 7
1 80 8
1 80 9
1 80 10
1 80 12
1 80 13
1 80 17
1 80 18
1 80 20
1 80 22
1 80 27
1 80 29
1 80 31
1 81 0
1 81 1
1 81 2
1 81 3
1 81 4
1 81 5
1 81 7
1 81 8
1 81 9
1 81 11
1 81 12
1 81 13
1 81 16
1 81 18
1 81 19
1 81 21
1 81 22
1 81 24
1 81 25
1 81 26
1 81 27
1 81 28
1 82 2
1 82 3
1 82 4
1 82 7
1 82 8
1 82 9
1 82 11
1 82 12
1 82 13
1 82 15
1 82 16
1 82 17
1 82 19
1 82 21
1 82 22
1 82 23
1 82 28
1 82 29
1 82 30
1 82 31
1 83 0
1 83 1
1 83 2
1 83 5
1 83 7
1 83 8
1 83 9
1 83 10
1 83 11
1 83 13
1 83 14
1 83 15
1 83 17
1 83 21
1 83 22
1 83 23
1 83 24
1 83 25
1 83 27
1 83 28
1 83 29
1 83 31
1 84 0
1 84 2
1 84 4
1 84 6
1 84 7
1 84 10
1 84 11
1 84 12
1 84 13
1 84 15
1 84 16
1 84 19
1 84 24
1 84 27
1 84 28
1 84 29
1 84 30
1 84 31
1 85 0
1 85 4
1 85 5
1 85 6
1 85 8
1 85 9
1 85 10
1 85 11
1 85 12
1 85 13
1 85 14
1 85 15
1 85 16
1 85 17
1 85 18
1 85 19
1 85 20
1 85 22
1 85 23
1 85 26
1 85 27
1 85 29
1 85 30
1 86 1
1 86 2
1 86 4
1 86 5
1 86 7
1 86 10
1 86 13
1 86 15
1 86 16
1 86 20
1 86 21
1 86 22
1 86 24
1 86 25
1 86 26
1 86 27
1 86 28
1 86 30
1 87 0
1 87 1
1 87 2
1 87 5
1 87 7
1 87 8
1 87 10
1 87 12
1 87 13
1 87 15
1 87 19
1 87 22
1 87 26
1 87 27
1 87 29
1 87 30
1 88 0
1 88 3
1 88 4
1 88 5
1 88 7
1 88 8
1 88 9
1 88 10
1 88 11
1 88 12
1 88 13
1 88 15
1 88 16
1 88 18
1 88 21
1 88 22
1 88 24
1 88 25
1 88 26
1 88 27
1 88 28
1 88 31
1 89 0
1 89 2
1 89 3
1 89 4
1 89 6
1 89 7
1 89 9
1 89 11
1 89 12
1 89 13
1 89 14
1 89 15
1 89 16
1 89 17
1 89 18
1 89 19
1 89 20
1 89 21
1 89 23
1 89 29
1 89 30
1 90 1
1 90 3
1 90 5
1 90 6
1 90 7
1 90 8
1 90 10
1 90 11
1 90 13
1 90 15
1 90 16
1 90 19
1 90 20
1 90 21
1 90 22
1 90 23
1 90 25
1 90 26
1 90 27
1 90 29
1 91 1
1 91 5
1 91 6
1 91 7
1 91 9
1 91 13
1 91 14
1 91 15
1 91 21
1 91 23
1 91 24
1 91 25
1 91 27
1 91 28
1 91 29
1 91 30
1 92 0
1 92 2
1 92 3
1 92 4
1 92 5
1 92 6
1 92 7
1 92 9
1 92 10
1 92 11
1 92 12
1 92 13
1 92 14
1 92 18
1 92 19
1 92 20
1 92 21
1 92 24
1 92 25
1 92 26
1 92 29
1 93 1
1 93 2
1 93 4
1 93 5
1 93 6
1 93 7
1 93 8
1 93 12
1 93 13
1 93 14
1 93 15
1 93 16
1 93 20
1 93 21
1 93 22
1 93 23
1 93 24
1 93 25
1 93 26
1 93 27
1 93 28
1 93 30
1 93 31
1 94 0
1 94 1
1 94 3
1 94 4
1 94 9
1 94 11
1 94 14
1 94 15
1 94 17
1 94 18
1 94 19
1 94 20
1 94 21
1 94 23
1 94 24
1 94 25
1 94 26
1 94 28
1 94 29
1 94 30
1 94 31
1 95 0
1 95 2
1 95 5
1 95 7
1 95 8
1 95 9
1 95 10
1 95 11
1 95 15
1 95 17
1 95 18
1 95 19
1 95 20
1 95 21
1 95 22
1 95 25
1 95 26
1 95 28
1 95 29
1 95 30
1 95 31
1 96 0
1 96 1
1 96 2
1 96 3
1 96 6
1 96 7
1 96 12
1 96 13
1 96 14
1 96 15
1 96 17
1 96 18
1 96 23
1 96 26
1 96 27
1 96 30
1 97 0
1 97 1
1 97 2
1 97 4
1 97 5
1 97 6
1 97 7
1 97 8
1 97 12
1 97 13
1 97 14
1 97 15
1 97 17
1 97 19
1 97 20
1 97 21
1 97 24
1 97 25
1 97 26
1 97 27
1 97 30
1 98 1
1 98 3
1 98 5
1 98 7
1 98 8
1 98 9
1 98 11
1 98 14
1 98 15
1 98 18
1 98 20
1 98 21
1 98 23
1 98 24
1 98 25
1 98 26
1 98 27
1 98 28
1 98 30
1 98 31
1 99 0
1 99 1
1 99 2
1 99 3
1 99 4
1 99 5
1 99 6
1 99 8
1 99 10
1 99 13
1 99 15
1 99 16
1 99 17
1 99 18
1 99 19
1 99 21
1 99 23
1 99 24
1 99 25
1 99 27
1 99 29
1 100 3
1 100 4
1 100 5
1 100 6
1 100 8
1 100 9
1 100 10
1 100 13
1 100 14
1 100 16
1 100 17
1 100 21
1 100 22
1 100 23
1 100 25
1 100 26
1 100 28
1 100 30
1 100 31
1 101 0
1 101 1
1 101 2
1 101 4
1 101 6
1 101 7
1 101 8
1 101 10
1 101 11
1 101 13
1 101 14
1 101 15
1 101 16
1 101 17
1 101 18
1 101 19
1 101 21
1 101 22
1 101 23
1 101 26
1 101 30
1 101 31
1 102 1
1 102 2
1 102 4
1 102 5
1 102 9
1 102 11
1 102 13
1 102 15
1 102 17
1 102 19
1 102 25
1 102 26
1 102 27
1 102 28
1 102 29
1 102 31
2 0 0
2 0 1
2 0 2
2 0 5
2 0 6
2 0 7
2 0 9
2 0 10
2 0 13
2 0 14
2 0 15
2 0 16
2 0 17
2 0 18
2 0 19
2 0 20
2 0 22
2 0 24
2 0 25
2 0 26
2 0 27
2 0 28
2 0 29
2 1 0
2 1 1
2 1 2
2 1 4
2 1 5
2 1 7
2 1 8
2 1 10
2 1 12
2 1 13
2 1 15
2 1 16
2 1 17
2 1 18
2 1 22
2 1 25
2 1 26
2 1 27
2 2 1
2 2 5
2 2 6
2 2 7
2 2 8
2 2 9
2 2 11
2 2 13
2 2 16
2 2 17
2 2 19
2 2 21
2 2 22
2 2 25
2 2 26
2 2 27
2 2 28
2 2 29
2 3 1
2 3 2
2 3 4
2 3 5
2 3 9
2 3 10
2 3 12
2 3 13
2 3 14
2 3 15
2 3 16
2 3 17
2 3 18
2 3 19
2 3 20
2 3 21
2 3 22
2 3 23
2 3 25
2 3 27
2 3 29
2 4 0
2 4 1
2 4 2
2 4 3
2 4 5
2 4 6
2 4 7
2 4 9
2 4 10
2 4 11
2 4 12
2 4 13
2 4 14
2 4 15
2 4 16
2 4 17
2 4 19
2 4 21
2 4 22
2 4 23
2 4 24
2 4 25
2 4 29
2 4 30
2 5 1
2 5 2
2 5 3
2 5 4
2 5 6
2 5 7
2 5 9
2 5 10
2 5 11
2 5 12
2 5 14
2 5 15
2 5 16
2 5 17
2 5 18
2 5 19
2 5 20
2 5 21
2 5 23
2 5 24
2 5 25
2 5 26
2 5 27
2 5 28
2 5 29
2 5 30
2 6 1
2 6 2
2 6 3
2 6 5
2 6 7
2 6 9
2 6 10
2 6 11
2 6 12
2 6 14
2 6 15
2 6 17
2 6 18
2 6 19
2 6 22
2 6 24
2 6 26
2 6 27
2 6 29
2 7 0
2 7 1
2 7 2
2 7 3
2 7 4
2 7 5
2 7 6
2 7 7
2 7 8
2 7 9
2 7 10
2 7 11
2 7 12
2 7 15
2 7 16
2 7 17
2 7 18
2 7 19
2 7 20
2 7 21
2 7 26
2 7 27
2 7 29
2 8 0
2 8 2
2 8 3
2 8 4
2 8 5
2 8 6
2 8 7
2 8 8
2 8 9
2 8 10
2 8 11
2 8 13
2 8 15
2 8 17
2 8 18
2 8 22
2 8 23
2 8 24
2 8 26
2 8 27
2 8 28
2 9 0
2 9 1
2 9 2
2 9 3
2 9 5
2 9 6
2 9 7
2 9 8
2 9 10
2 9 13
2 9 15
2 9 16
2 9 20
2 9 22
2 9 23
2 9 29
2 9 30
2 10 1
2 10 4
2 10 5
2 10 6
2 10 7
2 10 8
2 10 9
2 10 10
2 10 11
2 10 13
2 10 15
2 10 16
2 10 20
2 10 21
2 10 25
2 10 26
2 10 27
2 10 29
2 11 0
2 11 1
2 11 2
2 11 3
2 11 5
2 11 6
2 11 7
2 11 8
2 11 10
2 11 11
2 11 12
2 11 15
2 11 16
2 11 17
2 11 18
2 11 19
2 11 20
2 11 21
2 11 22
2 11 23
2 11 24
2 11 28
2 11 29
2 11 30
2 12 2
2 12 3
2 12 4
2 12 5
2 12 6
2 12 7
2 12 10
2 12 12
2 12 13
2 12 15
2 12 16
2 12 17
2 12 18
2 12 19
2 12 20
2 12 21
2 12 22
2 12 23
2 12 25
2 12 26
2 12 27
2 12 28
2 12 29
2 12 30
2 13 0
2 13 1
2 13 3
2 13 4
2 13 5
2 13 8
2 13 9
2 13 10
2 13 11
2 13 13
2 13 15
2 13 17
2 13 18
2 13 19
2 13 20
2 13 21
2 13 22
2 13 25
2 13 27
2 14 0
2 14 1
2 14 2
2 14 3
2 14 5
2 14 7
2 14 9
2 14 11
2 14 12
2 14 13
2 14 14
2 14 16
2 14 17
2 14 18
2 14 20
2 14 22
2 14 23
2 14 24
2 14 25
2 14 26
2 14 28
2 14 29
2 15 0
2 15 2
2 15 3
2 15 4
2 15 6
2 15 7
2 15 8
2 15 9
2 15 10
2 15 11
2 15 12
2 15 13
2 15 15
2 15 17
2 15 18
2 15 19
2 15 22
2 15 23
2 15 24
2 15 25
2 15 28
2 15 30
2 16 0
2 16 1
2 16 3
2 16 4
2 16 5
2 16 7
2 16 9
2 16 12
2 16 13
2 16 15
2 16 16
2 16 17
2 16 18
2 16 20
2 16 21
2 16 22
2 16 23
2 16 24
2 16 25
2 16 26
2 16 27
2 16 28
2 16 29
2 17 0
2 17 1
2 17 3
2 17 4
2 17 7
2 17 11
2 17 12
2 17 13
2 17 14
2 17 16
2 17 18
2 17 19
2 17 20
2 17 22
2 17 23
2 17 24
2 17 25
2 17 26
2 18 1
2 18 2
2 18 3
2 18 5
2 18 7
2 18 8
2 18 10
2 18 11
2 18 13
2 18 16
2 18 19
2 18 20
2 18 21
2 18 22
2 18 26
2 19 2
2 19 4
2 19 5
2 19 7
2 19 9
2 19 11
2 19 13
2 19 14
2 19 15
2 19 16
2 19 17
2 19 18
2 19 20
2 19 21
2 19 22
2 19 26
2 19 28
2 19 29
2 20 1
2 20 2
2 20 3
2 20 4
2 20 5
2 20 6
2 20 8
2 20 9
2 20 10
2 20 12
2 20 13
2 20 14
2 20 15
2 20 19
2 20 20
2 20 21
2 20 22
2 20 23
2 20 26
2 20 29
2 20 30
2 21 4
2 21 5
2 21 6
2 21 8
2 21 9
2 21 12
2 21 13
2 21 15
2 21 16
2 21 17
2 21 18
2 21 19
2 21 20
2 21 21
2 21 23
2 21 24
2 21 26
2 21 27
2 21 28
2 21 29
2 22 1
2 22 4
2 22 6
2 22 7
2 22 9
2 22 10
2 22 11
2 22 12
2 22 14
2 22 19
2 22 20
2 22 21
2 22 22
2 22 23
2 22 24
2 22 25
2 22 30
2 23 0
2 23 1
2 23 3
2 23 5
2 23 6
2 23 8
2 23 9
2 23 10
2 23 11
2 23 12
2 23 13
2 23 15
2 23 16
2 23 20
2 23 23
2 23 25
2 23 28
2 23 30
2 24 0
2 24 1
2 24 2
2 24 6
2 24 7
2 24 8
2 24 9
2 24 10
2 24 12
2 24 13
2 24 16
2 24 18
2 24 20
2 24 21
2 24 26
2 24 27
2 24 30
2 25 0
2 25 1
2 25 3
2 25 4
2 25 9
2 25 10
2 25 11
2 25 13
2 25 14
2 25 15
2 25 16
2 25 17
2 25 18
2 25 19
2 25 22
2 25 23
2 25 26
2 25 28
2 25 29
2 26 0
2 26 1
2 26 2
2 26 5
2 26 6
2 26 7
2 26 8
2 26 10
2 26 12
2 26 13
2 26 14
2 26 15
2 26 17
2 26 18
2 26 19
2 26 21
2 26 22
2 26 23
2 26 24
2 26 25
2 26 26
2 26 27
2 26 30
2 27 0
2 27 3
2 27 8
2 27 9
2 27 11
2 27 12
2 27 15
2 27 16
2 27 19
2 27 22
2 27 23
2 27 24
2 27 25
2 27 27
2 27 28
2 27 29
2 28 0
2 28 1
2 28 2
2 28 4
2 28 6
2 28 8
2 28 9
2 28 10
2 28 12
2 28 13
2 28 14
2 28 15
2 28 20
2 28 21
2 28 22
2 28 23
2 28 24
2 28 26
2 28 27
2 28 28
2 28 29
2 28 30
2 29 0
2 29 5
2 29 6
2 29 7
2 29 9
2 29 10
2 29 16
2 29 19
2 29 21
2 29 22
2 29 23
2 29 25
2 29 26
2 29 27
2 29 28
2 29 29
2 29 30
2 30 0
2 30 1
2 30 3
2 30 4
2 30 5
2 30 6
2 30 8
2 30 9
2 30 10
2 30 11
2 30 12
2 30 15
2 30 16
2 30 21
2 30 25
2 30 26
2 30 27
2 30 28
2 30 30
2 31 0
2 31 1
2 31 2
2 31 3
2 31 5
2 31 6
2 31 8
2 31 12
2 31 13
2 31 14
2 31 16
2 31 18
2 31 19
2 31 20
2 31 22
2 31 23
2 31 25
2 31 26
2 31 27
2 31 28
2 31 29
2 31 30
3 0 0
3 0 2
3 0 3
3 0 4
3 0 8
3 0 9
3 0 10
3 0 11
3 0 12
3 0 13
3 0 14
3 0 16
3 0 17
3 0 19
3 0 24
3 0 25
3 1 1
3 1 2
3 1 3
3 1 8
3 1 9
3 1 11
3 1 13
3 1 14
3 1 15
3 1 16
3 1 17
3 1 18
3 1 21
3 1 22
3 1 23
3 1 24
3 1 25
3 2 1
3 2 2
3 2 3
3 2 4
3 2 7
3 2 9
3 2 10
3 2 11
3 2 12
3 2 13
3 2 15
3 2 16
3 2 18
3 2 19
3 2 20
3 2 22
3 2 23
3 2 24
3 3 0
3 3 5
3 3 6
3 3 9
3 3 12
3 3 13
3 3 15
3 3 17
3 3 18
3 3 21
3 3 22
3 3 23
3 3 24
3 3 25
3 4 6
3 4 10
3 4 11
3 4 12
3 4 13
3 4 14
3 4 15
3 4 17
3 4 18
3 4 19
3 4 22
3 4 23
3 4 25
3 5 1
3 5 2
3 5 4
3 5 9
3 5 10
3 5 13
3 5 14
3 5 16
3 5 18
3 5 19
3 5 20
3 5 21
3 5 23
3 5 25
3 6 4
3 6 5
3 6 6
3 6 8
3 6 10
3 6 11
3 6 12
3 6 13
3 6 14
3 6 17
3 6 18
3 6 21
3 6 22
3 6 23
3 6 24
3 7 0
3 7 1
3 7 2
3 7 3
3 7 6
3 7 8
3 7 10
3 7 11
3 7 13
3 7 14
3 7 18
3 7 19
3 7 20
3 7 21
3 7 23
3 7 25
3 8 0
3 8 1
3 8 2
3 8 3
3 8 4
3 8 5
3 8 6
3 8 7
3 8 8
3 8 9
3 8 11
3 8 12
3 8 13
3 8 15
3 8 18
3 8 20
3 8 21
3 8 23
3 8 24
3 9 0
3 9 2
3 9 3
3 9 4
3 9 5
3 9 7
3 9 8
3 9 11
3 9 13
3 9 14
3 9 15
3 9 16
3 9 17
3 9 18
3 9 20
3 9 22
3 9 23
3 9 24
3 9 25
3 10 0
3 10 1
3 10 2
3 10 3
3 10 4
3 10 5
3 10 6
3 10 7
3 10 10
3 10 11
3 10 12
3 10 14
3 10 15
3 10 16
3 10 17
3 10 20
3 10 21
3 10 22
3 10 23
3 10 24
3 10 25
3 11 0
3 11 1
3 11 2
3 11 3
3 11 4
3 11 9
3 11 10
3 11 11
3 11 12
3 11 14
3 11 15
3 11 17
3 11 18
3 11 21
3 11 22
3 11 23
3 11 24
3 11 25
3 12 0
3 12 1
3 12 2
3 12 3
3 12 8
3 12 9
3 12 10
3 12 15
3 12 16
3 12 17
3 12 19
3 12 20
3 12 24
3 12 25
3 13 0
3 13 2
3 13 3
3 13 4
3 13 5
3 13 6
3 13 7
3 13 8
3 13 9
3 13 10
3 13 11
3 13 13
3 13 14
3 13 15
3 13 16
3 13 17
3 13 19
3 13 20
3 13 21
3 13 22
3 14 0
3 14 1
3 14 2
3 14 5
3 14 6
3 14 7
3 14 8
3 14 9
3 14 11
3 14 12
3 14 13
3 14 15
3 14 16
3 14 17
3 14 18
3 14 19
3 14 20
3 14 21
3 14 22
3 14 23
3 14 25
3 15 1
3 15 3
3 15 4
3 15 5
3 15 7
3 15 9
3 15 10
3 15 11
3 15 12
3 15 13
3 15 14
3 15 15
3 15 16
3 15 17
3 15 19
3 15 20
3 15 22
3 15 23
3 15 25
3 16 0
3 16 3
3 16 4
3 16 7
3 16 8
3 16 9
3 16 10
3 16 12
3 16 13
3 16 14
3 16 15
3 16 16
3 16 17
3 16 18
3 16 19
3 16 20
3 16 21
3 16 22
3 16 23
3 16 24
3 16 25
3 17 2
3 17 4
3 17 6
3 17 9
3 17 11
3 17 15
3 17 19
3 17 20
3 17 22
3 17 23
3 17 25
3 18 0
3 18 1
3 18 2
3 18 3
3 18 5
3 18 7
3 18 8
3 18 12
3 18 13
3 18 14
3 18 15
3 18 17
3 18 18
3 18 21
3 18 22
3 18 23
3 18 25
3 19 3
3 19 4
3 19 6
3 19 7
3 19 9
3 19 10
3 19 13
3 19 14
3 19 16
3 19 17
3 19 18
3 20 0
3 20 1
3 20 2
3 20 3
3 20 4
3 20 5
3 20 6
3 20 7
3 20 9
3 20 11
3 20 12
3 20 17
3 20 18
3 20 19
3 20 20
3 20 22
3 20 23
3 20 24
3 20 25
3 21 0
3 21 1
3 21 4
3 21 5
3 21 6
3 21 9
3 21 11
3 21 12
3 21 13
3 21 14
3 21 15
3 21 16
3 21 19
3 21 20
3 21 21
3 21 22
3 21 23
3 21 24
3 21 25
3 22 1
3 22 3
3 22 5
3 22 6
3 22 9
3 22 10
3 22 14
3 22 15
3 22 18
3 22 22
3 22 25
3 23 1
3 23 3
3 23 4
3 23 5
3 23 8
3 23 10
3 23 11
3 23 13
3 23 14
3 23 15
3 23 16
3 23 18
3 23 22
3 23 23
3 23 24
3 24 2
3 24 3
3 24 4
3 24 7
3 24 8
3 24 9
3 24 10
3 24 11
3 24 12
3 24 15
3 24 16
3 24 17
3 24 18
3 24 21
3 24 22
3 24 24
3 24 25
3 25 1
3 25 2
3 25 4
3 25 6
3 25 7
3 25 8
3 25 11
3 25 13
3 25 14
3 25 15
3 25 16
3 25 18
3 25 19
3 25 22
3 25 23
3 25 24
3 25 25
3 26 0
3 26 1
3 26 2
3 26 5
3 26 6
3 26 7
3 26 8
3 26 9
3 26 11
3 26 12
3 26 13
3 26 15
3 26 17
3 26 18
3 26 20
3 26 22
3 26 23
3 26 25
3 27 1
3 27 2
3 27 4
3 27 5
3 27 7
3 27 9
3 27 11
3 27 13
3 27 15
3 27 16
3 27 17
3 27 19
3 27 20
3 27 23
3 27 24
3 27 25
3 28 0
3 28 1
3 28 2
3 28 3
3 28 4
3 28 5
3 28 7
3 28 10
3 28 11
3 28 12
3 28 13
3 28 15
3 28 18
3 28 20
3 28 21
3 28 22
3 28 24
3 29 0
3 29 1
3 29 3
3 29 5
3 29 8
3 29 9
3 29 11
3 29 17
3 29 21
3 29 22
3 29 24
3 29 25
3 30 2
3 30 4
3 30 6
3 30 8
3 30 11
3 30 12
3 30 13
3 30 14
3 30 16
3 30 17
3 30 18
3 30 22
3 30 23
3 30 24
3 30 25
4 0 0
4 0 1
4 0 3
4 0 4
4 0 5
4 0 6
4 0 7
4 0 10
4 0 11
4 0 12
4 0 14
4 0 16
4 0 17
4 0 18
4 0 19
4 1 1
4 1 2
4 1 3
4 1 5
4 1 8
4 1 9
4 1 10
4 1 12
4 1 13
4 1 14
4 1 15
4 1 16
4 1 18
4 1 19
4 2 0
4 2 1
4 2 2
4 2 3
4 2 4
4 2 6
4 2 7
4 2 11
4 2 12
4 2 13
4 2 14
4 2 16
4 2 18
4 2 19
4 3 0
4 3 1
4 3 2
4 3 3
4 3 4
4 3 5
4 3 6
4 3 8
4 3 9
4 3 10
4 3 11
4 3 13
4 3 15
4 3 16
4 3 17
4 4 0
4 4 1
4 4 2
4 4 4
4 4 5
4 4 8
4 4 9
4 4 10
4 4 11
4 4 12
4 4 16
4 4 17
4 4 18
4 4 19
4 5 1
4 5 2
4 5 4
4 5 6
4 5 9
4 5 11
4 5 12
4 5 15
4 5 16
4 5 17
4 5 19
4 6 0
4 6 1
4 6 2
4 6 3
4 6 4
4 6 7
4 6 8
4 6 9
4 6 12
4 6 14
4 6 15
4 6 17
4 6 18
4 6 19
4 7 2
4 7 4
4 7 7
4 7 10
4 7 11
4 7 12
4 7 13
4 7 18
4 7 19
4 8 0
4 8 3
4 8 4
4 8 5
4 8 6
4 8 8
4 8 10
4 8 11
4 8 12
4 8 14
4 8 15
4 8 16
4 8 18
4 8 19
4 9 2
4 9 3
4 9 4
4 9 5
4 9 6
4 9 7
4 9 9
4 9 12
4 9 13
4 9 14
4 9 15
4 9 18
4 9 19
4 10 1
4 10 2
4 10 3
4 10 4
4 10 5
4 10 6
4 10 11
4 10 12
4 10 13
4 10 14
4 10 15
4 10 18
4 10 19
4 11 0
4 11 1
4 11 3
4 11 4
4 11 5
4 11 8
4 11 9
4 11 12
4 11 15
4 11 17
4 11 18
4 11 19
4 12 0
4 12 5
4 12 6
4 12 7
4 12 9
4 12 11
4 12 13
4 12 14
4 12 15
4 12 16
4 12 17
4 12 19
4 13 1
4 13 2
4 13 3
4 13 7
4 13 9
4 13 10
4 13 11
4 13 12
4 13 13
4 13 16
4 13 17
4 13 18
4 13 19
4 14 1
4 14 2
4 14 4
4 14 5
4 14 7
4 14 11
4 14 14
4 14 15
4 14 18
4 14 19
4 15 0
4 15 2
4 15 3
4 15 4
4 15 5
4 15 6
4 15 7
4 15 8
4 15 9
4 15 10
4 15 12
4 15 13
4 15 14
4 15 15
4 15 17
4 15 18
4 16 0
4 16 1
4 16 3
4 16 4
4 16 5
4 16 6
4 16 7
4 16 8
4 16 9
4 16 10
4 16 12
4 16 16
4 16 17
4 16 19
4 17 0
4 17 1
4 17 2
4 17 4
4 17 5
4 17 6
4 17 8
4 17 9
4 17 10
4 17 11
4 17 12
4 17 13
4 17 14
4 17 15
4 17 16
4 17 17
4 17 19
4 18 2
4 18 3
4 18 4
4 18 5
4 18 6
4 18 7
4 18 8
4 18 9
4 18 10
4 18 11
4 18 12
4 18 14
4 18 15
4 18 16
4 18 18
4 18 19
4 19 0
4 19 1
4 19 3
4 19 5
4 19 7
4 19 10
4 19 11
4 19 12
4 19 13
4 19 14
4 19 16
4 19 17
4 19 18
4 19 19
4 20 0
4 20 1
4 20 3
4 20 5
4 20 6
4 20 7
4 20 8
4 20 9
4 20 10
4 20 12
4 20 13
4 20 14
4 20 15
4 20 16
4 20 17
4 20 18
4 21 1
4 21 4
4 21 6
4 21 7
4 21 8
4 21 9
4 21 10
4 21 11
4 21 12
4 21 13
4 21 14
4 21 15
4 21 16
4 21 17
4 21 19
4 22 0
4 22 1
4 22 3
4 22 4
4 22 5
4 22 6
4 22 7
4 22 8
4 22 10
4 22 11
4 22 12
4 22 14
4 22 16
4 22 17
4 22 19
4 23 0
4 23 1
4 23 2
4 23 4
4 23 6
4 23 7
4 23 8
4 23 9
4 23 10
4 23 11
4 23 12
4 23 15
4 23 16
4 23 18
4 23 19
4 24 0
4 24 2
4 24 5
4 24 7
4 24 8
4 24 11
4 24 12
4 24 13
4 24 15
4 24 16
4 24 17
4 24 18
4 25 1
4 25 2
4 25 3
4 25 4
4 25 6
4 25 9
4 25 11
4 25 12
4 25 13
4 25 14
4 25 17
4 25 19