373
6
104 22 29 10 21 54
2244

819 569 0 0 293 266 746 0 0 993 226 695 167 0 689 876 0 0 806 970 18 0 0 0 0 277 0 0 0 0 0 0 0 0 0 0 0 154 0 0 716 770 0 0 0 449 0 0 0 902 988 0 317 0 146 0 0 0 0 0 0 0 0 0 0 0 82 0 0 671 0 655 0 36 377 0 0 0 0 0 0 0 0 0 492 275 0 0 149 939 0 176 264 0 820 135 877 773 695 332 0 918 544 0
747 0 315 676 546 357 649 0 0 0 0 0 423 0 997 0 514 0 0 741 239 0
0 136 487 244 991 384 0 0 122 316 0 0 0 0 0 0 0 0 0 0 865 321 342 0 0 0 340 0 332
0 0 0 337 0 388 950 0 661 0
539 0 10 0 0 0 0 0 0 0 0 0 620 0 0 69 27 0 925 0 588
691 0 0 0 0 0 386 227 0 0 461 113 0 803 0 816 0 0 0 0 0 908 0 208 915 0 0 227 53 0 0 82 0 0 427 892 0 11 744 0 0 0 125 0 500 228 0 0 0 0 0 0 858 514

0 0 2
0 0 9
0 0 15
0 0 16
0 0 19
0 0 20
0 1 0
0 1 1
0 1 2
0 1 4
0 1 10
0 1 11
0 1 15
0 1 17
0 1 19
0 1 20
0 1 21
0 2 0
0 2 5
0 2 6
0 2 8
0 2 10
0 2 13
0 2 14
0 2 15
0 2 18
0 2 19
0 2 21
0 3 1
0 3 2
0 3 3
0 3 4
0 3 5
0 3 8
0 3 9
0 3 10
0 3 12
0 3 14
0 3 16
0 3 19
0 3 21
0 4 3
0 4 4
0 4 5
0 4 6
0 4 7
0 4 11
0 4 12
0 4 15
0 4 16
0 4 17
0 4 20
0 5 0
0 5 5
0 5 6
0 5 9
0 5 10
0 5 12
0 5 15
0 5 16
0 5 17
0 5 18
0 5 21
0 6 2
0 6 6
0 6 8
0 6 9
0 6 10
0 6 11
0 6 12
0 6 13
0 6 18
0 6 19
0 7 0
0 7 2
0 7 3
0 7 8
0 7 9
0 7 10
0 7 12
0 7 13
0 7 15
0 7 16
0 7 21
0 8 2
0 8 3
0 8 6
0 8 7
0 8 9
0 8 11
0 8 16
0 8 17
0 8 18
0 8 20
0 9 1
0 9 3
0 9 4
0 9 8
0 9 9
0 9 10
0 9 11
0 9 12
0 9 14
0 9 16
0 9 17
0 9 19
0 10 1
0 10 2
0 10 3
0 10 5
0 10 7
0 10 11
0 10 13
0 10 14
0 10 20
0 11 2
0 11 6
0 11 8
0 11 14
0 11 17
0 11 18
0 11 19
0 12 0
0 12 1
0 12 3
0 12 4
0 12 7
0 12 8
0 12 12
0 12 17
0 12 18
0 12 19
0 12 21
0 13 2
0 13 3
0 13 4
0 13 7
0 13 9
0 13 10
0 13 11
0 13 14
0 13 15
0 13 16
0 13 17
0 13 18
0 13 20
0 13 21
0 14 0
0 14 6
0 14 10
0 14 13
0 14 15
0 14 16
0 14 17
0 14 18
0 14 21
0 15 2
0 15 3
0 15 4
0 15 7
0 15 8
0 15 10
0 15 11
0 15 12
0 15 19
0 15 20
0 16 2
0 16 5
0 16 6
0 16 7
0 16 13
0 16 14
0 16 15
0 16 16
0 16 17
0 16 18
0 16 20
0 17 2
0 17 5
0 17 6
0 17 7
0 17 8
0 17 9
0 17 10
0 17 11
0 17 14
0 17 15
0 17 19
0 18 0
0 18 1
0 18 4
0 18 6
0 18 7
0 18 15
0 18 16
0 18 19
0 18 21
0 19 0
0 19 3
0 19 4
0 19 5
0 19 6
0 19 7
0 19 8
0 19 12
0 19 13
0 19 14
0 19 15
0 19 16
0 19 18
0 19 20
0 19 21
0 20 1
0 20 2
0 20 3
0 20 4
0 20 6
0 20 9
0 20 12
0 20 15
0 20 17
0 20 18
0 20 19
0 20 20
0 21 1
0 21 4
0 21 5
0 21 6
0 21 11
0 21 12
0 21 13
0 21 16
0 21 19
0 21 20
0 21 21
0 22 0
0 22 1
0 22 2
0 22 4
0 22 6
0 22 7
0 22 15
0 22 16
0 22 17
0 22 19
0 22 20
0 22 21
0 23 0
0 23 1
0 23 4
0 23 7
0 23 8
0 23 9
0 23 11
0 23 12
0 23 15
0 23 16
0 23 17
0 23 19
0 23 20
0 23 21
0 24 2
0 24 3
0 24 4
0 24 5
0 24 9
0 24 10
0 24 11
0 24 13
0 24 18
0 24 19
0 24 20
0 25 2
0 25 4
0 25 5
0 25 6
0 25 7
0 25 8
0 25 10
0 25 12
0 25 14
0 25 16
0 25 17
0 25 18
0 25 19
0 26 0
0 26 2
0 26 3
0 26 5
0 26 7
0 26 9
0 26 13
0 26 15
0 26 18
0 26 19
0 27 0
0 27 2
0 27 3
0 27 4
0 27 6
0 27 7
0 27 8
0 27 12
0 27 16
0 27 17
0 27 20
0 27 21
0 28 1
0 28 3
0 28 4
0 28 5
0 28 7
0 28 9
0 28 10
0 28 11
0 28 12
0 28 13
0 28 14
0 28 15
0 28 21
0 29 4
0 29 6
0 29 8
0 29 9
0 29 10
0 29 11
0 29 12
0 29 13
0 29 14
0 29 16
0 29 17
0 29 19
0 30 0
0 30 1
0 30 2
0 30 3
0 30 4
0 30 5
0 30 6
0 30 11
0 30 12
0 30 16
0 30 17
0 30 19
0 30 20
0 30 21
0 31 0
0 31 2
0 31 4
0 31 6
0 31 7
0 31 8
0 31 9
0 31 11
0 31 13
0 31 17
0 31 20
0 32 0
0 32 3
0 32 4
0 32 6
0 32 7
0 32 8
0 32 10
0 32 13
0 32 14
0 32 17
0 32 19
0 32 20
0 33 0
0 33 1
0 33 8
0 33 9
0 33 11
0 33 15
0 33 19
0 34 2
0 34 3
0 34 4
0 34 5
0 34 7
0 34 11
0 34 15
0 34 18
0 34 20
0 34 21
0 35 2
0 35 6
0 35 7
0 35 8
0 35 10
0 35 13
0 35 15
0 35 18
0 35 19
0 35 21
0 36 4
0 36 9
0 36 11
0 36 15
0 36 16
0 36 18
0 36 19
0 36 20
0 37 4
0 37 9
0 37 10
0 37 18
0 38 1
0 38 2
0 38 3
0 38 4
0 38 6
0 38 8
0 38 11
0 38 14
0 38 17
0 38 19
0 38 21
0 39 1
0 39 4
0 39 5
0 39 6
0 39 9
0 39 11
0 39 12
0 39 13
0 39 17
0 39 18
0 39 19
0 39 21
0 40 0
0 40 1
0 40 8
0 40 10
0 40 13
0 40 14
0 40 15
0 40 17
0 40 20
0 41 1
0 41 2
0 41 3
0 41 4
0 41 6
0 41 9
0 41 15
0 41 21
0 42 0
0 42 2
0 42 3
0 42 6
0 42 8
0 42 9
0 42 10
0 42 13
0 42 14
0 42 16
0 42 17
0 42 18
0 42 19
0 42 20
0 42 21
0 43 0
0 43 4
0 43 5
0 43 7
0 43 9
0 43 10
0 43 12
0 43 14
0 43 15
0 43 17
0 44 0
0 44 2
0 44 10
0 44 15
0 44 16
0 44 17
0 44 21
0 45 0
0 45 1
0 45 2
0 45 3
0 45 8
0 45 9
0 45 10
0 45 12
0 45 14
0 45 15
0 45 17
0 45 18
0 45 21
0 46 0
0 46 1
0 46 2
0 46 3
0 46 5
0 46 7
0 46 8
0 46 9
0 46 10
0 46 14
0 46 15
0 46 18
0 46 21
0 47 0
0 47 3
0 47 4
0 47 6
0 47 8
0 47 9
0 47 10
0 47 11
0 47 16
0 47 18
0 47 19
0 47 20
0 47 21
0 48 0
0 48 1
0 48 2
0 48 5
0 48 8
0 48 10
0 48 11
0 48 12
0 48 14
0 48 15
0 48 20
0 49 1
0 49 3
0 49 5
0 49 6
0 49 8
0 49 9
0 49 10
0 49 11
0 49 13
0 49 15
0 49 16
0 49 17
0 49 20
0 49 21
0 50 1
0 50 2
0 50 3
0 50 4
0 50 8
0 50 10
0 50 11
0 50 15
0 50 19
0 50 20
0 51 0
0 51 4
0 51 8
0 51 10
0 51 11
0 51 13
0 51 16
0 51 17
0 51 19
0 52 0
0 52 2
0 52 4
0 52 5
0 52 7
0 52 9
0 52 14
0 52 15
0 52 16
0 52 20
0 53 4
0 53 6
0 53 7
0 53 8
0 53 9
0 53 10
0 53 12
0 53 13
0 53 15
0 53 16
0 53 20
0 54 1
0 54 5
0 54 10
0 54 12
0 54 14
0 54 15
0 54 17
0 54 18
0 55 2
0 55 6
0 55 7
0 55 10
0 55 11
0 55 13
0 55 14
0 55 18
0 55 19
0 55 20
0 56 0
0 56 4
0 56 5
0 56 6
0 56 7
0 56 9
0 56 12
0 56 13
0 56 16
0 56 19
0 56 20
0 57 2
0 57 3
0 57 4
0 57 5
0 57 6
0 57 12
0 57 14
0 57 15
0 57 16
0 57 18
0 58 2
0 58 5
0 58 6
0 58 7
0 58 8
0 58 10
0 58 15
0 58 18
0 58 19
0 58 20
0 59 0
0 59 1
0 59 2
0 59 3
0 59 5
0 59 6
0 59 9
0 59 14
0 59 15
0 59 17
0 59 18
0 59 19
0 60 1
0 60 3
0 60 4
0 60 7
0 60 8
0 60 9
0 60 11
0 60 12
0 60 13
0 60 14
0 60 17
0 60 18
0 60 19
0 60 20
0 61 0
0 61 1
0 61 2
0 61 5
0 61 7
0 61 8
0 61 13
0 61 15
0 61 16
0 61 17
0 61 18
0 61 19
0 61 21
0 62 1
0 62 2
0 62 3
0 62 5
0 62 8
0 62 13
0 62 14
0 62 16
0 62 18
0 62 19
0 63 1
0 63 2
0 63 3
0 63 5
0 63 6
0 63 10
0 63 14
0 63 16
0 63 17
0 63 19
0 63 20
0 63 21
0 64 0
0 64 3
0 64 5
0 64 7
0 64 8
0 64 15
0 64 17
0 64 18
0 64 19
0 64 21
0 65 0
0 65 1
0 65 4
0 65 5
0 65 6
0 65 8
0 65 12
0 65 13
0 65 14
0 65 18
0 65 20
0 65 21
0 66 0
0 66 2
0 66 5
0 66 7
0 66 8
0 66 9
0 66 12
0 66 15
0 66 17
0 66 19
0 66 20
0 67 0
0 67 1
0 67 2
0 67 3
0 67 4
0 67 5
0 67 6
0 67 8
0 67 12
0 67 16
0 67 19
0 67 20
0 67 21
0 68 0
0 68 2
0 68 4
0 68 7
0 68 8
0 68 9
0 68 12
0 68 13
0 68 14
0 68 15
0 68 20
0 69 0
0 69 1
0 69 2
0 69 3
0 69 7
0 69 9
0 69 16
0 69 18
0 69 19
0 69 21
0 70 0
0 70 1
0 70 5
0 70 9
0 70 11
0 70 12
0 70 14
0 70 15
0 70 17
0 70 20
0 71 3
0 71 4
0 71 9
0 71 11
0 71 12
0 71 13
0 71 14
0 71 15
0 71 17
0 71 18
0 72 1
0 72 2
0 72 3
0 72 4
0 72 7
0 72 10
0 72 12
0 72 14
0 72 15
0 72 16
0 72 17
0 72 19
0 72 20
0 72 21
0 73 4
0 73 8
0 73 9
0 73 10
0 73 11
0 73 13
0 73 14
0 73 18
0 73 19
0 73 21
0 74 0
0 74 1
0 74 2
0 74 3
0 74 4
0 74 5
0 74 6
0 74 7
0 74 8
0 74 9
0 74 13
0 74 14
0 74 17
0 74 19
0 75 0
0 75 3
0 75 4
0 75 6
0 75 11
0 75 15
0 75 16
0 75 17
0 75 18
0 75 19
0 75 20
0 76 0
0 76 2
0 76 3
0 76 4
0 76 5
0 76 6
0 76 7
0 76 9
0 76 11
0 76 12
0 76 14
0 76 15
0 76 16
0 76 18
0 76 21
0 77 1
0 77 2
0 77 7
0 77 8
0 77 10
0 77 11
0 77 19
0 78 0
0 78 3
0 78 4
0 78 5
0 78 6
0 78 8
0 78 9
0 78 10
0 78 12
0 78 15
0 78 17
0 78 21
0 79 1
0 79 2
0 79 4
0 79 8
0 79 9
0 79 12
0 79 13
0 79 14
0 79 16
0 79 17
0 79 18
0 79 20
0 79 21
0 80 1
0 80 6
0 80 7
0 80 10
0 80 11
0 80 12
0 80 13
0 80 15
0 80 16
0 80 17
0 80 18
0 80 20
0 80 21
0 81 0
0 81 1
0 81 2
0 81 3
0 81 4
0 81 5
0 81 6
0 81 7
0 81 8
0 81 9
0 81 11
0 81 13
0 81 14
0 81 18
0 81 19
0 81 20
0 81 21
0 82 0
0 82 2
0 82 3
0 82 6
0 82 7
0 82 10
0 82 12
0 82 14
0 82 20
0 83 0
0 83 3
0 83 6
0 83 7
0 83 8
0 83 10
0 83 12
0 83 15
0 83 16
0 83 17
0 83 19
0 84 1
0 84 2
0 84 4
0 84 5
0 84 6
0 84 7
0 84 13
0 84 14
0 84 15
0 84 16
0 84 17
0 84 20
0 85 0
0 85 1
0 85 4
0 85 5
0 85 6
0 85 7
0 85 8
0 85 10
0 85 14
0 85 15
0 85 16
0 85 19
0 85 20
0 85 21
0 86 0
0 86 3
0 86 6
0 86 7
0 86 10
0 86 11
0 86 13
0 86 14
0 86 17
0 86 18
0 87 0
0 87 4
0 87 5
0 87 6
0 87 7
0 87 8
0 87 9
0 87 10
0 87 11
0 87 13
0 87 16
0 87 19
0 87 21
0 88 0
0 88 1
0 88 7
0 88 10
0 88 11
0 88 15
0 88 16
0 88 17
0 89 1
0 89 4
0 89 5
0 89 6
0 89 8
0 89 9
0 89 10
0 89 13
0 89 14
0 89 15
0 89 16
0 89 18
0 89 19
0 89 20
0 89 21
0 90 0
0 90 6
0 90 7
0 90 8
0 90 10
0 90 11
0 90 13
0 90 15
0 90 19
0 90 21
0 91 0
0 91 5
0 91 7
0 91 10
0 91 13
0 91 14
0 91 15
0 91 16
0 91 17
0 91 20
0 92 1
0 92 5
0 92 7
0 92 9
0 92 11
0 92 12
0 92 14
0 92 16
0 92 20
0 93 1
0 93 4
0 93 5
0 93 6
0 93 15
0 93 17
0 93 21
0 94 1
0 94 5
0 94 8
0 94 11
0 94 12
0 94 14
0 94 15
0 94 16
0 94 19
0 94 21
0 95 0
0 95 2
0 95 3
0 95 5
0 95 9
0 95 10
0 95 11
0 95 12
0 95 14
0 95 17
0 95 18
0 95 19
0 95 20
0 95 21
0 96 0
0 96 4
0 96 5
0 96 12
0 96 17
0 96 18
0 96 20
0 97 0
0 97 1
0 97 3
0 97 9
0 97 10
0 97 11
0 97 13
0 97 17
0 97 18
0 97 21
0 98 3
0 98 4
0 98 5
0 98 6
0 98 9
0 98 10
0 98 11
0 98 12
0 98 13
0 98 14
0 98 15
0 98 16
0 98 17
0 98 20
0 99 7
0 99 8
0 99 9
0 99 11
0 99 12
0 99 14
0 99 15
0 99 16
0 99 18
0 99 19
0 99 21
0 100 3
0 100 7
0 100 8
0 100 10
0 100 11
0 100 12
0 100 17
0 100 18
0 100 20
0 100 21
0 101 0
0 101 3
0 101 4
0 101 5
0 101 6
0 101 7
0 101 8
0 101 9
0 101 15
0 101 16
0 101 17
0 101 18
0 101 19
0 101 20
0 102 1
0 102 13
0 102 14
0 102 16
0 102 18
0 102 21
0 103 0
0 103 1
0 103 2
0 103 6
0 103 8
0 103 13
0 103 17
0 103 18
0 103 21
1 0 1
1 0 2
1 0 4
1 0 6
1 0 7
1 0 8
1 0 17
1 0 18
1 0 19
1 0 20
1 0 21
1 0 23
1 0 27
1 0 28
1 1 1
1 1 2
1 1 6
1 1 8
1 1 10
1 1 11
1 1 12
1 1 13
1 1 15
1 1 17
1 1 19
1 1 20
1 1 21
1 1 22
1 1 23
1 1 24
1 1 26
1 1 28
1 2 0
1 2 1
1 2 5
1 2 6
1 2 9
1 2 10
1 2 12
1 2 14
1 2 15
1 2 17
1 2 18
1 2 19
1 2 20
1 2 21
1 2 23
1 2 25
1 2 26
1 2 27
1 2 28
1 3 0
1 3 1
1 3 3
1 3 4
1 3 5
1 3 9
1 3 10
1 3 13
1 3 15
1 3 17
1 3 21
1 3 24
1 3 25
1 3 26
1 3 27
1 3 28
1 4 2
1 4 4
1 4 5
1 4 7
1 4 9
1 4 11
1 4 14
1 4 15
1 4 16
1 4 18
1 4 19
1 4 20
1 4 21
1 4 23
1 4 25
1 5 7
1 5 9
1 5 10
1 5 11
1 5 14
1 5 15
1 5 16
1 5 18
1 5 19
1 5 23
1 5 24
1 5 25
1 5 26
1 6 4
1 6 6
1 6 11
1 6 13
1 6 15
1 6 18
1 6 20
1 6 24
1 6 25
1 6 26
1 6 28
1 7 1
1 7 5
1 7 8
1 7 10
1 7 14
1 7 18
1 7 20
1 7 22
1 7 24
1 7 27
1 8 0
1 8 1
1 8 2
1 8 4
1 8 6
1 8 7
1 8 9
1 8 10
1 8 11
1 8 12
1 8 13
1 8 15
1 8 21
1 8 22
1 8 23
1 8 25
1 8 28
1 9 0
1 9 1
1 9 2
1 9 4
1 9 8
1 9 9
1 9 10
1 9 11
1 9 14
1 9 15
1 9 16
1 9 17
1 9 18
1 9 19
1 9 22
1 9 24
1 9 26
1 9 27
1 10 0
1 10 1
1 10 2
1 10 8
1 10 9
1 10 10
1 10 14
1 10 15
1 10 16
1 10 17
1 10 19
1 10 20
1 10 21
1 10 24
1 10 26
1 10 27
1 11 2
1 11 3
1 11 7
1 11 8
1 11 9
1 11 10
1 11 11
1 11 13
1 11 14
1 11 15
1 11 18
1 11 19
1 11 20
1 11 21
1 11 22
1 11 23
1 11 26
1 11 27
1 11 28
1 12 0
1 12 1
1 12 2
1 12 4
1 12 5
1 12 6
1 12 7
1 12 9
1 12 11
1 12 12
1 12 13
1 12 20
1 12 21
1 12 24
1 12 28
1 13 0
1 13 1
1 13 8
1 13 9
1 13 10
1 13 12
1 13 13
1 13 14
1 13 15
1 13 16
1 13 20
1 13 22
1 13 23
1 13 24
1 13 26
1 13 28
1 14 6
1 14 8
1 14 9
1 14 10
1 14 11
1 14 13
1 14 15
1 14 16
1 14 17
1 14 18
1 14 20
1 14 22
1 14 24
1 14 27
1 14 28
1 15 4
1 15 5
1 15 6
1 15 7
1 15 10
1 15 11
1 15 13
1 15 15
1 15 18
1 15 19
1 15 20
1 15 21
1 15 22
1 15 25
1 15 26
1 15 28
1 16 1
1 16 4
1 16 6
1 16 7
1 16 9
1 16 11
1 16 15
1 16 19
1 16 22
1 16 23
1 16 27
1 16 28
1 17 3
1 17 5
1 17 8
1 17 12
1 17 15
1 17 20
1 17 21
1 17 24
1 17 27
1 18 0
1 18 1
1 18 2
1 18 4
1 18 5
1 18 6
1 18 7
1 18 9
1 18 10
1 18 13
1 18 15
1 18 18
1 18 19
1 18 20
1 18 21
1 18 23
1 18 24
1 18 27
1 19 2
1 19 3
1 19 4
1 19 5
1 19 6
1 19 9
1 19 10
1 19 12
1 19 14
1 19 16
1 19 17
1 19 18
1 19 22
1 19 25
1 19 26
1 20 0
1 20 2
1 20 4
1 20 5
1 20 6
1 20 11
1 20 13
1 20 16
1 20 17
1 20 19
1 20 20
1 20 25
1 20 26
1 20 28
1 21 2
1 21 3
1 21 4
1 21 7
1 21 8
1 21 9
1 21 11
1 21 12
1 21 13
1 21 15
1 21 19
1 21 20
1 21 22
1 21 26
2 0 0
2 0 1
2 0 3
2 0 7
2 0 8
2 0 9
2 1 2
2 1 3
2 1 8
2 2 6
2 2 8
2 2 9
2 3 9
2 4 1
2 5 0
2 5 2
2 5 3
2 5 4
2 5 9
2 6 0
2 6 1
2 6 2
2 6 3
2 6 4
2 7 0
2 7 2
2 7 4
2 7 7
2 7 8
2 7 9
2 8 0
2 8 5
2 8 6
2 8 7
2 8 8
2 8 9
2 9 0
2 9 1
2 9 2
2 9 4
2 9 5
2 10 3
2 10 4
2 10 5
2 10 8
2 11 0
2 11 2
2 11 5
2 11 7
2 12 0
2 12 1
2 12 3
2 12 5
2 12 8
2 13 3
2 13 9
2 14 0
2 14 3
2 14 5
2 14 7
2 15 5
2 15 6
2 16 4
2 16 7
2 16 8
2 16 9
2 17 0
2 17 1
2 17 2
2 17 3
2 17 4
2 17 5
2 17 7
2 18 0
2 18 1
2 18 3
2 18 4
2 18 6
2 18 8
2 18 9
2 19 1
2 19 4
2 19 6
2 19 7
2 20 1
2 20 3
2 20 7
2 20 9
2 21 2
2 21 6
2 21 7
2 22 0
2 22 1
2 22 2
2 22 3
2 22 7
2 22 8
2 22 9
2 23 5
2 23 6
2 23 8
2 23 9
2 24 0
2 24 1
2 24 3
2 24 7
2 25 0
2 25 1
2 25 2
2 25 5
2 25 6
2 25 7
2 25 8
2 25 9
2 26 1
2 26 2
2 26 8
2 26 9
2 27 5
2 27 7
2 27 8
2 28 1
2 28 3
2 28 4
2 28 6
2 28 8
3 0 0
3 0 1
3 0 2
3 0 7
3 0 8
3 0 10
3 0 14
3 0 15
3 0 18
3 0 20
3 1 2
3 1 3
3 1 6
3 1 7
3 1 11
3 1 12
3 1 13
3 1 14
3 1 15
3 1 18
3 1 19
3 1 20
3 2 0
3 2 1
3 2 3
3 2 4
3 2 5
3 2 7
3 2 9
3 2 11
3 2 12
3 2 13
3 2 14
3 2 15
3 2 16
3 2 17
3 2 18
3 2 19
3 2 20
3 3 0
3 3 1
3 3 2
3 3 5
3 3 6
3 3 8
3 3 9
3 3 11
3 3 12
3 3 14
3 3 17
3 4 0
3 4 3
3 4 4
3 4 5
3 4 6
3 4 8
3 4 10
3 4 11
3 4 13
3 4 14
3 4 15
3 4 16
3 4 17
3 4 18
3 4 20
3 5 0
3 5 4
3 5 8
3 5 12
3 5 13
3 5 14
3 5 15
3 5 16
3 5 18
3 5 20
3 6 1
3 6 2
3 6 5
3 6 7
3 6 11
3 6 12
3 6 14
3 6 15
3 6 19
3 6 20
3 7 1
3 7 2
3 7 3
3 7 7
3 7 8
3 7 16
3 7 19
3 8 0
3 8 2
3 8 4
3 8 5
3 8 7
3 8 15
3 8 16
3 8 18
3 8 20
3 9 1
3 9 3
3 9 4
3 9 5
3 9 6
3 9 7
3 9 13
3 9 14
3 9 16
3 9 17
3 9 19
3 9 20
4 0 0
4 0 2
4 0 3
4 0 5
4 0 9
4 0 11
4 0 14
4 0 15
4 0 17
4 0 18
4 0 19
4 0 20
4 0 22
4 0 23
4 0 24
4 0 25
4 0 29
4 0 30
4 0 31
4 0 32
4 0 33
4 0 36
4 0 39
4 0 41
4 0 43
4 0 46
4 0 47
4 0 52
4 1 0
4 1 3
4 1 4
4 1 5
4 1 7
4 1 9
4 1 10
4 1 11
4 1 13
4 1 14
4 1 15
4 1 19
4 1 21
4 1 22
4 1 24
4 1 25
4 1 26
4 1 28
4 1 31
4 1 33
4 1 35
4 1 40
4 1 42
4 1 43
4 1 45
4 1 46
4 1 47
4 1 49
4 1 51
4 1 52
4 1 53
4 2 1
4 2 2
4 2 6
4 2 7
4 2 8
4 2 9
4 2 14
4 2 15
4 2 16
4 2 17
4 2 18
4 2 21
4 2 22
4 2 27
4 2 28
4 2 30
4 2 31
4 2 32
4 2 33
4 2 35
4 2 38
4 2 41
4 2 43
4 2 44
4 2 47
4 2 48
4 2 49
4 2 50
4 2 52
4 3 1
4 3 3
4 3 4
4 3 8
4 3 11
4 3 15
4 3 16
4 3 17
4 3 18
4 3 19
4 3 21
4 3 23
4 3 25
4 3 31
4 3 32
4 3 34
4 3 36
4 3 40
4 3 43
4 3 44
4 3 46
4 3 48
4 3 49
4 3 51
4 3 52
4 3 53
4 4 1
4 4 9
4 4 11
4 4 12
4 4 13
4 4 14
4 4 15
4 4 17
4 4 19
4 4 22
4 4 25
4 4 27
4 4 30
4 4 31
4 4 32
4 4 36
4 4 38
4 4 41
4 4 43
4 4 47
4 4 48
4 4 49
4 4 51
4 4 53
4 5 0
4 5 1
4 5 2
4 5 3
4 5 4
4 5 6
4 5 7
4 5 8
4 5 12
4 5 15
4 5 17
4 5 19
4 5 20
4 5 21
4 5 22
4 5 23
4 5 24
4 5 31
4 5 32
4 5 35
4 5 37
4 5 41
4 5 42
4 5 43
4 5 45
4 5 47
4 5 50
4 5 51
4 5 52
4 5 53
4 6 0
4 6 6
4 6 7
4 6 8
4 6 11
4 6 12
4 6 17
4 6 18
4 6 19
4 6 21
4 6 26
4 6 33
4 6 36
4 6 40
4 6 45
4 6 47
4 6 49
4 6 51
4 7 4
4 7 5
4 7 6
4 7 10
4 7 16
4 7 17
4 7 21
4 7 24
4 7 25
4 7 26
4 7 27
4 7 29
4 7 30
4 7 34
4 7 35
4 7 37
4 7 38
4 7 40
4 7 45
4 7 47
4 7 48
4 7 51
4 7 53
4 8 1
4 8 2
4 8 3
4 8 4
4 8 7
4 8 8
4 8 10
4 8 12
4 8 18
4 8 19
4 8 22
4 8 25
4 8 26
4 8 28
4 8 30
4 8 32
4 8 33
4 8 34
4 8 35
4 8 37
4 8 38
4 8 40
4 8 41
4 8 43
4 8 45
4 8 46
4 8 48
4 8 49
4 8 50
4 8 51
4 8 52
4 8 53
4 9 2
4 9 3
4 9 13
4 9 14
4 9 15
4 9 17
4 9 24
4 9 25
4 9 29
4 9 30
4 9 31
4 9 33
4 9 39
4 9 42
4 9 43
4 9 44
4 9 46
4 9 49
4 9 50
4 9 51
4 9 52
4 10 0
4 10 3
4 10 9
4 10 10
4 10 11
4 10 13
4 10 16
4 10 17
4 10 23
4 10 24
4 10 26
4 10 27
4 10 29
4 10 30
4 10 31
4 10 33
4 10 41
4 10 42
4 10 43
4 10 44
4 10 47
4 10 49
4 10 51
4 11 2
4 11 4
4 11 7
4 11 8
4 11 14
4 11 17
4 11 18
4 11 20
4 11 21
4 11 23
4 11 24
4 11 25
4 11 27
4 11 29
4 11 34
4 11 35
4 11 38
4 11 40
4 11 42
4 11 43
4 11 44
4 12 2
4 12 3
4 12 5
4 12 6
4 12 7
4 12 8
4 12 9
4 12 10
4 12 11
4 12 18
4 12 21
4 12 23
4 12 24
4 12 30
4 12 35
4 12 36
4 12 38
4 12 42
4 12 44
4 12 46
4 12 49
4 12 50
4 12 51
4 12 53
4 13 1
4 13 2
4 13 3
4 13 5
4 13 10
4 13 14
4 13 17
4 13 18
4 13 19
4 13 23
4 13 25
4 13 26
4 13 27
4 13 29
4 13 35
4 13 37
4 13 38
4 13 40
4 13 41
4 13 42
4 13 46
4 13 48
4 13 49
4 13 53
4 14 2
4 14 6
4 14 12
4 14 14
4 14 16
4 14 17
4 14 19
4 14 25
4 14 26
4 14 27
4 14 28
4 14 29
4 14 31
4 14 34
4 14 35
4 14 36
4 14 37
4 14 40
4 14 42
4 14 43
4 14 47
4 14 48
4 14 52
4 15 1
4 15 2
4 15 5
4 15 6
4 15 7
4 15 8
4 15 9
4 15 13
4 15 14
4 15 15
4 15 17
4 15 19
4 15 20
4 15 23
4 15 24
4 15 25
4 15 26
4 15 29
4 15 33
4 15 36
4 15 37
4 15 40
4 15 41
4 15 43
4 15 45
4 15 46
4 15 47
4 15 48
4 15 49
4 15 50
4 15 53
4 16 1
4 16 2
4 16 15
4 16 17
4 16 20
4 16 22
4 16 26
4 16 29
4 16 30
4 16 31
4 16 32
4 16 35
4 16 37
4 16 38
4 16 39
4 16 41
4 16 42
4 16 45
4 16 48
4 16 51
4 16 52
4 16 53
4 17 0
4 17 3
4 17 8
4 17 9
4 17 10
4 17 12
4 17 13
4 17 15
4 17 17
4 17 21
4 17 22
4 17 23
4 17 25
4 17 26
4 17 27
4 17 29
4 17 31
4 17 32
4 17 44
4 17 47
4 17 48
4 17 50
4 17 52
4 18 1
4 18 2
4 18 4
4 18 8
4 18 9
4 18 11
4 18 12
4 18 15
4 18 24
4 18 25
4 18 26
4 18 28
4 18 32
4 18 38
4 18 39
4 18 42
4 18 44
4 18 46
4 18 47
4 18 50
4 18 51
4 18 52
4 19 0
4 19 5
4 19 13
4 19 14
4 19 15
4 19 16
4 19 17
4 19 18
4 19 20
4 19 24
4 19 25
4 19 27
4 19 28
4 19 29
4 19 30
4 19 31
4 19 32
4 19 35
4 19 37
4 19 39
4 19 44
4 19 45
4 19 46
4 19 47
4 19 48
4 19 51
4 20 0
4 20 4
4 20 6
4 20 7
4 20 9
4 20 12
4 20 13
4 20 14
4 20 16
4 20 17
4 20 19
4 20 20
4 20 21
4 20 22
4 20 23
4 20 24
4 20 25
4 20 27
4 20 28
4 20 29
4 20 30
4 20 31
4 20 33
4 20 34
4 20 35
4 20 36
4 20 38
4 20 39
4 20 41
4 20 45
4 20 46
4 20 47
4 20 50
4 20 53