279
6
21 74 24 26 55 40
3820

0 0 0 362 0 417 142 0 0 0 0 0 319 0 614 0 0 0 0 0 0
0 0 0 0 0 0 0 523 0 0 0 0 0 0 0 0 0 0 0 0 0 0 0 678 0 0 0 0 0 0 0 0 0 0 0 0 647 0 0 0 573 743 44 0 0 0 0 0 0 0 0 0 0 216 0 0 0 0 156 0 0 0 488 0 0 0 551 0 0 0 441 0 762 0
0 0 0 0 0 0 0 759 596 463 0 0 0 0 0 0 0 0 0 0 179 992 0 0
0 36 0 0 0 0 0 0 0 0 519 292 0 380 399 0 609 0 449 0 0 0 179 0 0 0
0 0 0 0 0 0 248 0 0 0 163 743 0 0 915 0 0 0 0 0 0 0 647 369 0 0 0 0 112 0 0 744 0 0 0 0 0 0 0 429 760 425 0 0 0 0 0 0 0 0 0 0 0 400 0
0 0 829 0 0 842 0 44 0 0 0 0 0 0 450 0 0 0 0 541 678 814 125 602 0 0 35 5 0 0 187 0 0 0 0 651 571 0 659 179

0 0 0
0 0 1
0 0 3
0 0 5
0 0 7
0 0 8
0 0 9
0 0 16
0 0 17
0 0 19
0 0 24
0 0 25
0 0 26
0 0 27
0 0 28
0 0 29
0 0 30
0 0 31
0 0 32
0 0 33
0 0 35
0 0 36
0 0 37
0 0 38
0 0 39
0 0 42
0 0 43
0 0 44
0 0 46
0 0 47
0 0 53
0 0 56
0 0 57
0 0 58
0 0 64
0 0 66
0 0 69
0 0 70
0 0 73
0 1 3
0 1 4
0 1 6
0 1 7
0 1 8
0 1 9
0 1 12
0 1 13
0 1 14
0 1 16
0 1 17
0 1 18
0 1 19
0 1 20
0 1 21
0 1 22
0 1 24
0 1 25
0 1 29
0 1 32
0 1 33
0 1 36
0 1 37
0 1 39
0 1 41
0 1 42
0 1 44
0 1 52
0 1 53
0 1 54
0 1 55
0 1 58
0 1 60
0 1 61
0 1 63
0 1 68
0 1 69
0 1 71
0 1 72
0 1 73
0 2 2
0 2 4
0 2 7
0 2 14
0 2 15
0 2 18
0 2 19
0 2 20
0 2 24
0 2 27
0 2 28
0 2 31
0 2 33
0 2 36
0 2 37
0 2 38
0 2 39
0 2 41
0 2 42
0 2 43
0 2 47
0 2 50
0 2 51
0 2 53
0 2 54
0 2 57
0 2 59
0 2 67
0 2 69
0 2 72
0 2 73
0 3 1
0 3 2
0 3 4
0 3 11
0 3 12
0 3 16
0 3 17
0 3 18
0 3 21
0 3 23
0 3 24
0 3 25
0 3 28
0 3 29
0 3 30
0 3 39
0 3 40
0 3 45
0 3 46
0 3 50
0 3 52
0 3 54
0 3 55
0 3 57
0 3 58
0 3 63
0 3 64
0 3 66
0 3 67
0 3 69
0 3 70
0 4 2
0 4 5
0 4 9
0 4 10
0 4 11
0 4 14
0 4 16
0 4 17
0 4 18
0 4 20
0 4 24
0 4 25
0 4 28
0 4 29
0 4 30
0 4 33
0 4 36
0 4 38
0 4 42
0 4 43
0 4 44
0 4 46
0 4 49
0 4 51
0 4 52
0 4 54
0 4 55
0 4 56
0 4 58
0 4 60
0 4 61
0 4 62
0 4 63
0 4 66
0 4 67
0 4 68
0 4 71
0 4 73
0 5 1
0 5 4
0 5 6
0 5 7
0 5 9
0 5 10
0 5 11
0 5 13
0 5 14
0 5 16
0 5 20
0 5 21
0 5 22
0 5 23
0 5 29
0 5 32
0 5 34
0 5 36
0 5 37
0 5 39
0 5 45
0 5 46
0 5 47
0 5 48
0 5 51
0 5 54
0 5 55
0 5 57
0 5 59
0 5 60
0 5 64
0 5 65
0 5 66
0 5 68
0 5 71
0 5 72
0 5 73
0 6 3
0 6 4
0 6 5
0 6 6
0 6 7
0 6 8
0 6 9
0 6 11
0 6 13
0 6 14
0 6 15
0 6 21
0 6 22
0 6 23
0 6 25
0 6 26
0 6 28
0 6 31
0 6 33
0 6 34
0 6 35
0 6 38
0 6 39
0 6 42
0 6 43
0 6 45
0 6 46
0 6 48
0 6 50
0 6 51
0 6 52
0 6 53
0 6 54
0 6 56
0 6 60
0 6 62
0 6 63
0 6 64
0 6 66
0 6 67
0 6 68
0 6 71
0 7 3
0 7 10
0 7 11
0 7 16
0 7 18
0 7 19
0 7 23
0 7 26
0 7 28
0 7 32
0 7 34
0 7 35
0 7 37
0 7 38
0 7 39
0 7 41
0 7 44
0 7 45
0 7 48
0 7 54
0 7 55
0 7 57
0 7 59
0 7 62
0 7 63
0 7 64
0 7 66
0 7 69
0 7 70
0 7 71
0 7 72
0 7 73
0 8 0
0 8 1
0 8 2
0 8 3
0 8 6
0 8 8
0 8 10
0 8 12
0 8 16
0 8 17
0 8 19
0 8 21
0 8 22
0 8 23
0 8 24
0 8 25
0 8 26
0 8 28
0 8 34
0 8 35
0 8 36
0 8 38
0 8 39
0 8 41
0 8 42
0 8 43
0 8 44
0 8 45
0 8 49
0 8 52
0 8 55
0 8 56
0 8 57
0 8 62
0 8 63
0 8 64
0 8 69
0 8 70
0 8 71
0 8 73
0 9 1
0 9 2
0 9 5
0 9 6
0 9 8
0 9 11
0 9 13
0 9 15
0 9 17
0 9 19
0 9 20
0 9 22
0 9 23
0 9 25
0 9 28
0 9 29
0 9 31
0 9 33
0 9 34
0 9 38
0 9 40
0 9 41
0 9 42
0 9 43
0 9 44
0 9 48
0 9 50
0 9 52
0 9 53
0 9 55
0 9 56
0 9 58
0 9 60
0 9 61
0 9 64
0 9 65
0 9 66
0 9 73
0 10 0
0 10 3
0 10 4
0 10 5
0 10 7
0 10 8
0 10 9
0 10 10
0 10 13
0 10 14
0 10 15
0 10 16
0 10 19
0 10 20
0 10 21
0 10 24
0 10 25
0 10 26
0 10 29
0 10 31
0 10 33
0 10 34
0 10 36
0 10 37
0 10 39
0 10 40
0 10 45
0 10 46
0 10 49
0 10 50
0 10 51
0 10 52
0 10 55
0 10 56
0 10 57
0 10 59
0 10 61
0 10 64
0 10 67
0 10 73
0 11 0
0 11 1
0 11 3
0 11 5
0 11 6
0 11 8
0 11 9
0 11 14
0 11 17
0 11 21
0 11 23
0 11 24
0 11 25
0 11 26
0 11 27
0 11 32
0 11 41
0 11 42
0 11 44
0 11 45
0 11 49
0 11 50
0 11 52
0 11 53
0 11 56
0 11 57
0 11 58
0 11 61
0 11 62
0 11 64
0 11 65
0 11 69
0 11 70
0 11 72
0 12 1
0 12 2
0 12 4
0 12 5
0 12 6
0 12 8
0 12 10
0 12 13
0 12 15
0 12 16
0 12 18
0 12 21
0 12 22
0 12 23
0 12 24
0 12 27
0 12 28
0 12 29
0 12 30
0 12 33
0 12 35
0 12 36
0 12 37
0 12 39
0 12 41
0 12 42
0 12 44
0 12 47
0 12 50
0 12 51
0 12 52
0 12 54
0 12 55
0 12 59
0 12 60
0 12 66
0 12 68
0 12 69
0 12 70
0 13 3
0 13 4
0 13 8
0 13 9
0 13 11
0 13 12
0 13 13
0 13 15
0 13 17
0 13 18
0 13 19
0 13 21
0 13 25
0 13 26
0 13 27
0 13 29
0 13 34
0 13 36
0 13 39
0 13 43
0 13 48
0 13 50
0 13 52
0 13 54
0 13 58
0 13 59
0 13 60
0 13 61
0 13 62
0 13 69
0 13 71
0 13 73
0 14 1
0 14 4
0 14 6
0 14 10
0 14 12
0 14 17
0 14 18
0 14 20
0 14 21
0 14 24
0 14 25
0 14 27
0 14 32
0 14 34
0 14 36
0 14 39
0 14 40
0 14 41
0 14 45
0 14 46
0 14 49
0 14 50
0 14 53
0 14 55
0 14 56
0 14 58
0 14 62
0 14 63
0 14 66
0 14 69
0 14 70
0 14 72
0 15 2
0 15 5
0 15 6
0 15 9
0 15 10
0 15 11
0 15 16
0 15 17
0 15 19
0 15 20
0 15 21
0 15 23
0 15 34
0 15 35
0 15 37
0 15 39
0 15 40
0 15 41
0 15 43
0 15 44
0 15 45
0 15 47
0 15 48
0 15 50
0 15 53
0 15 54
0 15 55
0 15 57
0 15 59
0 15 60
0 15 62
0 15 64
0 15 66
0 16 2
0 16 3
0 16 5
0 16 6
0 16 7
0 16 8
0 16 10
0 16 11
0 16 12
0 16 13
0 16 14
0 16 21
0 16 24
0 16 25
0 16 26
0 16 27
0 16 29
0 16 31
0 16 32
0 16 37
0 16 39
0 16 40
0 16 42
0 16 43
0 16 44
0 16 46
0 16 48
0 16 49
0 16 50
0 16 51
0 16 53
0 16 55
0 16 58
0 16 59
0 16 60
0 16 61
0 16 62
0 16 63
0 16 64
0 16 68
0 16 70
0 16 71
0 17 0
0 17 3
0 17 5
0 17 7
0 17 8
0 17 9
0 17 11
0 17 13
0 17 16
0 17 18
0 17 24
0 17 26
0 17 28
0 17 31
0 17 32
0 17 33
0 17 35
0 17 36
0 17 37
0 17 42
0 17 43
0 17 44
0 17 47
0 17 48
0 17 49
0 17 51
0 17 52
0 17 54
0 17 55
0 17 57
0 17 58
0 17 63
0 17 64
0 17 65
0 17 67
0 17 68
0 17 71
0 18 2
0 18 4
0 18 6
0 18 7
0 18 8
0 18 9
0 18 10
0 18 11
0 18 12
0 18 13
0 18 15
0 18 16
0 18 17
0 18 19
0 18 24
0 18 25
0 18 28
0 18 29
0 18 30
0 18 33
0 18 41
0 18 43
0 18 44
0 18 45
0 18 46
0 18 47
0 18 48
0 18 49
0 18 51
0 18 52
0 18 53
0 18 55
0 18 56
0 18 57
0 18 63
0 18 70
0 18 72
0 18 73
0 19 0
0 19 1
0 19 9
0 19 10
0 19 11
0 19 14
0 19 16
0 19 17
0 19 19
0 19 20
0 19 21
0 19 22
0 19 23
0 19 25
0 19 27
0 19 28
0 19 30
0 19 31
0 19 32
0 19 33
0 19 36
0 19 38
0 19 45
0 19 48
0 19 49
0 19 50
0 19 51
0 19 53
0 19 54
0 19 56
0 19 57
0 19 59
0 19 61
0 19 63
0 19 65
0 19 66
0 19 67
0 19 69
0 19 70
0 19 71
0 19 73
0 20 2
0 20 3
0 20 4
0 20 6
0 20 7
0 20 8
0 20 11
0 20 13
0 20 15
0 20 16
0 20 19
0 20 20
0 20 21
0 20 23
0 20 24
0 20 25
0 20 26
0 20 27
0 20 28
0 20 31
0 20 32
0 20 33
0 20 34
0 20 36
0 20 43
0 20 44
0 20 45
0 20 49
0 20 54
0 20 56
0 20 59
0 20 60
0 20 61
0 20 62
0 20 63
0 20 65
0 20 67
0 20 68
1 0 0
1 0 3
1 0 5
1 0 6
1 0 7
1 0 8
1 0 9
1 0 11
1 0 13
1 0 14
1 0 16
1 0 17
1 0 18
1 0 20
1 0 22
1 0 23
1 1 1
1 1 2
1 1 5
1 1 7
1 1 13
1 1 15
1 1 17
1 1 19
1 2 1
1 2 3
1 2 5
1 2 6
1 2 12
1 2 13
1 2 15
1 2 18
1 2 20
1 2 21
1 2 22
1 2 23
1 3 0
1 3 5
1 3 6
1 3 9
1 3 10
1 3 11
1 3 15
1 3 17
1 3 18
1 3 19
1 4 0
1 4 2
1 4 4
1 4 5
1 4 8
1 4 10
1 4 12
1 4 15
1 4 18
1 4 20
1 4 21
1 4 23
1 5 1
1 5 3
1 5 4
1 5 5
1 5 7
1 5 8
1 5 12
1 5 14
1 5 15
1 5 16
1 5 19
1 5 20
1 5 23
1 6 2
1 6 5
1 6 6
1 6 7
1 6 9
1 6 10
1 6 11
1 6 12
1 6 14
1 6 16
1 6 17
1 6 21
1 6 22
1 6 23
1 7 1
1 7 2
1 7 9
1 7 12
1 7 13
1 7 14
1 7 16
1 7 20
1 7 21
1 7 23
1 8 1
1 8 2
1 8 3
1 8 4
1 8 5
1 8 6
1 8 7
1 8 9
1 8 11
1 8 12
1 8 14
1 8 17
1 8 18
1 8 19
1 9 3
1 9 4
1 9 5
1 9 7
1 9 8
1 9 9
1 9 12
1 9 13
1 9 14
1 9 16
1 9 18
1 9 19
1 9 22
1 10 0
1 10 1
1 10 2
1 10 3
1 10 4
1 10 5
1 10 6
1 10 8
1 10 9
1 10 10
1 10 12
1 10 13
1 10 14
1 10 17
1 10 19
1 10 20
1 10 23
1 11 0
1 11 3
1 11 8
1 11 9
1 11 12
1 11 13
1 11 14
1 11 15
1 11 17
1 11 21
1 11 23
1 12 0
1 12 2
1 12 3
1 12 5
1 12 6
1 12 8
1 12 9
1 12 11
1 12 14
1 12 15
1 12 19
1 12 20
1 12 21
1 12 23
1 13 0
1 13 1
1 13 3
1 13 4
1 13 10
1 13 11
1 13 13
1 13 16
1 13 19
1 13 20
1 13 23
1 14 6
1 14 9
1 14 10
1 14 12
1 14 14
1 14 21
1 14 23
1 15 5
1 15 7
1 15 8
1 15 9
1 15 10
1 15 11
1 15 12
1 15 16
1 15 17
1 15 18
1 15 20
1 15 22
1 15 23
1 16 0
1 16 4
1 16 6
1 16 7
1 16 8
1 16 9
1 16 11
1 16 12
1 16 13
1 16 14
1 16 18
1 16 20
1 16 23
1 17 2
1 17 4
1 17 9
1 17 10
1 17 11
1 17 12
1 17 13
1 17 16
1 17 18
1 17 19
1 17 20
1 17 21
1 18 0
1 18 1
1 18 2
1 18 3
1 18 4
1 18 5
1 18 6
1 18 7
1 18 8
1 18 13
1 18 15
1 18 17
1 18 18
1 18 19
1 18 20
1 18 23
1 19 0
1 19 1
1 19 3
1 19 6
1 19 8
1 19 9
1 19 10
1 19 11
1 19 13
1 19 15
1 19 18
1 19 19
1 19 21
1 19 22
1 20 1
1 20 2
1 20 5
1 20 6
1 20 8
1 20 9
1 20 11
1 20 14
1 20 17
1 20 22
1 20 23
1 21 0
1 21 1
1 21 2
1 21 4
1 21 5
1 21 7
1 21 8
1 21 10
1 21 12
1 21 15
1 21 16
1 21 21
1 21 22
1 22 1
1 22 4
1 22 5
1 22 6
1 22 7
1 22 8
1 22 9
1 22 10
1 22 11
1 22 12
1 22 13
1 22 15
1 22 17
1 22 18
1 22 19
1 22 21
1 22 22
1 23 0
1 23 2
1 23 4
1 23 6
1 23 9
1 23 15
1 23 19
1 23 20
1 23 22
1 24 0
1 24 1
1 24 2
1 24 3
1 24 6
1 24 9
1 24 11
1 24 12
1 24 13
1 24 15
1 24 18
1 24 21
1 25 0
1 25 1
1 25 2
1 25 5
1 25 8
1 25 15
1 25 16
1 25 17
1 25 18
1 25 20
1 25 21
1 25 23
1 26 1
1 26 3
1 26 5
1 26 7
1 26 9
1 26 11
1 26 12
1 26 14
1 26 17
1 26 19
1 26 20
1 26 21
1 26 23
1 27 1
1 27 2
1 27 4
1 27 5
1 27 8
1 27 11
1 27 14
1 27 16
1 27 18
1 27 21
1 28 4
1 28 5
1 28 6
1 28 8
1 28 9
1 28 11
1 28 12
1 28 13
1 28 16
1 28 17
1 28 20
1 28 21
1 29 1
1 29 2
1 29 3
1 29 4
1 29 5
1 29 13
1 29 16
1 29 18
1 29 20
1 30 3
1 30 5
1 30 6
1 30 8
1 30 9
1 30 11
1 30 12
1 30 13
1 30 14
1 30 15
1 30 16
1 30 18
1 30 19
1 30 20
1 30 21
1 30 22
1 31 1
1 31 4
1 31 5
1 31 8
1 31 9
1 31 10
1 31 11
1 31 12
1 31 16
1 31 18
1 31 20
1 31 21
1 32 1
1 32 2
1 32 3
1 32 4
1 32 5
1 32 6
1 32 7
1 32 9
1 32 13
1 32 14
1 32 16
1 32 17
1 32 18
1 32 19
1 32 20
1 33 1
1 33 3
1 33 10
1 33 13
1 33 14
1 33 15
1 33 17
1 33 19
1 33 20
1 33 22
1 34 0
1 34 3
1 34 5
1 34 7
1 34 9
1 34 10
1 34 11
1 34 12
1 34 13
1 34 15
1 34 16
1 34 17
1 34 20
1 34 21
1 35 1
1 35 2
1 35 5
1 35 6
1 35 7
1 35 13
1 35 14
1 35 17
1 35 20
1 36 0
1 36 2
1 36 3
1 36 4
1 36 5
1 36 7
1 36 12
1 36 13
1 36 15
1 36 16
1 36 17
1 36 19
1 36 23
1 37 1
1 37 4
1 37 6
1 37 7
1 37 10
1 37 11
1 37 12
1 37 13
1 37 15
1 37 17
1 37 18
1 37 21
1 37 23
1 38 0
1 38 2
1 38 3
1 38 6
1 38 9
1 38 10
1 38 12
1 38 13
1 38 14
1 38 16
1 38 17
1 38 22
1 39 1
1 39 4
1 39 7
1 39 8
1 39 9
1 39 10
1 39 11
1 39 12
1 39 13
1 39 15
1 39 16
1 39 17
1 39 18
1 39 19
1 39 20
1 39 21
1 39 22
1 39 23
1 40 0
1 40 1
1 40 3
1 40 10
1 40 11
1 40 13
1 40 14
1 40 15
1 40 17
1 40 18
1 40 19
1 40 21
1 40 22
1 40 23
1 41 1
1 41 6
1 41 7
1 41 10
1 41 11
1 41 12
1 41 15
1 41 19
1 41 20
1 42 2
1 42 5
1 42 7
1 42 9
1 42 11
1 42 13
1 42 15
1 42 18
1 42 20
1 42 21
1 42 22
1 42 23
1 43 1
1 43 2
1 43 3
1 43 5
1 43 9
1 43 10
1 43 11
1 43 15
1 43 17
1 43 18
1 43 19
1 43 21
1 43 22
1 43 23
1 44 4
1 44 7
1 44 9
1 44 11
1 44 13
1 44 14
1 44 17
1 44 18
1 44 21
1 44 22
1 45 0
1 45 2
1 45 3
1 45 4
1 45 6
1 45 7
1 45 10
1 45 11
1 45 13
1 45 14
1 45 15
1 45 18
1 45 21
1 46 0
1 46 1
1 46 2
1 46 4
1 46 6
1 46 12
1 46 13
1 46 16
1 46 17
1 46 18
1 46 20
1 47 0
1 47 1
1 47 4
1 47 6
1 47 8
1 47 10
1 47 13
1 47 14
1 47 15
1 47 20
1 47 21
1 47 22
1 48 0
1 48 2
1 48 11
1 48 12
1 48 14
1 48 15
1 48 17
1 48 19
1 49 3
1 49 4
1 49 5
1 49 6
1 49 7
1 49 8
1 49 15
1 49 16
1 49 19
1 49 21
1 49 23
1 50 0
1 50 3
1 50 5
1 50 7
1 50 9
1 50 10
1 50 11
1 50 12
1 50 13
1 50 15
1 50 17
1 50 21
1 50 22
1 50 23
1 51 1
1 51 4
1 51 8
1 51 11
1 51 12
1 51 14
1 51 16
1 51 19
1 51 20
1 52 0
1 52 9
1 52 10
1 52 12
1 52 13
1 52 14
1 52 17
1 52 19
1 52 23
1 53 5
1 53 7
1 53 8
1 53 10
1 53 11
1 53 12
1 53 13
1 53 15
1 53 17
1 53 18
1 53 22
1 54 0
1 54 1
1 54 2
1 54 6
1 54 9
1 54 10
1 54 12
1 54 13
1 54 14
1 54 17
1 54 18
1 54 19
1 54 20
1 54 23
1 55 0
1 55 1
1 55 4
1 55 5
1 55 7
1 55 8
1 55 9
1 55 13
1 55 14
1 55 15
1 55 17
1 55 18
1 55 19
1 55 20
1 55 22
1 56 0
1 56 1
1 56 4
1 56 5
1 56 7
1 56 11
1 56 12
1 56 14
1 56 18
1 56 19
1 56 20
1 56 21
1 56 23
1 57 1
1 57 3
1 57 8
1 57 9
1 57 10
1 57 11
1 57 14
1 57 17
1 57 19
1 57 20
1 57 22
1 57 23
1 58 0
1 58 1
1 58 4
1 58 5
1 58 6
1 58 7
1 58 8
1 58 10
1 58 12
1 58 16
1 58 21
1 58 23
1 59 0
1 59 1
1 59 3
1 59 6
1 59 9
1 59 14
1 59 15
1 59 16
1 59 17
1 59 18
1 59 20
1 59 21
1 59 22
1 59 23
1 60 2
1 60 4
1 60 6
1 60 8
1 60 9
1 60 10
1 60 14
1 60 15
1 60 17
1 60 18
1 60 19
1 60 21
1 61 0
1 61 2
1 61 4
1 61 5
1 61 6
1 61 7
1 61 8
1 61 12
1 61 14
1 61 15
1 61 18
1 61 19
1 61 20
1 61 21
1 61 22
1 62 0
1 62 4
1 62 5
1 62 6
1 62 7
1 62 8
1 62 11
1 62 12
1 62 13
1 62 14
1 62 15
1 62 16
1 62 17
1 62 18
1 62 19
1 62 20
1 62 21
1 62 22
1 62 23
1 63 0
1 63 2
1 63 3
1 63 4
1 63 5
1 63 6
1 63 8
1 63 9
1 63 12
1 63 13
1 63 15
1 63 16
1 63 18
1 63 20
1 63 21
1 64 0
1 64 1
1 64 3
1 64 6
1 64 7
1 64 8
1 64 9
1 64 11
1 64 12
1 64 13
1 64 14
1 64 20
1 64 21
1 64 23
1 65 2
1 65 3
1 65 7
1 65 8
1 65 9
1 65 10
1 65 11
1 65 13
1 65 14
1 65 16
1 65 17
1 65 18
1 65 19
1 65 21
1 65 23
1 66 2
1 66 4
1 66 5
1 66 6
1 66 11
1 66 12
1 66 14
1 66 16
1 66 18
1 66 20
1 66 23
1 67 0
1 67 2
1 67 3
1 67 6
1 67 7
1 67 10
1 67 11
1 67 12
1 67 14
1 67 18
1 67 19
1 67 20
1 67 21
1 67 23
1 68 4
1 68 5
1 68 7
1 68 11
1 68 12
1 68 13
1 68 14
1 68 17
1 68 20
1 69 1
1 69 3
1 69 5
1 69 6
1 69 10
1 69 11
1 69 13
1 69 16
1 69 17
1 69 18
1 69 20
1 69 21
1 69 22
1 70 2
1 70 4
1 70 6
1 70 7
1 70 8
1 70 10
1 70 11
1 70 12
1 70 15
1 70 18
1 70 20
1 70 23
1 71 0
1 71 1
1 71 4
1 71 5
1 71 6
1 71 8
1 71 9
1 71 10
1 71 11
1 71 18
1 71 20
1 71 22
1 72 1
1 72 2
1 72 4
1 72 8
1 72 9
1 72 11
1 72 12
1 72 13
1 72 14
1 72 15
1 72 16
1 72 18
1 72 20
1 72 21
1 72 22
1 73 0
1 73 2
1 73 3
1 73 7
1 73 9
1 73 10
1 73 14
1 73 15
1 73 16
1 73 17
1 73 18
1 73 19
1 73 20
1 73 21
1 73 22
1 73 23
2 0 0
2 0 1
2 0 3
2 0 5
2 0 6
2 0 7
2 0 9
2 0 10
2 0 11
2 0 12
2 0 13
2 0 18
2 0 19
2 0 20
2 0 22
2 0 23
2 0 24
2 1 2
2 1 3
2 1 4
2 1 6
2 1 7
2 1 8
2 1 11
2 1 12
2 1 13
2 1 16
2 1 18
2 1 19
2 1 24
2 2 3
2 2 4
2 2 5
2 2 8
2 2 10
2 2 11
2 2 12
2 2 13
2 2 14
2 2 18
2 2 20
2 2 21
2 2 23
2 3 1
2 3 3
2 3 4
2 3 5
2 3 7
2 3 8
2 3 10
2 3 11
2 3 13
2 3 16
2 3 17
2 3 18
2 3 19
2 3 20
2 3 25
2 4 0
2 4 1
2 4 3
2 4 8
2 4 9
2 4 10
2 4 11
2 4 12
2 4 13
2 4 14
2 4 15
2 4 17
2 4 20
2 4 22
2 4 23
2 5 6
2 5 7
2 5 9
2 5 11
2 5 16
2 5 17
2 5 20
2 5 22
2 5 23
2 5 24
2 5 25
2 6 4
2 6 6
2 6 9
2 6 10
2 6 11
2 6 14
2 6 16
2 6 17
2 6 19
2 6 21
2 6 22
2 6 23
2 6 25
2 7 0
2 7 1
2 7 5
2 7 6
2 7 8
2 7 10
2 7 13
2 7 14
2 7 15
2 7 16
2 7 18
2 7 23
2 8 0
2 8 1
2 8 2
2 8 6
2 8 7
2 8 8
2 8 9
2 8 11
2 8 12
2 8 13
2 8 15
2 8 16
2 8 17
2 8 22
2 8 25
2 9 0
2 9 1
2 9 2
2 9 3
2 9 7
2 9 8
2 9 10
2 9 11
2 9 12
2 10 1
2 10 3
2 10 6
2 10 11
2 10 14
2 10 15
2 10 17
2 10 20
2 10 21
2 10 23
2 11 4
2 11 5
2 11 14
2 11 16
2 11 17
2 11 18
2 11 19
2 11 22
2 11 24
2 12 0
2 12 1
2 12 2
2 12 3
2 12 4
2 12 7
2 12 8
2 12 9
2 12 13
2 12 18
2 12 19
2 12 20
2 12 21
2 12 23
2 13 0
2 13 3
2 13 7
2 13 9
2 13 10
2 13 11
2 13 14
2 13 15
2 13 16
2 13 20
2 13 21
2 13 24
2 13 25
2 14 0
2 14 5
2 14 6
2 14 13
2 14 14
2 14 15
2 14 17
2 14 18
2 14 19
2 14 20
2 14 23
2 14 24
2 15 0
2 15 2
2 15 3
2 15 4
2 15 6
2 15 7
2 15 11
2 15 13
2 15 15
2 15 17
2 15 18
2 15 19
2 15 21
2 15 22
2 15 23
2 15 24
2 16 1
2 16 2
2 16 4
2 16 6
2 16 10
2 16 12
2 16 13
2 16 14
2 16 17
2 16 19
2 16 21
2 16 22
2 16 24
2 16 25
2 17 0
2 17 1
2 17 6
2 17 7
2 17 8
2 17 9
2 17 11
2 17 13
2 17 17
2 17 20
2 17 24
2 18 0
2 18 1
2 18 4
2 18 8
2 18 9
2 18 10
2 18 11
2 18 12
2 18 15
2 18 16
2 18 18
2 18 19
2 18 21
2 18 24
2 18 25
2 19 1
2 19 2
2 19 4
2 19 7
2 19 9
2 19 10
2 19 12
2 19 18
2 19 22
2 19 25
2 20 3
2 20 4
2 20 11
2 20 16
2 20 19
2 20 20
2 20 25
2 21 0
2 21 1
2 21 2
2 21 5
2 21 6
2 21 7
2 21 9
2 21 10
2 21 12
2 21 17
2 21 18
2 21 20
2 21 22
2 21 25
2 22 0
2 22 6
2 22 9
2 22 11
2 22 12
2 22 14
2 22 17
2 22 18
2 22 20
2 22 21
2 22 25
2 23 1
2 23 5
2 23 6
2 23 7
2 23 8
2 23 11
2 23 12
2 23 14
2 23 18
2 23 19
2 23 23
2 23 24
2 23 25
3 0 0
3 0 2
3 0 3
3 0 5
3 0 8
3 0 9
3 0 10
3 0 13
3 0 16
3 0 17
3 0 25
3 0 30
3 0 32
3 0 36
3 0 41
3 0 44
3 0 47
3 0 48
3 0 49
3 0 50
3 0 51
3 0 52
3 0 53
3 0 54
3 1 2
3 1 3
3 1 6
3 1 7
3 1 9
3 1 10
3 1 14
3 1 19
3 1 21
3 1 23
3 1 26
3 1 28
3 1 29
3 1 30
3 1 32
3 1 34
3 1 39
3 1 41
3 1 42
3 1 43
3 1 45
3 1 46
3 1 47
3 1 51
3 1 52
3 1 53
3 2 3
3 2 4
3 2 6
3 2 9
3 2 15
3 2 16
3 2 17
3 2 18
3 2 19
3 2 22
3 2 23
3 2 28
3 2 31
3 2 32
3 2 35
3 2 37
3 2 39
3 2 40
3 2 43
3 2 46
3 2 48
3 2 51
3 2 54
3 3 2
3 3 3
3 3 6
3 3 8
3 3 11
3 3 12
3 3 15
3 3 16
3 3 18
3 3 20
3 3 21
3 3 23
3 3 24
3 3 25
3 3 28
3 3 29
3 3 30
3 3 31
3 3 33
3 3 36
3 3 37
3 3 38
3 3 39
3 3 41
3 3 45
3 3 47
3 3 50
3 3 53
3 3 54
3 4 6
3 4 7
3 4 9
3 4 11
3 4 12
3 4 13
3 4 15
3 4 19
3 4 20
3 4 21
3 4 31
3 4 32
3 4 36
3 4 39
3 4 40
3 4 45
3 4 46
3 4 47
3 4 48
3 4 49
3 4 53
3 5 4
3 5 6
3 5 8
3 5 11
3 5 12
3 5 14
3 5 15
3 5 16
3 5 17
3 5 18
3 5 19
3 5 20
3 5 22
3 5 23
3 5 24
3 5 25
3 5 27
3 5 29
3 5 30
3 5 33
3 5 37
3 5 39
3 5 40
3 5 42
3 5 43
3 5 44
3 5 47
3 5 50
3 5 53
3 5 54
3 6 0
3 6 5
3 6 7
3 6 8
3 6 9
3 6 10
3 6 15
3 6 18
3 6 25
3 6 27
3 6 29
3 6 30
3 6 32
3 6 36
3 6 38
3 6 39
3 6 40
3 6 41
3 6 42
3 6 46
3 6 47
3 6 51
3 6 52
3 6 53
3 7 2
3 7 3
3 7 4
3 7 5
3 7 6
3 7 7
3 7 8
3 7 9
3 7 10
3 7 12
3 7 14
3 7 16
3 7 18
3 7 19
3 7 20
3 7 24
3 7 25
3 7 27
3 7 30
3 7 31
3 7 32
3 7 33
3 7 34
3 7 35
3 7 36
3 7 37
3 7 38
3 7 41
3 7 42
3 7 43
3 7 44
3 7 45
3 7 46
3 7 47
3 7 50
3 7 53
3 8 1
3 8 5
3 8 6
3 8 8
3 8 9
3 8 10
3 8 13
3 8 14
3 8 15
3 8 17
3 8 19
3 8 20
3 8 22
3 8 26
3 8 28
3 8 29
3 8 30
3 8 32
3 8 35
3 8 39
3 8 44
3 8 45
3 8 46
3 8 47
3 8 49
3 8 50
3 8 52
3 8 53
3 9 0
3 9 2
3 9 3
3 9 8
3 9 9
3 9 13
3 9 15
3 9 18
3 9 22
3 9 27
3 9 32
3 9 35
3 9 36
3 9 41
3 9 43
3 9 44
3 9 46
3 9 49
3 9 50
3 9 51
3 9 53
3 9 54
3 10 0
3 10 1
3 10 3
3 10 4
3 10 12
3 10 13
3 10 16
3 10 20
3 10 21
3 10 22
3 10 23
3 10 25
3 10 26
3 10 27
3 10 31
3 10 32
3 10 34
3 10 35
3 10 38
3 10 40
3 10 41
3 10 43
3 10 45
3 10 49
3 10 53
3 10 54
3 11 1
3 11 2
3 11 3
3 11 5
3 11 6
3 11 12
3 11 13
3 11 14
3 11 17
3 11 18
3 11 19
3 11 22
3 11 25
3 11 28
3 11 29
3 11 31
3 11 32
3 11 35
3 11 38
3 11 41
3 11 47
3 11 48
3 11 50
3 11 51
3 11 52
3 12 0
3 12 1
3 12 4
3 12 6
3 12 9
3 12 11
3 12 12
3 12 13
3 12 14
3 12 15
3 12 17
3 12 18
3 12 21
3 12 25
3 12 27
3 12 28
3 12 29
3 12 30
3 12 31
3 12 32
3 12 33
3 12 34
3 12 35
3 12 36
3 12 40
3 12 43
3 12 44
3 12 46
3 12 47
3 12 50
3 12 52
3 12 53
3 12 54
3 13 0
3 13 2
3 13 5
3 13 8
3 13 12
3 13 14
3 13 20
3 13 21
3 13 23
3 13 24
3 13 25
3 13 26
3 13 28
3 13 29
3 13 30
3 13 31
3 13 32
3 13 33
3 13 35
3 13 37
3 13 38
3 13 39
3 13 42
3 13 50
3 13 51
3 13 52
3 14 1
3 14 3
3 14 4
3 14 5
3 14 6
3 14 7
3 14 9
3 14 10
3 14 12
3 14 15
3 14 16
3 14 20
3 14 24
3 14 27
3 14 28
3 14 29
3 14 30
3 14 31
3 14 32
3 14 33
3 14 34
3 14 35
3 14 36
3 14 38
3 14 39
3 14 40
3 14 41
3 14 42
3 14 43
3 14 48
3 14 51
3 14 52
3 14 53
3 14 54
3 15 2
3 15 3
3 15 4
3 15 5
3 15 9
3 15 10
3 15 11
3 15 12
3 15 16
3 15 19
3 15 20
3 15 21
3 15 23
3 15 24
3 15 31
3 15 35
3 15 36
3 15 45
3 15 47
3 15 49
3 15 54
3 16 0
3 16 2
3 16 6
3 16 7
3 16 10
3 16 11
3 16 16
3 16 25
3 16 26
3 16 33
3 16 34
3 16 36
3 16 37
3 16 39
3 16 42
3 16 43
3 16 44
3 16 47
3 16 50
3 16 53
3 16 54
3 17 1
3 17 2
3 17 3
3 17 7
3 17 9
3 17 10
3 17 15
3 17 16
3 17 22
3 17 25
3 17 26
3 17 27
3 17 28
3 17 29
3 17 30
3 17 34
3 17 35
3 17 36
3 17 37
3 17 38
3 17 39
3 17 40
3 17 45
3 17 48
3 17 49
3 17 50
3 17 51
3 18 0
3 18 3
3 18 4
3 18 5
3 18 7
3 18 8
3 18 9
3 18 10
3 18 12
3 18 13
3 18 14
3 18 15
3 18 17
3 18 18
3 18 19
3 18 20
3 18 21
3 18 22
3 18 23
3 18 24
3 18 26
3 18 28
3 18 29
3 18 31
3 18 32
3 18 33
3 18 36
3 18 38
3 18 39
3 18 44
3 18 45
3 18 47
3 18 51
3 18 54
3 19 2
3 19 4
3 19 5
3 19 6
3 19 11
3 19 12
3 19 13
3 19 14
3 19 15
3 19 18
3 19 20
3 19 21
3 19 25
3 19 27
3 19 29
3 19 32
3 19 34
3 19 35
3 19 39
3 19 40
3 19 41
3 19 43
3 19 44
3 19 48
3 19 49
3 19 51
3 19 52
3 19 53
3 19 54
3 20 0
3 20 1
3 20 2
3 20 3
3 20 4
3 20 5
3 20 7
3 20 11
3 20 12
3 20 14
3 20 16
3 20 17
3 20 18
3 20 19
3 20 24
3 20 26
3 20 28
3 20 29
3 20 31
3 20 32
3 20 35
3 20 37
3 20 42
3 20 43
3 20 45
3 20 50
3 20 52
3 21 0
3 21 1
3 21 3
3 21 7
3 21 8
3 21 12
3 21 13
3 21 14
3 21 15
3 21 19
3 21 22
3 21 25
3 21 27
3 21 28
3 21 29
3 21 32
3 21 39
3 21 42
3 21 44
3 21 45
3 21 48
3 21 49
3 21 50
3 21 52
3 21 53
3 21 54
3 22 3
3 22 5
3 22 7
3 22 9
3 22 10
3 22 11
3 22 12
3 22 13
3 22 15
3 22 16
3 22 17
3 22 18
3 22 19
3 22 21
3 22 22
3 22 26
3 22 28
3 22 29
3 22 32
3 22 36
3 22 42
3 22 44
3 22 46
3 22 48
3 22 49
3 22 53
3 23 0
3 23 1
3 23 2
3 23 3
3 23 4
3 23 6
3 23 7
3 23 8
3 23 11
3 23 13
3 23 16
3 23 17
3 23 21
3 23 22
3 23 27
3 23 28
3 23 29
3 23 30
3 23 32
3 23 33
3 23 34
3 23 36
3 23 37
3 23 38
3 23 39
3 23 40
3 23 41
3 23 42
3 23 48
3 23 49
3 23 51
3 23 53
3 23 54
3 24 1
3 24 4
3 24 5
3 24 7
3 24 8
3 24 10
3 24 13
3 24 19
3 24 20
3 24 24
3 24 25
3 24 26
3 24 27
3 24 29
3 24 30
3 24 32
3 24 33
3 24 36
3 24 37
3 24 39
3 24 41
3 24 42
3 24 43
3 24 47
3 24 48
3 24 49
3 25 0
3 25 2
3 25 4
3 25 5
3 25 7
3 25 8
3 25 9
3 25 17
3 25 19
3 25 20
3 25 22
3 25 23
3 25 29
3 25 31
3 25 33
3 25 34
3 25 38
3 25 41
3 25 42
3 25 44
3 25 46
3 25 50
3 25 52
3 25 53
3 25 54
4 0 0
4 0 2
4 0 3
4 0 7
4 0 8
4 0 9
4 0 10
4 0 11
4 0 12
4 0 14
4 0 15
4 0 18
4 0 22
4 0 23
4 0 24
4 0 25
4 0 26
4 0 27
4 0 28
4 0 30
4 0 31
4 0 32
4 0 33
4 0 36
4 0 37
4 0 38
4 1 0
4 1 1
4 1 2
4 1 3
4 1 7
4 1 8
4 1 11
4 1 13
4 1 16
4 1 20
4 1 21
4 1 22
4 1 26
4 1 27
4 1 28
4 1 29
4 1 30
4 1 32
4 1 33
4 1 34
4 1 35
4 1 38
4 2 6
4 2 10
4 2 11
4 2 12
4 2 13
4 2 14
4 2 17
4 2 18
4 2 19
4 2 22
4 2 24
4 2 25
4 2 26
4 2 28
4 2 30
4 2 31
4 2 32
4 2 33
4 2 35
4 2 37
4 2 38
4 2 39
4 3 2
4 3 3
4 3 4
4 3 8
4 3 9
4 3 10
4 3 12
4 3 13
4 3 15
4 3 16
4 3 18
4 3 25
4 3 27
4 3 28
4 3 30
4 3 31
4 3 36
4 4 4
4 4 5
4 4 7
4 4 10
4 4 11
4 4 12
4 4 14
4 4 15
4 4 18
4 4 20
4 4 21
4 4 23
4 4 24
4 4 26
4 4 27
4 4 32
4 4 34
4 4 36
4 4 38
4 5 0
4 5 3
4 5 4
4 5 5
4 5 6
4 5 7
4 5 13
4 5 15
4 5 16
4 5 17
4 5 18
4 5 21
4 5 22
4 5 24
4 5 26
4 5 27
4 5 28
4 5 34
4 5 35
4 5 36
4 5 38
4 6 2
4 6 3
4 6 4
4 6 5
4 6 9
4 6 11
4 6 13
4 6 17
4 6 20
4 6 21
4 6 22
4 6 24
4 6 27
4 6 28
4 6 32
4 6 35
4 6 36
4 6 37
4 6 39
4 7 2
4 7 4
4 7 8
4 7 9
4 7 10
4 7 11
4 7 12
4 7 13
4 7 15
4 7 18
4 7 20
4 7 21
4 7 23
4 7 24
4 7 26
4 7 31
4 7 34
4 7 39
4 8 0
4 8 2
4 8 7
4 8 9
4 8 12
4 8 14
4 8 17
4 8 19
4 8 20
4 8 21
4 8 25
4 8 26
4 8 28
4 8 29
4 8 30
4 8 32
4 8 33
4 8 38
4 8 39
4 9 0
4 9 2
4 9 3
4 9 4
4 9 5
4 9 7
4 9 8
4 9 9
4 9 11
4 9 12
4 9 15
4 9 17
4 9 19
4 9 20
4 9 21
4 9 23
4 9 27
4 9 31
4 9 34
4 9 35
4 9 36
4 10 0
4 10 4
4 10 8
4 10 11
4 10 12
4 10 14
4 10 15
4 10 16
4 10 17
4 10 18
4 10 20
4 10 21
4 10 22
4 10 28
4 10 31
4 10 32
4 10 34
4 10 36
4 10 37
4 11 4
4 11 6
4 11 7
4 11 9
4 11 10
4 11 11
4 11 12
4 11 13
4 11 14
4 11 17
4 11 20
4 11 21
4 11 22
4 11 24
4 11 27
4 11 35
4 11 36
4 11 37
4 11 38
4 11 39
4 12 1
4 12 3
4 12 5
4 12 6
4 12 8
4 12 10
4 12 11
4 12 13
4 12 14
4 12 15
4 12 17
4 12 18
4 12 19
4 12 21
4 12 22
4 12 23
4 12 27
4 12 29
4 12 36
4 12 38
4 12 39
4 13 1
4 13 2
4 13 3
4 13 4
4 13 6
4 13 8
4 13 10
4 13 11
4 13 14
4 13 16
4 13 17
4 13 18
4 13 21
4 13 22
4 13 24
4 13 25
4 13 26
4 13 30
4 13 34
4 13 35
4 13 36
4 13 38
4 14 0
4 14 1
4 14 2
4 14 3
4 14 4
4 14 6
4 14 7
4 14 9
4 14 12
4 14 15
4 14 16
4 14 20
4 14 21
4 14 26
4 14 28
4 14 30
4 14 32
4 14 34
4 14 35
4 14 36
4 14 37
4 15 0
4 15 2
4 15 4
4 15 5
4 15 6
4 15 7
4 15 11
4 15 14
4 15 15
4 15 17
4 15 18
4 15 21
4 15 22
4 15 23
4 15 24
4 15 26
4 15 27
4 15 28
4 15 29
4 15 30
4 15 37
4 15 38
4 16 2
4 16 5
4 16 7
4 16 9
4 16 11
4 16 12
4 16 14
4 16 15
4 16 19
4 16 20
4 16 22
4 16 27
4 16 30
4 16 32
4 16 35
4 16 36
4 16 39
4 17 1
4 17 2
4 17 3
4 17 4
4 17 10
4 17 11
4 17 13
4 17 14
4 17 15
4 17 16
4 17 17
4 17 21
4 17 22
4 17 23
4 17 24
4 17 27
4 17 32
4 17 37
4 17 39
4 18 0
4 18 1
4 18 2
4 18 5
4 18 7
4 18 8
4 18 9
4 18 10
4 18 11
4 18 15
4 18 18
4 18 21
4 18 22
4 18 23
4 18 25
4 18 26
4 18 30
4 18 34
4 18 36
4 19 0
4 19 1
4 19 3
4 19 4
4 19 5
4 19 6
4 19 7
4 19 8
4 19 9
4 19 10
4 19 13
4 19 14
4 19 15
4 19 17
4 19 19
4 19 20
4 19 21
4 19 23
4 19 25
4 19 27
4 19 28
4 19 29
4 19 31
4 19 38
4 19 39
4 20 0
4 20 1
4 20 2
4 20 4
4 20 6
4 20 7
4 20 10
4 20 16
4 20 17
4 20 18
4 20 19
4 20 20
4 20 21
4 20 24
4 20 26
4 20 28
4 20 31
4 20 33
4 20 34
4 20 35
4 20 38
4 20 39
4 21 0
4 21 1
4 21 2
4 21 4
4 21 5
4 21 6
4 21 7
4 21 10
4 21 13
4 21 16
4 21 23
4 21 26
4 21 27
4 21 29
4 21 30
4 21 33
4 21 34
4 21 37
4 22 3
4 22 4
4 22 5
4 22 8
4 22 11
4 22 12
4 22 13
4 22 14
4 22 15
4 22 16
4 22 18
4 22 19
4 22 20
4 22 23
4 22 25
4 22 26
4 22 28
4 22 30
4 22 34
4 22 36
4 23 0
4 23 1
4 23 2
4 23 4
4 23 6
4 23 7
4 23 11
4 23 13
4 23 15
4 23 17
4 23 18
4 23 19
4 23 21
4 23 22
4 23 26
4 23 27
4 23 29
4 23 30
4 23 31
4 23 34
4 23 35
4 23 37
4 23 38
4 24 1
4 24 2
4 24 4
4 24 5
4 24 8
4 24 9
4 24 11
4 24 13
4 24 14
4 24 15
4 24 17
4 24 18
4 24 19
4 24 24
4 24 25
4 24 27
4 24 29
4 24 30
4 24 34
4 25 2
4 25 4
4 25 5
4 25 7
4 25 9
4 25 11
4 25 15
4 25 16
4 25 17
4 25 19
4 25 20
4 25 21
4 25 23
4 25 24
4 25 25
4 25 26
4 25 27
4 25 31
4 25 32
4 25 35
4 25 36
4 25 37
4 26 0
4 26 3
4 26 4
4 26 5
4 26 6
4 26 10
4 26 11
4 26 12
4 26 14
4 26 15
4 26 16
4 26 17
4 26 18
4 26 19
4 26 20
4 26 24
4 26 26
4 26 27
4 26 29
4 26 31
4 26 32
4 26 35
4 26 37
4 27 0
4 27 1
4 27 5
4 27 6
4 27 9
4 27 10
4 27 11
4 27 14
4 27 16
4 27 17
4 27 18
4 27 19
4 27 21
4 27 23
4 27 24
4 27 26
4 27 28
4 27 33
4 27 34
4 27 38
4 28 0
4 28 1
4 28 4
4 28 5
4 28 10
4 28 12
4 28 13
4 28 15
4 28 19
4 28 20
4 28 23
4 28 24
4 28 26
4 28 28
4 28 29
4 28 32
4 28 34
4 28 35
4 28 38
4 28 39
4 29 1
4 29 4
4 29 5
4 29 6
4 29 10
4 29 11
4 29 12
4 29 13
4 29 17
4 29 18
4 29 21
4 29 22
4 29 23
4 29 24
4 29 25
4 29 26
4 29 29
4 29 30
4 29 31
4 29 32
4 29 34
4 29 35
4 29 36
4 29 37
4 30 0
4 30 1
4 30 2
4 30 4
4 30 6
4 30 7
4 30 8
4 30 9
4 30 13
4 30 14
4 30 16
4 30 22
4 30 24
4 30 25
4 30 26
4 30 27
4 30 28
4 30 30
4 30 32
4 30 34
4 30 36
4 31 0
4 31 2
4 31 3
4 31 4
4 31 8
4 31 9
4 31 11
4 31 12
4 31 13
4 31 16
4 31 17
4 31 18
4 31 19
4 31 25
4 31 29
4 31 30
4 31 34
4 31 36
4 31 39
4 32 6
4 32 7
4 32 10
4 32 12
4 32 13
4 32 14
4 32 15
4 32 17
4 32 18
4 32 23
4 32 26
4 32 27
4 32 29
4 32 30
4 32 31
4 32 33
4 32 36
4 32 39
4 33 0
4 33 1
4 33 3
4 33 4
4 33 7
4 33 8
4 33 9
4 33 12
4 33 13
4 33 15
4 33 18
4 33 20
4 33 21
4 33 23
4 33 24
4 33 29
4 33 34
4 33 37
4 33 38
4 34 1
4 34 3
4 34 7
4 34 9
4 34 12
4 34 17
4 34 18
4 34 19
4 34 23
4 34 25
4 34 30
4 34 33
4 34 35
4 34 37
4 34 38
4 35 0
4 35 1
4 35 3
4 35 6
4 35 7
4 35 11
4 35 12
4 35 15
4 35 16
4 35 19
4 35 20
4 35 22
4 35 23
4 35 25
4 35 26
4 35 27
4 35 28
4 35 29
4 35 31
4 35 32
4 35 34
4 35 35
4 35 37
4 36 0
4 36 1
4 36 2
4 36 4
4 36 5
4 36 7
4 36 15
4 36 17
4 36 22
4 36 25
4 36 26
4 36 33
4 36 35
4 37 4
4 37 5
4 37 7
4 37 10
4 37 11
4 37 12
4 37 13
4 37 14
4 37 16
4 37 18
4 37 19
4 37 22
4 37 24
4 37 25
4 37 27
4 37 33
4 37 34
4 37 39
4 38 0
4 38 1
4 38 3
4 38 4
4 38 5
4 38 6
4 38 7
4 38 8
4 38 9
4 38 11
4 38 12
4 38 14
4 38 15
4 38 17
4 38 21
4 38 22
4 38 23
4 38 27
4 38 29
4 38 31
4 38 32
4 38 33
4 38 35
4 38 36
4 38 37
4 38 38
4 39 0
4 39 1
4 39 2
4 39 3
4 39 4
4 39 5
4 39 7
4 39 9
4 39 15
4 39 18
4 39 20
4 39 30
4 39 31
4 39 34
4 39 35
4 39 36
4 39 37
4 40 0
4 40 1
4 40 4
4 40 6
4 40 7
4 40 13
4 40 14
4 40 15
4 40 16
4 40 17
4 40 18
4 40 24
4 40 25
4 40 27
4 40 28
4 40 32
4 40 34
4 40 35
4 40 37
4 41 2
4 41 6
4 41 7
4 41 8
4 41 11
4 41 12
4 41 13
4 41 14
4 41 15
4 41 16
4 41 17
4 41 19
4 41 20
4 41 21
4 41 23
4 41 24
4 41 25
4 41 27
4 41 32
4 41 33
4 41 34
4 41 36
4 42 0
4 42 1
4 42 2
4 42 3
4 42 7
4 42 9
4 42 10
4 42 12
4 42 13
4 42 15
4 42 16
4 42 17
4 42 20
4 42 21
4 42 22
4 42 24
4 42 25
4 42 26
4 42 37
4 42 38
4 42 39
4 43 0
4 43 1
4 43 4
4 43 5
4 43 12
4 43 13
4 43 16
4 43 17
4 43 19
4 43 22
4 43 29
4 43 30
4 43 31
4 43 32
4 43 33
4 43 37
4 43 38
4 44 0
4 44 3
4 44 7
4 44 8
4 44 9
4 44 11
4 44 14
4 44 20
4 44 21
4 44 23
4 44 31
4 44 32
4 44 38
4 45 3
4 45 4
4 45 5
4 45 6
4 45 7
4 45 8
4 45 11
4 45 12
4 45 13
4 45 14
4 45 16
4 45 17
4 45 18
4 45 19
4 45 20
4 45 21
4 45 23
4 45 24
4 45 25
4 45 26
4 45 27
4 45 30
4 45 31
4 45 36
4 45 37
4 45 39
4 46 3
4 46 4
4 46 5
4 46 7
4 46 10
4 46 12
4 46 14
4 46 15
4 46 16
4 46 17
4 46 18
4 46 21
4 46 24
4 46 25
4 46 27
4 46 28
4 46 29
4 46 30
4 46 35
4 46 38
4 46 39
4 47 0
4 47 1
4 47 4
4 47 5
4 47 8
4 47 12
4 47 13
4 47 15
4 47 16
4 47 18
4 47 19
4 47 22
4 47 25
4 47 26
4 47 27
4 47 29
4 47 30
4 47 31
4 47 32
4 47 35
4 47 37
4 47 38
4 47 39
4 48 3
4 48 4
4 48 8
4 48 10
4 48 11
4 48 18
4 48 19
4 48 20
4 48 21
4 48 22
4 48 23
4 48 24
4 48 25
4 48 27
4 48 28
4 48 29
4 48 31
4 48 33
4 48 34
4 48 35
4 48 36
4 48 39
4 49 5
4 49 6
4 49 10
4 49 11
4 49 13
4 49 14
4 49 16
4 49 17
4 49 20
4 49 21
4 49 23
4 49 24
4 49 25
4 49 27
4 49 29
4 49 31
4 49 33
4 49 34
4 49 35
4 49 39
4 50 3
4 50 5
4 50 6
4 50 7
4 50 9
4 50 12
4 50 14
4 50 15
4 50 16
4 50 18
4 50 19
4 50 25
4 50 26
4 50 29
4 50 31
4 50 32
4 50 33
4 50 35
4 50 36
4 50 38
4 50 39
4 51 0
4 51 2
4 51 3
4 51 4
4 51 5
4 51 6
4 51 7
4 51 9
4 51 11
4 51 13
4 51 14
4 51 18
4 51 19
4 51 20
4 51 22
4 51 23
4 51 26
4 51 27
4 51 28
4 51 29
4 51 30
4 51 31
4 51 32
4 51 37
4 51 38
4 52 1
4 52 2
4 52 3
4 52 4
4 52 7
4 52 8
4 52 11
4 52 14
4 52 16
4 52 17
4 52 19
4 52 24
4 52 25
4 52 28
4 52 34
4 52 35
4 53 1
4 53 2
4 53 6
4 53 10
4 53 12
4 53 14
4 53 15
4 53 16
4 53 17
4 53 21
4 53 23
4 53 24
4 53 25
4 53 27
4 53 30
4 53 31
4 53 33
4 53 35
4 53 36
4 53 37
4 53 39
4 54 4
4 54 5
4 54 9
4 54 10
4 54 11
4 54 13
4 54 16
4 54 17
4 54 18
4 54 20
4 54 22
4 54 26
4 54 30
4 54 32
4 54 33
4 54 35
4 54 37