391
6
20 22 12 22 35 129
2879

0 691 0 909 405 0 0 0 132 0 0 0 674 0 0 0 361 0 0 135
0 0 0 0 0 0 69 0 0 415 513 0 0 111 0 0 0 0 0 0 0 0
975 0 0 0 0 397 751 0 0 706 927 0
339 651 0 0 458 0 0 0 0 0 0 0 21 0 0 0 0 517 525 0 896 0
0 0 0 0 0 0 427 415 0 0 590 0 0 609 0 0 0 941 0 0 347 0 0 117 0 0 0 404 483 0 0 454 34 2 0
824 81 0 0 784 213 0 0 0 697 540 0 0 454 0 781 117 992 905 252 0 0 0 511 0 0 0 0 651 0 0 902 0 190 0 0 0 600 0 0 0 0 0 0 0 0 0 0 0 0 0 69 0 0 0 0 0 814 0 172 0 397 0 631 0 0 0 0 645 0 0 0 0 0 606 0 138 0 0 0 710 0 889 0 0 0 299 0 0 0 346 200 0 0 0 0 748 0 49 0 975 0 0 358 22 0 0 117 0 789 0 0 0 39 0 0 0 378 597 0 0 596 480 0 132 0 564 0 0

0 0 0
0 0 2
0 0 3
0 0 7
0 0 8
0 0 11
0 0 13
0 0 15
0 0 16
0 0 18
0 1 1
0 1 2
0 1 5
0 1 9
0 1 10
0 1 14
0 1 17
0 1 19
0 2 1
0 2 3
0 2 5
0 2 6
0 2 7
0 2 9
0 2 10
0 2 11
0 2 12
0 2 13
0 2 17
0 2 19
0 3 2
0 3 3
0 3 5
0 3 9
0 3 10
0 3 13
0 3 16
0 3 18
0 3 20
0 4 0
0 4 1
0 4 5
0 4 7
0 4 8
0 4 9
0 4 10
0 4 11
0 4 12
0 4 15
0 4 16
0 4 17
0 4 18
0 4 19
0 4 20
0 5 0
0 5 1
0 5 2
0 5 8
0 5 13
0 5 14
0 5 15
0 5 17
0 5 18
0 5 19
0 5 21
0 6 1
0 6 4
0 6 6
0 6 9
0 6 10
0 6 12
0 6 14
0 6 18
0 6 19
0 6 21
0 7 1
0 7 2
0 7 3
0 7 5
0 7 7
0 7 13
0 7 14
0 7 17
0 7 18
0 7 19
0 7 20
0 8 0
0 8 3
0 8 7
0 8 8
0 8 9
0 8 10
0 8 11
0 8 15
0 8 16
0 8 21
0 9 3
0 9 5
0 9 8
0 9 10
0 9 12
0 9 13
0 9 15
0 9 16
0 9 19
0 9 20
0 10 1
0 10 4
0 10 5
0 10 6
0 10 7
0 10 8
0 10 9
0 10 10
0 10 11
0 10 12
0 10 15
0 10 16
0 10 17
0 10 21
0 11 2
0 11 3
0 11 5
0 11 10
0 11 15
0 11 16
0 11 17
0 11 20
0 12 0
0 12 4
0 12 5
0 12 6
0 12 8
0 12 9
0 12 11
0 12 13
0 12 17
0 12 18
0 12 19
0 12 21
0 13 0
0 13 3
0 13 4
0 13 5
0 13 6
0 13 7
0 13 8
0 13 10
0 13 13
0 13 15
0 13 16
0 14 0
0 14 4
0 14 7
0 14 11
0 14 12
0 14 14
0 14 15
0 14 16
0 15 0
0 15 1
0 15 4
0 15 10
0 15 11
0 15 14
0 15 16
0 15 18
0 15 21
0 16 0
0 16 1
0 16 2
0 16 3
0 16 5
0 16 6
0 16 8
0 16 14
0 16 15
0 16 16
0 16 21
0 17 0
0 17 1
0 17 3
0 17 14
0 17 15
0 17 16
0 17 19
0 17 21
0 18 5
0 18 7
0 18 13
0 18 16
0 19 0
0 19 2
0 19 6
0 19 8
0 19 9
0 19 13
0 19 16
0 19 18
0 19 19
0 19 21
1 0 2
1 0 5
1 0 6
1 0 9
1 0 10
1 0 11
1 1 2
1 1 3
1 1 4
1 1 6
1 1 8
1 2 0
1 2 2
1 2 5
1 2 7
1 2 9
1 2 10
1 3 1
1 3 2
1 3 3
1 3 4
1 3 6
1 3 9
1 3 11
1 4 1
1 4 3
1 4 5
1 4 8
1 4 11
1 5 3
1 5 5
1 5 9
1 5 10
1 5 11
1 6 2
1 6 10
1 6 11
1 7 7
1 7 11
1 8 0
1 8 1
1 8 3
1 8 7
1 8 8
1 8 10
1 9 2
1 9 4
1 9 5
1 9 9
1 9 11
1 10 0
1 10 2
1 10 3
1 10 5
1 10 8
1 10 9
1 10 11
1 11 0
1 11 3
1 11 4
1 11 7
1 11 8
1 11 9
1 12 0
1 12 4
1 12 8
1 12 10
1 12 11
1 13 1
1 13 2
1 13 7
1 13 9
1 14 0
1 14 2
1 14 6
1 14 7
1 14 8
1 14 10
1 15 1
1 15 3
1 15 5
1 15 6
1 16 1
1 16 3
1 16 4
1 16 10
1 16 11
1 17 0
1 17 4
1 17 5
1 17 8
1 17 9
1 17 10
1 17 11
1 18 3
1 18 6
1 18 7
1 18 8
1 18 9
1 18 10
1 19 3
1 19 4
1 19 6
1 19 7
1 19 11
1 20 0
1 20 6
1 20 8
1 20 11
1 21 2
1 21 4
2 0 3
2 0 4
2 0 7
2 0 8
2 0 11
2 0 12
2 0 14
2 0 19
2 0 20
2 0 21
2 1 0
2 1 1
2 1 2
2 1 3
2 1 4
2 1 5
2 1 7
2 1 16
2 1 17
2 1 18
2 1 20
2 2 0
2 2 1
2 2 7
2 2 12
2 2 14
2 2 15
2 2 16
2 2 19
2 2 21
2 3 0
2 3 3
2 3 4
2 3 7
2 3 10
2 3 11
2 3 12
2 3 13
2 3 17
2 4 0
2 4 2
2 4 5
2 4 9
2 4 10
2 4 15
2 4 19
2 4 20
2 4 21
2 5 0
2 5 2
2 5 5
2 5 6
2 5 7
2 5 9
2 5 12
2 5 17
2 5 19
2 5 21
2 6 0
2 6 3
2 6 4
2 6 8
2 6 9
2 6 11
2 6 13
2 6 14
2 6 18
2 6 19
2 6 20
2 7 0
2 7 2
2 7 6
2 7 7
2 7 14
2 7 18
2 7 20
2 7 21
2 8 0
2 8 1
2 8 3
2 8 9
2 8 11
2 8 14
2 8 16
2 8 17
2 8 19
2 8 21
2 9 1
2 9 3
2 9 6
2 9 7
2 9 10
2 9 13
2 9 17
2 9 18
2 10 0
2 10 2
2 10 8
2 10 10
2 10 16
2 10 20
2 10 21
2 11 1
2 11 6
2 11 7
2 11 12
2 11 14
2 11 17
2 11 18
2 11 20
3 0 2
3 0 4
3 0 7
3 0 9
3 0 14
3 0 16
3 0 17
3 0 19
3 0 20
3 0 21
3 0 24
3 0 26
3 0 29
3 0 33
3 1 2
3 1 4
3 1 6
3 1 7
3 1 8
3 1 10
3 1 12
3 1 13
3 1 14
3 1 16
3 1 18
3 1 20
3 1 21
3 1 24
3 1 25
3 1 26
3 1 27
3 1 28
3 1 29
3 1 30
3 1 32
3 1 34
3 2 1
3 2 3
3 2 4
3 2 7
3 2 13
3 2 14
3 2 15
3 2 17
3 2 18
3 2 21
3 2 23
3 2 28
3 2 29
3 2 30
3 2 31
3 3 2
3 3 4
3 3 7
3 3 8
3 3 10
3 3 11
3 3 12
3 3 13
3 3 14
3 3 16
3 3 18
3 3 19
3 3 22
3 3 24
3 3 26
3 3 28
3 3 31
3 3 34
3 4 1
3 4 4
3 4 5
3 4 6
3 4 7
3 4 8
3 4 10
3 4 11
3 4 13
3 4 14
3 4 15
3 4 16
3 4 17
3 4 18
3 4 19
3 4 20
3 4 21
3 4 22
3 4 23
3 4 24
3 4 31
3 4 33
3 4 34
3 5 1
3 5 3
3 5 5
3 5 7
3 5 8
3 5 12
3 5 13
3 5 17
3 5 18
3 5 20
3 5 24
3 5 26
3 5 28
3 5 29
3 5 33
3 5 34
3 6 4
3 6 6
3 6 8
3 6 9
3 6 12
3 6 15
3 6 18
3 6 22
3 6 24
3 6 25
3 6 27
3 6 31
3 6 34
3 7 0
3 7 1
3 7 6
3 7 7
3 7 9
3 7 10
3 7 13
3 7 14
3 7 15
3 7 19
3 7 22
3 7 23
3 7 24
3 7 27
3 7 30
3 7 31
3 7 33
3 7 34
3 8 10
3 8 11
3 8 12
3 8 15
3 8 17
3 8 20
3 8 23
3 8 29
3 9 1
3 9 4
3 9 7
3 9 10
3 9 12
3 9 13
3 9 17
3 9 18
3 9 20
3 9 21
3 9 22
3 9 23
3 9 26
3 9 27
3 9 29
3 9 30
3 9 31
3 9 32
3 9 34
3 10 0
3 10 1
3 10 5
3 10 6
3 10 7
3 10 12
3 10 13
3 10 15
3 10 17
3 10 19
3 10 20
3 10 21
3 10 24
3 10 25
3 10 28
3 10 33
3 11 1
3 11 3
3 11 4
3 11 7
3 11 8
3 11 13
3 11 15
3 11 16
3 11 18
3 11 19
3 11 20
3 11 21
3 11 22
3 11 23
3 11 24
3 11 25
3 11 27
3 11 29
3 11 30
3 11 32
3 12 0
3 12 4
3 12 5
3 12 7
3 12 8
3 12 9
3 12 10
3 12 11
3 12 12
3 12 13
3 12 14
3 12 15
3 12 17
3 12 18
3 12 19
3 12 25
3 12 27
3 12 30
3 12 32
3 13 0
3 13 1
3 13 2
3 13 3
3 13 6
3 13 11
3 13 14
3 13 15
3 13 17
3 13 18
3 13 19
3 13 22
3 13 24
3 13 25
3 13 27
3 13 29
3 13 30
3 13 31
3 13 32
3 14 0
3 14 1
3 14 2
3 14 5
3 14 6
3 14 8
3 14 9
3 14 11
3 14 12
3 14 13
3 14 16
3 14 17
3 14 19
3 14 20
3 14 22
3 14 23
3 14 28
3 14 29
3 14 30
3 14 31
3 15 2
3 15 4
3 15 7
3 15 12
3 15 21
3 15 24
3 15 26
3 15 27
3 15 28
3 15 31
3 15 33
3 15 34
3 16 3
3 16 5
3 16 6
3 16 7
3 16 8
3 16 9
3 16 11
3 16 15
3 16 19
3 16 20
3 16 21
3 16 22
3 16 23
3 16 27
3 16 28
3 16 31
3 16 32
3 17 0
3 17 2
3 17 5
3 17 12
3 17 13
3 17 14
3 17 15
3 17 18
3 17 19
3 17 23
3 17 24
3 17 25
3 17 26
3 17 27
3 17 28
3 17 29
3 17 32
3 17 33
3 17 34
3 18 0
3 18 3
3 18 9
3 18 11
3 18 13
3 18 14
3 18 15
3 18 16
3 18 22
3 18 28
3 18 29
3 18 30
3 18 31
3 18 32
3 18 33
3 18 34
3 19 1
3 19 2
3 19 4
3 19 9
3 19 13
3 19 14
3 19 16
3 19 17
3 19 19
3 19 20
3 19 22
3 19 23
3 19 26
3 19 28
3 19 30
3 19 31
3 19 32
3 19 33
3 19 34
3 20 1
3 20 3
3 20 4
3 20 8
3 20 9
3 20 12
3 20 15
3 20 16
3 20 17
3 20 18
3 20 20
3 20 22
3 20 25
3 20 29
3 20 32
3 20 34
3 21 0
3 21 1
3 21 2
3 21 4
3 21 6
3 21 9
3 21 13
3 21 14
3 21 15
3 21 19
3 21 20
3 21 27
3 21 30
3 21 34
4 0 2
4 0 5
4 0 6
4 0 7
4 0 8
4 0 10
4 0 11
4 0 12
4 0 14
4 0 16
4 0 17
4 0 24
4 0 25
4 0 27
4 0 28
4 0 30
4 0 34
4 0 35
4 0 36
4 0 38
4 0 42
4 0 47
4 0 51
4 0 54
4 0 55
4 0 56
4 0 57
4 0 61
4 0 62
4 0 66
4 0 71
4 0 73
4 0 75
4 0 77
4 0 78
4 0 80
4 0 81
4 0 83
4 0 84
4 0 87
4 0 91
4 0 92
4 0 93
4 0 94
4 0 95
4 0 96
4 0 98
4 0 100
4 0 101
4 0 103
4 0 104
4 0 106
4 0 107
4 0 108
4 0 114
4 0 116
4 0 121
4 0 122
4 0 123
4 0 125
4 1 0
4 1 2
4 1 4
4 1 6
4 1 9
4 1 10
4 1 11
4 1 13
4 1 15
4 1 18
4 1 21
4 1 23
4 1 27
4 1 30
4 1 34
4 1 39
4 1 40
4 1 41
4 1 44
4 1 45
4 1 46
4 1 47
4 1 48
4 1 50
4 1 51
4 1 52
4 1 54
4 1 57
4 1 59
4 1 61
4 1 63
4 1 64
4 1 68
4 1 69
4 1 73
4 1 76
4 1 77
4 1 78
4 1 79
4 1 81
4 1 83
4 1 84
4 1 89
4 1 93
4 1 100
4 1 101
4 1 103
4 1 105
4 1 107
4 1 108
4 1 111
4 1 112
4 1 113
4 1 116
4 1 119
4 1 122
4 1 123
4 1 124
4 1 126
4 2 4
4 2 5
4 2 6
4 2 7
4 2 9
4 2 15
4 2 16
4 2 17
4 2 22
4 2 23
4 2 24
4 2 26
4 2 27
4 2 28
4 2 29
4 2 30
4 2 33
4 2 37
4 2 46
4 2 47
4 2 48
4 2 52
4 2 53
4 2 61
4 2 62
4 2 63
4 2 66
4 2 68
4 2 69
4 2 70
4 2 75
4 2 76
4 2 78
4 2 79
4 2 80
4 2 82
4 2 83
4 2 85
4 2 87
4 2 88
4 2 89
4 2 91
4 2 94
4 2 100
4 2 101
4 2 103
4 2 105
4 2 106
4 2 107
4 2 108
4 2 109
4 2 113
4 2 115
4 2 119
4 2 120
4 2 123
4 2 124
4 2 125
4 2 126
4 2 127
4 3 3
4 3 5
4 3 6
4 3 10
4 3 11
4 3 12
4 3 13
4 3 14
4 3 16
4 3 19
4 3 26
4 3 28
4 3 31
4 3 32
4 3 33
4 3 41
4 3 43
4 3 44
4 3 47
4 3 49
4 3 52
4 3 55
4 3 57
4 3 58
4 3 60
4 3 61
4 3 66
4 3 67
4 3 68
4 3 71
4 3 72
4 3 75
4 3 81
4 3 83
4 3 85
4 3 89
4 3 94
4 3 98
4 3 103
4 3 104
4 3 105
4 3 109
4 3 110
4 3 111
4 3 112
4 3 113
4 3 114
4 3 115
4 3 117
4 3 118
4 3 119
4 3 121
4 3 122
4 3 123
4 3 126
4 3 127
4 4 3
4 4 4
4 4 5
4 4 7
4 4 8
4 4 9
4 4 10
4 4 12
4 4 16
4 4 17
4 4 19
4 4 20
4 4 21
4 4 22
4 4 24
4 4 26
4 4 27
4 4 28
4 4 29
4 4 31
4 4 32
4 4 34
4 4 35
4 4 40
4 4 42
4 4 43
4 4 45
4 4 46
4 4 47
4 4 52
4 4 53
4 4 55
4 4 56
4 4 59
4 4 60
4 4 67
4 4 68
4 4 73
4 4 74
4 4 75
4 4 77
4 4 79
4 4 80
4 4 82
4 4 84
4 4 86
4 4 87
4 4 89
4 4 94
4 4 96
4 4 98
4 4 99
4 4 101
4 4 102
4 4 106
4 4 108
4 4 109
4 4 110
4 4 112
4 4 114
4 4 117
4 4 120
4 4 123
4 4 127
4 5 3
4 5 5
4 5 9
4 5 20
4 5 22
4 5 24
4 5 31
4 5 33
4 5 34
4 5 39
4 5 42
4 5 43
4 5 44
4 5 46
4 5 48
4 5 49
4 5 50
4 5 52
4 5 54
4 5 60
4 5 61
4 5 63
4 5 64
4 5 70
4 5 71
4 5 74
4 5 75
4 5 76
4 5 77
4 5 81
4 5 85
4 5 87
4 5 88
4 5 89
4 5 90
4 5 92
4 5 93
4 5 95
4 5 97
4 5 98
4 5 99
4 5 100
4 5 101
4 5 104
4 5 107
4 5 108
4 5 111
4 5 112
4 5 114
4 5 116
4 5 117
4 5 121
4 5 122
4 5 124
4 5 126
4 5 128
4 6 1
4 6 6
4 6 7
4 6 8
4 6 10
4 6 11
4 6 12
4 6 16
4 6 19
4 6 20
4 6 23
4 6 28
4 6 36
4 6 38
4 6 40
4 6 41
4 6 42
4 6 43
4 6 46
4 6 47
4 6 48
4 6 49
4 6 50
4 6 52
4 6 53
4 6 55
4 6 57
4 6 59
4 6 61
4 6 62
4 6 66
4 6 69
4 6 71
4 6 73
4 6 78
4 6 80
4 6 82
4 6 84
4 6 85
4 6 87
4 6 88
4 6 90
4 6 93
4 6 97
4 6 102
4 6 103
4 6 105
4 6 106
4 6 108
4 6 110
4 6 114
4 6 121
4 6 122
4 6 128
4 7 0
4 7 2
4 7 8
4 7 9
4 7 14
4 7 15
4 7 19
4 7 20
4 7 21
4 7 27
4 7 29
4 7 32
4 7 34
4 7 38
4 7 39
4 7 40
4 7 42
4 7 43
4 7 44
4 7 46
4 7 47
4 7 48
4 7 49
4 7 50
4 7 52
4 7 58
4 7 62
4 7 63
4 7 72
4 7 73
4 7 76
4 7 77
4 7 80
4 7 81
4 7 83
4 7 84
4 7 86
4 7 90
4 7 92
4 7 93
4 7 94
4 7 96
4 7 100
4 7 106
4 7 107
4 7 108
4 7 109
4 7 111
4 7 112
4 7 117
4 7 118
4 7 122
4 7 123
4 7 125
4 7 126
4 7 128
4 8 0
4 8 4
4 8 5
4 8 7
4 8 8
4 8 9
4 8 13
4 8 14
4 8 15
4 8 16
4 8 17
4 8 19
4 8 20
4 8 21
4 8 25
4 8 27
4 8 29
4 8 30
4 8 34
4 8 36
4 8 38
4 8 44
4 8 45
4 8 46
4 8 47
4 8 50
4 8 51
4 8 52
4 8 54
4 8 55
4 8 56
4 8 57
4 8 59
4 8 61
4 8 62
4 8 64
4 8 66
4 8 67
4 8 69
4 8 75
4 8 77
4 8 79
4 8 80
4 8 85
4 8 87
4 8 88
4 8 89
4 8 92
4 8 94
4 8 96
4 8 100
4 8 104
4 8 108
4 8 110
4 8 119
4 8 122
4 8 123
4 8 124
4 8 127
4 8 128
4 9 7
4 9 9
4 9 12
4 9 14
4 9 18
4 9 22
4 9 24
4 9 27
4 9 28
4 9 30
4 9 36
4 9 37
4 9 39
4 9 40
4 9 41
4 9 44
4 9 47
4 9 48
4 9 52
4 9 53
4 9 56
4 9 57
4 9 58
4 9 59
4 9 61
4 9 64
4 9 65
4 9 67
4 9 69
4 9 71
4 9 72
4 9 73
4 9 74
4 9 75
4 9 76
4 9 79
4 9 80
4 9 81
4 9 82
4 9 85
4 9 88
4 9 89
4 9 92
4 9 93
4 9 94
4 9 95
4 9 96
4 9 97
4 9 98
4 9 99
4 9 102
4 9 103
4 9 105
4 9 107
4 9 108
4 9 109
4 9 111
4 9 112
4 9 114
4 9 115
4 9 119
4 9 122
4 9 127
4 9 128
4 10 1
4 10 2
4 10 9
4 10 10
4 10 11
4 10 13
4 10 15
4 10 16
4 10 18
4 10 19
4 10 20
4 10 21
4 10 22
4 10 24
4 10 25
4 10 28
4 10 29
4 10 30
4 10 31
4 10 32
4 10 33
4 10 34
4 10 35
4 10 36
4 10 38
4 10 39
4 10 40
4 10 43
4 10 47
4 10 53
4 10 55
4 10 56
4 10 61
4 10 62
4 10 63
4 10 69
4 10 70
4 10 74
4 10 76
4 10 77
4 10 84
4 10 86
4 10 90
4 10 92
4 10 93
4 10 100
4 10 101
4 10 102
4 10 103
4 10 104
4 10 107
4 10 109
4 10 113
4 10 117
4 10 120
4 10 121
4 10 125
4 10 126
4 10 127
4 11 0
4 11 2
4 11 4
4 11 5
4 11 8
4 11 9
4 11 10
4 11 13
4 11 15
4 11 16
4 11 19
4 11 20
4 11 23
4 11 26
4 11 29
4 11 30
4 11 31
4 11 32
4 11 33
4 11 34
4 11 35
4 11 40
4 11 41
4 11 42
4 11 43
4 11 45
4 11 49
4 11 52
4 11 58
4 11 61
4 11 65
4 11 66
4 11 68
4 11 69
4 11 72
4 11 73
4 11 74
4 11 76
4 11 80
4 11 81
4 11 82
4 11 83
4 11 84
4 11 86
4 11 90
4 11 91
4 11 92
4 11 93
4 11 94
4 11 97
4 11 98
4 11 101
4 11 102
4 11 103
4 11 104
4 11 105
4 11 108
4 11 111
4 11 112
4 11 113
4 11 114
4 11 115
4 11 119
4 11 121
4 11 126
4 12 2
4 12 4
4 12 7
4 12 9
4 12 12
4 12 14
4 12 17
4 12 18
4 12 21
4 12 22
4 12 23
4 12 24
4 12 32
4 12 33
4 12 35
4 12 36
4 12 38
4 12 42
4 12 44
4 12 46
4 12 48
4 12 51
4 12 53
4 12 54
4 12 55
4 12 56
4 12 57
4 12 58
4 12 59
4 12 61
4 12 62
4 12 63
4 12 64
4 12 65
4 12 66
4 12 69
4 12 71
4 12 73
4 12 74
4 12 76
4 12 78
4 12 82
4 12 84
4 12 85
4 12 86
4 12 91
4 12 93
4 12 95
4 12 96
4 12 97
4 12 98
4 12 99
4 12 105
4 12 107
4 12 110
4 12 111
4 12 112
4 12 113
4 12 114
4 12 116
4 12 118
4 12 120
4 12 121
4 12 122
4 12 125
4 12 127
4 12 128
4 13 0
4 13 1
4 13 3
4 13 7
4 13 8
4 13 10
4 13 11
4 13 18
4 13 20
4 13 21
4 13 23
4 13 25
4 13 30
4 13 32
4 13 33
4 13 35
4 13 43
4 13 48
4 13 50
4 13 51
4 13 52
4 13 56
4 13 57
4 13 58
4 13 60
4 13 64
4 13 65
4 13 67
4 13 71
4 13 72
4 13 73
4 13 79
4 13 80
4 13 82
4 13 83
4 13 85
4 13 86
4 13 92
4 13 95
4 13 96
4 13 98
4 13 100
4 13 105
4 13 109
4 13 114
4 13 116
4 13 118
4 13 120
4 13 121
4 13 123
4 13 124
4 13 125
4 13 126
4 14 0
4 14 1
4 14 2
4 14 4
4 14 7
4 14 8
4 14 9
4 14 10
4 14 11
4 14 13
4 14 15
4 14 17
4 14 18
4 14 21
4 14 22
4 14 23
4 14 24
4 14 30
4 14 34
4 14 36
4 14 41
4 14 42
4 14 43
4 14 47
4 14 50
4 14 51
4 14 52
4 14 55
4 14 56
4 14 57
4 14 58
4 14 64
4 14 65
4 14 66
4 14 67
4 14 69
4 14 73
4 14 74
4 14 81
4 14 82
4 14 84
4 14 85
4 14 88
4 14 90
4 14 91
4 14 96
4 14 97
4 14 99
4 14 100
4 14 104
4 14 107
4 14 108
4 14 109
4 14 111
4 14 112
4 14 113
4 14 114
4 14 115
4 14 117
4 14 119
4 14 122
4 14 126
4 15 2
4 15 6
4 15 8
4 15 12
4 15 13
4 15 15
4 15 17
4 15 18
4 15 19
4 15 20
4 15 21
4 15 22
4 15 25
4 15 26
4 15 28
4 15 30
4 15 32
4 15 35
4 15 37
4 15 38
4 15 39
4 15 44
4 15 45
4 15 48
4 15 49
4 15 50
4 15 51
4 15 53
4 15 54
4 15 55
4 15 56
4 15 57
4 15 60
4 15 61
4 15 63
4 15 66
4 15 67
4 15 68
4 15 69
4 15 72
4 15 73
4 15 79
4 15 83
4 15 84
4 15 89
4 15 93
4 15 101
4 15 102
4 15 103
4 15 105
4 15 106
4 15 109
4 15 111
4 15 116
4 15 117
4 15 118
4 15 122
4 15 123
4 15 124
4 15 126
4 15 127
4 15 128
4 16 0
4 16 2
4 16 3
4 16 5
4 16 6
4 16 10
4 16 16
4 16 18
4 16 19
4 16 20
4 16 26
4 16 28
4 16 31
4 16 33
4 16 34
4 16 35
4 16 36
4 16 37
4 16 38
4 16 47
4 16 48
4 16 49
4 16 50
4 16 51
4 16 55
4 16 57
4 16 59
4 16 62
4 16 65
4 16 67
4 16 68
4 16 69
4 16 73
4 16 76
4 16 77
4 16 78
4 16 79
4 16 84
4 16 85
4 16 86
4 16 87
4 16 88
4 16 89
4 16 90
4 16 93
4 16 94
4 16 96
4 16 97
4 16 106
4 16 107
4 16 109
4 16 113
4 16 114
4 16 116
4 16 119
4 16 120
4 16 122
4 16 124
4 16 125
4 16 126
4 16 127
4 17 1
4 17 9
4 17 13
4 17 15
4 17 17
4 17 18
4 17 20
4 17 21
4 17 22
4 17 23
4 17 24
4 17 25
4 17 26
4 17 27
4 17 30
4 17 34
4 17 35
4 17 36
4 17 39
4 17 40
4 17 42
4 17 43
4 17 44
4 17 46
4 17 47
4 17 48
4 17 51
4 17 53
4 17 62
4 17 63
4 17 67
4 17 68
4 17 72
4 17 73
4 17 80
4 17 81
4 17 82
4 17 86
4 17 90
4 17 91
4 17 92
4 17 93
4 17 96
4 17 97
4 17 98
4 17 99
4 17 100
4 17 101
4 17 102
4 17 103
4 17 104
4 17 105
4 17 106
4 17 107
4 17 108
4 17 109
4 17 119
4 17 123
4 17 126
4 18 0
4 18 4
4 18 5
4 18 6
4 18 7
4 18 8
4 18 12
4 18 15
4 18 16
4 18 25
4 18 26
4 18 28
4 18 30
4 18 31
4 18 33
4 18 35
4 18 36
4 18 38
4 18 40
4 18 42
4 18 43
4 18 44
4 18 45
4 18 46
4 18 48
4 18 51
4 18 52
4 18 54
4 18 56
4 18 58
4 18 61
4 18 62
4 18 63
4 18 64
4 18 65
4 18 66
4 18 67
4 18 71
4 18 75
4 18 76
4 18 85
4 18 92
4 18 94
4 18 95
4 18 97
4 18 99
4 18 101
4 18 102
4 18 103
4 18 105
4 18 106
4 18 109
4 18 111
4 18 116
4 18 118
4 18 122
4 18 125
4 18 127
4 18 128
4 19 0
4 19 7
4 19 8
4 19 11
4 19 12
4 19 14
4 19 15
4 19 16
4 19 22
4 19 23
4 19 24
4 19 30
4 19 32
4 19 33
4 19 34
4 19 35
4 19 36
4 19 37
4 19 41
4 19 46
4 19 50
4 19 55
4 19 56
4 19 57
4 19 60
4 19 61
4 19 62
4 19 65
4 19 66
4 19 68
4 19 70
4 19 71
4 19 72
4 19 73
4 19 79
4 19 81
4 19 82
4 19 83
4 19 84
4 19 88
4 19 94
4 19 97
4 19 99
4 19 100
4 19 104
4 19 107
4 19 108
4 19 110
4 19 111
4 19 112
4 19 117
4 19 119
4 19 120
4 19 124
4 19 125
4 19 126
4 20 0
4 20 3
4 20 4
4 20 5
4 20 6
4 20 7
4 20 9
4 20 12
4 20 14
4 20 15
4 20 17
4 20 18
4 20 22
4 20 24
4 20 25
4 20 26
4 20 28
4 20 29
4 20 30
4 20 31
4 20 35
4 20 41
4 20 44
4 20 52
4 20 54
4 20 56
4 20 64
4 20 67
4 20 68
4 20 70
4 20 71
4 20 74
4 20 75
4 20 76
4 20 77
4 20 80
4 20 82
4 20 87
4 20 91
4 20 94
4 20 96
4 20 97
4 20 100
4 20 101
4 20 102
4 20 103
4 20 104
4 20 108
4 20 110
4 20 111
4 20 115
4 20 117
4 20 119
4 20 120
4 20 121
4 20 124
4 20 127
4 21 0
4 21 3
4 21 4
4 21 8
4 21 11
4 21 12
4 21 13
4 21 15
4 21 16
4 21 17
4 21 21
4 21 25
4 21 26
4 21 27
4 21 29
4 21 36
4 21 37
4 21 39
4 21 49
4 21 50
4 21 51
4 21 53
4 21 54
4 21 56
4 21 58
4 21 60
4 21 61
4 21 62
4 21 63
4 21 65
4 21 69
4 21 75
4 21 76
4 21 77
4 21 78
4 21 80
4 21 81
4 21 90
4 21 91
4 21 94
4 21 97
4 21 99
4 21 109
4 21 111
4 21 114
4 21 115
4 21 116
4 21 119
4 21 121
4 21 123
4 21 125
4 22 0
4 22 1
4 22 5
4 22 8
4 22 13
4 22 14
4 22 16
4 22 20
4 22 21
4 22 22
4 22 23
4 22 24
4 22 25
4 22 29
4 22 33
4 22 36
4 22 37
4 22 38
4 22 39
4 22 42
4 22 43
4 22 44
4 22 45
4 22 49
4 22 50
4 22 52
4 22 53
4 22 54
4 22 55
4 22 56
4 22 57
4 22 58
4 22 62
4 22 64
4 22 65
4 22 66
4 22 68
4 22 69
4 22 75
4 22 78
4 22 80
4 22 81
4 22 82
4 22 83
4 22 84
4 22 85
4 22 86
4 22 87
4 22 90
4 22 92
4 22 93
4 22 95
4 22 103
4 22 104
4 22 106
4 22 108
4 22 111
4 22 113
4 22 114
4 22 115
4 22 118
4 22 120
4 22 121
4 22 122
4 22 123
4 22 124
4 22 127
4 23 0
4 23 3
4 23 5
4 23 7
4 23 8
4 23 9
4 23 10
4 23 13
4 23 16
4 23 18
4 23 22
4 23 23
4 23 24
4 23 25
4 23 29
4 23 30
4 23 34
4 23 36
4 23 37
4 23 38
4 23 40
4 23 41
4 23 43
4 23 44
4 23 48
4 23 51
4 23 57
4 23 58
4 23 59
4 23 60
4 23 65
4 23 68
4 23 73
4 23 74
4 23 80
4 23 81
4 23 83
4 23 84
4 23 85
4 23 86
4 23 87
4 23 89
4 23 90
4 23 91
4 23 97
4 23 100
4 23 101
4 23 105
4 23 106
4 23 108
4 23 109
4 23 112
4 23 113
4 23 115
4 23 117
4 23 119
4 23 121
4 23 122
4 23 123
4 23 125
4 23 126
4 23 127
4 23 128
4 24 4
4 24 5
4 24 8
4 24 11
4 24 13
4 24 14
4 24 15
4 24 22
4 24 23
4 24 24
4 24 25
4 24 27
4 24 28
4 24 32
4 24 35
4 24 37
4 24 38
4 24 40
4 24 42
4 24 45
4 24 46
4 24 49
4 24 52
4 24 55
4 24 58
4 24 60
4 24 63
4 24 64
4 24 71
4 24 72
4 24 73
4 24 74
4 24 76
4 24 79
4 24 80
4 24 82
4 24 85
4 24 86
4 24 87
4 24 88
4 24 90
4 24 92
4 24 93
4 24 94
4 24 98
4 24 99
4 24 104
4 24 107
4 24 109
4 24 110
4 24 112
4 24 113
4 24 114
4 24 119
4 24 120
4 24 123
4 24 125
4 24 128
4 25 4
4 25 6
4 25 16
4 25 20
4 25 25
4 25 27
4 25 34
4 25 37
4 25 39
4 25 40
4 25 43
4 25 44
4 25 45
4 25 46
4 25 51
4 25 58
4 25 61
4 25 65
4 25 67
4 25 68
4 25 69
4 25 71
4 25 72
4 25 73
4 25 75
4 25 76
4 25 84
4 25 85
4 25 90
4 25 91
4 25 92
4 25 93
4 25 95
4 25 96
4 25 97
4 25 103
4 25 104
4 25 108
4 25 109
4 25 110
4 25 112
4 25 113
4 25 114
4 25 117
4 25 119
4 25 121
4 25 123
4 25 124
4 25 125
4 25 126
4 25 127
4 26 0
4 26 4
4 26 5
4 26 6
4 26 7
4 26 9
4 26 11
4 26 12
4 26 15
4 26 16
4 26 18
4 26 21
4 26 23
4 26 27
4 26 28
4 26 33
4 26 34
4 26 36
4 26 37
4 26 40
4 26 43
4 26 45
4 26 48
4 26 49
4 26 50
4 26 51
4 26 52
4 26 53
4 26 54
4 26 55
4 26 56
4 26 65
4 26 66
4 26 69
4 26 70
4 26 71
4 26 75
4 26 77
4 26 78
4 26 80
4 26 81
4 26 85
4 26 86
4 26 87
4 26 91
4 26 93
4 26 94
4 26 95
4 26 97
4 26 108
4 26 109
4 26 111
4 26 113
4 26 114
4 26 116
4 26 117
4 26 118
4 26 120
4 26 122
4 26 125
4 26 126
4 27 1
4 27 3
4 27 4
4 27 5
4 27 9
4 27 11
4 27 12
4 27 14
4 27 15
4 27 16
4 27 18
4 27 19
4 27 23
4 27 25
4 27 26
4 27 28
4 27 34
4 27 38
4 27 40
4 27 41
4 27 43
4 27 45
4 27 46
4 27 48
4 27 49
4 27 50
4 27 54
4 27 56
4 27 57
4 27 58
4 27 59
4 27 60
4 27 61
4 27 67
4 27 70
4 27 76
4 27 77
4 27 79
4 27 80
4 27 81
4 27 84
4 27 89
4 27 92
4 27 93
4 27 94
4 27 95
4 27 97
4 27 98
4 27 104
4 27 105
4 27 107
4 27 110
4 27 111
4 27 112
4 27 114
4 27 115
4 27 116
4 27 123
4 27 124
4 27 128
4 28 0
4 28 4
4 28 8
4 28 11
4 28 13
4 28 15
4 28 16
4 28 17
4 28 18
4 28 24
4 28 25
4 28 28
4 28 30
4 28 31
4 28 32
4 28 37
4 28 42
4 28 44
4 28 45
4 28 47
4 28 51
4 28 54
4 28 57
4 28 61
4 28 65
4 28 67
4 28 69
4 28 74
4 28 75
4 28 77
4 28 80
4 28 81
4 28 83
4 28 85
4 28 87
4 28 89
4 28 93
4 28 95
4 28 97
4 28 98
4 28 100
4 28 101
4 28 102
4 28 104
4 28 105
4 28 106
4 28 109
4 28 114
4 28 115
4 28 119
4 28 120
4 28 123
4 28 124
4 28 127
4 29 0
4 29 1
4 29 6
4 29 7
4 29 8
4 29 13
4 29 17
4 29 19
4 29 21
4 29 22
4 29 23
4 29 24
4 29 25
4 29 26
4 29 28
4 29 29
4 29 31
4 29 33
4 29 34
4 29 35
4 29 36
4 29 40
4 29 46
4 29 47
4 29 48
4 29 50
4 29 52
4 29 54
4 29 56
4 29 57
4 29 58
4 29 61
4 29 64
4 29 65
4 29 71
4 29 73
4 29 74
4 29 75
4 29 76
4 29 77
4 29 78
4 29 79
4 29 83
4 29 85
4 29 87
4 29 88
4 29 91
4 29 94
4 29 96
4 29 102
4 29 104
4 29 105
4 29 109
4 29 111
4 29 112
4 29 113
4 29 114
4 29 115
4 29 119
4 29 121
4 29 126
4 30 1
4 30 2
4 30 3
4 30 4
4 30 5
4 30 6
4 30 7
4 30 9
4 30 10
4 30 11
4 30 12
4 30 14
4 30 17
4 30 19
4 30 20
4 30 23
4 30 26
4 30 28
4 30 30
4 30 31
4 30 34
4 30 38
4 30 41
4 30 43
4 30 48
4 30 55
4 30 56
4 30 57
4 30 59
4 30 60
4 30 66
4 30 69
4 30 71
4 30 72
4 30 75
4 30 77
4 30 78
4 30 79
4 30 80
4 30 82
4 30 83
4 30 85
4 30 89
4 30 90
4 30 97
4 30 98
4 30 99
4 30 100
4 30 103
4 30 105
4 30 106
4 30 114
4 30 116
4 30 117
4 30 118
4 30 119
4 30 121
4 30 122
4 30 124
4 30 126
4 30 128
4 31 2
4 31 6
4 31 7
4 31 9
4 31 11
4 31 13
4 31 14
4 31 17
4 31 22
4 31 23
4 31 24
4 31 26
4 31 28
4 31 29
4 31 31
4 31 32
4 31 37
4 31 38
4 31 39
4 31 40
4 31 44
4 31 46
4 31 48
4 31 49
4 31 56
4 31 59
4 31 60
4 31 62
4 31 64
4 31 65
4 31 69
4 31 71
4 31 72
4 31 75
4 31 77
4 31 78
4 31 79
4 31 82
4 31 87
4 31 89
4 31 91
4 31 93
4 31 95
4 31 96
4 31 99
4 31 100
4 31 101
4 31 104
4 31 105
4 31 109
4 31 110
4 31 111
4 31 112
4 31 113
4 31 115
4 31 117
4 31 118
4 31 121
4 31 124
4 32 2
4 32 6
4 32 10
4 32 11
4 32 12
4 32 13
4 32 14
4 32 17
4 32 22
4 32 23
4 32 25
4 32 27
4 32 29
4 32 30
4 32 31
4 32 33
4 32 36
4 32 39
4 32 42
4 32 44
4 32 46
4 32 52
4 32 53
4 32 55
4 32 56
4 32 59
4 32 60
4 32 62
4 32 65
4 32 66
4 32 67
4 32 68
4 32 70
4 32 71
4 32 72
4 32 74
4 32 76
4 32 78
4 32 79
4 32 80
4 32 81
4 32 82
4 32 83
4 32 84
4 32 85
4 32 88
4 32 89
4 32 96
4 32 99
4 32 100
4 32 101
4 32 102
4 32 105
4 32 107
4 32 110
4 32 115
4 32 116
4 32 117
4 32 125
4 32 127
4 33 1
4 33 3
4 33 6
4 33 8
4 33 9
4 33 10
4 33 11
4 33 15
4 33 16
4 33 19
4 33 20
4 33 21
4 33 22
4 33 24
4 33 25
4 33 28
4 33 31
4 33 32
4 33 33
4 33 36
4 33 40
4 33 42
4 33 43
4 33 45
4 33 48
4 33 49
4 33 50
4 33 51
4 33 52
4 33 53
4 33 54
4 33 56
4 33 57
4 33 58
4 33 59
4 33 60
4 33 61
4 33 62
4 33 64
4 33 65
4 33 67
4 33 75
4 33 76
4 33 78
4 33 79
4 33 80
4 33 81
4 33 82
4 33 86
4 33 87
4 33 88
4 33 89
4 33 92
4 33 98
4 33 107
4 33 109
4 33 111
4 33 113
4 33 114
4 33 115
4 33 120
4 33 122
4 33 124
4 33 125
4 33 126
4 33 127
4 34 1
4 34 6
4 34 7
4 34 11
4 34 12
4 34 13
4 34 16
4 34 17
4 34 18
4 34 19
4 34 20
4 34 21
4 34 24
4 34 26
4 34 28
4 34 30
4 34 36
4 34 37
4 34 38
4 34 41
4 34 43
4 34 45
4 34 48
4 34 49
4 34 52
4 34 53
4 34 60
4 34 62
4 34 63
4 34 64
4 34 65
4 34 67
4 34 68
4 34 71
4 34 73
4 34 74
4 34 75
4 34 76
4 34 77
4 34 79
4 34 80
4 34 82
4 34 84
4 34 86
4 34 87
4 34 96
4 34 98
4 34 99
4 34 100
4 34 101
4 34 104
4 34 105
4 34 111
4 34 112
4 34 115
4 34 117
4 34 119
4 34 120
4 34 122
4 34 124
4 34 125
4 34 126
4 34 128