530
6
34 52 23 12 74 45
3088

0 417 0 0 0 912 187 0 0 0 0 0 0 906 0 0 0 0 0 0 0 706 0 195 0 0 0 0 0 219 1000 0 0 0
205 0 0 0 458 0 0 234 0 0 0 510 605 0 192 699 0 139 0 935 0 0 258 0 52 429 0 141 831 960 0 0 0 557 88 0 653 0 0 0 963 0 0 0 284 415 0 0 0 810 0 0
0 0 0 0 0 0 300 0 0 911 0 0 0 0 221 0 0 0 0 687 372 0 904
791 0 0 0 0 902 0 0 0 920 0 50
111 362 0 0 0 0 818 714 0 0 840 0 867 0 0 901 765 287 903 0 0 0 0 0 0 0 0 885 0 0 0 299 0 0 0 0 0 711 690 0 0 0 0 0 0 0 0 859 0 0 398 555 941 0 127 0 0 896 46 716 206 0 0 1 713 0 394 935 962 0 216 0 728 259
724 0 0 944 86 0 0 0 0 0 342 449 964 786 75 0 688 0 0 0 0 0 358 0 804 582 0 0 0 0 0 0 0 0 38 858 0 0 0 0 0 385 762 0 0

0 0 0
0 0 4
0 0 5
0 0 13
0 0 14
0 0 16
0 0 19
0 0 20
0 0 21
0 0 22
0 0 24
0 0 25
0 0 27
0 0 28
0 0 29
0 0 30
0 0 31
0 0 33
0 0 34
0 0 35
0 0 37
0 0 39
0 0 40
0 0 45
0 0 48
0 0 49
0 0 50
0 0 51
0 1 0
0 1 3
0 1 4
0 1 8
0 1 11
0 1 14
0 1 15
0 1 16
0 1 22
0 1 23
0 1 25
0 1 28
0 1 32
0 1 33
0 1 35
0 1 37
0 1 38
0 1 39
0 1 42
0 1 47
0 1 48
0 1 50
0 1 51
0 2 1
0 2 2
0 2 6
0 2 10
0 2 12
0 2 14
0 2 16
0 2 21
0 2 22
0 2 23
0 2 24
0 2 27
0 2 29
0 2 30
0 2 37
0 2 39
0 2 40
0 2 43
0 2 44
0 2 47
0 2 48
0 2 49
0 3 0
0 3 3
0 3 4
0 3 5
0 3 10
0 3 12
0 3 14
0 3 17
0 3 18
0 3 21
0 3 22
0 3 23
0 3 25
0 3 29
0 3 30
0 3 31
0 3 32
0 3 35
0 3 38
0 3 39
0 3 40
0 3 43
0 3 44
0 3 46
0 3 47
0 3 50
0 3 51
0 4 5
0 4 8
0 4 11
0 4 18
0 4 19
0 4 20
0 4 21
0 4 27
0 4 28
0 4 30
0 4 32
0 4 38
0 4 39
0 4 40
0 4 41
0 4 43
0 4 44
0 5 0
0 5 2
0 5 3
0 5 5
0 5 6
0 5 7
0 5 8
0 5 11
0 5 12
0 5 13
0 5 15
0 5 18
0 5 22
0 5 26
0 5 28
0 5 29
0 5 32
0 5 34
0 5 38
0 5 40
0 5 45
0 5 46
0 5 47
0 5 51
0 6 9
0 6 10
0 6 13
0 6 15
0 6 17
0 6 18
0 6 19
0 6 21
0 6 22
0 6 24
0 6 25
0 6 32
0 6 35
0 6 38
0 6 39
0 6 40
0 6 47
0 6 50
0 6 51
0 7 0
0 7 1
0 7 6
0 7 7
0 7 10
0 7 11
0 7 13
0 7 16
0 7 19
0 7 21
0 7 28
0 7 29
0 7 30
0 7 31
0 7 32
0 7 33
0 7 34
0 7 39
0 7 40
0 7 41
0 7 48
0 8 1
0 8 3
0 8 4
0 8 6
0 8 7
0 8 14
0 8 17
0 8 18
0 8 23
0 8 28
0 8 29
0 8 30
0 8 34
0 8 41
0 8 42
0 8 49
0 8 51
0 9 4
0 9 5
0 9 7
0 9 8
0 9 9
0 9 10
0 9 14
0 9 15
0 9 16
0 9 18
0 9 19
0 9 20
0 9 22
0 9 23
0 9 26
0 9 28
0 9 35
0 9 38
0 9 44
0 9 46
0 9 47
0 9 49
0 10 3
0 10 4
0 10 6
0 10 8
0 10 10
0 10 14
0 10 16
0 10 19
0 10 20
0 10 21
0 10 24
0 10 25
0 10 29
0 10 30
0 10 34
0 10 35
0 10 37
0 10 41
0 10 43
0 10 44
0 10 51
0 11 0
0 11 1
0 11 2
0 11 9
0 11 11
0 11 16
0 11 19
0 11 23
0 11 24
0 11 26
0 11 28
0 11 30
0 11 31
0 11 34
0 11 39
0 11 42
0 11 44
0 11 45
0 11 46
0 11 49
0 12 7
0 12 9
0 12 11
0 12 14
0 12 16
0 12 17
0 12 18
0 12 20
0 12 23
0 12 24
0 12 25
0 12 26
0 12 28
0 12 29
0 12 31
0 12 39
0 12 40
0 12 43
0 12 45
0 12 46
0 12 48
0 12 51
0 13 1
0 13 2
0 13 5
0 13 6
0 13 10
0 13 12
0 13 14
0 13 15
0 13 17
0 13 19
0 13 21
0 13 22
0 13 27
0 13 34
0 13 35
0 13 37
0 13 40
0 13 47
0 13 50
0 13 51
0 14 2
0 14 4
0 14 5
0 14 11
0 14 13
0 14 14
0 14 15
0 14 19
0 14 22
0 14 23
0 14 24
0 14 25
0 14 27
0 14 30
0 14 32
0 14 34
0 14 35
0 14 44
0 14 46
0 14 47
0 14 49
0 14 51
0 15 0
0 15 1
0 15 2
0 15 12
0 15 13
0 15 15
0 15 18
0 15 19
0 15 20
0 15 26
0 15 31
0 15 32
0 15 33
0 15 34
0 15 36
0 15 37
0 15 38
0 15 41
0 15 45
0 15 46
0 15 48
0 15 50
0 16 0
0 16 3
0 16 5
0 16 6
0 16 7
0 16 10
0 16 11
0 16 20
0 16 24
0 16 26
0 16 30
0 16 33
0 16 35
0 16 36
0 16 37
0 16 38
0 16 47
0 16 48
0 16 49
0 16 51
0 17 0
0 17 2
0 17 3
0 17 5
0 17 6
0 17 7
0 17 10
0 17 12
0 17 13
0 17 14
0 17 18
0 17 19
0 17 22
0 17 28
0 17 30
0 17 32
0 17 33
0 17 36
0 17 37
0 17 43
0 17 44
0 17 49
0 17 50
0 17 51
0 18 1
0 18 2
0 18 7
0 18 8
0 18 10
0 18 12
0 18 13
0 18 14
0 18 16
0 18 17
0 18 22
0 18 26
0 18 29
0 18 32
0 18 39
0 18 49
0 19 1
0 19 4
0 19 6
0 19 7
0 19 8
0 19 11
0 19 13
0 19 14
0 19 16
0 19 17
0 19 18
0 19 20
0 19 21
0 19 22
0 19 25
0 19 30
0 19 33
0 19 35
0 19 36
0 19 37
0 19 38
0 19 39
0 19 40
0 19 41
0 19 42
0 19 50
0 19 51
0 20 0
0 20 8
0 20 12
0 20 13
0 20 14
0 20 17
0 20 18
0 20 19
0 20 22
0 20 28
0 20 31
0 20 33
0 20 35
0 20 36
0 20 41
0 20 45
0 20 46
0 20 50
0 21 3
0 21 4
0 21 9
0 21 10
0 21 11
0 21 15
0 21 25
0 21 26
0 21 28
0 21 31
0 21 32
0 21 33
0 21 34
0 21 35
0 21 37
0 21 40
0 21 41
0 21 43
0 21 44
0 21 45
0 21 46
0 21 47
0 21 51
0 22 0
0 22 3
0 22 7
0 22 8
0 22 10
0 22 13
0 22 15
0 22 26
0 22 30
0 22 33
0 22 36
0 22 37
0 22 38
0 22 40
0 22 44
0 22 46
0 22 47
0 22 49
0 23 4
0 23 5
0 23 6
0 23 8
0 23 10
0 23 12
0 23 15
0 23 16
0 23 17
0 23 19
0 23 22
0 23 30
0 23 31
0 23 40
0 23 43
0 23 47
0 23 48
0 23 49
0 23 51
0 24 0
0 24 1
0 24 2
0 24 7
0 24 9
0 24 11
0 24 12
0 24 14
0 24 15
0 24 18
0 24 19
0 24 22
0 24 26
0 24 31
0 24 32
0 24 36
0 24 37
0 24 38
0 24 39
0 24 42
0 24 45
0 24 49
0 25 1
0 25 5
0 25 7
0 25 8
0 25 9
0 25 11
0 25 19
0 25 21
0 25 24
0 25 30
0 25 33
0 25 34
0 25 35
0 25 37
0 25 42
0 25 43
0 25 44
0 25 45
0 25 50
0 25 51
0 26 0
0 26 1
0 26 3
0 26 4
0 26 8
0 26 9
0 26 10
0 26 12
0 26 16
0 26 17
0 26 19
0 26 20
0 26 21
0 26 23
0 26 24
0 26 28
0 26 31
0 26 38
0 26 40
0 26 41
0 26 42
0 26 44
0 26 46
0 26 47
0 26 48
0 26 49
0 26 51
0 27 2
0 27 3
0 27 6
0 27 8
0 27 9
0 27 10
0 27 14
0 27 15
0 27 16
0 27 17
0 27 21
0 27 26
0 27 29
0 27 31
0 27 41
0 27 49
0 27 50
0 28 1
0 28 8
0 28 9
0 28 10
0 28 11
0 28 14
0 28 16
0 28 18
0 28 20
0 28 21
0 28 22
0 28 24
0 28 25
0 28 26
0 28 27
0 28 32
0 28 34
0 28 35
0 28 39
0 28 40
0 28 41
0 28 43
0 28 44
0 28 45
0 29 0
0 29 3
0 29 4
0 29 6
0 29 9
0 29 12
0 29 13
0 29 14
0 29 15
0 29 21
0 29 22
0 29 23
0 29 28
0 29 29
0 29 30
0 29 32
0 29 38
0 29 41
0 29 47
0 29 49
0 29 50
0 29 51
0 30 5
0 30 7
0 30 8
0 30 10
0 30 11
0 30 14
0 30 15
0 30 21
0 30 25
0 30 28
0 30 31
0 30 32
0 30 33
0 30 35
0 30 41
0 30 44
0 30 46
0 30 48
0 30 51
0 31 0
0 31 2
0 31 7
0 31 10
0 31 11
0 31 12
0 31 17
0 31 20
0 31 21
0 31 22
0 31 24
0 31 25
0 31 30
0 31 33
0 31 35
0 31 36
0 31 37
0 31 39
0 31 42
0 31 44
0 31 45
0 31 46
0 31 47
0 31 48
0 31 49
0 32 5
0 32 10
0 32 11
0 32 12
0 32 13
0 32 16
0 32 17
0 32 19
0 32 20
0 32 21
0 32 29
0 32 33
0 32 34
0 32 35
0 32 36
0 32 37
0 32 38
0 32 47
0 32 49
0 32 50
0 32 51
0 33 8
0 33 10
0 33 16
0 33 21
0 33 26
0 33 32
0 33 34
0 33 36
0 33 39
0 33 41
0 33 43
0 33 48
0 33 49
0 33 50
0 33 51
1 0 0
1 0 2
1 0 3
1 0 10
1 0 11
1 0 16
1 0 17
1 0 21
1 0 22
1 1 0
1 1 3
1 1 4
1 1 7
1 1 13
1 1 16
1 1 17
1 1 19
1 1 21
1 2 2
1 2 4
1 2 5
1 2 8
1 2 9
1 2 10
1 2 11
1 2 13
1 2 15
1 2 17
1 2 18
1 2 21
1 3 1
1 3 4
1 3 6
1 3 7
1 3 13
1 3 14
1 3 16
1 3 21
1 3 22
1 4 0
1 4 2
1 4 3
1 4 8
1 4 11
1 4 12
1 4 13
1 4 14
1 4 20
1 5 0
1 5 3
1 5 8
1 5 14
1 5 16
1 5 19
1 5 20
1 5 21
1 5 22
1 6 0
1 6 5
1 6 7
1 6 8
1 6 9
1 6 12
1 6 13
1 6 19
1 7 1
1 7 3
1 7 8
1 7 9
1 7 10
1 7 13
1 7 15
1 7 19
1 7 20
1 7 21
1 8 3
1 8 4
1 8 14
1 8 16
1 8 18
1 8 20
1 9 7
1 9 9
1 9 10
1 9 11
1 9 13
1 9 14
1 9 15
1 9 21
1 9 22
1 10 1
1 10 2
1 10 3
1 10 5
1 10 9
1 10 11
1 10 12
1 10 13
1 10 15
1 10 17
1 10 19
1 10 21
1 10 22
1 11 0
1 11 1
1 11 2
1 11 4
1 11 5
1 11 6
1 11 10
1 11 11
1 12 5
1 12 8
1 12 10
1 12 12
1 12 13
1 12 16
1 12 20
1 13 3
1 13 5
1 13 7
1 13 10
1 13 12
1 13 13
1 13 18
1 13 21
1 13 22
1 14 6
1 14 7
1 14 8
1 14 9
1 14 11
1 14 12
1 14 15
1 14 16
1 14 17
1 14 18
1 14 22
1 15 2
1 15 3
1 15 4
1 15 7
1 15 11
1 15 17
1 15 21
1 15 22
1 16 5
1 16 9
1 16 10
1 16 15
1 16 17
1 16 18
1 16 19
1 16 20
1 16 21
1 17 2
1 17 4
1 17 6
1 17 7
1 17 14
1 17 20
1 17 22
1 18 0
1 18 6
1 18 8
1 18 9
1 18 12
1 18 13
1 18 15
1 18 16
1 18 17
1 18 19
1 18 20
1 18 22
1 19 0
1 19 1
1 19 4
1 19 5
1 19 6
1 19 10
1 19 11
1 19 12
1 19 14
1 19 15
1 19 16
1 19 17
1 19 18
1 19 21
1 19 22
1 20 0
1 20 1
1 20 2
1 20 3
1 20 5
1 20 7
1 20 11
1 20 12
1 20 13
1 20 17
1 20 20
1 21 2
1 21 3
1 21 4
1 21 6
1 21 10
1 21 11
1 21 12
1 21 13
1 21 15
1 21 16
1 21 17
1 21 18
1 21 20
1 21 21
1 21 22
1 22 0
1 22 2
1 22 4
1 22 6
1 22 8
1 22 14
1 22 17
1 22 19
1 22 20
1 23 0
1 23 4
1 23 6
1 23 8
1 23 9
1 23 12
1 23 14
1 23 15
1 23 17
1 23 19
1 24 2
1 24 3
1 24 5
1 24 8
1 24 10
1 24 14
1 24 15
1 24 17
1 24 19
1 25 4
1 25 9
1 25 10
1 25 11
1 25 13
1 25 14
1 25 16
1 25 18
1 25 19
1 25 21
1 25 22
1 26 3
1 26 4
1 26 9
1 26 13
1 26 14
1 26 16
1 26 19
1 26 22
1 27 2
1 27 6
1 27 9
1 27 12
1 27 16
1 27 19
1 27 21
1 28 1
1 28 3
1 28 7
1 28 8
1 28 11
1 28 12
1 28 15
1 28 16
1 28 19
1 28 20
1 28 21
1 28 22
1 29 0
1 29 1
1 29 3
1 29 4
1 29 5
1 29 6
1 29 7
1 29 8
1 29 11
1 29 12
1 29 16
1 29 21
1 30 0
1 30 5
1 30 6
1 30 8
1 30 10
1 30 16
1 30 20
1 30 21
1 30 22
1 31 3
1 31 6
1 31 7
1 31 9
1 31 10
1 31 12
1 31 13
1 31 17
1 31 18
1 31 19
1 32 0
1 32 3
1 32 4
1 32 5
1 32 7
1 32 8
1 32 9
1 32 10
1 32 11
1 32 12
1 32 14
1 32 16
1 32 17
1 32 19
1 33 1
1 33 5
1 33 7
1 33 12
1 33 15
1 33 20
1 34 1
1 34 2
1 34 3
1 34 5
1 34 6
1 34 7
1 34 12
1 34 18
1 34 19
1 34 20
1 34 21
1 35 1
1 35 8
1 35 13
1 35 16
1 35 18
1 36 3
1 36 5
1 36 7
1 36 10
1 36 11
1 36 12
1 36 15
1 36 17
1 36 21
1 36 22
1 37 0
1 37 2
1 37 5
1 37 8
1 37 9
1 37 10
1 37 13
1 37 14
1 37 17
1 37 19
1 37 21
1 38 1
1 38 3
1 38 4
1 38 5
1 38 6
1 38 8
1 38 11
1 38 16
1 38 17
1 38 18
1 39 1
1 39 6
1 39 8
1 39 9
1 39 11
1 39 12
1 39 13
1 39 22
1 40 0
1 40 1
1 40 2
1 40 13
1 40 14
1 40 16
1 40 17
1 40 20
1 41 3
1 41 4
1 41 5
1 41 8
1 41 10
1 41 11
1 41 15
1 41 18
1 41 19
1 41 20
1 41 21
1 41 22
1 42 2
1 42 3
1 42 4
1 42 7
1 42 11
1 42 15
1 42 16
1 42 17
1 42 19
1 42 22
1 43 0
1 43 3
1 43 8
1 43 9
1 43 11
1 43 12
1 43 17
1 43 20
1 44 0
1 44 1
1 44 5
1 44 9
1 44 11
1 44 12
1 44 14
1 44 20
1 44 21
1 45 0
1 45 1
1 45 3
1 45 4
1 45 6
1 45 8
1 45 10
1 45 14
1 45 18
1 45 21
1 46 1
1 46 2
1 46 3
1 46 6
1 46 7
1 46 8
1 46 10
1 46 12
1 46 13
1 46 14
1 46 15
1 46 17
1 46 19
1 46 20
1 46 22
1 47 4
1 47 5
1 47 6
1 47 7
1 47 8
1 47 9
1 47 10
1 47 11
1 47 13
1 47 14
1 47 16
1 47 17
1 47 18
1 47 19
1 48 0
1 48 1
1 48 3
1 48 6
1 48 7
1 48 13
1 48 16
1 48 18
1 48 20
1 48 21
1 49 2
1 49 5
1 49 7
1 49 10
1 49 11
1 49 13
1 49 14
1 49 16
1 49 17
1 49 21
1 49 22
1 50 0
1 50 3
1 50 4
1 50 5
1 50 11
1 50 13
1 50 22
1 51 0
1 51 1
1 51 7
1 51 10
1 51 11
1 51 14
1 51 21
1 51 22
2 0 2
2 0 6
2 0 11
2 1 3
2 1 4
2 1 6
2 1 8
2 1 9
2 1 10
2 2 1
2 2 5
2 2 6
2 2 8
2 2 9
2 3 1
2 3 2
2 3 3
2 3 4
2 3 6
2 3 7
2 3 8
2 3 9
2 3 11
2 4 0
2 4 2
2 4 3
2 4 5
2 4 6
2 4 9
2 5 4
2 5 5
2 5 6
2 5 7
2 5 8
2 5 11
2 6 0
2 6 1
2 6 2
2 6 6
2 6 9
2 6 10
2 6 11
2 7 3
2 7 4
2 7 5
2 7 6
2 7 8
2 8 0
2 8 4
2 8 9
2 8 11
2 9 0
2 9 4
2 9 6
2 9 7
2 9 8
2 9 9
2 9 10
2 10 1
2 10 3
2 10 5
2 10 9
2 11 0
2 11 1
2 11 4
2 11 5
2 11 9
2 12 0
2 12 1
2 12 2
2 12 6
2 13 0
2 13 8
2 13 9
2 13 11
2 14 0
2 14 2
2 14 4
2 14 5
2 14 8
2 15 2
2 15 3
2 15 8
2 16 1
2 16 3
2 16 4
2 16 5
2 16 6
2 16 10
2 16 11
2 17 1
2 17 3
2 17 7
2 17 9
2 18 0
2 18 2
2 18 7
2 18 9
2 18 10
2 19 1
2 19 2
2 19 3
2 19 6
2 19 7
2 19 8
2 20 4
2 20 5
2 20 6
2 20 8
2 21 1
2 21 2
2 21 5
2 21 9
2 22 0
2 22 4
2 22 6
2 22 7
2 22 10
2 22 11
3 0 2
3 0 6
3 0 11
3 0 15
3 0 17
3 0 19
3 0 23
3 0 24
3 0 25
3 0 26
3 0 28
3 0 33
3 0 34
3 0 35
3 0 36
3 0 39
3 0 46
3 0 47
3 0 50
3 0 51
3 0 52
3 0 53
3 0 55
3 0 57
3 0 58
3 0 62
3 0 63
3 0 64
3 0 67
3 0 69
3 0 72
3 0 73
3 1 2
3 1 3
3 1 10
3 1 13
3 1 15
3 1 17
3 1 18
3 1 19
3 1 24
3 1 29
3 1 35
3 1 38
3 1 40
3 1 41
3 1 44
3 1 45
3 1 47
3 1 48
3 1 50
3 1 55
3 1 60
3 1 61
3 1 62
3 1 66
3 1 68
3 1 69
3 1 73
3 2 0
3 2 1
3 2 4
3 2 5
3 2 7
3 2 17
3 2 21
3 2 26
3 2 30
3 2 31
3 2 34
3 2 36
3 2 39
3 2 41
3 2 43
3 2 47
3 2 48
3 2 49
3 2 50
3 2 51
3 2 52
3 2 55
3 2 59
3 2 61
3 2 63
3 2 64
3 2 65
3 2 66
3 2 68
3 2 70
3 2 71
3 2 73
3 3 1
3 3 3
3 3 4
3 3 5
3 3 10
3 3 13
3 3 18
3 3 19
3 3 22
3 3 30
3 3 31
3 3 36
3 3 41
3 3 43
3 3 44
3 3 46
3 3 47
3 3 48
3 3 49
3 3 50
3 3 51
3 3 52
3 3 54
3 3 55
3 3 57
3 3 61
3 3 64
3 3 65
3 3 66
3 3 67
3 3 69
3 3 70
3 3 73
3 4 0
3 4 1
3 4 3
3 4 4
3 4 6
3 4 7
3 4 8
3 4 11
3 4 12
3 4 17
3 4 23
3 4 24
3 4 25
3 4 26
3 4 28
3 4 32
3 4 34
3 4 37
3 4 38
3 4 39
3 4 41
3 4 44
3 4 45
3 4 47
3 4 48
3 4 49
3 4 50
3 4 51
3 4 52
3 4 53
3 4 55
3 4 56
3 4 62
3 4 63
3 4 64
3 4 65
3 4 68
3 4 71
3 4 73
3 5 0
3 5 1
3 5 6
3 5 8
3 5 10
3 5 11
3 5 12
3 5 15
3 5 18
3 5 23
3 5 28
3 5 30
3 5 35
3 5 40
3 5 43
3 5 44
3 5 45
3 5 47
3 5 48
3 5 53
3 5 55
3 5 56
3 5 61
3 5 62
3 5 64
3 5 67
3 5 68
3 5 70
3 5 72
3 6 1
3 6 6
3 6 7
3 6 10
3 6 11
3 6 13
3 6 19
3 6 20
3 6 21
3 6 23
3 6 26
3 6 27
3 6 28
3 6 30
3 6 37
3 6 38
3 6 39
3 6 40
3 6 43
3 6 44
3 6 45
3 6 47
3 6 50
3 6 56
3 6 57
3 6 59
3 6 60
3 6 62
3 6 63
3 6 64
3 6 65
3 6 66
3 6 68
3 6 71
3 7 0
3 7 1
3 7 3
3 7 4
3 7 5
3 7 9
3 7 10
3 7 12
3 7 14
3 7 15
3 7 16
3 7 19
3 7 20
3 7 21
3 7 27
3 7 28
3 7 32
3 7 33
3 7 36
3 7 37
3 7 39
3 7 40
3 7 41
3 7 43
3 7 45
3 7 46
3 7 47
3 7 48
3 7 49
3 7 54
3 7 56
3 7 60
3 7 61
3 7 62
3 7 63
3 7 66
3 7 67
3 7 69
3 7 70
3 8 3
3 8 7
3 8 10
3 8 12
3 8 20
3 8 22
3 8 28
3 8 30
3 8 34
3 8 39
3 8 40
3 8 41
3 8 44
3 8 55
3 8 57
3 8 59
3 8 61
3 8 62
3 8 64
3 8 73
3 9 8
3 9 10
3 9 16
3 9 17
3 9 18
3 9 22
3 9 25
3 9 27
3 9 32
3 9 33
3 9 39
3 9 40
3 9 42
3 9 53
3 9 54
3 9 59
3 9 61
3 9 63
3 9 65
3 10 0
3 10 1
3 10 4
3 10 16
3 10 19
3 10 23
3 10 25
3 10 26
3 10 30
3 10 31
3 10 32
3 10 33
3 10 35
3 10 36
3 10 44
3 10 45
3 10 54
3 10 56
3 10 57
3 10 58
3 10 59
3 10 62
3 10 68
3 10 69
3 10 70
3 11 0
3 11 1
3 11 3
3 11 8
3 11 9
3 11 10
3 11 12
3 11 13
3 11 20
3 11 21
3 11 22
3 11 25
3 11 28
3 11 33
3 11 35
3 11 36
3 11 37
3 11 42
3 11 43
3 11 45
3 11 46
3 11 49
3 11 53
3 11 55
3 11 56
3 11 59
3 11 63
3 11 64
3 11 65
3 11 66
3 11 68
3 11 69
3 11 70
3 11 71
3 11 72
3 11 73
4 0 1
4 0 2
4 0 10
4 0 13
4 0 14
4 0 15
4 0 16
4 0 20
4 0 24
4 0 25
4 0 27
4 0 35
4 0 37
4 0 41
4 0 42
4 1 4
4 1 6
4 1 8
4 1 13
4 1 16
4 1 18
4 1 21
4 1 24
4 1 26
4 1 28
4 1 31
4 1 37
4 1 38
4 2 0
4 2 2
4 2 4
4 2 5
4 2 6
4 2 8
4 2 9
4 2 10
4 2 11
4 2 13
4 2 14
4 2 19
4 2 22
4 2 24
4 2 25
4 2 30
4 2 31
4 2 37
4 2 40
4 2 42
4 2 44
4 3 2
4 3 3
4 3 4
4 3 5
4 3 6
4 3 8
4 3 11
4 3 15
4 3 16
4 3 20
4 3 25
4 3 26
4 3 30
4 3 32
4 3 33
4 3 35
4 3 36
4 3 40
4 3 42
4 4 1
4 4 3
4 4 5
4 4 8
4 4 10
4 4 13
4 4 15
4 4 16
4 4 17
4 4 18
4 4 22
4 4 29
4 4 32
4 4 35
4 4 37
4 4 40
4 4 41
4 4 43
4 4 44
4 5 0
4 5 3
4 5 9
4 5 13
4 5 14
4 5 19
4 5 20
4 5 23
4 5 29
4 5 32
4 5 33
4 5 34
4 5 37
4 5 39
4 5 41
4 5 42
4 5 44
4 6 0
4 6 3
4 6 4
4 6 5
4 6 8
4 6 9
4 6 10
4 6 20
4 6 24
4 6 29
4 6 30
4 6 33
4 6 35
4 6 38
4 6 39
4 6 40
4 6 43
4 7 0
4 7 7
4 7 8
4 7 9
4 7 11
4 7 13
4 7 14
4 7 15
4 7 18
4 7 19
4 7 22
4 7 25
4 7 26
4 7 28
4 7 29
4 7 31
4 7 34
4 7 36
4 7 37
4 7 38
4 7 43
4 8 4
4 8 5
4 8 11
4 8 12
4 8 16
4 8 17
4 8 19
4 8 20
4 8 22
4 8 26
4 8 28
4 8 29
4 8 31
4 8 35
4 8 39
4 8 44
4 9 0
4 9 3
4 9 6
4 9 9
4 9 11
4 9 13
4 9 17
4 9 19
4 9 25
4 9 30
4 9 31
4 9 32
4 9 36
4 9 38
4 9 39
4 9 42
4 9 44
4 10 0
4 10 1
4 10 10
4 10 11
4 10 12
4 10 15
4 10 19
4 10 20
4 10 21
4 10 22
4 10 23
4 10 27
4 10 28
4 10 29
4 10 31
4 10 32
4 10 35
4 10 37
4 10 38
4 10 39
4 10 42
4 11 2
4 11 3
4 11 8
4 11 9
4 11 10
4 11 11
4 11 16
4 11 17
4 11 22
4 11 25
4 11 26
4 11 27
4 11 28
4 11 30
4 11 31
4 11 32
4 11 35
4 11 37
4 11 38
4 11 39
4 11 40
4 11 42
4 11 43
4 12 1
4 12 10
4 12 13
4 12 16
4 12 19
4 12 21
4 12 26
4 12 29
4 12 30
4 12 32
4 12 34
4 12 35
4 12 38
4 12 40
4 12 42
4 13 1
4 13 4
4 13 5
4 13 7
4 13 10
4 13 12
4 13 15
4 13 20
4 13 24
4 13 26
4 13 28
4 13 29
4 13 30
4 13 31
4 13 33
4 13 36
4 13 37
4 13 41
4 13 44
4 14 2
4 14 9
4 14 10
4 14 13
4 14 14
4 14 18
4 14 19
4 14 24
4 14 26
4 14 31
4 14 33
4 14 35
4 14 37
4 14 38
4 14 39
4 14 41
4 15 4
4 15 6
4 15 8
4 15 13
4 15 15
4 15 17
4 15 19
4 15 23
4 15 24
4 15 29
4 15 31
4 15 34
4 15 36
4 15 37
4 15 39
4 15 41
4 15 42
4 16 0
4 16 1
4 16 7
4 16 8
4 16 11
4 16 15
4 16 16
4 16 19
4 16 22
4 16 23
4 16 24
4 16 25
4 16 26
4 16 27
4 16 29
4 16 30
4 16 36
4 16 38
4 16 40
4 16 43
4 16 44
4 17 1
4 17 2
4 17 5
4 17 6
4 17 8
4 17 10
4 17 15
4 17 18
4 17 20
4 17 21
4 17 22
4 17 23
4 17 26
4 17 27
4 17 29
4 17 30
4 17 36
4 17 38
4 17 39
4 17 43
4 17 44
4 18 0
4 18 1
4 18 4
4 18 5
4 18 11
4 18 12
4 18 13
4 18 15
4 18 16
4 18 18
4 18 20
4 18 21
4 18 22
4 18 26
4 18 27
4 18 33
4 18 37
4 18 39
4 18 40
4 18 42
4 18 44
4 19 0
4 19 1
4 19 2
4 19 3
4 19 10
4 19 13
4 19 18
4 19 19
4 19 23
4 19 26
4 19 29
4 19 40
4 20 2
4 20 4
4 20 6
4 20 8
4 20 9
4 20 10
4 20 16
4 20 17
4 20 19
4 20 20
4 20 23
4 20 24
4 20 26
4 20 32
4 20 34
4 20 37
4 20 41
4 20 43
4 20 44
4 21 0
4 21 2
4 21 5
4 21 9
4 21 10
4 21 11
4 21 12
4 21 13
4 21 15
4 21 16
4 21 17
4 21 19
4 21 21
4 21 24
4 21 28
4 21 33
4 21 34
4 21 37
4 21 43
4 22 0
4 22 1
4 22 2
4 22 5
4 22 6
4 22 7
4 22 13
4 22 17
4 22 18
4 22 19
4 22 24
4 22 26
4 22 27
4 22 30
4 22 32
4 22 35
4 22 36
4 22 37
4 22 38
4 22 43
4 23 1
4 23 4
4 23 5
4 23 11
4 23 12
4 23 16
4 23 18
4 23 23
4 23 25
4 23 26
4 23 28
4 23 29
4 23 31
4 23 33
4 23 34
4 23 35
4 23 37
4 24 0
4 24 3
4 24 4
4 24 8
4 24 9
4 24 10
4 24 12
4 24 13
4 24 14
4 24 17
4 24 18
4 24 20
4 24 21
4 24 23
4 24 25
4 24 26
4 24 28
4 24 32
4 24 34
4 24 36
4 24 38
4 24 39
4 24 42
4 24 43
4 25 0
4 25 4
4 25 10
4 25 11
4 25 12
4 25 13
4 25 14
4 25 18
4 25 22
4 25 23
4 25 24
4 25 27
4 25 29
4 25 31
4 25 32
4 25 33
4 25 35
4 25 36
4 25 37
4 25 41
4 25 42
4 25 44
4 26 0
4 26 2
4 26 4
4 26 8
4 26 9
4 26 10
4 26 11
4 26 12
4 26 13
4 26 16
4 26 18
4 26 21
4 26 22
4 26 24
4 26 26
4 26 28
4 26 31
4 26 32
4 26 33
4 26 35
4 26 37
4 26 38
4 26 42
4 26 44
4 27 0
4 27 2
4 27 3
4 27 11
4 27 12
4 27 16
4 27 17
4 27 19
4 27 20
4 27 27
4 27 28
4 27 29
4 27 31
4 27 34
4 27 36
4 27 37
4 27 39
4 27 40
4 28 0
4 28 2
4 28 4
4 28 6
4 28 7
4 28 10
4 28 17
4 28 18
4 28 19
4 28 24
4 28 27
4 28 30
4 28 33
4 28 37
4 28 39
4 28 40
4 28 41
4 28 42
4 28 43
4 29 2
4 29 3
4 29 6
4 29 10
4 29 14
4 29 16
4 29 17
4 29 19
4 29 22
4 29 23
4 29 27
4 29 28
4 29 31
4 29 37
4 29 39
4 29 41
4 29 42
4 30 0
4 30 1
4 30 3
4 30 6
4 30 9
4 30 11
4 30 12
4 30 13
4 30 15
4 30 16
4 30 21
4 30 23
4 30 25
4 30 27
4 30 32
4 30 34
4 30 35
4 30 36
4 30 37
4 30 40
4 30 41
4 30 42
4 30 44
4 31 1
4 31 3
4 31 7
4 31 8
4 31 9
4 31 11
4 31 12
4 31 13
4 31 16
4 31 17
4 31 20
4 31 22
4 31 23
4 31 25
4 31 28
4 31 41
4 31 42
4 31 43
4 32 5
4 32 6
4 32 7
4 32 8
4 32 9
4 32 13
4 32 17
4 32 18
4 32 21
4 32 23
4 32 29
4 32 31
4 32 34
4 32 36
4 32 39
4 32 40
4 32 41
4 32 43
4 33 1
4 33 2
4 33 3
4 33 4
4 33 6
4 33 8
4 33 10
4 33 11
4 33 12
4 33 22
4 33 25
4 33 26
4 33 28
4 33 34
4 33 37
4 33 39
4 33 42
4 34 1
4 34 3
4 34 6
4 34 11
4 34 12
4 34 14
4 34 16
4 34 20
4 34 22
4 34 23
4 34 25
4 34 28
4 34 30
4 34 31
4 34 32
4 34 34
4 34 36
4 34 37
4 34 38
4 34 41
4 34 43
4 35 5
4 35 6
4 35 7
4 35 8
4 35 9
4 35 11
4 35 16
4 35 17
4 35 18
4 35 19
4 35 20
4 35 23
4 35 24
4 35 28
4 35 32
4 35 33
4 35 35
4 35 36
4 35 39
4 35 42
4 35 43
4 36 2
4 36 8
4 36 12
4 36 14
4 36 17
4 36 19
4 36 20
4 36 27
4 36 32
4 36 37
4 36 39
4 37 1
4 37 2
4 37 4
4 37 9
4 37 10
4 37 11
4 37 14
4 37 16
4 37 17
4 37 19
4 37 27
4 37 29
4 37 32
4 37 33
4 37 34
4 37 35
4 37 36
4 37 37
4 37 39
4 37 41
4 38 7
4 38 13
4 38 14
4 38 15
4 38 21
4 38 24
4 38 30
4 38 31
4 38 36
4 38 41
4 38 42
4 39 3
4 39 4
4 39 5
4 39 8
4 39 10
4 39 12
4 39 14
4 39 16
4 39 19
4 39 24
4 39 27
4 39 30
4 39 32
4 39 33
4 39 34
4 39 37
4 39 40
4 40 0
4 40 6
4 40 7
4 40 12
4 40 13
4 40 23
4 40 24
4 40 25
4 40 26
4 40 27
4 40 31
4 40 33
4 40 34
4 40 36
4 40 37
4 40 38
4 40 40
4 40 41
4 40 42
4 41 1
4 41 3
4 41 6
4 41 7
4 41 9
4 41 10
4 41 12
4 41 13
4 41 14
4 41 17
4 41 20
4 41 21
4 41 25
4 41 26
4 41 27
4 41 28
4 41 29
4 41 31
4 41 35
4 41 42
4 42 1
4 42 9
4 42 13
4 42 14
4 42 16
4 42 19
4 42 25
4 42 26
4 42 27
4 42 28
4 42 29
4 42 31
4 42 38
4 42 42
4 42 44
4 43 0
4 43 1
4 43 5
4 43 8
4 43 11
4 43 13
4 43 15
4 43 16
4 43 17
4 43 18
4 43 22
4 43 23
4 43 27
4 43 30
4 43 32
4 43 35
4 43 37
4 43 39
4 43 40
4 43 41
4 43 42
4 43 44
4 44 6
4 44 9
4 44 13
4 44 15
4 44 20
4 44 21
4 44 22
4 44 24
4 44 25
4 44 26
4 44 28
4 44 29
4 44 31
4 44 35
4 44 40
4 44 42
4 44 43
4 45 0
4 45 2
4 45 5
4 45 7
4 45 11
4 45 12
4 45 17
4 45 18
4 45 19
4 45 21
4 45 22
4 45 23
4 45 27
4 45 30
4 45 34
4 45 35
4 45 37
4 45 38
4 45 41
4 46 0
4 46 1
4 46 2
4 46 5
4 46 6
4 46 10
4 46 11
4 46 13
4 46 14
4 46 15
4 46 16
4 46 22
4 46 23
4 46 24
4 46 28
4 46 30
4 46 31
4 46 32
4 46 34
4 46 35
4 46 36
4 46 39
4 46 42
4 46 43
4 47 3
4 47 4
4 47 12
4 47 16
4 47 17
4 47 19
4 47 22
4 47 24
4 47 29
4 47 30
4 47 31
4 47 36
4 47 42
4 48 5
4 48 6
4 48 10
4 48 14
4 48 18
4 48 19
4 48 20
4 48 24
4 48 25
4 48 26
4 48 32
4 48 34
4 48 38
4 48 42
4 48 43
4 48 44
4 49 4
4 49 11
4 49 12
4 49 13
4 49 16
4 49 17
4 49 24
4 49 32
4 49 35
4 49 36
4 49 38
4 49 39
4 49 41
4 49 44
4 50 0
4 50 3
4 50 6
4 50 9
4 50 12
4 50 13
4 50 14
4 50 15
4 50 16
4 50 17
4 50 20
4 50 21
4 50 25
4 50 26
4 50 27
4 50 28
4 50 32
4 50 34
4 50 39
4 50 40
4 51 4
4 51 5
4 51 6
4 51 7
4 51 12
4 51 21
4 51 25
4 51 30
4 51 39
4 51 40
4 51 41
4 51 43
4 51 44
4 52 0
4 52 3
4 52 4
4 52 7
4 52 8
4 52 9
4 52 11
4 52 12
4 52 14
4 52 15
4 52 16
4 52 20
4 52 26
4 52 28
4 52 29
4 52 32
4 52 33
4 52 37
4 52 38
4 52 42
4 52 43
4 53 6
4 53 8
4 53 9
4 53 11
4 53 15
4 53 16
4 53 17
4 53 21
4 53 25
4 53 26
4 53 27
4 53 29
4 53 30
4 53 32
4 53 35
4 53 36
4 53 37
4 54 2
4 54 3
4 54 8
4 54 10
4 54 13
4 54 14
4 54 21
4 54 22
4 54 25
4 54 29
4 54 37
4 54 42
4 55 2
4 55 4
4 55 5
4 55 6
4 55 7
4 55 8
4 55 13
4 55 15
4 55 16
4 55 17
4 55 19
4 55 22
4 55 24
4 55 26
4 55 28
4 55 29
4 55 30
4 55 31
4 55 33
4 55 35
4 55 36
4 55 38
4 55 39
4 55 40
4 55 41
4 56 0
4 56 5
4 56 6
4 56 8
4 56 18
4 56 19
4 56 20
4 56 22
4 56 23
4 56 24
4 56 26
4 56 27
4 56 33
4 56 34
4 56 38
4 56 41
4 56 42
4 56 44
4 57 8
4 57 14
4 57 17
4 57 19
4 57 21
4 57 23
4 57 24
4 57 26
4 57 28
4 57 30
4 57 31
4 57 32
4 57 36
4 57 40
4 57 41
4 57 44
4 58 3
4 58 9
4 58 20
4 58 25
4 58 29
4 58 30
4 58 32
4 58 37
4 58 40
4 58 44
4 59 1
4 59 2
4 59 3
4 59 7
4 59 8
4 59 13
4 59 15
4 59 18
4 59 22
4 59 23
4 59 24
4 59 25
4 59 26
4 59 28
4 59 29
4 59 30
4 59 31
4 59 32
4 59 34
4 59 35
4 59 38
4 59 39
4 59 40
4 59 41
4 59 42
4 59 44
4 60 1
4 60 3
4 60 4
4 60 6
4 60 9
4 60 13
4 60 14
4 60 17
4 60 18
4 60 22
4 60 23
4 60 25
4 60 29
4 60 30
4 60 33
4 60 34
4 60 37
4 60 39
4 60 41
4 61 0
4 61 1
4 61 2
4 61 3
4 61 4
4 61 12
4 61 14
4 61 16
4 61 17
4 61 23
4 61 24
4 61 26
4 61 28
4 61 31
4 61 35
4 61 39
4 61 43
4 62 1
4 62 5
4 62 7
4 62 8
4 62 9
4 62 10
4 62 12
4 62 13
4 62 14
4 62 15
4 62 16
4 62 17
4 62 18
4 62 22
4 62 24
4 62 29
4 62 30
4 62 33
4 62 34
4 62 35
4 62 36
4 62 37
4 62 38
4 62 39
4 62 40
4 62 41
4 63 0
4 63 3
4 63 4
4 63 6
4 63 7
4 63 8
4 63 10
4 63 13
4 63 15
4 63 17
4 63 19
4 63 20
4 63 22
4 63 25
4 63 28
4 63 29
4 63 31
4 63 32
4 63 38
4 63 39
4 63 41
4 64 1
4 64 3
4 64 6
4 64 8
4 64 13
4 64 15
4 64 19
4 64 21
4 64 22
4 64 26
4 64 30
4 64 33
4 64 34
4 64 35
4 64 38
4 64 39
4 64 40
4 64 42
4 64 43
4 65 4
4 65 5
4 65 6
4 65 7
4 65 8
4 65 9
4 65 10
4 65 11
4 65 12
4 65 13
4 65 14
4 65 15
4 65 17
4 65 18
4 65 22
4 65 25
4 65 33
4 65 34
4 65 38
4 65 41
4 65 42
4 65 44
4 66 1
4 66 2
4 66 4
4 66 11
4 66 13
4 66 15
4 66 16
4 66 17
4 66 19
4 66 21
4 66 24
4 66 27
4 66 28
4 66 29
4 66 31
4 66 32
4 66 38
4 66 42
4 66 43
4 67 5
4 67 6
4 67 8
4 67 10
4 67 11
4 67 12
4 67 14
4 67 16
4 67 17
4 67 19
4 67 22
4 67 26
4 67 31
4 67 32
4 67 33
4 67 36
4 67 38
4 67 40
4 68 6
4 68 8
4 68 9
4 68 10
4 68 11
4 68 13
4 68 15
4 68 16
4 68 18
4 68 19
4 68 21
4 68 22
4 68 26
4 68 27
4 68 29
4 68 30
4 68 33
4 68 35
4 68 41
4 69 1
4 69 3
4 69 4
4 69 6
4 69 7
4 69 9
4 69 11
4 69 12
4 69 16
4 69 17
4 69 18
4 69 21
4 69 22
4 69 24
4 69 28
4 69 30
4 69 32
4 69 33
4 69 36
4 69 38
4 69 39
4 69 41
4 69 42
4 69 43
4 69 44
4 70 1
4 70 2
4 70 3
4 70 4
4 70 5
4 70 6
4 70 7
4 70 13
4 70 15
4 70 24
4 70 26
4 70 29
4 70 31
4 70 33
4 70 35
4 70 39
4 70 41
4 71 0
4 71 4
4 71 6
4 71 7
4 71 8
4 71 9
4 71 13
4 71 19
4 71 21
4 71 23
4 71 24
4 71 26
4 71 29
4 71 31
4 71 32
4 71 33
4 71 36
4 71 37
4 71 38
4 71 40
4 71 42
4 72 5
4 72 10
4 72 13
4 72 16
4 72 21
4 72 22
4 72 23
4 72 24
4 72 26
4 72 27
4 72 29
4 72 30
4 72 39
4 72 44
4 73 0
4 73 1
4 73 2
4 73 3
4 73 4
4 73 8
4 73 10
4 73 13
4 73 18
4 73 19
4 73 20
4 73 21
4 73 23
4 73 25
4 73 28
4 73 34
4 73 35
4 73 38
4 73 42
4 73 44