472
6
94 43 19 31 28 25
3382

629 50 514 0 293 399 804 382 0 555 317 418 409 0 830 925 267 639 31 304 0 895 347 0 774 152 645 474 0 333 204 717 129 908 62 0 455 0 122 0 6 647 43 729 559 588 678 0 119 964 0 326 972 582 313 81 0 0 535 739 0 615 714 36 347 0 453 68 0 183 66 0 772 0 909 0 632 776 651 325 489 873 0 779 630 504 574 466 0 293 450 34 176 0
207 738 0 0 0 903 291 0 790 0 706 187 0 43 682 32 0 625 953 513 79 471 0 596 516 28 295 28 245 0 0 731 283 0 0 284 23 101 247 0 194 548 0
113 826 580 949 506 619 139 168 0 979 991 391 0 0 941 143 631 507 434
945 0 0 888 0 0 783 946 885 0 193 472 186 509 634 0 0 958 832 0 10 855 62 298 0 0 570 930 107 311 0
0 347 971 0 797 32 556 0 255 0 0 227 0 552 876 0 0 414 492 14 194 584 549 142 475 519 568 608
629 169 551 107 0 0 31 658 954 0 885 133 407 9 0 277 0 42 697 246 114 0 732 350 0

0 0 6
0 0 8
0 0 9
0 0 10
0 0 11
0 0 12
0 0 14
0 0 15
0 0 16
0 0 24
0 0 25
0 0 28
0 0 31
0 0 32
0 0 35
0 0 41
0 0 42
0 1 2
0 1 4
0 1 6
0 1 7
0 1 9
0 1 11
0 1 14
0 1 19
0 1 20
0 1 23
0 1 26
0 1 29
0 1 30
0 1 32
0 1 34
0 1 35
0 1 38
0 1 39
0 1 40
0 1 41
0 2 0
0 2 1
0 2 4
0 2 6
0 2 9
0 2 11
0 2 16
0 2 18
0 2 19
0 2 27
0 2 29
0 2 30
0 2 32
0 2 33
0 2 35
0 2 36
0 2 37
0 2 38
0 3 2
0 3 4
0 3 5
0 3 7
0 3 8
0 3 9
0 3 10
0 3 12
0 3 13
0 3 18
0 3 20
0 3 24
0 3 25
0 3 26
0 3 27
0 3 29
0 3 30
0 3 31
0 3 33
0 3 36
0 3 37
0 3 38
0 3 41
0 3 42
0 4 2
0 4 3
0 4 5
0 4 10
0 4 12
0 4 14
0 4 15
0 4 18
0 4 20
0 4 23
0 4 29
0 4 33
0 4 35
0 4 39
0 4 40
0 4 41
0 4 42
0 5 1
0 5 2
0 5 8
0 5 10
0 5 12
0 5 13
0 5 14
0 5 15
0 5 17
0 5 18
0 5 20
0 5 21
0 5 26
0 5 28
0 5 29
0 5 41
0 6 2
0 6 4
0 6 5
0 6 8
0 6 9
0 6 14
0 6 16
0 6 17
0 6 18
0 6 19
0 6 21
0 6 22
0 6 24
0 6 25
0 6 29
0 6 34
0 6 36
0 6 39
0 6 40
0 7 1
0 7 2
0 7 7
0 7 8
0 7 10
0 7 13
0 7 14
0 7 16
0 7 18
0 7 22
0 7 25
0 7 27
0 7 32
0 7 34
0 7 36
0 7 38
0 7 39
0 7 41
0 7 42
0 8 3
0 8 9
0 8 12
0 8 17
0 8 18
0 8 21
0 8 23
0 8 24
0 8 25
0 8 26
0 8 29
0 8 32
0 8 33
0 8 35
0 8 37
0 8 38
0 8 41
0 9 1
0 9 4
0 9 6
0 9 7
0 9 8
0 9 10
0 9 13
0 9 14
0 9 15
0 9 16
0 9 20
0 9 22
0 9 23
0 9 24
0 9 26
0 9 27
0 9 30
0 9 32
0 9 33
0 9 36
0 9 39
0 9 40
0 9 41
0 9 42
0 10 1
0 10 2
0 10 6
0 10 7
0 10 12
0 10 14
0 10 15
0 10 16
0 10 17
0 10 19
0 10 21
0 10 23
0 10 24
0 10 30
0 10 31
0 10 35
0 10 37
0 10 38
0 10 39
0 10 40
0 10 41
0 11 1
0 11 3
0 11 5
0 11 6
0 11 12
0 11 13
0 11 17
0 11 19
0 11 21
0 11 22
0 11 26
0 11 27
0 11 29
0 11 35
0 11 37
0 11 38
0 11 39
0 11 40
0 11 41
0 12 0
0 12 4
0 12 7
0 12 9
0 12 10
0 12 13
0 12 15
0 12 16
0 12 19
0 12 20
0 12 23
0 12 25
0 12 26
0 12 27
0 12 29
0 12 30
0 12 31
0 12 33
0 12 35
0 12 37
0 12 39
0 12 41
0 13 3
0 13 4
0 13 7
0 13 8
0 13 9
0 13 10
0 13 11
0 13 12
0 13 13
0 13 15
0 13 16
0 13 22
0 13 23
0 13 24
0 13 25
0 13 29
0 13 30
0 13 32
0 13 33
0 13 37
0 13 39
0 13 41
0 13 42
0 14 1
0 14 3
0 14 5
0 14 6
0 14 7
0 14 9
0 14 10
0 14 11
0 14 12
0 14 14
0 14 16
0 14 17
0 14 18
0 14 19
0 14 20
0 14 21
0 14 23
0 14 26
0 14 27
0 14 30
0 14 33
0 14 35
0 14 37
0 14 38
0 14 39
0 14 40
0 14 41
0 15 0
0 15 1
0 15 3
0 15 4
0 15 6
0 15 9
0 15 12
0 15 13
0 15 16
0 15 17
0 15 18
0 15 22
0 15 24
0 15 25
0 15 28
0 15 29
0 15 31
0 15 32
0 15 34
0 15 38
0 15 41
0 16 1
0 16 3
0 16 6
0 16 7
0 16 8
0 16 9
0 16 12
0 16 13
0 16 14
0 16 15
0 16 18
0 16 19
0 16 21
0 16 23
0 16 24
0 16 26
0 16 27
0 16 30
0 16 31
0 16 32
0 16 33
0 16 36
0 16 38
0 16 39
0 16 41
0 16 42
0 17 1
0 17 3
0 17 5
0 17 7
0 17 9
0 17 13
0 17 14
0 17 15
0 17 16
0 17 19
0 17 21
0 17 22
0 17 23
0 17 24
0 17 26
0 17 29
0 17 30
0 17 34
0 17 36
0 17 38
0 17 40
0 18 0
0 18 1
0 18 3
0 18 5
0 18 9
0 18 15
0 18 16
0 18 17
0 18 18
0 18 20
0 18 21
0 18 23
0 18 28
0 18 32
0 18 33
0 18 40
0 18 42
0 19 5
0 19 9
0 19 13
0 19 17
0 19 18
0 19 19
0 19 22
0 19 24
0 19 29
0 19 34
0 19 35
0 19 36
0 19 37
0 19 38
0 20 0
0 20 2
0 20 3
0 20 6
0 20 8
0 20 13
0 20 14
0 20 16
0 20 17
0 20 18
0 20 21
0 20 22
0 20 24
0 20 25
0 20 26
0 20 30
0 20 31
0 20 34
0 20 35
0 20 36
0 20 40
0 21 2
0 21 6
0 21 7
0 21 8
0 21 9
0 21 10
0 21 14
0 21 20
0 21 21
0 21 25
0 21 28
0 21 32
0 21 33
0 21 34
0 21 35
0 21 37
0 21 39
0 22 0
0 22 3
0 22 4
0 22 5
0 22 6
0 22 7
0 22 9
0 22 10
0 22 11
0 22 12
0 22 14
0 22 18
0 22 20
0 22 21
0 22 23
0 22 25
0 22 26
0 22 27
0 22 29
0 22 30
0 22 32
0 22 35
0 22 38
0 22 39
0 22 40
0 23 0
0 23 1
0 23 4
0 23 5
0 23 7
0 23 8
0 23 9
0 23 11
0 23 14
0 23 18
0 23 20
0 23 25
0 23 26
0 23 27
0 23 30
0 23 32
0 23 34
0 24 1
0 24 4
0 24 6
0 24 8
0 24 11
0 24 14
0 24 15
0 24 16
0 24 17
0 24 21
0 24 22
0 24 24
0 24 26
0 24 29
0 24 34
0 24 36
0 24 37
0 24 38
0 24 41
0 24 42
0 25 4
0 25 5
0 25 6
0 25 9
0 25 12
0 25 14
0 25 18
0 25 20
0 25 21
0 25 23
0 25 24
0 25 25
0 25 27
0 25 28
0 25 29
0 25 30
0 25 31
0 25 33
0 25 35
0 25 36
0 25 37
0 25 38
0 25 40
0 25 41
0 26 1
0 26 3
0 26 6
0 26 7
0 26 9
0 26 11
0 26 13
0 26 17
0 26 18
0 26 20
0 26 21
0 26 22
0 26 23
0 26 24
0 26 26
0 26 27
0 26 32
0 26 34
0 26 40
0 26 41
0 26 42
0 27 2
0 27 3
0 27 5
0 27 6
0 27 8
0 27 9
0 27 12
0 27 13
0 27 15
0 27 17
0 27 22
0 27 24
0 27 29
0 27 30
0 27 31
0 27 32
0 27 33
0 27 34
0 27 37
0 27 41
0 27 42
0 28 0
0 28 1
0 28 5
0 28 6
0 28 12
0 28 13
0 28 14
0 28 16
0 28 17
0 28 22
0 28 23
0 28 31
0 28 32
0 28 34
0 28 39
0 28 42
0 29 0
0 29 2
0 29 3
0 29 4
0 29 5
0 29 12
0 29 14
0 29 16
0 29 17
0 29 19
0 29 20
0 29 21
0 29 22
0 29 23
0 29 25
0 29 29
0 29 31
0 29 32
0 29 36
0 29 39
0 29 40
0 29 42
0 30 4
0 30 6
0 30 7
0 30 11
0 30 12
0 30 14
0 30 15
0 30 17
0 30 19
0 30 21
0 30 23
0 30 25
0 30 26
0 30 27
0 30 30
0 30 31
0 30 32
0 30 40
0 30 41
0 31 0
0 31 1
0 31 3
0 31 4
0 31 5
0 31 6
0 31 10
0 31 12
0 31 13
0 31 14
0 31 18
0 31 24
0 31 25
0 31 26
0 31 28
0 31 34
0 31 35
0 31 39
0 31 41
0 31 42
0 32 2
0 32 3
0 32 4
0 32 6
0 32 7
0 32 9
0 32 10
0 32 11
0 32 12
0 32 17
0 32 19
0 32 21
0 32 22
0 32 23
0 32 24
0 32 25
0 32 30
0 32 31
0 32 36
0 32 38
0 32 40
0 32 42
0 33 1
0 33 2
0 33 4
0 33 6
0 33 8
0 33 10
0 33 12
0 33 16
0 33 17
0 33 18
0 33 19
0 33 20
0 33 24
0 33 27
0 33 29
0 33 30
0 33 37
0 33 39
0 33 40
0 33 42
0 34 0
0 34 1
0 34 3
0 34 4
0 34 8
0 34 10
0 34 11
0 34 15
0 34 18
0 34 20
0 34 21
0 34 23
0 34 24
0 34 25
0 34 28
0 34 29
0 34 31
0 34 32
0 34 33
0 34 34
0 34 36
0 34 38
0 35 1
0 35 3
0 35 4
0 35 5
0 35 8
0 35 13
0 35 14
0 35 17
0 35 20
0 35 22
0 35 25
0 35 26
0 35 27
0 35 28
0 35 29
0 35 30
0 35 31
0 35 32
0 35 35
0 35 36
0 35 37
0 35 39
0 35 42
0 36 0
0 36 5
0 36 7
0 36 8
0 36 12
0 36 13
0 36 15
0 36 16
0 36 18
0 36 20
0 36 22
0 36 24
0 36 26
0 36 31
0 36 32
0 36 34
0 36 36
0 37 0
0 37 2
0 37 6
0 37 9
0 37 10
0 37 13
0 37 16
0 37 20
0 37 26
0 37 28
0 37 29
0 37 32
0 37 34
0 37 36
0 37 38
0 37 42
0 38 0
0 38 1
0 38 3
0 38 4
0 38 8
0 38 10
0 38 13
0 38 16
0 38 17
0 38 21
0 38 25
0 38 30
0 38 33
0 38 34
0 38 35
0 38 37
0 38 38
0 38 40
0 38 41
0 39 1
0 39 2
0 39 3
0 39 4
0 39 6
0 39 9
0 39 11
0 39 12
0 39 14
0 39 16
0 39 22
0 39 23
0 39 24
0 39 26
0 39 27
0 39 31
0 39 37
0 39 38
0 39 39
0 39 42
0 40 0
0 40 1
0 40 3
0 40 4
0 40 5
0 40 6
0 40 7
0 40 9
0 40 14
0 40 16
0 40 17
0 40 19
0 40 20
0 40 21
0 40 22
0 40 24
0 40 26
0 40 27
0 40 28
0 40 30
0 40 31
0 40 32
0 40 39
0 40 40
0 40 42
0 41 4
0 41 6
0 41 11
0 41 12
0 41 13
0 41 14
0 41 16
0 41 17
0 41 18
0 41 20
0 41 24
0 41 25
0 41 29
0 41 30
0 41 33
0 41 35
0 41 37
0 41 38
0 41 41
0 42 1
0 42 3
0 42 4
0 42 5
0 42 11
0 42 12
0 42 13
0 42 17
0 42 22
0 42 25
0 42 26
0 42 34
0 42 36
0 42 38
0 42 39
0 42 40
0 42 41
0 43 1
0 43 3
0 43 5
0 43 7
0 43 8
0 43 9
0 43 10
0 43 11
0 43 16
0 43 18
0 43 23
0 43 24
0 43 26
0 43 27
0 43 29
0 43 31
0 43 34
0 43 36
0 43 37
0 43 38
0 43 39
0 43 40
0 44 3
0 44 5
0 44 9
0 44 10
0 44 11
0 44 13
0 44 14
0 44 16
0 44 17
0 44 18
0 44 19
0 44 21
0 44 23
0 44 27
0 44 30
0 44 32
0 44 37
0 44 39
0 44 41
0 44 42
0 45 0
0 45 1
0 45 2
0 45 5
0 45 6
0 45 9
0 45 11
0 45 12
0 45 13
0 45 14
0 45 15
0 45 17
0 45 24
0 45 26
0 45 27
0 45 28
0 45 29
0 45 30
0 45 37
0 45 38
0 46 1
0 46 4
0 46 5
0 46 7
0 46 12
0 46 13
0 46 14
0 46 15
0 46 17
0 46 18
0 46 20
0 46 23
0 46 24
0 46 25
0 46 27
0 46 28
0 46 30
0 46 33
0 46 35
0 46 37
0 46 39
0 46 40
0 47 2
0 47 5
0 47 8
0 47 9
0 47 10
0 47 11
0 47 13
0 47 14
0 47 15
0 47 16
0 47 17
0 47 18
0 47 19
0 47 20
0 47 22
0 47 25
0 47 27
0 47 28
0 47 29
0 47 31
0 47 32
0 47 34
0 47 40
0 47 42
0 48 0
0 48 2
0 48 3
0 48 5
0 48 6
0 48 8
0 48 10
0 48 11
0 48 14
0 48 15
0 48 16
0 48 18
0 48 19
0 48 21
0 48 22
0 48 26
0 48 27
0 48 28
0 48 29
0 48 30
0 48 33
0 48 34
0 48 35
0 48 36
0 48 38
0 48 41
0 48 42
0 49 1
0 49 5
0 49 6
0 49 8
0 49 10
0 49 11
0 49 12
0 49 13
0 49 14
0 49 18
0 49 19
0 49 22
0 49 30
0 49 31
0 49 32
0 49 35
0 49 39
0 49 40
0 49 42
0 50 0
0 50 2
0 50 6
0 50 8
0 50 9
0 50 10
0 50 12
0 50 13
0 50 14
0 50 19
0 50 20
0 50 21
0 50 25
0 50 27
0 50 28
0 50 31
0 50 33
0 50 35
0 50 37
0 50 40
0 50 41
0 51 0
0 51 2
0 51 3
0 51 7
0 51 8
0 51 9
0 51 10
0 51 12
0 51 14
0 51 15
0 51 16
0 51 23
0 51 24
0 51 25
0 51 26
0 51 28
0 51 29
0 51 30
0 51 35
0 51 36
0 51 37
0 51 39
0 51 41
0 52 0
0 52 1
0 52 2
0 52 5
0 52 7
0 52 17
0 52 18
0 52 20
0 52 22
0 52 28
0 52 29
0 52 30
0 52 31
0 52 32
0 52 35
0 52 36
0 52 37
0 52 38
0 52 40
0 52 42
0 53 0
0 53 1
0 53 3
0 53 4
0 53 7
0 53 9
0 53 12
0 53 14
0 53 17
0 53 21
0 53 23
0 53 27
0 53 28
0 53 29
0 53 31
0 53 34
0 53 35
0 53 38
0 53 39
0 53 42
0 54 1
0 54 6
0 54 7
0 54 8
0 54 9
0 54 11
0 54 13
0 54 14
0 54 19
0 54 20
0 54 21
0 54 22
0 54 24
0 54 25
0 54 27
0 54 28
0 54 31
0 54 32
0 54 37
0 54 39
0 54 40
0 54 41
0 54 42
0 55 1
0 55 3
0 55 4
0 55 6
0 55 7
0 55 9
0 55 10
0 55 11
0 55 14
0 55 17
0 55 18
0 55 20
0 55 21
0 55 22
0 55 24
0 55 25
0 55 27
0 55 29
0 55 32
0 55 34
0 55 35
0 55 37
0 55 38
0 55 40
0 55 41
0 56 0
0 56 1
0 56 2
0 56 3
0 56 4
0 56 5
0 56 7
0 56 10
0 56 13
0 56 17
0 56 18
0 56 20
0 56 22
0 56 24
0 56 25
0 56 26
0 56 28
0 56 30
0 56 36
0 56 37
0 56 39
0 56 40
0 56 41
0 57 0
0 57 2
0 57 4
0 57 6
0 57 7
0 57 12
0 57 14
0 57 16
0 57 18
0 57 19
0 57 20
0 57 21
0 57 24
0 57 25
0 57 26
0 57 27
0 57 28
0 57 30
0 57 31
0 57 32
0 57 35
0 57 37
0 57 38
0 57 40
0 57 41
0 58 0
0 58 1
0 58 2
0 58 3
0 58 5
0 58 6
0 58 7
0 58 9
0 58 13
0 58 16
0 58 20
0 58 21
0 58 23
0 58 24
0 58 26
0 58 28
0 58 30
0 58 31
0 58 32
0 58 38
0 58 39
0 58 40
0 58 42
0 59 3
0 59 6
0 59 8
0 59 11
0 59 12
0 59 16
0 59 17
0 59 20
0 59 22
0 59 23
0 59 27
0 59 28
0 59 29
0 59 30
0 59 31
0 59 32
0 59 42
0 60 0
0 60 3
0 60 5
0 60 7
0 60 11
0 60 12
0 60 17
0 60 20
0 60 21
0 60 22
0 60 23
0 60 26
0 60 27
0 60 28
0 60 29
0 60 30
0 60 33
0 60 39
0 60 41
0 61 0
0 61 1
0 61 2
0 61 3
0 61 4
0 61 5
0 61 7
0 61 10
0 61 13
0 61 16
0 61 20
0 61 21
0 61 24
0 61 25
0 61 27
0 61 28
0 61 30
0 61 31
0 61 32
0 61 35
0 61 42
0 62 0
0 62 2
0 62 8
0 62 12
0 62 15
0 62 17
0 62 19
0 62 20
0 62 23
0 62 24
0 62 25
0 62 31
0 62 32
0 62 36
0 62 37
0 62 40
0 62 41
0 62 42
0 63 0
0 63 2
0 63 3
0 63 4
0 63 5
0 63 6
0 63 7
0 63 8
0 63 10
0 63 14
0 63 16
0 63 17
0 63 18
0 63 20
0 63 23
0 63 26
0 63 28
0 63 30
0 63 31
0 63 34
0 63 37
0 63 40
0 63 42
0 64 0
0 64 1
0 64 3
0 64 4
0 64 9
0 64 11
0 64 13
0 64 15
0 64 19
0 64 20
0 64 22
0 64 26
0 64 28
0 64 32
0 64 35
0 64 37
0 64 41
0 64 42
0 65 2
0 65 3
0 65 4
0 65 5
0 65 6
0 65 11
0 65 12
0 65 14
0 65 15
0 65 16
0 65 17
0 65 18
0 65 19
0 65 21
0 65 22
0 65 25
0 65 26
0 65 28
0 65 32
0 65 33
0 65 34
0 65 41
0 65 42
0 66 4
0 66 5
0 66 11
0 66 14
0 66 15
0 66 16
0 66 17
0 66 18
0 66 20
0 66 21
0 66 27
0 66 30
0 66 35
0 66 39
0 66 40
0 66 41
0 67 3
0 67 4
0 67 6
0 67 8
0 67 11
0 67 13
0 67 15
0 67 17
0 67 21
0 67 23
0 67 24
0 67 27
0 67 29
0 67 30
0 67 31
0 67 32
0 67 34
0 68 0
0 68 2
0 68 3
0 68 4
0 68 9
0 68 10
0 68 11
0 68 13
0 68 17
0 68 20
0 68 21
0 68 22
0 68 23
0 68 25
0 68 27
0 68 29
0 68 31
0 68 33
0 68 34
0 68 36
0 68 39
0 68 41
0 68 42
0 69 0
0 69 3
0 69 4
0 69 5
0 69 6
0 69 7
0 69 9
0 69 11
0 69 14
0 69 17
0 69 21
0 69 22
0 69 25
0 69 26
0 69 29
0 69 30
0 69 31
0 69 35
0 69 36
0 69 37
0 69 38
0 69 39
0 70 1
0 70 2
0 70 3
0 70 4
0 70 6
0 70 11
0 70 12
0 70 14
0 70 15
0 70 17
0 70 18
0 70 19
0 70 20
0 70 26
0 70 27
0 70 30
0 70 31
0 70 32
0 70 34
0 70 36
0 70 37
0 70 38
0 70 39
0 70 42
0 71 2
0 71 3
0 71 6
0 71 7
0 71 10
0 71 11
0 71 14
0 71 16
0 71 18
0 71 19
0 71 24
0 71 28
0 71 29
0 71 31
0 71 33
0 71 34
0 71 35
0 71 36
0 71 37
0 71 38
0 71 39
0 71 40
0 71 41
0 71 42
0 72 0
0 72 4
0 72 5
0 72 6
0 72 10
0 72 11
0 72 15
0 72 18
0 72 19
0 72 23
0 72 25
0 72 27
0 72 31
0 72 34
0 72 37
0 72 40
0 73 0
0 73 3
0 73 5
0 73 9
0 73 10
0 73 11
0 73 13
0 73 14
0 73 15
0 73 20
0 73 23
0 73 24
0 73 25
0 73 29
0 73 30
0 73 32
0 73 33
0 73 34
0 73 35
0 73 38
0 73 40
0 74 2
0 74 4
0 74 5
0 74 6
0 74 10
0 74 11
0 74 15
0 74 16
0 74 20
0 74 21
0 74 23
0 74 28
0 74 31
0 74 32
0 74 34
0 74 36
0 74 39
0 74 41
0 75 5
0 75 6
0 75 7
0 75 10
0 75 11
0 75 14
0 75 17
0 75 18
0 75 20
0 75 21
0 75 22
0 75 25
0 75 26
0 75 27
0 75 28
0 75 29
0 75 33
0 75 34
0 75 35
0 75 36
0 75 39
0 76 0
0 76 1
0 76 3
0 76 4
0 76 6
0 76 11
0 76 14
0 76 15
0 76 16
0 76 17
0 76 18
0 76 21
0 76 22
0 76 23
0 76 24
0 76 25
0 76 28
0 76 32
0 76 33
0 76 34
0 76 36
0 76 37
0 76 42
0 77 1
0 77 2
0 77 4
0 77 5
0 77 10
0 77 11
0 77 13
0 77 15
0 77 16
0 77 21
0 77 23
0 77 25
0 77 27
0 77 33
0 78 0
0 78 2
0 78 8
0 78 10
0 78 11
0 78 12
0 78 13
0 78 15
0 78 17
0 78 18
0 78 20
0 78 21
0 78 24
0 78 26
0 78 29
0 78 31
0 78 32
0 78 33
0 78 35
0 78 38
0 78 39
0 78 42
0 79 0
0 79 2
0 79 9
0 79 10
0 79 11
0 79 13
0 79 14
0 79 16
0 79 20
0 79 27
0 79 29
0 79 30
0 79 33
0 79 35
0 79 39
0 79 40
0 79 41
0 79 42
0 80 3
0 80 7
0 80 9
0 80 10
0 80 11
0 80 12
0 80 13
0 80 15
0 80 16
0 80 18
0 80 23
0 80 24
0 80 25
0 80 29
0 80 30
0 80 33
0 80 36
0 80 37
0 80 40
0 80 41
0 80 42
0 81 0
0 81 10
0 81 12
0 81 13
0 81 21
0 81 22
0 81 24
0 81 25
0 81 26
0 81 30
0 81 31
0 81 33
0 81 34
0 81 35
0 81 39
0 81 40
0 82 0
0 82 1
0 82 4
0 82 7
0 82 8
0 82 9
0 82 10
0 82 11
0 82 12
0 82 15
0 82 18
0 82 19
0 82 25
0 82 26
0 82 27
0 82 28
0 82 31
0 82 32
0 82 33
0 82 35
0 82 38
0 82 40
0 82 41
0 83 1
0 83 3
0 83 4
0 83 11
0 83 12
0 83 13
0 83 16
0 83 19
0 83 20
0 83 21
0 83 22
0 83 24
0 83 26
0 83 28
0 83 29
0 83 30
0 83 36
0 83 38
0 83 40
0 83 41
0 84 3
0 84 5
0 84 6
0 84 12
0 84 15
0 84 17
0 84 20
0 84 21
0 84 22
0 84 24
0 84 27
0 84 31
0 84 32
0 84 33
0 84 36
0 84 38
0 84 39
0 84 40
0 84 42
0 85 3
0 85 12
0 85 13
0 85 16
0 85 18
0 85 19
0 85 20
0 85 22
0 85 26
0 85 29
0 85 30
0 85 36
0 85 38
0 85 39
0 85 41
0 86 5
0 86 7
0 86 8
0 86 9
0 86 11
0 86 12
0 86 14
0 86 15
0 86 16
0 86 19
0 86 21
0 86 22
0 86 24
0 86 25
0 86 31
0 86 36
0 87 0
0 87 4
0 87 5
0 87 6
0 87 7
0 87 8
0 87 9
0 87 11
0 87 19
0 87 21
0 87 22
0 87 23
0 87 25
0 87 31
0 87 34
0 87 37
0 87 39
0 87 42
0 88 0
0 88 2
0 88 3
0 88 5
0 88 6
0 88 10
0 88 15
0 88 16
0 88 17
0 88 18
0 88 23
0 88 27
0 88 28
0 88 29
0 88 30
0 88 31
0 88 32
0 88 33
0 88 34
0 88 35
0 88 37
0 88 38
0 88 39
0 88 40
0 89 1
0 89 3
0 89 5
0 89 9
0 89 12
0 89 13
0 89 17
0 89 23
0 89 28
0 89 30
0 89 31
0 89 32
0 89 33
0 89 37
0 89 40
0 89 41
0 89 42
0 90 0
0 90 3
0 90 6
0 90 7
0 90 8
0 90 10
0 90 12
0 90 15
0 90 16
0 90 18
0 90 20
0 90 23
0 90 24
0 90 30
0 90 31
0 90 34
0 90 37
0 90 42
0 91 4
0 91 10
0 91 11
0 91 13
0 91 15
0 91 19
0 91 20
0 91 24
0 91 27
0 91 29
0 91 31
0 91 32
0 91 33
0 91 35
0 91 36
0 91 37
0 91 39
0 91 40
0 91 41
0 92 0
0 92 2
0 92 4
0 92 5
0 92 8
0 92 11
0 92 12
0 92 13
0 92 14
0 92 15
0 92 16
0 92 18
0 92 19
0 92 21
0 92 23
0 92 25
0 92 26
0 92 27
0 92 28
0 92 30
0 92 31
0 92 32
0 92 34
0 92 39
0 92 42
0 93 2
0 93 3
0 93 4
0 93 5
0 93 6
0 93 7
0 93 8
0 93 10
0 93 11
0 93 13
0 93 16
0 93 20
0 93 21
0 93 22
0 93 23
0 93 26
0 93 27
0 93 28
0 93 29
0 93 31
0 93 34
0 93 42
1 0 1
1 0 2
1 0 3
1 0 4
1 0 6
1 0 8
1 0 11
1 0 14
1 0 17
1 0 18
1 1 2
1 1 3
1 1 9
1 1 10
1 1 12
1 1 13
1 1 14
1 1 15
1 1 16
1 2 2
1 2 3
1 2 4
1 2 5
1 2 6
1 2 7
1 2 8
1 2 11
1 2 12
1 2 13
1 2 15
1 2 16
1 2 18
1 3 0
1 3 1
1 3 4
1 3 8
1 3 9
1 3 10
1 3 13
1 3 16
1 3 17
1 3 18
1 4 2
1 4 3
1 4 9
1 4 11
1 4 12
1 4 16
1 4 17
1 4 18
1 5 0
1 5 1
1 5 2
1 5 3
1 5 4
1 5 6
1 5 7
1 5 9
1 5 11
1 5 13
1 5 14
1 5 16
1 5 17
1 5 18
1 6 0
1 6 4
1 6 5
1 6 6
1 6 7
1 6 8
1 6 9
1 6 11
1 6 12
1 6 14
1 6 15
1 6 16
1 6 17
1 6 18
1 7 0
1 7 2
1 7 3
1 7 4
1 7 6
1 7 7
1 7 9
1 7 11
1 7 13
1 7 16
1 7 18
1 8 7
1 8 9
1 8 10
1 8 11
1 8 12
1 8 13
1 8 16
1 8 18
1 9 1
1 9 6
1 9 7
1 9 8
1 9 11
1 9 12
1 10 0
1 10 1
1 10 2
1 10 4
1 10 5
1 10 6
1 10 10
1 10 16
1 10 17
1 11 2
1 11 3
1 11 4
1 11 5
1 11 9
1 11 13
1 11 15
1 11 17
1 11 18
1 12 1
1 12 2
1 12 5
1 12 7
1 12 8
1 12 13
1 12 15
1 12 16
1 12 18
1 13 0
1 13 3
1 13 5
1 13 12
1 13 14
1 13 18
1 14 0
1 14 1
1 14 2
1 14 3
1 14 4
1 14 8
1 14 9
1 14 10
1 14 11
1 14 12
1 14 15
1 15 2
1 15 3
1 15 4
1 15 5
1 15 6
1 15 10
1 15 11
1 15 12
1 15 13
1 15 18
1 16 2
1 16 3
1 16 6
1 16 9
1 16 10
1 16 11
1 17 3
1 17 11
1 17 15
1 18 0
1 18 1
1 18 3
1 18 4
1 18 9
1 18 10
1 18 11
1 18 14
1 18 15
1 18 18
1 19 2
1 19 3
1 19 4
1 19 5
1 19 6
1 19 8
1 19 13
1 19 14
1 19 15
1 19 17
1 20 0
1 20 1
1 20 2
1 20 3
1 20 4
1 20 5
1 20 6
1 20 8
1 20 9
1 20 10
1 20 13
1 20 14
1 20 15
1 20 18
1 21 0
1 21 1
1 21 3
1 21 5
1 21 6
1 21 8
1 21 11
1 21 12
1 21 18
1 22 3
1 22 4
1 22 7
1 22 9
1 22 14
1 22 18
1 23 0
1 23 3
1 23 5
1 23 6
1 23 10
1 23 13
1 23 17
1 24 0
1 24 2
1 24 4
1 24 10
1 24 11
1 24 14
1 24 15
1 24 16
1 24 17
1 25 4
1 25 8
1 25 15
1 25 16
1 25 17
1 26 3
1 26 4
1 26 6
1 26 8
1 26 9
1 26 14
1 26 15
1 26 16
1 27 1
1 27 3
1 27 6
1 27 8
1 27 9
1 27 11
1 27 12
1 27 15
1 27 18
1 28 0
1 28 4
1 28 6
1 28 7
1 28 8
1 28 10
1 28 12
1 28 14
1 28 15
1 28 17
1 28 18
1 29 1
1 29 2
1 29 4
1 29 5
1 29 6
1 29 9
1 29 12
1 29 17
1 29 18
1 30 1
1 30 2
1 30 7
1 30 9
1 30 10
1 30 11
1 30 13
1 30 14
1 30 15
1 30 17
1 31 0
1 31 2
1 31 3
1 31 4
1 31 6
1 31 8
1 31 10
1 31 14
1 31 15
1 31 16
1 32 0
1 32 2
1 32 6
1 32 8
1 32 11
1 32 17
1 33 1
1 33 2
1 33 4
1 33 9
1 33 10
1 33 13
1 33 14
1 33 16
1 33 17
1 33 18
1 34 5
1 34 6
1 34 8
1 34 9
1 34 10
1 34 14
1 34 15
1 35 0
1 35 1
1 35 2
1 35 7
1 35 9
1 35 11
1 35 14
1 35 15
1 36 4
1 36 7
1 36 10
1 36 11
1 36 12
1 36 15
1 36 16
1 37 1
1 37 3
1 37 5
1 37 6
1 37 7
1 37 10
1 37 11
1 37 16
1 37 17
1 38 0
1 38 4
1 38 6
1 38 9
1 38 11
1 38 12
1 38 13
1 38 15
1 38 17
1 38 18
1 39 0
1 39 1
1 39 2
1 39 3
1 39 6
1 39 13
1 39 15
1 39 16
1 40 1
1 40 3
1 40 4
1 40 8
1 40 11
1 40 17
1 41 1
1 41 4
1 41 9
1 41 11
1 41 12
1 41 14
1 41 16
1 42 2
1 42 4
1 42 6
1 42 9
1 42 10
1 42 11
1 42 12
1 42 13
1 42 15
1 42 16
1 42 18
2 0 0
2 0 2
2 0 3
2 0 5
2 0 6
2 0 8
2 0 11
2 0 13
2 0 17
2 0 19
2 0 20
2 0 24
2 0 25
2 0 26
2 0 28
2 1 0
2 1 1
2 1 5
2 1 7
2 1 8
2 1 9
2 1 10
2 1 11
2 1 14
2 1 15
2 1 21
2 1 23
2 1 25
2 1 26
2 1 28
2 1 30
2 2 0
2 2 2
2 2 3
2 2 5
2 2 6
2 2 7
2 2 9
2 2 10
2 2 11
2 2 12
2 2 14
2 2 15
2 2 16
2 2 18
2 2 22
2 2 24
2 2 26
2 2 28
2 2 29
2 2 30
2 3 0
2 3 4
2 3 6
2 3 7
2 3 9
2 3 12
2 3 13
2 3 14
2 3 15
2 3 18
2 3 19
2 3 21
2 3 24
2 3 25
2 3 27
2 3 28
2 4 2
2 4 3
2 4 4
2 4 5
2 4 7
2 4 9
2 4 11
2 4 13
2 4 15
2 4 16
2 4 17
2 4 18
2 4 19
2 4 20
2 4 21
2 4 26
2 4 27
2 4 28
2 5 1
2 5 4
2 5 5
2 5 6
2 5 10
2 5 11
2 5 12
2 5 13
2 5 17
2 5 20
2 5 21
2 5 22
2 5 23
2 5 25
2 5 26
2 5 27
2 5 28
2 6 0
2 6 1
2 6 2
2 6 6
2 6 8
2 6 10
2 6 12
2 6 13
2 6 14
2 6 15
2 6 19
2 6 21
2 6 22
2 6 24
2 6 25
2 6 27
2 6 30
2 7 0
2 7 1
2 7 8
2 7 9
2 7 12
2 7 13
2 7 15
2 7 16
2 7 17
2 7 19
2 7 20
2 7 21
2 7 25
2 7 26
2 7 28
2 7 30
2 8 0
2 8 1
2 8 2
2 8 4
2 8 5
2 8 8
2 8 9
2 8 11
2 8 13
2 8 15
2 8 16
2 8 18
2 8 19
2 8 20
2 8 23
2 8 26
2 8 27
2 8 28
2 9 0
2 9 2
2 9 3
2 9 4
2 9 5
2 9 8
2 9 10
2 9 17
2 9 21
2 9 23
2 9 26
2 9 27
2 10 2
2 10 4
2 10 7
2 10 9
2 10 10
2 10 13
2 10 18
2 10 24
2 10 26
2 10 27
2 11 0
2 11 3
2 11 6
2 11 8
2 11 10
2 11 12
2 11 13
2 11 14
2 11 15
2 11 18
2 11 21
2 11 22
2 11 23
2 11 24
2 11 25
2 11 26
2 11 27
2 11 28
2 11 29
2 11 30
2 12 0
2 12 1
2 12 5
2 12 7
2 12 8
2 12 9
2 12 10
2 12 11
2 12 13
2 12 17
2 12 18
2 12 25
2 12 26
2 12 29
2 12 30
2 13 0
2 13 2
2 13 3
2 13 5
2 13 7
2 13 8
2 13 9
2 13 13
2 13 15
2 13 17
2 13 18
2 13 19
2 13 20
2 13 22
2 13 23
2 13 25
2 13 27
2 13 28
2 13 29
2 14 0
2 14 2
2 14 3
2 14 5
2 14 7
2 14 8
2 14 11
2 14 12
2 14 16
2 14 17
2 14 24
2 14 28
2 14 29
2 14 30
2 15 1
2 15 2
2 15 3
2 15 5
2 15 6
2 15 10
2 15 12
2 15 14
2 15 17
2 15 20
2 15 22
2 15 24
2 15 28
2 15 30
2 16 1
2 16 2
2 16 3
2 16 4
2 16 7
2 16 13
2 16 14
2 16 19
2 16 22
2 16 23
2 16 24
2 16 27
2 16 28
2 16 29
2 17 6
2 17 7
2 17 8
2 17 9
2 17 10
2 17 12
2 17 14
2 17 15
2 17 16
2 17 17
2 17 18
2 17 20
2 17 21
2 17 23
2 17 24
2 17 25
2 17 26
2 17 27
2 18 2
2 18 3
2 18 5
2 18 10
2 18 12
2 18 13
2 18 14
2 18 15
2 18 16
2 18 19
2 18 20
2 18 24
2 18 27
2 18 29
2 18 30
3 0 0
3 0 4
3 0 5
3 0 7
3 0 12
3 0 13
3 0 14
3 0 15
3 0 16
3 0 17
3 0 21
3 0 22
3 0 25
3 1 0
3 1 3
3 1 4
3 1 5
3 1 7
3 1 11
3 1 12
3 1 13
3 1 16
3 1 17
3 1 18
3 1 19
3 1 21
3 1 26
3 1 27
3 2 2
3 2 6
3 2 7
3 2 9
3 2 16
3 2 20
3 2 22
3 2 25
3 2 26
3 3 0
3 3 3
3 3 4
3 3 5
3 3 11
3 3 12
3 3 13
3 3 14
3 3 20
3 3 21
3 3 25
3 3 26
3 4 0
3 4 3
3 4 5
3 4 6
3 4 12
3 4 14
3 4 15
3 4 20
3 4 24
3 4 25
3 4 27
3 5 2
3 5 6
3 5 11
3 5 12
3 5 13
3 5 17
3 5 18
3 5 19
3 5 23
3 5 25
3 6 0
3 6 1
3 6 2
3 6 4
3 6 5
3 6 7
3 6 12
3 6 16
3 6 19
3 6 20
3 6 25
3 7 0
3 7 5
3 7 9
3 7 10
3 7 14
3 7 16
3 7 17
3 7 18
3 7 19
3 7 20
3 7 21
3 7 23
3 7 25
3 7 26
3 8 1
3 8 8
3 8 12
3 8 13
3 8 14
3 8 16
3 8 19
3 8 25
3 8 26
3 8 27
3 9 2
3 9 3
3 9 4
3 9 8
3 9 12
3 9 15
3 9 16
3 9 22
3 9 23
3 9 25
3 9 26
3 9 27
3 10 0
3 10 1
3 10 5
3 10 7
3 10 8
3 10 9
3 10 11
3 10 15
3 10 16
3 10 18
3 10 19
3 10 20
3 10 21
3 10 22
3 10 25
3 10 26
3 11 0
3 11 3
3 11 5
3 11 6
3 11 7
3 11 8
3 11 12
3 11 18
3 11 19
3 11 20
3 11 22
3 11 23
3 11 25
3 11 26
3 12 0
3 12 2
3 12 5
3 12 6
3 12 8
3 12 12
3 12 13
3 12 17
3 12 19
3 12 20
3 12 21
3 12 24
3 12 27
3 13 0
3 13 1
3 13 3
3 13 4
3 13 7
3 13 9
3 13 10
3 13 12
3 13 13
3 13 15
3 13 18
3 13 21
3 13 24
3 13 25
3 14 0
3 14 2
3 14 5
3 14 7
3 14 8
3 14 10
3 14 11
3 14 12
3 14 14
3 14 15
3 14 20
3 14 22
3 14 24
3 14 26
3 14 27
3 15 2
3 15 4
3 15 5
3 15 11
3 15 16
3 15 17
3 15 18
3 15 19
3 15 22
3 16 0
3 16 1
3 16 2
3 16 5
3 16 6
3 16 7
3 16 8
3 16 9
3 16 10
3 16 12
3 16 15
3 16 16
3 16 17
3 16 18
3 16 20
3 16 21
3 16 23
3 16 24
3 16 25
3 16 26
3 17 3
3 17 5
3 17 6
3 17 7
3 17 8
3 17 9
3 17 10
3 17 11
3 17 12
3 17 13
3 17 14
3 17 15
3 17 17
3 17 18
3 17 20
3 17 21
3 17 22
3 17 24
3 17 25
3 17 26
3 18 3
3 18 5
3 18 7
3 18 12
3 18 13
3 18 14
3 18 15
3 18 16
3 18 17
3 18 18
3 18 24
3 18 26
3 18 27
3 19 0
3 19 1
3 19 2
3 19 3
3 19 5
3 19 6
3 19 10
3 19 12
3 19 13
3 19 14
3 19 15
3 19 18
3 19 19
3 19 21
3 19 22
3 19 23
3 19 26
3 20 6
3 20 8
3 20 9
3 20 10
3 20 11
3 20 12
3 20 13
3 20 16
3 20 17
3 20 18
3 20 20
3 20 21
3 20 22
3 20 23
3 20 24
3 20 25
3 20 27
3 21 5
3 21 6
3 21 7
3 21 8
3 21 9
3 21 10
3 21 11
3 21 13
3 21 15
3 21 18
3 21 19
3 21 20
3 21 21
3 21 24
3 22 0
3 22 1
3 22 2
3 22 3
3 22 5
3 22 6
3 22 7
3 22 11
3 22 12
3 22 14
3 22 16
3 22 18
3 22 19
3 22 21
3 22 23
3 22 24
3 23 2
3 23 3
3 23 4
3 23 6
3 23 7
3 23 9
3 23 11
3 23 12
3 23 13
3 23 14
3 23 16
3 23 18
3 23 20
3 23 25
3 23 26
3 24 0
3 24 1
3 24 2
3 24 4
3 24 5
3 24 6
3 24 7
3 24 9
3 24 13
3 24 15
3 24 17
3 24 20
3 24 21
3 24 22
3 24 23
3 24 24
3 24 25
3 25 2
3 25 4
3 25 5
3 25 6
3 25 7
3 25 9
3 25 10
3 25 19
3 25 23
3 25 26
3 25 27
3 26 1
3 26 5
3 26 7
3 26 8
3 26 10
3 26 12
3 26 13
3 26 14
3 26 17
3 26 20
3 26 21
3 26 22
3 26 23
3 26 25
3 27 2
3 27 6
3 27 7
3 27 8
3 27 11
3 27 12
3 27 13
3 27 14
3 27 18
3 27 19
3 27 20
3 27 23
3 27 24
3 27 25
3 27 26
3 28 0
3 28 3
3 28 4
3 28 5
3 28 8
3 28 13
3 28 18
3 28 23
3 28 24
3 28 25
3 28 26
3 28 27
3 29 0
3 29 2
3 29 4
3 29 5
3 29 6
3 29 8
3 29 9
3 29 13
3 29 14
3 29 15
3 29 21
3 29 22
3 29 23
3 29 24
3 29 25
3 29 26
3 30 0
3 30 2
3 30 3
3 30 6
3 30 8
3 30 9
3 30 10
3 30 13
3 30 15
3 30 20
3 30 21
3 30 22
4 0 0
4 0 1
4 0 7
4 0 11
4 0 12
4 0 13
4 0 16
4 0 19
4 0 20
4 0 21
4 0 23
4 1 1
4 1 4
4 1 5
4 1 6
4 1 8
4 1 9
4 1 10
4 1 12
4 1 14
4 1 15
4 1 16
4 1 17
4 1 19
4 1 20
4 1 22
4 1 23
4 2 1
4 2 3
4 2 6
4 2 9
4 2 10
4 2 12
4 2 14
4 2 15
4 2 18
4 2 19
4 2 20
4 2 22
4 3 0
4 3 1
4 3 3
4 3 4
4 3 5
4 3 6
4 3 7
4 3 10
4 3 13
4 3 14
4 3 15
4 3 16
4 3 17
4 3 18
4 3 20
4 3 21
4 3 22
4 3 23
4 3 24
4 4 4
4 4 8
4 4 12
4 4 15
4 4 17
4 4 18
4 4 19
4 4 22
4 4 24
4 5 1
4 5 3
4 5 5
4 5 7
4 5 9
4 5 10
4 5 13
4 5 15
4 5 19
4 5 23
4 5 24
4 6 1
4 6 4
4 6 7
4 6 8
4 6 10
4 6 11
4 6 14
4 6 17
4 6 18
4 6 19
4 6 20
4 6 22
4 7 0
4 7 1
4 7 7
4 7 9
4 7 11
4 7 12
4 7 14
4 7 16
4 7 19
4 7 20
4 7 21
4 7 23
4 7 24
4 8 1
4 8 4
4 8 8
4 8 9
4 8 10
4 8 13
4 8 15
4 8 22
4 8 24
4 9 0
4 9 5
4 9 6
4 9 8
4 9 11
4 9 12
4 9 13
4 9 15
4 9 16
4 9 17
4 9 19
4 9 23
4 10 0
4 10 4
4 10 6
4 10 7
4 10 8
4 10 10
4 10 11
4 10 15
4 10 16
4 10 17
4 10 19
4 10 23
4 10 24
4 11 0
4 11 3
4 11 4
4 11 5
4 11 6
4 11 10
4 11 11
4 11 12
4 11 13
4 11 15
4 11 18
4 11 19
4 11 20
4 11 21
4 11 22
4 11 23
4 12 0
4 12 3
4 12 5
4 12 7
4 12 12
4 12 14
4 12 17
4 12 20
4 12 21
4 12 24
4 13 0
4 13 7
4 13 8
4 13 11
4 13 17
4 13 19
4 13 21
4 14 1
4 14 4
4 14 7
4 14 10
4 14 13
4 14 15
4 14 16
4 14 18
4 14 21
4 14 22
4 15 6
4 15 7
4 15 8
4 15 10
4 15 12
4 15 13
4 15 14
4 15 16
4 15 21
4 15 22
4 16 1
4 16 2
4 16 3
4 16 5
4 16 7
4 16 10
4 16 11
4 16 13
4 16 16
4 16 17
4 16 18
4 16 19
4 16 22
4 17 0
4 17 1
4 17 2
4 17 3
4 17 4
4 17 8
4 17 9
4 17 10
4 17 11
4 17 12
4 17 15
4 17 16
4 17 17
4 17 19
4 17 23
4 17 24
4 18 1
4 18 4
4 18 8
4 18 9
4 18 10
4 18 11
4 18 13
4 18 14
4 18 16
4 18 17
4 18 18
4 18 19
4 18 20
4 18 22
4 18 24
4 19 0
4 19 3
4 19 6
4 19 9
4 19 10
4 19 12
4 19 17
4 19 19
4 19 20
4 19 22
4 19 23
4 19 24
4 20 1
4 20 4
4 20 7
4 20 8
4 20 9
4 20 10
4 20 11
4 20 15
4 20 18
4 20 23
4 20 24
4 21 0
4 21 2
4 21 3
4 21 4
4 21 7
4 21 11
4 21 13
4 21 14
4 21 15
4 21 16
4 21 20
4 21 21
4 21 22
4 21 24
4 22 1
4 22 2
4 22 3
4 22 4
4 22 7
4 22 8
4 22 11
4 22 14
4 22 16
4 22 17
4 22 19
4 22 20
4 22 21
4 22 22
4 22 24
4 23 2
4 23 3
4 23 4
4 23 7
4 23 8
4 23 9
4 23 10
4 23 11
4 23 15
4 23 20
4 23 21
4 23 22
4 23 23
4 24 0
4 24 2
4 24 3
4 24 4
4 24 5
4 24 8
4 24 10
4 24 12
4 24 14
4 24 17
4 24 19
4 24 20
4 24 21
4 25 1
4 25 2
4 25 3
4 25 5
4 25 8
4 25 12
4 25 14
4 25 15
4 25 17
4 25 18
4 25 19
4 25 20
4 25 23
4 26 0
4 26 1
4 26 2
4 26 3
4 26 5
4 26 7
4 26 8
4 26 9
4 26 10
4 26 11
4 26 12
4 26 14
4 26 15
4 26 17
4 26 19
4 26 21
4 26 23
4 27 0
4 27 2
4 27 4
4 27 6
4 27 12
4 27 13
4 27 14
4 27 17
4 27 18
4 27 19
4 27 20
4 27 21
4 27 22
4 27 24